major
S
H
72 7
72 12
33 4
33 4
72 4
43 4
72 4
41 4
72 4
40 4
72 4
41 4
72 4
40 4
38 4
36 4
35 4
36 4
31 4
31 4
72 4
41 4
72 4
40 4
72 4
38 4
72 4
40 4
72 4
38 4
36 4
35 4
33 4
35 4
29 4
29 4
72 4
40 4
72 4
38 4
72 4
36 4
72 4
38 4
72 4
36 4
35 4
33 4
31 4
33 4
28 4
28 4
72 4
38 4
72 4
36 4
72 4
35 4
72 4
36 4
72 4
35 4
36 4
35 4
36 4
38 4
33 4
33 4
72 4
43 4
72 4
41 4
72 4
40 4
72 4
41 4
72 4
40 4
38 4
36 4
35 4
36 4
31 4
31 4
72 4
41 4
72 4
40 4
72 4
38 4
72 4
40 4
72 4
38 4
36 4
35 4
33 4
35 4
29 4
29 4
72 4
40 4
72 4
38 4
72 4
36 4
72 4
38 4
72 4
36 4
35 4
33 4
31 4
33 4
28 4
28 4
72 4
38 4
72 4
36 4
72 4
35 4
72 4
36 4
72 4
35 4
36 4
35 4
36 4
38 4
153 9
101 9
218 9
153 4
101 4
218 4
153 4
101 4
218 4
153 4
127 9
244 9
192 9
127 4
244 4
192 4
127 4
244 4
192 4
127 4
101 9
192 9
101 9
192 9
101 4
244 4
101 4
153 4
127 11
101 4
127 4
140 4
153 13
153 9
101 9
218 9
153 4
101 4
218 4
153 4
218 4
101 4
153 4
127 9
244 9
192 9
127 4
244 4
192 4
127 4
192 4
244 4
127 4
101 9
192 9
101 9
192 9
101 4
244 4
101 4
52 4
127 11
153 11
205 9
244 11
72 4
69 2
72 6
67 2
72 6
65 2
72 6
64 2
72 6
65 2
72 6
64 2
72 6
62 2
72 6
60 2
72 6
67 2
72 6
65 2
72 6
64 2
72 6
62 2
72 6
64 2
72 6
62 2
72 6
64 2
72 6
65 2
72 2
57 2
72 2
69 2
72 2
57 2
72 2
67 2
72 2
57 2
72 2
65 2
72 2
57 2
72 2
64 2
72 2
57 2
72 2
65 2
72 2
57 2
72 2
64 2
72 2
57 2
72 2
62 2
72 2
57 2
72 2
60 2
72 2
55 2
72 2
67 2
72 2
55 2
72 2
65 2
72 2
55 2
72 2
64 2
72 2
55 2
72 2
62 2
72 2
55 2
72 2
64 2
72 2
55 2
72 2
62 2
72 2
55 2
72 2
64 2
72 2
55 2
72 2
52 0
72 1
53 0
72 0
55 0
57 0
72 2
59 12
60 2
59 2
57 12
52 2
72 2
59 12
60 2
59 2
57 13
60 12
62 2
60 2
59 12
53 2
72 2
60 12
62 2
60 2
59 13
40 9
36 9
33 9
40 4
36 4
33 4
40 4
36 4
33 4
40 4
38 9
35 9
31 9
38 4
35 4
31 4
38 4
35 4
31 4
38 4
36 9
31 9
36 9
31 9
36 4
35 4
36 4
40 4
38 11
36 4
38 4
39 4
40 13
40 9
36 9
33 9
40 4
36 4
33 4
28 4
33 4
36 4
40 4
38 9
35 9
31 9
38 4
35 4
31 4
26 4
31 4
35 4
38 4
36 9
31 9
36 9
31 9
36 4
35 4
36 4
40 4
38 11
40 11
44 9
47 11
33 4
33 4
72 4
43 4
72 4
41 4
72 4
40 4
72 4
41 4
72 4
40 4
38 4
36 4
35 4
36 4
31 4
31 4
72 4
41 4
72 4
40 4
72 4
38 4
72 4
40 4
72 4
38 4
36 4
35 4
33 4
35 4
29 4
29 4
72 4
40 4
72 4
38 4
72 4
36 4
72 4
38 4
72 4
36 4
35 4
33 4
31 4
33 4
28 4
28 4
72 4
38 4
72 4
36 4
72 4
35 4
72 4
36 4
72 4
35 4
36 4
35 4
36 4
38 4
33 4
33 4
72 4
43 4
72 4
41 4
72 4
40 4
72 4
41 4
72 4
40 4
38 4
36 4
35 4
36 4
31 4
31 4
72 4
41 4
72 4
40 4
72 4
38 4
72 4
40 4
72 4
38 4
36 4
35 4
33 4
35 4
29 4
29 4
72 4
40 4
72 4
38 4
72 4
36 4
72 4
38 4
72 4
36 4
35 4
33 4
31 4
33 4
28 4
28 4
72 4
38 4
72 4
36 4
72 4
35 4
72 4
36 4
72 4
35 4
36 4
35 4
36 4
38 4
153 9
101 9
218 9
153 4
101 4
218 4
153 4
101 4
218 4
153 4
127 9
244 9
192 9
127 4
244 4
192 4
127 4
244 4
192 4
127 4
101 9
192 9
101 9
192 9
101 4
244 4
101 4
153 4
127 11
101 4
127 4
140 4
153 13
153 9
101 9
218 9
153 4
101 4
218 4
153 4
218 4
101 4
153 4
127 9
244 9
192 9
127 4
244 4
192 4
127 4
192 4
244 4
127 4
101 9
192 9
101 9
192 9
101 4
244 4
101 4
52 4
127 11
153 11
205 9
244 11
72 4
69 2
72 6
67 2
72 6
65 2
72 6
64 2
72 6
65 2
72 6
64 2
72 6
62 2
72 6
60 2
72 6
67 2
72 6
65 2
72 6
64 2
72 6
62 2
72 6
64 2
72 6
62 2
72 6
64 2
72 6
65 2
72 2
57 2
72 2
69 2
72 2
57 2
72 2
67 2
72 2
57 2
72 2
65 2
72 2
57 2
72 2
64 2
72 2
57 2
72 2
65 2
72 2
57 2
72 2
64 2
72 2
57 2
72 2
62 2
72 2
57 2
72 2
60 2
72 2
55 2
72 2
67 2
72 2
55 2
72 2
65 2
72 2
55 2
72 2
64 2
72 2
55 2
72 2
62 2
72 2
55 2
72 2
64 2
72 2
55 2
72 2
62 2
72 2
55 2
72 2
64 2
72 2
55 2
72 2
52 0
72 1
53 0
72 0
55 0
57 0
72 2
59 12
60 2
59 2
57 12
52 2
72 2
59 12
60 2
59 2
57 13
60 12
62 2
60 2
59 12
53 2
72 2
60 12
62 2
60 2
59 13
40 9
36 9
33 9
40 4
36 4
33 4
40 4
36 4
33 4
40 4
38 9
35 9
31 9
38 4
35 4
31 4
38 4
35 4
31 4
38 4
36 9
31 9
36 9
31 9
36 4
35 4
36 4
40 4
38 11
36 4
38 4
39 4
40 13
40 9
36 9
33 9
40 4
36 4
33 4
28 4
33 4
36 4
40 4
38 9
35 9
31 9
38 4
35 4
31 4
26 4
31 4
35 4
38 4
36 9
31 9
36 9
31 9
36 4
35 4
36 4
40 4
38 11
40 11
44 9
47 11
33 4
33 4
72 4
43 4
72 4
41 4
72 4
40 4
72 4
41 4
72 4
40 4
38 4
36 4
35 4
36 4
31 4
31 4
72 4
41 4
72 4
40 4
72 4
38 4
72 4
40 4
72 4
38 4
36 4
35 4
33 4
35 4
29 4
29 4
72 4
40 4
72 4
38 4
72 4
36 4
E
S
L
72 7
72 12
21 7
21 7
21 7
21 7
21 7
21 7
21 7
21 4
16 4
19 7
19 7
19 7
19 7
19 7
19 7
19 7
19 4
14 4
17 7
17 7
17 7
17 7
17 7
17 7
17 7
17 4
12 4
16 7
16 7
16 7
16 7
16 7
16 7
16 7
16 4
19 4
21 4
9 4
21 4
9 4
21 4
9 4
21 6
21 2
21 4
9 4
21 4
9 4
21 6
21 2
21 2
72 2
21 4
19 4
7 4
19 4
7 4
19 4
7 4
19 6
19 2
19 4
7 4
19 4
7 4
19 6
19 2
19 2
72 2
19 4
17 4
5 4
17 4
5 4
17 4
5 4
17 6
17 2
17 4
5 4
17 4
5 4
17 6
17 2
17 2
72 2
17 4
16 4
4 4
16 4
4 4
16 4
4 4
16 6
16 2
16 4
4 4
16 4
4 4
16 6
16 2
16 2
72 2
16 4
21 7
21 7
21 7
21 7
21 7
21 7
21 7
21 7
19 7
19 7
19 7
19 7
19 7
19 7
19 7
19 7
24 7
24 7
24 7
24 7
24 7
24 7
24 7
24 7
23 7
23 7
23 7
23 7
23 7
23 7
23 7
23 7
21 4
9 4
21 4
9 4
21 4
9 4
21 6
21 2
21 4
9 4
21 4
9 4
21 6
21 2
21 2
72 2
21 4
19 4
7 4
19 4
7 4
19 4
7 4
19 6
19 2
19 4
7 4
19 4
7 4
19 6
19 2
19 2
72 2
19 4
24 4
12 4
24 4
12 4
24 4
12 4
24 6
24 2
24 4
12 4
24 4
12 4
24 6
24 2
24 2
72 2
24 4
23 4
11 4
23 4
11 4
23 4
11 4
23 6
23 2
23 4
11 4
23 4
11 4
23 6
23 2
23 2
72 2
23 4
218 7
218 7
218 7
218 7
218 7
218 7
218 7
218 7
192 7
192 7
192 7
192 7
192 7
192 7
192 7
192 7
21 7
21 7
21 7
21 7
21 7
21 7
21 7
21 7
19 7
19 7
19 7
19 7
19 7
19 7
19 7
19 7
23 7
23 7
23 7
23 7
21 7
21 7
21 7
21 4
19 4
23 7
23 7
23 7
23 7
21 7
21 7
21 7
21 4
19 4
24 7
24 7
24 7
24 7
23 7
23 7
23 7
23 4
21 4
24 7
24 7
24 7
24 7
23 7
23 7
23 7
23 4
21 4
21 7
21 7
21 7
21 7
21 7
21 7
21 7
21 7
19 7
19 7
19 7
19 7
19 7
19 7
19 7
19 7
24 7
24 7
24 7
24 7
24 7
24 7
24 7
24 7
23 7
23 7
23 7
23 7
23 7
23 7
23 7
23 7
21 4
9 4
21 4
9 4
21 4
9 4
21 6
21 2
21 4
9 4
21 4
9 4
21 6
21 2
21 2
72 2
21 4
19 4
7 4
19 4
7 4
19 4
7 4
19 6
19 2
19 4
7 4
19 4
7 4
19 6
19 2
19 2
72 2
19 4
24 4
12 4
24 4
12 4
24 4
12 4
24 6
24 2
24 4
12 4
24 4
12 4
24 6
24 2
24 2
72 2
24 4
23 4
11 4
23 4
11 4
23 4
11 4
23 6
23 2
23 4
11 4
23 4
11 4
23 6
23 2
23 2
72 2
23 4
21 7
21 7
21 7
21 7
21 7
21 7
21 7
21 4
16 4
19 7
19 7
19 7
19 7
19 7
19 7
19 7
19 4
14 4
17 7
17 7
17 7
17 7
17 7
17 7
17 7
17 4
12 4
16 7
16 7
16 7
16 7
16 7
16 7
16 7
16 4
19 4
21 4
9 4
21 4
9 4
21 4
9 4
21 6
21 2
21 4
9 4
21 4
9 4
21 6
21 2
21 2
72 2
21 4
19 4
7 4
19 4
7 4
19 4
7 4
19 6
19 2
19 4
7 4
19 4
7 4
19 6
19 2
19 2
72 2
19 4
17 4
5 4
17 4
5 4
17 4
5 4
17 6
17 2
17 4
5 4
17 4
5 4
17 6
17 2
17 2
72 2
17 4
16 4
4 4
16 4
4 4
16 4
4 4
16 6
16 2
16 4
4 4
16 4
4 4
16 6
16 2
16 2
72 2
16 4
21 7
21 7
21 7
21 7
21 7
21 7
21 7
21 7
19 7
19 7
19 7
19 7
19 7
19 7
19 7
19 7
24 7
24 7
24 7
24 7
24 7
24 7
24 7
24 7
23 7
23 7
23 7
23 7
23 7
23 7
23 7
23 7
21 4
9 4
21 4
9 4
21 4
9 4
21 6
21 2
21 4
9 4
21 4
9 4
21 6
21 2
21 2
72 2
21 4
19 4
7 4
19 4
7 4
19 4
7 4
19 6
19 2
19 4
7 4
19 4
7 4
19 6
19 2
19 2
72 2
19 4
24 4
12 4
24 4
12 4
24 4
12 4
24 6
24 2
24 4
12 4
24 4
12 4
24 6
24 2
24 2
72 2
24 4
23 4
11 4
23 4
11 4
23 4
11 4
23 6
23 2
23 4
11 4
23 4
11 4
23 6
23 2
23 2
72 2
23 4
218 7
218 7
218 7
218 7
218 7
218 7
218 7
218 7
192 7
192 7
192 7
192 7
192 7
192 7
192 7
192 7
21 7
21 7
21 7
21 7
21 7
21 7
21 7
21 7
19 7
19 7
19 7
19 7
19 7
19 7
19 7
19 7
23 7
23 7
23 7
23 7
21 7
21 7
21 7
21 4
19 4
23 7
23 7
23 7
23 7
21 7
21 7
21 7
21 4
19 4
24 7
24 7
24 7
24 7
23 7
23 7
23 7
23 4
21 4
24 7
24 7
24 7
24 7
23 7
23 7
23 7
23 4
21 4
21 7
21 7
21 7
21 7
21 7
21 7
21 7
21 7
19 7
19 7
19 7
19 7
19 7
19 7
19 7
19 7
24 7
24 7
24 7
24 7
24 7
24 7
24 7
24 7
23 7
23 7
23 7
23 7
23 7
23 7
23 7
23 7
21 4
9 4
21 4
9 4
21 4
9 4
21 6
21 2
21 4
9 4
21 4
9 4
21 6
21 2
21 2
72 2
21 4
19 4
7 4
19 4
7 4
19 4
7 4
19 6
19 2
19 4
7 4
19 4
7 4
19 6
19 2
19 2
72 2
19 4
24 4
12 4
24 4
12 4
24 4
12 4
24 6
24 2
24 4
12 4
24 4
12 4
24 6
24 2
24 2
72 2
24 4
23 4
11 4
23 4
11 4
23 4
11 4
23 6
23 2
23 4
11 4
23 4
11 4
23 6
23 2
23 2
72 2
23 4
21 7
21 7
21 7
21 7
21 7
21 7
21 7
21 4
16 4
19 7
19 7
19 7
19 7
19 7
19 7
19 7
19 4
14 4
17 7
17 7
17 7
17 7
E
S
H
72 7
72 12
28 7
28 7
28 7
28 7
28 7
28 7
28 7
28 7
26 7
26 7
26 7
26 7
26 7
26 7
26 7
26 7
24 7
24 7
24 7
24 7
24 7
24 7
24 7
24 7
23 7
23 7
23 7
23 7
23 7
23 7
23 7
23 7
40 4
40 2
72 2
40 4
40 2
72 2
40 4
40 2
72 2
40 4
40 2
72 2
40 4
40 2
72 2
40 4
40 2
72 2
40 4
40 2
72 2
40 4
33 2
40 2
38 4
38 2
72 2
38 4
38 2
72 2
38 4
38 2
72 2
38 4
38 2
72 2
38 4
38 2
72 2
38 4
38 2
72 2
38 4
38 2
72 2
38 4
31 2
38 2
36 4
36 2
72 2
36 4
36 2
72 2
36 4
36 2
72 2
36 4
36 2
72 2
36 4
36 2
72 2
36 4
36 2
72 2
36 4
36 2
72 2
36 4
29 2
36 2
35 4
35 2
72 2
35 4
35 2
72 2
35 4
35 2
72 2
35 4
35 2
72 2
35 4
35 2
72 2
35 4
35 2
72 2
35 4
35 2
72 2
35 4
28 2
35 2
153 14
127 14
101 14
244 14
153 14
153 4
127 14
127 4
101 14
101 4
244 14
244 4
72 14
153 14
127 14
101 14
244 14
40 14
40 0
72 2
40 0
72 2
40 0
72 2
40 0
72 2
38 14
38 0
72 2
38 0
72 2
38 0
72 2
38 14
72 2
43 0
72 2
43 0
72 2
43 0
72 2
43 14
28 7
28 7
28 7
28 7
28 7
28 7
28 7
28 7
26 7
26 7
26 7
26 7
26 7
26 7
26 7
26 7
24 7
24 7
24 7
24 7
24 7
24 7
24 7
24 7
23 7
23 7
23 7
23 7
23 7
23 7
23 7
23 7
40 4
40 2
72 2
40 4
40 2
72 2
40 4
40 2
72 2
40 4
40 2
72 2
40 4
40 2
72 2
40 4
40 2
72 2
40 4
40 2
72 2
40 4
33 2
40 2
38 4
38 2
72 2
38 4
38 2
72 2
38 4
38 2
72 2
38 4
38 2
72 2
38 4
38 2
72 2
38 4
38 2
72 2
38 4
38 2
72 2
38 4
31 2
38 2
36 4
36 2
72 2
36 4
36 2
72 2
36 4
36 2
72 2
36 4
36 2
72 2
36 4
36 2
72 2
36 4
36 2
72 2
36 4
36 2
72 2
36 4
29 2
36 2
35 4
35 2
72 2
35 4
35 2
72 2
35 4
35 2
72 2
35 4
35 2
72 2
35 4
35 2
72 2
35 4
35 2
72 2
35 4
35 2
72 2
35 4
28 2
35 2
153 14
127 14
101 14
244 14
153 14
153 4
127 14
127 4
101 14
101 4
244 14
244 4
72 14
153 14
127 14
101 14
244 14
40 14
40 0
72 2
40 0
72 2
40 0
72 2
40 0
72 2
38 14
38 0
72 2
38 0
72 2
38 0
72 2
38 14
72 2
43 0
72 2
43 0
72 2
43 0
72 2
43 14
28 7
28 7
28 7
28 7
28 7
28 7
28 7
28 7
26 7
26 7
26 7
26 7
26 7
26 7
26 7
26 7
24 7
24 7
24 7
24 7
E
S
H
72 8
72 12
33 4
33 4
72 4
43 4
72 4
41 4
72 4
40 4
72 4
41 4
72 4
40 4
72 0
38 4
36 4
72 0
35 4
36 4
72 0
31 4
31 4
72 4
41 4
72 4
40 4
72 4
38 4
72 4
40 4
72 4
38 4
72 0
36 4
35 4
72 0
33 4
35 4
72 0
29 4
29 4
72 4
40 4
72 4
38 4
72 4
36 4
72 4
38 4
72 4
36 4
72 0
35 4
33 4
72 0
31 4
33 4
72 0
28 4
28 4
72 4
38 4
72 4
36 4
72 4
35 4
72 4
36 4
72 4
35 4
72 0
36 4
35 4
72 0
36 4
38 4
72 0
33 4
33 4
72 4
43 4
72 4
41 4
72 4
40 4
72 4
41 4
72 4
40 4
72 0
38 4
36 4
72 0
35 4
36 4
72 0
31 4
31 4
72 4
41 4
72 4
40 4
72 4
38 4
72 4
40 4
72 4
38 4
72 0
36 4
35 4
72 0
33 4
35 4
72 0
29 4
29 4
72 4
40 4
72 4
38 4
72 4
36 4
72 4
38 4
72 4
36 4
72 0
35 4
33 4
72 0
31 4
33 4
72 0
28 4
28 4
72 4
38 4
72 4
36 4
72 4
35 4
72 4
36 4
72 4
35 4
72 0
36 4
35 4
72 0
36 4
38 4
72 0
153 9
101 9
72 0
218 9
153 4
72 0
101 4
218 4
72 0
153 4
101 4
72 0
218 4
153 4
72 0
127 9
244 9
72 0
192 9
127 4
72 0
244 4
192 4
72 0
127 4
244 4
72 0
192 4
127 4
72 0
101 9
192 9
72 0
101 9
192 9
72 0
101 4
244 4
72 0
101 4
153 4
72 0
127 11
101 4
72 0
127 4
140 4
72 0
153 13
153 9
101 9
72 0
218 9
153 4
72 0
101 4
218 4
72 0
153 4
218 4
72 0
101 4
153 4
72 0
127 9
244 9
72 0
192 9
127 4
72 0
244 4
192 4
72 0
127 4
192 4
72 0
244 4
127 4
72 0
101 9
192 9
72 0
101 9
192 9
72 0
101 4
244 4
72 0
101 4
52 4
72 0
127 11
153 11
205 9
244 11
72 0
72 4
69 2
72 6
67 2
72 6
65 2
72 6
64 2
72 6
65 2
72 6
64 2
72 6
62 2
72 6
60 2
72 6
67 2
72 6
65 2
72 6
64 2
72 6
62 2
72 6
64 2
72 6
62 2
72 6
64 2
72 6
65 2
72 3
57 2
72 1
69 2
72 3
57 2
72 1
67 2
72 3
57 2
72 1
65 2
72 3
57 2
72 1
64 2
72 3
57 2
72 1
65 2
72 3
57 2
72 1
64 2
72 3
57 2
72 1
62 2
72 3
57 2
72 1
60 2
72 3
55 2
72 1
67 2
72 3
55 2
72 1
65 2
72 3
55 2
72 1
64 2
72 3
55 2
72 1
62 2
72 3
55 2
72 1
64 2
72 3
55 2
72 1
62 2
72 3
55 2
72 1
64 2
72 3
55 2
72 1
52 0
72 0
53 0
72 2
55 0
57 0
72 2
59 12
60 2
72 0
59 2
57 12
52 2
72 3
59 12
60 2
72 0
59 2
57 13
60 12
62 2
72 0
60 2
59 12
53 2
72 3
60 12
62 2
72 0
60 2
59 13
40 9
36 9
72 0
33 9
40 4
72 0
36 4
33 4
72 0
40 4
36 4
72 0
33 4
40 4
72 0
38 9
35 9
72 0
31 9
38 4
72 0
35 4
31 4
72 0
38 4
35 4
72 0
31 4
38 4
72 0
36 9
31 9
72 0
36 9
31 9
72 0
36 4
35 4
72 0
36 4
40 4
72 0
38 11
36 4
72 0
38 4
39 4
72 0
40 13
40 9
36 9
72 0
33 9
40 4
72 0
36 4
33 4
72 0
28 4
33 4
72 0
36 4
40 4
72 0
38 9
35 9
72 0
31 9
38 4
72 0
35 4
31 4
72 0
26 4
31 4
72 0
35 4
38 4
72 0
36 9
31 9
72 0
36 9
31 9
72 0
36 4
35 4
72 0
36 4
40 4
72 0
38 11
40 11
44 9
47 11
72 0
33 4
33 4
72 4
43 4
72 4
41 4
72 4
40 4
72 4
41 4
72 4
40 4
72 0
38 4
36 4
72 0
35 4
36 4
72 0
31 4
31 4
72 4
41 4
72 4
40 4
72 4
38 4
72 4
40 4
72 4
38 4
72 0
36 4
35 4
72 0
33 4
35 4
72 0
29 4
29 4
72 4
40 4
72 4
38 4
72 4
36 4
72 4
38 4
72 4
36 4
72 0
35 4
33 4
72 0
31 4
33 4
72 0
28 4
28 4
72 4
38 4
72 4
36 4
72 4
35 4
72 4
36 4
72 4
35 4
72 0
36 4
35 4
72 0
36 4
38 4
72 0
33 4
33 4
72 4
43 4
72 4
41 4
72 4
40 4
72 4
41 4
72 4
40 4
72 0
38 4
36 4
72 0
35 4
36 4
72 0
31 4
31 4
72 4
41 4
72 4
40 4
72 4
38 4
72 4
40 4
72 4
38 4
72 0
36 4
35 4
72 0
33 4
35 4
72 0
29 4
29 4
72 4
40 4
72 4
38 4
72 4
36 4
72 4
38 4
72 4
36 4
72 0
35 4
33 4
72 0
31 4
33 4
72 0
28 4
28 4
72 4
38 4
72 4
36 4
72 4
35 4
72 4
36 4
72 4
35 4
72 0
36 4
35 4
72 0
36 4
38 4
72 0
153 9
101 9
72 0
218 9
153 4
72 0
101 4
218 4
72 0
153 4
101 4
72 0
218 4
153 4
72 0
127 9
244 9
72 0
192 9
127 4
72 0
244 4
192 4
72 0
127 4
244 4
72 0
192 4
127 4
72 0
101 9
192 9
72 0
101 9
192 9
72 0
101 4
244 4
72 0
101 4
153 4
72 0
127 11
101 4
72 0
127 4
140 4
72 0
153 13
153 9
101 9
72 0
218 9
153 4
72 0
101 4
218 4
72 0
153 4
218 4
72 0
101 4
153 4
72 0
127 9
244 9
72 0
192 9
127 4
72 0
244 4
192 4
72 0
127 4
192 4
72 0
244 4
127 4
72 0
101 9
192 9
72 0
101 9
192 9
72 0
101 4
244 4
72 0
101 4
52 4
72 0
127 11
153 11
205 9
244 11
72 0
72 4
69 2
72 6
67 2
72 6
65 2
72 6
64 2
72 6
65 2
72 6
64 2
72 6
62 2
72 6
60 2
72 6
67 2
72 6
65 2
72 6
64 2
72 6
62 2
72 6
64 2
72 6
62 2
72 6
64 2
72 6
65 2
72 3
57 2
72 1
69 2
72 3
57 2
72 1
67 2
72 3
57 2
72 1
65 2
72 3
57 2
72 1
64 2
72 3
57 2
72 1
65 2
72 3
57 2
72 1
64 2
72 3
57 2
72 1
62 2
72 3
57 2
72 1
60 2
72 3
55 2
72 1
67 2
72 3
55 2
72 1
65 2
72 3
55 2
72 1
64 2
72 3
55 2
72 1
62 2
72 3
55 2
72 1
64 2
72 3
55 2
72 1
62 2
72 3
55 2
72 1
64 2
72 3
55 2
72 1
52 0
72 0
53 0
72 2
55 0
57 0
72 2
59 12
60 2
72 0
59 2
57 12
52 2
72 3
59 12
60 2
72 0
59 2
57 13
60 12
62 2
72 0
60 2
59 12
53 2
72 3
60 12
62 2
72 0
60 2
59 13
40 9
36 9
72 0
33 9
40 4
72 0
36 4
33 4
72 0
40 4
36 4
72 0
33 4
40 4
72 0
38 9
35 9
72 0
31 9
38 4
72 0
35 4
31 4
72 0
38 4
35 4
72 0
31 4
38 4
72 0
36 9
31 9
72 0
36 9
31 9
72 0
36 4
35 4
72 0
36 4
40 4
72 0
38 11
36 4
72 0
38 4
39 4
72 0
40 13
40 9
36 9
72 0
33 9
40 4
72 0
36 4
33 4
72 0
28 4
33 4
72 0
36 4
40 4
72 0
38 9
35 9
72 0
31 9
38 4
72 0
35 4
31 4
72 0
26 4
31 4
72 0
35 4
38 4
72 0
36 9
31 9
72 0
36 9
31 9
72 0
36 4
35 4
72 0
36 4
40 4
72 0
38 11
40 11
44 9
47 11
72 0
33 4
33 4
72 4
43 4
72 4
41 4
72 4
40 4
72 4
41 4
72 4
40 4
72 0
38 4
36 4
72 0
35 4
36 4
72 0
31 4
31 4
72 4
41 4
72 4
40 4
72 4
38 4
72 4
40 4
72 4
38 4
72 0
36 4
35 4
72 0
33 4
35 4
72 0
29 4
29 4
72 4
40 4
72 4
38 4
72 4
36 4
E
S
L
72 8
72 14
153 9
101 9
218 9
153 4
101 4
218 4
153 4
101 4
218 4
153 4
127 9
244 9
192 9
127 4
244 4
192 4
127 4
244 4
192 4
127 4
101 9
192 9
101 9
192 9
101 4
244 4
101 4
153 4
127 11
101 4
127 4
140 4
153 13
153 9
101 9
218 9
153 4
101 4
218 4
153 4
218 4
101 4
153 4
127 9
244 9
192 9
127 4
244 4
192 4
127 4
192 4
244 4
127 4
101 9
192 9
101 9
192 9
101 4
244 4
101 4
64 4
127 11
153 11
205 9
244 11
72 4
33 6
72 2
31 6
72 2
29 6
72 2
28 6
72 2
29 6
72 2
28 6
72 2
26 6
72 2
24 6
72 2
31 6
72 2
29 6
72 2
28 6
72 2
26 6
72 2
28 6
72 2
26 6
72 2
28 6
72 2
29 6
21 6
33 6
21 6
31 6
21 6
29 6
21 6
28 6
21 6
29 6
21 6
28 6
21 6
26 6
21 6
24 6
19 6
31 6
19 6
29 6
19 6
28 6
19 6
26 6
19 6
28 6
19 6
26 6
19 6
28 6
19 6
16 0
17 0
21 0
72 2
23 12
24 2
23 2
21 12
16 4
23 12
24 2
23 2
21 13
24 12
26 2
24 2
23 12
17 4
24 12
26 2
24 2
23 13
72 14
153 9
101 9
218 9
153 4
101 4
218 4
153 4
101 4
218 4
153 4
127 9
244 9
192 9
127 4
244 4
192 4
127 4
244 4
192 4
127 4
101 9
192 9
101 9
192 9
101 4
244 4
101 4
153 4
127 11
101 4
127 4
140 4
153 13
153 9
101 9
218 9
153 4
101 4
218 4
153 4
218 4
101 4
153 4
127 9
244 9
192 9
127 4
244 4
192 4
127 4
192 4
244 4
127 4
101 9
192 9
101 9
192 9
101 4
244 4
101 4
64 4
127 11
153 11
205 9
244 11
72 4
33 6
72 2
31 6
72 2
29 6
72 2
28 6
72 2
29 6
72 2
28 6
72 2
26 6
72 2
24 6
72 2
31 6
72 2
29 6
72 2
28 6
72 2
26 6
72 2
28 6
72 2
26 6
72 2
28 6
72 2
29 6
21 6
33 6
21 6
31 6
21 6
29 6
21 6
28 6
21 6
29 6
21 6
28 6
21 6
26 6
21 6
24 6
19 6
31 6
19 6
29 6
19 6
28 6
19 6
26 6
19 6
28 6
19 6
26 6
19 6
28 6
19 6
16 0
17 0
21 0
72 2
23 12
24 2
23 2
21 12
16 4
23 12
24 2
23 2
21 13
24 12
26 2
24 2
23 12
17 4
24 12
26 2
24 2
23 13
E
S
L
72 8
72 14
33 6
72 2
31 6
72 2
29 6
72 2
28 6
72 2
29 6
72 2
28 6
72 2
26 6
72 2
24 6
72 2
31 6
72 2
29 6
72 2
28 6
72 2
26 6
72 2
28 6
72 2
26 6
72 2
28 6
72 2
29 6
21 6
33 6
21 6
31 6
21 6
29 6
21 6
28 6
21 6
29 6
21 6
28 6
21 6
26 6
21 6
24 6
19 6
31 6
19 6
29 6
19 6
28 6
19 6
26 6
19 6
28 6
19 6
26 6
19 6
28 6
19 6
16 0
17 0
23 12
21 0
24 2
23 2
21 12
16 4
23 12
24 2
23 2
21 13
24 12
26 2
24 2
23 12
17 4
24 12
26 2
24 2
23 13
72 14
72 4
33 6
72 2
31 6
72 2
29 6
72 2
28 6
72 2
29 6
72 2
28 6
72 2
26 6
72 2
24 6
72 2
31 6
72 2
29 6
72 2
28 6
72 2
26 6
72 2
28 6
72 2
26 6
72 2
28 6
72 2
29 6
21 6
33 6
21 6
31 6
21 6
29 6
21 6
28 6
21 6
29 6
21 6
28 6
21 6
26 6
21 6
24 6
19 6
31 6
19 6
29 6
19 6
28 6
19 6
26 6
19 6
28 6
19 6
26 6
19 6
28 6
19 6
16 0
17 0
23 12
21 0
24 2
23 2
21 12
16 4
23 12
24 2
23 2
21 13
24 12
26 2
24 2
23 12
17 4
24 12
26 2
24 2
23 13
E
X
