minor
S
H
182 9
195 11
195 2
209 2
195 9
182 4
72 11
188 4
214 4
55 4
228 9
240 9
106 12
72 2
123 13
72 2
35 2
35 2
35 2
35 2
35 2
38 2
38 2
37 2
37 2
40 2
40 2
72 2
35 2
35 2
35 2
35 2
35 2
38 2
38 2
37 2
37 2
40 2
40 2
35 2
35 2
35 2
35 2
35 2
35 2
35 2
35 2
35 2
35 2
35 2
35 2
38 2
38 2
38 2
38 2
38 2
38 2
38 2
38 2
38 2
38 2
38 2
38 2
37 2
37 2
37 2
37 2
37 2
37 2
36 2
36 2
36 2
36 2
36 2
36 2
72 2
35 2
35 2
35 2
35 2
35 2
38 2
38 2
37 2
37 2
40 2
40 2
72 2
35 2
35 2
35 2
35 2
35 2
38 2
38 2
37 2
37 2
40 2
40 2
59 2
55 2
51 2
54 9
52 2
43 2
45 2
46 12
54 4
49 2
54 6
53 4
48 4
45 4
43 2
52 13
72 0
60 2
59 2
62 2
60 11
60 2
59 2
62 2
60 11
59 4
55 4
52 4
58 9
57 12
47 2
816 2
47 2
47 2
816 2
47 2
47 2
47 2
816 2
47 2
47 2
47 2
47 2
816 2
47 2
47 2
47 2
816 2
47 2
240 2
47 2
47 2
816 2
47 2
40 2
43 4
47 2
46 2
42 2
45 2
41 2
44 2
40 2
43 2
39 2
40 2
43 4
47 2
46 2
42 2
45 2
41 2
44 2
40 2
42 2
43 2
209 12
214 12
211 12
214 11
240 4
160 2
160 2
160 2
150 2
150 2
151 2
153 2
151 2
151 2
150 2
150 4
160 2
160 2
160 2
150 2
150 2
151 2
153 2
151 2
151 2
150 2
150 2
150 2
47 2
47 2
47 2
47 2
47 2
47 2
47 2
47 2
47 2
47 2
47 2
47 2
50 2
50 2
50 2
50 2
50 2
50 2
50 2
50 2
50 2
50 2
50 2
50 2
49 2
49 2
49 2
49 2
49 2
49 2
48 2
48 2
48 2
48 2
48 2
48 2
72 2
47 2
47 2
47 2
47 2
47 2
50 2
50 2
49 2
49 2
52 2
52 2
72 2
47 2
47 2
47 2
47 2
47 2
50 2
50 2
49 2
49 2
52 2
52 2
59 2
55 2
51 2
54 9
52 2
43 2
45 2
46 12
54 4
49 2
54 6
53 4
48 4
45 4
43 2
52 13
72 0
60 2
59 2
62 2
60 11
60 2
59 2
62 2
60 11
59 4
55 4
52 4
58 9
57 12
47 2
816 2
47 2
47 2
816 2
47 2
47 2
47 2
816 2
47 2
47 2
47 2
47 2
816 2
47 2
47 2
47 2
816 2
47 2
240 2
47 2
47 2
816 2
47 2
40 2
43 4
47 2
46 2
42 2
45 2
41 2
44 2
40 2
43 2
39 2
40 2
43 4
47 2
46 2
42 2
45 2
41 2
44 2
40 2
42 2
43 2
213 12
214 12
211 12
214 12
223 12
224 12
224 12
57 2
53 2
50 2
45 2
41 2
38 2
55 2
51 2
46 2
43 2
39 2
34 2
57 2
53 2
50 2
45 2
41 2
38 2
55 2
51 2
46 2
43 2
39 2
34 2
38 2
38 2
38 2
38 2
38 2
38 2
38 2
38 2
38 2
38 2
38 2
38 2
45 2
38 2
45 2
38 2
45 2
38 2
45 2
38 2
45 2
38 2
45 2
38 2
72 2
35 2
35 2
35 2
35 2
35 2
38 2
38 2
37 2
37 2
40 2
40 2
72 2
35 2
35 2
35 2
35 2
35 2
38 2
72 2
37 2
E
S
H
134 9
147 11
147 2
161 2
147 9
134 3
72 10
46 0
46 0
72 2
46 0
72 0
46 0
72 1
45 2
72 2
147 4
161 4
187 4
224 9
237 9
106 12
117 13
72 13
47 2
43 2
39 2
42 9
40 2
31 2
33 2
34 12
30 2
32 2
34 2
42 6
41 4
36 4
33 4
31 2
40 12
72 12
47 2
43 2
39 2
42 9
40 2
31 2
33 2
34 12
46 4
42 2
46 6
45 4
41 4
36 4
35 2
43 8
45 9
46 9
47 9
45 2
44 2
47 2
45 11
45 2
44 2
47 2
45 11
43 4
40 4
43 4
42 9
41 12
40 6
40 11
40 6
40 11
196 0
196 0
72 2
196 12
72 0
187 0
185 0
72 2
196 12
72 0
47 2
48 2
40 11
47 2
48 2
50 11
52 2
53 2
45 11
52 2
53 2
55 11
53 4
52 0
72 13
47 2
43 2
39 2
42 9
40 2
31 2
33 2
34 12
30 2
32 2
34 2
42 6
41 4
36 4
33 4
31 2
40 12
72 12
47 2
43 2
39 2
42 9
40 2
31 2
33 2
34 12
46 4
42 2
46 6
45 4
41 4
36 4
35 2
43 8
45 9
46 9
47 9
45 2
44 2
47 2
45 11
45 2
44 2
47 2
45 11
43 4
40 4
43 4
42 9
41 12
40 6
40 11
40 6
40 11
196 0
196 0
72 2
196 12
72 0
187 0
185 0
72 2
196 12
72 0
47 2
48 2
40 11
47 2
48 2
50 11
52 2
53 2
45 11
52 2
53 2
55 11
57 2
58 2
50 11
57 2
58 2
60 12
58 7
60 7
62 12
62 12
38 12
41 12
E
S
L
30 9
31 11
31 2
33 2
31 9
30 3
72 5
21 0
72 2
21 0
21 0
72 0
21 0
72 1
20 3
72 8
31 4
33 4
31 4
34 9
35 9
36 12
34 11
72 11
31 2
31 2
31 2
31 2
31 2
35 2
35 2
33 2
33 2
37 2
37 2
72 2
31 2
31 2
31 2
31 2
31 2
35 2
35 2
33 2
33 2
37 2
37 2
31 2
31 2
31 2
31 2
31 2
31 2
31 2
31 2
31 2
31 2
31 2
31 2
31 2
31 2
31 2
31 2
31 2
31 2
31 2
31 2
31 2
31 2
31 2
31 2
34 2
34 2
34 2
34 2
34 2
34 2
33 2
33 2
33 2
33 2
33 2
33 2
72 2
31 2
31 2
31 2
31 2
31 2
35 2
35 2
33 2
33 2
37 2
37 2
72 2
31 2
31 2
31 2
31 2
31 2
35 2
35 2
33 2
33 2
37 2
37 2
31 2
31 2
31 2
31 2
31 2
31 2
31 2
31 2
31 2
31 2
31 2
31 2
31 2
31 2
31 2
31 2
31 2
31 2
31 2
31 2
31 2
31 2
31 2
31 2
34 2
34 2
34 2
34 2
34 2
34 2
33 2
33 2
33 2
33 2
33 2
33 2
35 9
36 9
37 9
38 9
72 4
36 13
35 4
31 4
28 4
34 9
33 12
16 2
19 4
23 2
22 2
18 2
21 2
17 2
20 2
16 2
19 2
15 2
16 2
19 4
23 2
22 2
18 2
21 2
17 2
20 2
16 2
19 2
15 2
237 0
237 0
72 2
237 12
72 0
129 0
105 0
72 2
237 12
72 0
40 2
36 2
38 2
36 2
35 2
36 2
38 2
36 2
35 2
36 2
38 2
36 2
40 2
36 2
38 2
36 2
35 2
36 2
38 2
36 2
35 2
36 2
38 2
36 2
40 2
36 2
38 2
36 2
35 2
36 2
38 2
36 2
35 2
36 2
38 2
36 2
40 2
36 2
38 2
36 2
35 2
36 2
38 2
36 2
35 2
36 2
38 2
36 2
72 13
35 12
72 4
34 4
36 4
38 4
34 7
34 9
33 7
33 4
72 2
31 2
31 2
31 2
31 2
31 2
35 2
35 2
33 2
33 2
37 2
37 2
72 2
31 2
31 2
31 2
31 2
31 2
35 2
35 2
33 2
33 2
37 2
37 2
31 2
31 2
31 2
31 2
31 2
31 2
31 2
31 2
31 2
31 2
31 2
31 2
31 2
31 2
31 2
31 2
31 2
31 2
31 2
31 2
31 2
31 2
31 2
31 2
34 2
34 2
34 2
34 2
34 2
34 2
33 2
33 2
33 2
33 2
33 2
33 2
35 9
36 9
37 9
38 9
72 4
36 13
35 4
31 4
28 4
34 9
33 12
16 2
19 4
23 2
22 2
18 2
21 2
17 2
20 2
16 2
19 2
15 2
16 2
19 4
23 2
22 2
18 2
21 2
17 2
20 2
16 2
19 2
15 2
237 0
237 0
72 2
237 12
72 0
129 0
105 0
72 2
237 12
72 0
40 2
36 2
38 2
36 2
35 2
36 2
38 2
36 2
35 2
36 2
38 2
36 2
40 2
36 2
38 2
36 2
35 2
36 2
38 2
36 2
35 2
36 2
38 2
36 2
40 2
36 2
38 2
36 2
35 2
36 2
38 2
36 2
35 2
36 2
38 2
36 2
40 2
36 2
38 2
36 2
35 2
36 2
38 2
36 2
35 2
36 2
38 2
36 2
40 2
41 2
43 2
41 2
40 2
41 2
43 2
41 2
40 2
41 2
43 2
41 2
40 2
41 2
43 2
41 2
40 2
41 2
43 2
41 2
40 2
41 2
43 2
41 2
40 2
41 2
43 2
41 2
40 2
41 2
43 2
41 2
40 2
41 2
43 2
41 2
26 2
21 2
26 2
21 2
17 2
14 2
34 2
31 2
34 2
31 2
27 2
22 2
26 2
21 2
26 2
21 2
17 2
14 2
34 2
31 2
34 2
31 2
27 2
22 2
33 12
33 12
72 2
31 2
31 2
31 2
31 2
31 2
35 2
35 2
33 2
33 2
37 2
37 2
72 2
31 2
31 2
31 2
31 2
31 2
35 2
72 2
33 2
E
S
L
21 9
22 11
22 2
24 2
19 9
21 4
72 4
21 0
72 2
21 0
21 0
72 0
21 0
72 1
20 3
72 8
19 4
21 4
26 4
27 9
28 9
24 13
72 14
16 4
18 4
19 9
72 7
24 4
26 4
31 4
34 4
34 9
33 9
31 9
33 9
34 9
35 9
72 4
28 7
29 9
72 4
30 7
29 9
28 9
30 9
29 12
16 2
19 4
23 2
22 2
18 2
21 2
17 2
20 2
16 2
19 2
15 2
16 2
19 4
23 2
22 2
18 2
21 2
17 2
20 2
16 2
19 2
15 2
16 2
19 4
23 2
22 2
18 2
21 2
17 2
20 2
16 2
19 2
15 2
16 2
19 4
23 2
22 2
18 2
21 2
17 2
20 2
16 2
19 2
15 2
213 12
106 12
214 12
106 11
127 4
28 13
23 12
26 12
22 9
21 9
19 13
72 4
16 4
18 4
19 9
72 7
24 4
26 4
31 4
34 4
34 9
33 9
31 9
33 9
34 9
35 9
72 4
28 7
29 9
72 4
30 7
29 9
28 9
30 9
29 12
16 2
19 4
23 2
22 2
18 2
21 2
17 2
20 2
16 2
19 2
15 2
16 2
19 4
23 2
22 2
18 2
21 2
17 2
20 2
16 2
19 2
15 2
16 2
19 4
23 2
22 2
18 2
21 2
17 2
20 2
16 2
19 2
15 2
16 2
19 4
23 2
22 2
18 2
21 2
17 2
20 2
16 2
19 2
15 2
110 12
211 12
130 12
231 12
26 4
33 4
34 4
26 4
31 4
34 4
27 4
31 4
34 4
27 4
188 4
188 9
188 4
188 4
188 4
188 4
26 9
27 9
26 9
27 9
26 12
21 12
E
S
L
14 12
14 12
14 12
14 12
14 12
14 12
14 11
72 14
37 9
33 9
31 13
72 14
158 7
170 11
194 7
170 9
33 9
37 9
36 12
28 2
31 4
35 2
34 2
30 2
33 2
29 2
32 2
28 2
31 2
27 2
28 2
31 4
35 2
34 2
30 2
33 2
29 2
32 2
28 2
31 2
27 2
28 2
31 4
35 2
34 2
30 2
33 2
29 2
32 2
28 2
31 2
27 2
28 2
31 4
35 2
34 2
30 2
33 2
29 2
32 2
28 2
31 2
27 2
9 11
7 4
5 11
17 4
14 11
12 4
10 7
17 4
10 4
17 4
10 4
16 2
72 13
237 12
129 12
126 9
110 9
240 13
237 12
129 12
126 9
110 9
240 13
72 4
158 7
170 11
194 7
170 9
33 9
37 9
36 12
28 2
31 4
35 2
34 2
30 2
33 2
29 2
32 2
28 2
31 2
27 2
28 2
31 4
35 2
34 2
30 2
33 2
29 2
32 2
28 2
31 2
27 2
28 2
31 4
35 2
34 2
30 2
33 2
29 2
32 2
28 2
31 2
27 2
28 2
31 4
35 2
34 2
30 2
33 2
29 2
32 2
28 2
31 2
27 2
9 11
7 4
5 11
17 4
14 11
12 4
10 11
9 4
7 11
5 4
15 11
15 4
15 4
15 4
19 4
22 4
15 4
19 4
22 4
14 9
15 9
14 9
15 9
14 12
14 12
E
S
L
72 14
4 3
72 11
1 2
4 2
72 11
1 2
4 2
72 11
4 4
7 2
72 8
7 4
14 4
7 4
6 2
10 2
13 2
18 4
6 2
5 4
12 4
5 4
4 3
72 11
1 2
4 2
72 11
1 2
4 2
72 11
4 4
7 3
72 5
2 4
7 3
72 7
7 2
6 2
10 2
13 2
18 4
6 2
5 4
12 4
5 4
4 2
7 2
11 2
16 3
72 4
17 2
12 2
9 2
5 6
6 2
10 2
13 2
18 3
72 4
19 2
14 2
11 2
7 6
9 3
72 11
9 4
9 3
72 11
9 4
7 3
72 8
6 4
72 7
4 3
72 5
12 4
9 4
5 4
5 2
2 2
4 8
72 10
4 8
72 10
4 8
72 10
4 8
72 14
4 2
72 11
11 2
4 3
72 11
11 2
4 2
72 11
4 4
7 2
72 8
7 4
14 4
7 4
6 2
10 2
13 2
18 4
6 2
5 4
12 4
5 4
4 3
72 11
1 2
4 2
72 11
1 2
4 2
72 11
4 4
7 3
72 5
2 4
7 3
72 7
7 2
6 2
10 2
13 2
18 4
6 2
5 4
12 4
5 4
4 2
7 2
11 2
16 3
72 4
17 2
12 2
9 2
5 6
6 2
10 2
13 2
18 3
72 4
19 2
14 2
11 2
7 6
9 3
72 11
9 4
9 3
72 11
9 4
7 3
72 8
6 4
72 7
4 3
72 5
12 4
9 4
5 4
5 2
2 2
4 8
72 10
4 8
72 10
4 8
72 10
4 8
72 14
3 4
7 4
10 4
3 4
7 4
10 4
2 9
3 9
2 9
3 9
2 13
4 3
72 11
1 2
4 2
E
S
H
72 14
59 4
59 2
59 2
59 2
62 2
62 2
61 2
61 2
64 2
64 2
72 2
59 4
59 2
59 2
59 2
62 2
62 2
61 2
61 2
64 2
64 2
72 14
43 2
45 2
43 2
45 2
47 2
45 2
47 2
49 2
47 2
45 2
47 2
45 2
43 2
42 2
43 2
72 4
43 2
45 2
43 2
45 2
47 2
45 2
47 2
49 2
50 2
49 2
50 4
52 4
72 14
59 4
59 2
59 2
59 2
62 2
62 2
61 4
64 4
72 2
59 4
59 2
59 2
59 2
62 2
62 2
61 2
61 2
64 2
64 2
E
S
H
72 14
47 2
49 2
47 2
49 2
50 2
49 2
50 2
52 2
50 2
49 2
50 2
49 2
47 2
45 2
47 2
72 4
47 2
49 2
47 2
49 2
50 2
49 2
50 2
52 2
54 2
52 2
54 4
55 4
47 11
72 8
55 4
57 4
58 4
55 7
54 9
53 9
72 2
52 4
52 2
52 2
52 2
55 2
55 2
54 4
57 4
72 2
52 4
52 2
52 2
52 2
55 2
55 2
54 4
57 4
E
S
L
703 0
127 0
127 0
127 0
151 4
703 0
127 0
127 0
127 0
151 4
151 0
151 0
151 0
151 3
151 4
151 0
151 3
151 4
151 4
151 6
151 0
151 4
33 0
33 0
33 0
33 0
33 0
33 0
1447 0
33 0
33 0
33 0
33 0
33 0
33 0
33 0
33 0
33 0
33 0
33 0
33 0
33 0
33 0
33 0
33 0
33 0
33 0
33 0
33 0
33 0
33 4
56 4
56 4
56 4
56 4
56 4
56 4
56 4
56 4
56 4
56 4
56 4
56 4
151 0
151 3
151 4
151 0
151 3
151 4
151 4
151 6
151 0
151 4
33 0
33 0
33 0
33 0
33 0
33 0
1447 0
151 4
33 0
33 0
33 0
33 0
33 0
33 0
33 0
33 0
33 0
33 0
33 0
33 0
33 0
33 0
33 0
33 0
33 0
33 0
33 0
33 0
33 0
33 4
56 4
56 4
56 4
56 4
56 4
56 4
56 4
56 4
56 4
56 4
56 4
56 4
56 4
56 4
56 4
56 4
56 4
56 4
33 4
56 4
56 4
56 4
151 0
151 0
151 4
151 0
151 0
151 4
E
S
L
72 14
38 0
39 0
72 1
40 0
72 0
41 0
42 0
72 2
43 0
45 4
50 0
51 0
72 1
52 0
72 0
53 0
54 0
72 2
55 0
57 2
72 14
25 0
28 0
72 2
31 0
34 0
72 0
37 0
40 0
72 1
37 0
34 0
72 1
31 0
72 0
28 0
25 2
22 0
25 0
72 2
28 0
31 0
72 0
34 0
37 0
72 1
40 0
43 0
72 1
46 0
72 0
49 0
46 0
72 2
43 0
40 0
37 0
72 2
34 0
31 0
72 0
28 0
25 0
72 1
28 0
72 1
31 0
72 0
34 0
37 0
72 2
34 0
31 0
72 2
28 0
72 0
31 0
72 1
34 0
72 1
37 0
72 0
40 0
43 0
72 14
151 0
191 0
72 2
242 0
72 0
150 0
72 1
191 0
72 1
124 0
72 0
151 0
191 0
72 14
165 0
216 0
72 2
190 0
72 0
242 0
72 1
242 0
72 1
125 0
72 0
112 0
151 0
72 2
125 0
165 0
72 2
151 0
72 0
190 0
72 1
216 0
72 1
165 0
72 0
190 0
151 0
72 2
165 0
125 0
72 2
151 0
72 0
112 0
72 1
125 0
72 1
242 0
72 0
112 0
216 0
72 2
165 0
216 0
72 2
190 0
72 0
242 0
72 1
242 0
72 1
125 0
72 0
112 0
151 0
72 2
125 0
165 0
72 2
151 0
72 0
190 0
72 1
216 0
72 1
165 0
72 0
190 0
151 0
72 2
165 0
125 0
72 2
151 0
72 0
112 0
72 1
125 0
72 1
242 0
72 0
112 0
216 0
72 2
165 0
216 0
72 2
190 0
72 0
242 0
72 1
242 0
72 1
125 0
72 0
112 0
151 0
72 2
125 0
165 0
72 2
151 0
72 0
190 0
72 1
216 0
72 1
165 0
72 0
190 0
151 0
72 2
165 0
125 0
72 2
151 0
72 0
112 0
72 1
125 0
72 1
242 0
72 0
112 0
216 0
72 2
165 0
216 0
72 2
190 0
72 0
242 0
72 1
242 0
72 1
125 0
72 0
112 0
151 0
72 2
125 0
165 0
72 2
151 0
72 0
190 0
72 1
165 0
72 1
216 0
72 0
190 0
242 0
72 2
242 0
125 0
72 2
112 0
72 0
151 0
72 1
125 0
72 1
165 0
72 0
151 0
190 0
72 14
151 0
72 2
191 0
72 0
242 0
72 1
150 0
72 1
191 0
72 0
124 0
151 0
72 2
191 0
72 14
165 0
72 2
216 0
72 0
190 0
72 1
242 0
72 1
242 0
72 0
125 0
112 0
72 2
151 0
125 0
72 2
165 0
72 0
151 0
72 1
190 0
72 1
216 0
72 0
165 0
190 0
72 2
151 0
165 0
72 2
125 0
72 0
151 0
72 1
112 0
72 1
125 0
72 0
242 0
112 0
72 2
216 0
165 0
72 2
216 0
72 0
190 0
72 1
242 0
72 1
242 0
72 0
125 0
112 0
72 2
151 0
125 0
72 2
165 0
72 0
151 0
72 1
190 0
72 1
216 0
72 0
165 0
190 0
72 2
151 0
165 0
72 2
125 0
72 0
151 0
72 1
112 0
72 1
125 0
72 0
242 0
112 0
72 2
216 0
165 0
72 2
216 0
72 0
190 0
72 1
242 0
72 1
242 0
72 0
125 0
112 0
72 2
151 0
125 0
72 2
165 0
72 0
151 0
72 1
190 0
72 1
216 0
72 0
165 0
190 0
72 2
151 0
165 0
72 2
125 0
72 0
151 0
72 1
112 0
72 1
125 0
72 0
242 0
112 0
72 2
216 0
165 0
72 2
216 0
72 0
190 0
72 1
242 0
72 1
242 0
72 0
125 0
112 0
72 2
151 0
125 0
72 2
165 0
72 0
151 0
72 1
190 0
72 1
165 0
72 0
216 0
190 0
72 2
242 0
242 0
72 2
125 0
72 0
112 0
72 1
151 0
72 1
125 0
72 0
165 0
151 0
72 2
190 0
E
S
L
72 14
4 3
72 11
1 2
4 2
72 11
1 2
4 2
72 11
4 4
7 2
72 8
7 4
14 4
7 4
6 2
10 2
13 2
18 4
6 2
5 4
12 4
5 4
4 3
72 11
1 2
4 2
72 11
1 2
4 2
72 11
4 4
7 3
72 5
2 4
7 3
72 7
7 2
6 2
10 2
13 2
18 4
6 2
5 4
12 4
5 4
4 2
7 2
11 2
16 3
72 4
17 2
12 2
9 2
5 6
6 2
10 2
13 2
18 3
72 4
19 2
14 2
11 2
7 6
9 3
72 11
9 4
9 3
72 11
9 4
7 3
72 8
6 4
72 7
4 3
72 5
12 4
9 4
5 4
5 2
2 2
4 8
72 10
4 8
72 10
4 8
72 10
4 8
72 14
4 2
72 11
11 2
4 3
72 11
11 2
4 2
72 11
4 4
7 2
72 8
7 4
14 4
7 4
6 2
10 2
13 2
18 4
6 2
5 4
12 4
5 4
4 3
72 11
1 2
4 2
72 11
1 2
4 2
72 11
4 4
7 3
72 5
2 4
7 3
72 7
7 2
6 2
10 2
13 2
18 4
6 2
5 4
12 4
5 4
4 2
7 2
11 2
16 3
72 4
17 2
12 2
9 2
5 6
6 2
10 2
13 2
18 3
72 4
19 2
14 2
11 2
7 6
9 3
72 11
9 4
9 3
72 11
9 4
7 3
72 8
6 4
72 7
4 3
72 5
12 4
9 4
5 4
5 2
2 2
4 8
72 10
4 8
72 10
4 8
72 10
4 8
72 14
3 4
7 4
10 4
3 4
7 4
10 4
2 9
3 9
2 9
3 9
2 13
4 3
72 11
1 2
4 2
E
X
