minor
S
H
72 14
51 9
56 7
59 4
56 4
72 4
58 4
59 4
61 4
58 4
59 9
58 7
56 2
54 2
53 3
72 5
59 4
61 4
63 4
65 4
59 9
58 7
51 4
56 7
54 7
53 7
54 4
53 4
51 4
49 7
56 4
51 9
46 4
47 4
46 4
49 13
72 14
51 9
56 7
59 4
56 4
72 4
58 4
59 4
61 4
58 4
59 9
58 7
56 2
54 2
53 3
72 5
59 4
61 4
63 4
65 4
59 9
58 7
51 4
56 7
54 7
53 7
54 4
53 4
51 4
49 7
56 4
51 9
46 4
47 4
46 4
49 13
E
S
H
72 14
65 4
66 4
65 4
66 4
65 9
68 9
63 9
58 4
59 4
58 4
61 11
72 14
65 4
66 4
65 4
66 4
65 9
68 9
63 7
72 14
51 4
54 4
58 4
54 4
57 4
53 4
51 4
54 4
58 4
54 4
57 4
53 4
51 4
54 4
58 4
54 4
57 4
53 4
51 4
54 4
58 4
54 4
57 4
53 4
51 4
58 4
61 4
58 4
60 4
56 4
51 4
58 4
61 4
58 4
60 4
56 4
51 4
58 4
61 4
58 4
60 4
56 4
51 4
E
S
H
72 14
65 4
66 4
65 4
66 4
65 9
68 9
63 9
58 4
59 4
58 4
61 11
72 14
65 4
66 4
65 4
66 4
65 9
68 9
63 7
72 14
51 4
54 4
58 4
54 4
57 4
53 4
51 4
54 4
58 4
54 4
57 4
53 4
51 4
54 4
58 4
54 4
57 4
53 4
51 4
54 4
58 4
54 4
57 4
53 4
51 4
58 4
61 4
58 4
60 4
56 4
51 4
58 4
61 4
58 4
60 4
56 4
51 4
58 4
61 4
58 4
60 4
56 4
51 4
E
S
L
72 14
8 4
72 7
11 4
72 4
11 4
13 4
72 7
8 4
6 4
18 4
8 4
72 7
11 4
72 4
11 4
13 4
72 7
13 4
8 4
6 4
8 4
72 7
11 4
72 4
11 4
13 4
72 7
8 4
6 4
18 4
8 4
72 7
11 7
11 4
13 4
72 9
8 4
11 4
13 4
72 11
13 4
72 7
20 4
18 4
20 4
25 4
72 11
25 4
72 7
18 4
20 4
22 4
25 4
72 11
25 4
72 11
37 4
72 11
37 4
72 11
8 4
72 7
11 4
72 4
11 4
13 4
72 7
8 4
6 4
18 4
8 4
72 7
11 4
72 4
11 4
13 4
72 7
13 4
8 4
6 4
8 4
72 7
11 4
72 4
11 4
13 4
72 7
8 4
6 4
18 4
8 4
72 7
11 7
11 4
13 4
72 7
3 4
8 4
11 4
13 4
72 11
13 4
72 7
20 4
18 4
20 4
25 4
72 11
25 4
72 9
20 4
21 4
22 12
22 9
15 4
17 4
20 4
21 12
21 9
11 4
13 4
21 4
20 13
13 7
17 7
18 13
16 13
15 13
14 13
15 13
15 13
15 13
15 13
E
S
L
72 14
8 4
72 7
11 4
72 4
11 4
13 4
72 7
8 4
6 4
18 4
8 4
72 7
11 4
72 4
11 4
13 4
72 7
13 4
8 4
6 4
8 4
72 7
11 4
72 4
11 4
13 4
72 7
8 4
6 4
18 4
8 4
72 7
11 7
11 4
13 4
72 9
8 4
11 4
13 4
72 11
13 4
72 7
20 4
18 4
20 4
25 4
72 11
25 4
72 7
18 4
20 4
22 4
25 4
72 11
25 4
72 11
37 4
72 11
37 4
72 11
8 4
72 7
11 4
72 4
11 4
13 4
72 7
8 4
6 4
18 4
8 4
72 7
11 4
72 4
11 4
13 4
72 7
13 4
8 4
6 4
8 4
72 7
11 4
72 4
11 4
13 4
72 7
8 4
6 4
18 4
8 4
72 7
11 7
11 4
13 4
72 7
3 4
8 4
11 4
13 4
72 11
13 4
72 7
20 4
18 4
20 4
25 4
72 11
25 4
72 9
20 4
21 4
22 12
22 9
15 4
17 4
20 4
21 12
21 9
11 4
13 4
21 4
20 13
13 7
17 7
18 13
16 13
15 13
14 13
15 13
15 13
15 13
15 13
E
S
H
72 14
46 4
47 4
46 4
49 12
72 9
46 4
47 4
46 4
49 12
55 9
54 4
52 4
54 4
47 13
46 7
47 7
46 9
47 2
46 2
45 4
46 4
53 11
49 7
51 13
52 2
51 2
49 4
51 11
46 7
176 7
202 7
227 7
122 13
136 2
123 2
241 4
123 12
110 12
123 12
110 12
162 13
E
S
H
72 14
231 4
244 4
231 4
114 12
72 9
231 4
244 4
231 4
114 12
192 9
179 4
153 4
179 4
244 13
231 7
244 7
231 9
244 2
231 2
218 4
231 4
166 11
114 7
140 13
153 2
140 2
114 4
140 11
231 7
1007 7
1321 7
1623 7
E
S
L
72 14
173 4
72 4
18 4
14 4
18 4
14 4
173 4
72 4
12 4
72 4
14 4
72 4
173 4
72 4
18 4
14 4
18 4
14 4
173 4
72 4
18 4
173 4
175 4
173 4
173 4
72 4
18 4
14 4
18 4
14 4
173 4
72 4
12 4
72 4
14 4
72 4
173 4
72 4
18 4
14 4
18 4
14 4
173 4
72 4
18 4
173 4
18 4
175 4
173 4
72 4
18 4
122 4
18 4
122 4
173 4
72 4
12 4
72 4
122 4
72 4
173 4
72 4
18 4
122 4
18 4
122 4
173 4
72 4
18 4
173 4
173 4
175 4
173 4
72 4
18 4
122 4
18 4
122 4
173 4
72 4
12 4
72 4
122 4
72 4
173 4
72 4
18 4
122 4
18 4
122 4
173 4
72 4
18 4
173 4
986 4
175 4
317 4
72 4
18 4
14 4
18 4
14 4
173 4
72 7
12 4
223 4
12 4
173 4
72 4
18 4
14 4
18 4
14 4
173 4
72 4
18 4
173 4
1615 4
173 4
173 4
72 4
18 4
14 4
18 4
14 4
173 4
72 4
12 4
72 4
223 4
72 4
173 4
72 4
18 4
14 4
18 4
14 4
173 4
72 4
18 4
173 4
1615 4
175 4
173 4
72 4
18 4
122 4
18 4
122 4
173 4
72 7
12 4
1562 4
72 4
173 4
72 4
18 4
122 4
18 4
122 4
173 4
72 7
173 4
1613 4
175 4
797 4
72 4
221 4
14 4
221 4
72 4
221 4
72 4
221 4
72 4
175 4
72 4
797 4
72 4
221 4
14 4
22 4
14 4
221 4
72 4
221 4
72 4
173 4
14 4
797 4
72 4
22 4
12 4
221 4
14 4
221 4
72 4
221 4
72 4
175 4
72 4
797 4
72 4
22 4
14 4
22 4
14 4
221 4
72 4
22 4
12 4
175 4
14 4
797 4
72 4
22 4
14 4
22 4
12 4
221 4
72 4
221 4
72 4
175 4
72 4
797 4
72 4
22 4
14 4
22 4
14 4
221 4
72 4
221 4
72 4
175 4
72 4
221 4
72 4
22 4
14 4
22 4
12 4
221 4
72 4
221 4
72 4
14 4
E
X
