minor
S
H
72 14
46 2
45 2
46 2
45 2
46 3
45 3
46 2
45 2
46 2
45 2
46 2
45 2
46 2
45 2
46 2
45 2
46 2
45 2
46 2
45 2
46 2
45 2
46 3
45 3
46 3
45 2
46 2
45 2
46 2
45 2
46 2
45 2
E
S
L
72 14
29 4
33 4
34 4
36 4
34 4
33 4
34 4
33 4
34 4
33 4
34 4
33 4
34 11
E
S
L
72 14
10 2
72 2
10 2
72 2
171 2
72 10
171 2
72 10
171 2
72 10
171 2
72 6
10 2
72 2
10 2
72 2
171 2
72 10
171 2
72 10
158 2
72 10
158 2
72 6
10 2
72 2
10 2
72 2
171 2
72 10
171 2
72 10
106 2
72 10
106 2
72 6
10 2
72 2
10 2
72 2
171 2
72 10
171 2
72 10
158 2
72 10
158 4
72 9
171 2
72 10
171 4
72 9
106 2
72 10
106 2
72 6
10 2
72 2
10 2
72 2
171 2
72 10
171 2
E
S
H
72 14
53 4
49 4
48 4
49 4
53 4
49 4
48 4
49 4
53 4
49 4
48 4
49 4
53 4
49 4
48 4
49 4
53 4
49 4
48 4
49 4
53 4
49 4
48 3
72 1
49 2
E
S
L
72 14
29 2
72 2
29 2
72 12
29 2
72 2
29 2
72 13
29 2
72 2
29 2
72 11
29 2
72 2
29 2
72 2
29 2
72 13
29 2
72 2
29 2
72 12
29 2
72 2
29 2
72 12
29 2
72 2
29 2
72 12
29 2
72 2
29 2
72 2
29 2
72 13
29 2
72 2
29 2
72 12
29 2
72 2
29 2
72 12
29 2
72 2
29 2
72 8
29 2
72 2
29 2
72 8
29 2
72 2
29 2
E
S
L
72 14
22 5
25 4
29 4
30 7
29 4
25 5
22 4
25 4
29 4
30 4
29 4
25 4
22 4
25 4
29 4
30 4
22 4
25 3
72 1
29 4
30 4
29 3
72 1
25 4
22 4
25 3
72 1
21 4
25 4
28 4
29 4
28 3
72 1
25 4
21 4
25 3
72 1
22 4
25 3
72 1
29 4
30 5
29 4
25 3
72 1
22 4
25 2
72 2
17 4
21 3
72 1
24 3
72 1
25 3
72 1
24 3
72 1
21 4
17 3
72 1
21 3
72 1
22 4
25 3
72 1
29 4
30 5
29 4
25 3
72 1
22 4
25 2
72 2
21 4
25 4
28 4
29 4
28 3
72 1
25 4
21 4
25 3
72 1
22 4
25 4
29 4
30 4
29 3
72 1
25 4
22 4
25 3
72 1
17 4
21 3
72 1
24 3
72 1
25 3
72 1
24 3
72 1
21 4
17 3
72 1
21 3
72 1
22 4
25 3
72 1
29 4
30 5
29 4
25 3
72 1
22 4
25 2
72 2
22 4
25 3
72 1
29 4
30 4
29 3
72 1
25 4
22 4
25 3
72 1
22 4
25 3
72 1
29 4
30 4
29 3
72 1
25 4
22 4
25 3
72 1
22 4
25 3
72 1
29 4
30 4
29 3
72 1
25 4
22 4
25 3
E
S
L
72 14
28 2
72 6
35 2
72 6
35 2
72 2
35 3
72 1
35 2
72 6
35 2
72 6
35 2
72 2
35 2
72 2
35 2
72 6
35 2
72 6
35 2
72 6
35 2
72 2
35 2
72 2
35 2
72 2
35 2
72 2
35 2
72 6
35 2
72 2
35 2
72 2
35 2
72 6
35 2
72 6
35 2
72 6
35 2
72 6
35 2
72 6
35 2
72 2
35 2
72 2
35 2
72 6
35 2
72 6
35 2
72 6
35 2
72 6
35 2
72 2
35 2
72 2
35 2
72 6
35 2
72 6
35 2
72 6
35 2
72 2
35 2
72 2
35 2
72 2
35 2
72 2
35 2
72 6
35 2
72 6
35 2
72 6
35 2
72 6
35 2
72 6
35 2
72 2
35 2
72 2
35 2
72 6
35 2
72 10
35 2
72 10
35 2
72 10
35 2
72 10
35 3
E
S
H
72 14
45 2
72 6
38 2
72 2
40 2
72 2
37 2
72 6
38 4
40 2
72 2
45 2
72 6
38 2
72 2
40 2
72 2
37 2
72 6
38 2
72 2
40 2
72 2
45 2
72 6
38 2
72 2
40 2
72 2
37 2
72 6
38 2
72 2
40 2
72 2
45 2
72 6
38 2
72 2
40 2
72 2
37 2
72 6
38 2
72 2
40 2
72 2
45 2
72 6
38 2
72 2
40 2
72 2
37 2
72 6
38 2
72 2
40 2
72 2
45 2
72 6
38 2
72 2
40 2
72 2
37 2
72 6
38 2
72 2
40 2
72 2
45 2
72 6
38 2
72 2
40 2
72 2
37 2
72 6
38 2
72 2
40 2
72 2
45 2
72 6
38 2
72 2
40 2
72 2
37 2
72 6
38 2
72 2
40 2
72 2
45 2
72 6
38 2
72 2
40 2
72 2
37 2
72 6
38 2
72 2
40 2
72 2
45 2
72 6
38 2
72 2
40 2
72 2
37 2
72 6
38 2
72 2
40 2
72 2
45 2
72 6
38 2
72 2
40 2
72 2
37 2
72 6
38 2
72 2
40 2
72 2
45 2
72 4
45 2
72 4
45 2
72 6
45 2
72 2
45 4
72 2
45 2
45 2
72 4
45 2
72 4
45 2
72 6
45 2
72 2
45 4
72 2
45 2
72 4
45 2
72 4
45 2
72 4
45 2
72 4
45 2
72 4
45 2
E
S
L
5 14
E
S
H
72 14
46 12
72 5
40 12
72 4
37 12
72 4
36 13
72 2
37 12
72 4
40 13
41 13
36 13
72 2
37 12
72 4
34 10
E
X
