major
S
H
60 2
72 0
71 2
72 0
67 2
72 0
64 2
72 0
60 2
72 0
59 2
72 0
60 2
72 0
59 2
72 0
55 2
72 0
52 2
72 0
48 2
72 0
47 2
72 0
48 2
72 0
47 2
72 0
43 2
72 0
40 2
72 0
36 2
72 0
35 2
72 0
36 2
72 0
35 2
72 0
31 2
72 0
24 2
72 6
60 2
72 0
59 2
72 0
55 2
72 0
52 2
72 0
48 2
72 0
47 2
72 0
60 2
72 0
59 2
72 0
55 2
72 0
52 2
72 0
48 2
72 0
47 2
72 0
62 2
72 0
61 2
72 0
57 2
72 0
54 2
72 0
50 2
72 0
49 2
72 0
62 2
72 0
61 2
72 0
57 2
72 0
54 2
72 0
50 2
72 0
49 2
72 0
65 2
72 0
64 2
72 0
60 2
72 0
57 2
72 0
53 2
72 0
52 2
72 0
65 2
72 0
64 2
72 0
60 2
72 0
57 2
72 0
53 2
72 0
52 2
72 0
64 2
72 0
63 2
72 0
59 2
72 0
56 2
72 0
52 2
72 0
51 2
72 0
64 2
72 0
63 2
72 0
59 2
72 0
56 2
72 0
52 2
72 0
51 2
72 0
67 2
72 0
66 2
72 0
62 2
72 0
59 2
72 0
55 2
72 0
54 2
72 0
67 2
72 0
66 2
72 0
62 2
72 0
59 2
72 0
55 2
72 0
54 2
72 0
65 2
72 0
64 2
72 0
60 2
72 0
57 2
72 0
53 2
72 0
52 2
72 0
65 2
72 0
64 2
72 0
60 2
72 0
57 2
72 0
53 2
72 0
52 2
72 0
64 2
72 0
63 2
72 0
59 2
72 0
56 2
72 0
52 2
72 0
51 2
72 0
64 2
72 0
63 2
72 0
59 2
72 0
56 2
72 0
52 2
72 0
51 2
72 0
64 2
72 0
63 2
72 0
59 2
72 0
56 2
72 0
52 2
72 0
51 2
72 0
52 2
72 0
51 2
72 0
47 2
72 0
40 7
E
S
H
72 14
36 12
72 2
31 2
72 0
35 2
72 0
36 2
72 0
38 12
72 3
36 3
72 1
38 3
72 1
41 11
72 4
41 4
43 3
72 1
40 12
72 1
40 2
72 2
43 12
72 3
43 7
41 11
72 4
41 2
72 0
43 2
72 0
41 2
72 0
40 10
72 2
35 11
28 12
E
S
H
72 14
36 12
72 2
31 2
72 0
35 2
72 0
36 2
72 0
38 12
72 3
36 3
72 1
38 3
72 1
41 11
72 4
41 4
43 3
72 1
40 12
72 1
40 2
72 2
43 12
72 3
43 7
41 11
72 4
41 2
72 0
43 2
72 0
41 2
72 0
40 10
72 2
35 11
28 12
E
S
L
72 14
12 13
72 2
14 13
17 13
16 13
19 13
72 2
17 13
16 14
28 12
E
X
