major
S
H
830 0
72 2
830 0
72 4
830 8
72 0
1457 2
72 0
1457 0
72 3
1457 8
72 0
189 0
72 3
189 0
72 3
189 2
72 0
1457 0
72 3
1457 0
72 3
1457 0
72 3
830 0
72 2
830 0
72 2
830 2
72 2
214 0
E
S
L
72 13
17 0
72 3
17 2
72 0
17 2
72 0
17 2
E
S
L
830 2
72 10
830 2
72 10
830 2
72 6
189 0
72 7
1457 2
E
S
L
17 0
72 5
17 2
72 0
17 2
72 6
19 2
72 0
19 2
72 0
19 2
72 0
19 2
72 6
21 2
72 4
21 2
72 0
21 2
72 0
23 2
72 0
23 2
72 0
21 2
72 0
21 2
72 0
23 2
72 0
154 0
72 13
36 0
E
S
H
161 0
72 5
36 2
72 0
226 0
72 3
161 2
72 0
29 0
72 3
161 0
72 5
161 2
72 0
226 0
72 3
161 2
72 0
226 0
72 3
161 2
72 0
34 0
72 3
161 2
72 0
106 0
72 3
185 2
72 0
106 0
72 3
161 0
72 5
161 2
72 0
226 2
E
X
