minor
S
L
29 13
E
S
H
69 13
66 13
68 13
69 12
E
S
H
72 14
69 2
68 2
67 2
66 0
72 0
65 2
64 2
63 2
62 2
61 2
60 2
71 2
70 2
69 2
68 2
67 2
66 2
65 2
64 2
63 2
62 2
61 2
60 2
61 2
62 2
63 2
64 2
65 2
66 2
67 2
68 2
69 2
70 2
71 2
60 2
61 2
62 2
63 2
64 0
72 0
65 2
66 2
67 2
68 2
69 7
E
S
L
35 0
35 3
35 0
35 2
35 2
35 0
35 0
35 0
35 0
35 0
35 2
35 0
28 8
35 0
35 3
35 0
35 2
35 2
35 0
35 0
35 0
35 0
35 0
35 2
35 0
E
S
H
50 2
47 4
45 3
41 2
38 3
41 3
50 2
47 4
45 3
41 2
38 3
41 3
50 2
47 4
45 3
41 2
38 3
41 3
50 2
47 4
45 3
41 2
38 3
41 3
54 2
49 2
45 2
42 2
45 2
49 2
54 2
49 2
45 2
42 2
45 2
49 2
54 3
49 2
45 2
42 2
45 2
49 2
54 2
49 2
45 2
42 2
45 2
49 2
53 2
50 4
48 3
44 2
41 3
44 3
53 2
50 4
48 3
44 2
41 3
44 3
53 2
50 4
48 3
44 2
41 3
44 3
53 2
50 4
48 3
44 2
41 3
44 3
57 2
52 2
48 2
45 2
48 2
52 2
57 2
52 2
48 2
45 2
48 2
52 2
57 3
52 2
48 2
45 2
48 2
52 2
57 7
E
X
