major
S
L
9 2
9 2
9 2
9 2
9 2
9 2
9 2
9 2
9 2
9 2
9 0
9 2
9 2
9 2
9 2
9 2
9 2
9 2
9 2
9 2
9 0
21 2
12 0
12 2
12 0
16 0
16 0
21 0
12 2
12 2
12 0
16 2
16 0
17 2
8 0
8 2
8 0
12 0
12 0
17 0
8 2
8 2
8 0
12 2
12 0
21 2
12 0
12 2
12 0
16 0
16 0
21 0
12 2
12 2
12 0
16 2
16 0
17 2
8 0
8 2
8 0
12 0
12 0
17 0
8 2
8 2
8 0
12 2
12 0
9 0
21 2
12 0
12 2
12 0
16 0
16 0
21 0
12 2
12 2
12 0
16 2
16 0
17 2
8 0
8 2
8 0
12 0
12 0
17 0
8 2
8 2
8 0
12 2
12 0
21 2
12 0
12 2
12 0
16 0
16 0
21 0
12 2
12 2
12 0
16 2
16 0
17 2
8 0
8 2
8 0
12 0
12 0
17 0
8 2
8 2
8 0
12 2
12 0
9 0
21 2
12 0
12 2
12 0
16 0
16 0
21 0
12 2
12 2
12 0
16 2
16 0
17 2
8 0
8 2
8 0
12 0
12 0
17 0
8 2
8 2
8 0
12 2
12 0
21 2
12 0
12 2
12 0
16 0
16 0
21 0
12 2
12 2
12 0
16 2
16 0
17 2
8 0
8 2
8 0
12 0
12 0
17 0
8 2
8 2
8 0
12 2
12 0
9 0
21 2
12 0
12 2
12 0
16 0
16 0
21 0
12 2
12 2
12 0
16 2
16 0
17 2
8 0
8 2
8 0
12 0
12 0
17 0
8 2
8 2
8 0
12 2
12 0
21 2
12 0
12 2
12 0
16 0
16 0
21 0
12 2
12 2
12 0
16 2
16 0
17 2
8 0
8 2
8 0
12 0
12 0
17 0
8 2
8 2
8 0
12 2
12 0
E
S
L
72 14
1454 2
72 2
1454 2
72 2
1454 2
72 2
1454 2
72 2
1454 2
72 2
1454 2
72 2
1454 2
72 2
1454 2
72 2
1454 2
72 2
1454 2
72 2
1454 2
72 2
1454 2
72 2
1454 2
72 2
1454 2
72 2
1454 2
72 2
1454 2
72 2
1454 2
72 2
1454 2
72 2
158 2
33 0
72 2
1454 2
72 2
1454 2
72 2
1454 2
72 2
21 2
72 2
1454 2
72 2
1454 2
72 2
1454 2
72 4
158 0
72 2
1454 2
72 2
1454 2
72 2
1454 2
72 8
826 2
72 2
826 2
72 2
826 2
72 2
826 2
72 2
826 2
72 2
826 2
72 2
826 2
72 2
826 2
72 2
826 2
72 2
826 2
72 2
826 2
72 2
826 2
72 2
826 2
72 2
826 2
72 2
826 2
72 2
826 2
72 2
826 2
72 2
826 2
72 2
106 2
29 0
72 2
826 2
72 2
826 2
72 2
826 2
72 2
17 2
72 2
826 2
72 2
826 2
72 2
826 2
72 4
106 0
72 2
826 2
72 2
826 2
72 2
826 2
72 8
1454 2
72 2
1454 2
72 2
1454 2
72 2
1454 2
72 2
1454 2
72 2
1454 2
72 2
1454 2
72 2
1454 2
72 2
1454 2
72 2
1454 2
72 2
1454 2
72 2
1454 2
72 2
1454 2
72 2
1454 2
72 2
1454 2
72 2
1454 2
72 2
1454 2
72 2
1454 2
72 2
158 2
33 0
72 2
1454 2
72 2
1454 2
72 2
1454 2
72 2
21 2
72 2
1454 2
72 2
1454 2
72 2
1454 2
72 4
158 0
72 2
1454 2
72 2
1454 2
72 2
1454 2
72 8
826 2
72 2
826 2
72 2
826 2
72 2
826 2
72 2
826 2
72 2
826 2
72 2
826 2
72 2
826 2
72 2
826 2
72 2
826 2
72 2
826 2
72 2
826 2
72 2
826 2
72 2
826 2
72 2
826 2
72 2
826 2
72 2
826 2
72 2
826 2
72 2
106 2
29 0
72 2
826 2
72 2
826 2
72 2
826 2
72 2
17 2
72 2
826 2
72 2
826 2
72 2
826 2
72 4
106 0
72 2
826 2
72 2
826 2
72 2
826 2
72 8
1454 2
72 2
1454 2
72 2
1454 2
72 2
1454 2
72 2
1454 2
72 2
1454 2
72 2
1454 2
72 2
1454 2
72 2
1454 2
72 2
1454 2
72 2
1454 2
72 2
1454 2
72 2
1454 2
72 2
1454 2
72 2
1454 2
72 2
1454 2
72 2
1454 2
72 2
1454 2
72 2
158 2
33 0
72 2
1454 2
72 2
1454 2
72 2
1454 2
72 2
21 2
72 2
1454 2
72 2
1454 2
72 2
1454 2
72 4
158 0
72 2
1454 2
72 2
1454 2
72 2
1454 2
72 8
826 2
72 2
826 2
72 2
826 2
72 2
826 2
72 2
826 2
72 2
826 2
72 2
826 2
72 2
826 2
72 2
826 2
72 2
826 2
72 2
826 2
72 2
826 2
72 2
826 2
72 2
826 2
72 2
826 2
72 2
826 2
72 2
826 2
72 2
826 2
72 2
106 2
29 0
72 2
826 2
72 2
826 2
72 2
826 2
72 2
17 2
72 2
826 2
72 2
826 2
72 2
826 2
72 4
106 0
72 2
826 2
72 2
826 2
72 2
826 2
72 8
1454 2
72 2
1454 2
72 2
1454 2
72 2
1454 2
72 2
1454 2
72 2
1454 2
72 2
1454 2
72 2
1454 2
72 2
1454 2
72 2
1454 2
72 2
1454 2
72 2
1454 2
72 2
1454 2
72 2
1454 2
72 2
1454 2
72 2
1454 2
72 2
1454 2
72 2
1454 2
72 2
158 2
33 0
72 2
1454 2
72 2
1454 2
72 2
1454 2
72 2
21 2
72 2
1454 2
72 2
1454 2
72 2
1454 2
72 4
158 0
72 2
1454 2
72 2
1454 2
72 2
1454 2
72 8
826 2
72 2
826 2
72 2
826 2
72 2
826 2
72 2
826 2
72 2
826 2
72 2
826 2
72 2
826 2
72 2
826 2
72 2
826 2
72 2
826 2
72 2
826 2
72 2
826 2
72 2
826 2
72 2
826 2
72 2
826 2
72 2
826 2
72 2
826 2
72 2
106 2
29 0
72 2
826 2
72 2
826 2
72 2
826 2
72 2
17 2
72 2
826 2
72 2
826 2
72 2
826 2
72 4
106 0
72 2
826 2
72 2
826 2
72 2
826 2
72 8
1454 2
72 2
1454 2
72 2
1454 2
72 2
1454 2
72 2
1454 2
72 2
1454 2
72 2
1454 2
72 2
1454 2
72 2
1454 2
72 2
1454 2
72 2
1454 2
72 2
1454 2
72 2
1454 2
72 2
1454 2
72 2
1454 2
72 2
1454 2
72 2
1454 2
72 2
1454 2
72 2
158 2
33 0
72 2
1454 2
72 2
1454 2
72 2
1454 2
72 2
21 2
72 2
1454 2
72 2
1454 2
72 2
1454 2
72 4
158 0
72 2
1454 2
72 2
1454 2
72 2
1454 2
72 8
826 2
72 2
826 2
72 2
826 2
72 2
826 2
72 2
826 2
72 2
826 2
72 2
826 2
72 2
826 2
72 2
826 2
72 2
826 2
72 2
826 2
72 2
826 2
72 2
826 2
72 2
826 2
72 2
826 2
72 2
826 2
72 2
826 2
72 2
826 2
72 2
106 2
29 0
72 2
826 2
72 2
826 2
72 2
826 2
72 2
17 2
72 2
826 2
72 2
826 2
72 2
826 2
72 4
106 0
72 2
826 2
72 2
826 2
72 2
826 2
72 8
1454 2
72 2
1454 2
72 2
1454 2
72 2
1454 2
72 2
1454 2
72 2
1454 2
72 2
1454 2
72 2
1454 2
72 2
1454 2
72 2
1454 2
72 2
1454 2
72 2
1454 2
72 2
1454 2
72 2
1454 2
72 2
1454 2
72 2
1454 2
72 2
1454 2
72 2
1454 2
72 2
158 2
33 0
72 2
1454 2
72 2
1454 2
72 2
1454 2
72 2
21 2
72 2
1454 2
72 2
1454 2
72 2
1454 2
72 4
158 0
72 2
1454 2
72 2
1454 2
72 2
1454 2
72 8
826 2
72 2
826 2
72 2
826 2
72 2
826 2
72 2
826 2
72 2
826 2
72 2
826 2
72 2
826 2
72 2
826 2
72 2
826 2
72 2
826 2
72 2
826 2
72 2
826 2
72 2
826 2
72 2
826 2
72 2
826 2
72 2
826 2
72 2
826 2
72 2
106 2
29 0
72 2
826 2
72 2
826 2
72 2
826 2
72 2
17 2
72 2
826 2
72 2
826 2
72 2
826 2
72 4
106 0
72 2
826 2
72 2
826 2
72 2
826 2
72 8
1454 2
72 2
1454 2
72 2
1454 2
72 2
1454 2
72 2
1454 2
72 2
1454 2
72 2
1454 2
72 2
1454 2
72 2
1454 2
72 2
1454 2
72 2
1454 2
72 2
1454 2
72 2
1454 2
72 2
1454 2
72 2
1454 2
72 2
1454 2
72 2
1454 2
72 2
1454 2
72 2
158 2
33 0
72 2
1454 2
72 2
1454 2
72 2
1454 2
72 2
21 2
72 2
1454 2
72 2
1454 2
72 2
1454 2
72 4
158 0
72 2
1454 2
72 2
1454 2
72 2
1454 2
72 8
826 2
72 2
826 2
72 2
826 2
72 2
826 2
72 2
826 2
72 2
826 2
72 2
826 2
72 2
826 2
72 2
826 2
72 2
826 2
72 2
826 2
72 2
826 2
72 2
826 2
72 2
826 2
72 2
826 2
72 2
826 2
72 2
826 2
72 2
826 2
72 2
106 2
29 0
72 2
826 2
72 2
826 2
72 2
826 2
72 2
17 2
72 2
826 2
72 2
826 2
72 2
826 2
72 4
106 0
72 2
826 2
72 2
826 2
72 2
826 2
72 8
1454 2
72 2
1454 2
72 2
1454 2
72 2
1454 2
72 2
1454 2
72 2
1454 2
72 2
1454 2
72 2
1454 2
72 2
1454 2
72 2
1454 2
72 2
1454 2
72 2
1454 2
72 2
1454 2
72 2
1454 2
72 2
1454 2
72 2
1454 2
72 2
1454 2
72 2
1454 2
72 2
158 2
33 0
72 2
1454 2
72 2
1454 2
72 2
1454 2
72 2
21 2
72 2
1454 2
72 2
1454 2
72 2
1454 2
72 4
158 0
72 2
1454 2
72 2
1454 2
72 2
1454 2
72 8
826 2
72 2
826 2
72 2
826 2
72 2
826 2
72 2
826 2
72 2
826 2
72 2
826 2
72 2
826 2
72 2
826 2
72 2
826 2
72 2
826 2
72 2
826 2
72 2
826 2
72 2
826 2
72 2
826 2
72 2
826 2
72 2
826 2
72 2
826 2
72 2
106 2
29 0
72 2
826 2
72 2
826 2
72 2
826 2
72 2
17 2
72 2
826 2
72 2
826 2
72 2
826 2
72 4
106 0
72 2
826 2
72 2
826 2
72 2
826 2
E
S
L
72 14
218 14
166 14
218 14
166 14
218 14
166 14
218 14
166 14
218 14
166 14
218 14
166 14
218 14
166 14
218 14
166 14
E
S
H
72 14
41 2
40 2
36 2
40 2
41 3
40 2
36 3
40 2
41 3
40 2
36 3
40 3
41 3
40 2
36 3
40 2
41 3
40 2
36 3
40 2
41 3
40 2
36 3
40 3
41 3
40 2
36 3
40 3
41 4
72 14
41 2
40 2
36 2
40 2
41 3
40 2
36 3
40 2
41 3
40 2
36 3
40 3
41 3
40 2
36 3
40 2
41 3
40 2
36 3
40 2
41 3
40 2
36 3
40 3
41 3
40 2
36 3
40 3
41 4
72 14
41 2
40 2
36 2
40 2
41 3
40 2
36 3
40 2
41 3
40 2
36 3
40 3
41 3
40 2
36 3
40 2
41 3
40 2
36 3
40 2
41 3
40 2
36 3
40 3
41 3
40 2
36 3
40 3
41 4
72 14
41 2
40 2
36 2
40 2
41 3
40 2
36 3
40 2
41 3
40 2
36 3
40 3
41 3
40 2
36 3
40 2
41 3
40 2
36 3
40 2
41 3
40 2
36 3
40 3
41 3
40 2
36 3
40 3
41 4
E
S
H
72 14
36 0
72 2
36 2
36 2
72 2
36 2
72 2
33 2
72 2
33 2
72 2
29 0
72 14
36 0
72 2
36 2
36 2
72 2
36 2
72 2
33 2
72 2
33 2
72 2
29 0
72 14
36 0
72 2
36 2
36 2
72 2
36 2
72 2
33 2
72 2
33 2
72 2
29 0
72 14
36 0
72 2
36 2
36 2
72 2
36 2
72 2
33 2
72 2
33 2
72 2
29 0
72 14
36 0
72 2
36 2
36 2
72 2
36 2
72 2
33 2
72 2
33 2
72 2
29 0
72 14
36 0
72 2
36 2
36 2
72 2
36 2
72 2
33 2
72 2
33 2
72 2
29 0
72 14
36 0
72 2
36 2
36 2
72 2
36 2
72 2
33 2
72 2
33 2
72 2
29 0
72 14
36 0
72 2
36 2
36 2
72 2
36 2
72 2
33 2
72 2
33 2
72 2
29 0
72 14
36 0
72 2
36 2
36 2
72 2
36 2
72 2
33 2
72 2
33 2
72 2
29 0
72 14
36 0
72 2
36 2
36 2
72 2
36 2
72 2
33 2
72 2
33 2
72 2
29 0
72 14
36 0
72 2
36 2
36 2
72 2
36 2
72 2
33 2
72 2
33 2
72 2
29 0
72 14
36 0
72 2
36 2
36 2
72 2
36 2
72 2
33 2
72 2
33 2
72 2
29 0
72 14
36 0
72 2
36 2
36 2
72 2
36 2
72 2
33 2
72 2
33 2
72 2
29 0
72 14
36 0
72 2
36 2
36 2
72 2
36 2
72 2
33 2
72 2
33 2
72 2
29 0
72 14
36 0
72 2
36 2
36 2
72 2
36 2
72 2
33 2
72 2
33 2
72 2
29 0
72 14
36 0
72 2
36 2
36 2
72 2
36 2
72 2
33 2
72 2
33 2
72 2
29 0
E
S
L
30 2
72 8
30 2
72 2
30 2
72 6
30 2
72 6
30 2
72 2
30 2
72 2
30 2
72 6
30 2
72 6
30 2
72 6
30 2
72 8
30 2
72 2
30 2
72 6
30 2
72 6
30 2
72 2
30 2
72 2
30 2
72 6
30 2
72 6
30 2
72 6
1487 0
72 9
30 2
72 2
30 2
72 6
30 2
72 6
30 2
72 2
30 2
72 2
30 2
72 6
30 2
72 6
30 2
72 6
30 2
72 6
30 2
72 2
30 2
72 2
30 2
72 6
30 2
72 6
30 2
72 2
30 2
72 2
30 2
72 6
30 2
72 6
30 2
72 6
1487 0
72 9
30 2
72 2
30 2
72 6
30 2
72 6
30 2
72 2
30 2
72 2
30 2
72 6
30 2
72 6
30 2
72 6
30 2
72 6
30 2
72 2
30 2
72 2
30 2
72 6
30 2
72 6
30 2
72 2
30 2
72 2
30 2
72 6
30 2
72 6
30 2
72 6
1487 0
72 9
30 2
72 2
30 2
72 6
30 2
72 6
30 2
72 2
30 2
72 2
30 2
72 6
30 2
72 6
30 2
72 6
30 2
72 6
30 2
72 2
30 2
72 2
30 2
72 6
30 2
72 6
30 2
72 2
30 2
72 2
30 2
72 6
30 2
72 6
30 2
72 6
1487 0
72 9
30 2
72 2
30 2
72 6
30 2
72 6
30 2
72 2
30 2
72 2
30 2
72 6
30 2
72 6
30 2
72 6
30 2
72 6
30 2
72 2
30 2
72 2
30 2
72 6
30 2
72 6
30 2
72 2
30 2
72 2
30 2
72 6
30 2
72 6
30 2
72 6
1487 0
72 9
30 2
72 2
30 2
72 6
30 2
72 6
30 2
72 2
30 2
72 2
30 2
72 6
30 2
72 6
30 2
72 6
30 2
72 6
30 2
72 2
30 2
72 2
30 2
72 6
30 2
72 6
30 2
72 2
30 2
72 2
30 2
72 6
30 2
72 6
30 2
72 6
1487 0
72 9
30 2
72 2
30 2
72 6
30 2
72 6
30 2
72 2
30 2
72 2
30 2
72 6
30 2
72 6
30 2
72 6
30 2
72 6
30 2
72 2
30 2
72 2
30 2
72 6
30 2
72 6
30 2
72 2
30 2
72 2
30 2
72 6
30 2
72 6
30 2
72 6
1487 0
72 9
30 2
72 2
30 2
72 6
30 2
72 6
30 2
72 2
30 2
72 2
30 2
72 6
30 2
72 6
30 2
72 6
30 2
72 6
30 2
72 2
30 2
72 2
30 2
72 6
30 2
72 6
30 2
72 2
30 2
72 2
30 2
72 6
30 2
72 6
30 2
72 6
1487 0
72 9
30 2
72 2
30 2
72 6
30 2
72 6
30 2
72 2
30 2
72 2
30 2
72 6
30 2
72 6
30 2
72 6
30 2
72 6
30 2
72 2
30 2
72 2
30 2
72 6
30 2
72 6
30 2
72 2
30 2
72 2
30 2
72 6
30 2
72 6
30 2
72 6
1487 0
72 9
30 2
72 2
30 2
72 6
30 2
72 6
30 2
72 2
30 2
72 2
30 2
72 6
30 2
72 6
30 2
72 6
30 2
72 6
30 2
72 2
30 2
72 2
30 2
72 6
30 2
72 6
30 2
72 2
30 2
72 2
30 2
72 6
30 2
72 6
30 2
72 6
1487 0
72 9
30 2
72 2
30 2
72 6
30 2
72 6
30 2
72 2
30 2
72 2
30 2
72 6
30 2
72 6
30 2
72 6
30 2
72 6
30 2
72 2
30 2
72 2
30 2
72 6
30 2
72 6
30 2
72 2
30 2
72 2
30 2
72 6
30 2
72 6
30 2
72 6
1487 0
72 9
30 2
72 2
30 2
72 6
30 2
72 6
30 2
72 2
30 2
72 2
30 2
72 6
30 2
72 6
30 2
72 6
30 2
72 6
30 2
72 2
30 2
72 2
30 2
72 6
30 2
72 6
30 2
72 2
30 2
72 2
30 2
72 6
30 2
72 6
30 2
72 6
1487 0
72 9
30 2
72 2
30 2
72 6
30 2
72 6
30 2
72 2
30 2
72 2
30 2
72 6
30 2
72 6
30 2
72 6
30 2
72 6
30 2
72 2
30 2
72 2
30 2
72 6
30 2
72 6
30 2
72 2
30 2
72 2
30 2
72 6
30 2
72 6
30 2
72 6
1487 0
72 9
30 2
72 2
30 2
72 6
30 2
72 6
30 2
72 2
30 2
72 2
30 2
72 6
30 2
72 6
30 2
72 6
30 2
72 6
30 2
72 2
30 2
72 2
30 2
72 6
30 2
72 6
30 2
72 2
30 2
72 2
30 2
72 6
30 2
72 6
30 2
72 6
1487 0
72 9
30 2
72 2
30 2
72 6
30 2
72 6
30 2
72 2
30 2
72 2
30 2
72 6
30 2
72 6
30 2
72 6
30 2
72 6
30 2
72 2
30 2
72 2
30 2
72 6
30 2
72 6
30 2
72 2
30 2
72 2
30 2
72 6
30 2
72 6
30 2
72 6
1487 0
72 9
30 2
72 2
30 2
72 6
30 2
72 6
30 2
72 2
30 2
72 2
30 2
72 6
30 2
72 6
30 2
72 6
30 2
72 6
30 2
72 2
30 2
72 2
30 2
72 6
30 2
72 6
30 2
72 2
30 2
72 2
30 2
72 6
30 2
72 6
30 2
72 6
1487 0
72 9
30 2
72 2
30 2
72 6
30 2
72 6
30 2
72 2
30 2
72 2
30 2
72 6
30 2
72 6
30 2
72 6
30 2
72 6
30 2
72 2
30 2
72 2
30 2
72 6
30 2
72 6
30 2
72 2
30 2
72 2
30 2
72 6
30 2
72 6
30 2
E
X
