minor
S
L
14 2
72 2
14 2
72 2
14 2
72 2
14 2
72 2
14 0
72 4
14 2
72 2
17 2
72 6
17 2
72 2
17 3
72 5
17 2
72 2
16 2
72 6
16 2
72 2
16 2
72 2
14 3
72 5
14 2
72 2
14 2
72 6
14 2
72 2
17 2
72 6
17 2
72 2
17 3
72 5
17 2
72 2
16 2
72 6
16 2
72 2
16 2
72 2
19 2
72 2
19 2
72 2
19 2
72 2
19 2
72 2
19 0
72 4
19 2
72 2
22 2
72 6
22 2
72 2
22 3
72 5
22 2
72 2
21 2
72 6
21 2
72 2
21 2
72 2
19 3
72 5
19 2
72 2
19 2
72 6
19 2
72 2
22 2
72 6
22 2
72 2
22 3
72 5
22 2
72 2
21 2
72 6
21 2
72 2
21 2
72 2
17 2
72 2
17 2
72 2
17 2
72 2
17 2
72 2
17 0
72 4
17 2
72 2
20 2
72 6
20 2
72 2
20 3
72 5
20 2
72 2
19 2
72 6
19 2
72 2
19 2
72 2
17 3
72 5
17 2
72 2
17 2
72 6
17 2
72 2
20 2
72 6
20 2
72 2
20 3
72 5
20 2
72 2
19 2
72 6
19 2
72 2
19 2
72 2
19 2
72 2
19 2
72 2
19 2
72 2
19 2
72 2
19 0
72 4
19 2
72 2
22 2
72 6
19 2
72 2
19 2
72 2
19 2
72 2
19 2
72 2
19 0
72 4
19 2
72 2
22 2
72 6
19 2
72 2
19 2
72 2
19 2
72 2
19 2
72 2
19 0
72 4
19 2
72 2
22 2
72 6
19 2
72 2
19 2
72 2
19 2
72 2
19 2
72 2
19 0
72 4
19 2
72 2
22 2
72 6
19 2
72 2
19 2
72 2
19 2
72 2
19 2
72 2
19 0
72 4
19 2
72 2
22 2
72 6
19 2
72 2
19 2
72 2
19 2
72 2
19 2
72 2
19 0
72 4
19 2
72 2
22 2
E
S
H
499 2
72 2
499 2
72 2
499 2
72 2
499 2
72 2
499 2
72 2
499 2
72 2
499 2
72 2
499 2
72 2
499 2
72 2
499 2
72 2
499 2
72 2
499 2
72 2
499 2
72 2
499 2
72 2
499 2
72 2
499 2
72 2
499 2
72 2
499 2
72 2
211 2
38 0
72 2
499 2
72 2
499 2
72 2
499 2
72 2
26 2
72 2
499 2
72 2
499 2
72 2
499 2
72 4
211 0
72 2
499 2
72 2
499 2
72 2
499 2
72 8
1140 2
72 2
1140 2
72 2
1140 2
72 2
1140 2
72 2
1140 2
72 2
1140 2
72 2
1140 2
72 2
1140 2
72 2
1140 2
72 2
1140 2
72 2
1140 2
72 2
1140 2
72 2
1140 2
72 2
1140 2
72 2
1140 2
72 2
1140 2
72 2
1140 2
72 2
1140 2
72 2
132 2
43 0
72 2
1140 2
72 2
1140 2
72 2
1140 2
72 2
31 2
72 2
1140 2
72 2
1140 2
72 2
1140 2
72 4
132 0
72 2
1140 2
72 2
1140 2
72 2
1140 2
72 8
826 2
72 2
826 2
72 2
826 2
72 2
826 2
72 2
826 2
72 2
826 2
72 2
826 2
72 2
826 2
72 2
826 2
72 2
826 2
72 2
826 2
72 2
826 2
72 2
826 2
72 2
826 2
72 2
826 2
72 2
826 2
72 2
826 2
72 2
826 2
72 2
106 2
41 0
72 2
826 2
72 2
826 2
72 2
826 2
72 2
29 2
72 2
826 2
72 2
826 2
72 2
826 2
72 4
106 0
72 2
826 2
72 2
826 2
72 2
826 2
E
S
L
127 14
192 14
166 14
192 13
192 13
192 13
192 13
192 13
192 13
E
S
H
62 3
60 3
58 2
57 2
60 3
58 2
57 2
55 2
57 2
58 3
57 2
55 2
53 2
55 2
57 2
55 2
53 2
55 2
57 2
55 2
53 2
55 2
57 2
55 2
53 2
55 2
57 2
55 2
72 7
62 3
60 3
58 2
57 2
60 3
58 2
57 2
55 2
57 2
58 3
57 2
55 2
53 2
55 2
57 2
55 2
50 2
52 2
53 2
52 2
50 2
52 2
53 2
52 2
55 2
57 2
58 2
57 2
72 7
67 3
65 3
63 2
62 2
65 3
63 2
62 2
60 2
62 2
63 3
62 2
60 2
58 2
60 2
62 2
60 2
58 2
60 2
62 2
60 2
58 2
60 2
62 2
60 2
58 2
60 2
62 2
60 2
72 7
67 3
65 3
63 2
62 2
65 3
63 2
62 2
60 2
62 2
63 3
62 2
60 2
58 2
60 2
62 2
60 2
55 2
57 2
58 2
57 2
55 2
57 2
58 2
57 2
55 2
57 2
58 2
57 2
72 7
65 3
63 3
61 2
60 2
63 3
61 2
60 2
58 2
60 2
61 3
60 2
58 2
56 2
58 2
60 2
58 2
56 2
58 2
60 2
58 2
56 2
58 2
60 2
58 2
56 2
58 2
60 2
58 2
72 7
65 3
63 3
61 2
60 2
63 3
61 2
60 2
58 2
60 2
61 3
60 2
58 2
56 2
58 2
60 2
58 2
53 2
55 2
56 2
55 2
53 2
55 2
56 2
55 2
58 2
60 2
61 2
60 2
72 7
70 2
69 2
67 2
70 3
69 2
67 2
70 3
69 2
67 2
70 2
69 2
67 2
70 3
69 2
67 2
70 3
69 2
67 2
70 2
69 2
67 2
70 3
69 2
67 2
70 3
69 2
67 2
70 2
69 2
67 2
70 3
69 2
67 2
70 3
69 2
67 2
70 2
69 2
67 2
70 3
69 2
67 2
70 3
69 2
67 2
70 2
69 2
67 2
70 3
69 2
67 2
70 3
69 2
67 2
70 2
69 2
67 2
70 3
69 2
67 2
70 3
69 2
67 2
70 2
69 2
67 2
70 3
69 2
67 2
70 3
69 2
67 2
70 2
69 2
67 2
70 3
69 2
67 2
70 3
69 2
67 2
70 2
69 2
67 2
70 3
69 2
67 2
70 3
69 2
67 2
70 2
69 2
67 2
70 3
69 2
67 2
70 3
69 2
67 2
E
S
H
72 13
36 0
72 2
36 2
36 2
72 2
36 2
72 2
33 2
72 2
33 2
72 2
29 0
72 14
36 0
72 2
36 2
36 2
72 2
36 2
72 2
33 2
72 2
33 2
72 2
29 0
72 14
36 0
72 2
36 2
36 2
72 2
36 2
72 2
33 2
72 2
33 2
72 2
29 0
E
S
L
1487 0
72 9
30 2
72 2
30 2
72 6
30 2
72 6
30 2
72 2
30 2
72 2
30 2
72 6
30 2
72 6
30 2
72 6
30 2
72 6
30 2
72 2
30 2
72 2
30 2
72 6
30 2
72 6
30 2
72 2
30 2
72 2
30 2
72 6
30 2
72 6
30 2
72 6
1487 0
72 9
30 2
72 2
30 2
72 6
30 2
72 6
30 2
72 2
30 2
72 2
30 2
72 6
30 2
72 6
30 2
72 6
30 2
72 6
30 2
72 2
30 2
72 2
30 2
72 6
30 2
72 6
30 2
72 2
30 2
72 2
30 2
72 6
30 2
72 6
30 2
72 6
1487 0
72 9
30 2
72 2
30 2
72 6
30 2
72 6
30 2
72 2
30 2
72 2
30 2
72 6
30 2
72 6
30 2
72 6
30 2
72 6
30 2
72 2
30 2
72 2
30 2
72 6
30 2
72 6
30 2
72 2
30 2
72 2
30 2
72 6
30 2
72 6
30 2
72 6
1487 0
72 9
30 2
72 2
30 2
72 6
30 2
72 6
30 2
72 2
30 2
72 2
30 2
72 6
30 2
72 6
30 2
72 6
30 2
72 6
30 2
72 2
30 2
72 2
30 2
72 6
30 2
72 6
30 2
72 2
30 2
72 2
30 2
72 6
30 2
72 6
30 2
72 6
1487 0
72 9
30 2
72 2
30 2
72 6
30 2
72 6
30 2
72 2
30 2
72 2
30 2
72 6
30 2
72 6
30 2
E
X
