major
S
L
72 14
30 7
72 4
30 7
72 7
30 4
29 4
30 4
29 4
72 4
24 4
72 4
24 4
27 2
72 2
30 7
72 4
30 8
72 6
30 4
29 4
30 4
29 7
24 4
72 4
21 6
72 2
33 8
72 2
33 7
72 7
33 4
31 4
33 4
31 4
72 4
31 4
72 4
33 4
29 4
30 4
72 14
30 7
72 4
30 7
72 7
30 4
29 4
30 4
29 4
72 4
24 4
72 4
24 4
27 2
72 2
30 7
72 4
30 8
72 6
30 4
29 4
30 4
29 7
24 4
72 4
21 6
72 2
33 8
72 2
33 7
72 7
33 4
31 4
33 4
31 4
72 4
31 4
72 4
33 4
29 4
30 14
72 14
30 7
72 4
30 7
72 7
30 4
29 4
30 4
29 4
72 4
24 4
72 4
24 4
27 2
72 2
30 7
72 4
30 8
72 6
30 4
29 4
30 4
29 7
24 4
72 4
21 6
72 2
33 8
72 2
33 7
72 7
33 4
31 4
33 4
31 4
72 4
31 4
72 4
33 4
29 4
30 4
72 14
30 7
72 4
30 7
72 7
30 4
29 4
30 4
29 4
72 4
24 4
72 4
24 4
27 2
72 2
30 7
72 4
30 8
72 6
30 4
29 4
30 4
29 7
24 4
72 4
21 6
72 2
33 8
72 2
33 7
72 7
33 4
31 4
33 4
31 4
72 4
31 4
72 4
33 4
29 4
30 14
72 14
30 7
72 4
30 7
72 7
30 4
29 4
30 4
29 4
72 4
24 4
72 4
24 4
27 2
72 2
30 7
72 4
30 8
72 6
30 4
29 4
30 4
29 7
24 4
72 4
21 6
72 2
33 8
72 2
33 7
72 7
33 4
31 4
33 4
31 4
72 4
31 4
72 4
33 4
29 4
30 4
72 14
30 7
72 4
30 7
72 7
30 4
29 4
30 4
29 4
72 4
24 4
72 4
24 4
27 2
72 2
30 7
72 4
30 8
72 6
30 4
29 4
30 4
29 7
24 4
72 4
21 6
72 2
33 8
72 2
33 7
72 7
33 4
31 4
33 4
31 4
72 4
31 4
72 4
33 4
29 4
30 14
E
S
L
72 7
346 3
72 1
121 0
72 12
346 3
72 1
121 0
72 12
346 3
72 1
121 0
72 14
346 3
72 1
121 0
72 12
346 3
72 1
346 0
72 12
1760 3
72 1
239 0
72 12
1760 3
72 1
1760 0
72 12
346 3
72 1
121 0
72 12
346 3
72 1
346 0
72 12
1760 3
72 1
239 0
72 12
1760 3
72 1
1760 0
72 12
987 3
72 1
174 0
72 12
830 3
72 1
830 0
72 12
987 3
72 1
174 0
72 12
830 3
72 1
830 0
72 12
1446 3
72 1
213 0
72 12
1144 3
72 1
1144 0
72 12
987 3
72 1
174 0
72 12
987 3
72 1
174 0
72 12
987 3
72 1
174 0
72 12
830 3
72 1
830 0
72 12
987 3
72 1
174 0
72 12
830 3
72 1
830 0
72 12
1446 3
72 1
213 0
72 12
1144 3
72 1
1144 0
72 12
987 3
72 1
174 0
72 12
987 3
72 1
174 0
72 12
346 3
72 1
121 0
72 12
346 3
72 1
121 0
72 12
346 3
72 1
121 0
72 14
346 3
72 1
121 0
72 12
346 3
72 1
346 0
72 12
1760 3
72 1
239 0
72 12
1760 3
72 1
1760 0
72 12
346 3
72 1
121 0
72 12
346 3
72 1
346 0
72 12
1760 3
72 1
239 0
72 12
1760 3
72 1
1760 0
72 12
987 3
72 1
174 0
72 12
830 3
72 1
830 0
72 12
987 3
72 1
174 0
72 12
830 3
72 1
830 0
72 12
1446 3
72 1
213 0
72 12
1144 3
72 1
1144 0
72 12
987 3
72 1
174 0
72 12
987 3
72 1
174 0
72 12
987 3
72 1
174 0
72 12
830 3
72 1
830 0
72 12
987 3
72 1
174 0
72 12
830 3
72 1
830 0
72 12
1446 3
72 1
213 0
72 12
1144 3
72 1
1144 0
72 12
987 3
72 1
174 0
72 12
987 3
72 1
174 0
72 12
346 3
72 1
121 0
72 12
346 3
72 1
121 0
72 12
346 3
72 1
121 0
72 14
346 3
72 1
121 0
72 12
346 3
72 1
346 0
72 12
1760 3
72 1
239 0
72 12
1760 3
72 1
1760 0
72 12
346 3
72 1
121 0
72 12
346 3
72 1
346 0
72 12
1760 3
72 1
239 0
72 12
1760 3
72 1
1760 0
72 12
987 3
72 1
174 0
72 12
830 3
72 1
830 0
72 12
987 3
72 1
174 0
72 12
830 3
72 1
830 0
72 12
1446 3
72 1
213 0
72 12
1144 3
72 1
1144 0
72 12
987 3
72 1
174 0
72 12
987 3
72 1
174 0
72 12
987 3
72 1
174 0
72 12
830 3
72 1
830 0
72 12
987 3
72 1
174 0
72 12
830 3
72 1
830 0
72 12
1446 3
72 1
213 0
72 12
1144 3
72 1
1144 0
72 12
987 3
72 1
174 0
72 12
987 3
72 1
174 0
E
S
L
13 4
72 7
22 4
20 6
72 8
13 4
72 7
22 4
20 6
72 8
13 4
72 7
22 4
20 6
72 8
13 4
72 12
13 4
72 7
22 4
20 6
72 8
13 4
72 7
22 4
20 4
72 4
17 4
72 4
11 6
72 6
20 4
18 6
72 8
11 6
72 6
20 4
18 6
72 2
15 4
72 4
13 4
72 7
22 4
20 6
72 8
13 4
72 7
22 4
20 4
72 4
17 4
72 4
11 6
72 6
20 4
18 6
72 8
11 6
72 6
20 4
18 6
72 2
15 4
72 4
6 4
72 7
15 4
13 6
72 8
5 4
72 7
14 4
12 4
72 4
9 4
72 4
6 6
72 6
15 4
13 6
72 8
5 6
72 6
14 4
12 6
72 2
9 4
72 4
9 6
72 6
18 4
16 6
72 8
7 6
72 6
16 4
14 6
72 2
11 4
72 4
6 4
72 7
15 4
13 6
72 8
6 4
72 7
15 4
13 6
72 8
6 4
72 7
15 4
13 6
72 8
5 4
72 7
14 4
12 4
72 4
9 4
72 4
6 6
72 6
15 4
13 6
72 8
5 6
72 6
14 4
12 6
72 2
9 4
72 4
9 6
72 6
18 4
16 6
72 8
7 6
72 6
16 4
14 6
72 2
11 4
72 4
6 4
72 7
15 4
13 6
72 8
6 4
72 7
15 4
13 6
72 8
13 4
72 7
22 4
20 6
72 8
13 4
72 7
22 4
20 6
72 8
13 4
72 7
22 4
20 6
72 8
13 4
72 12
13 4
72 7
22 4
20 6
72 8
13 4
72 7
22 4
20 4
72 4
17 4
72 4
11 6
72 6
20 4
18 6
72 8
11 6
72 6
20 4
18 6
72 2
15 4
72 4
13 4
72 7
22 4
20 6
72 8
13 4
72 7
22 4
20 4
72 4
17 4
72 4
11 6
72 6
20 4
18 6
72 8
11 6
72 6
20 4
18 6
72 2
15 4
72 4
6 4
72 7
15 4
13 6
72 8
5 4
72 7
14 4
12 4
72 4
9 4
72 4
6 6
72 6
15 4
13 6
72 8
5 6
72 6
14 4
12 6
72 2
9 4
72 4
9 6
72 6
18 4
16 6
72 8
7 6
72 6
16 4
14 6
72 2
11 4
72 4
6 4
72 7
15 4
13 6
72 8
6 4
72 7
15 4
13 6
72 8
6 4
72 7
15 4
13 6
72 8
5 4
72 7
14 4
12 4
72 4
9 4
72 4
6 6
72 6
15 4
13 6
72 8
5 6
72 6
14 4
12 6
72 2
9 4
72 4
9 6
72 6
18 4
16 6
72 8
7 6
72 6
16 4
14 6
72 2
11 4
72 4
6 4
72 7
15 4
13 6
72 8
6 4
72 7
15 4
13 6
72 8
13 4
72 7
22 4
20 6
72 8
13 4
72 7
22 4
20 6
72 8
13 4
72 7
22 4
20 6
72 8
13 4
72 12
13 4
72 7
22 4
20 6
72 8
13 4
72 7
22 4
20 4
72 4
17 4
72 4
11 6
72 6
20 4
18 6
72 8
11 6
72 6
20 4
18 6
72 2
15 4
72 4
13 4
72 7
22 4
20 6
72 8
13 4
72 7
22 4
20 4
72 4
17 4
72 4
11 6
72 6
20 4
18 6
72 8
11 6
72 6
20 4
18 6
72 2
15 4
72 4
6 4
72 7
15 4
13 6
72 8
5 4
72 7
14 4
12 4
72 4
9 4
72 4
6 6
72 6
15 4
13 6
72 8
5 6
72 6
14 4
12 6
72 2
9 4
72 4
9 6
72 6
18 4
16 6
72 8
7 6
72 6
16 4
14 6
72 2
11 4
72 4
6 4
72 7
15 4
13 6
72 8
6 4
72 7
15 4
13 6
72 8
6 4
72 7
15 4
13 6
72 8
5 4
72 7
14 4
12 4
72 4
9 4
72 4
6 6
72 6
15 4
13 6
72 8
5 6
72 6
14 4
12 6
72 2
9 4
72 4
9 6
72 6
18 4
16 6
72 8
7 6
72 6
16 4
14 6
72 2
11 4
72 4
6 4
72 7
15 4
13 6
72 8
6 4
72 7
15 4
13 6
E
S
H
72 14
346 2
72 6
346 2
72 2
697 2
72 2
1314 2
72 6
222 2
72 6
1314 2
72 12
1314 2
72 2
1602 2
72 2
1792 2
72 8
1792 2
72 14
346 2
72 6
346 2
72 2
697 2
72 2
1314 2
72 6
222 2
72 6
1314 2
72 12
1314 2
72 2
1602 2
72 2
1792 2
72 8
1012 2
72 14
346 2
72 6
346 2
72 2
697 2
72 2
1314 2
72 6
222 2
72 6
1314 2
72 12
1314 2
72 2
1602 2
72 2
1792 2
72 8
1792 2
72 14
346 2
72 6
346 2
72 2
697 2
72 2
1314 2
72 6
222 2
72 6
1314 2
72 12
1314 2
72 2
1602 2
72 2
1792 2
72 8
1012 2
72 14
346 2
72 6
346 2
72 2
697 2
72 2
1314 2
72 6
222 2
72 6
1314 2
72 12
1314 2
72 2
1602 2
72 2
1792 2
72 8
1792 2
72 14
346 2
72 6
346 2
72 2
697 2
72 2
1314 2
72 6
222 2
72 6
1314 2
72 12
1314 2
72 2
1602 2
72 2
1792 2
72 8
1012 2
E
S
L
72 14
1314 2
72 6
1314 2
72 14
1012 2
72 6
1012 2
72 14
1314 2
72 6
1314 2
72 14
1012 2
72 6
1012 2
72 14
1314 2
72 6
1314 2
72 14
1012 2
72 6
1012 2
72 14
1314 2
72 6
1314 2
72 14
1012 2
72 6
1012 2
72 14
1314 2
72 6
1314 2
72 14
1012 2
72 6
1012 2
72 14
1314 2
72 6
1314 2
72 14
1012 2
72 6
1012 2
E
S
H
13 2
72 2
346 2
72 6
346 2
72 2
17 2
72 2
346 2
72 2
17 2
72 2
346 2
72 2
13 2
72 2
346 2
72 6
346 2
72 2
17 2
72 2
346 2
72 2
17 2
72 2
346 2
72 2
13 2
72 2
346 2
72 6
346 2
72 2
17 2
72 2
346 2
72 2
17 2
72 2
346 2
72 13
13 2
72 2
346 2
72 6
346 2
72 2
17 2
72 2
346 2
72 2
17 2
72 2
346 2
72 2
13 2
72 2
346 2
72 6
346 2
72 2
17 2
72 2
346 2
72 2
17 2
72 2
346 2
72 2
11 2
72 2
1760 2
72 6
1760 2
72 2
15 2
72 2
1760 2
72 2
15 2
72 2
1760 2
72 2
11 2
72 2
1760 2
72 6
1760 2
72 2
15 2
72 2
1760 2
72 2
15 2
72 2
1760 2
72 2
13 2
72 2
346 2
72 6
346 2
72 2
17 2
72 2
346 2
72 2
17 2
72 2
346 2
72 2
13 2
72 2
346 2
72 6
346 2
72 2
17 2
72 2
346 2
72 2
17 2
72 2
346 2
72 2
11 2
72 2
1760 2
72 6
1760 2
72 2
15 2
72 2
1760 2
72 2
15 2
72 2
1760 2
72 2
11 2
72 2
1760 2
72 6
1760 2
72 2
15 2
72 2
1760 2
72 2
15 2
72 2
1760 2
72 2
18 2
72 2
987 2
72 6
987 2
72 2
22 2
72 2
987 2
72 2
22 2
72 2
987 2
72 2
17 2
72 2
830 2
72 6
830 2
72 2
21 2
72 2
830 2
72 2
21 2
72 2
830 2
72 2
18 2
72 2
987 2
72 6
987 2
72 2
22 2
72 2
987 2
72 2
22 2
72 2
987 2
72 2
17 2
72 2
830 2
72 6
830 2
72 2
21 2
72 2
830 2
72 2
21 2
72 2
830 2
72 2
21 2
72 2
1446 2
72 6
1446 2
72 2
25 2
72 2
1446 2
72 2
25 2
72 2
1446 2
72 2
19 2
72 2
1144 2
72 6
1144 2
72 2
23 2
72 2
1144 2
72 2
23 2
72 2
1144 2
72 2
18 2
72 2
987 2
72 6
987 2
72 2
22 2
72 2
987 2
72 2
22 2
72 2
987 2
72 2
18 2
72 2
987 2
72 6
987 2
72 2
22 2
72 2
987 2
72 2
22 2
72 2
987 2
72 2
18 2
72 2
987 2
72 6
987 2
72 2
22 2
72 2
987 2
72 2
22 2
72 2
987 2
72 2
17 2
72 2
830 2
72 6
830 2
72 2
21 2
72 2
830 2
72 2
21 2
72 2
830 2
72 2
18 2
72 2
987 2
72 6
987 2
72 2
22 2
72 2
987 2
72 2
22 2
72 2
987 2
72 2
17 2
72 2
830 2
72 6
830 2
72 2
21 2
72 2
830 2
72 2
21 2
72 2
830 2
72 2
21 2
72 2
1446 2
72 6
1446 2
72 2
25 2
72 2
1446 2
72 2
25 2
72 2
1446 2
72 2
19 2
72 2
1144 2
72 6
1144 2
72 2
23 2
72 2
1144 2
72 2
23 2
72 2
1144 2
72 2
18 2
72 2
987 2
72 6
987 2
72 2
22 2
72 2
987 2
72 2
22 2
72 2
987 2
72 2
18 2
72 2
987 2
72 6
987 2
72 2
22 2
72 2
987 2
72 2
22 2
72 2
987 2
72 2
13 2
72 2
346 2
72 6
346 2
72 2
17 2
72 2
346 2
72 2
17 2
72 2
346 2
72 2
13 2
72 2
346 2
72 6
346 2
72 2
17 2
72 2
346 2
72 2
17 2
72 2
346 2
72 2
13 2
72 2
346 2
72 6
346 2
72 2
17 2
72 2
346 2
72 2
17 2
72 2
346 2
72 13
13 2
72 2
346 2
72 6
346 2
72 2
17 2
72 2
346 2
72 2
17 2
72 2
346 2
72 2
13 2
72 2
346 2
72 6
346 2
72 2
17 2
72 2
346 2
72 2
17 2
72 2
346 2
72 2
11 2
72 2
1760 2
72 6
1760 2
72 2
15 2
72 2
1760 2
72 2
15 2
72 2
1760 2
72 2
11 2
72 2
1760 2
72 6
1760 2
72 2
15 2
72 2
1760 2
72 2
15 2
72 2
1760 2
72 2
13 2
72 2
346 2
72 6
346 2
72 2
17 2
72 2
346 2
72 2
17 2
72 2
346 2
72 2
13 2
72 2
346 2
72 6
346 2
72 2
17 2
72 2
346 2
72 2
17 2
72 2
346 2
72 2
11 2
72 2
1760 2
72 6
1760 2
72 2
15 2
72 2
1760 2
72 2
15 2
72 2
1760 2
72 2
11 2
72 2
1760 2
72 6
1760 2
72 2
15 2
72 2
1760 2
72 2
15 2
72 2
1760 2
72 2
18 2
72 2
987 2
72 6
987 2
72 2
22 2
72 2
987 2
72 2
22 2
72 2
987 2
72 2
17 2
72 2
830 2
72 6
830 2
72 2
21 2
72 2
830 2
72 2
21 2
72 2
830 2
72 2
18 2
72 2
987 2
72 6
987 2
72 2
22 2
72 2
987 2
72 2
22 2
72 2
987 2
72 2
17 2
72 2
830 2
72 6
830 2
72 2
21 2
72 2
830 2
72 2
21 2
72 2
830 2
72 2
21 2
72 2
1446 2
72 6
1446 2
72 2
25 2
72 2
1446 2
72 2
25 2
72 2
1446 2
72 2
19 2
72 2
1144 2
72 6
1144 2
72 2
23 2
72 2
1144 2
72 2
23 2
72 2
1144 2
72 2
18 2
72 2
987 2
72 6
987 2
72 2
22 2
72 2
987 2
72 2
22 2
72 2
987 2
72 2
18 2
72 2
987 2
72 6
987 2
72 2
22 2
72 2
987 2
72 2
22 2
72 2
987 2
72 2
18 2
72 2
987 2
72 6
987 2
72 2
22 2
72 2
987 2
72 2
22 2
72 2
987 2
72 2
17 2
72 2
830 2
72 6
830 2
72 2
21 2
72 2
830 2
72 2
21 2
72 2
830 2
72 2
18 2
72 2
987 2
72 6
987 2
72 2
22 2
72 2
987 2
72 2
22 2
72 2
987 2
72 2
17 2
72 2
830 2
72 6
830 2
72 2
21 2
72 2
830 2
72 2
21 2
72 2
830 2
72 2
21 2
72 2
1446 2
72 6
1446 2
72 2
25 2
72 2
1446 2
72 2
25 2
72 2
1446 2
72 2
19 2
72 2
1144 2
72 6
1144 2
72 2
23 2
72 2
1144 2
72 2
23 2
72 2
1144 2
72 2
18 2
72 2
987 2
72 6
987 2
72 2
22 2
72 2
987 2
72 2
22 2
72 2
987 2
72 2
18 2
72 2
987 2
72 6
987 2
72 2
22 2
72 2
987 2
72 2
22 2
72 2
987 2
72 2
13 2
72 2
346 2
72 6
346 2
72 2
17 2
72 2
346 2
72 2
17 2
72 2
346 2
72 2
13 2
72 2
346 2
72 6
346 2
72 2
17 2
72 2
346 2
72 2
17 2
72 2
346 2
72 2
13 2
72 2
346 2
72 6
346 2
72 2
17 2
72 2
346 2
72 2
17 2
72 2
346 2
72 13
13 2
72 2
346 2
72 6
346 2
72 2
17 2
72 2
346 2
72 2
17 2
72 2
346 2
72 2
13 2
72 2
346 2
72 6
346 2
72 2
17 2
72 2
346 2
72 2
17 2
72 2
346 2
72 2
11 2
72 2
1760 2
72 6
1760 2
72 2
15 2
72 2
1760 2
72 2
15 2
72 2
1760 2
72 2
11 2
72 2
1760 2
72 6
1760 2
72 2
15 2
72 2
1760 2
72 2
15 2
72 2
1760 2
72 2
13 2
72 2
346 2
72 6
346 2
72 2
17 2
72 2
346 2
72 2
17 2
72 2
346 2
72 2
13 2
72 2
346 2
72 6
346 2
72 2
17 2
72 2
346 2
72 2
17 2
72 2
346 2
72 2
11 2
72 2
1760 2
72 6
1760 2
72 2
15 2
72 2
1760 2
72 2
15 2
72 2
1760 2
72 2
11 2
72 2
1760 2
72 6
1760 2
72 2
15 2
72 2
1760 2
72 2
15 2
72 2
1760 2
72 2
18 2
72 2
987 2
72 6
987 2
72 2
22 2
72 2
987 2
72 2
22 2
72 2
987 2
72 2
17 2
72 2
830 2
72 6
830 2
72 2
21 2
72 2
830 2
72 2
21 2
72 2
830 2
72 2
18 2
72 2
987 2
72 6
987 2
72 2
22 2
72 2
987 2
72 2
22 2
72 2
987 2
72 2
17 2
72 2
830 2
72 6
830 2
72 2
21 2
72 2
830 2
72 2
21 2
72 2
830 2
72 2
21 2
72 2
1446 2
72 6
1446 2
72 2
25 2
72 2
1446 2
72 2
25 2
72 2
1446 2
72 2
19 2
72 2
1144 2
72 6
1144 2
72 2
23 2
72 2
1144 2
72 2
23 2
72 2
1144 2
72 2
18 2
72 2
987 2
72 6
987 2
72 2
22 2
72 2
987 2
72 2
22 2
72 2
987 2
72 2
18 2
72 2
987 2
72 6
987 2
72 2
22 2
72 2
987 2
72 2
22 2
72 2
987 2
72 2
18 2
72 2
987 2
72 6
987 2
72 2
22 2
72 2
987 2
72 2
22 2
72 2
987 2
72 2
17 2
72 2
830 2
72 6
830 2
72 2
21 2
72 2
830 2
72 2
21 2
72 2
830 2
72 2
18 2
72 2
987 2
72 6
987 2
72 2
22 2
72 2
987 2
72 2
22 2
72 2
987 2
72 2
17 2
72 2
830 2
72 6
830 2
72 2
21 2
72 2
830 2
72 2
21 2
72 2
830 2
72 2
21 2
72 2
1446 2
72 6
1446 2
72 2
25 2
72 2
1446 2
72 2
25 2
72 2
1446 2
72 2
19 2
72 2
1144 2
72 6
1144 2
72 2
23 2
72 2
1144 2
72 2
23 2
72 2
1144 2
72 2
18 2
72 2
987 2
72 6
987 2
72 2
22 2
72 2
987 2
72 2
22 2
72 2
987 2
72 2
18 2
72 2
987 2
72 6
987 2
72 2
22 2
72 2
987 2
72 2
22 2
72 2
987 2
E
S
L
72 14
6 7
72 4
6 7
72 7
6 4
5 4
6 4
5 4
72 4
0 4
72 4
0 4
3 2
72 2
6 7
72 4
6 8
72 6
6 4
5 4
6 4
5 7
0 4
72 4
9 6
72 2
9 8
72 2
9 7
72 7
9 4
7 4
9 4
7 4
72 4
7 4
72 4
9 4
5 4
6 14
72 14
6 7
72 4
6 7
72 7
6 4
5 4
6 4
5 4
72 4
0 4
72 4
0 4
3 2
72 2
6 7
72 4
6 8
72 6
6 4
5 4
6 4
5 7
0 4
72 4
9 6
72 2
9 8
72 2
9 7
72 7
9 4
7 4
9 4
7 4
72 4
7 4
72 4
9 4
5 4
6 14
72 14
6 7
72 4
6 7
72 7
6 4
5 4
6 4
5 4
72 4
0 4
72 4
0 4
3 2
72 2
6 7
72 4
6 8
72 6
6 4
5 4
6 4
5 7
0 4
72 4
9 6
72 2
9 8
72 2
9 7
72 7
9 4
7 4
9 4
7 4
72 4
7 4
72 4
9 4
5 4
6 14
E
S
H
72 14
41 2
41 2
41 2
41 2
41 2
41 2
41 2
41 2
72 14
41 2
41 2
41 2
41 2
41 2
41 2
41 2
41 2
72 14
41 2
41 2
41 2
41 2
41 2
41 2
41 2
41 2
72 14
41 2
41 2
41 2
41 2
41 2
41 2
41 2
41 2
72 14
41 2
41 2
41 2
41 2
41 2
41 2
41 2
41 2
72 14
41 2
41 2
41 2
41 2
41 2
41 2
41 2
41 2
E
S
L
72 14
342 14
1768 14
342 14
1768 14
72 14
342 14
1768 14
342 14
1768 14
72 14
342 14
1768 14
342 14
1768 14
E
S
H
1614 0
1614 0
1457 2
1457 2
222 2
42 0
1614 0
1457 2
1457 2
357 0
357 0
1771 0
1771 0
1614 0
1614 0
1614 0
1614 0
1614 0
1614 0
1457 2
1457 2
222 2
42 0
1614 0
1457 2
1457 2
357 0
357 0
1771 0
1771 0
1614 0
1614 0
1614 0
1614 0
1614 0
1614 0
1457 2
1457 2
222 2
42 0
1614 0
1457 2
1457 2
357 0
357 0
1771 0
1771 0
1614 0
1614 0
1614 0
1614 0
1614 0
1614 0
1457 2
1457 2
222 2
42 0
1614 0
1457 2
1457 2
357 0
357 0
1771 0
1771 0
1614 0
1614 0
1614 0
1614 0
1614 0
1614 0
1457 2
1457 2
222 2
42 0
1614 0
1457 2
1457 2
357 0
357 0
1771 0
1771 0
1614 0
1614 0
1614 0
1614 0
1614 0
1614 0
1457 2
1457 2
222 2
42 0
1614 0
1457 2
1457 2
357 0
357 0
1771 0
1771 0
1614 0
1614 0
1614 0
1614 0
E
S
L
72 14
21 3
72 1
25 3
72 1
28 4
33 3
72 11
19 4
23 4
26 5
31 5
72 14
21 3
72 1
25 3
72 1
28 4
33 3
72 11
19 4
23 4
26 5
31 5
72 14
21 3
72 1
25 3
72 1
28 4
33 3
72 11
19 4
23 4
26 5
31 5
72 14
21 3
72 1
25 3
72 1
28 4
33 3
72 11
19 4
23 4
26 5
31 5
72 14
21 3
72 1
25 3
72 1
28 4
33 3
72 11
19 4
23 4
26 5
31 5
72 14
21 3
72 1
25 3
72 1
28 4
33 3
72 11
19 4
23 4
26 5
31 5
E
S
H
72 14
1614 2
72 2
1614 2
72 8
1614 2
72 10
1457 2
72 2
1457 2
72 8
1457 2
72 10
1614 2
72 2
1614 2
72 8
1614 2
72 10
1457 2
72 2
1457 2
72 8
1457 2
72 10
357 2
72 2
357 2
72 8
357 2
72 10
1771 2
72 2
1771 2
72 8
1771 2
72 10
1614 2
72 2
1614 2
72 8
1614 2
72 10
1614 2
72 2
1614 2
72 8
1614 2
72 10
1614 2
72 2
1614 2
72 8
1614 2
72 10
1457 2
72 2
1457 2
72 8
1457 2
72 10
1614 2
72 2
1614 2
72 8
1614 2
72 10
1457 2
72 2
1457 2
72 8
1457 2
72 10
357 2
72 2
357 2
72 8
357 2
72 10
1771 2
72 2
1771 2
72 8
1771 2
72 10
1614 2
72 2
1614 2
72 8
1614 2
72 10
1614 2
72 2
1614 2
72 8
1614 2
72 14
1614 2
72 2
1614 2
72 8
1614 2
72 10
1457 2
72 2
1457 2
72 8
1457 2
72 10
1614 2
72 2
1614 2
72 8
1614 2
72 10
1457 2
72 2
1457 2
72 8
1457 2
72 10
357 2
72 2
357 2
72 8
357 2
72 10
1771 2
72 2
1771 2
72 8
1771 2
72 10
1614 2
72 2
1614 2
72 8
1614 2
72 10
1614 2
72 2
1614 2
72 8
1614 2
72 10
1614 2
72 2
1614 2
72 8
1614 2
72 10
1457 2
72 2
1457 2
72 8
1457 2
72 10
1614 2
72 2
1614 2
72 8
1614 2
72 10
1457 2
72 2
1457 2
72 8
1457 2
72 10
357 2
72 2
357 2
72 8
357 2
72 10
1771 2
72 2
1771 2
72 8
1771 2
72 10
1614 2
72 2
1614 2
72 8
1614 2
72 10
1614 2
72 2
1614 2
72 8
1614 2
72 14
1614 2
72 2
1614 2
72 8
1614 2
72 10
1457 2
72 2
1457 2
72 8
1457 2
72 10
1614 2
72 2
1614 2
72 8
1614 2
72 10
1457 2
72 2
1457 2
72 8
1457 2
72 10
357 2
72 2
357 2
72 8
357 2
72 10
1771 2
72 2
1771 2
72 8
1771 2
72 10
1614 2
72 2
1614 2
72 8
1614 2
72 10
1614 2
72 2
1614 2
72 8
1614 2
72 10
1614 2
72 2
1614 2
72 8
1614 2
72 10
1457 2
72 2
1457 2
72 8
1457 2
72 10
1614 2
72 2
1614 2
72 8
1614 2
72 10
1457 2
72 2
1457 2
72 8
1457 2
72 10
357 2
72 2
357 2
72 8
357 2
72 10
1771 2
72 2
1771 2
72 8
1771 2
72 10
1614 2
72 2
1614 2
72 8
1614 2
72 10
1614 2
72 2
1614 2
72 8
1614 2
E
X
