minor
S
H
72 14
50 10
72 2
45 11
43 2
72 0
50 2
72 0
53 2
72 0
50 11
72 0
45 2
72 0
50 2
72 0
57 11
55 2
72 0
53 3
55 2
72 0
57 3
55 2
72 0
53 2
72 0
50 12
72 4
45 3
50 10
72 2
50 2
72 0
45 2
72 0
50 2
72 0
53 2
72 0
50 2
72 0
53 2
72 0
57 12
72 3
55 2
72 0
57 3
60 12
72 3
57 3
55 2
72 0
57 12
72 14
58 2
57 2
56 2
55 2
54 2
53 2
52 2
51 2
50 2
49 2
E
S
L
127 2
127 2
127 2
127 2
127 2
127 2
127 2
127 2
127 2
127 2
127 2
127 2
192 2
192 2
127 2
127 2
127 2
127 2
127 2
127 2
192 2
192 2
127 2
127 2
231 2
231 2
166 2
166 2
127 2
127 2
127 2
127 2
231 2
231 2
166 2
166 2
127 2
127 2
127 2
127 2
127 2
127 2
127 2
127 2
192 2
192 2
127 2
127 2
127 2
127 2
127 2
127 2
192 2
192 2
127 2
127 2
231 2
231 2
166 2
166 2
127 2
127 2
127 2
127 2
231 2
231 2
166 2
166 2
127 2
127 2
127 2
127 2
22 7
231 0
231 2
231 2
231 2
244 2
244 2
244 2
244 2
244 2
244 2
244 2
244 2
244 2
244 2
244 2
244 2
244 2
244 2
244 2
244 2
244 2
244 2
244 2
244 2
244 2
244 2
244 2
244 2
E
S
L
16 2
72 4
16 2
72 4
16 2
72 0
16 2
72 0
16 2
72 0
16 2
72 0
16 2
72 0
16 3
72 13
16 2
72 4
16 2
72 4
16 2
72 0
16 2
72 0
16 2
72 0
16 2
72 0
16 2
72 0
16 3
72 7
38 2
72 0
38 2
72 0
38 3
72 5
36 2
72 0
36 2
72 0
33 0
72 3
33 2
72 0
31 2
72 0
29 2
72 0
16 2
72 4
16 2
72 4
16 2
72 0
16 2
72 0
16 2
72 0
16 2
72 0
16 2
72 0
16 3
72 13
16 2
72 4
16 2
72 4
16 2
72 0
16 2
72 0
16 2
72 0
16 2
72 0
16 2
72 0
16 3
72 13
16 2
72 4
16 2
72 4
16 2
72 0
16 2
72 0
16 2
72 0
16 2
72 0
16 2
72 0
16 3
72 13
16 2
72 4
16 2
72 4
16 2
72 0
16 2
72 0
16 2
72 0
16 2
72 0
16 2
72 0
16 3
72 13
12 2
72 4
12 2
72 4
12 2
72 0
12 2
72 0
12 2
72 0
12 2
72 0
12 2
72 0
12 3
72 13
12 2
72 4
12 2
72 4
12 2
72 0
12 2
72 0
12 2
72 0
12 2
72 0
12 2
72 0
12 3
72 13
12 2
72 4
12 2
72 4
12 2
72 0
12 2
72 0
12 2
72 0
12 2
72 0
12 2
72 0
12 3
72 13
12 2
72 4
12 2
72 4
12 2
72 0
12 2
72 0
12 2
72 0
12 2
72 0
12 2
72 0
12 3
72 13
16 2
72 4
16 2
72 4
16 2
72 0
16 2
72 0
16 2
72 0
16 2
72 0
16 2
72 0
16 3
72 13
16 2
72 4
16 2
72 4
16 2
72 0
16 2
72 0
16 2
72 0
16 2
72 0
16 2
72 0
16 3
72 13
16 2
72 4
16 2
72 4
16 2
72 0
16 2
72 0
16 2
72 0
16 2
72 0
16 2
72 0
16 3
72 13
16 2
72 4
16 2
72 4
16 2
72 0
16 2
72 0
16 2
72 0
16 2
72 0
16 2
72 0
16 3
72 13
12 2
72 4
12 2
72 4
12 2
72 0
12 2
72 0
12 2
72 0
12 2
72 0
12 2
72 0
12 3
72 13
12 2
72 4
12 2
72 4
12 2
72 0
12 2
72 0
12 2
72 0
12 2
72 0
12 2
72 0
12 3
72 13
12 2
72 4
12 2
72 4
12 2
72 0
12 2
72 0
12 2
72 0
12 2
72 0
12 2
72 0
12 3
72 13
12 2
72 4
12 2
72 4
12 2
72 0
12 2
72 0
12 2
72 0
12 2
72 0
12 2
72 0
12 3
72 14
16 2
72 4
16 2
72 4
16 2
72 0
16 2
72 0
16 2
72 0
16 2
72 0
16 2
72 0
16 3
72 13
16 2
72 4
16 2
72 4
16 2
72 0
16 2
72 0
16 2
72 0
16 2
72 0
16 2
72 0
16 3
72 7
38 2
72 0
38 2
72 0
38 3
72 5
36 2
72 0
36 2
72 0
33 0
72 3
33 2
72 0
31 2
72 0
29 2
72 0
16 2
72 4
16 2
72 4
16 2
72 0
16 2
72 0
16 2
72 0
16 2
72 0
16 2
72 0
16 3
72 13
16 2
72 4
16 2
72 4
16 2
72 0
16 2
72 0
16 2
72 0
16 2
72 0
16 2
72 0
16 3
72 7
38 2
72 0
38 2
72 0
38 3
72 5
36 2
72 0
36 2
72 0
33 0
72 3
33 2
72 0
31 2
72 0
29 2
72 0
16 2
72 4
16 2
72 4
16 2
72 0
16 2
72 0
16 2
72 0
16 2
72 0
16 2
72 0
16 3
72 13
16 2
72 4
16 2
72 4
16 2
72 0
16 2
72 0
16 2
72 0
16 2
72 0
16 2
72 0
16 3
72 7
38 2
72 0
38 2
72 0
38 3
72 5
36 2
72 0
36 2
72 0
33 0
72 3
33 2
72 0
31 2
72 0
29 2
E
S
L
72 14
14 2
14 0
72 14
14 2
14 0
72 14
22 4
E
S
H
72 14
26 14
72 14
46 12
72 14
49 2
72 13
49 2
72 13
49 2
72 13
49 2
E
X
