minor
S
L
21 7
72 6
21 2
17 7
72 6
17 2
19 7
72 6
19 2
12 4
72 2
12 4
19 2
21 2
23 2
21 7
72 6
21 2
17 7
72 6
17 2
19 7
72 6
19 2
12 4
72 2
12 4
19 2
21 2
23 2
21 7
72 6
21 2
17 7
72 6
17 2
19 7
72 6
19 2
12 4
72 2
12 4
19 2
21 2
23 2
21 7
72 6
21 2
17 7
72 6
17 2
19 7
72 6
19 2
12 4
72 2
12 4
19 2
21 2
23 2
17 7
72 6
17 2
19 7
72 6
19 2
16 7
72 6
16 2
21 4
72 2
16 2
21 2
28 2
21 2
19 2
17 7
72 6
17 2
19 7
72 6
19 2
16 7
72 6
16 2
21 4
21 2
23 2
21 2
16 2
19 4
17 7
72 6
17 2
19 7
72 6
19 2
16 7
72 6
16 2
21 4
72 2
16 2
21 2
28 2
21 2
19 2
17 7
72 6
17 2
19 7
72 6
19 2
21 7
72 6
21 2
23 7
19 7
21 7
72 6
21 2
17 7
72 6
17 2
19 7
72 6
19 2
12 4
72 2
12 4
19 2
21 2
23 2
21 7
72 6
21 2
17 7
72 6
17 2
19 7
72 6
19 2
12 4
72 2
12 4
19 2
21 2
23 2
21 7
72 6
21 2
17 7
72 6
17 2
19 7
72 6
19 2
12 4
72 2
12 4
19 2
21 2
23 2
21 7
72 6
21 2
17 7
72 6
17 2
19 7
72 6
19 2
12 4
72 2
12 4
19 2
21 2
23 2
17 7
72 6
17 2
19 7
72 6
19 2
16 7
72 6
16 2
21 4
72 2
16 2
21 2
28 2
21 2
19 2
17 7
72 6
17 2
19 7
72 6
19 2
16 7
72 6
16 2
21 4
21 2
23 2
21 2
16 2
19 4
17 7
72 6
17 2
19 7
72 6
19 2
16 7
72 6
16 2
21 4
72 2
16 2
21 2
28 2
21 2
19 2
17 7
72 6
17 2
19 7
72 6
19 2
21 7
72 6
21 2
23 7
19 7
21 7
72 6
21 2
17 7
72 6
17 2
19 7
72 6
19 2
12 4
72 2
12 4
19 2
21 2
23 2
21 7
72 6
21 2
17 7
72 6
17 2
72 13
E
S
L
9 7
72 6
9 2
5 7
72 6
5 2
7 7
72 6
7 2
0 4
72 2
0 4
7 2
9 2
11 2
9 7
72 6
9 2
5 7
72 6
5 2
7 7
72 6
7 2
0 4
72 2
0 4
7 2
9 2
11 2
9 7
72 6
9 2
5 7
72 6
5 2
7 7
72 6
7 2
0 4
72 2
0 4
7 2
9 2
11 2
9 7
72 6
9 2
5 7
72 6
5 2
7 7
72 6
7 2
0 4
72 2
0 4
7 2
9 2
11 2
5 7
72 6
5 2
7 7
72 6
7 2
4 7
72 6
4 2
9 4
72 2
4 2
9 2
16 2
9 2
7 2
5 7
72 6
5 2
7 7
72 6
7 2
4 7
72 6
4 2
9 4
9 2
11 2
9 2
4 2
7 4
5 7
72 6
5 2
7 7
72 6
7 2
4 7
72 6
4 2
9 4
72 2
4 2
9 2
16 2
9 2
7 2
5 7
72 6
5 2
7 7
72 6
7 2
9 7
72 6
9 2
11 7
7 7
9 7
72 6
9 2
5 7
72 6
5 2
7 7
72 6
7 2
0 4
72 2
0 4
7 2
9 2
11 2
9 7
72 6
9 2
5 7
72 6
5 2
7 7
72 6
7 2
0 4
72 2
0 4
7 2
9 2
11 2
9 7
72 6
9 2
5 7
72 6
5 2
7 7
72 6
7 2
0 4
72 2
0 4
7 2
9 2
11 2
9 7
72 6
9 2
5 7
72 6
5 2
7 7
72 6
7 2
0 4
72 2
0 4
7 2
9 2
11 2
5 7
72 6
5 2
7 7
72 6
7 2
4 7
72 6
4 2
9 4
72 2
4 2
9 2
16 2
9 2
7 2
5 7
72 6
5 2
7 7
72 6
7 2
4 7
72 6
4 2
9 4
9 2
11 2
9 2
4 2
7 4
5 7
72 6
5 2
7 7
72 6
7 2
4 7
72 6
4 2
9 4
72 2
4 2
9 2
16 2
9 2
7 2
5 7
72 6
5 2
7 7
72 6
7 2
9 7
72 6
9 2
11 7
7 7
9 7
72 6
9 2
5 7
72 6
5 2
7 7
72 6
7 2
0 4
72 2
0 4
7 2
9 2
11 2
9 7
72 6
9 2
5 7
72 6
5 2
72 13
E
S
H
72 4
40 4
38 2
36 2
33 2
38 4
40 4
36 4
33 4
72 6
35 4
35 2
36 2
38 2
40 7
72 10
40 4
38 2
36 2
33 2
38 4
40 4
36 4
33 4
72 2
43 2
45 2
47 2
43 4
41 4
43 2
40 7
72 9
40 4
38 2
36 2
33 2
38 4
40 4
36 4
33 4
72 6
35 4
35 2
36 2
38 2
40 7
72 10
40 4
38 2
36 2
33 2
38 4
40 4
36 4
33 4
72 2
43 2
45 2
47 2
43 4
47 4
50 2
48 7
72 14
40 4
38 2
36 2
33 2
38 4
40 4
36 4
33 4
72 6
35 4
35 2
36 2
38 2
40 7
72 10
40 4
38 2
36 2
33 2
38 4
40 4
36 4
33 4
72 2
43 2
45 2
47 2
43 4
41 4
43 2
40 7
72 9
40 4
38 2
36 2
33 2
38 4
40 4
36 4
33 4
72 6
35 4
35 2
36 2
38 2
40 7
72 10
40 4
38 2
36 2
33 2
38 4
40 4
36 4
33 4
72 2
43 2
45 2
47 2
43 4
47 4
50 2
48 7
72 14
40 4
38 2
36 2
33 2
38 4
40 4
36 4
33 4
72 6
35 4
35 2
36 2
38 2
40 7
72 10
40 4
38 2
36 2
33 2
38 4
40 4
36 4
33 4
72 2
43 2
72 13
E
S
H
72 6
40 4
38 2
36 2
33 2
38 4
40 4
36 4
33 4
72 6
35 4
35 2
36 2
38 2
40 7
72 10
40 4
38 2
36 2
33 2
38 4
40 4
36 4
33 4
72 2
43 2
45 2
47 2
43 4
41 4
43 2
40 7
72 9
40 4
38 2
36 2
33 2
38 4
40 4
36 4
33 4
72 6
35 4
35 2
36 2
38 2
40 7
72 10
40 4
38 2
36 2
33 2
38 4
40 4
36 4
33 4
72 2
43 2
45 2
47 2
43 4
47 4
50 2
48 7
72 14
40 4
38 2
36 2
33 2
38 4
40 4
36 4
33 4
72 6
35 4
35 2
36 2
38 2
40 7
72 10
40 4
38 2
36 2
33 2
38 4
40 4
36 4
33 4
72 2
43 2
45 2
47 2
43 4
41 4
43 2
40 7
72 9
40 4
38 2
36 2
33 2
38 4
40 4
36 4
33 4
72 6
35 4
35 2
36 2
38 2
40 7
72 10
40 4
38 2
36 2
33 2
38 4
40 4
36 4
33 4
72 2
43 2
45 2
47 2
43 4
47 4
50 2
48 7
72 14
40 4
38 2
36 2
33 2
38 4
40 4
36 4
33 4
72 6
35 4
35 2
36 2
38 2
40 7
72 10
40 4
38 2
36 2
72 14
E
S
H
45 0
72 2
45 0
72 2
57 0
72 2
45 0
72 2
45 0
72 2
57 0
72 2
57 0
72 2
57 0
72 2
45 0
72 2
45 0
72 2
57 0
72 2
45 0
72 2
45 0
72 2
57 0
72 2
57 0
72 2
57 0
72 2
43 0
72 2
43 0
72 2
55 0
72 2
43 0
72 2
43 0
72 2
55 0
72 2
55 0
72 2
55 0
72 2
43 0
72 2
43 0
72 2
55 0
72 2
43 0
72 2
43 0
72 2
55 0
72 2
55 0
72 2
55 0
72 2
45 0
72 2
45 0
72 2
57 0
72 2
45 0
72 2
45 0
72 2
57 0
72 2
57 0
72 2
57 0
72 2
45 0
72 2
45 0
72 2
57 0
72 2
45 0
72 2
45 0
72 2
57 0
72 2
57 0
72 2
57 0
72 2
43 0
72 2
43 0
72 2
55 0
72 2
43 0
72 2
43 0
72 2
55 0
72 2
55 0
72 2
55 0
72 2
43 0
72 2
43 0
72 2
55 0
72 2
43 0
72 2
43 0
72 2
55 0
72 2
55 0
72 2
55 0
72 2
45 0
72 2
45 0
72 2
57 0
72 2
45 0
72 2
45 0
72 2
57 0
72 2
57 0
72 2
57 0
72 2
45 0
72 2
45 0
72 2
57 0
72 2
45 0
72 2
45 0
72 2
57 0
72 2
57 0
72 2
57 0
72 2
43 0
72 2
43 0
72 2
55 0
72 2
43 0
72 2
43 0
72 2
55 0
72 2
55 0
72 2
55 0
72 2
43 0
72 2
43 0
72 2
55 0
72 2
43 0
72 2
43 0
72 2
55 0
72 2
55 0
72 2
55 0
72 2
45 0
72 2
45 0
72 2
57 0
72 2
45 0
72 2
45 0
72 2
57 0
72 2
57 0
72 2
57 0
72 2
45 0
72 2
45 0
72 2
57 0
72 2
45 0
72 2
45 0
72 2
57 0
72 2
57 0
72 2
57 0
72 2
43 0
72 2
43 0
72 2
55 0
72 2
43 0
72 2
43 0
72 2
55 0
72 2
55 0
72 2
55 0
72 2
43 0
72 2
43 0
72 2
55 0
72 2
43 0
72 2
43 0
72 2
55 0
72 2
55 0
72 2
55 0
72 2
41 2
43 2
45 2
48 4
50 4
52 2
50 4
47 4
43 6
72 2
43 2
45 2
47 4
47 2
45 2
43 2
45 7
72 8
41 2
43 2
45 2
48 4
50 4
52 2
50 4
47 4
43 6
72 4
55 2
55 4
55 2
52 2
55 2
57 7
72 8
41 2
43 2
45 2
48 4
50 4
52 2
50 4
47 4
43 6
72 2
43 2
45 2
47 4
47 2
45 2
43 2
45 7
72 8
48 6
41 4
45 2
48 2
47 7
72 8
48 6
45 4
41 2
45 2
48 2
158 7
132 7
45 0
72 2
45 0
72 2
57 0
72 2
45 0
72 2
45 0
72 2
57 0
72 2
57 0
72 2
57 0
72 2
45 0
72 2
45 0
72 2
57 0
72 2
45 0
72 2
45 0
72 2
57 0
72 2
57 0
72 2
57 0
72 2
43 0
72 2
43 0
72 2
55 0
72 2
43 0
72 2
43 0
72 2
55 0
72 2
55 0
72 2
55 0
72 2
43 0
72 2
43 0
72 2
55 0
72 2
43 0
72 2
43 0
72 2
55 0
72 2
55 0
72 2
55 0
72 2
45 0
72 2
45 0
72 2
57 0
72 2
45 0
72 2
45 0
72 2
57 0
72 2
57 0
72 2
57 0
72 2
45 0
72 2
45 0
72 2
57 0
72 2
45 0
72 2
45 0
72 2
57 0
72 2
57 0
72 2
57 0
72 2
43 0
72 2
43 0
72 2
55 0
72 2
43 0
72 2
43 0
72 2
55 0
72 2
55 0
72 2
55 0
72 2
43 0
72 2
43 0
72 2
55 0
72 2
43 0
72 2
43 0
72 2
55 0
72 2
55 0
72 2
55 0
72 2
45 0
72 2
45 0
72 2
57 0
72 2
45 0
72 2
45 0
72 2
57 0
72 2
57 0
72 2
57 0
72 2
45 0
72 2
45 0
72 2
57 0
72 2
45 0
72 2
45 0
72 2
57 0
72 2
57 0
72 2
57 0
72 2
43 0
72 2
43 0
72 2
55 0
72 2
43 0
72 2
43 0
72 2
55 0
72 2
55 0
72 2
55 0
72 2
43 0
72 2
43 0
72 2
55 0
72 2
43 0
72 2
43 0
72 2
55 0
72 2
55 0
72 2
55 0
72 2
45 0
72 2
45 0
72 2
57 0
72 2
45 0
72 2
45 0
72 2
57 0
72 2
57 0
72 2
57 0
72 2
45 0
72 2
45 0
72 2
57 0
72 2
45 0
72 2
45 0
72 2
57 0
72 2
57 0
72 2
57 0
72 2
43 0
72 2
43 0
72 2
55 0
72 2
43 0
72 2
43 0
72 2
55 0
72 2
55 0
72 2
55 0
72 2
43 0
72 2
43 0
72 2
55 0
72 2
43 0
72 2
43 0
72 2
55 0
72 2
55 0
72 2
55 0
72 2
41 2
43 2
45 2
48 4
50 4
52 2
50 4
47 4
43 6
72 2
43 2
45 2
47 4
47 2
45 2
43 2
45 7
72 8
41 2
43 2
45 2
48 4
50 4
52 2
50 4
47 4
43 6
72 4
55 2
55 4
55 2
52 2
55 2
57 7
72 8
41 2
43 2
45 2
48 4
50 4
52 2
50 4
47 4
43 6
72 2
43 2
45 2
47 4
47 2
45 2
43 2
45 7
72 8
48 6
41 4
45 2
48 2
47 7
72 8
48 6
45 4
41 2
45 2
48 2
158 7
132 7
45 0
72 2
45 0
72 2
57 0
72 2
45 0
72 2
45 0
72 2
57 0
72 2
57 0
72 2
57 0
72 2
45 0
72 2
45 0
72 2
57 0
72 2
45 0
72 2
45 0
72 2
57 0
72 2
57 0
72 2
57 0
72 2
43 0
72 2
43 0
72 2
55 0
72 2
43 0
72 2
43 0
72 2
55 0
72 2
55 0
72 2
55 0
72 2
43 0
72 2
43 0
72 2
55 0
72 2
43 0
72 2
43 0
72 2
55 0
72 2
55 0
72 2
55 0
72 2
45 0
72 2
45 0
72 2
57 0
72 2
45 0
72 2
45 0
72 2
57 0
72 2
57 0
72 14
E
S
H
45 0
72 3
45 0
72 3
57 0
72 0
45 0
72 2
45 0
72 3
57 0
72 3
57 0
72 0
57 0
72 2
45 0
72 3
45 0
72 3
57 0
72 0
45 0
72 2
45 0
72 3
57 0
72 3
57 0
72 0
57 0
72 2
43 0
72 3
43 0
72 3
55 0
72 0
43 0
72 2
43 0
72 3
55 0
72 3
55 0
72 0
55 0
72 2
43 0
72 3
43 0
72 3
55 0
72 0
43 0
72 2
43 0
72 3
55 0
72 3
55 0
72 0
55 0
72 2
45 0
72 3
45 0
72 3
57 0
72 0
45 0
72 2
45 0
72 3
57 0
72 3
57 0
72 0
57 0
72 2
45 0
72 3
45 0
72 3
57 0
72 0
45 0
72 2
45 0
72 3
57 0
72 3
57 0
72 0
57 0
72 2
43 0
72 3
43 0
72 3
55 0
72 0
43 0
72 2
43 0
72 3
55 0
72 3
55 0
72 0
55 0
72 2
43 0
72 3
43 0
72 3
55 0
72 0
43 0
72 2
43 0
72 3
55 0
72 3
55 0
72 0
55 0
72 2
45 0
72 3
45 0
72 3
57 0
72 0
45 0
72 2
45 0
72 3
57 0
72 3
57 0
72 0
57 0
72 2
45 0
72 3
45 0
72 3
57 0
72 0
45 0
72 2
45 0
72 3
57 0
72 3
57 0
72 0
57 0
72 2
43 0
72 3
43 0
72 3
55 0
72 0
43 0
72 2
43 0
72 3
55 0
72 3
55 0
72 0
55 0
72 2
43 0
72 3
43 0
72 3
55 0
72 0
43 0
72 2
43 0
72 3
55 0
72 3
55 0
72 0
55 0
72 2
45 0
72 3
45 0
72 3
57 0
72 0
45 0
72 2
45 0
72 3
57 0
72 3
57 0
72 0
57 0
72 2
45 0
72 3
45 0
72 3
57 0
72 0
45 0
72 2
45 0
72 3
57 0
72 3
57 0
72 0
57 0
72 2
43 0
72 3
43 0
72 3
55 0
72 0
43 0
72 2
43 0
72 3
55 0
72 3
55 0
72 0
55 0
72 2
43 0
72 3
43 0
72 3
55 0
72 0
43 0
72 2
43 0
72 3
55 0
72 3
55 0
72 0
55 0
72 4
41 2
43 2
45 2
48 4
50 4
52 2
50 4
47 4
43 6
72 2
43 2
45 2
47 4
47 2
45 2
43 2
45 7
72 8
41 2
43 2
45 2
48 4
50 4
52 2
50 4
47 4
43 6
72 4
55 2
55 4
55 2
52 2
55 2
57 7
72 8
41 2
43 2
45 2
48 4
50 4
52 2
50 4
47 4
43 6
72 2
43 2
45 2
47 4
47 2
45 2
43 2
45 7
72 8
48 6
41 4
45 2
48 2
47 7
72 8
48 6
45 4
41 2
45 2
48 2
158 7
132 6
45 0
72 3
45 0
72 3
57 0
72 0
45 0
72 2
45 0
72 3
57 0
72 3
57 0
72 0
57 0
72 2
45 0
72 3
45 0
72 3
57 0
72 0
45 0
72 2
45 0
72 3
57 0
72 3
57 0
72 0
57 0
72 2
43 0
72 3
43 0
72 3
55 0
72 0
43 0
72 2
43 0
72 3
55 0
72 3
55 0
72 0
55 0
72 2
43 0
72 3
43 0
72 3
55 0
72 0
43 0
72 2
43 0
72 3
55 0
72 3
55 0
72 0
55 0
72 2
45 0
72 3
45 0
72 3
57 0
72 0
45 0
72 2
45 0
72 3
57 0
72 3
57 0
72 0
57 0
72 2
45 0
72 3
45 0
72 3
57 0
72 0
45 0
72 2
45 0
72 3
57 0
72 3
57 0
72 0
57 0
72 2
43 0
72 3
43 0
72 3
55 0
72 0
43 0
72 2
43 0
72 3
55 0
72 3
55 0
72 0
55 0
72 2
43 0
72 3
43 0
72 3
55 0
72 0
43 0
72 2
43 0
72 3
55 0
72 3
55 0
72 0
55 0
72 2
45 0
72 3
45 0
72 3
57 0
72 0
45 0
72 2
45 0
72 3
57 0
72 3
57 0
72 0
57 0
72 2
45 0
72 3
45 0
72 3
57 0
72 0
45 0
72 2
45 0
72 3
57 0
72 3
57 0
72 0
57 0
72 2
43 0
72 3
43 0
72 3
55 0
72 0
43 0
72 2
43 0
72 3
55 0
72 3
55 0
72 0
55 0
72 2
43 0
72 3
43 0
72 3
55 0
72 0
43 0
72 2
43 0
72 3
55 0
72 3
55 0
72 0
55 0
72 2
45 0
72 3
45 0
72 3
57 0
72 0
45 0
72 2
45 0
72 3
57 0
72 3
57 0
72 0
57 0
72 2
45 0
72 3
45 0
72 3
57 0
72 0
45 0
72 2
45 0
72 3
57 0
72 3
57 0
72 0
57 0
72 2
43 0
72 3
43 0
72 3
55 0
72 0
43 0
72 2
43 0
72 3
55 0
72 3
55 0
72 0
55 0
72 2
43 0
72 3
43 0
72 3
55 0
72 0
43 0
72 2
43 0
72 3
55 0
72 3
55 0
72 0
55 0
72 4
41 2
43 2
45 2
48 4
50 4
52 2
50 4
47 4
43 6
72 2
43 2
45 2
47 4
47 2
45 2
43 2
45 7
72 8
41 2
43 2
45 2
48 4
50 4
52 2
50 4
47 4
43 6
72 4
55 2
55 4
55 2
52 2
55 2
57 7
72 8
41 2
43 2
45 2
48 4
50 4
52 2
50 4
47 4
43 6
72 2
43 2
45 2
47 4
47 2
45 2
43 2
45 7
72 8
48 6
41 4
45 2
48 2
47 7
72 8
48 6
45 4
41 2
45 2
48 2
158 7
132 6
45 0
72 3
45 0
72 3
57 0
72 0
45 0
72 2
45 0
72 3
57 0
72 3
57 0
72 0
57 0
72 2
45 0
72 3
45 0
72 3
57 0
72 0
45 0
72 2
45 0
72 3
57 0
72 3
57 0
72 0
57 0
72 2
43 0
72 3
43 0
72 3
55 0
72 0
43 0
72 2
43 0
72 3
55 0
72 14
E
S
L
686 11
830 11
1144 11
1157 11
686 11
830 11
1144 11
1157 11
686 11
830 11
1144 11
1157 11
686 11
830 11
1144 11
1157 11
830 11
1144 11
1168 11
1445 11
830 11
1144 11
1168 11
1445 7
1144 7
830 11
1144 11
1168 11
1445 11
1457 11
1771 11
214 11
398 7
1773 7
686 11
830 11
1144 11
1157 11
686 11
830 11
1144 11
1157 11
686 11
830 11
1144 11
1157 11
686 11
830 11
1144 11
1157 11
830 11
1144 11
1168 11
1445 11
830 11
1144 11
1168 11
1445 7
1144 7
830 11
1144 11
1168 11
1445 11
1457 11
1771 11
214 11
398 7
1773 7
686 11
830 11
1144 11
1157 11
686 11
830 11
72 13
E
S
L
72 14
33 11
35 11
31 11
33 11
33 11
35 11
35 11
36 7
35 7
33 11
35 11
31 11
33 11
24 11
26 7
28 7
29 11
33 7
31 7
72 14
33 11
35 11
31 11
33 11
33 11
35 11
35 11
36 7
35 7
33 11
35 11
31 11
33 11
24 11
26 7
28 7
29 11
33 7
31 7
72 14
E
S
L
173 2
18 2
18 2
18 2
1005 2
18 2
18 2
173 2
173 2
18 2
18 2
18 2
1005 2
18 2
18 2
173 2
173 2
18 2
18 2
18 2
1005 2
18 2
18 2
173 2
173 2
18 2
18 2
18 2
1005 2
18 2
18 2
173 2
173 2
18 2
18 2
18 2
1005 2
18 2
18 2
173 2
173 2
18 2
18 2
18 2
1005 2
18 2
18 2
173 2
173 2
18 2
18 2
18 2
1005 2
18 2
18 2
173 2
173 2
18 2
18 2
18 2
1005 2
18 2
18 2
173 2
173 2
18 2
18 2
18 2
1005 2
18 2
18 2
173 2
173 2
18 2
18 2
18 2
1005 2
18 2
18 2
173 2
173 2
18 2
18 2
18 2
1005 2
18 2
18 2
173 2
173 2
18 2
18 2
18 2
1005 2
18 2
18 2
173 2
173 2
18 2
18 2
18 2
1005 2
18 2
18 2
173 2
173 2
18 2
18 2
18 2
1005 2
18 2
18 2
173 2
173 2
18 2
18 2
18 2
1005 2
18 2
18 2
173 2
173 2
18 2
18 2
18 2
1005 2
18 2
18 2
173 2
173 2
18 2
18 2
18 2
1005 2
18 2
18 2
173 2
173 2
18 2
18 2
18 2
1005 2
18 2
18 2
173 2
173 2
18 2
18 2
18 2
1005 2
18 2
18 2
173 2
173 2
18 2
18 2
18 2
1005 2
18 2
18 2
173 2
173 2
18 2
18 2
18 2
1005 2
18 2
18 2
173 2
173 2
18 2
18 2
18 2
1005 2
18 2
18 2
173 2
173 2
18 2
18 2
18 2
1005 2
18 2
18 2
173 2
173 2
18 2
18 2
18 2
1005 2
18 2
18 2
173 2
173 2
18 2
18 2
18 2
1005 2
18 2
18 2
173 2
173 2
18 2
18 2
18 2
1005 2
18 2
18 2
173 2
173 2
18 2
18 2
18 2
1005 2
18 2
18 2
173 2
173 2
18 2
18 2
18 2
1005 2
18 2
18 2
173 2
173 2
18 2
18 2
18 2
1005 2
18 2
18 2
173 2
173 2
18 2
18 2
18 2
1005 2
18 2
18 2
173 2
173 2
18 2
18 2
18 2
1005 2
18 2
18 2
173 2
173 2
18 2
18 2
18 2
1005 2
18 2
18 2
173 2
173 2
18 2
18 2
18 2
1005 2
18 2
18 2
173 2
173 2
18 2
18 2
18 2
1005 2
18 2
18 2
173 2
173 2
18 2
18 2
18 2
1005 2
18 2
18 2
173 2
173 2
18 2
18 2
18 2
1005 2
18 2
18 2
173 2
173 2
18 2
18 2
18 2
1005 2
18 2
18 2
173 2
173 2
18 2
18 2
18 2
1005 2
18 2
18 2
173 2
173 2
18 2
18 2
18 2
1005 2
18 2
18 2
173 2
173 2
18 2
18 2
18 2
1005 2
18 2
18 2
173 2
173 2
18 2
18 2
18 2
1005 2
18 2
18 2
173 2
173 2
18 2
18 2
18 2
1005 2
18 2
18 2
173 2
173 2
18 2
18 2
18 2
1005 2
18 2
18 2
173 2
173 2
18 2
18 2
18 2
1005 2
18 2
18 2
173 2
173 2
18 2
18 2
18 2
1005 2
18 2
18 2
173 2
173 2
18 2
18 2
18 2
1005 2
18 2
18 2
173 2
173 2
18 2
18 2
18 2
1005 2
18 2
18 2
173 2
173 2
18 2
18 2
18 2
1005 2
18 2
18 2
173 2
173 2
18 2
18 2
18 2
1005 2
18 2
18 2
173 2
173 2
18 2
18 2
18 2
1005 2
18 2
18 2
173 2
173 2
18 2
18 2
18 2
1005 2
18 2
18 2
173 2
173 2
18 2
18 2
18 2
1005 2
18 2
18 2
173 2
173 2
18 2
18 2
18 2
1005 2
18 2
18 2
173 2
173 2
18 2
18 2
18 2
1005 2
18 2
18 2
173 2
173 2
18 2
18 2
18 2
1005 2
18 2
18 2
173 2
173 2
18 2
18 2
18 2
1005 2
18 2
18 2
173 2
173 2
18 2
18 2
18 2
1005 2
18 2
18 2
173 2
173 2
18 2
18 2
18 2
1005 2
18 2
18 2
173 2
173 2
18 2
18 2
18 2
1005 2
18 2
18 2
173 2
173 2
18 2
18 2
18 2
1005 2
18 2
18 2
173 2
173 2
18 2
18 2
18 2
1005 2
18 2
18 2
173 2
173 2
18 2
18 2
18 2
1005 2
18 2
18 2
173 2
173 2
18 2
18 2
18 2
1005 2
18 2
18 2
173 2
173 2
18 2
18 2
18 2
1005 2
18 2
18 2
173 2
173 2
18 2
18 2
18 2
1005 2
18 2
18 2
173 2
173 2
18 2
18 2
18 2
993 2
18 2
18 2
173 2
173 2
18 2
18 2
18 2
1005 2
18 2
18 2
173 2
173 2
18 2
18 2
18 2
993 2
18 2
18 2
173 2
173 2
18 2
18 2
18 2
1005 2
18 2
18 2
173 2
173 2
18 2
18 2
18 2
993 2
18 2
18 2
173 2
72 13
E
X
