major
S
H
72 4
40 4
45 4
50 4
52 7
72 9
40 4
45 4
50 4
52 7
72 9
40 4
45 4
50 4
52 7
72 9
40 4
45 4
50 4
52 7
72 9
40 4
45 4
49 4
52 7
72 9
40 4
45 4
50 4
52 7
72 9
37 4
42 4
45 4
49 7
72 9
38 4
42 4
45 4
50 7
72 9
40 4
45 4
47 4
133 7
72 9
40 4
45 4
50 4
158 7
72 9
37 4
40 4
44 4
49 7
72 9
38 4
42 4
45 4
50 7
72 9
40 4
45 4
47 4
133 4
47 4
44 4
40 4
72 14
40 4
45 4
50 4
52 7
72 9
40 4
45 4
50 4
52 7
72 9
40 4
45 4
50 4
52 7
72 9
40 4
45 4
50 4
52 7
72 9
40 4
45 4
49 4
52 7
72 9
40 4
45 4
50 4
52 7
72 9
37 4
42 4
45 4
49 7
72 9
38 4
42 4
45 4
50 7
72 9
40 4
45 4
47 4
133 7
72 9
40 4
45 4
50 4
158 7
72 9
37 4
40 4
44 4
49 7
72 9
38 4
42 4
45 4
50 7
72 9
40 4
45 4
47 4
133 4
47 4
44 4
40 4
E
S
H
72 14
182 4
72 4
210 4
72 11
157 4
72 4
198 4
72 11
182 4
72 4
211 4
72 11
208 4
72 4
237 4
72 14
182 4
72 4
210 4
72 11
157 4
72 4
198 4
72 11
182 4
72 4
211 4
72 11
208 4
72 4
237 4
E
S
H
72 7
127 7
114 7
72 11
244 7
114 7
72 11
127 4
153 4
114 7
72 11
244 7
114 7
72 14
127 7
114 7
72 11
244 7
114 7
72 11
127 7
114 7
72 11
244 7
114 7
E
S
H
45 14
72 2
45 13
72 2
47 10
72 2
45 10
72 2
45 10
72 2
44 10
72 2
45 13
72 2
47 10
72 2
49 10
72 2
47 14
72 2
42 4
45 4
42 4
45 4
42 4
45 4
42 4
45 4
40 4
44 4
40 4
44 4
40 4
44 4
40 4
44 4
42 4
45 4
42 4
45 4
42 4
45 4
42 4
45 4
44 4
47 4
44 4
47 4
44 4
47 4
47 2
49 2
50 2
52 2
54 2
56 2
57 10
72 2
55 10
72 2
54 10
72 2
53 10
72 2
52 12
72 2
50 7
49 13
72 2
45 5
72 0
49 5
72 0
52 4
56 8
72 1
54 4
54 13
72 2
54 5
72 0
56 5
72 0
57 4
54 8
72 1
52 4
52 13
49 4
49 4
50 4
52 8
72 1
50 4
50 13
72 2
50 5
72 0
52 5
72 0
54 4
54 8
72 1
52 4
52 13
72 2
57 5
72 0
61 5
72 0
64 4
68 8
72 1
66 4
66 13
72 2
66 5
72 0
68 5
72 0
69 4
68 8
72 1
64 8
72 1
68 7
66 13
72 2
52 4
50 4
57 7
50 8
72 1
45 2
47 2
49 8
72 1
49 7
47 4
45 4
44 4
47 13
72 2
45 14
72 2
45 14
72 2
45 13
72 2
47 10
72 2
45 10
72 2
45 10
72 2
44 10
72 2
45 13
72 2
47 10
72 2
49 10
72 2
47 14
72 2
42 4
45 4
42 4
45 4
42 4
45 4
42 4
45 4
40 4
44 4
40 4
44 4
40 4
44 4
40 4
44 4
42 4
45 4
42 4
45 4
42 4
45 4
42 4
45 4
44 4
47 4
44 4
47 4
44 4
47 4
47 2
49 2
50 2
52 2
54 2
56 2
57 10
72 2
55 10
72 2
54 10
72 2
53 10
72 2
52 12
72 2
50 7
49 13
72 2
45 5
72 0
49 5
72 0
52 4
56 8
72 1
54 4
54 13
72 2
54 5
72 0
56 5
72 0
57 4
54 8
72 1
52 4
52 13
49 4
49 4
50 4
52 8
72 1
50 4
50 13
72 2
50 5
72 0
52 5
72 0
54 4
54 8
72 1
52 4
52 13
72 2
57 5
72 0
61 5
72 0
64 4
68 8
72 1
66 4
66 13
72 2
66 5
72 0
68 5
72 0
69 4
68 8
72 1
64 8
72 1
68 7
66 13
72 2
52 4
50 4
57 7
50 8
72 1
45 2
47 2
49 8
72 1
49 7
47 4
45 4
44 4
47 13
72 2
45 14
E
S
H
40 14
72 2
42 13
72 2
42 13
72 2
40 13
72 2
40 13
72 2
42 10
72 2
40 10
72 2
42 13
72 2
40 13
72 2
33 4
37 4
33 4
37 4
33 4
37 4
33 4
37 4
32 4
37 4
32 4
37 4
32 4
37 4
32 4
37 4
33 4
38 4
33 4
38 4
33 4
38 4
33 4
38 4
35 4
40 4
35 4
40 4
35 4
40 4
40 2
39 2
38 2
37 2
35 2
35 2
40 4
45 4
44 4
45 4
40 4
43 4
42 4
43 4
38 4
42 4
40 4
42 4
38 4
41 4
40 4
41 4
44 4
40 2
42 2
44 4
42 2
44 2
45 10
72 2
37 4
40 4
38 4
40 4
37 4
40 4
38 4
40 4
37 4
40 4
38 4
40 4
40 5
72 0
40 5
72 0
37 4
40 8
72 1
38 4
38 7
40 7
38 13
72 2
45 14
72 2
47 14
72 2
50 8
72 1
49 4
49 13
72 2
45 5
72 0
49 5
72 0
52 4
56 8
72 1
54 4
54 13
72 2
54 5
72 0
56 5
72 0
57 4
56 8
72 1
52 8
72 1
56 7
54 13
72 2
47 7
45 7
44 7
42 7
45 7
42 7
44 7
40 7
42 10
72 2
44 7
40 7
40 14
72 2
40 14
72 2
42 13
72 2
42 13
72 2
40 13
72 2
40 13
72 2
42 10
72 2
40 10
72 2
42 13
72 2
40 13
72 2
33 4
37 4
33 4
37 4
33 4
37 4
33 4
37 4
32 4
37 4
32 4
37 4
32 4
37 4
32 4
37 4
33 4
38 4
33 4
38 4
33 4
38 4
33 4
38 4
35 4
40 4
35 4
40 4
35 4
40 4
40 2
39 2
38 2
37 2
35 2
35 2
40 4
45 4
44 4
45 4
40 4
43 4
42 4
43 4
38 4
42 4
40 4
42 4
38 4
41 4
40 4
41 4
44 4
40 2
42 2
44 4
42 2
44 2
45 10
72 2
37 4
40 4
38 4
40 4
37 4
40 4
38 4
40 4
37 4
40 4
38 4
40 4
40 5
72 0
40 5
72 0
37 4
40 8
72 1
38 4
38 7
40 7
38 13
72 2
45 14
72 2
47 14
72 2
50 8
72 1
49 4
49 13
72 2
45 5
72 0
49 5
72 0
52 4
56 8
72 1
54 4
54 13
72 2
54 5
72 0
56 5
72 0
57 4
56 8
72 1
52 8
72 1
56 7
54 13
72 2
47 7
45 7
44 7
42 7
45 7
42 7
44 7
40 7
42 10
72 2
44 7
40 7
40 14
E
S
H
72 14
52 7
57 8
72 1
57 4
56 7
54 7
54 4
52 4
52 12
72 14
45 5
72 0
49 5
72 0
52 4
56 8
72 1
54 4
54 13
72 2
54 5
72 0
56 5
72 0
57 4
54 8
72 1
52 4
52 13
72 6
49 4
49 4
50 4
52 8
72 1
50 4
50 13
72 2
50 5
72 0
52 5
72 0
54 4
54 8
72 1
52 4
52 13
72 2
45 5
72 0
49 5
72 0
52 4
56 8
72 1
54 4
54 13
72 2
54 5
72 0
56 5
72 0
57 4
56 8
72 1
52 8
72 1
56 7
54 13
72 14
52 7
57 8
72 1
57 4
56 7
54 7
54 4
52 4
52 12
72 14
45 5
72 0
49 5
72 0
52 4
56 8
72 1
54 4
54 13
72 2
54 5
72 0
56 5
72 0
57 4
54 8
72 1
52 4
52 13
72 6
49 4
49 4
50 4
52 8
72 1
50 4
50 13
72 2
50 5
72 0
52 5
72 0
54 4
54 8
72 1
52 4
52 13
72 2
45 5
72 0
49 5
72 0
52 4
56 8
72 1
54 4
54 13
72 2
54 5
72 0
56 5
72 0
57 4
56 8
72 1
52 8
72 1
56 7
54 13
E
S
H
72 14
40 5
72 0
45 5
72 0
45 4
47 8
72 1
45 4
45 13
72 2
45 5
72 0
47 5
72 0
50 4
50 8
72 1
49 4
49 13
72 1
45 4
45 4
45 4
47 8
72 1
47 4
47 13
72 2
47 5
72 0
49 5
72 0
50 4
50 8
72 1
49 4
49 13
72 2
40 5
72 0
45 5
72 0
45 4
47 8
72 1
45 4
45 13
72 2
45 5
72 0
47 5
72 0
50 4
49 8
72 1
49 8
72 1
49 7
52 13
72 14
40 5
72 0
45 5
72 0
45 4
47 8
72 1
45 4
45 13
72 2
45 5
72 0
47 5
72 0
50 4
50 8
72 1
49 4
49 13
72 1
45 4
45 4
45 4
47 8
72 1
47 4
47 13
72 2
47 5
72 0
49 5
72 0
50 4
50 8
72 1
49 4
49 13
72 2
40 5
72 0
45 5
72 0
45 4
47 8
72 1
45 4
45 13
72 2
45 5
72 0
47 5
72 0
50 4
49 8
72 1
49 8
72 1
49 7
52 13
E
S
H
72 14
49 4
52 4
54 8
72 1
54 4
52 4
50 4
45 4
49 4
47 12
72 14
50 4
49 4
46 4
52 4
50 4
57 7
50 8
72 1
45 2
47 2
49 8
72 1
49 7
47 4
45 4
44 4
47 13
72 2
45 14
72 14
49 4
52 4
54 8
72 1
54 4
52 4
50 4
45 4
49 4
47 12
72 14
50 4
49 4
46 4
52 4
50 4
57 7
50 8
72 1
45 2
47 2
49 8
72 1
49 7
47 4
45 4
44 4
47 13
72 2
45 14
E
S
H
72 14
33 7
35 7
37 7
38 7
40 10
72 6
40 4
38 4
33 4
37 12
72 2
35 7
33 13
72 2
28 5
72 0
33 5
72 0
37 4
40 8
72 1
38 4
38 6
72 2
40 7
38 10
72 2
38 5
72 0
40 5
72 0
42 4
72 12
38 7
37 7
35 7
33 8
72 12
43 4
42 4
43 4
45 4
44 7
45 7
47 8
72 12
45 4
49 4
45 4
40 4
37 4
40 4
37 4
35 4
33 5
72 0
37 5
72 0
40 4
40 8
72 1
38 4
38 12
72 5
38 5
72 0
40 5
72 0
42 4
44 8
72 1
47 8
72 1
44 7
46 13
72 14
33 7
35 7
37 7
38 7
40 10
72 6
40 4
38 4
33 4
37 12
72 2
35 7
33 13
72 2
28 5
72 0
33 5
72 0
37 4
40 8
72 1
38 4
38 6
72 2
40 7
38 10
72 2
38 5
72 0
40 5
72 0
42 4
72 12
38 7
37 7
35 7
33 8
72 12
43 4
42 4
43 4
45 4
44 7
45 7
47 8
72 12
45 4
49 4
45 4
40 4
37 4
40 4
37 4
35 4
33 5
72 0
37 5
72 0
40 4
40 8
72 1
38 4
38 12
72 5
38 5
72 0
40 5
72 0
42 4
44 8
72 1
47 8
72 1
44 7
46 13
E
S
H
72 14
64 7
72 12
64 7
72 12
64 7
72 12
64 7
72 14
64 7
72 12
64 7
72 12
64 7
72 12
64 7
E
S
L
72 14
18 7
72 11
18 4
16 7
72 11
16 4
14 7
72 11
14 4
16 7
72 14
18 7
72 11
18 4
16 7
72 11
16 4
14 7
72 11
14 4
16 7
E
S
L
33 13
72 2
35 10
72 2
33 13
72 2
35 10
72 2
33 14
72 2
35 10
72 2
33 10
72 2
33 13
72 2
33 10
72 2
35 10
72 2
33 13
72 2
35 13
72 2
33 13
72 2
33 10
72 2
32 10
72 14
35 2
33 2
32 2
28 2
26 2
23 2
21 10
72 2
16 10
72 2
18 7
21 7
28 7
26 7
25 10
72 2
23 10
72 2
21 13
72 2
25 4
23 4
21 4
16 4
14 12
72 2
25 7
23 10
72 2
16 10
72 2
21 10
72 2
28 7
26 7
25 7
23 7
21 7
16 7
19 10
72 2
19 4
21 4
23 4
26 4
28 10
72 2
23 10
72 2
21 7
30 4
28 4
27 4
28 4
25 4
21 4
19 10
72 2
25 4
23 4
21 4
16 4
14 8
72 1
13 2
14 2
16 8
72 1
14 2
16 2
18 8
72 1
16 2
18 2
21 5
72 0
20 5
72 0
18 4
13 8
72 1
23 7
25 7
23 2
20 4
18 7
20 7
22 8
72 1
13 4
14 13
72 2
15 10
72 2
16 10
72 2
14 4
16 4
23 4
21 4
20 4
21 4
16 4
11 4
9 14
72 2
33 13
72 2
35 10
72 2
33 13
72 2
35 10
72 2
33 14
72 2
35 10
72 2
33 10
72 2
33 13
72 2
33 10
72 2
35 10
72 2
33 13
72 2
35 13
72 2
33 13
72 2
33 10
72 2
32 10
72 14
35 2
33 2
32 2
28 2
26 2
23 2
21 10
72 2
19 10
72 2
18 7
21 7
26 10
72 2
28 13
72 2
21 13
72 2
25 4
23 4
21 4
16 4
14 12
72 2
25 7
23 10
72 2
16 10
72 2
21 10
72 2
28 7
26 7
25 7
23 7
21 7
16 7
19 10
72 2
19 4
21 4
23 4
26 4
28 10
72 2
23 10
72 2
21 7
30 4
28 4
27 4
28 4
25 4
21 4
19 10
72 2
25 4
23 4
21 4
16 4
14 8
72 1
13 2
14 2
16 8
72 1
14 2
16 2
18 8
72 1
16 2
18 2
21 5
72 0
20 5
72 0
18 4
13 8
72 1
23 7
25 7
23 2
20 4
18 7
20 7
22 8
72 1
13 4
14 13
72 2
15 10
72 2
16 10
72 2
14 4
16 4
23 4
21 4
20 4
21 4
16 4
11 4
9 14
E
S
H
72 14
33 7
35 7
37 7
40 7
37 12
72 8
35 4
37 4
33 10
72 2
30 4
33 4
35 12
72 6
28 4
33 7
35 7
37 7
40 7
44 12
72 4
44 4
45 4
42 10
72 2
40 4
42 4
40 12
72 14
38 7
37 7
35 12
72 11
40 7
38 7
37 12
72 11
31 4
33 4
35 4
38 4
40 12
72 9
42 4
40 4
39 4
40 4
37 4
33 4
31 10
72 11
26 10
72 2
28 10
72 2
30 10
72 2
33 5
72 0
35 5
72 0
38 4
37 13
72 2
42 13
72 14
33 7
35 7
37 7
40 7
37 12
72 8
35 4
37 4
33 10
72 2
30 4
33 4
35 12
72 6
28 4
33 7
35 7
37 7
40 7
44 12
72 4
44 4
45 4
42 10
72 2
40 4
42 4
40 12
72 14
38 7
37 7
35 12
72 11
40 7
38 7
37 12
72 11
31 4
33 4
35 4
38 4
40 12
72 9
42 4
40 4
39 4
40 4
37 4
33 4
31 10
72 11
26 10
72 2
28 10
72 2
30 10
72 2
33 5
72 0
35 5
72 0
38 4
37 13
72 2
42 13
E
S
L
33 11
50 2
49 2
72 10
33 11
47 2
49 2
72 10
33 11
50 2
49 2
72 10
33 11
47 2
49 2
72 10
33 10
72 11
33 10
72 11
30 10
72 11
26 10
72 11
28 10
72 11
33 10
72 11
25 10
72 11
26 10
72 11
28 10
72 14
33 11
50 2
49 2
72 10
33 11
47 2
49 2
72 10
33 11
50 2
49 2
72 10
33 11
47 2
49 2
72 10
33 10
72 11
33 10
72 11
30 10
72 11
26 10
72 11
28 10
72 11
33 10
72 11
25 10
72 11
26 10
72 11
28 10
E
X
