major
S
L
14 2
26 2
21 2
14 2
26 2
21 2
29 2
21 2
15 2
27 2
22 2
15 2
27 2
22 2
30 2
22 2
14 2
26 2
21 2
14 2
26 2
21 2
29 2
21 2
14 2
26 2
21 2
14 2
26 2
21 2
29 2
21 2
14 2
26 2
21 2
14 2
26 2
21 2
29 2
21 2
15 2
27 2
22 2
15 2
27 2
22 2
30 2
22 2
14 2
26 2
21 2
14 2
26 2
21 2
29 2
21 2
14 2
26 2
21 2
14 2
26 2
21 2
29 2
21 2
14 2
26 2
21 2
14 2
26 2
21 2
29 2
21 2
15 2
27 2
22 2
15 2
27 2
22 2
30 2
22 2
14 2
26 2
21 2
14 2
26 2
21 2
29 2
21 2
14 2
26 2
21 2
14 2
26 2
21 2
29 2
21 2
14 2
26 2
21 2
14 2
26 2
21 2
29 2
21 2
15 2
27 2
22 2
15 2
27 2
22 2
30 2
22 2
14 2
26 2
21 2
14 2
26 2
21 2
29 2
21 2
14 2
26 2
21 2
14 2
26 2
21 2
29 2
21 2
72 14
14 2
26 2
21 2
14 2
26 2
21 2
29 2
21 2
15 2
27 2
22 2
15 2
27 2
22 2
30 2
22 2
14 2
26 2
21 2
14 2
26 2
21 2
29 2
21 2
14 2
26 2
21 2
14 2
26 2
21 2
29 2
21 2
14 2
26 2
21 2
14 2
26 2
21 2
29 2
21 2
15 2
27 2
22 2
15 2
27 2
22 2
30 2
22 2
14 2
26 2
21 2
14 2
26 2
21 2
29 2
21 2
14 2
26 2
21 2
14 2
26 2
21 2
29 2
21 2
14 2
26 2
21 2
14 2
26 2
21 2
29 2
21 2
15 2
27 2
22 2
15 2
27 2
22 2
30 2
22 2
14 2
26 2
21 2
14 2
26 2
21 2
29 2
21 2
14 2
26 2
21 2
14 2
26 2
21 2
29 2
21 2
14 2
26 2
21 2
14 2
26 2
21 2
29 2
21 2
15 2
27 2
22 2
15 2
27 2
22 2
30 2
22 2
14 2
26 2
21 2
14 2
26 2
21 2
29 2
21 2
14 2
26 2
21 2
14 2
26 2
21 2
29 2
21 2
14 2
26 2
21 2
14 2
26 2
21 2
29 2
21 2
15 2
27 2
22 2
15 2
27 2
22 2
30 2
22 2
14 2
26 2
21 2
14 2
26 2
21 2
29 2
21 2
14 2
26 2
21 2
14 2
26 2
21 2
29 2
21 2
14 2
26 2
21 2
14 2
26 2
21 2
29 2
21 2
15 2
27 2
22 2
15 2
27 2
22 2
30 2
22 2
14 2
26 2
21 2
14 2
26 2
21 2
29 2
21 2
14 2
26 2
21 2
14 2
26 2
21 2
29 2
21 2
72 14
14 2
26 2
21 2
14 2
26 2
21 2
29 2
21 2
15 2
27 2
22 2
15 2
27 2
22 2
30 2
22 2
14 2
26 2
21 2
14 2
26 2
21 2
29 2
21 2
14 2
26 2
21 2
14 2
26 2
21 2
29 2
21 2
14 2
26 2
21 2
14 2
26 2
21 2
29 2
21 2
15 2
27 2
22 2
15 2
27 2
22 2
30 2
22 2
14 2
26 2
21 2
14 2
26 2
21 2
29 2
21 2
14 2
26 2
21 2
14 2
26 2
21 2
29 2
21 2
14 2
26 2
21 2
14 2
26 2
21 2
29 2
21 2
15 2
27 2
22 2
15 2
27 2
22 2
30 2
22 2
14 2
26 2
21 2
14 2
26 2
21 2
29 2
21 2
14 2
26 2
21 2
14 2
26 2
21 2
29 2
21 2
14 2
26 2
21 2
14 2
26 2
21 2
29 2
21 2
15 2
27 2
22 2
15 2
27 2
22 2
30 2
22 2
14 2
26 2
21 2
14 2
26 2
21 2
29 2
21 2
14 2
26 2
21 2
14 2
26 2
21 2
29 2
21 2
72 14
14 2
26 2
21 2
14 2
26 2
21 2
29 2
21 2
15 2
27 2
22 2
15 2
27 2
22 2
30 2
22 2
14 2
26 2
21 2
14 2
26 2
21 2
29 2
21 2
14 2
26 2
21 2
14 2
26 2
21 2
29 2
21 2
14 2
26 2
21 2
14 2
26 2
21 2
29 2
21 2
15 2
27 2
22 2
15 2
27 2
22 2
30 2
22 2
14 2
26 2
21 2
14 2
26 2
21 2
29 2
21 2
14 2
26 2
21 2
14 2
26 2
21 2
29 2
21 2
14 2
26 2
21 2
14 2
26 2
21 2
29 2
21 2
15 2
27 2
22 2
15 2
27 2
22 2
30 2
22 2
14 2
26 2
21 2
14 2
26 2
21 2
29 2
21 2
14 2
26 2
21 2
14 2
26 2
21 2
29 2
21 2
14 2
26 2
21 2
14 2
26 2
21 2
29 2
21 2
15 2
27 2
22 2
15 2
27 2
22 2
30 2
22 2
14 2
26 2
21 2
14 2
26 2
21 2
29 2
21 2
14 2
26 2
21 2
14 2
26 2
21 2
29 2
21 2
14 2
26 2
21 2
14 2
26 2
21 2
29 2
21 2
15 2
27 2
22 2
15 2
27 2
22 2
30 2
22 2
14 2
26 2
21 2
14 2
26 2
21 2
29 2
21 2
14 2
26 2
21 2
14 2
26 2
21 2
29 2
21 2
14 2
26 2
21 2
14 2
26 2
21 2
29 2
21 2
15 2
27 2
22 2
15 2
27 2
22 2
30 2
22 2
14 2
26 2
21 2
14 2
26 2
21 2
29 2
21 2
14 2
26 2
21 2
14 2
26 2
21 2
29 2
21 2
E
S
L
72 14
499 7
72 4
499 2
72 2
656 7
72 4
656 2
72 2
499 7
72 4
499 2
72 2
499 7
72 4
499 2
72 2
499 7
72 4
499 2
72 2
656 7
72 4
656 2
72 2
499 7
72 4
499 2
72 2
499 7
72 4
499 2
72 14
499 7
72 4
499 2
72 2
656 7
72 4
656 2
72 2
499 7
72 4
499 2
72 2
499 7
72 4
499 2
72 2
499 7
72 4
499 2
72 2
656 7
72 4
656 2
72 2
499 7
72 4
499 2
72 2
499 7
72 4
499 2
E
S
H
72 14
38 11
39 11
38 12
72 6
38 11
39 9
41 4
38 12
72 7
38 11
39 11
38 12
72 6
38 11
39 9
41 4
38 12
72 14
26 11
27 11
26 13
26 11
27 11
26 13
72 14
21 14
21 14
72 14
38 11
39 11
38 12
72 6
38 11
39 9
41 4
38 12
72 7
38 11
39 11
38 12
72 6
38 11
39 9
41 4
38 12
72 14
26 11
27 11
26 13
26 11
27 11
26 13
72 14
21 14
21 14
E
S
L
72 14
14 11
15 11
14 13
14 11
15 11
14 13
14 11
15 11
14 13
14 11
15 11
14 13
72 14
14 11
15 11
14 13
72 14
14 11
15 11
14 13
14 11
15 11
14 13
14 11
15 11
14 13
14 11
15 11
14 13
72 14
14 11
15 11
14 13
E
S
L
72 14
38 2
72 6
33 2
72 6
39 2
72 6
34 2
72 6
38 2
72 6
33 2
72 6
38 2
72 6
33 2
72 6
38 2
72 6
33 2
72 6
39 2
72 6
34 2
72 6
38 2
72 6
33 2
72 6
38 2
72 6
33 2
72 6
38 2
72 6
33 2
72 6
39 2
72 6
34 2
72 6
38 2
72 6
33 2
72 6
38 2
72 6
33 2
72 6
38 2
72 6
33 2
72 6
39 2
72 6
34 2
72 6
38 2
72 6
33 2
72 6
38 2
72 6
33 2
72 14
38 2
72 6
33 2
72 6
39 2
72 6
34 2
72 6
38 2
72 6
33 2
72 6
38 2
72 6
33 2
72 6
38 2
72 6
33 2
72 6
39 2
72 6
34 2
72 6
38 2
72 6
33 2
72 6
38 2
72 6
33 2
72 6
38 2
72 6
33 2
72 6
39 2
72 6
34 2
72 6
38 2
72 6
33 2
72 6
38 2
72 6
33 2
72 6
38 2
72 6
33 2
72 6
39 2
72 6
34 2
72 6
38 2
72 6
33 2
72 6
38 2
72 6
33 2
E
S
L
72 14
26 2
72 2
33 2
72 2
38 2
72 2
41 2
72 2
27 2
72 2
34 2
72 2
39 2
72 2
42 2
72 2
26 2
72 2
33 2
72 2
38 2
72 2
41 2
72 2
26 2
72 2
33 2
72 2
38 2
72 2
41 2
72 2
26 2
72 2
33 2
72 2
38 2
72 2
41 2
72 2
27 2
72 2
34 2
72 2
39 2
72 2
42 2
72 2
26 2
72 2
33 2
72 2
38 2
72 2
41 2
72 2
26 2
72 2
33 2
72 2
38 2
72 2
41 2
72 2
26 2
72 2
33 2
72 2
38 2
72 2
41 2
72 2
27 2
72 2
34 2
72 2
39 2
72 2
42 2
72 2
26 2
72 2
33 2
72 2
38 2
72 2
41 2
72 2
26 2
72 2
33 2
72 2
38 2
72 2
41 2
72 2
26 2
72 2
33 2
72 2
38 2
72 2
41 2
72 2
27 2
72 2
34 2
72 2
39 2
72 2
42 2
72 2
26 2
72 2
33 2
72 2
38 2
72 2
41 2
72 2
26 2
72 2
33 2
72 2
38 2
72 2
41 2
72 14
26 2
72 2
33 2
72 2
38 2
72 2
41 2
72 2
27 2
72 2
34 2
72 2
39 2
72 2
42 2
72 2
26 2
72 2
33 2
72 2
38 2
72 2
41 2
72 2
26 2
72 2
33 2
72 2
38 2
72 2
41 2
72 2
26 2
72 2
33 2
72 2
38 2
72 2
41 2
72 2
27 2
72 2
34 2
72 2
39 2
72 2
42 2
72 2
26 2
72 2
33 2
72 2
38 2
72 2
41 2
72 2
26 2
72 2
33 2
72 2
38 2
72 2
41 2
72 2
26 2
72 2
33 2
72 2
38 2
72 2
41 2
72 2
27 2
72 2
34 2
72 2
39 2
72 2
42 2
72 2
26 2
72 2
33 2
72 2
38 2
72 2
41 2
72 2
26 2
72 2
33 2
72 2
38 2
72 2
41 2
72 2
26 2
72 2
33 2
72 2
38 2
72 2
41 2
72 2
27 2
72 2
34 2
72 2
39 2
72 2
42 2
72 2
26 2
72 2
33 2
72 2
38 2
72 2
41 2
72 2
26 2
72 2
33 2
72 2
38 2
72 2
41 2
E
S
L
72 14
26 2
72 6
33 2
72 6
27 2
72 6
34 2
72 6
26 2
72 6
33 2
72 6
26 2
72 6
33 2
72 6
26 2
72 6
33 2
72 6
27 2
72 6
34 2
72 6
26 2
72 6
33 2
72 6
26 2
72 6
33 2
72 6
26 2
72 6
33 2
72 6
27 2
72 6
34 2
72 6
26 2
72 6
33 2
72 6
26 2
72 6
33 2
72 6
26 2
72 6
33 2
72 6
27 2
72 6
34 2
72 6
26 2
72 6
33 2
72 6
26 2
72 6
33 2
72 14
26 2
72 6
33 2
72 6
27 2
72 6
34 2
72 6
26 2
72 6
33 2
72 6
26 2
72 6
33 2
72 6
26 2
72 6
33 2
72 6
27 2
72 6
34 2
72 6
26 2
72 6
33 2
72 6
26 2
72 6
33 2
72 6
26 2
72 6
33 2
72 6
27 2
72 6
34 2
72 6
26 2
72 6
33 2
72 6
26 2
72 6
33 2
72 6
26 2
72 6
33 2
72 6
27 2
72 6
34 2
72 6
26 2
72 6
33 2
72 6
26 2
72 6
33 2
E
S
L
72 14
26 2
72 6
26 2
72 6
26 2
72 6
26 2
72 6
26 2
72 6
26 2
72 6
26 2
72 6
26 2
72 6
26 2
72 6
26 2
72 6
26 2
72 6
26 2
72 6
26 2
72 6
26 2
72 6
26 2
72 6
26 2
72 14
26 2
72 6
26 2
72 6
26 2
72 6
26 2
72 6
26 2
72 6
26 2
72 6
26 2
72 6
26 2
72 6
26 2
72 6
26 2
72 6
26 2
72 6
26 2
72 6
26 2
72 6
26 2
72 6
26 2
72 6
26 2
E
S
L
72 14
26 11
27 11
26 13
26 11
27 11
26 13
72 14
26 11
27 11
26 13
26 11
27 11
26 13
E
X
