minor
S
H
55 3
72 8
55 3
72 1
53 3
72 8
53 3
72 1
51 3
72 8
51 4
51 4
50 7
51 4
51 9
50 13
72 11
53 3
72 8
53 3
72 1
51 3
72 8
51 3
72 1
50 3
72 8
50 4
55 4
55 7
53 4
51 13
72 11
55 3
72 8
55 3
72 1
53 3
72 8
53 3
72 1
51 3
72 8
51 4
51 4
50 7
51 4
51 9
50 13
72 11
53 3
72 8
53 3
72 1
51 3
72 8
51 3
72 1
50 3
72 8
50 4
55 4
55 7
53 4
51 13
72 4
46 4
48 4
50 4
51 9
50 4
48 9
50 4
51 9
50 4
53 4
51 7
50 4
50 9
48 13
72 11
50 9
48 4
46 9
48 4
50 7
72 7
55 4
55 7
53 4
51 13
72 4
46 4
48 4
50 4
51 9
50 4
48 9
50 4
51 9
50 4
53 4
51 7
50 4
50 9
48 13
72 11
50 9
48 4
46 9
48 4
50 7
72 7
55 4
55 7
53 4
51 13
72 11
55 3
72 8
55 3
72 1
53 3
72 8
53 3
72 1
51 3
72 8
51 4
51 4
50 7
51 4
51 9
50 13
72 11
53 3
72 8
53 3
72 1
51 3
72 8
51 3
72 1
50 3
72 8
50 4
55 4
55 7
53 4
51 13
72 11
55 3
72 8
55 3
72 1
53 3
72 8
53 3
72 1
51 3
72 8
51 4
51 4
50 7
51 4
51 9
50 13
72 11
53 3
72 8
53 3
72 1
51 3
72 8
51 3
72 1
50 3
72 8
50 4
55 4
55 7
53 4
51 13
72 4
46 4
48 4
50 4
51 9
50 4
48 9
50 4
51 9
50 4
53 4
51 7
50 4
50 9
48 13
72 11
50 9
48 4
46 9
48 4
50 7
72 7
55 4
55 7
53 4
51 13
72 4
46 4
48 4
50 4
51 9
50 4
48 9
50 4
51 9
50 4
53 4
51 7
50 4
50 9
48 13
72 11
50 9
48 4
46 9
48 4
50 7
72 7
55 4
55 7
53 4
51 13
E
S
L
39 2
72 4
39 2
34 2
72 2
39 2
72 2
39 2
72 4
39 2
34 2
72 2
39 2
72 2
39 2
72 4
39 2
34 2
72 2
39 2
72 2
39 2
72 2
41 2
72 6
39 2
72 2
34 2
72 4
34 2
29 2
72 2
34 2
72 2
34 2
72 4
34 2
29 2
72 2
34 2
72 2
34 2
72 4
34 2
29 2
72 2
34 2
72 2
34 2
72 4
34 2
29 2
72 2
34 2
72 2
34 2
72 4
34 2
29 2
72 2
34 2
72 2
34 2
72 4
34 2
29 2
72 2
34 2
72 2
34 2
72 4
34 2
29 2
72 2
34 2
72 2
34 2
72 2
34 2
72 2
36 2
72 2
38 2
72 2
39 2
72 4
39 2
34 2
72 2
39 2
72 2
39 2
72 4
39 2
34 2
72 2
39 2
72 2
39 2
72 4
39 2
34 2
72 2
39 2
72 2
34 2
72 2
46 2
72 2
44 2
72 2
43 2
72 2
39 2
72 4
39 2
34 2
72 2
39 2
72 2
39 2
72 4
39 2
34 2
72 2
39 2
72 2
39 2
72 4
39 2
34 2
72 2
39 2
72 2
39 2
72 2
41 2
72 6
39 2
72 2
34 2
72 4
34 2
29 2
72 2
34 2
72 2
34 2
72 4
34 2
29 2
72 2
34 2
72 2
34 2
72 4
34 2
29 2
72 2
34 2
72 2
34 2
72 4
34 2
29 2
72 2
34 2
72 2
34 2
72 4
34 2
29 2
72 2
34 2
72 2
34 2
72 4
34 2
29 2
72 2
34 2
72 2
34 2
72 4
34 2
29 2
72 2
34 2
72 2
34 2
72 2
34 2
72 2
36 2
72 2
38 2
72 2
39 2
72 4
39 2
34 2
72 2
39 2
72 2
39 2
72 4
39 2
34 2
72 2
39 2
72 2
39 2
72 4
39 2
34 2
72 2
39 2
72 2
34 2
72 2
46 2
72 2
44 2
72 2
43 2
72 2
39 2
72 4
39 2
34 2
72 2
39 2
72 2
39 2
72 4
39 2
34 2
72 2
39 2
72 2
39 2
72 4
39 2
34 2
72 2
39 2
72 2
41 2
72 2
39 7
38 2
72 2
36 2
72 4
36 2
31 2
72 2
36 2
72 2
36 2
72 4
36 2
31 2
72 2
36 2
72 2
36 2
72 4
36 2
31 2
72 2
36 2
72 2
36 2
72 2
36 2
72 2
38 2
72 2
36 2
72 2
34 2
72 4
34 2
29 2
72 2
34 2
72 2
34 2
72 4
34 2
29 2
72 2
34 2
72 2
34 2
72 4
34 2
29 2
72 2
34 2
72 2
34 2
72 2
34 2
72 2
36 2
72 2
38 2
72 2
39 2
72 4
39 2
34 2
72 2
39 2
72 2
39 2
72 4
39 2
34 2
72 2
39 2
72 2
39 2
72 4
39 2
34 2
72 2
39 2
72 2
39 2
72 2
34 2
72 2
36 2
72 2
38 2
72 2
39 2
72 4
39 2
34 2
72 2
39 2
72 2
39 2
72 4
39 2
34 2
72 2
39 2
72 2
39 2
72 4
39 2
34 2
72 2
39 2
72 2
41 2
72 2
39 7
38 2
72 2
36 2
72 4
36 2
31 2
72 2
36 2
72 2
36 2
72 4
36 2
31 2
72 2
36 2
72 2
36 2
72 4
36 2
31 2
72 2
36 2
72 2
36 2
72 2
36 2
72 2
38 2
72 2
36 2
72 2
34 2
72 4
34 2
29 2
72 2
34 2
72 2
34 2
72 4
34 2
29 2
72 2
34 2
72 2
34 2
72 4
34 2
29 2
72 2
34 2
72 2
34 2
72 2
34 2
72 2
36 2
72 2
38 2
72 2
39 2
72 4
39 2
34 2
72 2
39 2
72 2
39 2
72 4
39 2
34 2
72 2
39 2
72 2
39 2
72 4
39 2
34 2
72 2
39 2
72 2
39 2
72 2
46 2
72 2
44 2
72 2
43 2
72 2
39 2
72 4
39 2
34 2
72 2
39 2
72 2
39 2
72 4
39 2
34 2
72 2
39 2
72 2
39 2
72 4
39 2
34 2
72 2
39 2
72 2
39 2
72 2
41 2
72 6
39 2
72 2
34 2
72 4
34 2
29 2
72 2
34 2
72 2
34 2
72 4
34 2
29 2
72 2
34 2
72 2
34 2
72 4
34 2
29 2
72 2
34 2
72 2
34 2
72 4
34 2
29 2
72 2
34 2
72 2
34 2
72 4
34 2
29 2
72 2
34 2
72 2
34 2
72 4
34 2
29 2
72 2
34 2
72 2
34 2
72 4
34 2
29 2
72 2
34 2
72 2
34 2
72 2
34 2
72 2
36 2
72 2
38 2
72 2
39 2
72 4
39 2
34 2
72 2
39 2
72 2
39 2
72 4
39 2
34 2
72 2
39 2
72 2
39 2
72 4
39 2
34 2
72 2
39 2
72 2
34 2
72 2
46 2
72 2
44 2
72 2
43 2
72 2
39 2
72 4
39 2
34 2
72 2
39 2
72 2
39 2
72 4
39 2
34 2
72 2
39 2
72 2
39 2
72 4
39 2
34 2
72 2
39 2
72 2
39 2
72 2
41 2
72 6
39 2
72 2
34 2
72 4
34 2
29 2
72 2
34 2
72 2
34 2
72 4
34 2
29 2
72 2
34 2
72 2
34 2
72 4
34 2
29 2
72 2
34 2
72 2
34 2
72 4
34 2
29 2
72 2
34 2
72 2
34 2
72 4
34 2
29 2
72 2
34 2
72 2
34 2
72 4
34 2
29 2
72 2
34 2
72 2
34 2
72 4
34 2
29 2
72 2
34 2
72 2
34 2
72 2
34 2
72 2
36 2
72 2
38 2
72 2
39 2
72 4
39 2
34 2
72 2
39 2
72 2
39 2
72 4
39 2
34 2
72 2
39 2
72 2
39 2
72 4
39 2
34 2
72 2
39 2
72 2
34 2
72 2
46 2
72 2
44 2
72 2
43 2
72 2
39 2
72 4
39 2
34 2
72 2
39 2
72 2
39 2
72 4
39 2
34 2
72 2
39 2
72 2
39 2
72 4
39 2
34 2
72 2
39 2
72 2
41 2
72 2
39 7
38 2
72 2
36 2
72 4
36 2
31 2
72 2
36 2
72 2
36 2
72 4
36 2
31 2
72 2
36 2
72 2
36 2
72 4
36 2
31 2
72 2
36 2
72 2
36 2
72 2
36 2
72 2
38 2
72 2
36 2
72 2
34 2
72 4
34 2
29 2
72 2
34 2
72 2
34 2
72 4
34 2
29 2
72 2
34 2
72 2
34 2
72 4
34 2
29 2
72 2
34 2
72 2
34 2
72 2
34 2
72 2
36 2
72 2
38 2
72 2
39 2
72 4
39 2
34 2
72 2
39 2
72 2
39 2
72 4
39 2
34 2
72 2
39 2
72 2
39 2
72 4
39 2
34 2
72 2
39 2
72 2
39 2
72 2
34 2
72 2
36 2
72 2
38 2
72 2
39 2
72 4
39 2
34 2
72 2
39 2
72 2
39 2
72 4
39 2
34 2
72 2
39 2
72 2
39 2
72 4
39 2
34 2
72 2
39 2
72 2
41 2
72 2
39 7
38 2
72 2
36 2
72 4
36 2
31 2
72 2
36 2
72 2
36 2
72 4
36 2
31 2
72 2
36 2
72 2
36 2
72 4
36 2
31 2
72 2
36 2
72 2
36 2
72 2
36 2
72 2
38 2
72 2
36 2
72 2
34 2
72 4
34 2
29 2
72 2
34 2
72 2
34 2
72 4
34 2
29 2
72 2
34 2
72 2
34 2
72 4
34 2
29 2
72 2
34 2
72 2
34 2
72 2
34 2
72 2
36 2
72 2
38 2
72 2
39 2
72 4
39 2
34 2
72 2
39 2
72 2
39 2
72 4
39 2
34 2
72 2
39 2
72 2
39 2
72 4
39 2
34 2
72 2
39 2
72 2
39 2
72 2
46 2
72 2
44 2
72 2
43 2
E
S
H
51 3
72 8
51 3
72 1
50 3
72 8
50 3
72 1
48 3
72 8
48 4
48 4
46 7
48 4
48 9
46 13
72 11
50 3
72 8
50 3
72 1
48 3
72 8
48 3
72 1
46 3
72 8
46 4
51 4
51 7
50 4
48 13
72 11
51 3
72 8
51 3
72 1
50 3
72 8
50 3
72 1
48 3
72 8
48 4
48 4
46 7
48 4
48 9
46 13
72 11
50 3
72 8
50 3
72 1
48 3
72 8
48 3
72 1
46 3
72 8
46 4
51 4
51 7
50 4
48 13
72 11
63 9
62 4
60 9
62 4
63 9
62 4
65 4
63 7
62 4
62 9
60 13
72 11
62 9
60 4
58 9
60 4
62 7
72 7
67 4
67 7
65 4
63 13
72 4
58 4
60 4
62 4
63 9
62 4
60 9
62 4
63 9
62 4
65 4
63 7
62 4
62 9
60 13
72 11
62 9
60 4
58 9
60 4
62 7
72 7
67 4
67 7
65 4
63 13
72 11
51 3
72 8
51 3
72 1
50 3
72 8
50 3
72 1
48 3
72 8
48 4
48 4
46 7
48 4
48 9
46 13
72 11
50 3
72 8
50 3
72 1
48 3
72 8
48 3
72 1
46 3
72 8
46 4
51 4
51 7
50 4
48 13
72 11
51 3
72 8
51 3
72 1
50 3
72 8
50 3
72 1
48 3
72 8
48 4
48 4
46 7
48 4
48 9
46 13
72 11
50 3
72 8
50 3
72 1
48 3
72 8
48 3
72 1
46 3
72 8
46 4
51 4
51 7
50 4
48 13
72 11
63 9
62 4
60 9
62 4
63 9
62 4
65 4
63 7
62 4
62 9
60 13
72 11
62 9
60 4
58 9
60 4
62 7
72 7
67 4
67 7
65 4
63 13
72 4
58 4
60 4
62 4
63 9
62 4
60 9
62 4
63 9
62 4
65 4
63 7
62 4
62 9
60 13
72 11
62 9
60 4
58 9
60 4
62 7
72 7
67 4
67 7
65 4
63 13
E
S
L
11 2
72 4
11 2
14 2
72 6
11 2
72 4
11 2
14 2
72 6
11 2
72 4
11 2
14 2
72 6
11 2
72 4
11 2
14 2
72 6
11 2
72 4
11 2
14 2
72 6
11 2
72 4
11 2
14 2
72 6
11 2
72 4
11 2
14 2
72 6
11 2
72 4
11 2
14 2
72 6
11 2
72 4
11 2
14 2
72 6
11 2
72 4
11 2
14 2
72 6
11 2
72 4
11 2
14 2
72 6
11 2
72 4
11 2
14 2
72 6
11 2
72 4
11 2
14 2
72 6
11 2
72 4
11 2
14 2
72 6
11 2
72 4
11 2
14 2
72 6
11 2
72 2
14 2
72 2
14 2
72 2
14 2
72 2
11 2
72 4
11 2
14 2
72 6
11 2
72 4
11 2
14 2
72 6
11 2
72 4
11 2
14 2
72 6
11 2
72 4
11 2
14 2
72 6
11 2
72 4
11 2
14 2
72 6
11 2
72 4
11 2
14 2
72 6
11 2
72 4
11 2
14 2
72 6
11 2
72 4
11 2
14 2
72 6
11 2
72 4
11 2
14 2
72 6
11 2
72 4
11 2
14 2
72 6
11 2
72 4
11 2
14 2
72 6
11 2
72 4
11 2
14 2
72 6
11 2
72 4
11 2
14 2
72 6
11 2
72 4
11 2
14 2
72 6
11 2
72 4
11 2
14 2
72 6
11 2
72 2
14 2
72 2
14 2
72 2
14 2
72 2
11 2
72 4
11 2
14 2
72 6
11 2
72 4
11 2
14 2
72 6
11 2
72 4
11 2
14 2
72 6
11 2
72 4
11 2
14 2
72 6
11 2
72 4
11 2
14 2
72 6
11 2
72 4
11 2
14 2
72 6
11 2
72 4
11 2
14 2
72 6
11 2
72 4
11 2
14 2
72 6
11 2
72 4
11 2
14 2
72 6
11 2
72 4
11 2
14 2
72 6
11 2
72 4
11 2
14 2
72 6
11 2
72 4
11 2
14 2
72 6
11 2
72 4
11 2
14 2
72 6
11 2
72 4
11 2
14 2
72 6
11 2
72 4
11 2
14 2
72 6
11 2
72 2
14 2
72 2
14 2
72 2
14 2
72 2
11 2
72 4
11 2
14 2
72 6
11 2
72 4
11 2
14 2
72 6
11 2
72 4
11 2
14 2
72 6
11 2
72 4
11 2
14 2
72 6
11 2
72 4
11 2
14 2
72 6
11 2
72 4
11 2
14 2
72 6
11 2
72 4
11 2
14 2
72 6
11 2
72 4
11 2
14 2
72 6
11 2
72 4
11 2
14 2
72 6
11 2
72 4
11 2
14 2
72 6
11 2
72 4
11 2
14 2
72 6
11 2
72 4
11 2
14 2
72 6
11 2
72 4
11 2
14 2
72 6
11 2
72 4
11 2
14 2
72 6
11 2
72 4
11 2
14 2
72 6
11 2
72 2
14 2
72 2
14 2
72 2
14 4
11 2
72 4
11 2
14 2
72 6
11 2
72 4
11 2
14 2
72 6
11 2
72 4
11 2
14 2
72 6
11 2
72 4
11 2
14 2
72 6
11 2
72 4
11 2
14 2
72 6
11 2
72 4
11 2
14 2
72 6
11 2
72 4
11 2
14 2
72 6
11 2
72 4
11 2
14 2
72 6
11 2
72 4
11 2
14 2
72 6
11 2
72 4
11 2
14 2
72 6
11 2
72 4
11 2
14 2
72 6
11 2
72 4
11 2
14 2
72 6
11 2
72 4
11 2
14 2
72 6
11 2
72 4
11 2
14 2
72 6
11 2
72 4
11 2
14 2
72 6
11 2
72 2
14 2
72 2
14 2
72 2
14 2
72 2
11 2
72 4
11 2
14 2
72 6
11 2
72 4
11 2
14 2
72 6
11 2
72 4
11 2
14 2
72 6
11 2
72 4
11 2
14 2
72 6
11 2
72 4
11 2
14 2
72 6
11 2
72 4
11 2
14 2
72 6
11 2
72 4
11 2
14 2
72 6
11 2
72 4
11 2
14 2
72 6
11 2
72 4
11 2
14 2
72 6
11 2
72 4
11 2
14 2
72 6
11 2
72 4
11 2
14 2
72 6
11 2
72 4
11 2
14 2
72 6
11 2
72 4
11 2
14 2
72 6
11 2
72 4
11 2
14 2
72 6
11 2
72 4
11 2
14 2
72 6
11 2
72 2
14 2
72 2
14 2
72 2
14 2
72 2
11 2
72 4
11 2
14 2
72 6
11 2
72 4
11 2
14 2
72 6
11 2
72 4
11 2
14 2
72 6
11 2
72 4
11 2
14 2
72 6
11 2
72 4
11 2
14 2
72 6
11 2
72 4
11 2
14 2
72 6
11 2
72 4
11 2
14 2
72 6
11 2
72 4
11 2
14 2
72 6
11 2
72 4
11 2
14 2
72 6
11 2
72 4
11 2
14 2
72 6
11 2
72 4
11 2
14 2
72 6
11 2
72 4
11 2
14 2
72 6
11 2
72 4
11 2
14 2
72 6
11 2
72 4
11 2
14 2
72 6
11 2
72 4
11 2
14 2
72 6
11 2
72 2
14 2
72 2
14 2
72 2
14 2
72 2
11 2
72 4
11 2
14 2
72 6
11 2
72 4
11 2
14 2
72 6
11 2
72 4
11 2
14 2
72 6
11 2
72 4
11 2
14 2
72 6
11 2
72 4
11 2
14 2
72 6
11 2
72 4
11 2
14 2
72 6
11 2
72 4
11 2
14 2
72 6
11 2
72 4
11 2
14 2
72 6
11 2
72 4
11 2
14 2
72 6
11 2
72 4
11 2
14 2
72 6
11 2
72 4
11 2
14 2
72 6
11 2
72 4
11 2
14 2
72 6
11 2
72 4
11 2
14 2
72 6
11 2
72 4
11 2
14 2
72 6
11 2
72 4
11 2
14 2
72 6
11 2
72 2
14 2
72 2
14 2
72 2
14 4
E
X
