major
S
H
55 4
60 2
72 6
57 3
72 1
59 3
72 1
57 3
72 1
57 3
72 1
55 3
72 1
55 4
60 2
72 6
57 3
72 1
59 3
72 1
57 3
72 1
59 3
72 1
60 3
72 1
55 4
60 2
72 6
57 3
72 1
59 3
72 1
57 3
72 1
57 3
72 1
55 3
72 1
60 3
72 1
62 3
72 1
60 3
72 1
62 3
72 1
59 3
72 1
59 3
72 5
60 3
72 1
53 4
62 2
72 6
55 3
72 1
53 3
72 1
59 3
72 1
52 3
72 1
57 3
72 1
53 3
72 1
62 3
72 1
53 3
72 1
60 3
72 1
50 3
72 1
59 3
72 1
59 3
72 1
57 3
72 1
52 4
60 2
72 6
53 3
72 1
52 3
72 1
57 3
72 1
50 3
72 1
55 3
72 1
48 3
72 1
60 3
72 1
50 3
72 1
59 3
72 1
52 3
72 1
57 3
72 1
57 3
72 1
57 3
72 1
53 4
62 2
72 6
55 3
72 1
53 3
72 1
59 3
72 1
52 3
72 1
57 3
72 1
53 3
72 1
62 3
72 1
53 3
72 1
60 3
72 1
50 3
72 1
59 3
72 1
60 3
72 1
59 3
72 1
48 3
72 1
60 3
72 1
53 3
72 1
57 3
72 1
57 3
72 1
59 3
72 1
55 3
72 1
57 3
72 1
60 3
72 1
62 3
72 1
60 3
72 1
62 3
72 1
59 3
72 1
62 3
72 1
62 3
72 1
62 3
72 1
55 4
60 2
72 6
57 3
72 1
59 3
72 1
57 3
72 1
57 3
72 1
55 3
72 1
55 4
60 2
72 6
57 3
72 1
59 3
72 1
57 3
72 1
59 3
72 1
60 3
72 1
55 4
60 2
72 6
57 3
72 1
59 3
72 1
57 3
72 1
57 3
72 1
55 3
72 1
60 3
72 1
62 3
72 1
60 3
72 1
62 3
72 1
59 3
72 1
59 3
72 5
60 3
72 1
53 4
62 2
72 6
55 3
72 1
53 3
72 1
59 3
72 1
52 3
72 1
57 3
72 1
53 3
72 1
62 3
72 1
53 3
72 1
60 3
72 1
50 3
72 1
59 3
72 1
59 3
72 1
57 3
72 1
52 4
60 2
72 6
53 3
72 1
52 3
72 1
57 3
72 1
50 3
72 1
55 3
72 1
48 3
72 1
60 3
72 1
50 3
72 1
59 3
72 1
52 3
72 1
57 3
72 1
57 3
72 1
57 3
72 1
53 4
62 2
72 6
55 3
72 1
53 3
72 1
59 3
72 1
52 3
72 1
57 3
72 1
53 3
72 1
62 3
72 1
53 3
72 1
60 3
72 1
50 3
72 1
59 3
72 1
60 3
72 1
59 3
72 1
48 3
72 1
60 3
72 1
53 3
72 1
57 3
72 1
57 3
72 1
59 3
72 1
55 3
72 1
57 3
72 1
60 3
72 1
62 3
72 1
60 3
72 1
62 3
72 1
59 3
72 1
62 3
72 1
62 3
72 1
62 3
E
S
H
36 2
72 4
36 2
31 2
72 2
36 2
72 2
36 2
72 4
36 2
31 2
72 2
36 2
72 2
36 2
72 4
36 2
31 2
72 2
36 2
72 2
36 2
72 4
36 2
31 2
72 2
36 2
72 2
36 2
72 4
36 2
31 2
72 2
36 2
72 2
36 2
72 4
36 2
31 2
72 2
36 2
72 2
38 2
72 4
38 2
33 2
72 2
38 2
72 2
38 2
72 4
38 2
33 2
72 2
33 2
72 2
38 2
72 4
38 2
33 2
72 2
38 2
72 2
38 2
72 4
38 2
33 2
72 2
38 2
72 2
38 2
72 4
38 2
33 2
72 2
38 2
72 2
38 2
72 4
38 2
33 2
72 2
33 2
72 2
36 2
72 4
36 2
31 2
72 2
36 2
72 2
36 2
72 4
36 2
31 2
72 2
36 2
72 2
36 2
72 4
38 2
31 2
72 2
36 2
72 2
36 2
72 4
36 2
31 2
72 2
31 2
72 2
38 2
72 4
38 2
33 2
72 2
40 2
72 2
38 2
72 4
38 2
33 2
72 2
33 2
72 2
38 2
72 4
38 2
33 2
72 2
40 2
72 2
38 2
72 4
38 2
33 2
72 2
33 2
72 2
36 2
72 4
36 2
31 2
72 2
31 2
72 2
36 2
72 4
36 2
38 2
72 2
36 2
72 2
41 2
72 6
41 2
72 2
41 2
72 2
40 2
72 2
40 2
72 2
40 2
72 2
40 2
72 2
36 2
72 4
36 2
31 2
72 2
36 2
72 2
36 2
72 4
36 2
31 2
72 2
36 2
72 2
36 2
72 4
36 2
31 2
72 2
36 2
72 2
36 2
72 4
36 2
31 2
72 2
36 2
72 2
36 2
72 4
36 2
31 2
72 2
36 2
72 2
36 2
72 4
36 2
31 2
72 2
36 2
72 2
38 2
72 4
38 2
33 2
72 2
38 2
72 2
38 2
72 4
38 2
33 2
72 2
33 2
72 2
38 2
72 4
38 2
33 2
72 2
38 2
72 2
38 2
72 4
38 2
33 2
72 2
38 2
72 2
38 2
72 4
38 2
33 2
72 2
38 2
72 2
38 2
72 4
38 2
33 2
72 2
33 2
72 2
36 2
72 4
36 2
31 2
72 2
36 2
72 2
36 2
72 4
36 2
31 2
72 2
36 2
72 2
36 2
72 4
38 2
31 2
72 2
36 2
72 2
36 2
72 4
36 2
31 2
72 2
31 2
72 2
38 2
72 4
38 2
33 2
72 2
40 2
72 2
38 2
72 4
38 2
33 2
72 2
33 2
72 2
38 2
72 4
38 2
33 2
72 2
40 2
72 2
38 2
72 4
38 2
33 2
72 2
33 2
72 2
36 2
72 4
36 2
31 2
72 2
31 2
72 2
36 2
72 4
36 2
38 2
72 2
36 2
72 2
41 2
72 6
41 2
72 2
41 2
72 2
40 2
72 2
40 2
72 2
40 2
72 2
40 2
E
S
H
52 3
72 8
52 3
72 1
52 3
72 5
52 3
72 1
52 3
72 1
52 3
72 8
52 3
72 1
52 3
72 10
52 3
72 8
52 3
72 1
52 3
72 5
52 3
72 1
52 3
72 1
57 3
72 5
57 3
72 5
55 3
72 10
50 3
72 8
50 3
72 1
50 3
72 5
48 3
72 5
50 3
72 5
50 3
72 5
47 3
72 10
48 3
72 8
48 3
72 1
48 3
72 5
47 3
72 5
45 3
72 5
47 3
72 5
48 3
72 10
50 3
72 8
50 3
72 1
50 3
72 5
48 3
72 5
50 3
72 5
50 3
72 5
47 3
72 10
45 3
72 5
50 3
72 5
53 3
72 5
52 3
72 5
57 3
72 5
57 3
72 5
55 3
72 10
52 3
72 8
52 3
72 1
52 3
72 5
52 3
72 1
52 3
72 1
52 3
72 8
52 3
72 1
52 3
72 10
52 3
72 8
52 3
72 1
52 3
72 5
52 3
72 1
52 3
72 1
57 3
72 5
57 3
72 5
55 3
72 10
50 3
72 8
50 3
72 1
50 3
72 5
48 3
72 5
50 3
72 5
50 3
72 5
47 3
72 10
48 3
72 8
48 3
72 1
48 3
72 5
47 3
72 5
45 3
72 5
47 3
72 5
48 3
72 10
50 3
72 8
50 3
72 1
50 3
72 5
48 3
72 5
50 3
72 5
50 3
72 5
47 3
72 10
45 3
72 5
50 3
72 5
53 3
72 5
52 3
72 5
57 3
72 5
57 3
72 5
55 3
E
S
L
11 2
72 4
11 2
14 2
72 6
11 2
72 2
11 2
72 2
14 2
72 6
11 2
72 4
11 2
14 2
72 6
11 2
72 2
11 2
72 2
14 2
72 6
11 2
72 4
11 2
14 2
72 6
11 2
72 2
11 2
72 2
14 2
72 6
11 2
72 4
11 2
14 2
72 6
11 2
72 2
11 2
72 2
14 2
72 6
11 2
72 4
11 2
14 2
72 6
11 2
72 2
11 2
72 2
14 2
72 6
11 2
72 4
11 2
14 2
72 6
11 2
72 2
11 2
72 2
14 2
72 6
11 2
72 4
11 2
14 2
72 6
11 2
72 2
11 2
72 2
14 2
72 6
11 2
72 4
11 2
14 2
72 6
11 2
72 2
11 2
72 2
14 2
72 6
11 2
72 4
11 2
14 2
72 6
11 2
72 2
11 2
72 2
14 2
72 6
11 2
72 4
11 2
14 2
72 6
11 2
72 2
11 2
72 2
14 2
72 6
11 2
72 6
14 2
72 6
11 2
72 2
11 2
72 2
14 2
72 6
11 2
72 6
14 2
72 6
11 2
72 2
14 2
72 2
14 2
72 2
14 4
11 2
72 4
11 2
14 2
72 6
11 2
72 2
11 2
72 2
14 2
72 6
11 2
72 4
11 2
14 2
72 6
11 2
72 2
11 2
72 2
14 2
72 6
11 2
72 4
11 2
14 2
72 6
11 2
72 2
11 2
72 2
14 2
72 6
11 2
72 4
11 2
14 2
72 6
11 2
72 2
11 2
72 2
14 2
72 6
11 2
72 4
11 2
14 2
72 6
11 2
72 2
11 2
72 2
14 2
72 6
11 2
72 4
11 2
14 2
72 6
11 2
72 2
11 2
72 2
14 2
72 6
11 2
72 4
11 2
14 2
72 6
11 2
72 2
11 2
72 2
14 2
72 6
11 2
72 4
11 2
14 2
72 6
11 2
72 2
11 2
72 2
14 2
72 6
11 2
72 4
11 2
14 2
72 6
11 2
72 2
11 2
72 2
14 2
72 6
11 2
72 4
11 2
14 2
72 6
11 2
72 2
11 2
72 2
14 2
72 6
11 2
72 6
14 2
72 6
11 2
72 2
11 2
72 2
14 2
72 6
11 2
72 6
14 2
72 6
11 2
72 2
14 2
72 2
14 2
72 2
14 4
E
X
