minor
S
H
53 0
56 0
72 2
53 0
72 0
56 0
72 1
53 0
72 1
56 0
72 0
53 0
56 0
72 2
54 0
57 0
72 2
54 0
72 0
57 0
72 1
54 0
72 1
57 0
72 0
54 0
57 0
72 2
55 0
58 0
72 2
55 0
72 0
58 0
72 1
55 0
72 1
58 0
72 0
55 0
58 0
72 2
56 0
59 0
72 2
56 0
72 0
59 0
72 1
56 0
72 1
59 0
72 0
56 0
59 0
72 2
57 0
60 0
72 2
57 0
72 0
60 0
72 1
57 0
72 1
60 0
72 0
57 0
60 0
72 2
58 0
61 0
72 2
58 0
72 0
61 0
72 1
58 0
72 1
61 0
72 0
58 0
61 0
72 8
0 0
E
S
H
46 0
49 0
72 2
46 0
72 0
49 0
72 1
46 0
72 1
49 0
72 0
46 0
49 0
72 2
47 0
50 0
72 2
47 0
72 0
50 0
72 1
47 0
72 1
50 0
72 0
47 0
50 0
72 2
48 0
51 0
72 2
48 0
72 0
51 0
72 1
48 0
72 1
51 0
72 0
48 0
51 0
72 2
49 0
52 0
72 2
49 0
72 0
52 0
72 1
49 0
72 1
52 0
72 0
49 0
52 0
72 2
50 0
53 0
72 2
50 0
72 0
53 0
72 1
50 0
72 1
53 0
72 0
50 0
53 0
72 2
51 0
54 0
72 2
51 0
72 0
54 0
72 1
51 0
72 1
54 0
72 0
51 0
54 0
E
X
