major
S
L
38 6
46 6
38 9
22 9
44 6
55 6
51 11
22 7
34 6
29 2
31 4
34 7
29 2
31 2
22 7
34 6
29 2
31 4
34 7
29 2
31 2
22 7
34 6
29 2
31 4
34 7
33 4
32 7
32 6
27 2
29 4
32 7
27 2
29 2
32 7
32 6
27 2
29 4
32 7
29 4
22 7
34 6
29 2
31 4
34 7
29 2
31 2
22 7
34 6
29 2
31 4
34 7
33 4
32 7
32 6
27 2
29 4
32 7
27 2
29 2
32 7
32 6
27 2
29 4
32 7
29 4
27 7
39 6
34 2
36 4
39 7
34 2
36 2
29 7
29 6
24 2
26 4
29 7
24 2
26 2
32 7
32 6
27 2
29 4
32 7
31 2
32 2
31 7
31 6
26 2
29 4
31 7
26 2
29 2
29 7
29 6
24 2
26 4
29 7
24 2
26 2
27 7
27 6
22 2
24 4
27 7
22 2
24 2
24 7
36 6
31 2
33 4
36 7
31 2
33 2
36 4
24 4
36 6
31 2
33 4
36 4
31 2
33 2
36 4
22 7
34 6
29 2
31 4
34 7
29 2
31 2
22 7
34 6
29 2
31 4
34 7
33 4
32 7
32 6
27 2
29 4
32 7
27 2
29 2
32 7
32 6
27 2
29 4
32 7
29 4
22 7
34 6
29 2
31 4
34 7
29 2
31 2
22 7
34 6
29 2
31 4
34 7
33 4
32 7
32 6
27 2
29 4
32 7
27 2
29 2
32 7
32 6
27 2
29 4
32 7
29 4
27 7
39 6
34 2
36 4
39 7
34 2
36 2
29 7
29 6
24 2
26 4
29 7
24 2
26 2
32 7
32 6
27 2
29 4
32 7
31 2
32 2
31 7
31 6
26 2
29 4
31 7
26 2
29 2
29 7
29 6
24 2
26 4
29 7
24 2
26 2
27 7
27 6
22 2
24 4
27 7
22 2
24 2
24 7
36 6
31 2
33 4
36 7
31 2
33 2
36 4
24 4
36 6
31 2
33 4
36 4
31 2
33 2
36 4
E
S
H
72 2
41 6
45 6
34 11
41 6
48 6
58 6
48 10
38 13
38 4
45 7
50 6
46 6
45 4
41 4
38 11
46 7
41 7
39 4
46 7
43 4
43 7
39 4
39 11
48 7
45 7
38 4
45 7
50 6
46 6
45 4
41 4
38 11
46 7
41 7
39 4
46 7
43 4
43 7
39 4
39 11
48 7
45 7
43 11
45 4
46 4
45 7
43 4
41 7
38 4
41 9
41 7
43 4
39 11
38 11
38 6
43 6
48 4
45 4
45 12
56 7
51 12
45 2
46 2
45 7
45 7
46 4
47 4
48 13
38 4
45 7
50 6
46 6
45 4
41 4
38 11
46 7
41 7
39 4
46 7
43 4
43 7
39 4
39 11
48 7
45 7
38 4
45 7
50 6
46 6
45 4
41 4
38 11
46 7
41 7
39 4
46 7
43 4
43 7
39 4
39 11
48 7
45 7
43 11
45 4
46 4
45 7
43 4
41 7
38 4
41 9
41 7
43 4
39 11
38 11
38 6
43 6
48 4
45 4
45 12
56 7
51 12
45 2
46 2
45 7
45 7
46 4
47 4
48 13
E
S
H
72 4
45 6
41 6
33 11
43 6
51 6
55 6
46 9
45 13
72 2
41 8
46 6
41 6
41 4
38 4
34 11
45 7
38 6
43 9
39 9
34 12
46 7
41 4
72 2
41 8
46 6
41 6
41 4
38 4
34 11
45 7
38 6
43 9
39 9
34 12
46 7
41 4
39 11
41 4
39 4
41 7
34 4
33 7
33 4
36 9
32 7
34 4
31 11
34 11
41 7
46 7
46 4
41 13
55 7
46 11
41 2
43 2
41 7
41 7
43 4
44 4
45 13
72 2
41 8
46 6
41 6
41 4
38 4
34 11
45 7
38 6
43 9
39 9
34 12
46 7
41 4
72 2
41 8
46 6
41 6
41 4
38 4
34 11
45 7
38 6
43 9
39 9
34 12
46 7
41 4
39 11
41 4
39 4
41 7
34 4
33 7
33 4
36 9
32 7
34 4
31 11
34 11
41 7
46 7
46 4
41 13
55 7
46 11
41 2
43 2
41 7
41 7
43 4
44 4
45 13
E
X
