major
S
H
49 12
47 7
46 12
44 7
49 12
47 7
46 4
47 3
46 12
49 12
47 7
46 12
44 7
49 12
47 7
46 4
47 3
46 11
72 0
49 2
50 2
51 2
54 2
51 12
49 7
54 7
52 7
51 7
49 7
46 12
44 7
41 11
32 2
35 2
37 2
38 2
40 2
42 2
44 2
47 2
49 2
50 2
52 2
54 2
51 12
49 7
54 7
52 7
51 7
51 3
43 5
46 13
E
S
H
49 12
47 7
46 12
44 7
49 12
47 7
46 4
47 3
46 12
49 12
47 7
46 12
44 7
49 12
47 7
46 4
47 3
46 11
72 0
49 2
50 2
51 2
54 2
51 12
49 7
54 7
52 7
51 7
49 7
46 12
44 7
41 11
32 2
35 2
37 2
38 2
40 2
42 2
44 2
47 2
49 2
50 2
52 2
54 2
51 12
49 7
54 7
52 7
51 7
51 3
43 5
46 13
E
S
L
20 3
20 2
27 3
23 2
72 3
20 2
25 3
23 2
26 3
23 2
23 3
30 3
72 2
23 2
25 3
18 2
20 3
20 2
27 3
23 2
72 3
20 2
25 3
23 2
26 3
23 2
23 3
30 3
72 2
23 2
25 2
20 2
18 2
20 3
20 2
27 3
23 2
72 3
20 2
25 3
23 2
26 3
23 2
23 3
30 3
72 2
23 2
25 3
18 2
20 3
20 2
27 3
23 2
72 3
20 2
25 3
23 2
26 3
23 2
23 3
30 3
72 2
23 2
25 2
20 2
18 2
20 3
20 2
27 3
23 2
72 3
20 2
25 3
23 2
26 3
23 2
23 3
30 3
72 2
23 2
25 3
18 2
20 3
20 2
27 3
23 2
72 3
20 2
25 3
23 2
26 3
23 2
23 3
30 3
72 2
23 2
25 2
20 2
18 2
20 3
20 2
27 3
23 2
72 3
20 2
25 3
23 2
26 3
23 2
23 3
30 3
72 2
23 2
25 3
18 2
20 3
20 2
27 3
23 2
72 3
20 2
25 3
23 2
26 3
23 2
23 3
30 3
72 2
23 2
25 2
20 2
18 2
25 3
25 2
20 3
28 2
72 3
25 2
30 3
28 2
32 3
28 2
28 3
35 3
72 2
28 2
30 3
23 2
25 3
25 2
31 3
28 2
72 3
25 2
30 3
28 2
31 3
28 2
28 3
35 3
72 2
28 2
30 2
30 2
23 2
20 3
20 2
27 3
23 2
72 3
20 2
25 3
23 2
26 3
23 2
23 3
30 3
72 2
23 2
25 3
18 2
20 3
20 2
27 3
23 2
72 3
20 2
25 3
23 2
26 3
23 2
23 3
30 3
72 2
23 2
25 2
20 2
18 2
25 3
25 2
20 3
28 2
72 3
25 2
30 3
28 2
32 3
28 2
28 3
35 3
72 2
28 2
30 2
18 2
23 2
25 3
25 2
31 3
28 2
72 3
25 2
30 3
28 2
31 3
28 2
28 3
35 3
72 2
28 2
30 3
23 2
20 3
20 2
27 3
23 2
72 3
20 2
25 3
23 2
26 3
23 2
23 3
30 3
72 2
23 2
25 3
18 2
20 3
20 2
27 3
23 2
72 3
20 2
25 3
23 2
26 3
23 2
23 3
30 3
72 2
23 2
25 2
20 2
18 2
E
S
H
44 13
44 13
44 13
44 13
44 13
44 13
44 13
44 13
44 13
43 13
44 13
44 13
44 13
43 13
44 13
44 13
E
S
H
47 13
47 13
47 13
47 13
47 13
47 13
47 13
47 13
47 13
47 13
47 13
47 13
47 13
47 13
47 13
47 13
E
S
H
54 13
53 13
54 13
53 13
54 13
53 13
54 13
53 13
52 13
52 13
54 13
53 13
52 13
52 13
54 13
53 13
E
S
L
173 2
72 0
20 2
20 2
20 2
175 2
72 0
18 2
18 2
18 2
173 2
72 0
20 2
173 2
20 2
175 2
72 0
18 2
173 2
173 2
173 2
72 0
20 2
20 2
20 2
175 2
72 0
18 2
18 2
18 2
173 2
72 0
20 2
173 2
20 2
175 2
72 0
18 2
173 2
173 2
173 2
72 0
20 2
20 2
20 2
175 2
72 0
18 2
18 2
18 2
173 2
72 0
20 2
173 2
20 2
175 2
72 0
18 2
173 2
173 2
173 2
72 0
20 2
20 2
20 2
175 2
72 0
18 2
18 2
18 2
173 2
72 0
20 2
173 2
20 2
175 2
72 0
18 2
173 2
173 2
173 2
72 0
20 2
20 2
20 2
175 2
72 0
18 2
18 2
18 2
173 2
72 0
20 2
173 2
20 2
175 2
72 0
18 2
173 2
173 2
173 2
72 0
20 2
20 2
20 2
175 2
72 0
18 2
18 2
18 2
173 2
72 0
20 2
173 2
20 2
175 2
72 0
18 2
173 2
173 2
173 2
72 0
20 2
20 2
20 2
175 2
72 0
18 2
18 2
18 2
173 2
72 0
20 2
173 2
20 2
175 2
72 0
18 2
173 2
173 2
173 2
72 0
20 2
20 2
20 2
175 2
72 0
18 2
18 2
18 2
173 2
72 0
20 2
173 2
20 2
175 2
72 0
18 2
175 2
175 2
175 2
173 2
72 0
20 2
20 2
20 2
175 2
72 0
18 2
18 2
18 2
173 2
72 0
20 2
173 2
20 2
175 2
72 0
18 2
173 2
173 2
173 2
72 0
20 2
20 2
20 2
175 2
72 0
18 2
18 2
18 2
173 2
72 0
20 2
173 2
20 2
175 2
72 0
18 2
175 2
173 2
173 2
72 0
20 2
20 2
20 2
175 2
72 0
18 2
18 2
18 2
173 2
72 0
20 2
173 2
20 2
175 2
72 0
18 2
173 2
173 2
173 2
72 0
20 2
20 2
20 2
175 2
72 0
18 2
18 2
18 2
173 2
72 0
20 2
173 2
20 2
175 2
72 0
18 2
175 2
175 0
173 2
173 2
72 0
20 2
20 2
20 2
175 2
72 0
18 2
18 2
18 2
173 2
72 0
20 2
173 2
20 2
175 2
72 0
18 2
173 2
173 2
173 2
72 0
20 2
20 2
20 2
175 2
72 0
18 2
18 2
18 2
173 2
72 0
20 2
173 2
20 2
175 2
72 0
18 2
175 2
173 2
173 2
72 0
20 2
20 2
20 2
175 2
72 0
18 2
18 2
18 2
173 2
72 0
20 2
173 2
20 2
175 2
72 0
18 2
173 2
173 2
173 2
72 0
20 2
20 2
20 2
175 2
72 0
18 2
18 2
18 2
173 2
72 0
20 2
173 2
20 2
175 2
72 0
18 2
175 2
175 2
18 2
E
X
