minor
S
L
72 7
72 12
18 11
25 6
18 6
17 11
24 6
17 6
15 11
22 6
15 6
14 11
21 6
26 4
21 2
23 11
30 6
23 6
22 11
29 6
22 6
20 11
27 6
20 6
19 11
26 6
31 4
19 2
18 11
25 6
18 6
17 11
24 6
17 6
15 11
22 6
15 6
14 11
21 6
26 4
21 2
23 11
30 6
23 6
22 11
29 6
22 6
20 11
27 6
20 6
19 11
26 6
31 4
19 2
18 11
25 6
18 6
17 11
24 6
17 6
15 11
22 6
15 6
14 11
21 6
26 4
21 2
23 11
30 6
23 6
22 11
29 6
22 6
20 11
27 6
20 6
19 11
26 6
31 4
19 2
72 11
18 6
30 4
18 4
E
S
H
72 7
72 12
32 6
33 6
40 11
39 6
36 6
31 11
29 6
30 6
37 7
36 6
34 6
33 13
37 6
38 6
45 11
44 6
41 6
36 11
34 6
35 6
42 7
41 6
39 6
38 13
32 6
33 6
40 11
39 6
36 6
31 11
29 6
30 6
37 7
36 6
34 6
33 13
37 6
38 6
45 11
44 6
41 6
36 11
34 6
35 6
42 7
41 6
39 6
38 13
32 6
33 6
40 11
39 6
36 6
31 11
29 6
30 6
37 7
36 6
34 6
33 13
37 6
38 6
45 11
44 6
41 6
36 11
34 6
35 6
42 7
41 6
39 6
38 13
37 13
E
S
L
72 7
72 12
158 13
72 2
108 13
72 2
119 13
72 2
213 13
72 2
211 13
72 2
161 13
72 2
184 13
72 2
134 13
72 2
158 13
72 2
108 13
72 2
119 13
72 2
213 13
72 2
211 13
72 2
161 13
72 2
184 13
72 2
134 13
72 2
158 13
72 2
108 13
72 2
119 13
72 2
213 13
72 2
211 13
72 2
161 13
72 2
184 13
72 2
134 13
72 2
158 13
E
S
L
72 7
72 12
121 13
72 2
145 13
72 2
226 13
72 2
106 13
72 2
174 13
72 2
198 13
72 2
147 13
72 2
171 13
72 2
121 13
72 2
145 13
72 2
226 13
72 2
106 13
72 2
174 13
72 2
198 13
72 2
147 13
72 2
171 13
72 2
121 13
72 2
145 13
72 2
226 13
72 2
106 13
72 2
174 13
72 2
198 13
72 2
147 13
72 2
171 13
72 2
121 13
E
S
H
72 7
72 12
54 7
61 0
59 0
61 0
57 0
72 2
61 0
72 2
56 0
72 2
61 0
72 2
54 0
72 2
61 0
72 2
53 0
72 2
61 0
72 2
54 0
72 2
61 0
72 2
56 0
72 2
61 0
72 2
53 0
72 2
60 0
72 2
58 0
72 2
60 0
72 2
56 0
72 2
60 0
72 2
55 0
72 2
60 0
72 2
53 0
72 2
60 0
72 2
52 0
72 2
60 0
72 2
53 0
72 2
60 0
72 2
55 0
72 2
60 0
72 2
51 0
72 2
58 0
72 2
56 0
72 2
58 0
72 2
54 0
72 2
58 0
72 2
53 0
72 2
58 0
72 2
51 0
72 2
58 0
72 2
50 0
72 2
58 0
72 2
51 0
72 2
58 0
72 2
53 0
72 2
58 0
72 2
50 0
72 2
57 0
72 2
55 0
72 2
57 0
72 2
53 0
72 2
57 0
72 2
52 0
72 2
57 0
72 2
50 0
72 2
57 0
72 2
49 0
72 2
57 0
72 2
50 0
72 2
57 0
72 2
52 0
72 2
57 0
72 2
59 0
72 2
66 0
72 2
64 0
72 2
66 0
72 2
62 0
72 2
66 0
72 2
61 0
72 2
66 0
72 2
59 0
72 2
66 0
72 2
58 0
72 2
66 0
72 2
59 0
72 2
66 0
72 2
61 0
72 2
66 0
72 2
58 0
72 2
65 0
72 2
63 0
72 2
65 0
72 2
61 0
72 2
65 0
72 2
60 0
72 2
65 0
72 2
58 0
72 2
65 0
72 2
57 0
72 2
65 0
72 2
58 0
72 2
65 0
72 2
60 0
72 2
65 0
72 2
56 0
72 2
63 0
72 2
61 0
72 2
63 0
72 2
59 0
72 2
63 0
72 2
58 0
72 2
63 0
72 2
56 0
72 2
63 0
72 2
55 0
72 2
63 0
72 2
56 0
72 2
63 0
72 2
58 0
72 2
63 0
72 2
55 0
72 2
62 0
72 2
60 0
72 2
62 0
72 2
58 0
72 2
62 0
72 2
57 0
72 2
62 0
72 2
55 0
72 2
62 0
72 2
54 0
72 2
62 0
72 2
55 0
72 2
62 0
72 2
57 0
72 2
62 0
72 2
54 7
61 0
59 0
61 0
57 0
72 2
61 0
72 2
56 0
72 2
61 0
72 2
54 0
72 2
61 0
72 2
53 0
72 2
61 0
72 2
54 0
72 2
61 0
72 2
56 0
72 2
61 0
72 2
53 0
72 2
60 0
72 2
58 0
72 2
60 0
72 2
56 0
72 2
60 0
72 2
55 0
72 2
60 0
72 2
53 0
72 2
60 0
72 2
52 0
72 2
60 0
72 2
53 0
72 2
60 0
72 2
55 0
72 2
60 0
72 2
51 0
72 2
58 0
72 2
56 0
72 2
58 0
72 2
54 0
72 2
58 0
72 2
53 0
72 2
58 0
72 2
51 0
72 2
58 0
72 2
50 0
72 2
58 0
72 2
51 0
72 2
58 0
72 2
53 0
72 2
58 0
72 2
50 0
72 2
57 0
72 2
55 0
72 2
57 0
72 2
53 0
72 2
57 0
72 2
52 0
72 2
57 0
72 2
50 0
72 2
57 0
72 2
49 0
72 2
57 0
72 2
50 0
72 2
57 0
72 2
52 0
72 2
57 0
72 2
59 0
72 2
66 0
72 2
64 0
72 2
66 0
72 2
62 0
72 2
66 0
72 2
61 0
72 2
66 0
72 2
59 0
72 2
66 0
72 2
58 0
72 2
66 0
72 2
59 0
72 2
66 0
72 2
61 0
72 2
66 0
72 2
58 0
72 2
65 0
72 2
63 0
72 2
65 0
72 2
61 0
72 2
65 0
72 2
60 0
72 2
65 0
72 2
58 0
72 2
65 0
72 2
57 0
72 2
65 0
72 2
58 0
72 2
65 0
72 2
60 0
72 2
65 0
72 2
56 0
72 2
63 0
72 2
61 0
72 2
63 0
72 2
59 0
72 2
63 0
72 2
58 0
72 2
63 0
72 2
56 0
72 2
63 0
72 2
55 0
72 2
63 0
72 2
56 0
72 2
63 0
72 2
58 0
72 2
63 0
72 2
55 0
72 2
62 0
72 2
60 0
72 2
62 0
72 2
58 0
72 2
62 0
72 2
57 0
72 2
62 0
72 2
55 0
72 2
62 0
72 2
54 0
72 2
62 0
72 2
55 0
72 2
62 0
72 2
57 0
72 2
62 0
72 2
54 7
61 0
59 0
61 0
57 0
72 2
61 0
72 2
56 0
72 2
61 0
72 2
54 0
72 2
61 0
72 2
53 0
72 2
61 0
72 2
54 0
72 2
61 0
72 2
56 0
72 2
61 0
72 2
53 0
72 2
60 0
72 2
58 0
72 2
60 0
72 2
56 0
72 2
60 0
72 2
55 0
72 2
60 0
72 2
53 0
72 2
60 0
72 2
52 0
72 2
60 0
72 2
53 0
72 2
60 0
72 2
55 0
72 2
60 0
72 2
51 0
72 2
58 0
72 2
56 0
72 2
58 0
72 2
54 0
72 2
58 0
72 2
53 0
72 2
58 0
72 2
51 0
72 2
58 0
72 2
50 0
72 2
58 0
72 2
51 0
72 2
58 0
72 2
53 0
72 2
58 0
72 2
50 0
72 2
57 0
72 2
55 0
72 2
57 0
72 2
53 0
72 2
57 0
72 2
52 0
72 2
57 0
72 2
50 0
72 2
57 0
72 2
49 0
72 2
57 0
72 2
50 0
72 2
57 0
72 2
52 0
72 2
57 0
72 2
59 0
72 2
66 0
72 2
64 0
72 2
66 0
72 2
62 0
72 2
66 0
72 2
61 0
72 2
66 0
72 2
59 0
72 2
66 0
72 2
58 0
72 2
66 0
72 2
59 0
72 2
66 0
72 2
61 0
72 2
66 0
72 2
58 0
72 2
65 0
72 2
63 0
72 2
65 0
72 2
61 0
72 2
65 0
72 2
60 0
72 2
65 0
72 2
58 0
72 2
65 0
72 2
57 0
72 2
65 0
72 2
58 0
72 2
65 0
72 2
60 0
72 2
65 0
72 2
56 0
72 2
63 0
72 2
61 0
72 2
63 0
72 2
59 0
72 2
63 0
72 2
58 0
72 2
63 0
72 2
56 0
72 2
63 0
72 2
55 0
72 2
63 0
72 2
56 0
72 2
63 0
72 2
58 0
72 2
63 0
72 2
55 0
72 2
62 0
72 2
60 0
72 2
62 0
72 2
58 0
72 2
62 0
72 2
57 0
72 2
62 0
72 2
55 0
72 2
62 0
72 2
54 0
72 2
62 0
72 2
55 0
72 2
62 0
72 2
57 0
72 2
62 0
E
S
H
72 7
72 12
361 13
204 13
322 13
165 13
1471 13
833 13
675 13
518 13
698 13
204 13
322 13
165 13
1471 13
833 13
1107 13
854 13
361 13
204 13
1618 13
1461 13
990 13
833 13
675 13
518 13
698 13
E
X
