minor
S
L
72 7
72 12
21 3
72 8
21 2
72 10
21 2
72 6
21 2
72 6
19 11
72 2
17 4
72 7
17 2
72 6
17 2
72 6
16 2
72 6
16 2
72 6
16 11
72 1
14 5
72 6
14 3
72 10
14 2
72 6
14 2
72 6
16 11
72 1
17 4
72 7
17 3
72 5
17 3
72 5
19 2
72 6
19 3
72 5
21 11
72 1
21 3
72 8
21 2
72 10
21 2
72 6
21 2
72 6
19 11
72 2
17 4
72 7
17 2
72 6
17 2
72 6
16 2
72 6
16 2
72 6
16 11
72 1
14 5
72 6
14 3
72 10
14 2
72 6
14 2
72 6
16 11
72 1
17 4
72 7
17 3
72 5
17 3
72 5
19 2
72 6
19 3
72 5
21 11
72 1
22 3
72 8
22 2
72 10
22 2
72 6
22 2
72 6
20 11
72 2
18 4
72 7
18 2
72 6
18 2
72 6
17 2
72 6
17 2
72 6
17 11
72 1
15 5
72 6
15 3
72 10
15 2
72 6
15 2
72 6
17 11
72 1
18 4
72 7
18 3
72 5
18 3
72 5
20 2
72 6
20 3
72 5
22 11
72 1
22 11
72 4
22 5
72 3
22 12
72 3
22 5
72 3
20 12
72 3
20 5
72 3
13 12
72 3
13 6
72 2
19 12
72 3
19 6
72 2
17 12
72 3
17 6
72 2
15 12
72 2
15 5
72 3
14 12
72 3
14 5
72 3
12 7
72 4
12 2
72 2
12 7
72 4
12 2
72 2
12 2
72 2
12 3
72 1
16 12
21 3
72 8
21 2
72 10
21 2
72 6
21 2
72 6
19 11
72 2
17 4
72 7
17 2
72 6
17 2
72 6
16 2
72 6
16 2
72 6
16 11
72 1
14 5
72 6
14 3
72 10
14 2
72 6
14 2
72 6
16 11
72 1
17 4
72 7
17 3
72 5
17 3
72 5
19 2
72 6
19 3
72 5
21 11
72 1
21 3
72 8
21 2
72 10
21 2
72 6
21 2
72 6
19 11
E
S
H
72 7
72 12
45 2
72 8
45 2
72 10
45 2
72 6
48 2
72 6
47 11
72 4
45 8
72 2
45 3
72 5
48 2
72 6
50 2
72 6
47 2
72 6
43 11
72 2
214 2
72 8
214 2
72 10
214 2
72 6
110 2
72 6
240 11
72 2
214 8
72 1
214 3
72 5
110 3
72 5
240 3
72 5
187 2
72 6
213 11
72 2
45 2
72 8
45 2
72 10
45 2
72 6
48 2
72 6
47 11
72 4
45 8
72 2
45 3
72 5
48 2
72 6
50 2
72 6
47 2
72 6
43 11
72 2
214 2
72 8
214 2
72 10
214 2
72 6
110 2
72 6
240 11
72 2
214 8
72 1
214 3
72 5
110 3
72 5
240 3
72 5
187 2
72 6
213 11
72 2
46 2
72 8
46 2
72 10
46 2
72 6
49 2
72 6
48 11
72 4
46 8
72 2
46 3
72 5
49 2
72 6
51 2
72 6
48 2
72 6
44 11
72 2
227 2
72 8
227 2
72 10
227 2
72 6
123 2
72 6
109 11
72 2
227 8
72 1
227 3
72 5
123 3
72 5
109 3
72 5
200 2
72 6
226 11
72 2
41 3
38 3
72 0
34 3
41 3
38 3
34 3
41 3
38 3
34 3
41 3
38 3
34 3
42 3
39 3
72 0
34 3
42 3
39 3
34 3
42 2
72 0
39 3
34 3
42 3
39 2
72 0
34 3
44 3
42 3
37 3
44 3
42 3
37 3
44 3
42 2
72 0
37 3
44 2
72 0
42 2
72 0
37 3
44 3
41 3
37 3
44 3
41 2
72 0
37 3
44 3
41 2
72 0
37 3
44 3
41 2
72 0
37 3
45 3
41 3
72 0
36 3
45 3
41 3
36 3
45 3
41 3
36 3
45 3
41 3
72 0
36 3
47 3
43 3
72 0
38 3
47 3
43 2
72 0
38 3
47 3
43 3
38 4
47 3
43 3
38 3
48 3
45 3
41 3
48 3
45 3
41 3
48 3
45 2
72 0
41 3
48 3
45 3
41 3
50 3
47 3
43 3
50 3
47 2
72 0
43 3
50 3
47 2
72 0
43 3
50 3
47 3
43 3
149 13
136 12
45 2
72 8
45 2
72 10
45 2
72 6
48 2
72 6
47 11
72 4
45 8
72 2
45 3
72 5
48 2
72 6
50 2
72 6
47 2
72 6
43 11
72 2
214 2
72 8
214 2
72 10
214 2
72 6
110 2
72 6
240 11
72 2
214 8
72 1
214 3
72 5
110 3
72 5
240 3
72 5
187 2
72 6
213 11
72 2
45 2
72 8
45 2
72 10
45 2
72 6
48 2
72 6
47 11
E
S
H
72 7
72 14
71 2
60 0
72 2
62 0
72 2
64 2
62 0
72 2
60 2
72 14
62 0
72 2
64 0
72 2
65 2
67 2
65 2
64 2
72 14
71 2
60 2
62 2
64 2
62 0
72 2
60 2
72 10
72 13
33 2
36 2
40 0
72 0
45 3
48 2
52 2
57 2
60 2
64 2
60 2
57 0
72 0
52 2
48 2
45 2
40 2
36 2
33 0
72 0
28 0
72 14
33 2
36 2
40 0
72 0
45 3
48 2
52 2
57 2
60 2
64 2
61 2
58 0
72 0
53 2
49 2
46 2
41 2
37 2
34 0
72 0
29 0
72 10
72 12
60 2
61 0
72 2
63 0
72 3
65 2
63 0
72 1
61 2
72 14
63 0
72 2
65 0
72 2
66 2
72 0
68 2
66 2
65 2
72 14
60 2
61 2
63 2
72 0
65 2
63 0
72 1
61 2
72 11
72 13
34 2
37 2
41 0
46 3
49 2
53 2
58 2
61 2
65 2
62 2
58 0
72 0
53 2
50 2
46 2
41 2
38 2
34 0
72 0
29 0
72 12
72 7
63 2
72 6
70 2
72 6
68 2
72 6
66 2
72 13
68 2
72 6
63 2
72 6
61 2
72 6
60 2
72 13
71 2
72 6
67 2
72 6
62 2
72 6
65 2
72 13
62 2
72 6
71 2
72 6
69 2
72 6
67 2
72 12
72 14
71 2
60 0
72 2
62 0
72 2
64 2
62 0
72 2
60 2
72 14
62 0
72 2
64 0
72 2
65 2
67 2
65 2
64 2
72 14
71 2
60 2
62 2
64 2
62 0
72 2
60 2
72 10
72 13
33 2
36 2
40 0
72 0
45 3
48 2
52 2
57 2
60 2
64 2
60 2
57 0
72 0
52 2
48 2
45 2
40 2
36 2
33 0
72 0
28 0
E
S
H
72 7
72 14
41 13
72 4
48 4
49 4
48 7
44 8
72 1
46 9
53 11
51 3
49 3
48 12
44 7
46 13
72 4
48 4
49 4
48 7
44 3
72 1
41 7
46 8
72 2
46 3
72 5
49 3
72 5
48 3
72 5
44 2
72 6
46 11
72 1
46 2
72 10
41 2
72 10
42 2
72 10
39 2
72 10
44 2
72 10
37 2
72 10
41 2
72 10
44 2
72 10
41 2
72 10
45 2
72 10
47 2
72 10
43 2
72 10
48 2
72 10
45 2
72 10
47 2
72 10
50 2
72 10
52 2
72 6
48 2
72 6
43 2
72 6
48 2
72 6
52 0
72 7
47 2
72 6
44 2
72 6
47 2
E
S
L
72 7
72 12
21 0
72 2
21 0
72 2
21 0
72 7
21 0
72 2
21 0
72 2
21 0
72 2
21 0
72 2
21 0
72 12
19 0
72 1
19 0
72 0
19 0
72 2
19 0
19 0
72 2
19 0
72 2
19 0
19 0
72 2
19 0
19 0
72 2
19 0
72 2
19 2
19 0
19 2
72 2
17 0
72 2
17 0
72 2
17 2
72 13
16 0
72 1
16 0
72 0
16 0
72 2
16 0
16 0
72 2
16 0
72 0
16 0
72 1
16 0
72 2
16 0
16 0
72 2
16 0
72 2
16 0
72 0
16 0
72 1
16 0
72 4
26 0
72 2
26 0
72 2
26 0
72 7
26 0
72 2
26 0
72 2
26 0
72 2
26 0
72 2
26 0
72 12
16 0
72 1
16 0
72 0
16 0
72 2
16 0
16 0
72 2
16 0
72 0
16 0
72 1
16 0
72 2
16 0
16 0
72 2
16 0
72 2
16 0
72 0
16 0
72 1
16 2
72 2
17 0
72 2
17 0
72 2
17 2
72 13
21 0
72 1
21 0
72 0
21 0
72 2
21 0
21 0
72 2
21 0
72 0
21 0
72 1
21 0
72 2
21 0
21 0
72 2
21 0
72 2
21 0
72 0
21 0
72 1
21 2
72 2
21 0
72 2
21 0
72 2
21 0
72 7
21 0
72 2
21 0
72 2
21 0
72 2
21 0
72 2
21 0
72 12
19 0
72 1
19 0
72 0
19 0
72 2
19 0
19 0
72 2
19 0
72 2
19 0
19 0
72 2
19 0
19 0
72 2
19 0
72 2
19 2
19 0
19 2
72 2
17 0
72 2
17 0
72 2
17 2
72 13
16 0
72 1
16 0
72 0
16 0
72 2
16 0
16 0
72 2
16 0
72 0
16 0
72 1
16 0
72 2
16 0
16 0
72 2
16 0
72 2
16 0
72 0
16 0
72 1
16 0
72 4
26 0
72 2
26 0
72 2
26 0
72 7
26 0
72 2
26 0
72 2
26 0
72 2
26 0
72 2
26 0
72 12
16 0
72 1
16 0
72 0
16 0
72 2
16 0
16 0
72 2
16 0
72 0
16 0
72 1
16 0
72 2
16 0
16 0
72 2
16 0
72 2
16 0
72 0
16 0
72 1
16 2
72 2
17 0
72 2
17 0
72 2
17 2
72 13
21 0
72 1
21 0
72 0
21 0
72 2
21 0
21 0
72 2
21 0
72 0
21 0
72 1
21 0
72 2
21 0
21 0
72 2
21 0
72 2
21 0
72 0
21 0
72 1
21 2
72 2
22 0
72 2
22 0
72 2
22 0
72 7
22 0
72 2
22 0
72 2
22 0
72 2
22 0
72 2
22 0
72 12
20 0
72 1
20 0
72 0
20 0
72 2
20 0
20 0
72 2
20 0
72 2
20 0
20 0
72 2
20 0
20 0
72 2
20 0
72 2
20 2
20 0
20 2
72 2
18 0
72 2
18 0
72 2
18 2
72 13
17 0
72 1
17 0
72 0
17 0
72 2
17 0
17 0
72 2
17 0
72 0
17 0
72 1
17 0
72 2
17 0
17 0
72 2
17 0
72 2
17 0
72 0
17 0
72 1
17 0
72 4
27 0
72 2
27 0
72 2
27 0
72 7
27 0
72 2
27 0
72 2
27 0
72 2
27 0
72 2
27 0
72 12
17 0
72 1
17 0
72 0
17 0
72 2
17 0
17 0
72 2
17 0
72 0
17 0
72 1
17 0
72 2
17 0
17 0
72 2
17 0
72 2
17 0
72 0
17 0
72 1
17 2
72 2
18 0
72 2
18 0
72 2
18 2
72 13
22 0
72 1
22 0
72 0
22 0
72 2
22 0
22 0
72 2
22 0
72 2
22 0
22 0
72 2
22 0
22 0
72 2
22 0
72 2
22 0
72 0
22 0
72 1
22 2
72 2
22 2
72 2
22 0
72 4
22 0
72 4
22 2
72 2
22 0
72 4
22 0
72 4
22 0
72 4
22 2
72 2
22 2
72 2
22 0
72 4
22 0
72 4
22 2
72 2
22 2
72 2
22 2
72 2
22 2
72 2
22 2
72 2
20 2
72 2
20 0
72 4
20 2
72 2
20 2
72 2
20 2
72 2
20 2
72 2
20 2
72 2
20 2
72 2
25 2
72 2
25 0
72 4
25 0
72 4
25 2
72 2
25 2
72 2
25 2
72 2
25 2
72 2
25 2
72 2
19 2
72 2
19 2
72 2
19 2
72 2
19 2
72 2
19 2
72 2
19 2
72 2
19 2
72 2
19 2
72 2
17 2
72 2
17 2
72 2
17 2
72 2
17 2
72 2
17 2
72 2
17 2
72 2
17 2
72 2
17 2
72 2
27 2
72 2
27 2
72 2
27 2
72 2
27 2
72 2
27 2
72 2
27 2
72 2
27 2
72 2
27 2
72 2
26 2
72 2
26 2
72 2
26 2
72 2
26 2
72 2
26 2
72 2
26 2
72 2
26 2
72 2
26 2
72 2
24 2
72 8
24 2
72 2
24 2
72 8
24 2
72 2
24 2
72 2
24 0
72 4
16 0
16 0
72 3
16 0
72 1
16 0
72 1
16 0
72 0
16 0
72 2
16 0
72 2
16 0
72 0
16 0
72 1
16 0
72 1
16 0
72 0
16 0
72 2
16 0
72 2
16 2
16 2
16 2
16 0
72 2
21 0
72 2
21 0
72 2
21 0
72 7
21 0
72 2
21 0
72 2
21 0
72 2
21 0
72 2
21 0
72 12
19 0
72 1
19 0
72 0
19 0
72 2
19 0
19 0
72 2
19 0
72 2
19 0
19 0
72 2
19 0
19 0
72 2
19 0
72 2
19 2
19 0
19 2
72 2
17 0
72 2
17 0
72 2
17 2
72 13
16 0
72 1
16 0
72 0
16 0
72 2
16 0
16 0
72 2
16 0
72 0
16 0
72 1
16 0
72 2
16 0
16 0
72 2
16 0
72 2
16 0
72 0
16 0
72 1
16 0
72 4
26 0
72 2
26 0
72 2
26 0
72 7
26 0
72 2
26 0
72 2
26 0
72 2
26 0
72 2
26 0
72 12
16 0
72 1
16 0
72 0
16 0
72 2
16 0
16 0
72 2
16 0
72 0
16 0
72 1
16 0
72 2
16 0
16 0
72 2
16 0
72 2
16 0
72 0
16 0
72 1
16 2
72 2
17 0
72 2
17 0
72 2
17 2
72 13
21 0
72 1
21 0
72 0
21 0
72 2
21 0
21 0
72 2
21 0
72 0
21 0
72 1
21 0
72 2
21 0
21 0
72 2
21 0
72 2
21 0
72 0
21 0
72 1
21 2
72 2
21 0
72 2
21 0
72 2
21 0
72 7
21 0
72 2
21 0
72 2
21 0
72 2
21 0
72 2
21 0
72 12
19 0
72 1
19 0
72 0
19 0
72 2
19 0
19 0
72 2
19 0
72 2
19 0
19 0
72 2
19 0
19 0
72 2
19 0
72 2
19 2
19 0
19 2
E
S
L
72 7
72 12
33 2
33 2
33 2
72 6
33 0
72 2
33 0
72 2
33 0
72 2
33 2
33 2
72 12
31 0
72 1
31 0
72 0
31 0
72 2
31 0
72 2
31 0
72 0
31 0
72 1
31 0
72 1
31 0
72 0
31 0
72 2
31 0
72 2
31 0
72 2
31 2
72 2
29 0
72 2
29 2
29 2
72 13
28 0
72 1
28 0
72 3
28 0
28 0
72 2
28 0
72 0
28 0
72 1
28 0
72 2
28 0
72 2
28 0
28 2
28 0
72 2
28 2
72 2
26 0
72 2
26 2
26 0
72 7
26 2
26 2
72 0
26 2
26 0
72 2
26 0
72 12
28 0
72 1
28 0
72 0
28 0
72 2
28 0
72 2
28 0
72 0
28 0
72 1
28 0
72 2
28 0
28 0
72 2
28 0
72 2
28 0
72 2
28 2
72 2
29 0
72 2
29 2
29 0
72 13
33 0
72 1
33 0
72 0
33 0
72 2
33 0
72 2
33 0
72 0
33 0
72 1
33 0
72 1
33 0
72 0
33 0
72 2
33 2
33 0
72 0
33 0
72 1
33 0
72 4
33 2
33 2
33 2
72 6
33 0
72 2
33 0
72 2
33 0
72 2
33 2
33 2
72 12
31 0
72 2
31 0
72 2
31 0
31 0
72 2
31 0
72 0
31 0
72 1
31 0
72 2
31 0
72 2
31 0
31 0
72 2
31 0
72 2
31 2
72 2
29 0
72 2
29 2
29 2
72 13
28 0
72 2
28 0
72 2
28 0
28 0
72 2
28 0
72 2
28 0
72 1
28 0
72 0
28 0
72 2
28 0
72 2
28 2
28 0
28 2
72 2
26 0
72 3
26 2
26 0
72 7
26 2
26 2
26 2
26 0
72 2
26 0
72 12
28 0
72 2
28 0
72 2
28 0
28 0
72 2
28 0
72 0
28 0
72 1
28 0
72 2
28 0
72 2
28 0
28 0
72 2
28 0
72 2
28 2
72 2
29 0
72 2
29 2
29 0
72 13
33 0
72 1
33 0
72 0
33 0
72 2
33 0
72 2
33 0
72 0
33 0
72 1
33 0
72 2
33 0
72 2
33 0
33 2
33 0
72 2
33 0
72 1
33 0
72 3
34 2
34 2
34 2
72 6
34 0
72 2
34 0
72 2
34 0
72 2
34 2
34 2
72 12
32 0
72 2
32 0
72 2
32 0
32 0
72 2
32 0
72 0
32 0
72 1
32 0
72 2
32 0
72 2
32 0
32 0
72 2
32 0
72 2
32 2
72 2
30 0
72 2
30 2
30 2
72 13
29 0
72 2
29 0
72 2
29 0
29 0
72 2
29 0
72 2
29 0
72 1
29 0
72 0
29 0
72 2
29 0
72 2
29 2
29 0
29 2
72 2
27 0
72 3
27 2
27 0
72 7
27 2
27 2
27 2
27 0
72 2
27 0
72 12
29 0
72 2
29 0
72 2
29 0
29 0
72 2
29 0
72 0
29 0
72 1
29 0
72 2
29 0
72 2
29 0
29 0
72 2
29 0
72 2
29 2
72 2
30 0
72 2
30 2
30 0
72 13
34 0
72 1
34 0
72 0
34 0
72 2
34 0
72 2
34 0
72 0
34 0
72 1
34 0
72 2
34 0
72 2
34 0
34 2
34 0
72 2
34 0
72 1
34 0
72 14
33 2
33 2
33 2
72 6
33 0
72 2
33 0
72 2
33 0
72 2
33 2
33 2
72 12
31 0
72 1
31 0
72 0
31 0
72 2
31 0
72 2
31 0
72 0
31 0
72 1
31 0
72 1
31 0
72 0
31 0
72 2
31 0
72 2
31 0
72 2
31 2
72 2
29 0
72 2
29 2
29 2
72 13
28 0
72 1
28 0
72 3
28 0
28 0
72 2
28 0
72 0
28 0
72 1
28 0
72 2
28 0
72 2
28 0
28 2
28 0
72 2
28 2
72 2
26 0
72 2
26 2
26 0
72 7
26 2
26 2
72 0
26 2
26 0
72 2
26 0
72 12
28 0
72 1
28 0
72 0
28 0
72 2
28 0
72 2
28 0
72 0
28 0
72 1
28 0
72 2
28 0
28 0
72 2
28 0
72 2
28 0
72 2
28 2
72 2
29 0
72 2
29 2
29 0
72 13
33 0
72 1
33 0
72 0
33 0
72 2
33 0
72 2
33 0
72 0
33 0
72 1
33 0
72 1
33 0
72 0
33 0
72 2
33 2
33 0
72 0
33 0
72 1
33 0
72 4
33 2
33 2
33 2
72 6
33 0
72 2
33 0
72 2
33 0
72 2
33 2
33 2
72 12
31 0
72 2
31 0
72 2
31 0
31 0
72 2
31 0
72 0
31 0
72 1
31 0
72 2
31 0
72 2
31 0
31 0
72 2
31 0
72 2
31 2
E
S
L
72 7
72 12
14 2
72 8
14 2
72 10
14 2
72 6
14 2
72 6
14 2
72 11
14 2
72 8
14 2
72 10
14 2
72 6
14 2
72 6
14 2
72 11
14 2
72 8
14 2
72 10
14 2
72 6
14 2
72 6
14 2
72 11
14 2
72 8
14 2
72 10
14 2
72 6
14 2
72 6
14 2
72 11
14 2
72 8
14 2
72 10
14 2
72 6
14 2
72 6
14 2
72 11
14 2
72 8
14 2
72 10
14 2
72 6
14 2
72 6
14 2
72 11
14 2
72 8
14 2
72 10
14 2
72 6
14 2
72 6
14 2
72 11
14 2
72 8
14 2
72 10
14 2
72 6
14 2
72 6
14 2
72 11
14 2
72 8
14 2
72 10
14 2
72 6
14 2
72 6
14 2
72 11
14 2
72 8
14 2
72 10
14 2
72 6
14 2
72 6
14 2
72 11
14 2
72 8
14 2
72 10
14 2
72 6
14 2
72 6
14 2
72 11
14 2
72 8
14 2
72 10
14 2
72 6
14 2
72 6
14 2
72 11
14 0
72 4
14 0
72 2
14 0
72 2
14 0
72 4
14 0
72 2
14 0
72 2
14 0
72 4
14 0
72 2
14 0
72 2
14 0
72 2
14 0
72 2
14 0
72 2
14 0
72 2
14 0
72 4
14 0
72 2
14 0
72 2
14 0
72 4
14 0
72 2
14 0
72 2
14 0
72 4
14 0
72 2
14 0
72 2
14 0
72 2
14 0
72 2
14 0
72 2
14 0
72 2
14 0
72 4
14 0
72 2
14 0
72 2
14 0
72 4
14 0
72 2
14 0
72 2
14 0
72 4
14 0
72 2
14 0
72 2
14 0
72 2
14 0
72 2
14 0
72 2
14 0
72 2
14 0
72 4
14 0
72 2
14 0
72 2
14 0
72 4
14 0
72 2
14 0
72 2
14 0
72 4
14 0
72 2
14 0
72 2
14 0
72 2
14 0
72 2
14 0
72 2
14 0
72 2
14 0
72 4
14 0
72 2
14 0
72 2
14 0
72 4
14 0
72 2
14 0
72 2
14 0
72 4
14 0
72 2
14 0
72 2
14 0
72 2
14 0
72 2
14 0
72 2
14 0
72 2
14 0
72 4
14 0
72 2
14 0
72 2
14 0
72 4
14 0
72 2
14 0
72 2
14 0
72 4
14 0
72 2
14 0
72 2
14 0
72 2
14 0
72 2
14 0
72 2
14 0
72 2
14 0
72 4
14 0
72 2
14 0
72 2
14 0
72 4
14 0
72 2
14 0
72 2
14 0
72 4
14 0
72 2
14 0
72 2
14 0
72 2
14 0
72 2
14 0
72 2
14 0
72 2
14 0
72 4
14 0
72 2
14 0
72 2
14 0
72 4
14 0
72 2
14 0
72 2
14 0
72 4
14 0
72 2
14 0
72 2
14 0
72 2
14 0
72 2
14 0
72 2
14 0
72 2
14 0
72 9
14 0
72 4
14 2
72 8
14 0
72 4
14 0
72 4
14 0
72 4
14 0
72 2
14 0
14 0
72 0
14 0
72 1
14 0
72 1
14 0
72 0
14 0
14 0
72 2
14 0
14 0
72 2
14 0
72 0
14 0
72 1
14 0
14 0
72 1
14 0
72 0
14 0
72 2
14 0
14 0
72 2
14 0
14 0
72 2
14 0
14 0
72 1
14 0
72 0
14 0
72 2
14 2
72 8
14 2
72 10
14 2
72 6
14 2
72 6
14 2
72 11
14 2
72 8
14 2
72 10
14 2
72 6
14 2
72 6
14 2
72 11
14 2
72 8
14 2
72 10
14 2
72 6
14 2
72 6
14 2
72 11
14 2
72 8
14 2
72 10
14 2
72 6
14 2
72 6
14 2
72 11
14 2
72 8
14 2
72 10
14 2
72 6
14 2
72 6
14 2
E
S
L
72 13
35 2
72 8
35 2
72 10
35 2
72 6
35 2
72 6
35 2
72 11
35 2
72 8
35 2
72 6
35 2
72 6
35 2
72 6
35 2
72 6
35 2
72 11
35 2
72 8
35 2
72 10
35 2
72 6
35 2
72 6
35 2
72 11
35 2
72 8
35 2
72 6
35 2
72 6
35 2
72 6
35 2
72 6
35 2
72 11
35 2
72 8
35 2
72 10
35 2
72 6
35 2
72 6
35 2
72 11
35 2
72 8
35 2
72 6
35 2
72 6
35 2
72 6
35 2
72 6
35 2
72 11
35 2
72 8
35 2
72 10
35 2
72 6
35 2
72 6
35 2
72 11
35 2
72 8
35 2
72 6
35 2
72 6
35 2
72 6
35 2
72 6
35 2
72 11
35 2
72 8
35 2
72 10
35 2
72 6
35 2
72 6
35 2
72 11
35 2
72 8
35 2
72 6
35 2
72 6
35 2
72 6
35 2
72 6
35 2
72 11
35 2
72 8
35 2
72 10
35 2
72 6
35 2
72 6
35 2
72 11
35 2
72 8
35 2
72 6
35 2
72 6
35 2
72 6
35 2
72 6
35 2
72 11
34 2
72 14
35 2
72 8
35 2
72 2
35 2
72 7
35 2
72 4
35 2
72 2
35 2
72 2
35 2
72 12
35 2
72 8
35 2
72 10
35 2
72 6
35 2
72 6
35 2
72 11
35 2
72 8
35 2
72 6
35 2
72 6
35 2
72 6
35 2
72 6
35 2
72 11
35 2
72 8
35 2
72 10
35 2
72 6
35 2
72 6
35 2
72 11
35 2
72 8
35 2
72 6
35 2
72 6
35 2
72 6
35 2
72 6
35 2
72 11
35 2
72 8
35 2
72 10
35 2
72 6
35 2
72 6
35 2
E
X
