minor
S
H
176 2
72 2
189 2
72 2
189 2
72 2
189 2
72 2
176 2
72 2
189 2
72 2
189 2
72 2
189 2
72 2
176 2
72 2
189 2
72 2
176 2
72 2
189 2
72 2
192 2
72 6
192 6
72 2
72 14
125 2
72 2
190 2
72 14
162 6
72 2
188 2
72 2
149 2
72 13
57 4
69 6
72 12
55 4
67 6
72 12
53 4
65 6
72 14
57 4
69 6
72 12
55 4
67 6
72 14
72 14
125 2
72 2
190 2
72 14
162 6
72 2
188 2
72 2
149 2
72 13
57 4
69 6
72 12
55 4
67 6
72 12
53 4
65 6
72 14
57 4
69 6
72 12
55 4
67 6
72 14
72 14
125 2
72 2
190 2
72 14
162 6
72 2
188 2
72 2
149 2
72 13
57 4
69 6
72 12
55 4
67 6
72 12
53 4
65 6
72 14
57 4
69 6
72 12
55 4
67 6
E
S
H
72 14
176 2
72 2
189 2
72 2
189 2
72 2
176 2
72 2
189 2
72 2
189 2
72 2
176 2
72 2
189 2
72 2
214 2
72 2
201 2
72 2
214 2
72 2
240 6
72 2
214 2
72 2
189 2
72 2
163 2
72 2
176 2
72 2
189 2
72 2
189 2
72 2
176 2
72 2
189 2
72 2
189 2
72 2
176 2
72 2
189 2
72 2
214 2
72 2
201 2
72 2
214 2
72 2
240 2
72 11
176 2
72 2
189 2
72 2
189 2
72 2
176 2
72 2
189 2
72 2
189 2
72 2
176 2
72 2
189 2
72 2
214 2
72 2
201 2
72 2
214 2
72 2
240 6
72 2
214 2
72 2
189 2
72 2
163 2
72 2
149 2
72 2
163 2
72 2
189 2
72 2
214 6
72 2
55 4
53 4
52 4
136 2
72 2
149 2
72 2
163 2
72 2
189 6
72 2
53 4
52 4
50 4
110 2
72 2
136 2
72 2
149 2
72 2
163 6
72 2
52 4
50 4
47 4
105 6
72 12
48 4
47 4
46 4
72 9
57 10
72 11
55 10
72 11
53 10
72 11
149 4
163 2
72 6
189 2
72 11
57 10
72 11
55 10
72 11
53 6
72 2
160 2
72 2
161 2
72 2
174 2
72 2
187 2
72 2
187 2
72 2
187 2
72 2
187 2
72 2
187 2
72 2
187 2
72 2
187 2
72 2
187 2
72 2
176 2
72 2
189 2
72 2
176 2
72 2
189 2
72 2
202 2
72 2
215 2
72 2
228 2
72 2
241 2
72 2
176 2
72 2
189 2
72 2
189 2
72 2
176 2
72 2
189 2
72 2
189 2
72 2
176 2
72 2
189 2
72 2
214 2
72 2
201 2
72 2
214 2
72 2
240 6
72 2
214 2
72 2
189 2
72 2
163 2
72 2
176 2
72 2
189 2
72 2
189 2
72 2
176 2
72 2
189 2
72 2
189 2
72 2
176 2
72 2
189 2
72 2
214 2
72 2
201 2
72 2
214 2
72 2
240 2
72 11
176 2
72 2
189 2
72 2
189 2
72 2
176 2
72 2
189 2
72 2
189 2
72 2
176 2
72 2
189 2
72 2
214 2
72 2
201 2
72 2
214 2
72 2
240 6
72 2
214 2
72 2
189 2
72 2
163 2
72 2
149 2
72 2
163 2
72 2
189 2
72 2
214 6
72 2
55 4
53 4
52 4
136 2
72 2
149 2
72 2
163 2
72 2
189 6
72 2
53 4
52 4
50 4
110 2
72 2
136 2
72 2
149 2
72 2
163 6
72 2
52 4
50 4
47 4
105 6
72 12
48 4
47 4
46 4
72 9
57 10
72 11
55 10
72 11
53 10
72 11
149 4
163 2
72 6
189 2
72 11
57 10
72 11
55 10
72 11
53 6
72 2
160 2
72 2
161 2
72 2
174 2
72 2
187 2
72 2
187 2
72 2
187 2
72 2
187 2
72 2
187 2
72 2
187 2
72 2
187 2
72 2
187 2
72 2
176 2
72 2
189 2
72 2
176 2
72 2
189 2
72 2
202 2
72 2
215 2
72 2
228 2
72 2
241 2
72 2
176 2
72 2
189 2
72 2
189 2
72 2
176 2
72 2
189 2
72 2
189 2
72 2
176 2
72 2
189 2
72 2
214 2
72 2
201 2
72 2
214 2
72 2
240 6
72 2
214 2
72 2
189 2
72 2
163 2
72 2
176 2
72 2
189 2
72 2
189 2
72 2
176 2
72 2
189 2
72 2
189 2
72 2
176 2
72 2
189 2
72 2
214 2
72 2
201 2
72 2
214 2
72 2
240 2
72 11
176 2
72 2
189 2
72 2
189 2
72 2
176 2
72 2
189 2
72 2
189 2
72 2
176 2
72 2
189 2
72 2
214 2
72 2
201 2
72 2
214 2
72 2
240 6
72 2
214 2
72 2
189 2
72 2
163 2
72 2
149 2
72 2
163 2
72 2
189 2
72 2
214 6
72 2
55 4
53 4
52 4
136 2
72 2
149 2
72 2
163 2
72 2
189 6
72 2
53 4
52 4
50 4
110 2
72 2
136 2
72 2
149 2
72 2
163 6
72 2
52 4
50 4
47 4
105 6
72 12
48 4
47 4
46 4
72 9
57 10
72 11
55 10
72 11
53 10
72 11
149 4
163 2
72 6
189 2
72 11
57 10
72 11
55 10
72 11
53 6
72 2
160 2
72 2
161 2
72 2
174 2
72 2
187 2
72 2
187 2
72 2
187 2
72 2
187 2
72 2
187 2
72 2
187 2
72 2
187 2
72 2
187 2
72 2
176 2
72 2
189 2
72 2
176 2
72 2
189 2
72 2
202 2
72 2
215 2
72 2
228 2
72 2
241 2
E
S
L
72 14
12 4
24 4
12 4
24 4
16 4
28 4
16 4
28 4
17 4
29 4
17 4
19 2
72 11
12 4
24 4
12 4
24 4
16 4
28 4
16 4
28 4
17 4
29 4
17 4
19 2
72 11
12 4
24 4
12 4
24 4
16 4
28 4
16 4
28 4
17 4
29 4
17 4
19 2
72 11
21 3
72 8
14 6
72 2
14 2
72 2
14 2
72 2
14 2
72 2
19 3
72 8
12 6
72 2
12 2
72 2
12 2
72 2
12 2
72 2
17 3
72 8
14 6
72 2
14 2
72 2
19 2
72 2
19 2
72 2
12 6
72 6
13 6
72 2
15 2
72 2
12 2
72 10
17 6
72 2
24 4
29 8
72 8
16 6
72 2
24 4
28 8
72 8
14 6
72 2
21 4
26 8
72 8
12 6
72 2
19 4
24 4
14 6
72 2
16 6
72 2
17 6
72 2
24 4
29 8
72 8
16 6
72 2
24 4
28 8
72 8
14 6
72 2
21 4
26 8
72 8
19 6
72 8
7 6
72 8
19 6
72 2
7 6
72 2
7 6
72 2
11 6
72 2
12 4
24 4
12 4
24 4
16 4
28 4
16 4
28 4
17 4
29 4
17 4
19 2
72 11
12 4
24 4
12 4
24 4
16 4
28 4
16 4
28 4
17 4
29 4
17 4
19 2
72 11
12 4
24 4
12 4
24 4
16 4
28 4
16 4
28 4
17 4
29 4
17 4
19 2
72 11
21 3
72 8
14 6
72 2
14 2
72 2
14 2
72 2
14 2
72 2
19 3
72 8
12 6
72 2
12 2
72 2
12 2
72 2
12 2
72 2
17 3
72 8
14 6
72 2
14 2
72 2
19 2
72 2
19 2
72 2
12 6
72 6
13 6
72 2
15 2
72 2
12 2
72 10
17 6
72 2
24 4
29 8
72 8
16 6
72 2
24 4
28 8
72 8
14 6
72 2
21 4
26 8
72 8
12 6
72 2
19 4
24 4
14 6
72 2
16 6
72 2
17 6
72 2
24 4
29 8
72 8
16 6
72 2
24 4
28 8
72 8
14 6
72 2
21 4
26 8
72 8
19 6
72 8
7 6
72 8
19 6
72 2
7 6
72 2
7 6
72 2
11 6
72 2
12 4
24 4
12 4
24 4
16 4
28 4
16 4
28 4
17 4
29 4
17 4
19 2
72 11
12 4
24 4
12 4
24 4
16 4
28 4
16 4
28 4
17 4
29 4
17 4
19 2
72 11
12 4
24 4
12 4
24 4
16 4
28 4
16 4
28 4
17 4
29 4
17 4
19 2
72 11
21 3
72 8
14 6
72 2
14 2
72 2
14 2
72 2
14 2
72 2
19 3
72 8
12 6
72 2
12 2
72 2
12 2
72 2
12 2
72 2
17 3
72 8
14 6
72 2
14 2
72 2
19 2
72 2
19 2
72 2
12 6
72 6
13 6
72 2
15 2
72 2
12 2
72 10
17 6
72 2
24 4
29 8
72 8
16 6
72 2
24 4
28 8
72 8
14 6
72 2
21 4
26 8
72 8
12 6
72 2
19 4
24 4
14 6
72 2
16 6
72 2
17 6
72 2
24 4
29 8
72 8
16 6
72 2
24 4
28 8
72 8
14 6
72 2
21 4
26 8
72 8
19 6
72 8
7 6
72 8
19 6
72 2
7 6
72 2
7 6
72 2
11 6
E
S
H
72 14
189 4
163 4
149 4
136 2
72 11
163 4
149 4
136 4
110 2
72 11
149 4
136 4
238 4
105 6
72 13
214 4
240 4
110 4
48 4
47 4
50 4
48 4
45 4
189 4
214 4
240 4
47 4
45 4
48 4
47 4
43 4
163 4
189 4
214 4
45 4
44 4
47 4
45 4
41 4
149 4
148 4
149 4
40 4
41 2
72 6
43 2
72 6
214 4
240 4
110 4
48 4
47 4
50 4
48 4
45 4
189 4
214 4
240 4
47 4
45 4
48 4
47 4
43 4
163 4
189 4
214 4
45 4
44 4
47 4
48 4
49 4
50 2
72 14
189 4
163 4
149 4
136 2
72 11
163 4
149 4
136 4
110 2
72 11
149 4
136 4
238 4
105 6
72 13
214 4
240 4
110 4
48 4
47 4
50 4
48 4
45 4
189 4
214 4
240 4
47 4
45 4
48 4
47 4
43 4
163 4
189 4
214 4
45 4
44 4
47 4
45 4
41 4
149 4
148 4
149 4
40 4
41 2
72 6
43 2
72 6
214 4
240 4
110 4
48 4
47 4
50 4
48 4
45 4
189 4
214 4
240 4
47 4
45 4
48 4
47 4
43 4
163 4
189 4
214 4
45 4
44 4
47 4
48 4
49 4
50 2
72 14
189 4
163 4
149 4
136 2
72 11
163 4
149 4
136 4
110 2
72 11
149 4
136 4
238 4
105 6
72 13
214 4
240 4
110 4
48 4
47 4
50 4
48 4
45 4
189 4
214 4
240 4
47 4
45 4
48 4
47 4
43 4
163 4
189 4
214 4
45 4
44 4
47 4
45 4
41 4
149 4
148 4
149 4
40 4
41 2
72 6
43 2
72 6
214 4
240 4
110 4
48 4
47 4
50 4
48 4
45 4
189 4
214 4
240 4
47 4
45 4
48 4
47 4
43 4
163 4
189 4
214 4
45 4
44 4
47 4
48 4
49 4
50 2
E
S
H
72 14
48 11
47 11
45 11
43 10
72 14
48 11
47 11
45 11
43 10
72 14
48 11
47 11
45 11
43 10
E
S
H
72 14
45 4
45 4
45 4
45 4
45 4
45 4
45 4
45 4
45 4
45 4
45 4
35 8
72 1
43 6
72 2
45 4
45 4
45 4
45 4
45 4
45 4
45 4
45 4
45 4
45 4
45 4
35 8
72 1
43 6
72 2
45 4
45 4
45 4
45 4
45 4
45 4
45 4
45 4
45 4
45 4
45 4
35 8
72 1
43 6
72 2
45 4
45 4
45 4
45 4
45 4
45 4
45 4
45 4
45 4
45 4
45 4
35 8
72 1
43 6
72 2
45 4
45 4
45 4
45 4
45 4
45 4
45 4
45 4
45 4
45 4
45 4
35 8
72 1
43 4
45 4
45 4
45 4
35 4
72 7
35 4
72 4
43 4
43 4
43 4
35 4
72 7
35 4
72 4
43 4
43 4
43 4
35 4
72 7
35 4
72 4
43 4
43 4
43 4
35 4
72 7
35 4
72 4
43 4
43 4
43 4
35 4
72 7
35 4
72 4
43 4
43 4
43 4
35 4
72 7
35 4
72 4
43 4
43 4
43 4
35 4
72 7
35 4
72 4
43 4
43 4
43 4
45 6
72 2
45 6
72 2
45 6
72 2
45 6
72 2
45 4
45 4
45 4
45 4
45 4
45 4
158 4
170 4
45 4
45 4
45 4
45 4
45 4
45 4
45 4
45 4
45 4
45 4
45 4
35 8
72 1
43 6
72 2
45 4
45 4
45 4
45 4
45 4
45 4
45 4
45 4
45 4
45 4
45 4
35 8
72 1
43 6
72 2
45 4
45 4
45 4
45 4
45 4
45 4
45 4
45 4
45 4
45 4
45 4
35 8
72 1
43 6
72 2
45 4
45 4
45 4
45 4
45 4
45 4
45 4
45 4
45 4
45 4
45 4
35 8
72 1
43 6
72 2
45 4
45 4
45 4
45 4
45 4
45 4
45 4
45 4
45 4
45 4
45 4
35 8
72 1
43 4
45 4
45 4
45 4
35 4
72 7
35 4
72 4
43 4
43 4
43 4
35 4
72 7
35 4
72 4
43 4
43 4
43 4
35 4
72 7
35 4
72 4
43 4
43 4
43 4
35 4
72 7
35 4
72 4
43 4
43 4
43 4
35 4
72 7
35 4
72 4
43 4
43 4
43 4
35 4
72 7
35 4
72 4
43 4
43 4
43 4
35 4
72 7
35 4
72 4
43 4
43 4
43 4
45 6
72 2
45 6
72 2
45 6
72 2
45 6
72 2
45 4
45 4
45 4
45 4
45 4
45 4
158 4
170 4
45 4
45 4
45 4
45 4
45 4
45 4
45 4
45 4
45 4
45 4
45 4
35 8
72 1
43 6
72 2
45 4
45 4
45 4
45 4
45 4
45 4
45 4
45 4
45 4
45 4
45 4
35 8
72 1
43 6
72 2
45 4
45 4
45 4
45 4
45 4
45 4
45 4
45 4
45 4
45 4
45 4
35 8
72 1
43 6
72 2
45 4
45 4
45 4
45 4
45 4
45 4
45 4
45 4
45 4
45 4
45 4
35 8
72 1
43 6
72 2
45 4
45 4
45 4
45 4
45 4
45 4
45 4
45 4
45 4
45 4
45 4
35 8
72 1
43 4
45 4
45 4
45 4
35 4
72 7
35 4
72 4
43 4
43 4
43 4
35 4
72 7
35 4
72 4
43 4
43 4
43 4
35 4
72 7
35 4
72 4
43 4
43 4
43 4
35 4
72 7
35 4
72 4
43 4
43 4
43 4
35 4
72 7
35 4
72 4
43 4
43 4
43 4
35 4
72 7
35 4
72 4
43 4
43 4
43 4
35 4
72 7
35 4
72 4
43 4
43 4
43 4
45 6
72 2
45 6
72 2
45 6
72 2
45 6
72 2
45 4
45 4
45 4
45 4
45 4
45 4
158 4
170 4
E
X
