minor
S
H
72 11
48 11
72 4
41 4
44 4
48 4
46 7
44 7
43 7
39 7
36 7
72 14
48 11
72 4
41 4
44 4
48 4
46 7
44 7
43 7
39 7
36 7
72 14
43 7
72 11
50 7
43 7
44 7
46 7
48 7
50 7
72 7
55 7
72 11
53 7
50 7
48 7
46 7
72 12
46 7
72 12
46 7
72 14
48 11
72 4
41 4
44 4
48 4
46 7
44 7
43 7
39 7
36 7
72 14
48 11
72 4
41 4
44 4
48 4
46 7
44 7
43 7
39 7
36 7
72 14
43 7
72 11
50 7
43 7
44 7
46 7
48 7
50 7
72 7
55 7
72 11
53 7
50 7
48 7
46 7
72 12
46 7
72 12
46 7
72 14
48 11
72 4
41 4
44 4
48 4
46 7
44 7
43 7
39 7
36 7
72 14
48 11
72 4
41 4
44 4
48 4
46 7
44 7
43 7
39 7
36 7
72 14
43 7
72 11
50 7
43 7
44 7
46 7
48 7
50 7
72 7
55 7
72 11
53 7
50 7
48 7
46 7
72 12
46 7
72 12
46 7
72 14
48 11
72 4
41 4
44 4
48 4
46 7
44 7
43 7
39 7
36 7
72 14
48 11
72 4
41 4
44 4
48 4
46 7
44 7
43 7
39 7
36 7
72 14
43 7
72 11
50 7
43 7
44 7
46 7
48 7
50 7
72 7
55 7
72 11
53 7
50 7
48 7
46 7
72 12
46 7
72 12
46 7
E
S
L
72 11
202 2
72 2
202 2
72 12
516 2
72 2
516 2
72 12
202 2
72 2
202 2
72 12
516 2
72 2
516 2
72 12
202 2
72 2
202 2
72 12
516 2
72 2
516 2
72 12
202 2
72 2
202 2
72 12
516 2
72 2
516 2
72 10
1785 7
72 4
1628 2
72 2
1628 2
72 12
1316 2
72 2
1316 2
72 12
1628 2
72 2
1628 2
72 12
1316 2
72 2
1316 2
72 12
1628 2
72 2
1628 2
72 12
1316 2
72 2
1316 2
72 12
1628 2
72 2
1628 2
72 12
1316 2
72 2
1316 2
72 10
516 7
72 4
202 2
72 2
202 2
72 12
516 2
72 2
516 2
72 12
202 2
72 2
202 2
72 12
516 2
72 2
516 2
72 12
202 2
72 2
202 2
72 12
516 2
72 2
516 2
72 12
202 2
72 2
202 2
72 12
516 2
72 2
516 2
72 10
1785 7
72 4
1628 2
72 2
1628 2
72 12
1316 2
72 2
1316 2
72 12
1628 2
72 2
1628 2
72 12
1316 2
72 2
1316 2
72 12
1628 2
72 2
1628 2
72 12
1316 2
72 2
1316 2
72 12
1628 2
72 2
1628 2
72 12
1316 2
72 2
1316 2
72 10
516 7
72 4
17 2
72 2
17 2
72 2
17 2
72 2
17 2
72 2
17 2
72 2
17 2
72 2
17 4
19 4
72 12
20 4
17 2
72 2
17 2
72 2
17 2
72 2
17 2
72 2
17 2
72 2
17 2
72 2
17 4
15 4
72 12
15 4
17 2
72 2
17 2
72 2
17 2
72 2
17 2
72 2
17 2
72 2
17 2
72 2
17 4
19 4
72 12
20 4
17 2
72 2
17 2
72 2
17 2
72 2
17 2
72 2
17 2
72 2
17 2
72 2
17 4
15 4
72 11
1632 7
72 4
202 2
72 2
202 2
72 12
516 2
72 2
516 2
72 12
202 2
72 2
202 2
72 12
516 2
72 2
516 2
72 12
202 2
72 2
202 2
72 12
516 2
72 2
516 2
72 12
202 2
72 2
202 2
72 12
516 2
72 2
516 2
72 10
1785 7
72 4
1628 2
72 2
1628 2
72 12
1316 2
72 2
1316 2
72 12
1628 2
72 2
1628 2
72 12
1316 2
72 2
1316 2
72 12
1628 2
72 2
1628 2
72 12
1316 2
72 2
1316 2
72 12
1628 2
72 2
1628 2
72 12
1316 2
72 2
1316 2
72 10
516 7
72 4
202 2
72 2
202 2
72 12
516 2
72 2
516 2
72 12
202 2
72 2
202 2
72 12
516 2
72 2
516 2
72 12
202 2
72 2
202 2
72 12
516 2
72 2
516 2
72 12
202 2
72 2
202 2
72 12
516 2
72 2
516 2
72 10
1785 7
72 4
1628 2
72 2
1628 2
72 12
1316 2
72 2
1316 2
72 12
1628 2
72 2
1628 2
72 12
1316 2
72 2
1316 2
72 12
1628 2
72 2
1628 2
72 12
1316 2
72 2
1316 2
72 12
1628 2
72 2
1628 2
72 12
1316 2
72 2
1316 2
72 10
516 7
72 4
17 2
72 2
17 2
72 2
17 2
72 2
17 2
72 2
17 2
72 2
17 2
72 2
17 4
19 4
72 12
20 4
17 2
72 2
17 2
72 2
17 2
72 2
17 2
72 2
17 2
72 2
17 2
72 2
17 4
15 4
72 12
15 4
17 2
72 2
17 2
72 2
17 2
72 2
17 2
72 2
17 2
72 2
17 2
72 2
17 4
19 4
72 12
20 4
17 2
72 2
17 2
72 2
17 2
72 2
17 2
72 2
17 2
72 2
17 2
72 2
17 4
15 4
72 11
1632 7
E
S
L
72 11
202 2
72 2
202 2
72 12
516 2
72 2
516 2
72 12
202 2
72 2
202 2
72 12
516 2
72 2
516 2
72 12
202 2
72 2
202 2
72 12
516 2
72 2
516 2
72 12
202 2
72 2
202 2
72 12
516 2
72 2
516 2
72 10
1785 7
72 4
1628 2
72 2
1628 2
72 12
1316 2
72 2
1316 2
72 12
1628 2
72 2
1628 2
72 12
1316 2
72 2
1316 2
72 12
1628 2
72 2
1628 2
72 12
1316 2
72 2
1316 2
72 12
1628 2
72 2
1628 2
72 12
1316 2
72 2
1316 2
72 10
516 7
72 4
202 2
72 2
202 2
72 12
516 2
72 2
516 2
72 12
202 2
72 2
202 2
72 12
516 2
72 2
516 2
72 12
202 2
72 2
202 2
72 12
516 2
72 2
516 2
72 12
202 2
72 2
202 2
72 12
516 2
72 2
516 2
72 10
1785 7
72 4
1628 2
72 2
1628 2
72 12
1316 2
72 2
1316 2
72 12
1628 2
72 2
1628 2
72 12
1316 2
72 2
1316 2
72 12
1628 2
72 2
1628 2
72 12
1316 2
72 2
1316 2
72 12
1628 2
72 2
1628 2
72 12
1316 2
72 2
1316 2
72 10
516 7
72 4
17 2
72 2
17 2
72 2
17 2
72 2
17 2
72 2
17 2
72 2
17 2
72 2
17 4
19 4
72 12
20 4
17 2
72 2
17 2
72 2
17 2
72 2
17 2
72 2
17 2
72 2
17 2
72 2
17 4
15 4
72 12
15 4
17 2
72 2
17 2
72 2
17 2
72 2
17 2
72 2
17 2
72 2
17 2
72 2
17 4
19 4
72 12
20 4
17 2
72 2
17 2
72 2
17 2
72 2
17 2
72 2
17 2
72 2
17 2
72 2
17 4
15 4
72 11
1632 7
72 4
202 2
72 2
202 2
72 12
516 2
72 2
516 2
72 12
202 2
72 2
202 2
72 12
516 2
72 2
516 2
72 12
202 2
72 2
202 2
72 12
516 2
72 2
516 2
72 12
202 2
72 2
202 2
72 12
516 2
72 2
516 2
72 10
1785 7
72 4
1628 2
72 2
1628 2
72 12
1316 2
72 2
1316 2
72 12
1628 2
72 2
1628 2
72 12
1316 2
72 2
1316 2
72 12
1628 2
72 2
1628 2
72 12
1316 2
72 2
1316 2
72 12
1628 2
72 2
1628 2
72 12
1316 2
72 2
1316 2
72 10
516 7
72 4
202 2
72 2
202 2
72 12
516 2
72 2
516 2
72 12
202 2
72 2
202 2
72 12
516 2
72 2
516 2
72 12
202 2
72 2
202 2
72 12
516 2
72 2
516 2
72 12
202 2
72 2
202 2
72 12
516 2
72 2
516 2
72 10
1785 7
72 4
1628 2
72 2
1628 2
72 12
1316 2
72 2
1316 2
72 12
1628 2
72 2
1628 2
72 12
1316 2
72 2
1316 2
72 12
1628 2
72 2
1628 2
72 12
1316 2
72 2
1316 2
72 12
1628 2
72 2
1628 2
72 12
1316 2
72 2
1316 2
72 10
516 7
72 4
17 2
72 2
17 2
72 2
17 2
72 2
17 2
72 2
17 2
72 2
17 2
72 2
17 4
19 4
72 12
20 4
17 2
72 2
17 2
72 2
17 2
72 2
17 2
72 2
17 2
72 2
17 2
72 2
17 4
15 4
72 12
15 4
17 2
72 2
17 2
72 2
17 2
72 2
17 2
72 2
17 2
72 2
17 2
72 2
17 4
19 4
72 12
20 4
17 2
72 2
17 2
72 2
17 2
72 2
17 2
72 2
17 2
72 2
17 2
72 2
17 4
15 4
72 11
1632 7
E
S
L
72 14
178 2
204 2
230 2
35 2
36 11
29 4
32 4
36 4
34 7
32 7
31 7
27 7
24 13
31 13
32 13
31 11
72 4
28 9
27 13
72 13
31 12
38 7
31 7
32 7
34 7
36 7
38 11
31 11
72 7
29 7
38 7
36 7
38 13
72 14
178 2
204 2
230 2
35 2
36 11
29 4
32 4
36 4
34 7
32 7
31 7
27 7
24 13
31 13
32 13
31 11
72 4
28 9
27 13
72 13
31 12
38 7
31 7
32 7
34 7
36 7
38 11
31 11
72 7
29 7
38 7
36 7
38 13
72 14
178 2
204 2
230 2
35 2
36 11
29 4
32 4
36 4
34 7
32 7
31 7
27 7
24 13
31 13
32 13
31 11
72 4
28 9
27 13
72 13
31 12
38 7
31 7
32 7
34 7
36 7
38 11
31 11
72 7
29 7
38 7
36 7
38 13
72 14
178 2
204 2
230 2
35 2
36 11
29 4
32 4
36 4
34 7
32 7
31 7
27 7
24 13
31 13
32 13
31 11
72 4
28 9
27 13
72 13
31 12
38 7
31 7
32 7
34 7
36 7
38 11
31 11
72 7
29 7
38 7
36 7
38 13
E
S
H
72 11
36 2
41 2
44 2
36 2
41 2
36 2
39 2
44 2
41 2
36 2
39 2
36 2
41 2
36 2
39 2
41 2
43 2
39 2
46 2
43 2
41 2
43 2
46 2
43 2
41 2
43 2
38 2
41 2
46 2
36 2
41 2
39 2
41 2
36 2
44 2
41 2
39 2
36 2
44 2
41 2
39 2
44 2
39 2
41 2
44 2
36 2
41 2
39 2
41 2
36 2
38 2
36 2
41 2
46 2
38 2
41 2
48 2
38 2
41 2
46 2
41 2
38 2
36 2
39 2
36 2
41 2
44 2
36 2
41 2
36 2
39 2
44 2
41 2
36 2
39 2
36 2
41 2
36 2
39 2
41 2
43 2
39 2
46 2
43 2
41 2
43 2
46 2
43 2
41 2
43 2
38 2
41 2
46 2
36 2
41 2
39 2
41 2
36 2
44 2
41 2
39 2
36 2
44 2
41 2
39 2
44 2
39 2
41 2
44 2
36 2
41 2
39 2
41 2
36 2
38 2
36 2
41 2
46 2
38 2
41 2
50 2
72 10
39 2
43 2
46 2
43 2
39 2
43 2
39 2
43 2
39 2
46 2
39 2
46 2
39 2
46 2
38 2
34 2
39 2
36 2
39 2
38 2
41 2
36 2
44 2
41 2
44 2
36 2
41 2
39 2
44 2
41 2
44 2
41 2
39 2
38 2
41 2
38 2
41 2
38 2
46 2
43 2
46 2
39 2
43 2
39 2
46 2
39 2
43 2
46 2
39 2
46 2
41 2
36 2
38 2
41 2
39 2
44 2
41 2
44 2
48 2
41 2
46 2
41 2
36 2
43 2
39 2
43 2
46 2
43 2
39 2
43 2
39 2
43 2
39 2
46 2
39 2
46 2
39 2
46 2
38 2
34 2
39 2
36 2
39 2
38 2
41 2
36 2
44 2
41 2
44 2
36 2
41 2
39 2
44 2
41 2
44 2
41 2
39 2
38 2
41 2
38 2
41 2
38 2
46 2
43 2
46 2
39 2
43 2
39 2
46 2
39 2
43 2
46 2
39 2
46 2
41 2
36 2
38 2
41 2
39 2
44 2
41 2
72 10
36 2
41 2
44 2
36 2
41 2
36 2
39 2
44 2
41 2
36 2
39 2
36 2
41 2
36 2
39 2
41 2
43 2
39 2
46 2
43 2
41 2
43 2
46 2
43 2
41 2
43 2
38 2
41 2
46 2
36 2
41 2
39 2
41 2
36 2
44 2
41 2
39 2
36 2
44 2
41 2
39 2
44 2
39 2
41 2
44 2
36 2
41 2
39 2
41 2
36 2
38 2
36 2
41 2
46 2
38 2
41 2
48 2
38 2
41 2
46 2
41 2
38 2
36 2
39 2
36 2
41 2
44 2
36 2
41 2
36 2
39 2
44 2
41 2
36 2
39 2
36 2
41 2
36 2
39 2
41 2
43 2
39 2
46 2
43 2
41 2
43 2
46 2
43 2
41 2
43 2
38 2
41 2
46 2
36 2
41 2
39 2
41 2
36 2
44 2
41 2
39 2
36 2
44 2
41 2
39 2
44 2
39 2
41 2
44 2
36 2
41 2
39 2
41 2
36 2
38 2
36 2
41 2
46 2
38 2
41 2
50 2
72 10
39 2
43 2
46 2
43 2
39 2
43 2
39 2
43 2
39 2
46 2
39 2
46 2
39 2
46 2
38 2
34 2
39 2
36 2
39 2
38 2
41 2
36 2
44 2
41 2
44 2
36 2
41 2
39 2
44 2
41 2
44 2
41 2
39 2
38 2
41 2
38 2
41 2
38 2
46 2
43 2
46 2
39 2
43 2
39 2
46 2
39 2
43 2
46 2
39 2
46 2
41 2
36 2
38 2
41 2
39 2
44 2
41 2
44 2
48 2
41 2
46 2
41 2
36 2
43 2
39 2
43 2
46 2
43 2
39 2
43 2
39 2
43 2
39 2
46 2
39 2
46 2
39 2
46 2
38 2
34 2
39 2
36 2
39 2
38 2
41 2
36 2
44 2
41 2
44 2
36 2
41 2
39 2
44 2
41 2
44 2
41 2
39 2
38 2
41 2
38 2
41 2
38 2
46 2
43 2
46 2
39 2
43 2
39 2
46 2
39 2
43 2
46 2
39 2
46 2
41 2
36 2
38 2
41 2
39 2
44 2
41 2
72 13
46 2
41 2
50 2
41 2
43 2
41 2
50 2
41 2
43 2
41 2
50 2
41 2
46 2
41 2
72 13
43 2
41 2
46 2
38 2
43 2
41 2
43 2
41 2
46 2
41 2
43 2
41 2
50 2
46 2
72 13
43 2
38 2
46 2
38 2
41 2
38 2
43 2
38 2
46 2
38 2
41 2
38 2
43 2
72 14
36 2
41 2
44 2
36 2
41 2
36 2
39 2
44 2
41 2
36 2
39 2
36 2
41 2
36 2
39 2
41 2
43 2
39 2
46 2
43 2
41 2
43 2
46 2
43 2
41 2
43 2
38 2
41 2
46 2
36 2
41 2
39 2
41 2
36 2
44 2
41 2
39 2
36 2
44 2
41 2
39 2
44 2
39 2
41 2
44 2
36 2
41 2
39 2
41 2
36 2
38 2
36 2
41 2
46 2
38 2
41 2
48 2
38 2
41 2
46 2
41 2
38 2
36 2
39 2
36 2
41 2
44 2
36 2
41 2
36 2
39 2
44 2
41 2
36 2
39 2
36 2
41 2
36 2
39 2
41 2
43 2
39 2
46 2
43 2
41 2
43 2
46 2
43 2
41 2
43 2
38 2
41 2
46 2
36 2
41 2
39 2
41 2
36 2
44 2
41 2
39 2
36 2
44 2
41 2
39 2
44 2
39 2
41 2
44 2
36 2
41 2
39 2
41 2
36 2
38 2
36 2
41 2
46 2
38 2
41 2
50 2
72 10
39 2
43 2
46 2
43 2
39 2
43 2
39 2
43 2
39 2
46 2
39 2
46 2
39 2
46 2
38 2
34 2
39 2
36 2
39 2
38 2
41 2
36 2
44 2
41 2
44 2
36 2
41 2
39 2
44 2
41 2
44 2
41 2
39 2
38 2
41 2
38 2
41 2
38 2
46 2
43 2
46 2
39 2
43 2
39 2
46 2
39 2
43 2
46 2
39 2
46 2
41 2
36 2
38 2
41 2
39 2
44 2
41 2
44 2
48 2
41 2
46 2
41 2
36 2
43 2
39 2
43 2
46 2
43 2
39 2
43 2
39 2
43 2
39 2
46 2
39 2
46 2
39 2
46 2
38 2
34 2
39 2
36 2
39 2
38 2
41 2
36 2
44 2
41 2
44 2
36 2
41 2
39 2
44 2
41 2
44 2
41 2
39 2
38 2
41 2
38 2
41 2
38 2
46 2
43 2
46 2
39 2
43 2
39 2
46 2
39 2
43 2
46 2
39 2
46 2
41 2
36 2
38 2
41 2
39 2
44 2
41 2
72 10
36 2
41 2
44 2
36 2
41 2
36 2
39 2
44 2
41 2
36 2
39 2
36 2
41 2
36 2
39 2
41 2
43 2
39 2
46 2
43 2
41 2
43 2
46 2
43 2
41 2
43 2
38 2
41 2
46 2
36 2
41 2
39 2
41 2
36 2
44 2
41 2
39 2
36 2
44 2
41 2
39 2
44 2
39 2
41 2
44 2
36 2
41 2
39 2
41 2
36 2
38 2
36 2
41 2
46 2
38 2
41 2
48 2
38 2
41 2
46 2
41 2
38 2
36 2
39 2
36 2
41 2
44 2
36 2
41 2
36 2
39 2
44 2
41 2
36 2
39 2
36 2
41 2
36 2
39 2
41 2
43 2
39 2
46 2
43 2
41 2
43 2
46 2
43 2
41 2
43 2
38 2
41 2
46 2
36 2
41 2
39 2
41 2
36 2
44 2
41 2
39 2
36 2
44 2
41 2
39 2
44 2
39 2
41 2
44 2
36 2
41 2
39 2
41 2
36 2
38 2
36 2
41 2
46 2
38 2
41 2
50 2
72 10
39 2
43 2
46 2
43 2
39 2
43 2
39 2
43 2
39 2
46 2
39 2
46 2
39 2
46 2
38 2
34 2
39 2
36 2
39 2
38 2
41 2
36 2
44 2
41 2
44 2
36 2
41 2
39 2
44 2
41 2
44 2
41 2
39 2
38 2
41 2
38 2
41 2
38 2
46 2
43 2
46 2
39 2
43 2
39 2
46 2
39 2
43 2
46 2
39 2
46 2
41 2
36 2
38 2
41 2
39 2
44 2
41 2
44 2
48 2
41 2
46 2
41 2
36 2
43 2
39 2
43 2
46 2
43 2
39 2
43 2
39 2
43 2
39 2
46 2
39 2
46 2
39 2
46 2
38 2
34 2
39 2
36 2
39 2
38 2
41 2
36 2
44 2
41 2
44 2
36 2
41 2
39 2
44 2
41 2
44 2
41 2
39 2
38 2
41 2
38 2
41 2
38 2
46 2
43 2
46 2
39 2
43 2
39 2
46 2
39 2
43 2
46 2
39 2
46 2
41 2
36 2
38 2
41 2
39 2
44 2
41 2
72 13
46 2
41 2
50 2
41 2
43 2
41 2
50 2
41 2
43 2
41 2
50 2
41 2
46 2
41 2
72 13
43 2
41 2
46 2
38 2
43 2
41 2
43 2
41 2
46 2
41 2
43 2
41 2
50 2
46 2
72 13
43 2
38 2
46 2
38 2
41 2
38 2
43 2
38 2
46 2
38 2
41 2
38 2
43 2
E
S
L
72 11
202 3
72 1
202 3
72 12
516 3
72 1
516 3
72 12
202 3
72 1
202 3
72 12
516 3
72 1
516 3
72 12
202 3
72 1
202 3
72 12
516 3
72 1
516 3
72 12
202 3
72 1
202 3
72 12
516 3
72 1
516 3
72 10
1785 7
72 4
1628 3
72 1
1628 3
72 12
1316 3
72 1
1316 3
72 12
1628 3
72 1
1628 3
72 12
1316 3
72 1
1316 3
72 12
1628 3
72 1
1628 3
72 12
1316 3
72 1
1316 3
72 12
1628 3
72 1
1628 3
72 12
1316 3
72 1
1316 3
72 10
1627 7
72 4
202 3
72 1
202 3
72 12
516 3
72 1
516 3
72 12
202 3
72 1
202 3
72 12
516 3
72 1
516 3
72 12
202 3
72 1
202 3
72 12
516 3
72 1
516 3
72 12
202 3
72 1
202 3
72 12
516 3
72 1
516 3
72 10
1785 7
72 4
1628 3
72 1
1628 3
72 12
1316 3
72 1
1316 3
72 12
1628 3
72 1
1628 3
72 12
1316 3
72 1
1316 3
72 12
1628 3
72 1
1628 3
72 12
1316 3
72 1
1316 3
72 12
1628 3
72 1
1628 3
72 12
1316 3
72 1
1316 3
72 10
1627 7
72 4
17 3
72 1
17 3
72 1
17 3
72 1
17 3
72 1
17 3
72 1
17 3
72 1
17 4
19 4
72 12
20 4
17 3
72 1
17 3
72 1
17 3
72 1
17 3
72 1
17 3
72 1
17 3
72 1
17 4
15 4
72 12
15 4
17 3
72 1
17 3
72 1
17 3
72 1
17 3
72 1
17 3
72 1
17 3
72 1
17 4
19 4
72 12
20 4
17 3
72 1
17 3
72 1
17 3
72 1
17 3
72 1
17 3
72 1
17 3
72 1
17 4
15 4
72 11
1632 7
72 4
202 3
72 1
202 3
72 12
516 3
72 1
516 3
72 12
202 3
72 1
202 3
72 12
516 3
72 1
516 3
72 12
202 3
72 1
202 3
72 12
516 3
72 1
516 3
72 12
202 3
72 1
202 3
72 12
516 3
72 1
516 3
72 10
1785 7
72 4
1628 3
72 1
1628 3
72 12
1316 3
72 1
1316 3
72 12
1628 3
72 1
1628 3
72 12
1316 3
72 1
1316 3
72 12
1628 3
72 1
1628 3
72 12
1316 3
72 1
1316 3
72 12
1628 3
72 1
1628 3
72 12
1316 3
72 1
1316 3
72 10
1627 7
72 4
202 3
72 1
202 3
72 12
516 3
72 1
516 3
72 12
202 3
72 1
202 3
72 12
516 3
72 1
516 3
72 12
202 3
72 1
202 3
72 12
516 3
72 1
516 3
72 12
202 3
72 1
202 3
72 12
516 3
72 1
516 3
72 10
1785 7
72 4
1628 3
72 1
1628 3
72 12
1316 3
72 1
1316 3
72 12
1628 3
72 1
1628 3
72 12
1316 3
72 1
1316 3
72 12
1628 3
72 1
1628 3
72 12
1316 3
72 1
1316 3
72 12
1628 3
72 1
1628 3
72 12
1316 3
72 1
1316 3
72 10
1627 7
72 4
17 3
72 1
17 3
72 1
17 3
72 1
17 3
72 1
17 3
72 1
17 3
72 1
17 4
19 4
72 12
20 4
17 3
72 1
17 3
72 1
17 3
72 1
17 3
72 1
17 3
72 1
17 3
72 1
17 4
15 4
72 12
15 4
17 3
72 1
17 3
72 1
17 3
72 1
17 3
72 1
17 3
72 1
17 3
72 1
17 4
19 4
72 12
20 4
17 3
72 1
17 3
72 1
17 3
72 1
17 3
72 1
17 3
72 1
17 3
72 1
17 4
15 4
72 11
1632 7
E
X
