minor
S
L
26 2
32 2
35 2
38 2
44 2
47 2
50 2
72 0
56 2
59 2
E
S
L
72 9
1514 4
1514 4
1514 4
1514 4
1514 4
1514 4
1200 4
1200 4
1514 4
1514 4
1514 4
1514 4
1514 4
1514 4
1200 4
1200 4
1514 4
1514 4
1514 4
1514 4
1514 4
1514 4
1200 4
1200 4
1514 4
1514 4
1514 4
1514 4
1514 4
1514 4
1200 4
1200 4
1514 4
1514 4
1514 4
1514 4
1514 4
1514 4
1200 4
1200 4
1514 4
1514 4
1514 4
1514 4
1514 4
1514 4
1200 4
1200 4
886 14
1200 14
1514 4
1514 4
1514 4
1514 4
1514 4
1514 4
1200 4
1200 4
1514 4
1514 4
1514 4
1514 4
1514 4
1514 4
1200 4
1200 4
1514 4
1514 4
1514 4
1514 4
1514 4
1514 4
1200 4
1200 4
1514 4
1514 4
1514 4
1514 4
1514 4
1514 4
1200 4
1200 4
1514 4
72 7
1514 4
72 4
729 4
1671 4
1357 4
1514 4
72 7
1514 4
72 4
729 4
1200 4
1357 4
1514 4
1514 4
1514 4
1514 4
1514 4
1514 4
1200 4
1200 4
1514 4
1514 4
1514 4
1514 4
1514 4
1514 4
1200 4
1200 4
886 4
72 7
886 4
72 7
101 4
72 4
1200 4
72 7
1200 4
72 4
415 4
1828 4
1200 4
1514 4
1514 4
1514 4
1514 4
1514 4
1514 4
1200 4
1200 4
1514 4
1514 4
1514 4
1514 4
1514 4
1514 4
1200 4
1200 4
1514 4
72 7
1514 4
72 4
729 4
1671 4
1357 4
1514 4
72 7
1514 4
72 4
729 4
1200 4
1357 4
1514 4
1514 4
1514 4
1514 4
1514 4
1514 4
1200 4
1200 4
1514 4
1514 4
1514 4
1514 4
1514 4
1514 4
1200 4
1200 4
886 4
72 7
886 4
72 7
101 4
72 4
1200 4
72 7
1200 4
72 4
415 4
1828 4
1200 4
1514 4
1514 4
1514 4
1514 4
1514 4
1514 4
1200 4
1200 4
1514 4
1514 4
1514 4
1514 4
1514 4
1514 4
1200 4
1200 4
166 14
192 14
72 14
1514 4
1514 4
1514 4
1514 4
1514 4
1514 4
1200 4
1200 4
1514 4
1514 4
1514 4
1514 4
1514 4
1514 4
1200 4
1200 4
1514 4
1514 4
1514 4
1514 4
1514 4
1514 4
1200 4
1200 4
1514 4
1514 4
1514 4
1514 4
1514 4
1514 4
1200 4
1200 4
886 14
1200 14
1514 4
1514 4
1514 4
1514 4
1514 4
1514 4
1200 4
1200 4
1514 4
1514 4
1514 4
1514 4
1514 4
1514 4
1200 4
1200 4
1514 4
1514 4
1514 4
1514 4
1514 4
1514 4
1200 4
1200 4
1514 4
1514 4
1514 4
1514 4
1514 4
1514 4
1200 4
1200 4
1514 4
72 7
1514 4
72 4
729 4
1671 4
1357 4
1514 4
72 7
1514 4
72 4
729 4
1200 4
1357 4
1514 4
1514 4
1514 4
1514 4
1514 4
1514 4
1200 4
1200 4
1514 4
1514 4
1514 4
1514 4
1514 4
1514 4
1200 4
1200 4
886 4
72 7
886 4
72 7
101 4
72 4
1200 4
72 7
1200 4
72 4
415 4
1828 4
1200 4
1514 4
1514 4
1514 4
1514 4
1514 4
1514 4
1200 4
1200 4
1514 4
1514 4
1514 4
1514 4
1514 4
1514 4
1200 4
1200 4
1514 4
72 7
1514 4
72 4
729 4
1671 4
1357 4
1514 4
72 7
1514 4
72 4
729 4
1200 4
1357 4
1514 4
1514 4
1514 4
1514 4
1514 4
1514 4
1200 4
1200 4
1514 4
1514 4
1514 4
1514 4
1514 4
1514 4
1200 4
1200 4
886 4
72 7
886 4
72 7
101 4
72 4
1200 4
72 7
1200 4
72 4
415 4
1828 4
1200 4
1514 4
1514 4
1514 4
1514 4
1514 4
1514 4
1200 4
1200 4
1514 4
1514 4
1514 4
1514 4
1514 4
1514 4
1200 4
1200 4
166 14
192 14
72 14
1514 4
1514 4
1514 4
1514 4
1514 4
1514 4
1200 4
1200 4
1514 4
1514 4
1514 4
1514 4
1514 4
1514 4
1200 4
1200 4
1514 4
1514 4
1514 4
1514 4
1514 4
1514 4
1200 4
1200 4
1514 4
1514 4
1514 4
1514 4
1514 4
1514 4
1200 4
1200 4
886 14
1200 14
1514 4
1514 4
1514 4
1514 4
1514 4
1514 4
1200 4
1200 4
1514 4
1514 4
1514 4
1514 4
1514 4
1514 4
1200 4
1200 4
1514 4
1514 4
1514 4
1514 4
1514 4
1514 4
1200 4
1200 4
1514 4
1514 4
1514 4
1514 4
1514 4
1514 4
1200 4
1200 4
1514 4
72 7
1514 4
72 4
729 4
1671 4
1357 4
1514 4
72 7
1514 4
72 4
729 4
1200 4
1357 4
1514 4
1514 4
1514 4
1514 4
1514 4
1514 4
1200 4
1200 4
1514 4
1514 4
1514 4
1514 4
1514 4
1514 4
1200 4
1200 4
886 4
72 7
886 4
72 7
101 4
72 4
1200 4
72 7
1200 4
72 4
415 4
1828 4
1200 4
1514 4
1514 4
1514 4
1514 4
1514 4
1514 4
1200 4
1200 4
1514 4
1514 4
1514 4
1514 4
1514 4
1514 4
1200 4
1200 4
E
S
L
72 14
23 2
21 2
19 2
72 2
25 10
72 2
19 4
72 4
19 4
124 4
19 4
19 4
156 4
23 4
19 4
19 4
19 4
23 2
21 2
19 2
72 14
20 6
72 2
20 6
72 2
20 6
72 2
20 6
72 2
20 6
72 2
20 6
72 2
20 6
72 2
20 6
72 2
20 6
72 2
20 6
72 2
20 6
72 2
20 6
72 2
20 6
72 2
20 6
72 2
20 6
72 2
20 6
72 2
20 6
72 2
20 6
72 2
20 6
72 2
20 6
72 2
20 6
72 2
20 6
72 2
20 6
72 2
20 6
72 2
20 6
72 2
20 6
72 2
20 6
72 2
20 6
72 2
20 6
72 2
20 6
72 2
20 6
72 2
20 6
72 2
20 6
72 2
20 6
72 2
20 6
72 2
20 6
72 2
20 6
72 2
20 6
72 2
20 6
72 2
20 6
72 2
20 6
72 2
20 6
72 2
20 6
72 2
20 6
72 2
20 6
72 2
20 6
72 2
20 6
72 2
20 6
72 2
20 6
72 2
20 6
72 2
20 6
72 2
20 6
72 2
20 6
72 2
20 6
72 2
20 6
72 2
20 6
72 2
20 6
72 2
20 6
72 2
20 6
72 2
20 6
72 2
20 6
72 2
20 6
72 2
20 6
72 2
20 6
72 2
121 6
72 2
20 4
22 4
20 6
72 2
20 4
22 4
20 6
72 2
20 4
22 4
20 6
72 2
20 4
22 4
20 6
72 2
20 4
22 4
20 6
72 2
20 4
22 4
20 6
72 2
20 4
22 4
20 6
72 2
20 4
22 4
20 6
72 2
20 4
22 4
20 6
72 2
20 4
22 4
20 6
72 2
20 4
22 4
20 6
72 2
20 4
22 4
20 6
72 2
20 4
22 4
20 6
72 2
20 4
22 4
20 6
72 2
20 4
22 4
20 6
72 2
20 4
22 4
20 6
72 2
20 4
22 4
20 6
72 2
20 4
22 4
20 6
72 2
20 4
22 4
20 6
72 2
20 4
22 4
20 6
72 2
20 4
22 4
20 6
72 2
20 4
22 4
20 6
72 2
20 4
22 4
20 6
72 2
20 4
22 4
20 6
72 2
20 4
22 4
20 6
72 2
20 4
22 4
20 6
72 2
20 4
22 4
20 6
72 2
20 4
22 4
121 6
72 2
20 4
22 4
20 6
72 2
20 4
22 4
121 6
72 2
20 4
22 4
20 6
72 2
20 4
22 4
121 6
72 2
20 4
22 4
20 6
72 2
20 4
22 4
21 2
21 2
21 2
72 6
19 2
19 2
19 2
72 6
25 6
72 14
23 2
21 2
19 2
72 2
25 10
72 2
19 4
72 4
19 4
124 4
19 4
19 4
156 4
23 4
19 4
19 4
19 4
23 2
21 2
19 2
72 14
20 6
72 2
20 6
72 2
20 6
72 2
20 6
72 2
20 6
72 2
20 6
72 2
20 6
72 2
20 6
72 2
20 6
72 2
20 6
72 2
20 6
72 2
20 6
72 2
20 6
72 2
20 6
72 2
20 6
72 2
20 6
72 2
20 6
72 2
20 6
72 2
20 6
72 2
20 6
72 2
20 6
72 2
20 6
72 2
20 6
72 2
20 6
72 2
20 6
72 2
20 6
72 2
20 6
72 2
20 6
72 2
20 6
72 2
20 6
72 2
20 6
72 2
20 6
72 2
20 6
72 2
20 6
72 2
20 6
72 2
20 6
72 2
20 6
72 2
20 6
72 2
20 6
72 2
20 6
72 2
20 6
72 2
20 6
72 2
20 6
72 2
20 6
72 2
20 6
72 2
20 6
72 2
20 6
72 2
20 6
72 2
20 6
72 2
20 6
72 2
20 6
72 2
20 6
72 2
20 6
72 2
20 6
72 2
20 6
72 2
20 6
72 2
20 6
72 2
20 6
72 2
20 6
72 2
20 6
72 2
20 6
72 2
20 6
72 2
20 6
72 2
20 6
72 2
121 6
72 2
20 4
22 4
20 6
72 2
20 4
22 4
20 6
72 2
20 4
22 4
20 6
72 2
20 4
22 4
20 6
72 2
20 4
22 4
20 6
72 2
20 4
22 4
20 6
72 2
20 4
22 4
20 6
72 2
20 4
22 4
20 6
72 2
20 4
22 4
20 6
72 2
20 4
22 4
20 6
72 2
20 4
22 4
20 6
72 2
20 4
22 4
20 6
72 2
20 4
22 4
20 6
72 2
20 4
22 4
20 6
72 2
20 4
22 4
20 6
72 2
20 4
22 4
20 6
72 2
20 4
22 4
20 6
72 2
20 4
22 4
20 6
72 2
20 4
22 4
20 6
72 2
20 4
22 4
20 6
72 2
20 4
22 4
20 6
72 2
20 4
22 4
20 6
72 2
20 4
22 4
20 6
72 2
20 4
22 4
20 6
72 2
20 4
22 4
20 6
72 2
20 4
22 4
20 6
72 2
20 4
22 4
20 6
72 2
20 4
22 4
121 6
72 2
20 4
22 4
20 6
72 2
20 4
22 4
121 6
72 2
20 4
22 4
20 6
72 2
20 4
22 4
121 6
72 2
20 4
22 4
20 6
72 2
20 4
22 4
21 2
21 2
21 2
72 6
19 2
19 2
19 2
72 6
25 6
72 14
23 2
21 2
19 2
72 2
25 10
72 2
19 4
72 4
19 4
124 4
19 4
19 4
156 4
23 4
19 4
19 4
19 4
23 2
21 2
19 2
72 14
20 6
72 2
20 6
72 2
20 6
72 2
20 6
72 2
20 6
72 2
20 6
72 2
20 6
72 2
20 6
72 2
20 6
72 2
20 6
72 2
20 6
72 2
20 6
72 2
20 6
72 2
20 6
72 2
20 6
72 2
20 6
72 2
20 6
72 2
20 6
72 2
20 6
72 2
20 6
72 2
20 6
72 2
20 6
72 2
20 6
72 2
20 6
72 2
20 6
72 2
20 6
72 2
20 6
72 2
20 6
72 2
20 6
72 2
20 6
72 2
20 6
72 2
20 6
E
S
H
72 14
158 4
72 4
158 4
72 4
158 4
72 4
158 4
72 4
158 4
72 4
158 4
72 4
158 4
72 4
158 4
72 4
158 4
72 4
158 4
72 4
158 4
72 4
158 4
72 4
158 4
72 4
158 4
72 4
158 4
72 4
158 4
72 14
158 4
72 4
158 4
72 4
158 4
72 4
158 4
72 4
158 4
72 4
158 4
72 4
158 4
72 4
158 4
72 4
158 4
72 4
158 4
72 4
158 4
72 4
158 4
72 4
158 4
72 4
158 4
72 4
158 4
72 4
158 4
72 14
158 4
105 4
72 4
173 4
105 4
72 4
173 4
72 4
185 4
105 4
72 4
173 4
105 4
72 4
173 4
72 4
158 4
105 4
72 4
173 4
105 4
72 4
173 4
72 4
185 4
105 4
72 4
173 4
105 4
72 4
173 4
72 4
161 4
106 4
72 4
187 4
106 4
72 4
214 4
72 4
67 4
62 4
59 4
65 4
62 4
59 4
65 4
72 4
57 4
56 4
57 4
60 4
59 4
60 4
64 4
63 4
64 4
213 4
200 4
213 4
110 4
72 14
149 4
213 4
110 4
149 4
213 4
149 4
110 4
163 4
50 4
214 4
62 4
50 4
214 4
163 4
134 4
136 4
50 4
240 4
136 4
240 4
136 4
163 4
136 4
149 4
52 4
189 4
108 4
189 4
108 4
149 4
108 4
149 4
213 4
110 4
149 4
213 4
110 4
149 4
110 4
175 4
215 4
134 4
175 4
215 4
134 4
175 4
134 4
136 4
50 4
55 4
136 4
50 4
55 4
136 4
55 4
136 4
50 4
55 4
136 4
50 4
55 4
136 4
55 4
136 4
50 4
55 4
136 4
50 4
55 4
136 4
55 4
136 4
50 4
55 4
136 4
50 4
55 4
136 4
55 4
72 7
158 4
72 4
158 4
72 4
158 4
72 4
158 4
72 4
158 4
72 4
158 4
72 4
158 4
72 4
158 4
72 4
158 4
72 4
158 4
72 4
158 4
72 4
158 4
72 4
158 4
72 4
158 4
72 4
158 4
72 14
158 4
72 4
158 4
72 4
158 4
72 4
158 4
72 4
158 4
72 4
158 4
72 4
158 4
72 4
158 4
72 4
158 4
72 4
158 4
72 4
158 4
72 4
158 4
72 4
158 4
72 4
158 4
72 4
158 4
72 4
158 4
72 14
158 4
105 4
72 4
173 4
105 4
72 4
173 4
72 4
185 4
105 4
72 4
173 4
105 4
72 4
173 4
72 4
158 4
105 4
72 4
173 4
105 4
72 4
173 4
72 4
185 4
105 4
72 4
173 4
105 4
72 4
173 4
72 4
161 4
106 4
72 4
187 4
106 4
72 4
214 4
72 4
67 4
62 4
59 4
65 4
62 4
59 4
65 4
72 4
57 4
56 4
57 4
60 4
59 4
60 4
64 4
63 4
64 4
213 4
200 4
213 4
110 4
72 14
149 4
213 4
110 4
149 4
213 4
149 4
110 4
163 4
50 4
214 4
62 4
50 4
214 4
163 4
134 4
136 4
50 4
240 4
136 4
240 4
136 4
163 4
136 4
149 4
52 4
189 4
108 4
189 4
108 4
149 4
108 4
149 4
213 4
110 4
149 4
213 4
110 4
149 4
110 4
175 4
215 4
134 4
175 4
215 4
134 4
175 4
134 4
136 4
50 4
55 4
136 4
50 4
55 4
136 4
55 4
136 4
50 4
55 4
136 4
50 4
55 4
136 4
55 4
136 4
50 4
55 4
136 4
50 4
55 4
136 4
55 4
136 4
50 4
55 4
136 4
50 4
55 4
136 4
55 4
72 7
158 4
72 4
158 4
72 4
158 4
72 4
158 4
72 4
158 4
72 4
158 4
72 4
158 4
72 4
158 4
72 4
158 4
72 4
158 4
72 4
158 4
72 4
158 4
72 4
158 4
72 4
158 4
72 4
158 4
72 14
158 4
72 4
158 4
72 4
158 4
72 4
158 4
72 4
158 4
72 4
158 4
72 4
158 4
72 4
158 4
72 4
158 4
72 4
158 4
72 4
158 4
72 4
158 4
72 4
158 4
72 4
158 4
72 4
158 4
72 4
158 4
E
S
H
72 14
40 4
213 4
1773 4
40 4
213 4
1773 4
40 4
525 4
213 4
40 4
681 4
525 4
40 4
853 4
686 4
40 4
40 4
213 4
1773 4
40 4
213 4
1773 4
40 4
525 4
213 4
40 4
681 4
525 4
40 4
853 4
686 4
40 4
72 14
40 4
213 4
1773 4
40 4
213 4
1773 4
40 4
525 4
213 4
40 4
681 4
525 4
40 4
853 4
686 4
40 4
40 4
213 4
1773 4
40 4
213 4
1773 4
40 4
525 4
213 4
40 4
681 4
525 4
40 4
853 4
686 4
40 4
72 14
101 6
72 6
244 6
72 6
218 6
72 6
153 6
72 6
101 6
72 14
29 13
72 2
30 13
72 2
31 13
72 2
32 13
72 14
40 4
213 4
1773 4
40 4
213 4
1773 4
40 4
525 4
213 4
40 4
681 4
525 4
40 4
853 4
686 4
40 4
40 4
213 4
1773 4
40 4
213 4
1773 4
40 4
525 4
213 4
40 4
681 4
525 4
40 4
853 4
686 4
40 4
72 14
40 4
213 4
1773 4
40 4
213 4
1773 4
40 4
525 4
213 4
40 4
681 4
525 4
40 4
853 4
686 4
40 4
40 4
213 4
1773 4
40 4
213 4
1773 4
40 4
525 4
213 4
40 4
681 4
525 4
40 4
853 4
686 4
40 4
72 14
101 6
72 6
244 6
72 6
218 6
72 6
153 6
72 6
101 6
72 14
29 13
72 2
30 13
72 2
31 13
72 2
32 13
72 14
40 4
213 4
1773 4
40 4
213 4
1773 4
40 4
525 4
213 4
40 4
681 4
525 4
40 4
853 4
686 4
40 4
40 4
213 4
1773 4
40 4
213 4
1773 4
40 4
525 4
213 4
40 4
681 4
525 4
40 4
853 4
686 4
40 4
72 14
40 4
213 4
1773 4
40 4
213 4
1773 4
40 4
525 4
213 4
40 4
681 4
525 4
40 4
853 4
686 4
40 4
40 4
213 4
1773 4
40 4
213 4
1773 4
40 4
525 4
213 4
40 4
681 4
525 4
40 4
853 4
686 4
40 4
E
S
H
72 14
57 4
55 4
53 4
52 4
50 8
72 1
52 8
72 1
53 8
72 1
55 8
72 1
57 6
72 2
59 6
72 14
53 2
72 2
52 2
72 2
53 2
72 2
48 2
72 2
45 2
72 2
48 2
72 2
53 13
72 2
55 2
72 2
54 2
72 2
55 2
72 2
50 2
72 2
47 2
72 2
50 2
72 2
55 13
72 14
45 9
47 9
48 7
50 13
50 2
72 2
49 2
72 2
50 2
72 2
47 2
72 2
43 2
72 2
50 2
72 2
53 2
72 2
52 13
72 14
57 4
55 4
53 4
52 4
50 8
72 1
52 8
72 1
53 8
72 1
55 8
72 1
57 6
72 2
59 6
72 14
53 2
72 2
52 2
72 2
53 2
72 2
48 2
72 2
45 2
72 2
48 2
72 2
53 13
72 2
55 2
72 2
54 2
72 2
55 2
72 2
50 2
72 2
47 2
72 2
50 2
72 2
55 13
72 14
45 9
47 9
48 7
50 13
50 2
72 2
49 2
72 2
50 2
72 2
47 2
72 2
43 2
72 2
50 2
72 2
53 2
72 2
52 13
72 14
57 4
55 4
53 4
52 4
50 8
72 1
52 8
72 1
53 8
72 1
55 8
72 1
57 6
72 2
59 6
E
S
L
72 14
36 4
35 4
36 4
35 4
36 4
686 11
528 11
686 11
528 11
686 11
528 11
686 11
528 11
686 11
855 10
72 2
686 11
855 10
72 2
686 11
528 11
686 11
528 11
214 13
528 13
686 11
528 11
686 11
528 11
686 11
855 10
72 2
686 11
855 10
72 2
686 11
528 11
686 11
528 11
214 13
528 13
686 11
528 11
686 11
528 11
214 13
214 13
528 13
528 13
214 13
214 13
528 13
528 13
213 13
72 2
161 13
72 2
187 13
72 2
149 13
72 14
36 4
35 4
36 4
35 4
36 4
686 11
528 11
686 11
528 11
686 11
528 11
686 11
528 11
686 11
855 10
72 2
686 11
855 10
72 2
686 11
528 11
686 11
528 11
214 13
528 13
686 11
528 11
686 11
528 11
686 11
855 10
72 2
686 11
855 10
72 2
686 11
528 11
686 11
528 11
214 13
528 13
686 11
528 11
686 11
528 11
214 13
214 13
528 13
528 13
214 13
214 13
528 13
528 13
213 13
72 2
161 13
72 2
187 13
72 2
149 13
72 14
36 4
35 4
36 4
35 4
36 4
686 11
528 11
686 11
528 11
686 11
528 11
686 11
528 11
686 11
855 10
72 2
686 11
855 10
72 2
686 11
528 11
686 11
528 11
214 13
528 13
686 11
528 11
686 11
528 11
E
S
H
72 14
110 9
136 9
149 7
189 9
175 7
136 4
137 4
149 4
237 9
213 13
72 7
110 9
136 9
149 7
214 12
190 7
213 14
72 7
110 9
136 9
149 7
189 9
175 7
136 4
137 4
149 4
237 9
213 13
72 7
110 9
136 9
149 7
214 12
190 7
213 14
72 14
110 9
136 9
149 7
189 9
175 7
136 4
137 4
149 4
237 9
213 13
72 7
110 9
136 9
149 7
214 12
190 7
213 14
72 7
110 9
136 9
149 7
189 9
175 7
136 4
137 4
149 4
237 9
213 13
72 7
110 9
136 9
149 7
214 12
190 7
213 14
72 14
110 9
136 9
149 7
189 9
175 7
136 4
137 4
149 4
237 9
213 13
72 7
110 9
136 9
149 7
214 12
190 7
213 14
E
S
L
72 9
21 4
21 4
21 4
21 4
21 4
21 4
19 4
19 4
21 4
21 4
21 4
21 4
21 4
21 4
19 4
19 4
21 4
21 4
21 4
21 4
21 4
21 4
19 4
19 4
21 4
21 4
21 4
21 4
21 4
21 4
19 4
19 4
21 4
21 4
21 4
21 4
21 4
21 4
19 4
19 4
21 4
21 4
21 4
21 4
21 4
21 4
19 4
19 4
17 14
72 2
19 14
72 2
21 4
21 4
21 4
21 4
21 4
21 4
19 4
19 4
21 4
21 4
21 4
21 4
21 4
21 4
19 4
19 4
21 4
21 4
21 4
21 4
21 4
21 4
19 4
19 4
21 4
21 4
21 4
21 4
21 4
21 4
19 4
19 4
21 4
72 7
21 4
72 4
16 4
22 4
20 4
21 4
72 7
21 4
72 4
16 4
19 4
20 4
21 4
21 4
21 4
21 4
21 4
21 4
19 4
19 4
21 4
21 4
21 4
21 4
21 4
21 4
19 4
19 4
17 4
72 7
17 4
72 7
24 4
72 4
19 4
72 7
19 4
72 4
14 4
23 4
19 4
21 4
21 4
21 4
21 4
21 4
21 4
19 4
19 4
21 4
21 4
21 4
21 4
21 4
21 4
19 4
19 4
21 4
72 7
21 4
72 4
16 4
22 4
20 4
21 4
72 7
21 4
72 4
16 4
19 4
20 4
21 4
21 4
21 4
21 4
21 4
21 4
19 4
19 4
21 4
21 4
21 4
21 4
21 4
21 4
19 4
19 4
17 4
72 7
17 4
72 7
24 4
72 4
19 4
72 7
19 4
72 4
14 4
23 4
19 4
21 4
21 4
21 4
21 4
21 4
21 4
19 4
19 4
21 4
21 4
21 4
21 4
21 4
21 4
19 4
19 4
166 8
72 1
166 8
72 1
153 6
72 2
127 8
72 1
127 8
72 1
153 4
166 4
192 8
72 1
192 8
72 1
166 6
72 2
153 8
72 1
153 10
72 6
166 8
72 1
166 8
72 1
166 6
72 2
179 8
72 1
179 8
72 1
179 6
72 2
192 8
72 1
192 8
72 1
192 6
72 2
205 8
72 1
205 8
72 1
205 6
72 2
218 8
72 1
218 8
72 1
153 6
72 2
127 8
72 1
127 8
72 1
153 4
166 4
192 8
72 1
192 8
72 1
127 6
72 2
101 8
72 1
101 8
72 1
101 4
244 4
218 8
72 1
218 8
72 1
192 6
72 2
179 8
72 1
179 8
72 1
179 6
72 2
192 8
72 1
127 6
72 2
166 4
218 4
166 4
192 8
72 1
101 6
72 2
127 4
101 4
218 4
192 8
72 1
192 8
72 1
127 6
72 2
192 8
72 1
192 8
72 1
192 6
72 2
21 4
21 4
21 4
21 4
21 4
21 4
19 4
19 4
21 4
21 4
21 4
21 4
21 4
21 4
19 4
19 4
21 4
21 4
21 4
21 4
21 4
21 4
19 4
19 4
21 4
21 4
21 4
21 4
21 4
21 4
19 4
19 4
17 14
72 2
19 14
72 2
21 4
21 4
21 4
21 4
21 4
21 4
19 4
19 4
21 4
21 4
21 4
21 4
21 4
21 4
19 4
19 4
21 4
21 4
21 4
21 4
21 4
21 4
19 4
19 4
21 4
21 4
21 4
21 4
21 4
21 4
19 4
19 4
21 4
72 7
21 4
72 4
16 4
22 4
20 4
21 4
72 7
21 4
72 4
16 4
19 4
20 4
21 4
21 4
21 4
21 4
21 4
21 4
19 4
19 4
21 4
21 4
21 4
21 4
21 4
21 4
19 4
19 4
17 4
72 7
17 4
72 7
24 4
72 4
19 4
72 7
19 4
72 4
14 4
23 4
19 4
21 4
21 4
21 4
21 4
21 4
21 4
19 4
19 4
21 4
21 4
21 4
21 4
21 4
21 4
19 4
19 4
21 4
72 7
21 4
72 4
16 4
22 4
20 4
21 4
72 7
21 4
72 4
16 4
19 4
20 4
21 4
21 4
21 4
21 4
21 4
21 4
19 4
19 4
21 4
21 4
21 4
21 4
21 4
21 4
19 4
19 4
17 4
72 7
17 4
72 7
24 4
72 4
19 4
72 7
19 4
72 4
14 4
23 4
19 4
21 4
21 4
21 4
21 4
21 4
21 4
19 4
19 4
21 4
21 4
21 4
21 4
21 4
21 4
19 4
19 4
166 8
72 1
166 8
72 1
153 6
72 2
127 8
72 1
127 8
72 1
153 4
166 4
192 8
72 1
192 8
72 1
166 6
72 2
153 8
72 1
153 10
72 6
166 8
72 1
166 8
72 1
166 6
72 2
179 8
72 1
179 8
72 1
179 6
72 2
192 8
72 1
192 8
72 1
192 6
72 2
205 8
72 1
205 8
72 1
205 6
72 2
218 8
72 1
218 8
72 1
153 6
72 2
127 8
72 1
127 8
72 1
153 4
166 4
192 8
72 1
192 8
72 1
127 6
72 2
101 8
72 1
101 8
72 1
101 4
244 4
218 8
72 1
218 8
72 1
192 6
72 2
179 8
72 1
179 8
72 1
179 6
72 2
192 8
72 1
127 6
72 2
166 4
218 4
166 4
192 8
72 1
101 6
72 2
127 4
101 4
218 4
192 8
72 1
192 8
72 1
127 6
72 2
192 8
72 1
192 8
72 1
192 6
72 2
21 4
21 4
21 4
21 4
21 4
21 4
19 4
19 4
21 4
21 4
21 4
21 4
21 4
21 4
19 4
19 4
21 4
21 4
21 4
21 4
21 4
21 4
19 4
19 4
21 4
21 4
21 4
21 4
21 4
21 4
19 4
19 4
17 14
72 2
19 14
72 2
21 4
21 4
21 4
21 4
21 4
21 4
19 4
19 4
21 4
21 4
21 4
21 4
21 4
21 4
19 4
19 4
21 4
21 4
21 4
21 4
21 4
21 4
19 4
19 4
21 4
21 4
21 4
21 4
21 4
21 4
19 4
19 4
21 4
72 7
21 4
72 4
16 4
22 4
20 4
21 4
72 7
21 4
72 4
16 4
19 4
20 4
21 4
21 4
21 4
21 4
21 4
21 4
19 4
19 4
21 4
21 4
21 4
21 4
21 4
21 4
19 4
19 4
17 4
72 7
17 4
72 7
24 4
72 4
19 4
72 7
19 4
72 4
14 4
23 4
19 4
21 4
21 4
21 4
21 4
21 4
21 4
19 4
19 4
21 4
21 4
21 4
21 4
21 4
21 4
19 4
19 4
E
S
H
72 14
161 9
161 9
149 7
125 9
48 7
50 2
72 2
103 6
72 2
240 11
216 4
240 4
110 4
489 13
72 14
149 8
72 1
149 6
72 2
148 4
149 6
72 2
175 8
72 1
175 6
72 2
149 4
175 6
72 2
187 14
72 14
161 9
161 9
149 7
125 9
48 7
50 2
72 2
103 6
72 2
240 11
216 4
240 4
110 4
489 13
72 14
149 8
72 1
149 6
72 2
148 4
149 6
72 2
175 8
72 1
175 6
72 2
149 4
175 6
72 2
187 14
E
S
L
72 14
161 14
475 14
72 14
789 13
72 2
1456 13
72 2
475 13
72 2
1116 13
72 2
789 13
72 2
1456 13
72 2
475 14
72 14
161 14
475 14
72 14
789 13
72 2
1456 13
72 2
475 13
72 2
1116 13
72 2
789 13
72 2
1456 13
72 2
475 14
E
S
H
72 14
53 9
149 11
45 9
43 9
42 7
41 14
72 14
53 9
149 11
45 9
43 9
42 7
41 14
E
X
