major
S
L
244 3
72 1
153 3
72 1
244 3
72 1
153 3
72 1
231 3
72 1
218 3
72 1
192 4
140 4
153 2
179 2
192 2
72 2
153 2
179 2
192 2
72 2
153 2
179 2
192 2
72 2
192 3
72 1
140 3
72 1
244 3
72 1
153 3
72 1
244 3
72 1
153 3
72 1
231 3
72 1
218 3
72 1
192 4
140 4
153 2
179 2
192 2
72 2
153 2
179 2
192 2
72 2
153 2
179 2
192 2
72 2
192 3
72 1
140 3
72 1
244 3
72 1
153 3
72 1
244 3
72 1
153 3
72 1
231 3
72 1
218 3
72 1
192 4
140 4
153 2
179 2
192 2
72 2
153 2
179 2
192 2
72 2
153 2
179 2
192 2
72 2
192 3
72 1
140 3
72 1
244 3
72 1
153 3
72 1
244 3
72 1
153 3
72 1
231 3
72 1
218 3
72 1
192 4
140 4
153 2
179 2
192 2
72 2
153 2
179 2
192 2
72 2
153 2
179 2
192 2
72 2
192 3
72 1
140 3
72 1
153 3
72 1
192 3
72 1
179 3
72 1
140 3
72 1
153 3
72 1
153 3
72 1
231 3
72 1
140 3
72 1
153 3
72 1
231 3
72 1
192 3
72 1
140 3
72 1
153 2
179 2
192 2
72 2
179 3
72 1
140 3
72 14
4 4
72 7
4 4
72 9
4 4
8 4
72 7
8 4
72 11
9 4
72 7
9 4
72 11
11 4
72 7
11 4
11 4
12 4
72 4
13 4
13 4
72 7
13 4
20 4
72 7
20 4
18 4
72 7
18 4
13 4
72 4
21 4
13 4
11 4
72 7
11 4
72 4
11 4
72 4
11 4
11 4
72 4
11 4
72 7
11 4
72 7
16 4
72 7
11 4
72 7
16 4
72 4
20 4
72 7
15 4
72 7
23 4
72 4
21 4
72 7
21 7
21 7
21 4
72 4
18 4
72 4
15 4
72 4
11 4
72 4
8 4
13 4
72 7
13 4
72 4
13 4
11 4
72 4
6 4
72 7
6 4
72 4
6 4
8 7
11 4
72 7
11 4
72 4
11 4
72 4
11 4
72 4
11 4
72 4
11 4
72 4
11 4
72 14
342 3
72 1
342 3
72 1
342 3
72 1
342 3
72 1
342 2
511 2
826 2
72 2
656 2
72 2
185 2
72 2
342 2
511 2
826 2
72 2
342 2
511 2
826 2
72 2
342 2
511 2
826 2
72 2
656 2
72 2
1768 2
72 2
1768 3
72 1
1768 3
72 1
1768 3
72 1
1768 3
72 1
1768 2
342 2
499 2
72 2
342 2
72 2
1454 2
72 2
1768 2
342 2
499 2
72 2
1768 2
342 2
499 2
72 2
1768 2
342 2
499 2
72 2
342 2
72 2
1454 2
72 2
1768 3
72 1
1768 3
72 1
1768 3
72 1
1768 3
72 1
1768 2
342 2
499 2
72 2
342 2
72 2
1454 2
72 2
1768 2
342 2
499 2
72 2
1768 2
342 2
499 2
72 2
1768 2
342 2
499 2
72 2
342 2
72 2
1454 2
72 2
1768 3
72 1
1768 3
72 1
1768 3
72 1
1768 3
72 1
1768 2
342 2
499 2
72 2
342 2
72 2
1454 2
72 2
244 3
72 1
153 3
72 1
244 3
72 1
153 3
72 1
231 3
72 1
218 3
72 1
192 4
140 4
153 2
179 2
192 2
72 2
153 2
179 2
192 2
72 2
153 2
179 2
192 2
72 2
192 3
72 1
140 3
72 1
244 3
72 1
153 3
72 1
244 3
72 1
153 3
72 1
231 3
72 1
218 3
72 1
192 4
140 4
153 2
179 2
192 2
72 2
153 2
179 2
192 2
72 2
153 2
179 2
192 2
72 2
192 3
72 1
140 3
72 1
244 3
72 1
153 3
72 1
244 3
72 1
153 3
72 1
231 3
72 1
218 3
72 1
192 4
140 4
153 2
179 2
192 2
72 2
153 2
179 2
192 2
72 2
153 2
179 2
192 2
72 2
192 3
72 1
140 3
72 1
244 3
72 1
153 3
72 1
244 3
72 1
153 3
72 1
231 3
72 1
218 3
72 1
192 4
140 4
153 2
179 2
192 2
72 2
153 2
179 2
192 2
72 2
153 2
179 2
192 2
72 2
192 3
72 1
140 3
72 1
153 3
72 1
192 3
72 1
179 3
72 1
140 3
72 1
153 3
72 1
153 3
72 1
231 3
72 1
140 3
72 1
153 3
72 1
231 3
72 1
192 3
72 1
140 3
72 1
153 2
179 2
192 2
72 2
179 3
72 1
140 3
72 14
4 4
72 7
4 4
72 9
4 4
8 4
72 7
8 4
72 11
9 4
72 7
9 4
72 11
11 4
72 7
11 4
11 4
12 4
72 4
13 4
13 4
72 7
13 4
20 4
72 7
20 4
18 4
72 7
18 4
13 4
72 4
21 4
13 4
11 4
72 7
11 4
72 4
11 4
72 4
11 4
11 4
72 4
11 4
72 7
11 4
72 7
16 4
72 7
11 4
72 7
16 4
72 4
20 4
72 7
15 4
72 7
23 4
72 4
21 4
72 7
21 7
21 7
21 4
72 4
18 4
72 4
15 4
72 4
11 4
72 4
8 4
13 4
72 7
13 4
72 4
13 4
11 4
72 4
6 4
72 7
6 4
72 4
6 4
8 7
11 4
72 7
11 4
72 4
11 4
72 4
11 4
72 4
11 4
72 4
11 4
72 4
11 4
72 14
342 3
72 1
342 3
72 1
342 3
72 1
342 3
72 1
342 2
511 2
826 2
72 2
656 2
72 2
185 2
72 2
342 2
511 2
826 2
72 2
342 2
511 2
826 2
72 2
342 2
511 2
826 2
72 2
656 2
72 2
1768 2
72 2
1768 3
72 1
1768 3
72 1
1768 3
72 1
1768 3
72 1
1768 2
342 2
499 2
72 2
342 2
72 2
1454 2
72 2
1768 2
342 2
499 2
72 2
1768 2
342 2
499 2
72 2
1768 2
342 2
499 2
72 2
342 2
72 2
1454 2
72 2
1768 3
72 1
1768 3
72 1
1768 3
72 1
1768 3
72 1
1768 2
342 2
499 2
72 2
342 2
72 2
1454 2
72 2
1768 2
342 2
499 2
72 2
1768 2
342 2
499 2
72 2
1768 2
342 2
499 2
72 2
342 2
72 2
1454 2
72 2
1768 3
72 1
1768 3
72 1
1768 3
72 1
1768 3
72 1
1768 2
342 2
499 2
72 2
342 2
72 2
1454 2
72 4
E
S
H
72 13
153 2
140 2
153 2
72 2
40 6
72 2
41 6
72 2
40 6
72 2
153 11
153 13
192 11
179 9
166 2
153 2
140 13
72 14
23 7
27 4
72 9
27 4
72 9
27 4
72 4
30 11
44 2
45 2
44 2
42 2
40 9
35 6
72 2
35 4
40 3
72 1
44 3
72 1
47 11
72 4
44 4
47 4
49 4
51 7
52 4
49 4
72 4
47 4
49 4
47 7
45 4
72 4
44 4
72 4
42 4
72 4
40 11
354 2
72 2
523 2
72 2
536 2
72 2
693 7
72 9
354 2
72 2
523 2
72 2
536 2
72 2
693 4
72 7
668 4
693 7
983 4
72 4
1454 4
72 4
1454 4
1309 4
72 4
813 4
1103 4
72 6
37 0
39 0
72 2
40 7
39 4
40 4
35 11
33 4
32 2
33 2
30 4
632 4
789 4
72 4
1103 9
47 4
49 4
51 7
52 4
56 4
72 4
54 4
72 4
51 4
72 4
52 4
72 4
44 7
42 7
40 7
49 11
44 11
40 11
213 11
35 11
237 13
45 11
114 7
140 4
153 4
114 7
140 4
244 12
72 7
218 7
244 4
114 4
218 7
244 3
231 0
72 1
218 4
205 4
192 4
205 4
244 11
342 7
644 4
813 4
342 7
668 4
983 7
813 4
72 4
577 11
1297 4
1768 4
1297 4
813 4
72 4
1768 4
1273 2
789 2
342 4
1309 2
1152 2
1309 2
72 6
1768 4
72 4
1442 11
72 2
1273 2
72 9
1128 2
72 2
1273 2
72 14
153 2
140 2
153 2
72 2
40 6
72 2
41 6
72 2
40 6
72 2
153 11
153 13
192 11
179 9
166 2
153 2
140 13
72 14
23 7
27 4
72 9
27 4
72 9
27 4
72 4
30 11
44 2
45 2
44 2
42 2
40 9
35 6
72 2
35 4
40 3
72 1
44 3
72 1
47 11
72 4
44 4
47 4
49 4
51 7
52 4
49 4
72 4
47 4
49 4
47 7
45 4
72 4
44 4
72 4
42 4
72 4
40 11
354 2
72 2
523 2
72 2
536 2
72 2
693 7
72 9
354 2
72 2
523 2
72 2
536 2
72 2
693 4
72 7
668 4
693 7
983 4
72 4
1454 4
72 4
1454 4
1309 4
72 4
813 4
1103 4
72 6
37 0
39 0
72 2
40 7
39 4
40 4
35 11
33 4
32 2
33 2
30 4
632 4
789 4
72 4
1103 9
47 4
49 4
51 7
52 4
56 4
72 4
54 4
72 4
51 4
72 4
52 4
72 4
44 7
42 7
40 7
49 11
44 11
40 11
213 11
35 11
237 13
45 11
114 7
140 4
153 4
114 7
140 4
244 12
72 7
218 7
244 4
114 4
218 7
244 3
231 0
72 1
218 4
205 4
192 4
205 4
244 11
342 7
644 4
813 4
342 7
668 4
983 7
813 4
72 4
577 11
1297 4
1768 4
1297 4
813 4
72 4
1768 4
1273 2
789 2
342 4
1309 2
1152 2
1309 2
72 6
1768 4
72 4
1442 11
72 2
1273 2
72 9
1128 2
72 2
1273 2
72 14
E
S
H
72 14
56 2
57 2
56 2
54 2
52 9
47 6
72 2
47 4
52 3
72 1
56 3
72 1
59 11
72 4
56 4
59 4
61 4
63 7
64 4
61 4
72 4
59 4
61 4
59 7
57 4
72 4
56 4
72 4
54 4
72 4
52 11
244 11
218 13
244 11
218 7
179 7
140 7
244 7
153 11
72 14
56 2
57 2
56 2
54 2
52 9
47 6
72 2
47 4
52 3
72 1
56 3
72 1
59 11
72 4
56 4
59 4
61 4
63 7
64 4
61 4
72 4
59 4
61 4
59 7
57 4
72 4
56 4
72 4
54 4
72 4
52 11
244 11
218 13
244 11
218 7
179 7
140 7
244 7
153 11
72 14
E
S
L
16 4
72 12
16 4
72 12
16 4
72 12
16 4
72 12
16 4
72 12
16 4
72 12
16 4
72 12
16 4
72 12
16 4
72 12
16 4
72 12
23 4
72 9
23 4
72 9
23 4
72 7
16 4
72 14
16 4
72 12
16 4
72 12
16 4
72 12
16 4
72 12
16 4
72 12
16 4
72 12
16 4
72 9
16 4
72 9
16 4
72 12
16 4
72 12
16 4
72 12
16 4
72 12
16 4
72 12
16 4
72 12
16 4
72 12
16 4
72 12
16 4
72 12
16 4
72 12
23 4
72 9
23 4
72 9
23 4
72 7
16 4
72 14
16 4
72 12
16 4
72 12
16 4
72 12
16 4
72 12
16 4
72 12
16 4
72 12
16 4
72 9
16 4
72 10
E
S
H
72 14
56 7
54 7
52 7
51 4
52 4
72 4
54 4
72 4
64 0
72 2
149 0
72 2
149 0
72 2
149 0
72 2
149 0
72 2
149 0
72 2
60 0
72 7
57 4
72 4
56 4
72 4
54 4
72 4
54 4
72 12
68 0
72 2
201 0
72 2
201 0
72 2
201 0
72 2
201 0
72 2
201 0
72 2
64 0
72 4
64 0
72 2
160 0
72 2
160 0
72 2
160 0
72 2
160 0
72 2
160 0
72 2
71 0
72 4
69 0
72 2
213 0
72 2
213 0
72 2
213 0
72 2
213 0
72 2
213 0
72 2
213 0
72 2
213 0
72 2
213 0
72 2
213 0
72 2
213 0
72 2
213 0
72 2
213 0
72 2
213 0
72 2
213 0
72 2
213 0
72 2
64 0
72 14
57 4
56 2
57 2
54 4
200 4
213 4
72 4
239 9
72 14
56 7
54 7
52 7
72 9
49 4
50 4
51 4
52 11
49 4
50 4
51 4
52 9
51 4
52 4
54 7
56 7
52 4
51 4
47 4
52 4
51 4
47 4
60 7
72 14
68 0
67 0
72 2
65 0
72 0
63 0
72 1
62 0
72 1
60 0
72 0
71 0
68 0
72 2
67 0
65 0
72 2
63 0
72 0
62 0
72 1
60 0
72 1
59 0
72 0
56 0
55 0
72 14
56 7
54 7
52 7
51 4
52 4
72 4
54 4
72 4
64 0
72 2
149 0
72 2
149 0
72 2
149 0
72 2
149 0
72 2
149 0
72 2
60 0
72 7
57 4
72 4
56 4
72 4
54 4
72 4
54 4
72 12
68 0
72 2
201 0
72 2
201 0
72 2
201 0
72 2
201 0
72 2
201 0
72 2
64 0
72 4
64 0
72 2
160 0
72 2
160 0
72 2
160 0
72 2
160 0
72 2
160 0
72 2
71 0
72 4
69 0
72 2
213 0
72 2
213 0
72 2
213 0
72 2
213 0
72 2
213 0
72 2
213 0
72 2
213 0
72 2
213 0
72 2
213 0
72 2
213 0
72 2
213 0
72 2
213 0
72 2
213 0
72 2
213 0
72 2
213 0
72 2
64 0
72 14
57 4
56 2
57 2
54 4
200 4
213 4
72 4
239 9
72 14
56 7
54 7
52 7
72 9
49 4
50 4
51 4
52 11
49 4
50 4
51 4
52 9
51 4
52 4
54 7
56 7
52 4
51 4
47 4
52 4
51 4
47 4
60 7
72 14
68 0
67 0
72 2
65 0
72 0
63 0
72 1
62 0
72 1
60 0
72 0
71 0
68 0
72 2
67 0
65 0
72 2
63 0
72 0
62 0
72 1
60 0
72 1
59 0
72 0
56 0
55 0
72 14
E
S
H
72 14
205 4
72 4
179 4
72 4
153 4
72 4
140 4
153 4
72 4
179 7
72 11
218 4
72 4
205 4
72 4
179 4
72 4
179 4
218 4
72 4
205 4
72 4
179 4
72 7
153 7
72 14
57 4
56 2
57 2
54 4
200 4
213 4
72 4
239 9
72 14
56 7
54 7
52 7
72 9
49 4
50 4
51 4
52 11
49 4
50 4
51 4
52 9
51 4
52 4
54 7
56 7
52 4
51 4
47 4
52 4
51 4
47 4
60 7
72 14
205 4
72 4
179 4
72 4
153 4
72 4
140 4
153 4
72 4
179 7
72 11
218 4
72 4
205 4
72 4
179 4
72 4
179 4
218 4
72 4
205 4
72 4
179 4
72 7
153 7
72 14
57 4
56 2
57 2
54 4
200 4
213 4
72 4
239 9
72 14
56 7
54 7
52 7
72 9
49 4
50 4
51 4
52 11
49 4
50 4
51 4
52 9
51 4
52 4
54 7
56 7
52 4
51 4
47 4
52 4
51 4
47 4
60 7
72 14
E
S
L
72 14
32 4
72 13
244 9
218 9
218 4
72 4
218 4
244 4
218 4
244 4
218 4
244 4
205 4
244 4
101 4
72 4
114 9
218 4
72 9
244 4
114 4
179 4
205 4
218 4
72 2
179 2
114 2
72 10
244 11
218 7
179 7
140 7
244 7
160 4
237 4
72 11
205 4
72 4
179 4
72 4
153 4
72 4
140 4
153 4
72 4
179 9
244 6
72 2
218 11
244 4
218 4
72 4
218 2
244 2
205 2
72 2
1732 7
72 4
1732 4
137 4
72 4
294 11
49 11
44 11
40 11
213 11
35 11
237 13
45 11
72 14
693 7
72 4
536 4
72 4
354 4
72 7
197 4
1309 4
72 13
789 7
632 7
318 4
632 9
72 14
789 7
72 7
789 7
342 4
838 7
342 7
838 7
72 13
342 4
838 7
342 7
838 7
72 14
1140 4
983 8
72 14
32 4
72 13
244 9
218 9
218 4
72 4
218 4
244 4
218 4
244 4
218 4
244 4
205 4
244 4
101 4
72 4
114 9
218 4
72 9
244 4
114 4
179 4
205 4
218 4
72 2
179 2
114 2
72 10
244 11
218 7
179 7
140 7
244 7
160 4
237 4
72 11
205 4
72 4
179 4
72 4
153 4
72 4
140 4
153 4
72 4
179 9
244 6
72 2
218 11
244 4
218 4
72 4
218 2
244 2
205 2
72 2
1732 7
72 4
1732 4
137 4
72 4
294 11
49 11
44 11
40 11
213 11
35 11
237 13
45 11
72 14
693 7
72 4
536 4
72 4
354 4
72 7
197 4
1309 4
72 13
789 7
632 7
318 4
632 9
72 14
789 7
72 7
789 7
342 4
838 7
342 7
838 7
72 13
342 4
838 7
342 7
838 7
72 14
1140 4
983 8
72 14
E
S
H
72 14
342 0
72 2
342 0
72 2
342 2
72 2
342 0
72 2
342 0
72 2
342 2
342 2
342 0
72 2
342 0
72 2
342 2
72 2
342 0
72 2
342 0
72 2
197 2
197 2
197 0
72 2
197 0
72 2
197 2
72 2
197 0
72 2
197 0
72 2
197 2
197 2
197 0
72 2
197 0
72 2
197 2
72 2
197 0
72 2
197 0
72 2
197 2
197 2
342 0
72 2
342 0
72 2
342 2
72 2
342 0
72 2
342 0
72 2
342 2
342 2
342 0
72 2
342 0
72 2
342 2
72 2
342 0
72 2
342 0
72 2
342 2
342 2
342 0
72 2
342 0
72 2
342 2
72 2
342 0
72 2
342 0
72 2
342 2
342 2
342 0
72 2
342 0
72 2
342 2
72 2
342 0
72 2
342 0
72 2
342 2
342 2
342 0
72 2
342 0
72 2
342 2
72 2
342 0
72 2
342 0
72 2
342 2
342 2
342 0
72 2
342 0
72 2
342 2
72 2
342 0
72 2
342 0
72 2
342 2
342 2
342 0
72 2
342 0
72 2
342 2
72 2
342 0
72 2
342 0
72 2
342 2
342 2
342 0
72 2
342 0
72 2
342 2
72 2
342 0
72 2
342 0
72 2
342 2
342 2
342 0
72 2
342 0
72 2
342 2
72 2
342 0
72 2
342 0
72 2
342 2
342 2
342 0
72 2
342 0
72 2
342 2
72 2
342 0
72 2
342 0
72 2
342 2
342 2
342 0
72 2
342 0
72 2
342 2
72 2
342 0
72 2
342 0
72 2
342 2
342 2
342 0
72 2
342 0
72 2
342 2
72 2
342 0
72 2
342 0
72 2
342 2
342 2
342 0
72 2
342 0
72 2
342 2
72 2
342 0
72 2
342 0
72 2
342 2
342 2
342 0
72 2
342 0
72 2
342 2
72 2
342 0
72 2
342 0
72 2
342 2
342 2
342 0
72 2
342 0
72 2
342 2
72 2
342 0
72 2
342 0
72 2
342 2
342 2
342 0
72 2
342 0
72 2
342 2
72 2
342 0
72 2
342 0
72 2
342 2
342 2
1128 0
72 2
1128 0
72 2
1128 2
72 2
1128 0
72 2
1128 0
72 2
1128 2
1128 2
1128 0
72 2
1128 0
72 2
1128 2
72 2
1128 0
72 2
1128 0
72 2
1128 2
1128 2
72 4
342 2
72 8
318 2
72 2
632 7
72 14
342 0
72 2
342 0
72 2
342 2
72 2
342 0
72 2
342 0
72 2
342 2
342 2
342 0
72 2
342 0
72 2
342 2
72 2
342 0
72 2
342 0
72 2
197 2
197 2
197 0
72 2
197 0
72 2
197 2
72 2
197 0
72 2
197 0
72 2
197 2
197 2
197 0
72 2
197 0
72 2
197 2
72 2
197 0
72 2
197 0
72 2
197 2
197 2
342 0
72 2
342 0
72 2
342 2
72 2
342 0
72 2
342 0
72 2
342 2
342 2
342 0
72 2
342 0
72 2
342 2
72 2
342 0
72 2
342 0
72 2
342 2
342 2
342 0
72 2
342 0
72 2
342 2
72 2
342 0
72 2
342 0
72 2
342 2
342 2
342 0
72 2
342 0
72 2
342 2
72 2
342 0
72 2
342 0
72 2
342 2
342 2
342 0
72 2
342 0
72 2
342 2
72 2
342 0
72 2
342 0
72 2
342 2
342 2
342 0
72 2
342 0
72 2
342 2
72 2
342 0
72 2
342 0
72 2
342 2
342 2
342 0
72 2
342 0
72 2
342 2
72 2
342 0
72 2
342 0
72 2
342 2
342 2
342 0
72 2
342 0
72 2
342 2
72 2
342 0
72 2
342 0
72 2
342 2
342 2
342 0
72 2
342 0
72 2
342 2
72 2
342 0
72 2
342 0
72 2
342 2
342 2
342 0
72 2
342 0
72 2
342 2
72 2
342 0
72 2
342 0
72 2
342 2
342 2
342 0
72 2
342 0
72 2
342 2
72 2
342 0
72 2
342 0
72 2
342 2
342 2
342 0
72 2
342 0
72 2
342 2
72 2
342 0
72 2
342 0
72 2
342 2
342 2
342 0
72 2
342 0
72 2
342 2
72 2
342 0
72 2
342 0
72 2
342 2
342 2
342 0
72 2
342 0
72 2
342 2
72 2
342 0
72 2
342 0
72 2
342 2
342 2
342 0
72 2
342 0
72 2
342 2
72 2
342 0
72 2
342 0
72 2
342 2
342 2
342 0
72 2
342 0
72 2
342 2
72 2
342 0
72 2
342 0
72 2
342 2
342 2
1128 0
72 2
1128 0
72 2
1128 2
72 2
1128 0
72 2
1128 0
72 2
1128 2
1128 2
1128 0
72 2
1128 0
72 2
1128 2
72 2
1128 0
72 2
1128 0
72 2
1128 2
1128 2
72 4
342 2
72 8
318 2
72 2
632 7
72 14
E
X
