major
S
H
40 2
42 2
44 2
72 4
44 2
72 2
45 2
47 11
E
S
H
153 2
179 2
205 2
72 4
205 2
72 2
218 2
244 11
72 14
64 0
72 0
69 0
61 0
72 1
64 9
66 11
62 10
61 12
72 14
64 11
72 11
71 11
69 11
72 14
64 0
72 0
69 0
61 0
72 1
64 9
66 11
62 10
61 12
72 14
153 11
153 4
179 2
114 6
127 7
153 7
179 7
205 7
218 13
72 14
64 0
72 0
69 0
61 0
72 1
64 9
66 11
62 10
61 12
72 14
64 11
72 11
71 11
69 11
72 14
64 0
72 0
69 0
61 0
72 1
64 9
66 11
62 10
61 12
72 14
153 11
153 4
179 2
114 6
127 7
153 7
179 7
205 7
218 13
E
S
L
40 2
42 2
44 2
72 4
44 2
72 2
45 2
47 11
72 14
258 3
72 9
1828 3
72 11
1828 6
1514 4
72 14
258 3
72 9
1828 3
72 11
1828 6
1514 4
72 14
127 7
153 7
179 7
205 7
218 13
72 14
258 3
72 9
1828 3
72 11
1828 6
1514 4
72 14
258 3
72 9
1828 3
72 11
1828 6
1514 4
72 14
127 7
153 7
179 7
205 7
218 13
E
S
H
153 2
179 2
205 2
72 4
205 2
72 2
218 2
244 11
E
S
H
72 12
55 14
72 14
55 14
E
S
H
72 12
55 14
72 14
127 7
153 7
179 7
205 7
218 13
72 9
55 14
72 14
127 7
153 7
179 7
205 7
218 13
E
S
H
72 14
218 2
114 2
153 2
153 2
72 2
153 2
72 2
153 2
72 2
153 2
72 2
153 2
72 2
153 2
127 2
72 2
114 2
72 2
127 5
72 0
244 2
72 11
205 2
244 2
127 2
127 2
72 2
127 2
72 2
127 2
72 2
127 2
72 2
127 2
72 2
127 2
114 2
72 2
244 2
72 2
114 5
72 0
153 2
72 11
218 2
114 2
153 2
153 2
72 2
153 2
72 2
153 2
72 2
153 2
72 2
153 2
72 2
153 2
127 2
72 2
114 2
72 2
127 5
72 0
179 2
72 8
179 2
72 2
179 2
153 2
72 2
127 2
72 2
114 2
72 2
153 2
72 2
127 2
114 2
72 2
244 2
72 2
244 2
127 2
72 2
114 2
72 2
244 2
72 2
244 2
244 2
244 2
218 2
72 11
218 2
114 2
153 2
153 2
72 2
153 2
72 2
153 2
72 2
153 2
72 2
153 2
72 2
153 2
127 2
72 2
114 2
72 2
127 5
72 0
244 2
72 11
205 2
244 2
127 2
127 2
72 2
127 2
72 2
127 2
72 2
127 2
72 2
127 2
72 2
127 2
114 2
72 2
244 2
72 2
114 5
72 0
153 2
72 11
218 2
114 2
153 2
153 2
72 2
153 2
72 2
153 2
72 2
153 2
72 2
153 2
72 2
153 2
127 2
72 2
114 2
72 2
127 5
72 0
179 2
72 8
218 2
72 2
218 2
205 2
72 2
179 2
72 2
693 2
72 2
1454 2
72 2
1285 2
983 2
72 2
813 2
72 2
813 2
127 2
72 2
114 2
72 2
244 2
72 2
244 2
244 2
244 2
218 2
72 2
218 2
72 2
218 2
218 2
72 10
1043 11
1514 6
1357 2
72 2
1514 2
72 2
729 11
1514 6
1357 2
72 2
1514 2
72 2
415 9
258 4
415 4
729 2
1043 2
72 2
1357 2
72 2
1514 4
72 2
729 11
1514 4
258 2
72 2
729 2
1043 12
1828 4
1828 2
72 2
1357 2
72 2
729 4
72 2
1514 4
72 2
258 4
72 4
258 4
101 4
258 4
415 7
1043 7
1514 7
1357 7
1514 11
1514 6
1357 2
72 2
1514 2
72 2
1043 11
1514 6
1357 2
72 2
1514 2
72 2
729 11
1514 6
1357 2
72 2
1514 2
72 2
415 9
258 4
415 4
729 2
1043 2
72 2
1357 2
72 2
1514 4
72 2
729 11
1514 4
258 2
72 2
729 2
1043 12
1828 4
1828 2
72 2
1357 2
72 2
729 4
72 2
1514 4
72 2
258 4
72 4
258 4
101 4
258 4
415 7
1043 7
1514 7
1357 7
729 11
729 4
1043 2
258 6
415 7
729 7
1043 7
1357 7
1514 13
72 14
218 2
114 2
153 2
153 2
72 2
153 2
72 2
153 2
72 2
153 2
72 2
153 2
72 2
153 2
127 2
72 2
114 2
72 2
127 5
72 0
244 2
72 11
205 2
244 2
127 2
127 2
72 2
127 2
72 2
127 2
72 2
127 2
72 2
127 2
72 2
127 2
114 2
72 2
244 2
72 2
114 5
72 0
153 2
72 11
218 2
114 2
153 2
153 2
72 2
153 2
72 2
153 2
72 2
153 2
72 2
153 2
72 2
153 2
127 2
72 2
114 2
72 2
127 5
72 0
179 2
72 8
179 2
72 2
179 2
153 2
72 2
127 2
72 2
114 2
72 2
153 2
72 2
127 2
114 2
72 2
244 2
72 2
244 2
127 2
72 2
114 2
72 2
244 2
72 2
244 2
244 2
244 2
218 2
72 11
218 2
114 2
153 2
153 2
72 2
153 2
72 2
153 2
72 2
153 2
72 2
153 2
72 2
153 2
127 2
72 2
114 2
72 2
127 5
72 0
244 2
72 11
205 2
244 2
127 2
127 2
72 2
127 2
72 2
127 2
72 2
127 2
72 2
127 2
72 2
127 2
114 2
72 2
244 2
72 2
114 5
72 0
153 2
72 11
218 2
114 2
153 2
153 2
72 2
153 2
72 2
153 2
72 2
153 2
72 2
153 2
72 2
153 2
127 2
72 2
114 2
72 2
127 5
72 0
179 2
72 8
218 2
72 2
218 2
205 2
72 2
179 2
72 2
693 2
72 2
1454 2
72 2
1285 2
983 2
72 2
813 2
72 2
813 2
127 2
72 2
114 2
72 2
244 2
72 2
244 2
244 2
244 2
218 2
72 2
218 2
72 2
218 2
218 2
72 10
1043 11
1514 6
1357 2
72 2
1514 2
72 2
729 11
1514 6
1357 2
72 2
1514 2
72 2
415 9
258 4
415 4
729 2
1043 2
72 2
1357 2
72 2
1514 4
72 2
729 11
1514 4
258 2
72 2
729 2
1043 12
1828 4
1828 2
72 2
1357 2
72 2
729 4
72 2
1514 4
72 2
258 4
72 4
258 4
101 4
258 4
415 7
1043 7
1514 7
1357 7
1514 11
1514 6
1357 2
72 2
1514 2
72 2
1043 11
1514 6
1357 2
72 2
1514 2
72 2
729 11
1514 6
1357 2
72 2
1514 2
72 2
415 9
258 4
415 4
729 2
1043 2
72 2
1357 2
72 2
1514 4
72 2
729 11
1514 4
258 2
72 2
729 2
1043 12
1828 4
1828 2
72 2
1357 2
72 2
729 4
72 2
1514 4
72 2
258 4
72 4
258 4
101 4
258 4
415 7
1043 7
1514 7
1357 7
729 11
729 4
1043 2
258 6
415 7
729 7
1043 7
1357 7
1514 13
E
S
L
72 13
21 0
72 2
21 0
72 2
213 2
21 0
72 2
21 0
72 2
213 2
21 0
72 2
21 0
72 2
213 2
21 0
72 2
21 0
72 2
213 2
21 0
72 2
21 0
72 2
213 2
213 2
21 0
72 2
21 0
72 2
213 2
21 0
72 2
21 0
72 2
213 2
21 0
72 2
21 0
72 2
213 2
21 0
72 2
21 0
72 2
213 2
21 0
72 2
21 0
72 2
213 2
213 2
21 0
72 2
21 0
72 2
213 2
21 0
72 2
21 0
72 2
213 2
21 0
72 2
21 0
72 2
213 2
21 0
72 2
21 0
72 2
213 2
21 0
72 2
21 0
72 2
213 2
72 2
20 0
72 2
20 0
72 2
201 2
20 0
72 2
20 0
72 2
201 2
20 0
72 2
20 0
72 2
201 2
20 0
72 2
20 0
72 2
201 2
20 0
72 2
20 0
72 2
201 2
201 2
20 0
72 2
20 0
72 2
201 2
20 0
72 2
20 0
72 2
201 2
20 0
72 2
20 0
72 2
201 2
20 0
72 2
20 0
72 2
201 2
20 0
72 2
20 0
72 2
201 2
20 0
72 2
21 0
72 2
21 0
72 2
213 2
21 0
72 2
21 0
72 2
213 2
21 0
72 2
21 0
72 2
213 2
21 0
72 2
21 0
72 2
213 2
21 0
72 2
21 0
72 2
213 2
72 2
21 0
72 2
21 0
72 2
213 2
21 0
72 2
21 0
72 2
213 2
21 0
72 2
21 0
72 2
213 2
21 0
72 2
21 0
72 2
213 2
21 0
72 2
21 0
72 2
213 2
72 2
18 0
72 2
18 0
72 2
175 2
18 0
72 2
18 0
72 2
175 2
18 0
72 2
18 0
72 2
175 2
18 0
72 2
18 0
72 2
175 2
18 0
72 2
18 0
72 2
175 2
72 14
21 0
72 2
21 0
72 2
213 2
21 0
72 2
21 0
72 2
213 2
21 0
72 2
21 0
72 2
213 2
21 0
72 2
21 0
72 2
213 2
21 0
72 2
21 0
72 2
213 2
72 2
20 0
72 2
20 0
72 2
201 2
20 0
72 2
20 0
72 2
201 2
20 0
72 2
20 0
72 2
201 2
20 0
72 2
20 0
72 2
201 2
20 0
72 2
20 0
72 2
201 2
201 2
20 0
72 2
20 0
72 2
201 2
20 0
72 2
20 0
72 2
201 2
20 0
72 2
20 0
72 2
201 2
20 0
72 2
20 0
72 2
201 2
20 0
72 2
20 0
72 2
201 2
20 0
72 2
21 0
72 2
21 0
72 2
213 2
21 0
72 2
21 0
72 2
213 2
21 0
72 2
21 0
72 2
213 2
21 0
72 2
21 0
72 2
213 2
21 0
72 2
21 0
72 2
213 2
72 2
21 0
72 2
21 0
72 2
213 2
21 0
72 2
21 0
72 2
213 2
21 0
72 2
21 0
72 2
213 2
21 0
72 2
21 0
72 2
213 2
21 0
72 2
21 0
72 2
213 2
72 2
18 0
72 2
18 0
72 2
175 2
18 0
72 2
18 0
72 2
175 2
18 0
72 2
18 0
72 2
175 2
18 0
72 2
18 0
72 2
175 2
18 0
72 2
18 0
72 2
175 2
72 14
21 0
72 2
21 0
72 2
213 2
21 0
72 2
21 0
72 2
213 2
21 0
72 2
21 0
72 2
213 2
21 0
72 2
21 0
72 2
213 2
21 0
72 2
21 0
72 2
213 2
213 2
21 0
72 2
21 0
72 2
213 2
21 0
72 2
21 0
72 2
213 2
21 0
72 2
21 0
72 2
213 2
21 0
72 2
21 0
72 2
213 2
21 0
72 2
21 0
72 2
213 2
213 2
21 0
72 2
21 0
72 2
213 2
21 0
72 2
21 0
72 2
213 2
21 0
72 2
21 0
72 2
213 2
21 0
72 2
21 0
72 2
213 2
21 0
72 2
21 0
72 2
213 2
72 2
20 0
72 2
20 0
72 2
201 2
20 0
72 2
20 0
72 2
201 2
20 0
72 2
20 0
72 2
201 2
20 0
72 2
20 0
72 2
201 2
20 0
72 2
20 0
72 2
201 2
201 2
20 0
72 2
20 0
72 2
201 2
20 0
72 2
20 0
72 2
201 2
20 0
72 2
20 0
72 2
201 2
20 0
72 2
20 0
72 2
201 2
20 0
72 2
20 0
72 2
201 2
20 0
72 2
21 0
72 2
21 0
72 2
213 2
21 0
72 2
21 0
72 2
213 2
21 0
72 2
21 0
72 2
213 2
21 0
72 2
21 0
72 2
213 2
21 0
72 2
21 0
72 2
213 2
72 2
21 0
72 2
21 0
72 2
213 2
21 0
72 2
21 0
72 2
213 2
21 0
72 2
21 0
72 2
213 2
21 0
72 2
21 0
72 2
213 2
21 0
72 2
21 0
72 2
213 2
72 2
18 0
72 2
18 0
72 2
175 2
18 0
72 2
18 0
72 2
175 2
18 0
72 2
18 0
72 2
175 2
18 0
72 2
18 0
72 2
175 2
18 0
72 2
18 0
72 2
175 2
72 14
21 0
72 2
21 0
72 2
213 2
21 0
72 2
21 0
72 2
213 2
21 0
72 2
21 0
72 2
213 2
21 0
72 2
21 0
72 2
213 2
21 0
72 2
21 0
72 2
213 2
72 2
20 0
72 2
20 0
72 2
201 2
20 0
72 2
20 0
72 2
201 2
20 0
72 2
20 0
72 2
201 2
20 0
72 2
20 0
72 2
201 2
20 0
72 2
20 0
72 2
201 2
201 2
20 0
72 2
20 0
72 2
201 2
20 0
72 2
20 0
72 2
201 2
20 0
72 2
20 0
72 2
201 2
20 0
72 2
20 0
72 2
201 2
20 0
72 2
20 0
72 2
201 2
20 0
72 2
21 0
72 2
21 0
72 2
213 2
21 0
72 2
21 0
72 2
213 2
21 0
72 2
21 0
72 2
213 2
21 0
72 2
21 0
72 2
213 2
21 0
72 2
21 0
72 2
213 2
72 2
21 0
72 2
21 0
72 2
213 2
21 0
72 2
21 0
72 2
213 2
21 0
72 2
21 0
72 2
213 2
21 0
72 2
21 0
72 2
213 2
21 0
72 2
21 0
72 2
213 2
72 2
18 0
72 2
18 0
72 2
175 2
18 0
72 2
18 0
72 2
175 2
18 0
72 2
18 0
72 2
175 2
18 0
72 2
18 0
72 2
175 2
18 0
72 2
18 0
72 2
175 2
E
S
H
72 14
244 0
72 2
244 0
72 2
244 0
72 2
218 0
72 4
218 0
72 4
218 0
72 2
218 0
72 14
244 0
72 2
244 0
72 2
244 0
72 2
218 0
72 4
218 0
72 4
218 0
72 2
218 0
72 14
218 0
72 2
218 0
72 4
218 0
72 4
218 0
72 4
218 0
72 2
218 0
72 13
38 0
72 0
45 0
72 2
50 0
45 0
72 2
50 0
45 0
72 0
50 0
45 0
72 1
50 0
45 0
72 1
50 0
72 0
45 0
50 0
72 2
45 0
50 0
45 0
72 2
50 0
45 0
72 0
50 0
45 0
72 1
50 0
45 0
72 1
50 0
72 0
45 0
50 0
72 2
45 0
49 0
45 0
72 2
49 0
45 0
72 0
49 0
45 0
72 1
49 0
45 0
72 1
49 0
72 0
45 0
49 0
72 2
45 0
49 0
45 0
72 2
49 0
45 0
72 13
35 0
72 0
42 0
72 2
50 0
45 0
72 2
50 0
45 0
72 0
50 0
45 0
72 1
50 0
45 0
72 1
50 0
72 0
45 0
50 0
72 2
45 0
50 0
45 0
72 2
50 0
45 0
72 0
50 0
45 0
72 1
50 0
45 0
72 1
50 0
72 0
45 0
50 0
72 2
45 0
49 0
45 0
72 2
49 0
45 0
72 0
49 0
45 0
72 1
49 0
45 0
72 1
49 0
72 0
45 0
49 0
72 2
45 0
49 0
45 0
72 2
49 0
45 0
72 0
49 0
72 13
38 0
72 0
45 0
72 2
50 0
45 0
72 2
50 0
45 0
72 0
50 0
45 0
72 1
50 0
45 0
72 1
50 0
72 0
45 0
50 0
72 2
45 0
50 0
45 0
72 2
50 0
45 0
72 0
50 0
45 0
72 1
50 0
45 0
72 1
50 0
72 0
45 0
50 0
72 2
45 0
49 0
45 0
72 2
49 0
45 0
72 0
49 0
45 0
72 1
49 0
45 0
72 1
49 0
72 0
45 0
49 0
72 2
45 0
49 0
45 0
72 2
49 0
45 0
72 13
38 0
72 0
45 0
72 2
50 0
45 0
72 2
50 0
45 0
72 0
50 0
45 0
72 1
50 0
45 0
72 1
50 0
72 0
45 0
50 0
72 2
45 0
50 0
45 0
72 2
50 0
45 0
72 0
50 0
45 0
72 1
50 0
45 0
72 1
50 0
72 0
45 0
50 0
72 2
45 0
49 0
45 0
72 2
49 0
45 0
72 0
49 0
45 0
72 1
49 0
45 0
72 1
49 0
72 0
45 0
49 0
72 2
45 0
49 0
45 0
72 2
49 0
45 0
72 12
43 0
38 0
72 2
43 0
72 0
38 0
72 1
43 0
72 1
38 0
72 0
43 0
38 0
72 2
45 0
40 0
72 2
45 0
72 0
40 0
72 1
45 0
72 1
40 0
72 0
45 0
40 0
72 2
47 0
42 0
72 2
47 0
72 0
42 0
72 1
47 0
72 1
42 0
72 0
47 0
42 0
72 2
49 0
44 0
72 2
49 0
72 0
44 0
72 1
49 0
72 1
44 0
72 0
49 0
44 0
72 2
218 0
72 2
218 0
72 2
218 0
72 9
218 0
72 2
218 0
72 2
218 0
72 9
218 0
72 2
218 0
72 2
218 0
72 6
218 0
72 4
218 0
72 2
218 0
72 14
244 0
72 2
244 0
72 2
244 0
72 2
218 0
72 4
218 0
72 4
218 0
72 2
218 0
72 14
244 0
72 2
244 0
72 2
244 0
72 2
218 0
72 4
218 0
72 4
218 0
72 2
218 0
72 14
218 0
72 2
218 0
72 4
218 0
72 4
218 0
72 4
218 0
72 2
218 0
72 13
38 0
72 0
45 0
72 2
50 0
45 0
72 2
50 0
45 0
72 0
50 0
45 0
72 1
50 0
45 0
72 1
50 0
72 0
45 0
50 0
72 2
45 0
50 0
45 0
72 2
50 0
45 0
72 0
50 0
45 0
72 1
50 0
45 0
72 1
50 0
72 0
45 0
50 0
72 2
45 0
49 0
45 0
72 2
49 0
45 0
72 0
49 0
45 0
72 1
49 0
45 0
72 1
49 0
72 0
45 0
49 0
72 2
45 0
49 0
45 0
72 2
49 0
45 0
72 13
35 0
72 0
42 0
72 2
50 0
45 0
72 2
50 0
45 0
72 0
50 0
45 0
72 1
50 0
45 0
72 1
50 0
72 0
45 0
50 0
72 2
45 0
50 0
45 0
72 2
50 0
45 0
72 0
50 0
45 0
72 1
50 0
45 0
72 1
50 0
72 0
45 0
50 0
72 2
45 0
49 0
45 0
72 2
49 0
45 0
72 0
49 0
45 0
72 1
49 0
45 0
72 1
49 0
72 0
45 0
49 0
72 2
45 0
49 0
45 0
72 2
49 0
45 0
72 0
49 0
72 13
38 0
72 0
45 0
72 2
50 0
45 0
72 2
50 0
45 0
72 0
50 0
45 0
72 1
50 0
45 0
72 1
50 0
72 0
45 0
50 0
72 2
45 0
50 0
45 0
72 2
50 0
45 0
72 0
50 0
45 0
72 1
50 0
45 0
72 1
50 0
72 0
45 0
50 0
72 2
45 0
49 0
45 0
72 2
49 0
45 0
72 0
49 0
45 0
72 1
49 0
45 0
72 1
49 0
72 0
45 0
49 0
72 2
45 0
49 0
45 0
72 2
49 0
45 0
72 13
38 0
72 0
45 0
72 2
50 0
45 0
72 2
50 0
45 0
72 0
50 0
45 0
72 1
50 0
45 0
72 1
50 0
72 0
45 0
50 0
72 2
45 0
50 0
45 0
72 2
50 0
45 0
72 0
50 0
45 0
72 1
50 0
45 0
72 1
50 0
72 0
45 0
50 0
72 2
45 0
49 0
45 0
72 2
49 0
45 0
72 0
49 0
45 0
72 1
49 0
45 0
72 1
49 0
72 0
45 0
49 0
72 2
45 0
49 0
45 0
72 2
49 0
45 0
72 12
43 0
38 0
72 2
43 0
72 0
38 0
72 1
43 0
72 1
38 0
72 0
43 0
38 0
72 2
45 0
40 0
72 2
45 0
72 0
40 0
72 1
45 0
72 1
40 0
72 0
45 0
40 0
72 2
47 0
42 0
72 2
47 0
72 0
42 0
72 1
47 0
72 1
42 0
72 0
47 0
42 0
72 2
49 0
44 0
72 2
49 0
72 0
44 0
72 1
49 0
72 1
44 0
72 0
49 0
44 0
72 2
218 0
72 2
218 0
72 2
218 0
72 9
218 0
72 2
218 0
72 2
218 0
72 9
218 0
72 2
218 0
72 2
218 0
72 6
218 0
72 4
218 0
72 2
218 0
E
S
L
72 14
258 3
72 9
1828 3
72 11
1828 6
1514 4
72 14
258 3
72 9
1828 3
72 11
1828 6
1514 4
72 7
1514 6
1357 2
72 2
1514 2
72 2
886 0
1043 11
1514 5
72 0
1200 0
1357 2
72 2
1514 2
72 2
729 11
1357 0
1514 6
1357 2
72 2
1514 2
72 2
415 9
258 4
415 4
729 2
1043 2
72 2
1357 2
72 1
1357 0
72 0
1514 4
72 2
729 11
1514 4
258 2
72 2
729 2
886 0
1043 12
1828 4
1671 0
1828 2
72 2
1357 2
72 2
729 4
72 2
1514 4
72 0
101 0
72 1
258 4
72 3
101 0
72 1
258 4
101 4
258 4
415 7
1043 7
1514 7
1357 7
1514 11
1514 6
1357 2
72 2
1514 2
72 2
886 0
1043 11
1514 6
1200 0
1357 2
72 2
1514 2
72 2
729 11
1514 6
1357 2
72 2
1514 2
72 2
415 9
258 4
415 4
729 2
1043 2
72 2
1357 2
72 1
1357 0
72 0
1514 4
72 2
729 11
1514 4
258 2
72 2
729 2
886 0
1043 12
1828 4
1828 2
72 2
1357 2
72 2
729 4
72 2
1514 4
72 0
101 0
72 1
258 4
72 4
258 4
101 4
258 4
415 7
1043 7
1514 7
1357 7
415 0
572 0
729 11
729 4
1043 2
258 6
415 7
729 7
1043 7
1357 7
1514 13
72 14
258 3
72 9
1828 3
72 11
1828 6
1514 4
72 14
258 3
72 9
1828 3
72 11
1828 6
1514 4
72 7
1514 6
1357 2
72 2
1514 2
72 2
886 0
1043 11
1514 5
72 0
1200 0
1357 2
72 2
1514 2
72 2
729 11
1357 0
1514 6
1357 2
72 2
1514 2
72 2
415 9
258 4
415 4
729 2
1043 2
72 2
1357 2
72 1
1357 0
72 0
1514 4
72 2
729 11
1514 4
258 2
72 2
729 2
886 0
1043 12
1828 4
1671 0
1828 2
72 2
1357 2
72 2
729 4
72 2
1514 4
72 0
101 0
72 1
258 4
72 3
101 0
72 1
258 4
101 4
258 4
415 7
1043 7
1514 7
1357 7
1514 11
1514 6
1357 2
72 2
1514 2
72 2
886 0
1043 11
1514 6
1200 0
1357 2
72 2
1514 2
72 2
729 11
1514 6
1357 2
72 2
1514 2
72 2
415 9
258 4
415 4
729 2
1043 2
72 2
1357 2
72 1
1357 0
72 0
1514 4
72 2
729 11
1514 4
258 2
72 2
729 2
886 0
1043 12
1828 4
1828 2
72 2
1357 2
72 2
729 4
72 2
1514 4
72 0
101 0
72 1
258 4
72 4
258 4
101 4
258 4
415 7
1043 7
1514 7
1357 7
415 0
572 0
729 11
729 4
1043 2
258 6
415 7
729 7
1043 7
1357 7
1514 13
E
S
H
72 14
153 2
205 2
244 2
244 2
72 2
244 8
1670 7
1356 7
1042 7
728 7
414 7
72 13
153 2
218 2
114 2
114 2
72 2
114 8
112 7
1670 7
1356 7
1042 7
728 7
72 13
179 2
218 2
127 2
127 2
72 2
127 8
257 7
1827 7
1513 7
1199 7
885 7
72 14
153 2
205 2
244 2
244 2
72 2
244 8
1670 7
1356 7
1042 7
728 7
414 7
72 13
153 2
218 2
114 2
114 2
72 2
114 8
112 7
1670 7
1356 7
1042 7
728 7
72 13
179 2
218 2
127 2
127 2
72 2
127 8
257 7
1827 7
1513 7
1199 7
885 7
E
S
L
28 2
30 2
32 2
72 4
32 2
72 2
33 2
35 2
72 6
28 7
21 6
16 2
72 4
16 2
72 2
21 6
16 2
72 4
16 2
72 2
21 6
16 2
72 4
16 2
72 2
21 2
72 2
21 2
72 2
16 2
16 6
21 6
16 2
72 4
16 2
72 2
21 6
16 2
72 4
16 2
72 2
20 6
16 2
72 4
16 2
72 2
20 6
16 2
72 4
16 2
72 2
23 6
16 2
72 4
16 2
72 2
23 6
16 2
72 4
16 2
72 2
21 6
16 2
72 4
16 2
72 2
21 6
16 2
72 2
16 2
18 2
20 2
21 6
16 2
72 4
16 2
72 2
21 6
16 2
72 4
16 2
72 2
14 6
21 2
72 4
26 2
72 2
14 6
21 2
72 4
26 2
72 2
16 3
72 9
16 2
72 2
16 2
72 4
16 2
72 6
21 2
21 2
21 2
21 2
72 2
21 2
16 2
18 2
21 2
16 2
72 2
16 2
72 2
16 2
18 2
20 2
21 6
16 2
72 4
16 2
72 2
21 6
16 2
72 4
16 2
72 2
23 6
16 2
72 4
16 2
72 2
23 6
16 2
72 4
20 2
72 2
16 6
23 2
72 4
28 2
72 2
16 6
23 2
72 4
28 2
72 2
21 6
16 2
72 4
16 2
72 2
21 6
16 2
72 2
16 2
18 2
20 2
21 6
28 2
72 4
21 2
72 2
19 6
28 2
72 4
19 2
72 2
18 6
26 2
72 4
18 2
72 2
17 6
26 2
72 4
17 2
72 2
16 3
72 9
16 2
72 2
16 2
72 4
16 2
72 6
21 2
21 2
21 2
21 2
72 2
21 2
16 2
18 2
21 2
16 2
72 2
16 2
72 2
16 2
18 2
16 2
14 6
21 2
72 4
26 2
72 2
14 6
21 2
72 4
26 2
72 2
21 6
28 2
72 4
16 2
72 2
21 6
28 2
72 4
16 2
72 2
23 6
30 2
72 4
18 2
72 2
16 6
23 2
72 4
16 2
72 2
21 7
17 7
16 6
13 2
72 2
9 2
11 2
13 2
14 6
21 2
72 4
26 2
72 2
14 6
21 2
72 4
28 2
72 2
13 6
16 2
72 4
18 2
72 4
18 2
72 4
25 2
72 2
18 2
72 2
23 6
18 2
72 4
11 2
72 2
16 6
23 2
72 2
26 2
72 2
23 2
21 2
21 2
72 2
21 2
72 2
21 2
16 2
19 2
21 2
14 2
72 2
14 2
72 2
14 2
18 2
16 2
14 4
14 2
21 2
72 4
26 2
72 2
14 4
14 2
21 2
72 4
26 2
72 2
21 6
28 2
72 4
16 2
72 2
21 6
28 2
72 4
16 2
72 2
23 6
30 2
72 4
18 2
72 2
16 6
23 2
72 4
16 2
72 2
21 6
72 2
18 6
72 2
16 6
13 2
72 2
9 2
12 2
13 2
14 6
21 2
72 4
26 2
72 2
16 6
23 2
72 4
28 2
72 2
13 6
16 2
72 4
18 2
72 4
18 4
72 2
25 2
72 2
18 2
72 2
23 6
18 2
72 4
11 2
72 2
16 6
72 2
14 6
72 2
13 4
10 2
19 2
72 2
25 2
72 2
19 2
22 6
18 2
72 2
16 2
72 2
13 2
11 6
72 2
13 6
72 2
14 6
72 2
16 6
72 2
21 2
21 2
21 2
72 8
21 2
21 2
21 2
72 8
21 2
21 2
16 2
72 4
21 2
72 2
21 2
16 2
72 6
28 7
21 6
16 2
72 4
16 2
72 2
21 6
16 2
72 4
16 2
72 2
21 6
16 2
72 4
16 2
72 2
21 2
72 2
21 2
72 2
16 2
16 6
21 6
16 2
72 4
16 2
72 2
21 6
16 2
72 4
16 2
72 2
20 6
16 2
72 4
16 2
72 2
20 6
16 2
72 4
16 2
72 2
23 6
16 2
72 4
16 2
72 2
23 6
16 2
72 4
16 2
72 2
21 6
16 2
72 4
16 2
72 2
21 6
16 2
72 2
16 2
18 2
20 2
21 6
16 2
72 4
16 2
72 2
21 6
16 2
72 4
16 2
72 2
14 6
21 2
72 4
26 2
72 2
14 6
21 2
72 4
26 2
72 2
16 3
72 9
16 2
72 2
16 2
72 4
16 2
72 6
21 2
21 2
21 2
21 2
72 2
21 2
16 2
18 2
21 2
16 2
72 2
16 2
72 2
16 2
18 2
20 2
21 6
16 2
72 4
16 2
72 2
21 6
16 2
72 4
16 2
72 2
23 6
16 2
72 4
16 2
72 2
23 6
16 2
72 4
20 2
72 2
16 6
23 2
72 4
28 2
72 2
16 6
23 2
72 4
28 2
72 2
21 6
16 2
72 4
16 2
72 2
21 6
16 2
72 2
16 2
18 2
20 2
21 6
28 2
72 4
21 2
72 2
19 6
28 2
72 4
19 2
72 2
18 6
26 2
72 4
18 2
72 2
17 6
26 2
72 4
17 2
72 2
16 3
72 9
16 2
72 2
16 2
72 4
16 2
72 6
21 2
21 2
21 2
21 2
72 2
21 2
16 2
18 2
21 2
16 2
72 2
16 2
72 2
16 2
18 2
16 2
14 6
21 2
72 4
26 2
72 2
14 6
21 2
72 4
26 2
72 2
21 6
28 2
72 4
16 2
72 2
21 6
28 2
72 4
16 2
72 2
23 6
30 2
72 4
18 2
72 2
16 6
23 2
72 4
16 2
72 2
21 7
17 7
16 6
13 2
72 2
9 2
11 2
13 2
14 6
21 2
72 4
26 2
72 2
14 6
21 2
72 4
28 2
72 2
13 6
16 2
72 4
18 2
72 4
18 2
72 4
25 2
72 2
18 2
72 2
23 6
18 2
72 4
11 2
72 2
16 6
23 2
72 2
26 2
72 2
23 2
21 2
21 2
72 2
21 2
72 2
21 2
16 2
19 2
21 2
14 2
72 2
14 2
72 2
14 2
18 2
16 2
14 4
14 2
21 2
72 4
26 2
72 2
14 4
14 2
21 2
72 4
26 2
72 2
21 6
28 2
72 4
16 2
72 2
21 6
28 2
72 4
16 2
72 2
23 6
30 2
72 4
18 2
72 2
16 6
23 2
72 4
16 2
72 2
21 6
72 2
18 6
72 2
16 6
13 2
72 2
9 2
12 2
13 2
14 6
21 2
72 4
26 2
72 2
16 6
23 2
72 4
28 2
72 2
13 6
16 2
72 4
18 2
72 4
18 4
72 2
25 2
72 2
18 2
72 2
23 6
18 2
72 4
11 2
72 2
16 6
72 2
14 6
72 2
13 4
10 2
19 2
72 2
25 2
72 2
19 2
22 6
18 2
72 2
16 2
72 2
13 2
11 6
72 2
13 6
72 2
14 6
72 2
16 6
72 2
21 2
21 2
21 2
72 8
21 2
21 2
21 2
72 8
21 2
21 2
16 2
72 4
21 2
72 2
21 2
16 2
72 6
28 7
E
S
H
72 14
244 2
244 2
244 2
218 2
72 11
218 2
114 2
153 2
153 2
72 2
153 2
72 2
153 2
72 2
153 2
72 2
153 2
72 2
153 2
127 2
72 2
114 2
72 2
127 5
72 0
244 2
72 11
205 2
244 2
127 2
127 2
72 2
127 2
72 2
127 2
72 2
127 2
72 2
127 2
72 2
127 2
114 2
72 2
244 2
72 2
114 5
72 0
153 2
72 11
218 2
114 2
153 2
153 2
72 2
153 2
72 2
153 2
72 2
153 2
72 2
153 2
72 2
153 2
127 2
72 2
114 2
72 2
127 5
72 0
179 2
72 8
179 2
72 2
179 2
153 2
72 2
127 2
72 2
693 2
72 2
1454 2
72 2
1285 2
983 2
72 2
813 2
72 2
813 2
127 2
72 2
114 2
72 2
244 2
72 2
244 2
244 2
244 2
218 2
72 2
218 2
72 2
218 2
218 2
72 14
153 11
153 4
179 2
114 6
127 7
153 7
179 7
205 7
218 13
72 14
244 2
244 2
244 2
218 2
72 11
218 2
114 2
153 2
153 2
72 2
153 2
72 2
153 2
72 2
153 2
72 2
153 2
72 2
153 2
127 2
72 2
114 2
72 2
127 5
72 0
244 2
72 11
205 2
244 2
127 2
127 2
72 2
127 2
72 2
127 2
72 2
127 2
72 2
127 2
72 2
127 2
114 2
72 2
244 2
72 2
114 5
72 0
153 2
72 11
218 2
114 2
153 2
153 2
72 2
153 2
72 2
153 2
72 2
153 2
72 2
153 2
72 2
153 2
127 2
72 2
114 2
72 2
127 5
72 0
179 2
72 8
179 2
72 2
179 2
153 2
72 2
127 2
72 2
693 2
72 2
1454 2
72 2
1285 2
983 2
72 2
813 2
72 2
813 2
127 2
72 2
114 2
72 2
244 2
72 2
244 2
244 2
244 2
218 2
72 2
218 2
72 2
218 2
218 2
72 14
153 11
153 4
179 2
114 6
127 7
153 7
179 7
205 7
218 13
E
S
H
72 14
42 2
72 2
38 7
72 4
42 2
72 2
38 7
72 4
40 2
72 2
37 7
72 4
40 2
72 2
37 7
72 4
35 2
72 2
42 6
72 6
44 2
72 2
40 7
37 6
72 2
36 6
72 2
35 6
72 11
42 2
72 2
38 7
72 4
47 2
72 2
40 6
40 2
72 4
40 2
72 4
37 2
72 4
37 2
72 4
41 2
72 2
37 2
72 7
35 6
38 2
72 7
44 2
72 2
40 6
37 2
37 2
72 2
37 2
72 2
37 2
72 2
37 2
37 2
72 11
42 2
72 2
38 7
72 4
42 2
72 2
38 7
72 4
40 2
72 2
37 7
72 4
40 2
72 2
37 7
72 4
35 2
72 2
42 6
72 6
44 2
72 2
40 7
37 6
72 2
36 6
72 2
35 6
72 11
42 2
72 2
38 7
72 4
47 2
72 2
40 6
72 13
35 6
38 2
72 7
44 2
72 2
40 6
72 6
40 2
72 2
34 6
72 6
42 2
72 2
37 6
72 7
35 6
72 2
37 6
72 2
40 6
72 2
37 2
72 2
37 2
72 8
37 2
37 2
37 2
72 8
37 2
37 2
37 2
72 4
37 2
72 2
37 2
37 2
72 14
42 2
72 2
38 7
72 4
42 2
72 2
38 7
72 4
40 2
72 2
37 7
72 4
40 2
72 2
37 7
72 4
35 2
72 2
42 6
72 6
44 2
72 2
40 7
37 6
72 2
36 6
72 2
35 6
72 11
42 2
72 2
38 7
72 4
47 2
72 2
40 6
40 2
72 4
40 2
72 4
37 2
72 4
37 2
72 4
41 2
72 2
37 2
72 7
35 6
38 2
72 7
44 2
72 2
40 6
37 2
37 2
72 2
37 2
72 2
37 2
72 2
37 2
37 2
72 11
42 2
72 2
38 7
72 4
42 2
72 2
38 7
72 4
40 2
72 2
37 7
72 4
40 2
72 2
37 7
72 4
35 2
72 2
42 6
72 6
44 2
72 2
40 7
37 6
72 2
36 6
72 2
35 6
72 11
42 2
72 2
38 7
72 4
47 2
72 2
40 6
72 13
35 6
38 2
72 7
44 2
72 2
40 6
72 6
40 2
72 2
34 6
72 6
42 2
72 2
37 6
72 7
35 6
72 2
37 6
72 2
40 6
72 2
37 2
72 2
37 2
72 8
37 2
37 2
37 2
72 8
37 2
37 2
37 2
72 4
37 2
72 2
37 2
37 2
E
X
