minor
S
H
4 13
72 13
35 2
72 0
42 2
72 9
35 2
72 0
42 2
72 4
42 2
42 0
72 0
42 0
42 4
42 2
42 2
72 0
42 2
72 4
42 2
72 0
43 4
43 2
43 13
24 5
29 5
33 5
36 5
41 8
39 8
40 2
72 0
47 2
72 4
40 2
72 0
47 2
72 4
40 2
72 0
47 2
72 4
40 2
72 0
47 2
72 10
35 2
72 0
42 2
72 9
35 2
72 0
42 2
72 4
42 2
42 0
42 0
72 0
42 4
42 2
42 2
72 0
42 2
72 4
42 2
72 0
43 4
43 2
43 13
24 5
29 5
33 5
36 5
41 8
39 8
40 2
72 0
47 2
72 4
40 2
72 0
47 2
72 4
40 2
72 0
47 2
72 4
40 2
72 0
47 2
72 10
35 2
72 0
42 2
72 9
35 2
72 0
42 2
72 4
42 2
42 0
72 0
42 0
42 4
72 0
42 2
42 2
72 0
42 2
72 4
42 2
72 0
43 4
72 0
43 2
43 13
E
S
H
28 13
72 13
31 2
72 0
38 2
72 9
31 2
72 0
38 2
72 4
38 2
38 0
72 0
38 0
38 4
38 2
38 2
72 0
38 2
72 4
38 2
72 0
40 7
38 2
35 2
36 7
35 2
31 2
33 7
31 2
28 2
29 7
28 2
24 2
21 5
24 5
29 5
33 5
36 12
35 2
72 0
45 2
72 4
35 2
72 0
45 2
72 4
35 2
72 0
45 2
72 4
35 2
72 0
45 2
72 10
31 2
72 0
38 2
72 9
31 2
72 0
38 2
72 4
38 2
38 0
38 0
72 0
38 4
38 2
38 2
72 0
38 2
72 4
38 2
72 0
40 7
38 2
35 2
36 7
35 2
31 2
33 7
31 2
28 2
29 7
28 2
24 2
21 5
24 5
29 5
33 5
36 12
35 2
72 0
45 2
72 4
35 2
72 0
45 2
72 4
35 2
72 0
45 2
72 4
35 2
72 0
45 2
72 10
31 2
72 0
38 2
72 9
31 2
72 0
38 2
72 4
38 2
38 0
72 0
38 0
38 4
72 0
38 2
38 2
72 0
38 2
72 4
38 2
72 0
40 7
38 2
35 2
36 7
35 2
31 2
33 7
31 2
28 2
29 7
28 2
24 2
E
S
L
72 8
57 2
55 2
54 2
52 2
54 2
52 2
50 2
48 2
50 2
48 2
47 2
45 2
47 2
45 2
43 2
42 2
43 2
42 2
40 2
39 2
40 2
39 2
36 2
35 2
42 2
40 0
72 13
28 2
72 0
35 2
72 9
28 2
72 0
35 2
72 4
35 2
35 0
72 0
35 0
35 4
35 2
35 2
72 0
35 2
72 4
35 2
72 0
36 7
35 2
31 2
33 7
31 2
28 2
29 7
28 2
24 2
26 7
24 2
21 2
17 5
21 5
24 5
29 5
33 12
33 2
72 0
40 2
72 4
33 2
72 0
40 2
72 4
33 2
72 0
40 2
72 4
33 2
72 0
40 2
72 10
28 2
72 0
35 2
72 9
28 2
72 0
35 2
72 4
35 2
35 0
35 0
72 0
35 4
35 2
35 2
72 0
35 2
72 4
35 2
72 0
36 7
35 2
31 2
33 7
31 2
28 2
29 7
28 2
24 2
26 7
24 2
21 2
17 5
21 5
24 5
29 5
33 12
33 2
72 0
40 2
72 4
33 2
72 0
40 2
72 4
33 2
72 0
40 2
72 4
33 2
72 0
40 2
72 10
28 2
72 0
35 2
72 9
28 2
72 0
35 2
72 4
35 2
35 0
72 0
35 0
35 4
72 0
35 2
35 2
72 0
35 2
72 4
35 2
72 0
36 7
35 2
31 2
33 7
31 2
28 2
29 7
28 2
24 2
26 7
24 2
21 2
E
S
L
72 2
67 2
69 2
67 2
66 2
64 2
66 2
64 2
62 2
60 2
62 2
60 2
59 2
57 2
59 2
57 2
55 2
42 2
43 2
42 2
40 2
39 2
40 2
39 2
36 2
35 2
36 2
35 2
33 2
31 2
33 2
31 2
4 7
4 3
4 7
4 3
4 7
4 3
4 7
4 3
4 7
4 3
4 7
4 3
4 7
4 3
4 7
4 3
4 7
4 3
4 7
4 3
4 7
4 3
4 7
4 3
4 7
4 3
4 7
4 3
4 7
4 3
4 7
4 3
72 3
16 2
16 2
11 2
11 2
4 2
72 0
16 2
16 2
11 2
11 2
4 2
72 0
11 2
11 2
4 5
72 3
4 3
72 8
4 7
4 3
4 7
4 3
4 7
4 3
4 7
4 3
4 7
4 3
4 7
4 3
4 7
4 3
4 7
4 3
4 7
4 3
4 7
4 3
4 7
4 3
4 7
4 3
72 3
16 2
16 2
11 2
11 2
4 2
72 0
16 2
16 2
11 2
11 2
4 2
72 0
11 2
11 2
4 5
72 3
4 3
72 8
4 7
4 3
4 7
4 3
4 7
4 3
4 7
4 3
4 7
4 3
4 7
4 3
4 7
4 3
4 7
4 3
E
S
L
72 6
57 2
55 2
54 2
52 2
54 2
52 2
50 2
48 2
50 2
48 2
47 2
45 2
47 2
45 2
43 2
42 2
43 2
42 2
40 2
39 2
40 2
39 2
36 2
35 2
42 2
40 2
38 2
4 2
72 0
4 2
72 0
4 2
72 0
4 2
72 0
4 2
72 0
4 2
72 0
4 2
72 0
4 2
72 0
4 2
72 0
4 2
72 0
4 2
72 0
4 2
72 0
4 2
72 0
4 2
72 0
4 2
72 0
4 2
72 0
4 2
72 0
4 2
72 0
4 2
72 0
4 2
72 0
4 2
72 0
4 2
72 0
4 2
72 0
4 2
72 0
4 2
72 0
4 2
72 0
4 2
72 0
4 2
72 0
4 2
72 0
4 2
72 0
4 2
72 0
4 2
72 0
4 2
72 0
4 2
72 0
4 2
72 0
4 2
72 0
4 2
72 0
4 2
72 0
4 2
72 0
4 2
72 0
4 2
72 0
4 2
72 0
4 2
72 0
4 2
72 0
4 2
72 0
4 2
72 0
4 2
72 0
4 2
72 0
4 2
72 0
4 2
4 2
4 2
72 0
4 2
72 0
4 2
4 2
4 2
72 0
4 2
72 0
4 2
4 2
4 2
72 0
4 2
72 0
4 2
4 2
4 2
72 0
4 2
72 0
4 2
4 2
4 2
72 0
4 2
72 0
28 7
28 7
28 5
72 3
28 7
28 2
28 0
72 0
28 0
28 2
28 0
28 0
72 0
28 2
28 0
28 0
72 0
28 2
28 0
72 0
28 0
4 2
72 0
4 2
72 0
4 2
72 0
4 2
72 0
4 2
72 0
4 2
72 0
4 2
72 0
4 2
72 0
4 2
72 0
4 2
72 0
4 2
72 0
4 2
72 0
4 2
72 0
4 2
72 0
4 2
72 0
4 2
72 0
4 2
72 0
4 2
72 0
4 2
72 0
4 2
72 0
4 2
72 0
4 2
72 0
4 2
72 0
4 2
72 0
4 2
72 0
4 2
72 0
4 2
72 0
4 2
72 0
4 2
72 0
4 2
72 0
4 2
72 0
4 2
72 0
4 2
72 0
4 2
4 2
4 2
72 0
4 2
72 0
4 2
4 2
4 2
72 0
4 2
72 0
4 2
4 2
4 2
72 0
4 2
72 0
4 2
4 2
4 2
72 0
4 2
72 0
4 2
4 2
4 2
72 0
4 2
72 0
28 7
28 7
28 5
72 3
28 7
28 2
28 0
28 0
72 0
28 2
28 0
28 0
72 0
28 2
28 0
72 0
28 0
28 2
28 0
28 0
72 0
4 2
72 0
4 2
72 0
4 2
72 0
4 2
72 0
4 2
72 0
4 2
72 0
4 2
72 0
4 2
72 0
4 2
72 0
4 2
72 0
4 2
72 0
4 2
72 0
4 2
72 0
4 2
72 0
4 2
72 0
4 2
72 0
4 2
72 0
4 2
72 0
4 2
72 0
4 2
72 0
4 2
72 0
4 2
72 0
4 2
72 0
4 2
72 0
4 2
72 0
4 2
72 0
4 2
72 0
4 2
72 0
4 2
72 0
4 2
72 0
4 2
72 0
4 2
E
S
L
55 2
57 2
55 2
54 2
52 2
54 2
52 2
50 2
48 2
50 2
48 2
47 2
45 2
47 2
45 2
43 2
42 2
43 2
42 2
40 2
39 2
40 2
39 2
36 2
35 2
36 2
35 2
33 2
31 2
33 2
31 2
30 2
28 2
26 2
24 2
23 2
21 2
19 2
18 2
16 2
28 2
26 2
24 2
23 2
21 2
19 2
18 2
16 2
28 2
26 2
24 2
23 2
21 2
19 2
18 2
16 2
28 2
26 2
24 2
23 2
21 2
19 2
18 2
16 2
28 2
26 2
24 2
23 2
21 2
19 2
18 2
16 2
28 2
26 2
24 2
23 2
21 2
19 2
18 2
16 2
28 2
26 2
24 2
23 2
21 2
19 2
18 2
16 2
28 2
26 2
24 2
23 2
21 2
19 2
18 2
16 2
28 2
26 2
24 2
23 2
21 2
19 2
18 2
16 2
28 2
26 2
24 2
23 2
21 2
19 2
18 2
16 2
28 2
26 2
24 2
23 2
21 2
19 2
18 2
16 2
28 2
26 2
24 2
23 2
21 2
19 2
18 2
16 2
28 2
26 2
24 2
23 2
21 2
19 2
18 2
16 2
28 2
26 2
24 2
23 2
21 2
19 2
18 2
16 2
28 2
26 2
24 2
23 2
21 2
19 2
18 2
16 2
28 2
26 2
24 2
23 2
21 2
19 2
18 2
16 2
28 2
26 2
24 2
23 2
72 1
28 2
26 2
24 2
23 2
72 1
28 2
26 2
24 2
23 2
28 2
30 2
28 2
26 2
24 2
26 2
24 2
23 2
21 2
23 2
21 2
19 2
18 2
19 2
18 2
14 2
28 2
26 2
24 2
23 2
21 2
19 2
18 2
16 2
28 2
26 2
24 2
23 2
21 2
19 2
18 2
16 2
28 2
26 2
24 2
23 2
21 2
19 2
18 2
16 2
28 2
26 2
24 2
23 2
21 2
19 2
18 2
16 2
28 2
26 2
24 2
23 2
21 2
19 2
18 2
16 2
28 2
26 2
24 2
23 2
21 2
19 2
18 2
16 2
28 2
26 2
24 2
23 2
21 2
19 2
18 2
16 2
28 2
26 2
24 2
23 2
21 2
19 2
18 2
16 2
28 2
26 2
24 2
23 2
21 2
19 2
18 2
16 2
28 2
26 2
24 2
23 2
21 2
19 2
18 2
16 2
28 2
26 2
24 2
23 2
21 2
19 2
18 2
16 2
28 2
26 2
24 2
23 2
21 2
19 2
18 2
16 2
28 2
26 2
24 2
23 2
72 2
28 2
26 2
24 2
23 2
72 2
28 2
26 2
24 2
23 2
28 2
30 2
28 2
26 2
24 2
26 2
24 2
23 2
21 2
23 2
21 2
19 2
18 2
19 2
18 2
14 2
28 2
26 2
24 2
23 2
21 2
19 2
18 2
16 2
28 2
26 2
24 2
23 2
21 2
19 2
18 2
16 2
28 2
26 2
24 2
23 2
21 2
19 2
18 2
16 2
28 2
26 2
24 2
23 2
21 2
19 2
18 2
16 2
28 2
26 2
24 2
23 2
21 2
19 2
18 2
16 2
28 2
26 2
24 2
23 2
21 2
19 2
18 2
16 2
28 2
26 2
24 2
23 2
21 2
19 2
18 2
16 2
28 2
26 2
24 2
23 2
21 2
19 2
18 2
16 2
E
X
