major
S
H
72 12
38 2
40 2
42 2
43 2
43 9
47 4
48 4
47 4
45 4
43 4
45 9
38 4
38 7
38 2
40 2
42 2
43 2
43 9
47 4
48 4
47 4
45 4
43 4
50 11
72 7
48 4
50 4
52 4
52 4
52 4
52 4
52 4
50 4
48 4
50 7
52 7
47 9
45 4
47 4
49 4
49 4
49 4
49 4
49 4
50 4
52 4
45 4
50 11
72 7
38 2
40 2
42 2
43 2
43 9
47 4
48 4
47 4
45 4
43 4
45 9
38 4
38 7
38 2
40 2
42 2
43 2
43 9
47 4
48 4
47 4
45 4
43 4
50 11
72 7
48 4
50 4
52 4
52 4
52 4
52 4
52 4
50 4
48 4
50 7
52 7
47 9
45 4
47 4
48 4
48 4
48 4
48 4
48 4
47 4
45 4
43 11
72 9
38 2
40 2
42 2
43 2
43 9
47 4
48 4
47 4
45 4
43 4
45 9
38 4
38 7
38 2
40 2
42 2
43 2
43 9
47 4
48 4
47 4
45 4
43 4
50 11
72 7
48 4
50 4
52 4
52 4
52 4
52 4
52 4
50 4
48 4
50 7
52 7
47 9
45 4
47 4
49 4
49 4
49 4
49 4
49 4
50 4
52 4
45 4
50 11
72 7
38 2
40 2
42 2
43 2
43 9
47 4
48 4
47 4
45 4
43 4
45 9
38 4
38 7
38 2
40 2
42 2
43 2
43 9
47 4
48 4
47 4
45 4
43 4
50 11
72 7
48 4
50 4
52 4
52 4
52 4
52 4
52 4
50 4
48 4
50 7
52 7
47 9
45 4
47 4
48 4
48 4
48 4
48 4
48 4
47 4
45 4
43 11
72 9
38 2
40 2
42 2
43 2
43 9
47 4
48 4
47 4
45 4
43 4
45 9
38 4
38 7
38 2
40 2
42 2
43 2
43 9
47 4
48 4
47 4
45 4
43 4
50 11
72 7
48 4
50 4
52 4
52 4
52 4
52 4
52 4
50 4
48 4
50 7
52 7
47 9
45 4
47 4
49 4
49 4
49 4
49 4
49 4
50 4
52 4
45 4
50 11
72 7
38 2
40 2
42 2
43 2
43 9
47 4
48 4
47 4
45 4
43 4
45 9
38 4
38 7
38 2
40 2
42 2
43 2
43 9
47 4
48 4
47 4
45 4
43 4
50 11
72 7
48 4
50 4
52 4
52 4
52 4
52 4
52 4
50 4
48 4
50 7
52 7
47 9
45 4
47 4
48 4
48 4
48 4
48 4
48 4
47 4
45 4
43 11
72 9
38 2
40 2
42 2
43 2
43 9
47 4
48 4
47 4
45 4
43 4
45 9
38 4
38 7
38 2
40 2
42 2
43 2
43 9
47 4
48 4
47 4
45 4
43 4
50 11
72 7
48 4
50 4
52 4
52 4
52 4
52 4
52 4
50 4
48 4
50 7
52 7
47 9
45 4
47 4
49 4
49 4
49 4
49 4
49 4
50 4
52 4
45 4
50 11
72 7
38 2
40 2
42 2
43 2
43 9
47 4
48 4
47 4
45 4
43 4
45 9
38 4
38 7
38 2
40 2
42 2
43 2
43 9
47 4
48 4
47 4
45 4
43 4
50 11
72 7
48 4
50 4
52 4
52 4
52 4
52 4
52 4
50 4
48 4
50 7
52 7
47 9
45 4
47 4
48 4
48 4
48 4
48 4
48 4
47 4
45 4
43 11
E
S
L
19 4
72 7
19 4
72 7
16 4
19 4
240 4
72 7
19 4
72 7
16 4
19 4
19 4
72 7
19 4
72 7
16 4
19 4
240 4
72 7
19 4
72 7
16 4
19 4
19 4
72 7
19 4
72 7
16 4
19 4
240 4
72 7
19 4
72 7
16 4
19 4
19 4
72 7
19 4
72 7
16 4
19 4
240 4
72 7
19 4
72 7
16 4
19 4
19 4
72 7
19 4
72 7
16 4
19 4
240 4
72 7
19 4
72 7
16 4
19 4
19 4
72 7
19 4
72 7
16 4
19 4
240 4
72 7
19 4
72 7
16 4
19 4
19 4
72 7
19 4
72 7
16 4
19 4
240 4
72 7
19 4
72 7
16 4
19 4
19 4
72 7
19 4
72 7
16 4
19 4
240 4
72 7
19 4
72 7
16 4
19 4
19 4
72 7
19 4
72 7
16 4
19 4
240 4
72 7
19 4
72 7
16 4
19 4
19 4
72 7
19 4
72 7
16 4
19 4
240 4
72 7
19 4
72 7
16 4
19 4
19 4
72 7
19 4
72 7
16 4
19 4
240 4
72 7
19 4
72 7
16 4
19 4
19 4
72 7
19 4
72 7
16 4
19 4
240 4
72 7
19 4
72 7
16 4
19 4
19 4
72 7
19 4
72 7
16 4
19 4
240 4
72 7
19 4
72 7
16 4
19 4
19 4
72 7
19 4
72 7
16 4
19 4
240 4
72 7
19 4
72 7
16 4
19 4
19 4
72 7
19 4
72 7
16 4
19 4
240 4
72 7
19 4
72 7
16 4
19 4
19 4
72 7
19 4
72 7
16 4
19 4
240 4
72 7
19 4
72 7
16 4
19 4
19 4
72 7
19 4
72 7
16 4
19 4
240 4
72 7
19 4
72 7
16 4
19 4
19 4
72 7
19 4
72 7
16 4
19 4
240 4
72 7
19 4
72 7
16 4
19 4
19 4
72 7
19 4
72 7
16 4
19 4
240 4
72 7
19 4
72 7
16 4
19 4
19 4
72 7
19 4
72 7
16 4
19 4
240 4
72 7
19 4
72 7
16 4
19 4
19 4
72 7
19 4
72 7
16 4
19 4
240 4
72 7
19 4
72 7
16 4
19 4
19 4
72 7
19 4
72 7
16 4
19 4
240 4
72 7
19 4
72 7
16 4
19 4
19 4
72 7
19 4
72 7
16 4
19 4
240 4
72 7
19 4
72 7
16 4
19 4
19 4
72 7
19 4
72 7
16 4
19 4
240 4
72 7
19 4
72 7
16 4
19 4
19 4
72 7
19 4
72 7
16 4
19 4
240 4
72 7
19 4
72 7
16 4
19 4
19 4
72 7
19 4
72 7
16 4
19 4
240 4
72 7
19 4
72 7
16 4
19 4
19 4
72 7
19 4
72 7
16 4
19 4
240 4
72 7
19 4
72 7
16 4
19 4
19 4
72 7
19 4
72 7
16 4
19 4
240 4
72 7
19 4
72 7
16 4
19 4
19 4
72 7
19 4
72 7
16 4
19 4
240 4
72 7
19 4
72 7
16 4
19 4
19 4
72 7
19 4
72 7
16 4
19 4
240 4
72 7
19 4
72 7
16 4
19 4
19 4
72 7
19 4
72 7
16 4
19 4
240 4
72 7
19 4
72 7
16 4
19 4
19 4
72 7
19 4
72 7
16 4
19 4
240 4
72 7
19 4
72 7
16 4
19 4
19 4
72 7
19 4
72 7
16 4
19 4
E
S
H
43 13
43 13
45 11
50 11
43 13
50 13
52 13
50 13
49 13
50 13
43 13
45 11
50 11
43 13
50 13
52 13
50 13
48 13
43 13
43 13
45 11
50 11
43 13
50 13
52 13
50 13
49 13
50 13
43 13
45 11
50 11
43 13
50 13
52 13
50 13
48 13
43 13
43 13
45 11
50 11
43 13
50 13
52 13
50 13
49 13
50 13
43 13
45 11
50 11
43 13
50 13
52 13
50 13
48 13
43 13
43 13
45 11
50 11
43 13
50 13
52 13
50 13
49 13
50 13
43 13
45 11
50 11
43 13
50 13
52 13
50 13
48 13
43 13
E
S
L
19 4
72 7
19 4
72 9
19 4
19 4
72 7
19 4
72 9
19 4
18 4
72 7
18 4
72 9
18 4
17 4
72 7
17 4
72 9
17 4
16 4
72 7
16 4
16 4
16 2
19 2
21 4
23 4
24 4
72 7
24 2
16 4
24 2
24 4
24 4
16 4
19 4
72 7
19 4
72 9
19 4
21 4
72 7
21 4
72 9
21 4
26 4
26 4
24 4
24 4
23 4
23 4
21 4
21 4
19 4
72 7
19 4
72 9
19 4
18 4
72 7
18 4
72 9
18 4
17 4
72 7
17 4
72 9
17 4
16 4
72 7
16 4
16 4
16 2
19 2
21 4
23 4
24 4
72 7
24 2
16 4
24 2
24 4
24 4
16 4
19 4
72 7
19 4
72 9
19 4
21 4
72 7
21 4
72 9
21 4
19 4
72 7
19 4
72 9
19 4
19 4
72 7
19 4
72 9
19 4
18 4
72 7
18 4
72 9
18 4
17 4
72 7
17 4
72 9
17 4
16 4
72 7
16 4
16 4
16 2
19 2
21 4
23 4
24 4
72 7
24 2
16 4
24 2
24 4
24 4
16 4
19 4
72 7
19 4
72 9
19 4
21 4
72 7
21 4
72 9
21 4
26 4
26 4
24 4
24 4
23 4
23 4
21 4
21 4
19 4
72 7
19 4
72 9
19 4
18 4
72 7
18 4
72 9
18 4
17 4
72 7
17 4
72 9
17 4
16 4
72 7
16 4
16 4
16 2
19 2
21 4
23 4
24 4
72 7
24 2
16 4
24 2
24 4
24 4
16 4
19 4
72 7
19 4
72 9
19 4
21 4
72 7
21 4
72 9
21 4
19 4
72 7
19 4
72 9
19 4
19 4
72 7
19 4
72 9
19 4
18 4
72 7
18 4
72 9
18 4
17 4
72 7
17 4
72 9
17 4
16 4
72 7
16 4
16 4
16 2
19 2
21 4
23 4
24 4
72 7
24 2
16 4
24 2
24 4
24 4
16 4
19 4
72 7
19 4
72 9
19 4
21 4
72 7
21 4
72 9
21 4
26 4
26 4
24 4
24 4
23 4
23 4
21 4
21 4
19 4
72 7
19 4
72 9
19 4
18 4
72 7
18 4
72 9
18 4
17 4
72 7
17 4
72 9
17 4
16 4
72 7
16 4
16 4
16 2
19 2
21 4
23 4
24 4
72 7
24 2
16 4
24 2
24 4
24 4
16 4
19 4
72 7
19 4
72 9
19 4
21 4
72 7
21 4
72 9
21 4
19 4
72 7
19 4
72 9
19 4
19 4
72 7
19 4
72 9
19 4
18 4
72 7
18 4
72 9
18 4
17 4
72 7
17 4
72 9
17 4
16 4
72 7
16 4
16 4
16 2
19 2
21 4
23 4
24 4
72 7
24 2
16 4
24 2
24 4
24 4
16 4
19 4
72 7
19 4
72 9
19 4
21 4
72 7
21 4
72 9
21 4
26 4
26 4
24 4
24 4
23 4
23 4
21 4
21 4
19 4
72 7
19 4
72 9
19 4
18 4
72 7
18 4
72 9
18 4
17 4
72 7
17 4
72 9
17 4
16 4
72 7
16 4
16 4
16 2
19 2
21 4
23 4
24 4
72 7
24 2
16 4
24 2
24 4
24 4
16 4
19 4
72 7
19 4
72 9
19 4
21 4
72 7
21 4
72 9
21 4
19 4
72 7
19 4
72 9
19 4
E
S
H
43 2
72 13
47 2
72 13
45 2
72 10
50 2
72 10
43 2
72 13
50 2
72 8
48 2
72 2
48 2
72 10
48 2
72 13
47 2
72 13
45 2
72 13
50 2
72 8
50 2
72 2
50 2
72 10
47 2
72 13
45 2
72 10
50 2
72 10
43 2
72 13
50 2
72 8
48 2
72 2
48 2
72 10
48 2
72 13
47 2
72 13
45 2
72 13
43 2
72 13
47 2
72 13
45 2
72 10
50 2
72 10
43 2
72 13
50 2
72 8
48 2
72 2
48 2
72 10
48 2
72 13
47 2
72 13
45 2
72 13
50 2
72 8
50 2
72 2
50 2
72 10
47 2
72 13
45 2
72 10
50 2
72 10
43 2
72 13
50 2
72 8
48 2
72 2
48 2
72 10
48 2
72 13
47 2
72 13
45 2
72 13
43 2
72 13
47 2
72 13
45 2
72 10
50 2
72 10
43 2
72 13
50 2
72 8
48 2
72 2
48 2
72 10
48 2
72 13
47 2
72 13
45 2
72 13
50 2
72 8
50 2
72 2
50 2
72 10
47 2
72 13
45 2
72 10
50 2
72 10
43 2
72 13
50 2
72 8
48 2
72 2
48 2
72 10
48 2
72 13
47 2
72 13
45 2
72 13
43 2
72 13
47 2
72 13
45 2
72 10
50 2
72 10
43 2
72 13
50 2
72 8
48 2
72 2
48 2
72 10
48 2
72 13
47 2
72 13
45 2
72 13
50 2
72 8
50 2
72 2
50 2
72 10
47 2
72 13
45 2
72 10
50 2
72 10
43 2
72 13
50 2
72 8
48 2
72 2
48 2
72 10
48 2
72 13
47 2
72 13
45 2
72 13
43 2
E
X
