major
S
H
72 13
52 2
72 4
52 2
52 0
72 2
50 0
72 2
52 0
72 2
59 0
72 11
52 2
72 4
52 2
52 0
72 2
50 0
72 2
52 0
72 2
57 0
72 11
52 2
72 4
52 2
52 0
72 2
50 0
72 2
52 0
72 2
59 0
72 11
52 2
72 4
52 2
52 0
72 2
50 0
72 2
52 0
72 2
57 0
72 11
52 2
72 4
52 2
52 0
72 2
50 0
72 2
52 0
72 2
59 0
72 11
52 2
72 4
52 2
52 0
72 2
50 0
72 2
52 0
72 2
57 0
72 11
52 2
72 4
52 2
52 0
72 2
50 0
72 2
52 0
72 2
59 0
72 13
35 2
72 2
40 8
72 2
47 8
72 2
47 0
72 2
48 0
72 2
47 0
72 2
45 0
72 2
42 8
72 2
45 10
72 2
38 2
72 2
40 8
72 2
43 10
72 2
40 2
72 2
45 12
72 2
35 2
72 2
40 8
72 2
47 8
72 2
47 0
72 2
48 0
72 2
47 0
72 2
45 0
72 2
42 8
72 2
38 8
72 2
33 6
72 2
35 13
72 13
40 8
72 2
47 8
72 2
47 0
72 2
48 0
72 2
47 0
72 2
45 0
72 2
42 8
72 2
45 10
72 2
38 2
72 2
40 8
72 2
43 10
72 2
40 2
72 2
45 12
72 2
35 2
72 2
40 8
72 2
47 8
72 2
47 0
72 2
48 0
72 2
47 0
72 2
45 0
72 2
42 11
72 2
45 6
72 2
50 2
72 2
48 13
72 2
47 13
72 14
38 2
43 2
48 2
50 2
55 10
72 12
45 2
47 2
48 2
50 2
52 6
72 2
192 4
72 4
50 6
72 2
192 4
72 4
48 12
72 2
45 2
72 2
47 2
72 2
48 6
72 2
40 4
72 4
47 6
72 2
40 4
72 4
47 8
72 1
48 0
72 2
47 0
72 2
45 6
72 2
48 2
72 2
50 2
72 2
52 6
72 2
192 4
72 4
50 6
72 2
192 4
72 4
57 6
72 2
55 0
72 4
53 0
72 4
52 6
72 2
45 2
72 2
47 2
72 2
48 6
72 2
153 4
72 4
50 6
72 2
55 2
72 2
57 2
55 2
52 12
72 8
52 6
72 2
192 4
72 4
50 6
72 2
192 4
72 4
48 12
72 2
45 2
72 2
47 2
72 2
48 6
72 2
40 4
72 4
47 6
72 2
40 4
72 4
47 8
72 1
48 0
72 2
47 0
72 2
45 6
72 2
48 2
72 2
50 2
72 2
52 6
72 2
192 4
72 4
50 6
72 2
192 4
72 4
53 6
72 2
52 0
72 4
50 0
72 4
52 6
72 2
45 2
72 2
47 2
72 2
48 6
72 2
153 4
72 4
50 6
72 2
55 2
72 6
57 13
72 13
52 2
72 4
52 2
52 0
72 2
50 0
72 2
52 0
72 2
59 0
72 11
52 2
72 4
52 2
52 0
72 2
50 0
72 2
52 0
72 2
57 0
72 11
52 2
72 4
52 2
52 0
72 2
50 0
72 2
52 0
72 2
59 0
72 11
52 2
72 4
52 2
52 0
72 2
50 0
72 2
52 0
72 2
57 0
72 11
52 2
72 4
52 2
52 0
72 2
50 0
72 2
52 0
72 2
59 0
72 11
52 2
72 4
52 2
52 0
72 2
50 0
72 2
52 0
72 2
57 0
72 11
52 2
72 4
52 2
52 0
72 2
50 0
72 2
52 0
72 2
59 0
72 13
35 2
72 2
40 8
72 2
47 8
72 2
47 0
72 2
48 0
72 2
47 0
72 2
45 0
72 2
42 8
72 2
45 10
72 2
38 2
72 2
40 8
72 2
43 10
72 2
40 2
72 2
45 12
72 2
35 2
72 2
40 8
72 2
47 8
72 2
47 0
72 2
48 0
72 2
47 0
72 2
45 0
72 2
42 8
72 2
38 8
72 2
33 6
72 2
35 13
72 13
40 8
72 2
47 8
72 2
47 0
72 2
48 0
72 2
47 0
72 2
45 0
72 2
42 8
72 2
45 10
72 2
38 2
72 2
40 8
72 2
43 10
72 2
40 2
72 2
45 12
72 2
35 2
72 2
40 8
72 2
47 8
72 2
47 0
72 2
48 0
72 2
47 0
72 2
45 0
72 2
42 11
72 2
45 6
72 2
50 2
72 2
48 13
72 2
47 13
72 14
38 2
43 2
48 2
50 2
55 10
72 12
45 2
47 2
48 2
50 2
52 6
72 2
192 4
72 4
50 6
72 2
192 4
72 4
48 12
72 2
45 2
72 2
47 2
72 2
48 6
72 2
40 4
72 4
47 6
72 2
40 4
72 4
47 8
72 1
48 0
72 2
47 0
72 2
45 6
72 2
48 2
72 2
50 2
72 2
52 6
72 2
192 4
72 4
50 6
72 2
192 4
72 4
57 6
72 2
55 0
72 4
53 0
72 4
52 6
72 2
45 2
72 2
47 2
72 2
48 6
72 2
153 4
72 4
50 6
72 2
55 2
72 2
57 2
55 2
52 12
72 8
52 6
72 2
192 4
72 4
50 6
72 2
192 4
72 4
48 12
72 2
45 2
72 2
47 2
72 2
48 6
72 2
40 4
72 4
47 6
72 2
40 4
72 4
47 8
72 1
48 0
72 2
47 0
72 2
45 6
72 2
48 2
72 2
50 2
72 2
52 6
72 2
192 4
72 4
50 6
72 2
192 4
72 4
53 6
72 2
52 0
72 4
50 0
72 4
52 6
72 2
45 2
72 2
47 2
72 2
48 6
72 2
153 4
72 4
50 6
72 2
55 2
72 6
57 13
72 13
52 2
72 4
52 2
52 0
72 2
50 0
72 2
52 0
72 2
59 0
72 11
52 2
72 4
52 2
52 0
72 2
50 0
72 2
52 0
72 2
57 0
72 11
52 2
72 4
52 2
52 0
72 2
50 0
72 2
52 0
72 2
59 0
72 11
52 2
72 4
52 2
52 0
72 2
50 0
72 2
52 0
72 2
57 0
72 11
52 2
72 4
52 2
52 0
72 2
50 0
72 2
52 0
72 2
59 0
72 11
52 2
72 4
52 2
52 0
72 2
50 0
72 2
52 0
72 2
57 0
72 11
52 2
72 4
52 2
52 0
72 2
50 0
72 2
52 0
72 2
59 0
72 13
35 2
72 2
40 8
72 2
47 8
72 2
47 0
72 2
48 0
72 2
47 0
72 2
45 0
72 2
42 8
72 2
45 10
72 2
38 2
72 2
40 8
72 2
43 10
72 2
40 2
72 2
45 12
72 2
35 2
72 2
40 8
72 2
47 8
72 2
47 0
72 2
48 0
72 2
47 0
72 2
45 0
72 2
42 8
72 2
38 8
72 2
33 6
72 2
35 13
72 13
40 8
72 2
47 8
72 2
47 0
72 2
48 0
72 2
47 0
72 2
45 0
72 2
42 8
72 2
45 10
72 2
38 2
72 2
40 8
72 2
43 10
72 2
40 2
72 2
45 12
72 2
35 2
72 2
40 8
72 2
47 8
72 2
47 0
72 2
48 0
72 2
47 0
72 2
45 0
72 2
42 11
72 2
45 6
72 2
50 2
72 2
48 13
72 2
47 13
72 14
38 2
43 2
48 2
50 2
55 10
72 12
45 2
47 2
48 2
50 2
52 6
72 2
192 4
72 4
50 6
72 2
192 4
72 4
48 12
72 2
45 2
72 2
47 2
72 2
48 6
72 2
40 4
72 4
47 6
72 2
40 4
72 4
47 8
72 1
48 0
72 2
47 0
72 2
45 6
72 2
48 2
72 2
50 2
72 2
52 6
72 2
192 4
72 4
50 6
72 2
192 4
72 4
57 6
72 2
55 0
72 4
53 0
72 4
52 6
72 2
45 2
72 2
47 2
72 2
48 6
72 2
153 4
72 4
50 6
72 2
55 2
72 2
57 2
55 2
52 12
72 8
52 6
72 2
192 4
72 4
50 6
72 2
192 4
72 4
48 12
72 2
45 2
72 2
47 2
72 2
48 6
72 2
40 4
72 4
47 6
72 2
40 4
72 4
47 8
72 1
48 0
72 2
47 0
72 2
45 6
72 2
48 2
72 2
50 2
72 2
52 6
72 2
192 4
72 4
50 6
72 2
192 4
72 4
53 6
72 2
52 0
72 4
50 0
72 4
52 6
72 2
45 2
72 2
47 2
72 2
48 6
72 2
153 4
72 4
50 6
72 2
55 2
72 6
57 13
E
S
L
72 13
189 13
175 13
189 13
175 13
189 13
175 13
189 13
45 0
72 2
45 0
72 4
45 0
72 2
45 0
72 2
45 0
72 2
45 0
72 14
30 11
31 11
35 11
72 14
24 10
72 2
31 10
72 2
29 2
27 2
72 1
29 12
72 1
22 2
72 2
24 10
72 2
31 8
72 2
34 2
72 2
29 13
72 2
24 10
72 2
31 10
72 2
29 2
27 2
72 1
29 12
27 6
72 2
29 10
72 2
32 10
72 2
31 12
72 3
29 6
72 2
192 13
72 2
192 2
72 6
192 2
192 2
192 2
72 6
192 2
72 8
24 10
72 2
23 10
72 2
21 13
72 2
17 10
72 2
19 10
72 2
16 10
72 2
17 10
72 2
24 10
72 2
23 10
72 2
22 10
72 2
21 10
72 2
17 10
72 2
19 10
72 2
24 13
72 2
24 10
72 2
23 10
72 2
21 13
72 2
17 10
72 2
19 10
72 2
16 10
72 2
17 10
72 2
24 10
72 2
23 10
72 2
20 10
72 2
21 10
72 2
17 10
72 2
19 10
72 2
21 14
72 2
189 13
175 13
189 13
175 13
189 13
175 13
189 13
45 0
72 2
45 0
72 4
45 0
72 2
45 0
72 2
45 0
72 2
45 0
72 14
30 11
31 11
35 11
72 14
24 10
72 2
31 10
72 2
29 2
27 2
72 1
29 12
72 1
22 2
72 2
24 10
72 2
31 8
72 2
34 2
72 2
29 13
72 2
24 10
72 2
31 10
72 2
29 2
27 2
72 1
29 12
27 6
72 2
29 10
72 2
32 10
72 2
31 12
72 3
29 6
72 2
192 13
72 2
192 2
72 6
192 2
192 2
192 2
72 6
192 2
72 8
24 10
72 2
23 10
72 2
21 13
72 2
17 10
72 2
19 10
72 2
16 10
72 2
17 10
72 2
24 10
72 2
23 10
72 2
22 10
72 2
21 10
72 2
17 10
72 2
19 10
72 2
24 13
72 2
24 10
72 2
23 10
72 2
21 13
72 2
17 10
72 2
19 10
72 2
16 10
72 2
17 10
72 2
24 10
72 2
23 10
72 2
20 10
72 2
21 10
72 2
17 10
72 2
19 10
72 2
21 14
72 2
189 13
175 13
189 13
175 13
189 13
175 13
189 13
45 0
72 2
45 0
72 4
45 0
72 2
45 0
72 2
45 0
72 2
45 0
72 14
30 11
31 11
35 11
72 14
24 10
72 2
31 10
72 2
29 2
27 2
72 1
29 12
72 1
22 2
72 2
24 10
72 2
31 8
72 2
34 2
72 2
29 13
72 2
24 10
72 2
31 10
72 2
29 2
27 2
72 1
29 12
27 6
72 2
29 10
72 2
32 10
72 2
31 12
72 3
29 6
72 2
192 13
72 2
192 2
72 6
192 2
192 2
192 2
72 6
192 2
72 8
24 10
72 2
23 10
72 2
21 13
72 2
17 10
72 2
19 10
72 2
16 10
72 2
17 10
72 2
24 10
72 2
23 10
72 2
22 10
72 2
21 10
72 2
17 10
72 2
19 10
72 2
24 13
72 2
24 10
72 2
23 10
72 2
21 13
72 2
17 10
72 2
19 10
72 2
16 10
72 2
17 10
72 2
24 10
72 2
23 10
72 2
20 10
72 2
21 10
72 2
17 10
72 2
19 10
72 2
21 14
E
S
L
72 12
23 2
23 2
16 4
72 11
19 4
21 4
18 4
72 11
12 4
14 4
16 4
72 11
19 4
21 4
18 4
72 11
12 4
14 4
16 4
72 11
19 4
21 4
18 4
72 11
12 4
14 4
16 4
72 11
18 0
18 0
72 2
18 0
72 0
18 0
72 1
18 0
72 1
18 0
72 0
18 0
18 0
72 2
21 2
21 2
72 2
21 2
21 2
21 2
21 2
72 2
16 0
16 0
72 2
16 0
72 0
16 0
72 1
16 0
72 1
16 0
72 0
16 0
16 0
72 2
23 2
72 2
23 2
72 2
16 2
72 14
19 2
72 2
16 2
72 14
19 2
72 2
16 2
72 14
19 2
72 2
16 2
72 14
19 2
72 2
24 2
72 12
24 2
72 2
24 2
72 2
22 2
72 12
19 2
72 2
24 2
72 12
24 2
72 2
24 2
72 2
22 2
72 12
19 2
72 2
24 2
72 12
24 2
72 2
24 2
72 2
22 2
72 12
20 2
72 2
25 2
72 12
25 2
72 2
25 2
72 2
24 2
72 12
22 2
72 2
19 2
72 6
19 2
19 2
19 2
72 6
19 2
72 2
19 0
19 0
72 2
19 0
72 0
19 0
72 1
19 0
72 1
19 0
72 0
19 0
19 0
72 2
192 2
72 6
192 2
192 2
192 2
72 6
192 2
72 8
24 2
72 12
23 2
72 2
21 2
72 12
21 2
72 2
17 2
72 12
19 2
72 2
16 2
72 12
23 2
72 2
24 2
72 12
23 2
72 2
22 2
72 12
21 2
72 2
17 2
72 12
19 2
72 2
24 2
72 10
24 2
24 2
24 2
24 2
24 2
24 2
24 2
24 2
24 2
72 12
23 2
72 2
21 2
72 12
21 2
72 2
17 2
72 12
19 2
72 2
16 2
72 12
23 2
72 2
24 2
72 12
23 2
72 2
20 2
72 12
21 2
72 2
17 2
72 12
21 0
21 0
72 2
21 0
72 0
21 0
72 1
21 0
72 1
21 0
72 0
21 0
21 0
72 2
21 2
72 14
18 2
18 2
18 2
18 2
16 4
72 11
19 4
21 4
18 4
72 11
12 4
14 4
16 4
72 11
19 4
21 4
18 4
72 11
12 4
14 4
16 4
72 11
19 4
21 4
18 4
72 11
12 4
14 4
16 4
72 11
18 0
18 0
72 2
18 0
72 0
18 0
72 1
18 0
72 1
18 0
72 0
18 0
18 0
72 2
21 2
21 2
72 2
21 2
21 2
21 2
21 2
72 2
16 0
16 0
72 2
16 0
72 0
16 0
72 1
16 0
72 1
16 0
72 0
16 0
16 0
72 2
23 2
72 2
23 2
72 2
16 2
72 14
19 2
72 2
16 2
72 14
19 2
72 2
16 2
72 14
19 2
72 2
16 2
72 14
19 2
72 2
24 2
72 12
24 2
72 2
24 2
72 2
22 2
72 12
19 2
72 2
24 2
72 12
24 2
72 2
24 2
72 2
22 2
72 12
19 2
72 2
24 2
72 12
24 2
72 2
24 2
72 2
22 2
72 12
20 2
72 2
25 2
72 12
25 2
72 2
25 2
72 2
24 2
72 12
22 2
72 2
19 2
72 6
19 2
19 2
19 2
72 6
19 2
72 2
19 0
19 0
72 2
19 0
72 0
19 0
72 1
19 0
72 1
19 0
72 0
19 0
19 0
72 2
192 2
72 6
192 2
192 2
192 2
72 6
192 2
72 8
24 2
72 12
23 2
72 2
21 2
72 12
21 2
72 2
17 2
72 12
19 2
72 2
16 2
72 12
23 2
72 2
24 2
72 12
23 2
72 2
22 2
72 12
21 2
72 2
17 2
72 12
19 2
72 2
24 2
72 10
24 2
24 2
24 2
24 2
24 2
24 2
24 2
24 2
24 2
72 12
23 2
72 2
21 2
72 12
21 2
72 2
17 2
72 12
19 2
72 2
16 2
72 12
23 2
72 2
24 2
72 12
23 2
72 2
20 2
72 12
21 2
72 2
17 2
72 12
21 0
21 0
72 2
21 0
72 0
21 0
72 1
21 0
72 1
21 0
72 0
21 0
21 0
72 2
21 2
72 14
18 2
18 2
18 2
18 2
16 4
72 11
19 4
21 4
18 4
72 11
12 4
14 4
16 4
72 11
19 4
21 4
18 4
72 11
12 4
14 4
16 4
72 11
19 4
21 4
18 4
72 11
12 4
14 4
16 4
72 11
18 0
18 0
72 2
18 0
72 0
18 0
72 1
18 0
72 1
18 0
72 0
18 0
18 0
72 2
21 2
21 2
72 2
21 2
21 2
21 2
21 2
72 2
16 0
16 0
72 2
16 0
72 0
16 0
72 1
16 0
72 1
16 0
72 0
16 0
16 0
72 2
23 2
72 2
23 2
72 2
16 2
72 14
19 2
72 2
16 2
72 14
19 2
72 2
16 2
72 14
19 2
72 2
16 2
72 14
19 2
72 2
24 2
72 12
24 2
72 2
24 2
72 2
22 2
72 12
19 2
72 2
24 2
72 12
24 2
72 2
24 2
72 2
22 2
72 12
19 2
72 2
24 2
72 12
24 2
72 2
24 2
72 2
22 2
72 12
20 2
72 2
25 2
72 12
25 2
72 2
25 2
72 2
24 2
72 12
22 2
72 2
19 2
72 6
19 2
19 2
19 2
72 6
19 2
72 2
19 0
19 0
72 2
19 0
72 0
19 0
72 1
19 0
72 1
19 0
72 0
19 0
19 0
72 2
192 2
72 6
192 2
192 2
192 2
72 6
192 2
72 8
24 2
72 12
23 2
72 2
21 2
72 12
21 2
72 2
17 2
72 12
19 2
72 2
16 2
72 12
23 2
72 2
24 2
72 12
23 2
72 2
22 2
72 12
21 2
72 2
17 2
72 12
19 2
72 2
24 2
72 10
24 2
24 2
24 2
24 2
24 2
24 2
24 2
24 2
24 2
72 12
23 2
72 2
21 2
72 12
21 2
72 2
17 2
72 12
19 2
72 2
16 2
72 12
23 2
72 2
24 2
72 12
23 2
72 2
20 2
72 12
21 2
72 2
17 2
72 12
21 0
21 0
72 2
21 0
72 0
21 0
72 1
21 0
72 1
21 0
72 0
21 0
21 0
72 2
21 2
E
S
H
72 13
1773 13
1471 13
1773 13
1471 13
1773 13
1471 13
1773 13
72 14
855 8
72 1
1603 6
72 2
423 2
72 13
855 8
72 1
1603 6
72 2
423 2
72 13
855 8
72 1
1603 6
72 2
855 2
72 2
841 10
72 2
1314 10
72 2
1145 13
72 2
43 12
72 1
36 2
38 2
43 2
72 6
43 2
43 2
43 2
72 6
43 2
72 8
149 10
72 2
136 10
72 2
110 12
72 2
214 3
72 1
240 3
72 1
110 10
72 2
136 10
72 2
136 10
72 2
110 6
72 8
149 10
72 2
136 10
72 2
135 10
72 2
110 10
72 2
110 10
72 2
136 10
72 2
149 10
72 2
149 3
72 1
189 3
72 1
108 3
72 1
149 3
72 1
189 10
72 2
163 10
72 2
149 13
72 2
149 10
72 2
136 10
72 2
136 10
72 2
110 6
72 8
149 10
72 2
136 10
72 2
136 10
72 2
110 10
72 2
149 10
72 2
187 10
72 2
211 13
72 2
210 13
72 2
1773 13
1471 13
1773 13
1471 13
1773 13
1471 13
1773 13
72 14
855 8
72 1
1603 6
72 2
423 2
72 13
855 8
72 1
1603 6
72 2
423 2
72 13
855 8
72 1
1603 6
72 2
855 2
72 2
841 10
72 2
1314 10
72 2
1145 13
72 2
43 12
72 1
36 2
38 2
43 2
72 6
43 2
43 2
43 2
72 6
43 2
72 8
149 10
72 2
136 10
72 2
110 12
72 2
214 3
72 1
240 3
72 1
110 10
72 2
136 10
72 2
136 10
72 2
110 6
72 8
149 10
72 2
136 10
72 2
135 10
72 2
110 10
72 2
110 10
72 2
136 10
72 2
149 10
72 2
149 3
72 1
189 3
72 1
108 3
72 1
149 3
72 1
189 10
72 2
163 10
72 2
149 13
72 2
149 10
72 2
136 10
72 2
136 10
72 2
110 6
72 8
149 10
72 2
136 10
72 2
136 10
72 2
110 10
72 2
149 10
72 2
187 10
72 2
211 13
72 2
210 13
72 2
1773 13
1471 13
1773 13
1471 13
1773 13
1471 13
1773 13
72 14
855 8
72 1
1603 6
72 2
423 2
72 13
855 8
72 1
1603 6
72 2
423 2
72 13
855 8
72 1
1603 6
72 2
855 2
72 2
841 10
72 2
1314 10
72 2
1145 13
72 2
43 12
72 1
36 2
38 2
43 2
72 6
43 2
43 2
43 2
72 6
43 2
72 8
149 10
72 2
136 10
72 2
110 12
72 2
214 3
72 1
240 3
72 1
110 10
72 2
136 10
72 2
136 10
72 2
110 6
72 8
149 10
72 2
136 10
72 2
135 10
72 2
110 10
72 2
110 10
72 2
136 10
72 2
149 10
72 2
149 3
72 1
189 3
72 1
108 3
72 1
149 3
72 1
189 10
72 2
163 10
72 2
149 13
72 2
149 10
72 2
136 10
72 2
136 10
72 2
110 6
72 8
149 10
72 2
136 10
72 2
136 10
72 2
110 10
72 2
149 10
72 2
187 10
72 2
211 13
72 2
210 13
E
S
H
72 14
40 13
42 13
43 13
72 14
42 11
43 11
47 11
43 13
42 9
38 9
33 7
35 13
36 11
41 11
40 13
42 11
38 7
42 2
72 2
43 13
47 13
72 14
31 3
72 1
29 3
72 1
28 8
72 14
31 3
72 1
29 3
72 1
28 8
72 14
40 13
42 13
43 13
72 14
42 11
43 11
47 11
43 13
42 9
38 9
33 7
35 13
36 11
41 11
40 13
42 11
38 7
42 2
72 2
43 13
47 13
72 14
31 3
72 1
29 3
72 1
28 8
72 14
31 3
72 1
29 3
72 1
28 8
72 14
40 13
42 13
43 13
72 14
42 11
43 11
47 11
43 13
42 9
38 9
33 7
35 13
36 11
41 11
40 13
42 11
38 7
42 2
72 2
43 13
47 13
72 14
31 3
72 1
29 3
72 1
28 8
72 14
31 3
72 1
29 3
72 1
28 8
E
S
H
72 14
50 2
72 2
48 13
45 4
136 6
72 2
240 4
72 4
187 6
72 2
136 7
72 14
55 6
72 2
55 2
72 6
55 0
72 2
55 0
72 2
55 2
72 6
55 2
72 13
149 0
72 2
149 0
72 2
149 0
72 4
149 0
72 4
149 10
72 13
240 0
72 2
240 0
72 2
240 0
72 4
240 0
72 4
214 10
72 14
149 0
72 2
149 0
72 2
149 0
72 4
149 0
72 4
149 10
72 13
149 0
72 2
149 0
72 2
149 0
72 4
149 0
72 4
149 10
72 13
240 0
72 2
240 0
72 2
240 0
72 4
240 0
72 4
214 10
72 13
136 0
72 2
136 0
72 2
136 0
72 4
136 0
72 4
149 10
72 13
134 12
72 1
134 0
72 2
134 0
72 2
117 13
72 14
50 2
72 2
48 13
45 4
136 6
72 2
240 4
72 4
187 6
72 2
136 7
72 14
55 6
72 2
55 2
72 6
55 0
72 2
55 0
72 2
55 2
72 6
55 2
72 13
149 0
72 2
149 0
72 2
149 0
72 4
149 0
72 4
149 10
72 13
240 0
72 2
240 0
72 2
240 0
72 4
240 0
72 4
214 10
72 14
149 0
72 2
149 0
72 2
149 0
72 4
149 0
72 4
149 10
72 13
149 0
72 2
149 0
72 2
149 0
72 4
149 0
72 4
149 10
72 13
240 0
72 2
240 0
72 2
240 0
72 4
240 0
72 4
214 10
72 13
136 0
72 2
136 0
72 2
136 0
72 4
136 0
72 4
149 10
72 13
134 12
72 1
134 0
72 2
134 0
72 2
117 13
72 14
50 2
72 2
48 13
45 4
136 6
72 2
240 4
72 4
187 6
72 2
136 7
72 14
55 6
72 2
55 2
72 6
55 0
72 2
55 0
72 2
55 2
72 6
55 2
72 13
149 0
72 2
149 0
72 2
149 0
72 4
149 0
72 4
149 10
72 13
240 0
72 2
240 0
72 2
240 0
72 4
240 0
72 4
214 10
72 14
149 0
72 2
149 0
72 2
149 0
72 4
149 0
72 4
149 10
72 13
149 0
72 2
149 0
72 2
149 0
72 4
149 0
72 4
149 10
72 13
240 0
72 2
240 0
72 2
240 0
72 4
240 0
72 4
214 10
72 13
136 0
72 2
136 0
72 2
136 0
72 4
136 0
72 4
149 10
72 13
134 12
72 1
134 0
72 2
134 0
72 2
117 13
E
S
H
72 14
60 2
65 2
70 2
62 2
540 2
72 6
200 2
72 6
147 3
72 1
147 2
72 2
108 2
72 13
60 2
65 2
70 2
62 2
540 2
72 6
200 2
72 6
147 3
72 1
147 2
72 2
108 2
72 13
60 2
65 2
70 2
62 2
540 2
72 6
200 2
72 6
147 3
72 1
147 2
72 2
108 2
72 13
60 2
65 2
70 2
62 2
61 8
72 1
68 2
72 2
65 8
72 1
61 3
72 1
60 10
72 2
67 10
72 14
60 2
65 2
70 2
62 2
540 2
72 6
200 2
72 6
147 3
72 1
147 2
72 2
108 2
72 13
60 2
65 2
70 2
62 2
540 2
72 6
200 2
72 6
147 3
72 1
147 2
72 2
108 2
72 13
60 2
65 2
70 2
62 2
540 2
72 6
200 2
72 6
147 3
72 1
147 2
72 2
108 2
72 13
60 2
65 2
70 2
62 2
61 8
72 1
68 2
72 2
65 8
72 1
61 3
72 1
60 10
72 2
67 10
72 14
60 2
65 2
70 2
62 2
540 2
72 6
200 2
72 6
147 3
72 1
147 2
72 2
108 2
72 13
60 2
65 2
70 2
62 2
540 2
72 6
200 2
72 6
147 3
72 1
147 2
72 2
108 2
72 13
60 2
65 2
70 2
62 2
540 2
72 6
200 2
72 6
147 3
72 1
147 2
72 2
108 2
72 13
60 2
65 2
70 2
62 2
61 8
72 1
68 2
72 2
65 8
72 1
61 3
72 1
60 10
72 2
67 10
E
S
H
72 14
61 2
72 8
68 2
72 2
65 2
72 8
61 2
72 2
60 2
72 10
67 2
72 14
64 2
72 6
67 2
72 6
62 2
72 6
67 2
72 6
60 2
72 14
64 2
72 6
67 2
72 6
62 2
72 6
67 2
72 6
60 2
72 14
61 2
72 8
68 2
72 2
65 2
72 8
61 2
72 2
60 2
72 10
67 2
72 14
64 2
72 6
67 2
72 6
62 2
72 6
67 2
72 6
60 2
72 14
64 2
72 6
67 2
72 6
62 2
72 6
67 2
72 6
60 2
72 14
61 2
72 8
68 2
72 2
65 2
72 8
61 2
72 2
60 2
72 10
67 2
72 14
64 2
72 6
67 2
72 6
62 2
72 6
67 2
72 6
60 2
72 14
64 2
72 6
67 2
72 6
62 2
72 6
67 2
72 6
60 2
E
S
H
72 14
45 2
47 2
48 2
50 2
52 6
72 2
192 4
72 4
50 6
72 2
192 4
72 4
48 12
72 2
45 2
72 2
47 2
72 2
48 6
72 2
40 4
72 4
47 6
72 2
40 4
72 4
47 8
72 1
48 0
72 2
47 0
72 2
45 6
72 2
48 2
72 2
50 2
72 2
52 6
72 2
192 4
72 4
50 6
72 2
192 4
72 4
57 6
72 2
55 0
72 4
53 0
72 4
52 6
72 2
45 2
72 2
47 2
72 2
48 6
72 2
153 4
72 4
50 6
72 2
55 2
72 2
57 2
55 2
52 12
72 8
52 6
72 2
192 4
72 4
50 6
72 2
192 4
72 4
48 12
72 2
45 2
72 2
47 2
72 2
48 6
72 2
40 4
72 4
47 6
72 2
40 4
72 4
47 8
72 1
48 0
72 2
47 0
72 2
45 6
72 2
48 2
72 2
50 2
72 2
52 6
72 2
192 4
72 4
50 6
72 2
192 4
72 4
53 6
72 2
52 0
72 4
50 0
72 4
52 6
72 2
45 2
72 2
47 2
72 2
48 6
72 2
153 4
72 4
50 6
72 2
55 2
72 6
57 13
72 14
45 2
47 2
48 2
50 2
52 6
72 2
192 4
72 4
50 6
72 2
192 4
72 4
48 12
72 2
45 2
72 2
47 2
72 2
48 6
72 2
40 4
72 4
47 6
72 2
40 4
72 4
47 8
72 1
48 0
72 2
47 0
72 2
45 6
72 2
48 2
72 2
50 2
72 2
52 6
72 2
192 4
72 4
50 6
72 2
192 4
72 4
57 6
72 2
55 0
72 4
53 0
72 4
52 6
72 2
45 2
72 2
47 2
72 2
48 6
72 2
153 4
72 4
50 6
72 2
55 2
72 2
57 2
55 2
52 12
72 8
52 6
72 2
192 4
72 4
50 6
72 2
192 4
72 4
48 12
72 2
45 2
72 2
47 2
72 2
48 6
72 2
40 4
72 4
47 6
72 2
40 4
72 4
47 8
72 1
48 0
72 2
47 0
72 2
45 6
72 2
48 2
72 2
50 2
72 2
52 6
72 2
192 4
72 4
50 6
72 2
192 4
72 4
53 6
72 2
52 0
72 4
50 0
72 4
52 6
72 2
45 2
72 2
47 2
72 2
48 6
72 2
153 4
72 4
50 6
72 2
55 2
72 6
57 13
72 14
45 2
47 2
48 2
50 2
52 6
72 2
192 4
72 4
50 6
72 2
192 4
72 4
48 12
72 2
45 2
72 2
47 2
72 2
48 6
72 2
40 4
72 4
47 6
72 2
40 4
72 4
47 8
72 1
48 0
72 2
47 0
72 2
45 6
72 2
48 2
72 2
50 2
72 2
52 6
72 2
192 4
72 4
50 6
72 2
192 4
72 4
57 6
72 2
55 0
72 4
53 0
72 4
52 6
72 2
45 2
72 2
47 2
72 2
48 6
72 2
153 4
72 4
50 6
72 2
55 2
72 2
57 2
55 2
52 12
72 8
52 6
72 2
192 4
72 4
50 6
72 2
192 4
72 4
48 12
72 2
45 2
72 2
47 2
72 2
48 6
72 2
40 4
72 4
47 6
72 2
40 4
72 4
47 8
72 1
48 0
72 2
47 0
72 2
45 6
72 2
48 2
72 2
50 2
72 2
52 6
72 2
192 4
72 4
50 6
72 2
192 4
72 4
53 6
72 2
52 0
72 4
50 0
72 4
52 6
72 2
45 2
72 2
47 2
72 2
48 6
72 2
153 4
72 4
50 6
72 2
55 2
72 6
57 13
E
X
