minor
S
H
72 12
37 7
37 4
49 4
37 4
37 4
49 4
37 4
35 7
35 4
47 4
35 4
35 4
47 4
72 4
33 7
33 4
45 4
33 4
33 4
45 4
33 4
35 7
35 4
47 4
35 4
35 4
47 4
72 4
37 7
37 4
49 4
37 4
37 4
49 4
37 4
35 7
35 4
47 4
35 4
35 4
47 4
72 4
33 7
33 4
45 4
33 4
33 4
45 4
33 4
35 7
35 4
47 4
35 4
35 4
47 4
72 4
37 7
37 4
49 4
37 4
37 4
49 4
37 4
35 7
35 4
47 4
35 4
35 4
47 4
72 4
33 7
33 4
45 4
33 4
33 4
45 4
33 4
35 7
35 4
47 4
35 4
35 4
47 4
72 4
37 7
37 4
49 4
37 4
37 4
49 4
37 4
35 7
35 4
47 4
35 4
35 4
47 4
72 4
33 7
33 4
45 4
33 4
33 4
45 4
72 4
35 7
39 4
40 4
39 4
35 4
30 4
32 4
33 7
33 4
45 4
72 9
30 4
32 4
33 4
33 4
45 4
72 7
42 4
72 4
32 7
32 4
44 4
72 7
30 4
72 4
31 4
32 4
32 4
44 4
27 4
72 4
28 4
72 4
30 7
30 4
42 4
72 9
27 4
28 4
30 4
30 4
42 4
30 7
32 7
33 4
32 4
32 4
44 4
32 7
44 7
47 7
45 4
44 4
42 4
45 7
44 4
33 7
33 4
45 4
72 9
30 4
32 4
33 4
33 4
45 4
72 7
42 4
72 4
32 7
32 4
44 4
72 7
30 4
72 4
31 4
32 4
32 4
44 4
27 4
72 4
28 4
72 4
26 7
26 4
38 4
26 4
26 4
38 4
26 4
26 7
26 4
38 4
26 4
26 4
38 4
28 4
32 7
32 4
44 4
32 4
32 4
44 4
32 4
32 7
32 4
44 4
32 4
32 4
44 4
32 4
32 7
32 4
44 4
32 4
36 4
37 4
36 4
32 4
36 4
36 4
48 4
36 4
51 4
48 4
44 4
37 7
37 4
37 4
37 4
37 4
37 4
37 4
37 4
37 4
37 4
37 4
37 4
37 4
37 4
35 4
33 7
33 4
33 4
33 4
33 4
33 4
33 4
33 4
33 4
33 4
33 4
33 4
33 4
33 4
30 4
35 7
35 4
47 4
35 4
32 4
44 4
33 4
35 9
37 7
39 7
35 7
37 4
37 4
49 4
37 4
52 4
40 4
51 4
37 7
37 4
37 4
37 4
49 4
37 4
40 4
37 7
37 4
37 4
37 4
37 4
37 4
37 4
37 4
37 4
37 4
37 4
37 4
37 4
37 4
35 4
33 7
33 4
33 4
33 4
33 4
33 4
33 4
33 4
33 4
33 4
33 4
33 4
33 4
33 4
30 4
35 7
35 4
47 4
35 4
32 4
44 4
33 4
35 9
37 7
39 7
35 7
37 4
37 4
49 4
37 4
52 4
40 4
51 4
37 7
37 4
37 4
37 4
49 4
37 4
40 4
37 7
37 4
49 4
37 4
37 4
49 4
37 4
35 7
35 4
47 4
35 4
35 4
47 4
72 4
33 7
33 4
45 4
33 4
33 4
45 4
33 4
35 7
35 4
47 4
35 4
35 4
47 4
72 4
37 7
37 4
49 4
37 4
37 4
49 4
37 4
35 7
35 4
47 4
35 4
35 4
47 4
72 4
33 7
33 4
45 4
33 4
33 4
45 4
33 4
35 7
35 4
47 4
35 4
35 4
47 4
72 4
37 7
37 4
49 4
37 4
37 4
49 4
37 4
35 7
35 4
47 4
35 4
35 4
47 4
72 4
33 7
33 4
45 4
33 4
33 4
45 4
33 4
35 7
35 4
47 4
35 4
35 4
47 4
72 4
37 7
37 4
49 4
37 4
37 4
49 4
37 4
35 7
35 4
47 4
35 4
35 4
47 4
72 4
33 7
33 4
45 4
33 4
33 4
45 4
72 4
35 7
39 4
40 4
39 4
35 4
30 4
32 4
33 7
33 4
45 4
72 9
30 4
32 4
33 4
33 4
45 4
72 7
42 4
72 4
32 7
32 4
44 4
72 7
30 4
72 4
31 4
32 4
32 4
44 4
27 4
72 4
28 4
72 4
30 7
30 4
42 4
72 9
27 4
28 4
30 4
30 4
42 4
30 7
32 7
33 4
32 4
32 4
44 4
32 7
44 7
47 7
45 4
44 4
42 4
45 7
44 4
33 7
33 4
45 4
72 9
30 4
32 4
33 4
33 4
45 4
72 7
42 4
72 4
32 7
32 4
44 4
72 7
30 4
72 4
31 4
32 4
32 4
44 4
27 4
72 4
28 4
72 4
26 7
26 4
38 4
26 4
26 4
38 4
26 4
26 7
26 4
38 4
26 4
26 4
38 4
28 4
32 7
32 4
44 4
32 4
32 4
44 4
32 4
32 7
32 4
44 4
32 4
32 4
44 4
32 4
32 7
32 4
44 4
32 4
36 4
37 4
36 4
32 4
36 4
36 4
48 4
36 4
51 4
48 4
44 4
37 7
37 4
37 4
37 4
37 4
37 4
37 4
37 4
37 4
37 4
37 4
37 4
37 4
37 4
35 4
33 7
33 4
33 4
33 4
33 4
33 4
33 4
33 4
33 4
33 4
33 4
33 4
33 4
33 4
30 4
35 7
35 4
47 4
35 4
32 4
44 4
33 4
35 9
37 7
39 7
35 7
37 4
37 4
49 4
37 4
52 4
40 4
51 4
37 7
37 4
37 4
37 4
49 4
37 4
40 4
37 7
37 4
37 4
37 4
37 4
37 4
37 4
37 4
37 4
37 4
37 4
37 4
37 4
37 4
35 4
33 7
33 4
33 4
33 4
33 4
33 4
33 4
33 4
33 4
33 4
33 4
33 4
33 4
33 4
30 4
35 7
35 4
47 4
35 4
32 4
44 4
33 4
35 9
37 7
39 7
35 7
37 4
37 4
49 4
37 4
52 4
40 4
51 4
37 7
37 4
37 4
37 4
49 4
37 4
40 4
E
S
H
72 12
44 11
72 4
44 4
44 4
44 4
49 9
49 4
47 4
72 4
44 7
44 11
72 9
39 4
40 4
39 9
35 11
44 11
72 4
44 4
44 4
44 4
49 9
49 4
47 4
72 4
47 7
45 11
72 9
49 4
49 4
45 9
45 11
44 11
72 4
44 4
44 4
44 4
49 9
49 4
47 4
72 4
44 7
44 11
72 9
39 4
40 4
39 9
35 11
44 11
72 4
44 4
44 4
44 4
49 9
49 4
47 4
72 4
47 7
45 11
72 9
49 4
49 4
45 9
49 7
45 4
49 7
52 11
72 7
52 4
52 7
49 11
72 9
51 11
47 7
51 4
47 7
44 4
44 11
72 7
45 11
72 11
45 7
45 7
49 4
49 7
44 11
72 11
52 7
51 7
49 4
51 9
49 11
49 7
52 4
52 7
49 4
45 11
72 7
51 11
72 7
47 4
56 9
54 7
52 4
54 9
54 11
52 11
51 11
45 11
46 11
72 7
49 4
49 11
72 11
54 11
72 7
54 4
56 11
72 11
44 11
44 11
49 11
54 11
52 9
52 4
72 4
52 4
72 4
45 11
49 9
49 4
47 11
72 11
47 7
49 7
51 7
47 7
47 7
44 4
44 11
72 13
44 11
44 11
49 11
54 11
52 9
52 4
72 4
52 4
72 4
45 11
49 9
49 4
47 11
72 11
47 7
49 7
51 7
47 7
47 7
44 4
44 11
72 13
44 11
72 4
44 4
44 4
44 4
49 9
49 4
47 4
72 4
44 7
44 11
72 9
39 4
40 4
39 9
35 11
44 11
72 4
44 4
44 4
44 4
49 9
49 4
47 4
72 4
47 7
45 11
72 9
49 4
49 4
45 9
45 11
44 11
72 4
44 4
44 4
44 4
49 9
49 4
47 4
72 4
44 7
44 11
72 9
39 4
40 4
39 9
35 11
44 11
72 4
44 4
44 4
44 4
49 9
49 4
47 4
72 4
47 7
45 11
72 9
49 4
49 4
45 9
49 7
45 4
49 7
52 11
72 7
52 4
52 7
49 11
72 9
51 11
47 7
51 4
47 7
44 4
44 11
72 7
45 11
72 11
45 7
45 7
49 4
49 7
44 11
72 11
52 7
51 7
49 4
51 9
49 11
49 7
52 4
52 7
49 4
45 11
72 7
51 11
72 7
47 4
56 9
54 7
52 4
54 9
54 11
52 11
51 11
45 11
46 11
72 7
49 4
49 11
72 11
54 11
72 7
54 4
56 11
72 11
44 11
44 11
49 11
54 11
52 9
52 4
72 4
52 4
72 4
45 11
49 9
49 4
47 11
72 11
47 7
49 7
51 7
47 7
47 7
44 4
44 11
72 13
44 11
44 11
49 11
54 11
52 9
52 4
72 4
52 4
72 4
45 11
49 9
49 4
47 11
72 11
47 7
49 7
51 7
47 7
47 7
44 4
44 11
E
S
L
11 2
72 2
11 2
72 2
14 2
72 6
11 2
72 2
11 2
72 2
14 2
72 6
11 2
72 2
11 2
72 2
14 2
72 6
11 2
72 6
14 2
72 2
11 2
72 6
11 2
72 2
14 2
72 6
11 2
72 2
11 2
72 2
14 2
72 6
11 2
72 2
11 2
72 2
14 2
72 6
11 2
72 6
14 2
72 6
11 2
72 2
11 2
72 2
14 2
72 8
11 2
72 2
14 2
72 6
11 2
72 2
11 2
72 2
14 2
72 6
11 2
72 6
14 2
72 2
11 2
72 6
11 2
72 2
14 2
72 6
11 2
72 2
11 2
72 2
14 2
72 6
11 2
72 2
11 2
72 2
14 2
72 6
11 2
72 6
14 2
72 2
11 2
72 6
11 2
72 2
11 2
72 6
11 2
72 6
14 2
72 2
11 2
72 2
11 2
72 2
11 2
72 2
14 2
72 6
11 2
72 6
14 2
72 2
11 2
72 6
11 2
72 2
14 2
72 6
11 2
72 2
11 2
72 2
14 2
72 6
11 2
72 2
11 2
72 2
14 2
72 6
11 2
72 6
14 2
72 2
11 2
72 2
11 2
72 2
11 2
72 2
14 2
72 8
11 2
72 2
14 2
72 6
11 2
72 2
11 2
72 2
14 2
72 6
11 2
72 6
14 2
72 2
11 2
72 6
11 2
72 2
14 2
72 6
11 2
72 2
11 2
72 2
14 2
72 6
11 2
72 2
11 2
72 2
14 2
72 6
11 2
72 6
14 2
72 2
11 2
72 2
11 2
72 6
14 2
72 8
14 2
72 6
14 2
72 2
11 2
72 2
11 2
72 2
14 2
72 8
11 2
72 2
14 2
72 6
11 2
72 2
11 2
72 2
14 2
72 8
11 2
72 2
14 2
72 6
11 2
72 2
11 2
72 2
14 2
72 8
11 2
72 2
14 2
72 6
11 2
72 4
11 2
14 2
72 6
11 2
72 6
14 2
72 6
11 2
72 2
11 2
72 2
14 2
72 8
11 2
72 2
14 2
72 6
11 2
72 2
11 2
72 2
14 2
72 8
11 2
72 2
14 2
72 6
11 2
72 2
11 2
72 2
14 2
72 8
11 2
72 2
14 2
72 6
11 2
72 6
14 2
72 2
11 2
72 6
11 2
72 2
14 2
72 6
11 2
72 6
14 2
72 6
11 2
72 2
11 2
72 2
14 2
72 6
11 2
72 2
11 2
72 2
14 2
72 8
11 2
72 2
14 2
72 6
11 2
72 6
14 2
72 6
11 2
72 2
11 2
72 2
14 2
72 6
11 2
72 2
11 2
72 2
14 2
72 8
11 2
72 2
14 2
72 6
11 2
72 6
14 2
72 6
11 2
72 2
11 2
72 2
14 2
72 6
11 2
72 2
11 2
72 2
14 2
72 8
11 2
72 2
14 2
72 6
11 2
72 6
14 2
72 6
11 2
72 2
11 2
72 2
14 2
72 6
11 2
72 2
14 2
72 10
11 2
72 2
14 2
72 6
11 2
72 2
11 2
72 2
14 2
72 6
11 2
72 2
11 2
72 2
14 2
72 6
11 2
72 2
11 2
72 2
14 2
72 6
11 2
72 2
11 2
72 2
14 2
72 6
11 2
72 2
11 2
72 2
14 2
72 6
11 2
72 2
11 2
72 2
14 2
72 6
11 2
72 2
11 2
72 2
14 2
72 6
11 2
72 6
14 2
72 2
11 2
72 6
11 2
72 2
14 2
72 6
11 2
72 2
11 2
72 2
14 2
72 6
11 2
72 2
11 2
72 2
14 2
72 6
11 2
72 6
14 2
72 2
11 2
72 2
11 2
72 2
11 2
72 2
14 2
72 6
11 2
72 2
11 2
72 2
14 2
72 6
11 2
72 2
11 2
72 2
14 2
72 6
11 2
72 2
11 2
72 2
14 2
72 6
11 2
72 2
11 2
72 2
14 2
72 6
11 2
72 2
11 2
72 2
14 2
72 6
11 2
72 2
11 2
72 2
14 2
72 6
11 2
72 6
14 2
72 2
11 2
72 6
11 2
72 2
14 2
72 6
11 2
72 2
11 2
72 2
14 2
72 6
11 2
72 2
11 2
72 2
14 2
72 6
11 2
72 6
14 2
72 2
11 2
72 6
14 2
72 2
11 2
72 6
14 2
72 6
11 2
72 2
14 2
72 2
11 2
72 8
11 2
72 6
14 2
72 2
14 2
72 2
11 2
72 2
11 2
72 2
11 2
72 2
14 2
72 6
11 2
72 6
14 2
72 2
11 2
72 6
11 2
72 2
14 2
72 6
11 2
72 2
11 2
72 2
14 2
72 6
11 2
72 2
11 2
72 2
14 2
72 6
11 2
72 6
14 2
72 2
11 2
72 2
11 2
72 2
11 2
72 2
14 2
72 8
11 2
72 2
14 2
72 6
11 2
72 2
11 2
72 2
14 2
72 6
11 2
72 6
14 2
72 2
11 2
72 6
11 2
72 2
14 2
72 6
11 2
72 2
11 2
72 2
14 2
72 6
11 2
72 2
11 2
72 2
14 2
72 6
11 2
72 6
14 2
72 6
11 2
72 2
11 2
72 2
14 2
72 8
11 2
72 2
14 2
72 6
11 2
72 2
11 2
72 2
14 2
72 6
11 2
72 6
14 2
72 2
11 2
72 6
11 2
72 2
14 2
72 6
11 2
72 2
11 2
72 2
14 2
72 6
11 2
72 2
11 2
72 2
14 2
72 6
11 2
72 6
14 2
72 2
11 2
72 6
11 2
72 2
11 2
72 6
11 2
72 6
14 2
72 2
11 2
72 2
11 2
72 2
11 2
72 2
14 2
72 6
11 2
72 6
14 2
72 2
11 2
72 6
11 2
72 2
14 2
72 6
11 2
72 2
11 2
72 2
14 2
72 6
11 2
72 2
11 2
72 2
14 2
72 6
11 2
72 6
14 2
72 2
11 2
72 2
11 2
72 2
11 2
72 2
14 2
72 8
11 2
72 2
14 2
72 6
11 2
72 2
11 2
72 2
14 2
72 6
11 2
72 6
14 2
72 2
11 2
72 6
11 2
72 2
14 2
72 6
11 2
72 2
11 2
72 2
14 2
72 6
11 2
72 2
11 2
72 2
14 2
72 6
11 2
72 6
14 2
72 2
11 2
72 2
11 2
72 6
14 2
72 8
14 2
72 6
14 2
72 2
11 2
72 2
11 2
72 2
14 2
72 8
11 2
72 2
14 2
72 6
11 2
72 2
11 2
72 2
14 2
72 8
11 2
72 2
14 2
72 6
11 2
72 2
11 2
72 2
14 2
72 8
11 2
72 2
14 2
72 6
11 2
72 4
11 2
14 2
72 6
11 2
72 6
14 2
72 6
11 2
72 2
11 2
72 2
14 2
72 8
11 2
72 2
14 2
72 6
11 2
72 2
11 2
72 2
14 2
72 8
11 2
72 2
14 2
72 6
11 2
72 2
11 2
72 2
14 2
72 8
11 2
72 2
14 2
72 6
11 2
72 6
14 2
72 2
11 2
72 6
11 2
72 2
14 2
72 6
11 2
72 6
14 2
72 6
11 2
72 2
11 2
72 2
14 2
72 6
11 2
72 2
11 2
72 2
14 2
72 8
11 2
72 2
14 2
72 6
11 2
72 6
14 2
72 6
11 2
72 2
11 2
72 2
14 2
72 6
11 2
72 2
11 2
72 2
14 2
72 8
11 2
72 2
14 2
72 6
11 2
72 6
14 2
72 6
11 2
72 2
11 2
72 2
14 2
72 6
11 2
72 2
11 2
72 2
14 2
72 8
11 2
72 2
14 2
72 6
11 2
72 6
14 2
72 6
11 2
72 2
11 2
72 2
14 2
72 6
11 2
72 2
14 2
72 10
11 2
72 2
14 2
72 6
11 2
72 2
11 2
72 2
14 2
72 6
11 2
72 2
11 2
72 2
14 2
72 6
11 2
72 2
11 2
72 2
14 2
72 6
11 2
72 2
11 2
72 2
14 2
72 6
11 2
72 2
11 2
72 2
14 2
72 6
11 2
72 2
11 2
72 2
14 2
72 6
11 2
72 2
11 2
72 2
14 2
72 6
11 2
72 6
14 2
72 2
11 2
72 6
11 2
72 2
14 2
72 6
11 2
72 2
11 2
72 2
14 2
72 6
11 2
72 2
11 2
72 2
14 2
72 6
11 2
72 6
14 2
72 2
11 2
72 2
11 2
72 2
11 2
72 2
14 2
72 6
11 2
72 2
11 2
72 2
14 2
72 6
11 2
72 2
11 2
72 2
14 2
72 6
11 2
72 2
11 2
72 2
14 2
72 6
11 2
72 2
11 2
72 2
14 2
72 6
11 2
72 2
11 2
72 2
14 2
72 6
11 2
72 2
11 2
72 2
14 2
72 6
11 2
72 6
14 2
72 2
11 2
72 6
11 2
72 2
14 2
72 6
11 2
72 2
11 2
72 2
14 2
72 6
11 2
72 2
11 2
72 2
14 2
72 6
11 2
72 6
14 2
72 2
11 2
72 6
14 2
72 2
11 2
72 6
14 2
72 6
11 2
72 2
14 2
72 2
11 2
72 8
11 2
72 6
14 2
72 2
14 2
72 2
11 2
72 2
11 2
72 2
11 2
72 2
14 2
72 6
11 2
72 6
14 2
72 2
11 2
72 6
11 2
72 2
14 2
72 6
11 2
72 2
11 2
72 2
14 2
72 6
11 2
72 2
11 2
72 2
14 2
72 6
11 2
72 6
14 2
72 2
11 2
72 2
11 2
72 2
11 2
72 2
14 2
72 8
11 2
72 2
14 7
E
X
