minor
S
H
72 14
62 4
50 2
57 4
50 2
72 2
60 4
50 2
72 2
57 2
57 4
50 2
72 2
62 4
55 2
57 4
50 2
72 2
60 4
55 2
72 2
57 2
57 4
50 2
72 2
53 4
48 2
55 4
50 2
72 2
53 4
48 2
72 2
55 2
55 4
50 2
72 2
53 4
48 2
55 4
50 2
53 2
55 2
57 4
55 4
53 2
55 4
72 2
57 11
72 11
57 9
55 7
52 7
50 6
48 11
72 13
50 4
52 4
50 0
52 8
72 1
50 11
72 11
48 7
50 7
48 4
45 7
45 11
72 13
57 11
72 7
57 6
59 2
72 4
60 7
52 4
72 7
50 4
48 4
72 2
48 11
72 13
48 0
52 5
72 0
52 2
52 9
50 11
72 11
45 9
48 4
50 4
52 11
72 13
57 7
59 7
60 11
72 12
60 2
60 2
60 6
59 6
57 4
59 11
72 11
52 11
72 7
45 0
52 6
72 2
53 11
72 13
50 6
48 6
52 11
72 13
48 4
50 4
52 9
45 11
72 11
48 4
60 11
72 9
59 11
52 11
72 9
52 7
50 4
46 11
72 12
52 0
53 6
72 2
52 6
50 4
52 4
52 2
52 11
72 13
62 4
50 2
57 4
50 2
72 2
60 4
50 2
72 2
57 2
57 4
50 2
72 2
62 4
55 2
57 4
50 2
72 2
60 4
55 2
72 2
57 2
57 4
50 2
72 2
53 4
48 2
55 4
50 2
72 2
53 4
48 2
72 2
55 2
55 4
50 2
72 2
53 4
48 2
55 4
50 2
53 2
55 2
57 4
55 4
53 2
55 4
72 2
57 11
72 11
57 9
55 7
52 7
50 6
48 11
72 13
50 4
52 4
50 0
52 8
72 1
50 11
72 11
48 7
50 7
48 4
45 7
45 11
72 13
57 11
72 7
57 6
59 2
72 4
60 7
52 4
72 7
50 4
48 4
72 2
48 11
72 13
48 0
52 5
72 0
52 2
52 9
50 11
72 11
45 9
48 4
50 4
52 11
72 13
57 7
59 7
60 11
72 12
60 2
60 2
60 6
59 6
57 4
59 11
72 11
52 11
72 7
45 0
52 6
72 2
53 11
72 13
50 6
48 6
52 11
72 13
48 4
50 4
52 9
45 11
72 11
48 4
60 11
72 9
59 11
52 11
72 9
52 7
50 4
46 11
72 12
52 0
53 6
72 2
52 6
50 4
52 4
52 2
52 11
72 13
62 4
50 2
57 4
50 2
72 2
60 4
50 2
72 2
57 2
57 4
50 2
72 2
62 4
55 2
57 4
50 2
72 2
60 4
55 2
72 2
57 2
57 4
50 2
72 2
53 4
48 2
55 4
50 2
72 2
53 4
48 2
72 2
55 2
55 4
50 2
72 2
53 4
48 2
55 4
50 2
53 2
55 2
57 4
55 4
53 2
55 4
E
S
H
72 14
57 4
45 2
52 4
45 2
72 2
55 4
45 2
72 2
52 2
52 4
45 2
72 2
57 4
50 2
52 4
45 2
72 2
55 4
50 2
72 2
52 2
52 4
45 2
72 2
48 4
43 2
50 4
45 2
72 2
48 4
43 2
72 2
50 2
50 4
45 2
72 2
48 4
43 2
50 4
45 2
48 2
50 2
52 4
50 4
48 2
50 4
72 2
57 4
45 2
52 4
45 2
72 2
55 4
45 2
72 2
52 2
52 4
45 2
72 2
57 4
50 2
52 4
45 2
72 2
55 4
50 2
72 2
52 2
52 4
45 2
72 2
50 4
45 2
48 4
43 2
72 2
50 4
45 2
72 2
48 2
48 4
45 2
72 2
50 4
45 2
48 4
43 2
72 2
50 4
45 2
72 2
48 2
48 4
45 2
72 2
48 4
45 2
50 4
45 2
72 2
52 4
45 2
72 2
50 2
50 4
45 2
72 2
48 4
45 2
50 4
45 2
72 2
52 4
45 2
72 2
50 2
50 4
45 2
72 2
55 4
45 2
50 4
45 2
72 2
52 4
45 2
72 2
48 2
48 4
45 2
72 2
55 4
52 2
57 4
52 2
72 2
55 4
50 2
72 2
57 2
57 4
52 2
72 2
57 4
45 2
52 4
45 2
72 2
55 4
45 2
72 2
52 2
52 4
45 2
72 2
57 4
50 2
52 4
45 2
72 2
55 4
50 2
72 2
52 2
52 4
45 2
72 2
50 4
45 2
48 4
43 2
72 2
50 4
45 2
72 2
48 2
48 4
45 2
72 2
50 4
45 2
48 4
43 2
72 2
50 4
45 2
72 2
48 2
48 4
45 2
72 2
48 4
45 2
50 4
45 2
72 2
52 4
45 2
72 2
50 2
50 4
45 2
72 2
48 4
45 2
50 4
45 2
72 2
52 4
45 2
72 2
50 2
50 4
45 2
72 2
55 4
45 2
50 4
45 2
72 2
52 4
45 2
72 2
48 2
48 4
45 2
72 2
55 4
52 2
57 4
52 2
72 2
55 4
50 2
72 2
57 2
57 4
52 2
72 2
64 4
53 2
57 4
53 2
72 2
60 4
53 2
72 2
62 2
62 4
53 2
72 2
64 4
53 2
57 4
53 2
72 2
60 4
53 2
72 2
62 2
62 4
53 2
72 2
59 4
52 2
55 4
52 2
72 2
62 4
52 2
72 2
55 2
55 4
52 2
72 2
50 4
45 2
48 4
45 2
72 2
50 4
45 2
72 2
48 2
48 4
45 2
72 2
64 4
53 2
57 4
53 2
72 2
60 4
53 2
72 2
62 2
62 4
53 2
72 2
64 4
53 2
57 4
53 2
72 2
60 4
53 2
72 2
62 2
62 4
53 2
72 2
59 4
52 2
55 4
52 2
72 2
62 4
52 2
72 2
55 2
55 4
52 2
72 2
50 4
45 2
48 4
45 2
72 2
50 4
45 2
72 2
48 2
48 4
45 2
72 2
57 4
45 2
52 4
45 2
72 2
55 4
45 2
72 2
52 2
52 4
45 2
72 2
57 4
50 2
52 4
45 2
72 2
55 4
50 2
72 2
52 2
52 4
45 2
72 2
50 4
45 2
48 4
43 2
72 2
50 4
45 2
72 2
48 2
48 4
45 2
72 2
50 4
45 2
48 4
43 2
72 2
50 4
45 2
72 2
48 2
48 4
45 2
72 2
50 4
45 2
48 4
43 2
72 2
50 4
45 2
72 2
48 2
48 4
46 2
72 2
50 4
45 2
48 4
43 2
72 2
50 4
45 2
72 2
48 2
48 4
46 2
72 2
57 4
45 2
52 4
45 2
72 2
56 4
45 2
72 2
52 2
52 4
45 2
72 2
57 4
45 2
52 4
45 2
72 2
56 4
45 2
72 2
52 2
52 4
45 2
72 2
57 4
45 2
52 4
45 2
72 2
55 4
45 2
72 2
52 2
52 4
45 2
72 2
57 4
50 2
52 4
45 2
72 2
55 4
50 2
72 2
52 2
52 4
45 2
72 2
48 4
43 2
50 4
45 2
72 2
48 4
43 2
72 2
50 2
50 4
45 2
72 2
48 4
43 2
50 4
45 2
48 2
50 2
52 4
50 4
48 2
50 4
72 2
57 4
45 2
52 4
45 2
72 2
55 4
45 2
72 2
52 2
52 4
45 2
72 2
57 4
50 2
52 4
45 2
72 2
55 4
50 2
72 2
52 2
52 4
45 2
72 2
50 4
45 2
48 4
43 2
72 2
50 4
45 2
72 2
48 2
48 4
45 2
72 2
50 4
45 2
48 4
43 2
72 2
50 4
45 2
72 2
48 2
48 4
45 2
72 2
48 4
45 2
50 4
45 2
72 2
52 4
45 2
72 2
50 2
50 4
45 2
72 2
48 4
45 2
50 4
45 2
72 2
52 4
45 2
72 2
50 2
50 4
45 2
72 2
55 4
45 2
50 4
45 2
72 2
52 4
45 2
72 2
48 2
48 4
45 2
72 2
55 4
52 2
57 4
52 2
72 2
55 4
50 2
72 2
57 2
57 4
52 2
72 2
57 4
45 2
52 4
45 2
72 2
55 4
45 2
72 2
52 2
52 4
45 2
72 2
57 4
50 2
52 4
45 2
72 2
55 4
50 2
72 2
52 2
52 4
45 2
72 2
50 4
45 2
48 4
43 2
72 2
50 4
45 2
72 2
48 2
48 4
45 2
72 2
50 4
45 2
48 4
43 2
72 2
50 4
45 2
72 2
48 2
48 4
45 2
72 2
48 4
45 2
50 4
45 2
72 2
52 4
45 2
72 2
50 2
50 4
45 2
72 2
48 4
45 2
50 4
45 2
72 2
52 4
45 2
72 2
50 2
50 4
45 2
72 2
55 4
45 2
50 4
45 2
72 2
52 4
45 2
72 2
48 2
48 4
45 2
72 2
55 4
52 2
57 4
52 2
72 2
55 4
50 2
72 2
57 2
57 4
52 2
72 2
64 4
53 2
57 4
53 2
72 2
60 4
53 2
72 2
62 2
62 4
53 2
72 2
64 4
53 2
57 4
53 2
72 2
60 4
53 2
72 2
62 2
62 4
53 2
72 2
59 4
52 2
55 4
52 2
72 2
62 4
52 2
72 2
55 2
55 4
52 2
72 2
50 4
45 2
48 4
45 2
72 2
50 4
45 2
72 2
48 2
48 4
45 2
72 2
64 4
53 2
57 4
53 2
72 2
60 4
53 2
72 2
62 2
62 4
53 2
72 2
64 4
53 2
57 4
53 2
72 2
60 4
53 2
72 2
62 2
62 4
53 2
72 2
59 4
52 2
55 4
52 2
72 2
62 4
52 2
72 2
55 2
55 4
52 2
72 2
50 4
45 2
48 4
45 2
72 2
50 4
45 2
72 2
48 2
48 4
45 2
72 2
57 4
45 2
52 4
45 2
72 2
55 4
45 2
72 2
52 2
52 4
45 2
72 2
57 4
50 2
52 4
45 2
72 2
55 4
50 2
72 2
52 2
52 4
45 2
72 2
50 4
45 2
48 4
43 2
72 2
50 4
45 2
72 2
48 2
48 4
45 2
72 2
50 4
45 2
48 4
43 2
72 2
50 4
45 2
72 2
48 2
48 4
45 2
72 2
50 4
45 2
48 4
43 2
72 2
50 4
45 2
72 2
48 2
48 4
46 2
72 2
50 4
45 2
48 4
43 2
72 2
50 4
45 2
72 2
48 2
48 4
46 2
72 2
57 4
45 2
52 4
45 2
72 2
56 4
45 2
72 2
52 2
52 4
45 2
72 2
57 4
45 2
52 4
45 2
72 2
56 4
45 2
72 2
52 2
52 4
45 2
72 2
57 4
45 2
52 4
45 2
72 2
55 4
45 2
72 2
52 2
52 4
45 2
72 2
57 4
50 2
52 4
45 2
72 2
55 4
50 2
72 2
52 2
52 4
45 2
72 2
48 4
43 2
50 4
45 2
72 2
48 4
43 2
72 2
50 2
50 4
45 2
72 2
48 4
43 2
50 4
45 2
48 2
50 2
52 4
50 4
48 2
50 4
E
S
H
72 14
33 4
33 7
33 2
33 2
72 11
33 4
33 7
33 2
33 2
72 11
31 4
31 7
31 2
31 2
72 11
31 4
31 7
31 2
31 2
72 11
33 4
33 7
33 2
33 2
72 9
33 4
35 4
35 7
35 2
35 2
72 9
35 4
36 4
36 7
36 2
36 2
72 11
36 4
36 7
36 2
36 2
72 11
38 4
38 7
38 2
38 2
72 9
38 4
38 4
38 7
38 2
38 2
72 9
38 4
28 4
28 7
28 2
28 2
72 9
28 4
28 4
28 7
28 2
28 2
72 9
28 4
33 4
33 7
33 2
33 2
72 9
33 4
35 4
35 7
35 2
35 2
72 9
35 4
36 4
36 7
36 2
36 2
72 11
36 4
36 7
36 2
36 2
72 11
38 4
38 7
38 2
38 2
72 9
38 4
38 4
38 7
38 2
38 2
72 9
38 4
28 4
28 7
28 2
28 2
72 9
28 4
28 4
28 7
28 2
28 2
72 9
28 4
36 4
36 7
36 2
36 2
72 9
36 4
36 4
36 7
36 2
36 2
72 9
36 4
38 4
38 7
38 2
38 2
72 8
26 2
38 2
26 2
38 4
38 7
38 2
38 2
72 8
26 2
38 2
26 2
34 4
34 7
34 2
34 2
72 8
22 2
34 2
22 2
34 4
34 7
34 2
34 2
72 4
22 2
34 2
24 2
36 2
26 2
38 2
28 4
28 7
28 2
28 2
72 8
28 2
40 2
28 2
28 4
28 7
28 2
28 2
72 9
28 4
36 4
36 7
36 2
36 2
72 9
36 4
36 4
36 7
36 2
36 2
72 9
36 4
38 4
38 7
38 2
38 2
72 8
26 2
38 2
26 2
38 4
38 7
38 2
38 2
72 8
26 2
38 2
26 2
34 4
34 7
34 2
34 2
72 8
22 2
34 2
22 2
34 4
34 7
34 2
34 2
72 4
22 2
34 2
24 2
36 2
26 2
38 2
28 4
28 7
28 2
28 2
72 8
28 2
40 2
28 2
28 4
28 7
28 2
28 2
24 2
36 2
26 2
38 2
28 2
40 2
31 2
43 2
33 4
33 7
33 2
33 2
72 11
33 4
33 7
33 2
33 2
72 11
31 4
31 7
31 2
31 2
72 11
31 4
31 7
31 2
31 2
72 11
33 4
33 7
33 2
33 2
72 9
33 4
35 4
35 7
35 2
35 2
72 9
35 4
36 4
36 7
36 2
36 2
72 11
36 4
36 7
36 2
36 2
72 11
38 4
38 7
38 2
38 2
72 9
38 4
38 4
38 7
38 2
38 2
72 9
38 4
28 4
28 7
28 2
28 2
72 9
28 4
28 4
28 7
28 2
28 2
72 9
28 4
33 4
33 7
33 2
33 2
72 9
33 4
35 4
35 7
35 2
35 2
72 9
35 4
36 4
36 7
36 2
36 2
72 11
36 4
36 7
36 2
36 2
72 11
38 4
38 7
38 2
38 2
72 9
38 4
38 4
38 7
38 2
38 2
72 9
38 4
28 4
28 7
28 2
28 2
72 9
28 4
28 4
28 7
28 2
28 2
72 9
28 4
36 4
36 7
36 2
36 2
72 9
36 4
36 4
36 7
36 2
36 2
72 9
36 4
38 4
38 7
38 2
38 2
72 8
26 2
38 2
26 2
38 4
38 7
38 2
38 2
72 8
26 2
38 2
26 2
34 4
34 7
34 2
34 2
72 8
22 2
34 2
22 2
34 4
34 7
34 2
34 2
72 4
22 2
34 2
24 2
36 2
26 2
38 2
28 4
28 7
28 2
28 2
72 8
28 2
40 2
28 2
28 4
28 7
28 2
28 2
72 9
28 4
36 4
36 7
36 2
36 2
72 9
36 4
36 4
36 7
36 2
36 2
72 9
36 4
38 4
38 7
38 2
38 2
72 8
26 2
38 2
26 2
38 4
38 7
38 2
38 2
72 8
26 2
38 2
26 2
34 4
34 7
34 2
34 2
72 8
22 2
34 2
22 2
34 4
34 7
34 2
34 2
72 4
22 2
34 2
24 2
36 2
26 2
38 2
28 4
28 7
28 2
28 2
72 8
28 2
40 2
28 2
28 4
28 7
28 2
28 2
24 2
36 2
26 2
38 2
28 2
40 2
31 2
43 2
33 4
33 7
33 2
33 2
72 11
33 4
33 7
33 2
33 2
72 11
31 4
31 7
31 2
31 2
72 11
31 4
31 7
31 2
31 2
E
S
L
11 2
72 6
14 2
72 4
11 2
72 2
11 2
11 2
72 2
14 2
72 6
20 2
72 8
11 2
11 2
72 2
11 2
11 2
11 2
14 2
14 2
14 2
14 2
20 2
20 2
20 2
72 2
14 2
72 4
20 2
72 4
20 2
20 2
14 2
72 6
20 2
20 2
20 2
72 2
14 2
72 4
20 2
72 2
20 2
20 2
72 2
14 2
72 6
20 2
20 2
20 2
72 2
14 2
72 4
20 2
72 2
20 2
20 2
72 2
14 2
72 6
20 2
22 2
72 4
22 2
22 2
72 2
20 2
72 2
20 2
20 2
72 2
22 2
22 2
22 2
22 2
20 2
72 6
14 2
72 2
20 2
20 2
72 9
20 2
72 2
20 2
72 6
14 2
72 6
20 2
14 2
72 2
20 2
14 2
72 2
14 2
14 2
20 2
72 6
14 2
72 2
20 2
20 2
72 9
20 2
72 2
20 2
72 6
14 2
72 2
20 2
20 2
72 2
20 2
20 2
20 2
14 2
14 2
14 2
14 2
20 2
72 6
14 2
72 2
20 2
20 2
72 9
20 2
72 2
20 2
72 6
14 2
72 6
20 2
14 2
72 2
20 2
14 2
72 2
14 2
14 2
20 2
72 6
14 2
72 2
20 2
20 2
72 9
20 2
72 2
20 2
72 6
14 2
72 6
20 2
14 2
72 2
20 2
14 2
72 2
14 2
14 2
20 2
72 8
20 2
20 2
72 7
14 2
72 2
20 2
72 2
20 2
72 6
14 2
72 4
20 2
72 2
20 2
20 2
72 2
14 2
72 6
20 2
72 8
20 2
20 2
72 7
14 2
72 2
20 2
72 2
20 2
72 8
20 2
20 2
14 2
72 6
14 2
72 2
20 2
72 2
20 2
72 8
20 2
20 2
72 7
14 2
72 2
20 2
72 2
20 2
72 6
14 2
72 4
20 2
72 2
20 2
20 2
72 2
14 2
72 6
20 2
72 8
20 2
20 2
72 7
14 2
72 2
20 2
72 2
20 2
14 2
72 4
14 2
72 4
20 2
72 2
20 2
20 2
72 2
14 2
14 2
14 2
14 2
20 2
72 8
20 2
20 2
72 7
14 2
72 2
20 2
72 2
20 2
72 6
14 2
72 4
20 2
72 2
20 2
20 2
72 2
14 2
72 6
20 2
72 8
20 2
20 2
72 7
14 2
72 2
20 2
72 2
20 2
72 8
20 2
20 2
72 2
20 2
20 2
72 2
14 2
14 2
14 2
14 2
20 2
72 8
20 2
20 2
72 7
14 2
72 2
20 2
72 2
20 2
72 6
14 2
72 4
20 2
72 2
20 2
20 2
72 6
14 2
72 2
20 2
72 6
14 2
72 6
20 2
14 2
72 2
20 2
14 2
72 2
14 2
14 2
20 2
14 2
72 2
20 2
72 2
14 2
14 2
14 2
20 2
20 2
20 2
20 2
14 2
14 2
22 2
14 2
20 2
20 2
20 2
72 2
14 2
72 4
20 2
72 4
20 2
20 2
14 2
72 6
20 2
20 2
20 2
72 2
14 2
72 4
20 2
72 2
20 2
20 2
72 2
14 2
72 6
20 2
20 2
20 2
72 2
14 2
72 4
20 2
72 2
20 2
20 2
72 2
14 2
72 6
20 2
22 2
72 4
22 2
22 2
72 2
20 2
72 2
20 2
20 2
72 2
22 2
22 2
22 2
22 2
20 2
72 6
14 2
72 2
20 2
20 2
72 9
20 2
72 2
20 2
72 6
14 2
72 6
20 2
14 2
72 2
20 2
14 2
72 2
14 2
14 2
20 2
72 6
14 2
72 2
20 2
20 2
72 9
20 2
72 2
20 2
72 6
14 2
72 2
20 2
20 2
72 2
20 2
20 2
20 2
14 2
14 2
14 2
14 2
20 2
72 6
14 2
72 2
20 2
20 2
72 9
20 2
72 2
20 2
72 6
14 2
72 6
20 2
14 2
72 2
20 2
14 2
72 2
14 2
14 2
20 2
72 6
14 2
72 2
20 2
20 2
72 9
20 2
72 2
20 2
72 6
14 2
72 2
20 2
20 2
72 2
20 2
20 2
20 2
14 2
14 2
14 2
14 2
20 2
72 6
14 2
72 2
20 2
20 2
72 9
20 2
72 2
20 2
72 6
14 2
72 6
20 2
14 2
72 2
20 2
14 2
72 2
14 2
14 2
20 2
72 6
14 2
72 2
20 2
20 2
72 9
20 2
72 2
20 2
72 6
14 2
72 2
20 2
20 2
72 2
20 2
20 2
20 2
14 2
14 2
14 2
14 2
20 2
72 6
14 2
72 2
20 2
20 2
72 9
20 2
72 2
20 2
72 6
14 2
72 6
20 2
14 2
72 2
20 2
14 2
72 2
14 2
14 2
20 2
72 6
14 2
72 2
20 2
20 2
72 9
20 2
72 2
20 2
72 6
14 2
72 6
20 2
14 2
72 2
20 2
14 2
72 2
14 2
14 2
20 2
72 8
20 2
20 2
72 7
14 2
72 2
20 2
72 2
20 2
72 6
14 2
72 4
20 2
72 2
20 2
20 2
72 2
14 2
72 6
20 2
72 8
20 2
20 2
72 7
14 2
72 2
20 2
72 2
20 2
72 8
20 2
20 2
14 2
72 6
14 2
72 2
20 2
72 2
20 2
72 8
20 2
20 2
72 7
14 2
72 2
20 2
72 2
20 2
72 6
14 2
72 4
20 2
72 2
20 2
20 2
72 2
14 2
72 6
20 2
72 8
20 2
20 2
72 7
14 2
72 2
20 2
72 2
20 2
14 2
72 4
14 2
72 4
20 2
72 2
20 2
20 2
72 2
14 2
14 2
14 2
14 2
20 2
72 8
20 2
20 2
72 7
14 2
72 2
20 2
72 2
20 2
72 6
14 2
72 4
20 2
72 2
20 2
20 2
72 2
14 2
72 6
20 2
72 8
20 2
20 2
72 7
14 2
72 2
20 2
72 2
20 2
72 8
20 2
20 2
72 2
20 2
20 2
72 2
14 2
14 2
14 2
14 2
20 2
72 8
20 2
20 2
72 7
14 2
72 2
20 2
72 2
20 2
72 6
14 2
72 4
20 2
72 2
20 2
20 2
72 6
14 2
72 2
20 2
72 6
14 2
72 6
20 2
14 2
72 2
20 2
14 2
72 2
14 2
14 2
20 2
14 2
72 2
20 2
72 2
14 2
14 2
14 2
20 2
20 2
20 2
20 2
14 2
14 2
22 2
14 2
20 2
20 2
20 2
72 2
14 2
72 4
20 2
72 4
20 2
20 2
14 2
72 6
20 2
20 2
20 2
72 2
14 2
72 4
20 2
72 2
20 2
20 2
72 2
14 2
72 6
20 2
20 2
20 2
72 2
14 2
72 4
20 2
72 2
20 2
20 2
72 2
14 2
72 6
20 2
22 2
72 4
22 2
22 2
72 2
20 2
72 2
20 2
20 2
72 2
22 2
22 2
22 2
22 2
20 2
72 6
14 2
72 2
20 2
20 2
72 9
20 2
72 2
20 2
72 6
14 2
72 6
20 2
14 2
72 2
20 2
14 2
72 2
14 2
14 2
20 2
72 6
14 2
72 2
20 2
20 2
72 9
20 2
72 2
20 2
72 6
14 2
72 2
20 2
20 2
72 2
20 2
20 2
20 2
14 2
14 2
14 2
14 2
20 2
72 6
14 2
72 2
20 2
20 2
72 9
20 2
72 2
20 2
72 6
14 2
72 6
20 2
14 2
72 2
20 2
14 2
72 2
14 2
14 2
20 2
72 6
14 2
72 2
20 2
20 2
72 9
20 2
72 2
20 2
72 6
14 2
72 2
20 2
20 2
72 2
20 2
20 2
20 2
14 2
14 2
14 2
14 2
E
X
