minor
S
H
38 2
40 2
41 4
72 4
38 2
40 2
41 2
72 2
38 2
40 2
41 2
40 2
38 4
40 2
41 2
43 4
72 4
40 2
41 2
43 2
72 2
40 2
41 2
43 2
41 2
40 4
41 2
43 2
45 4
72 4
41 2
43 2
45 2
72 2
41 2
43 2
45 2
43 2
41 4
43 2
45 2
46 4
72 2
45 2
43 2
41 2
40 2
38 2
36 2
38 2
40 2
41 2
43 2
40 2
38 2
33 2
40 2
33 2
41 8
72 2
38 2
40 2
41 2
40 2
38 4
40 2
31 2
41 2
31 2
43 8
72 2
40 2
41 2
43 2
41 2
40 4
41 2
34 2
43 2
34 2
45 8
72 2
41 2
43 2
45 2
43 2
41 4
43 2
45 2
46 4
72 2
43 2
40 2
38 2
36 2
31 2
36 2
38 2
40 4
24 4
E
S
H
38 4
40 2
41 4
72 4
38 2
40 2
41 2
72 2
38 2
40 2
41 2
40 2
38 4
40 2
41 2
43 4
72 4
40 2
41 2
43 2
72 2
40 2
41 2
43 2
41 2
40 4
41 2
43 2
45 4
72 4
41 2
43 2
45 2
72 2
41 2
43 2
45 2
43 2
41 4
43 2
45 2
46 4
72 2
45 2
43 2
41 2
40 2
38 2
36 2
38 2
40 2
41 2
43 2
40 2
38 2
33 2
40 2
33 2
41 8
72 2
38 2
40 2
41 2
40 2
38 4
40 2
31 2
41 2
31 2
43 8
72 2
40 2
41 2
43 2
41 2
40 4
41 2
34 2
43 2
34 2
45 8
72 2
41 2
43 2
45 2
43 2
41 4
43 2
45 2
46 4
72 2
43 2
40 2
38 2
36 2
31 2
36 2
38 2
40 2
24 4
26 8
28 7
29 7
72 4
33 4
31 4
34 4
41 9
41 4
40 4
38 4
40 4
43 4
37 9
34 4
33 4
28 4
31 7
29 11
33 4
38 4
40 4
41 9
40 4
41 4
43 4
36 4
38 4
40 9
38 4
40 4
41 4
31 2
33 2
34 7
34 2
36 2
38 8
37 2
38 2
40 2
41 9
40 2
38 2
40 7
72 2
24 4
26 8
28 7
29 7
72 4
33 4
31 4
34 4
41 9
41 4
40 4
38 4
40 4
43 4
37 9
34 4
33 4
28 4
31 7
29 11
33 4
38 4
40 4
41 9
40 4
41 4
43 4
36 4
38 4
40 9
38 4
40 4
41 4
72 14
26 8
28 7
29 7
72 4
33 4
31 4
34 4
41 9
41 4
40 4
38 4
40 4
43 4
37 9
34 4
33 4
28 4
31 7
29 11
33 4
38 4
40 4
41 9
40 4
41 4
43 4
36 4
38 4
40 9
38 4
40 4
41 4
31 2
33 2
34 7
34 2
36 2
38 8
37 2
38 2
40 2
41 9
40 2
38 2
40 7
72 2
24 4
26 8
28 7
29 7
72 4
33 4
31 4
34 4
41 9
41 4
40 4
38 4
40 4
43 4
37 9
34 4
33 4
28 4
31 7
29 11
33 4
38 4
40 4
41 9
40 4
41 4
43 4
36 4
38 4
40 9
38 4
40 4
41 4
72 14
26 8
28 7
29 7
72 4
33 4
31 4
34 4
41 9
41 4
40 4
38 4
40 4
43 4
37 9
34 4
33 4
28 4
31 7
29 11
33 4
72 12
33 4
72 14
31 7
29 11
E
S
H
38 13
36 13
34 13
36 12
26 2
26 2
26 13
24 13
22 13
24 11
24 6
19 4
12 4
14 12
14 2
14 2
22 12
22 2
22 2
25 12
25 2
25 2
26 12
26 2
26 2
22 12
24 7
21 12
22 7
19 9
19 2
19 2
19 11
21 9
21 2
21 2
21 11
21 12
19 2
21 2
22 12
21 2
21 2
25 12
21 2
21 2
26 12
21 7
22 2
21 2
22 11
24 7
21 2
19 2
21 11
22 7
72 14
29 4
29 4
50 6
50 12
46 4
46 2
46 6
43 4
43 4
45 4
45 4
29 4
29 4
50 6
50 12
46 4
46 2
46 6
50 4
50 4
50 4
50 4
38 4
37 2
38 2
38 4
37 2
38 2
38 4
37 2
38 2
43 4
42 2
43 2
28 2
31 2
36 2
40 2
28 2
31 2
37 2
40 2
29 2
33 2
38 2
41 2
33 2
37 2
40 2
45 2
45 4
21 2
26 2
29 2
33 2
38 2
41 2
47 4
23 2
26 2
29 2
35 2
38 2
47 2
40 12
12 4
14 12
14 2
14 2
22 12
22 2
22 2
25 12
25 2
25 2
26 12
26 2
26 2
22 12
24 7
21 12
22 7
19 9
19 2
19 2
19 11
21 9
21 2
21 2
21 11
21 12
19 2
21 2
22 12
21 2
21 2
25 12
21 2
21 2
26 12
21 7
22 2
21 2
22 11
24 7
21 2
19 2
21 11
22 7
43 2
38 2
45 2
38 2
46 2
38 2
50 2
38 2
43 2
38 2
45 2
38 2
46 2
38 2
50 2
38 2
44 2
38 2
45 2
38 2
47 2
38 2
50 2
38 2
44 2
38 2
45 2
38 2
47 2
38 2
50 2
38 2
50 2
45 2
52 2
45 2
53 2
45 2
50 2
45 2
50 2
45 2
52 2
45 2
53 2
45 2
50 2
45 2
49 2
50 2
52 2
49 2
52 2
53 2
55 2
57 2
58 2
57 2
55 2
53 2
52 2
50 2
49 2
45 2
29 4
29 4
50 6
50 12
46 4
46 2
46 6
43 4
43 4
45 4
45 4
29 4
29 4
50 6
50 12
46 4
46 2
46 6
50 4
50 4
50 4
50 4
38 4
37 2
38 2
38 4
37 2
38 2
38 4
37 2
38 2
43 4
42 2
43 2
28 2
31 2
36 2
40 2
28 2
31 2
37 2
40 2
29 2
33 2
38 2
41 2
33 2
37 2
40 2
45 2
45 4
21 2
26 2
29 2
33 2
38 2
41 2
47 4
23 2
26 2
29 2
35 2
38 2
47 2
40 12
12 4
14 12
14 2
14 2
22 12
22 2
22 2
25 12
25 2
25 2
26 12
26 2
26 2
E
S
H
26 2
33 2
41 2
33 2
26 2
33 2
41 2
33 2
26 2
33 2
41 2
33 2
26 2
33 2
41 2
33 2
31 2
36 2
43 2
36 2
31 2
36 2
43 2
36 2
31 2
36 2
43 2
36 2
31 2
36 2
43 2
36 2
34 2
41 2
45 2
41 2
34 2
41 2
45 2
41 2
34 2
41 2
45 2
41 2
34 2
41 2
45 2
41 2
31 2
36 2
43 2
36 2
31 2
36 2
43 2
36 2
31 2
36 2
43 2
36 2
31 7
E
S
L
2 14
2 6
2 6
2 6
2 2
0 4
2 4
0 4
2 6
2 6
2 6
2 2
0 4
2 4
0 4
2 6
2 6
2 6
2 2
0 4
2 4
0 4
2 6
2 6
2 6
0 6
7 4
9 4
2 6
2 6
2 6
2 6
9 4
2 4
2 6
2 6
2 6
2 6
10 4
2 4
2 6
2 6
2 6
2 6
13 4
2 4
2 6
2 6
2 6
14 6
12 4
14 4
10 6
10 6
10 6
12 4
11 2
12 4
16 4
9 6
9 6
9 6
10 4
10 2
10 4
14 4
7 6
7 6
7 6
7 4
6 2
7 4
7 4
9 6
9 6
9 6
9 4
9 2
9 4
9 4
2 6
2 6
2 6
2 6
9 4
2 4
2 6
2 6
2 6
2 6
10 4
2 4
2 6
2 6
2 6
2 6
13 4
2 4
2 6
2 6
2 6
14 6
12 4
14 4
10 6
10 6
10 6
12 4
11 2
12 4
16 4
9 6
9 6
9 6
10 4
10 2
10 4
14 4
7 6
7 6
7 6
7 4
6 2
7 2
6 2
7 4
8 6
8 6
8 6
4 4
4 2
8 4
4 4
9 6
9 6
9 6
9 4
9 2
8 4
9 4
9 6
21 6
9 6
21 4
9 2
8 4
9 4
2 4
2 4
2 6
2 6
2 2
7 2
9 4
2 4
2 2
7 6
7 4
5 2
7 2
4 2
4 6
9 2
9 6
2 4
2 4
2 6
2 6
2 2
7 2
9 4
2 4
2 2
10 6
10 4
9 2
10 2
9 2
9 6
12 2
12 6
10 7
6 7
7 7
5 7
4 7
7 7
5 7
1 7
2 11
8 11
9 11
9 11
2 6
2 6
2 6
2 6
9 4
2 4
2 6
2 6
2 6
2 6
10 4
2 4
2 6
2 6
2 6
2 6
13 4
2 4
2 6
2 6
2 6
14 6
12 4
14 4
10 6
10 6
10 6
12 4
11 2
12 4
16 4
9 6
9 6
9 6
10 4
10 2
10 4
14 4
7 6
7 6
7 6
7 4
6 2
7 4
7 4
9 6
9 6
9 6
9 4
9 2
9 4
9 4
2 6
2 6
2 6
2 6
9 4
2 4
2 6
2 6
2 6
2 6
10 4
2 4
2 6
2 6
2 6
2 6
13 4
2 4
2 6
2 6
2 6
14 6
12 4
14 4
10 6
10 6
10 6
12 4
11 2
12 4
16 4
9 6
9 6
9 6
10 4
10 2
10 4
14 4
7 6
7 6
7 6
7 4
6 2
7 2
6 2
7 4
8 6
8 6
8 6
4 4
4 2
8 4
4 4
9 6
9 6
9 6
9 4
9 2
8 4
9 4
9 6
21 6
9 6
21 4
9 2
8 4
9 4
2 4
2 4
2 6
2 6
2 2
7 2
9 4
2 4
2 2
7 6
7 4
5 2
7 2
4 2
4 6
9 2
9 6
2 4
2 4
2 6
2 6
2 2
7 2
9 4
2 4
2 2
10 6
10 4
9 2
10 2
9 2
9 6
12 2
12 6
10 7
6 7
7 7
5 7
4 7
7 7
5 7
1 7
2 11
8 11
9 11
9 11
2 6
2 6
2 6
2 6
9 4
2 4
2 6
2 6
2 6
2 6
10 4
2 4
2 6
2 6
2 6
2 6
13 4
2 4
2 6
2 6
2 6
14 6
12 4
14 4
E
S
H
72 14
26 7
28 7
29 7
72 4
33 4
31 4
34 4
41 9
41 4
40 4
38 4
40 4
43 4
37 9
34 4
33 4
28 4
31 7
29 11
33 4
38 4
40 4
41 9
40 4
41 4
43 4
36 4
38 4
40 9
38 4
40 4
41 4
31 2
33 2
34 7
34 2
36 2
38 8
37 2
38 2
40 2
41 9
40 2
38 2
40 8
72 2
24 4
26 7
28 7
29 7
72 4
33 4
31 4
34 4
41 9
41 4
40 4
38 4
40 4
43 4
37 9
34 4
33 4
28 4
31 7
29 11
33 4
38 4
40 4
41 9
40 4
41 4
43 4
36 4
38 4
40 9
38 4
40 4
41 4
31 2
33 2
34 7
34 2
36 2
38 3
72 1
31 2
30 2
31 2
30 2
31 4
35 2
34 2
35 7
35 2
36 2
38 2
72 2
35 2
29 2
35 2
38 2
41 2
44 2
45 14
72 14
26 7
28 7
29 7
72 4
33 4
31 4
34 4
41 9
41 4
40 4
38 4
40 4
43 4
37 9
34 4
33 4
28 4
31 7
29 11
33 4
38 4
40 4
41 9
40 4
41 4
43 4
36 4
38 4
40 9
38 4
40 4
41 4
31 2
33 2
34 7
34 2
36 2
38 8
37 2
38 2
40 2
41 9
40 2
38 2
40 8
72 2
24 4
26 7
28 7
29 7
72 4
33 4
31 4
34 4
41 9
41 4
40 4
38 4
40 4
43 4
37 9
34 4
33 4
28 4
31 7
29 11
33 4
38 4
40 4
41 9
40 4
41 4
43 4
36 4
38 4
40 9
38 4
40 4
41 4
31 2
33 2
34 7
34 2
36 2
38 3
72 1
31 2
30 2
31 2
30 2
31 4
35 2
34 2
35 7
35 2
36 2
38 2
72 2
35 2
29 2
35 2
38 2
41 2
44 2
45 14
72 14
26 7
28 7
29 7
72 4
33 4
31 4
34 4
41 9
41 4
40 4
38 4
40 4
43 4
37 9
34 4
33 4
28 4
31 7
29 11
33 4
E
S
H
72 14
33 4
33 4
53 6
55 12
52 4
52 2
52 6
50 4
50 4
49 4
49 4
33 4
33 4
53 6
55 12
52 4
52 2
52 6
53 4
53 4
54 4
54 4
55 2
72 2
55 2
72 2
57 2
72 2
57 2
72 2
58 2
72 2
58 2
72 2
59 2
72 2
59 2
72 2
60 2
72 2
60 2
72 2
61 2
72 2
61 2
72 2
62 2
72 2
62 2
72 2
64 2
72 2
64 2
72 2
65 9
64 2
62 2
65 9
64 2
62 2
62 9
61 2
59 2
61 9
24 4
72 14
33 4
33 4
53 6
55 12
52 4
52 2
52 6
50 4
50 4
49 4
49 4
33 4
33 4
53 6
55 12
52 4
52 2
52 6
53 4
53 4
54 4
54 4
55 2
72 2
55 2
72 2
57 2
72 2
57 2
72 2
58 2
72 2
58 2
72 2
59 2
72 2
59 2
72 2
60 2
72 2
60 2
72 2
61 2
72 2
61 2
72 2
62 2
72 2
62 2
72 2
64 2
72 2
64 2
72 2
65 9
64 2
62 2
65 9
64 2
62 2
62 9
61 2
59 2
61 9
24 4
E
S
H
72 14
55 2
72 2
55 2
72 2
57 2
72 2
57 2
72 2
58 2
72 2
58 2
72 2
59 2
72 2
59 2
72 2
60 2
72 2
60 2
72 2
61 2
72 2
61 2
72 2
62 2
72 2
62 2
72 2
64 2
72 2
64 2
72 2
65 9
72 14
55 2
72 2
55 2
72 2
57 2
72 2
57 2
72 2
58 2
72 2
58 2
72 2
59 2
72 2
59 2
72 2
60 2
72 2
60 2
72 2
61 2
72 2
61 2
72 2
62 2
72 2
62 2
72 2
64 2
72 2
64 2
72 2
65 9
E
S
H
72 14
38 4
38 4
57 6
58 12
55 4
55 2
55 6
52 4
52 4
52 4
52 4
38 4
38 4
57 6
58 12
55 4
55 2
55 6
57 4
57 4
60 4
60 4
55 2
55 2
72 2
55 2
72 2
57 2
72 2
57 2
72 2
58 2
72 2
58 2
72 2
59 2
72 2
59 2
72 2
60 2
72 2
60 2
72 2
61 2
72 2
61 2
72 2
62 2
72 2
62 2
72 2
64 2
72 2
64 2
72 2
65 9
64 2
62 2
65 9
64 2
62 2
62 9
61 2
59 2
61 8
24 4
72 14
38 4
38 4
57 6
58 12
55 4
55 2
55 6
52 4
52 4
52 4
52 4
38 4
38 4
57 6
58 12
55 4
55 2
55 6
57 4
57 4
60 4
60 4
55 2
55 2
72 2
55 2
72 2
57 2
72 2
57 2
72 2
58 2
72 2
58 2
72 2
59 2
72 2
59 2
72 2
60 2
72 2
60 2
72 2
61 2
72 2
61 2
72 2
62 2
72 2
62 2
72 2
64 2
72 2
64 2
72 2
65 9
64 2
62 2
65 9
64 2
62 2
62 9
61 2
59 2
61 8
24 4
E
S
H
72 14
26 7
28 7
29 7
72 4
33 4
31 4
34 4
41 9
41 4
40 4
38 4
40 4
43 4
37 9
34 4
33 4
28 4
31 7
29 11
33 4
38 4
40 4
41 9
40 4
41 4
43 4
36 4
38 4
40 9
38 4
40 4
41 4
31 2
33 2
34 7
34 2
36 2
38 8
37 2
38 2
40 2
41 9
40 2
38 2
40 8
72 2
24 4
26 7
28 7
29 7
72 4
33 4
31 4
34 4
41 9
41 4
40 4
38 4
40 4
43 4
37 9
34 4
33 4
28 4
31 7
29 11
33 4
38 4
40 4
41 9
40 4
41 4
43 4
36 4
38 4
40 9
38 4
40 4
41 4
31 2
33 2
34 7
34 2
36 2
38 3
72 1
31 2
30 2
31 2
30 2
31 4
35 2
34 2
35 7
35 2
36 2
38 2
72 2
35 2
29 2
35 2
38 2
41 2
44 2
45 14
72 14
26 7
28 7
29 7
72 4
33 4
31 4
34 4
41 9
41 4
40 4
38 4
40 4
43 4
37 9
34 4
33 4
28 4
31 7
29 11
33 4
38 4
40 4
41 9
40 4
41 4
43 4
36 4
38 4
40 9
38 4
40 4
41 4
31 2
33 2
34 7
34 2
36 2
38 8
37 2
38 2
40 2
41 9
40 2
38 2
40 8
72 2
24 4
26 7
28 7
29 7
72 4
33 4
31 4
34 4
41 9
41 4
40 4
38 4
40 4
43 4
37 9
34 4
33 4
28 4
31 7
29 11
33 4
38 4
40 4
41 9
40 4
41 4
43 4
36 4
38 4
40 9
38 4
40 4
41 4
31 2
33 2
34 7
34 2
36 2
38 3
72 1
31 2
30 2
31 2
30 2
31 4
35 2
34 2
35 7
35 2
36 2
38 2
72 2
35 2
29 2
35 2
38 2
41 2
44 2
45 14
72 14
26 7
28 7
29 7
72 4
33 4
31 4
34 4
41 9
41 4
40 4
38 4
40 4
43 4
37 9
34 4
33 4
28 4
31 7
29 11
33 4
E
S
L
72 14
31 2
33 2
34 7
34 2
36 2
38 2
72 2
31 2
30 2
31 2
30 2
31 4
35 2
34 2
35 7
35 2
36 2
38 2
72 2
35 2
29 2
35 2
38 2
41 2
44 2
45 10
50 9
49 2
47 2
49 13
72 14
31 2
33 2
34 7
34 2
36 2
38 2
72 2
31 2
30 2
31 2
30 2
31 4
35 2
34 2
35 7
35 2
36 2
38 2
72 2
35 2
29 2
35 2
38 2
41 2
44 2
45 10
50 9
49 2
47 2
49 13
E
S
H
72 14
44 2
45 10
50 9
49 2
47 2
49 13
72 14
44 2
45 10
50 9
49 2
47 2
49 13
E
S
H
38 4
40 2
41 4
72 4
38 2
40 2
41 2
72 2
38 2
40 2
41 2
40 2
38 4
40 2
41 2
43 4
72 4
40 2
41 2
43 2
72 2
40 2
41 2
43 2
41 2
40 4
41 2
43 2
45 4
72 4
41 2
43 2
45 2
72 2
41 2
43 2
45 2
43 2
41 4
43 2
45 2
46 4
72 2
45 2
43 2
41 2
40 2
38 2
36 2
38 2
40 2
41 2
43 2
40 2
38 2
33 2
40 2
33 2
41 8
72 2
38 2
40 2
41 2
40 2
38 4
40 2
31 2
41 2
31 2
43 8
72 2
40 2
41 2
43 2
41 2
40 4
41 2
34 2
43 2
34 2
45 8
72 2
41 2
43 2
45 2
43 2
41 4
43 2
45 2
46 4
72 2
43 2
40 2
38 2
36 2
31 2
36 2
38 2
40 2
24 4
26 8
28 7
29 7
72 4
33 4
31 4
34 4
41 9
41 4
40 4
38 4
40 4
43 4
37 9
34 4
33 4
28 4
31 7
29 11
33 4
38 4
40 4
41 9
40 4
41 4
43 4
36 4
38 4
40 9
38 4
40 4
41 4
31 2
33 2
34 7
34 2
36 2
38 8
37 2
38 2
40 2
41 9
40 2
38 2
40 7
72 2
24 4
26 8
28 7
29 7
72 4
33 4
31 4
34 4
41 9
41 4
40 4
38 4
40 4
43 4
37 9
34 4
33 4
28 4
31 7
29 11
33 4
38 4
40 4
41 9
40 4
41 4
43 4
36 4
38 4
40 9
38 4
40 4
41 4
72 14
26 8
28 7
29 7
72 4
33 4
31 4
34 4
41 9
41 4
40 4
38 4
40 4
43 4
37 9
34 4
33 4
28 4
31 7
29 11
33 4
38 4
40 4
41 9
40 4
41 4
43 4
36 4
38 4
40 9
38 4
40 4
41 4
31 2
33 2
34 7
34 2
36 2
38 8
37 2
38 2
40 2
41 9
40 2
38 2
40 7
72 2
24 4
26 8
28 7
29 7
72 4
33 4
31 4
34 4
41 9
41 4
40 4
38 4
40 4
43 4
37 9
34 4
33 4
28 4
31 7
29 11
33 4
38 4
40 4
41 9
40 4
41 4
43 4
36 4
38 4
40 9
38 4
40 4
41 4
72 14
26 8
28 7
29 7
72 4
33 4
31 4
34 4
41 9
41 4
40 4
38 4
40 4
43 4
37 9
34 4
33 4
28 4
31 7
29 11
33 4
E
S
H
72 14
26 7
28 7
29 7
72 4
33 4
31 4
34 4
41 9
41 4
40 4
38 4
40 4
43 4
37 9
34 4
33 4
28 4
31 7
29 11
33 4
38 4
40 4
41 9
40 4
41 4
43 4
36 4
38 4
40 9
38 4
40 4
41 4
31 2
33 2
34 7
34 2
36 2
38 8
37 2
38 2
40 2
41 9
40 2
38 2
40 8
72 2
24 4
26 7
28 7
29 7
72 4
33 4
31 4
34 4
41 9
41 4
40 4
38 4
40 4
43 4
37 9
34 4
33 4
28 4
31 7
29 11
33 4
38 4
40 4
41 9
40 4
41 4
43 4
36 4
38 4
40 9
38 4
40 4
41 4
31 2
33 2
34 7
34 2
36 2
38 3
72 1
31 2
30 2
31 2
30 2
31 4
35 2
34 2
35 7
35 2
36 2
38 2
72 2
35 2
29 2
35 2
38 2
41 2
44 2
45 14
72 14
26 7
28 7
29 7
72 4
33 4
31 4
34 4
41 9
41 4
40 4
38 4
40 4
43 4
37 9
34 4
33 4
28 4
31 7
29 11
33 4
38 4
40 4
41 9
40 4
41 4
43 4
36 4
38 4
40 9
38 4
40 4
41 4
31 2
33 2
34 7
34 2
36 2
38 8
37 2
38 2
40 2
41 9
40 2
38 2
40 8
72 2
24 4
26 7
28 7
29 7
72 4
33 4
31 4
34 4
41 9
41 4
40 4
38 4
40 4
43 4
37 9
34 4
33 4
28 4
31 7
29 11
33 4
38 4
40 4
41 9
40 4
41 4
43 4
36 4
38 4
40 9
38 4
40 4
41 4
31 2
33 2
34 7
34 2
36 2
38 3
72 1
31 2
30 2
31 2
30 2
31 4
35 2
34 2
35 7
35 2
36 2
38 2
72 2
35 2
29 2
35 2
38 2
41 2
44 2
45 14
72 14
26 7
28 7
29 7
72 4
33 4
31 4
34 4
41 9
41 4
40 4
38 4
40 4
43 4
37 9
34 4
33 4
28 4
31 7
29 11
33 4
E
S
H
72 14
192 7
127 7
218 7
127 7
231 7
127 7
127 7
127 7
192 7
127 7
218 7
127 7
231 7
127 7
127 7
127 7
205 7
127 7
218 7
127 7
244 7
127 7
127 7
127 7
205 7
127 7
218 7
127 7
244 7
127 7
127 7
127 7
127 7
218 7
153 7
218 7
166 7
218 7
127 7
218 7
127 7
218 7
153 7
218 7
166 7
218 7
127 7
218 7
114 7
127 7
153 7
114 7
153 7
166 7
192 7
218 7
231 7
218 7
192 7
166 7
153 7
127 7
114 7
218 7
E
X
