major
S
L
127 14
E
S
H
69 2
72 2
69 2
72 2
62 2
72 2
69 2
64 2
72 2
69 2
65 2
72 2
69 2
65 2
64 2
62 2
69 2
72 2
69 2
72 2
62 2
72 2
69 2
64 2
72 2
69 2
65 2
72 2
69 2
65 2
64 2
62 2
69 2
72 2
69 2
72 2
62 2
72 2
69 2
64 2
72 2
69 2
65 2
72 2
69 2
65 2
64 2
62 2
69 2
72 2
69 2
72 2
62 2
72 2
69 2
64 2
72 2
69 2
65 2
72 2
69 2
65 2
64 2
62 2
69 2
72 2
69 2
72 2
62 2
72 2
69 2
64 2
72 2
69 2
65 2
72 2
69 2
69 2
65 2
64 2
69 2
72 2
69 2
72 2
62 2
72 2
69 2
64 2
72 2
69 2
65 2
72 2
69 2
69 2
65 2
64 2
69 2
72 2
69 2
72 2
62 2
72 2
69 2
64 2
72 2
69 2
65 2
72 2
69 2
69 2
65 2
64 2
69 2
72 2
69 2
72 2
62 2
72 2
69 2
64 2
72 2
69 2
65 2
72 2
69 2
69 2
65 2
64 2
69 2
72 2
69 2
72 2
62 2
72 2
69 2
64 2
72 2
69 2
65 2
72 2
69 2
65 2
64 2
62 2
69 2
72 2
69 2
72 2
62 2
72 2
69 2
64 2
72 2
69 2
65 2
72 2
69 2
65 2
64 2
62 2
69 2
72 2
69 2
72 2
62 2
72 2
69 2
64 2
72 2
69 2
65 2
72 2
69 2
65 2
64 2
62 2
69 2
72 2
69 2
72 2
62 2
72 2
69 2
64 2
72 2
69 2
65 2
72 2
69 2
65 2
64 2
62 2
69 2
72 2
69 2
72 2
62 2
72 2
69 2
64 2
72 2
69 2
65 2
72 2
69 2
69 2
65 2
64 2
69 2
72 2
69 2
72 2
62 2
72 2
69 2
64 2
72 2
69 2
65 2
72 2
69 2
69 2
65 2
64 2
69 2
72 2
69 2
72 2
62 2
72 2
69 2
64 2
72 2
69 2
65 2
72 2
69 2
69 2
65 2
64 2
69 2
72 2
69 2
72 2
62 2
72 2
69 2
64 2
72 2
69 2
65 2
72 2
69 2
69 2
65 2
64 2
69 2
72 2
69 2
72 2
62 2
72 2
69 2
64 2
72 2
69 2
65 2
72 2
69 2
65 2
64 2
62 2
69 2
72 2
69 2
72 2
62 2
72 2
69 2
64 2
72 2
69 2
65 2
72 2
69 2
65 2
64 2
62 2
69 2
72 2
69 2
72 2
62 2
72 2
69 2
64 2
72 2
69 2
65 2
72 2
69 2
65 2
64 2
62 2
69 2
72 2
69 2
72 2
62 2
72 2
69 2
64 2
72 2
69 2
65 2
72 2
69 2
65 2
64 2
62 2
62 2
69 2
62 2
69 2
62 2
69 2
62 2
69 2
62 2
69 2
62 2
69 2
62 2
69 2
62 2
69 2
62 2
69 2
62 2
69 2
62 2
69 2
62 2
69 2
62 2
69 2
62 2
69 2
62 2
69 2
62 2
69 2
62 2
69 2
62 2
69 2
62 2
69 2
62 2
69 2
62 2
69 2
62 2
69 2
62 2
69 2
62 2
69 2
62 2
69 2
62 2
69 2
62 2
69 2
62 2
69 2
62 2
69 2
62 2
69 2
62 2
69 2
62 2
69 2
62 2
69 2
62 2
69 2
62 2
69 2
62 2
69 2
62 2
69 2
62 2
69 2
62 2
69 2
62 2
69 2
62 2
69 2
62 2
69 2
62 2
69 2
62 2
69 2
62 2
69 2
62 2
69 2
62 2
69 2
62 2
69 2
62 2
69 2
62 2
69 2
62 2
69 2
62 2
69 2
62 2
69 2
62 2
69 2
62 2
69 2
62 2
69 2
62 2
69 2
62 2
69 2
62 2
69 2
62 2
69 2
62 2
69 2
62 2
69 2
62 2
69 2
62 2
69 2
62 2
69 2
62 2
69 2
62 2
69 2
62 2
69 2
62 2
69 2
62 2
69 2
62 2
69 2
62 2
69 2
62 2
69 2
62 2
69 2
62 2
69 2
62 2
69 2
62 2
69 2
62 2
69 2
62 2
69 2
62 2
69 2
62 2
69 2
62 2
69 2
62 2
69 2
62 2
69 2
62 2
69 2
62 2
69 2
62 2
69 2
62 2
69 2
62 2
69 2
62 2
69 2
62 2
69 2
62 2
69 2
62 2
69 2
62 2
69 2
62 2
69 2
62 2
69 2
62 2
69 2
62 2
69 2
62 2
69 2
62 2
69 2
62 2
69 2
62 2
69 2
62 2
69 2
62 2
69 2
62 2
69 2
62 2
69 2
62 2
69 2
62 2
69 2
62 2
69 2
62 2
69 2
62 2
69 2
62 2
69 2
62 2
69 2
62 2
69 2
62 2
69 2
62 2
69 2
62 2
69 2
62 2
69 2
62 2
69 2
62 2
69 2
62 2
69 2
62 2
69 2
62 2
69 2
62 2
69 2
62 2
69 2
62 2
69 2
62 2
69 2
62 2
69 2
62 2
69 2
62 2
69 2
62 2
69 2
62 2
69 2
62 2
69 2
62 2
69 2
62 2
69 2
62 2
69 2
62 2
69 2
62 2
69 2
62 2
69 2
62 2
69 2
62 2
69 2
62 2
69 2
62 2
69 2
62 2
69 2
62 2
69 2
62 2
69 2
62 2
69 2
62 2
69 2
62 2
69 2
62 2
69 2
62 2
69 2
62 2
69 2
62 2
69 2
62 2
69 2
62 2
69 2
62 2
69 2
62 2
69 2
62 2
69 2
62 2
69 2
62 2
69 2
69 2
72 2
69 2
72 2
62 2
72 2
69 2
64 2
72 2
69 2
65 2
72 2
69 2
65 2
64 2
62 2
69 2
72 2
69 2
72 2
62 2
72 2
69 2
64 2
72 2
69 2
65 2
72 2
69 2
65 2
64 2
62 2
69 2
72 2
69 2
72 2
62 2
72 2
69 2
64 2
72 2
69 2
65 2
72 2
69 2
65 2
64 2
62 2
69 2
72 2
69 2
72 2
62 2
72 2
69 2
64 2
72 2
69 2
65 2
72 2
69 2
65 2
64 2
62 2
69 2
72 2
69 2
72 2
62 2
72 2
69 2
64 2
72 2
69 2
65 2
72 2
69 2
69 2
65 2
64 2
69 2
72 2
69 2
72 2
62 2
72 2
69 2
64 2
72 2
69 2
65 2
72 2
69 2
69 2
65 2
64 2
69 2
72 2
69 2
72 2
62 2
72 2
69 2
64 2
72 2
69 2
65 2
72 2
69 2
69 2
65 2
64 2
69 2
72 2
69 2
72 2
62 2
72 2
69 2
64 2
72 2
69 2
65 2
72 2
69 2
69 2
65 2
64 2
69 2
72 2
69 2
72 2
62 2
72 2
69 2
64 2
72 2
69 2
65 2
72 2
69 2
65 2
64 2
62 2
69 2
72 2
69 2
72 2
62 2
72 2
69 2
64 2
72 2
69 2
65 2
72 2
69 2
65 2
64 2
62 2
69 2
72 2
69 2
72 2
62 2
72 2
69 2
64 2
72 2
69 2
65 2
72 2
69 2
65 2
64 2
62 2
69 2
72 2
69 2
72 2
62 2
72 2
69 2
64 2
72 2
69 2
65 2
72 2
69 2
65 2
64 2
62 2
69 2
72 2
69 2
72 2
62 2
72 2
69 2
64 2
72 2
69 2
65 2
72 2
69 2
69 2
65 2
64 2
69 2
72 2
69 2
72 2
62 2
72 2
69 2
64 2
72 2
69 2
65 2
72 2
69 2
69 2
65 2
64 2
69 2
72 2
69 2
72 2
62 2
72 2
69 2
64 2
72 2
69 2
65 2
72 2
69 2
69 2
65 2
64 2
69 2
72 2
69 2
72 2
62 2
72 2
69 2
64 2
72 2
69 2
65 2
72 2
69 2
69 2
65 2
64 2
62 2
69 2
62 2
69 2
62 2
69 2
62 2
69 2
62 2
69 2
62 2
69 2
62 2
69 2
62 2
69 2
62 2
69 2
62 2
69 2
62 2
69 2
62 2
69 2
62 2
69 2
62 2
69 2
62 2
69 2
62 2
69 2
62 2
69 2
62 2
69 2
62 2
69 2
62 2
69 2
62 2
69 2
62 2
69 2
62 2
69 2
62 2
69 2
62 2
69 2
62 2
69 2
62 2
69 2
62 2
69 2
62 2
69 2
62 2
69 2
62 2
69 2
62 2
69 2
E
S
L
72 14
12 2
14 8
12 2
14 8
72 12
12 2
17 6
19 6
21 4
12 2
14 8
12 2
14 8
72 12
12 2
17 6
19 6
21 4
12 2
14 8
12 2
14 8
72 12
12 2
17 6
19 6
21 4
12 2
14 8
12 2
14 8
72 12
12 2
17 6
19 6
21 4
14 9
12 4
14 11
9 9
9 11
9 4
10 9
9 2
10 11
72 10
9 2
10 6
10 6
12 4
14 9
12 4
14 11
9 9
9 11
9 4
10 9
9 2
10 11
72 10
9 2
10 6
10 6
11 4
12 9
9 4
12 11
9 9
9 11
9 4
10 9
9 2
10 11
72 10
9 2
10 6
10 6
11 4
12 9
9 4
12 11
9 9
9 11
9 4
10 9
9 2
10 11
72 10
9 2
10 6
10 6
12 4
14 12
9 7
14 11
9 11
10 13
10 9
10 4
9 6
9 6
9 4
14 9
12 4
14 11
9 9
9 11
9 4
10 9
9 2
10 11
72 10
9 2
10 6
10 6
12 4
14 9
12 4
14 11
9 9
9 11
9 4
10 9
9 2
10 11
72 10
9 2
10 6
10 6
11 4
12 9
9 4
12 11
9 9
9 11
9 4
10 9
9 2
10 11
72 10
9 2
10 6
10 6
11 4
12 9
9 4
12 11
9 9
9 11
9 4
10 9
9 2
10 11
72 10
9 2
10 6
10 6
12 4
E
S
L
72 14
389 12
E
S
H
72 14
45 7
43 4
41 4
40 7
38 4
36 4
38 12
40 2
41 2
40 11
36 11
163 13
E
S
H
62 12
65 7
62 12
65 7
62 12
65 7
62 12
65 7
62 12
65 7
62 12
65 7
62 12
65 7
62 12
65 7
62 12
65 7
62 12
65 7
62 12
65 7
62 12
65 7
62 12
65 7
62 12
65 7
62 12
65 7
62 12
65 7
62 12
65 7
62 12
65 7
62 12
65 7
62 12
65 7
62 12
65 7
62 12
65 7
62 12
65 7
62 12
65 7
62 12
65 7
62 12
65 7
62 12
65 7
62 12
65 7
62 12
65 7
62 12
65 7
62 12
65 7
62 12
65 7
62 12
65 7
62 12
65 7
62 12
65 7
62 12
65 7
62 12
65 7
62 12
65 7
62 12
65 7
62 12
65 7
62 12
65 7
62 12
65 7
62 12
65 7
62 12
65 7
62 12
65 7
62 12
65 7
62 12
65 7
62 12
65 7
62 12
65 7
62 12
65 7
62 12
65 7
62 12
65 7
62 12
65 7
62 12
65 7
62 12
65 7
62 12
65 7
E
X
