minor
S
L
72 13
10 7
9 4
10 4
72 4
24 4
72 4
22 4
72 4
17 4
10 7
14 7
10 7
15 7
15 4
15 4
72 4
15 4
72 4
11 7
11 4
11 7
13 7
9 7
10 7
9 4
10 4
72 4
24 4
72 4
22 4
72 4
17 4
10 7
14 7
10 7
15 7
15 4
15 4
72 4
15 4
72 4
17 4
72 7
17 4
72 7
5 4
5 7
10 7
9 4
10 4
72 4
24 4
72 4
22 4
72 4
17 4
10 7
14 7
10 7
15 7
15 4
15 4
72 4
15 4
72 4
11 7
11 4
11 7
13 7
9 7
10 7
9 4
10 4
72 4
24 4
72 4
22 4
72 4
17 4
10 7
14 7
10 7
15 7
15 4
15 4
72 4
15 4
72 4
11 7
11 4
11 7
13 7
9 7
10 7
9 4
10 4
72 4
24 4
72 4
22 4
72 4
17 4
10 7
14 7
10 7
15 7
15 4
15 4
72 4
15 4
72 4
17 4
72 4
17 4
5 7
12 7
10 4
12 4
10 7
10 4
10 4
72 4
10 4
72 4
15 7
15 4
15 7
13 7
15 7
8 7
8 4
8 4
72 4
8 4
72 4
13 7
13 4
8 7
10 7
13 7
10 7
10 4
10 4
72 4
24 4
72 4
22 4
72 4
17 4
10 7
14 7
10 7
15 7
15 4
15 4
72 4
15 4
72 4
11 7
11 4
11 7
13 7
9 7
10 7
10 4
10 4
72 4
24 4
72 4
22 4
72 4
17 4
10 7
14 7
10 7
15 7
15 4
15 4
72 4
15 4
72 4
11 7
11 4
11 7
13 7
9 7
10 7
9 4
10 4
72 4
24 4
72 4
22 4
72 4
17 4
10 7
14 7
10 7
15 7
15 4
15 4
72 4
15 4
72 4
17 4
72 4
17 4
5 7
12 7
10 4
12 4
10 7
10 4
10 4
72 4
10 4
72 4
15 7
15 4
15 7
13 7
15 7
8 7
8 4
8 4
72 4
8 4
72 4
13 7
13 4
8 7
10 7
13 7
10 7
10 4
10 4
72 4
10 4
72 4
17 4
72 4
17 4
10 7
13 7
17 7
15 7
15 4
15 4
72 4
15 4
72 4
15 7
15 4
10 7
13 7
15 7
8 7
8 4
8 4
72 4
8 4
72 4
8 4
72 4
8 4
15 7
8 7
8 7
13 7
11 4
13 4
72 4
13 4
72 4
13 4
72 4
13 4
8 7
11 7
13 7
10 7
10 4
10 4
72 4
10 4
72 4
10 4
10 4
10 4
12 4
12 4
13 4
13 4
14 4
14 4
15 7
13 4
15 4
72 4
15 4
72 4
15 7
15 4
10 7
13 7
15 7
8 7
8 4
8 4
72 4
8 4
72 4
6 4
72 4
6 4
6 7
6 7
6 7
17 7
17 4
17 4
72 4
17 4
72 4
17 4
72 4
17 4
12 7
15 7
17 7
10 7
9 4
10 4
72 4
24 4
72 4
22 4
72 4
17 4
10 7
14 7
10 7
15 7
15 4
15 4
72 4
15 4
72 4
11 7
11 4
11 7
13 7
9 7
10 7
9 4
10 4
72 4
24 4
72 4
22 4
72 4
17 4
10 7
14 7
10 7
15 7
15 4
15 4
72 4
15 4
72 4
11 7
11 4
11 7
13 7
9 7
10 7
9 4
10 4
72 4
24 4
72 4
22 4
72 4
17 4
10 7
14 7
10 7
15 7
15 4
15 4
72 4
15 4
72 4
11 7
11 4
11 7
13 7
9 7
10 7
9 4
10 4
72 4
24 4
72 4
22 4
72 4
17 4
10 7
14 7
10 7
15 7
15 4
15 4
72 4
15 4
72 4
17 4
72 7
17 4
72 7
5 4
5 7
10 7
9 4
10 4
72 4
24 4
72 4
22 4
72 4
17 4
10 7
14 7
10 7
15 7
15 4
15 4
72 4
15 4
72 4
11 7
11 4
11 7
13 7
9 7
10 7
9 4
10 4
72 4
24 4
72 4
22 4
72 4
17 4
10 7
14 7
10 7
15 7
15 4
15 4
72 4
15 4
72 4
11 7
11 4
11 7
13 7
9 7
10 7
9 4
10 4
72 4
24 4
72 4
22 4
72 4
17 4
10 7
14 7
10 7
15 7
15 4
15 4
72 4
15 4
72 4
17 4
72 4
17 4
5 7
12 7
10 4
12 4
10 7
10 4
10 4
72 4
10 4
72 4
15 7
15 4
15 7
13 7
15 7
8 7
8 4
8 4
72 4
8 4
72 4
13 7
13 4
8 7
10 7
13 7
10 7
10 4
10 4
72 4
24 4
72 4
22 4
72 4
17 4
10 7
14 7
10 7
15 7
15 4
15 4
72 4
15 4
72 4
11 7
11 4
11 7
13 7
9 7
10 7
10 4
10 4
72 4
24 4
72 4
22 4
72 4
17 4
10 7
14 7
10 7
15 7
15 4
15 4
72 4
15 4
72 4
11 7
11 4
11 7
13 7
9 7
10 7
9 4
10 4
72 4
24 4
72 4
22 4
72 4
17 4
10 7
14 7
10 7
15 7
15 4
15 4
72 4
15 4
72 4
17 4
72 4
17 4
5 7
12 7
10 4
12 4
10 7
10 4
10 4
72 4
10 4
72 4
15 7
15 4
15 7
13 7
15 7
8 7
8 4
8 4
72 4
8 4
72 4
13 7
13 4
8 7
10 7
13 7
10 7
10 4
10 4
72 4
10 4
72 4
17 4
72 4
17 4
10 7
13 7
17 7
15 7
15 4
15 4
72 4
15 4
72 4
15 7
15 4
10 7
13 7
15 7
8 7
8 4
8 4
72 4
8 4
72 4
8 4
72 4
8 4
15 7
8 7
8 7
13 7
11 4
13 4
72 4
13 4
72 4
13 4
72 4
13 4
8 7
11 7
13 7
10 7
10 4
10 4
72 4
10 4
72 4
10 4
10 4
10 4
12 4
12 4
13 4
13 4
14 4
14 4
15 7
13 4
15 4
72 4
15 4
72 4
15 7
15 4
10 7
13 7
15 7
8 7
8 4
8 4
72 4
8 4
72 4
6 4
72 4
6 4
6 7
6 7
6 7
17 7
17 4
17 4
72 4
17 4
72 4
17 4
72 4
17 4
12 7
15 7
17 7
10 7
9 4
10 4
72 4
24 4
72 4
22 4
72 4
17 4
10 7
14 7
10 7
15 7
15 4
15 4
72 4
15 4
72 4
11 7
11 4
11 7
13 7
9 7
10 7
9 4
10 4
72 4
24 4
72 4
22 4
72 4
17 4
10 7
14 7
10 7
15 7
15 4
15 4
72 4
15 4
72 4
11 7
11 4
11 7
13 7
9 7
10 7
9 4
10 4
72 4
24 4
72 4
22 4
72 4
17 4
10 7
14 7
10 7
15 7
15 4
15 4
72 4
15 4
72 4
11 7
11 4
11 7
13 7
9 7
10 7
9 4
10 4
72 4
24 4
72 4
22 4
72 4
17 4
10 7
14 7
10 7
15 7
15 4
15 4
72 4
15 4
72 4
17 4
72 7
17 4
72 7
5 4
5 7
10 14
E
S
H
72 14
40 0
72 2
41 9
37 9
41 7
41 9
42 9
49 13
48 4
47 4
46 14
44 9
42 9
41 7
49 9
47 9
46 7
46 12
45 7
46 9
49 9
53 7
53 9
54 9
46 11
72 7
49 11
51 12
72 4
49 13
72 4
214 13
72 14
62 3
60 3
57 3
53 14
72 14
48 4
50 4
48 13
72 14
62 3
60 3
57 3
53 14
72 14
40 0
72 2
41 9
37 9
41 7
41 9
42 9
49 13
48 4
47 4
46 14
44 9
42 9
41 7
49 9
47 9
46 7
46 12
45 7
46 9
49 9
53 7
53 9
54 9
46 11
72 7
49 11
51 12
72 4
49 13
72 4
214 13
72 14
62 3
60 3
57 3
53 14
72 14
48 4
50 4
48 13
72 14
62 3
60 3
57 3
53 14
72 13
53 14
E
S
H
72 14
40 0
72 2
41 9
37 9
41 7
41 9
42 9
49 13
48 4
47 4
46 14
44 9
42 9
41 7
49 9
47 9
46 7
46 12
45 7
46 9
49 9
53 7
53 9
54 9
46 11
72 7
49 11
51 12
72 14
40 0
72 2
41 9
37 9
41 7
41 9
42 9
49 13
48 4
47 4
46 14
44 9
42 9
41 7
49 9
47 9
46 7
46 12
45 7
46 9
49 9
53 7
53 9
54 9
46 11
72 7
49 11
51 12
E
S
H
72 14
40 0
72 0
41 9
37 9
72 0
41 7
41 9
42 9
72 0
49 13
48 4
47 4
72 0
46 14
44 9
42 9
72 0
41 7
49 9
47 9
72 0
46 7
46 12
45 7
46 9
49 9
72 0
53 7
53 9
54 9
72 0
46 11
72 7
49 11
51 12
72 14
40 0
41 9
72 1
37 9
41 7
41 9
72 1
42 9
49 13
48 4
72 1
47 4
46 14
44 9
72 1
42 9
41 7
49 9
72 1
47 9
46 7
46 12
45 7
46 9
72 1
49 9
53 7
53 9
72 1
54 9
46 11
72 7
49 11
51 12
72 14
62 3
72 1
60 3
57 3
53 14
72 14
48 4
72 1
50 4
48 13
72 14
62 3
72 1
60 3
57 3
53 14
E
X
