minor
S
H
72 14
39 0
40 11
72 1
42 4
43 4
45 4
46 0
47 6
72 2
45 7
43 7
42 7
42 0
43 3
72 1
40 4
40 4
40 4
35 4
35 4
40 4
42 4
43 0
45 3
72 1
43 4
42 4
43 2
45 11
39 0
40 11
72 1
42 4
43 4
45 4
46 0
47 6
72 2
45 7
43 7
42 7
42 0
43 3
72 1
40 4
40 4
40 4
35 4
35 4
40 4
42 4
43 0
45 3
72 1
43 4
42 4
43 0
72 1
45 6
72 0
45 4
47 4
45 4
43 4
40 4
36 4
43 4
40 4
36 4
43 4
40 4
45 4
42 4
38 4
45 4
42 4
38 4
45 4
42 4
47 4
43 4
40 4
47 4
43 4
40 4
50 4
48 4
47 4
48 4
47 4
43 11
43 4
40 4
36 4
43 4
40 4
36 4
43 4
40 4
45 4
42 4
38 4
45 4
42 4
38 4
45 4
42 4
47 4
43 4
40 4
47 4
43 4
40 4
50 4
48 4
47 4
45 4
47 4
52 11
72 4
40 12
41 13
42 13
41 13
40 12
41 13
42 13
41 12
72 14
26 13
30 9
29 11
26 13
30 9
29 11
26 13
30 9
29 11
26 13
30 9
29 11
26 13
30 9
29 11
26 13
30 9
29 11
26 13
30 9
29 11
26 13
30 9
29 11
28 13
26 13
72 7
36 9
72 4
36 9
72 4
38 2
72 2
38 2
72 8
36 9
72 4
36 9
72 4
38 2
72 2
38 2
72 8
36 9
72 4
36 9
72 4
38 2
72 2
38 2
72 8
36 9
72 4
36 4
38 13
156 13
131 13
105 13
131 13
240 13
134 13
136 13
182 13
72 7
159 13
E
S
H
72 14
52 11
54 4
55 4
57 4
59 7
57 7
55 7
54 7
55 4
52 4
52 4
52 4
47 4
47 4
52 4
54 4
57 4
55 4
54 4
57 11
52 11
54 4
55 4
57 4
58 0
59 6
72 2
57 7
55 7
54 7
55 4
52 4
52 4
52 4
47 4
47 4
52 4
54 4
57 4
55 4
54 4
57 7
57 4
59 4
57 4
55 4
52 4
48 4
55 4
52 4
48 4
55 4
52 4
57 4
54 4
50 4
57 4
54 4
50 4
57 4
54 4
59 4
55 4
52 4
59 4
55 4
52 4
62 4
60 4
62 4
64 4
62 4
59 11
59 4
55 4
52 4
59 4
55 4
52 4
59 4
55 4
60 4
57 4
54 4
60 4
57 4
54 4
60 4
57 4
62 4
59 4
55 4
62 4
59 4
55 4
66 4
64 4
62 4
60 4
62 4
67 11
72 4
36 12
36 13
36 13
36 13
36 12
36 13
36 13
36 13
72 14
240 13
215 13
189 13
215 13
31 13
34 9
33 11
31 13
34 9
33 11
31 13
34 9
33 11
31 13
34 9
33 11
31 13
34 9
33 11
31 13
34 9
33 11
31 13
34 9
33 11
31 13
34 9
33 11
31 13
30 13
72 7
40 9
72 4
40 9
72 4
42 2
72 2
42 2
72 8
40 9
72 4
40 9
72 4
42 2
72 2
42 2
72 8
40 9
72 4
40 9
72 4
42 2
72 2
42 2
72 8
40 9
72 4
40 4
42 13
240 13
215 13
189 13
215 13
189 13
215 13
240 13
134 13
72 7
804 13
E
S
L
72 13
16 4
16 4
16 4
16 4
16 4
16 4
16 4
16 4
72 4
12 9
14 11
16 4
16 4
16 4
16 4
16 4
16 4
16 4
16 4
72 4
12 9
14 11
4 4
16 4
4 4
16 4
4 4
16 4
4 4
16 4
4 4
16 4
4 4
16 4
4 4
16 4
4 4
16 4
4 4
16 4
4 4
16 4
4 4
16 4
4 4
16 4
14 4
26 4
14 4
26 4
14 4
26 4
14 4
26 4
4 4
16 4
4 4
16 4
4 4
16 4
4 4
16 4
4 4
16 4
4 4
16 4
4 4
16 4
4 4
16 4
4 4
16 4
4 4
16 4
4 4
16 4
4 4
16 4
14 4
26 4
14 4
26 4
14 4
26 4
14 4
26 4
12 4
12 4
24 4
24 4
19 4
19 4
24 4
24 4
14 4
14 4
26 4
26 4
21 4
21 4
26 4
26 4
4 4
4 4
16 4
16 4
11 4
11 4
4 4
4 4
16 4
14 4
16 4
4 4
4 4
11 4
16 4
23 4
12 4
12 4
24 4
24 4
19 4
19 4
24 4
24 4
14 4
14 4
26 4
26 4
21 4
21 4
26 4
26 4
4 4
16 4
16 4
4 4
16 4
16 4
14 4
16 4
21 4
23 4
14 4
16 4
9 4
11 4
4 7
9 2
9 2
21 2
21 2
9 2
9 2
21 2
21 2
9 2
9 2
21 2
21 2
9 2
9 2
21 2
21 2
9 2
9 2
21 2
21 2
9 2
9 2
21 2
21 2
9 2
9 2
21 2
21 2
9 2
9 2
21 2
21 2
9 2
9 2
21 2
21 2
9 2
9 2
21 2
21 2
9 2
9 2
21 2
21 2
9 2
9 2
21 2
21 2
9 2
9 2
21 2
21 2
9 2
9 2
21 2
21 2
9 2
9 2
21 2
21 2
9 2
9 2
21 2
21 2
9 2
9 2
21 2
21 2
9 2
9 2
21 2
21 2
9 2
9 2
21 2
21 2
9 2
9 2
21 2
21 2
9 2
9 2
21 2
21 2
9 2
9 2
21 2
21 2
9 2
9 2
21 2
21 2
9 2
9 2
21 2
21 2
9 2
9 2
21 2
21 2
9 2
9 2
21 2
21 2
9 2
9 2
21 2
21 2
9 2
9 2
21 2
21 2
9 2
9 2
21 2
21 2
9 2
9 2
21 2
21 2
9 2
9 2
21 2
21 2
9 2
9 2
21 2
21 2
5 2
5 2
17 2
17 2
5 2
5 2
17 2
17 2
5 2
5 2
17 2
17 2
5 2
5 2
17 2
17 2
7 2
7 2
19 2
19 2
7 2
7 2
19 2
19 2
7 2
7 2
19 2
19 2
7 2
7 2
19 2
19 2
9 2
9 2
21 2
21 2
9 2
9 2
21 2
21 2
9 2
9 2
21 2
21 2
9 2
9 2
21 2
21 2
9 2
9 2
21 2
21 2
9 2
9 2
21 2
21 2
7 2
7 2
19 2
19 2
7 2
7 2
19 2
19 2
5 2
5 2
17 2
17 2
5 2
5 2
17 2
17 2
5 2
5 2
17 2
17 2
5 2
5 2
17 2
17 2
7 2
7 2
19 2
19 2
7 2
7 2
19 2
19 2
7 2
7 2
19 2
19 2
7 2
7 2
19 2
19 2
9 2
9 2
21 2
21 2
9 2
9 2
21 2
21 2
9 2
9 2
21 2
21 2
9 2
9 2
21 2
21 2
9 2
9 2
9 2
72 6
9 2
9 2
9 2
72 10
4 4
4 4
11 4
4 4
14 4
4 4
11 4
14 4
2 4
2 4
9 4
2 4
14 4
12 4
11 4
9 4
12 4
12 4
7 4
12 4
16 4
7 4
12 4
14 4
2 4
2 4
9 4
2 4
14 4
9 4
7 4
2 4
4 7
11 4
4 4
4 4
14 4
4 4
4 4
13 4
4 4
11 4
4 4
9 4
4 4
4 4
9 4
4 7
9 4
4 4
4 4
11 4
4 4
4 4
14 4
4 4
16 4
4 4
13 4
4 4
4 4
9 4
4 7
11 4
4 4
4 4
14 4
4 4
4 4
13 4
4 4
11 4
4 4
9 4
4 4
4 4
9 4
4 7
9 4
4 4
4 4
11 4
4 4
4 4
14 4
4 4
4 4
13 4
4 4
4 4
11 4
14 4
4 7
11 4
4 4
4 4
14 4
4 4
4 4
13 4
4 4
11 4
4 4
9 4
4 4
4 4
9 4
4 7
9 4
4 4
4 4
11 4
4 4
4 4
14 4
4 4
16 4
4 4
13 4
4 4
4 4
9 4
4 7
11 4
4 4
4 4
14 4
4 4
4 4
13 4
4 4
11 4
4 4
9 4
4 4
4 4
9 4
4 7
9 4
4 4
4 4
11 4
4 4
4 4
14 4
4 4
4 4
13 4
4 4
4 4
11 4
14 4
4 4
11 4
14 4
4 4
9 4
11 4
4 4
16 4
2 4
7 4
9 4
2 4
14 4
7 4
9 4
14 4
0 4
12 4
72 7
0 4
12 4
72 7
0 4
12 4
72 7
0 4
12 4
72 7
0 4
12 4
72 7
0 4
12 4
72 7
0 4
12 4
72 7
0 4
12 4
72 7
0 4
12 4
72 7
0 4
12 4
72 7
0 4
12 7
14 13
72 4
4 4
4 4
11 4
4 4
14 4
4 4
11 4
14 4
2 4
2 4
9 4
2 4
14 4
12 4
11 4
9 4
12 4
12 4
7 4
12 4
16 4
7 4
12 4
14 4
2 4
2 4
9 4
2 4
14 4
9 4
7 4
2 4
4 4
4 4
11 4
4 4
16 4
4 4
11 4
4 4
6 4
6 4
18 4
6 4
13 4
6 4
18 4
6 4
7 4
7 4
19 4
7 4
14 4
7 4
19 4
7 4
9 4
9 4
16 4
9 4
21 4
16 4
9 4
21 4
72 7
10 13
E
S
H
72 14
103 4
235 4
211 4
215 11
72 14
103 4
235 4
211 4
134 11
72 14
72 7
45 7
191 0
72 7
53 4
52 9
50 7
165 0
72 7
52 4
48 12
50 4
48 4
152 0
72 13
45 7
191 0
72 7
53 4
52 9
50 7
165 0
72 7
52 4
48 13
217 0
72 13
72 14
35 13
37 9
36 11
35 13
37 9
36 11
35 13
37 9
36 11
35 13
37 9
36 11
35 13
37 9
36 11
35 13
37 9
36 11
35 13
37 9
36 11
35 13
37 9
36 11
72 14
28 2
29 2
31 2
33 2
35 2
36 2
40 7
28 2
29 2
31 2
33 2
35 2
36 2
40 7
72 11
28 2
29 2
31 2
33 2
35 2
36 2
40 7
28 2
29 2
31 2
33 2
35 2
36 2
40 7
72 11
28 2
29 2
31 2
33 2
35 2
36 2
40 7
28 2
29 2
31 2
33 2
35 2
36 2
40 7
72 11
28 2
29 2
31 2
33 2
35 2
36 2
40 7
28 2
29 2
31 2
33 2
35 2
36 2
40 4
42 13
E
S
H
72 14
28 9
30 11
72 13
28 9
30 11
16 4
72 12
16 4
72 12
16 4
72 14
16 4
72 12
16 4
72 12
16 4
72 14
28 11
31 11
30 11
33 11
28 11
31 11
35 7
31 7
28 7
23 7
28 11
31 11
30 11
33 11
28 11
31 11
35 7
31 7
28 7
23 7
72 14
36 12
35 11
38 9
40 13
40 11
38 11
36 12
35 11
38 9
40 13
72 14
40 13
42 9
41 11
40 13
42 9
41 11
40 13
42 9
41 11
40 13
42 9
41 11
40 13
42 9
41 11
40 13
42 9
41 11
40 13
42 9
41 11
40 13
42 9
41 11
72 14
64 2
62 2
69 2
64 2
62 2
57 2
52 2
50 2
45 2
50 2
52 2
57 2
62 2
64 2
69 2
62 2
64 2
62 2
69 2
64 2
62 2
69 2
64 2
62 2
69 2
64 2
62 2
57 2
E
S
H
72 13
52 3
72 1
47 3
72 1
47 3
72 1
47 3
72 1
43 3
72 1
43 3
72 1
43 3
72 1
40 3
72 1
40 3
72 1
43 9
45 11
52 3
72 1
47 3
72 1
47 3
72 1
47 3
72 1
43 3
72 1
43 3
72 1
43 3
72 1
40 3
72 1
40 3
72 1
43 9
45 11
72 14
26 13
30 9
29 11
26 13
30 9
29 11
26 13
30 9
29 11
26 13
30 9
29 11
26 13
30 9
29 11
26 13
30 9
29 11
26 13
30 9
29 11
26 13
30 9
29 11
E
S
H
72 14
153 9
244 9
218 7
127 9
101 9
244 7
101 9
127 9
153 7
127 9
218 11
153 9
244 9
218 7
127 9
153 9
179 7
192 9
218 9
244 7
127 9
218 11
E
X
