minor
S
L
385 6
385 2
72 7
1787 6
1787 2
72 7
1799 6
1799 2
72 8
1799 2
72 4
203 7
385 6
385 2
72 7
1787 6
1787 2
72 7
1799 6
1799 2
72 7
698 7
541 7
385 6
385 2
72 7
1787 6
1787 2
72 7
1799 6
1799 2
72 8
1799 2
72 6
203 6
385 6
385 2
72 7
1787 6
1787 2
72 7
1799 6
1799 2
72 8
698 2
72 6
541 6
385 6
385 2
72 7
1787 6
1787 2
72 7
1799 6
1799 2
72 8
1799 2
72 6
203 6
385 6
385 2
72 7
1787 6
1787 2
72 7
1799 6
1799 2
72 8
698 2
72 6
541 6
72 14
385 6
385 2
72 7
1787 6
1787 2
72 7
1799 6
1799 2
72 8
1799 2
72 6
203 6
385 6
385 2
72 7
1787 6
1787 2
72 7
1799 6
1799 2
72 8
698 2
72 6
541 6
385 6
385 2
72 7
1787 6
1787 2
72 7
1799 6
1799 2
72 8
1799 2
72 6
203 6
385 6
385 2
72 7
1787 6
1787 2
72 7
1799 6
1799 2
72 8
698 2
72 6
541 6
E
S
H
37 9
32 2
72 2
37 2
72 2
32 2
39 2
37 2
39 2
72 2
37 9
35 2
37 2
35 2
72 7
32 7
37 9
32 2
72 2
37 2
72 2
32 2
39 2
37 2
39 2
72 2
40 9
37 2
40 2
42 2
44 2
42 2
40 2
42 2
40 2
39 2
37 2
36 2
37 9
32 2
72 2
37 2
72 2
32 2
39 2
37 2
39 2
72 2
37 9
35 2
37 2
35 2
72 7
32 7
37 9
32 2
72 2
37 2
72 2
32 2
39 2
37 2
39 2
72 2
40 9
37 2
40 2
42 2
44 2
42 2
40 2
42 2
40 2
39 2
37 2
36 2
37 9
32 2
72 2
37 2
72 2
32 2
39 2
37 2
39 2
72 2
37 9
35 2
37 2
35 2
72 7
32 7
37 9
32 2
72 2
37 2
72 2
32 2
39 2
37 2
39 2
72 2
40 9
37 2
40 2
42 2
44 2
42 2
40 2
42 2
40 2
39 2
37 2
36 2
37 12
72 13
37 9
32 2
72 2
37 2
72 2
32 2
39 2
37 2
39 2
72 2
37 9
35 2
37 2
35 2
72 7
32 7
37 9
32 2
72 2
37 2
72 2
32 2
39 2
37 2
39 2
72 2
40 9
37 2
40 2
42 2
44 2
42 2
40 2
42 2
40 2
39 2
37 2
36 2
37 9
32 2
72 2
37 2
72 2
32 2
39 2
37 2
39 2
72 2
37 9
35 2
37 2
35 2
72 7
32 7
37 9
32 2
72 2
37 2
72 2
32 2
39 2
37 2
39 2
72 2
40 9
37 2
40 2
42 2
44 2
42 2
40 2
42 2
40 2
39 2
37 2
36 2
37 12
E
S
L
72 14
121 4
121 2
697 2
72 7
148 2
184 4
671 2
72 7
215 4
215 2
359 2
72 7
122 2
698 4
122 2
137 2
1001 4
137 2
E
S
H
72 14
61 11
71 7
61 7
68 11
66 7
68 7
61 11
72 14
61 11
71 7
61 7
68 11
66 7
68 7
61 11
E
S
L
72 14
21 2
21 4
21 2
72 4
21 2
21 2
21 6
21 2
72 7
21 2
21 4
21 2
72 6
21 2
21 2
21 2
21 2
21 2
21 0
21 0
72 2
21 2
21 2
21 2
218 2
21 4
21 2
72 4
21 2
21 2
21 6
21 2
72 7
21 2
21 4
21 2
72 6
21 2
21 0
21 0
72 2
21 2
21 2
21 2
21 2
21 2
21 2
21 2
21 2
21 4
21 2
72 4
21 2
21 2
21 6
21 2
72 7
21 2
21 4
21 2
72 6
21 2
21 0
21 0
72 2
21 2
21 2
21 2
21 2
21 2
21 2
21 2
21 2
21 4
21 2
72 4
21 2
21 2
21 6
21 2
72 7
21 2
21 4
21 2
72 6
21 2
21 0
21 0
72 2
21 2
21 2
21 2
21 2
21 2
21 2
21 2
21 2
21 4
21 2
72 4
21 2
21 2
21 6
21 2
72 7
21 2
21 4
21 2
72 6
21 2
21 0
21 0
72 2
21 2
21 2
21 2
21 2
21 2
21 2
21 2
72 14
218 2
21 4
21 2
72 4
21 2
21 2
21 6
21 2
72 7
21 2
21 4
21 2
72 6
21 2
21 0
21 0
72 2
21 2
21 2
21 2
21 2
21 2
21 2
21 2
21 2
21 4
21 2
72 4
21 2
21 2
21 6
21 2
72 7
21 2
21 4
21 2
72 6
21 2
21 0
21 0
72 2
21 2
21 2
21 2
21 2
21 2
21 2
21 2
21 2
21 4
21 2
72 4
21 2
21 2
21 6
21 2
72 7
21 2
21 4
21 2
72 6
21 2
21 0
21 0
72 2
21 2
21 2
21 2
21 2
21 2
21 2
21 2
21 2
21 4
21 2
72 4
21 2
21 2
21 6
21 2
72 7
21 2
21 4
21 2
72 6
21 2
21 0
21 0
72 2
21 2
21 2
21 2
21 2
21 2
21 2
21 2
E
S
H
72 14
49 4
56 2
54 2
72 2
52 2
72 2
49 8
72 2
47 2
49 2
52 8
72 2
49 2
52 2
54 2
56 4
54 4
52 4
54 4
56 11
59 8
51 2
52 2
49 12
72 7
49 4
56 2
54 2
72 2
52 2
72 2
49 8
72 2
47 2
49 2
52 8
72 2
49 2
52 2
54 2
56 2
49 2
56 6
54 2
56 2
59 2
52 7
72 2
56 2
63 2
56 2
63 7
64 7
61 11
59 2
61 2
59 2
56 2
59 2
56 2
54 2
61 2
59 2
56 2
59 2
56 2
54 2
52 2
49 2
61 2
59 2
56 2
59 2
56 2
54 2
52 2
49 2
61 2
59 2
56 2
59 2
56 2
54 2
52 2
49 2
61 2
59 2
56 2
59 2
56 2
54 2
52 2
49 2
49 4
56 2
54 2
72 2
52 2
72 2
49 8
72 2
47 2
49 2
52 8
72 2
49 2
52 2
54 2
56 4
54 4
52 4
54 4
56 11
59 8
51 2
52 2
49 12
72 7
49 4
56 2
54 2
72 2
52 2
72 2
49 8
72 2
47 2
49 2
52 8
72 2
49 2
52 2
54 2
56 2
49 2
56 6
54 2
56 2
59 2
52 7
72 2
56 2
63 2
56 2
63 7
64 7
61 11
59 2
61 2
59 2
56 2
59 2
56 2
54 2
61 2
59 2
56 2
59 2
56 2
54 2
52 2
49 2
61 2
59 2
56 2
59 2
56 2
54 2
52 2
49 2
61 2
59 2
56 2
59 2
56 2
54 2
52 2
49 2
61 2
59 2
56 2
59 2
56 2
54 2
52 2
49 2
E
S
L
72 14
15 2
72 10
15 2
72 10
15 2
72 11
15 2
15 2
72 8
15 2
72 10
15 2
72 10
15 2
72 11
15 2
15 2
72 8
15 2
72 10
15 2
72 10
15 2
72 11
15 2
15 2
72 8
15 2
72 10
15 2
72 10
15 2
72 6
15 2
72 6
15 2
72 6
15 2
72 14
15 2
72 10
15 2
72 10
15 2
72 11
15 2
15 2
72 8
15 2
72 10
15 2
72 10
15 2
72 11
15 2
15 2
72 8
15 2
72 10
15 2
72 10
15 2
72 11
15 2
15 2
72 8
15 2
72 10
15 2
72 10
15 2
72 6
15 2
72 6
15 2
72 6
15 2
E
S
H
72 14
46 2
46 4
46 2
72 4
46 2
46 2
46 2
46 4
46 2
72 4
46 2
46 2
46 2
46 4
46 2
72 4
46 2
46 2
46 0
46 0
72 2
46 2
46 2
46 2
46 2
46 2
46 2
46 2
46 2
46 4
46 2
72 4
46 2
46 2
46 2
46 4
46 2
72 4
46 2
46 2
46 2
46 4
46 2
72 4
46 2
46 2
46 0
46 0
72 2
46 2
46 2
46 2
46 2
46 2
46 2
46 2
46 2
46 4
46 2
72 4
46 2
46 2
46 2
46 4
46 2
72 4
46 2
46 2
46 2
46 4
46 2
72 4
46 2
46 2
46 0
46 0
72 2
46 2
46 2
46 2
46 2
46 2
46 2
46 2
46 2
46 4
46 2
72 4
46 2
46 2
46 2
46 4
46 2
72 4
46 2
46 2
46 2
46 4
46 2
72 4
46 2
46 2
46 0
46 0
72 2
46 2
46 2
46 2
46 2
46 2
46 2
46 2
72 14
46 2
46 4
46 2
72 4
46 2
46 2
46 2
46 4
46 2
72 4
46 2
46 2
46 2
46 4
46 2
72 4
46 2
46 2
46 0
46 0
72 2
46 2
46 2
46 2
46 2
46 2
46 2
46 2
46 2
46 4
46 2
72 4
46 2
46 2
46 2
46 4
46 2
72 4
46 2
46 2
46 2
46 4
46 2
72 4
46 2
46 2
46 0
46 0
72 2
46 2
46 2
46 2
46 2
46 2
46 2
46 2
46 2
46 4
46 2
72 4
46 2
46 2
46 2
46 4
46 2
72 4
46 2
46 2
46 2
46 4
46 2
72 4
46 2
46 2
46 0
46 0
72 2
46 2
46 2
46 2
46 2
46 2
46 2
46 2
46 2
46 4
46 2
72 4
46 2
46 2
46 2
46 4
46 2
72 4
46 2
46 2
46 2
46 4
46 2
72 4
46 2
46 2
46 0
46 0
72 2
46 2
46 2
46 2
46 2
46 2
46 2
46 2
E
X
