minor
S
L
185 2
72 6
175 2
72 4
18 2
72 0
173 2
72 4
18 2
72 0
175 2
72 4
18 2
72 0
173 2
72 4
18 2
72 0
175 2
72 4
18 2
72 0
173 2
72 4
18 2
72 0
175 2
72 4
18 2
72 0
173 2
72 4
18 2
72 0
175 2
72 4
18 2
72 0
173 2
72 4
18 2
72 0
175 2
72 4
18 2
72 0
173 2
72 4
18 2
72 0
175 2
72 4
18 2
72 0
173 2
72 4
14 2
72 0
14 2
72 4
14 2
72 0
185 2
72 6
175 2
72 4
18 2
72 0
173 2
72 4
18 2
72 0
175 2
72 4
18 2
72 0
173 2
72 4
18 2
72 0
175 2
72 4
18 2
72 0
173 2
72 4
18 2
72 0
175 2
72 4
18 2
72 0
173 2
72 4
18 2
72 0
175 2
72 4
18 2
72 0
173 2
72 4
18 2
72 0
175 2
72 4
18 2
72 0
173 2
72 4
18 2
72 0
175 2
72 4
18 2
72 0
173 2
72 4
18 2
72 0
175 2
72 4
18 2
72 0
185 2
72 6
175 2
72 4
18 2
72 0
173 2
72 4
18 2
72 0
175 2
72 4
18 2
72 0
173 2
72 4
18 2
72 0
175 2
72 4
18 2
72 0
173 2
72 4
18 2
72 0
175 2
72 4
18 2
72 0
173 2
72 4
18 2
72 0
175 2
72 4
18 2
72 0
173 2
72 4
18 2
72 0
175 2
72 4
18 2
72 0
173 2
72 4
18 2
72 0
175 2
72 4
18 2
72 0
173 2
72 4
14 2
72 0
14 2
72 4
14 2
72 0
185 2
72 6
175 2
72 4
18 2
72 0
173 2
72 4
18 2
72 0
175 2
72 4
18 2
72 0
173 2
72 4
18 2
72 0
175 2
72 4
18 2
72 0
173 2
72 4
18 2
72 0
175 2
72 4
18 2
72 0
173 2
72 4
18 2
72 0
175 2
72 4
18 2
72 0
173 2
72 4
18 2
72 0
175 2
72 4
18 2
72 0
173 2
72 4
18 2
72 0
175 2
72 4
18 2
72 0
173 2
72 4
18 2
72 0
175 2
72 4
18 2
72 0
185 2
72 6
175 2
72 4
18 2
72 0
173 2
72 4
18 2
72 0
175 2
72 4
18 2
72 0
173 2
72 4
18 2
72 0
175 2
72 4
18 2
72 0
173 2
72 4
18 2
72 0
175 2
72 4
18 2
72 0
173 2
72 4
18 2
72 0
175 2
72 4
18 2
72 0
173 2
72 4
18 2
72 0
175 2
72 4
18 2
72 0
173 2
72 4
187 2
72 0
187 2
72 6
173 2
72 4
14 2
72 0
14 2
72 4
14 2
72 0
185 2
72 6
175 2
72 4
18 2
72 0
173 2
72 4
18 2
72 0
175 2
72 4
18 2
72 0
173 2
72 4
18 2
72 0
175 2
72 4
18 2
72 0
173 2
72 4
18 2
72 0
175 2
72 4
18 2
72 0
173 2
72 4
18 2
72 0
175 2
72 4
18 2
72 0
173 2
72 4
18 2
72 0
175 2
72 4
18 2
72 0
173 2
72 4
18 2
72 0
175 2
72 4
18 2
72 0
173 2
72 4
14 2
72 0
14 2
72 4
14 2
72 0
185 2
72 6
175 2
72 4
18 2
72 0
173 2
72 4
18 2
72 0
175 2
72 4
18 2
72 0
173 2
72 4
18 2
72 0
175 2
72 4
18 2
72 0
173 2
72 4
18 2
72 0
175 2
72 4
18 2
72 0
173 2
72 4
18 2
72 0
175 2
72 4
18 2
72 0
173 2
72 4
18 2
72 0
175 2
72 4
18 2
72 0
173 2
72 4
18 2
72 0
175 2
72 4
18 2
72 0
173 2
72 4
18 2
72 0
175 2
72 4
18 2
72 0
185 2
72 6
175 2
72 4
18 2
72 0
173 2
72 4
18 2
72 0
175 2
72 4
18 2
72 0
173 2
72 4
18 2
72 0
175 2
72 4
18 2
72 0
173 2
72 4
18 2
72 0
175 2
72 4
18 2
72 0
173 2
72 4
18 2
72 0
175 2
72 4
18 2
72 0
173 2
72 4
18 2
72 0
175 2
72 4
18 2
72 0
173 2
72 4
18 2
72 0
175 2
72 4
18 2
72 0
173 2
72 4
14 2
72 0
14 2
72 4
14 2
72 0
185 2
72 6
175 2
72 4
18 2
72 0
173 2
72 4
18 2
72 0
175 2
72 4
18 2
72 0
173 2
72 4
18 2
72 0
175 2
72 4
18 2
72 0
173 2
72 4
18 2
72 0
175 2
72 4
18 2
72 0
173 2
72 4
18 2
72 0
175 2
72 4
18 2
72 0
173 2
72 4
18 2
72 0
175 2
72 4
18 2
72 0
173 2
72 4
18 2
72 0
175 2
72 4
18 2
72 0
173 2
72 4
18 2
72 0
175 2
72 4
18 2
72 0
185 2
72 6
175 2
72 4
18 2
72 0
173 2
72 4
18 2
72 0
175 2
72 4
18 2
72 0
173 2
72 4
18 2
72 0
175 2
72 4
18 2
72 0
173 2
72 4
18 2
72 0
175 2
72 4
18 2
72 0
173 2
72 4
18 2
72 0
175 2
72 4
18 2
72 0
173 2
72 4
18 2
72 0
175 2
72 4
18 2
72 0
173 2
72 4
187 2
72 0
187 2
72 6
173 2
72 4
14 2
72 0
14 2
72 4
14 2
72 0
185 2
72 6
175 2
72 4
18 2
72 0
173 2
72 4
18 2
72 0
175 2
72 4
18 2
72 0
173 2
72 4
18 2
72 0
175 2
72 4
18 2
72 0
173 2
72 4
18 2
72 0
175 2
72 4
18 2
72 0
173 2
72 4
18 2
72 0
175 2
72 4
18 2
72 0
173 2
72 4
18 2
72 0
175 2
72 4
18 2
72 0
173 2
72 4
18 2
72 0
175 2
72 4
18 2
72 0
173 2
72 4
14 2
72 0
14 2
72 4
14 2
72 0
185 2
72 6
175 2
72 4
18 2
72 0
173 2
72 4
18 2
72 0
175 2
72 4
18 2
72 0
173 2
72 4
18 2
72 0
175 2
72 4
18 2
72 0
173 2
72 4
18 2
72 0
175 2
72 4
18 2
72 0
173 2
72 4
18 2
72 0
175 2
72 4
18 2
72 0
173 2
72 4
18 2
72 0
175 2
72 4
18 2
72 0
173 2
72 4
18 2
72 0
175 2
72 4
18 2
72 0
173 2
72 4
18 2
72 0
175 2
72 4
18 2
72 0
185 2
72 6
175 2
72 4
18 2
72 0
173 2
72 4
18 2
72 0
175 2
72 4
18 2
72 0
173 2
72 4
18 2
72 0
175 2
72 4
18 2
72 0
173 2
72 4
18 2
72 0
175 2
72 4
18 2
72 0
173 2
72 4
18 2
72 0
175 2
72 4
18 2
72 0
173 2
72 4
18 2
72 0
175 2
72 4
18 2
72 0
173 2
72 4
18 2
72 0
175 2
72 4
18 2
72 0
173 2
72 4
14 2
72 0
14 2
72 4
14 2
72 0
185 2
72 6
175 2
72 4
18 2
72 0
173 2
72 4
18 2
72 0
175 2
72 4
18 2
72 0
173 2
72 4
18 2
72 0
175 2
72 4
18 2
72 0
173 2
72 4
18 2
72 0
175 2
72 4
18 2
72 0
173 2
72 4
18 2
72 0
175 2
72 4
18 2
72 0
173 2
72 4
18 2
72 0
175 2
72 4
18 2
72 0
173 2
72 4
18 2
72 0
175 2
72 4
18 2
72 0
173 2
72 4
18 2
72 0
175 2
72 4
18 2
72 0
185 2
72 6
175 2
72 4
18 2
72 0
173 2
72 4
18 2
72 0
175 2
72 4
18 2
72 0
173 2
72 4
18 2
72 0
175 2
72 4
18 2
72 0
173 2
72 4
18 2
72 0
175 2
72 4
18 2
72 0
173 2
72 4
18 2
72 0
175 2
72 4
18 2
72 0
173 2
72 4
18 2
72 0
175 2
72 4
18 2
72 0
173 2
72 4
187 2
72 0
187 2
72 6
173 2
72 4
14 2
72 0
14 2
72 4
14 2
E
S
L
9 4
72 1
9 4
9 4
72 1
9 4
9 4
72 1
9 4
9 4
72 1
9 4
9 4
72 1
9 4
9 4
72 1
9 4
9 4
72 1
9 4
9 4
72 1
9 4
9 4
72 1
9 4
9 4
72 1
9 4
9 4
72 1
9 4
9 4
72 1
9 4
9 4
72 1
9 4
9 4
72 1
9 4
9 4
72 1
9 4
9 4
72 1
9 4
9 4
72 1
9 4
9 4
72 1
9 4
9 4
72 1
9 4
9 4
72 1
9 4
9 4
72 1
9 4
9 4
72 1
9 4
9 4
72 1
9 4
9 4
72 1
9 4
7 4
72 1
7 4
7 4
72 1
7 4
7 4
72 1
7 4
7 4
72 1
7 4
7 4
72 1
7 4
7 4
72 1
7 4
7 4
72 1
7 4
7 4
72 1
7 4
9 4
72 1
9 4
9 4
72 1
9 4
9 4
72 1
9 4
9 4
72 1
9 4
9 4
72 1
9 4
9 4
72 1
9 4
9 4
72 1
9 4
9 4
72 1
9 4
7 4
72 1
7 4
7 4
72 1
7 4
7 4
72 1
7 4
7 4
72 1
7 4
7 4
72 1
7 4
7 4
72 1
7 4
7 4
72 1
7 4
7 4
72 1
7 4
5 4
72 1
5 4
5 4
72 1
5 4
5 4
72 1
5 4
5 4
72 1
5 4
5 4
72 1
5 4
5 4
72 1
5 4
5 4
72 1
5 4
5 4
72 1
5 4
4 4
72 1
4 4
4 4
72 1
4 4
4 4
72 1
4 4
4 4
72 1
4 4
4 4
72 1
4 4
4 4
72 1
4 4
4 4
72 1
4 4
4 4
72 1
4 4
5 4
72 1
5 4
5 4
72 1
5 4
5 4
72 1
5 4
5 4
72 1
5 4
5 4
72 1
5 4
5 4
72 1
5 4
5 4
72 1
5 4
5 4
72 1
5 4
4 4
72 1
4 4
4 4
72 1
4 4
4 4
72 1
4 4
4 4
72 1
4 4
16 4
72 1
17 4
14 4
72 1
16 4
12 4
72 1
14 4
11 4
72 1
12 4
9 4
72 1
9 4
9 4
72 1
9 4
9 4
72 1
9 4
9 4
72 1
9 4
9 4
72 1
9 4
9 4
72 1
9 4
9 4
72 1
9 4
9 4
72 1
9 4
9 4
72 1
9 4
9 4
72 1
9 4
9 4
72 1
9 4
9 4
72 1
9 4
9 4
72 1
9 4
9 4
72 1
9 4
9 4
72 1
9 4
9 4
72 1
9 4
9 4
72 1
9 4
9 4
72 1
9 4
9 4
72 1
9 4
9 4
72 1
9 4
9 4
72 1
9 4
9 4
72 1
9 4
9 4
72 1
9 4
9 4
72 1
9 4
7 4
72 1
7 4
7 4
72 1
7 4
7 4
72 1
7 4
7 4
72 1
7 4
7 4
72 1
7 4
7 4
72 1
7 4
7 4
72 1
7 4
7 4
72 1
7 4
9 4
72 1
9 4
9 4
72 1
9 4
9 4
72 1
9 4
9 4
72 1
9 4
9 4
72 1
9 4
9 4
72 1
9 4
9 4
72 1
9 4
9 4
72 1
9 4
7 4
72 1
7 4
7 4
72 1
7 4
7 4
72 1
7 4
7 4
72 1
7 4
7 4
72 1
7 4
7 4
72 1
7 4
7 4
72 1
7 4
7 4
72 1
7 4
5 4
72 1
5 4
5 4
72 1
5 4
5 4
72 1
5 4
5 4
72 1
5 4
5 4
72 1
5 4
5 4
72 1
5 4
5 4
72 1
5 4
5 4
72 1
5 4
4 4
72 1
4 4
4 4
72 1
4 4
4 4
72 1
4 4
4 4
72 1
4 4
4 4
72 1
4 4
4 4
72 1
4 4
4 4
72 1
4 4
4 4
72 1
4 4
5 4
72 1
5 4
5 4
72 1
5 4
5 4
72 1
5 4
5 4
72 1
5 4
5 4
72 1
5 4
5 4
72 1
5 4
5 4
72 1
5 4
5 4
72 1
5 4
4 4
72 1
4 4
4 4
72 1
4 4
4 4
72 1
4 4
4 4
72 1
4 4
16 4
72 1
17 4
14 4
72 1
16 4
12 4
72 1
14 4
11 4
72 1
12 4
9 4
72 1
9 4
9 4
72 1
9 4
9 4
72 1
9 4
9 4
72 1
9 4
9 4
72 1
9 4
9 4
72 1
9 4
9 4
72 1
9 4
9 4
72 1
9 4
9 4
72 1
9 4
9 4
72 1
9 4
9 4
72 1
9 4
9 4
72 1
9 4
9 4
72 1
9 4
9 4
72 1
9 4
9 4
72 1
9 4
9 4
72 1
9 4
9 4
72 1
9 4
9 4
72 1
9 4
9 4
72 1
9 4
9 4
72 1
9 4
9 4
72 1
9 4
9 4
72 1
9 4
9 4
72 1
9 4
9 4
72 1
9 4
7 4
72 1
7 4
7 4
72 1
7 4
7 4
72 1
7 4
7 4
72 1
7 4
7 4
72 1
7 4
7 4
72 1
7 4
7 4
72 1
7 4
7 4
72 1
7 4
9 4
72 1
9 4
9 4
72 1
9 4
9 4
72 1
9 4
9 4
72 1
9 4
9 4
72 1
9 4
9 4
72 1
9 4
9 4
72 1
9 4
9 4
72 1
9 4
7 4
72 1
7 4
7 4
72 1
7 4
7 4
72 1
7 4
7 4
72 1
7 4
7 4
72 1
7 4
7 4
72 1
7 4
7 4
72 1
7 4
7 4
72 1
7 4
5 4
72 1
5 4
5 4
72 1
5 4
5 4
72 1
5 4
5 4
72 1
5 4
5 4
72 1
5 4
5 4
72 1
5 4
5 4
72 1
5 4
5 4
72 1
5 4
4 4
72 1
4 4
4 4
72 1
4 4
4 4
72 1
4 4
4 4
72 1
4 4
4 4
72 1
4 4
4 4
72 1
4 4
4 4
72 1
4 4
4 4
72 1
4 4
5 4
72 1
5 4
5 4
72 1
5 4
5 4
72 1
5 4
5 4
72 1
5 4
5 4
72 1
5 4
5 4
72 1
5 4
5 4
72 1
5 4
5 4
72 1
5 4
4 4
72 1
4 4
4 4
72 1
4 4
4 4
72 1
4 4
4 4
72 1
4 4
16 4
72 1
17 4
14 4
72 1
16 4
12 4
72 1
14 4
11 4
72 1
12 4
E
S
H
218 4
72 1
244 4
101 4
72 1
218 4
72 11
192 4
72 6
179 4
72 9
218 4
72 1
244 4
101 4
72 1
218 4
72 11
166 4
72 6
153 4
72 9
218 13
153 13
127 13
101 9
72 1
244 11
218 13
153 13
127 13
101 9
72 1
244 11
214 2
72 4
214 2
72 6
238 2
72 0
238 2
72 6
106 2
72 4
106 2
72 6
238 2
72 0
238 2
72 6
106 2
72 6
238 2
72 6
241 2
72 4
241 2
72 6
109 2
72 0
109 2
72 6
133 2
72 4
133 2
72 6
109 2
72 0
109 2
72 6
241 2
72 6
109 2
72 6
214 2
72 4
214 2
72 6
238 2
72 0
238 2
72 6
106 2
72 4
106 2
72 6
238 2
72 0
238 2
72 6
106 2
72 6
238 2
72 6
241 13
153 13
218 4
72 1
244 4
101 4
72 1
218 4
72 11
192 4
72 6
179 4
72 9
218 4
72 1
244 4
101 4
72 1
218 4
72 11
166 4
72 6
153 4
72 9
218 13
153 13
127 13
101 9
72 1
244 11
218 13
153 13
127 13
101 9
72 1
244 11
214 2
72 4
214 2
72 6
238 2
72 0
238 2
72 6
106 2
72 4
106 2
72 6
238 2
72 0
238 2
72 6
106 2
72 6
238 2
72 6
241 2
72 4
241 2
72 6
109 2
72 0
109 2
72 6
133 2
72 4
133 2
72 6
109 2
72 0
109 2
72 6
241 2
72 6
109 2
72 6
214 2
72 4
214 2
72 6
238 2
72 0
238 2
72 6
106 2
72 4
106 2
72 6
238 2
72 0
238 2
72 6
106 2
72 6
238 2
72 6
241 13
153 13
218 4
72 1
244 4
101 4
72 1
218 4
72 11
192 4
72 6
179 4
72 9
218 4
72 1
244 4
101 4
72 1
218 4
72 11
166 4
72 6
153 4
72 9
218 13
153 13
127 13
101 9
72 1
244 11
218 13
153 13
127 13
101 9
72 1
244 11
214 2
72 4
214 2
72 6
238 2
72 0
238 2
72 6
106 2
72 4
106 2
72 6
238 2
72 0
238 2
72 6
106 2
72 6
238 2
72 6
241 2
72 4
241 2
72 6
109 2
72 0
109 2
72 6
133 2
72 4
133 2
72 6
109 2
72 0
109 2
72 6
241 2
72 6
109 2
72 6
214 2
72 4
214 2
72 6
238 2
72 0
238 2
72 6
106 2
72 4
106 2
72 6
238 2
72 0
238 2
72 6
106 2
72 6
238 2
72 6
241 13
153 13
E
S
H
158 4
72 8
158 4
72 6
158 4
72 8
185 4
72 6
175 4
72 9
158 4
72 8
158 4
72 6
158 4
72 8
170 4
72 6
160 4
72 9
110 8
72 4
134 8
72 0
110 7
72 5
134 7
72 3
110 4
72 4
134 4
72 4
108 8
72 4
240 13
72 3
110 8
72 4
134 8
72 0
110 7
72 5
134 7
72 3
110 4
72 4
134 4
72 4
108 8
72 4
240 13
72 3
161 14
160 14
161 14
160 14
158 4
72 8
158 4
72 6
158 4
72 8
185 4
72 6
175 4
72 9
158 4
72 8
158 4
72 6
158 4
72 8
170 4
72 6
160 4
72 9
110 8
72 4
134 8
72 0
110 7
72 5
134 7
72 3
110 4
72 4
134 4
72 4
108 8
72 4
240 13
72 3
110 8
72 4
134 8
72 0
110 7
72 5
134 7
72 3
110 4
72 4
134 4
72 4
108 8
72 4
240 13
72 3
161 14
160 14
161 14
160 14
158 4
72 8
158 4
72 6
158 4
72 8
185 4
72 6
175 4
72 9
158 4
72 8
158 4
72 6
158 4
72 8
170 4
72 6
160 4
72 9
110 8
72 4
134 8
72 0
110 7
72 5
134 7
72 3
110 4
72 4
134 4
72 4
108 8
72 4
240 13
72 3
110 8
72 4
134 8
72 0
110 7
72 5
134 7
72 3
110 4
72 4
134 4
72 4
108 8
72 4
240 13
72 3
161 14
160 14
161 14
160 14
E
S
L
21 2
72 4
23 2
72 0
24 2
72 4
21 2
72 6
21 2
72 6
21 2
72 6
31 2
72 7
30 2
72 10
21 2
72 4
23 2
72 0
24 2
72 4
21 2
72 6
21 2
72 6
21 2
72 6
29 2
72 7
28 2
72 10
21 2
72 4
28 2
72 0
33 2
72 4
28 2
72 0
36 2
72 4
28 2
72 0
33 2
72 4
28 2
72 0
21 2
72 4
28 2
72 0
33 2
72 4
28 2
72 0
36 2
72 4
28 2
72 0
33 2
72 4
28 2
72 0
19 2
72 4
26 2
72 0
31 2
72 4
26 2
72 0
33 2
72 4
26 2
72 0
31 2
72 4
26 2
72 0
19 2
72 4
26 2
72 0
31 2
72 4
26 2
72 0
33 2
72 4
26 2
72 0
31 2
72 4
26 2
72 0
21 2
72 4
28 2
72 0
33 2
72 4
28 2
72 0
36 2
72 4
28 2
72 0
33 2
72 4
28 2
72 0
21 2
72 4
28 2
72 0
33 2
72 4
28 2
72 0
36 2
72 4
28 2
72 0
33 2
72 4
28 2
72 0
19 2
72 4
26 2
72 0
31 2
72 4
26 2
72 0
33 2
72 4
26 2
72 0
31 2
72 4
26 2
72 0
19 2
72 4
26 2
72 0
31 2
72 4
26 2
72 0
33 2
72 4
26 2
72 0
31 2
72 4
26 2
72 0
29 2
72 4
29 2
72 0
29 2
72 4
29 2
72 0
29 2
72 4
29 2
72 0
29 2
72 4
29 2
72 0
29 2
72 4
29 2
72 0
29 2
72 4
29 2
72 0
29 2
72 4
29 2
72 0
29 2
72 4
29 2
72 0
28 2
72 4
28 2
72 0
28 2
72 4
28 2
72 0
28 2
72 4
28 2
72 0
28 2
72 4
28 2
72 0
28 2
72 4
28 2
72 0
28 2
72 4
28 2
72 0
28 2
72 4
28 2
72 0
28 2
72 4
28 2
72 0
29 2
72 4
29 2
72 0
29 2
72 4
29 2
72 0
29 2
72 4
29 2
72 0
29 2
72 4
29 2
72 0
29 2
72 4
29 2
72 0
29 2
72 4
29 2
72 0
29 2
72 4
29 2
72 0
29 2
72 4
29 2
72 0
28 2
72 4
28 2
72 0
28 2
72 4
28 2
72 0
28 2
72 4
28 2
72 0
28 2
72 4
28 2
72 0
28 2
72 4
28 2
72 0
28 2
72 4
28 2
72 0
28 2
72 4
28 2
72 0
28 2
72 4
28 2
72 0
21 2
72 4
23 2
72 0
24 2
72 4
21 2
72 6
21 2
72 6
21 2
72 6
31 2
72 7
30 2
72 10
21 2
72 4
23 2
72 0
24 2
72 4
21 2
72 6
21 2
72 6
21 2
72 6
29 2
72 7
28 2
72 10
21 2
72 4
28 2
72 0
33 2
72 4
28 2
72 0
36 2
72 4
28 2
72 0
33 2
72 4
28 2
72 0
21 2
72 4
28 2
72 0
33 2
72 4
28 2
72 0
36 2
72 4
28 2
72 0
33 2
72 4
28 2
72 0
19 2
72 4
26 2
72 0
31 2
72 4
26 2
72 0
33 2
72 4
26 2
72 0
31 2
72 4
26 2
72 0
19 2
72 4
26 2
72 0
31 2
72 4
26 2
72 0
33 2
72 4
26 2
72 0
31 2
72 4
26 2
72 0
21 2
72 4
28 2
72 0
33 2
72 4
28 2
72 0
36 2
72 4
28 2
72 0
33 2
72 4
28 2
72 0
21 2
72 4
28 2
72 0
33 2
72 4
28 2
72 0
36 2
72 4
28 2
72 0
33 2
72 4
28 2
72 0
19 2
72 4
26 2
72 0
31 2
72 4
26 2
72 0
33 2
72 4
26 2
72 0
31 2
72 4
26 2
72 0
19 2
72 4
26 2
72 0
31 2
72 4
26 2
72 0
33 2
72 4
26 2
72 0
31 2
72 4
26 2
72 0
29 2
72 4
29 2
72 0
29 2
72 4
29 2
72 0
29 2
72 4
29 2
72 0
29 2
72 4
29 2
72 0
29 2
72 4
29 2
72 0
29 2
72 4
29 2
72 0
29 2
72 4
29 2
72 0
29 2
72 4
29 2
72 0
28 2
72 4
28 2
72 0
28 2
72 4
28 2
72 0
28 2
72 4
28 2
72 0
28 2
72 4
28 2
72 0
28 2
72 4
28 2
72 0
28 2
72 4
28 2
72 0
28 2
72 4
28 2
72 0
28 2
72 4
28 2
72 0
29 2
72 4
29 2
72 0
29 2
72 4
29 2
72 0
29 2
72 4
29 2
72 0
29 2
72 4
29 2
72 0
29 2
72 4
29 2
72 0
29 2
72 4
29 2
72 0
29 2
72 4
29 2
72 0
29 2
72 4
29 2
72 0
28 2
72 4
28 2
72 0
28 2
72 4
28 2
72 0
28 2
72 4
28 2
72 0
28 2
72 4
28 2
72 0
28 2
72 4
28 2
72 0
28 2
72 4
28 2
72 0
28 2
72 4
28 2
72 0
28 2
72 4
28 2
72 0
21 2
72 4
23 2
72 0
24 2
72 4
21 2
72 6
21 2
72 6
21 2
72 6
31 2
72 7
30 2
72 10
21 2
72 4
23 2
72 0
24 2
72 4
21 2
72 6
21 2
72 6
21 2
72 6
29 2
72 7
28 2
72 10
21 2
72 4
28 2
72 0
33 2
72 4
28 2
72 0
36 2
72 4
28 2
72 0
33 2
72 4
28 2
72 0
21 2
72 4
28 2
72 0
33 2
72 4
28 2
72 0
36 2
72 4
28 2
72 0
33 2
72 4
28 2
72 0
19 2
72 4
26 2
72 0
31 2
72 4
26 2
72 0
33 2
72 4
26 2
72 0
31 2
72 4
26 2
72 0
19 2
72 4
26 2
72 0
31 2
72 4
26 2
72 0
33 2
72 4
26 2
72 0
31 2
72 4
26 2
72 0
21 2
72 4
28 2
72 0
33 2
72 4
28 2
72 0
36 2
72 4
28 2
72 0
33 2
72 4
28 2
72 0
21 2
72 4
28 2
72 0
33 2
72 4
28 2
72 0
36 2
72 4
28 2
72 0
33 2
72 4
28 2
72 0
19 2
72 4
26 2
72 0
31 2
72 4
26 2
72 0
33 2
72 4
26 2
72 0
31 2
72 4
26 2
72 0
19 2
72 4
26 2
72 0
31 2
72 4
26 2
72 0
33 2
72 4
26 2
72 0
31 2
72 4
26 2
72 0
29 2
72 4
29 2
72 0
29 2
72 4
29 2
72 0
29 2
72 4
29 2
72 0
29 2
72 4
29 2
72 0
29 2
72 4
29 2
72 0
29 2
72 4
29 2
72 0
29 2
72 4
29 2
72 0
29 2
72 4
29 2
72 0
28 2
72 4
28 2
72 0
28 2
72 4
28 2
72 0
28 2
72 4
28 2
72 0
28 2
72 4
28 2
72 0
28 2
72 4
28 2
72 0
28 2
72 4
28 2
72 0
28 2
72 4
28 2
72 0
28 2
72 4
28 2
72 0
29 2
72 4
29 2
72 0
29 2
72 4
29 2
72 0
29 2
72 4
29 2
72 0
29 2
72 4
29 2
72 0
29 2
72 4
29 2
72 0
29 2
72 4
29 2
72 0
29 2
72 4
29 2
72 0
29 2
72 4
29 2
72 0
28 2
72 4
28 2
72 0
28 2
72 4
28 2
72 0
28 2
72 4
28 2
72 0
28 2
72 4
28 2
72 0
28 2
72 4
28 2
72 0
28 2
72 4
28 2
72 0
28 2
72 4
28 2
72 0
28 2
72 4
28 2
E
S
H
218 4
72 1
244 4
101 4
72 1
218 4
72 11
192 4
72 6
179 4
72 9
218 4
72 1
244 4
101 4
72 1
218 4
72 11
166 4
72 6
153 4
72 9
218 13
153 13
127 13
101 9
72 1
244 11
218 13
153 13
127 13
101 9
72 1
244 11
214 2
72 4
214 2
72 6
238 2
72 0
238 2
72 6
106 2
72 4
106 2
72 6
238 2
72 0
238 2
72 6
106 2
72 6
238 2
72 6
241 2
72 4
241 2
72 6
109 2
72 0
109 2
72 6
133 2
72 4
133 2
72 6
109 2
72 0
109 2
72 6
241 2
72 6
109 2
72 6
214 2
72 4
214 2
72 6
238 2
72 0
238 2
72 6
106 2
72 4
106 2
72 6
238 2
72 0
238 2
72 6
106 2
72 6
238 2
72 6
241 13
153 13
218 4
72 1
244 4
101 4
72 1
218 4
72 11
192 4
72 6
179 4
72 9
218 4
72 1
244 4
101 4
72 1
218 4
72 11
166 4
72 6
153 4
72 9
218 13
153 13
127 13
101 9
72 1
244 11
218 13
153 13
127 13
101 9
72 1
244 11
214 2
72 4
214 2
72 6
238 2
72 0
238 2
72 6
106 2
72 4
106 2
72 6
238 2
72 0
238 2
72 6
106 2
72 6
238 2
72 6
241 2
72 4
241 2
72 6
109 2
72 0
109 2
72 6
133 2
72 4
133 2
72 6
109 2
72 0
109 2
72 6
241 2
72 6
109 2
72 6
214 2
72 4
214 2
72 6
238 2
72 0
238 2
72 6
106 2
72 4
106 2
72 6
238 2
72 0
238 2
72 6
106 2
72 6
238 2
72 6
241 13
153 13
218 4
72 1
244 4
101 4
72 1
218 4
72 11
192 4
72 6
179 4
72 9
218 4
72 1
244 4
101 4
72 1
218 4
72 11
166 4
72 6
153 4
72 9
218 13
153 13
127 13
101 9
72 1
244 11
218 13
153 13
127 13
101 9
72 1
244 11
214 2
72 4
214 2
72 6
238 2
72 0
238 2
72 6
106 2
72 4
106 2
72 6
238 2
72 0
238 2
72 6
106 2
72 6
238 2
72 6
241 2
72 4
241 2
72 6
109 2
72 0
109 2
72 6
133 2
72 4
133 2
72 6
109 2
72 0
109 2
72 6
241 2
72 6
109 2
72 6
214 2
72 4
214 2
72 6
238 2
72 0
238 2
72 6
106 2
72 4
106 2
72 6
238 2
72 0
238 2
72 6
106 2
72 6
238 2
72 6
241 13
153 13
E
X
