major
S
H
72 14
150 4
175 0
72 2
213 4
72 2
150 4
72 2
241 8
72 2
160 4
72 2
122 7
72 1
241 2
72 0
215 4
72 2
241 5
72 0
215 5
72 0
175 5
72 0
213 11
72 14
150 4
175 0
72 2
213 4
72 2
150 4
72 2
241 8
72 2
160 4
72 2
122 7
72 1
241 2
72 0
215 4
72 2
241 5
72 0
215 5
72 0
175 5
72 0
213 11
72 14
150 4
175 0
72 2
213 4
72 2
150 4
72 2
241 8
72 2
160 4
72 2
122 7
72 1
241 2
72 0
215 4
72 2
241 5
72 0
215 5
72 0
175 5
72 0
213 11
72 14
150 4
175 0
72 2
213 4
72 2
150 4
72 2
241 8
72 2
160 4
72 2
122 7
72 1
241 2
72 0
215 4
72 2
241 5
72 0
215 5
72 0
175 5
72 0
61 4
59 2
57 7
61 2
72 2
61 5
72 0
59 8
72 2
59 4
57 2
56 7
72 0
59 2
72 1
59 5
72 0
58 8
72 2
57 4
56 2
54 7
57 2
72 2
54 5
72 0
56 5
72 0
57 5
72 0
61 7
72 1
59 2
72 0
57 4
59 2
52 10
E
S
H
33 3
40 3
72 0
45 3
37 3
72 1
40 3
33 3
72 1
35 3
72 0
40 3
44 3
47 3
72 0
44 3
40 3
72 1
33 3
40 3
72 1
45 3
72 0
37 3
40 3
33 3
72 0
33 3
38 3
72 1
42 3
38 3
72 1
45 3
72 0
38 3
33 3
40 3
72 0
45 3
37 3
72 1
40 3
33 3
72 1
35 3
72 0
40 3
44 3
47 3
72 0
44 3
40 3
72 1
33 3
40 3
72 1
45 3
72 0
37 3
40 3
33 3
72 0
33 3
38 3
72 1
42 3
38 3
72 1
45 3
72 0
38 3
33 3
40 3
72 0
45 3
37 3
72 1
40 3
33 3
72 1
35 3
72 0
40 3
44 3
47 3
72 0
44 3
40 3
72 1
33 3
40 3
72 1
45 3
72 0
37 3
40 3
33 3
72 0
33 3
38 3
72 1
42 3
38 3
72 1
45 3
72 0
38 3
33 3
40 3
72 0
45 3
37 3
72 1
40 3
33 3
72 1
35 3
72 0
40 3
44 3
47 3
72 0
44 3
40 3
72 1
33 3
40 3
72 1
45 3
72 0
37 3
40 3
33 3
72 0
33 3
38 3
72 1
42 3
38 3
72 1
45 3
72 0
38 3
33 3
40 3
72 0
45 3
37 3
72 1
40 3
33 3
72 1
35 3
72 0
40 3
44 3
47 3
72 0
44 3
40 3
72 1
33 3
40 3
72 1
45 3
72 0
37 3
40 3
33 3
72 0
33 3
38 3
72 1
42 3
38 3
72 1
45 3
72 0
38 3
33 3
40 3
72 0
45 3
37 3
72 1
40 3
33 3
72 1
35 3
72 0
40 3
44 3
47 3
72 0
44 3
40 3
72 1
33 3
40 3
72 1
45 3
72 0
37 3
40 3
33 3
72 0
33 3
38 3
72 1
42 3
38 3
72 1
45 3
72 0
38 3
33 3
40 3
72 0
45 3
37 3
72 1
40 3
33 3
72 1
35 3
72 0
40 3
44 3
47 3
72 0
44 3
40 3
72 1
33 3
40 3
72 1
45 3
72 0
37 3
40 3
33 3
72 0
33 3
38 3
72 1
42 3
38 3
72 1
45 3
72 0
38 3
33 3
40 3
72 0
45 3
37 3
72 1
40 3
33 3
72 1
35 3
72 0
40 3
44 3
47 3
72 0
44 3
40 3
72 1
33 3
40 3
72 1
45 3
72 0
37 3
40 3
33 3
72 0
33 3
38 3
72 1
42 3
38 3
72 1
45 3
72 0
38 3
33 3
40 3
72 0
45 3
37 3
72 1
40 3
33 3
72 1
35 3
72 0
40 3
44 3
47 3
72 0
44 3
40 3
72 1
33 3
40 3
72 1
45 3
72 0
37 3
40 3
33 3
72 0
33 3
38 3
72 1
42 3
38 3
72 1
45 3
72 0
38 3
33 3
40 3
72 0
45 3
37 3
72 1
40 3
33 3
72 1
35 3
72 0
40 3
44 3
47 3
72 0
44 3
40 3
72 1
33 3
40 3
72 1
45 3
72 0
37 3
40 3
33 3
72 0
33 3
38 3
72 1
42 3
38 3
72 1
45 3
72 0
38 3
33 3
38 3
72 0
42 3
45 3
72 1
42 3
38 3
72 1
35 3
72 0
40 3
44 3
40 3
72 0
47 3
40 3
72 1
32 3
37 3
72 1
40 3
72 0
44 3
40 3
37 3
72 0
34 3
37 3
72 1
42 3
37 3
72 1
46 3
72 0
37 3
35 3
38 3
72 0
42 3
45 3
72 1
42 3
38 3
72 1
35 3
72 0
39 3
42 3
45 3
72 0
42 3
39 3
72 1
40 3
33 3
72 1
37 3
72 0
40 3
37 3
45 3
72 0
44 3
40 3
72 1
35 3
32 3
72 1
35 3
72 0
40 3
33 2
E
S
L
9 3
16 5
21 5
72 0
16 3
72 1
9 5
72 0
16 5
72 0
20 5
72 0
9 3
16 5
72 2
21 5
16 3
72 0
9 5
72 0
14 5
72 0
21 5
72 0
9 3
16 5
21 5
72 0
16 3
72 1
9 5
72 0
16 5
72 0
20 5
72 0
9 3
16 5
72 2
21 5
16 3
72 0
9 5
72 0
14 5
72 0
21 5
72 0
9 3
16 5
21 5
72 0
16 3
72 1
9 5
72 0
16 5
72 0
20 5
72 0
9 3
16 5
72 2
21 5
16 3
72 0
9 5
72 0
14 5
72 0
21 5
72 0
9 3
16 5
21 5
72 0
16 3
72 1
9 5
72 0
16 5
72 0
20 5
72 0
9 3
16 5
72 2
21 5
16 3
72 0
9 5
72 0
14 5
72 0
21 5
72 0
9 3
16 5
21 5
72 0
16 3
72 1
9 5
72 0
16 5
72 0
20 5
72 0
9 3
16 5
72 2
21 5
16 3
72 0
9 5
72 0
14 5
72 0
21 5
72 0
9 3
16 5
21 5
72 0
16 3
72 1
9 5
72 0
16 5
72 0
20 5
72 0
9 3
16 5
72 2
21 5
16 3
72 0
9 5
72 0
14 5
72 0
21 5
72 0
9 3
16 5
21 5
72 0
16 3
72 1
9 5
72 0
16 5
72 0
20 5
72 0
9 3
16 5
72 2
21 5
16 3
72 0
9 5
72 0
14 5
72 0
21 5
72 0
9 3
16 5
21 5
72 0
16 3
72 1
9 5
72 0
16 5
72 0
20 5
72 0
9 3
16 5
72 2
21 5
16 3
72 0
9 5
72 0
14 5
72 0
21 5
72 0
9 3
16 5
21 5
72 0
16 3
72 1
9 5
72 0
16 5
72 0
20 5
72 0
9 3
16 5
72 2
21 5
16 3
72 0
9 5
72 0
14 5
72 0
21 5
72 0
9 3
16 5
21 5
72 0
16 3
72 1
9 5
72 0
16 5
72 0
20 5
72 0
9 3
16 5
72 2
21 5
16 3
72 0
9 5
72 0
14 5
72 0
21 5
72 0
14 3
21 5
26 5
72 0
21 3
72 1
16 5
72 0
23 5
72 0
28 5
72 0
13 3
20 5
72 2
25 5
20 3
72 0
18 5
72 0
25 5
72 0
18 5
72 0
11 3
18 5
23 5
72 0
18 3
72 1
11 5
72 0
18 5
72 0
23 5
72 0
16 3
21 5
72 2
28 5
21 3
72 0
16 5
72 0
23 5
72 0
28 5
72 0
9 2
E
S
L
357 2
72 0
357 4
72 1
357 4
72 2
357 2
72 2
1785 3
72 4
1785 3
72 4
1785 3
72 4
357 2
357 4
72 4
357 4
72 1
357 2
72 1
503 3
72 4
503 3
72 4
503 3
72 4
357 2
72 0
357 4
72 1
357 4
72 2
357 2
72 2
1785 3
72 4
1785 3
72 4
1785 3
72 4
357 2
357 4
72 4
357 4
72 1
357 2
72 1
503 3
72 4
503 3
72 4
503 3
72 4
357 2
72 0
357 4
72 1
357 4
72 2
357 2
72 2
1785 3
72 4
1785 3
72 4
1785 3
72 4
357 2
357 4
72 4
357 4
72 1
357 2
72 1
503 3
72 4
503 3
72 4
503 3
72 4
357 2
72 0
357 4
72 1
357 4
72 2
357 2
72 2
1785 3
72 4
1785 3
72 4
1785 3
72 4
357 2
357 4
72 4
357 4
72 1
357 2
72 1
503 3
72 4
503 3
72 4
503 3
72 4
357 2
72 0
357 4
72 1
357 4
72 2
357 2
72 2
1785 3
72 4
1785 3
72 4
1785 3
72 4
357 2
357 4
72 4
357 4
72 1
357 2
72 1
503 3
72 4
503 3
72 4
503 3
72 4
357 2
72 0
357 4
72 1
357 4
72 2
357 2
72 2
1785 3
72 4
1785 3
72 4
1785 3
72 4
357 2
357 4
72 4
357 4
72 1
357 2
72 1
503 3
72 4
503 3
72 4
503 3
72 4
357 2
72 0
357 4
72 1
357 4
72 2
357 2
72 2
1785 3
72 4
1785 3
72 4
1785 3
72 4
357 2
357 4
72 4
357 4
72 1
357 2
72 1
503 3
72 4
503 3
72 4
503 3
72 4
357 2
72 0
357 4
72 1
357 4
72 2
357 2
72 2
1785 3
72 4
1785 3
72 4
1785 3
72 4
357 2
357 4
72 4
357 4
72 1
357 2
72 1
503 3
72 4
503 3
72 4
503 3
72 4
357 2
72 0
357 4
72 1
357 4
72 2
357 2
72 2
1785 3
72 4
1785 3
72 4
1785 3
72 4
357 2
357 4
72 4
357 4
72 1
357 2
72 1
503 3
72 4
503 3
72 4
503 3
72 4
357 2
72 0
357 4
72 1
357 4
72 2
357 2
72 2
1785 3
72 4
1785 3
72 4
1785 3
72 4
357 2
357 4
72 4
357 4
72 1
357 2
72 1
503 3
72 4
503 3
72 4
503 3
72 4
503 2
72 0
503 4
72 1
503 4
72 2
503 2
72 2
489 3
72 4
489 3
72 4
489 3
72 4
1785 2
1785 4
72 4
1785 4
72 1
1785 2
72 1
371 3
72 4
371 3
72 4
371 3
72 4
503 2
72 0
503 4
72 1
503 4
72 2
503 2
72 2
647 3
72 4
647 3
72 4
647 3
72 4
698 2
698 4
72 4
698 4
72 1
698 2
72 1
709 3
72 4
709 3
72 4
709 3
72 4
357 2
E
S
H
72 14
40 4
42 0
72 2
45 3
72 4
40 3
72 4
47 8
72 2
40 3
72 4
49 7
72 1
47 2
72 0
45 4
72 2
47 4
72 2
45 4
72 2
42 4
72 2
40 7
37 11
72 13
40 4
42 0
72 2
45 3
72 4
40 3
72 4
47 8
72 2
40 3
72 4
49 7
72 1
47 2
72 0
45 4
72 2
47 4
72 2
45 4
72 2
42 4
72 2
45 12
72 13
40 4
42 0
72 2
45 3
72 4
40 3
72 4
47 8
72 2
40 3
72 4
49 7
72 1
47 2
72 0
45 4
72 2
47 4
72 2
45 4
72 2
42 4
72 2
40 7
37 11
72 13
40 4
42 0
72 2
45 3
72 4
40 3
72 4
47 8
72 2
40 3
72 4
49 7
72 1
47 2
72 0
45 4
72 2
47 4
72 2
45 4
72 2
42 4
72 2
45 12
72 14
40 2
E
S
L
21 3
28 3
72 0
33 3
25 3
72 1
28 3
21 3
72 1
23 3
72 0
28 3
32 3
35 3
72 0
32 3
28 3
72 1
21 3
28 3
72 1
33 3
72 0
25 3
28 3
21 3
72 0
21 3
26 3
72 1
30 3
26 3
72 1
33 3
72 0
26 3
21 3
28 3
72 0
33 3
25 3
72 1
28 3
21 3
72 1
23 3
72 0
28 3
32 3
35 3
72 0
32 3
28 3
72 1
21 3
28 3
72 1
33 3
72 0
25 3
28 3
21 3
72 0
21 3
26 3
72 1
30 3
26 3
72 1
33 3
72 0
26 3
21 3
28 3
72 0
33 3
25 3
72 1
28 3
21 3
72 1
23 3
72 0
28 3
32 3
35 3
72 0
32 3
28 3
72 1
21 3
28 3
72 1
33 3
72 0
25 3
28 3
21 3
72 0
21 3
26 3
72 1
30 3
26 3
72 1
33 3
72 0
26 3
21 3
28 3
72 0
33 3
25 3
72 1
28 3
21 3
72 1
23 3
72 0
28 3
32 3
35 3
72 0
32 3
28 3
72 1
21 3
28 3
72 1
33 3
72 0
25 3
28 3
21 3
72 0
21 3
26 3
72 1
30 3
26 3
72 1
33 3
72 0
26 3
21 3
28 3
72 0
33 3
25 3
72 1
28 3
21 3
72 1
23 3
72 0
28 3
32 3
35 3
72 0
32 3
28 3
72 1
21 3
28 3
72 1
33 3
72 0
25 3
28 3
21 3
72 0
21 3
26 3
72 1
30 3
26 3
72 1
33 3
72 0
26 3
21 3
28 3
72 0
33 3
25 3
72 1
28 3
21 3
72 1
23 3
72 0
28 3
32 3
35 3
72 0
32 3
28 3
72 1
21 3
28 3
72 1
33 3
72 0
25 3
28 3
21 3
72 0
21 3
26 3
72 1
30 3
26 3
72 1
33 3
72 0
26 3
21 3
28 3
72 0
33 3
25 3
72 1
28 3
21 3
72 1
23 3
72 0
28 3
32 3
35 3
72 0
32 3
28 3
72 1
21 3
28 3
72 1
33 3
72 0
25 3
28 3
21 3
72 0
21 3
26 3
72 1
30 3
26 3
72 1
33 3
72 0
26 3
21 3
28 3
72 0
33 3
25 3
72 1
28 3
21 3
72 1
23 3
72 0
28 3
32 3
35 3
72 0
32 3
28 3
72 1
21 3
28 3
72 1
33 3
72 0
25 3
28 3
21 3
72 0
21 3
26 3
72 1
30 3
26 3
72 1
33 3
72 0
26 3
21 3
28 3
72 0
33 3
25 3
72 1
28 3
21 3
72 1
23 3
72 0
28 3
32 3
35 3
72 0
32 3
28 3
72 1
21 3
28 3
72 1
33 3
72 0
25 3
28 3
21 3
72 0
21 3
26 3
72 1
30 3
26 3
72 1
33 3
72 0
26 3
21 3
28 3
72 0
33 3
25 3
72 1
28 3
21 3
72 1
23 3
72 0
28 3
32 3
35 3
72 0
32 3
28 3
72 1
21 3
28 3
72 1
33 3
72 0
25 3
28 3
21 3
72 0
21 3
26 3
72 1
30 3
26 3
72 1
33 3
72 0
26 3
21 3
26 3
72 0
30 3
33 3
72 1
30 3
26 3
72 1
23 3
72 0
28 3
32 3
28 3
72 0
35 3
28 3
72 1
20 3
25 3
72 1
28 3
72 0
32 3
28 3
25 3
72 0
22 3
25 3
72 1
30 3
25 3
72 1
34 3
72 0
25 3
23 3
26 3
72 0
30 3
33 3
72 1
30 3
26 3
72 1
23 3
72 0
27 3
30 3
33 3
72 0
30 3
27 3
72 1
28 3
21 3
72 1
25 3
72 0
28 3
25 3
33 3
72 0
32 3
28 3
72 1
23 3
20 3
72 1
23 3
72 0
28 3
21 2
E
X
