major
S
L
4 4
16 4
7 4
19 4
9 4
21 4
11 4
23 4
4 4
16 4
7 4
19 4
9 4
21 4
11 4
23 4
4 4
16 4
7 4
19 4
9 4
21 4
11 4
23 4
4 4
16 4
7 4
19 4
9 4
21 4
11 4
23 4
4 4
16 4
7 4
19 4
9 4
21 4
11 4
23 4
4 4
16 4
7 4
19 4
9 4
21 4
11 4
23 4
153 2
179 2
192 2
218 2
244 2
101 2
127 2
153 2
9 4
21 4
12 4
24 4
14 4
26 4
16 4
28 4
9 4
21 4
12 4
24 4
14 4
26 4
16 4
28 4
9 4
21 4
12 4
24 4
14 4
26 4
16 4
28 4
9 4
21 4
12 4
24 4
14 4
26 4
16 4
28 4
4 4
16 4
7 4
19 4
9 4
21 4
11 4
23 4
4 4
16 4
7 4
19 4
9 4
21 4
11 4
23 4
4 4
16 4
7 4
19 4
9 4
21 4
11 4
23 4
4 4
16 4
7 4
19 4
9 4
21 4
11 4
23 4
12 2
72 2
12 2
72 2
12 2
72 2
12 2
72 2
12 2
72 2
12 2
72 2
12 2
72 2
12 2
72 2
12 2
72 2
12 2
72 2
12 2
72 2
12 2
72 2
12 2
72 2
12 2
72 2
12 2
72 2
12 2
72 2
7 2
72 2
7 2
72 2
7 2
72 2
7 2
72 2
7 2
72 2
7 2
72 2
7 2
72 2
7 2
72 2
7 2
72 2
7 2
72 2
7 2
72 2
7 2
72 2
7 2
72 2
7 2
72 2
7 2
72 2
7 2
72 2
12 2
72 2
12 2
72 2
12 2
72 2
12 2
72 2
12 2
72 2
12 2
72 2
12 2
72 2
12 2
72 2
12 2
72 2
12 2
72 2
12 2
72 2
12 2
72 2
12 2
72 2
12 2
72 2
12 2
72 2
12 2
72 2
7 2
72 2
7 2
72 2
7 2
72 2
7 2
72 2
7 2
72 2
7 2
72 2
7 2
72 2
7 2
72 2
7 2
72 2
7 2
72 2
7 2
72 2
7 2
72 2
7 2
72 2
7 2
72 2
7 2
72 2
7 2
72 2
4 4
16 4
7 4
19 4
9 4
21 4
11 4
23 4
4 4
16 4
7 4
19 4
9 4
21 4
11 4
23 4
4 4
16 4
7 4
19 4
9 4
21 4
11 4
23 4
4 4
16 4
7 4
19 4
9 4
21 4
11 4
23 4
4 4
16 4
7 4
19 4
9 4
21 4
11 4
23 4
4 4
16 4
7 4
19 4
9 4
21 4
11 4
23 4
153 2
179 2
192 2
218 2
244 2
101 2
127 2
153 2
9 4
21 4
12 4
24 4
14 4
26 4
16 4
28 4
9 4
21 4
12 4
24 4
14 4
26 4
16 4
28 4
9 4
21 4
12 4
24 4
14 4
26 4
16 4
28 4
9 4
21 4
12 4
24 4
14 4
26 4
16 4
28 4
4 4
16 4
7 4
19 4
9 4
21 4
11 4
23 4
4 4
16 4
7 4
19 4
9 4
21 4
11 4
23 4
4 4
16 4
7 4
19 4
9 4
21 4
11 4
23 4
4 4
16 4
7 4
19 4
9 4
21 4
11 4
23 4
12 2
72 2
12 2
72 2
12 2
72 2
12 2
72 2
12 2
72 2
12 2
72 2
12 2
72 2
12 2
72 2
12 2
72 2
12 2
72 2
12 2
72 2
12 2
72 2
12 2
72 2
12 2
72 2
12 2
72 2
12 2
72 2
7 2
72 2
7 2
72 2
7 2
72 2
7 2
72 2
7 2
72 2
7 2
72 2
7 2
72 2
7 2
72 2
7 2
72 2
7 2
72 2
7 2
72 2
7 2
72 2
7 2
72 2
7 2
72 2
7 2
72 2
7 2
72 2
12 2
72 2
12 2
72 2
12 2
72 2
12 2
72 2
12 2
72 2
12 2
72 2
12 2
72 2
12 2
72 2
12 2
72 2
12 2
72 2
12 2
72 2
12 2
72 2
12 2
72 2
12 2
72 2
12 2
72 2
12 2
72 2
7 2
72 2
7 2
72 2
7 2
72 2
7 2
72 2
7 2
72 2
7 2
72 2
7 2
72 2
7 2
72 2
7 2
72 2
7 2
72 2
7 2
72 2
7 2
72 2
7 2
72 2
7 2
72 2
7 2
72 2
7 2
72 2
4 4
16 4
7 4
19 4
9 4
21 4
11 4
23 4
4 4
16 4
7 4
19 4
9 4
21 4
11 4
23 4
4 4
16 4
7 4
19 4
9 4
21 4
11 4
23 4
4 4
16 4
7 4
19 4
9 4
21 4
11 4
23 4
4 4
16 4
7 4
19 4
9 4
21 4
11 4
23 4
E
S
L
4 4
16 4
7 4
19 4
9 4
21 4
11 4
23 4
4 4
16 4
7 4
19 4
9 4
21 4
11 4
23 4
4 4
16 4
7 4
19 4
9 4
21 4
11 4
23 4
4 4
16 4
7 4
19 4
9 4
21 4
11 4
23 4
4 4
16 4
7 4
19 4
9 4
21 4
11 4
23 4
4 4
16 4
7 4
19 4
9 4
21 4
11 4
23 4
4 2
6 2
7 2
9 2
11 2
12 2
14 2
16 2
9 4
21 4
12 4
24 4
14 4
26 4
16 4
28 4
9 4
21 4
12 4
24 4
14 4
26 4
16 4
28 4
9 4
21 4
12 4
24 4
14 4
26 4
16 4
28 4
9 4
21 4
12 4
24 4
14 4
26 4
16 4
28 4
4 4
16 4
7 4
19 4
9 4
21 4
11 4
23 4
4 4
16 4
7 4
19 4
9 4
21 4
11 4
23 4
4 4
16 4
7 4
19 4
9 4
21 4
11 4
23 4
4 4
16 4
7 4
19 4
9 4
21 4
11 4
23 4
72 14
4 4
16 4
7 4
19 4
9 4
21 4
11 4
23 4
4 4
16 4
7 4
19 4
9 4
21 4
11 4
23 4
4 4
16 4
7 4
19 4
9 4
21 4
11 4
23 4
4 4
16 4
7 4
19 4
9 4
21 4
11 4
23 4
4 4
16 4
7 4
19 4
9 4
21 4
11 4
23 4
4 4
16 4
7 4
19 4
9 4
21 4
11 4
23 4
4 2
6 2
7 2
9 2
11 2
12 2
14 2
16 2
9 4
21 4
12 4
24 4
14 4
26 4
16 4
28 4
9 4
21 4
12 4
24 4
14 4
26 4
16 4
28 4
9 4
21 4
12 4
24 4
14 4
26 4
16 4
28 4
9 4
21 4
12 4
24 4
14 4
26 4
16 4
28 4
4 4
16 4
7 4
19 4
9 4
21 4
11 4
23 4
4 4
16 4
7 4
19 4
9 4
21 4
11 4
23 4
4 4
16 4
7 4
19 4
9 4
21 4
11 4
23 4
4 4
16 4
7 4
19 4
9 4
21 4
11 4
23 4
72 14
4 4
16 4
7 4
19 4
9 4
21 4
11 4
23 4
4 4
16 4
7 4
19 4
9 4
21 4
11 4
23 4
4 4
16 4
7 4
19 4
9 4
21 4
11 4
23 4
4 4
16 4
7 4
19 4
9 4
21 4
11 4
23 4
4 4
16 4
7 4
19 4
9 4
21 4
11 4
23 4
E
S
H
72 14
55 2
54 2
52 2
50 2
47 2
72 4
50 2
72 2
47 2
50 2
52 2
72 2
50 2
52 2
54 2
55 2
54 2
52 2
50 2
47 2
72 4
50 2
72 2
47 2
50 2
52 2
50 2
72 6
55 2
54 2
52 2
50 2
47 2
72 4
50 2
72 2
47 2
50 2
52 2
72 2
50 2
52 2
54 2
55 2
54 2
52 2
50 2
47 2
72 4
50 2
72 2
47 2
50 2
52 2
50 2
72 14
55 2
54 2
52 2
50 2
47 2
72 4
50 2
72 2
47 2
50 2
52 2
72 2
50 2
52 2
54 2
55 2
54 2
52 2
50 2
47 2
72 4
50 2
72 2
47 2
50 2
52 2
50 2
72 6
55 2
54 2
52 2
50 2
47 2
72 4
50 2
72 2
47 2
50 2
52 2
72 2
50 2
52 2
54 2
55 2
54 2
52 2
50 2
47 2
72 4
50 2
72 2
47 2
50 2
52 2
50 2
72 14
55 2
54 2
52 2
50 2
47 2
72 4
50 2
72 2
47 2
50 2
52 2
72 2
50 2
52 2
54 2
55 2
54 2
52 2
50 2
47 2
72 4
50 2
72 2
47 2
50 2
52 2
50 2
72 6
55 2
54 2
52 2
50 2
47 2
72 4
50 2
72 2
47 2
50 2
52 2
72 2
50 2
52 2
54 2
55 2
54 2
52 2
50 2
47 2
72 4
50 2
72 2
47 2
50 2
52 2
50 2
72 14
55 2
54 2
52 2
50 2
47 2
72 4
50 2
72 2
47 2
50 2
52 2
72 2
50 2
52 2
54 2
55 2
54 2
52 2
50 2
47 2
72 4
50 2
72 2
47 2
50 2
52 2
50 2
72 6
55 2
54 2
52 2
50 2
47 2
72 4
50 2
72 2
47 2
50 2
52 2
72 2
50 2
52 2
54 2
55 2
54 2
52 2
50 2
47 2
72 4
50 2
72 2
47 2
50 2
52 2
50 2
72 14
55 2
54 2
52 2
50 2
47 2
72 4
50 2
72 2
47 2
50 2
52 2
72 2
50 2
52 2
54 2
55 2
54 2
52 2
50 2
47 2
72 4
50 2
72 2
47 2
50 2
52 2
50 2
72 6
55 2
54 2
52 2
50 2
47 2
72 4
50 2
72 2
47 2
50 2
52 2
72 2
50 2
52 2
54 2
E
S
L
18 2
18 2
18 2
72 2
18 2
18 2
18 2
72 2
18 2
18 2
18 2
72 2
18 2
18 2
18 2
72 2
18 2
18 2
18 2
72 2
18 2
18 2
18 2
72 2
18 2
18 2
18 2
72 2
18 2
18 2
18 2
72 2
18 2
18 2
18 2
72 2
18 2
18 2
18 2
72 2
18 2
18 2
18 2
72 2
18 2
18 2
18 2
72 2
18 2
18 2
18 2
72 2
18 2
18 2
18 2
72 2
18 2
18 2
18 2
72 2
18 2
18 2
18 2
72 2
18 2
18 2
18 2
72 2
18 2
18 2
18 2
72 2
18 2
18 2
18 2
72 2
18 2
18 2
18 2
72 2
18 2
18 2
18 2
72 2
18 2
18 2
18 2
72 2
18 2
18 2
18 2
72 2
18 2
18 2
18 2
72 11
18 2
18 2
18 2
72 2
18 2
18 2
18 2
72 2
18 2
18 2
18 2
72 2
18 2
18 2
18 2
72 2
18 2
18 2
18 2
72 2
18 2
18 2
18 2
72 2
18 2
18 2
18 2
72 2
18 2
18 2
18 2
72 2
18 2
18 2
18 2
72 2
18 2
18 2
18 2
72 2
18 2
18 2
18 2
72 2
18 2
18 2
18 2
72 2
18 2
18 2
18 2
72 2
18 2
18 2
18 2
72 2
18 2
18 2
18 2
72 2
18 2
18 2
18 2
72 2
18 2
18 2
18 2
72 2
18 2
18 2
18 2
72 2
18 2
18 2
18 2
72 2
18 2
18 2
18 2
72 2
18 2
18 2
18 2
72 2
18 2
18 2
18 2
72 2
18 2
18 2
18 2
72 2
18 2
18 2
18 2
72 2
18 2
18 2
18 2
72 2
18 2
18 2
18 2
72 2
18 2
18 2
18 2
72 2
18 2
18 2
18 2
72 2
18 2
18 2
18 2
72 2
18 2
18 2
18 2
72 2
18 2
18 2
18 2
72 2
18 2
18 2
18 2
72 2
18 2
18 2
18 2
72 2
18 2
18 2
18 2
72 2
18 2
18 2
18 2
72 2
18 2
18 2
18 2
72 2
18 2
18 2
18 2
72 2
18 2
18 2
18 2
72 2
18 2
18 2
18 2
72 2
18 2
18 2
18 2
72 2
18 2
18 2
18 2
72 2
18 2
18 2
18 2
72 2
18 2
18 2
18 2
72 2
18 2
18 2
18 2
72 2
18 2
18 2
18 2
72 2
18 2
18 2
18 2
72 2
18 2
18 2
18 2
72 2
18 2
18 2
18 2
72 2
18 2
18 2
18 2
72 2
18 2
18 2
18 2
72 2
18 2
18 2
18 2
72 2
18 2
18 2
18 2
72 2
18 2
18 2
18 2
72 2
18 2
18 2
18 2
72 2
18 2
18 2
18 2
72 2
18 2
18 2
18 2
72 2
18 2
18 2
18 2
72 2
18 2
18 2
18 2
72 2
18 2
18 2
18 2
72 2
18 2
18 2
18 2
72 2
18 2
18 2
18 2
72 4
18 2
18 2
18 2
72 11
18 2
18 2
18 2
72 2
18 2
18 2
18 2
72 2
18 2
18 2
18 2
72 2
18 2
18 2
18 2
72 2
18 2
18 2
18 2
72 2
18 2
18 2
18 2
72 2
18 2
18 2
18 2
72 2
18 2
18 2
18 2
72 2
18 2
18 2
18 2
72 2
18 2
18 2
18 2
72 2
18 2
18 2
18 2
72 2
18 2
18 2
18 2
72 2
18 2
18 2
18 2
72 2
18 2
18 2
18 2
72 2
18 2
18 2
18 2
72 2
18 2
18 2
18 2
72 2
18 2
18 2
18 2
72 2
18 2
18 2
18 2
72 2
18 2
18 2
18 2
72 2
18 2
18 2
18 2
72 2
18 2
18 2
18 2
72 2
18 2
18 2
18 2
72 2
18 2
18 2
18 2
72 2
18 2
18 2
18 2
72 11
18 2
18 2
18 2
72 2
18 2
18 2
18 2
72 2
18 2
18 2
18 2
72 2
18 2
18 2
18 2
72 2
18 2
18 2
18 2
72 2
18 2
18 2
18 2
72 2
18 2
18 2
18 2
72 2
18 2
18 2
18 2
72 2
18 2
18 2
18 2
72 2
18 2
18 2
18 2
72 2
18 2
18 2
18 2
72 2
18 2
18 2
18 2
72 2
18 2
18 2
18 2
72 2
18 2
18 2
18 2
72 2
18 2
18 2
18 2
72 2
18 2
18 2
18 2
72 2
18 2
18 2
18 2
72 2
18 2
18 2
18 2
72 2
18 2
18 2
18 2
72 2
18 2
18 2
18 2
72 2
18 2
18 2
18 2
72 2
18 2
18 2
18 2
72 2
18 2
18 2
18 2
72 2
18 2
18 2
18 2
72 2
18 2
18 2
18 2
72 2
18 2
18 2
18 2
72 2
18 2
18 2
18 2
72 2
18 2
18 2
18 2
72 2
18 2
18 2
18 2
72 2
18 2
18 2
18 2
72 2
18 2
18 2
18 2
72 2
18 2
18 2
18 2
72 2
18 2
18 2
18 2
72 2
18 2
18 2
18 2
72 2
18 2
18 2
18 2
72 2
18 2
18 2
18 2
72 2
18 2
18 2
18 2
72 2
18 2
18 2
18 2
72 2
18 2
18 2
18 2
72 2
18 2
18 2
18 2
72 2
18 2
18 2
18 2
72 2
18 2
18 2
18 2
72 2
18 2
18 2
18 2
72 2
18 2
18 2
18 2
72 2
18 2
18 2
18 2
72 2
18 2
18 2
18 2
72 2
18 2
18 2
18 2
72 2
18 2
18 2
18 2
72 2
18 2
18 2
18 2
72 2
18 2
18 2
18 2
72 2
18 2
18 2
18 2
72 2
18 2
18 2
18 2
72 2
18 2
18 2
18 2
72 2
18 2
18 2
18 2
72 2
18 2
18 2
18 2
72 2
18 2
18 2
18 2
72 2
18 2
18 2
18 2
72 2
18 2
18 2
18 2
72 2
18 2
18 2
18 2
72 2
18 2
18 2
18 2
72 2
18 2
18 2
18 2
72 4
18 2
18 2
18 2
72 11
18 2
18 2
18 2
72 2
18 2
18 2
18 2
72 2
18 2
18 2
18 2
72 2
18 2
18 2
18 2
72 2
18 2
18 2
18 2
72 2
18 2
18 2
18 2
72 2
18 2
18 2
18 2
72 2
18 2
18 2
18 2
72 2
18 2
18 2
18 2
72 2
18 2
18 2
18 2
72 2
18 2
18 2
18 2
72 2
18 2
18 2
18 2
72 2
18 2
18 2
18 2
72 2
18 2
18 2
18 2
72 2
18 2
18 2
18 2
72 2
18 2
18 2
18 2
72 2
18 2
18 2
18 2
72 2
18 2
18 2
18 2
72 2
18 2
18 2
18 2
72 2
18 2
18 2
18 2
E
S
H
72 14
48 2
47 2
45 2
43 2
40 2
72 4
43 2
72 2
40 2
43 2
45 2
72 2
43 2
45 2
47 2
48 2
47 2
45 2
43 2
40 2
72 4
43 2
72 2
40 2
43 2
45 2
43 2
72 6
48 2
47 2
45 2
43 2
40 2
72 4
43 2
72 2
40 2
43 2
45 2
72 2
43 2
45 2
47 2
48 2
47 2
45 2
43 2
40 2
72 4
43 2
72 2
40 2
43 2
45 2
43 2
72 14
48 2
47 2
45 2
43 2
40 2
72 4
43 2
72 2
40 2
43 2
45 2
72 2
43 2
45 2
47 2
48 2
47 2
45 2
43 2
40 2
72 4
43 2
72 2
40 2
43 2
45 2
43 2
72 6
48 2
47 2
45 2
43 2
40 2
72 4
43 2
72 2
40 2
43 2
45 2
72 2
43 2
45 2
47 2
48 2
47 2
45 2
43 2
40 2
72 4
43 2
72 2
40 2
43 2
45 2
43 2
E
S
H
72 14
55 2
54 2
52 2
50 2
47 2
72 4
50 2
72 2
47 2
50 2
52 2
72 2
50 2
52 2
54 2
55 2
54 2
52 2
50 2
47 2
72 4
50 2
72 2
47 2
50 2
52 2
50 2
72 6
55 2
54 2
52 2
50 2
47 2
72 4
50 2
72 2
47 2
50 2
52 2
72 2
50 2
52 2
54 2
55 2
54 2
52 2
50 2
47 2
72 4
50 2
72 2
47 2
50 2
52 2
50 2
72 14
55 2
54 2
52 2
50 2
47 2
72 4
50 2
72 2
47 2
50 2
52 2
72 2
50 2
52 2
54 2
55 2
54 2
52 2
50 2
47 2
72 4
50 2
72 2
47 2
50 2
52 2
50 2
72 6
55 2
54 2
52 2
50 2
47 2
72 4
50 2
72 2
47 2
50 2
52 2
72 2
50 2
52 2
54 2
55 2
54 2
52 2
50 2
47 2
72 4
50 2
72 2
47 2
50 2
52 2
50 2
72 14
55 2
54 2
52 2
50 2
47 2
72 4
50 2
72 2
47 2
50 2
52 2
72 2
50 2
52 2
54 2
55 2
54 2
52 2
50 2
47 2
72 4
50 2
72 2
47 2
50 2
52 2
50 2
72 6
55 2
54 2
52 2
50 2
47 2
72 4
50 2
72 2
47 2
50 2
52 2
72 2
50 2
52 2
54 2
55 2
54 2
52 2
50 2
47 2
72 4
50 2
72 2
47 2
50 2
52 2
50 2
72 14
55 2
54 2
52 2
50 2
47 2
72 4
50 2
72 2
47 2
50 2
52 2
72 2
50 2
52 2
54 2
55 2
54 2
52 2
50 2
47 2
72 4
50 2
72 2
47 2
50 2
52 2
50 2
72 6
55 2
54 2
52 2
50 2
47 2
72 4
50 2
72 2
47 2
50 2
52 2
72 2
50 2
52 2
54 2
55 2
54 2
52 2
50 2
47 2
72 4
50 2
72 2
47 2
50 2
52 2
50 2
72 14
55 2
54 2
52 2
50 2
47 2
72 4
50 2
72 2
47 2
50 2
52 2
72 2
50 2
52 2
54 2
55 2
54 2
52 2
50 2
47 2
72 4
50 2
72 2
47 2
50 2
52 2
50 2
72 6
55 2
54 2
52 2
50 2
47 2
72 4
50 2
72 2
47 2
50 2
52 2
72 2
50 2
52 2
E
S
H
72 14
48 2
47 2
45 2
43 2
40 2
72 4
43 2
72 2
40 2
43 2
45 2
72 2
43 2
45 2
47 2
48 2
47 2
45 2
43 2
40 2
72 4
43 2
72 2
40 2
43 2
45 2
43 2
72 6
48 2
47 2
45 2
43 2
40 2
72 4
43 2
72 2
40 2
43 2
45 2
72 2
43 2
45 2
47 2
48 2
47 2
45 2
43 2
40 2
72 4
43 2
72 2
40 2
43 2
45 2
43 2
72 14
48 2
47 2
45 2
43 2
40 2
72 4
43 2
72 2
40 2
43 2
45 2
72 2
43 2
45 2
47 2
48 2
47 2
45 2
43 2
40 2
72 4
43 2
72 2
40 2
43 2
45 2
43 2
72 6
48 2
47 2
45 2
43 2
40 2
72 4
43 2
72 2
40 2
43 2
45 2
72 2
43 2
45 2
47 2
48 2
47 2
45 2
43 2
40 2
72 4
43 2
72 2
40 2
43 2
45 2
43 2
E
S
L
72 14
121 2
134 4
134 4
134 4
134 2
134 2
147 4
147 4
147 4
147 2
147 2
160 4
160 4
160 4
160 2
160 2
147 4
147 4
147 4
147 2
200 2
213 4
213 4
213 4
213 2
213 2
226 4
226 4
226 4
226 2
226 2
239 4
239 4
239 4
239 2
239 2
226 4
226 4
226 4
226 2
147 2
160 4
160 4
160 4
160 2
160 2
161 4
161 4
161 4
161 2
161 2
174 4
174 4
174 4
174 2
174 2
161 4
161 4
161 4
161 2
226 2
239 4
239 4
239 4
239 2
239 2
108 4
108 4
108 4
108 2
108 2
121 4
121 4
121 4
121 2
121 2
108 4
108 4
108 4
108 2
72 14
121 2
134 4
134 4
134 4
134 2
134 2
147 4
147 4
147 4
147 2
147 2
160 4
160 4
160 4
160 2
160 2
147 4
147 4
147 4
147 2
200 2
213 4
213 4
213 4
213 2
213 2
226 4
226 4
226 4
226 2
226 2
239 4
239 4
239 4
239 2
239 2
226 4
226 4
226 4
226 2
147 2
160 4
160 4
160 4
160 2
160 2
161 4
161 4
161 4
161 2
161 2
174 4
174 4
174 4
174 2
174 2
161 4
161 4
161 4
161 2
226 2
239 4
239 4
239 4
239 2
239 2
108 4
108 4
108 4
108 2
108 2
121 4
121 4
121 4
121 2
121 2
108 4
108 4
108 4
108 2
E
S
L
72 14
12 2
72 2
12 2
72 2
12 2
72 2
12 2
72 2
12 2
72 2
12 2
72 2
12 2
72 2
12 2
72 2
12 2
72 2
12 2
72 2
12 2
72 2
12 2
72 2
12 2
72 2
12 2
72 2
12 2
72 2
12 2
72 2
12 2
72 2
12 2
72 2
12 2
72 2
12 2
72 2
12 2
72 2
12 2
72 2
12 2
72 2
12 2
72 2
12 2
72 2
12 2
72 2
12 2
72 2
12 2
72 2
12 2
72 2
12 2
72 2
12 2
72 2
12 2
72 2
12 2
72 2
12 2
72 2
12 2
72 2
12 2
72 2
12 2
72 2
12 2
72 2
12 2
72 2
12 2
72 2
12 2
72 2
12 2
72 2
12 2
72 2
12 2
72 2
12 2
72 2
12 2
72 2
12 2
72 2
12 2
72 2
12 2
72 2
12 2
72 2
12 2
72 2
12 2
72 2
12 2
72 2
12 2
72 2
12 2
72 2
12 2
72 2
12 2
72 2
12 2
72 2
12 2
72 2
12 2
72 14
12 2
72 2
12 2
72 2
12 2
72 2
12 2
72 2
12 2
72 2
12 2
72 2
12 2
72 2
12 2
72 2
12 2
72 2
12 2
72 2
12 2
72 2
12 2
72 2
12 2
72 2
12 2
72 2
12 2
72 2
12 2
72 2
12 2
72 2
12 2
72 2
12 2
72 2
12 2
72 2
12 2
72 2
12 2
72 2
12 2
72 2
12 2
72 2
12 2
72 2
12 2
72 2
12 2
72 2
12 2
72 2
12 2
72 2
12 2
72 2
12 2
72 2
12 2
72 2
12 2
72 2
12 2
72 2
12 2
72 2
12 2
72 2
12 2
72 2
12 2
72 2
12 2
72 2
12 2
72 2
12 2
72 2
12 2
72 2
12 2
72 2
12 2
72 2
12 2
72 2
12 2
72 2
12 2
72 2
12 2
72 2
12 2
72 2
12 2
72 2
12 2
72 2
12 2
72 2
12 2
72 2
12 2
72 2
12 2
72 2
12 2
72 2
12 2
72 2
12 2
72 2
12 2
72 2
12 2
E
X
