major
S
H
72 14
53 12
50 7
52 7
53 7
55 12
50 12
55 11
53 4
51 11
53 7
55 12
52 9
48 9
72 14
55 12
52 7
54 7
55 7
57 12
52 12
57 11
55 4
53 11
55 7
57 12
54 9
50 9
52 4
54 4
55 9
59 4
57 9
54 9
52 13
72 4
52 4
54 4
55 9
59 4
57 9
62 9
64 13
72 4
52 4
54 4
55 9
59 4
57 9
54 9
52 13
72 4
52 4
54 4
55 9
59 4
57 9
62 9
59 13
72 14
53 12
50 7
52 7
53 7
55 12
50 12
55 11
53 4
51 11
53 7
55 12
52 9
48 9
72 14
55 12
52 7
54 7
55 7
57 12
52 12
57 11
55 4
53 11
55 7
57 12
54 9
50 9
52 4
54 4
55 9
59 4
57 9
54 9
52 13
72 4
52 4
54 4
55 9
59 4
57 9
62 9
64 13
72 4
52 4
54 4
55 9
59 4
57 9
54 9
52 13
72 4
52 4
54 4
55 9
59 4
57 9
62 9
59 13
E
S
H
40 7
36 7
43 7
40 7
48 7
43 7
52 7
48 7
43 7
40 7
36 7
40 4
40 7
36 7
43 7
40 7
48 7
43 7
52 7
48 7
43 7
40 7
36 7
40 4
40 7
36 7
45 7
40 7
48 7
45 7
52 7
48 7
45 7
40 7
36 7
40 7
36 7
33 7
41 7
36 7
45 7
41 7
48 7
45 7
41 7
36 7
41 7
45 7
38 7
34 7
41 7
38 7
46 7
41 7
50 7
46 7
41 7
38 7
41 7
46 7
38 7
35 7
43 7
38 7
47 7
43 7
50 7
47 7
43 7
38 7
43 7
47 7
39 7
34 7
43 7
39 7
46 7
43 7
51 7
46 7
43 7
39 7
43 7
46 7
40 7
36 7
43 7
40 7
48 7
43 7
52 7
48 7
43 7
40 7
36 7
40 7
42 7
38 7
45 7
42 7
50 7
45 7
54 7
50 7
45 7
42 7
38 7
42 4
42 7
38 7
45 7
42 7
50 7
45 7
54 7
50 7
45 7
42 7
38 7
42 4
42 7
38 7
47 7
42 7
50 7
47 7
54 7
50 7
47 7
42 7
38 7
42 7
38 7
35 7
43 7
38 7
47 7
43 7
50 7
47 7
43 7
38 7
43 7
47 7
40 7
36 7
43 7
40 7
48 7
43 7
52 7
48 7
43 7
40 7
43 7
48 7
40 7
37 7
45 7
40 7
49 7
45 7
52 7
49 7
45 7
40 7
45 7
49 7
41 7
36 7
45 7
41 7
48 7
45 7
53 7
48 7
45 7
41 7
45 7
48 7
42 7
38 7
45 7
42 7
50 7
45 7
54 7
50 7
45 7
42 7
38 7
42 7
72 14
24 2
28 2
31 2
36 2
40 2
43 2
48 2
52 2
55 2
60 2
64 2
60 2
55 2
52 2
48 2
43 2
40 2
36 2
31 2
28 2
24 4
40 11
43 11
48 11
52 11
55 11
72 14
24 2
28 2
31 2
36 2
40 2
43 2
48 2
52 2
55 2
60 2
64 2
60 2
55 2
52 2
48 2
43 2
40 2
36 2
31 2
28 2
24 4
40 11
43 11
48 11
52 11
55 11
72 13
28 2
72 0
32 2
35 2
40 2
44 2
72 0
40 2
44 2
47 2
52 2
72 0
44 2
47 2
52 2
56 2
72 0
52 2
47 2
44 2
52 2
72 0
47 2
44 2
40 2
47 2
72 0
44 2
40 2
35 2
40 7
36 7
43 7
40 7
48 7
43 7
52 7
48 7
43 7
40 7
36 7
40 4
40 7
36 7
43 7
40 7
48 7
43 7
52 7
48 7
43 7
40 7
36 7
40 4
40 7
36 7
45 7
40 7
48 7
45 7
52 7
48 7
45 7
40 7
36 7
40 7
36 7
33 7
41 7
36 7
45 7
41 7
48 7
45 7
41 7
36 7
41 7
45 7
38 7
34 7
41 7
38 7
46 7
41 7
50 7
46 7
41 7
38 7
41 7
46 7
38 7
35 7
43 7
38 7
47 7
43 7
50 7
47 7
43 7
38 7
43 7
47 7
39 7
34 7
43 7
39 7
46 7
43 7
51 7
46 7
43 7
39 7
43 7
46 7
40 7
36 7
43 7
40 7
48 7
43 7
52 7
48 7
43 7
40 7
36 7
40 7
42 7
38 7
45 7
42 7
50 7
45 7
54 7
50 7
45 7
42 7
38 7
42 4
42 7
38 7
45 7
42 7
50 7
45 7
54 7
50 7
45 7
42 7
38 7
42 4
42 7
38 7
47 7
42 7
50 7
47 7
54 7
50 7
47 7
42 7
38 7
42 7
38 7
35 7
43 7
38 7
47 7
43 7
50 7
47 7
43 7
38 7
43 7
47 7
40 7
36 7
43 7
40 7
48 7
43 7
52 7
48 7
43 7
40 7
43 7
48 7
40 7
37 7
45 7
40 7
49 7
45 7
52 7
49 7
45 7
40 7
45 7
49 7
41 7
36 7
45 7
41 7
48 7
45 7
53 7
48 7
45 7
41 7
45 7
48 7
42 7
38 7
45 7
42 7
50 7
45 7
54 7
50 7
45 7
42 7
38 7
42 7
72 14
24 2
28 2
31 2
36 2
40 2
43 2
48 2
52 2
55 2
60 2
64 2
60 2
55 2
52 2
48 2
43 2
40 2
36 2
31 2
28 2
24 4
40 11
43 11
48 11
52 11
55 11
72 14
24 2
28 2
31 2
36 2
40 2
43 2
48 2
52 2
55 2
60 2
64 2
60 2
55 2
52 2
48 2
43 2
40 2
36 2
31 2
28 2
24 4
40 11
43 11
48 11
52 11
55 11
72 13
28 2
72 0
32 2
35 2
40 2
44 2
72 0
40 2
44 2
47 2
52 2
72 0
44 2
47 2
52 2
56 2
72 0
52 2
47 2
44 2
52 2
72 0
47 2
44 2
40 2
47 2
72 0
44 2
40 2
35 2
E
S
H
40 7
36 7
43 7
40 7
48 7
43 7
52 7
48 7
43 7
40 7
36 7
40 4
40 7
36 7
43 7
40 7
48 7
43 7
52 7
48 7
43 7
40 7
36 7
40 4
40 7
36 7
45 7
40 7
48 7
45 7
52 7
48 7
45 7
40 7
36 7
40 7
36 7
33 7
41 7
36 7
45 7
41 7
48 7
45 7
41 7
36 7
41 7
45 7
38 7
34 7
41 7
38 7
46 7
41 7
50 7
46 7
41 7
38 7
41 7
46 7
38 7
35 7
43 7
38 7
47 7
43 7
50 7
47 7
43 7
38 7
43 7
47 7
39 7
34 7
43 7
39 7
46 7
43 7
51 7
46 7
43 7
39 7
43 7
46 7
40 7
36 7
43 7
40 7
48 7
43 7
52 7
48 7
43 7
40 7
36 7
40 7
42 7
38 7
45 7
42 7
50 7
45 7
54 7
50 7
45 7
42 7
38 7
42 4
42 7
38 7
45 7
42 7
50 7
45 7
54 7
50 7
45 7
42 7
38 7
42 4
42 7
38 7
47 7
42 7
50 7
47 7
54 7
50 7
47 7
42 7
38 7
42 7
38 7
35 7
43 7
38 7
47 7
43 7
50 7
47 7
43 7
38 7
43 7
47 7
40 7
36 7
43 7
40 7
48 7
43 7
52 7
48 7
43 7
40 7
43 7
48 7
40 7
37 7
45 7
40 7
49 7
45 7
52 7
49 7
45 7
40 7
45 7
49 7
41 7
36 7
45 7
41 7
48 7
45 7
53 7
48 7
45 7
41 7
45 7
48 7
42 7
38 7
45 7
42 7
50 7
45 7
54 7
50 7
45 7
42 7
38 7
42 7
72 14
24 2
28 2
31 2
36 2
40 2
43 2
48 2
52 2
55 2
60 2
64 2
60 2
55 2
52 2
48 2
43 2
40 2
36 2
31 2
28 2
24 4
40 11
43 11
48 11
52 11
55 11
72 14
24 2
28 2
31 2
36 2
40 2
43 2
48 2
52 2
55 2
60 2
64 2
60 2
55 2
52 2
48 2
43 2
40 2
36 2
31 2
28 2
24 4
40 11
43 11
48 11
52 11
55 11
72 13
28 2
72 0
32 2
35 2
40 2
44 2
72 0
40 2
44 2
47 2
52 2
72 0
44 2
47 2
52 2
56 2
72 0
52 2
47 2
44 2
52 2
72 0
47 2
44 2
40 2
47 2
72 0
44 2
40 2
35 2
40 7
36 7
43 7
40 7
48 7
43 7
52 7
48 7
43 7
40 7
36 7
40 4
40 7
36 7
43 7
40 7
48 7
43 7
52 7
48 7
43 7
40 7
36 7
40 4
40 7
36 7
45 7
40 7
48 7
45 7
52 7
48 7
45 7
40 7
36 7
40 7
36 7
33 7
41 7
36 7
45 7
41 7
48 7
45 7
41 7
36 7
41 7
45 7
38 7
34 7
41 7
38 7
46 7
41 7
50 7
46 7
41 7
38 7
41 7
46 7
38 7
35 7
43 7
38 7
47 7
43 7
50 7
47 7
43 7
38 7
43 7
47 7
39 7
34 7
43 7
39 7
46 7
43 7
51 7
46 7
43 7
39 7
43 7
46 7
40 7
36 7
43 7
40 7
48 7
43 7
52 7
48 7
43 7
40 7
36 7
40 7
42 7
38 7
45 7
42 7
50 7
45 7
54 7
50 7
45 7
42 7
38 7
42 4
42 7
38 7
45 7
42 7
50 7
45 7
54 7
50 7
45 7
42 7
38 7
42 4
42 7
38 7
47 7
42 7
50 7
47 7
54 7
50 7
47 7
42 7
38 7
42 7
38 7
35 7
43 7
38 7
47 7
43 7
50 7
47 7
43 7
38 7
43 7
47 7
40 7
36 7
43 7
40 7
48 7
43 7
52 7
48 7
43 7
40 7
43 7
48 7
40 7
37 7
45 7
40 7
49 7
45 7
52 7
49 7
45 7
40 7
45 7
49 7
41 7
36 7
45 7
41 7
48 7
45 7
53 7
48 7
45 7
41 7
45 7
48 7
42 7
38 7
45 7
42 7
50 7
45 7
54 7
50 7
45 7
42 7
38 7
42 7
72 14
24 2
28 2
31 2
36 2
40 2
43 2
48 2
52 2
55 2
60 2
64 2
60 2
55 2
52 2
48 2
43 2
40 2
36 2
31 2
28 2
24 4
40 11
43 11
48 11
52 11
55 11
72 14
24 2
28 2
31 2
36 2
40 2
43 2
48 2
52 2
55 2
60 2
64 2
60 2
55 2
52 2
48 2
43 2
40 2
36 2
31 2
28 2
24 4
40 11
43 11
48 11
52 11
55 11
72 13
28 2
72 0
32 2
35 2
40 2
44 2
72 0
40 2
44 2
47 2
52 2
72 0
44 2
47 2
52 2
56 2
72 0
52 2
47 2
44 2
52 2
72 0
47 2
44 2
40 2
47 2
72 0
44 2
40 2
35 2
E
S
L
12 9
12 4
7 4
12 4
12 9
12 9
10 9
10 4
5 4
10 4
10 9
5 9
9 9
9 7
4 4
9 9
9 9
5 9
17 4
12 4
5 4
5 9
5 9
10 9
10 4
5 4
10 4
10 9
5 9
7 9
7 7
14 4
7 9
7 9
15 9
10 7
15 4
15 9
10 9
12 11
7 4
12 9
12 9
14 9
14 4
9 4
14 4
14 9
14 9
12 9
12 4
7 4
12 4
12 9
7 9
11 9
11 7
6 4
11 9
11 9
7 9
19 4
14 4
7 4
7 9
7 9
12 9
12 4
7 4
12 4
12 9
7 9
9 9
9 7
4 4
9 9
9 9
5 9
12 7
5 4
5 9
12 9
14 11
9 4
14 9
14 9
12 11
7 4
12 11
7 4
12 9
7 9
12 11
7 4
12 9
7 4
12 4
7 4
14 9
9 9
16 11
11 4
14 11
9 4
12 4
7 4
12 4
7 4
12 4
7 4
14 4
9 4
14 4
9 4
14 4
9 4
12 4
7 4
12 4
7 4
12 4
7 4
12 4
7 4
12 4
7 4
12 4
7 4
12 4
7 4
12 4
7 4
12 4
7 4
14 4
9 4
14 4
9 4
14 4
9 4
4 9
16 4
11 4
16 4
4 9
4 7
4 4
12 9
12 4
7 4
12 4
12 9
12 9
10 9
10 4
5 4
10 4
10 9
5 9
9 9
9 7
4 4
9 9
9 9
5 9
17 4
12 4
5 4
5 9
5 9
10 9
10 4
5 4
10 4
10 9
5 9
7 9
7 7
14 4
7 9
7 9
15 9
10 7
15 4
15 9
10 9
12 11
7 4
12 9
12 9
14 9
14 4
9 4
14 4
14 9
14 9
12 9
12 4
7 4
12 4
12 9
7 9
11 9
11 7
6 4
11 9
11 9
7 9
19 4
14 4
7 4
7 9
7 9
12 9
12 4
7 4
12 4
12 9
7 9
9 9
9 7
4 4
9 9
9 9
5 9
12 7
5 4
5 9
12 9
14 11
9 4
14 9
14 9
12 11
7 4
12 11
7 4
12 9
7 9
12 11
7 4
12 9
7 4
12 4
7 4
14 9
9 9
16 11
11 4
14 11
9 4
12 4
7 4
12 4
7 4
12 4
7 4
14 4
9 4
14 4
9 4
14 4
9 4
12 4
7 4
12 4
7 4
12 4
7 4
12 4
7 4
12 4
7 4
12 4
7 4
12 4
7 4
12 4
7 4
12 4
7 4
14 4
9 4
14 4
9 4
14 4
9 4
4 9
16 4
11 4
16 4
4 9
4 7
4 4
E
S
H
72 14
215 4
38 4
215 4
38 4
215 4
38 4
215 4
38 4
215 4
38 4
215 4
38 4
215 4
36 4
215 4
36 4
215 4
36 4
215 4
36 4
215 4
36 4
215 4
36 4
239 4
38 4
239 4
38 4
239 4
38 4
239 4
38 4
239 4
38 4
239 4
38 4
240 4
38 4
240 4
38 4
240 4
38 4
47 2
72 0
45 2
43 2
38 2
43 2
72 0
45 2
47 2
50 2
47 2
72 0
55 2
50 2
59 2
60 2
72 0
55 2
52 2
48 2
55 2
72 0
52 2
48 2
43 2
52 2
72 0
48 2
43 2
40 2
52 2
72 0
48 2
43 2
40 2
48 2
72 0
43 2
48 2
43 2
40 2
36 2
40 2
72 0
43 2
48 2
52 2
57 2
72 0
52 2
49 2
45 2
52 2
72 0
49 2
45 2
40 2
49 2
72 0
45 2
40 2
37 2
33 2
72 0
37 2
40 2
45 2
52 2
72 0
49 2
52 2
49 2
45 2
40 2
45 2
72 0
49 2
52 2
57 2
57 2
72 0
55 2
53 2
48 2
45 2
72 0
43 2
41 2
36 2
41 2
72 0
43 2
45 2
48 2
53 2
72 0
48 2
45 2
41 2
36 2
72 0
41 2
45 2
41 2
45 2
48 2
45 2
72 0
48 2
53 2
57 2
57 2
72 0
54 2
50 2
45 2
54 2
72 0
50 2
45 2
42 2
50 2
72 0
45 2
42 2
38 2
33 2
72 0
38 2
42 2
45 2
38 2
72 0
42 2
45 2
50 2
54 2
50 2
54 2
72 0
57 2
62 2
57 2
149 4
43 4
149 4
43 4
149 4
43 4
175 4
45 4
175 4
45 4
175 4
45 4
149 4
43 4
149 4
43 4
149 4
43 4
149 4
43 4
149 4
43 4
149 4
43 4
149 4
43 4
149 4
43 4
149 4
43 4
175 4
45 4
175 4
45 4
175 4
45 4
189 4
47 4
189 4
47 4
189 4
47 4
175 4
45 4
175 4
45 4
175 4
45 4
189 4
48 4
189 4
48 4
189 4
48 4
175 4
45 4
175 4
45 4
175 4
45 4
189 4
48 4
189 4
48 4
189 4
48 4
189 4
48 4
189 4
48 4
189 4
48 4
189 4
48 4
189 4
48 4
189 4
48 4
175 4
45 4
175 4
45 4
175 4
45 4
201 4
47 4
201 4
47 4
201 4
47 4
201 4
47 4
201 4
47 4
201 4
47 4
72 14
215 4
38 4
215 4
38 4
215 4
38 4
215 4
38 4
215 4
38 4
215 4
38 4
215 4
36 4
215 4
36 4
215 4
36 4
215 4
36 4
215 4
36 4
215 4
36 4
239 4
38 4
239 4
38 4
239 4
38 4
239 4
38 4
239 4
38 4
239 4
38 4
240 4
38 4
240 4
38 4
240 4
38 4
47 2
72 0
45 2
43 2
38 2
43 2
72 0
45 2
47 2
50 2
47 2
72 0
55 2
50 2
59 2
60 2
72 0
55 2
52 2
48 2
55 2
72 0
52 2
48 2
43 2
52 2
72 0
48 2
43 2
40 2
52 2
72 0
48 2
43 2
40 2
48 2
72 0
43 2
48 2
43 2
40 2
36 2
40 2
72 0
43 2
48 2
52 2
57 2
72 0
52 2
49 2
45 2
52 2
72 0
49 2
45 2
40 2
49 2
72 0
45 2
40 2
37 2
33 2
72 0
37 2
40 2
45 2
52 2
72 0
49 2
52 2
49 2
45 2
40 2
45 2
72 0
49 2
52 2
57 2
57 2
72 0
55 2
53 2
48 2
45 2
72 0
43 2
41 2
36 2
41 2
72 0
43 2
45 2
48 2
53 2
72 0
48 2
45 2
41 2
36 2
72 0
41 2
45 2
41 2
45 2
48 2
45 2
72 0
48 2
53 2
57 2
57 2
72 0
54 2
50 2
45 2
54 2
72 0
50 2
45 2
42 2
50 2
72 0
45 2
42 2
38 2
33 2
72 0
38 2
42 2
45 2
38 2
72 0
42 2
45 2
50 2
54 2
50 2
54 2
72 0
57 2
62 2
57 2
149 4
43 4
149 4
43 4
149 4
43 4
175 4
45 4
175 4
45 4
175 4
45 4
149 4
43 4
149 4
43 4
149 4
43 4
149 4
43 4
149 4
43 4
149 4
43 4
149 4
43 4
149 4
43 4
149 4
43 4
175 4
45 4
175 4
45 4
175 4
45 4
189 4
47 4
189 4
47 4
189 4
47 4
175 4
45 4
175 4
45 4
175 4
45 4
189 4
48 4
189 4
48 4
189 4
48 4
175 4
45 4
175 4
45 4
175 4
45 4
189 4
48 4
189 4
48 4
189 4
48 4
189 4
48 4
189 4
48 4
189 4
48 4
189 4
48 4
189 4
48 4
189 4
48 4
175 4
45 4
175 4
45 4
175 4
45 4
201 4
47 4
201 4
47 4
201 4
47 4
201 4
47 4
201 4
47 4
201 4
47 4
E
S
H
36 9
43 13
72 4
36 9
72 1
43 8
48 11
72 2
50 4
52 9
72 1
48 13
72 1
50 2
52 2
53 13
72 14
38 9
45 13
72 4
38 9
72 1
45 8
50 11
72 2
52 4
54 9
72 1
50 13
72 1
52 2
54 2
55 13
72 14
48 4
50 4
52 9
55 4
54 9
50 9
48 13
72 4
48 4
50 4
52 9
55 4
54 9
57 9
59 13
72 4
48 4
50 4
52 9
55 4
54 9
50 9
48 13
72 4
48 4
50 4
52 9
55 4
54 9
57 9
59 13
72 4
36 9
43 13
72 4
36 9
72 1
43 8
48 11
72 2
50 4
52 9
72 1
48 13
72 1
50 2
52 2
53 13
72 14
38 9
45 13
72 4
38 9
72 1
45 8
50 11
72 2
52 4
54 9
72 1
50 13
72 1
52 2
54 2
55 13
72 14
48 4
50 4
52 9
55 4
54 9
50 9
48 13
72 4
48 4
50 4
52 9
55 4
54 9
57 9
59 13
72 4
48 4
50 4
52 9
55 4
54 9
50 9
48 13
72 4
48 4
50 4
52 9
55 4
54 9
57 9
59 13
E
X
