major
S
L
72 14
23 14
19 14
23 14
24 14
14 4
14 0
72 4
26 4
20 4
14 0
72 4
14 4
14 3
72 1
14 3
72 1
14 4
14 0
72 4
26 4
20 4
14 0
72 4
14 4
14 3
72 1
14 3
72 1
14 4
14 0
72 4
26 4
20 4
14 0
72 4
14 4
14 3
72 1
14 3
72 1
14 4
14 0
72 4
26 4
20 4
14 0
72 4
14 4
14 3
72 1
14 3
72 1
7 4
72 4
7 6
72 2
7 0
72 4
7 7
7 2
72 2
7 4
72 4
7 6
72 2
7 0
72 4
7 3
72 1
7 3
72 1
7 3
72 1
3 4
72 4
3 4
72 4
5 4
72 4
5 4
72 4
7 4
72 4
7 6
72 2
7 0
72 4
2 3
72 1
2 2
72 2
2 3
72 1
7 4
72 4
7 6
72 2
7 0
72 4
7 7
7 2
72 2
7 4
72 4
7 6
72 2
7 0
72 4
7 3
72 1
7 3
72 1
7 3
72 1
3 4
72 4
3 4
72 4
5 4
72 4
5 4
72 4
7 4
72 4
7 6
72 2
7 0
72 4
2 3
72 1
2 2
72 2
2 3
72 1
3 4
72 4
3 6
72 2
3 0
72 4
3 3
72 1
3 3
72 1
3 3
72 1
2 3
72 5
2 6
72 2
7 3
72 5
7 6
72 2
0 4
72 4
0 7
2 4
2 3
72 1
2 7
7 4
72 4
7 6
72 2
7 0
72 4
7 3
72 1
7 3
72 1
7 3
72 1
3 4
72 4
3 6
72 2
2 0
72 4
2 3
72 1
2 3
72 1
2 3
72 1
7 4
72 4
7 6
72 2
5 0
72 4
5 3
72 1
5 3
72 1
5 3
72 1
4 4
72 4
4 6
72 2
9 4
72 4
9 6
72 2
2 4
72 4
2 7
2 0
72 4
14 4
14 3
72 1
14 3
72 1
2 4
72 4
2 7
2 0
72 4
14 4
9 3
72 1
2 3
72 1
7 4
7 4
14 4
7 4
7 3
72 1
7 4
7 3
72 1
7 4
5 4
5 4
12 4
5 4
5 4
5 3
72 1
17 4
5 4
3 3
72 1
3 4
3 4
3 3
72 1
3 4
3 4
7 4
10 4
2 4
2 4
6 4
2 4
9 4
2 4
6 4
2 4
7 4
7 4
7 3
72 1
7 3
72 1
7 4
7 4
7 4
7 4
5 4
5 4
12 4
5 4
5 4
5 3
72 1
5 4
5 4
0 4
0 4
0 4
0 4
0 4
0 3
72 1
0 4
0 4
2 4
2 4
2 4
2 4
2 4
2 4
2 4
2 4
3 4
3 4
3 4
3 3
72 1
5 4
5 4
5 4
5 3
72 1
7 4
7 4
7 4
7 3
72 1
7 4
7 4
7 4
7 3
72 1
3 4
3 4
3 4
3 3
72 1
5 4
5 4
5 4
5 3
72 1
7 4
7 4
7 4
7 3
72 1
7 4
7 4
7 4
7 3
72 1
6 4
6 4
6 4
6 3
72 1
8 4
8 4
8 4
8 3
72 1
3 4
3 4
3 4
3 4
5 4
5 3
72 1
12 3
72 1
5 3
72 1
6 4
6 4
10 4
6 4
6 4
6 4
6 4
6 3
72 1
8 4
8 4
8 4
8 4
8 4
8 4
8 4
8 4
10 4
10 3
72 1
10 3
72 1
10 4
10 4
10 4
10 4
10 4
10 4
10 4
10 4
10 4
10 2
10 2
10 4
10 2
10 2
10 3
72 14
10 12
8 4
8 0
72 4
8 3
72 13
6 12
3 11
5 4
5 0
72 4
5 4
5 0
72 4
5 2
5 2
72 4
6 2
6 2
72 7
10 2
72 4
9 2
72 4
5 2
5 2
72 4
6 2
6 2
72 7
3 2
72 4
0 2
72 4
5 2
5 2
72 4
6 2
6 2
72 7
10 2
72 4
9 2
72 4
5 3
72 13
7 4
72 4
7 6
72 2
7 0
72 4
7 7
7 2
72 2
7 4
72 4
7 6
72 2
7 0
72 4
7 3
72 1
7 3
72 1
7 3
72 1
3 4
72 4
3 4
72 4
5 4
72 4
5 4
72 4
7 4
72 4
7 6
72 2
7 0
72 4
2 3
72 1
2 2
72 2
2 3
72 1
7 4
72 4
7 6
72 2
7 0
72 4
7 7
7 2
72 2
7 4
72 4
7 6
72 2
7 0
72 4
7 3
72 1
7 3
72 1
7 3
72 1
3 4
72 4
3 4
72 4
5 4
72 4
5 4
72 4
7 4
72 4
7 6
72 2
7 0
72 4
2 3
72 1
2 2
72 2
2 3
72 1
3 4
72 4
3 6
72 2
3 0
72 4
3 3
72 1
3 3
72 1
3 3
72 1
2 3
72 5
2 6
72 2
7 3
72 5
7 6
72 2
0 4
72 4
0 7
2 4
2 3
72 1
2 7
7 4
72 4
7 6
72 2
7 0
72 4
7 3
72 1
7 3
72 1
7 3
72 1
3 4
72 4
3 6
72 2
2 0
72 4
2 3
72 1
2 3
72 1
2 3
72 1
7 4
72 4
7 6
72 2
5 0
72 4
5 3
72 1
5 3
72 1
5 3
72 1
4 4
72 4
4 6
72 2
9 4
72 4
9 6
72 2
2 4
72 4
2 7
2 0
72 4
14 4
14 3
72 1
14 3
72 1
2 4
72 4
2 7
2 0
72 4
14 4
9 3
72 1
2 3
72 1
7 4
7 4
14 4
7 4
7 3
72 1
7 4
7 3
72 1
7 4
5 4
5 4
12 4
5 4
5 4
5 3
72 1
17 4
5 4
3 3
72 1
3 4
3 4
3 3
72 1
3 4
3 4
7 4
10 4
2 4
2 4
6 4
2 4
9 4
2 4
6 4
2 4
7 4
7 4
7 3
72 1
7 3
72 1
7 4
7 4
7 4
7 4
5 4
5 4
12 4
5 4
5 4
5 3
72 1
5 4
5 4
0 4
0 4
0 4
0 4
0 4
0 3
72 1
0 4
0 4
2 4
2 4
2 4
2 4
2 4
2 4
2 4
2 4
3 4
3 4
3 4
3 3
72 1
5 4
5 4
5 4
5 3
72 1
7 4
7 4
7 4
7 3
72 1
7 4
7 4
7 4
7 3
72 1
3 4
3 4
3 4
3 3
72 1
5 4
5 4
5 4
5 3
72 1
7 4
7 4
7 4
7 3
72 1
7 4
7 4
7 4
7 3
72 1
6 4
6 4
6 4
6 3
72 1
8 4
8 4
8 4
8 3
72 1
3 4
3 4
3 4
3 4
5 4
5 3
72 1
12 3
72 1
5 3
72 1
6 4
6 4
10 4
6 4
6 4
6 4
6 4
6 3
72 1
8 4
8 4
8 4
8 4
8 4
8 4
8 4
8 4
10 4
10 3
72 1
10 3
72 1
10 4
10 4
10 4
10 4
10 4
10 4
10 4
10 4
10 4
10 2
10 2
10 4
10 2
10 2
10 3
72 14
10 12
8 4
8 0
72 4
8 3
72 13
6 12
3 11
5 4
5 0
72 4
5 4
5 0
72 4
5 2
5 2
72 4
6 2
6 2
72 7
10 2
72 4
9 2
72 4
5 2
5 2
72 4
6 2
6 2
72 7
3 2
72 4
0 2
72 4
5 2
5 2
72 4
6 2
6 2
72 7
10 2
72 4
9 2
72 4
5 3
E
S
H
72 14
49 14
45 13
43 11
45 11
49 13
47 7
49 7
50 11
48 7
50 7
53 11
51 11
50 14
72 14
36 9
38 2
36 2
72 0
35 11
72 14
36 9
38 2
36 2
72 0
35 11
34 13
33 11
31 11
31 11
33 7
36 7
36 11
34 11
34 11
33 11
38 13
38 6
36 5
72 1
34 4
33 11
38 14
72 14
62 8
72 2
58 2
60 2
72 0
62 5
60 5
58 5
72 0
60 7
53 4
72 4
65 8
72 2
63 2
62 2
72 0
63 8
72 2
60 2
62 2
72 0
63 8
72 2
62 2
60 2
72 0
62 13
51 5
53 5
55 5
72 0
53 5
48 5
53 5
72 0
50 13
55 5
57 5
58 5
72 0
57 5
53 5
50 5
72 0
55 13
58 5
60 5
61 5
72 0
60 5
56 5
53 5
72 0
58 5
60 5
61 5
72 0
65 5
63 5
60 5
72 0
61 8
72 2
58 2
60 2
72 0
61 11
63 8
72 2
60 2
61 2
72 0
63 11
65 14
72 14
53 7
54 3
72 8
58 2
72 4
57 2
72 4
53 4
72 14
36 9
38 2
36 2
72 0
35 11
72 14
36 9
38 2
36 2
72 0
35 11
34 13
33 11
31 11
31 11
33 7
36 7
36 11
34 11
34 11
33 11
38 13
38 6
36 5
72 1
34 4
33 11
38 14
72 14
62 8
72 2
58 2
60 2
72 0
62 5
60 5
58 5
72 0
60 7
53 4
72 4
65 8
72 2
63 2
62 2
72 0
63 8
72 2
60 2
62 2
72 0
63 8
72 2
62 2
60 2
72 0
62 13
51 5
53 5
55 5
72 0
53 5
48 5
53 5
72 0
50 13
55 5
57 5
58 5
72 0
57 5
53 5
50 5
72 0
55 13
58 5
60 5
61 5
72 0
60 5
56 5
53 5
72 0
58 5
60 5
61 5
72 0
65 5
63 5
60 5
72 0
61 8
72 2
58 2
60 2
72 0
61 11
63 8
72 2
60 2
61 2
72 0
63 11
65 14
72 14
53 7
54 3
72 8
58 2
72 4
57 2
72 4
53 4
E
S
H
72 14
43 8
72 2
45 2
46 2
72 0
43 5
41 5
72 1
39 4
41 8
72 2
43 2
45 2
72 0
46 7
44 7
43 5
41 5
39 4
72 2
45 5
43 5
41 4
72 2
38 13
39 5
41 5
43 4
72 2
42 5
43 5
45 4
72 2
46 5
45 5
43 4
72 2
43 11
43 5
45 5
46 5
72 0
45 5
40 5
45 4
72 2
43 12
72 2
42 2
40 2
72 0
42 13
72 14
58 2
57 2
55 2
50 2
72 0
46 2
45 2
43 2
38 2
72 14
62 2
60 2
58 2
55 2
72 0
50 2
48 2
46 2
43 2
72 0
42 11
44 11
39 11
41 11
42 13
44 13
46 14
72 14
29 7
30 3
72 8
34 2
72 4
33 2
72 4
29 7
30 3
72 8
27 2
72 4
24 2
72 4
29 7
30 3
72 8
34 2
72 4
33 2
72 4
29 4
72 14
43 8
72 2
45 2
46 2
72 0
43 5
41 5
72 1
39 4
41 8
72 2
43 2
45 2
72 0
46 7
44 7
43 5
41 5
39 4
72 2
45 5
43 5
41 4
72 2
38 13
39 5
41 5
43 4
72 2
42 5
43 5
45 4
72 2
46 5
45 5
43 4
72 2
43 11
43 5
45 5
46 5
72 0
45 5
40 5
45 4
72 2
43 12
72 2
42 2
40 2
72 0
42 13
72 14
58 2
57 2
55 2
50 2
72 0
46 2
45 2
43 2
38 2
72 14
62 2
60 2
58 2
55 2
72 0
50 2
48 2
46 2
43 2
72 0
42 11
44 11
39 11
41 11
42 13
44 13
46 14
72 14
29 7
30 3
72 8
34 2
72 4
33 2
72 4
29 7
30 3
72 8
27 2
72 4
24 2
72 4
29 7
30 3
72 8
34 2
72 4
33 2
72 4
29 4
E
S
L
72 14
31 11
23 14
24 14
72 13
26 7
20 2
72 2
14 14
26 4
26 0
72 4
26 7
26 0
72 4
27 4
27 4
26 0
72 4
26 4
26 0
72 4
26 7
26 0
72 4
27 4
27 4
26 0
72 4
27 4
27 0
72 4
27 7
27 0
72 4
29 4
29 4
27 0
72 4
31 4
31 0
72 4
31 7
31 0
72 4
26 4
26 4
26 0
72 4
26 4
26 0
72 4
26 7
26 0
72 4
27 4
27 4
26 0
72 4
26 4
26 0
72 4
26 7
26 0
72 4
27 4
27 4
26 0
72 4
27 4
27 0
72 4
27 7
27 0
72 4
29 4
29 4
27 0
72 4
31 4
31 0
72 4
31 7
31 0
72 4
26 4
26 4
26 0
72 14
26 0
72 4
38 4
26 7
19 4
19 4
19 4
19 4
19 8
72 1
19 4
17 4
17 4
17 4
17 4
17 8
72 1
17 4
15 4
15 4
15 4
15 4
15 8
72 1
15 4
14 4
14 4
14 4
14 4
14 8
72 1
14 4
19 4
19 4
19 4
19 4
19 8
72 1
19 4
17 4
17 4
17 4
17 4
17 8
72 1
17 4
15 4
15 4
15 4
15 4
15 8
72 1
15 4
14 4
14 4
14 4
14 4
14 8
72 1
14 4
15 4
15 4
15 2
72 2
15 4
17 4
17 4
17 2
72 2
17 4
19 4
19 4
19 2
72 2
19 4
19 4
19 4
19 2
72 2
19 4
15 4
15 4
15 2
72 2
15 4
17 4
17 4
17 2
72 2
17 4
19 4
19 4
19 2
72 2
19 4
19 4
19 4
19 2
72 2
19 4
18 4
18 4
18 2
72 2
18 4
20 4
20 4
20 2
72 2
20 4
15 4
15 4
15 2
72 2
15 4
17 4
17 4
17 2
72 2
17 4
18 4
18 4
18 4
18 4
18 4
18 7
18 4
20 4
20 4
20 4
20 4
20 4
20 7
20 4
22 14
72 14
22 12
20 4
20 4
20 7
72 12
18 12
15 11
17 11
72 14
27 7
17 2
17 2
17 2
17 2
17 2
17 2
17 2
17 2
17 2
17 2
22 2
22 2
22 2
21 2
21 2
21 2
17 4
72 12
26 4
26 0
72 4
26 7
26 0
72 4
27 4
27 4
26 0
72 4
26 4
26 0
72 4
26 7
26 0
72 4
27 4
27 4
26 0
72 4
27 4
27 0
72 4
27 7
27 0
72 4
29 4
29 4
27 0
72 4
31 4
31 0
72 4
31 7
31 0
72 4
26 4
26 4
26 0
72 4
26 4
26 0
72 4
26 7
26 0
72 4
27 4
27 4
26 0
72 4
26 4
26 0
72 4
26 7
26 0
72 4
27 4
27 4
26 0
72 4
27 4
27 0
72 4
27 7
27 0
72 4
29 4
29 4
27 0
72 4
31 4
31 0
72 4
31 7
31 0
72 4
26 4
26 4
26 0
72 14
26 0
72 4
38 4
26 7
19 4
19 4
19 4
19 4
19 8
72 1
19 4
17 4
17 4
17 4
17 4
17 8
72 1
17 4
15 4
15 4
15 4
15 4
15 8
72 1
15 4
14 4
14 4
14 4
14 4
14 8
72 1
14 4
19 4
19 4
19 4
19 4
19 8
72 1
19 4
17 4
17 4
17 4
17 4
17 8
72 1
17 4
15 4
15 4
15 4
15 4
15 8
72 1
15 4
14 4
14 4
14 4
14 4
14 8
72 1
14 4
15 4
15 4
15 2
72 2
15 4
17 4
17 4
17 2
72 2
17 4
19 4
19 4
19 2
72 2
19 4
19 4
19 4
19 2
72 2
19 4
15 4
15 4
15 2
72 2
15 4
17 4
17 4
17 2
72 2
17 4
19 4
19 4
19 2
72 2
19 4
19 4
19 4
19 2
72 2
19 4
18 4
18 4
18 2
72 2
18 4
20 4
20 4
20 2
72 2
20 4
15 4
15 4
15 2
72 2
15 4
17 4
17 4
17 2
72 2
17 4
18 4
18 4
18 4
18 4
18 4
18 7
18 4
20 4
20 4
20 4
20 4
20 4
20 7
20 4
22 14
72 14
22 12
20 4
20 4
20 7
72 12
18 12
15 11
17 11
72 14
27 7
17 2
17 2
17 2
17 2
17 2
17 2
17 2
17 2
17 2
17 2
22 2
22 2
22 2
21 2
21 2
21 2
17 4
E
S
L
72 14
23 2
23 2
23 13
72 12
24 2
24 2
24 13
72 14
26 7
14 0
72 7
14 0
72 4
26 4
26 7
26 7
26 0
72 7
26 4
26 4
26 4
26 0
72 14
17 2
17 2
17 2
72 2
18 2
18 2
18 2
72 2
18 4
22 4
22 2
21 4
21 2
17 2
17 2
17 2
72 2
18 2
18 2
18 2
72 2
18 4
15 4
15 2
12 4
12 2
17 2
17 2
17 2
72 2
18 2
18 2
18 2
72 2
18 4
22 4
22 2
21 4
21 2
17 8
72 14
17 2
17 2
17 2
72 2
18 2
18 2
18 2
72 2
18 4
22 4
22 2
21 4
21 2
17 2
17 2
17 2
72 2
18 2
18 2
18 2
72 2
18 4
15 4
15 2
12 4
12 2
17 2
17 2
17 2
72 2
18 2
18 2
18 2
72 2
18 4
22 4
22 2
21 4
21 2
17 8
E
S
H
72 14
38 4
72 13
38 4
72 14
39 4
72 9
39 4
72 9
41 4
72 14
39 4
72 9
39 4
72 9
41 4
72 14
39 4
72 9
39 4
72 9
41 4
72 14
39 4
72 9
39 4
72 9
41 4
E
S
H
72 14
43 8
72 2
45 2
46 2
42 10
72 3
43 8
72 2
45 2
46 2
48 5
72 0
46 5
72 0
45 4
43 4
72 1
41 4
72 1
39 4
72 1
45 4
72 1
43 4
72 1
41 4
72 1
43 13
43 8
72 2
45 2
46 2
42 10
72 3
43 8
72 2
45 2
46 2
48 5
72 0
46 5
72 0
45 4
43 4
72 1
41 4
72 1
39 4
72 1
45 4
72 1
43 4
72 1
41 4
72 1
43 13
43 8
72 2
45 2
46 2
43 5
72 0
41 5
72 0
39 4
41 8
72 2
43 2
45 2
46 7
44 7
43 5
41 5
39 4
72 1
45 5
43 5
41 4
72 1
38 13
39 5
41 5
43 4
72 1
42 5
43 5
45 4
72 1
46 5
45 5
43 4
72 1
43 11
43 5
45 5
46 5
45 5
40 5
45 4
72 1
43 12
72 2
42 2
40 2
42 13
50 8
72 2
46 2
48 2
50 5
72 0
48 5
72 0
46 4
48 7
41 4
72 4
53 7
72 4
51 2
50 2
51 8
72 2
48 2
50 2
51 8
72 2
50 2
48 2
50 6
72 2
45 6
72 2
46 6
72 2
48 6
72 2
50 8
72 2
46 2
48 2
50 5
72 0
48 5
72 0
46 4
48 7
41 4
72 4
53 7
72 4
51 2
50 2
51 8
72 2
48 2
50 2
51 8
72 2
50 2
48 2
50 13
51 5
53 5
55 5
53 5
48 5
53 5
50 13
55 5
57 5
58 5
57 5
53 5
50 5
55 13
58 5
60 5
61 4
72 1
60 5
56 5
53 4
72 1
58 5
60 5
61 4
72 1
65 5
63 5
60 4
72 1
61 8
72 2
58 2
60 2
61 11
63 8
72 2
60 2
61 2
63 11
65 14
72 14
43 8
72 2
45 2
46 2
42 10
72 3
43 8
72 2
45 2
46 2
48 5
72 0
46 5
72 0
45 4
43 4
72 1
41 4
72 1
39 4
72 1
45 4
72 1
43 4
72 1
41 4
72 1
43 13
43 8
72 2
45 2
46 2
42 10
72 3
43 8
72 2
45 2
46 2
48 5
72 0
46 5
72 0
45 4
43 4
72 1
41 4
72 1
39 4
72 1
45 4
72 1
43 4
72 1
41 4
72 1
43 13
43 8
72 2
45 2
46 2
43 5
72 0
41 5
72 0
39 4
41 8
72 2
43 2
45 2
46 7
44 7
43 5
41 5
39 4
72 1
45 5
43 5
41 4
72 1
38 13
39 5
41 5
43 4
72 1
42 5
43 5
45 4
72 1
46 5
45 5
43 4
72 1
43 11
43 5
45 5
46 5
45 5
40 5
45 4
72 1
43 12
72 2
42 2
40 2
42 13
50 8
72 2
46 2
48 2
50 5
72 0
48 5
72 0
46 4
48 7
41 4
72 4
53 7
72 4
51 2
50 2
51 8
72 2
48 2
50 2
51 8
72 2
50 2
48 2
50 6
72 2
45 6
72 2
46 6
72 2
48 6
72 2
50 8
72 2
46 2
48 2
50 5
72 0
48 5
72 0
46 4
48 7
41 4
72 4
53 7
72 4
51 2
50 2
51 8
72 2
48 2
50 2
51 8
72 2
50 2
48 2
50 13
51 5
53 5
55 5
53 5
48 5
53 5
50 13
55 5
57 5
58 5
57 5
53 5
50 5
55 13
58 5
60 5
61 4
72 1
60 5
56 5
53 4
72 1
58 5
60 5
61 4
72 1
65 5
63 5
60 4
72 1
61 8
72 2
58 2
60 2
61 11
63 8
72 2
60 2
61 2
63 11
65 14
E
S
L
72 14
46 0
72 7
45 0
72 4
46 0
72 7
46 0
72 4
45 0
72 7
46 0
72 7
45 0
72 4
46 0
72 7
46 0
72 4
45 0
72 7
46 0
72 7
45 0
72 4
46 0
72 7
46 0
72 4
45 0
72 7
46 0
72 7
45 0
72 4
46 0
72 7
46 0
72 4
45 0
72 7
227 0
72 7
1475 0
72 4
46 0
72 4
18 0
72 4
231 0
72 4
215 0
72 7
227 0
72 7
1475 0
72 4
46 0
72 4
18 0
72 4
46 0
72 4
215 0
72 7
227 0
72 4
18 0
72 4
1475 0
72 4
46 0
72 4
18 0
72 4
46 0
72 4
215 0
72 7
227 0
72 7
1475 0
72 4
46 0
72 7
231 0
72 4
219 0
72 7
1613 0
72 7
1478 0
72 4
226 0
72 4
12 0
72 4
1663 0
72 4
209 0
72 7
221 0
72 7
1471 0
72 4
226 0
72 4
12 0
72 4
1627 0
72 4
218 0
72 4
17 0
72 2
17 0
72 2
221 0
72 7
1469 0
72 4
46 0
72 2
24 0
72 2
24 0
72 2
24 0
72 2
230 0
72 4
218 0
72 4
21 0
72 2
21 0
72 2
1649 0
72 4
17 0
72 4
1474 0
72 4
226 0
72 4
14 0
72 4
223 0
72 4
211 0
72 4
14 0
72 4
209 0
72 7
175 0
72 7
173 0
72 7
175 0
72 4
12 0
72 4
173 0
72 7
175 0
72 7
173 0
72 7
175 0
72 7
173 0
72 7
175 0
72 7
173 0
72 4
12 0
72 4
175 0
72 7
173 0
72 7
175 0
72 7
221 0
72 4
14 0
72 4
12 0
72 4
223 0
72 4
221 0
72 7
211 0
72 7
173 0
72 7
175 0
72 4
12 0
72 4
173 0
72 7
175 0
72 7
173 0
72 7
175 0
72 7
173 0
72 7
175 0
72 7
173 0
72 4
18 0
72 4
223 0
72 4
18 0
72 4
653 0
72 4
14 0
72 4
14 0
72 4
147 0
72 4
197 0
72 4
175 0
72 4
14 0
72 2
14 0
72 2
14 0
72 2
14 0
72 2
209 0
72 7
175 0
72 7
173 0
72 4
12 0
72 4
175 0
72 4
12 0
72 4
173 0
72 7
175 0
72 7
173 0
72 4
18 0
72 4
175 0
72 7
173 0
72 7
175 0
72 7
173 0
72 4
12 0
72 4
175 0
72 7
173 0
72 7
175 0
72 7
221 0
72 4
14 0
72 4
12 0
72 4
14 0
72 4
221 0
72 7
187 0
72 7
173 0
72 7
175 0
72 4
12 0
72 4
173 0
72 7
175 0
72 7
173 0
72 4
18 0
72 4
175 0
72 7
173 0
72 7
175 0
72 7
173 0
72 7
175 0
72 4
22 0
72 4
221 0
72 4
22 0
72 4
223 0
72 4
22 0
72 4
221 0
72 4
22 0
72 4
223 0
72 4
22 0
72 4
221 0
72 7
223 0
72 4
14 0
72 4
107 0
72 2
24 0
72 2
24 0
72 2
24 0
72 2
215 0
72 2
21 0
72 2
17 0
72 2
17 0
72 2
1469 0
72 4
18 0
72 4
1039 0
72 4
143 0
72 4
173 0
72 4
143 0
72 4
607 0
72 4
18 0
72 4
173 0
72 4
143 0
72 4
1039 0
72 4
18 0
72 4
605 0
72 4
18 0
72 4
175 0
72 4
173 0
72 4
173 0
72 4
143 0
72 4
1039 0
72 4
18 0
72 4
605 0
72 4
18 0
72 4
175 0
72 4
18 0
72 4
173 0
72 4
991 0
72 4
1471 0
72 4
143 0
72 4
173 0
72 4
175 0
72 4
1435 0
72 4
18 0
72 4
1469 0
72 4
18 0
72 4
1039 0
72 4
143 0
72 4
173 0
72 4
143 0
72 4
607 0
72 4
18 0
72 4
173 0
72 4
143 0
72 4
1039 0
72 4
18 0
72 4
605 0
72 4
18 0
72 4
1183 0
72 4
173 0
72 4
173 0
72 4
143 0
72 4
1039 0
72 4
18 0
72 4
605 0
72 4
18 0
72 4
175 0
72 4
18 0
72 4
173 0
72 4
167 0
72 4
1039 0
72 4
18 0
72 4
173 0
72 4
167 0
72 4
175 0
72 2
14 0
72 2
175 0
72 2
14 0
72 2
209 0
72 7
175 0
72 7
173 0
72 4
173 0
72 4
175 0
72 4
18 0
72 4
173 0
72 4
18 0
72 4
1039 0
72 4
18 0
72 4
173 0
72 4
18 0
72 4
175 0
72 4
1030 0
72 4
209 0
72 7
175 0
72 7
173 0
72 4
173 0
72 4
175 0
72 4
18 0
72 4
173 0
72 4
18 0
72 4
175 0
72 4
18 0
72 4
173 0
72 4
18 0
72 4
175 0
72 4
173 0
72 4
113 0
72 7
175 0
72 4
18 0
72 4
173 0
72 4
18 0
72 4
175 0
72 4
22 0
72 4
173 0
72 4
18 0
72 4
1039 0
72 4
18 0
72 4
173 0
72 4
18 0
72 4
175 0
72 4
173 0
72 4
173 0
72 4
18 0
72 4
1039 0
72 7
173 0
72 7
175 0
72 7
173 0
72 7
175 0
72 7
173 0
72 7
223 0
72 4
12 0
72 4
33 0
72 13
22 0
72 7
22 0
72 7
46 0
72 4
18 0
72 4
18 0
72 4
46 0
72 4
18 0
72 4
46 0
72 4
18 0
72 4
22 0
72 4
46 0
72 4
18 0
72 4
18 0
72 4
46 0
72 4
18 0
72 4
46 0
72 4
18 0
72 4
22 0
72 4
46 0
72 4
18 0
72 4
18 0
72 4
46 0
72 4
18 0
72 4
46 0
72 4
18 0
72 4
22 0
72 4
46 0
72 4
18 0
72 4
18 0
72 4
46 0
72 4
18 0
72 4
46 0
72 4
18 0
72 4
22 0
72 4
46 0
72 4
18 0
72 4
1469 0
72 4
46 0
72 4
18 0
72 4
46 0
72 4
18 0
72 4
22 0
72 4
230 0
72 4
22 0
72 4
178 0
72 4
46 0
72 4
18 0
72 4
46 0
72 4
18 0
72 4
22 0
72 4
46 0
72 4
18 0
72 4
1469 0
72 4
46 0
72 4
18 0
72 4
46 0
72 4
18 0
72 4
22 0
72 4
1649 0
72 4
18 0
72 4
18 0
72 4
46 0
72 4
1469 0
72 4
230 0
72 4
107 0
72 4
230 0
72 2
21 0
72 2
175 0
72 2
14 0
72 2
173 0
72 4
175 0
72 2
14 0
72 2
18 0
72 4
173 0
72 2
18 0
72 2
223 0
72 4
12 0
72 2
223 0
72 6
175 0
72 2
14 0
72 2
173 0
72 4
175 0
72 2
14 0
72 2
18 0
72 4
173 0
72 4
187 0
72 4
12 0
72 2
187 0
72 6
221 0
72 2
12 0
72 2
223 0
72 4
221 0
72 2
12 0
72 2
223 0
72 4
221 0
72 2
12 0
72 2
1231 0
72 4
221 0
72 2
187 0
72 2
22 0
72 4
14 0
72 2
14 0
72 13
209 0
72 7
175 0
72 7
173 0
72 7
175 0
72 4
12 0
72 4
173 0
72 7
175 0
72 7
173 0
72 7
175 0
72 7
173 0
72 7
175 0
72 7
173 0
72 4
12 0
72 4
175 0
72 7
173 0
72 7
175 0
72 7
221 0
72 4
14 0
72 4
12 0
72 4
223 0
72 4
221 0
72 7
211 0
72 7
173 0
72 7
175 0
72 4
12 0
72 4
173 0
72 7
175 0
72 7
173 0
72 7
175 0
72 7
173 0
72 7
175 0
72 7
173 0
72 4
18 0
72 4
223 0
72 4
18 0
72 4
653 0
72 4
14 0
72 4
14 0
72 4
147 0
72 4
197 0
72 4
175 0
72 4
14 0
72 2
14 0
72 2
14 0
72 2
14 0
72 2
209 0
72 7
175 0
72 7
173 0
72 4
12 0
72 4
175 0
72 4
12 0
72 4
173 0
72 7
175 0
72 7
173 0
72 4
18 0
72 4
175 0
72 7
173 0
72 7
175 0
72 7
173 0
72 4
12 0
72 4
175 0
72 7
173 0
72 7
175 0
72 7
221 0
72 4
14 0
72 4
12 0
72 4
14 0
72 4
221 0
72 7
187 0
72 7
173 0
72 7
175 0
72 4
12 0
72 4
173 0
72 7
175 0
72 7
173 0
72 4
18 0
72 4
175 0
72 7
173 0
72 7
175 0
72 7
173 0
72 7
175 0
72 4
22 0
72 4
221 0
72 4
22 0
72 4
223 0
72 4
22 0
72 4
221 0
72 4
22 0
72 4
223 0
72 4
22 0
72 4
221 0
72 7
223 0
72 4
14 0
72 4
107 0
72 2
24 0
72 2
24 0
72 2
24 0
72 2
215 0
72 2
21 0
72 2
17 0
72 2
17 0
72 2
1469 0
72 4
18 0
72 4
1039 0
72 4
143 0
72 4
173 0
72 4
143 0
72 4
607 0
72 4
18 0
72 4
173 0
72 4
143 0
72 4
1039 0
72 4
18 0
72 4
605 0
72 4
18 0
72 4
175 0
72 4
173 0
72 4
173 0
72 4
143 0
72 4
1039 0
72 4
18 0
72 4
605 0
72 4
18 0
72 4
175 0
72 4
18 0
72 4
173 0
72 4
991 0
72 4
1471 0
72 4
143 0
72 4
173 0
72 4
175 0
72 4
1435 0
72 4
18 0
72 4
1469 0
72 4
18 0
72 4
1039 0
72 4
143 0
72 4
173 0
72 4
143 0
72 4
607 0
72 4
18 0
72 4
173 0
72 4
143 0
72 4
1039 0
72 4
18 0
72 4
605 0
72 4
18 0
72 4
1183 0
72 4
173 0
72 4
173 0
72 4
143 0
72 4
1039 0
72 4
18 0
72 4
605 0
72 4
18 0
72 4
175 0
72 4
18 0
72 4
173 0
72 4
167 0
72 4
1039 0
72 4
18 0
72 4
173 0
72 4
167 0
72 4
175 0
72 2
14 0
72 2
175 0
72 2
14 0
72 2
209 0
72 7
175 0
72 7
173 0
72 4
173 0
72 4
175 0
72 4
18 0
72 4
173 0
72 4
18 0
72 4
1039 0
72 4
18 0
72 4
173 0
72 4
18 0
72 4
175 0
72 4
1030 0
72 4
209 0
72 7
175 0
72 7
173 0
72 4
173 0
72 4
175 0
72 4
18 0
72 4
173 0
72 4
18 0
72 4
175 0
72 4
18 0
72 4
173 0
72 4
18 0
72 4
175 0
72 4
173 0
72 4
113 0
72 7
175 0
72 4
18 0
72 4
173 0
72 4
18 0
72 4
175 0
72 4
22 0
72 4
173 0
72 4
18 0
72 4
1039 0
72 4
18 0
72 4
173 0
72 4
18 0
72 4
175 0
72 4
173 0
72 4
173 0
72 4
18 0
72 4
1039 0
72 7
173 0
72 7
175 0
72 7
173 0
72 7
175 0
72 7
173 0
72 7
223 0
72 4
12 0
72 4
33 0
72 13
22 0
72 7
22 0
72 7
46 0
72 4
18 0
72 4
18 0
72 4
46 0
72 4
18 0
72 4
46 0
72 4
18 0
72 4
22 0
72 4
46 0
72 4
18 0
72 4
18 0
72 4
46 0
72 4
18 0
72 4
46 0
72 4
18 0
72 4
22 0
72 4
46 0
72 4
18 0
72 4
18 0
72 4
46 0
72 4
18 0
72 4
46 0
72 4
18 0
72 4
22 0
72 4
46 0
72 4
18 0
72 4
18 0
72 4
46 0
72 4
18 0
72 4
46 0
72 4
18 0
72 4
22 0
72 4
46 0
72 4
18 0
72 4
1469 0
72 4
46 0
72 4
18 0
72 4
46 0
72 4
18 0
72 4
22 0
72 4
230 0
72 4
22 0
72 4
178 0
72 4
46 0
72 4
18 0
72 4
46 0
72 4
18 0
72 4
22 0
72 4
46 0
72 4
18 0
72 4
1469 0
72 4
46 0
72 4
18 0
72 4
46 0
72 4
18 0
72 4
22 0
72 4
1649 0
72 4
18 0
72 4
18 0
72 4
46 0
72 4
1469 0
72 4
230 0
72 4
107 0
72 4
230 0
72 2
21 0
72 2
175 0
72 2
14 0
72 2
173 0
72 4
175 0
72 2
14 0
72 2
18 0
72 4
173 0
72 2
18 0
72 2
223 0
72 4
12 0
72 2
223 0
72 6
175 0
72 2
14 0
72 2
173 0
72 4
175 0
72 2
14 0
72 2
18 0
72 4
173 0
72 4
187 0
72 4
12 0
72 2
187 0
72 6
221 0
72 2
12 0
72 2
223 0
72 4
221 0
72 2
12 0
72 2
223 0
72 4
221 0
72 2
12 0
72 2
1231 0
72 4
221 0
72 2
187 0
72 2
22 0
72 4
14 0
72 2
14 0
E
S
H
72 14
59 4
71 4
59 4
71 4
59 4
71 4
59 4
71 4
59 4
71 4
59 4
71 4
59 4
71 4
59 4
71 4
55 4
67 4
55 4
67 4
55 4
67 4
55 4
67 4
55 4
67 4
55 4
67 4
55 4
67 4
55 4
67 4
59 4
71 4
59 4
71 4
59 4
71 4
59 4
71 4
59 4
71 4
59 4
71 4
59 4
71 4
59 4
71 4
62 4
62 4
62 4
62 4
62 4
62 4
62 4
62 4
62 4
72 12
62 4
62 4
62 4
62 4
62 4
62 4
62 4
62 4
62 4
62 4
62 4
62 4
62 4
62 4
62 4
62 4
62 4
62 4
62 4
62 4
62 4
62 4
62 4
62 4
62 4
62 4
62 4
62 4
62 4
62 4
62 4
62 4
72 14
70 4
63 4
65 4
70 4
70 4
63 2
65 4
70 2
70 4
70 4
63 4
65 4
70 4
70 5
72 0
68 5
72 0
70 4
70 4
63 4
65 4
70 4
70 4
63 2
65 4
70 2
70 4
70 4
63 4
65 4
70 4
70 5
72 0
69 5
72 0
66 4
70 4
63 4
65 4
70 4
70 4
63 2
65 4
70 2
70 4
70 4
63 4
65 4
70 4
70 5
72 0
68 5
72 0
70 4
70 4
63 4
65 4
70 4
70 4
63 2
65 4
70 2
70 4
70 4
63 4
65 4
70 4
70 5
72 0
69 5
72 0
66 4
72 14
70 4
63 4
65 4
70 4
70 4
63 2
65 4
70 2
70 4
70 4
63 4
65 4
70 4
70 5
72 0
68 5
72 0
70 4
70 4
63 4
65 4
70 4
70 4
63 2
65 4
70 2
70 4
70 4
63 4
65 4
70 4
70 5
72 0
69 5
72 0
66 4
70 4
63 4
65 4
70 4
70 4
63 2
65 4
70 2
70 4
70 4
63 4
65 4
70 4
70 5
72 0
68 5
72 0
70 4
70 4
63 4
65 4
70 4
70 4
63 2
65 4
70 2
70 4
70 4
63 4
65 4
70 4
70 5
72 0
69 5
72 0
66 4
E
S
L
72 14
23 14
19 14
23 14
24 14
38 14
E
S
H
72 14
47 14
43 14
47 14
48 14
62 14
E
S
H
72 14
383 14
1432 13
1144 11
1432 11
383 14
504 14
503 14
E
S
L
72 14
30 14
31 14
35 13
30 13
31 14
26 14
72 14
29 14
30 14
29 14
30 14
E
X
