minor
S
H
48 3
72 1
60 3
72 1
51 3
72 1
63 3
72 1
53 3
72 1
65 3
72 1
50 3
72 1
62 3
72 1
51 3
72 1
63 3
72 1
48 3
72 1
60 3
72 1
50 3
72 1
62 3
72 1
48 3
72 1
60 3
72 1
51 3
72 1
63 3
72 1
53 3
72 1
65 3
72 1
50 3
72 1
62 3
72 1
51 3
72 1
63 3
72 1
48 3
72 1
60 3
72 1
50 3
72 1
62 3
72 1
48 3
72 1
60 3
72 1
51 3
72 1
63 3
72 1
53 3
72 1
65 3
72 1
50 3
72 1
62 3
72 1
51 3
72 1
63 3
72 1
48 3
72 1
60 3
72 1
50 3
72 1
62 3
72 1
48 3
72 1
60 3
72 1
51 3
72 1
63 3
72 1
53 3
72 1
65 3
72 1
50 3
72 1
62 3
72 1
51 3
72 1
63 3
72 1
48 3
72 1
60 3
72 1
50 3
72 1
62 3
72 1
48 3
72 1
60 3
72 1
51 3
72 1
63 3
72 1
53 3
72 1
65 3
72 1
50 3
72 1
62 3
72 1
51 3
72 1
63 3
72 1
48 3
72 1
60 3
72 1
50 3
72 1
62 3
72 1
48 3
72 1
60 3
72 1
51 3
72 1
63 3
72 1
53 3
72 1
65 3
72 1
50 3
72 1
62 3
72 1
51 3
72 1
63 3
72 1
48 3
72 1
60 3
72 1
50 3
72 1
62 3
72 1
54 3
72 1
66 3
72 1
57 3
72 1
69 3
72 1
59 3
72 1
71 3
72 1
56 3
72 1
68 3
72 1
57 3
72 1
69 3
72 1
54 3
72 1
66 3
72 1
56 3
72 1
68 3
72 1
54 3
72 1
66 3
72 1
57 3
72 1
69 3
72 1
59 3
72 1
71 3
72 1
56 3
72 1
68 3
72 1
57 3
72 1
69 3
72 1
54 3
72 1
66 3
72 1
56 3
72 1
68 3
72 1
54 3
72 1
66 3
72 1
57 3
72 1
69 3
72 1
59 3
72 1
71 3
72 1
56 3
72 1
68 3
72 1
57 3
72 1
69 3
72 1
54 3
72 1
66 3
72 1
56 3
72 1
68 3
72 1
54 3
72 1
66 3
72 1
57 3
72 1
69 3
72 1
59 3
72 1
71 3
72 1
56 3
72 1
68 3
72 1
57 3
72 1
69 3
72 1
54 3
72 1
66 3
72 1
56 3
72 1
68 3
72 1
48 14
72 6
48 14
72 6
48 10
72 4
48 10
72 4
48 10
72 4
24 2
72 0
25 2
72 0
24 2
72 0
25 2
72 0
24 2
72 0
25 2
72 0
24 2
72 0
25 2
72 0
24 2
72 0
25 2
72 0
24 2
72 0
25 2
72 0
24 2
72 0
25 2
72 0
24 2
72 0
25 2
72 0
24 2
72 0
25 2
72 0
24 2
72 0
25 2
72 0
24 2
72 0
54 3
72 1
66 3
72 1
57 3
72 1
69 3
72 1
59 3
72 1
71 3
72 1
56 3
72 1
68 3
72 1
57 3
72 1
69 3
72 1
54 3
72 1
66 3
72 1
56 3
72 1
68 3
72 1
54 3
72 1
66 3
72 1
57 3
72 1
69 3
72 1
59 3
72 1
71 3
72 1
56 3
72 1
68 3
72 1
57 3
72 1
69 3
72 1
54 3
72 1
66 3
72 1
56 3
72 1
68 3
72 1
54 3
72 1
66 3
72 1
57 3
72 1
69 3
72 1
59 3
72 1
71 3
72 1
56 3
72 1
68 3
72 1
57 3
72 1
69 3
72 1
54 3
72 1
66 3
72 1
56 3
72 1
68 3
72 1
54 3
72 1
66 3
72 1
57 3
72 1
69 3
72 1
59 3
72 1
71 3
72 1
56 3
72 1
68 3
72 1
57 3
72 1
69 3
72 1
54 3
72 1
66 3
72 1
56 3
72 1
68 3
72 1
48 3
72 1
60 3
72 1
51 3
72 1
63 3
72 1
53 3
72 1
65 3
72 1
50 3
72 1
62 3
72 1
51 3
72 1
63 3
72 1
48 3
72 1
60 3
72 1
50 3
72 1
62 3
72 1
48 3
72 1
60 3
72 1
51 3
72 1
63 3
72 1
53 3
72 1
65 3
72 1
50 3
72 1
62 3
72 1
51 3
72 1
63 3
72 1
48 3
72 1
60 3
72 1
50 3
72 1
62 3
72 1
48 3
72 1
60 3
72 1
51 3
72 1
63 3
72 1
53 3
72 1
65 3
72 1
50 3
72 1
62 3
72 1
51 3
72 1
63 3
72 1
48 3
72 1
60 3
72 1
50 3
72 1
62 3
72 1
48 3
72 1
60 3
72 1
51 3
72 1
63 3
72 1
53 3
72 1
65 3
72 1
50 3
72 1
62 3
72 1
51 3
72 1
63 3
72 1
48 3
72 1
60 3
72 1
50 3
72 1
62 3
72 1
48 3
72 1
60 3
72 1
51 3
72 1
63 3
72 1
53 3
72 1
65 3
72 1
50 3
72 1
62 3
72 1
51 3
72 1
63 3
72 1
48 3
72 1
60 3
72 1
50 3
72 1
62 3
72 1
48 3
72 1
60 3
72 1
51 3
72 1
63 3
72 1
53 3
72 1
65 3
72 1
50 3
72 1
62 3
72 1
51 3
72 1
63 3
72 1
48 3
72 1
60 3
72 1
50 3
72 1
62 3
72 1
48 3
72 1
60 3
72 1
51 3
72 1
63 3
72 1
53 3
72 1
65 3
72 1
50 3
72 1
62 3
72 1
51 3
72 1
63 3
72 1
48 3
72 1
60 3
72 1
50 3
72 1
62 3
72 1
48 3
72 1
60 3
72 1
51 3
72 1
63 3
72 1
53 3
72 1
65 3
72 1
50 3
72 1
62 3
72 1
51 3
72 1
63 3
72 1
48 3
72 1
60 3
72 1
50 3
72 1
62 3
72 1
48 3
72 1
60 3
72 1
51 3
72 1
63 3
72 1
53 3
72 1
65 3
72 1
50 3
72 1
62 3
72 1
51 3
72 1
63 3
72 1
48 3
72 1
60 3
72 1
50 3
72 1
62 3
72 1
48 3
72 1
60 3
72 1
51 3
72 1
63 3
72 1
53 3
72 1
65 3
72 1
50 3
72 1
62 3
72 1
51 3
72 1
63 3
72 1
48 3
72 1
60 3
72 1
50 3
72 1
62 3
72 1
43 3
72 1
55 3
72 1
50 3
72 1
62 3
72 1
55 3
72 1
67 3
72 1
54 3
72 1
66 3
72 1
50 3
72 1
62 3
72 1
53 3
72 1
65 3
72 1
49 3
72 1
61 3
72 1
43 3
72 1
55 3
72 1
50 3
72 1
62 3
72 1
55 3
72 1
67 3
72 1
54 3
72 1
66 3
72 1
50 3
72 1
62 3
72 1
53 3
72 1
65 3
72 1
49 3
72 1
61 3
72 1
43 3
72 1
55 3
72 1
50 3
72 1
62 3
72 1
55 3
72 1
67 3
72 1
54 3
72 1
66 3
72 1
50 3
72 1
62 3
72 1
53 3
72 1
65 3
72 1
49 3
72 1
61 3
72 1
43 3
72 1
55 3
72 1
50 3
72 1
62 3
72 1
55 3
72 1
67 3
72 1
54 3
72 1
66 3
72 1
50 3
72 1
62 3
72 1
53 3
72 1
65 3
72 1
49 3
72 1
61 3
72 1
48 3
72 1
60 3
72 1
51 3
72 1
63 3
72 1
53 3
72 1
65 3
72 1
50 3
72 1
62 3
72 1
51 3
72 1
63 3
72 1
48 3
72 1
60 3
72 1
50 3
72 1
62 3
72 1
48 3
72 1
60 3
72 1
51 3
72 1
63 3
72 1
53 3
72 1
65 3
72 1
50 3
72 1
62 3
72 1
51 3
72 1
63 3
72 1
48 3
72 1
60 3
72 1
50 3
72 1
62 3
E
S
H
48 4
72 2
48 3
72 2
60 3
72 0
51 3
72 2
63 3
72 0
53 3
72 2
65 3
72 0
50 3
72 2
62 3
72 0
51 3
72 2
63 3
72 0
48 3
72 2
60 3
72 0
50 3
72 2
62 3
72 0
48 3
72 2
60 3
72 0
51 3
72 2
63 3
72 0
53 3
72 2
65 3
72 0
50 3
72 2
62 3
72 0
51 3
72 2
63 3
72 0
48 3
72 2
60 3
72 0
50 0
72 2
51 8
72 6
54 13
72 5
51 8
72 6
54 14
72 6
39 3
72 1
42 3
72 1
39 3
72 1
35 3
72 1
41 13
72 5
41 14
72 6
42 2
72 0
39 2
72 0
36 2
72 0
33 2
72 0
30 2
72 0
27 2
72 4
42 2
39 2
72 2
36 2
33 2
30 2
72 2
27 2
72 4
42 2
72 0
39 2
72 0
36 2
72 0
33 2
72 0
30 2
72 0
27 2
72 6
48 3
72 2
60 3
72 0
51 3
72 2
63 3
72 0
53 3
72 2
65 3
72 0
50 3
72 2
62 3
72 0
51 3
72 2
63 3
72 0
48 3
72 2
60 3
72 0
50 0
72 2
48 4
72 2
48 3
72 2
60 3
72 0
51 3
72 2
63 3
72 0
53 3
72 2
65 3
72 0
50 3
72 2
62 3
72 0
51 3
72 2
63 3
72 0
48 3
72 2
60 3
72 0
50 3
72 2
62 3
72 0
48 3
72 2
60 3
72 0
51 3
72 2
63 3
72 0
53 3
72 2
65 3
72 0
50 3
72 2
62 3
72 0
51 3
72 2
63 3
72 0
48 3
72 2
60 3
72 0
50 3
72 2
62 3
72 0
48 3
72 2
60 3
72 0
51 3
72 2
63 3
72 0
53 3
72 2
65 3
72 0
50 3
72 2
62 3
72 0
51 3
72 2
63 3
72 0
48 3
72 2
60 3
72 0
50 3
72 2
62 3
72 0
48 3
72 2
60 3
72 0
51 3
72 2
63 3
72 0
53 3
72 2
65 3
72 0
50 3
72 2
62 3
72 0
51 3
72 2
63 3
72 0
48 3
72 2
60 3
72 0
50 0
72 2
39 3
72 1
42 3
72 1
39 3
72 1
41 3
72 1
42 13
72 5
41 14
72 6
42 2
72 0
39 2
72 0
36 2
72 0
33 2
72 0
30 2
72 0
27 2
72 4
42 2
39 2
72 2
36 2
33 2
30 2
72 2
27 2
72 4
42 2
72 0
39 2
72 0
36 2
72 0
33 2
72 0
30 2
72 0
27 2
72 6
48 3
72 2
60 3
72 0
51 3
72 2
63 3
72 0
53 3
72 2
65 3
72 0
50 3
72 2
62 3
72 0
51 3
72 2
63 3
72 0
48 3
72 2
60 3
72 0
50 0
72 2
43 3
72 1
55 3
72 1
43 3
72 1
54 6
72 6
55 3
72 1
43 3
72 1
55 3
72 1
55 3
72 1
55 3
72 1
54 3
72 1
42 6
72 6
43 3
72 1
59 3
72 1
59 3
72 1
59 3
72 1
58 6
72 6
58 6
72 2
57 3
72 1
58 6
72 6
59 3
72 1
60 6
72 2
60 3
72 1
59 3
72 1
60 6
72 2
60 3
72 1
59 3
72 1
60 6
72 7
60 3
72 0
50 3
72 2
62 3
72 0
48 3
72 2
60 3
72 0
51 3
72 2
63 3
72 0
53 3
72 2
65 3
72 0
50 3
72 2
62 3
72 0
51 3
72 2
63 3
72 0
48 3
72 2
60 3
72 0
50 0
72 2
67 3
72 1
66 3
72 1
65 3
72 1
64 3
72 1
63 3
72 1
67 3
72 1
62 8
72 2
66 3
72 1
61 8
72 2
60 3
72 1
65 3
72 1
59 3
72 1
38 3
72 1
58 6
72 2
34 3
72 1
46 3
72 1
58 3
72 1
63 3
72 1
57 3
72 1
62 2
72 0
61 2
72 0
60 2
72 0
59 2
72 0
58 2
72 0
57 2
72 0
60 2
72 0
55 2
72 0
54 2
72 0
53 2
72 0
48 4
72 1
38 3
72 1
55 3
72 1
38 3
72 1
54 6
72 6
55 3
72 1
38 3
72 1
55 3
72 1
55 3
72 1
55 3
72 1
54 3
72 1
37 6
72 6
38 3
72 1
59 3
72 1
59 3
72 1
59 3
72 1
59 3
72 1
58 3
72 5
58 3
72 1
38 3
72 1
56 3
72 1
57 6
72 2
38 3
72 1
58 3
72 1
59 3
72 1
60 3
72 1
61 3
72 1
62 3
72 1
63 3
72 1
64 3
72 1
65 6
72 2
65 3
72 8
65 3
72 1
66 6
72 2
66 3
72 8
66 3
72 1
67 6
72 2
67 3
72 5
67 3
72 1
31 2
72 0
35 2
72 0
39 2
72 0
43 2
72 0
47 2
72 0
51 2
72 0
55 11
72 2
54 8
72 2
55 6
72 2
59 2
72 0
58 2
72 0
57 2
72 0
56 9
72 4
50 12
72 3
56 6
72 2
31 2
72 0
35 2
72 0
39 2
72 0
43 2
72 0
47 2
72 0
51 2
72 0
55 11
72 2
54 8
72 2
55 6
72 2
59 2
72 0
58 2
72 0
57 2
72 0
56 9
72 4
50 12
72 3
56 6
72 2
51 14
72 6
54 13
E
S
H
36 14
72 6
36 14
72 6
0 14
72 2
45 3
72 1
48 3
72 1
45 3
72 1
42 3
72 1
47 13
72 5
46 14
72 6
47 2
72 0
45 2
72 0
42 2
72 0
39 2
72 0
36 2
72 0
33 2
72 4
47 2
45 2
72 2
42 2
39 2
36 2
72 2
33 2
72 4
47 2
72 0
45 2
72 0
42 2
72 0
39 2
72 0
36 2
72 0
33 2
72 0
48 3
72 1
60 3
72 1
51 3
72 1
63 3
72 1
53 3
72 1
65 3
72 1
50 3
72 1
62 3
72 1
51 3
72 1
63 3
72 1
48 3
72 1
60 3
72 1
50 3
72 1
62 3
72 1
48 3
72 1
60 3
72 1
51 3
72 1
63 3
72 1
53 3
72 1
65 3
72 1
50 3
72 1
62 3
72 1
51 3
72 1
63 3
72 1
48 3
72 1
60 3
72 1
50 3
72 1
62 3
72 1
48 3
72 1
60 3
72 1
51 3
72 1
63 3
72 1
53 3
72 1
65 3
72 1
50 3
72 1
62 3
72 1
51 3
72 1
63 3
72 1
48 3
72 1
60 3
72 1
50 3
72 1
62 3
72 1
48 3
72 1
60 3
72 1
51 3
72 1
63 3
72 1
53 3
72 1
65 3
72 1
50 3
72 1
62 3
72 1
51 3
72 1
63 3
72 1
48 3
72 1
60 3
72 1
50 3
72 1
62 3
72 1
48 3
72 1
60 3
72 1
51 3
72 1
63 3
72 1
53 3
72 1
65 3
72 1
50 3
72 1
62 3
72 1
51 3
72 1
63 3
72 1
48 3
72 1
60 3
72 1
50 3
72 1
62 3
72 1
45 3
72 1
47 3
72 1
48 3
72 1
50 3
72 1
51 13
72 5
50 14
72 6
51 2
72 0
48 2
72 0
45 2
72 0
42 2
72 0
39 2
72 0
36 2
72 4
51 2
48 2
72 2
45 2
42 2
39 2
72 2
36 2
72 4
51 2
72 0
48 2
72 0
45 2
72 0
42 2
72 0
39 2
72 0
33 2
72 0
48 3
72 1
60 3
72 1
51 3
72 1
63 3
72 1
53 3
72 1
65 3
72 1
50 3
72 1
62 3
72 1
51 3
72 1
63 3
72 1
48 3
72 1
60 3
72 1
50 3
72 1
62 3
72 1
32 3
72 1
44 3
72 1
32 3
72 1
43 6
72 6
44 3
72 1
32 3
72 1
44 3
72 1
44 3
72 1
44 3
72 1
43 3
72 1
31 6
72 6
32 3
72 1
49 3
72 1
49 3
72 1
49 3
72 1
48 6
72 6
48 6
72 2
46 3
72 1
47 6
72 6
48 3
72 1
49 6
72 2
49 3
72 1
48 3
72 1
49 6
72 2
49 3
72 1
48 3
72 1
49 6
72 2
36 14
72 6
43 3
72 1
42 3
72 1
41 3
72 1
40 3
72 1
39 3
72 1
43 3
72 1
38 8
72 2
42 3
72 1
37 8
72 2
36 3
72 1
41 3
72 1
35 3
72 1
32 3
72 1
48 6
72 2
34 3
72 1
46 3
72 1
34 3
72 1
39 3
72 1
33 3
72 1
38 2
72 0
37 2
72 0
36 2
72 0
35 2
72 0
34 2
72 0
33 2
72 0
36 2
72 0
31 2
72 0
30 2
72 0
29 2
72 0
24 4
72 1
32 3
72 1
44 3
72 1
32 3
72 1
43 6
72 6
44 3
72 1
32 3
72 1
44 3
72 1
44 3
72 1
44 3
72 1
43 3
72 1
31 6
72 6
32 3
72 1
49 3
72 1
49 3
72 1
49 3
72 1
49 3
72 1
48 3
72 5
48 3
72 1
32 3
72 1
45 3
72 1
46 6
72 2
32 3
72 1
47 3
72 1
48 3
72 1
49 3
72 1
50 3
72 1
51 3
72 1
52 3
72 1
53 3
72 1
54 6
72 2
54 3
72 8
54 3
72 1
55 6
72 2
55 3
72 8
55 3
72 1
56 6
72 2
56 3
72 5
56 3
72 1
23 2
72 0
27 2
72 0
31 2
72 0
35 2
72 0
39 2
72 0
43 2
72 0
47 11
72 2
46 8
72 2
47 6
72 2
51 2
72 0
50 2
72 0
49 2
72 0
48 9
72 4
42 12
72 3
48 6
72 2
23 2
72 0
27 2
72 0
31 2
72 0
35 2
72 0
39 2
72 0
43 2
72 0
47 11
72 2
46 8
72 2
47 6
72 2
51 2
72 0
50 2
72 0
49 2
72 0
48 9
72 4
42 12
72 3
48 6
72 2
45 14
72 6
48 13
E
S
L
36 14
72 10
51 8
72 6
54 13
72 5
51 8
72 6
54 14
72 6
101 13
72 4
101 6
72 2
101 6
72 2
101 3
72 1
101 13
72 1
101 7
101 3
72 1
101 7
140 10
72 2
101 11
72 2
179 6
72 2
140 3
72 1
101 6
72 2
101 11
72 2
101 6
72 2
101 6
72 2
101 6
72 2
101 8
72 1
101 14
72 1
101 6
72 2
101 6
72 2
101 3
72 1
140 10
72 2
101 11
72 2
179 6
72 2
140 3
72 1
101 6
72 2
101 11
72 2
101 6
72 2
101 6
72 2
101 6
72 2
101 8
72 1
101 13
72 4
101 6
72 2
101 6
72 2
101 3
72 1
101 13
72 1
101 7
101 3
72 1
101 7
140 10
72 2
101 11
72 2
179 6
72 2
140 3
72 1
101 6
72 2
101 11
72 2
101 6
72 2
101 6
72 2
101 6
72 2
101 8
72 1
101 11
72 4
101 8
72 2
101 6
72 2
101 8
72 2
140 3
72 1
101 3
72 1
101 11
72 1
101 11
72 1
101 7
101 7
101 7
140 11
101 11
72 2
231 6
72 2
101 3
72 1
179 3
72 1
101 3
72 1
231 7
101 14
72 2
101 14
72 1
101 6
72 2
101 12
72 1
140 11
101 14
72 2
192 12
72 3
192 8
72 1
192 8
72 1
192 6
72 2
192 8
72 1
231 8
72 1
218 8
72 1
205 8
72 1
179 8
72 1
192 11
72 2
192 8
72 1
192 8
72 1
192 6
72 2
192 8
72 1
140 8
72 1
127 8
72 1
231 8
72 1
179 6
72 2
0 14
E
S
H
36 14
72 9
45 8
72 6
48 13
72 5
45 8
72 6
48 14
72 6
45 6
72 2
45 3
72 1
48 3
72 1
45 3
72 1
42 3
72 1
47 13
72 5
46 2
72 0
47 13
72 5
47 2
72 0
45 2
72 0
42 2
72 0
39 2
72 0
36 2
72 0
33 2
72 4
47 2
45 2
72 2
42 2
39 2
36 2
72 2
33 2
72 4
47 2
72 0
45 2
72 0
42 2
72 0
36 14
72 2
48 14
72 5
48 14
72 6
48 10
72 4
48 10
72 4
48 8
72 3
24 0
72 2
24 2
25 2
24 2
72 2
25 2
24 2
25 2
72 2
24 2
25 2
24 2
72 2
25 2
24 2
25 2
72 2
24 2
25 2
24 2
72 2
25 2
24 2
25 2
72 2
24 2
25 2
24 0
72 2
45 6
72 2
45 3
72 1
47 3
72 1
48 3
72 1
50 3
72 1
51 13
72 5
50 2
72 0
51 13
72 5
51 2
72 0
48 2
72 0
45 2
72 0
42 2
72 0
39 2
72 0
36 2
72 4
51 2
48 2
72 2
45 2
42 2
39 2
72 2
36 2
72 4
51 2
72 0
48 2
72 0
45 2
72 0
42 2
72 0
39 2
72 0
33 2
72 0
54 3
72 1
66 3
72 1
57 3
72 1
69 3
72 1
59 3
72 1
71 3
72 1
56 3
72 1
68 3
72 1
57 3
72 1
69 3
72 1
54 3
72 1
66 3
72 1
43 6
72 2
43 3
72 1
55 3
72 1
43 3
72 1
54 6
72 6
55 3
72 1
43 3
72 1
55 3
72 1
55 3
72 1
55 3
72 1
54 3
72 1
42 6
72 6
43 3
72 1
59 3
72 1
59 3
72 1
59 3
72 1
58 6
72 6
58 6
72 2
57 3
72 1
58 6
72 6
59 3
72 1
60 6
72 2
60 3
72 1
59 3
72 1
60 6
72 2
60 3
72 1
59 3
72 1
60 6
72 2
60 3
72 1
36 14
72 6
67 6
72 2
67 3
72 1
66 3
72 1
65 3
72 1
64 3
72 1
63 3
72 1
67 3
72 1
62 8
72 2
66 3
72 1
61 8
72 2
60 3
72 1
65 3
72 1
59 3
72 1
38 3
72 1
58 6
72 2
34 3
72 1
46 3
72 1
58 3
72 1
63 3
72 1
57 3
72 1
62 2
72 0
61 2
72 0
60 2
72 0
59 2
72 0
58 2
72 0
57 2
72 0
60 2
72 0
55 2
72 0
54 2
72 0
53 2
72 0
48 4
72 1
38 3
72 1
55 3
72 1
38 3
72 1
54 6
72 6
55 3
72 1
38 3
72 1
55 3
72 1
55 3
72 1
55 3
72 1
54 3
72 1
37 6
72 6
38 3
72 1
59 3
72 1
59 3
72 1
59 3
72 1
59 3
72 1
58 3
72 5
58 3
72 1
38 3
72 1
56 3
72 1
57 6
72 2
38 3
72 1
58 3
72 1
59 3
72 1
60 3
72 1
61 3
72 1
62 3
72 1
63 3
72 1
64 3
72 1
65 6
72 2
65 3
72 8
65 3
72 1
66 6
72 2
66 3
72 8
66 3
72 1
67 6
72 2
67 3
72 1
31 6
72 2
31 2
72 0
35 2
72 0
39 2
72 0
43 2
72 0
47 2
72 0
51 2
72 0
55 11
72 2
54 8
72 2
55 6
72 2
59 2
72 0
58 2
72 0
57 2
72 0
56 9
72 4
50 12
72 3
56 6
72 2
31 2
72 0
35 2
72 0
39 2
72 0
43 2
72 0
47 2
72 0
51 2
72 0
55 11
72 2
54 8
72 2
55 6
72 2
59 2
72 0
58 2
72 0
57 2
72 0
56 9
72 4
50 12
72 3
51 14
72 6
54 13
E
S
L
72 14
31 7
72 14
12 7
E
X
