major
S
H
71 0
72 4
42 0
72 1
43 0
72 0
47 0
72 2
46 12
45 2
46 2
72 2
45 2
46 2
72 2
71 2
72 4
34 0
72 1
46 12
72 0
45 0
72 2
46 0
72 2
32 4
72 0
38 4
72 1
43 4
46 13
72 6
67 0
72 2
66 0
72 0
60 0
72 1
58 0
72 1
56 0
72 0
54 0
72 2
48 0
72 2
46 0
72 0
44 0
72 1
16 0
72 2
16 2
72 3
17 2
72 1
16 2
72 3
18 2
72 1
16 2
72 3
19 2
72 1
16 2
72 3
17 2
72 1
16 2
72 3
18 2
72 1
16 2
72 3
19 7
52 2
52 2
52 2
72 1
52 2
72 2
40 2
40 3
72 7
153 0
72 2
166 0
72 2
179 0
72 2
192 0
72 2
153 0
72 2
166 0
72 2
179 0
72 2
192 0
72 2
153 0
72 2
166 0
72 2
179 0
72 2
192 0
72 2
153 0
72 2
166 0
72 2
179 0
72 2
192 0
72 2
52 2
52 2
52 2
72 2
52 2
72 2
40 2
40 2
153 0
72 2
166 0
72 2
179 0
72 2
192 0
72 2
153 0
72 2
166 0
72 2
179 0
72 2
192 0
72 2
153 0
72 2
166 0
72 2
179 0
72 2
192 0
72 2
40 7
32 7
38 7
43 8
72 1
41 2
72 6
41 0
72 4
40 7
32 7
38 7
43 8
41 7
45 7
44 11
52 7
41 0
52 7
41 0
52 7
41 7
55 0
72 2
44 7
72 6
55 2
44 5
72 0
55 0
72 2
44 3
72 4
55 0
72 2
44 7
52 2
51 2
72 2
54 2
53 9
72 4
51 0
72 2
52 3
72 4
51 0
72 2
52 3
72 4
51 0
72 2
52 3
72 4
47 4
72 4
47 4
72 4
35 4
72 4
35 4
72 4
47 0
72 2
47 0
72 2
47 4
72 4
47 2
72 6
47 9
72 4
47 2
72 2
47 2
46 2
72 2
45 2
47 2
46 2
72 2
45 2
47 2
46 2
72 2
45 2
11 5
72 0
46 2
47 8
72 2
46 2
47 2
11 5
72 0
47 2
48 8
72 2
47 2
48 2
11 5
72 0
48 2
49 8
72 2
48 2
49 2
11 5
72 0
49 2
50 8
72 2
49 2
50 2
153 5
72 0
40 2
40 11
72 2
43 2
72 2
46 2
72 2
47 2
72 2
46 2
72 2
43 2
72 2
153 5
72 0
40 2
40 11
72 2
43 2
72 2
46 2
72 2
47 2
72 2
46 2
72 2
43 2
E
S
L
16 6
72 2
20 0
72 2
26 0
72 2
31 0
72 2
29 0
72 2
32 0
72 2
35 0
72 2
38 0
72 2
43 0
72 2
41 0
72 2
44 0
72 2
50 0
72 2
55 0
72 2
53 0
72 2
56 0
72 2
59 0
72 2
62 0
72 2
67 0
72 2
65 0
72 2
59 2
72 6
32 0
72 2
38 0
72 2
43 0
72 2
41 0
72 2
44 0
72 2
50 0
72 2
55 0
72 2
53 0
72 2
56 0
72 2
59 0
72 2
62 0
72 2
67 0
72 2
65 0
72 2
71 2
72 6
32 0
72 2
38 0
72 2
43 0
72 2
41 0
72 2
44 0
72 2
50 0
72 2
55 0
72 2
53 0
72 2
56 0
72 2
59 0
72 2
62 0
72 2
67 0
72 2
65 0
72 2
44 0
72 2
50 0
72 2
55 0
72 2
56 0
72 2
62 0
72 2
67 0
72 2
65 0
72 2
44 0
72 2
50 0
72 2
55 0
72 2
56 0
72 2
62 0
72 2
67 0
72 2
65 0
72 2
67 0
72 1
66 0
72 0
60 0
72 2
58 0
72 2
56 0
72 0
54 0
72 1
48 0
72 1
46 0
72 0
44 0
72 2
42 0
72 2
40 0
72 0
38 7
16 3
17 3
72 1
16 3
72 1
18 3
72 1
16 3
72 1
19 3
72 1
16 3
72 1
17 3
72 1
16 3
72 1
18 3
72 1
16 3
72 1
19 3
72 1
16 3
72 1
17 3
72 1
16 3
72 1
18 3
72 1
16 3
72 1
19 3
72 1
16 3
72 1
17 3
72 1
16 3
72 1
18 3
72 1
16 3
72 1
19 3
72 1
16 3
72 1
17 3
72 1
16 3
72 1
18 3
72 1
16 3
72 1
19 3
72 1
16 3
72 1
17 3
72 1
16 3
72 1
18 3
72 1
16 3
72 1
19 3
72 1
40 7
40 7
32 7
38 2
43 8
72 2
41 2
72 6
41 0
72 4
40 7
32 7
38 7
43 8
72 2
41 7
45 7
44 11
72 2
52 2
41 3
72 4
52 2
41 3
72 4
52 2
41 2
72 6
55 0
72 2
44 7
72 6
55 2
44 5
72 0
55 0
72 2
44 3
72 4
55 0
72 2
44 7
52 2
72 2
51 2
54 2
53 9
72 4
51 0
72 2
52 3
72 4
51 0
72 2
52 3
72 4
51 0
72 2
52 2
72 2
23 2
24 2
25 2
26 2
23 2
24 2
25 2
26 2
23 2
24 2
25 2
26 2
23 2
24 2
25 2
26 2
23 2
24 2
25 2
26 2
23 2
24 2
25 2
26 2
23 2
24 2
25 2
26 2
23 2
24 2
25 2
26 2
23 2
24 2
25 2
26 2
23 2
24 2
25 2
26 2
23 2
24 2
25 2
26 2
23 2
24 2
25 2
26 2
23 2
24 2
25 2
26 2
23 2
24 2
25 2
26 2
23 2
24 2
25 2
26 2
23 2
24 2
25 2
26 2
23 2
24 2
25 2
26 2
23 2
24 2
25 2
26 2
23 2
24 2
25 2
26 2
23 2
24 2
25 2
26 2
23 2
24 2
25 2
26 2
23 2
24 2
25 2
26 2
23 2
24 2
25 2
26 2
23 2
24 2
25 2
26 2
16 11
17 7
18 7
19 7
20 7
21 7
22 7
23 7
24 7
25 7
26 7
27 7
28 13
29 7
30 7
31 7
32 7
33 7
34 7
35 7
36 7
37 7
38 7
39 7
40 11
E
S
H
71 7
72 4
42 0
72 1
43 0
72 0
47 0
72 2
46 12
45 2
46 2
72 2
45 2
46 2
72 7
34 0
72 1
46 12
72 0
45 0
72 2
46 0
72 2
32 4
72 0
38 4
72 1
43 4
46 13
72 6
67 0
72 1
66 0
72 0
60 0
72 2
58 0
72 2
56 0
72 0
54 0
72 1
153 2
72 2
166 2
72 2
153 2
72 2
179 2
72 2
153 2
72 2
192 2
72 2
153 2
72 2
166 2
72 2
153 2
72 2
179 2
72 2
153 2
72 2
192 2
72 2
41 2
41 2
41 2
72 2
41 2
72 2
29 2
29 3
72 9
153 0
72 2
166 0
72 2
179 0
72 2
192 0
72 2
153 0
72 2
166 0
72 2
179 0
72 2
192 0
72 2
153 0
72 2
166 0
72 2
179 0
72 2
192 0
72 2
153 0
72 2
166 0
72 2
41 2
41 2
41 2
72 2
41 2
72 2
29 2
29 2
72 4
153 0
72 2
166 0
72 2
179 0
72 2
192 0
72 2
153 0
72 2
166 0
72 2
179 0
72 2
192 0
72 2
153 0
72 2
166 0
72 2
153 2
166 2
179 2
192 2
153 2
166 2
179 2
192 2
153 2
166 2
179 2
192 2
153 2
166 2
179 2
192 2
153 2
166 2
179 2
192 2
153 2
166 2
179 2
192 2
153 2
166 2
179 2
192 2
153 2
166 2
179 2
192 2
153 2
166 2
179 2
192 2
153 2
166 2
179 2
192 2
153 2
166 2
179 2
192 2
153 2
166 2
179 2
192 2
153 2
166 2
179 2
192 2
153 2
166 2
179 2
192 2
153 2
166 2
179 2
192 2
153 2
166 2
179 2
192 2
153 2
166 2
179 2
192 2
153 2
166 2
179 2
192 2
153 2
166 2
179 2
192 2
153 2
166 2
179 2
192 2
153 2
166 2
179 2
192 2
153 2
166 2
179 2
192 2
153 2
166 2
179 2
192 2
153 2
166 2
179 2
192 2
101 4
72 4
101 4
72 4
101 4
72 4
101 4
72 4
101 0
72 2
101 0
72 2
101 4
72 4
101 2
72 6
101 9
72 4
101 2
72 2
101 2
244 2
72 2
231 2
101 2
244 2
72 2
231 2
101 2
244 2
72 2
231 2
59 0
72 1
58 0
72 0
59 3
72 1
244 2
101 8
72 2
244 2
101 2
59 0
72 1
58 0
72 0
59 3
72 1
101 2
114 8
72 2
101 2
114 2
59 0
72 1
58 0
72 0
59 3
72 1
114 2
127 8
72 2
114 2
127 2
59 0
72 1
58 0
72 0
59 3
72 1
127 2
140 8
72 2
127 2
140 2
64 0
72 1
63 0
72 0
64 3
72 1
166 2
166 10
72 2
40 4
72 3
43 3
72 0
46 3
72 2
47 3
72 0
46 3
72 2
43 0
72 1
64 0
72 1
63 0
72 0
64 3
72 1
166 2
166 10
72 2
40 4
72 3
43 3
72 0
46 3
72 2
47 3
72 0
46 3
72 2
43 0
E
S
L
4 13
72 1
4 13
72 2
4 13
4 13
72 2
4 2
72 2
5 2
72 2
4 2
72 2
6 2
72 2
4 2
72 2
7 2
72 2
4 2
72 2
5 2
72 2
4 2
72 2
6 2
72 2
4 2
72 2
7 2
72 2
4 2
72 2
5 2
72 2
4 2
72 2
6 2
72 2
4 2
72 2
7 2
72 2
4 2
72 2
5 2
72 2
4 2
72 2
6 2
72 2
4 2
72 2
7 2
72 2
4 2
72 2
5 2
72 2
4 2
72 2
6 2
72 2
4 2
72 2
7 2
72 2
4 2
72 2
5 2
72 2
4 2
72 2
6 2
72 2
4 2
72 2
7 2
72 2
4 2
72 2
5 2
72 2
4 2
72 2
6 2
72 2
4 2
72 2
7 2
72 2
4 2
72 2
5 2
72 2
4 2
72 2
6 2
72 2
4 2
72 2
7 2
72 2
4 2
72 2
5 2
72 2
4 2
72 2
6 2
72 2
4 2
72 2
7 2
72 2
4 2
72 2
5 2
72 2
4 2
72 2
6 2
72 2
4 2
72 2
7 2
72 2
4 2
72 2
5 2
72 2
4 2
72 2
6 2
72 2
4 2
72 2
7 2
72 2
4 2
72 2
5 2
72 2
4 2
72 2
6 2
72 2
4 2
72 2
7 2
72 2
4 2
72 2
5 2
72 2
4 2
72 2
6 2
72 2
4 2
72 2
7 2
72 2
4 2
72 2
5 2
72 2
4 2
72 2
6 2
72 2
4 2
72 2
7 2
72 2
244 2
72 2
101 2
72 2
244 2
72 2
114 2
72 2
244 2
72 2
127 2
72 2
244 2
72 2
101 2
72 2
244 2
72 2
114 2
72 2
244 2
72 2
127 2
72 2
244 2
72 2
101 2
72 2
244 2
72 2
140 2
72 2
244 2
72 2
153 2
72 2
244 2
72 2
101 2
72 2
244 2
72 2
140 2
72 2
244 2
72 2
153 2
72 2
244 2
72 2
101 2
72 2
244 2
72 2
166 2
72 2
244 2
72 2
179 2
72 2
244 2
72 2
101 2
72 2
244 2
72 2
166 2
72 2
244 2
72 2
179 2
72 2
244 2
72 2
101 2
72 2
244 2
72 2
231 2
72 2
244 2
72 2
244 2
72 2
244 2
72 2
101 2
72 2
244 2
72 2
231 2
72 2
244 2
72 2
244 2
72 2
4 4
72 2
15 0
72 2
16 3
72 1
16 6
72 8
10 3
72 1
11 3
72 1
6 3
72 1
10 3
72 1
5 3
72 1
4 4
72 2
15 0
72 2
16 3
72 1
16 6
72 8
10 3
72 1
11 3
72 1
6 3
72 1
10 3
72 1
5 3
E
S
H
47 12
72 11
47 8
72 12
47 9
72 14
16 2
16 2
16 6
72 2
21 2
16 3
72 13
16 2
16 2
16 6
72 2
21 2
16 2
72 14
42 3
72 1
42 8
72 2
30 6
72 8
42 2
42 2
42 6
72 2
42 3
72 5
42 9
72 4
42 3
72 13
42 6
72 2
42 3
72 10
42 2
42 4
72 2
35 3
72 8
42 6
72 2
35 3
72 1
42 3
72 11
42 3
72 1
35 3
72 12
16 2
72 2
10 2
72 2
11 2
72 2
6 2
72 2
10 2
72 2
5 2
72 12
16 2
16 2
10 2
72 2
11 2
72 2
6 2
72 2
10 2
72 2
5 2
E
S
L
72 12
14 2
14 2
14 2
14 2
14 6
72 10
14 3
72 1
14 3
72 1
14 9
72 10
14 2
72 1
14 2
14 2
72 0
14 2
72 1
14 2
14 6
72 2
14 3
72 1
14 2
14 2
14 5
72 0
14 3
72 1
14 2
14 2
14 11
72 4
20 2
20 2
20 2
20 2
20 2
20 2
20 2
20 2
20 2
20 2
20 2
20 2
20 2
20 2
20 2
20 2
20 2
20 2
20 2
20 2
20 2
20 2
20 2
20 2
72 11
20 2
20 2
20 2
20 2
20 2
20 2
20 2
20 2
20 2
20 2
20 2
20 2
20 2
20 2
20 2
20 2
20 2
20 3
72 11
20 2
20 2
20 2
20 2
20 2
20 2
20 2
20 2
20 2
20 2
20 2
20 2
20 2
20 2
20 2
20 2
20 2
20 2
20 2
20 2
20 2
20 2
20 2
20 2
20 2
20 2
20 2
20 2
20 2
20 2
20 2
20 2
20 2
20 2
20 2
20 2
20 2
20 2
14 3
72 1
14 2
14 2
14 6
72 2
14 3
72 1
20 2
20 2
20 2
20 2
20 2
20 2
20 2
20 2
20 2
20 2
20 2
20 2
20 2
20 2
20 2
14 2
14 9
72 4
20 2
20 2
20 2
14 2
14 4
72 2
14 2
14 6
72 2
20 2
20 2
14 3
72 1
14 2
14 2
14 2
14 4
72 2
14 3
72 1
14 3
72 1
14 3
72 1
20 7
20 7
20 7
20 7
20 7
20 7
20 7
20 7
72 14
14 4
72 2
14 10
72 4
31 8
72 10
31 8
72 10
14 6
72 11
31 6
72 2
14 3
72 1
14 3
72 8
31 6
72 2
14 2
14 2
14 6
72 2
14 3
72 12
31 6
72 2
14 2
14 2
14 6
72 2
14 3
E
X
