minor
S
H
72 14
54 2
55 2
62 2
72 0
59 12
57 2
55 2
62 13
72 2
66 0
72 2
67 9
66 2
64 2
62 12
59 13
57 12
55 2
57 2
55 11
57 11
59 13
72 14
62 12
60 4
59 4
55 13
57 13
59 13
72 4
52 7
54 7
55 4
54 4
55 13
54 7
50 7
62 14
60 4
59 4
55 13
57 13
59 14
72 4
57 2
59 2
52 12
50 2
52 2
55 9
54 2
55 2
57 9
55 2
57 2
59 12
57 12
62 11
59 12
57 12
54 11
59 12
57 12
62 11
64 14
72 12
54 2
55 2
62 2
72 0
59 12
57 2
55 2
62 13
72 2
66 0
72 2
67 9
66 2
64 2
62 12
59 13
57 12
55 2
57 2
55 11
57 11
59 13
72 14
62 12
60 4
59 4
55 13
57 13
59 13
72 4
52 7
54 7
55 4
54 4
55 13
54 7
50 7
62 14
60 4
59 4
55 13
57 13
59 14
72 4
57 2
59 2
52 12
50 2
52 2
55 9
54 2
55 2
57 9
55 2
57 2
59 12
57 12
62 11
59 12
57 12
54 11
59 12
57 12
62 11
64 14
E
S
H
72 14
45 11
47 14
50 13
45 13
47 13
50 11
54 12
52 13
57 12
55 13
59 12
52 12
50 4
52 4
54 4
55 4
57 12
55 13
175 12
149 13
47 14
149 14
47 14
43 11
45 11
47 11
237 14
158 13
110 13
47 14
40 11
43 11
42 11
813 12
499 12
1759 11
813 12
1135 12
1075 11
1161 12
1423 12
1075 11
736 14
72 14
45 11
47 14
50 13
45 13
47 13
50 11
54 12
52 13
57 12
55 13
59 12
52 12
50 4
52 4
54 4
55 4
57 12
55 13
175 12
149 13
47 14
149 14
47 14
43 11
45 11
47 11
237 14
158 13
110 13
47 14
40 11
43 11
42 11
813 12
499 12
1759 11
813 12
1135 12
1075 11
1161 12
1423 12
1075 11
736 14
E
S
L
72 14
43 7
42 7
21 13
16 11
17 13
24 7
17 7
16 14
23 11
21 13
16 11
17 13
24 7
17 7
16 14
23 11
21 12
23 13
21 12
23 13
21 12
23 13
16 14
72 14
43 7
42 7
21 13
16 11
17 13
24 7
17 7
16 14
23 11
21 13
16 11
17 13
24 7
17 7
16 14
23 11
21 12
23 13
21 12
23 13
21 12
23 13
16 14
E
S
H
72 14
62 12
60 4
59 4
55 13
62 12
60 4
59 4
57 11
55 7
57 7
55 4
54 4
55 12
72 14
62 12
60 4
59 4
55 13
62 12
60 4
59 4
57 11
55 7
57 7
55 4
54 4
55 12
72 14
62 12
60 4
59 4
55 13
62 12
60 4
59 4
57 11
55 7
57 7
55 4
54 4
55 12
72 14
62 12
60 4
59 4
55 13
62 12
60 4
59 4
57 11
55 7
57 7
55 4
54 4
55 12
E
S
H
72 14
54 2
55 2
62 2
72 0
59 12
57 2
55 2
62 13
72 2
66 0
72 2
67 9
66 2
64 2
62 12
59 13
57 12
55 2
57 2
55 11
57 11
59 13
72 14
62 12
60 4
59 4
55 13
57 13
59 13
72 4
52 7
54 7
55 4
54 4
55 13
54 7
50 7
62 14
60 4
59 4
55 13
57 13
59 14
72 4
57 2
59 2
52 12
50 2
52 2
55 9
54 2
55 2
57 9
55 2
57 2
59 12
57 12
62 11
59 12
57 12
54 11
59 12
57 12
62 11
64 14
72 13
54 2
55 2
62 2
72 0
59 12
57 2
55 2
62 13
72 2
66 0
72 2
67 9
66 2
64 2
62 12
59 13
57 12
55 2
57 2
55 11
57 11
59 13
72 14
62 12
60 4
59 4
55 13
57 13
59 13
72 4
52 7
54 7
55 4
54 4
55 13
54 7
50 7
62 14
60 4
59 4
55 13
57 13
59 14
72 4
57 2
59 2
52 12
50 2
52 2
55 9
54 2
55 2
57 9
55 2
57 2
59 12
57 12
62 11
59 12
57 12
54 11
59 12
57 12
62 11
64 14
E
S
H
72 14
54 2
55 2
62 2
72 13
62 13
72 2
66 0
72 14
57 4
72 14
62 12
60 4
59 4
72 14
52 7
54 7
55 4
54 4
55 13
54 7
50 7
62 14
60 4
59 4
72 14
57 2
59 2
52 12
50 2
52 2
72 9
54 2
55 2
72 9
55 2
57 2
72 13
62 11
72 14
62 11
64 14
72 13
54 2
55 2
62 2
72 13
57 2
55 2
72 13
62 9
72 2
66 0
72 2
67 9
66 2
64 2
72 14
57 4
55 2
57 2
55 11
72 14
62 12
60 4
59 4
55 13
57 13
59 13
72 4
52 7
54 7
55 4
54 4
55 13
54 7
50 7
62 14
60 4
59 4
55 13
57 13
59 14
72 4
57 2
59 2
52 12
50 2
52 2
55 9
54 2
55 2
57 9
55 2
57 2
59 12
57 12
62 11
59 12
57 12
54 11
59 12
57 12
62 11
64 14
E
X
