major
S
H
45 4
45 4
46 4
46 4
47 4
47 4
46 4
46 4
45 4
45 4
46 4
46 4
47 4
47 4
46 4
46 4
45 4
45 4
46 4
46 4
47 4
47 4
46 4
46 4
45 4
45 4
46 4
46 4
47 4
47 4
46 4
46 4
50 4
50 4
51 4
51 4
52 4
52 4
51 4
51 4
50 4
50 4
51 4
51 4
52 4
52 4
51 4
51 4
45 4
45 4
46 4
46 4
47 4
47 4
46 4
46 4
45 4
45 4
46 4
46 4
47 4
47 4
46 4
46 4
52 4
52 4
52 4
52 4
52 4
52 4
52 4
52 4
53 4
53 4
53 4
53 4
53 4
53 4
53 4
53 4
55 4
55 4
55 4
55 4
55 4
55 4
55 4
55 4
57 7
45 7
45 7
45 7
45 4
45 4
46 4
46 4
47 4
47 4
46 4
46 4
45 4
45 4
46 4
46 4
47 4
47 4
46 4
46 4
45 4
45 4
46 4
46 4
47 4
47 4
46 4
46 4
45 4
45 4
46 4
46 4
47 4
47 4
46 4
46 4
50 4
50 4
51 4
51 4
52 4
52 4
51 4
51 4
50 4
50 4
51 4
51 4
52 4
52 4
51 4
51 4
45 4
45 4
46 4
46 4
47 4
47 4
46 4
46 4
45 4
45 4
46 4
46 4
47 4
47 4
46 4
46 4
52 4
52 4
52 4
52 4
52 4
52 4
52 4
52 4
53 4
53 4
53 4
53 4
53 4
53 4
53 4
53 4
55 4
55 4
55 4
55 4
55 4
55 4
55 4
55 4
57 7
45 7
45 7
45 7
E
S
L
33 2
72 8
33 2
72 2
33 2
72 10
33 2
72 8
33 2
72 2
33 2
72 2
28 2
72 2
36 2
72 2
33 2
72 2
33 2
72 8
33 2
72 2
33 2
72 10
33 2
72 8
33 2
72 2
33 2
72 2
28 2
72 2
36 2
72 2
33 2
72 2
38 2
72 8
38 2
72 2
38 2
72 10
38 2
72 8
38 2
72 2
38 2
72 2
33 2
72 2
41 2
72 2
38 2
72 2
33 2
72 8
33 2
72 2
33 2
72 10
33 2
72 8
33 2
72 2
33 2
72 2
28 2
72 2
36 2
72 2
33 2
72 2
33 13
31 13
29 13
28 7
33 7
33 7
33 7
33 2
72 8
33 2
72 2
33 2
72 10
33 2
72 8
33 2
72 2
33 2
72 2
28 2
72 2
36 2
72 2
33 2
72 2
33 2
72 8
33 2
72 2
33 2
72 10
33 2
72 8
33 2
72 2
33 2
72 2
28 2
72 2
36 2
72 2
33 2
72 2
38 2
72 8
38 2
72 2
38 2
72 10
38 2
72 8
38 2
72 2
38 2
72 2
33 2
72 2
41 2
72 2
38 2
72 2
33 2
72 8
33 2
72 2
33 2
72 10
33 2
72 8
33 2
72 2
33 2
72 2
28 2
72 2
36 2
72 2
33 2
72 2
33 13
31 13
29 13
28 7
33 7
33 7
33 7
E
S
H
37 4
37 4
38 4
38 4
39 4
39 4
38 4
38 4
37 4
37 4
38 4
38 4
39 4
39 4
38 4
38 4
37 4
37 4
38 4
38 4
39 4
39 4
38 4
38 4
37 4
37 4
38 4
38 4
39 4
39 4
38 4
38 4
42 4
42 4
43 4
43 4
44 4
44 4
43 4
43 4
42 4
42 4
43 4
43 4
44 4
44 4
43 4
43 4
37 4
37 4
38 4
38 4
39 4
39 4
38 4
38 4
37 4
37 4
38 4
38 4
39 4
39 4
38 4
38 4
44 4
44 4
44 4
44 4
44 4
44 4
44 4
44 4
45 4
45 4
45 4
45 4
45 4
45 4
45 4
45 4
47 4
47 4
47 4
47 4
47 4
47 4
47 4
47 4
49 7
37 7
37 7
37 7
37 4
37 4
38 4
38 4
39 4
39 4
38 4
38 4
37 4
37 4
38 4
38 4
39 4
39 4
38 4
38 4
37 4
37 4
38 4
38 4
39 4
39 4
38 4
38 4
37 4
37 4
38 4
38 4
39 4
39 4
38 4
38 4
42 4
42 4
43 4
43 4
44 4
44 4
43 4
43 4
42 4
42 4
43 4
43 4
44 4
44 4
43 4
43 4
37 4
37 4
38 4
38 4
39 4
39 4
38 4
38 4
37 4
37 4
38 4
38 4
39 4
39 4
38 4
38 4
44 4
44 4
44 4
44 4
44 4
44 4
44 4
44 4
45 4
45 4
45 4
45 4
45 4
45 4
45 4
45 4
47 4
47 4
47 4
47 4
47 4
47 4
47 4
47 4
49 7
37 7
37 7
37 7
E
S
L
11 2
72 2
20 2
72 2
14 2
72 2
20 2
72 2
11 2
72 2
20 2
72 2
14 2
72 2
20 2
72 2
11 2
72 2
20 2
72 2
14 2
72 2
20 2
72 2
11 2
72 2
20 2
72 2
14 2
72 2
20 2
72 2
11 2
72 2
20 2
72 2
14 2
72 2
20 2
72 2
11 2
72 2
20 2
72 2
14 2
72 2
20 2
72 2
11 2
72 2
20 2
72 2
14 2
72 2
20 2
72 2
11 2
72 2
20 2
72 2
14 2
72 2
20 2
72 2
11 2
72 2
20 2
72 2
14 2
72 2
20 2
72 2
11 2
72 2
20 2
72 2
14 2
72 2
20 2
72 2
11 2
72 2
20 2
72 2
14 2
72 2
20 2
72 2
11 2
72 2
20 2
72 2
14 2
72 2
20 2
72 2
11 2
72 2
20 2
72 2
14 2
72 2
20 2
72 2
11 2
72 2
20 2
72 2
14 2
72 2
20 2
72 2
11 2
72 2
20 2
72 2
14 2
72 2
20 2
72 2
11 2
72 2
20 2
72 2
14 2
72 2
20 2
72 2
11 2
72 2
20 2
72 2
14 2
72 2
20 2
72 2
11 2
72 2
20 2
72 2
14 2
72 2
20 2
72 2
11 2
72 2
20 2
72 2
14 2
72 2
20 2
72 2
11 2
72 2
20 2
72 2
14 2
72 2
20 2
72 2
11 2
72 2
20 2
72 2
14 2
72 2
20 2
72 2
11 2
72 2
20 2
72 2
14 2
72 2
20 2
72 2
11 2
72 2
20 2
72 2
14 2
72 6
14 2
72 6
14 2
72 6
11 2
72 2
20 2
72 2
14 2
72 2
20 2
72 2
11 2
72 2
20 2
72 2
14 2
72 2
20 2
72 2
11 2
72 2
20 2
72 2
14 2
72 2
20 2
72 2
11 2
72 2
20 2
72 2
14 2
72 2
20 2
72 2
11 2
72 2
20 2
72 2
14 2
72 2
20 2
72 2
11 2
72 2
20 2
72 2
14 2
72 2
20 2
72 2
11 2
72 2
20 2
72 2
14 2
72 2
20 2
72 2
11 2
72 2
20 2
72 2
14 2
72 2
20 2
72 2
11 2
72 2
20 2
72 2
14 2
72 2
20 2
72 2
11 2
72 2
20 2
72 2
14 2
72 2
20 2
72 2
11 2
72 2
20 2
72 2
14 2
72 2
20 2
72 2
11 2
72 2
20 2
72 2
14 2
72 2
20 2
72 2
11 2
72 2
20 2
72 2
14 2
72 2
20 2
72 2
11 2
72 2
20 2
72 2
14 2
72 2
20 2
72 2
11 2
72 2
20 2
72 2
14 2
72 2
20 2
72 2
11 2
72 2
20 2
72 2
14 2
72 2
20 2
72 2
11 2
72 2
20 2
72 2
14 2
72 2
20 2
72 2
11 2
72 2
20 2
72 2
14 2
72 2
20 2
72 2
11 2
72 2
20 2
72 2
14 2
72 2
20 2
72 2
11 2
72 2
20 2
72 2
14 2
72 2
20 2
72 2
11 2
72 2
20 2
72 2
14 2
72 2
20 2
72 2
11 2
72 2
20 2
72 2
14 2
72 2
20 2
72 2
11 2
72 2
20 2
72 2
14 2
72 6
14 2
72 6
14 2
E
X
