major
S
H
189 9
189 7
189 4
212 7
212 4
212 7
212 4
163 7
163 4
163 7
1747 9
1747 4
1747 7
1747 4
189 9
189 7
189 4
212 7
212 4
212 7
212 4
163 7
163 4
163 7
1747 9
1747 4
1747 7
1747 4
189 9
189 7
189 4
212 7
212 4
212 7
212 4
163 7
163 4
163 7
1747 9
1747 4
1747 7
1747 4
189 9
189 7
189 4
212 7
212 4
212 7
212 4
163 7
163 4
163 7
1747 9
1747 4
1747 7
1747 4
189 9
189 7
189 4
1457 7
1457 4
1457 7
1457 4
1771 7
1771 4
1771 7
1457 9
1457 4
1457 7
1457 4
189 9
189 7
189 4
1457 7
1457 4
1457 7
1457 4
1771 7
1771 4
1771 7
1457 9
1457 4
1457 7
1457 4
189 9
189 7
189 4
1603 7
1603 4
1603 7
1603 4
189 7
189 4
189 7
1628 9
1628 4
1628 7
1628 4
189 9
189 7
189 4
1603 7
1603 4
1603 7
1603 4
200 7
200 4
200 7
200 9
200 4
200 7
200 4
189 9
189 7
189 4
1457 7
1457 4
1457 7
1457 4
1771 7
1771 4
1771 7
1457 9
1457 4
1457 7
1457 4
189 9
189 7
189 4
1457 7
1457 4
1457 7
1457 4
1771 7
1771 4
1771 7
1457 9
1457 4
1457 7
1457 4
189 9
189 7
189 4
1603 7
1603 4
1603 7
1603 4
189 7
189 4
189 7
1628 9
1628 4
1628 7
1628 4
189 9
189 7
189 4
1603 7
1603 4
1603 7
1603 4
200 7
200 4
200 7
200 9
200 4
200 7
200 4
1457 7
1457 4
1457 7
1457 4
1457 7
1457 4
1457 7
1457 4
1771 7
1771 4
1771 7
1771 4
1771 7
1771 4
1771 7
1771 4
189 7
189 4
189 7
189 4
189 7
189 4
189 7
189 4
1629 7
1629 4
1629 7
1629 4
1629 7
1629 4
1629 7
1629 4
1457 7
1457 4
1457 7
1457 4
1457 7
1457 4
1457 7
1457 4
1771 7
1771 4
1771 7
1771 4
1771 7
1771 4
1771 7
1771 4
189 7
189 4
189 7
189 4
189 7
189 4
189 7
189 4
1629 7
1629 4
1629 7
1629 4
1629 7
1629 4
1629 7
1629 4
1457 7
1457 4
1457 7
1457 4
1457 7
1457 4
1457 7
1457 4
1771 7
1771 4
1771 7
1771 4
1771 7
1771 4
1771 7
1771 4
189 7
189 4
189 7
189 4
189 7
189 4
189 7
189 4
1629 7
1629 4
1629 7
1629 4
1629 7
1629 4
1629 7
1629 4
1603 7
72 4
1603 7
1603 4
1603 7
1603 4
1603 7
1603 4
1603 9
1603 7
1603 9
1603 4
1603 7
1603 4
1603 7
72 4
1603 7
1603 4
1603 7
1603 4
1603 7
1603 4
1771 6
72 2
1771 4
1771 6
72 2
1771 8
72 1
1771 4
1771 6
72 2
1771 4
189 8
72 14
189 9
189 7
189 4
212 7
212 4
212 7
212 4
163 7
163 4
163 7
1747 9
1747 4
1747 7
1747 4
189 9
189 7
189 4
212 7
212 4
212 7
212 4
163 7
163 4
163 7
1747 9
1747 4
1747 7
1747 4
189 9
189 7
189 4
212 7
212 4
212 7
212 4
163 7
163 4
163 7
1747 9
1747 4
1747 7
1747 4
189 9
189 7
189 4
212 7
212 4
212 7
212 4
163 7
163 4
163 7
1747 9
1747 4
1747 7
1747 4
189 9
189 7
189 4
1457 7
1457 4
1457 7
1457 4
1771 7
1771 4
1771 7
1457 9
1457 4
1457 7
1457 4
189 9
189 7
189 4
1457 7
1457 4
1457 7
1457 4
1771 7
1771 4
1771 7
1457 9
1457 4
1457 7
1457 4
189 9
189 7
189 4
1603 7
1603 4
1603 7
1603 4
189 7
189 4
189 7
1628 9
1628 4
1628 7
1628 4
189 9
189 7
189 4
1603 7
1603 4
1603 7
1603 4
200 7
200 4
200 7
200 9
200 4
200 7
200 4
189 9
189 7
189 4
1457 7
1457 4
1457 7
1457 4
1771 7
1771 4
1771 7
1457 9
1457 4
1457 7
1457 4
189 9
189 7
189 4
1457 7
1457 4
1457 7
1457 4
1771 7
1771 4
1771 7
1457 9
1457 4
1457 7
1457 4
189 9
189 7
189 4
1603 7
1603 4
1603 7
1603 4
189 7
189 4
189 7
1628 9
1628 4
1628 7
1628 4
189 9
189 7
189 4
1603 7
1603 4
1603 7
1603 4
200 7
200 4
200 7
200 9
200 4
200 7
200 4
1457 7
1457 4
1457 7
1457 4
1457 7
1457 4
1457 7
1457 4
1771 7
1771 4
1771 7
1771 4
1771 7
1771 4
1771 7
1771 4
189 7
189 4
189 7
189 4
189 7
189 4
189 7
189 4
1629 7
1629 4
1629 7
1629 4
1629 7
1629 4
1629 7
1629 4
1457 7
1457 4
1457 7
1457 4
1457 7
1457 4
1457 7
1457 4
1771 7
1771 4
1771 7
1771 4
1771 7
1771 4
1771 7
1771 4
189 7
189 4
189 7
189 4
189 7
189 4
189 7
189 4
1629 7
1629 4
1629 7
1629 4
1629 7
1629 4
1629 7
1629 4
1457 7
1457 4
1457 7
1457 4
1457 7
1457 4
1457 7
1457 4
1771 7
1771 4
1771 7
1771 4
1771 7
1771 4
1771 7
1771 4
189 7
189 4
189 7
189 4
189 7
189 4
189 7
189 4
1629 7
1629 4
1629 7
1629 4
1629 7
1629 4
1629 7
1629 4
1603 7
72 4
1603 7
1603 4
1603 7
1603 4
1603 7
1603 4
1603 9
1603 7
1603 9
1603 4
1603 7
1603 4
1603 7
72 4
1603 7
1603 4
1603 7
1603 4
1603 7
1603 4
1771 6
72 2
1771 4
1771 6
72 2
1771 8
72 1
1771 4
1771 6
72 2
1771 4
189 8
72 14
189 8
72 1
189 7
189 4
212 7
212 4
212 7
212 4
163 7
163 4
163 7
1747 9
1747 4
1747 7
1747 4
189 9
189 7
189 4
212 7
212 4
212 7
212 4
163 7
163 4
163 7
1747 9
1747 4
1747 7
1747 4
189 9
189 7
189 4
212 7
212 4
212 7
212 4
163 7
163 4
163 7
1747 9
1747 4
1747 7
1747 4
189 9
189 7
189 4
212 7
212 4
212 7
212 4
163 7
163 4
163 7
1747 9
1747 4
1747 7
1747 4
189 9
189 7
189 4
1457 7
1457 4
1457 7
1457 4
1771 7
1771 4
1771 7
1457 9
1457 4
1457 7
1457 4
189 9
189 7
189 4
1457 7
1457 4
1457 7
1457 4
1771 7
1771 4
1771 7
1457 9
1457 4
1457 7
1457 4
E
S
H
72 14
45 6
72 2
45 4
45 6
72 2
45 4
45 6
72 2
45 4
45 6
72 2
45 4
45 6
72 2
45 4
45 6
72 2
45 4
45 6
72 2
45 4
45 6
72 2
45 4
45 6
72 2
45 4
45 6
72 2
45 4
45 6
72 2
45 4
45 6
72 2
45 4
45 6
72 2
45 4
45 6
72 2
45 4
45 6
72 2
45 4
45 6
72 2
45 4
45 6
72 2
45 4
45 6
72 2
45 4
45 6
72 2
45 4
45 6
72 2
45 4
45 6
72 2
45 4
45 6
72 2
45 4
45 6
72 2
45 4
45 6
72 2
45 4
45 6
72 2
45 4
45 6
72 2
45 4
45 6
72 2
45 4
45 6
72 2
45 4
45 6
72 2
45 4
45 6
72 2
45 4
45 6
72 2
45 4
45 6
72 2
45 4
45 6
72 2
45 4
45 6
72 2
45 4
45 6
72 2
45 4
45 6
72 2
45 4
45 6
72 2
45 4
45 6
72 2
45 4
45 6
72 2
45 4
45 6
72 2
45 4
45 6
72 2
45 4
45 6
72 2
45 4
45 6
72 2
45 4
45 6
72 2
45 4
45 6
72 2
45 4
45 6
72 2
45 4
45 6
72 2
45 4
45 6
72 2
45 4
45 6
72 2
45 4
45 6
72 2
45 4
45 6
72 2
45 4
45 6
72 2
45 4
45 6
72 2
45 4
45 6
72 2
45 4
45 6
72 2
45 4
45 6
72 2
45 4
45 6
72 2
45 4
45 6
72 2
45 4
45 6
72 2
45 4
45 6
72 2
45 4
45 6
72 2
45 4
45 6
72 2
45 4
45 6
72 2
45 4
45 6
72 2
45 4
45 6
72 2
45 4
45 6
72 2
45 4
45 6
72 2
45 4
45 6
72 2
45 4
45 6
72 2
45 4
45 6
72 2
45 4
45 6
72 2
45 4
45 6
72 2
45 4
45 6
72 2
45 4
45 6
72 2
45 4
45 6
72 2
45 4
45 6
72 2
45 4
45 6
72 2
45 4
45 6
72 2
45 4
45 6
72 2
45 4
45 6
72 2
45 4
45 6
72 2
45 4
45 6
72 2
45 4
45 6
72 2
45 4
45 6
72 2
45 4
45 6
72 2
45 4
45 6
72 2
45 4
45 6
72 2
45 4
45 6
72 2
45 4
45 6
72 2
45 4
45 6
72 2
45 4
45 6
72 2
45 4
45 6
72 2
45 4
45 6
72 2
45 4
45 6
72 2
45 4
45 6
72 2
45 4
45 6
72 2
45 4
45 6
72 2
45 4
45 6
72 2
45 4
45 6
72 2
45 4
45 6
72 2
45 4
45 6
72 2
45 4
45 6
72 2
45 4
45 6
72 2
45 4
45 6
72 2
45 4
45 6
72 2
45 4
45 6
72 2
45 4
45 6
72 2
45 4
45 6
72 2
45 4
45 6
72 2
45 4
45 6
72 2
45 4
45 6
72 2
45 4
45 6
72 2
45 4
45 6
72 2
45 4
45 6
72 2
45 4
45 6
72 2
45 4
45 6
72 2
45 4
45 6
72 2
45 4
45 6
72 2
45 4
45 6
72 2
45 4
45 6
72 2
45 4
45 6
72 2
45 4
45 6
72 2
45 4
45 6
72 2
45 4
45 6
72 2
45 4
45 6
72 2
45 4
45 6
72 2
45 4
45 6
72 2
45 4
45 6
72 2
45 4
72 14
45 6
72 2
45 4
45 6
72 2
45 4
146 6
72 2
45 4
45 6
72 2
45 4
45 6
72 2
45 4
45 6
72 2
45 4
146 6
72 2
45 4
45 6
72 2
45 4
45 6
72 2
45 4
45 6
72 2
45 4
146 6
72 2
45 4
45 6
72 2
45 4
45 6
72 2
45 4
45 6
72 2
45 4
146 6
72 2
45 4
45 6
72 2
45 4
45 6
72 2
45 4
45 6
72 2
45 4
45 6
72 2
45 4
45 6
72 2
45 4
45 6
72 2
45 4
45 6
72 2
45 4
45 6
72 2
45 4
45 6
72 2
45 4
45 6
72 2
45 4
45 6
72 2
45 4
45 6
72 2
45 4
45 6
72 2
45 4
45 6
72 2
45 4
45 6
72 2
45 4
45 6
72 2
45 4
45 6
72 2
45 4
45 6
72 2
45 4
45 6
72 2
45 4
45 6
72 2
45 4
45 6
72 2
45 4
45 6
72 2
45 4
45 6
72 2
45 4
45 6
72 2
45 4
45 6
72 2
45 4
45 6
72 2
45 4
45 6
72 2
45 4
45 6
72 2
45 4
45 6
72 2
45 4
45 6
72 2
45 4
45 6
72 2
45 4
45 6
72 2
45 4
45 6
72 2
45 4
45 6
72 2
45 4
45 6
72 2
45 4
45 6
72 2
45 4
45 6
72 2
45 4
45 6
72 2
45 4
45 6
72 2
45 4
45 6
72 2
45 4
45 6
72 2
45 4
45 6
72 2
45 4
45 6
72 2
45 4
45 6
72 2
45 4
45 6
72 2
45 4
45 6
72 2
45 4
45 6
72 2
45 4
45 6
72 2
45 4
45 6
72 2
45 4
45 6
72 2
45 4
45 6
72 2
45 4
45 6
72 2
45 4
45 6
72 2
45 4
45 6
72 2
45 4
45 6
72 2
45 4
45 6
72 2
45 4
45 6
72 2
45 4
45 6
72 2
45 4
45 6
72 2
45 4
45 6
72 2
45 4
45 6
72 2
45 4
45 6
72 2
45 4
45 6
72 2
45 4
45 6
72 2
45 4
45 6
72 2
45 4
45 6
72 2
45 4
45 6
72 2
45 4
45 6
72 2
45 4
45 6
72 2
45 4
45 6
72 2
45 4
45 6
72 2
45 4
45 6
72 2
45 4
45 6
72 2
45 4
45 6
72 2
45 4
45 6
72 2
45 4
45 6
72 2
45 4
45 6
72 2
45 4
45 6
72 2
45 4
45 6
72 2
45 4
45 6
72 2
45 4
45 6
72 2
45 4
45 6
72 2
45 4
45 6
72 2
45 4
45 6
72 2
45 4
45 6
72 2
45 4
45 6
72 2
45 4
45 6
72 2
45 4
45 6
72 2
45 4
45 6
72 2
45 4
45 6
72 2
45 4
45 6
72 2
45 4
45 6
72 2
45 4
45 6
72 2
45 4
45 6
72 2
45 4
45 6
72 2
45 4
45 6
72 2
45 4
45 6
72 2
45 4
45 6
72 2
45 4
45 6
72 2
45 4
45 6
72 2
45 4
45 6
72 2
45 4
45 6
72 2
45 4
45 6
72 2
45 4
45 6
72 2
45 4
45 6
72 2
45 4
45 6
72 2
45 4
45 6
72 2
45 4
45 6
72 2
45 4
45 6
72 2
45 4
45 6
72 2
45 4
45 6
72 2
45 4
45 6
72 2
45 4
45 6
72 2
45 4
45 6
72 2
45 4
45 6
72 2
45 4
45 6
72 2
45 4
45 6
72 2
45 4
45 6
72 2
45 4
45 6
72 2
45 4
45 6
72 2
45 4
45 6
72 2
45 4
45 6
72 2
45 4
45 6
72 2
45 4
45 6
72 2
45 4
45 6
72 2
45 4
45 6
72 2
45 4
45 6
72 2
45 4
45 6
72 2
45 4
45 6
72 2
45 4
45 6
72 2
45 4
45 6
72 2
45 4
45 6
72 2
45 4
45 6
72 2
45 4
45 6
72 2
45 4
45 6
72 2
45 4
45 6
72 2
45 4
45 6
72 2
45 4
45 6
72 2
45 4
45 6
72 2
45 4
45 6
72 2
45 4
45 6
72 2
45 4
45 6
72 2
45 4
45 6
72 2
45 4
45 6
72 2
45 4
45 6
72 2
45 4
72 14
45 6
72 2
45 4
45 6
72 2
45 4
146 6
72 2
45 4
45 6
72 2
45 4
45 6
72 2
45 4
45 6
72 2
45 4
146 6
72 2
45 4
45 6
72 2
45 4
45 6
72 2
45 4
45 6
72 2
45 4
146 6
72 2
45 4
45 6
72 2
45 4
45 6
72 2
45 4
45 6
72 2
45 4
146 6
72 2
45 4
45 6
72 2
45 4
45 6
72 2
45 4
45 6
72 2
45 4
45 6
72 2
45 4
45 6
72 2
45 4
45 6
72 2
45 4
45 6
72 2
45 4
45 6
72 2
45 4
45 6
72 2
45 4
45 6
72 2
45 4
45 6
72 2
45 4
45 6
72 2
45 4
45 6
72 2
45 4
45 6
72 2
45 4
45 6
72 2
45 4
45 6
72 2
45 4
45 6
72 2
45 4
45 6
72 2
45 4
45 6
72 2
45 4
45 6
72 2
45 4
45 6
72 2
45 4
45 6
72 2
45 4
45 6
72 2
45 4
45 6
72 2
45 4
45 6
72 2
45 4
45 6
72 2
45 4
45 6
72 2
45 4
45 6
72 2
45 4
45 6
72 2
45 4
45 6
72 2
45 4
45 6
72 2
45 4
45 6
72 2
45 4
45 6
72 2
45 4
45 6
72 2
45 4
45 6
72 2
45 4
45 6
72 2
45 4
45 6
72 2
45 4
45 6
72 2
45 4
45 6
72 2
45 4
45 6
72 2
45 4
45 6
72 2
45 4
45 6
72 2
45 4
45 6
72 2
45 4
45 6
72 2
45 4
45 6
72 2
45 4
45 6
72 2
45 4
45 6
72 2
45 4
45 6
72 2
45 4
45 6
72 2
45 4
E
S
H
72 14
192 12
153 9
101 9
218 9
192 9
153 9
101 9
153 12
101 12
40 3
52 3
72 0
40 3
52 3
72 1
40 3
52 3
72 1
40 3
72 0
52 3
40 3
52 3
72 0
40 3
52 3
72 1
127 9
101 9
101 7
127 4
101 9
231 9
36 3
48 3
72 0
36 3
48 3
72 1
36 3
48 3
72 1
36 3
72 0
48 3
36 3
48 3
72 0
36 3
48 3
72 1
231 9
101 9
101 7
153 4
192 9
218 9
58 3
46 3
72 0
58 3
46 3
72 1
58 3
46 3
72 1
58 3
72 0
46 3
58 3
46 3
72 11
192 12
153 9
101 9
218 9
192 9
153 9
101 9
153 12
101 12
40 3
52 3
72 0
40 3
52 3
72 1
40 3
52 3
72 1
40 3
72 0
52 3
40 3
52 3
72 0
40 3
52 3
72 1
127 9
101 9
101 7
127 4
101 9
231 9
36 3
48 3
72 0
36 3
48 3
72 1
36 3
48 3
72 1
36 3
72 0
48 3
36 3
48 3
72 0
36 3
48 3
72 1
231 9
101 9
101 7
153 4
192 9
218 9
58 3
46 3
72 0
58 3
46 3
72 1
58 3
46 3
72 1
58 3
72 0
46 3
58 3
46 3
72 11
218 12
72 2
166 8
72 1
127 8
72 1
244 8
72 1
127 8
72 1
166 8
72 1
218 8
72 1
192 12
72 2
101 12
72 2
43 3
55 3
72 0
43 3
55 3
72 1
43 3
55 3
72 1
43 3
72 0
55 3
43 3
55 3
72 0
43 3
55 3
72 1
153 8
72 1
166 12
72 2
127 8
72 1
244 8
72 1
192 8
72 1
244 8
72 1
127 8
72 1
166 8
72 1
153 8
72 1
153 6
72 2
166 4
153 8
72 1
127 8
72 1
40 3
52 3
72 0
40 3
52 3
72 1
40 3
52 3
72 1
40 3
72 0
52 3
40 3
52 3
72 0
40 3
52 3
72 10
218 12
72 2
166 8
72 1
127 8
72 1
244 8
72 1
127 8
72 1
166 8
72 1
218 8
72 1
192 12
72 2
101 12
72 2
43 3
55 3
72 0
43 3
55 3
72 1
43 3
55 3
72 1
43 3
72 0
55 3
43 3
55 3
72 0
43 3
55 3
72 1
153 8
72 1
127 8
72 1
127 6
72 2
153 4
127 8
72 1
101 8
72 1
38 3
50 3
72 0
38 3
50 3
72 1
38 3
50 3
72 1
38 3
72 0
50 3
38 3
50 3
72 0
38 3
50 3
72 1
101 8
72 1
127 8
72 1
127 6
72 2
153 4
166 8
72 1
192 8
72 1
218 12
72 2
244 12
72 2
101 8
72 14
192 12
153 9
101 9
218 9
192 9
153 9
101 9
153 12
101 12
40 3
52 3
72 0
40 3
52 3
72 1
40 3
52 3
72 1
40 3
72 0
52 3
40 3
52 3
72 0
40 3
52 3
72 1
127 9
101 9
101 7
127 4
101 9
231 9
36 3
48 3
72 0
36 3
48 3
72 1
36 3
48 3
72 1
36 3
72 0
48 3
36 3
48 3
72 0
36 3
48 3
72 1
231 9
101 9
101 7
153 4
192 9
218 9
58 3
46 3
72 0
58 3
46 3
72 1
58 3
46 3
72 1
58 3
72 0
46 3
58 3
46 3
72 11
192 12
153 9
101 9
218 9
192 9
153 9
101 9
153 12
101 12
40 3
52 3
72 0
40 3
52 3
72 1
40 3
52 3
72 1
40 3
72 0
52 3
40 3
52 3
72 0
40 3
52 3
72 1
127 9
101 9
101 7
127 4
101 9
231 9
36 3
48 3
72 0
36 3
48 3
72 1
36 3
48 3
72 1
36 3
72 0
48 3
36 3
48 3
72 0
36 3
48 3
72 1
231 9
101 9
101 7
153 4
192 9
218 9
58 3
46 3
72 0
58 3
46 3
72 1
58 3
46 3
72 1
58 3
72 0
46 3
58 3
46 3
72 11
218 12
72 2
166 8
72 1
127 8
72 1
244 8
72 1
127 8
72 1
166 8
72 1
218 8
72 1
192 12
72 2
101 12
72 2
43 3
55 3
72 0
43 3
55 3
72 1
43 3
55 3
72 1
43 3
72 0
55 3
43 3
55 3
72 0
43 3
55 3
72 1
153 8
72 1
166 12
72 2
127 8
72 1
244 8
72 1
192 8
72 1
244 8
72 1
127 8
72 1
166 8
72 1
153 8
72 1
153 6
72 2
166 4
153 8
72 1
127 8
72 1
40 3
52 3
72 0
40 3
52 3
72 1
40 3
52 3
72 1
40 3
72 0
52 3
40 3
52 3
72 0
40 3
52 3
72 10
218 12
72 2
166 8
72 1
127 8
72 1
244 8
72 1
127 8
72 1
166 8
72 1
218 8
72 1
192 12
72 2
101 12
72 2
43 3
55 3
72 0
43 3
55 3
72 1
43 3
55 3
72 1
43 3
72 0
55 3
43 3
55 3
72 0
43 3
55 3
72 1
153 8
72 1
127 8
72 1
127 6
72 2
153 4
127 8
72 1
101 8
72 1
38 3
50 3
72 0
38 3
50 3
72 1
38 3
50 3
72 1
38 3
72 0
50 3
38 3
50 3
72 0
38 3
50 3
72 1
101 8
72 1
127 8
72 1
127 6
72 2
153 4
166 8
72 1
192 8
72 1
218 12
72 2
244 12
72 2
101 8
72 14
192 12
153 9
101 9
218 9
192 9
153 9
101 9
153 12
101 12
40 3
52 3
72 0
40 3
52 3
72 1
40 3
52 3
72 1
40 3
72 0
52 3
40 3
52 3
72 0
40 3
52 3
72 1
127 9
E
S
L
72 14
17 12
72 10
17 8
72 1
19 12
72 10
19 8
72 1
24 12
72 10
24 8
72 1
19 12
72 2
24 8
72 1
19 8
72 1
17 12
72 10
17 8
72 1
19 12
72 10
19 8
72 1
24 12
72 10
24 8
72 1
22 12
72 10
22 8
72 1
17 12
72 10
17 8
72 1
19 12
72 10
19 8
72 1
24 12
72 10
24 8
72 1
19 12
72 2
24 8
72 1
19 8
72 1
22 12
72 14
17 12
72 2
19 12
72 2
24 12
72 14
17 12
72 10
17 8
72 1
19 12
72 10
19 8
72 1
24 12
72 10
24 8
72 1
19 12
72 2
24 8
72 1
19 8
72 1
17 12
72 10
17 8
72 1
19 12
72 10
19 8
72 1
24 12
72 10
24 8
72 1
22 12
72 10
22 8
72 1
17 12
72 10
17 8
72 1
19 12
72 10
19 8
72 1
24 12
72 10
24 8
72 1
19 12
72 2
24 8
72 1
19 8
72 1
22 12
72 14
17 12
72 2
19 12
72 2
24 12
E
S
H
72 14
62 5
72 0
66 8
72 14
62 5
72 0
66 8
E
X
