minor
S
L
14 0
72 2
14 0
72 2
14 0
72 4
317 0
72 4
18 0
72 2
18 0
72 2
175 0
72 4
173 0
72 2
18 0
72 2
18 0
72 4
173 0
72 2
18 0
72 2
175 0
72 4
173 0
72 2
18 0
72 2
18 0
72 4
173 0
72 2
18 0
72 2
175 0
72 4
173 0
72 2
18 0
72 2
173 0
72 2
14 0
72 2
22 0
72 2
12 0
72 2
175 0
72 4
221 0
72 4
173 0
72 4
18 0
72 2
18 0
72 2
175 0
72 4
173 0
72 2
18 0
72 2
18 0
72 4
173 0
72 2
18 0
72 2
175 0
72 4
173 0
72 2
18 0
72 2
173 0
72 4
18 0
72 2
173 0
72 2
175 0
72 4
173 0
72 2
18 0
72 2
173 0
72 2
24 0
72 2
173 0
72 2
107 0
72 2
175 0
72 2
21 0
72 2
1469 0
72 2
175 0
72 2
317 0
72 4
18 0
72 2
18 0
72 2
175 0
72 4
173 0
72 2
18 0
72 2
18 0
72 4
173 0
72 2
18 0
72 2
175 0
72 4
173 0
72 2
18 0
72 2
173 0
72 4
18 0
72 2
173 0
72 2
175 0
72 4
173 0
72 1
18 0
72 0
18 0
72 2
173 0
72 4
173 0
72 2
18 0
72 2
175 0
72 4
221 0
72 4
173 0
72 4
18 0
72 2
173 0
72 2
175 0
72 4
173 0
72 2
18 0
72 2
18 0
72 4
173 0
72 2
18 0
72 2
175 0
72 4
173 0
72 2
18 0
72 2
173 0
72 4
18 0
72 2
173 0
72 2
175 0
72 4
173 0
72 2
18 0
72 2
173 0
72 4
221 0
72 4
175 0
72 4
221 0
72 2
14 0
72 2
317 0
72 4
18 0
72 2
173 0
72 2
175 0
72 4
173 0
72 2
18 0
72 2
18 0
72 4
173 0
72 2
18 0
72 2
175 0
72 4
173 0
72 2
18 0
72 2
173 0
72 4
18 0
72 2
173 0
72 2
175 0
72 4
173 0
72 1
18 0
72 0
18 0
72 2
173 0
72 4
173 0
72 2
18 0
72 2
175 0
72 4
221 0
72 4
173 0
72 4
18 0
72 2
173 0
72 2
175 0
72 4
173 0
72 2
18 0
72 2
18 0
72 4
173 0
72 2
18 0
72 2
175 0
72 4
173 0
72 2
18 0
72 2
173 0
72 4
18 0
72 2
173 0
72 2
175 0
72 4
173 0
72 2
18 0
72 2
173 0
72 2
24 0
72 2
173 0
72 2
107 0
72 2
175 0
72 2
21 0
72 2
1469 0
72 2
175 0
72 2
317 0
72 4
18 0
72 2
173 0
72 2
175 0
72 4
173 0
72 2
18 0
72 2
18 0
72 4
173 0
72 2
18 0
72 2
175 0
72 4
173 0
72 2
18 0
72 2
173 0
72 4
18 0
72 2
173 0
72 2
175 0
72 4
173 0
72 1
18 0
72 0
18 0
72 2
18 0
72 4
173 0
72 2
18 0
72 2
175 0
72 4
221 0
72 4
173 0
72 4
18 0
72 2
173 0
72 2
175 0
72 4
173 0
72 2
18 0
72 2
173 0
72 4
18 0
72 2
173 0
72 2
175 0
72 4
173 0
72 2
18 0
72 2
18 0
72 4
173 0
72 2
18 0
72 2
175 0
72 4
173 0
72 2
18 0
72 2
1469 0
72 2
14 0
72 2
18 0
72 2
173 0
72 2
331 0
72 4
12 0
72 2
14 0
72 2
173 0
72 4
18 0
72 2
173 0
72 2
175 0
72 4
173 0
72 2
18 0
72 2
173 0
72 4
173 0
72 2
18 0
72 2
175 0
72 4
173 0
72 2
175 0
72 2
173 0
72 4
18 0
72 2
18 0
72 2
175 0
72 4
173 0
72 1
18 0
72 0
18 0
72 2
18 0
72 4
173 0
72 2
18 0
72 2
175 0
72 4
221 0
72 4
173 0
72 4
18 0
72 2
173 0
72 2
175 0
72 4
173 0
72 2
18 0
72 2
173 0
72 4
173 0
72 2
18 0
72 2
175 0
72 4
173 0
72 2
18 0
72 2
173 0
72 4
18 0
72 2
173 0
72 2
175 0
72 4
173 0
72 2
18 0
72 2
107 0
72 2
24 0
72 2
173 0
72 2
107 0
72 2
175 0
72 2
21 0
72 2
1469 0
72 2
18 0
72 2
317 0
72 4
18 0
72 2
173 0
72 2
175 0
72 4
173 0
72 2
18 0
72 2
18 0
72 4
173 0
72 2
18 0
72 2
175 0
72 4
173 0
72 2
18 0
72 2
173 0
72 4
18 0
72 2
173 0
72 2
175 0
72 4
173 0
72 1
18 0
72 0
18 0
72 2
18 0
72 4
173 0
72 2
18 0
72 2
175 0
72 4
221 0
72 4
173 0
72 4
18 0
72 2
173 0
72 2
175 0
72 4
173 0
72 2
18 0
72 2
173 0
72 4
18 0
72 2
173 0
72 2
175 0
72 4
173 0
72 2
18 0
72 2
173 0
72 4
18 0
72 2
173 0
72 2
175 0
72 4
173 0
72 2
18 0
72 2
215 0
72 4
173 0
72 2
18 0
72 2
331 0
72 4
12 0
72 4
173 0
72 4
18 0
72 2
173 0
72 2
175 0
72 4
173 0
72 2
18 0
72 2
173 0
72 4
173 0
72 2
18 0
72 2
175 0
72 4
173 0
72 2
175 0
72 2
173 0
72 4
18 0
72 2
18 0
72 2
175 0
72 4
173 0
72 1
18 0
72 0
18 0
72 2
18 0
72 4
173 0
72 2
18 0
72 2
175 0
72 4
221 0
72 4
173 0
72 4
18 0
72 2
173 0
72 2
175 0
72 4
173 0
72 2
18 0
72 2
173 0
72 4
173 0
72 2
18 0
72 2
175 0
72 4
173 0
72 2
18 0
72 2
173 0
72 4
18 0
72 2
173 0
72 2
175 0
72 4
173 0
72 2
18 0
72 2
107 0
72 2
24 0
72 2
173 0
72 2
107 0
72 2
175 0
72 2
21 0
72 2
1469 0
72 2
18 0
72 2
317 0
72 4
18 0
72 2
173 0
72 2
175 0
72 4
173 0
72 2
18 0
72 2
18 0
72 4
173 0
72 2
18 0
72 2
175 0
72 4
173 0
72 2
18 0
72 2
173 0
72 4
18 0
72 2
173 0
72 2
175 0
72 4
173 0
72 1
18 0
72 0
18 0
72 2
18 0
72 4
173 0
72 2
18 0
72 2
175 0
72 4
221 0
72 4
173 0
72 4
18 0
72 2
173 0
72 2
175 0
72 4
173 0
72 2
18 0
72 2
173 0
72 4
18 0
72 2
173 0
72 2
175 0
72 4
173 0
72 2
18 0
72 2
18 0
72 4
173 0
72 2
18 0
72 2
175 0
72 4
173 0
72 2
18 0
72 2
1469 0
72 2
14 0
72 2
18 0
72 2
173 0
72 2
1027 0
72 4
173 0
72 2
175 0
72 2
317 0
72 4
18 0
72 2
18 0
72 2
175 0
72 4
173 0
72 2
18 0
72 2
18 0
72 4
173 0
72 2
18 0
72 2
175 0
72 4
173 0
72 2
18 0
72 2
173 0
72 4
18 0
72 2
173 0
72 2
175 0
72 4
173 0
72 1
18 0
72 0
18 0
72 2
173 0
72 4
173 0
72 2
18 0
72 2
175 0
72 4
221 0
72 4
173 0
72 4
18 0
72 2
173 0
72 2
175 0
72 4
173 0
72 2
18 0
72 2
18 0
72 4
173 0
72 2
18 0
72 2
175 0
72 4
173 0
72 2
18 0
72 2
173 0
72 4
18 0
72 2
173 0
72 2
175 0
72 4
173 0
72 2
18 0
72 2
173 0
72 4
221 0
72 4
175 0
72 4
221 0
72 2
14 0
72 2
317 0
72 4
18 0
72 2
173 0
72 2
175 0
72 4
173 0
72 2
18 0
72 2
18 0
72 4
173 0
72 2
18 0
72 2
175 0
72 4
173 0
72 2
18 0
72 2
173 0
72 4
18 0
72 2
173 0
72 2
175 0
72 4
173 0
72 1
18 0
72 0
18 0
72 2
173 0
72 4
173 0
72 2
18 0
72 2
175 0
72 4
221 0
72 4
173 0
72 4
18 0
72 2
173 0
72 2
175 0
72 4
173 0
72 2
18 0
72 2
18 0
72 4
173 0
72 2
18 0
72 2
175 0
72 4
173 0
72 2
18 0
72 2
173 0
72 4
18 0
72 2
173 0
72 2
175 0
72 4
173 0
72 2
18 0
72 2
173 0
72 2
24 0
72 2
173 0
72 2
107 0
72 2
175 0
72 2
21 0
72 2
1469 0
72 2
175 0
72 2
317 0
72 4
18 0
72 2
173 0
72 2
175 0
72 4
173 0
72 2
18 0
72 2
18 0
72 4
173 0
72 2
18 0
72 2
175 0
72 4
173 0
72 2
18 0
72 2
173 0
72 4
18 0
72 2
173 0
72 2
175 0
72 4
173 0
72 1
18 0
72 0
18 0
72 2
18 0
72 4
173 0
72 2
18 0
72 2
175 0
72 4
221 0
72 4
173 0
72 4
18 0
72 2
173 0
72 2
175 0
72 4
173 0
72 2
18 0
72 2
173 0
72 4
18 0
72 2
173 0
72 2
175 0
72 4
173 0
72 2
18 0
72 2
18 0
72 4
173 0
72 2
18 0
72 2
175 0
72 4
173 0
72 2
18 0
72 2
1469 0
72 2
14 0
72 2
18 0
72 2
173 0
72 2
331 0
72 4
12 0
72 2
14 0
72 2
173 0
72 4
18 0
72 2
173 0
72 2
175 0
72 4
173 0
72 2
18 0
72 2
173 0
72 4
173 0
72 2
18 0
72 2
175 0
72 4
173 0
72 2
175 0
72 2
173 0
72 4
18 0
72 2
18 0
72 2
175 0
72 4
173 0
72 1
18 0
72 0
18 0
72 2
18 0
72 4
173 0
72 2
18 0
72 2
175 0
72 4
221 0
72 4
173 0
72 4
18 0
72 2
173 0
72 2
175 0
72 4
173 0
72 2
18 0
72 2
173 0
72 4
173 0
72 2
18 0
72 2
175 0
72 4
173 0
72 2
18 0
72 2
173 0
72 4
18 0
72 2
173 0
72 2
175 0
72 4
173 0
72 2
18 0
72 2
107 0
72 2
24 0
72 2
173 0
72 2
107 0
72 2
175 0
72 2
21 0
72 2
1469 0
72 2
18 0
72 2
317 0
72 4
18 0
72 2
173 0
72 2
175 0
72 4
173 0
72 2
18 0
72 2
18 0
72 4
173 0
72 2
18 0
72 2
175 0
72 4
173 0
72 2
18 0
72 2
173 0
72 4
18 0
72 2
173 0
72 2
175 0
72 4
173 0
72 1
18 0
72 0
18 0
72 2
18 0
72 4
173 0
72 2
18 0
72 2
175 0
72 4
221 0
72 4
173 0
72 4
18 0
72 2
173 0
72 2
175 0
72 4
173 0
72 2
18 0
72 2
173 0
72 4
18 0
72 2
173 0
72 2
175 0
72 4
173 0
72 2
18 0
72 2
173 0
72 4
18 0
72 2
173 0
72 2
175 0
72 4
173 0
72 2
18 0
72 2
215 0
72 4
173 0
72 2
18 0
72 2
331 0
72 4
12 0
72 4
173 0
72 4
18 0
72 2
173 0
72 2
175 0
72 4
173 0
72 2
18 0
72 2
173 0
72 4
173 0
72 2
18 0
72 2
175 0
72 4
173 0
72 2
175 0
72 2
173 0
72 4
18 0
72 2
18 0
72 2
175 0
72 4
173 0
72 1
18 0
72 0
18 0
72 2
18 0
72 4
173 0
72 2
18 0
72 2
175 0
72 4
221 0
72 4
173 0
72 4
18 0
72 2
173 0
72 2
175 0
72 4
173 0
72 2
18 0
72 2
173 0
72 4
173 0
72 2
18 0
72 2
175 0
72 4
173 0
72 2
18 0
72 2
173 0
72 4
18 0
72 2
173 0
72 2
175 0
72 4
173 0
72 2
18 0
72 2
107 0
72 2
24 0
72 2
173 0
72 2
107 0
72 2
175 0
72 2
21 0
72 2
1469 0
72 2
18 0
72 2
317 0
72 4
18 0
72 2
173 0
72 2
175 0
72 4
173 0
72 2
18 0
72 2
18 0
72 4
173 0
72 2
18 0
72 2
175 0
72 4
173 0
72 2
18 0
72 2
173 0
72 4
18 0
72 2
173 0
72 2
175 0
72 4
173 0
72 1
18 0
72 0
18 0
72 2
18 0
72 4
173 0
72 2
18 0
72 2
175 0
72 4
221 0
72 4
173 0
72 4
18 0
72 2
173 0
72 2
175 0
72 4
173 0
72 2
18 0
72 2
173 0
72 4
18 0
72 2
173 0
72 2
175 0
72 4
173 0
72 2
18 0
72 2
18 0
72 4
173 0
72 2
18 0
72 2
175 0
72 4
173 0
72 2
18 0
72 2
1469 0
72 2
14 0
72 2
18 0
72 2
173 0
72 2
1027 0
72 4
173 0
72 2
175 0
E
S
L
72 7
14 7
17 4
14 2
72 6
14 4
17 4
14 4
14 7
17 4
14 2
72 6
14 4
21 2
24 2
26 4
14 7
17 4
14 2
72 6
14 4
17 4
14 4
14 7
17 4
14 4
26 4
24 4
21 2
19 2
17 4
14 7
17 4
14 2
72 6
14 4
17 4
14 4
14 7
17 4
14 2
72 6
14 4
21 2
24 2
26 4
14 7
17 4
14 2
72 6
14 4
17 4
14 4
14 7
17 4
14 4
26 4
24 4
21 2
19 2
17 4
14 7
17 4
14 2
72 6
14 4
17 4
14 4
14 7
17 4
14 2
72 6
14 4
21 2
24 2
26 4
14 7
17 4
14 2
72 6
14 4
17 4
14 4
14 7
17 4
14 4
26 4
24 4
21 2
19 2
17 4
14 7
17 4
14 2
72 6
14 4
17 4
14 4
14 7
17 4
14 2
72 6
14 4
21 2
24 2
26 4
14 7
17 4
14 2
72 6
14 4
17 4
14 4
14 7
17 4
14 4
26 4
24 4
21 2
19 2
17 4
14 7
17 4
14 2
72 6
14 4
17 4
14 4
14 7
17 4
14 2
72 6
14 4
21 2
24 2
26 4
14 7
17 4
14 2
72 6
14 4
17 4
14 4
14 7
17 4
14 4
26 4
24 4
21 2
19 2
17 4
14 7
17 4
14 2
72 6
14 4
17 4
14 4
14 7
17 4
14 2
72 6
14 4
21 2
24 2
26 4
14 7
17 4
14 2
72 6
14 4
17 4
14 4
14 7
17 4
14 4
26 4
24 4
21 2
19 2
17 4
14 7
17 4
14 2
72 6
14 4
17 4
14 4
14 7
17 4
14 2
72 6
14 4
21 2
24 2
26 4
14 7
17 4
14 2
72 6
14 4
17 4
14 4
14 7
17 4
14 4
26 4
24 4
21 2
19 2
17 4
14 7
17 4
14 2
72 6
14 4
17 4
14 4
14 7
17 4
14 2
72 6
14 4
21 2
24 2
26 4
14 7
17 4
14 2
72 6
14 4
17 4
14 4
14 7
17 4
14 4
26 4
24 4
21 2
19 2
17 4
14 7
17 4
14 2
72 6
14 4
17 4
14 4
14 7
17 4
14 2
72 6
14 4
21 2
24 2
26 4
14 7
17 4
14 2
72 6
14 4
17 4
14 4
14 7
17 4
14 4
26 4
24 4
21 2
19 2
17 4
14 7
17 4
14 2
72 6
14 4
17 4
14 4
14 7
17 4
14 2
72 6
14 4
21 2
24 2
26 4
14 7
17 4
14 2
72 6
14 4
17 4
14 4
14 7
17 4
14 4
26 4
24 4
21 2
19 2
17 4
14 7
17 4
14 2
72 6
14 4
17 4
14 4
14 7
17 4
14 2
72 6
14 4
21 2
24 2
26 4
14 7
17 4
14 2
72 6
14 4
17 4
14 4
14 7
17 4
14 4
26 4
24 4
21 2
19 2
17 4
14 7
17 4
14 2
72 6
14 4
17 4
14 4
14 7
17 4
14 2
72 6
14 4
21 2
24 2
26 4
14 7
17 4
14 2
72 6
14 4
17 4
14 4
14 7
17 4
14 4
26 4
24 4
21 2
19 2
17 4
14 7
17 4
14 2
72 6
14 4
17 4
14 4
14 7
17 4
14 2
72 6
14 4
21 2
24 2
26 4
14 7
17 4
14 2
72 6
14 4
17 4
14 4
14 7
17 4
14 4
26 4
24 4
21 2
19 2
17 4
14 7
17 4
14 2
72 6
14 4
17 4
14 4
14 7
17 4
14 2
72 6
14 4
21 2
24 2
26 4
14 7
17 4
14 2
72 6
14 4
17 4
14 4
14 7
17 4
14 4
26 4
24 4
21 2
19 2
17 4
14 7
17 4
14 2
72 6
14 4
17 4
14 4
14 7
17 4
14 2
72 6
14 4
21 2
24 2
26 4
14 7
17 4
14 2
72 6
14 4
17 4
14 4
14 7
17 4
14 4
26 4
24 4
21 2
19 2
17 4
E
S
H
72 14
38 13
40 13
41 13
43 13
38 13
40 13
41 13
43 13
45 14
72 14
38 13
40 13
41 13
43 13
38 13
40 13
41 13
43 13
45 14
E
S
H
72 14
33 13
36 13
36 13
38 13
33 13
36 13
36 13
38 13
40 14
72 14
33 13
36 13
36 13
38 13
33 13
36 13
36 13
38 13
40 14
E
S
L
72 14
29 13
31 13
33 13
35 13
29 13
31 13
33 13
35 13
38 14
72 14
29 13
31 13
33 13
35 13
29 13
31 13
33 13
35 13
38 14
E
S
H
72 14
62 4
62 2
67 2
60 2
69 2
60 2
62 2
67 2
60 2
69 2
62 2
60 2
62 2
67 2
60 2
69 2
62 2
62 2
62 2
67 2
60 2
69 2
62 2
60 2
62 2
67 2
60 2
69 2
62 2
60 2
62 2
62 4
62 2
67 2
60 2
69 2
60 2
62 2
67 2
60 2
69 2
62 2
60 2
62 2
67 2
60 2
69 2
62 2
62 2
62 2
67 2
60 2
69 2
62 2
60 2
62 2
67 2
60 2
69 2
62 2
60 2
62 2
62 4
62 2
67 2
60 2
69 2
60 2
62 2
67 2
60 2
69 2
62 2
60 2
62 2
67 2
60 2
69 2
62 2
62 2
62 2
67 2
60 2
69 2
62 2
60 2
62 2
67 2
60 2
69 2
62 2
60 2
62 2
62 4
62 2
67 2
60 2
69 2
60 2
62 2
67 2
60 2
69 2
62 2
60 2
62 2
67 2
60 2
69 2
62 2
62 2
62 2
67 2
60 2
69 2
62 2
60 2
62 2
67 2
60 2
69 2
62 2
60 2
62 2
62 4
62 2
67 2
60 2
69 2
60 2
62 2
67 2
60 2
69 2
62 2
60 2
62 2
67 2
60 2
69 2
62 2
62 2
62 2
67 2
60 2
69 2
62 2
60 2
62 2
67 2
60 2
69 2
62 2
60 2
62 2
62 4
62 2
67 2
60 2
69 2
60 2
62 2
67 2
60 2
69 2
62 2
60 2
62 2
67 2
60 2
69 2
62 2
62 2
62 2
67 2
60 2
69 2
62 2
60 2
62 2
67 2
60 2
69 2
62 2
60 2
62 2
62 4
62 2
67 2
60 2
69 2
60 2
62 2
67 2
60 2
69 2
62 2
60 2
62 2
67 2
60 2
69 2
62 2
62 2
62 2
67 2
60 2
69 2
62 2
60 2
62 2
67 2
60 2
69 2
62 2
60 2
62 2
62 4
62 2
67 2
60 2
69 2
60 2
62 2
67 2
60 2
69 2
62 2
60 2
62 2
67 2
60 2
69 2
62 2
62 2
62 2
67 2
60 2
69 2
62 2
60 2
62 2
67 2
60 2
69 2
62 2
60 2
62 2
72 14
62 4
62 2
67 2
60 2
69 2
60 2
62 2
67 2
60 2
69 2
62 2
60 2
62 2
67 2
60 2
69 2
62 2
62 2
62 2
67 2
60 2
69 2
62 2
60 2
62 2
67 2
60 2
69 2
62 2
60 2
62 2
62 4
62 2
67 2
60 2
69 2
60 2
62 2
67 2
60 2
69 2
62 2
60 2
62 2
67 2
60 2
69 2
62 2
62 2
62 2
67 2
60 2
69 2
62 2
60 2
62 2
67 2
60 2
69 2
62 2
60 2
62 2
62 4
62 2
67 2
60 2
69 2
60 2
62 2
67 2
60 2
69 2
62 2
60 2
62 2
67 2
60 2
69 2
62 2
62 2
62 2
67 2
60 2
69 2
62 2
60 2
62 2
67 2
60 2
69 2
62 2
60 2
62 2
62 4
62 2
67 2
60 2
69 2
60 2
62 2
67 2
60 2
69 2
62 2
60 2
62 2
67 2
60 2
69 2
62 2
62 2
62 2
67 2
60 2
69 2
62 2
60 2
62 2
67 2
60 2
69 2
62 2
60 2
62 2
62 4
62 2
67 2
60 2
69 2
60 2
62 2
67 2
60 2
69 2
62 2
60 2
62 2
67 2
60 2
69 2
62 2
62 2
62 2
67 2
60 2
69 2
62 2
60 2
62 2
67 2
60 2
69 2
62 2
60 2
62 2
62 4
62 2
67 2
60 2
69 2
60 2
62 2
67 2
60 2
69 2
62 2
60 2
62 2
67 2
60 2
69 2
62 2
62 2
62 2
67 2
60 2
69 2
62 2
60 2
62 2
67 2
60 2
69 2
62 2
60 2
62 2
62 4
62 2
67 2
60 2
69 2
60 2
62 2
67 2
60 2
69 2
62 2
60 2
62 2
67 2
60 2
69 2
62 2
62 2
62 2
67 2
60 2
69 2
62 2
60 2
62 2
67 2
60 2
69 2
62 2
60 2
62 2
62 4
62 2
67 2
60 2
69 2
60 2
62 2
67 2
60 2
69 2
62 2
60 2
62 2
67 2
60 2
69 2
62 2
62 2
62 2
67 2
60 2
69 2
62 2
60 2
62 2
67 2
60 2
69 2
62 2
60 2
62 2
E
S
H
72 14
62 11
60 11
71 7
60 7
71 7
67 7
69 11
67 11
65 7
67 7
64 7
60 7
57 14
62 11
60 11
71 7
60 7
71 7
67 7
69 11
67 11
65 7
67 7
64 7
60 7
62 14
72 14
62 11
60 11
71 7
60 7
71 7
67 7
69 11
67 11
65 7
67 7
64 7
60 7
57 14
62 11
60 11
71 7
60 7
71 7
67 7
69 11
67 11
65 7
67 7
64 7
60 7
62 14
E
S
H
72 14
69 11
69 11
67 7
67 7
67 7
62 7
64 11
62 11
60 7
62 7
60 7
57 7
53 14
69 11
69 11
67 7
67 7
67 7
62 7
64 11
62 11
60 7
62 7
60 7
57 7
57 14
72 14
69 11
69 11
67 7
67 7
67 7
62 7
64 11
62 11
60 7
62 7
60 7
57 7
53 14
69 11
69 11
67 7
67 7
67 7
62 7
64 11
62 11
60 7
62 7
60 7
57 7
57 14
E
X
