minor
S
H
72 14
51 14
49 4
46 4
53 13
49 13
48 2
49 2
48 14
49 7
51 13
44 13
46 14
72 4
46 7
58 13
56 12
54 7
53 14
51 14
49 4
46 4
53 13
49 13
48 2
49 2
48 14
49 7
51 13
44 13
46 14
48 3
49 3
48 3
46 14
44 7
46 14
72 14
34 6
41 6
49 6
48 6
58 6
65 2
E
S
H
72 13
70 4
70 4
65 4
65 4
68 4
68 4
65 4
65 4
70 4
70 4
65 4
65 4
60 4
60 4
68 4
68 4
70 4
70 4
65 4
65 4
68 4
68 4
65 4
65 4
70 4
70 4
65 4
65 4
60 4
60 4
68 4
68 4
70 4
70 4
65 4
65 4
68 4
68 4
65 4
65 4
70 4
70 4
65 4
65 4
60 4
60 4
68 4
68 4
70 4
70 4
65 4
65 4
68 4
68 4
65 4
65 4
70 4
70 4
65 4
65 4
60 4
60 4
68 4
68 4
70 4
70 4
65 4
65 4
68 4
68 4
65 4
65 4
70 4
70 4
65 4
65 4
60 4
60 4
68 4
68 4
70 4
70 4
65 4
65 4
68 4
68 4
65 4
65 4
70 4
70 4
65 4
65 4
60 4
60 4
68 4
68 4
70 4
70 4
65 4
65 4
68 4
68 4
65 4
65 4
70 4
70 4
65 4
65 4
60 4
60 4
68 4
68 4
70 4
70 4
65 4
65 4
68 4
68 4
65 4
65 4
70 4
70 4
65 4
65 4
60 4
60 4
68 4
68 4
70 4
70 4
65 4
65 4
68 4
68 4
65 4
65 4
70 4
70 4
65 4
65 4
60 4
60 4
68 4
68 4
70 4
70 4
65 4
65 4
68 4
68 4
65 4
65 4
70 4
70 4
65 4
65 4
60 4
60 4
68 4
68 4
70 4
70 4
65 4
65 4
68 4
68 4
65 4
65 4
70 4
70 4
65 4
65 4
60 4
60 4
68 4
68 4
70 4
70 4
65 4
65 4
68 4
68 4
65 4
65 4
70 4
70 4
65 4
65 4
60 4
60 4
68 4
68 4
70 4
70 4
65 4
65 4
68 4
68 4
65 4
65 4
70 4
70 4
65 4
65 4
60 4
60 4
68 4
68 4
70 4
70 4
65 4
65 4
68 4
68 4
65 4
65 4
70 4
70 4
65 4
65 4
60 4
60 4
68 4
68 4
70 4
70 4
65 4
65 4
68 4
68 4
65 4
65 4
70 4
70 4
65 4
65 4
60 4
60 4
68 4
68 4
70 4
70 4
65 4
65 4
68 4
68 4
65 4
65 4
70 4
70 4
65 4
65 4
60 4
60 4
68 4
68 4
70 4
70 4
65 4
65 4
68 4
68 4
65 4
65 4
70 4
70 4
65 4
65 4
60 4
60 4
68 4
68 4
70 4
70 4
65 4
65 4
68 4
68 4
65 4
65 4
70 4
70 4
65 4
65 4
60 4
60 4
68 4
68 4
70 4
70 4
65 4
65 4
68 4
68 4
65 4
65 4
70 4
70 4
65 4
65 4
60 4
60 4
68 4
68 4
70 4
70 4
65 4
65 4
68 4
68 4
65 4
65 4
70 4
70 4
65 4
65 4
60 4
60 4
68 4
68 4
70 4
70 4
65 4
65 4
68 4
68 4
65 4
65 4
70 4
70 4
65 4
65 4
60 4
60 4
68 4
68 4
70 4
70 4
65 4
65 4
68 4
68 4
65 4
65 4
70 4
70 4
65 4
65 4
60 4
60 4
68 4
68 4
70 4
70 4
65 4
65 4
68 4
68 4
65 4
65 4
70 4
70 4
65 4
65 4
60 4
60 4
68 4
68 4
70 4
70 4
65 4
65 4
68 4
68 4
65 4
65 4
70 4
70 4
65 4
65 4
60 4
60 4
68 4
68 4
70 4
70 4
65 4
65 4
68 4
68 4
65 4
65 4
70 4
70 4
65 4
65 4
60 4
60 4
68 4
68 4
70 4
70 4
65 4
65 4
68 4
68 4
65 4
65 4
70 4
70 4
65 4
65 4
60 4
60 4
68 4
68 4
70 4
70 4
65 4
65 4
68 4
68 4
65 4
65 4
70 4
70 4
65 4
65 4
60 4
60 4
68 4
68 4
70 4
70 4
65 4
65 4
68 4
68 4
65 4
65 4
70 4
70 4
65 4
65 4
60 4
60 4
68 4
68 4
70 4
70 4
65 4
65 4
68 4
68 4
65 4
65 4
70 4
70 4
65 4
65 4
60 4
60 4
68 4
68 4
70 4
70 4
65 4
65 4
68 4
68 4
65 4
65 4
70 4
70 4
65 4
65 4
60 4
60 4
68 4
68 4
E
S
H
72 14
58 14
56 14
53 14
51 13
49 11
48 11
46 14
46 14
44 13
41 14
46 14
44 13
46 14
46 14
44 13
41 14
46 14
44 13
46 14
72 14
E
S
L
72 14
22 14
18 14
20 14
22 14
18 14
20 14
22 14
18 14
20 14
22 14
18 14
20 14
22 14
72 14
72 2
37 6
48 6
46 6
53 6
61 4
E
S
H
72 14
40 7
40 12
40 9
30 11
40 7
40 11
40 11
30 11
40 7
40 12
40 9
30 11
40 7
40 11
40 11
30 11
40 7
40 12
40 9
30 11
40 7
40 11
40 11
30 11
40 7
40 12
40 9
30 11
40 7
40 11
40 11
30 11
40 7
40 12
40 9
30 11
40 7
40 11
40 11
30 11
40 7
40 12
40 9
30 11
40 7
40 11
40 11
30 11
40 7
40 12
40 9
30 11
40 7
40 11
40 11
30 11
40 7
40 12
40 9
30 11
40 7
40 11
40 11
30 11
40 7
40 12
40 9
30 11
40 7
40 11
40 11
30 11
40 7
40 12
40 9
30 11
40 7
40 11
40 11
30 11
40 7
40 12
40 9
30 11
40 7
40 11
40 11
30 11
40 7
40 12
40 9
30 11
40 7
40 11
40 11
30 11
E
S
H
72 14
39 7
39 7
38 7
39 4
39 4
72 7
39 4
39 4
38 7
36 4
39 4
39 7
39 7
38 7
39 4
39 4
72 7
39 4
39 4
38 7
36 4
39 4
39 7
39 7
38 7
39 4
39 4
72 7
39 4
39 4
38 7
36 4
39 4
72 7
39 7
38 7
39 4
39 4
72 7
39 4
38 4
36 6
36 6
36 4
39 7
39 7
38 7
39 4
39 4
72 7
39 4
39 4
38 7
36 4
39 4
39 7
39 7
38 7
39 4
39 4
72 7
39 4
39 4
38 7
36 4
39 4
39 7
39 7
38 7
39 4
39 4
72 7
39 4
39 4
38 7
36 4
39 4
72 7
39 7
38 7
39 4
39 4
72 7
39 4
38 4
36 6
36 6
36 4
39 7
39 7
38 7
39 4
39 4
72 7
39 4
39 4
38 7
36 4
39 4
39 7
39 7
38 7
39 4
39 4
72 7
39 4
39 4
38 7
36 4
39 4
39 7
39 7
38 7
39 4
39 4
72 7
39 4
39 4
38 7
36 4
39 4
72 7
39 7
38 7
39 4
39 4
72 7
39 4
38 4
36 6
36 6
36 4
39 7
39 7
38 7
39 4
39 4
72 7
39 4
39 4
38 7
36 4
39 4
39 7
39 7
38 7
39 4
39 4
72 7
39 4
39 4
38 7
36 4
39 4
39 7
39 7
38 7
39 4
39 4
72 7
39 4
39 4
38 7
36 4
39 4
72 7
39 7
38 7
39 4
39 4
72 7
39 4
38 4
36 6
36 6
36 4
39 7
39 7
38 7
39 4
39 4
72 7
39 4
39 4
38 7
36 4
39 4
39 7
39 7
38 7
39 4
39 4
72 7
39 4
39 4
38 7
36 4
39 4
39 7
39 7
38 7
39 4
39 4
72 7
39 4
39 4
38 7
36 4
39 4
72 7
39 7
38 7
39 4
39 4
72 7
39 4
38 4
36 6
36 6
36 4
39 7
39 7
38 7
39 4
39 4
72 7
39 4
39 4
38 7
36 4
39 4
39 7
39 7
38 7
39 4
39 4
72 7
39 4
39 4
38 7
36 4
39 4
39 7
39 7
38 7
39 4
39 4
72 7
39 4
39 4
38 7
36 4
39 4
72 7
39 7
38 7
39 4
39 4
72 7
39 4
38 4
36 6
36 6
36 4
E
S
H
72 14
58 4
58 4
61 4
61 4
63 4
63 4
72 7
58 4
58 4
61 4
61 4
63 4
63 4
72 7
58 4
58 4
61 4
61 4
63 4
63 4
72 7
58 4
58 4
61 4
61 4
63 4
63 4
72 7
58 4
58 4
61 4
61 4
63 4
63 4
72 7
58 4
58 4
61 4
61 4
63 4
63 4
72 7
58 4
58 4
61 4
61 4
63 4
63 4
72 7
58 4
58 4
61 4
61 4
63 4
63 4
72 7
58 4
58 4
61 4
61 4
63 4
63 4
72 7
58 4
58 4
61 4
61 4
63 4
63 4
72 7
58 4
58 4
61 4
61 4
63 4
63 4
72 7
58 4
58 4
61 4
61 4
63 4
63 4
72 7
58 4
58 4
61 4
61 4
63 4
63 4
72 7
58 4
58 4
61 4
61 4
63 4
63 4
72 7
58 4
58 4
61 4
61 4
63 4
63 4
72 7
58 4
58 4
61 4
61 4
63 4
63 4
72 7
58 4
58 4
61 4
61 4
63 4
63 4
72 7
58 4
58 4
61 4
61 4
63 4
63 4
72 7
58 4
58 4
61 4
61 4
63 4
63 4
72 7
58 4
58 4
61 4
61 4
63 4
63 4
72 7
58 4
58 4
61 4
61 4
63 4
63 4
72 7
58 4
58 4
61 4
61 4
63 4
63 4
72 7
58 4
58 4
61 4
61 4
63 4
63 4
72 7
58 4
58 4
61 4
61 4
63 4
63 4
72 7
58 4
58 4
61 4
61 4
63 4
63 4
72 7
58 4
58 4
61 4
61 4
63 4
63 4
72 7
58 4
58 4
61 4
61 4
63 4
63 4
72 7
58 4
58 4
61 4
61 4
63 4
63 4
72 7
58 4
58 4
61 4
61 4
63 4
63 4
72 7
58 4
58 4
61 4
61 4
63 4
63 4
72 7
58 4
58 4
61 4
61 4
63 4
63 4
72 7
58 4
58 4
61 4
61 4
63 4
63 4
72 7
58 4
58 4
61 4
61 4
63 4
63 4
72 7
58 4
58 4
61 4
61 4
63 4
63 4
72 7
58 4
58 4
61 4
61 4
63 4
63 4
72 7
58 4
58 4
61 4
61 4
63 4
63 4
72 7
58 4
58 4
61 4
61 4
63 4
63 4
72 7
58 4
58 4
61 4
61 4
63 4
63 4
72 7
58 4
58 4
61 4
61 4
63 4
63 4
72 7
58 4
58 4
61 4
61 4
63 4
63 4
72 7
58 4
58 4
61 4
61 4
63 4
63 4
72 7
58 4
58 4
61 4
61 4
63 4
63 4
72 7
58 4
58 4
61 4
61 4
63 4
63 4
72 7
58 4
58 4
61 4
61 4
63 4
63 4
72 7
58 4
58 4
61 4
61 4
63 4
63 4
72 7
58 4
58 4
61 4
61 4
63 4
63 4
72 7
58 4
58 4
61 4
61 4
63 4
63 4
72 7
58 4
58 4
61 4
61 4
63 4
63 4
72 7
58 4
58 4
61 4
61 4
63 4
63 4
72 7
58 4
58 4
61 4
61 4
63 4
63 4
72 7
58 4
58 4
61 4
61 4
63 4
63 4
72 7
58 4
58 4
61 4
61 4
63 4
63 4
72 7
58 4
58 4
61 4
61 4
63 4
63 4
72 7
58 4
58 4
61 4
61 4
63 4
63 4
72 7
58 4
58 4
61 4
61 4
63 4
63 4
72 7
58 4
58 4
61 4
61 4
63 4
63 4
72 7
E
S
H
72 14
41 14
41 14
39 13
37 14
41 14
39 13
41 14
41 14
39 13
37 14
41 14
39 13
41 14
72 14
72 2
36 6
46 6
53 6
49 6
60 6
E
X
