minor
S
L
15 4
23 4
22 4
23 4
15 4
23 4
22 4
23 4
15 4
23 4
22 4
23 4
15 4
23 4
22 4
23 4
15 4
23 4
22 4
23 4
15 4
23 4
22 4
23 4
15 4
23 4
22 4
23 4
15 4
23 4
22 4
23 4
15 4
23 4
22 4
23 4
15 4
23 4
22 4
23 4
15 4
23 4
22 4
23 4
15 4
23 4
22 4
23 4
E
S
H
39 4
39 4
38 4
35 4
39 4
38 2
39 0
38 0
72 2
35 4
34 4
32 4
34 4
35 4
39 4
39 4
35 4
39 4
39 4
35 4
34 4
35 4
39 4
39 4
35 4
35 4
35 4
39 4
39 4
38 4
35 4
39 4
38 2
39 0
38 0
72 2
35 4
34 4
32 4
34 4
35 4
39 4
39 4
35 4
39 4
39 4
35 4
34 4
35 4
39 4
39 4
35 4
35 4
35 4
E
S
L
20 4
27 4
26 4
27 4
20 4
27 4
26 4
27 4
20 4
27 4
26 4
27 4
20 4
27 4
26 4
27 4
20 4
27 4
26 4
27 4
20 4
27 4
26 4
27 4
20 4
27 4
26 4
27 4
20 4
27 4
26 4
27 4
20 4
27 4
26 4
27 4
20 4
27 4
26 4
27 4
20 4
27 4
26 4
27 4
20 4
27 4
26 4
27 4
E
S
L
11 0
72 11
27 0
72 11
11 0
72 11
27 0
72 11
11 0
72 11
27 0
72 11
11 0
72 11
27 0
72 11
11 0
72 11
27 0
72 11
11 0
72 11
27 0
E
X
