major
S
H
52 3
48 3
43 3
50 8
46 3
41 3
43 3
46 3
53 3
52 3
48 3
43 3
50 8
46 3
41 3
43 3
46 3
53 3
51 4
44 0
72 1
48 0
72 0
51 2
55 3
55 3
51 2
50 0
72 0
48 7
43 5
48 3
48 3
43 3
48 3
55 8
72 0
48 3
48 3
55 3
60 3
60 2
72 14
44 3
46 3
48 3
53 8
51 3
50 2
72 0
48 3
41 3
48 2
72 14
43 2
72 0
41 2
72 0
40 2
72 0
36 8
30 2
72 0
31 2
72 0
36 2
72 0
38 2
72 0
40 2
72 11
53 5
52 5
38 3
53 5
40 3
41 2
72 4
40 2
72 4
41 2
72 4
43 2
72 4
41 2
72 4
40 2
72 4
36 8
72 0
33 2
72 0
36 2
72 0
35 5
31 8
43 7
72 3
41 2
72 0
40 2
72 0
36 5
38 5
40 5
72 0
41 8
40 2
72 0
41 2
72 0
43 7
45 7
72 11
60 5
59 5
55 5
50 8
43 3
48 3
47 5
43 3
48 3
55 3
60 3
48 5
47 5
43 5
55 5
53 5
50 5
36 3
40 3
48 3
47 3
43 3
50 3
43 3
48 3
55 3
72 3
53 3
52 3
53 3
72 3
53 3
72 3
52 3
50 3
52 3
72 3
48 3
72 3
43 3
72 3
50 2
72 0
50 2
72 0
50 2
72 0
48 11
72 3
41 3
48 3
48 8
72 0
46 3
45 3
43 5
41 5
38 5
36 3
40 3
48 3
47 3
43 3
50 3
43 3
48 3
55 3
72 3
53 3
52 3
53 3
72 3
53 3
72 3
52 3
50 3
52 3
72 3
53 3
72 3
55 3
72 3
55 3
72 3
48 2
72 0
48 11
50 3
51 3
53 4
72 1
51 4
72 1
50 4
72 1
48 4
72 1
41 4
72 1
48 4
72 1
50 8
48 3
47 3
48 7
55 3
72 5
55 3
53 3
52 3
48 10
50 5
52 5
53 5
53 5
51 3
50 3
48 5
41 5
48 5
72 14
21 3
21 3
21 3
21 3
21 3
21 3
72 3
162 3
72 3
162 3
149 3
149 3
72 3
214 3
72 3
214 3
201 3
201 3
72 3
240 3
227 3
214 3
21 3
201 3
140 3
127 3
72 7
114 3
72 3
101 3
72 8
192 3
205 3
218 3
72 7
218 3
127 3
72 7
205 3
52 3
48 3
43 3
50 8
46 3
41 3
43 3
46 3
53 3
52 3
48 3
43 3
50 8
46 3
41 3
43 3
46 3
53 3
51 4
44 0
72 1
48 0
72 0
51 2
55 3
55 3
51 2
50 0
72 0
48 7
43 5
48 3
48 3
43 3
48 3
55 8
72 0
48 3
48 3
55 3
60 3
60 2
72 14
44 3
46 3
48 3
53 8
51 3
50 2
72 0
48 3
41 3
48 2
72 14
43 2
72 0
41 2
72 0
40 2
72 0
36 8
30 2
72 0
31 2
72 0
36 2
72 0
38 2
72 0
40 2
72 11
53 5
52 5
38 3
53 5
40 3
41 2
72 4
40 2
72 4
41 2
72 4
43 2
72 4
41 2
72 4
40 2
72 4
36 8
72 0
33 2
72 0
36 2
72 0
35 5
31 8
43 7
72 3
41 2
72 0
40 2
72 0
36 5
38 5
40 5
72 0
41 8
40 2
72 0
41 2
72 0
43 7
45 7
72 11
60 5
59 5
55 5
50 8
43 3
48 3
47 5
43 3
48 3
55 3
60 3
48 5
47 5
43 5
55 5
53 5
50 5
36 3
40 3
48 3
47 3
43 3
50 3
43 3
48 3
55 3
72 3
53 3
52 3
53 3
72 3
53 3
72 3
52 3
50 3
52 3
72 3
48 3
72 3
43 3
72 3
50 2
72 0
50 2
72 0
50 2
72 0
48 11
72 3
41 3
48 3
48 8
72 0
46 3
45 3
43 5
41 5
38 5
36 3
40 3
48 3
47 3
43 3
50 3
43 3
48 3
55 3
72 3
53 3
52 3
53 3
72 3
53 3
72 3
52 3
50 3
52 3
72 3
53 3
72 3
55 3
72 3
55 3
72 3
48 2
72 0
48 11
50 3
51 3
53 4
72 1
51 4
72 1
50 4
72 1
48 4
72 1
41 4
72 1
48 4
72 1
50 8
48 3
47 3
48 7
55 3
72 5
55 3
53 3
52 3
48 10
50 5
52 5
53 5
53 5
51 3
50 3
48 5
41 5
48 5
72 14
21 3
21 3
21 3
21 3
21 3
21 3
72 3
162 3
72 3
162 3
149 3
149 3
72 3
214 3
72 3
214 3
201 3
201 3
72 3
240 3
227 3
214 3
21 3
201 3
140 3
127 3
72 7
114 3
72 3
101 3
72 8
192 3
205 3
218 3
72 7
218 3
127 3
72 7
205 3
E
S
L
72 14
185 2
72 0
185 2
72 0
185 2
72 0
185 2
72 0
185 2
72 0
185 2
72 4
185 2
72 0
185 2
72 0
185 2
72 0
185 2
72 0
185 2
72 0
185 2
72 0
185 2
72 0
185 2
72 0
185 2
72 0
185 2
72 0
185 2
72 4
185 2
72 0
185 2
72 0
185 2
72 0
185 2
72 0
185 2
72 0
106 2
72 0
106 2
72 0
106 2
72 0
106 2
72 0
106 2
72 0
106 2
72 4
106 2
72 0
106 2
72 0
106 2
72 0
106 2
72 0
106 2
72 0
106 2
72 0
106 2
72 0
106 2
72 0
106 2
72 0
106 2
72 0
106 2
72 4
106 2
72 0
106 2
72 0
106 2
72 0
106 2
72 0
106 2
72 0
185 2
72 0
185 2
72 0
185 2
72 0
185 2
72 0
185 2
72 0
185 2
72 4
185 2
72 0
185 2
72 0
185 2
72 0
185 2
72 0
185 2
72 0
185 2
72 0
185 2
72 0
185 2
72 0
185 2
72 0
185 2
72 0
185 2
72 4
185 2
72 0
185 2
72 0
185 2
72 0
185 2
72 0
185 2
72 13
108 2
72 0
108 2
72 0
108 2
72 0
108 2
72 0
108 2
72 0
108 2
72 0
108 2
72 0
108 2
72 0
108 2
72 0
108 2
72 0
108 2
72 0
108 2
72 0
108 2
72 0
108 2
72 0
108 2
72 0
108 2
72 0
108 2
72 0
108 2
72 0
108 2
72 0
108 2
72 0
108 2
72 0
108 2
72 0
108 2
72 0
108 2
72 0
108 2
72 0
108 2
72 0
108 2
72 0
108 2
72 0
108 2
72 0
108 2
72 0
108 2
72 0
108 2
72 0
108 2
72 0
108 2
72 0
108 2
72 0
108 2
72 0
108 2
72 0
108 2
72 0
108 2
72 0
108 2
72 0
108 2
72 0
108 2
72 0
108 2
72 0
108 2
72 0
108 2
72 0
108 2
72 0
108 2
72 0
108 2
72 0
108 2
72 0
108 2
72 0
108 2
72 0
108 2
72 0
108 2
72 0
108 2
72 0
108 2
72 0
108 2
72 0
108 2
72 0
108 2
72 0
108 2
72 0
108 2
72 0
108 2
72 0
108 2
72 0
108 2
72 0
108 2
72 0
108 2
72 0
108 2
72 0
108 2
72 0
108 2
72 0
108 2
72 0
108 2
72 0
108 2
72 0
108 2
72 0
108 2
72 0
108 2
72 0
108 2
72 0
108 2
72 0
108 2
72 0
108 2
72 0
108 2
72 0
108 2
72 0
108 2
72 0
108 2
72 0
108 2
72 0
108 2
72 0
108 2
72 0
108 2
72 0
108 2
72 0
108 2
72 0
108 2
72 0
108 2
72 0
108 2
72 0
108 2
72 0
108 2
72 0
108 2
72 0
108 2
72 0
108 2
72 0
16 7
17 7
19 7
21 7
171 11
106 11
218 11
244 11
101 11
235 11
16 11
21 11
29 11
24 11
211 11
237 11
108 13
72 14
53 5
52 2
50 2
52 11
48 3
43 3
48 3
50 3
43 3
50 3
48 8
53 3
52 3
50 3
43 3
48 3
21 3
21 3
21 3
21 3
21 3
21 3
72 3
162 3
72 3
162 3
149 3
149 3
72 3
214 3
72 3
214 3
201 3
201 3
72 3
240 3
227 3
214 3
21 3
201 3
140 3
127 3
72 7
114 3
72 3
101 3
72 8
192 3
205 3
218 3
72 7
218 3
127 3
72 7
205 3
72 14
185 2
72 0
185 2
72 0
185 2
72 0
185 2
72 0
185 2
72 0
185 2
72 4
185 2
72 0
185 2
72 0
185 2
72 0
185 2
72 0
185 2
72 0
185 2
72 0
185 2
72 0
185 2
72 0
185 2
72 0
185 2
72 0
185 2
72 4
185 2
72 0
185 2
72 0
185 2
72 0
185 2
72 0
185 2
72 0
106 2
72 0
106 2
72 0
106 2
72 0
106 2
72 0
106 2
72 0
106 2
72 4
106 2
72 0
106 2
72 0
106 2
72 0
106 2
72 0
106 2
72 0
106 2
72 0
106 2
72 0
106 2
72 0
106 2
72 0
106 2
72 0
106 2
72 4
106 2
72 0
106 2
72 0
106 2
72 0
106 2
72 0
106 2
72 0
185 2
72 0
185 2
72 0
185 2
72 0
185 2
72 0
185 2
72 0
185 2
72 4
185 2
72 0
185 2
72 0
185 2
72 0
185 2
72 0
185 2
72 0
185 2
72 0
185 2
72 0
185 2
72 0
185 2
72 0
185 2
72 0
185 2
72 4
185 2
72 0
185 2
72 0
185 2
72 0
185 2
72 0
185 2
72 13
108 2
72 0
108 2
72 0
108 2
72 0
108 2
72 0
108 2
72 0
108 2
72 0
108 2
72 0
108 2
72 0
108 2
72 0
108 2
72 0
108 2
72 0
108 2
72 0
108 2
72 0
108 2
72 0
108 2
72 0
108 2
72 0
108 2
72 0
108 2
72 0
108 2
72 0
108 2
72 0
108 2
72 0
108 2
72 0
108 2
72 0
108 2
72 0
108 2
72 0
108 2
72 0
108 2
72 0
108 2
72 0
108 2
72 0
108 2
72 0
108 2
72 0
108 2
72 0
108 2
72 0
108 2
72 0
108 2
72 0
108 2
72 0
108 2
72 0
108 2
72 0
108 2
72 0
108 2
72 0
108 2
72 0
108 2
72 0
108 2
72 0
108 2
72 0
108 2
72 0
108 2
72 0
108 2
72 0
108 2
72 0
108 2
72 0
108 2
72 0
108 2
72 0
108 2
72 0
108 2
72 0
108 2
72 0
108 2
72 0
108 2
72 0
108 2
72 0
108 2
72 0
108 2
72 0
108 2
72 0
108 2
72 0
108 2
72 0
108 2
72 0
108 2
72 0
108 2
72 0
108 2
72 0
108 2
72 0
108 2
72 0
108 2
72 0
108 2
72 0
108 2
72 0
108 2
72 0
108 2
72 0
108 2
72 0
108 2
72 0
108 2
72 0
108 2
72 0
108 2
72 0
108 2
72 0
108 2
72 0
108 2
72 0
108 2
72 0
108 2
72 0
108 2
72 0
108 2
72 0
108 2
72 0
108 2
72 0
108 2
72 0
108 2
72 0
108 2
72 0
108 2
72 0
108 2
72 0
108 2
72 0
108 2
72 0
108 2
72 0
108 2
72 0
16 7
17 7
19 7
21 7
171 11
106 11
218 11
244 11
101 11
235 11
16 11
21 11
29 11
24 11
211 11
237 11
108 13
72 14
53 5
52 2
50 2
52 11
48 3
43 3
48 3
50 3
43 3
50 3
48 8
53 3
52 3
50 3
43 3
48 3
21 3
21 3
21 3
21 3
21 3
21 3
72 3
162 3
72 3
162 3
149 3
149 3
72 3
214 3
72 3
214 3
201 3
201 3
72 3
240 3
227 3
214 3
21 3
201 3
140 3
127 3
72 7
114 3
72 3
101 3
72 8
192 3
205 3
218 3
72 7
218 3
127 3
72 7
205 3
E
S
H
40 3
36 3
31 3
38 8
34 3
29 3
31 3
34 3
41 3
40 3
36 3
31 3
38 8
34 3
29 3
31 3
34 3
41 3
39 4
32 0
72 1
36 0
72 0
39 2
43 3
43 3
39 2
38 0
72 0
36 7
31 5
36 3
36 3
31 3
36 3
43 8
72 0
36 3
36 3
43 3
48 3
48 2
72 14
44 3
46 3
48 3
53 8
51 3
50 2
72 0
48 3
41 3
48 2
72 0
41 4
40 0
72 1
38 2
72 0
40 11
36 3
31 2
72 0
36 3
38 5
41 3
40 6
72 4
31 2
72 0
36 3
38 2
40 2
41 3
72 1
41 2
72 0
40 2
72 0
41 2
72 0
43 10
41 6
36 10
72 1
31 3
72 0
36 3
35 6
31 8
41 4
40 0
72 1
38 2
72 0
40 11
36 3
31 2
72 0
36 3
38 5
41 3
40 6
72 4
31 2
72 0
36 3
38 2
40 2
41 3
72 1
31 2
72 0
36 2
72 0
43 2
72 0
48 10
47 7
36 10
31 2
72 0
36 2
72 0
38 11
72 14
41 2
72 4
40 2
72 4
41 2
72 4
43 2
72 4
41 2
72 4
40 2
72 4
36 8
72 0
33 2
72 0
36 2
72 0
35 5
31 8
40 7
72 3
38 2
72 0
36 2
72 0
33 5
35 4
72 0
36 5
72 0
38 8
40 2
72 0
41 2
72 0
40 7
36 7
72 11
48 5
47 5
43 5
38 8
31 3
36 3
35 5
31 3
36 3
43 3
48 3
48 5
47 5
43 5
55 5
53 5
50 5
36 3
40 3
48 3
47 3
43 3
50 3
43 3
48 3
55 3
72 3
53 3
52 3
53 3
72 3
53 3
72 3
52 3
50 3
52 3
72 3
48 3
72 3
43 3
72 3
50 2
72 0
50 2
72 0
50 2
72 0
48 11
72 3
41 3
48 3
48 8
72 0
46 3
45 3
43 5
41 5
38 5
36 3
40 3
48 3
47 3
43 3
50 3
43 3
48 3
55 3
72 3
53 3
52 3
53 3
72 3
53 3
72 3
52 3
50 3
52 3
72 3
53 3
72 3
55 3
72 3
55 3
72 3
48 2
72 0
48 11
50 3
51 3
53 4
72 1
51 4
72 1
50 4
72 1
48 4
72 1
41 4
72 1
48 4
72 1
50 8
48 3
47 3
48 7
55 3
72 5
55 3
53 3
52 3
48 10
50 5
52 5
53 5
53 5
51 3
50 3
48 5
41 5
48 5
53 5
52 2
50 2
52 11
48 3
43 3
48 3
50 3
43 3
50 3
48 8
53 3
52 3
50 3
43 3
48 3
21 3
21 3
21 3
21 3
21 3
21 3
72 3
162 3
72 3
162 3
149 3
149 3
72 3
214 3
72 3
214 3
201 3
201 3
72 3
240 3
227 3
214 3
21 3
201 3
140 3
127 3
72 7
114 3
72 3
101 3
72 8
192 3
205 3
218 3
72 7
218 3
127 3
72 7
205 3
40 3
36 3
31 3
38 8
34 3
29 3
31 3
34 3
41 3
40 3
36 3
31 3
38 8
34 3
29 3
31 3
34 3
41 3
39 4
32 0
72 1
36 0
72 0
39 2
43 3
43 3
39 2
38 0
72 0
36 7
31 5
36 3
36 3
31 3
36 3
43 8
72 0
36 3
36 3
43 3
48 3
48 2
72 14
44 3
46 3
48 3
53 8
51 3
50 2
72 0
48 3
41 3
48 2
72 0
41 4
40 0
72 1
38 2
72 0
40 11
36 3
31 2
72 0
36 3
38 5
41 3
40 6
72 4
31 2
72 0
36 3
38 2
40 2
41 3
72 1
41 2
72 0
40 2
72 0
41 2
72 0
43 10
41 6
36 10
72 1
31 3
72 0
36 3
35 6
31 8
41 4
40 0
72 1
38 2
72 0
40 11
36 3
31 2
72 0
36 3
38 5
41 3
40 6
72 4
31 2
72 0
36 3
38 2
40 2
41 3
72 1
31 2
72 0
36 2
72 0
43 2
72 0
48 10
47 7
36 10
31 2
72 0
36 2
72 0
38 11
72 14
41 2
72 4
40 2
72 4
41 2
72 4
43 2
72 4
41 2
72 4
40 2
72 4
36 8
72 0
33 2
72 0
36 2
72 0
35 5
31 8
40 7
72 3
38 2
72 0
36 2
72 0
33 5
35 4
72 0
36 5
72 0
38 8
40 2
72 0
41 2
72 0
40 7
36 7
72 11
48 5
47 5
43 5
38 8
31 3
36 3
35 5
31 3
36 3
43 3
48 3
48 5
47 5
43 5
55 5
53 5
50 5
36 3
40 3
48 3
47 3
43 3
50 3
43 3
48 3
55 3
72 3
53 3
52 3
53 3
72 3
53 3
72 3
52 3
50 3
52 3
72 3
48 3
72 3
43 3
72 3
50 2
72 0
50 2
72 0
50 2
72 0
48 11
72 3
41 3
48 3
48 8
72 0
46 3
45 3
43 5
41 5
38 5
36 3
40 3
48 3
47 3
43 3
50 3
43 3
48 3
55 3
72 3
53 3
52 3
53 3
72 3
53 3
72 3
52 3
50 3
52 3
72 3
53 3
72 3
55 3
72 3
55 3
72 3
48 2
72 0
48 11
50 3
51 3
53 4
72 1
51 4
72 1
50 4
72 1
48 4
72 1
41 4
72 1
48 4
72 1
50 8
48 3
47 3
48 7
55 3
72 5
55 3
53 3
52 3
48 10
50 5
52 5
53 5
53 5
51 3
50 3
48 5
41 5
48 5
53 5
52 2
50 2
52 11
48 3
43 3
48 3
50 3
43 3
50 3
48 8
53 3
52 3
50 3
43 3
48 3
21 3
21 3
21 3
21 3
21 3
21 3
72 3
162 3
72 3
162 3
149 3
149 3
72 3
214 3
72 3
214 3
201 3
201 3
72 3
240 3
227 3
214 3
21 3
201 3
140 3
127 3
72 7
114 3
72 3
101 3
72 8
192 3
205 3
218 3
72 7
218 3
127 3
72 7
205 3
E
S
L
72 14
12 7
12 8
12 2
7 3
72 1
12 3
7 3
72 0
12 3
12 7
12 8
12 2
7 3
72 1
12 3
7 3
72 0
12 3
17 7
17 8
17 2
12 3
72 1
17 3
12 3
72 0
17 3
17 7
17 8
17 2
12 3
72 1
17 3
12 3
72 0
17 3
12 7
12 8
12 2
7 3
72 1
12 3
7 3
72 0
12 3
12 7
12 8
12 2
7 3
72 1
12 3
7 3
72 0
12 3
8 7
8 7
10 5
5 2
72 0
10 2
5 2
10 3
72 1
7 2
12 2
72 1
7 2
72 0
12 2
72 0
7 2
72 0
12 2
72 0
7 2
12 2
72 1
7 2
72 0
12 2
7 2
72 1
12 2
72 0
7 2
12 2
72 1
7 2
72 0
12 2
72 0
7 2
72 0
12 2
72 0
7 2
12 2
72 1
7 2
72 0
12 2
7 2
72 1
12 2
72 0
7 2
12 2
72 1
7 2
72 0
12 2
72 0
7 2
72 0
12 2
72 0
7 2
12 2
72 1
7 2
72 0
12 2
7 2
72 1
12 2
72 0
7 2
12 2
72 1
7 2
72 0
12 2
72 0
7 2
72 0
12 2
72 0
7 2
12 2
72 1
7 2
72 0
12 2
7 2
72 1
12 2
72 0
7 2
12 2
72 1
7 2
72 0
12 2
72 0
7 2
72 0
12 2
72 0
7 2
12 2
72 1
7 2
72 0
12 2
7 2
72 1
12 2
72 0
7 2
12 2
72 1
7 2
72 0
12 2
72 0
7 2
72 0
12 2
72 0
7 2
12 2
72 1
7 2
72 0
12 2
7 2
72 1
12 2
72 0
7 2
12 2
72 1
7 2
72 0
12 2
72 0
7 2
72 0
12 2
72 0
7 2
12 2
72 1
7 2
72 0
12 2
7 2
72 1
12 2
72 0
7 2
12 2
72 1
7 2
72 0
12 2
72 0
7 2
72 0
12 2
72 0
7 2
12 2
72 1
7 2
72 0
12 2
7 2
72 1
12 2
72 0
4 7
5 7
7 7
9 7
10 2
72 0
17 2
72 0
22 2
72 0
10 2
72 0
17 2
72 0
22 2
72 0
12 2
72 0
19 2
72 0
24 2
72 0
12 2
72 0
19 2
72 0
24 2
72 0
9 11
11 11
12 2
72 0
16 2
72 0
19 2
72 0
24 2
72 0
19 2
72 0
12 2
72 0
14 2
72 0
19 2
72 0
21 2
72 0
26 2
72 0
21 2
72 0
14 2
72 0
4 8
6 2
72 0
7 2
72 0
9 11
12 2
72 0
16 2
72 0
19 2
72 0
24 2
72 0
19 2
72 0
12 2
72 0
14 2
72 0
19 2
72 0
21 2
72 0
19 2
72 0
21 2
72 0
14 2
72 0
2 11
4 11
5 3
7 3
12 3
19 3
17 3
19 3
17 3
14 3
12 3
9 3
7 3
5 3
5 3
7 3
12 3
11 3
12 3
18 3
19 5
17 5
12 5
12 3
19 3
12 3
19 3
12 3
19 3
12 3
19 3
12 3
24 3
12 3
16 3
17 3
12 3
17 3
12 3
16 3
14 3
16 5
12 5
7 5
5 3
5 3
5 3
17 3
5 3
17 3
5 3
5 3
5 3
17 3
5 3
17 3
5 3
5 3
5 3
17 3
5 3
17 3
7 3
7 3
7 3
19 3
7 3
19 3
12 3
19 3
12 3
19 3
12 3
19 3
12 3
19 3
12 3
24 3
12 3
16 3
17 3
12 3
17 3
12 3
16 3
14 3
12 3
17 3
7 3
16 3
7 3
12 3
12 3
12 3
12 3
15 3
12 3
12 3
15 3
12 3
15 3
12 3
15 3
12 3
7 3
7 3
7 3
12 3
7 3
7 3
14 3
7 3
14 3
7 3
15 3
7 3
4 8
4 3
11 3
9 8
9 3
9 3
10 5
10 5
10 3
10 3
10 5
10 5
10 5
8 5
8 5
8 3
8 3
10 5
5 5
10 5
72 14
9 3
9 3
9 3
9 3
9 3
9 3
72 3
13 3
72 3
13 3
12 3
12 3
72 3
17 3
72 3
17 3
16 3
16 3
72 3
19 3
18 3
17 3
9 3
16 3
15 3
14 3
9 3
9 3
9 3
13 3
9 3
12 3
9 3
9 3
9 3
9 3
7 3
8 3
9 3
9 3
9 3
9 3
9 3
14 3
9 3
72 5
8 3
72 14
12 7
12 8
12 2
7 3
72 1
12 3
7 3
72 0
12 3
12 7
12 8
12 2
7 3
72 1
12 3
7 3
72 0
12 3
17 7
17 8
17 2
12 3
72 1
17 3
12 3
72 0
17 3
17 7
17 8
17 2
12 3
72 1
17 3
12 3
72 0
17 3
12 7
12 8
12 2
7 3
72 1
12 3
7 3
72 0
12 3
12 7
12 8
12 2
7 3
72 1
12 3
7 3
72 0
12 3
8 7
8 7
10 5
5 2
72 0
10 2
5 2
10 3
72 1
7 2
12 2
72 1
7 2
72 0
12 2
72 0
7 2
72 0
12 2
72 0
7 2
12 2
72 1
7 2
72 0
12 2
7 2
72 1
12 2
72 0
7 2
12 2
72 1
7 2
72 0
12 2
72 0
7 2
72 0
12 2
72 0
7 2
12 2
72 1
7 2
72 0
12 2
7 2
72 1
12 2
72 0
7 2
12 2
72 1
7 2
72 0
12 2
72 0
7 2
72 0
12 2
72 0
7 2
12 2
72 1
7 2
72 0
12 2
7 2
72 1
12 2
72 0
7 2
12 2
72 1
7 2
72 0
12 2
72 0
7 2
72 0
12 2
72 0
7 2
12 2
72 1
7 2
72 0
12 2
7 2
72 1
12 2
72 0
7 2
12 2
72 1
7 2
72 0
12 2
72 0
7 2
72 0
12 2
72 0
7 2
12 2
72 1
7 2
72 0
12 2
7 2
72 1
12 2
72 0
7 2
12 2
72 1
7 2
72 0
12 2
72 0
7 2
72 0
12 2
72 0
7 2
12 2
72 1
7 2
72 0
12 2
7 2
72 1
12 2
72 0
7 2
12 2
72 1
7 2
72 0
12 2
72 0
7 2
72 0
12 2
72 0
7 2
12 2
72 1
7 2
72 0
12 2
7 2
72 1
12 2
72 0
7 2
12 2
72 1
7 2
72 0
12 2
72 0
7 2
72 0
12 2
72 0
7 2
12 2
72 1
7 2
72 0
12 2
7 2
72 1
12 2
72 0
4 7
5 7
7 7
9 7
10 2
72 0
17 2
72 0
22 2
72 0
10 2
72 0
17 2
72 0
22 2
72 0
12 2
72 0
19 2
72 0
24 2
72 0
12 2
72 0
19 2
72 0
24 2
72 0
9 11
11 11
12 2
72 0
16 2
72 0
19 2
72 0
24 2
72 0
19 2
72 0
12 2
72 0
14 2
72 0
19 2
72 0
21 2
72 0
26 2
72 0
21 2
72 0
14 2
72 0
4 8
6 2
72 0
7 2
72 0
9 11
12 2
72 0
16 2
72 0
19 2
72 0
24 2
72 0
19 2
72 0
12 2
72 0
14 2
72 0
19 2
72 0
21 2
72 0
19 2
72 0
21 2
72 0
14 2
72 0
2 11
4 11
5 3
7 3
12 3
19 3
17 3
19 3
17 3
14 3
12 3
9 3
7 3
5 3
5 3
7 3
12 3
11 3
12 3
18 3
19 5
17 5
12 5
12 3
19 3
12 3
19 3
12 3
19 3
12 3
19 3
12 3
24 3
12 3
16 3
17 3
12 3
17 3
12 3
16 3
14 3
16 5
12 5
7 5
5 3
5 3
5 3
17 3
5 3
17 3
5 3
5 3
5 3
17 3
5 3
17 3
5 3
5 3
5 3
17 3
5 3
17 3
7 3
7 3
7 3
19 3
7 3
19 3
12 3
19 3
12 3
19 3
12 3
19 3
12 3
19 3
12 3
24 3
12 3
16 3
17 3
12 3
17 3
12 3
16 3
14 3
12 3
17 3
7 3
16 3
7 3
12 3
12 3
12 3
12 3
15 3
12 3
12 3
15 3
12 3
15 3
12 3
15 3
12 3
7 3
7 3
7 3
12 3
7 3
7 3
14 3
7 3
14 3
7 3
15 3
7 3
4 8
4 3
11 3
9 8
9 3
9 3
10 5
10 5
10 3
10 3
10 5
10 5
10 5
8 5
8 5
8 3
8 3
10 5
5 5
10 5
72 14
9 3
9 3
9 3
9 3
9 3
9 3
72 3
13 3
72 3
13 3
12 3
12 3
72 3
17 3
72 3
17 3
16 3
16 3
72 3
19 3
18 3
17 3
9 3
16 3
15 3
14 3
9 3
9 3
9 3
13 3
9 3
12 3
9 3
9 3
9 3
9 3
7 3
8 3
9 3
9 3
9 3
9 3
9 3
14 3
9 3
72 5
8 3
E
S
H
72 14
166 4
153 0
72 1
127 2
72 0
153 11
101 3
192 2
72 0
101 3
127 5
166 3
153 6
72 4
192 2
72 0
101 3
127 2
153 2
166 3
72 1
166 2
72 0
153 2
72 0
166 2
72 0
192 10
166 6
101 10
72 1
192 3
72 0
101 3
244 6
192 8
166 4
153 0
72 1
127 2
72 0
153 11
101 3
192 2
72 0
101 3
127 5
166 3
153 6
72 4
192 2
72 0
101 3
127 2
153 2
166 3
72 1
192 2
72 0
101 2
72 0
192 2
72 0
101 10
244 7
101 10
192 2
72 0
101 2
72 0
127 11
192 11
192 13
65 5
64 5
65 5
101 11
127 11
153 3
72 3
166 3
72 2
192 3
72 4
101 3
72 3
244 3
72 2
192 3
72 4
192 3
72 5
192 3
72 5
192 3
72 5
192 3
72 5
192 2
72 6
192 2
72 6
192 2
72 6
192 2
72 6
166 3
153 3
166 3
127 11
101 12
72 3
244 5
192 5
127 5
72 13
36 3
40 3
48 3
47 3
43 3
50 3
43 3
48 3
55 5
53 3
52 3
53 5
53 5
52 3
50 3
52 5
48 5
43 3
72 3
67 3
67 3
72 0
67 2
65 11
60 3
65 3
65 8
64 3
65 3
67 5
65 5
60 2
72 4
36 3
40 3
48 3
47 3
43 3
50 3
43 3
48 3
55 5
53 3
52 3
53 5
53 5
52 3
50 3
52 3
72 3
53 3
72 3
55 3
72 3
55 3
72 3
48 2
72 0
48 11
50 3
51 3
53 4
72 1
51 4
72 1
50 4
72 1
48 4
72 1
41 4
72 1
48 4
72 1
67 12
72 7
65 12
64 5
65 5
72 13
12 11
10 11
9 11
8 7
10 7
21 3
21 3
21 3
21 3
21 3
21 3
72 3
162 3
72 3
162 3
149 3
149 3
72 3
214 3
72 3
214 3
201 3
201 3
72 3
240 3
227 3
214 3
21 3
201 3
140 3
127 3
72 7
114 3
72 3
101 3
72 8
192 3
205 3
218 3
72 7
218 3
127 3
72 7
205 3
72 14
166 4
153 0
72 1
127 2
72 0
153 11
101 3
192 2
72 0
101 3
127 5
166 3
153 6
72 4
192 2
72 0
101 3
127 2
153 2
166 3
72 1
166 2
72 0
153 2
72 0
166 2
72 0
192 10
166 6
101 10
72 1
192 3
72 0
101 3
244 6
192 8
166 4
153 0
72 1
127 2
72 0
153 11
101 3
192 2
72 0
101 3
127 5
166 3
153 6
72 4
192 2
72 0
101 3
127 2
153 2
166 3
72 1
192 2
72 0
101 2
72 0
192 2
72 0
101 10
244 7
101 10
192 2
72 0
101 2
72 0
127 11
192 11
192 13
65 5
64 5
65 5
101 11
127 11
153 3
72 3
166 3
72 2
192 3
72 4
101 3
72 3
244 3
72 2
192 3
72 4
192 3
72 5
192 3
72 5
192 3
72 5
192 3
72 5
192 2
72 6
192 2
72 6
192 2
72 6
192 2
72 6
166 3
153 3
166 3
127 11
101 12
72 3
244 5
192 5
127 5
72 13
36 3
40 3
48 3
47 3
43 3
50 3
43 3
48 3
55 5
53 3
52 3
53 5
53 5
52 3
50 3
52 5
48 5
43 3
72 3
67 3
67 3
72 0
67 2
65 11
60 3
65 3
65 8
64 3
65 3
67 5
65 5
60 2
72 4
36 3
40 3
48 3
47 3
43 3
50 3
43 3
48 3
55 5
53 3
52 3
53 5
53 5
52 3
50 3
52 3
72 3
53 3
72 3
55 3
72 3
55 3
72 3
48 2
72 0
48 11
50 3
51 3
53 4
72 1
51 4
72 1
50 4
72 1
48 4
72 1
41 4
72 1
48 4
72 1
67 12
72 7
65 12
64 5
65 5
72 13
12 11
10 11
9 11
8 7
10 7
21 3
21 3
21 3
21 3
21 3
21 3
72 3
162 3
72 3
162 3
149 3
149 3
72 3
214 3
72 3
214 3
201 3
201 3
72 3
240 3
227 3
214 3
21 3
201 3
140 3
127 3
72 7
114 3
72 3
101 3
72 8
192 3
205 3
218 3
72 7
218 3
127 3
72 7
205 3
E
X
