major
S
H
43 4
43 2
38 2
43 4
45 4
47 6
50 2
48 2
47 2
45 2
47 2
45 4
45 2
40 2
45 4
43 4
42 7
38 7
43 4
43 2
38 2
43 4
45 4
47 6
50 2
48 4
47 4
45 4
40 4
42 2
43 0
72 0
42 0
72 1
40 2
42 2
43 11
43 4
43 2
38 2
43 4
45 4
47 6
50 2
48 2
47 2
45 2
47 2
45 4
45 2
40 2
45 4
43 4
42 7
38 7
43 4
43 2
38 2
43 4
45 4
47 6
50 2
48 4
47 4
45 4
40 4
42 2
43 0
72 0
42 0
72 1
40 2
42 2
43 11
43 4
43 2
38 2
43 4
45 4
47 6
50 2
48 2
47 2
45 2
47 2
45 4
45 2
40 2
45 4
43 4
42 7
38 7
43 4
43 2
38 2
43 4
45 4
47 6
50 2
48 4
47 4
45 4
40 4
42 2
43 0
72 0
42 0
72 1
40 2
42 2
43 11
43 4
43 2
38 2
43 4
45 4
47 6
50 2
48 2
47 2
45 2
47 2
45 4
45 2
40 2
45 4
43 4
42 7
38 7
43 4
43 2
38 2
43 4
45 4
47 6
50 2
48 4
47 4
45 4
40 4
42 2
43 0
72 0
42 0
72 1
40 2
42 2
43 11
43 4
43 2
38 2
43 4
45 4
47 6
50 2
48 2
47 2
45 2
47 2
45 4
45 2
40 2
45 4
43 4
42 7
38 7
43 4
43 2
38 2
43 4
45 4
47 6
50 2
48 4
47 4
45 4
40 4
42 2
43 0
72 0
42 0
72 1
40 2
42 2
43 11
43 4
43 2
38 2
43 4
45 4
47 6
50 2
48 2
47 2
45 2
47 2
45 4
45 2
40 2
45 4
43 4
42 7
38 7
43 4
43 2
38 2
43 4
45 4
47 6
50 2
48 4
47 4
45 4
40 4
42 2
43 0
72 0
42 0
72 1
40 2
42 2
43 11
43 4
43 2
38 2
43 4
45 4
47 6
50 2
48 2
47 2
45 2
47 2
45 4
45 2
40 2
45 4
43 4
42 7
38 7
43 4
43 2
38 2
43 4
45 4
47 6
50 2
48 4
47 4
45 4
40 4
42 2
43 0
72 0
42 0
72 1
40 2
42 2
43 11
E
S
H
43 2
72 2
43 2
38 2
43 4
45 4
47 6
50 2
48 2
47 2
45 2
47 2
45 2
72 2
45 2
40 2
45 4
43 4
42 7
38 6
72 2
43 2
72 2
43 2
38 2
43 4
45 4
47 6
50 2
48 4
47 4
45 2
72 2
40 4
42 2
43 0
72 0
42 0
72 1
40 2
42 2
43 9
72 4
43 2
72 2
43 2
38 2
43 4
45 4
47 6
50 2
48 2
47 2
45 2
47 2
45 2
72 2
45 2
40 2
45 4
43 4
42 7
38 6
72 2
43 2
72 2
43 2
38 2
43 4
45 4
47 6
50 2
48 4
47 4
45 2
72 2
40 4
42 2
43 0
72 0
42 0
72 1
40 2
42 2
43 9
72 4
43 2
72 2
43 2
38 2
43 4
45 4
47 6
50 2
48 2
47 2
45 2
47 2
45 2
72 2
45 2
40 2
45 4
43 4
42 7
38 6
72 2
43 2
72 2
43 2
38 2
43 4
45 4
47 6
50 2
48 4
47 4
45 2
72 2
40 4
42 2
43 0
72 0
42 0
72 1
40 2
42 2
43 9
72 4
43 2
72 2
43 2
38 2
43 4
45 4
47 6
50 2
48 2
47 2
45 2
47 2
45 2
72 2
45 2
40 2
45 4
43 4
42 7
38 6
72 2
43 2
72 2
43 2
38 2
43 4
45 4
47 6
50 2
48 4
47 4
45 2
72 2
40 4
42 2
43 0
72 0
42 0
72 1
40 2
42 2
43 9
72 4
43 2
72 2
43 2
38 2
43 4
45 4
47 6
50 2
48 2
47 2
45 2
47 2
45 2
72 2
45 2
40 2
45 4
43 4
42 7
38 6
72 2
43 2
72 2
43 2
38 2
43 4
45 4
47 6
50 2
48 4
47 4
45 2
72 2
40 4
42 2
43 0
72 0
42 0
72 1
40 2
42 2
43 9
72 4
43 2
72 2
43 2
38 2
43 4
45 4
47 6
50 2
48 2
47 2
45 2
47 2
45 2
72 2
45 2
40 2
45 4
43 4
42 7
38 6
72 2
43 2
72 2
43 2
38 2
43 4
45 4
47 6
50 2
48 4
47 4
45 2
72 2
40 4
42 2
43 0
72 0
42 0
72 1
40 2
42 2
43 9
72 4
43 2
72 2
43 2
38 2
43 4
45 4
47 6
50 2
48 2
47 2
45 2
47 2
45 2
72 2
45 2
40 2
45 4
43 4
42 7
38 6
72 2
43 2
72 2
43 2
38 2
43 4
45 4
47 6
50 2
48 4
47 4
45 2
72 2
40 4
42 2
43 0
72 0
42 0
72 1
40 2
42 2
43 9
E
X
