major
S
H
58 2
72 2
57 2
72 2
56 2
72 2
57 2
72 2
58 4
56 2
55 2
72 2
55 2
56 4
60 2
72 2
58 2
72 2
57 2
72 2
58 2
72 2
60 4
58 2
57 2
72 2
57 2
58 4
60 2
72 2
58 2
72 2
57 2
72 2
58 2
72 2
60 4
56 2
55 2
72 2
55 2
56 4
55 2
56 2
60 2
58 2
55 2
56 2
60 2
58 2
55 2
56 2
60 2
59 2
58 2
56 2
54 2
52 2
58 2
72 2
57 2
72 2
56 2
72 2
57 2
72 2
58 4
57 2
56 2
72 2
56 2
57 4
58 2
72 2
56 2
72 2
55 2
72 2
56 2
72 2
58 4
56 2
55 2
72 2
55 2
56 4
60 2
72 2
58 2
72 2
57 2
72 2
58 2
72 2
60 4
56 2
55 2
72 2
55 2
56 4
55 2
56 2
60 2
58 2
55 2
56 2
60 2
58 2
55 2
56 2
57 2
58 2
59 2
60 2
61 2
62 2
65 2
63 2
72 2
65 2
63 2
72 2
65 2
63 2
72 2
64 2
63 2
72 2
64 2
63 2
72 2
64 2
63 2
61 2
72 2
63 2
61 2
72 2
63 2
61 2
72 2
62 2
61 2
72 2
62 2
61 2
72 2
62 2
61 2
59 2
72 2
61 2
59 2
72 2
61 2
59 2
72 2
61 2
59 2
72 2
61 2
59 2
72 2
57 2
56 2
63 2
68 2
56 2
63 2
68 2
56 2
61 2
68 2
56 2
61 2
68 2
56 2
61 2
68 2
69 2
58 2
72 2
57 2
72 2
56 2
72 2
57 2
72 2
58 4
56 2
55 2
72 2
55 2
56 4
60 2
72 2
58 2
72 2
57 2
72 2
58 2
72 2
60 4
58 2
57 2
72 2
57 2
58 4
60 2
72 2
58 2
72 2
57 2
72 2
58 2
72 2
60 4
56 2
55 2
72 2
55 2
56 4
55 2
56 2
60 2
58 2
55 2
56 2
60 2
58 2
55 2
56 2
60 2
59 2
58 2
56 2
54 2
52 2
58 2
72 2
57 2
72 2
56 2
72 2
57 2
72 2
58 4
57 2
56 2
72 2
56 2
57 4
58 2
72 2
56 2
72 2
55 2
72 2
56 2
72 2
58 4
56 2
55 2
72 2
55 2
56 4
60 2
72 2
58 2
72 2
57 2
72 2
58 2
72 2
60 4
56 2
55 2
72 2
55 2
56 4
55 2
56 2
60 2
58 2
55 2
56 2
60 2
58 2
55 2
56 2
57 2
58 2
59 2
60 2
61 2
62 2
65 2
63 2
72 2
65 2
63 2
72 2
65 2
63 2
72 2
64 2
63 2
72 2
64 2
63 2
72 2
64 2
63 2
61 2
72 2
63 2
61 2
72 2
63 2
61 2
72 2
62 2
61 2
72 2
62 2
61 2
72 2
62 2
61 2
59 2
72 2
61 2
59 2
72 2
61 2
59 2
72 2
61 2
59 2
72 2
61 2
59 2
72 2
57 2
56 2
63 2
68 2
56 2
63 2
68 2
56 2
61 2
68 2
56 2
61 2
68 2
56 2
61 2
68 2
69 2
E
S
H
37 2
72 10
37 2
72 6
43 2
42 2
41 2
40 2
39 4
37 4
36 4
37 2
39 6
34 4
39 4
34 4
32 2
32 2
32 4
72 7
37 2
42 2
48 4
72 4
38 4
37 5
37 0
72 0
38 0
39 0
72 2
40 7
39 7
38 7
37 2
72 10
37 2
72 6
43 2
42 2
41 2
40 2
39 4
37 4
36 4
37 2
39 6
34 4
36 4
37 4
42 2
42 2
42 4
72 7
32 2
32 2
32 4
72 4
38 4
37 5
37 0
72 0
38 0
39 0
72 2
40 7
39 7
72 2
38 2
72 2
38 2
30 4
41 2
37 6
34 4
30 6
37 6
42 4
40 4
35 2
40 6
40 6
40 4
35 2
38 4
32 4
38 4
38 2
37 6
32 4
31 6
39 6
43 4
41 4
30 4
31 4
32 4
33 4
39 4
72 2
39 2
72 2
39 2
37 2
72 10
37 2
72 6
43 2
42 2
41 2
40 2
39 4
37 4
36 4
37 2
39 6
34 4
39 4
34 4
32 2
32 2
32 4
72 7
37 2
42 2
48 4
72 4
38 4
37 5
37 0
72 0
38 0
39 0
72 2
40 7
39 7
38 7
37 2
72 10
37 2
72 6
43 2
42 2
41 2
40 2
39 4
37 4
36 4
37 2
39 6
34 4
36 4
37 4
42 2
42 2
42 4
72 7
32 2
32 2
32 4
72 4
38 4
37 5
37 0
72 0
38 0
39 0
72 2
40 7
39 7
72 2
38 2
72 2
38 2
30 4
41 2
37 6
34 4
30 6
37 6
42 4
40 4
35 2
40 6
40 6
40 4
35 2
38 4
32 4
38 4
38 2
37 6
32 4
31 6
39 6
43 4
41 4
30 4
31 4
32 4
33 4
39 4
72 2
39 2
72 2
39 2
E
S
H
48 4
72 9
48 4
72 7
48 4
51 6
51 6
51 6
51 4
51 2
51 4
51 4
49 2
49 2
49 4
72 7
48 2
48 2
51 4
72 7
53 7
48 7
49 7
48 7
48 4
72 9
48 4
72 7
48 4
51 6
51 6
51 6
51 4
51 2
46 4
46 4
49 2
49 2
49 4
72 7
48 2
48 2
48 4
72 7
53 7
48 7
47 7
72 4
53 4
61 11
57 11
59 11
55 9
57 4
54 11
52 7
50 4
52 4
53 2
56 2
60 2
53 2
54 2
49 2
46 2
49 2
44 2
51 2
56 2
60 2
63 2
51 2
49 2
48 2
48 4
72 9
48 4
72 7
48 4
51 6
51 6
51 6
51 4
51 2
51 4
51 4
49 2
49 2
49 4
72 7
48 2
48 2
51 4
72 7
53 7
48 7
49 7
48 7
48 4
72 9
48 4
72 7
48 4
51 6
51 6
51 6
51 4
51 2
46 4
46 4
49 2
49 2
49 4
72 7
48 2
48 2
48 4
72 7
53 7
48 7
47 7
72 4
53 4
61 11
57 11
59 11
55 9
57 4
54 11
52 7
50 4
52 4
53 2
56 2
60 2
53 2
54 2
49 2
46 2
49 2
44 2
51 2
56 2
60 2
63 2
51 2
49 2
48 2
E
X
