major
S
L
72 14
34 6
34 2
34 4
34 4
34 7
36 4
37 4
39 6
39 2
39 4
39 4
39 7
39 4
41 4
42 6
41 2
39 4
37 4
36 4
34 4
33 7
29 2
28 2
29 2
28 2
29 4
33 4
36 7
34 4
72 14
34 6
34 2
34 4
34 4
34 7
36 4
37 4
39 6
39 2
39 4
39 4
39 7
39 4
41 4
42 6
41 2
39 4
37 4
36 4
34 4
33 7
29 2
28 2
29 2
28 2
29 4
33 4
36 7
34 4
E
S
L
16 2
72 2
16 2
72 2
16 2
72 2
16 2
16 2
16 2
16 2
16 2
16 2
16 2
72 2
16 2
16 2
16 2
72 2
16 2
16 2
16 2
72 2
16 2
16 2
16 2
72 2
16 2
72 8
16 2
72 2
16 2
72 9
16 2
72 2
16 2
72 8
16 2
16 2
16 2
16 2
16 2
16 2
16 2
16 2
16 2
16 2
16 2
16 2
16 2
16 4
72 2
16 4
72 14
16 2
72 2
16 2
72 2
16 2
72 2
16 2
72 2
16 2
16 2
16 2
16 2
16 2
16 2
16 2
72 2
16 2
16 2
16 2
72 2
16 2
16 2
16 2
72 2
16 2
16 2
16 2
72 2
16 2
72 8
16 2
72 2
16 2
72 9
16 2
72 2
16 2
72 8
16 2
16 2
16 2
16 2
16 2
16 2
16 2
16 2
16 2
16 2
16 2
16 2
16 2
16 4
72 2
16 4
72 14
16 2
72 2
16 2
72 2
16 2
72 2
16 2
72 2
16 2
16 2
16 2
16 2
16 2
16 2
16 2
72 2
16 2
16 2
16 2
72 2
16 2
16 2
16 2
72 2
16 2
16 2
16 2
72 2
16 2
72 8
16 2
72 2
16 2
72 9
16 2
72 2
16 2
72 8
16 2
16 2
16 2
16 2
16 2
16 2
16 2
16 2
16 2
16 2
16 2
16 2
16 2
16 4
72 2
16 4
E
X
