minor
S
L
18 2
72 14
26 2
E
S
H
72 4
50 12
50 2
72 2
52 13
50 2
52 2
54 12
52 13
72 14
42 4
44 4
45 4
49 4
47 11
54 11
52 11
49 7
45 7
50 7
49 7
47 7
45 7
47 11
45 11
42 13
40 11
45 11
42 13
40 11
37 7
33 7
E
S
H
72 4
59 2
72 6
59 2
72 6
59 2
72 6
59 2
72 6
59 2
72 6
59 2
72 6
59 2
72 6
59 2
72 6
59 2
72 6
59 2
72 6
59 2
72 6
59 2
72 6
59 2
72 6
59 2
72 6
57 2
72 6
57 2
72 6
47 12
49 4
45 9
40 9
37 7
38 13
72 11
45 4
49 4
49 4
50 12
54 4
52 9
47 9
47 7
46 13
E
S
H
72 14
42 4
47 4
49 2
72 2
50 12
52 2
72 2
49 9
45 9
40 7
42 13
72 11
45 4
49 4
52 4
54 12
57 4
56 9
54 9
52 7
54 13
E
S
L
72 4
11 12
11 4
11 11
18 2
21 2
23 4
18 4
11 2
72 2
11 12
11 4
9 9
9 7
9 9
72 4
11 7
6 4
9 4
11 7
6 4
9 4
9 7
4 4
11 4
9 7
4 4
9 4
11 7
6 4
9 4
11 7
6 4
11 4
9 7
4 4
6 4
9 7
4 4
13 4
14 7
9 4
13 4
14 7
9 4
13 4
16 7
11 4
14 4
16 7
9 4
7 4
6 7
13 4
3 4
6 7
7 7
6 7
1 4
4 4
6 2
72 6
6 2
72 6
11 7
6 4
9 4
11 7
6 4
11 4
9 7
4 4
11 4
9 7
4 4
9 4
7 7
2 4
4 4
7 7
2 4
7 4
6 7
13 4
6 4
6 7
13 4
6 4
7 7
2 4
6 4
7 7
2 4
7 4
6 7
13 4
6 4
6 7
13 4
6 4
7 7
2 4
6 4
7 7
2 4
7 4
6 7
13 4
6 4
6 7
13 4
6 7
E
S
H
72 14
165 2
203 2
47 2
49 2
54 2
61 2
E
S
H
72 4
1564 2
72 2
46 2
46 2
46 2
72 2
46 2
46 2
46 2
72 2
46 2
46 2
232 2
72 2
1564 2
46 2
46 2
72 2
46 2
46 2
46 2
72 2
46 2
46 2
46 2
72 2
46 2
46 2
232 2
72 2
232 2
46 2
222 2
72 2
46 2
46 2
46 2
72 2
46 2
46 2
46 2
72 2
46 2
46 2
1564 2
72 2
1564 2
46 2
46 2
72 2
46 2
46 2
46 2
72 2
46 2
46 2
230 2
72 2
46 2
226 2
1660 2
72 2
1636 2
46 2
46 2
72 2
46 2
46 2
46 2
72 2
46 2
46 2
46 2
72 2
46 2
46 2
46 2
72 2
46 2
46 2
46 2
72 2
46 2
46 2
46 2
72 2
46 2
46 2
46 2
72 2
46 2
46 2
46 2
72 2
46 2
46 2
46 2
72 2
46 2
46 2
46 2
72 2
46 2
46 2
46 2
72 2
46 2
46 2
46 2
72 2
46 2
46 2
46 2
72 2
46 2
46 2
46 2
72 2
46 2
46 2
46 2
72 2
46 2
46 2
46 2
72 2
46 2
46 2
46 2
72 2
46 2
46 2
46 2
72 2
46 2
46 2
46 2
72 2
46 2
46 2
46 2
72 2
46 2
46 2
46 2
72 2
46 2
46 2
46 2
72 2
46 2
46 2
46 2
72 2
46 2
46 2
46 2
72 2
46 2
46 2
46 2
72 2
46 2
46 2
46 2
72 2
46 2
46 2
46 2
72 2
46 2
46 2
46 2
72 2
46 2
46 2
46 2
72 2
46 2
46 2
46 2
72 2
46 2
46 2
46 2
72 2
46 2
46 2
46 2
72 2
46 2
46 2
228 2
72 2
46 2
46 2
46 2
72 2
46 2
46 2
46 2
72 2
46 2
46 2
46 2
72 2
46 2
46 2
46 2
72 2
46 2
46 2
46 2
72 2
46 2
46 2
46 2
72 2
46 2
46 2
46 2
72 2
46 2
46 2
46 2
72 2
46 2
46 2
46 2
72 2
46 2
46 2
46 2
72 2
46 2
46 2
46 2
72 2
46 2
46 2
46 2
72 2
46 2
46 2
46 2
72 2
46 2
46 2
46 2
72 2
46 2
46 2
46 2
72 2
46 2
46 2
46 2
72 2
46 2
46 2
46 2
72 2
46 2
46 2
46 2
72 2
46 2
46 2
46 2
72 2
46 2
46 2
46 2
72 2
46 2
46 2
46 2
72 2
46 2
46 2
46 2
72 2
46 2
46 2
46 2
72 2
46 2
46 2
46 2
72 2
46 2
46 2
46 2
72 2
46 2
46 2
46 2
72 2
46 2
46 2
46 2
72 2
46 2
46 2
46 2
72 2
46 2
46 2
46 2
72 2
46 2
46 2
46 2
72 2
46 2
46 2
46 2
72 2
46 2
46 2
46 2
E
S
H
72 14
38 13
37 11
40 11
38 11
33 11
45 7
40 7
37 7
33 7
38 11
42 11
40 11
44 11
49 11
47 7
43 7
42 7
44 7
46 7
54 4
72 4
38 13
37 7
38 7
40 7
37 7
42 11
38 11
37 7
38 7
40 7
37 7
42 11
72 4
42 7
E
S
H
72 14
49 2
50 2
52 2
52 2
54 2
52 2
54 7
57 4
52 7
49 7
45 11
72 14
54 7
52 7
50 7
47 7
46 7
47 7
49 7
72 14
50 6
49 2
50 2
52 2
54 7
52 7
50 4
49 7
40 7
37 4
33 11
E
S
H
72 14
30 7
35 7
38 7
37 7
35 7
33 6
28 6
33 4
35 12
38 7
37 7
35 7
33 7
28 7
26 9
26 2
37 2
38 11
37 11
33 11
35 9
35 2
37 2
38 11
37 11
33 11
E
X
