major
S
H
72 14
36 6
43 6
48 4
43 10
72 13
43 6
50 6
52 4
43 10
72 14
36 6
43 6
48 4
36 10
72 13
40 6
43 6
45 4
40 10
72 14
38 6
43 6
45 4
36 10
72 13
43 6
50 6
52 4
43 10
72 14
36 6
43 6
48 4
36 10
72 14
40 6
43 6
45 4
40 10
72 14
43 6
45 6
43 4
36 10
72 14
36 6
43 6
48 4
43 10
72 13
43 6
50 6
52 4
43 10
72 14
36 6
43 6
48 4
36 10
72 13
40 6
43 6
45 4
40 10
72 14
38 6
43 6
45 4
36 10
72 13
43 6
50 6
52 4
43 10
72 14
36 6
43 6
48 4
36 10
72 14
40 6
43 6
45 4
40 10
72 14
43 6
45 6
43 4
36 10
E
S
L
72 14
12 6
72 6
7 4
10 6
72 6
7 4
12 6
14 6
16 4
12 6
72 14
12 6
72 6
7 4
10 6
72 6
7 4
12 6
10 6
7 4
10 6
72 14
12 6
72 6
7 4
10 6
72 6
7 4
12 6
8 6
7 4
5 6
72 14
12 6
72 6
7 4
10 6
72 6
7 4
12 6
14 6
16 4
12 6
72 14
12 6
72 6
7 4
10 6
72 6
7 4
12 6
10 6
7 4
10 6
72 14
12 6
72 6
7 4
10 6
72 6
7 4
12 6
8 6
7 4
5 6
E
S
H
36 6
36 6
37 4
36 8
72 1
37 4
36 6
36 6
36 4
37 4
37 4
36 6
72 2
36 8
72 1
37 4
36 8
72 1
37 4
36 6
36 6
36 4
37 6
72 2
36 6
72 2
36 8
72 1
37 4
36 8
72 1
37 4
36 6
36 6
36 4
37 6
72 2
36 6
72 2
37 8
72 1
36 4
37 8
72 1
36 4
36 6
36 6
36 4
37 6
72 2
36 4
37 4
36 8
72 1
37 4
36 8
72 1
37 4
36 6
36 6
36 4
37 6
37 6
37 4
36 8
72 1
37 4
36 8
72 1
37 4
36 6
36 6
36 4
37 6
72 2
36 6
72 2
36 8
72 1
37 4
36 8
72 1
37 4
36 6
36 6
36 4
37 6
72 2
36 6
72 2
37 8
72 1
36 4
37 8
72 1
36 4
36 6
36 6
36 4
37 6
72 2
36 4
37 4
36 8
72 1
37 4
36 8
72 1
37 4
36 6
36 6
36 4
37 6
37 6
37 4
36 8
72 1
37 4
36 8
72 1
37 4
36 6
36 6
36 4
37 6
72 2
36 6
72 2
36 8
72 1
37 4
36 8
72 1
37 4
36 6
36 6
36 4
37 6
72 2
36 6
72 2
37 8
72 1
36 4
37 8
72 1
36 4
36 6
36 6
36 4
37 6
72 2
36 4
37 4
36 8
72 1
37 4
36 8
72 1
37 4
36 6
36 6
36 4
37 6
37 6
37 4
36 8
72 1
37 4
36 8
72 1
37 4
36 6
36 6
36 4
37 6
72 2
36 6
72 2
36 8
72 1
37 4
36 8
72 1
37 4
36 6
36 6
36 4
37 6
72 2
36 6
72 2
37 8
72 1
36 4
37 8
72 1
36 4
36 6
36 6
36 4
37 6
72 2
36 4
37 4
36 8
72 1
37 4
36 8
72 1
37 4
36 6
36 6
36 4
37 6
37 6
37 4
36 6
36 6
37 4
36 8
72 1
37 4
36 6
36 6
36 4
37 4
37 4
36 6
72 2
36 8
72 1
37 4
36 8
72 1
37 4
36 6
36 6
36 4
37 6
72 2
36 6
72 2
36 8
72 1
37 4
36 8
72 1
37 4
36 6
36 6
36 4
37 6
72 2
36 6
72 2
37 8
72 1
36 4
37 8
72 1
36 4
36 6
36 6
36 4
37 6
72 2
36 4
37 4
36 8
72 1
37 4
36 8
72 1
37 4
36 6
36 6
36 4
37 6
37 6
37 4
36 8
72 1
37 4
36 8
72 1
37 4
36 6
36 6
36 4
37 6
72 2
36 6
72 2
36 8
72 1
37 4
36 8
72 1
37 4
36 6
36 6
36 4
37 6
72 2
36 6
72 2
37 8
72 1
36 4
37 8
72 1
36 4
36 6
36 6
36 4
37 6
72 2
36 4
37 4
36 8
72 1
37 4
36 8
72 1
37 4
36 6
36 6
36 4
37 6
37 6
37 4
36 8
72 1
37 4
36 8
72 1
37 4
36 6
36 6
36 4
37 6
72 2
36 6
72 2
36 8
72 1
37 4
36 8
72 1
37 4
36 6
36 6
36 4
37 6
72 2
36 6
72 2
37 8
72 1
36 4
37 8
72 1
36 4
36 6
36 6
36 4
37 6
72 2
36 4
37 4
36 8
72 1
37 4
36 8
72 1
37 4
36 6
36 6
36 4
37 6
37 6
37 4
36 8
72 1
37 4
36 8
72 1
37 4
36 6
36 6
36 4
37 6
72 2
36 6
72 2
36 8
72 1
37 4
36 8
72 1
37 4
36 6
36 6
36 4
37 6
72 2
36 6
72 2
37 8
72 1
36 4
37 8
72 1
36 4
36 6
36 6
36 4
37 6
72 2
36 4
37 4
36 8
72 1
37 4
36 8
72 1
37 4
36 6
36 6
36 4
37 6
37 6
37 4
E
S
L
72 14
32 2
32 2
32 2
32 2
32 4
32 4
32 2
72 14
32 2
32 2
32 2
32 2
72 3
32 2
32 2
72 2
32 2
72 14
32 2
32 2
32 2
32 2
32 4
32 4
32 2
72 14
32 2
32 2
32 2
32 2
72 3
32 2
32 2
72 2
32 2
E
S
L
72 14
21 13
72 14
21 13
72 14
21 13
72 14
21 13
E
X
