minor
S
L
36 7
31 9
30 7
30 7
30 4
26 7
26 7
36 7
36 7
31 9
30 7
30 7
30 4
26 7
26 7
36 7
36 7
31 9
30 7
30 7
30 4
26 7
26 7
36 7
36 7
31 9
30 7
30 7
30 4
26 7
26 7
29 9
29 4
31 9
34 4
36 4
31 4
34 4
30 4
31 4
34 4
30 4
29 4
36 7
36 7
31 9
30 7
30 7
30 4
26 7
26 7
24 4
26 7
29 4
31 4
33 4
34 4
33 4
31 7
29 4
27 4
29 7
27 4
26 4
24 4
26 7
29 4
31 4
33 4
34 4
33 4
31 7
29 4
27 4
29 7
27 4
26 4
36 7
36 7
31 9
30 7
30 7
30 4
26 7
26 7
36 7
36 7
31 9
30 7
30 7
30 4
26 7
26 7
29 7
29 7
31 9
34 7
33 4
31 4
29 4
31 4
33 4
31 4
29 4
36 7
36 7
31 9
30 7
30 7
30 4
26 7
26 7
19 7
19 7
17 9
19 7
19 7
17 4
19 7
14 7
19 7
19 7
17 9
19 7
19 7
17 4
19 7
14 7
14 7
14 7
15 9
14 7
14 7
14 4
17 7
15 7
14 7
14 7
15 9
14 7
14 7
14 4
17 7
15 7
24 4
26 7
29 4
31 4
33 4
34 4
33 4
31 7
29 4
27 4
29 7
27 4
26 4
24 4
26 7
29 4
31 4
33 4
34 4
33 4
31 7
29 4
27 4
29 7
27 4
26 4
24 7
32 7
31 9
24 7
32 7
31 4
30 4
31 4
30 4
31 4
24 7
32 7
31 9
24 7
32 7
31 4
29 4
30 4
29 4
30 4
36 7
36 7
31 9
30 7
30 7
30 4
26 7
26 7
36 7
36 7
31 9
30 7
30 7
30 4
26 7
26 7
36 7
36 7
31 9
30 7
30 7
30 4
26 7
26 7
36 7
36 7
31 9
30 7
30 7
30 4
29 4
26 4
24 4
25 4
36 7
36 7
31 9
30 7
30 7
30 4
26 7
26 7
36 7
36 7
31 9
30 7
30 7
30 4
29 4
26 4
24 4
25 4
33 4
33 4
33 4
33 4
33 4
33 4
32 2
31 2
30 2
29 2
27 4
27 4
27 4
27 4
27 4
27 4
27 2
26 2
27 2
26 2
32 4
32 4
32 4
32 4
32 4
32 4
33 2
32 2
29 2
28 2
26 4
26 4
26 4
26 4
26 4
26 4
26 2
25 2
26 2
25 2
31 7
31 7
29 9
31 7
31 7
31 4
29 7
29 7
26 7
26 7
27 9
26 7
26 7
26 4
29 7
30 7
36 7
36 7
31 9
30 7
30 7
30 4
26 7
26 7
36 7
36 7
31 9
30 7
30 7
30 4
26 7
26 7
36 7
36 7
31 9
30 7
30 7
30 4
26 7
26 7
36 7
36 7
31 9
30 7
30 7
30 4
26 7
26 7
29 9
29 4
31 9
34 4
36 4
31 4
34 4
30 4
31 4
34 4
30 4
29 4
36 7
36 7
31 9
30 7
30 7
30 4
26 7
26 7
24 4
26 7
29 4
31 4
33 4
34 4
33 4
31 7
29 4
27 4
29 7
27 4
26 4
24 4
26 7
29 4
31 4
33 4
34 4
33 4
31 7
29 4
27 4
29 7
27 4
26 4
36 7
36 7
31 9
30 7
30 7
30 4
26 7
26 7
36 7
36 7
31 9
30 7
30 7
30 4
26 7
26 7
29 7
29 7
31 9
34 7
33 4
31 4
29 4
31 4
33 4
31 4
29 4
36 7
36 7
31 9
30 7
30 7
30 4
26 7
26 7
19 7
19 7
17 9
19 7
19 7
17 4
19 7
14 7
19 7
19 7
17 9
19 7
19 7
17 4
19 7
14 7
14 7
14 7
15 9
14 7
14 7
14 4
17 7
15 7
14 7
14 7
15 9
14 7
14 7
14 4
17 7
15 7
24 4
26 7
29 4
31 4
33 4
34 4
33 4
31 7
29 4
27 4
29 7
27 4
26 4
24 4
26 7
29 4
31 4
33 4
34 4
33 4
31 7
29 4
27 4
29 7
27 4
26 4
24 7
32 7
31 9
24 7
32 7
31 4
30 4
31 4
30 4
31 4
24 7
32 7
31 9
24 7
32 7
31 4
29 4
30 4
29 4
30 4
36 7
36 7
31 9
30 7
30 7
30 4
26 7
26 7
36 7
36 7
31 9
30 7
30 7
30 4
26 7
26 7
36 7
36 7
31 9
30 7
30 7
30 4
26 7
26 7
36 7
36 7
31 9
30 7
30 7
30 4
29 4
26 4
24 4
25 4
36 7
36 7
31 9
30 7
30 7
30 4
26 7
26 7
36 7
36 7
31 9
30 7
30 7
30 4
29 4
26 4
24 4
25 4
33 4
33 4
33 4
33 4
33 4
33 4
32 2
31 2
30 2
29 2
27 4
27 4
27 4
27 4
27 4
27 4
27 2
26 2
27 2
26 2
32 4
32 4
32 4
32 4
32 4
32 4
33 2
32 2
29 2
28 2
26 4
26 4
26 4
26 4
26 4
26 4
26 2
25 2
26 2
25 2
31 7
31 7
29 9
31 7
31 7
31 4
29 7
29 7
26 7
26 7
27 9
26 7
26 7
26 4
29 7
30 7
36 7
36 7
31 9
30 7
30 7
30 4
26 7
26 7
36 7
36 7
31 9
30 7
30 7
30 4
26 7
26 7
E
S
L
72 14
24 7
26 7
27 9
24 7
26 7
27 4
26 7
19 7
24 7
26 7
27 9
24 7
26 7
27 4
29 4
27 4
26 4
24 4
32 7
31 4
29 4
31 9
29 4
27 4
29 7
27 4
26 4
27 4
26 4
22 4
24 7
26 7
27 9
24 7
26 7
27 4
26 7
19 7
72 14
31 7
31 7
29 9
31 7
31 7
29 4
31 7
26 7
31 2
30 2
29 4
26 4
26 4
34 4
33 2
29 2
31 4
26 4
26 7
26 7
27 9
29 4
26 7
26 7
27 9
26 7
26 7
26 4
29 2
28 2
27 2
26 2
27 2
28 2
29 2
30 2
33 7
32 7
31 9
33 7
32 7
31 4
36 4
32 4
31 2
32 2
33 2
34 2
72 14
24 7
26 7
27 9
24 7
26 7
27 4
26 7
19 7
24 7
26 7
27 9
24 7
26 7
27 4
29 4
27 4
26 4
24 4
32 7
31 4
29 4
31 9
29 4
27 4
29 7
27 4
26 4
27 4
26 4
22 4
24 7
26 7
27 9
24 7
26 7
27 4
26 7
19 7
72 14
31 7
31 7
29 9
31 7
31 7
29 4
31 7
26 7
31 2
30 2
29 4
26 4
26 4
34 4
33 2
29 2
31 4
26 4
26 7
26 7
27 9
29 4
26 7
26 7
27 9
26 7
26 7
26 4
29 2
28 2
27 2
26 2
27 2
28 2
29 2
30 2
33 7
32 7
31 9
33 7
32 7
31 4
36 4
32 4
31 2
32 2
33 2
34 2
E
S
H
72 14
44 7
43 4
41 4
43 9
41 4
39 4
41 7
39 4
38 4
39 4
38 4
34 4
36 7
72 14
43 4
41 7
36 4
39 4
38 7
72 13
43 4
41 7
36 4
39 4
38 4
34 7
72 13
41 4
43 7
46 4
45 4
41 7
72 13
43 4
41 7
36 4
39 4
38 7
72 14
39 4
38 7
38 7
39 9
38 7
38 7
38 4
41 2
40 2
39 2
38 2
39 2
40 2
41 2
42 2
45 7
44 7
43 9
45 7
44 7
43 4
48 4
44 4
43 2
44 2
45 2
46 2
48 4
72 14
43 4
41 7
36 4
39 4
38 7
72 13
43 4
41 7
36 4
39 4
38 4
34 7
72 13
43 4
42 7
41 4
39 7
36 4
37 4
39 9
35 9
72 7
43 4
42 7
41 4
39 7
36 4
37 4
36 4
37 7
39 7
72 9
43 4
42 7
41 4
39 7
36 4
37 4
39 9
35 9
72 7
43 4
42 7
41 4
39 7
36 4
37 4
36 4
37 7
39 7
72 9
45 7
45 7
45 7
45 4
43 2
45 2
46 7
46 7
46 7
46 4
44 2
45 2
44 7
44 7
44 7
44 4
42 2
43 2
45 7
45 7
45 7
45 4
43 2
45 2
43 4
72 14
44 7
43 4
41 4
43 9
41 4
39 4
41 7
39 4
38 4
39 4
38 4
34 4
36 7
72 14
43 4
41 7
36 4
39 4
38 7
72 13
43 4
41 7
36 4
39 4
38 4
34 7
72 13
41 4
43 7
46 4
45 4
41 7
72 13
43 4
41 7
36 4
39 4
38 7
72 14
39 4
38 7
38 7
39 9
38 7
38 7
38 4
41 2
40 2
39 2
38 2
39 2
40 2
41 2
42 2
45 7
44 7
43 9
45 7
44 7
43 4
48 4
44 4
43 2
44 2
45 2
46 2
48 4
72 14
43 4
41 7
36 4
39 4
38 7
72 13
43 4
41 7
36 4
39 4
38 4
34 7
72 13
43 4
42 7
41 4
39 7
36 4
37 4
39 9
35 9
72 7
43 4
42 7
41 4
39 7
36 4
37 4
36 4
37 7
39 7
72 9
43 4
42 7
41 4
39 7
36 4
37 4
39 9
35 9
72 7
43 4
42 7
41 4
39 7
36 4
37 4
36 4
37 7
39 7
72 9
45 7
45 7
45 7
45 4
43 2
45 2
46 7
46 7
46 7
46 4
44 2
45 2
44 7
44 7
44 7
44 4
42 2
43 2
45 7
45 7
45 7
45 4
43 2
45 2
43 4
E
S
L
72 14
24 4
26 7
29 4
31 4
33 4
34 4
33 4
31 7
29 4
27 4
29 4
30 4
31 4
34 4
36 4
31 4
34 4
29 4
30 4
26 4
29 4
24 4
19 7
20 4
22 4
18 4
17 4
15 4
72 14
24 4
26 7
29 4
31 4
33 4
34 4
33 4
31 7
29 4
27 4
29 4
30 4
31 4
34 4
36 4
31 4
34 4
29 4
30 4
26 4
29 4
24 4
19 7
20 4
22 4
18 4
17 4
15 7
12 7
20 7
19 9
19 7
20 7
22 4
24 4
25 4
29 4
25 4
12 7
20 7
19 9
19 7
20 7
19 4
17 4
18 4
17 4
18 4
72 14
48 2
47 2
46 2
43 2
42 2
41 2
39 2
37 2
36 2
35 2
34 2
33 2
31 2
30 2
29 2
27 2
72 13
12 2
13 2
14 2
15 2
17 2
18 2
19 2
20 2
22 2
23 2
24 2
25 2
27 2
28 2
29 2
30 2
33 4
33 4
33 4
33 4
33 4
33 4
34 2
33 2
32 2
31 2
27 4
27 4
27 4
27 4
27 4
27 4
27 2
26 2
27 2
26 2
32 4
32 4
32 4
32 4
32 4
32 4
32 2
31 2
29 2
27 2
26 4
26 4
26 4
26 4
26 4
26 4
26 2
25 2
26 2
27 2
31 2
72 14
24 4
26 7
29 4
31 4
33 4
34 4
33 4
31 7
29 4
27 4
29 4
30 4
31 4
34 4
36 4
31 4
34 4
29 4
30 4
26 4
29 4
24 4
19 7
20 4
22 4
18 4
17 4
15 4
72 14
24 4
26 7
29 4
31 4
33 4
34 4
33 4
31 7
29 4
27 4
29 4
30 4
31 4
34 4
36 4
31 4
34 4
29 4
30 4
26 4
29 4
24 4
19 7
20 4
22 4
18 4
17 4
15 7
12 7
20 7
19 9
19 7
20 7
22 4
24 4
25 4
29 4
25 4
12 7
20 7
19 9
19 7
20 7
19 4
17 4
18 4
17 4
18 4
72 14
48 2
47 2
46 2
43 2
42 2
41 2
39 2
37 2
36 2
35 2
34 2
33 2
31 2
30 2
29 2
27 2
72 13
12 2
13 2
14 2
15 2
17 2
18 2
19 2
20 2
22 2
23 2
24 2
25 2
27 2
28 2
29 2
30 2
33 4
33 4
33 4
33 4
33 4
33 4
34 2
33 2
32 2
31 2
27 4
27 4
27 4
27 4
27 4
27 4
27 2
26 2
27 2
26 2
32 4
32 4
32 4
32 4
32 4
32 4
32 2
31 2
29 2
27 2
26 4
26 4
26 4
26 4
26 4
26 4
26 2
25 2
26 2
27 2
31 2
E
X
