major
S
H
72 14
36 4
38 4
39 4
38 4
36 4
29 2
31 2
32 2
31 2
29 4
26 6
26 6
26 9
72 7
36 4
38 4
39 4
38 4
36 4
36 2
38 2
39 2
38 2
36 4
31 6
31 6
31 4
34 2
31 2
36 2
33 2
37 2
35 2
36 2
37 2
38 11
72 14
40 7
38 4
40 4
38 4
40 4
38 4
72 4
35 7
40 4
38 4
35 9
72 4
43 7
41 4
43 4
41 4
43 4
41 4
45 4
48 4
43 4
45 4
41 4
43 4
38 4
40 4
72 14
E
S
H
72 14
36 4
38 4
39 4
38 4
36 4
29 2
31 2
32 2
31 2
29 4
26 6
26 6
26 9
72 7
36 4
38 4
39 4
38 4
36 4
36 2
38 2
39 2
38 2
36 4
38 6
38 6
38 9
72 7
36 4
38 4
39 4
38 4
36 4
29 2
31 2
32 2
31 2
29 4
26 6
26 6
26 9
72 7
36 4
38 4
39 4
38 4
36 4
36 2
38 2
39 2
38 2
36 4
31 6
31 6
31 4
34 2
31 2
36 2
33 2
37 2
35 2
36 2
37 2
38 11
72 14
48 2
47 2
46 2
45 2
44 2
43 2
42 2
41 2
40 2
39 2
38 2
37 2
36 2
35 2
34 2
33 2
32 2
31 2
30 2
29 2
28 2
27 2
26 2
25 2
24 2
23 2
22 2
21 2
21 2
22 2
23 2
24 2
25 2
26 2
27 2
28 2
29 2
30 2
31 2
32 2
33 2
34 2
35 2
36 2
37 2
38 2
39 2
40 2
48 4
44 4
47 4
42 4
46 4
41 4
45 4
40 4
72 14
E
S
L
72 14
36 4
38 4
72 12
31 2
32 2
33 4
38 4
36 4
31 6
33 6
29 4
38 4
36 4
72 7
31 6
31 6
31 4
36 2
35 2
33 4
35 4
33 4
30 2
31 2
32 2
33 2
38 2
35 2
34 2
33 2
36 4
33 4
72 11
36 4
38 6
36 6
38 6
72 8
33 2
33 2
36 6
33 6
36 4
31 6
31 6
33 4
26 6
26 6
26 6
72 10
26 6
26 6
26 6
72 10
26 6
26 6
26 6
72 10
26 6
26 6
26 6
72 10
26 6
26 6
26 6
72 10
26 6
26 6
26 6
72 10
26 6
26 6
26 6
72 10
26 6
26 6
26 6
72 14
E
S
H
72 14
50 12
72 7
53 7
55 11
72 7
57 7
50 7
52 7
53 7
56 7
55 11
72 14
50 11
72 13
50 11
72 13
50 11
72 13
50 11
72 14
50 12
72 12
48 6
49 6
52 2
51 2
50 12
72 14
62 7
60 7
57 7
60 7
57 7
72 14
57 7
55 7
52 7
48 12
72 14
E
S
H
72 14
38 7
72 12
41 7
43 7
72 11
45 7
38 7
40 7
41 7
44 7
43 7
72 14
40 7
38 4
40 4
38 4
40 4
38 4
72 4
35 7
33 4
35 4
38 9
72 4
43 7
41 4
43 4
41 4
43 4
41 4
45 7
43 7
41 7
38 7
72 4
40 7
38 4
40 4
38 4
40 4
38 4
72 4
35 7
40 4
38 4
35 9
72 4
43 7
41 4
43 4
41 4
43 4
41 4
45 4
48 4
43 4
45 4
41 4
43 4
38 4
40 4
72 14
E
S
H
72 14
56 9
53 2
55 2
56 2
55 2
53 4
50 2
51 2
52 2
53 2
55 2
56 2
57 2
50 2
48 2
50 2
49 2
48 2
45 9
41 4
50 2
49 2
48 2
45 2
50 2
49 2
48 2
45 2
48 2
49 2
50 2
51 2
55 2
57 2
50 2
48 2
50 2
48 2
45 2
41 2
45 2
48 2
45 2
48 2
50 11
72 14
50 7
50 4
50 2
49 2
48 7
48 7
43 2
45 6
45 4
48 4
50 2
48 2
45 2
41 2
45 2
48 2
45 2
48 2
50 7
50 4
50 2
49 2
48 7
48 7
53 7
53 4
53 2
52 2
50 11
72 14
E
S
L
72 4
14 7
72 12
14 7
72 11
18 7
19 7
14 7
72 12
14 7
72 4
17 7
12 7
12 7
14 7
72 12
14 7
72 11
18 7
19 7
14 7
72 12
14 7
72 4
17 7
12 7
12 7
72 14
14 7
72 12
14 7
72 11
18 7
19 7
14 7
72 12
14 7
72 4
17 7
12 7
12 7
14 7
72 12
14 7
72 11
18 7
19 7
14 7
72 12
14 7
72 4
17 7
12 7
12 7
72 9
17 7
72 14
17 7
72 14
17 7
72 14
17 7
72 14
14 4
14 2
17 2
19 4
19 11
19 4
19 2
22 2
24 4
24 11
14 4
14 2
17 2
19 4
19 11
17 4
17 2
19 2
17 4
17 9
12 7
72 14
E
S
L
72 14
14 4
14 4
72 4
14 2
14 2
17 2
17 2
72 2
17 2
72 4
14 2
17 2
14 2
14 2
14 4
72 4
14 2
14 2
17 4
72 2
17 4
72 2
17 2
19 2
14 4
72 7
14 2
14 2
17 2
17 2
72 2
17 4
72 2
14 2
17 2
14 2
14 2
14 4
72 4
14 2
14 2
17 4
72 2
12 4
72 2
12 4
17 7
17 7
19 7
19 7
21 2
24 6
24 4
21 4
26 7
26 7
17 7
17 7
19 7
19 7
21 2
24 6
24 4
21 4
19 7
19 7
16 9
16 4
72 11
16 9
16 4
72 11
19 9
19 4
19 4
72 9
21 7
19 7
16 7
12 7
14 4
14 4
72 4
14 2
14 2
17 2
17 2
72 2
17 2
72 4
14 2
17 2
14 2
14 2
14 4
72 4
14 2
14 2
17 4
72 2
17 4
72 2
17 2
19 2
14 4
72 7
14 2
14 2
17 2
17 2
72 2
17 4
72 2
14 2
17 2
14 2
14 2
14 4
72 4
14 2
14 2
17 4
72 2
12 4
72 2
12 4
14 4
14 4
72 4
14 2
14 2
17 2
17 2
72 2
17 2
72 4
14 2
17 2
14 2
14 2
14 4
72 4
14 2
14 2
17 4
72 2
17 4
72 2
17 2
19 2
14 4
72 7
14 2
14 2
17 2
17 2
72 2
17 4
72 2
14 2
17 2
14 2
14 2
14 4
72 4
14 2
14 2
17 4
72 2
12 4
72 2
12 4
14 4
14 4
72 4
14 2
14 2
17 2
17 2
72 2
17 2
72 4
14 2
17 2
14 2
14 2
14 4
72 4
14 2
14 2
17 4
72 2
17 4
72 2
17 2
19 2
14 4
72 7
14 2
14 2
17 2
17 2
72 2
17 4
72 2
14 2
17 2
14 2
14 2
14 4
72 4
14 2
14 2
17 4
72 2
12 4
72 2
12 4
14 4
14 4
72 4
14 2
14 2
17 2
17 2
72 2
17 2
72 4
14 2
17 2
14 2
14 2
14 4
72 4
14 2
14 2
17 4
72 2
17 4
72 2
17 2
19 2
14 4
72 7
14 2
14 2
17 2
17 2
72 2
17 4
72 2
14 2
17 2
14 2
14 2
14 4
72 4
14 2
14 2
17 4
72 2
12 4
72 2
12 4
19 7
72 4
19 7
17 7
12 7
14 7
19 7
72 4
19 7
22 7
21 7
22 7
19 9
19 4
17 7
12 4
14 4
19 9
19 4
22 7
21 4
22 4
19 9
19 4
17 7
12 4
14 4
19 9
19 4
22 7
21 4
22 4
19 9
19 4
17 7
12 4
14 4
19 9
19 4
22 7
21 4
22 4
26 9
26 4
24 7
24 7
19 4
19 2
22 6
22 2
22 2
19 4
19 2
22 6
22 2
22 2
26 9
26 4
24 7
24 7
19 4
19 2
22 6
22 2
22 2
19 4
19 2
24 6
24 2
24 2
22 7
22 7
19 7
19 7
22 2
24 6
24 4
19 4
26 7
26 7
17 7
17 7
19 7
19 7
19 2
24 6
24 4
20 4
19 7
19 7
16 9
16 4
72 11
16 9
16 4
72 11
19 9
19 4
19 4
72 9
21 7
19 7
16 7
12 7
16 9
16 4
72 11
16 9
16 4
72 11
19 9
19 4
19 4
72 9
21 7
19 7
16 7
12 7
14 4
14 2
17 2
19 12
19 4
19 2
22 2
24 12
14 4
14 2
17 2
19 12
17 4
17 2
19 2
17 11
12 7
72 14
E
S
L
14 2
72 8
14 2
14 2
17 2
17 2
72 2
17 2
72 4
14 2
17 2
14 2
14 2
14 2
72 6
14 2
14 2
17 2
72 4
17 2
72 4
17 2
19 2
14 2
72 8
14 2
14 2
17 2
17 2
72 2
17 2
72 4
14 2
17 2
14 2
14 2
14 2
72 6
14 2
14 2
17 2
72 4
12 2
72 4
12 2
72 2
14 2
72 8
14 2
14 2
17 2
17 2
72 2
17 2
72 4
14 2
17 2
14 2
14 2
14 2
72 6
14 2
14 2
17 2
72 4
17 2
72 4
17 2
19 2
14 2
72 8
14 2
14 2
17 2
17 2
72 2
17 2
72 4
14 2
17 2
14 2
14 2
14 2
72 6
14 2
14 2
17 2
72 4
12 2
72 4
12 2
72 14
16 2
72 7
16 2
72 4
16 2
72 10
16 2
72 7
16 2
72 2
14 2
16 2
72 10
19 2
72 8
14 2
72 6
14 2
72 6
14 2
72 2
14 2
72 6
16 2
72 6
17 2
72 6
20 2
72 6
14 2
72 8
14 2
14 2
17 2
17 2
72 2
17 2
72 4
14 2
17 2
14 2
14 2
14 2
72 6
14 2
14 2
17 2
72 4
17 2
72 4
17 2
19 2
14 2
72 8
14 2
14 2
17 2
17 2
72 2
17 2
72 4
14 2
17 2
14 2
14 2
14 2
72 6
14 2
14 2
17 2
72 4
12 2
72 4
12 2
72 2
14 2
72 8
14 2
14 2
17 2
17 2
72 2
17 2
72 4
14 2
17 2
14 2
14 2
14 2
72 6
14 2
14 2
17 2
72 4
17 2
72 4
17 2
19 2
14 2
72 8
14 2
14 2
17 2
17 2
72 2
17 2
72 4
14 2
17 2
14 2
14 2
14 2
72 6
14 2
14 2
17 2
72 4
12 2
72 4
12 2
72 2
14 2
72 8
14 2
14 2
17 2
17 2
72 2
17 2
72 4
14 2
17 2
14 2
14 2
14 2
72 6
14 2
14 2
17 2
72 4
17 2
72 4
17 2
19 2
14 2
72 8
14 2
14 2
17 2
17 2
72 2
17 2
72 4
14 2
17 2
14 2
14 2
14 2
72 6
14 2
14 2
17 2
72 4
12 2
72 4
12 2
72 2
14 2
72 8
14 2
14 2
17 2
17 2
72 2
17 2
72 4
14 2
17 2
14 2
14 2
14 2
72 6
14 2
14 2
17 2
72 4
17 2
72 4
17 2
19 2
14 2
72 8
14 2
14 2
17 2
17 2
72 2
17 2
72 4
14 2
17 2
14 2
14 2
14 2
72 6
14 2
14 2
17 2
72 4
12 2
72 4
12 2
72 14
16 2
72 7
16 2
72 4
16 2
72 10
16 2
72 7
16 2
72 2
14 2
16 2
72 10
19 2
72 8
14 2
72 6
14 2
72 6
14 2
72 2
14 2
72 6
16 2
72 6
17 2
72 6
20 2
72 6
16 2
72 7
16 2
72 4
16 2
72 10
16 2
72 7
16 2
72 2
14 2
16 2
72 10
19 2
72 8
14 2
72 6
14 2
72 6
14 2
72 2
14 2
72 6
16 2
72 6
17 2
72 6
20 2
72 14
14 2
72 8
14 2
14 2
17 2
17 2
72 2
17 2
72 4
14 2
17 2
14 2
14 2
14 2
72 6
14 2
14 2
17 2
72 4
17 2
72 4
17 2
19 2
14 2
72 8
14 2
14 2
17 2
17 2
72 2
17 2
72 4
14 2
17 2
14 2
14 2
14 2
72 6
14 2
14 2
17 2
72 4
12 2
72 4
12 2
72 2
E
X
