minor
S
H
48 4
72 4
43 4
72 2
36 2
44 2
43 2
41 2
39 2
38 4
36 4
39 2
72 2
39 2
41 2
42 2
72 2
39 2
72 2
42 2
72 2
44 2
72 2
45 2
72 2
44 2
72 2
48 4
72 4
43 4
72 2
36 2
44 2
43 2
41 2
39 2
38 4
36 4
39 2
72 2
39 2
41 2
42 2
72 2
39 2
72 2
42 2
72 2
44 2
72 2
45 2
72 2
44 2
72 2
46 2
72 2
46 2
48 2
49 2
72 2
46 2
72 2
49 2
72 2
46 2
72 2
49 2
72 2
46 2
72 2
45 2
72 2
45 2
49 2
52 2
72 2
49 2
72 2
52 2
72 2
49 2
72 2
52 2
72 2
49 2
72 2
46 2
72 2
46 2
48 2
49 2
72 2
48 2
72 2
46 2
72 2
44 2
72 2
42 2
72 2
41 2
72 2
40 2
43 2
46 2
72 2
49 2
72 2
46 2
72 2
41 2
72 6
49 2
72 14
46 2
45 2
46 2
48 2
49 2
48 2
46 2
45 2
46 2
45 2
46 2
48 2
49 2
48 2
46 2
44 2
45 2
43 2
45 2
47 2
49 2
47 2
45 2
43 2
45 2
43 2
45 2
47 2
49 2
47 2
45 2
43 2
46 2
45 2
46 2
48 2
49 2
48 2
46 2
45 2
46 2
45 2
46 2
48 2
49 2
48 2
46 2
44 2
40 2
43 2
46 2
49 2
52 2
55 2
58 2
61 2
53 2
52 2
49 2
48 2
46 2
45 2
42 2
41 2
72 14
48 2
47 2
48 2
50 2
51 2
50 2
48 2
47 2
48 2
47 2
48 2
50 2
51 2
50 2
48 2
46 2
47 2
45 2
47 2
49 2
51 2
49 2
47 2
45 2
47 2
45 2
47 2
49 2
51 2
49 2
47 2
45 2
48 2
47 2
48 2
50 2
51 2
50 2
48 2
47 2
48 2
47 2
48 2
50 2
51 2
50 2
48 2
46 2
42 2
45 2
48 2
51 2
54 2
57 2
60 2
63 2
55 2
54 2
51 2
50 2
48 2
47 2
44 2
43 2
E
S
H
72 14
48 4
72 4
43 4
72 2
36 2
44 2
43 2
41 2
39 2
38 4
36 4
39 2
72 2
39 2
41 2
42 2
72 2
39 2
72 2
42 2
72 2
44 2
72 2
45 2
72 2
44 2
72 2
48 4
72 4
43 4
72 2
36 2
44 2
43 2
41 2
39 2
38 4
36 4
39 2
72 2
39 2
41 2
42 2
72 2
39 2
72 2
42 2
72 2
44 2
72 2
45 2
72 2
44 2
72 2
46 2
72 2
46 2
48 2
49 2
72 2
46 2
72 2
49 2
72 2
46 2
72 2
49 2
72 2
46 2
72 2
45 2
72 2
45 2
49 2
52 2
72 2
49 2
72 2
52 2
72 2
49 2
72 2
52 2
72 2
49 2
72 2
46 2
72 2
46 2
48 2
49 2
72 2
48 2
72 2
46 2
72 2
44 2
72 2
42 2
72 2
41 2
72 2
40 2
43 2
46 2
72 2
49 2
72 2
46 2
72 2
41 2
72 6
49 2
72 6
48 4
72 4
43 4
72 2
36 2
44 2
43 2
41 2
39 2
38 4
36 4
39 2
72 2
39 2
41 2
42 2
72 2
39 2
72 2
42 2
72 2
44 2
72 2
45 2
72 2
44 2
72 2
48 4
72 4
43 4
72 2
36 2
44 2
43 2
41 2
39 2
38 4
36 4
39 2
72 2
39 2
41 2
42 2
72 2
39 2
72 2
42 2
72 2
44 2
72 2
45 2
72 2
44 2
72 2
46 2
72 2
46 2
48 2
49 2
72 2
46 2
72 2
49 2
72 2
46 2
72 2
49 2
72 2
46 2
72 2
45 2
72 2
45 2
49 2
52 2
72 2
49 2
72 2
52 2
72 2
49 2
72 2
52 2
72 2
49 2
72 2
46 2
72 2
46 2
48 2
49 2
72 2
48 2
72 2
46 2
72 2
44 2
72 2
42 2
72 2
41 2
72 2
40 2
43 2
46 2
72 2
49 2
72 2
46 2
72 2
41 2
72 6
49 2
72 14
50 4
72 4
45 4
72 2
38 2
46 2
45 2
43 2
41 2
40 4
38 4
41 2
72 2
41 2
43 2
44 2
72 2
41 2
72 2
44 2
72 2
46 2
72 2
47 2
72 2
46 2
72 2
50 4
72 4
45 4
72 2
38 2
46 2
45 2
43 2
41 2
40 4
38 4
41 2
72 2
41 2
43 2
44 2
72 2
41 2
72 2
44 2
72 2
46 2
72 2
47 2
72 2
46 2
72 2
48 2
72 2
48 2
50 2
51 2
72 2
48 2
72 2
51 2
72 2
48 2
72 2
51 2
72 2
48 2
72 2
47 2
72 2
47 2
51 2
54 2
72 2
51 2
72 2
54 2
72 2
51 2
72 2
54 2
72 2
51 2
72 2
48 2
72 2
48 2
50 2
51 2
72 2
50 2
72 2
48 2
72 2
46 2
72 2
44 2
72 2
43 2
72 2
42 2
45 2
48 2
72 2
51 2
72 2
48 2
72 2
43 2
72 6
51 2
72 6
50 4
72 4
45 4
72 2
38 2
46 2
45 2
43 2
41 2
40 4
38 4
41 2
72 2
41 2
43 2
44 2
72 2
41 2
72 2
44 2
72 2
46 2
72 2
47 2
72 2
46 2
72 2
50 4
72 4
45 4
72 2
38 2
46 2
45 2
43 2
41 2
40 4
38 4
41 2
72 2
41 2
43 2
44 2
72 2
41 2
72 2
44 2
72 2
46 2
72 2
47 2
72 2
46 2
E
S
H
72 14
48 2
72 6
43 2
72 4
43 2
48 2
72 2
43 2
72 2
48 2
72 2
50 2
72 2
51 2
72 6
46 2
72 6
51 2
72 10
48 2
72 6
43 2
72 4
43 2
48 2
72 2
43 2
72 2
48 2
72 2
50 2
72 2
51 2
72 6
46 2
72 6
51 2
72 14
137 2
72 6
43 2
72 0
43 2
72 0
43 2
72 0
137 2
72 6
43 2
72 0
43 2
72 0
43 2
72 0
137 2
72 6
43 2
72 0
43 2
72 0
43 2
72 0
137 2
72 4
43 2
72 4
43 2
72 4
137 2
72 6
43 2
72 0
43 2
72 0
43 2
72 0
137 2
72 6
43 2
72 0
43 2
72 0
43 2
72 0
137 2
72 6
43 2
72 0
43 2
72 0
43 2
72 0
137 2
72 4
43 2
72 4
43 2
72 4
137 2
72 6
43 2
72 0
43 2
72 0
43 2
72 0
137 2
72 6
43 2
72 0
43 2
72 0
43 2
72 0
137 2
72 6
43 2
72 0
43 2
72 0
43 2
72 0
137 2
72 4
43 2
72 4
43 2
72 4
137 2
72 6
43 2
72 0
43 2
72 0
43 2
72 0
137 2
72 6
43 2
72 0
43 2
72 0
43 2
72 0
137 2
72 6
43 2
72 0
43 2
72 0
43 2
72 0
137 2
72 4
43 2
72 4
43 2
72 14
50 2
72 6
45 2
72 4
45 2
50 2
72 2
45 2
72 2
50 2
72 2
52 2
72 2
53 2
72 6
48 2
72 6
53 2
72 10
50 2
72 6
45 2
72 4
45 2
50 2
72 2
45 2
72 2
50 2
72 2
52 2
72 2
53 2
72 6
48 2
72 6
53 2
72 10
48 2
72 2
48 2
50 2
51 2
72 2
48 2
72 2
51 2
72 2
48 2
72 2
51 2
72 2
48 2
72 2
47 2
72 2
47 2
51 2
54 2
72 2
51 2
72 2
54 2
72 2
51 2
72 2
54 2
72 2
51 2
72 2
48 2
72 2
48 2
50 2
51 2
72 2
50 2
72 2
48 2
72 2
46 2
72 2
44 2
72 2
43 2
72 2
42 2
45 2
48 2
72 2
51 2
72 2
48 2
72 2
43 2
72 6
51 2
E
S
L
12 2
72 2
14 2
72 2
15 2
72 2
14 2
72 2
12 2
72 2
14 2
72 2
15 2
72 2
14 2
72 2
15 2
72 2
17 2
72 2
18 2
72 2
17 2
72 2
15 2
72 2
17 2
72 2
18 2
72 2
17 2
72 2
12 2
72 2
14 2
72 2
15 2
72 2
14 2
72 2
12 2
72 2
14 2
72 2
15 2
72 2
14 2
72 2
15 2
72 2
17 2
72 2
18 2
72 2
17 2
72 2
15 2
72 2
17 2
72 2
18 2
72 2
17 2
72 2
10 2
72 2
12 2
72 2
13 2
72 2
12 2
72 2
10 2
72 2
12 2
72 2
13 2
72 2
12 2
72 2
9 2
72 2
13 2
72 2
16 2
72 2
13 2
72 2
9 2
72 2
13 2
72 2
16 2
72 2
13 2
72 2
10 2
72 2
12 2
72 2
13 2
72 2
12 2
72 2
10 2
72 2
8 2
72 2
6 2
72 2
5 2
72 2
4 2
72 2
7 2
72 2
13 2
72 2
7 2
72 2
5 2
72 6
13 2
72 6
12 2
72 2
14 2
72 2
15 2
72 2
14 2
72 2
12 2
72 2
14 2
72 2
15 2
72 2
14 2
72 2
15 2
72 2
17 2
72 2
18 2
72 2
17 2
72 2
15 2
72 2
17 2
72 2
18 2
72 2
17 2
72 2
12 2
72 2
14 2
72 2
15 2
72 2
14 2
72 2
12 2
72 2
14 2
72 2
15 2
72 2
14 2
72 2
15 2
72 2
17 2
72 2
18 2
72 2
17 2
72 2
15 2
72 2
17 2
72 2
18 2
72 2
17 2
72 2
10 2
72 2
12 2
72 2
13 2
72 2
12 2
72 2
10 2
72 2
12 2
72 2
13 2
72 2
12 2
72 2
9 2
72 2
13 2
72 2
16 2
72 2
13 2
72 2
9 2
72 2
13 2
72 2
16 2
72 2
13 2
72 2
10 2
72 2
12 2
72 2
13 2
72 2
12 2
72 2
10 2
72 2
8 2
72 2
6 2
72 2
5 2
72 2
4 2
72 2
7 2
72 2
13 2
72 2
7 2
72 2
5 2
72 6
13 2
72 6
12 2
72 2
14 2
72 2
15 2
72 2
14 2
72 2
12 2
72 2
14 2
72 2
15 2
72 2
14 2
72 2
15 2
72 2
17 2
72 2
18 2
72 2
17 2
72 2
15 2
72 2
17 2
72 2
18 2
72 2
17 2
72 2
12 2
72 2
14 2
72 2
15 2
72 2
14 2
72 2
12 2
72 2
14 2
72 2
15 2
72 2
14 2
72 2
15 2
72 2
17 2
72 2
18 2
72 2
17 2
72 2
15 2
72 2
17 2
72 2
18 2
72 2
17 2
72 2
10 2
72 2
12 2
72 2
13 2
72 2
12 2
72 2
10 2
72 2
12 2
72 2
13 2
72 2
12 2
72 2
9 2
72 2
13 2
72 2
16 2
72 2
13 2
72 2
9 2
72 2
13 2
72 2
16 2
72 2
13 2
72 2
10 2
72 2
12 2
72 2
13 2
72 2
12 2
72 2
10 2
72 2
8 2
72 2
6 2
72 2
5 2
72 2
4 2
72 2
7 2
72 2
13 2
72 2
7 2
72 2
5 2
72 6
13 2
72 6
12 2
72 2
14 2
72 2
15 2
72 2
14 2
72 2
12 2
72 2
14 2
72 2
15 2
72 2
14 2
72 2
15 2
72 2
17 2
72 2
18 2
72 2
17 2
72 2
15 2
72 2
17 2
72 2
18 2
72 2
17 2
72 2
12 2
72 2
14 2
72 2
15 2
72 2
14 2
72 2
12 2
72 2
14 2
72 2
15 2
72 2
14 2
72 2
15 2
72 2
17 2
72 2
18 2
72 2
17 2
72 2
15 2
72 2
17 2
72 2
18 2
72 2
17 2
72 2
10 2
72 2
12 2
72 2
13 2
72 2
12 2
72 2
10 2
72 2
12 2
72 2
13 2
72 2
12 2
72 2
9 2
72 2
13 2
72 2
16 2
72 2
13 2
72 2
9 2
72 2
13 2
72 2
16 2
72 2
13 2
72 2
10 2
72 2
12 2
72 2
13 2
72 2
12 2
72 2
10 2
72 2
8 2
72 2
6 2
72 2
5 2
72 2
4 2
72 2
7 2
72 2
13 2
72 2
7 2
72 2
5 2
72 6
13 2
72 6
12 2
24 2
12 2
24 2
14 2
26 2
14 2
26 2
15 2
27 2
15 2
27 2
17 2
29 2
17 2
29 2
19 2
31 2
19 2
31 2
20 2
32 2
20 2
32 2
18 2
30 2
18 2
30 2
19 2
31 2
19 2
31 2
12 2
24 2
12 2
24 2
14 2
26 2
14 2
26 2
15 2
27 2
15 2
27 2
17 2
29 2
17 2
29 2
19 2
31 2
19 2
31 2
20 2
32 2
20 2
32 2
22 2
34 2
22 2
34 2
20 2
32 2
20 2
32 2
12 2
24 2
12 2
24 2
14 2
26 2
14 2
26 2
15 2
27 2
15 2
27 2
17 2
29 2
17 2
29 2
19 2
31 2
19 2
31 2
20 2
32 2
20 2
32 2
18 2
30 2
18 2
30 2
19 2
31 2
19 2
31 2
12 2
24 2
12 2
24 2
14 2
26 2
14 2
26 2
15 2
27 2
15 2
27 2
17 2
29 2
17 2
29 2
18 2
30 2
18 2
30 2
20 2
32 2
20 2
32 2
22 2
34 2
22 2
34 2
23 2
35 2
23 2
35 2
24 2
72 6
24 2
72 0
24 2
72 0
24 2
72 0
24 2
72 6
24 2
72 0
24 2
72 0
24 2
72 0
24 2
72 6
24 2
72 0
24 2
72 0
24 2
72 0
24 2
72 4
24 2
72 4
24 2
72 4
24 2
72 6
24 2
72 0
24 2
72 0
24 2
72 0
24 2
72 6
24 2
72 0
24 2
72 0
24 2
72 0
24 2
72 6
24 2
72 0
24 2
72 0
24 2
72 0
24 2
72 4
24 2
72 4
24 2
72 4
24 2
72 6
24 2
72 0
24 2
72 0
24 2
72 0
24 2
72 6
24 2
72 0
24 2
72 0
24 2
72 0
24 2
72 6
24 2
72 0
24 2
72 0
24 2
72 0
24 2
72 4
24 2
72 4
24 2
72 4
24 2
72 6
24 2
72 0
24 2
72 0
24 2
72 0
24 2
72 6
24 2
72 0
24 2
72 0
24 2
72 0
24 2
72 6
24 2
72 0
24 2
72 0
24 2
72 0
24 2
72 4
24 2
72 4
24 2
72 4
14 2
72 2
16 2
72 2
17 2
72 2
16 2
72 2
14 2
72 2
16 2
72 2
17 2
72 2
16 2
72 2
17 2
72 2
19 2
72 2
20 2
72 2
19 2
72 2
17 2
72 2
19 2
72 2
20 2
72 2
19 2
72 2
14 2
72 2
16 2
72 2
17 2
72 2
16 2
72 2
14 2
72 2
16 2
72 2
17 2
72 2
16 2
72 2
17 2
72 2
19 2
72 2
20 2
72 2
19 2
72 2
17 2
72 2
19 2
72 2
20 2
72 2
19 2
72 2
12 2
72 2
14 2
72 2
15 2
72 2
14 2
72 2
12 2
72 2
14 2
72 2
15 2
72 2
14 2
72 2
11 2
72 2
15 2
72 2
18 2
72 2
15 2
72 2
11 2
72 2
15 2
72 2
18 2
72 2
15 2
72 2
12 2
72 2
14 2
72 2
15 2
72 2
14 2
72 2
12 2
72 2
10 2
72 2
8 2
72 2
7 2
72 2
6 2
72 2
9 2
72 2
15 2
72 2
9 2
72 2
7 2
72 6
15 2
72 6
14 2
72 2
16 2
72 2
17 2
72 2
16 2
72 2
14 2
72 2
16 2
72 2
17 2
72 2
16 2
72 2
17 2
72 2
19 2
72 2
20 2
72 2
19 2
72 2
17 2
72 2
19 2
72 2
20 2
72 2
19 2
72 2
14 2
72 2
16 2
72 2
17 2
72 2
16 2
72 2
14 2
72 2
16 2
72 2
17 2
72 2
16 2
72 2
17 2
72 2
19 2
72 2
20 2
72 2
19 2
72 2
17 2
72 2
19 2
72 2
20 2
72 2
19 2
72 2
12 2
72 2
14 2
72 2
15 2
72 2
14 2
72 2
12 2
72 2
14 2
72 2
15 2
72 2
14 2
72 2
11 2
72 2
15 2
72 2
18 2
72 2
15 2
72 2
11 2
72 2
15 2
72 2
18 2
72 2
15 2
72 2
12 2
72 2
14 2
72 2
15 2
72 2
14 2
72 2
12 2
72 2
10 2
72 2
8 2
72 2
7 2
72 2
6 2
72 2
9 2
72 2
15 2
72 2
9 2
72 2
7 2
72 6
15 2
E
S
L
72 14
20 4
21 4
72 14
20 4
21 4
72 14
20 4
21 4
72 14
20 4
21 4
72 14
20 4
21 4
72 14
20 4
21 4
72 14
20 4
21 4
72 14
20 4
21 4
72 14
20 4
21 4
72 14
20 4
21 4
72 14
20 4
21 4
72 14
20 4
21 4
72 14
20 4
21 4
72 14
20 4
21 4
72 14
12 4
72 14
12 4
72 14
12 4
72 14
12 4
72 14
12 2
72 10
12 2
72 10
12 2
72 10
12 2
72 10
12 2
72 10
12 2
72 10
12 2
72 10
12 2
72 14
22 4
23 4
72 14
22 4
23 4
72 14
22 4
23 4
72 14
22 4
23 4
72 14
22 4
23 4
72 14
22 4
23 4
72 14
22 4
23 4
E
S
L
72 14
24 2
72 6
19 2
72 4
19 2
24 2
72 2
19 2
72 2
24 2
72 2
26 2
72 2
27 2
72 6
22 2
72 6
27 2
72 10
24 2
72 6
19 2
72 4
19 2
24 2
72 2
19 2
72 2
24 2
72 2
26 2
72 2
27 2
72 6
22 2
72 6
27 2
72 14
24 2
72 6
24 2
72 6
24 2
72 6
24 2
72 6
24 2
72 6
24 2
72 6
24 2
72 6
24 2
72 6
137 2
72 6
137 2
72 6
137 2
72 6
137 2
72 6
137 2
72 6
137 2
72 6
137 2
72 6
137 2
72 6
24 2
72 6
24 2
72 6
24 2
72 6
24 2
72 6
24 2
72 6
24 2
72 6
24 2
72 6
24 2
72 6
137 2
72 6
137 2
72 6
137 2
72 6
137 2
72 6
137 2
72 6
137 2
72 6
137 2
72 6
137 2
72 14
24 2
72 10
24 2
72 10
24 2
72 10
24 2
72 4
24 2
72 4
24 2
72 14
26 2
72 6
21 2
72 4
21 2
26 2
72 2
21 2
72 2
26 2
72 2
28 2
72 2
29 2
72 6
24 2
72 6
29 2
72 10
26 2
72 6
21 2
72 4
21 2
26 2
72 2
21 2
72 2
26 2
72 2
28 2
72 2
29 2
72 6
24 2
72 6
29 2
E
S
H
72 4
108 2
72 6
108 2
72 6
108 2
72 6
108 2
72 6
147 2
72 6
147 2
72 6
147 2
72 6
147 2
72 6
108 2
72 6
108 2
72 6
108 2
72 6
108 2
72 6
147 2
72 6
147 2
72 6
147 2
72 6
147 2
72 6
226 2
72 6
226 2
72 6
226 2
72 6
226 2
72 6
213 2
72 6
213 2
72 6
213 2
72 6
213 2
72 6
226 2
72 6
226 2
72 6
226 2
72 6
226 2
72 6
189 2
72 6
189 2
72 6
214 2
72 6
214 2
72 6
108 2
72 6
108 2
72 6
108 2
72 6
108 2
72 6
147 2
72 6
147 2
72 6
147 2
72 6
147 2
72 6
108 2
72 6
108 2
72 6
108 2
72 6
108 2
72 6
147 2
72 6
147 2
72 6
147 2
72 6
147 2
72 6
226 2
72 6
226 2
72 6
226 2
72 6
226 2
72 6
213 2
72 6
213 2
72 6
213 2
72 6
213 2
72 6
226 2
72 6
226 2
72 6
226 2
72 6
226 2
72 6
189 2
72 6
189 2
72 6
214 2
72 6
214 2
72 6
108 2
72 6
108 2
72 6
108 2
72 2
108 2
72 2
108 2
72 6
147 2
72 6
147 2
72 6
147 2
72 6
147 2
72 6
108 2
72 6
108 2
72 6
108 2
72 6
108 2
72 6
147 2
72 6
147 2
72 6
147 2
72 6
147 2
72 6
226 2
226 2
226 2
72 2
226 2
226 2
226 2
72 2
226 2
72 6
226 2
72 6
213 2
72 6
213 2
72 6
213 2
72 6
213 2
72 6
226 2
72 6
226 2
72 6
226 2
72 6
226 2
72 6
189 2
72 6
189 2
72 6
214 2
72 6
214 2
72 6
108 2
72 6
108 2
72 6
108 2
72 2
108 2
72 2
108 2
72 6
147 2
72 6
147 2
72 6
147 2
72 6
147 2
72 6
108 2
72 6
108 2
72 6
108 2
72 6
108 2
72 6
147 2
72 6
147 2
72 6
147 2
72 6
147 2
72 6
226 2
226 2
226 2
72 2
226 2
226 2
226 2
72 2
226 2
72 6
226 2
72 6
213 2
72 6
213 2
72 6
213 2
72 6
213 2
72 6
226 2
72 6
226 2
72 6
226 2
72 6
226 2
72 6
189 2
72 6
189 2
72 6
214 2
72 6
214 2
72 14
137 2
72 10
137 2
72 10
137 2
72 10
137 2
72 4
137 2
72 4
137 2
72 7
134 2
72 6
134 2
72 6
134 2
72 2
134 2
72 2
134 2
72 6
161 2
72 6
161 2
72 6
161 2
72 6
161 2
72 6
134 2
72 6
134 2
72 6
134 2
72 6
134 2
72 6
161 2
72 6
161 2
72 6
161 2
72 6
161 2
72 6
108 2
108 2
108 2
72 2
108 2
108 2
108 2
72 2
108 2
72 6
108 2
72 6
239 2
72 6
239 2
72 6
239 2
72 6
239 2
72 6
108 2
72 6
108 2
72 6
108 2
72 6
108 2
72 6
215 2
72 6
215 2
72 6
240 2
72 6
240 2
72 6
134 2
72 6
134 2
72 6
134 2
72 2
134 2
72 2
134 2
72 6
161 2
72 6
161 2
72 6
161 2
72 6
161 2
72 6
134 2
72 6
134 2
72 6
134 2
72 6
134 2
72 6
161 2
72 6
161 2
72 6
161 2
72 6
161 2
72 6
108 2
72 6
108 2
72 6
108 2
72 6
108 2
72 6
239 2
72 6
239 2
72 6
239 2
72 6
239 2
72 6
108 2
72 6
108 2
72 6
108 2
72 6
108 2
72 6
215 2
72 6
215 2
72 6
240 2
72 6
240 2
E
S
H
72 14
48 2
72 6
43 2
72 4
43 2
72 0
48 2
72 6
43 2
72 4
43 2
72 0
48 2
72 6
43 2
72 4
43 2
72 0
48 2
72 4
43 2
72 4
43 2
72 4
48 2
72 6
43 2
72 4
43 2
72 0
48 2
72 6
43 2
72 4
43 2
72 0
48 2
72 6
43 2
72 4
43 2
72 0
48 2
72 4
43 2
72 4
43 2
72 4
48 2
72 6
43 2
72 4
43 2
72 0
48 2
72 6
43 2
72 4
43 2
72 0
48 2
72 6
43 2
72 4
43 2
72 0
48 2
72 4
43 2
72 4
43 2
72 4
48 2
72 6
43 2
72 4
43 2
72 0
48 2
72 6
43 2
72 4
43 2
72 0
48 2
72 6
43 2
72 4
43 2
72 0
48 2
72 4
43 2
72 4
43 2
E
S
H
72 14
48 11
72 14
48 11
72 13
48 11
72 14
48 11
72 14
48 11
72 13
48 11
72 14
48 11
72 14
48 11
72 13
48 11
72 14
48 11
72 14
48 11
72 13
48 11
E
S
L
317 2
18 2
1617 2
18 2
173 2
18 2
1617 2
18 2
173 2
18 2
1617 2
18 2
173 2
18 2
1617 2
18 2
173 2
18 2
1617 2
18 2
173 2
18 2
1617 2
18 2
173 2
18 2
1617 2
18 2
173 2
177 2
18 2
18 2
173 2
18 2
1617 2
18 2
173 2
18 2
1617 2
18 2
173 2
18 2
1617 2
18 2
173 2
18 2
1617 2
18 2
173 2
18 2
1617 2
18 2
173 2
18 2
1617 2
18 2
173 2
18 2
1617 2
18 2
173 2
177 2
18 2
18 2
173 2
18 2
1617 2
18 2
173 2
18 2
1617 2
18 2
173 2
18 2
1617 2
18 2
173 2
18 2
1617 2
18 2
173 2
18 2
1617 2
18 2
173 2
18 2
1617 2
18 2
173 2
18 2
1617 2
18 2
173 2
177 2
18 2
18 2
173 2
18 2
1617 2
18 2
173 2
18 2
1617 2
18 2
173 2
18 2
1617 2
18 2
173 2
18 2
1617 2
18 2
173 2
18 2
1617 2
18 2
173 2
18 2
1617 2
18 2
173 2
18 2
1617 2
18 2
173 2
177 2
18 2
18 2
173 2
18 2
1617 2
18 2
173 2
18 2
1617 2
18 2
173 2
18 2
1617 2
18 2
173 2
18 2
1617 2
18 2
173 2
18 2
1617 2
18 2
173 2
18 2
1617 2
18 2
173 2
18 2
1617 2
18 2
173 2
177 2
18 2
18 2
173 2
18 2
1617 2
18 2
173 2
18 2
1617 2
18 2
173 2
18 2
1617 2
18 2
173 2
18 2
1617 2
18 2
173 2
18 2
1617 2
18 2
173 2
18 2
1617 2
18 2
173 2
18 2
1617 2
18 2
177 2
18 2
177 2
177 2
173 2
18 2
1617 2
18 2
173 2
18 2
1617 2
18 2
173 2
18 2
1617 2
18 2
173 2
18 2
1617 2
18 2
173 2
18 2
1617 2
18 2
173 2
18 2
1617 2
18 2
173 2
18 2
1617 2
18 2
173 2
177 2
18 2
18 2
173 2
18 2
1617 2
18 2
173 2
18 2
1617 2
18 2
173 2
18 2
1617 2
18 2
173 2
18 2
1617 2
18 2
173 2
18 2
1617 2
18 2
173 2
18 2
1617 2
18 2
173 2
18 2
1617 2
18 2
173 2
177 2
18 2
18 2
173 2
18 2
1617 2
18 2
173 2
18 2
1617 2
18 2
173 2
18 2
1617 2
18 2
173 2
18 2
1617 2
18 2
173 2
18 2
1617 2
18 2
173 2
18 2
1617 2
18 2
173 2
18 2
1617 2
18 2
173 2
177 2
18 2
18 2
173 2
18 2
1617 2
18 2
173 2
18 2
1617 2
18 2
173 2
18 2
1617 2
18 2
173 2
18 2
1617 2
18 2
173 2
18 2
1617 2
18 2
173 2
18 2
1617 2
18 2
173 2
18 2
1617 2
18 2
173 2
177 2
18 2
18 2
173 2
18 2
1617 2
18 2
173 2
18 2
1617 2
18 2
173 2
18 2
1617 2
18 2
173 2
18 2
1617 2
18 2
173 2
18 2
1617 2
18 2
173 2
18 2
1617 2
18 2
173 2
18 2
1617 2
18 2
173 2
177 2
18 2
18 2
173 2
18 2
1617 2
18 2
173 2
18 2
1617 2
18 2
173 2
18 2
1617 2
18 2
173 2
18 2
1617 2
18 2
173 2
18 2
1617 2
18 2
173 2
18 2
1617 2
18 2
173 2
18 2
1617 2
18 2
173 2
177 2
18 2
18 2
173 2
18 2
1617 2
18 2
173 2
18 2
1617 2
18 2
173 2
18 2
1617 2
18 2
173 2
18 2
1617 2
18 2
173 2
18 2
1617 2
18 2
173 2
18 2
1617 2
18 2
173 2
18 2
1617 2
18 2
173 2
177 2
18 2
18 2
173 2
18 2
1617 2
18 2
173 2
18 2
1617 2
18 2
173 2
18 2
1617 2
18 2
173 2
18 2
1617 2
18 2
173 2
18 2
1617 2
18 2
173 2
18 2
1617 2
18 2
173 2
18 2
1617 2
18 2
173 2
177 2
18 2
18 2
173 2
18 2
1617 2
18 2
173 2
18 2
1617 2
18 2
173 2
18 2
1617 2
18 2
173 2
18 2
1617 2
18 2
173 2
18 2
1617 2
18 2
173 2
18 2
1617 2
18 2
173 2
18 2
1617 2
18 2
173 2
177 2
18 2
18 2
173 2
18 2
1617 2
18 2
173 2
18 2
1617 2
18 2
173 2
18 2
1617 2
18 2
173 2
18 2
1617 2
18 2
173 2
18 2
1617 2
18 2
173 2
18 2
1617 2
18 2
173 2
18 2
1617 2
18 2
173 2
177 2
18 2
18 2
173 2
18 2
227 2
18 2
173 2
18 2
227 2
18 2
173 2
18 2
227 2
18 2
173 2
18 2
227 2
18 2
173 2
18 2
227 2
18 2
173 2
18 2
227 2
18 2
173 2
18 2
227 2
18 2
173 2
18 2
227 2
18 2
173 2
18 2
227 2
18 2
173 2
18 2
227 2
18 2
173 2
18 2
227 2
18 2
173 2
18 2
227 2
18 2
173 2
18 2
227 2
18 2
173 2
18 2
227 2
18 2
173 2
18 2
227 2
18 2
173 2
18 2
227 2
18 2
173 2
18 2
227 2
18 2
173 2
18 2
227 2
18 2
173 2
18 2
227 2
18 2
173 2
18 2
227 2
18 2
173 2
18 2
227 2
18 2
173 2
18 2
227 2
18 2
173 2
18 2
227 2
18 2
173 2
18 2
227 2
18 2
173 2
18 2
227 2
18 2
173 2
18 2
227 2
18 2
173 2
18 2
227 2
18 2
173 2
18 2
227 2
18 2
173 2
18 2
227 2
18 2
173 2
18 2
227 2
18 2
173 2
18 2
227 2
18 2
173 2
18 2
227 2
18 2
12 2
72 2
45 2
72 2
12 2
72 2
45 2
72 2
12 2
72 2
45 2
72 2
12 2
72 2
209 2
72 2
12 2
72 2
45 2
72 2
12 2
72 2
45 2
72 2
12 2
72 2
45 2
72 2
12 2
72 2
45 2
72 2
12 2
72 2
45 2
72 2
12 2
72 2
45 2
72 2
12 2
72 2
45 2
72 2
12 2
72 2
209 2
72 2
12 2
72 2
45 2
72 2
12 2
72 2
45 2
72 2
12 2
72 2
45 2
72 2
12 2
72 2
45 2
72 2
12 2
72 2
45 2
72 2
12 2
72 2
45 2
72 2
12 2
72 2
45 2
72 2
12 2
72 2
209 2
72 2
12 2
72 2
45 2
72 2
12 2
72 2
45 2
72 2
12 2
72 2
45 2
72 2
12 2
72 2
45 2
72 2
12 2
72 2
45 2
72 2
12 2
72 2
45 2
72 2
12 2
72 2
45 2
72 2
12 2
72 2
209 2
72 2
12 2
72 2
45 2
72 2
12 2
72 2
45 2
72 2
12 2
72 2
45 2
72 2
12 2
72 2
45 2
72 2
173 2
18 2
1617 2
18 2
173 2
18 2
1617 2
18 2
173 2
18 2
1617 2
18 2
173 2
18 2
1617 2
18 2
173 2
18 2
1617 2
18 2
173 2
18 2
1617 2
18 2
173 2
18 2
1617 2
18 2
173 2
177 2
18 2
18 2
173 2
18 2
1617 2
18 2
173 2
18 2
1617 2
18 2
173 2
18 2
1617 2
18 2
173 2
18 2
1617 2
18 2
173 2
18 2
1617 2
18 2
173 2
18 2
1617 2
18 2
173 2
18 2
1617 2
18 2
173 2
177 2
18 2
18 2
173 2
18 2
1617 2
18 2
173 2
18 2
1617 2
18 2
173 2
18 2
1617 2
18 2
173 2
18 2
1617 2
18 2
173 2
18 2
1617 2
18 2
173 2
18 2
1617 2
18 2
173 2
18 2
1617 2
18 2
173 2
177 2
18 2
18 2
173 2
18 2
1617 2
18 2
173 2
18 2
1617 2
18 2
173 2
18 2
1617 2
18 2
173 2
18 2
1617 2
18 2
173 2
18 2
1617 2
18 2
173 2
18 2
1617 2
18 2
173 2
18 2
1617 2
18 2
173 2
177 2
18 2
18 2
173 2
18 2
1617 2
18 2
173 2
18 2
1617 2
18 2
173 2
18 2
1617 2
18 2
173 2
18 2
1617 2
18 2
173 2
18 2
1617 2
18 2
173 2
18 2
1617 2
18 2
173 2
18 2
1617 2
18 2
173 2
177 2
18 2
18 2
173 2
18 2
1617 2
18 2
173 2
18 2
1617 2
18 2
173 2
18 2
1617 2
18 2
173 2
18 2
1617 2
18 2
173 2
18 2
1617 2
18 2
173 2
18 2
1617 2
18 2
173 2
18 2
1617 2
18 2
177 2
18 2
177 2
177 2
173 2
18 2
1617 2
18 2
173 2
18 2
1617 2
18 2
173 2
18 2
1617 2
18 2
173 2
18 2
1617 2
18 2
173 2
18 2
1617 2
18 2
173 2
18 2
1617 2
18 2
173 2
18 2
1617 2
18 2
173 2
177 2
18 2
18 2
173 2
18 2
1617 2
18 2
173 2
18 2
1617 2
18 2
173 2
18 2
1617 2
18 2
173 2
18 2
1617 2
18 2
173 2
18 2
1617 2
18 2
173 2
18 2
1617 2
18 2
173 2
18 2
1617 2
18 2
173 2
177 2
18 2
18 2
E
S
H
72 14
43 2
36 2
72 14
43 2
36 2
72 14
43 2
36 2
72 14
43 2
36 2
72 14
43 2
36 2
72 14
43 2
72 14
43 2
36 2
72 14
43 2
36 2
72 14
43 2
36 2
72 14
43 2
36 2
72 14
43 2
36 2
72 14
43 2
36 2
72 14
43 2
36 2
72 14
43 2
36 2
72 14
43 2
36 2
72 14
43 2
36 2
72 14
43 2
36 2
72 14
43 2
36 2
72 14
43 2
36 2
72 14
43 2
36 2
72 14
43 2
36 2
72 14
43 2
72 14
43 2
36 2
72 14
43 2
36 2
E
X
