minor
S
L
26 4
33 4
38 4
34 4
31 4
33 4
26 4
33 4
38 4
34 4
31 4
33 4
26 4
33 4
38 4
34 4
31 4
33 4
26 4
33 4
38 4
34 4
31 4
33 4
26 4
33 4
38 4
34 4
31 4
33 4
26 4
33 4
38 4
34 4
31 4
33 4
26 4
33 4
38 4
34 4
31 4
33 4
26 4
33 4
38 4
34 4
31 4
33 4
26 4
33 4
38 4
34 4
31 4
33 4
26 4
33 4
38 4
34 4
31 4
33 4
26 4
33 4
38 4
34 4
31 4
33 4
26 4
33 4
38 4
34 4
31 4
33 4
26 4
33 4
38 4
34 4
31 4
33 4
26 4
33 4
38 4
34 4
31 4
33 4
26 4
33 4
38 4
34 4
31 4
33 4
26 4
33 4
38 4
34 4
31 4
33 4
26 4
33 4
38 4
34 4
31 4
33 4
26 4
33 4
38 4
34 4
31 4
33 4
26 4
33 4
38 4
34 4
31 4
33 4
26 4
33 4
38 4
34 4
31 4
33 4
26 4
33 4
38 4
34 4
31 4
33 4
26 4
33 4
38 4
34 4
31 4
33 4
26 4
33 4
38 4
34 4
31 4
33 4
26 4
33 4
38 4
34 4
31 4
33 4
26 4
33 4
38 4
34 4
31 4
33 4
26 4
33 4
38 4
34 4
31 4
33 4
26 4
33 4
38 4
34 4
31 4
33 4
26 4
33 4
38 4
34 4
31 4
33 4
26 4
33 4
38 4
34 4
31 4
33 4
26 4
33 4
38 4
34 4
31 4
33 4
26 4
33 4
38 4
34 4
31 4
33 4
26 4
33 4
38 4
34 4
31 4
33 4
26 4
33 4
38 4
34 4
31 4
33 4
26 4
33 4
38 4
34 4
31 4
33 4
26 4
33 4
38 4
34 4
31 4
33 4
26 4
33 4
38 4
34 4
31 4
33 4
26 4
33 4
38 4
34 4
31 4
33 4
26 4
33 4
38 4
34 4
31 4
33 4
26 4
33 4
38 4
34 4
31 4
33 4
26 4
33 4
38 4
34 4
31 4
33 4
26 4
33 4
38 4
34 4
31 4
33 4
26 4
33 4
38 4
34 4
31 4
33 4
26 4
33 4
38 4
34 4
31 4
33 4
26 4
33 4
38 4
34 4
31 4
33 4
26 4
33 4
38 4
34 4
31 4
33 4
26 4
33 4
38 4
34 4
31 4
33 4
26 4
33 4
38 4
34 4
31 4
33 4
26 4
33 4
38 4
34 4
31 4
33 4
26 4
33 4
38 4
34 4
31 4
33 4
26 4
33 4
38 4
34 4
31 4
33 4
26 4
33 4
38 4
34 4
31 4
33 4
26 4
33 4
38 4
34 4
31 4
33 4
26 4
33 4
38 4
34 4
31 4
33 4
26 4
33 4
38 4
34 4
31 4
33 4
26 4
33 4
38 4
34 4
31 4
33 4
26 4
33 4
38 4
34 4
31 4
33 4
26 4
33 4
38 4
34 4
31 4
33 4
26 4
33 4
38 4
34 4
31 4
33 4
26 4
33 4
38 4
34 4
31 4
33 4
26 4
33 4
38 4
34 4
31 4
33 4
26 4
33 4
38 4
34 4
31 4
33 4
26 4
33 4
38 4
34 4
31 4
33 4
26 4
33 4
38 4
34 4
31 4
33 4
26 4
33 4
38 4
34 4
31 4
33 4
26 4
33 4
38 4
34 4
31 4
33 4
26 4
33 4
38 4
34 4
31 4
33 4
26 4
33 4
38 4
34 4
31 4
33 4
26 4
33 4
38 4
34 4
31 4
33 4
26 4
33 4
38 4
34 4
31 4
33 4
26 4
33 4
38 4
34 4
31 4
33 4
26 4
33 4
38 4
34 4
31 4
33 4
26 4
33 4
38 4
34 4
31 4
33 4
26 4
33 4
38 4
34 4
31 4
33 4
26 4
33 4
38 4
34 4
31 4
33 4
26 4
33 4
38 4
34 4
31 4
33 4
26 4
33 4
38 4
34 4
31 4
33 4
26 4
33 4
38 4
34 4
31 4
33 4
26 4
33 4
38 4
34 4
31 4
33 4
26 4
33 4
38 4
34 4
31 4
33 4
26 4
33 4
38 4
34 4
31 4
33 4
26 4
33 4
38 4
34 4
31 4
33 4
26 4
33 4
38 4
34 4
31 4
33 4
26 4
33 4
38 4
34 4
31 4
33 4
26 4
33 4
38 4
34 4
31 4
33 4
26 4
33 4
38 4
34 4
31 4
33 4
26 4
33 4
38 4
34 4
31 4
33 4
26 4
33 4
38 4
34 4
31 4
33 4
26 4
33 4
38 4
34 4
31 4
33 4
26 4
33 4
38 4
34 4
31 4
33 4
26 4
33 4
38 4
34 4
31 4
33 4
26 4
33 4
38 4
34 4
31 4
33 4
26 4
33 4
38 4
34 4
31 4
33 4
26 4
33 4
38 4
34 4
31 4
33 4
26 4
33 4
38 4
34 4
31 4
33 4
26 4
33 4
38 4
34 4
31 4
33 4
26 4
33 4
38 4
34 4
31 4
33 4
26 4
33 4
38 4
34 4
31 4
33 4
26 4
33 4
38 4
34 4
31 4
33 4
26 4
33 4
38 4
34 4
31 4
33 4
26 4
33 4
38 4
34 4
31 4
33 4
26 4
33 4
38 4
34 4
31 4
33 4
26 4
33 4
38 4
34 4
31 4
33 4
26 4
33 4
38 4
34 4
31 4
33 4
26 4
33 4
38 4
34 4
31 4
33 4
26 4
33 4
38 4
34 4
31 4
33 4
26 4
33 4
38 4
34 4
31 4
33 4
26 4
33 4
38 4
34 4
31 4
33 4
26 4
33 4
38 4
34 4
31 4
33 4
26 4
33 4
38 4
34 4
31 4
33 4
26 4
33 4
38 4
34 4
31 4
33 4
26 4
33 4
38 4
34 4
31 4
33 4
26 4
33 4
38 4
34 4
31 4
33 4
26 4
33 4
38 4
34 4
31 4
33 4
26 4
33 4
38 4
34 4
31 4
33 4
26 4
33 4
38 4
34 4
31 4
33 4
26 4
33 4
38 4
34 4
31 4
33 4
26 4
33 4
38 4
34 4
31 4
33 4
26 4
33 4
38 4
34 4
31 4
33 4
26 4
33 4
38 4
34 4
31 4
33 4
26 4
33 4
38 4
34 4
31 4
33 4
26 4
33 4
38 4
34 4
31 4
33 4
26 4
33 4
38 4
34 4
31 4
33 4
26 4
33 4
38 4
34 4
31 4
33 4
26 4
33 4
38 4
34 4
31 4
33 4
26 4
33 4
38 4
34 4
31 4
33 4
26 4
33 4
38 4
34 4
31 4
33 4
26 4
33 4
38 4
34 4
31 4
33 4
26 4
33 4
38 4
34 4
31 4
33 4
26 4
33 4
38 4
34 4
31 4
33 4
26 4
33 4
38 4
34 4
31 4
33 4
26 4
33 4
38 4
34 4
31 4
33 4
26 4
33 4
38 4
34 4
31 4
33 4
26 4
33 4
38 4
34 4
31 4
33 4
26 4
33 4
38 4
34 4
31 4
33 4
26 4
33 4
38 4
34 4
31 4
33 4
26 4
33 4
38 4
34 4
31 4
33 4
26 13
E
S
H
72 14
38 7
72 11
38 7
72 11
38 7
72 11
38 7
72 11
38 7
72 11
38 7
72 11
38 7
72 11
38 7
72 11
38 7
72 11
38 7
72 11
38 7
72 11
38 7
72 11
38 7
72 11
38 7
72 11
38 7
72 11
38 7
72 11
38 7
72 11
38 7
72 11
38 7
72 11
38 7
72 11
38 7
72 11
38 7
72 11
38 7
72 11
38 7
72 14
38 7
72 11
38 7
72 11
38 7
72 11
38 7
72 11
38 7
72 11
38 7
72 11
38 7
72 11
38 7
72 11
38 7
72 11
38 7
72 11
38 7
72 11
38 7
72 11
38 7
72 11
38 7
72 11
38 7
72 11
38 7
72 11
38 7
72 11
38 7
72 11
38 7
72 11
38 7
72 11
38 7
72 11
38 7
72 11
38 7
72 11
38 7
72 11
38 7
72 11
38 7
72 11
38 7
72 11
38 7
72 11
38 7
72 11
38 7
72 11
38 7
72 11
38 7
72 11
38 7
72 11
38 7
72 11
38 7
72 11
38 7
72 11
38 7
72 11
38 7
72 11
38 7
72 11
38 7
72 11
38 7
72 11
38 7
72 11
38 7
72 11
38 7
72 11
38 7
72 11
38 7
72 11
38 7
72 11
38 7
72 11
38 7
72 11
38 7
72 11
38 7
72 11
38 7
72 11
38 7
72 11
38 7
72 11
38 7
72 11
38 7
72 11
38 7
72 11
38 7
72 11
38 7
72 11
38 7
72 11
38 7
72 11
38 7
72 11
38 7
72 11
38 7
72 11
38 7
72 11
38 7
72 11
38 7
72 11
38 7
72 11
38 7
72 11
38 7
72 11
38 7
72 11
38 7
72 11
38 7
72 11
38 7
72 11
38 7
72 11
38 7
72 11
38 7
72 11
38 7
72 11
38 7
72 11
38 7
72 11
38 7
72 11
38 7
72 11
38 7
72 11
38 7
72 11
38 7
72 11
38 7
72 11
38 7
72 11
38 7
72 11
38 7
72 11
38 7
72 11
38 7
72 11
38 7
72 11
38 14
E
S
H
72 14
26 4
72 7
29 4
72 7
26 4
72 7
29 4
72 7
28 4
72 7
31 4
72 7
26 4
72 7
29 4
72 7
21 4
72 7
26 4
72 7
21 4
72 7
26 4
72 7
21 4
72 7
26 4
72 7
21 4
72 7
26 4
72 7
38 4
72 7
41 4
72 7
38 4
72 7
41 4
72 7
40 4
72 7
43 4
72 7
38 4
72 7
41 4
72 7
33 4
72 7
38 4
72 7
33 4
72 7
38 4
72 7
33 4
72 7
38 4
72 7
33 4
72 7
38 4
E
S
H
72 14
45 4
46 4
43 4
45 4
72 13
45 4
46 4
43 4
45 4
72 14
45 4
46 4
43 4
45 4
72 13
45 4
46 4
43 4
45 4
72 11
38 4
45 4
46 4
52 4
50 7
38 4
45 4
46 4
52 4
50 7
38 4
45 4
46 4
52 4
50 7
38 4
45 4
46 4
52 4
50 7
38 4
45 4
47 4
53 4
50 7
38 4
45 4
47 4
53 4
50 7
38 4
45 4
47 4
53 4
50 7
38 4
45 4
47 4
53 4
50 7
38 4
45 4
46 4
52 4
50 7
38 4
45 4
46 4
52 4
50 7
38 4
45 4
46 4
52 4
50 7
38 4
45 4
46 4
52 4
50 7
38 4
45 4
46 4
52 4
50 7
38 4
45 4
46 4
52 4
50 7
38 4
45 4
46 4
52 4
50 7
38 4
45 4
46 4
52 4
50 7
72 14
38 4
72 7
41 4
72 7
38 4
72 7
41 4
72 7
40 4
72 7
43 4
72 7
38 4
72 7
41 4
72 7
33 4
72 7
38 4
72 7
33 4
72 7
38 4
72 7
33 4
72 7
38 4
72 7
33 4
72 7
38 4
72 7
38 4
72 7
41 4
72 7
38 4
72 7
41 4
72 7
40 4
72 7
43 4
72 7
38 4
72 7
41 4
72 7
33 4
72 7
38 4
72 7
33 4
72 7
38 4
72 7
33 4
72 7
38 4
72 7
33 4
72 7
38 4
72 7
38 4
72 7
41 4
72 7
38 4
72 7
41 4
72 7
40 4
72 7
43 4
72 7
38 4
72 7
41 4
72 7
33 4
72 7
38 4
72 7
33 4
72 7
38 4
72 7
33 4
72 7
38 4
72 7
33 4
72 7
38 4
72 7
38 4
72 7
41 4
72 7
38 4
72 7
41 4
72 7
40 4
72 7
43 4
72 7
38 4
72 7
41 4
72 7
33 4
72 7
38 4
72 7
33 4
72 7
38 4
72 7
33 4
72 7
38 4
72 7
33 4
72 7
38 4
E
S
L
72 14
26 2
72 2
24 2
23 2
21 2
72 2
12 2
72 2
12 4
12 4
149 4
12 4
12 4
12 4
12 4
12 4
149 4
12 4
12 4
12 4
12 4
12 4
149 4
12 4
12 4
12 4
12 4
12 4
149 4
12 4
12 4
12 2
72 2
12 4
12 4
149 4
12 4
12 4
12 4
12 4
12 4
149 4
12 4
12 4
12 4
12 4
12 4
149 4
12 4
12 4
12 4
12 4
12 4
149 4
12 4
12 4
12 2
72 2
12 4
12 4
149 4
12 4
12 4
12 4
12 4
12 4
149 4
12 4
12 4
12 4
12 4
12 4
149 4
12 4
12 4
12 4
12 4
12 4
149 4
12 4
12 4
12 2
72 2
12 4
12 4
149 4
12 4
12 4
12 4
12 4
12 4
149 4
12 4
12 4
12 4
12 4
12 4
149 4
12 4
12 4
12 4
12 4
12 4
149 4
12 4
12 4
12 2
72 2
12 4
12 4
149 4
12 4
12 4
12 4
12 4
12 4
149 4
12 4
12 4
12 4
12 4
12 4
149 4
12 4
12 4
12 4
12 4
12 4
149 4
12 4
12 4
12 2
72 2
12 4
12 4
149 4
12 4
12 4
12 4
12 4
12 4
149 4
12 4
12 4
12 4
12 4
12 4
149 4
12 4
12 4
12 4
12 4
12 4
149 4
12 4
12 4
12 2
72 2
12 4
12 4
149 4
12 4
12 4
12 4
12 4
12 4
149 4
12 4
12 4
12 4
12 4
12 4
149 4
12 4
12 4
12 4
12 4
12 4
149 4
12 4
12 4
12 2
72 2
12 4
12 4
149 4
12 4
12 4
12 4
12 4
12 4
149 4
12 4
12 4
12 4
12 4
12 4
149 4
12 4
12 4
12 4
12 4
12 4
149 4
12 4
12 4
12 2
72 2
12 4
12 4
149 4
12 4
12 4
12 4
12 4
12 4
149 4
12 4
12 4
12 4
12 4
12 4
149 4
12 4
12 4
12 4
12 4
12 4
149 4
12 4
12 4
12 2
72 2
12 4
12 4
149 4
12 4
12 4
12 4
12 4
12 4
149 4
12 4
12 4
12 4
12 4
12 4
149 4
12 4
12 4
12 4
12 4
12 4
149 4
12 4
12 4
12 2
72 2
12 4
12 4
149 4
12 4
12 4
12 4
12 4
12 4
149 4
12 4
12 4
12 4
12 4
12 4
149 4
12 4
12 4
12 4
12 4
12 4
149 4
12 4
12 4
12 2
72 2
12 4
12 4
149 4
12 4
12 4
12 4
12 4
12 4
149 4
12 4
12 4
12 4
12 4
12 4
149 4
12 4
12 4
12 4
12 4
12 4
149 4
12 4
12 4
12 2
72 2
12 4
12 4
149 4
12 4
12 4
12 4
12 4
12 4
149 4
12 4
12 4
12 4
12 4
12 4
149 4
12 4
12 4
12 4
12 4
12 4
149 4
12 4
12 4
12 2
72 2
12 4
12 4
149 4
12 4
12 4
12 4
12 4
12 4
149 4
12 4
12 4
12 4
12 4
12 4
149 4
12 4
12 4
12 4
12 4
12 4
149 4
12 4
12 4
12 2
72 2
12 4
12 4
149 4
12 4
12 4
12 4
12 4
12 4
149 4
12 4
12 4
12 4
12 4
12 4
149 4
12 4
12 4
12 4
12 4
12 4
149 4
12 4
12 4
12 2
72 2
12 4
12 4
149 4
12 4
12 4
12 4
12 4
12 4
149 4
12 4
12 4
12 4
12 4
12 4
149 4
12 4
12 4
12 4
12 4
12 4
149 4
12 4
12 4
12 2
72 2
12 4
12 4
149 4
12 4
12 4
12 4
12 4
12 4
149 4
12 4
12 4
12 4
12 4
12 4
149 4
12 4
12 4
12 4
12 4
12 4
149 4
12 4
12 4
12 2
72 2
12 4
12 4
149 4
12 4
12 4
12 4
12 4
12 4
149 4
12 4
12 4
12 4
12 4
12 4
149 4
12 4
12 4
12 4
12 4
12 4
149 4
12 4
12 4
12 2
72 2
12 4
12 4
149 4
12 4
12 4
12 4
12 4
12 4
149 4
12 4
12 4
12 4
12 4
12 4
149 4
12 4
12 4
12 4
12 4
12 4
149 4
12 4
12 4
12 2
72 2
12 4
12 4
149 4
12 4
12 4
12 4
12 4
12 4
149 4
12 4
12 4
12 4
12 4
12 4
149 4
12 4
12 4
12 4
12 4
12 4
149 4
12 4
12 4
12 2
72 2
12 4
12 4
149 4
12 4
12 4
12 4
12 4
12 4
149 4
12 4
12 4
12 4
12 4
12 4
149 4
12 4
12 4
12 4
12 4
12 4
149 4
12 4
12 4
12 2
72 2
12 4
12 4
149 4
12 4
12 4
12 4
12 4
12 4
149 4
12 4
12 4
12 4
12 4
12 4
149 4
12 4
12 4
12 4
12 4
12 4
149 4
12 4
12 4
12 2
E
S
H
72 14
38 13
40 9
43 12
41 9
38 14
50 13
52 9
55 12
53 9
50 14
50 13
48 13
47 14
50 13
48 13
50 14
72 14
50 9
45 9
46 9
45 7
45 4
53 9
50 9
50 12
72 14
57 9
50 7
52 4
53 9
52 7
50 4
46 7
45 4
53 9
50 12
72 14
50 9
45 9
46 9
45 7
45 4
53 9
50 9
50 12
72 14
48 9
49 9
50 14
38 4
45 4
46 4
52 4
50 7
38 4
45 4
46 4
52 4
50 7
38 4
45 4
46 4
52 4
50 7
38 4
45 4
46 4
52 4
50 7
38 4
45 4
47 4
53 4
50 7
38 4
45 4
47 4
53 4
50 7
38 4
45 4
47 4
53 4
50 7
38 4
45 4
47 4
53 4
50 7
38 4
45 4
46 4
52 4
50 7
38 4
45 4
46 4
52 4
50 7
38 4
45 4
46 4
52 4
50 7
38 4
45 4
46 4
52 4
50 7
38 4
45 4
46 4
52 4
50 7
38 4
45 4
46 4
52 4
50 7
38 4
45 4
46 4
52 4
50 7
38 4
45 4
46 4
52 4
50 7
E
S
H
72 14
41 13
40 13
38 14
41 13
40 13
41 14
72 14
53 12
50 12
52 12
55 12
53 12
72 14
53 12
50 12
52 12
55 12
53 12
E
X
