minor
S
H
44 3
72 1
44 3
72 1
44 3
72 5
44 3
72 5
48 3
72 1
44 6
72 2
44 3
72 1
44 3
72 5
44 3
72 5
48 3
72 1
47 12
72 1
46 3
72 1
44 3
72 1
46 12
72 2
44 3
72 1
43 3
72 1
44 3
72 1
44 3
72 1
44 3
72 5
44 3
72 5
48 3
72 1
44 6
72 2
44 3
72 1
44 3
72 5
44 3
72 5
48 3
72 1
47 12
72 1
46 3
72 1
44 3
72 1
46 12
72 2
44 3
72 1
43 3
72 1
0 0
E
S
H
44 3
72 1
44 3
72 1
43 3
72 5
41 3
72 5
40 3
72 1
44 6
72 2
44 3
72 1
43 3
72 5
41 3
72 5
39 3
72 1
41 12
72 1
43 3
72 1
41 3
72 1
40 12
72 2
41 3
72 1
43 3
72 1
44 3
72 1
44 3
72 1
43 3
72 5
41 3
72 5
40 3
72 1
44 6
72 2
44 3
72 1
43 3
72 5
41 3
72 5
39 3
72 1
41 12
72 1
43 3
72 1
41 3
72 1
40 12
72 2
41 3
72 1
43 3
E
S
L
29 2
72 2
29 2
72 2
29 2
72 2
29 2
72 2
29 2
72 2
29 2
72 2
29 2
72 2
29 2
72 2
27 2
72 2
27 2
72 2
27 2
72 2
27 2
72 2
27 2
72 2
27 2
72 2
27 2
72 2
27 2
72 2
25 2
72 2
25 2
72 2
32 2
72 2
32 2
72 2
25 2
72 2
25 2
72 2
32 2
72 2
32 2
72 2
24 2
72 2
24 2
72 2
31 2
72 2
31 2
72 2
24 2
72 2
24 2
72 2
31 2
72 2
31 2
72 2
29 2
72 2
29 2
72 2
29 2
72 2
29 2
72 2
29 2
72 2
29 2
72 2
29 2
72 2
29 2
72 2
27 2
72 2
27 2
72 2
27 2
72 2
27 2
72 2
27 2
72 2
27 2
72 2
27 2
72 2
27 2
72 2
25 2
72 2
25 2
72 2
32 2
72 2
32 2
72 2
25 2
72 2
25 2
72 2
32 2
72 2
32 2
72 2
24 2
72 2
24 2
72 2
31 2
72 2
31 2
72 2
24 2
72 2
24 2
72 2
31 2
72 2
31 2
E
X
