major
S
H
72 14
38 13
40 13
41 13
43 13
38 13
40 13
41 13
43 13
45 14
72 14
38 13
40 13
41 13
43 13
38 13
40 13
41 13
43 13
45 14
72 14
E
S
L
72 14
33 13
35 13
36 13
38 13
33 13
35 13
36 13
38 13
41 14
72 14
39 2
39 2
33 2
33 2
36 2
36 2
28 2
28 2
72 14
33 2
72 6
31 2
72 6
29 2
72 14
39 2
39 2
33 2
33 2
36 2
36 2
28 2
28 2
72 14
33 2
72 6
31 2
72 6
29 2
72 6
33 13
35 13
36 13
38 13
33 13
35 13
36 13
38 13
41 14
72 14
39 2
39 2
33 2
33 2
36 2
36 2
28 2
28 2
72 14
33 2
72 6
31 2
72 6
29 2
72 14
39 2
39 2
33 2
33 2
36 2
36 2
28 2
28 2
72 14
33 2
72 6
31 2
72 6
29 2
72 6
E
S
H
72 14
29 13
31 13
33 13
35 13
29 13
31 13
33 13
35 13
38 14
72 11
62 11
60 11
71 7
60 7
71 7
67 7
69 11
67 11
65 7
67 7
64 7
60 7
57 14
62 11
60 11
71 7
60 7
71 7
67 7
69 11
67 11
65 7
67 7
64 7
60 7
62 14
29 13
31 13
33 13
35 13
29 13
31 13
33 13
35 13
38 14
72 11
62 11
60 11
71 7
60 7
71 7
67 7
69 11
67 11
65 7
67 7
64 7
60 7
57 14
62 11
60 11
71 7
60 7
71 7
67 7
69 11
67 11
65 7
67 7
64 7
60 7
62 14
E
S
H
72 14
69 11
69 11
67 7
69 7
67 7
64 7
65 11
64 11
62 7
64 7
60 7
55 7
53 14
69 11
69 11
67 7
69 7
67 7
64 7
65 11
64 11
62 7
64 7
60 7
55 7
57 14
72 14
69 11
69 11
67 7
69 7
67 7
64 7
65 11
64 11
62 7
64 7
60 7
55 7
53 14
69 11
69 11
67 7
69 7
67 7
64 7
65 11
64 11
62 7
64 7
60 7
55 7
57 14
E
S
H
72 14
39 2
39 2
33 2
33 2
36 2
36 2
28 2
28 2
72 14
39 2
39 2
33 2
33 2
36 2
36 2
28 2
28 2
72 14
33 2
72 6
31 2
72 6
29 2
72 6
62 2
62 2
67 2
67 2
69 2
69 2
60 2
60 2
62 2
62 2
69 2
69 2
67 2
67 2
69 2
69 2
60 2
60 2
69 2
69 2
67 2
67 2
69 2
69 2
62 2
62 2
69 2
69 2
67 2
67 2
69 2
69 2
62 2
62 2
67 2
67 2
69 2
69 2
60 2
60 2
62 2
62 2
69 2
69 2
67 2
67 2
69 2
69 2
60 2
60 2
69 2
69 2
67 2
67 2
69 2
69 2
62 2
62 2
69 2
69 2
67 2
67 2
69 2
69 2
62 2
62 2
67 2
67 2
69 2
69 2
60 2
60 2
62 2
62 2
69 2
69 2
67 2
67 2
69 2
69 2
60 2
60 2
69 2
69 2
67 2
67 2
69 2
69 2
62 2
62 2
69 2
69 2
67 2
67 2
69 2
69 2
62 2
62 2
67 2
67 2
69 2
69 2
60 2
60 2
62 2
62 2
69 2
69 2
67 2
67 2
69 2
69 2
60 2
60 2
69 2
69 2
67 2
67 2
69 2
69 2
62 2
62 2
69 2
69 2
67 2
67 2
69 2
69 2
62 2
62 2
67 2
67 2
69 2
69 2
60 2
60 2
62 2
62 2
69 2
69 2
67 2
67 2
69 2
69 2
60 2
60 2
69 2
69 2
67 2
67 2
69 2
69 2
62 2
62 2
69 2
69 2
67 2
67 2
69 2
69 2
62 2
62 2
67 2
67 2
69 2
69 2
60 2
60 2
62 2
62 2
69 2
69 2
67 2
67 2
69 2
69 2
60 2
60 2
69 2
69 2
67 2
67 2
69 2
69 2
62 2
62 2
69 2
69 2
67 2
67 2
69 2
69 2
62 2
62 2
67 2
67 2
69 2
69 2
60 2
60 2
62 2
62 2
69 2
69 2
67 2
67 2
69 2
69 2
60 2
60 2
69 2
69 2
67 2
67 2
69 2
69 2
62 2
62 2
69 2
69 2
67 2
67 2
69 2
69 2
62 2
62 2
67 2
67 2
69 2
69 2
60 2
60 2
62 2
62 2
69 2
69 2
67 2
67 2
69 2
69 2
60 2
60 2
69 2
69 2
67 2
67 2
69 2
69 2
62 2
62 2
69 2
69 2
67 2
67 2
69 2
69 2
72 14
39 2
39 2
33 2
33 2
36 2
36 2
28 2
28 2
72 14
33 2
72 6
31 2
72 6
29 2
72 6
62 2
62 2
67 2
67 2
69 2
69 2
60 2
60 2
62 2
62 2
69 2
69 2
67 2
67 2
69 2
69 2
60 2
60 2
69 2
69 2
67 2
67 2
69 2
69 2
62 2
62 2
69 2
69 2
67 2
67 2
69 2
69 2
62 2
62 2
67 2
67 2
69 2
69 2
60 2
60 2
62 2
62 2
69 2
69 2
67 2
67 2
69 2
69 2
60 2
60 2
69 2
69 2
67 2
67 2
69 2
69 2
62 2
62 2
69 2
69 2
67 2
67 2
69 2
69 2
62 2
62 2
67 2
67 2
69 2
69 2
60 2
60 2
62 2
62 2
69 2
69 2
67 2
67 2
69 2
69 2
60 2
60 2
69 2
69 2
67 2
67 2
69 2
69 2
62 2
62 2
69 2
69 2
67 2
67 2
69 2
69 2
62 2
62 2
67 2
67 2
69 2
69 2
60 2
60 2
62 2
62 2
69 2
69 2
67 2
67 2
69 2
69 2
60 2
60 2
69 2
69 2
67 2
67 2
69 2
69 2
62 2
62 2
69 2
69 2
67 2
67 2
69 2
69 2
62 2
62 2
67 2
67 2
69 2
69 2
60 2
60 2
62 2
62 2
69 2
69 2
67 2
67 2
69 2
69 2
60 2
60 2
69 2
69 2
67 2
67 2
69 2
69 2
62 2
62 2
69 2
69 2
67 2
67 2
69 2
69 2
62 2
62 2
67 2
67 2
69 2
69 2
60 2
60 2
62 2
62 2
69 2
69 2
67 2
67 2
69 2
69 2
60 2
60 2
69 2
69 2
67 2
67 2
69 2
69 2
62 2
62 2
69 2
69 2
67 2
67 2
69 2
69 2
62 2
62 2
67 2
67 2
69 2
69 2
60 2
60 2
62 2
62 2
69 2
69 2
67 2
67 2
69 2
69 2
60 2
60 2
69 2
69 2
67 2
67 2
69 2
69 2
62 2
62 2
69 2
69 2
67 2
67 2
69 2
69 2
62 2
62 2
67 2
67 2
69 2
69 2
60 2
60 2
62 2
62 2
69 2
69 2
67 2
67 2
69 2
69 2
60 2
60 2
69 2
69 2
67 2
67 2
69 2
69 2
62 2
62 2
69 2
69 2
67 2
67 2
69 2
69 2
E
S
L
72 7
14 7
17 4
14 4
72 4
14 4
17 4
14 4
14 7
17 4
14 4
72 4
14 4
21 2
24 2
26 4
14 7
17 4
14 4
72 4
14 4
17 4
14 4
14 7
17 4
14 4
26 4
24 4
21 2
19 2
17 4
14 7
17 4
14 4
72 4
14 4
17 4
14 4
14 7
17 4
14 4
72 4
14 4
21 2
24 2
26 4
14 7
17 4
14 4
72 4
14 4
17 4
14 4
14 7
17 4
14 4
26 4
24 4
21 2
19 2
17 4
14 7
17 4
14 4
72 4
14 4
17 4
14 4
14 7
17 4
14 4
72 4
14 4
21 2
24 2
26 4
14 7
17 4
14 4
72 4
14 4
17 4
14 4
14 7
17 4
14 4
26 4
24 4
21 2
19 2
17 4
14 7
17 4
14 4
72 4
14 4
17 4
14 4
14 7
17 4
14 4
72 4
14 4
21 2
24 2
26 4
14 7
17 4
14 4
72 4
14 4
17 4
14 4
14 7
17 4
14 4
26 4
24 4
21 2
19 2
17 4
14 7
17 4
14 4
72 4
14 4
17 4
14 4
14 7
17 4
14 4
72 4
14 4
21 2
24 2
26 4
14 7
17 4
14 4
72 4
14 4
17 4
14 4
14 7
17 4
14 4
26 4
24 4
21 2
19 2
17 4
14 7
17 4
14 4
72 4
14 4
17 4
14 4
14 7
17 4
14 4
72 4
14 4
21 2
24 2
26 4
14 7
17 4
14 4
72 4
14 4
17 4
14 4
14 7
17 4
14 4
26 4
24 4
21 2
19 2
17 4
14 7
17 4
14 4
72 4
14 4
17 4
14 4
14 7
17 4
14 4
72 4
14 4
21 2
24 2
26 4
14 7
17 4
14 4
72 4
14 4
17 4
14 4
14 7
17 4
14 4
26 4
24 4
21 2
19 2
17 4
14 7
17 4
14 4
72 4
14 4
17 4
14 4
14 7
17 4
14 4
72 4
14 4
21 2
24 2
26 4
14 7
17 4
14 4
72 4
14 4
17 4
14 4
14 7
17 4
14 4
26 4
24 4
21 2
19 2
17 4
14 7
17 4
14 4
72 4
14 4
17 4
14 4
14 7
17 4
14 4
72 4
14 4
21 2
24 2
26 4
14 7
17 4
14 4
72 4
14 4
17 4
14 4
14 7
17 4
14 4
26 4
24 4
21 2
19 2
17 4
14 7
17 4
14 4
72 4
14 4
17 4
14 4
14 7
17 4
14 4
72 4
14 4
21 2
24 2
26 4
14 7
17 4
14 4
72 4
14 4
17 4
14 4
14 7
17 4
14 4
26 4
24 4
21 2
19 2
17 4
14 7
17 4
14 4
72 4
14 4
17 4
14 4
14 7
17 4
14 4
72 4
14 4
21 2
24 2
26 4
14 7
17 4
14 4
72 4
14 4
17 4
14 4
14 7
17 4
14 4
26 4
24 4
21 2
19 2
17 4
14 7
17 4
14 4
72 4
14 4
17 4
14 4
14 7
17 4
14 4
72 4
14 4
21 2
24 2
26 4
14 7
17 4
14 4
72 4
14 4
17 4
14 4
14 7
17 4
14 4
26 4
24 4
21 2
19 2
17 4
14 7
17 4
14 4
72 4
14 4
17 4
14 4
14 7
17 4
14 4
72 4
14 4
21 2
24 2
26 4
14 7
17 4
14 4
72 4
14 4
17 4
14 4
14 7
17 4
14 4
26 4
24 4
21 2
19 2
17 4
14 7
17 4
14 4
72 4
14 4
17 4
14 4
14 7
17 4
14 4
72 4
14 4
21 2
24 2
26 4
14 7
17 4
14 4
72 4
14 4
17 4
14 4
14 7
17 4
14 4
26 4
24 4
21 2
19 2
17 4
14 7
17 4
14 4
72 4
14 4
17 4
14 4
14 7
17 4
14 4
72 4
14 4
21 2
24 2
26 4
14 7
17 4
14 4
72 4
14 4
17 4
14 4
14 7
17 4
14 4
26 4
24 4
21 2
19 2
17 4
E
S
L
18 2
18 2
18 2
18 2
18 2
18 2
18 2
18 2
18 2
18 2
18 2
18 2
18 2
18 2
18 2
18 2
18 2
18 2
18 2
18 2
18 2
18 2
18 2
18 2
18 2
18 2
18 2
18 2
18 2
18 2
18 2
18 2
18 2
18 2
18 2
18 2
18 2
18 2
18 2
18 2
18 2
18 2
18 2
18 2
18 2
18 2
18 2
18 2
33 0
18 2
18 2
18 2
18 2
18 2
18 2
18 2
18 2
18 2
18 2
18 2
18 2
18 2
18 2
18 2
18 2
18 2
18 2
18 2
18 2
18 2
18 2
18 2
18 2
18 2
18 2
18 2
18 2
18 2
18 2
18 2
18 2
18 2
18 2
18 2
18 2
18 2
18 2
18 2
18 2
18 2
18 2
18 2
18 2
18 2
18 2
18 2
18 2
18 2
18 2
18 2
18 2
18 2
18 2
18 2
18 2
18 2
18 2
18 2
18 2
18 2
18 2
18 2
18 2
18 2
18 2
18 2
18 2
18 2
18 2
18 2
18 2
18 2
18 2
18 2
18 2
18 2
18 2
18 2
18 2
18 2
18 2
18 2
18 2
18 2
18 2
18 2
18 2
18 2
18 2
18 2
18 2
18 2
18 2
18 2
18 2
33 0
18 2
18 2
18 2
18 2
18 2
18 2
18 2
18 2
18 2
18 2
18 2
18 2
18 2
18 2
18 2
18 2
18 2
18 2
18 2
18 2
18 2
18 2
18 2
18 2
18 2
18 2
18 2
18 2
18 2
18 2
18 2
18 2
18 2
18 2
18 2
18 2
18 2
18 2
18 2
18 2
18 2
18 2
18 2
18 2
18 2
18 2
18 2
18 2
33 0
18 2
18 2
18 2
18 2
18 2
18 2
18 2
18 2
18 2
18 2
18 2
18 2
18 2
18 2
18 2
18 2
18 2
18 2
18 2
18 2
18 2
18 2
18 2
18 2
18 2
18 2
18 2
18 2
18 2
18 2
18 2
18 2
18 2
18 2
18 2
18 2
18 2
18 2
18 2
18 2
18 2
18 2
18 2
18 2
18 2
18 2
18 2
18 2
33 0
18 2
18 2
18 2
18 2
18 2
18 2
18 2
18 2
18 2
18 2
18 2
18 2
18 2
18 2
18 2
18 2
18 2
18 2
18 2
18 2
18 2
18 2
18 2
18 2
18 2
18 2
18 2
18 2
18 2
18 2
18 2
18 2
18 2
18 2
18 2
18 2
18 2
18 2
18 2
18 2
18 2
18 2
18 2
18 2
18 2
18 2
18 2
18 2
33 0
18 2
18 2
18 2
18 2
18 2
18 2
18 2
18 2
18 2
18 2
18 2
18 2
18 2
18 2
18 2
18 2
18 2
18 2
18 2
18 2
18 2
18 2
18 2
18 2
18 2
18 2
18 2
18 2
18 2
18 2
18 2
18 2
18 2
18 2
18 2
18 2
18 2
18 2
18 2
18 2
18 2
18 2
18 2
18 2
18 2
18 2
18 2
18 2
33 0
18 2
18 2
18 2
18 2
18 2
18 2
18 2
18 2
18 2
18 2
18 2
18 2
18 2
18 2
18 2
18 2
18 2
18 2
18 2
18 2
18 2
18 2
18 2
18 2
18 2
18 2
18 2
18 2
18 2
18 2
18 2
18 2
18 2
18 2
18 2
18 2
18 2
18 2
18 2
18 2
18 2
18 2
18 2
18 2
18 2
18 2
18 2
18 2
33 0
18 2
18 2
18 2
18 2
18 2
18 2
18 2
18 2
18 2
18 2
18 2
18 2
18 2
18 2
18 2
18 2
18 2
18 2
18 2
18 2
18 2
18 2
18 2
18 2
18 2
18 2
18 2
18 2
18 2
18 2
18 2
18 2
18 2
18 2
18 2
18 2
18 2
18 2
18 2
18 2
18 2
18 2
18 2
18 2
18 2
18 2
18 2
18 2
18 2
18 2
18 2
18 2
18 2
18 2
18 2
18 2
18 2
18 2
18 2
18 2
18 2
18 2
18 2
18 2
18 2
18 2
18 2
18 2
18 2
18 2
18 2
18 2
18 2
18 2
18 2
18 2
18 2
18 2
18 2
18 2
18 2
18 2
18 2
18 2
18 2
18 2
18 2
18 2
18 2
18 2
18 2
18 2
18 2
18 2
18 2
18 2
33 0
18 2
18 2
18 2
18 2
18 2
18 2
18 2
18 2
18 2
18 2
18 2
18 2
18 2
18 2
18 2
18 2
18 2
18 2
18 2
18 2
18 2
18 2
18 2
18 2
18 2
18 2
18 2
18 2
18 2
18 2
18 2
18 2
18 2
18 2
18 2
18 2
18 2
18 2
18 2
18 2
18 2
18 2
18 2
18 2
18 2
18 2
18 2
18 2
33 0
18 2
18 2
18 2
18 2
18 2
18 2
18 2
18 2
18 2
18 2
18 2
18 2
18 2
18 2
18 2
18 2
18 2
18 2
18 2
18 2
18 2
18 2
18 2
18 2
18 2
18 2
18 2
18 2
18 2
18 2
18 2
18 2
18 2
18 2
18 2
18 2
18 2
18 2
18 2
18 2
18 2
18 2
18 2
18 2
18 2
18 2
18 2
18 2
33 0
18 2
18 2
18 2
18 2
18 2
18 2
18 2
18 2
18 2
18 2
18 2
18 2
18 2
18 2
18 2
18 2
18 2
18 2
18 2
18 2
18 2
18 2
18 2
18 2
18 2
18 2
18 2
18 2
18 2
18 2
18 2
18 2
18 2
18 2
18 2
18 2
18 2
18 2
18 2
18 2
18 2
18 2
18 2
18 2
18 2
18 2
18 2
18 2
33 0
18 2
18 2
18 2
18 2
18 2
18 2
18 2
18 2
18 2
18 2
18 2
18 2
18 2
18 2
18 2
18 2
18 2
18 2
18 2
18 2
18 2
18 2
18 2
18 2
18 2
18 2
18 2
18 2
18 2
18 2
18 2
18 2
18 2
18 2
18 2
18 2
18 2
18 2
18 2
18 2
18 2
18 2
18 2
18 2
18 2
18 2
18 2
18 2
33 0
18 2
18 2
18 2
18 2
18 2
18 2
18 2
18 2
18 2
18 2
18 2
18 2
18 2
18 2
18 2
18 2
18 2
18 2
18 2
18 2
18 2
18 2
18 2
18 2
18 2
18 2
18 2
18 2
18 2
18 2
18 2
18 2
18 2
18 2
18 2
18 2
18 2
18 2
18 2
18 2
18 2
18 2
18 2
18 2
18 2
18 2
18 2
18 2
E
S
L
16 2
16 2
16 2
72 2
11 2
72 4
11 2
16 2
72 2
11 2
72 6
11 2
72 2
16 2
72 6
11 2
72 4
11 2
16 2
72 2
11 2
72 6
11 2
72 2
16 2
72 2
11 2
16 2
11 2
72 4
11 2
16 2
72 2
11 2
72 6
11 2
72 2
16 2
72 6
11 2
72 4
11 2
16 2
72 2
11 2
72 2
11 2
72 2
11 2
72 2
16 2
72 2
11 2
16 2
11 2
72 4
11 2
16 2
72 2
11 2
72 6
11 2
72 2
16 2
72 6
11 2
72 4
11 2
16 2
72 2
11 2
72 6
11 2
72 2
16 2
72 2
11 2
16 2
11 2
72 4
11 2
16 2
72 2
11 2
72 6
11 2
72 2
16 2
72 6
11 2
72 4
11 2
16 2
72 2
11 2
72 2
11 2
72 2
11 2
72 2
16 2
72 2
11 2
16 2
11 2
72 4
11 2
16 2
72 2
11 2
72 6
11 2
72 2
16 2
72 6
11 2
72 4
11 2
16 2
72 2
11 2
72 6
11 2
72 2
16 2
72 2
11 2
16 2
11 2
72 4
11 2
16 2
72 2
11 2
72 6
11 2
72 2
16 2
72 6
11 2
72 4
11 2
16 2
72 2
11 2
72 2
11 2
72 2
11 2
72 2
16 2
72 2
11 2
16 2
11 2
72 4
11 2
16 2
72 2
11 2
72 6
11 2
72 2
16 2
72 6
11 2
72 4
11 2
16 2
72 2
11 2
72 6
11 2
72 2
16 2
72 2
11 2
16 2
11 2
72 4
11 2
16 2
72 2
11 2
72 6
11 2
72 2
16 2
72 6
11 2
72 4
11 2
16 2
72 2
11 2
72 2
11 2
72 2
11 2
72 2
16 2
72 2
11 2
16 2
11 2
72 4
11 2
16 2
72 2
11 2
72 6
11 2
72 2
16 2
72 6
11 2
72 4
11 2
16 2
72 2
11 2
72 6
11 2
72 2
16 2
72 2
11 2
16 2
11 2
72 4
11 2
16 2
72 2
11 2
72 6
11 2
72 2
16 2
72 6
11 2
72 4
11 2
16 2
72 2
11 2
72 2
11 2
72 2
11 2
72 2
16 2
72 2
11 2
16 2
11 2
72 4
11 2
16 2
72 2
11 2
72 6
11 2
72 2
16 2
72 6
11 2
72 4
11 2
16 2
72 2
11 2
72 6
11 2
72 2
16 2
72 2
11 2
16 2
11 2
72 4
11 2
16 2
72 2
11 2
72 6
11 2
72 2
16 2
72 6
11 2
72 4
11 2
16 2
72 2
11 2
72 2
11 2
72 2
11 2
72 2
16 2
72 2
11 2
16 2
11 2
72 4
11 2
16 2
72 2
11 2
72 6
11 2
72 2
16 2
72 6
11 2
72 4
11 2
16 2
72 2
11 2
72 6
11 2
72 2
16 2
72 2
11 2
16 2
11 2
72 4
11 2
16 2
72 2
11 2
72 6
11 2
72 2
16 2
72 6
11 2
72 4
11 2
16 2
72 2
11 2
72 2
11 2
72 2
11 2
72 2
16 2
72 2
11 2
16 2
11 2
72 4
11 2
16 2
72 2
11 2
72 6
11 2
72 2
16 2
72 6
11 2
72 4
11 2
16 2
72 2
11 2
72 6
11 2
72 2
16 2
72 2
11 2
16 2
11 2
72 4
11 2
16 2
72 2
11 2
72 6
11 2
72 2
16 2
72 6
11 2
72 4
11 2
16 2
72 2
11 2
72 2
11 2
72 2
11 2
72 2
16 2
72 2
11 2
16 2
11 2
72 4
11 2
16 2
72 2
11 2
72 6
11 2
72 2
16 2
72 6
11 2
72 4
11 2
16 2
72 2
11 2
72 6
11 2
72 2
16 2
72 2
11 2
16 2
11 2
72 4
11 2
16 2
72 2
11 2
72 6
11 2
72 2
16 2
72 6
11 2
72 4
11 2
16 2
72 2
11 2
72 2
11 2
72 2
11 2
72 2
16 2
72 2
11 2
16 2
11 2
72 4
11 2
16 2
72 2
11 2
72 6
11 2
72 2
16 2
72 6
11 2
72 4
11 2
16 2
72 2
11 2
72 6
11 2
72 2
16 2
72 2
11 2
16 2
11 2
72 4
11 2
16 2
72 2
11 2
72 6
11 2
72 2
16 2
72 6
11 2
72 4
11 2
16 2
72 2
11 2
72 2
11 2
72 2
11 2
72 2
16 2
72 2
11 2
16 2
11 2
72 4
11 2
16 2
72 2
11 2
72 6
11 2
72 2
16 2
72 6
11 2
72 4
11 2
16 2
72 2
11 2
72 6
11 2
72 2
16 2
72 2
11 2
16 2
11 2
72 4
11 2
16 2
72 2
11 2
72 6
11 2
72 2
16 2
72 6
11 2
72 4
11 2
16 2
72 2
11 2
72 2
11 2
72 2
11 2
72 2
16 2
72 2
11 2
16 2
11 2
72 4
11 2
16 2
72 2
11 2
72 6
11 2
72 2
16 2
72 6
11 2
72 4
11 2
16 2
72 2
11 2
72 6
11 2
72 2
16 2
72 2
11 2
16 2
11 2
72 4
11 2
16 2
72 2
11 2
72 6
11 2
72 2
16 2
72 6
11 2
72 4
11 2
16 2
72 2
11 2
72 2
11 2
72 2
11 2
72 2
16 2
72 2
11 2
16 2
11 2
72 4
11 2
16 2
72 2
11 2
72 6
11 2
72 2
16 2
72 6
11 2
72 4
11 2
16 2
72 2
11 2
72 6
11 2
72 2
16 2
72 2
11 2
16 2
11 2
72 4
11 2
16 2
72 2
11 2
72 6
11 2
72 2
16 2
72 6
11 2
72 4
11 2
16 2
72 2
11 2
72 2
11 2
72 2
11 2
72 2
16 2
72 2
11 2
16 2
11 2
72 4
11 2
16 2
72 2
11 2
72 6
11 2
72 2
16 2
72 6
11 2
72 4
11 2
16 2
72 2
11 2
72 6
11 2
72 2
16 2
72 2
11 2
16 2
11 2
72 4
11 2
16 2
72 2
11 2
72 6
11 2
72 2
16 2
72 6
11 2
72 4
11 2
16 2
72 2
11 2
72 2
11 2
72 2
11 2
72 2
16 2
72 2
11 2
16 2
11 2
72 4
11 2
16 2
72 2
11 2
72 6
11 2
72 2
16 2
72 6
11 2
72 4
11 2
16 2
72 2
11 2
72 6
11 2
72 2
16 2
72 2
11 2
16 2
11 2
72 4
11 2
16 2
72 2
11 2
72 6
11 2
72 2
16 2
72 6
11 2
72 4
11 2
16 2
72 2
11 2
72 2
11 2
72 2
11 2
72 2
16 2
72 2
11 2
16 2
E
X
