minor
S
H
72 9
51 4
72 11
51 4
72 11
51 4
72 11
51 4
72 11
47 4
72 11
47 4
72 11
49 4
72 9
49 4
72 4
49 7
49 4
72 9
51 4
72 11
51 4
72 11
49 4
72 11
49 4
72 11
47 4
72 11
47 4
72 11
49 4
72 9
49 4
72 4
46 7
46 4
72 9
47 4
72 11
49 4
72 11
47 4
72 9
51 4
49 4
51 9
72 9
47 4
72 11
49 4
72 9
44 4
44 4
44 4
44 4
44 4
72 4
46 4
46 4
46 4
46 4
46 4
72 9
47 4
72 11
49 4
72 11
47 4
72 9
51 4
49 4
51 9
72 9
47 4
72 11
49 4
72 11
44 4
44 4
44 4
44 4
72 13
51 4
72 11
51 4
72 11
51 4
72 11
51 4
72 11
47 4
72 11
47 4
72 11
49 4
72 9
49 4
72 4
49 7
49 4
72 9
51 4
72 11
51 4
72 11
49 4
72 11
49 4
72 11
47 4
72 11
47 4
72 11
49 4
72 9
49 4
72 4
46 7
46 4
72 9
47 4
72 11
49 4
72 11
47 4
72 9
51 4
49 4
51 9
72 9
47 4
72 11
49 4
72 9
44 4
44 4
44 4
44 4
44 4
72 4
46 4
46 4
46 4
46 4
46 4
72 9
47 4
72 11
49 4
72 11
47 4
72 9
51 4
49 4
51 9
72 9
47 4
72 11
49 4
72 11
44 4
44 4
44 4
44 4
E
S
H
63 7
63 4
63 4
59 4
61 4
63 9
68 9
66 12
63 11
59 4
56 13
56 4
58 4
59 4
58 4
59 4
61 4
59 4
61 4
63 4
61 4
63 4
66 4
63 7
63 4
63 4
59 4
61 4
63 9
68 9
70 11
71 4
70 4
68 9
66 9
68 13
68 12
70 12
71 7
71 4
71 4
70 4
68 4
66 9
63 9
68 7
68 4
68 4
66 4
64 4
63 12
71 7
71 4
71 4
70 4
68 4
66 9
63 9
68 12
70 12
71 7
71 4
71 4
70 4
68 4
66 9
63 9
68 7
68 4
68 4
66 4
64 4
63 12
71 7
71 4
71 4
70 4
71 4
61 9
70 9
70 12
68 4
72 11
63 7
63 4
63 4
59 4
61 4
63 9
68 9
66 12
63 11
59 4
56 13
56 4
58 4
59 4
58 4
59 4
61 4
59 4
61 4
63 4
61 4
63 4
66 4
63 7
63 4
63 4
59 4
61 4
63 9
68 9
70 11
71 4
70 4
68 9
66 9
68 13
68 12
70 12
71 7
71 4
71 4
70 4
68 4
66 9
63 9
68 7
68 4
68 4
66 4
64 4
63 12
71 7
71 4
71 4
70 4
68 4
66 9
63 9
68 12
70 12
71 7
71 4
71 4
70 4
68 4
66 9
63 9
68 7
68 4
68 4
66 4
64 4
63 12
71 7
71 4
71 4
70 4
71 4
61 9
70 9
70 12
68 4
E
S
H
63 2
72 8
63 4
63 4
63 4
63 2
72 8
63 9
63 2
72 8
63 4
63 4
63 4
63 2
72 8
63 9
59 2
72 8
59 4
59 4
59 4
59 2
72 8
59 9
61 2
72 8
61 4
61 4
61 4
61 2
72 8
61 9
63 2
72 8
63 4
63 4
63 4
63 2
72 8
63 9
61 2
72 8
61 4
61 4
61 4
61 2
72 8
61 9
59 2
72 8
59 4
59 4
59 4
59 2
72 8
59 9
61 2
72 8
61 4
61 4
61 4
61 2
72 8
61 9
59 4
72 7
59 9
61 4
72 7
61 9
72 4
59 4
72 4
59 9
63 4
72 7
63 9
59 4
72 7
59 9
61 4
72 7
61 9
56 12
58 12
59 4
72 7
59 9
61 4
72 7
61 9
72 4
59 4
72 4
59 9
63 4
72 7
63 9
59 4
72 7
59 9
61 4
72 7
61 9
61 4
72 7
63 4
63 4
63 4
63 4
72 11
63 2
72 8
63 4
63 4
63 4
63 2
72 8
63 9
63 2
72 8
63 4
63 4
63 4
63 2
72 8
63 9
59 2
72 8
59 4
59 4
59 4
59 2
72 8
59 9
61 2
72 8
61 4
61 4
61 4
61 2
72 8
61 9
63 2
72 8
63 4
63 4
63 4
63 2
72 8
63 9
61 2
72 8
61 4
61 4
61 4
61 2
72 8
61 9
59 2
72 8
59 4
59 4
59 4
59 2
72 8
59 9
61 2
72 8
61 4
61 4
61 4
61 2
72 8
61 9
59 4
72 7
59 9
61 4
72 7
61 9
72 4
59 4
72 4
59 9
63 4
72 7
63 9
59 4
72 7
59 9
61 4
72 7
61 9
56 12
58 12
59 4
72 7
59 9
61 4
72 7
61 9
72 4
59 4
72 4
59 9
63 4
72 7
63 9
59 4
72 7
59 9
61 4
72 7
61 9
61 4
72 7
63 4
63 4
63 4
63 4
E
S
H
59 4
72 7
59 4
59 4
59 4
59 2
72 8
59 9
59 4
72 7
59 4
59 4
59 4
59 2
72 8
59 9
56 4
72 7
56 4
56 4
56 4
56 2
72 8
56 9
58 4
72 7
58 4
58 4
58 4
58 2
72 8
59 9
59 4
72 7
59 4
59 4
59 4
59 2
72 8
58 9
58 4
72 7
58 4
58 4
58 4
58 2
72 8
58 9
56 4
72 7
56 4
56 4
56 4
56 2
72 8
56 9
56 4
72 7
56 4
56 4
56 4
58 2
72 8
58 9
56 4
72 7
56 9
58 4
72 7
58 9
72 4
56 4
72 4
56 9
58 4
72 7
58 9
56 4
72 7
56 9
58 4
72 7
58 9
53 12
55 12
56 4
72 7
56 9
58 4
72 7
58 9
72 4
56 4
72 4
56 9
58 4
72 7
58 9
56 4
72 7
56 9
58 4
72 7
58 9
54 4
72 7
56 4
56 4
56 4
56 4
72 11
59 4
72 7
59 4
59 4
59 4
59 2
72 8
59 9
59 4
72 7
59 4
59 4
59 4
59 2
72 8
59 9
56 4
72 7
56 4
56 4
56 4
56 2
72 8
56 9
58 4
72 7
58 4
58 4
58 4
58 2
72 8
59 9
59 4
72 7
59 4
59 4
59 4
59 2
72 8
58 9
58 4
72 7
58 4
58 4
58 4
58 2
72 8
58 9
56 4
72 7
56 4
56 4
56 4
56 2
72 8
56 9
56 4
72 7
56 4
56 4
56 4
58 2
72 8
58 9
56 4
72 7
56 9
58 4
72 7
58 9
72 4
56 4
72 4
56 9
58 4
72 7
58 9
56 4
72 7
56 9
58 4
72 7
58 9
53 12
55 12
56 4
72 7
56 9
58 4
72 7
58 9
72 4
56 4
72 4
56 9
58 4
72 7
58 9
56 4
72 7
56 9
58 4
72 7
58 9
54 4
72 7
56 4
56 4
56 4
56 4
E
S
L
32 4
72 7
32 4
72 7
32 4
72 7
32 9
35 4
72 7
35 4
72 7
35 4
72 7
35 9
28 4
72 7
28 4
72 7
28 4
72 7
28 9
30 4
72 7
30 4
72 7
30 4
72 7
30 9
32 4
72 7
32 4
72 7
32 4
72 7
32 9
30 4
72 7
30 4
72 7
30 4
72 7
30 9
28 4
72 7
28 4
72 7
28 4
72 7
28 9
27 4
72 7
27 4
72 7
27 4
72 7
27 9
28 9
28 7
28 4
30 9
30 9
28 9
28 7
28 4
32 9
32 9
28 9
28 7
28 4
30 9
30 9
25 9
25 9
27 9
27 9
28 9
28 7
28 4
30 9
30 9
28 9
28 7
28 4
32 9
32 9
28 9
28 7
28 4
30 9
30 9
32 9
32 9
32 9
72 9
32 4
72 7
32 4
72 7
32 4
72 7
32 9
35 4
72 7
35 4
72 7
35 4
72 7
35 9
28 4
72 7
28 4
72 7
28 4
72 7
28 9
30 4
72 7
30 4
72 7
30 4
72 7
30 9
32 4
72 7
32 4
72 7
32 4
72 7
32 9
30 4
72 7
30 4
72 7
30 4
72 7
30 9
28 4
72 7
28 4
72 7
28 4
72 7
28 9
27 4
72 7
27 4
72 7
27 4
72 7
27 9
28 9
28 7
28 4
30 9
30 9
28 9
28 7
28 4
32 9
32 9
28 9
28 7
28 4
30 9
30 9
25 9
25 9
27 9
27 9
28 9
28 7
28 4
30 9
30 9
28 9
28 7
28 4
32 9
32 9
28 9
28 7
28 4
30 9
30 9
32 9
32 9
32 9
E
S
L
16 9
16 4
16 4
16 4
16 7
16 4
16 0
72 1
16 0
72 0
16 0
16 0
72 2
16 0
16 0
72 2
16 0
72 0
16 0
72 1
16 0
72 4
16 9
16 4
16 4
16 4
16 7
16 4
16 0
72 1
16 0
72 0
16 0
16 0
72 2
16 0
16 0
72 2
16 0
72 0
16 0
72 1
16 0
72 4
16 9
16 4
16 4
16 4
16 7
16 4
16 0
72 1
16 0
72 0
16 0
16 0
72 2
16 0
16 0
72 2
16 0
72 0
16 0
72 1
16 0
72 4
16 9
16 4
16 4
16 4
16 4
16 4
16 4
16 0
72 1
16 0
72 0
16 0
16 0
72 2
16 0
16 0
72 2
16 0
72 0
16 0
72 1
16 0
72 4
16 9
16 4
16 4
16 4
16 7
16 4
16 0
72 1
16 0
72 0
16 0
16 0
72 2
16 0
16 0
72 2
16 0
72 0
16 0
72 1
16 0
72 4
16 9
16 4
16 4
16 4
16 7
16 4
16 0
72 1
16 0
72 0
16 0
16 0
72 2
16 0
16 0
72 2
16 0
72 0
16 0
72 1
16 0
72 4
16 9
16 4
16 4
16 4
16 7
16 4
16 0
72 1
16 0
72 0
16 0
16 0
72 2
16 0
16 0
72 2
16 0
72 0
16 0
72 1
16 0
72 4
16 9
16 4
16 4
16 4
16 4
16 4
16 4
16 0
72 1
16 0
72 0
16 0
16 0
72 2
16 0
16 0
72 2
16 0
72 0
16 0
72 1
16 0
72 4
16 7
16 4
16 4
16 4
16 4
16 7
16 4
16 4
16 4
16 4
16 4
16 7
16 4
16 4
16 4
16 4
16 4
16 4
16 0
72 1
16 0
72 0
16 0
16 0
72 2
16 0
16 0
72 2
16 0
72 0
16 0
72 1
16 0
72 4
16 9
16 4
16 4
16 4
16 4
16 7
16 4
16 4
16 4
16 7
16 4
16 4
16 4
16 4
16 7
16 4
16 4
16 4
16 4
16 4
16 7
16 4
16 4
16 4
16 4
16 7
16 4
16 4
16 4
16 4
16 4
16 7
16 4
16 4
16 4
16 4
16 4
16 4
16 0
16 0
72 2
16 0
72 0
16 0
72 1
16 0
72 1
16 0
72 0
16 0
16 0
72 2
16 0
72 4
16 9
16 4
16 4
16 4
16 4
16 7
16 4
16 4
16 4
16 4
16 7
16 4
16 4
16 4
16 7
72 9
16 9
16 4
16 4
16 4
16 7
16 4
16 0
72 1
16 0
72 0
16 0
16 0
72 2
16 0
16 0
72 2
16 0
72 0
16 0
72 1
16 0
72 4
16 9
16 4
16 4
16 4
16 7
16 4
16 0
72 1
16 0
72 0
16 0
16 0
72 2
16 0
16 0
72 2
16 0
72 0
16 0
72 1
16 0
72 4
16 9
16 4
16 4
16 4
16 7
16 4
16 0
72 1
16 0
72 0
16 0
16 0
72 2
16 0
16 0
72 2
16 0
72 0
16 0
72 1
16 0
72 4
16 9
16 4
16 4
16 4
16 4
16 4
16 4
16 0
72 1
16 0
72 0
16 0
16 0
72 2
16 0
16 0
72 2
16 0
72 0
16 0
72 1
16 0
72 4
16 9
16 4
16 4
16 4
16 7
16 4
16 0
72 1
16 0
72 0
16 0
16 0
72 2
16 0
16 0
72 2
16 0
72 0
16 0
72 1
16 0
72 4
16 9
16 4
16 4
16 4
16 7
16 4
16 0
72 1
16 0
72 0
16 0
16 0
72 2
16 0
16 0
72 2
16 0
72 0
16 0
72 1
16 0
72 4
16 9
16 4
16 4
16 4
16 7
16 4
16 0
72 1
16 0
72 0
16 0
16 0
72 2
16 0
16 0
72 2
16 0
72 0
16 0
72 1
16 0
72 4
16 9
16 4
16 4
16 4
16 4
16 4
16 4
16 0
72 1
16 0
72 0
16 0
16 0
72 2
16 0
16 0
72 2
16 0
72 0
16 0
72 1
16 0
72 4
16 7
16 4
16 4
16 4
16 4
16 7
16 4
16 4
16 4
16 4
16 4
16 7
16 4
16 4
16 4
16 4
16 4
16 4
16 0
72 1
16 0
72 0
16 0
16 0
72 2
16 0
16 0
72 2
16 0
72 0
16 0
72 1
16 0
72 4
16 9
16 4
16 4
16 4
16 4
16 7
16 4
16 4
16 4
16 7
16 4
16 4
16 4
16 4
16 7
16 4
16 4
16 4
16 4
16 4
16 7
16 4
16 4
16 4
16 4
16 7
16 4
16 4
16 4
16 4
16 4
16 7
16 4
16 4
16 4
16 4
16 4
16 4
16 0
16 0
72 2
16 0
72 0
16 0
72 1
16 0
72 1
16 0
72 0
16 0
16 0
72 2
16 0
72 4
16 9
16 4
16 4
16 4
16 4
16 7
16 4
16 4
16 4
16 4
16 7
16 4
16 4
16 4
16 7
E
S
L
20 9
20 4
20 4
20 4
20 9
20 9
23 9
23 4
23 4
23 4
23 9
23 9
17 9
17 4
17 4
17 4
17 9
17 9
18 9
18 4
18 4
18 4
18 9
18 9
20 9
20 4
20 4
20 4
20 9
20 9
18 9
18 4
18 4
18 4
18 9
18 9
16 9
16 4
16 4
16 4
16 9
16 9
15 9
15 4
15 4
15 4
15 9
15 9
16 9
16 7
16 4
18 9
18 9
16 9
16 7
16 4
20 9
20 9
16 9
16 7
16 4
18 9
18 9
13 9
13 7
13 4
15 9
15 9
16 9
16 7
16 4
18 9
18 9
16 9
16 7
16 4
20 9
20 9
16 9
16 7
16 4
18 9
18 9
20 9
20 4
20 4
20 4
20 9
72 9
20 9
20 4
20 4
20 4
20 9
20 9
23 9
23 4
23 4
23 4
23 9
23 9
17 9
17 4
17 4
17 4
17 9
17 9
18 9
18 4
18 4
18 4
18 9
18 9
20 9
20 4
20 4
20 4
20 9
20 9
18 9
18 4
18 4
18 4
18 9
18 9
16 9
16 4
16 4
16 4
16 9
16 9
15 9
15 4
15 4
15 4
15 9
15 9
16 9
16 7
16 4
18 9
18 9
16 9
16 7
16 4
20 9
20 9
16 9
16 7
16 4
18 9
18 9
13 9
13 7
13 4
15 9
15 9
16 9
16 7
16 4
18 9
18 9
16 9
16 7
16 4
20 9
20 9
16 9
16 7
16 4
18 9
18 9
20 9
20 4
20 4
20 4
20 9
E
S
H
72 9
47 4
72 11
47 4
72 11
47 4
72 11
47 4
72 11
44 4
72 11
44 4
72 11
46 4
72 9
46 4
72 4
46 7
46 4
72 9
47 4
72 11
47 4
72 11
46 4
72 11
46 4
72 11
44 4
72 11
44 4
72 11
44 4
72 9
44 4
72 4
43 7
43 4
72 9
44 4
72 11
44 4
72 11
44 4
72 9
46 4
44 4
46 9
72 9
44 4
72 11
46 4
72 9
41 4
41 4
41 4
41 4
41 4
72 4
43 4
43 4
43 4
43 4
43 4
72 9
44 4
72 11
46 4
72 11
44 4
72 9
46 4
44 4
46 9
72 9
44 4
72 11
46 4
72 11
39 4
39 4
39 4
39 4
72 13
47 4
72 11
47 4
72 11
47 4
72 11
47 4
72 11
44 4
72 11
44 4
72 11
46 4
72 9
46 4
72 4
46 7
46 4
72 9
47 4
72 11
47 4
72 11
46 4
72 11
46 4
72 11
44 4
72 11
44 4
72 11
44 4
72 9
44 4
72 4
43 7
43 4
72 9
44 4
72 11
44 4
72 11
44 4
72 9
46 4
44 4
46 9
72 9
44 4
72 11
46 4
72 9
41 4
41 4
41 4
41 4
41 4
72 4
43 4
43 4
43 4
43 4
43 4
72 9
44 4
72 11
46 4
72 11
44 4
72 9
46 4
44 4
46 9
72 9
44 4
72 11
46 4
72 11
39 4
39 4
39 4
39 4
E
S
H
63 7
63 4
72 1
63 4
59 4
72 1
61 4
63 9
72 1
68 9
66 12
63 11
72 1
59 4
56 13
56 4
72 1
58 4
59 4
72 1
58 4
59 4
72 1
61 4
59 4
72 1
61 4
63 4
72 1
61 4
63 4
72 1
66 4
63 7
63 4
72 1
63 4
59 4
72 1
61 4
63 9
72 1
68 9
70 11
71 4
72 1
70 4
68 9
72 1
66 9
68 13
68 12
70 12
71 7
71 4
72 1
71 4
70 4
72 1
68 4
66 9
72 1
63 9
68 7
68 4
72 1
68 4
66 4
72 1
64 4
63 12
71 7
71 4
72 1
71 4
70 4
72 1
68 4
66 9
72 1
63 9
68 12
70 12
71 7
71 4
72 1
71 4
70 4
72 1
68 4
66 9
72 1
63 9
68 7
68 4
72 1
68 4
66 4
72 1
64 4
63 12
71 7
71 4
72 1
71 4
70 4
72 1
71 4
61 9
72 1
70 9
70 12
68 4
72 12
63 7
63 4
63 4
59 4
61 4
63 9
68 9
66 12
63 11
59 4
56 13
56 4
58 4
59 4
58 4
59 4
61 4
59 4
61 4
63 4
61 4
63 4
66 4
63 7
63 4
63 4
59 4
61 4
63 9
68 9
70 11
71 4
70 4
68 9
66 9
68 13
68 12
70 12
71 7
71 4
71 4
70 4
68 4
66 9
63 9
68 7
68 4
68 4
66 4
64 4
63 12
71 7
71 4
71 4
70 4
68 4
66 9
63 9
68 12
70 12
71 7
71 4
71 4
70 4
68 4
66 9
63 9
68 7
68 4
68 4
66 4
64 4
63 12
71 7
71 4
71 4
70 4
71 4
61 9
70 9
70 12
68 4
E
S
H
72 10
51 4
72 11
51 4
72 11
51 4
72 11
51 4
72 11
47 4
72 11
47 4
72 11
49 4
72 9
49 4
72 4
49 7
49 4
72 9
51 4
72 11
51 4
72 11
49 4
72 11
49 4
72 11
47 4
72 11
47 4
72 11
49 4
72 9
49 4
72 4
46 7
46 4
72 9
47 4
72 11
49 4
72 11
47 4
72 9
51 4
49 4
72 1
51 9
72 9
47 4
72 11
49 4
72 9
44 4
44 4
72 1
44 4
44 4
72 1
44 4
72 4
46 4
72 0
46 4
46 4
72 0
46 4
46 4
72 8
47 4
72 11
49 4
72 11
47 4
72 9
51 4
49 4
51 9
72 9
47 4
72 11
49 4
72 11
44 4
44 4
44 4
44 4
72 13
51 4
72 11
51 4
72 11
51 4
72 11
51 4
72 11
47 4
72 11
47 4
72 11
49 4
72 9
49 4
72 4
49 7
49 4
72 9
51 4
72 11
51 4
72 11
49 4
72 11
49 4
72 11
47 4
72 11
47 4
72 11
49 4
72 9
49 4
72 4
46 7
46 4
72 9
47 4
72 11
49 4
72 11
47 4
72 9
51 4
49 4
51 9
72 9
47 4
72 11
49 4
72 9
44 4
44 4
44 4
44 4
44 4
72 4
46 4
72 0
46 4
46 4
72 0
46 4
46 4
72 9
47 4
72 11
49 4
72 11
47 4
72 9
51 4
72 0
49 4
51 9
72 9
47 4
72 11
49 4
72 11
44 4
72 0
44 4
44 4
72 0
44 4
E
S
H
72 10
47 4
72 11
47 4
72 11
47 4
72 11
47 4
72 11
44 4
72 11
44 4
72 11
46 4
72 9
46 4
72 4
46 7
46 4
72 9
47 4
72 11
47 4
72 11
46 4
72 11
46 4
72 11
44 4
72 11
44 4
72 11
44 4
72 9
44 4
72 4
43 7
43 4
72 9
44 4
72 11
44 4
72 11
44 4
72 9
46 4
44 4
72 1
46 9
72 9
44 4
72 11
46 4
72 9
41 4
41 4
72 1
41 4
41 4
72 1
41 4
72 4
43 4
72 0
43 4
43 4
72 0
43 4
43 4
72 8
44 4
72 11
46 4
72 11
44 4
72 9
46 4
44 4
46 9
72 9
44 4
72 11
46 4
72 11
39 4
39 4
39 4
39 4
72 13
47 4
72 11
47 4
72 11
47 4
72 11
47 4
72 11
44 4
72 11
44 4
72 11
46 4
72 9
46 4
72 4
46 7
46 4
72 9
47 4
72 11
47 4
72 11
46 4
72 11
46 4
72 11
44 4
72 11
44 4
72 11
44 4
72 9
44 4
72 4
43 7
43 4
72 9
44 4
72 11
44 4
72 11
44 4
72 9
46 4
44 4
46 9
72 9
44 4
72 11
46 4
72 9
41 4
41 4
41 4
41 4
41 4
72 4
43 4
72 0
43 4
43 4
72 0
43 4
43 4
72 9
44 4
72 11
46 4
72 11
44 4
72 9
46 4
72 0
44 4
46 9
72 9
44 4
72 11
46 4
72 11
39 4
72 0
39 4
39 4
72 0
39 4
E
S
H
63 2
72 9
63 4
63 4
72 1
63 4
63 2
72 9
63 9
63 2
72 9
63 4
63 4
72 1
63 4
63 2
72 9
63 9
59 2
72 9
59 4
59 4
72 1
59 4
59 2
72 9
59 9
61 2
72 9
61 4
61 4
72 1
61 4
61 2
72 9
61 9
63 2
72 9
63 4
63 4
72 1
63 4
63 2
72 9
63 9
61 2
72 9
61 4
61 4
72 1
61 4
61 2
72 9
61 9
59 2
72 9
59 4
59 4
72 1
59 4
59 2
72 9
59 9
61 2
72 9
61 4
61 4
72 1
61 4
61 2
72 9
61 9
59 4
72 8
59 9
61 4
72 8
61 9
72 4
59 4
72 4
59 9
63 4
72 8
63 9
59 4
72 8
59 9
61 4
72 8
61 9
56 12
58 12
59 4
72 8
59 9
61 4
72 8
61 9
72 4
59 4
72 4
59 9
63 4
72 8
63 9
59 4
72 8
59 9
61 4
72 8
61 9
61 4
72 8
63 4
63 4
72 1
63 4
63 4
72 12
63 2
72 8
63 4
63 4
63 4
63 2
72 8
63 9
63 2
72 8
63 4
63 4
63 4
63 2
72 8
63 9
59 2
72 8
59 4
59 4
59 4
59 2
72 8
59 9
61 2
72 8
61 4
61 4
61 4
61 2
72 8
61 9
63 2
72 8
63 4
63 4
63 4
63 2
72 8
63 9
61 2
72 8
61 4
61 4
61 4
61 2
72 8
61 9
59 2
72 8
59 4
59 4
59 4
59 2
72 8
59 9
61 2
72 8
61 4
61 4
61 4
61 2
72 8
61 9
59 4
72 7
59 9
61 4
72 7
61 9
72 4
59 4
72 4
59 9
63 4
72 7
63 9
59 4
72 7
59 9
61 4
72 7
61 9
56 12
58 12
59 4
72 7
59 9
61 4
72 7
61 9
72 4
59 4
72 4
59 9
63 4
72 7
63 9
59 4
72 7
59 9
61 4
72 7
61 9
61 4
72 7
63 4
63 4
63 4
63 4
E
S
H
59 4
72 8
59 4
59 4
72 1
59 4
59 2
72 9
59 9
59 4
72 8
59 4
59 4
72 1
59 4
59 2
72 9
59 9
56 4
72 8
56 4
56 4
72 1
56 4
56 2
72 9
56 9
58 4
72 8
58 4
58 4
72 1
58 4
58 2
72 9
59 9
59 4
72 8
59 4
59 4
72 1
59 4
59 2
72 9
58 9
58 4
72 8
58 4
58 4
72 1
58 4
58 2
72 9
58 9
56 4
72 8
56 4
56 4
72 1
56 4
56 2
72 9
56 9
56 4
72 8
56 4
56 4
72 1
56 4
58 2
72 9
58 9
56 4
72 8
56 9
58 4
72 8
58 9
72 4
56 4
72 4
56 9
58 4
72 8
58 9
56 4
72 8
56 9
58 4
72 8
58 9
53 12
55 12
56 4
72 8
56 9
58 4
72 8
58 9
72 4
56 4
72 4
56 9
58 4
72 8
58 9
56 4
72 8
56 9
58 4
72 8
58 9
54 4
72 8
56 4
56 4
72 1
56 4
56 4
72 12
59 4
72 7
59 4
59 4
59 4
59 2
72 8
59 9
59 4
72 7
59 4
59 4
59 4
59 2
72 8
59 9
56 4
72 7
56 4
56 4
56 4
56 2
72 8
56 9
58 4
72 7
58 4
58 4
58 4
58 2
72 8
59 9
59 4
72 7
59 4
59 4
59 4
59 2
72 8
58 9
58 4
72 7
58 4
58 4
58 4
58 2
72 8
58 9
56 4
72 7
56 4
56 4
56 4
56 2
72 8
56 9
56 4
72 7
56 4
56 4
56 4
58 2
72 8
58 9
56 4
72 7
56 9
58 4
72 7
58 9
72 4
56 4
72 4
56 9
58 4
72 7
58 9
56 4
72 7
56 9
58 4
72 7
58 9
53 12
55 12
56 4
72 7
56 9
58 4
72 7
58 9
72 4
56 4
72 4
56 9
58 4
72 7
58 9
56 4
72 7
56 9
58 4
72 7
58 9
54 4
72 7
56 4
56 4
56 4
56 4
E
S
H
63 7
63 4
72 1
63 4
59 4
72 1
61 4
63 9
72 1
68 9
66 12
63 11
72 1
59 4
56 13
56 4
72 1
58 4
59 4
72 1
58 4
59 4
72 1
61 4
59 4
72 1
61 4
63 4
72 1
61 4
63 4
72 1
66 4
63 7
63 4
72 1
63 4
59 4
72 1
61 4
63 9
72 1
68 9
70 11
71 4
72 1
70 4
68 9
72 1
66 9
68 13
68 12
70 12
71 7
71 4
72 1
71 4
70 4
72 1
68 4
66 9
72 1
63 9
68 7
68 4
72 1
68 4
66 4
72 1
64 4
63 12
71 7
71 4
72 1
71 4
70 4
72 1
68 4
66 9
72 1
63 9
68 12
70 12
71 7
71 4
72 1
71 4
70 4
72 1
68 4
66 9
72 1
63 9
68 7
68 4
72 1
68 4
66 4
72 1
64 4
63 12
71 7
71 4
72 1
71 4
70 4
72 1
71 4
61 9
72 1
70 9
70 12
68 4
72 12
63 7
63 4
63 4
59 4
61 4
63 9
68 9
66 12
63 11
59 4
56 13
56 4
58 4
59 4
58 4
59 4
61 4
59 4
61 4
63 4
61 4
63 4
66 4
63 7
63 4
63 4
59 4
61 4
63 9
68 9
70 11
71 4
70 4
68 9
66 9
68 13
68 12
70 12
71 7
71 4
71 4
70 4
68 4
66 9
63 9
68 7
68 4
68 4
66 4
64 4
63 12
71 7
71 4
71 4
70 4
68 4
66 9
63 9
68 12
70 12
71 7
71 4
71 4
70 4
68 4
66 9
63 9
68 7
68 4
68 4
66 4
64 4
63 12
71 7
71 4
71 4
70 4
71 4
61 9
70 9
70 12
68 4
E
S
H
63 7
63 4
63 4
59 4
61 4
63 9
68 9
66 12
63 11
59 4
56 13
56 4
58 4
59 4
58 4
59 4
61 4
59 4
61 4
63 4
61 4
63 4
66 4
63 7
63 4
63 4
59 4
61 4
63 9
68 9
70 11
71 4
70 4
68 9
66 9
68 13
68 12
70 12
71 7
71 4
71 4
70 4
68 4
66 9
63 9
68 7
68 4
68 4
66 4
64 4
63 12
71 7
71 4
71 4
70 4
68 4
66 9
63 9
68 12
70 12
71 7
71 4
71 4
70 4
68 4
66 9
63 9
68 7
68 4
68 4
66 4
64 4
63 12
71 7
71 4
71 4
70 4
71 4
61 9
70 9
70 12
68 4
72 11
63 7
63 4
63 4
59 4
61 4
63 9
68 9
66 12
63 11
59 4
56 13
56 4
58 4
59 4
58 4
59 4
61 4
59 4
61 4
63 4
61 4
63 4
66 4
63 7
63 4
63 4
59 4
61 4
63 9
68 9
70 11
71 4
70 4
68 9
66 9
68 13
68 12
70 12
71 7
71 4
71 4
70 4
68 4
66 9
63 9
68 7
68 4
68 4
66 4
64 4
63 12
71 7
71 4
71 4
70 4
68 4
66 9
63 9
68 12
70 12
71 7
71 4
71 4
70 4
68 4
66 9
63 9
68 7
68 4
68 4
66 4
64 4
63 12
71 7
71 4
71 4
70 4
71 4
61 9
70 9
70 12
68 4
E
X
