minor
S
H
72 13
59 13
57 13
55 13
57 13
59 13
57 13
59 8
64 8
57 8
59 8
64 8
57 8
59 13
72 13
E
S
L
16 14
17 13
16 13
17 13
16 13
17 13
16 14
20 13
72 13
E
S
H
72 13
64 13
62 12
60 8
59 13
57 8
55 11
53 5
52 13
50 12
48 8
47 14
72 13
E
S
L
4 14
5 13
4 13
5 13
4 13
5 13
4 14
72 13
E
S
H
64 14
72 8
40 12
72 8
45 12
47 13
45 13
47 14
72 13
E
S
H
72 14
43 8
41 8
72 8
48 8
43 13
41 13
43 14
72 13
E
S
H
72 14
40 14
72 13
E
S
L
72 14
17 13
18 13
17 13
18 13
17 13
17 13
17 0
17 0
72 2
17 0
17 0
72 0
17 0
17 0
72 1
17 0
17 0
72 1
17 0
72 0
17 0
17 0
72 2
17 0
17 0
17 0
72 2
17 0
17 0
72 0
17 0
17 0
72 1
17 0
17 0
72 1
17 0
72 0
17 0
17 0
72 2
17 0
17 0
17 0
72 2
17 0
17 0
72 0
17 0
17 0
72 1
17 0
17 0
72 1
17 0
72 0
17 0
17 0
72 2
17 0
17 0
17 0
72 2
17 0
17 0
72 0
17 0
17 0
72 1
17 0
17 0
72 1
17 0
72 0
17 0
17 0
72 2
17 0
17 13
E
X
