minor
S
H
72 11
127 11
27 11
140 11
63 11
415 11
166 11
244 11
22 2
127 11
205 11
32 14
35 11
38 14
72 11
415 11
39 11
27 11
140 11
415 11
166 11
244 11
231 2
127 11
205 11
72 14
127 11
27 11
140 11
63 11
415 11
166 11
244 11
22 2
127 11
205 11
32 14
35 11
38 14
72 11
415 11
39 11
27 11
140 11
415 11
166 11
244 11
231 2
127 11
205 11
E
S
H
72 14
188 2
72 2
188 2
72 2
188 2
72 2
188 4
202 4
188 4
175 4
72 4
188 2
72 2
188 2
72 2
188 2
72 2
188 4
202 4
188 4
175 4
72 4
188 2
72 2
188 2
72 2
188 2
72 2
188 4
202 4
188 4
175 4
72 4
188 2
72 2
188 2
72 2
188 2
72 2
188 4
202 4
188 4
175 4
72 4
188 2
72 2
188 2
72 2
188 2
72 2
188 4
202 4
228 4
202 4
188 4
163 4
137 4
136 4
110 4
136 4
110 4
240 4
72 4
137 2
72 2
137 2
72 2
137 2
72 2
137 4
163 4
137 4
136 4
72 4
137 2
72 2
137 2
72 2
137 2
72 2
137 4
163 4
137 4
136 4
72 4
137 2
72 2
137 2
72 2
137 2
72 2
137 4
163 4
137 4
136 4
72 4
137 2
72 2
137 2
72 2
137 2
72 2
137 4
163 4
137 4
136 4
72 4
144 2
72 2
144 2
72 2
144 2
72 2
144 4
170 4
196 4
209 4
235 4
104 4
235 4
209 4
196 4
169 4
144 4
130 4
72 4
48 2
72 2
48 2
72 2
48 2
72 2
48 4
50 4
48 4
47 4
72 4
48 2
72 2
48 2
72 2
48 2
72 2
48 4
50 4
48 4
47 4
108 2
239 2
200 2
187 2
161 2
148 2
133 2
108 2
200 2
187 2
161 2
148 2
133 2
108 2
238 2
200 2
133 2
108 2
238 2
200 2
187 2
161 2
148 2
133 2
197 2
196 2
169 2
144 2
130 2
104 2
235 2
197 2
72 14
188 2
72 2
188 2
72 2
188 2
72 2
188 4
202 4
188 4
175 4
72 4
188 2
72 2
188 2
72 2
188 2
72 2
188 4
202 4
188 4
175 4
72 4
188 2
72 2
188 2
72 2
188 2
72 2
188 4
202 4
188 4
175 4
72 4
188 2
72 2
188 2
72 2
188 2
72 2
188 4
202 4
188 4
175 4
72 4
188 2
72 2
188 2
72 2
188 2
72 2
188 4
202 4
228 4
202 4
188 4
163 4
137 4
136 4
110 4
136 4
110 4
240 4
72 4
137 2
72 2
137 2
72 2
137 2
72 2
137 4
163 4
137 4
136 4
72 4
137 2
72 2
137 2
72 2
137 2
72 2
137 4
163 4
137 4
136 4
72 4
137 2
72 2
137 2
72 2
137 2
72 2
137 4
163 4
137 4
136 4
72 4
137 2
72 2
137 2
72 2
137 2
72 2
137 4
163 4
137 4
136 4
72 4
144 2
72 2
144 2
72 2
144 2
72 2
144 4
170 4
196 4
209 4
235 4
104 4
235 4
209 4
196 4
169 4
144 4
130 4
72 4
48 2
72 2
48 2
72 2
48 2
72 2
48 4
50 4
48 4
47 4
72 4
48 2
72 2
48 2
72 2
48 2
72 2
48 4
50 4
48 4
47 4
108 2
239 2
200 2
187 2
161 2
148 2
133 2
108 2
200 2
187 2
161 2
148 2
133 2
108 2
238 2
200 2
133 2
108 2
238 2
200 2
187 2
161 2
148 2
133 2
197 2
196 2
169 2
144 2
130 2
104 2
235 2
197 2
E
S
L
1195 13
72 13
1195 13
72 14
1195 13
72 13
1195 13
72 14
1195 13
72 13
1195 13
72 14
1195 13
72 13
1195 13
72 14
1195 13
72 13
1195 13
72 13
1195 13
72 13
1195 13
72 14
1195 13
72 13
1195 13
72 14
1195 13
72 13
1195 13
72 14
1195 13
72 13
1195 13
72 14
1195 13
72 13
1195 13
E
S
L
72 14
25 0
25 0
72 2
25 0
72 0
25 0
72 1
25 0
72 1
25 0
72 0
25 0
25 0
72 2
25 0
25 0
72 2
25 0
72 0
25 0
72 1
25 0
72 1
25 0
72 0
25 0
25 0
72 2
25 0
25 0
72 2
25 0
72 0
25 0
72 1
25 0
72 1
25 0
72 0
25 0
25 0
72 2
25 0
25 0
72 2
25 0
72 0
25 0
72 1
25 0
72 1
25 0
72 0
25 0
25 0
72 2
25 0
25 0
72 2
25 0
72 0
25 0
72 1
25 0
72 1
25 0
72 0
25 0
25 0
72 2
25 0
25 0
72 2
25 0
72 0
25 0
72 1
25 0
72 1
25 0
72 0
25 0
25 0
72 2
25 0
25 0
72 2
25 0
72 0
25 0
72 1
25 0
72 1
25 0
72 0
25 0
25 0
72 14
229 2
72 2
229 2
72 8
229 2
72 2
229 2
72 8
229 2
72 2
229 2
72 8
229 2
72 2
229 2
72 8
229 2
72 2
229 2
72 8
229 2
72 2
229 2
72 8
229 2
72 2
229 2
72 8
229 2
72 2
229 2
72 11
25 0
25 0
72 2
25 0
72 0
25 0
72 1
25 0
72 1
25 0
72 0
25 0
25 0
72 2
25 0
25 0
72 2
25 0
72 0
25 0
72 1
25 0
72 1
25 0
72 0
25 0
25 0
72 2
25 0
25 0
72 2
25 0
72 0
25 0
72 1
25 0
72 1
25 0
72 0
25 0
25 0
72 2
25 0
25 0
72 2
25 0
72 0
25 0
72 1
25 0
72 1
25 0
72 0
25 0
25 0
72 2
25 0
25 0
72 2
25 0
72 0
25 0
72 1
25 0
72 1
25 0
72 0
25 0
25 0
72 2
25 0
25 0
72 2
25 0
72 0
25 0
72 1
25 0
72 1
25 0
72 0
25 0
25 0
72 2
25 0
25 0
72 2
25 0
72 0
25 0
72 1
25 0
72 1
25 0
72 0
25 0
25 0
72 2
229 2
72 2
229 2
72 8
229 2
72 2
229 2
72 8
229 2
72 2
229 2
72 8
229 2
72 2
229 2
72 8
229 2
72 2
229 2
72 8
229 2
72 2
229 2
72 8
229 2
72 2
229 2
72 8
229 2
72 2
229 2
72 11
25 0
25 0
72 2
25 0
72 0
25 0
72 1
25 0
72 1
25 0
72 0
25 0
25 0
72 2
25 0
25 0
72 2
25 0
72 0
25 0
72 1
25 0
72 1
25 0
72 0
25 0
25 0
72 2
25 0
25 0
72 2
25 0
72 0
25 0
72 1
25 0
72 1
25 0
72 0
25 0
25 0
72 2
25 0
25 0
72 2
25 0
72 0
25 0
72 1
25 0
72 1
25 0
72 0
25 0
25 0
72 2
25 0
25 0
72 2
25 0
72 0
25 0
72 1
25 0
72 1
25 0
72 0
25 0
25 0
72 2
25 0
25 0
72 2
25 0
72 0
25 0
72 1
25 0
72 1
25 0
72 0
25 0
25 0
72 2
25 0
25 0
72 2
25 0
72 0
25 0
72 1
25 0
72 1
25 0
72 0
25 0
25 0
72 2
229 2
72 2
229 2
72 8
229 2
72 2
229 2
72 8
229 2
72 2
229 2
72 8
229 2
72 2
229 2
72 8
229 2
72 2
229 2
72 8
229 2
72 2
229 2
72 11
25 0
25 0
72 2
25 0
72 0
25 0
72 1
25 0
72 1
25 0
72 0
25 0
25 0
72 2
25 0
25 0
72 2
25 0
72 0
25 0
72 1
25 0
72 1
25 0
72 0
25 0
25 0
72 2
25 0
25 0
72 2
25 0
72 0
25 0
72 1
25 0
72 1
25 0
72 0
25 0
25 0
72 2
25 0
25 0
72 2
25 0
72 0
25 0
72 1
25 0
72 1
25 0
72 0
25 0
25 0
72 14
25 0
25 0
72 2
25 0
72 0
25 0
72 1
25 0
72 1
25 0
72 0
25 0
25 0
72 2
25 0
25 0
72 2
25 0
72 0
25 0
72 1
25 0
72 1
25 0
72 0
25 0
25 0
72 2
25 0
25 0
72 2
25 0
72 0
25 0
72 1
25 0
72 1
25 0
72 0
25 0
25 0
72 2
25 0
25 0
72 2
25 0
72 0
25 0
72 1
25 0
72 1
25 0
72 0
25 0
25 0
72 2
25 0
25 0
72 2
25 0
72 0
25 0
72 1
25 0
72 1
25 0
72 0
25 0
25 0
72 2
25 0
25 0
72 2
25 0
72 0
25 0
72 1
25 0
72 1
25 0
72 0
25 0
25 0
72 2
25 0
25 0
72 2
25 0
72 0
25 0
72 1
25 0
72 1
25 0
72 0
25 0
25 0
72 14
229 2
72 2
229 2
72 8
229 2
72 2
229 2
72 8
229 2
72 2
229 2
72 8
229 2
72 2
229 2
72 8
229 2
72 2
229 2
72 8
229 2
72 2
229 2
72 8
229 2
72 2
229 2
72 8
229 2
72 2
229 2
72 11
25 0
25 0
72 2
25 0
72 0
25 0
72 1
25 0
72 1
25 0
72 0
25 0
25 0
72 2
25 0
25 0
72 2
25 0
72 0
25 0
72 1
25 0
72 1
25 0
72 0
25 0
25 0
72 2
25 0
25 0
72 2
25 0
72 0
25 0
72 1
25 0
72 1
25 0
72 0
25 0
25 0
72 2
25 0
25 0
72 2
25 0
72 0
25 0
72 1
25 0
72 1
25 0
72 0
25 0
25 0
72 2
25 0
25 0
72 2
25 0
72 0
25 0
72 1
25 0
72 1
25 0
72 0
25 0
25 0
72 2
25 0
25 0
72 2
25 0
72 0
25 0
72 1
25 0
72 1
25 0
72 0
25 0
25 0
72 2
25 0
25 0
72 2
25 0
72 0
25 0
72 1
25 0
72 1
25 0
72 0
25 0
25 0
72 2
229 2
72 2
229 2
72 8
229 2
72 2
229 2
72 8
229 2
72 2
229 2
72 8
229 2
72 2
229 2
72 8
229 2
72 2
229 2
72 8
229 2
72 2
229 2
72 8
229 2
72 2
229 2
72 8
229 2
72 2
229 2
72 11
25 0
25 0
72 2
25 0
72 0
25 0
72 1
25 0
72 1
25 0
72 0
25 0
25 0
72 2
25 0
25 0
72 2
25 0
72 0
25 0
72 1
25 0
72 1
25 0
72 0
25 0
25 0
72 2
25 0
25 0
72 2
25 0
72 0
25 0
72 1
25 0
72 1
25 0
72 0
25 0
25 0
72 2
25 0
25 0
72 2
25 0
72 0
25 0
72 1
25 0
72 1
25 0
72 0
25 0
25 0
72 2
25 0
25 0
72 2
25 0
72 0
25 0
72 1
25 0
72 1
25 0
72 0
25 0
25 0
72 2
25 0
25 0
72 2
25 0
72 0
25 0
72 1
25 0
72 1
25 0
72 0
25 0
25 0
72 2
25 0
25 0
72 2
25 0
72 0
25 0
72 1
25 0
72 1
25 0
72 0
25 0
25 0
72 2
229 2
72 2
229 2
72 8
229 2
72 2
229 2
72 8
229 2
72 2
229 2
72 8
229 2
72 2
229 2
72 8
229 2
72 2
229 2
72 8
229 2
72 2
229 2
72 11
25 0
25 0
72 2
25 0
72 0
25 0
72 1
25 0
72 1
25 0
72 0
25 0
25 0
72 2
25 0
25 0
72 2
25 0
72 0
25 0
72 1
25 0
72 1
25 0
72 0
25 0
25 0
72 2
25 0
25 0
72 2
25 0
72 0
25 0
72 1
25 0
72 1
25 0
72 0
25 0
25 0
72 2
25 0
25 0
72 2
25 0
72 0
25 0
72 1
25 0
72 1
25 0
72 0
25 0
25 0
E
S
H
72 14
29 2
35 2
38 2
41 2
29 2
38 2
41 2
44 2
35 2
41 2
44 2
47 2
38 2
44 2
47 2
50 2
44 2
47 2
50 2
53 2
44 2
50 2
53 2
56 2
47 2
53 2
56 2
59 2
50 2
53 2
56 0
72 1
59 0
72 0
56 0
59 0
72 2
59 2
56 2
53 2
50 2
56 2
53 2
50 2
47 2
53 2
50 2
47 2
44 2
50 2
47 2
44 2
38 2
47 2
44 2
41 2
38 2
44 2
41 2
38 2
35 2
41 2
38 2
35 2
29 2
38 2
35 2
29 2
26 2
72 14
54 2
48 2
45 2
42 2
51 2
48 2
45 2
42 2
48 2
45 2
42 2
38 2
33 0
42 0
72 2
38 0
72 0
42 0
72 1
45 0
72 1
42 0
72 0
45 0
42 0
72 2
38 2
42 2
45 2
48 2
42 2
45 2
48 2
51 2
42 2
45 2
48 2
51 2
45 2
48 2
51 2
54 2
55 2
50 2
43 2
38 2
47 2
43 2
38 2
31 2
43 2
38 2
31 2
26 2
47 0
38 0
72 2
43 2
38 2
31 2
43 0
45 0
72 2
43 0
72 0
45 0
72 1
43 0
72 1
45 0
72 0
43 0
45 0
72 2
43 0
45 0
72 2
43 0
72 0
45 0
72 1
43 0
72 1
45 0
72 0
43 0
45 0
72 2
43 4
38 2
35 2
43 2
38 2
31 2
26 2
72 14
29 2
35 2
38 2
41 2
29 2
38 2
41 2
44 2
35 2
41 2
44 2
47 2
38 2
44 2
47 2
50 2
44 2
47 2
50 2
53 2
44 2
50 2
53 2
56 2
47 2
53 2
56 2
59 2
50 2
53 2
56 0
72 1
59 0
72 0
56 0
59 0
72 2
59 2
56 2
53 2
50 2
56 2
53 2
50 2
47 2
53 2
50 2
47 2
44 2
50 2
47 2
44 2
38 2
47 2
44 2
41 2
38 2
44 2
41 2
38 2
35 2
41 2
38 2
35 2
29 2
38 2
35 2
29 2
26 2
72 14
54 2
48 2
45 2
42 2
51 2
48 2
45 2
42 2
48 2
45 2
42 2
38 2
33 0
42 0
72 2
38 0
72 0
42 0
72 1
45 0
72 1
42 0
72 0
45 0
42 0
72 2
38 2
42 2
45 2
48 2
42 2
45 2
48 2
51 2
42 2
45 2
48 2
51 2
45 2
48 2
51 2
54 2
55 2
50 2
43 2
38 2
47 2
43 2
38 2
31 2
43 2
38 2
31 2
26 2
47 0
38 0
72 2
43 2
38 2
31 2
43 0
45 0
72 2
43 0
72 0
45 0
72 1
43 0
72 1
45 0
72 0
43 0
45 0
72 2
43 0
45 0
72 2
43 0
72 0
45 0
72 1
43 0
72 1
45 0
72 0
43 0
45 0
72 2
43 4
38 2
35 2
43 2
38 2
31 2
26 2
E
X
