minor
S
L
12 2
12 4
12 4
12 4
12 2
12 2
12 4
12 4
12 4
12 2
12 2
12 4
12 4
12 4
12 2
12 2
12 4
12 4
12 4
12 2
5 2
5 4
5 4
5 4
5 2
5 2
5 4
5 4
5 4
5 2
7 2
7 4
7 4
7 4
7 2
7 2
7 4
7 2
7 2
8 2
10 2
11 2
12 2
12 4
12 4
12 4
12 2
12 2
12 4
12 4
12 4
12 2
12 2
12 4
12 4
12 4
12 2
12 2
12 4
12 4
12 4
12 2
5 2
5 4
5 4
5 4
5 2
5 2
5 4
5 4
5 4
5 2
7 2
7 4
7 4
7 4
7 2
7 2
7 4
7 2
7 2
8 2
10 2
11 2
12 2
12 2
12 2
12 2
72 2
12 2
12 2
72 2
12 2
12 2
72 2
12 2
72 2
12 2
17 3
72 1
12 2
12 2
12 2
12 2
72 2
12 2
12 2
72 2
12 2
12 2
72 2
12 2
72 2
12 2
17 3
72 1
12 2
12 2
12 2
12 2
72 2
12 2
12 2
72 2
12 2
12 2
72 2
12 2
72 2
12 2
17 3
72 1
7 2
7 2
7 2
7 2
72 2
7 2
7 2
72 2
7 2
7 2
72 2
7 2
7 2
7 2
9 2
11 2
12 2
12 2
12 2
12 2
72 2
12 2
12 2
72 2
12 2
12 2
72 2
12 2
72 2
12 2
17 3
72 1
12 2
12 2
12 2
12 2
72 2
12 2
12 2
72 2
12 2
12 2
72 2
12 2
72 2
12 2
17 3
72 1
12 2
12 2
12 2
12 2
72 2
12 2
12 2
72 2
12 2
12 2
72 2
12 2
72 2
12 2
17 3
72 1
7 2
7 2
7 2
7 2
72 2
7 2
7 2
72 2
7 2
7 2
72 2
7 2
7 2
7 2
9 2
11 2
13 2
13 2
13 2
13 3
72 1
13 2
13 3
72 1
13 2
13 3
72 1
13 3
72 1
13 2
13 3
72 1
13 2
13 2
13 2
13 3
72 1
13 2
13 3
72 1
13 2
13 3
72 1
13 3
72 1
13 2
13 3
72 1
12 2
12 2
12 2
12 3
72 1
12 2
12 3
72 1
12 2
12 3
72 1
12 3
72 1
12 2
12 3
72 1
12 2
12 2
12 2
12 3
72 1
12 2
12 3
72 1
12 2
12 3
72 1
12 3
72 1
12 2
12 3
72 1
13 2
13 2
13 2
13 3
72 1
13 2
13 3
72 1
13 2
13 3
72 1
13 3
72 1
13 2
13 3
72 1
13 2
13 2
13 2
13 3
72 1
13 2
13 3
72 1
13 2
13 3
72 1
13 3
72 1
13 2
13 3
72 1
12 2
12 2
12 2
12 3
72 1
12 2
12 3
72 1
12 2
12 3
72 1
12 3
72 1
12 2
12 3
72 1
12 2
12 2
12 2
12 3
72 1
12 2
12 3
72 1
12 2
12 3
72 1
12 3
72 1
12 2
12 3
72 1
5 2
5 2
5 2
5 3
72 1
5 2
5 3
72 1
5 2
5 3
72 1
5 3
72 1
5 2
5 3
72 1
6 2
6 2
6 2
6 3
72 1
6 2
6 3
72 1
6 2
6 3
72 1
6 3
72 1
6 2
6 3
72 1
7 2
7 2
7 2
7 3
72 1
7 2
7 3
72 1
7 2
7 3
72 1
7 3
72 1
7 2
7 3
72 1
7 2
7 2
7 2
7 3
72 1
7 2
7 3
72 1
7 2
7 3
72 1
7 3
72 1
7 2
7 3
72 1
5 2
5 2
5 2
5 3
72 1
5 2
5 3
72 1
5 2
5 3
72 1
5 3
72 1
5 2
5 3
72 1
6 2
6 2
6 2
6 3
72 1
6 2
6 3
72 1
6 2
6 3
72 1
6 3
72 1
6 2
6 3
72 1
7 2
7 2
7 2
7 3
72 1
7 2
7 3
72 1
7 2
7 3
72 1
7 3
72 1
7 2
7 3
72 1
7 2
7 2
7 2
7 3
72 1
7 2
7 3
72 1
7 2
7 3
72 1
7 3
72 1
7 2
9 2
11 2
12 2
12 4
12 4
12 4
12 2
12 2
12 4
12 4
12 4
12 2
12 2
12 4
12 4
12 4
12 2
12 2
12 4
12 4
12 4
12 2
5 2
5 4
5 4
5 4
5 2
5 2
5 4
5 4
5 4
5 2
7 2
7 4
7 4
7 4
7 2
7 2
7 4
7 2
7 2
8 2
10 2
11 2
12 2
12 4
12 4
12 4
12 2
12 2
12 4
12 4
12 4
12 2
12 2
12 4
12 4
12 4
12 2
12 2
12 4
12 4
12 4
12 2
5 2
5 4
5 4
5 4
5 2
5 2
5 4
5 4
5 4
5 2
7 2
7 4
7 4
7 4
7 2
7 2
7 4
7 2
7 2
8 2
10 2
11 2
12 2
12 2
12 2
12 2
72 2
12 2
12 2
72 2
12 2
12 2
72 2
12 2
72 2
12 2
17 3
72 1
12 2
12 2
12 2
12 2
72 2
12 2
12 2
72 2
12 2
12 2
72 2
12 2
72 2
12 2
17 3
72 1
12 2
12 2
12 2
12 2
72 2
12 2
12 2
72 2
12 2
12 2
72 2
12 2
72 2
12 2
17 3
72 1
7 2
7 2
7 2
7 2
72 2
7 2
7 2
72 2
7 2
7 2
72 2
7 2
7 2
7 2
9 2
11 2
12 2
12 2
12 2
12 2
72 2
12 2
12 2
72 2
12 2
12 2
72 2
12 2
72 2
12 2
17 3
72 1
12 2
12 2
12 2
12 2
72 2
12 2
12 2
72 2
12 2
12 2
72 2
12 2
72 2
12 2
17 3
72 1
12 2
12 2
12 2
12 2
72 2
12 2
12 2
72 2
12 2
12 2
72 2
12 2
72 2
12 2
17 3
72 1
7 2
7 2
7 2
7 2
72 2
7 2
7 2
72 2
7 2
7 2
72 2
7 2
7 2
7 2
9 2
11 2
13 2
13 2
13 2
13 3
72 1
13 2
13 3
72 1
13 2
13 3
72 1
13 3
72 1
13 2
13 3
72 1
13 2
13 2
13 2
13 3
72 1
13 2
13 3
72 1
13 2
13 3
72 1
13 3
72 1
13 2
13 3
72 1
12 2
12 2
12 2
12 3
72 1
12 2
12 3
72 1
12 2
12 3
72 1
12 3
72 1
12 2
12 3
72 1
12 2
12 2
12 2
12 3
72 1
12 2
12 3
72 1
12 2
12 3
72 1
12 3
72 1
12 2
12 3
72 1
13 2
13 2
13 2
13 3
72 1
13 2
13 3
72 1
13 2
13 3
72 1
13 3
72 1
13 2
13 3
72 1
13 2
13 2
13 2
13 3
72 1
13 2
13 3
72 1
13 2
13 3
72 1
13 3
72 1
13 2
13 3
72 1
12 2
12 2
12 2
12 3
72 1
12 2
12 3
72 1
12 2
12 3
72 1
12 3
72 1
12 2
12 3
72 1
12 2
12 2
12 2
12 3
72 1
12 2
12 3
72 1
12 2
12 3
72 1
12 3
72 1
12 2
12 3
72 1
5 2
5 2
5 2
5 3
72 1
5 2
5 3
72 1
5 2
5 3
72 1
5 3
72 1
5 2
5 3
72 1
6 2
6 2
6 2
6 3
72 1
6 2
6 3
72 1
6 2
6 3
72 1
6 3
72 1
6 2
6 3
72 1
7 2
7 2
7 2
7 3
72 1
7 2
7 3
72 1
7 2
7 3
72 1
7 3
72 1
7 2
7 3
72 1
7 2
7 2
7 2
7 3
72 1
7 2
7 3
72 1
7 2
7 3
72 1
7 3
72 1
7 2
7 3
72 1
5 2
5 2
5 2
5 3
72 1
5 2
5 3
72 1
5 2
5 3
72 1
5 3
72 1
5 2
5 3
72 1
6 2
6 2
6 2
6 3
72 1
6 2
6 3
72 1
6 2
6 3
72 1
6 3
72 1
6 2
6 3
72 1
7 2
7 2
7 2
7 3
72 1
7 2
7 3
72 1
7 2
7 3
72 1
7 3
72 1
7 2
7 3
72 1
7 2
7 2
7 2
7 3
72 1
7 2
7 3
72 1
7 2
7 3
72 1
7 3
72 1
7 2
9 2
11 2
E
S
L
24 14
17 13
19 13
24 14
17 13
19 13
24 14
19 13
24 14
19 13
25 14
24 14
25 14
24 14
17 13
18 13
19 14
17 13
18 13
19 14
24 14
17 13
19 13
24 14
17 13
19 13
24 14
19 13
24 14
19 13
25 14
24 14
25 14
24 14
17 13
18 13
19 14
17 13
18 13
19 14
E
S
L
72 2
12 2
12 2
12 2
72 2
12 2
72 6
12 2
12 2
12 2
72 2
12 2
72 6
12 2
12 2
12 2
72 2
12 2
72 6
12 2
12 2
12 2
72 2
12 2
72 6
12 2
12 2
12 2
72 2
12 2
72 6
12 2
12 2
12 2
72 2
12 2
72 6
12 2
12 2
12 2
72 2
12 2
72 6
12 2
12 2
12 2
72 2
12 2
72 6
12 2
12 2
12 2
72 2
12 2
72 6
12 2
12 2
12 2
72 2
12 2
72 6
12 2
12 2
12 2
72 2
12 2
72 6
12 2
12 2
12 2
72 2
12 2
72 6
12 2
12 2
12 2
72 2
12 2
72 6
12 2
12 2
12 2
72 2
12 2
72 6
12 2
12 2
12 2
72 2
12 2
72 6
12 2
12 2
12 2
72 2
12 2
72 4
12 2
72 4
12 2
72 7
12 2
72 2
12 2
72 8
12 2
72 4
12 2
72 7
12 2
72 2
12 2
72 8
12 2
72 4
12 2
72 7
12 2
72 2
12 2
72 8
12 2
72 4
12 2
72 7
12 2
72 2
12 2
72 8
12 2
72 4
12 2
72 7
12 2
72 2
12 2
72 8
12 2
72 4
12 2
72 7
12 2
72 2
12 2
72 8
12 2
72 4
12 2
72 7
12 2
72 2
12 2
72 8
12 2
72 4
12 2
72 7
12 2
72 2
12 2
72 8
12 2
72 4
12 2
72 7
12 2
72 2
12 2
72 8
12 2
72 4
12 2
72 7
12 2
72 2
12 2
72 8
12 2
72 4
12 2
72 7
12 2
72 2
12 2
72 8
12 2
72 4
12 2
72 7
12 2
72 2
12 2
72 8
12 2
72 4
12 2
72 7
12 2
72 2
12 2
72 8
12 2
72 4
12 2
72 7
12 2
72 2
12 2
72 8
12 2
72 4
12 2
72 7
12 2
72 2
12 2
72 8
12 2
72 4
12 2
72 7
12 2
72 2
12 2
72 8
12 2
72 4
12 2
72 7
12 2
72 2
12 2
72 8
12 2
72 4
12 2
72 7
12 2
72 2
12 2
72 8
12 2
72 4
12 2
72 7
12 2
72 2
12 2
72 8
12 2
72 4
12 2
72 7
12 2
72 2
12 2
72 8
12 2
72 4
12 2
72 7
12 2
72 2
12 2
72 8
12 2
72 4
12 2
72 7
12 2
72 2
12 2
72 8
12 2
72 4
12 2
72 7
12 2
72 2
12 2
72 8
12 2
72 4
12 2
72 7
12 2
72 2
12 2
72 9
12 2
12 2
12 2
72 2
12 2
72 6
12 2
12 2
12 2
72 2
12 2
72 6
12 2
12 2
12 2
72 2
12 2
72 6
12 2
12 2
12 2
72 2
12 2
72 6
12 2
12 2
12 2
72 2
12 2
72 6
12 2
12 2
12 2
72 2
12 2
72 6
12 2
12 2
12 2
72 2
12 2
72 6
12 2
12 2
12 2
72 2
12 2
72 6
12 2
12 2
12 2
72 2
12 2
72 6
12 2
12 2
12 2
72 2
12 2
72 6
12 2
12 2
12 2
72 2
12 2
72 6
12 2
12 2
12 2
72 2
12 2
72 6
12 2
12 2
12 2
72 2
12 2
72 6
12 2
12 2
12 2
72 2
12 2
72 6
12 2
12 2
12 2
72 2
12 2
72 6
12 2
12 2
12 2
72 2
12 2
72 4
12 2
72 4
12 2
72 7
12 2
72 2
12 2
72 8
12 2
72 4
12 2
72 7
12 2
72 2
12 2
72 8
12 2
72 4
12 2
72 7
12 2
72 2
12 2
72 8
12 2
72 4
12 2
72 7
12 2
72 2
12 2
72 8
12 2
72 4
12 2
72 7
12 2
72 2
12 2
72 8
12 2
72 4
12 2
72 7
12 2
72 2
12 2
72 8
12 2
72 4
12 2
72 7
12 2
72 2
12 2
72 8
12 2
72 4
12 2
72 7
12 2
72 2
12 2
72 8
12 2
72 4
12 2
72 7
12 2
72 2
12 2
72 8
12 2
72 4
12 2
72 7
12 2
72 2
12 2
72 8
12 2
72 4
12 2
72 7
12 2
72 2
12 2
72 8
12 2
72 4
12 2
72 7
12 2
72 2
12 2
72 8
12 2
72 4
12 2
72 7
12 2
72 2
12 2
72 8
12 2
72 4
12 2
72 7
12 2
72 2
12 2
72 8
12 2
72 4
12 2
72 7
12 2
72 2
12 2
72 8
12 2
72 4
12 2
72 7
12 2
72 2
12 2
72 8
12 2
72 4
12 2
72 7
12 2
72 2
12 2
72 8
12 2
72 4
12 2
72 7
12 2
72 2
12 2
72 8
12 2
72 4
12 2
72 7
12 2
72 2
12 2
72 8
12 2
72 4
12 2
72 7
12 2
72 2
12 2
72 8
12 2
72 4
12 2
72 7
12 2
72 2
12 2
72 8
12 2
72 4
12 2
72 7
12 2
72 2
12 2
72 8
12 2
72 4
12 2
72 7
12 2
72 2
12 2
72 8
12 2
72 4
12 2
72 7
12 2
72 2
12 2
E
S
L
14 2
72 6
14 2
72 6
14 2
72 6
14 2
72 6
14 2
72 6
14 2
72 6
14 2
72 6
14 2
72 6
14 2
72 6
14 2
72 6
14 2
72 6
14 2
72 6
14 2
72 6
14 2
72 6
14 2
72 6
14 2
14 2
14 2
14 2
14 2
72 6
14 2
72 6
14 2
72 6
14 2
72 6
14 2
72 6
14 2
72 6
14 2
72 6
14 2
72 6
14 2
72 6
14 2
72 6
14 2
72 6
14 2
72 6
14 2
72 6
14 2
72 6
14 2
72 2
14 2
14 2
14 2
14 2
14 2
14 2
72 7
14 2
72 4
14 2
72 2
14 2
72 4
14 2
72 10
14 2
72 4
14 2
72 2
14 2
72 4
14 2
72 10
14 2
72 4
14 2
72 2
14 2
72 4
14 2
72 10
14 2
72 4
14 2
72 2
14 2
72 4
14 2
72 2
14 2
14 2
72 7
14 2
72 4
14 2
72 2
14 2
72 4
14 2
72 10
14 2
72 4
14 2
72 2
14 2
72 4
14 2
72 10
14 2
72 4
14 2
72 2
14 2
72 4
14 2
72 10
14 2
72 4
14 2
72 2
14 2
72 4
14 2
72 2
14 2
14 2
72 7
14 2
72 4
14 2
72 2
14 2
72 4
14 2
72 4
14 2
72 7
14 2
72 4
14 2
72 2
14 2
72 4
14 2
72 2
14 2
14 2
72 7
14 2
72 4
14 2
72 2
14 2
72 4
14 2
72 4
14 2
72 7
14 2
72 4
14 2
72 2
14 2
72 4
14 2
72 2
14 2
14 2
72 7
14 2
72 4
14 2
72 2
14 2
72 4
14 2
72 4
14 2
72 7
14 2
72 4
14 2
72 2
14 2
72 4
14 2
72 2
14 2
14 2
72 7
14 2
72 4
14 2
72 2
14 2
72 4
14 2
72 4
14 2
72 7
14 2
72 4
14 2
72 2
14 2
72 4
14 2
72 2
14 2
14 2
72 7
14 2
72 4
14 2
72 2
14 2
72 4
14 2
72 4
14 2
72 7
14 2
72 4
14 2
72 2
14 2
72 4
14 2
72 2
14 2
14 2
72 7
14 2
72 4
14 2
72 2
14 2
72 4
14 2
72 4
14 2
72 7
14 2
72 4
14 2
72 2
14 2
72 4
14 2
72 2
14 2
14 2
72 7
14 2
72 4
14 2
72 2
14 2
72 4
14 2
72 4
14 2
72 7
14 2
72 4
14 2
72 2
14 2
72 4
14 2
72 2
14 2
14 2
72 7
14 2
72 4
14 2
72 2
14 2
72 4
14 2
72 4
14 2
72 7
14 2
72 4
14 2
72 4
14 2
14 2
14 2
14 2
14 2
14 2
14 2
72 6
14 2
72 6
14 2
72 6
14 2
72 6
14 2
72 6
14 2
72 6
14 2
72 6
14 2
72 6
14 2
72 6
14 2
72 6
14 2
72 6
14 2
72 6
14 2
72 6
14 2
72 6
14 2
72 6
14 2
14 2
14 2
14 2
14 2
72 6
14 2
72 6
14 2
72 6
14 2
72 6
14 2
72 6
14 2
72 6
14 2
72 6
14 2
72 6
14 2
72 6
14 2
72 6
14 2
72 6
14 2
72 6
14 2
72 6
14 2
72 6
14 2
72 2
14 2
14 2
14 2
14 2
14 2
14 2
72 7
14 2
72 4
14 2
72 2
14 2
72 4
14 2
72 10
14 2
72 4
14 2
72 2
14 2
72 4
14 2
72 10
14 2
72 4
14 2
72 2
14 2
72 4
14 2
72 10
14 2
72 4
14 2
72 2
14 2
72 4
14 2
72 2
14 2
14 2
72 7
14 2
72 4
14 2
72 2
14 2
72 4
14 2
72 10
14 2
72 4
14 2
72 2
14 2
72 4
14 2
72 10
14 2
72 4
14 2
72 2
14 2
72 4
14 2
72 10
14 2
72 4
14 2
72 2
14 2
72 4
14 2
72 2
14 2
14 2
72 7
14 2
72 4
14 2
72 2
14 2
72 4
14 2
72 4
14 2
72 7
14 2
72 4
14 2
72 2
14 2
72 4
14 2
72 2
14 2
14 2
72 7
14 2
72 4
14 2
72 2
14 2
72 4
14 2
72 4
14 2
72 7
14 2
72 4
14 2
72 2
14 2
72 4
14 2
72 2
14 2
14 2
72 7
14 2
72 4
14 2
72 2
14 2
72 4
14 2
72 4
14 2
72 7
14 2
72 4
14 2
72 2
14 2
72 4
14 2
72 2
14 2
14 2
72 7
14 2
72 4
14 2
72 2
14 2
72 4
14 2
72 4
14 2
72 7
14 2
72 4
14 2
72 2
14 2
72 4
14 2
72 2
14 2
14 2
72 7
14 2
72 4
14 2
72 2
14 2
72 4
14 2
72 4
14 2
72 7
14 2
72 4
14 2
72 2
14 2
72 4
14 2
72 2
14 2
14 2
72 7
14 2
72 4
14 2
72 2
14 2
72 4
14 2
72 4
14 2
72 7
14 2
72 4
14 2
72 2
14 2
72 4
14 2
72 2
14 2
14 2
72 7
14 2
72 4
14 2
72 2
14 2
72 4
14 2
72 4
14 2
72 7
14 2
72 4
14 2
72 2
14 2
72 4
14 2
72 2
14 2
14 2
72 7
14 2
72 4
14 2
72 2
14 2
72 4
14 2
72 4
14 2
72 7
14 2
72 4
14 2
72 4
14 2
14 2
14 2
14 2
14 2
14 2
E
S
L
33 2
72 6
33 2
72 6
33 2
72 6
33 2
72 6
33 2
72 6
33 2
72 6
33 2
72 6
33 2
72 6
33 2
72 6
33 2
72 6
33 2
72 6
33 2
72 6
33 2
72 6
33 2
72 6
33 2
72 6
33 2
72 6
33 2
72 6
33 2
72 6
33 2
72 6
33 2
72 6
33 2
72 6
33 2
72 6
33 2
72 6
33 2
72 6
33 2
72 6
33 2
72 6
33 2
72 6
33 2
72 6
33 2
72 6
33 2
72 6
33 2
72 6
33 2
72 6
33 2
72 14
33 2
72 13
33 2
72 14
33 2
72 14
33 2
72 13
33 2
72 13
33 2
72 13
33 2
72 13
33 2
72 13
33 2
72 13
33 2
72 13
33 2
72 13
33 2
72 6
33 2
72 6
33 2
72 6
33 2
72 6
33 2
72 6
33 2
72 6
33 2
72 6
33 2
72 6
33 2
72 6
33 2
72 6
33 2
72 6
33 2
72 6
33 2
72 6
33 2
72 6
33 2
72 6
33 2
72 6
33 2
72 6
33 2
72 6
33 2
72 6
33 2
72 6
33 2
72 6
33 2
72 6
33 2
72 6
33 2
72 6
33 2
72 6
33 2
72 6
33 2
72 6
33 2
72 6
33 2
72 6
33 2
72 6
33 2
72 6
33 2
72 6
33 2
72 14
33 2
72 13
33 2
72 14
33 2
72 14
33 2
72 13
33 2
72 13
33 2
72 13
33 2
72 13
33 2
72 13
33 2
72 13
33 2
72 13
33 2
E
S
H
72 7
101 2
72 2
101 2
72 2
244 2
72 2
244 2
72 2
231 2
72 2
231 2
72 2
218 2
72 2
218 2
72 2
205 2
72 2
205 2
72 2
192 2
72 2
192 2
72 2
179 2
72 2
179 2
72 14
140 2
72 2
140 2
72 2
127 2
72 2
127 2
72 2
114 2
72 2
114 2
72 2
101 2
72 2
101 2
72 2
244 2
72 2
244 2
72 2
231 2
72 2
231 2
72 2
218 2
72 2
218 2
72 14
43 2
72 2
43 2
45 2
72 2
45 2
46 2
72 2
46 2
47 2
72 2
47 2
50 2
50 2
55 2
55 2
72 14
43 2
72 2
43 2
45 2
72 2
45 2
46 2
72 2
46 2
47 2
72 2
47 2
50 2
50 2
55 2
55 2
72 14
127 2
72 2
127 2
231 2
72 2
231 2
192 2
72 2
192 2
166 2
72 2
166 2
192 2
192 2
231 2
231 2
72 14
101 2
72 2
101 2
72 2
244 2
72 2
244 2
72 2
231 2
72 2
231 2
72 2
218 2
72 2
218 2
72 2
205 2
72 2
205 2
72 2
192 2
72 2
192 2
72 2
179 2
72 2
179 2
72 14
140 2
72 2
140 2
72 2
127 2
72 2
127 2
72 2
114 2
72 2
114 2
72 2
101 2
72 2
101 2
72 2
244 2
72 2
244 2
72 2
231 2
72 2
231 2
72 2
218 2
72 2
218 2
72 14
43 2
72 2
43 2
45 2
72 2
45 2
46 2
72 2
46 2
47 2
72 2
47 2
50 2
50 2
55 2
55 2
72 14
43 2
72 2
43 2
45 2
72 2
45 2
46 2
72 2
46 2
47 2
72 2
47 2
50 2
50 2
55 2
55 2
72 14
127 2
72 2
127 2
231 2
72 2
231 2
192 2
72 2
192 2
166 2
72 2
166 2
192 2
192 2
231 2
231 2
E
S
H
72 9
24 4
72 4
23 4
72 4
22 4
72 4
21 4
72 4
20 4
72 4
19 4
72 4
18 4
1258 9
1112 4
72 4
145 9
144 9
1716 4
72 4
424 9
72 9
27 4
72 4
26 4
72 4
25 4
72 4
24 4
72 4
23 4
72 4
22 4
72 4
21 4
1258 9
1112 4
72 4
917 9
617 9
484 4
72 4
1776 9
540 14
528 13
540 14
528 13
192 2
166 2
192 2
101 2
72 2
192 2
72 2
166 2
192 2
166 2
192 2
101 2
72 2
192 2
72 2
166 2
192 2
166 2
192 2
140 2
72 2
127 2
72 2
140 2
127 4
101 4
231 4
101 4
127 6
231 6
192 7
166 4
192 2
72 2
231 2
72 2
127 12
72 7
192 2
166 2
192 2
101 2
72 2
192 2
72 2
166 2
192 2
166 2
192 2
101 2
72 2
192 2
72 2
166 2
192 2
166 2
192 2
140 2
72 2
127 2
72 2
140 2
127 4
101 4
231 4
101 4
127 6
231 6
192 7
166 4
192 2
72 2
231 2
72 2
127 9
114 2
101 2
231 9
72 4
101 6
205 6
166 4
72 4
101 6
127 6
101 6
218 6
179 4
72 4
101 6
127 6
140 11
72 4
127 6
140 6
127 9
114 2
101 2
244 9
72 4
101 6
205 6
166 4
72 4
101 6
127 6
101 6
218 6
179 4
72 4
101 6
127 6
140 11
72 4
127 6
140 6
127 13
72 10
24 4
72 4
23 4
72 4
22 4
72 4
21 4
72 4
20 4
72 4
19 4
72 4
18 4
1258 9
1112 4
72 4
145 9
144 9
1716 4
72 4
424 9
72 9
27 4
72 4
26 4
72 4
25 4
72 4
24 4
72 4
23 4
72 4
22 4
72 4
21 4
1258 9
1112 4
72 4
917 9
617 9
484 4
72 4
1776 9
540 14
528 13
540 14
528 13
192 2
166 2
192 2
101 2
72 2
192 2
72 2
166 2
192 2
166 2
192 2
101 2
72 2
192 2
72 2
166 2
192 2
166 2
192 2
140 2
72 2
127 2
72 2
140 2
127 4
101 4
231 4
101 4
127 6
231 6
192 7
166 4
192 2
72 2
231 2
72 2
127 12
72 7
192 2
166 2
192 2
101 2
72 2
192 2
72 2
166 2
192 2
166 2
192 2
101 2
72 2
192 2
72 2
166 2
192 2
166 2
192 2
140 2
72 2
127 2
72 2
140 2
127 4
101 4
231 4
101 4
127 6
231 6
192 7
166 4
192 2
72 2
231 2
72 2
127 9
114 2
101 2
231 9
72 4
101 6
205 6
166 4
72 4
101 6
127 6
101 6
218 6
179 4
72 4
101 6
127 6
140 11
72 4
127 6
140 6
127 9
114 2
101 2
244 9
72 4
101 6
205 6
166 4
72 4
101 6
127 6
101 6
218 6
179 4
72 4
101 6
127 6
140 11
72 4
127 6
140 6
127 13
E
S
L
16 2
72 6
16 2
72 6
16 2
72 6
16 2
72 6
16 2
72 6
16 2
72 6
16 2
72 6
16 2
72 6
16 2
72 6
16 2
72 6
16 2
72 6
16 2
72 6
16 2
72 6
16 2
72 6
16 2
72 6
16 2
16 2
16 2
16 2
16 2
72 6
16 2
72 6
16 2
72 6
16 2
72 6
16 2
72 6
16 2
72 6
16 2
72 6
16 2
72 6
16 2
72 6
16 2
72 6
16 2
72 6
16 2
72 6
16 2
72 6
16 2
72 6
16 2
72 2
16 2
16 2
16 2
16 2
16 2
16 2
72 7
16 2
72 4
16 2
72 2
16 2
72 4
16 2
72 10
16 2
72 4
16 2
72 2
16 2
72 4
16 2
72 10
16 2
72 4
16 2
72 2
16 2
72 4
16 2
72 10
16 2
72 4
16 2
72 2
16 2
72 4
16 2
72 2
16 2
16 2
72 7
16 2
72 4
16 2
72 2
16 2
72 4
16 2
72 10
16 2
72 4
16 2
72 2
16 2
72 4
16 2
72 10
16 2
72 4
16 2
72 2
16 2
72 4
16 2
72 10
16 2
72 4
16 2
72 2
16 2
72 4
16 2
72 2
16 2
16 2
72 7
16 2
72 4
16 2
72 2
16 2
72 4
16 2
72 4
16 2
72 7
16 2
72 4
16 2
72 2
16 2
72 4
16 2
72 2
16 2
16 2
72 7
16 2
72 4
16 2
72 2
16 2
72 4
16 2
72 4
16 2
72 7
16 2
72 4
16 2
72 2
16 2
72 4
16 2
72 2
16 2
16 2
72 7
16 2
72 4
16 2
72 2
16 2
72 4
16 2
72 4
16 2
72 7
16 2
72 4
16 2
72 2
16 2
72 4
16 2
72 2
16 2
16 2
72 7
16 2
72 4
16 2
72 2
16 2
72 4
16 2
72 4
16 2
72 7
16 2
72 4
16 2
72 2
16 2
72 4
16 2
72 2
16 2
16 2
72 7
16 2
72 4
16 2
72 2
16 2
72 4
16 2
72 4
16 2
72 7
16 2
72 4
16 2
72 2
16 2
72 4
16 2
72 2
16 2
16 2
72 7
16 2
72 4
16 2
72 2
16 2
72 4
16 2
72 4
16 2
72 7
16 2
72 4
16 2
72 2
16 2
72 4
16 2
72 2
16 2
16 2
72 7
16 2
72 4
16 2
72 2
16 2
72 4
16 2
72 4
16 2
72 7
16 2
72 4
16 2
72 2
16 2
72 4
16 2
72 2
16 2
16 2
72 7
16 2
72 4
16 2
72 2
16 2
72 4
16 2
72 4
16 2
72 7
16 2
72 4
16 2
72 4
16 2
16 2
16 2
16 2
16 2
16 2
16 2
72 6
16 2
72 6
16 2
72 6
16 2
72 6
16 2
72 6
16 2
72 6
16 2
72 6
16 2
72 6
16 2
72 6
16 2
72 6
16 2
72 6
16 2
72 6
16 2
72 6
16 2
72 6
16 2
72 6
16 2
16 2
16 2
16 2
16 2
72 6
16 2
72 6
16 2
72 6
16 2
72 6
16 2
72 6
16 2
72 6
16 2
72 6
16 2
72 6
16 2
72 6
16 2
72 6
16 2
72 6
16 2
72 6
16 2
72 6
16 2
72 6
16 2
72 2
16 2
16 2
16 2
16 2
16 2
16 2
72 7
16 2
72 4
16 2
72 2
16 2
72 4
16 2
72 10
16 2
72 4
16 2
72 2
16 2
72 4
16 2
72 10
16 2
72 4
16 2
72 2
16 2
72 4
16 2
72 10
16 2
72 4
16 2
72 2
16 2
72 4
16 2
72 2
16 2
16 2
72 7
16 2
72 4
16 2
72 2
16 2
72 4
16 2
72 10
16 2
72 4
16 2
72 2
16 2
72 4
16 2
72 10
16 2
72 4
16 2
72 2
16 2
72 4
16 2
72 10
16 2
72 4
16 2
72 2
16 2
72 4
16 2
72 2
16 2
16 2
72 7
16 2
72 4
16 2
72 2
16 2
72 4
16 2
72 4
16 2
72 7
16 2
72 4
16 2
72 2
16 2
72 4
16 2
72 2
16 2
16 2
72 7
16 2
72 4
16 2
72 2
16 2
72 4
16 2
72 4
16 2
72 7
16 2
72 4
16 2
72 2
16 2
72 4
16 2
72 2
16 2
16 2
72 7
16 2
72 4
16 2
72 2
16 2
72 4
16 2
72 4
16 2
72 7
16 2
72 4
16 2
72 2
16 2
72 4
16 2
72 2
16 2
16 2
72 7
16 2
72 4
16 2
72 2
16 2
72 4
16 2
72 4
16 2
72 7
16 2
72 4
16 2
72 2
16 2
72 4
16 2
72 2
16 2
16 2
72 7
16 2
72 4
16 2
72 2
16 2
72 4
16 2
72 4
16 2
72 7
16 2
72 4
16 2
72 2
16 2
72 4
16 2
72 2
16 2
16 2
72 7
16 2
72 4
16 2
72 2
16 2
72 4
16 2
72 4
16 2
72 7
16 2
72 4
16 2
72 2
16 2
72 4
16 2
72 2
16 2
16 2
72 7
16 2
72 4
16 2
72 2
16 2
72 4
16 2
72 4
16 2
72 7
16 2
72 4
16 2
72 2
16 2
72 4
16 2
72 2
16 2
16 2
72 7
16 2
72 4
16 2
72 2
16 2
72 4
16 2
72 4
16 2
72 7
16 2
72 4
16 2
72 4
16 2
16 2
16 2
16 2
16 2
16 2
E
S
L
72 4
18 2
72 2
18 2
72 2
18 2
72 6
18 2
72 2
18 2
72 2
18 2
72 6
18 2
72 2
18 2
72 2
18 2
72 6
18 2
72 2
18 2
72 2
18 2
72 14
18 2
72 2
18 2
72 2
18 2
72 6
18 2
72 2
18 2
72 2
18 2
72 6
18 2
72 2
18 2
72 2
18 2
72 6
18 2
72 2
18 2
72 2
18 2
72 14
18 2
72 2
18 2
72 2
18 2
72 6
18 2
72 2
18 2
72 2
18 2
72 6
18 2
72 2
18 2
72 2
18 2
72 6
18 2
72 2
18 2
72 2
18 2
72 6
18 2
72 2
18 2
72 2
18 2
72 6
18 2
72 2
18 2
72 2
18 2
72 6
18 2
72 2
18 2
72 2
18 2
72 6
18 2
72 2
18 2
72 2
18 2
72 6
18 2
72 2
18 2
72 2
18 2
72 6
18 2
72 2
18 2
72 2
18 2
72 6
18 2
72 2
18 2
72 2
18 2
72 6
18 2
72 2
18 2
72 2
18 2
72 6
18 2
72 2
18 2
72 2
18 2
72 6
18 2
72 2
18 2
72 2
18 2
72 6
18 2
72 2
18 2
72 2
18 2
72 6
18 2
72 2
18 2
72 2
18 2
72 6
18 2
72 6
18 2
72 6
18 2
72 6
18 2
72 6
18 2
72 6
18 2
72 6
18 2
72 6
18 2
72 6
18 2
72 6
18 2
72 6
18 2
72 6
18 2
72 6
18 2
72 6
18 2
72 6
18 2
72 6
18 2
72 6
18 2
72 6
18 2
72 6
18 2
72 6
18 2
72 6
18 2
72 6
18 2
72 6
18 2
72 6
18 2
72 6
18 2
72 6
18 2
72 6
18 2
72 6
18 2
72 6
18 2
72 6
18 2
72 6
18 2
72 6
18 2
72 6
18 2
72 6
18 2
72 6
18 2
72 6
18 2
72 6
18 2
72 6
18 2
72 6
18 2
72 6
18 2
72 6
18 2
72 6
18 2
72 6
18 2
72 6
18 2
72 6
18 2
72 6
18 2
72 6
18 2
72 6
18 2
72 6
18 2
72 6
18 2
72 6
18 2
72 6
18 2
72 6
18 2
72 6
18 2
72 6
18 2
72 6
18 2
72 6
18 2
72 6
18 2
72 6
18 2
72 6
18 2
72 6
18 2
72 6
18 2
72 6
18 2
72 6
18 2
72 6
18 2
72 2
18 2
72 2
18 2
72 6
18 2
72 2
18 2
72 2
18 2
72 6
18 2
72 2
18 2
72 2
18 2
72 6
18 2
72 2
18 2
72 2
18 2
72 14
18 2
72 2
18 2
72 2
18 2
72 6
18 2
72 2
18 2
72 2
18 2
72 6
18 2
72 2
18 2
72 2
18 2
72 6
18 2
72 2
18 2
72 2
18 2
72 14
18 2
72 2
18 2
72 2
18 2
72 6
18 2
72 2
18 2
72 2
18 2
72 6
18 2
72 2
18 2
72 2
18 2
72 6
18 2
72 2
18 2
72 2
18 2
72 6
18 2
72 2
18 2
72 2
18 2
72 6
18 2
72 2
18 2
72 2
18 2
72 6
18 2
72 2
18 2
72 2
18 2
72 6
18 2
72 2
18 2
72 2
18 2
72 6
18 2
72 2
18 2
72 2
18 2
72 6
18 2
72 2
18 2
72 2
18 2
72 6
18 2
72 2
18 2
72 2
18 2
72 6
18 2
72 2
18 2
72 2
18 2
72 6
18 2
72 2
18 2
72 2
18 2
72 6
18 2
72 2
18 2
72 2
18 2
72 6
18 2
72 2
18 2
72 2
18 2
72 6
18 2
72 2
18 2
72 2
18 2
72 6
18 2
72 6
18 2
72 6
18 2
72 6
18 2
72 6
18 2
72 6
18 2
72 6
18 2
72 6
18 2
72 6
18 2
72 6
18 2
72 6
18 2
72 6
18 2
72 6
18 2
72 6
18 2
72 6
18 2
72 6
18 2
72 6
18 2
72 6
18 2
72 6
18 2
72 6
18 2
72 6
18 2
72 6
18 2
72 6
18 2
72 6
18 2
72 6
18 2
72 6
18 2
72 6
18 2
72 6
18 2
72 6
18 2
72 6
18 2
72 6
18 2
72 6
18 2
72 6
18 2
72 6
18 2
72 6
18 2
72 6
18 2
72 6
18 2
72 6
18 2
72 6
18 2
72 6
18 2
72 6
18 2
72 6
18 2
72 6
18 2
72 6
18 2
72 6
18 2
72 6
18 2
72 6
18 2
72 6
18 2
72 6
18 2
72 6
18 2
72 6
18 2
72 6
18 2
72 6
18 2
72 6
18 2
72 6
18 2
72 6
18 2
72 6
18 2
72 6
18 2
72 6
18 2
72 6
18 2
72 6
18 2
72 6
18 2
72 6
18 2
72 6
18 2
E
S
L
72 14
540 7
540 5
72 0
540 0
72 4
540 2
72 4
830 6
72 2
540 7
540 5
72 0
540 0
72 4
540 2
72 4
830 6
72 2
540 7
540 5
72 0
540 0
72 4
540 2
72 4
830 6
72 13
540 7
540 5
72 0
540 0
72 4
540 2
72 4
830 6
72 2
540 7
540 5
72 0
540 0
72 4
540 2
72 4
830 6
72 2
540 7
540 5
72 0
540 0
72 4
540 2
72 4
830 6
72 14
540 7
540 5
72 0
540 0
72 4
540 2
72 4
830 6
72 2
540 7
540 5
72 0
540 0
72 4
540 2
72 4
830 6
72 2
540 7
540 5
72 0
540 0
72 4
540 2
72 4
830 6
72 13
540 7
540 5
72 0
540 0
72 4
540 2
72 4
830 6
72 2
540 7
540 5
72 0
540 0
72 4
540 2
72 4
830 6
72 2
540 7
540 5
72 0
540 0
72 4
540 2
72 4
830 6
E
S
H
72 14
60 2
63 2
67 7
66 4
65 4
63 4
65 4
66 4
67 4
72 2
60 10
62 4
63 4
67 4
62 6
60 6
67 7
65 4
63 4
65 4
67 12
72 4
60 2
63 2
67 7
66 4
65 4
63 4
65 4
66 4
67 4
72 2
62 6
60 4
72 4
71 4
60 4
62 4
63 6
62 6
60 7
67 4
65 4
63 4
67 12
72 14
60 2
63 2
67 7
66 4
65 4
63 4
65 4
66 4
67 4
72 2
60 10
62 4
63 4
67 4
62 6
60 6
67 7
65 4
63 4
65 4
67 12
72 4
60 2
63 2
67 7
66 4
65 4
63 4
65 4
66 4
67 4
72 2
62 6
60 4
72 4
71 4
60 4
62 4
63 6
62 6
60 7
67 4
65 4
63 4
67 12
E
S
H
72 14
192 2
166 2
192 2
101 2
72 2
192 2
72 2
166 2
192 2
166 2
192 2
101 2
72 2
192 2
72 2
166 2
192 2
166 2
192 2
140 2
72 2
127 2
72 2
140 2
127 4
101 4
231 4
101 4
127 6
231 6
192 7
166 4
192 2
72 2
231 2
72 2
127 12
72 7
192 2
166 2
192 2
101 2
72 2
192 2
72 2
166 2
192 2
166 2
192 2
101 2
72 2
192 2
72 2
166 2
192 2
166 2
192 2
140 2
72 2
127 2
72 2
140 2
127 4
101 4
231 4
101 4
127 6
231 6
192 7
166 4
192 2
72 2
231 2
72 2
127 9
114 2
101 2
231 9
72 4
101 6
205 6
166 4
72 4
101 6
127 6
101 6
218 6
179 4
72 4
101 6
127 6
140 11
72 4
127 6
140 6
127 9
114 2
101 2
244 9
72 4
101 6
205 6
166 4
72 4
101 6
127 6
101 6
218 6
179 4
72 4
101 6
127 6
140 11
72 4
127 6
140 6
127 13
72 14
192 2
166 2
192 2
101 2
72 2
192 2
72 2
166 2
192 2
166 2
192 2
101 2
72 2
192 2
72 2
166 2
192 2
166 2
192 2
140 2
72 2
127 2
72 2
140 2
127 4
101 4
231 4
101 4
127 6
231 6
192 7
166 4
192 2
72 2
231 2
72 2
127 12
72 7
192 2
166 2
192 2
101 2
72 2
192 2
72 2
166 2
192 2
166 2
192 2
101 2
72 2
192 2
72 2
166 2
192 2
166 2
192 2
140 2
72 2
127 2
72 2
140 2
127 4
101 4
231 4
101 4
127 6
231 6
192 7
166 4
192 2
72 2
231 2
72 2
127 9
114 2
101 2
231 9
72 4
101 6
205 6
166 4
72 4
101 6
127 6
101 6
218 6
179 4
72 4
101 6
127 6
140 11
72 4
127 6
140 6
127 9
114 2
101 2
244 9
72 4
101 6
205 6
166 4
72 4
101 6
127 6
101 6
218 6
179 4
72 4
101 6
127 6
140 11
72 4
127 6
140 6
127 13
E
S
H
72 14
1314 14
1145 14
1314 14
1145 14
826 13
983 13
1140 13
1140 13
62 11
826 13
983 13
1140 13
1140 13
67 11
72 14
1314 14
1145 14
1314 14
1145 14
826 13
983 13
1140 13
1140 13
62 11
826 13
983 13
1140 13
1140 13
67 11
E
S
L
1447 2
12 2
173 2
12 2
1015 2
12 2
18 2
72 2
1447 2
12 2
173 2
12 2
1015 2
12 2
18 2
72 2
1447 2
12 2
173 2
12 2
1015 2
12 2
18 2
72 2
1447 2
12 2
173 2
12 2
1015 2
12 2
18 2
72 2
1447 2
12 2
12 2
12 2
1447 2
12 2
72 4
1447 2
12 2
12 2
12 2
1447 2
12 2
72 4
1447 2
12 2
12 2
12 2
1447 2
12 2
72 4
1447 2
12 2
12 2
12 2
1447 2
701 2
151 2
151 2
1447 2
12 2
173 2
12 2
1015 2
12 2
18 2
72 2
1447 2
12 2
173 2
12 2
1015 2
12 2
18 2
72 2
1447 2
12 2
173 2
12 2
1015 2
12 2
18 2
72 2
1447 2
12 2
173 2
12 2
1015 2
12 2
18 2
72 2
1447 2
12 2
12 2
12 2
1447 2
12 2
72 4
1447 2
12 2
12 2
12 2
1447 2
12 2
72 4
1447 2
12 2
12 2
12 2
1447 2
12 2
72 4
1447 2
12 2
701 2
701 2
1447 2
701 2
151 2
151 2
209 2
72 2
18 2
12 2
1015 2
72 2
18 2
151 2
12 2
151 2
173 2
72 2
1015 2
72 2
18 2
72 2
12 2
72 2
18 2
12 2
1015 2
72 2
18 2
151 2
12 2
151 2
173 2
72 2
1015 2
72 2
18 2
72 2
12 2
72 2
18 2
12 2
1015 2
72 2
18 2
151 2
12 2
151 2
173 2
72 2
1015 2
72 2
18 2
72 2
12 2
72 2
18 2
12 2
1015 2
72 2
18 2
151 2
12 2
151 2
173 2
72 2
1015 2
72 2
1015 2
151 2
209 2
72 2
18 2
12 2
1015 2
72 2
18 2
151 2
12 2
151 2
173 2
72 2
1015 2
72 2
18 2
72 2
209 2
72 2
18 2
12 2
1015 2
72 2
18 2
151 2
12 2
151 2
173 2
72 2
1015 2
72 2
18 2
72 2
12 2
72 2
18 2
12 2
1015 2
72 2
18 2
151 2
12 2
151 2
173 2
72 2
1015 2
72 2
18 2
72 2
12 2
72 2
18 2
12 2
1015 2
72 2
18 2
151 2
12 2
151 2
173 2
72 2
1015 2
72 2
1015 2
151 2
209 2
72 2
18 2
12 2
151 2
72 2
18 2
151 2
12 2
151 2
173 2
72 2
151 2
72 2
18 2
151 2
12 2
72 2
18 2
12 2
151 2
72 2
18 2
151 2
12 2
151 2
173 2
72 2
151 2
72 2
1015 2
151 2
12 2
72 2
18 2
12 2
151 2
72 2
18 2
151 2
12 2
151 2
173 2
72 2
151 2
72 2
18 2
151 2
12 2
72 2
18 2
12 2
151 2
72 2
18 2
151 2
12 2
151 2
173 2
72 2
151 2
72 2
1015 2
151 2
12 2
72 2
18 2
12 2
151 2
72 2
18 2
151 2
12 2
151 2
173 2
72 2
151 2
72 2
18 2
151 2
12 2
72 2
18 2
12 2
151 2
72 2
18 2
151 2
12 2
151 2
173 2
72 2
151 2
72 2
1015 2
151 2
12 2
72 2
18 2
12 2
151 2
72 2
18 2
151 2
12 2
151 2
173 2
72 2
151 2
72 2
18 2
151 2
12 2
72 2
18 2
12 2
151 2
72 2
18 2
151 2
12 2
151 2
173 2
72 2
151 2
72 2
1015 2
151 2
209 2
72 2
18 2
12 2
151 2
72 2
18 2
151 2
12 2
151 2
173 2
72 2
151 2
72 2
18 2
151 2
209 2
72 2
18 2
12 2
151 2
72 2
18 2
151 2
12 2
151 2
173 2
72 2
151 2
72 2
1015 2
151 2
209 2
72 2
18 2
12 2
151 2
72 2
18 2
151 2
12 2
151 2
173 2
72 2
151 2
72 2
18 2
151 2
209 2
72 2
18 2
12 2
151 2
72 2
18 2
151 2
12 2
151 2
173 2
72 2
151 2
72 2
1015 2
151 2
209 2
72 2
18 2
12 2
151 2
72 2
18 2
151 2
12 2
151 2
173 2
72 2
151 2
72 2
18 2
151 2
209 2
72 2
18 2
12 2
151 2
72 2
18 2
151 2
12 2
151 2
173 2
72 2
151 2
72 2
1015 2
151 2
209 2
72 2
18 2
12 2
151 2
72 2
18 2
151 2
12 2
151 2
173 2
72 2
151 2
72 2
18 2
151 2
209 2
72 2
18 2
12 2
151 2
72 2
18 2
151 2
12 2
72 2
701 2
151 2
151 2
151 2
1015 2
151 2
E
X
