major
S
L
72 7
12 14
72 9
17 12
12 7
17 12
12 7
17 11
15 11
20 10
72 2
21 10
72 2
22 11
15 11
20 11
13 11
14 11
19 11
12 11
72 4
19 11
20 11
21 11
13 11
12 11
13 11
14 11
13 7
12 4
72 4
12 7
17 12
12 7
17 12
12 7
17 11
15 11
20 10
72 2
21 10
72 2
22 11
15 11
20 11
13 11
19 11
12 11
17 6
72 2
24 12
72 2
12 6
72 2
12 13
72 2
24 12
72 2
24 6
72 2
24 13
72 2
24 6
72 8
24 6
72 8
24 6
72 8
24 6
72 2
17 14
72 9
21 12
72 2
16 4
72 4
21 12
72 2
16 4
72 4
21 10
72 2
22 10
72 2
21 6
72 8
19 6
72 8
17 12
72 2
17 4
72 4
16 4
72 12
16 13
72 12
14 13
72 12
21 12
72 2
16 4
72 4
21 12
72 2
16 4
72 4
21 10
72 2
22 10
72 2
21 10
72 2
19 10
72 2
17 12
72 2
12 6
72 2
22 13
72 2
22 13
72 2
21 14
72 2
14 14
72 2
21 14
22 14
72 2
21 4
72 11
22 4
72 4
21 4
72 11
16 4
72 4
21 4
72 11
22 4
72 4
21 4
72 12
17 12
12 7
17 12
12 7
17 11
15 11
20 10
72 2
21 10
72 2
22 11
15 11
20 11
13 11
14 11
19 11
12 11
72 4
19 11
20 11
21 11
13 11
12 11
13 11
14 11
13 7
12 4
72 4
12 7
17 12
12 7
17 12
12 7
17 11
15 11
20 10
72 2
21 10
72 2
22 11
15 11
20 11
13 11
19 11
12 11
17 6
72 2
24 12
72 2
12 6
72 2
12 13
72 2
24 12
72 2
24 6
72 2
24 13
72 2
24 6
72 8
24 6
72 8
24 6
72 8
24 6
72 2
17 14
72 9
21 12
72 2
16 4
72 4
21 12
72 2
16 4
72 4
21 10
72 2
22 10
72 2
21 6
72 8
19 6
72 8
17 12
72 2
17 4
72 4
16 4
72 12
16 13
72 12
14 13
72 12
21 12
72 2
16 4
72 4
21 12
72 2
16 4
72 4
21 10
72 2
22 10
72 2
21 10
72 2
19 10
72 2
17 12
72 2
12 6
72 2
22 13
72 2
22 13
72 2
21 14
72 2
14 14
72 2
21 14
22 14
72 2
21 4
72 11
22 4
72 4
21 4
72 11
16 4
72 4
21 4
72 11
22 4
72 4
21 4
72 12
17 12
12 7
17 12
12 7
17 11
15 11
20 10
72 2
21 10
72 2
22 11
15 11
20 11
13 11
14 11
19 11
12 11
72 4
19 11
20 11
21 11
13 11
12 11
13 11
14 11
13 7
12 4
72 4
12 7
17 12
12 7
17 12
12 7
17 11
15 11
20 10
72 2
21 10
72 2
22 11
15 11
20 11
13 11
19 11
12 11
17 6
72 2
24 12
72 2
12 6
72 2
12 13
72 2
24 12
72 2
24 6
72 2
24 13
72 2
24 6
72 8
24 6
72 8
24 6
72 8
24 6
72 2
17 14
72 9
21 12
72 2
16 4
72 4
21 12
72 2
16 4
72 4
21 10
72 2
22 10
72 2
21 6
72 8
19 6
72 8
17 12
72 2
17 4
72 4
16 4
72 12
16 13
72 12
14 13
72 12
21 12
72 2
16 4
72 4
21 12
72 2
16 4
72 4
21 10
72 2
22 10
72 2
21 10
72 2
19 10
72 2
17 12
72 2
12 6
72 2
22 13
72 2
22 13
72 2
21 14
72 2
14 14
72 2
21 14
22 14
72 2
21 4
72 11
22 4
72 4
21 4
72 11
16 4
72 4
21 4
72 11
22 4
72 4
21 4
E
S
L
101 4
101 4
101 14
72 4
24 6
72 2
17 13
17 13
17 11
15 10
72 2
20 10
72 2
21 10
72 2
22 11
15 11
20 11
13 11
14 11
19 11
12 11
72 4
19 11
20 11
21 11
25 11
24 7
19 7
20 11
21 7
26 7
25 7
24 4
72 4
24 6
72 2
17 13
17 13
17 11
15 11
20 10
72 2
21 10
72 2
22 11
27 11
20 11
13 11
19 11
12 11
17 6
72 2
33 6
72 2
34 6
72 2
37 6
72 2
36 6
72 2
36 12
72 6
33 6
72 2
34 6
72 2
37 6
72 2
36 2
72 2
34 2
72 2
39 8
72 1
37 2
72 2
36 2
72 2
34 2
72 8
25 6
72 8
25 6
72 8
25 6
72 8
25 6
72 2
29 10
72 2
36 4
34 4
30 4
29 4
24 4
22 4
18 4
17 7
72 9
72 7
213 6
72 2
238 6
72 11
105 6
72 2
237 6
72 11
213 6
72 8
514 6
72 8
110 6
72 8
237 6
72 8
106 6
72 2
104 10
72 2
237 4
72 12
165 13
72 12
26 13
72 12
72 7
213 6
72 2
238 6
72 11
105 6
72 2
237 6
72 11
213 6
72 8
514 6
72 8
110 6
72 8
108 6
72 8
161 6
72 2
161 6
72 8
72 7
29 6
29 2
29 6
72 2
29 6
72 2
72 7
29 0
34 0
72 2
38 0
72 0
34 0
72 1
38 0
72 1
41 0
72 0
46 0
41 0
72 2
46 0
50 0
72 2
53 0
72 0
50 0
72 1
53 0
72 1
58 0
72 0
62 0
58 0
72 2
62 0
58 0
72 2
53 0
72 0
50 0
72 1
58 0
72 1
53 0
72 0
50 0
46 0
72 2
33 14
72 2
14 14
72 2
33 14
72 2
22 14
72 2
21 4
72 11
22 4
72 4
21 4
72 11
16 4
72 4
21 4
72 11
22 4
72 4
21 4
72 11
24 6
72 2
17 13
17 13
17 11
15 10
72 2
20 10
72 2
21 10
72 2
22 11
15 11
20 11
13 11
14 11
19 11
12 11
72 4
19 11
20 11
21 11
25 11
24 7
19 7
20 11
21 7
26 7
25 7
24 4
72 4
24 6
72 2
17 13
17 13
17 11
15 11
20 10
72 2
21 10
72 2
22 11
27 11
20 11
13 11
19 11
12 11
17 6
72 2
33 6
72 2
34 6
72 2
37 6
72 2
36 6
72 2
36 12
72 6
33 6
72 2
34 6
72 2
37 6
72 2
36 2
72 2
34 2
72 2
39 8
72 1
37 2
72 2
36 2
72 2
34 2
72 8
25 6
72 8
25 6
72 8
25 6
72 8
25 6
72 2
29 10
72 2
36 4
34 4
30 4
29 4
24 4
22 4
18 4
17 7
72 9
72 7
213 6
72 2
238 6
72 11
105 6
72 2
237 6
72 11
213 6
72 8
514 6
72 8
110 6
72 8
237 6
72 8
106 6
72 2
104 10
72 2
237 4
72 12
165 13
72 12
26 13
72 12
72 7
213 6
72 2
238 6
72 11
105 6
72 2
237 6
72 11
213 6
72 8
514 6
72 8
110 6
72 8
108 6
72 8
161 6
72 2
161 6
72 8
72 7
29 6
29 2
29 6
72 2
29 6
72 2
72 7
29 0
34 0
72 2
38 0
72 0
34 0
72 1
38 0
72 1
41 0
72 0
46 0
41 0
72 2
46 0
50 0
72 2
53 0
72 0
50 0
72 1
53 0
72 1
58 0
72 0
62 0
58 0
72 2
62 0
58 0
72 2
53 0
72 0
50 0
72 1
58 0
72 1
53 0
72 0
50 0
46 0
72 2
33 14
72 2
14 14
72 2
33 14
72 2
22 14
72 2
21 4
72 11
22 4
72 4
21 4
72 11
16 4
72 4
21 4
72 11
22 4
72 4
21 4
72 11
24 6
72 2
17 13
17 13
17 11
15 10
72 2
20 10
72 2
21 10
72 2
22 11
15 11
20 11
13 11
14 11
19 11
12 11
72 4
19 11
20 11
21 11
25 11
24 7
19 7
20 11
21 7
26 7
25 7
24 4
72 4
24 6
72 2
17 13
17 13
17 11
15 11
20 10
72 2
21 10
72 2
22 11
27 11
20 11
13 11
19 11
12 11
17 6
72 2
33 6
72 2
34 6
72 2
37 6
72 2
36 6
72 2
36 12
72 6
33 6
72 2
34 6
72 2
37 6
72 2
36 2
72 2
34 2
72 2
39 8
72 1
37 2
72 2
36 2
72 2
34 2
72 8
25 6
72 8
25 6
72 8
25 6
72 8
25 6
72 2
29 10
72 2
36 4
34 4
30 4
29 4
24 4
22 4
18 4
17 7
72 9
72 7
213 6
72 2
238 6
72 11
105 6
72 2
237 6
72 11
213 6
72 8
514 6
72 8
110 6
72 8
237 6
72 8
106 6
72 2
104 10
72 2
237 4
72 12
165 13
72 12
26 13
72 12
72 7
213 6
72 2
238 6
72 11
105 6
72 2
237 6
72 11
213 6
72 8
514 6
72 8
110 6
72 8
108 6
72 8
161 6
72 2
161 6
72 8
72 7
29 6
29 2
29 6
72 2
29 6
72 2
72 7
29 0
34 0
72 2
38 0
72 0
34 0
72 1
38 0
72 1
41 0
72 0
46 0
41 0
72 2
46 0
50 0
72 2
53 0
72 0
50 0
72 1
53 0
72 1
58 0
72 0
62 0
58 0
72 2
62 0
58 0
72 2
53 0
72 0
50 0
72 1
58 0
72 1
53 0
72 0
50 0
46 0
72 2
33 14
72 2
14 14
72 2
33 14
72 2
22 14
72 2
21 4
72 11
22 4
72 4
21 4
72 11
16 4
72 4
21 4
72 11
22 4
72 4
21 4
72 11
24 6
E
S
L
72 11
25 6
72 8
25 6
72 8
25 6
72 11
72 14
72 7
16 0
213 0
72 2
16 0
72 0
16 0
72 1
16 0
72 1
16 0
72 0
16 0
16 0
72 2
16 0
16 0
72 2
16 0
72 0
16 0
72 1
16 0
72 1
16 0
72 0
16 0
16 0
72 2
16 0
16 0
72 2
16 0
72 0
16 0
72 1
16 0
72 1
16 0
72 0
16 0
16 0
72 2
33 6
72 14
16 0
16 0
72 2
16 0
72 0
16 0
72 1
16 0
72 1
16 0
72 0
16 0
16 0
72 2
16 0
16 0
72 2
16 0
72 0
16 0
72 1
16 0
72 1
16 0
72 0
16 0
16 0
72 2
1445 6
72 8
1445 6
72 8
1445 6
72 8
1445 6
72 2
1445 13
72 13
209 6
72 2
57 6
72 2
57 6
72 8
209 6
72 2
57 6
72 2
57 6
72 8
209 6
72 2
57 6
72 2
209 6
72 2
57 6
72 2
209 6
72 2
57 6
72 2
209 6
72 2
57 6
72 2
209 6
72 2
57 6
72 2
57 6
72 2
209 6
72 2
209 6
72 12
16 0
16 0
72 2
16 0
72 0
16 0
72 1
16 0
72 1
16 0
72 0
16 0
16 0
72 2
16 0
16 0
72 2
16 0
72 0
16 0
72 1
16 0
72 1
16 0
72 0
16 0
16 0
72 2
16 0
16 0
72 2
16 0
72 0
16 0
72 1
16 0
72 1
16 0
72 0
16 0
16 0
72 2
16 0
16 0
72 2
16 0
72 0
16 0
72 1
16 0
72 1
16 0
72 0
16 0
16 0
72 2
209 6
72 12
16 0
16 0
72 2
16 0
72 0
16 0
72 1
16 0
72 1
16 0
72 0
16 0
16 0
72 2
16 0
16 0
72 2
16 0
72 0
16 0
72 1
16 0
72 1
16 0
72 0
16 0
16 0
72 2
16 0
16 0
72 2
16 0
72 0
16 0
72 1
16 0
72 1
16 0
72 0
16 0
16 0
72 2
16 0
16 0
72 2
16 0
72 0
16 0
72 1
16 0
72 1
16 0
72 0
16 0
16 0
72 2
209 6
72 12
209 6
72 2
57 6
72 2
57 6
72 8
209 6
72 2
57 6
72 2
57 6
72 8
209 6
72 2
57 6
72 2
209 6
72 2
57 6
72 2
209 6
72 2
57 6
72 2
1445 6
72 2
57 6
72 2
209 6
72 2
57 6
72 2
57 6
72 2
209 6
72 2
209 6
72 2
12 6
12 2
12 6
72 2
12 6
72 2
16 0
16 0
72 2
16 0
72 0
16 0
72 1
16 0
72 1
16 0
72 0
16 0
16 0
72 2
16 0
16 0
72 2
16 0
72 0
16 0
72 1
16 0
72 1
16 0
72 0
16 0
16 0
72 2
16 0
16 0
72 2
16 0
72 0
16 0
72 1
16 0
72 1
16 0
72 0
16 0
16 0
72 2
16 0
16 0
72 2
16 0
72 0
16 0
72 1
16 0
72 1
16 0
72 0
16 0
16 0
72 2
209 10
72 11
16 0
16 0
72 2
16 0
72 0
16 0
72 1
16 0
72 1
16 0
72 0
16 0
16 0
72 2
16 0
16 0
72 2
16 0
72 0
16 0
72 1
16 0
72 1
16 0
72 0
16 0
16 0
72 2
16 0
16 0
72 2
16 0
72 0
16 0
72 1
16 0
72 1
16 0
72 0
16 0
16 0
72 2
16 0
16 0
72 2
16 0
72 0
16 0
72 1
16 0
72 1
16 0
72 0
16 0
16 0
72 2
209 10
72 14
72 14
72 7
16 0
213 0
72 2
16 0
72 0
16 0
72 1
16 0
72 1
16 0
72 0
16 0
16 0
72 2
16 0
16 0
72 2
16 0
72 0
16 0
72 1
16 0
72 1
16 0
72 0
16 0
16 0
72 2
16 0
16 0
72 2
16 0
72 0
16 0
72 1
16 0
72 1
16 0
72 0
16 0
16 0
72 2
33 6
72 14
16 0
16 0
72 2
16 0
72 0
16 0
72 1
16 0
72 1
16 0
72 0
16 0
16 0
72 2
16 0
16 0
72 2
16 0
72 0
16 0
72 1
16 0
72 1
16 0
72 0
16 0
16 0
72 2
1445 6
72 8
1445 6
72 8
1445 6
72 8
1445 6
72 2
1445 13
72 13
209 6
72 2
57 6
72 2
57 6
72 8
209 6
72 2
57 6
72 2
57 6
72 8
209 6
72 2
57 6
72 2
209 6
72 2
57 6
72 2
209 6
72 2
57 6
72 2
209 6
72 2
57 6
72 2
209 6
72 2
57 6
72 2
57 6
72 2
209 6
72 2
209 6
72 12
16 0
16 0
72 2
16 0
72 0
16 0
72 1
16 0
72 1
16 0
72 0
16 0
16 0
72 2
16 0
16 0
72 2
16 0
72 0
16 0
72 1
16 0
72 1
16 0
72 0
16 0
16 0
72 2
16 0
16 0
72 2
16 0
72 0
16 0
72 1
16 0
72 1
16 0
72 0
16 0
16 0
72 2
16 0
16 0
72 2
16 0
72 0
16 0
72 1
16 0
72 1
16 0
72 0
16 0
16 0
72 2
209 6
72 12
16 0
16 0
72 2
16 0
72 0
16 0
72 1
16 0
72 1
16 0
72 0
16 0
16 0
72 2
16 0
16 0
72 2
16 0
72 0
16 0
72 1
16 0
72 1
16 0
72 0
16 0
16 0
72 2
16 0
16 0
72 2
16 0
72 0
16 0
72 1
16 0
72 1
16 0
72 0
16 0
16 0
72 2
16 0
16 0
72 2
16 0
72 0
16 0
72 1
16 0
72 1
16 0
72 0
16 0
16 0
72 2
209 6
72 12
209 6
72 2
57 6
72 2
57 6
72 8
209 6
72 2
57 6
72 2
57 6
72 8
209 6
72 2
57 6
72 2
209 6
72 2
57 6
72 2
209 6
72 2
57 6
72 2
1445 6
72 2
57 6
72 2
209 6
72 2
57 6
72 2
57 6
72 2
209 6
72 2
209 6
72 2
12 6
12 2
12 6
72 2
12 6
72 2
16 0
16 0
72 2
16 0
72 0
16 0
72 1
16 0
72 1
16 0
72 0
16 0
16 0
72 2
16 0
16 0
72 2
16 0
72 0
16 0
72 1
16 0
72 1
16 0
72 0
16 0
16 0
72 2
16 0
16 0
72 2
16 0
72 0
16 0
72 1
16 0
72 1
16 0
72 0
16 0
16 0
72 2
16 0
16 0
72 2
16 0
72 0
16 0
72 1
16 0
72 1
16 0
72 0
16 0
16 0
72 2
209 10
72 11
16 0
16 0
72 2
16 0
72 0
16 0
72 1
16 0
72 1
16 0
72 0
16 0
16 0
72 2
16 0
16 0
72 2
16 0
72 0
16 0
72 1
16 0
72 1
16 0
72 0
16 0
16 0
72 2
16 0
16 0
72 2
16 0
72 0
16 0
72 1
16 0
72 1
16 0
72 0
16 0
16 0
72 2
16 0
16 0
72 2
16 0
72 0
16 0
72 1
16 0
72 1
16 0
72 0
16 0
16 0
72 2
209 10
72 14
72 14
72 7
16 0
213 0
72 2
16 0
72 0
16 0
72 1
16 0
72 1
16 0
72 0
16 0
16 0
72 2
16 0
16 0
72 2
16 0
72 0
16 0
72 1
16 0
72 1
16 0
72 0
16 0
16 0
72 2
16 0
16 0
72 2
16 0
72 0
16 0
72 1
16 0
72 1
16 0
72 0
16 0
16 0
72 2
33 6
72 14
16 0
16 0
72 2
16 0
72 0
16 0
72 1
16 0
72 1
16 0
72 0
16 0
16 0
72 2
16 0
16 0
72 2
16 0
72 0
16 0
72 1
16 0
72 1
16 0
72 0
16 0
16 0
72 2
1445 6
72 8
1445 6
72 8
1445 6
72 8
1445 6
72 2
1445 13
72 13
209 6
72 2
57 6
72 2
57 6
72 8
209 6
72 2
57 6
72 2
57 6
72 8
209 6
72 2
57 6
72 2
209 6
72 2
57 6
72 2
209 6
72 2
57 6
72 2
209 6
72 2
57 6
72 2
209 6
72 2
57 6
72 2
57 6
72 2
209 6
72 2
209 6
72 12
16 0
16 0
72 2
16 0
72 0
16 0
72 1
16 0
72 1
16 0
72 0
16 0
16 0
72 2
16 0
16 0
72 2
16 0
72 0
16 0
72 1
16 0
72 1
16 0
72 0
16 0
16 0
72 2
16 0
16 0
72 2
16 0
72 0
16 0
72 1
16 0
72 1
16 0
72 0
16 0
16 0
72 2
16 0
16 0
72 2
16 0
72 0
16 0
72 1
16 0
72 1
16 0
72 0
16 0
16 0
72 2
209 6
72 12
16 0
16 0
72 2
16 0
72 0
16 0
72 1
16 0
72 1
16 0
72 0
16 0
16 0
72 2
16 0
16 0
72 2
16 0
72 0
16 0
72 1
16 0
72 1
16 0
72 0
16 0
16 0
72 2
16 0
16 0
72 2
16 0
72 0
16 0
72 1
16 0
72 1
16 0
72 0
16 0
16 0
72 2
16 0
16 0
72 2
16 0
72 0
16 0
72 1
16 0
72 1
16 0
72 0
16 0
16 0
72 2
209 6
72 12
209 6
72 2
57 6
72 2
57 6
72 8
209 6
72 2
57 6
72 2
57 6
72 8
209 6
72 2
57 6
72 2
209 6
72 2
57 6
72 2
209 6
72 2
57 6
72 2
1445 6
72 2
57 6
72 2
209 6
72 2
57 6
72 2
57 6
72 2
209 6
72 2
209 6
72 2
12 6
12 2
12 6
72 2
12 6
72 2
16 0
16 0
72 2
16 0
72 0
16 0
72 1
16 0
72 1
16 0
72 0
16 0
16 0
72 2
16 0
16 0
72 2
16 0
72 0
16 0
72 1
16 0
72 1
16 0
72 0
16 0
16 0
72 2
16 0
16 0
72 2
16 0
72 0
16 0
72 1
16 0
72 1
16 0
72 0
16 0
16 0
72 2
16 0
16 0
72 2
16 0
72 0
16 0
72 1
16 0
72 1
16 0
72 0
16 0
16 0
72 2
209 10
72 11
16 0
16 0
72 2
16 0
72 0
16 0
72 1
16 0
72 1
16 0
72 0
16 0
16 0
72 2
16 0
16 0
72 2
16 0
72 0
16 0
72 1
16 0
72 1
16 0
72 0
16 0
16 0
72 2
16 0
16 0
72 2
16 0
72 0
16 0
72 1
16 0
72 1
16 0
72 0
16 0
16 0
72 2
16 0
16 0
72 2
16 0
72 0
16 0
72 1
16 0
72 1
16 0
72 0
16 0
16 0
72 2
209 10
E
X
