minor
S
L
28 7
35 6
189 7
47 7
28 7
36 6
189 7
48 7
28 7
35 6
189 7
47 7
28 7
35 6
189 7
47 7
28 7
35 6
189 7
47 7
26 7
33 6
175 7
45 7
28 7
35 6
160 7
43 7
26 7
30 6
175 7
47 7
24 7
31 6
108 7
52 7
26 7
33 6
108 7
52 7
28 7
47 7
45 6
241 7
157 7
45 7
47 7
28 7
35 6
189 7
47 7
26 7
33 6
175 7
45 7
28 7
35 6
160 7
43 7
26 7
30 6
175 7
47 7
24 7
31 6
108 7
52 7
26 7
33 6
108 7
52 7
28 7
47 7
45 6
241 7
157 7
45 7
47 7
24 4
28 4
31 4
40 9
24 4
28 4
31 4
35 9
23 4
26 4
30 4
38 9
23 4
26 4
30 4
31 4
33 4
26 4
24 4
28 4
31 4
40 9
24 4
28 4
31 4
35 9
23 4
26 4
30 4
38 9
23 4
26 4
30 4
31 4
33 4
26 4
24 4
28 4
31 4
40 9
24 4
28 4
31 4
35 9
23 4
26 4
30 4
38 9
23 4
26 4
30 4
31 4
33 4
26 4
24 4
28 4
31 4
35 9
26 4
30 4
31 4
33 4
38 7
28 7
35 6
189 7
47 7
28 7
36 6
189 7
48 7
28 7
35 6
189 7
47 7
28 7
35 6
189 7
47 7
28 7
35 6
189 7
47 7
28 7
36 6
189 7
48 7
28 7
35 6
189 7
47 7
28 7
35 6
189 7
47 7
26 7
33 6
175 7
45 7
28 7
35 6
160 7
43 7
26 7
30 6
175 7
47 7
24 7
31 6
108 7
52 7
26 7
33 6
108 7
52 7
28 7
47 7
45 6
241 7
157 7
45 7
47 7
28 7
35 6
189 7
47 7
26 7
33 6
175 7
45 7
28 7
35 6
160 7
43 7
26 7
30 6
175 7
47 7
24 7
31 6
108 7
52 7
26 7
33 6
108 7
52 7
28 7
47 7
45 6
241 7
157 7
45 7
47 7
24 4
28 4
31 4
40 9
24 4
28 4
31 4
35 9
23 4
26 4
30 4
38 9
23 4
26 4
30 4
31 4
33 4
26 4
24 4
28 4
31 4
40 9
24 4
28 4
31 4
35 9
23 4
26 4
30 4
38 9
23 4
26 4
30 4
31 4
33 4
26 4
24 4
28 4
31 4
40 9
24 4
28 4
31 4
35 9
23 4
26 4
30 4
38 9
23 4
26 4
30 4
31 4
33 4
26 4
24 4
28 4
31 4
35 9
26 4
30 4
31 4
33 4
38 7
28 7
35 6
189 7
47 7
28 7
36 6
189 7
48 7
28 7
35 6
189 7
47 7
28 7
35 6
189 7
47 7
28 7
35 6
189 7
47 7
28 7
36 6
189 7
48 7
28 7
35 6
189 7
47 7
E
S
H
35 12
36 12
38 12
35 12
40 12
38 12
40 12
38 12
40 12
42 12
40 7
47 7
45 7
44 7
40 7
35 7
40 12
38 12
40 12
38 12
40 12
42 12
40 7
47 7
45 7
44 7
40 7
35 7
35 12
40 12
38 12
42 7
40 7
38 7
40 12
43 12
42 12
38 7
40 7
38 7
40 12
43 12
42 12
38 12
40 12
42 12
40 12
42 12
38 12
35 12
40 12
42 12
38 12
40 12
38 12
40 12
38 12
40 12
42 12
40 7
47 7
45 7
44 7
40 7
35 7
40 12
38 12
40 12
38 12
40 12
42 12
40 7
47 7
45 7
44 7
40 7
35 7
35 12
40 12
38 12
42 7
40 7
38 7
40 12
43 12
42 12
38 7
40 7
38 7
40 12
43 12
42 12
38 12
40 12
42 12
40 12
42 12
38 12
35 12
40 12
42 12
38 12
E
S
H
52 7
59 4
59 4
54 4
54 9
55 4
54 4
50 4
52 9
54 4
52 4
50 4
47 11
50 4
55 11
55 4
54 11
50 0
52 4
50 4
52 13
52 7
59 4
59 4
54 4
54 9
55 4
54 4
50 4
52 9
54 4
52 4
50 4
47 11
50 4
55 11
55 4
54 11
50 0
52 4
50 4
52 12
52 7
59 9
57 4
59 4
64 2
64 11
62 4
59 2
62 11
59 4
57 2
59 11
62 4
64 11
66 4
67 4
67 11
67 7
66 11
64 4
62 4
59 12
59 9
57 4
59 4
64 2
64 11
66 4
67 2
62 11
66 4
67 2
69 7
66 7
62 7
64 11
71 7
66 11
66 7
64 12
52 7
59 4
59 4
54 4
54 9
55 4
54 4
50 4
52 9
54 4
52 4
50 4
47 11
50 4
55 11
55 4
54 11
50 0
52 4
50 4
52 13
52 7
59 4
59 4
54 4
54 9
55 4
54 4
50 4
52 9
54 4
52 4
50 4
47 11
50 4
55 11
55 4
54 11
50 0
52 4
50 4
52 12
52 7
59 9
57 4
59 4
64 2
64 11
62 4
59 2
62 11
59 4
57 2
59 11
62 4
64 11
66 4
67 4
67 11
67 7
66 11
64 4
62 4
59 12
59 9
57 4
59 4
64 2
64 11
66 4
67 2
62 11
66 4
67 2
69 7
66 7
62 7
64 11
71 7
66 11
66 7
64 12
E
X
