minor
S
H
46 3
72 1
46 3
72 1
225 3
72 1
46 3
72 1
46 3
72 1
46 3
72 1
1521 3
72 1
46 3
72 1
46 3
72 1
46 3
72 1
225 3
72 1
46 3
72 1
46 3
72 1
46 3
72 1
1521 3
72 1
46 3
72 1
46 3
72 1
46 3
72 1
225 3
72 1
46 3
72 1
46 3
72 1
46 3
72 1
1521 3
72 1
46 3
72 1
46 3
72 1
46 3
72 1
225 3
72 1
46 3
72 1
46 3
72 1
46 3
72 1
1521 3
72 1
46 3
72 1
46 3
72 1
46 3
72 1
225 3
72 1
46 3
72 1
46 3
72 1
46 3
72 1
1521 3
72 1
46 3
72 1
46 3
72 1
46 3
72 1
225 3
72 1
46 3
72 1
46 3
72 1
46 3
72 1
1521 3
72 1
46 3
72 1
46 3
72 1
46 3
72 1
225 3
72 1
46 3
72 1
46 3
72 1
46 3
72 1
1521 3
72 1
46 3
72 1
46 3
72 1
46 3
72 1
225 3
72 1
46 3
72 1
46 3
72 1
46 3
72 1
1521 3
72 1
46 3
72 1
46 3
72 1
46 3
72 1
225 3
72 1
46 3
72 1
46 3
72 1
46 3
72 1
1521 3
72 1
46 3
72 1
46 3
72 1
46 3
72 1
225 3
72 1
46 3
72 1
46 3
72 1
46 3
72 1
1521 3
72 1
46 3
72 1
46 3
72 1
46 3
72 1
225 3
72 1
46 3
72 1
46 3
72 1
46 3
72 1
1521 3
72 1
46 3
72 1
46 3
72 1
46 3
72 1
225 3
72 1
46 3
72 1
46 3
72 1
46 3
72 1
1521 3
72 1
46 3
72 1
46 3
72 1
46 3
72 1
225 3
72 1
46 3
72 1
46 3
72 1
46 3
72 1
1521 3
72 1
46 3
72 1
46 3
72 1
46 3
72 1
225 3
72 1
46 3
72 1
46 3
72 1
46 3
72 1
1521 3
72 1
46 3
72 1
46 3
72 1
46 3
72 1
225 3
72 1
46 3
72 1
46 3
72 1
46 3
72 1
1521 3
72 1
46 3
72 1
46 3
72 1
46 3
72 1
225 3
72 1
46 3
72 1
46 3
72 1
46 3
72 1
1521 3
72 1
46 3
72 1
46 3
72 1
46 3
72 1
225 3
72 1
46 3
72 1
46 3
72 1
46 3
72 1
1521 3
72 1
46 3
72 1
46 3
72 1
46 3
72 1
225 3
72 1
46 3
72 1
46 3
72 1
46 3
72 1
1521 3
72 1
46 3
72 1
46 3
72 1
46 3
72 1
225 3
72 1
46 3
72 1
46 3
72 1
46 3
72 1
1521 3
72 1
46 3
72 1
46 3
72 1
46 3
72 1
225 3
72 1
46 3
72 1
46 3
72 1
46 3
72 1
1521 3
72 1
46 3
72 1
46 3
72 1
46 3
72 1
225 3
72 1
46 3
72 1
46 3
72 1
46 3
72 1
1521 3
72 1
46 3
72 1
46 3
72 1
46 3
72 1
225 3
72 1
46 3
72 1
46 3
72 1
46 3
72 1
1521 3
72 1
46 3
72 1
46 3
72 1
46 3
72 1
225 3
72 1
46 3
72 1
46 3
72 1
46 3
72 1
1521 3
72 1
46 3
72 1
46 3
72 1
46 3
72 1
225 3
72 1
46 3
72 1
46 3
72 1
46 3
72 1
1521 3
72 1
46 3
72 1
46 3
72 1
46 3
72 1
225 3
72 1
46 3
72 1
46 3
72 1
46 3
72 1
1521 3
72 1
46 3
72 1
46 3
72 1
46 3
72 1
225 3
72 1
46 3
72 1
46 3
72 1
46 3
72 1
1521 3
72 1
46 3
72 1
46 3
72 1
46 3
72 1
225 3
72 1
46 3
72 1
46 3
72 1
46 3
72 1
1521 3
72 1
46 3
72 1
46 3
72 1
46 3
72 1
225 3
72 1
46 3
72 1
46 3
72 1
46 3
72 1
1521 3
72 1
46 3
72 1
46 3
72 1
46 3
72 1
225 3
72 1
46 3
72 1
46 3
72 1
46 3
72 1
1521 3
72 1
46 3
72 1
46 3
72 1
46 3
72 1
225 3
72 1
46 3
72 1
46 3
72 1
46 3
72 1
1521 3
72 1
46 3
72 1
46 3
72 1
46 3
72 1
225 3
72 1
46 3
72 1
46 3
72 1
46 3
72 1
1521 3
72 1
46 3
72 1
46 3
72 1
46 3
72 1
225 3
72 1
46 3
72 1
46 3
72 1
46 3
72 1
1521 3
72 1
46 3
72 1
46 3
72 1
46 3
72 1
225 3
72 1
46 3
72 1
46 3
72 1
46 3
72 1
1521 3
72 1
46 3
72 1
46 3
72 1
46 3
72 1
225 3
72 1
46 3
72 1
46 3
72 1
46 3
72 1
1521 3
72 1
46 3
72 1
46 3
72 1
46 3
72 1
225 3
72 1
46 3
72 1
46 3
72 1
46 3
72 1
1521 3
72 1
46 3
72 1
46 3
72 1
46 3
72 1
225 3
72 1
46 3
72 1
46 3
72 1
46 3
72 1
1521 3
72 1
46 3
E
S
L
10 9
10 2
72 2
5 9
5 2
72 2
10 9
10 2
72 2
9 9
9 2
72 2
10 9
10 2
72 2
5 9
5 2
72 2
13 9
13 2
72 2
5 9
5 2
72 2
10 9
10 2
72 2
5 9
5 2
72 2
10 9
10 2
72 2
9 9
9 2
72 2
10 9
10 2
72 2
5 9
5 2
72 2
13 9
13 2
72 2
5 9
5 2
72 2
10 9
10 2
72 2
5 9
5 2
72 2
10 9
10 2
72 2
9 9
9 2
72 2
10 9
10 2
72 2
5 9
5 2
72 2
10 9
10 2
72 2
5 9
5 2
72 2
6 9
6 2
72 2
8 9
8 2
72 2
10 9
10 2
72 2
5 9
5 2
72 2
6 9
6 2
72 2
8 9
8 2
72 2
10 9
10 2
72 2
8 9
8 2
72 2
6 9
6 2
72 2
8 9
8 2
72 2
10 9
10 2
72 2
5 9
5 2
72 2
6 9
6 2
72 2
8 9
8 2
72 2
10 9
10 2
72 2
8 9
8 2
72 2
10 9
10 2
72 2
5 9
5 2
72 2
10 9
10 2
72 2
9 9
9 2
72 2
10 9
10 2
72 2
5 9
5 2
72 2
13 9
13 2
72 2
5 9
5 2
72 2
10 9
10 2
72 2
5 9
5 2
72 2
10 9
10 2
72 2
9 9
9 2
72 2
10 9
10 2
72 2
5 9
5 2
72 2
10 9
10 2
72 2
5 9
5 2
72 2
6 9
6 2
72 2
8 9
8 2
72 2
10 9
10 2
72 2
5 9
5 2
72 2
6 9
6 2
72 2
8 9
8 2
72 2
10 9
10 2
72 2
8 9
8 2
72 2
6 9
6 2
72 2
8 9
8 2
72 2
10 9
10 2
72 2
5 9
5 2
72 2
6 9
6 2
72 2
8 9
8 2
72 2
10 9
10 2
72 2
8 9
8 2
E
S
H
231 11
166 11
140 11
218 11
231 11
101 11
114 11
101 11
231 11
166 11
140 11
101 11
114 11
140 11
231 11
101 11
231 11
166 11
140 11
101 11
114 11
101 11
231 13
231 11
101 11
114 11
101 11
231 11
101 11
114 11
140 11
231 11
101 11
114 11
101 11
231 11
101 11
114 11
101 11
231 11
166 11
140 11
101 11
114 11
140 11
231 11
101 11
231 11
166 11
140 11
101 11
114 11
101 11
231 13
231 11
101 11
114 11
101 11
231 11
101 11
114 11
140 11
231 11
101 11
114 11
101 11
231 11
101 11
114 11
101 11
E
S
H
72 14
34 4
36 4
37 4
72 7
34 4
41 9
42 4
39 7
72 4
36 4
39 4
37 4
36 4
37 4
41 4
72 7
33 4
34 7
36 4
37 4
36 7
72 11
34 4
36 4
37 4
72 7
34 4
41 9
42 4
39 7
72 4
36 4
39 4
37 4
36 4
37 4
36 4
72 4
33 7
34 11
72 14
34 4
36 4
37 4
72 7
34 4
41 9
42 4
39 7
72 4
36 4
39 4
37 4
36 4
37 4
41 4
72 7
33 4
34 7
36 4
37 4
36 7
72 11
34 4
36 4
37 4
72 7
34 4
41 9
42 4
39 7
72 4
36 4
39 4
37 4
36 4
37 4
36 4
72 4
33 7
34 11
E
S
H
72 14
34 9
36 4
37 4
44 9
46 7
44 4
42 4
41 7
72 4
41 4
44 4
42 4
41 4
42 4
49 4
72 4
48 7
46 7
41 4
39 4
41 7
72 7
34 9
36 4
37 4
44 9
46 7
44 4
42 4
41 7
72 4
41 4
44 4
42 4
41 4
42 4
41 4
72 4
36 7
34 11
72 14
34 9
36 4
37 4
44 9
46 7
44 4
42 4
41 7
72 4
41 4
44 4
42 4
41 4
42 4
49 4
72 4
48 7
46 7
41 4
39 4
41 7
72 7
34 9
36 4
37 4
44 9
46 7
44 4
42 4
41 7
72 4
41 4
44 4
42 4
41 4
42 4
41 4
72 4
36 7
34 11
E
S
L
34 7
162 7
29 7
176 7
34 7
162 7
33 7
137 7
34 7
162 7
29 7
214 7
37 7
123 7
29 7
161 7
34 7
162 7
29 7
176 7
34 7
162 7
33 7
137 7
34 7
162 7
29 7
214 7
25 7
123 7
29 7
161 7
34 7
162 7
29 7
176 7
34 7
162 7
33 7
137 7
34 7
162 7
29 7
214 7
34 7
226 7
29 7
161 7
30 7
174 7
32 7
200 7
34 7
162 7
29 7
161 7
30 7
174 7
32 7
200 7
34 7
162 7
32 7
137 7
30 7
174 7
32 7
200 7
34 7
162 7
29 7
161 7
30 7
174 7
32 7
200 7
34 7
162 7
32 7
137 7
34 7
162 7
29 7
176 7
34 7
162 7
33 7
137 7
34 7
162 7
29 7
214 7
25 7
123 7
29 7
161 7
34 7
162 7
29 7
176 7
34 7
162 7
33 7
137 7
34 7
162 7
29 7
214 7
34 7
226 7
29 7
161 7
30 7
174 7
32 7
200 7
34 7
162 7
29 7
161 7
30 7
174 7
32 7
200 7
34 7
162 7
32 7
137 7
30 7
174 7
32 7
200 7
34 7
162 7
29 7
161 7
30 7
174 7
32 7
200 7
34 7
162 7
32 7
137 7
E
S
H
72 7
37 4
72 9
39 4
72 9
37 4
72 9
36 4
72 9
37 4
72 9
39 4
72 9
41 4
72 9
36 4
72 9
37 4
72 9
39 4
72 9
37 4
72 9
36 4
72 9
37 4
72 9
39 4
72 9
34 4
72 9
36 4
72 9
37 4
72 9
39 4
72 9
37 4
72 9
36 4
72 9
37 4
72 9
39 4
72 9
41 4
72 9
36 4
72 9
39 4
72 9
39 4
72 9
34 4
72 9
36 4
72 9
39 4
72 9
39 4
72 9
37 4
72 9
36 4
72 9
39 4
72 9
39 4
72 9
34 4
72 9
36 4
72 9
39 4
72 9
39 4
72 9
34 4
72 9
36 4
72 9
37 4
72 9
39 4
72 9
37 4
72 9
36 4
72 9
37 4
72 9
39 4
72 9
34 4
72 9
36 4
72 9
37 4
72 9
39 4
72 9
37 4
72 9
36 4
72 9
37 4
72 9
39 4
72 9
41 4
72 9
36 4
72 9
39 4
72 9
39 4
72 9
34 4
72 9
36 4
72 9
39 4
72 9
39 4
72 9
37 4
72 9
36 4
72 9
39 4
72 9
39 4
72 9
34 4
72 9
36 4
72 9
39 4
72 9
39 4
72 9
34 4
72 9
36 4
E
X
