major
S
H
40 3
43 3
48 3
52 5
54 3
57 5
55 3
52 3
48 3
45 3
43 3
42 3
43 3
45 7
46 3
45 3
46 3
47 7
48 2
72 6
36 2
38 2
40 2
43 2
45 2
47 2
48 2
72 6
36 2
E
S
H
36 3
40 3
43 3
48 5
51 3
53 5
52 3
48 3
45 3
41 3
40 3
39 3
40 3
39 7
40 3
39 3
40 3
41 7
39 3
38 3
37 2
72 7
40 2
E
S
L
31 3
36 3
40 3
43 5
48 3
48 5
48 3
43 3
40 3
36 3
31 3
33 3
31 3
30 2
31 2
30 5
30 3
29 3
30 3
31 2
33 2
31 5
36 3
34 3
33 3
32 7
36 2
72 6
24 2
E
S
L
20 0
72 3
20 0
72 3
20 0
72 3
20 0
72 5
20 0
72 0
20 0
72 2
20 0
72 5
20 0
72 3
20 0
72 3
20 0
72 3
20 0
72 3
20 0
72 3
20 0
72 3
20 0
72 3
14 0
72 5
20 0
72 0
20 0
72 2
20 0
72 3
20 0
72 3
20 0
72 3
14 0
72 5
20 0
72 0
20 0
72 2
14 0
72 7
20 0
72 3
20 0
72 3
20 0
72 3
14 0
72 7
20 7
E
X
