major
S
H
54 4
72 14
47 4
72 11
49 4
72 4
50 4
72 7
57 4
72 7
54 4
72 14
52 4
50 4
49 4
72 11
47 4
72 4
49 4
72 7
50 4
72 7
54 4
72 14
54 4
72 14
52 4
54 4
55 4
72 7
54 4
72 7
50 4
72 13
54 4
72 7
52 4
72 7
50 4
72 4
52 4
72 7
54 4
72 7
54 4
72 14
52 4
54 4
58 4
72 7
54 4
72 7
52 4
72 13
54 4
72 7
52 4
72 7
50 4
72 4
46 4
72 7
52 4
72 7
50 4
72 14
52 4
54 4
55 4
72 11
57 4
72 4
59 4
72 7
62 4
72 7
62 4
72 12
57 4
55 4
54 4
72 7
52 4
72 7
54 4
72 4
54 4
72 14
47 4
72 11
49 4
72 4
50 4
72 7
57 4
72 7
54 4
72 14
52 4
50 4
49 4
72 11
47 4
72 4
49 4
72 7
50 4
72 7
54 4
72 14
54 4
72 14
52 4
54 4
55 4
72 7
54 4
72 7
50 4
72 13
54 4
72 7
52 4
72 7
50 4
72 4
52 4
72 7
54 4
72 7
54 4
72 14
52 4
54 4
58 4
72 7
54 4
72 7
52 4
72 13
54 4
72 7
52 4
72 7
50 4
72 4
46 4
72 7
52 4
72 7
50 4
72 14
52 4
54 4
55 4
72 11
57 4
72 4
59 4
72 7
62 4
72 7
62 4
72 12
57 4
55 4
54 4
72 7
52 4
72 7
54 4
72 13
72 13
E
S
H
72 14
983 4
72 14
114 4
72 4
127 4
72 7
218 4
72 7
179 4
72 12
114 4
72 14
244 4
72 9
179 4
72 9
114 4
72 4
244 4
72 9
179 4
72 7
153 4
72 7
127 4
72 14
983 4
72 14
114 4
72 4
127 4
72 7
218 4
72 7
179 4
72 12
114 4
72 14
244 4
72 9
179 4
72 9
114 4
72 4
244 4
72 9
179 4
72 7
153 4
72 7
127 4
72 14
72 13
E
S
H
31 14
35 14
38 14
42 14
30 14
34 14
38 14
42 14
33 14
38 14
42 14
45 14
33 14
36 14
40 14
45 14
30 14
35 14
38 14
42 14
72 4
31 14
35 14
38 14
42 14
30 14
34 14
38 14
42 14
33 14
38 14
42 14
45 14
33 14
36 14
40 14
45 14
30 14
35 14
38 14
42 14
72 4
31 14
35 14
38 14
42 14
30 14
34 14
38 14
42 14
33 14
38 14
42 14
45 14
33 14
36 14
40 14
45 14
30 14
35 14
38 14
42 14
72 4
31 14
35 14
38 14
42 14
30 14
34 14
38 14
42 14
33 14
38 14
42 14
45 14
33 14
36 14
40 14
45 14
30 14
35 14
38 14
42 14
72 13
72 13
E
S
H
175 14
698 13
527 13
151 14
122 13
42 11
47 11
122 11
175 14
150 13
189 14
175 13
150 13
175 14
698 13
527 13
151 14
122 13
42 11
47 11
122 11
175 14
150 13
189 14
175 13
150 13
175 14
698 13
527 13
151 14
122 13
42 11
47 11
122 11
175 14
150 13
189 14
175 13
150 13
175 14
698 13
527 13
151 14
122 13
42 11
47 11
122 11
175 14
150 13
189 14
175 13
150 13
72 13
72 13
E
S
H
54 4
72 14
47 4
72 11
49 4
72 4
50 4
72 7
57 4
72 7
54 4
72 14
52 4
50 4
49 4
72 11
47 4
72 4
49 4
72 7
50 4
72 7
54 4
72 14
54 4
72 14
52 4
54 4
55 4
72 7
54 4
72 7
50 4
72 13
54 4
72 7
52 4
72 7
50 4
72 4
52 4
72 7
54 4
72 7
54 4
72 14
52 4
54 4
58 4
72 7
54 4
72 7
52 4
72 13
54 4
72 7
52 4
72 7
50 4
72 4
46 4
72 7
52 4
72 7
50 4
72 14
52 4
54 4
55 4
72 11
57 4
72 4
59 4
72 7
62 4
72 7
62 4
72 12
57 4
55 4
54 4
72 7
52 4
72 7
54 4
72 4
54 4
72 14
47 4
72 11
49 4
72 4
50 4
72 7
57 4
72 7
54 4
72 14
52 4
50 4
49 4
72 11
47 4
72 4
49 4
72 7
50 4
72 7
54 4
72 14
54 4
72 14
52 4
54 4
55 4
72 7
54 4
72 7
50 4
72 13
54 4
72 7
52 4
72 7
50 4
72 4
52 4
72 7
54 4
72 7
54 4
72 14
52 4
54 4
58 4
72 7
54 4
72 7
52 4
72 13
54 4
72 7
52 4
72 7
50 4
72 4
46 4
72 7
52 4
72 7
50 4
72 14
52 4
54 4
55 4
72 11
57 4
72 4
59 4
72 7
62 4
72 7
62 4
72 12
57 4
55 4
54 4
72 7
52 4
72 7
54 4
72 13
72 13
E
S
H
175 14
698 13
527 13
151 14
122 13
42 11
47 11
122 11
175 14
150 13
189 14
175 13
150 13
175 14
698 13
527 13
151 14
122 13
42 11
47 11
122 11
175 14
150 13
189 14
175 13
150 13
175 14
698 13
527 13
151 14
122 13
42 11
47 11
122 11
175 14
150 13
189 14
175 13
150 13
175 14
698 13
527 13
151 14
122 13
42 11
47 11
122 11
175 14
150 13
189 14
175 13
150 13
72 13
72 13
E
S
L
19 14
19 13
14 9
16 9
18 14
18 13
21 9
22 9
23 14
23 14
21 14
26 14
19 14
19 13
14 9
16 9
18 14
18 13
21 9
22 9
23 14
23 14
21 14
26 14
19 14
19 13
14 9
16 9
18 14
18 13
21 9
22 9
23 14
23 14
21 14
26 14
19 14
19 13
14 9
16 9
18 14
18 13
21 9
22 9
23 14
23 14
21 14
26 14
72 13
72 13
E
S
L
19 14
19 13
14 9
16 9
18 14
18 13
21 9
22 9
23 14
23 14
21 14
26 14
19 14
19 13
14 9
16 9
18 14
18 13
21 9
22 9
23 14
23 14
21 14
26 14
19 14
19 13
14 9
16 9
18 14
18 13
21 9
22 9
23 14
23 14
21 14
26 14
19 14
19 13
14 9
16 9
18 14
18 13
21 9
22 9
23 14
23 14
21 14
26 14
72 13
72 13
E
S
H
31 14
35 14
38 14
42 14
30 14
34 14
38 14
42 14
33 14
38 14
42 14
45 14
33 14
36 14
40 14
45 14
30 14
35 14
38 14
42 14
72 4
31 14
35 14
38 14
42 14
30 14
34 14
38 14
42 14
33 14
38 14
42 14
45 14
33 14
36 14
40 14
45 14
30 14
35 14
38 14
42 14
72 4
31 14
35 14
38 14
42 14
30 14
34 14
38 14
42 14
33 14
38 14
42 14
45 14
33 14
36 14
40 14
45 14
30 14
35 14
38 14
42 14
72 4
31 14
35 14
38 14
42 14
30 14
34 14
38 14
42 14
33 14
38 14
42 14
45 14
33 14
36 14
40 14
45 14
30 14
35 14
38 14
42 14
72 13
72 13
E
S
L
1048 0
72 7
179 0
72 4
11 0
72 4
1015 0
72 7
179 0
72 4
232 0
72 4
179 0
72 4
11 0
72 4
1048 0
72 7
1039 0
72 4
18 0
72 4
1048 0
72 4
11 0
72 4
1048 0
72 7
179 0
72 4
11 0
72 4
1015 0
72 7
179 0
72 4
232 0
72 4
179 0
72 4
11 0
72 4
1048 0
72 7
1015 0
72 4
18 0
72 4
1048 0
72 4
11 0
72 4
1048 0
72 7
179 0
72 4
11 0
72 4
1015 0
72 7
179 0
72 4
232 0
72 4
179 0
72 4
11 0
72 4
1048 0
72 7
1039 0
72 4
18 0
72 4
1048 0
72 4
11 0
72 4
1048 0
72 7
179 0
72 4
11 0
72 4
1015 0
72 7
179 0
72 4
232 0
72 4
179 0
72 4
11 0
72 4
1048 0
72 7
1015 0
72 4
18 0
72 4
1048 0
72 4
11 0
72 4
1048 0
72 7
179 0
72 4
11 0
72 4
1015 0
72 7
179 0
72 4
232 0
72 4
179 0
72 4
11 0
72 4
1048 0
72 7
1039 0
72 4
18 0
72 4
1048 0
72 4
11 0
72 4
1048 0
72 7
179 0
72 4
11 0
72 4
1015 0
72 7
179 0
72 4
232 0
72 4
179 0
72 4
11 0
72 4
1048 0
72 7
1039 0
72 4
18 0
72 4
1048 0
72 4
11 0
72 4
1048 0
72 7
179 0
72 4
11 0
72 4
1015 0
72 7
179 0
72 4
232 0
72 4
179 0
72 4
11 0
72 4
1048 0
72 7
1039 0
72 4
18 0
72 4
1048 0
72 4
11 0
72 4
1048 0
72 7
179 0
72 4
11 0
72 4
1015 0
72 7
179 0
72 4
232 0
72 4
179 0
72 4
11 0
72 4
1048 0
72 7
1015 0
72 4
18 0
72 4
1048 0
72 4
11 0
72 4
1048 0
72 7
179 0
72 4
11 0
72 4
1015 0
72 7
179 0
72 4
232 0
72 4
179 0
72 4
11 0
72 4
1048 0
72 7
1039 0
72 4
18 0
72 4
1048 0
72 4
11 0
72 4
1048 0
72 7
179 0
72 4
11 0
72 4
1015 0
72 7
179 0
72 4
232 0
72 4
179 0
72 4
11 0
72 4
1048 0
72 7
1039 0
72 4
18 0
72 4
1048 0
72 4
11 0
72 4
1048 0
72 7
179 0
72 4
11 0
72 4
1015 0
72 7
179 0
72 4
232 0
72 4
179 0
72 4
11 0
72 4
1048 0
72 7
1039 0
72 4
18 0
72 4
1048 0
72 4
11 0
72 4
1048 0
72 7
179 0
72 4
11 0
72 4
1015 0
72 7
179 0
72 4
232 0
72 4
179 0
72 4
11 0
72 4
1048 0
72 7
1039 0
72 4
18 0
72 4
1048 0
72 4
11 0
72 4
1048 0
72 7
179 0
72 4
11 0
72 4
1015 0
72 7
179 0
72 4
232 0
72 4
179 0
72 4
11 0
72 4
1048 0
72 7
1039 0
72 4
18 0
72 4
1048 0
72 4
11 0
72 4
1048 0
72 7
179 0
72 4
11 0
72 4
1015 0
72 7
179 0
72 4
232 0
72 4
179 0
72 4
11 0
72 4
1048 0
72 7
1039 0
72 4
18 0
72 4
1048 0
72 4
11 0
72 4
1048 0
72 7
179 0
72 4
11 0
72 4
1015 0
72 7
179 0
72 4
232 0
72 4
179 0
72 4
11 0
72 4
1048 0
72 7
1039 0
72 4
18 0
72 4
1048 0
72 4
11 0
72 4
1048 0
72 7
179 0
72 4
11 0
72 4
1015 0
72 7
179 0
72 4
232 0
72 4
179 0
72 4
11 0
72 4
1048 0
72 7
1039 0
72 4
18 0
72 4
1048 0
72 4
11 0
72 4
1048 0
72 7
179 0
72 4
11 0
72 4
1015 0
72 7
179 0
72 4
232 0
72 4
179 0
72 4
11 0
72 4
1048 0
72 7
1039 0
72 4
18 0
72 4
1048 0
72 4
11 0
72 4
1048 0
72 7
179 0
72 4
11 0
72 4
1015 0
72 7
179 0
72 4
232 0
72 4
179 0
72 4
11 0
72 4
1048 0
72 7
1015 0
72 4
18 0
72 4
1048 0
72 4
11 0
72 4
1048 0
72 7
179 0
72 4
11 0
72 4
1015 0
72 7
179 0
72 4
232 0
72 4
179 0
72 4
11 0
72 4
1048 0
72 7
1039 0
72 4
18 0
72 4
1048 0
72 4
11 0
72 4
1048 0
72 7
179 0
72 4
11 0
72 4
1015 0
72 7
179 0
72 4
232 0
72 4
179 0
72 4
11 0
72 4
1048 0
72 7
1015 0
72 4
18 0
72 4
1048 0
72 4
11 0
72 4
1048 0
72 7
179 0
72 4
11 0
72 4
1015 0
72 7
179 0
72 4
232 0
72 4
179 0
72 4
11 0
72 4
1048 0
72 7
1039 0
72 4
18 0
72 4
1048 0
72 4
11 0
72 4
1048 0
72 7
179 0
72 4
11 0
72 4
1015 0
72 7
179 0
72 4
232 0
72 4
179 0
72 4
11 0
72 4
1048 0
72 7
1039 0
72 4
18 0
72 4
1048 0
72 4
11 0
72 4
1048 0
72 7
179 0
72 4
11 0
72 4
1015 0
72 7
179 0
72 4
232 0
72 4
179 0
72 4
11 0
72 4
1048 0
72 7
1039 0
72 4
18 0
72 4
1048 0
72 4
11 0
72 4
1048 0
72 7
179 0
72 4
11 0
72 4
1015 0
72 7
179 0
72 4
232 0
72 4
179 0
72 4
11 0
72 4
1048 0
72 7
1015 0
72 4
18 0
72 4
1048 0
72 4
11 0
72 4
1048 0
72 7
179 0
72 4
11 0
72 4
1015 0
72 7
179 0
72 4
232 0
72 4
179 0
72 4
11 0
72 4
1048 0
72 7
1039 0
72 4
18 0
72 4
1048 0
72 4
11 0
72 4
1048 0
72 7
179 0
72 4
11 0
72 4
1015 0
72 7
179 0
72 4
232 0
72 4
179 0
72 4
11 0
72 4
1048 0
72 7
1039 0
72 4
18 0
72 4
1048 0
72 4
11 0
72 4
1048 0
72 7
179 0
72 4
11 0
72 4
1015 0
72 7
179 0
72 4
232 0
72 4
179 0
72 4
11 0
72 4
1048 0
72 7
1039 0
72 4
18 0
72 4
1048 0
72 4
11 0
72 4
1048 0
72 7
179 0
72 4
11 0
72 4
1015 0
72 7
179 0
72 4
232 0
72 4
179 0
72 4
11 0
72 4
1048 0
72 7
1039 0
72 4
18 0
72 4
1048 0
72 4
11 0
72 4
1048 0
72 7
179 0
72 4
11 0
72 4
1015 0
72 7
179 0
72 4
232 0
72 4
179 0
72 4
11 0
72 4
1048 0
72 7
1039 0
72 4
18 0
72 4
1048 0
72 4
11 0
72 4
1048 0
72 7
179 0
72 4
11 0
72 4
1015 0
72 7
179 0
72 4
232 0
72 4
179 0
72 4
11 0
72 4
1048 0
72 7
1039 0
72 4
18 0
72 4
1048 0
72 4
11 0
72 4
1048 0
72 7
179 0
72 4
11 0
72 4
1015 0
72 7
179 0
72 4
232 0
72 4
179 0
72 4
11 0
72 4
1048 0
72 7
1039 0
72 4
18 0
72 4
1048 0
72 4
11 0
72 4
1048 0
72 7
179 0
72 4
11 0
72 4
1015 0
72 7
179 0
72 4
232 0
72 4
179 0
72 4
11 0
72 4
1048 0
72 7
1039 0
72 4
18 0
72 4
1048 0
72 4
11 0
72 13
72 13
E
S
H
72 4
54 4
72 14
47 4
72 11
49 4
72 4
50 4
72 7
57 4
72 7
54 4
72 14
52 4
50 4
49 4
72 11
47 4
72 4
49 4
72 7
50 4
72 7
54 4
72 14
54 4
72 14
52 4
54 4
55 4
72 7
54 4
72 7
50 4
72 13
54 4
72 7
52 4
72 7
50 4
72 4
52 4
72 7
54 4
72 7
54 4
72 14
52 4
54 4
58 4
72 7
54 4
72 7
52 4
72 13
54 4
72 7
52 4
72 7
50 4
72 4
46 4
72 7
52 4
72 7
50 4
72 14
52 4
54 4
55 4
72 11
57 4
72 4
59 4
72 7
62 4
72 7
62 4
72 12
57 4
55 4
54 4
72 7
52 4
72 7
54 4
72 4
54 4
72 14
47 4
72 11
49 4
72 4
50 4
72 7
57 4
72 7
54 4
72 14
52 4
50 4
49 4
72 11
47 4
72 4
49 4
72 7
50 4
72 7
54 4
72 14
54 4
72 14
52 4
54 4
55 4
72 7
54 4
72 7
50 4
72 13
54 4
72 7
52 4
72 7
50 4
72 4
52 4
72 7
54 4
72 7
54 4
72 14
52 4
54 4
58 4
72 7
54 4
72 7
52 4
72 13
54 4
72 7
52 4
72 7
50 4
72 4
46 4
72 7
52 4
72 7
50 4
72 14
52 4
54 4
55 4
72 11
57 4
72 4
59 4
72 7
62 4
72 7
62 4
72 12
57 4
55 4
54 4
72 7
52 4
72 7
54 4
72 13
72 13
E
S
H
72 9
54 4
72 14
47 4
72 11
49 4
72 4
50 4
72 7
57 4
72 7
54 4
72 14
52 4
50 4
49 4
72 11
47 4
72 4
49 4
72 7
50 4
72 7
54 4
72 14
54 4
72 14
52 4
54 4
55 4
72 7
54 4
72 7
50 4
72 13
54 4
72 7
52 4
72 7
50 4
72 4
52 4
72 7
54 4
72 7
54 4
72 14
52 4
54 4
58 4
72 7
54 4
72 7
52 4
72 13
54 4
72 7
52 4
72 7
50 4
72 4
46 4
72 7
52 4
72 7
50 4
72 14
52 4
54 4
55 4
72 11
57 4
72 4
59 4
72 7
62 4
72 7
62 4
72 12
57 4
55 4
54 4
72 7
52 4
72 11
54 4
72 14
47 4
72 11
49 4
72 4
50 4
72 7
57 4
72 7
54 4
72 14
52 4
50 4
49 4
72 11
47 4
72 4
49 4
72 7
50 4
72 7
54 4
72 14
54 4
72 14
52 4
54 4
55 4
72 7
54 4
72 7
50 4
72 13
54 4
72 7
52 4
72 7
50 4
72 4
52 4
72 7
54 4
72 7
54 4
72 14
52 4
54 4
58 4
72 7
54 4
72 7
52 4
72 13
54 4
72 7
52 4
72 7
50 4
72 4
46 4
72 7
52 4
72 7
50 4
72 14
52 4
54 4
55 4
72 11
57 4
72 4
59 4
72 7
62 4
72 7
62 4
72 12
57 4
55 4
54 4
72 7
52 4
72 7
54 4
72 12
72 13
E
X
