minor
S
L
19 7
72 4
19 11
21 7
72 4
21 11
22 7
72 4
22 11
24 7
72 4
24 11
19 7
72 4
19 11
21 7
72 4
21 11
22 7
72 4
22 11
24 7
72 4
24 11
19 9
19 4
22 4
21 4
17 4
19 11
22 4
19 4
19 4
19 4
26 4
22 4
19 4
25 4
22 4
19 4
24 4
19 7
17 4
19 12
19 9
19 4
22 4
21 4
17 4
19 11
22 4
19 4
19 4
19 4
26 4
22 4
19 4
25 4
22 4
19 4
24 4
19 7
17 4
19 12
19 9
19 4
22 4
21 4
17 4
19 11
22 4
19 4
19 4
19 4
26 4
22 4
19 4
25 4
22 4
19 4
24 4
19 7
17 4
19 12
19 9
19 4
22 4
21 4
17 4
19 11
22 4
19 4
19 4
19 4
26 4
22 4
19 4
25 4
22 4
19 4
24 4
19 7
17 4
19 12
24 11
26 11
27 11
29 11
31 11
33 11
34 11
35 11
36 11
38 11
39 11
41 11
38 9
37 9
36 9
34 9
31 4
29 4
26 4
29 4
19 7
72 4
19 11
21 7
72 4
21 11
22 7
72 4
22 11
24 7
72 4
24 11
19 7
72 4
19 11
21 7
72 4
21 11
22 7
72 4
22 11
24 7
72 4
24 11
19 9
19 4
22 4
21 4
17 4
19 11
22 4
19 4
19 4
19 4
26 4
22 4
19 4
25 4
22 4
19 4
24 4
19 7
17 4
19 12
19 9
19 4
22 4
21 4
17 4
19 11
22 4
19 4
19 4
19 4
26 4
22 4
19 4
25 4
22 4
19 4
24 4
19 7
17 4
19 12
19 9
19 4
22 4
21 4
17 4
19 11
22 4
19 4
19 4
19 4
26 4
22 4
19 4
25 4
22 4
19 4
24 4
19 7
17 4
19 12
19 9
19 4
22 4
21 4
17 4
19 11
22 4
19 4
19 4
19 4
26 4
22 4
19 4
25 4
22 4
19 4
24 4
19 7
17 4
19 12
24 11
26 11
27 11
29 11
31 11
33 11
34 11
35 11
36 11
38 11
39 11
41 11
38 9
37 9
36 9
34 9
31 4
29 4
26 4
29 4
E
S
L
184 4
18 4
175 4
18 4
184 4
184 4
175 4
18 4
184 4
18 4
175 4
18 4
184 4
184 4
175 4
18 4
184 4
18 4
175 4
18 4
184 4
184 4
175 4
18 4
184 4
18 4
175 4
18 4
184 4
184 4
175 4
18 4
184 4
18 4
175 4
18 4
184 4
184 4
175 4
18 4
184 4
18 4
175 4
18 4
184 4
184 4
175 4
18 4
184 4
18 4
175 4
18 4
184 4
184 4
175 4
18 4
184 4
18 4
175 4
18 4
184 4
184 4
175 4
18 4
184 4
18 4
175 4
18 4
184 4
184 4
175 4
18 4
184 4
18 4
175 4
18 4
184 4
184 4
175 4
18 4
184 4
18 4
175 4
18 4
184 4
184 4
175 4
18 4
184 4
18 4
175 4
18 4
184 4
184 4
175 4
18 4
184 4
18 4
175 4
18 4
184 4
184 4
175 4
18 4
184 4
18 4
175 4
18 4
184 4
184 4
175 4
18 4
184 4
18 4
175 4
18 4
184 4
184 4
175 4
18 4
184 4
18 4
175 4
18 4
184 4
184 4
175 4
18 4
184 4
18 4
175 4
18 4
184 4
184 4
175 4
18 4
184 4
18 4
175 4
18 4
184 4
184 4
175 4
18 4
184 4
18 4
175 4
18 4
184 4
184 4
175 4
18 4
184 4
18 4
175 4
18 4
184 4
184 4
175 4
18 4
184 4
18 4
175 4
18 4
184 4
184 4
175 4
18 4
184 4
18 4
175 4
18 4
184 4
184 4
175 4
18 4
184 4
18 4
175 4
18 4
184 4
184 4
175 4
18 4
184 4
18 4
175 4
18 4
184 4
184 4
175 4
18 4
184 4
18 4
175 4
18 4
184 4
184 4
175 4
18 4
184 4
18 4
175 4
18 4
184 4
184 4
175 4
18 4
184 4
18 4
175 4
18 4
184 4
184 4
175 4
18 4
184 4
18 4
175 4
18 4
184 4
184 4
175 4
18 4
184 4
18 4
175 4
18 4
184 4
184 4
175 4
18 4
184 4
18 4
175 4
18 4
184 4
184 4
175 4
18 4
184 4
18 4
175 4
18 4
184 4
184 4
175 4
18 4
184 4
18 4
175 4
18 4
184 4
184 4
175 4
18 4
184 4
18 4
175 4
18 4
184 4
184 4
175 4
18 4
184 4
18 4
175 4
18 4
184 4
184 4
175 4
18 4
184 4
18 4
175 4
18 4
184 4
184 4
175 4
18 4
184 4
18 4
175 4
18 4
184 4
184 4
175 4
18 4
184 4
18 4
175 4
18 4
184 4
184 4
175 4
18 4
184 4
18 4
175 4
18 4
184 4
184 4
175 4
18 4
184 4
18 4
175 4
18 4
184 4
184 4
175 4
18 4
184 4
18 4
175 4
18 4
184 4
184 4
175 4
18 4
184 4
18 4
175 4
18 4
184 4
184 4
175 4
18 4
184 4
18 4
175 4
18 4
184 4
184 4
175 4
18 4
184 4
18 4
175 4
18 4
184 4
184 4
175 4
18 4
184 4
18 4
175 4
18 4
184 4
184 4
175 4
18 4
184 4
18 4
175 4
18 4
184 4
184 4
175 4
18 4
184 4
18 4
175 4
18 4
184 4
184 4
175 4
18 4
184 4
18 4
175 4
18 4
184 4
184 4
175 4
18 4
184 4
18 4
175 4
18 4
184 4
184 4
175 4
18 4
184 4
18 4
175 4
18 4
184 4
184 4
175 4
18 4
184 4
18 4
175 4
18 4
184 4
184 4
175 4
18 4
184 4
18 4
175 4
18 4
184 4
184 4
175 4
18 4
184 4
18 4
175 4
18 4
184 4
184 4
175 4
18 4
184 4
18 4
175 4
18 4
184 4
184 4
175 4
18 4
184 4
18 4
175 4
18 4
184 4
184 4
175 4
18 4
184 4
18 4
175 4
18 4
184 4
184 4
175 4
18 4
184 4
18 4
175 4
18 4
184 4
184 4
175 4
18 4
184 4
18 4
175 4
18 4
184 4
184 4
175 4
18 4
184 4
18 4
175 4
18 4
184 4
184 4
175 4
18 4
184 4
18 4
175 4
18 4
184 4
184 4
175 4
18 4
184 4
18 4
175 4
18 4
184 4
184 4
175 4
18 4
184 4
18 4
175 4
18 4
184 4
184 4
175 4
18 4
184 4
18 4
175 4
18 4
184 4
184 4
175 4
18 4
184 4
18 4
175 4
18 4
184 4
184 4
175 4
18 4
184 4
18 4
175 4
18 4
184 4
184 4
175 4
18 4
E
S
L
72 14
14 2
14 2
14 2
14 2
14 2
14 2
14 2
14 2
72 14
14 2
14 2
14 2
14 2
14 2
14 2
14 2
14 2
72 14
14 2
14 2
14 2
14 2
14 2
14 2
14 2
14 2
72 14
14 2
14 2
14 2
14 2
14 2
14 2
14 2
14 2
72 14
14 2
14 2
14 2
14 2
14 2
14 2
14 2
14 2
72 14
14 2
14 2
14 2
14 2
14 2
14 2
14 2
14 2
72 14
14 2
14 2
14 2
14 2
14 2
14 2
14 2
14 2
72 14
14 2
14 2
14 2
14 2
14 2
14 2
14 2
14 2
72 14
14 2
14 2
14 2
14 2
14 2
14 2
14 2
14 2
72 14
14 2
14 2
14 2
14 2
14 2
14 2
14 2
14 2
72 14
14 2
14 2
14 2
14 2
14 2
14 2
14 2
14 2
72 14
14 2
14 2
14 2
14 2
14 2
14 2
14 2
14 2
72 14
14 2
14 2
14 2
14 2
14 2
14 2
14 2
14 2
72 14
14 2
14 2
14 2
14 2
14 2
14 2
14 2
14 2
72 14
14 2
14 2
14 2
14 2
14 2
14 2
14 2
14 2
72 14
14 2
14 2
14 2
14 2
14 2
14 2
14 2
14 2
E
S
H
72 14
46 2
43 2
46 2
43 2
46 2
43 2
46 2
43 2
46 2
43 2
46 2
43 2
46 2
43 2
46 2
43 2
46 2
43 2
46 2
43 2
46 2
43 2
46 2
43 2
46 2
43 2
46 2
43 2
46 2
43 2
46 2
43 2
46 2
43 2
46 2
43 2
46 2
43 2
46 2
43 2
46 2
43 2
46 2
43 2
46 2
43 2
46 2
43 2
46 2
43 2
46 2
43 2
46 2
43 2
46 2
43 2
45 2
42 2
45 2
42 2
44 2
41 2
44 2
41 2
72 14
46 2
43 2
46 2
43 2
46 2
43 2
46 2
43 2
46 2
43 2
46 2
43 2
46 2
43 2
46 2
43 2
46 2
43 2
46 2
43 2
46 2
43 2
46 2
43 2
46 2
43 2
46 2
43 2
46 2
43 2
46 2
43 2
46 2
43 2
46 2
43 2
46 2
43 2
46 2
43 2
46 2
43 2
46 2
43 2
46 2
43 2
46 2
43 2
46 2
43 2
46 2
43 2
46 2
43 2
46 2
43 2
45 2
42 2
45 2
42 2
44 2
41 2
44 2
41 2
46 2
43 2
46 2
43 2
46 2
43 2
46 2
43 2
46 2
43 2
46 2
43 2
46 2
43 2
46 2
43 2
46 2
43 2
46 2
43 2
46 2
43 2
46 2
43 2
46 2
43 2
46 2
43 2
46 2
43 2
46 2
43 2
46 2
43 2
46 2
43 2
46 2
43 2
46 2
43 2
46 2
43 2
46 2
43 2
46 2
43 2
46 2
43 2
46 2
43 2
46 2
43 2
46 2
43 2
46 2
43 2
45 2
42 2
45 2
42 2
44 2
41 2
44 2
41 2
72 14
46 2
43 2
46 2
43 2
46 2
43 2
46 2
43 2
46 2
43 2
46 2
43 2
46 2
43 2
46 2
43 2
46 2
43 2
46 2
43 2
46 2
43 2
46 2
43 2
46 2
43 2
46 2
43 2
46 2
43 2
46 2
43 2
46 2
43 2
46 2
43 2
46 2
43 2
46 2
43 2
46 2
43 2
46 2
43 2
46 2
43 2
46 2
43 2
46 2
43 2
46 2
43 2
46 2
43 2
46 2
43 2
45 2
42 2
45 2
42 2
44 2
41 2
44 2
41 2
72 14
46 2
43 2
46 2
43 2
46 2
43 2
46 2
43 2
46 2
43 2
46 2
43 2
46 2
43 2
46 2
43 2
46 2
43 2
46 2
43 2
46 2
43 2
46 2
43 2
46 2
43 2
46 2
43 2
46 2
43 2
46 2
43 2
46 2
43 2
46 2
43 2
46 2
43 2
46 2
43 2
46 2
43 2
46 2
43 2
46 2
43 2
46 2
43 2
46 2
43 2
46 2
43 2
46 2
43 2
46 2
43 2
45 2
42 2
45 2
42 2
44 2
41 2
44 2
41 2
46 2
43 2
46 2
43 2
46 2
43 2
46 2
43 2
46 2
43 2
46 2
43 2
46 2
43 2
46 2
43 2
46 2
43 2
46 2
43 2
46 2
43 2
46 2
43 2
46 2
43 2
46 2
43 2
46 2
43 2
46 2
43 2
46 2
43 2
46 2
43 2
46 2
43 2
46 2
43 2
46 2
43 2
46 2
43 2
46 2
43 2
46 2
43 2
46 2
43 2
46 2
43 2
46 2
43 2
46 2
43 2
45 2
42 2
45 2
42 2
44 2
41 2
44 2
41 2
E
S
L
7 4
7 4
7 4
7 4
7 4
7 4
7 4
7 4
7 4
7 4
7 4
7 4
7 4
7 4
7 4
7 4
7 4
7 4
7 4
7 4
7 4
7 4
7 4
7 4
7 4
7 4
7 4
7 4
7 4
2 4
5 4
7 4
7 4
7 4
7 4
7 4
7 4
7 4
7 4
7 4
7 4
7 4
7 4
7 4
7 4
7 4
7 4
7 4
7 4
7 4
7 4
7 4
7 4
7 4
7 4
7 4
7 4
7 4
7 4
7 4
7 4
2 4
5 4
7 4
7 4
7 4
7 4
7 4
7 4
7 4
7 4
7 4
7 4
7 4
7 4
7 4
7 4
7 4
7 4
7 4
7 4
7 4
7 4
7 4
7 4
7 4
7 4
7 4
7 4
7 4
7 4
7 4
7 4
2 4
5 4
7 4
7 4
7 4
7 4
7 4
7 4
7 4
7 4
7 4
7 4
7 4
7 4
7 4
7 4
7 4
7 4
7 4
7 4
7 4
7 4
7 4
7 4
7 4
7 4
7 4
7 4
7 4
7 4
7 4
7 4
2 4
5 4
7 4
7 4
7 4
7 4
7 4
7 4
7 4
7 4
7 4
7 4
7 4
7 4
7 4
7 4
7 4
7 4
7 4
7 4
7 4
7 4
7 4
7 4
7 4
7 4
7 4
7 4
7 4
7 4
7 4
7 4
2 4
5 4
7 4
7 4
7 4
7 4
7 4
7 4
7 4
7 4
7 4
7 4
7 4
7 4
7 4
7 4
7 4
7 4
7 4
7 4
7 4
7 4
7 4
7 4
7 4
7 4
7 4
7 4
7 4
7 4
7 4
7 4
2 4
5 4
7 4
12 4
12 4
7 4
10 4
12 4
12 4
7 4
10 4
12 4
12 4
7 4
10 4
12 4
12 4
7 4
10 4
12 4
12 4
7 4
10 4
12 4
12 4
7 4
10 4
12 4
12 4
7 4
10 4
12 4
12 4
7 4
10 4
12 4
12 4
7 4
10 4
12 4
12 4
7 4
10 4
12 4
12 4
7 4
10 4
12 4
12 4
7 4
10 4
14 4
14 4
14 4
14 4
14 4
14 4
14 4
14 4
12 4
12 4
7 4
10 4
12 4
12 4
7 4
10 4
7 4
7 4
7 4
7 4
7 4
7 4
7 4
7 4
7 4
7 4
7 4
7 4
7 4
7 4
7 4
7 4
7 4
7 4
7 4
7 4
7 4
7 4
7 4
7 4
7 4
7 4
7 4
7 4
7 4
2 4
5 4
7 4
7 4
7 4
7 4
7 4
7 4
7 4
7 4
7 4
7 4
7 4
7 4
7 4
7 4
7 4
7 4
7 4
7 4
7 4
7 4
7 4
7 4
7 4
7 4
7 4
7 4
7 4
7 4
7 4
7 4
2 4
5 4
7 4
7 4
7 4
7 4
7 4
7 4
7 4
7 4
7 4
7 4
7 4
7 4
7 4
7 4
7 4
7 4
7 4
7 4
7 4
7 4
7 4
7 4
7 4
7 4
7 4
7 4
7 4
7 4
7 4
7 4
2 4
5 4
7 4
7 4
7 4
7 4
7 4
7 4
7 4
7 4
7 4
7 4
7 4
7 4
7 4
7 4
7 4
7 4
7 4
7 4
7 4
7 4
7 4
7 4
7 4
7 4
7 4
7 4
7 4
7 4
7 4
7 4
2 4
5 4
7 4
7 4
7 4
7 4
7 4
7 4
7 4
7 4
7 4
7 4
7 4
7 4
7 4
7 4
7 4
7 4
7 4
7 4
7 4
7 4
7 4
7 4
7 4
7 4
7 4
7 4
7 4
7 4
7 4
7 4
2 4
5 4
7 4
7 4
7 4
7 4
7 4
7 4
7 4
7 4
7 4
7 4
7 4
7 4
7 4
7 4
7 4
7 4
7 4
7 4
7 4
7 4
7 4
7 4
7 4
7 4
7 4
7 4
7 4
7 4
7 4
7 4
2 4
5 4
7 4
12 4
12 4
7 4
10 4
12 4
12 4
7 4
10 4
12 4
12 4
7 4
10 4
12 4
12 4
7 4
10 4
12 4
12 4
7 4
10 4
12 4
12 4
7 4
10 4
12 4
12 4
7 4
10 4
12 4
12 4
7 4
10 4
12 4
12 4
7 4
10 4
12 4
12 4
7 4
10 4
12 4
12 4
7 4
10 4
12 4
12 4
7 4
10 4
14 4
14 4
14 4
14 4
14 4
14 4
14 4
14 4
12 4
12 4
7 4
10 4
12 4
12 4
7 4
10 4
E
X
