major
S
H
72 7
72 12
43 6
41 4
72 0
39 2
38 4
39 4
41 4
43 6
39 5
72 2
46 7
44 4
43 6
41 4
72 0
39 2
72 0
38 4
39 4
72 1
41 4
36 12
43 6
41 4
72 0
39 2
72 0
38 4
39 4
72 1
41 4
43 6
39 5
72 2
46 7
44 4
43 6
41 4
72 0
39 2
72 0
38 4
39 4
41 4
43 13
72 5
43 7
44 4
41 13
72 4
39 4
41 2
43 12
46 4
72 4
44 3
72 5
43 4
39 4
41 12
38 11
34 4
36 11
72 4
36 4
34 4
32 5
31 4
32 5
34 4
36 10
38 9
34 12
36 12
36 12
36 13
E
S
H
72 7
72 14
60 2
72 0
58 2
53 2
48 2
58 2
72 0
57 2
72 0
53 2
48 2
46 2
72 0
45 2
72 0
41 2
36 2
41 7
72 14
56 2
51 2
63 2
72 0
60 2
56 2
51 2
48 2
72 0
44 2
72 0
39 2
36 2
72 7
65 2
72 0
62 2
58 2
53 2
50 2
72 0
46 2
41 2
38 2
72 13
68 2
67 2
63 2
72 0
60 2
56 2
55 2
51 2
72 0
48 2
72 0
44 2
43 2
39 2
72 0
32 2
72 14
56 2
51 2
63 2
72 0
60 2
72 0
56 2
51 2
48 2
72 0
44 2
72 0
39 2
36 2
72 7
65 2
72 0
62 2
72 0
58 2
53 2
50 2
72 0
46 2
41 2
38 2
72 13
39 12
41 12
39 12
41 13
E
S
L
72 7
72 14
63 2
60 2
56 2
72 0
51 2
72 0
48 2
44 2
72 10
58 2
53 2
50 2
72 0
46 2
41 2
38 2
34 2
72 0
29 6
72 13
56 2
72 0
55 2
72 0
51 2
48 2
44 2
72 0
43 2
72 0
39 2
36 2
32 2
72 0
31 2
27 2
24 2
72 14
63 2
60 2
56 2
72 0
51 2
72 0
48 2
44 2
72 10
58 2
53 2
50 2
72 0
46 2
41 2
38 2
34 2
72 0
29 5
72 11
32 12
34 12
32 12
34 13
E
S
L
72 7
72 12
541 6
72 7
516 4
72 6
541 6
72 7
843 9
541 6
72 7
516 4
72 6
541 11
72 4
541 6
72 7
516 4
72 6
541 6
72 7
843 7
72 3
541 6
72 7
516 4
E
S
H
72 7
72 14
32 13
39 13
43 12
44 4
48 4
51 4
55 12
72 4
38 7
41 4
46 4
50 4
53 4
46 12
58 11
32 13
39 13
43 4
44 4
48 5
51 4
55 12
72 4
41 12
46 4
50 4
46 4
58 4
53 4
72 11
32 13
39 13
43 4
44 4
46 4
48 4
55 4
72 4
31 13
38 13
41 4
43 4
46 3
50 4
53 4
55 4
72 3
29 12
36 11
41 4
72 6
36 11
41 4
29 13
36 13
41 4
48 4
53 2
E
X
