minor
S
H
72 7
72 12
55 7
53 2
52 2
50 2
52 2
53 4
52 4
48 7
72 13
55 7
53 2
52 2
50 2
52 2
53 4
52 4
48 7
72 13
55 7
53 2
52 2
50 2
52 2
53 4
52 4
48 7
72 13
55 7
53 2
52 2
50 2
52 2
53 4
52 4
48 7
72 13
55 7
53 2
52 2
50 2
52 2
53 4
52 4
48 7
72 13
55 7
53 2
52 2
50 2
52 2
53 4
52 4
48 7
E
S
H
72 7
72 13
185 4
72 4
185 4
72 4
149 4
72 4
149 4
72 13
189 4
72 4
189 4
72 4
149 4
72 4
149 4
72 4
68 2
67 2
65 2
63 2
60 2
56 2
58 4
62 4
70 4
72 7
185 4
72 4
185 4
72 4
149 4
72 4
149 4
72 13
189 4
72 4
189 4
72 4
149 4
72 4
149 4
72 4
68 2
67 2
65 2
63 2
60 2
56 2
58 4
62 4
70 4
72 7
185 4
72 4
185 4
72 4
149 4
72 4
149 4
72 13
189 4
72 4
189 4
72 4
149 4
72 4
149 4
72 4
68 2
67 2
65 2
63 2
60 2
56 2
58 4
62 4
70 4
72 4
24 13
E
S
H
72 7
72 12
36 11
46 11
43 7
39 7
38 7
34 7
36 11
46 11
39 11
41 11
36 11
46 11
43 7
39 7
38 7
34 7
36 11
46 11
39 11
41 11
36 11
46 11
43 7
39 7
38 7
34 7
36 11
46 11
39 11
41 11
36 13
E
S
H
72 7
72 12
36 11
46 11
43 7
39 7
38 7
34 7
36 11
46 11
39 11
41 11
36 11
46 11
43 7
39 7
38 7
34 7
36 11
46 11
39 11
41 11
36 11
46 11
43 7
39 7
38 7
34 7
36 11
46 11
39 11
41 11
36 13
E
S
L
72 7
72 12
12 4
12 4
19 4
24 2
72 2
12 4
12 4
19 4
22 4
8 0
72 4
8 4
15 4
20 4
10 0
72 4
10 4
17 4
22 4
12 4
12 4
19 4
24 2
72 2
12 4
12 4
19 4
22 4
8 4
8 2
72 2
15 4
20 2
72 2
10 4
10 4
17 4
22 4
12 4
12 4
19 4
24 2
72 2
12 4
12 4
19 4
22 4
8 0
72 4
8 4
15 4
20 4
10 0
72 4
10 4
17 4
22 4
12 4
12 4
19 4
24 2
72 2
12 4
12 4
19 4
22 4
8 4
8 2
72 2
15 4
20 2
72 2
10 4
10 4
17 4
22 4
12 4
12 4
19 4
24 2
72 2
12 4
12 4
19 4
22 4
8 0
72 4
8 4
15 4
20 4
10 0
72 4
10 4
17 4
22 4
12 4
12 4
19 4
24 2
72 2
12 4
12 4
19 4
22 4
8 4
8 2
72 2
15 4
20 2
72 2
10 4
10 4
17 4
22 4
E
S
L
72 7
72 14
24 2
24 0
72 2
24 2
24 2
24 2
24 2
24 2
72 0
24 2
72 1
24 2
24 2
72 2
24 2
72 2
24 3
72 1
24 2
E
X
