major
S
H
43 3
40 3
72 0
45 3
40 3
72 1
43 3
43 3
72 1
43 3
72 4
43 3
40 3
72 0
45 3
40 3
72 1
41 3
41 3
72 1
41 3
72 4
41 3
38 3
72 0
43 3
38 3
72 1
41 3
41 3
72 1
41 3
72 4
45 3
48 3
72 0
47 3
45 3
72 1
43 3
72 4
43 3
72 4
43 3
40 3
72 0
45 3
40 3
72 1
43 3
43 3
72 1
43 3
72 4
43 3
40 3
72 0
45 3
40 3
72 1
38 3
72 4
38 3
72 4
38 3
72 4
43 3
47 3
72 1
48 3
48 3
72 1
48 3
72 4
50 3
48 3
72 0
47 3
45 3
72 1
43 3
72 4
43 3
E
S
L
160 2
72 4
16 2
72 4
11 2
72 4
16 2
72 4
11 2
72 4
16 2
72 4
11 2
72 4
16 2
72 4
160 2
72 4
16 2
72 4
11 2
72 4
16 2
72 4
11 2
72 4
16 2
72 4
11 2
72 4
16 2
72 4
160 2
72 4
16 2
72 4
11 2
72 4
16 2
72 4
11 2
72 4
16 2
72 4
11 2
72 4
11 2
72 4
11 2
72 4
11 2
72 4
11 2
72 4
16 2
72 4
11 2
72 4
16 2
72 4
11 2
72 4
16 2
E
S
L
31 9
31 9
31 9
31 9
29 9
29 9
35 9
35 9
31 9
31 9
31 9
26 9
26 9
36 9
36 9
31 9
E
X
