minor
S
H
72 2
36 2
36 4
36 4
40 4
40 7
40 4
28 2
72 2
28 2
72 2
28 2
72 2
28 2
72 2
28 2
72 2
28 2
72 2
28 2
31 6
28 2
72 2
28 2
72 2
28 2
72 2
28 2
72 2
28 2
72 2
28 2
72 2
28 2
33 6
28 2
72 2
28 2
72 2
28 2
72 2
28 2
72 2
28 2
72 2
28 2
72 2
28 2
31 6
28 2
72 2
28 2
72 2
28 2
72 2
28 2
72 2
28 2
72 6
47 4
45 4
72 4
47 4
45 4
72 4
47 4
72 4
45 4
47 4
50 9
48 7
72 4
47 4
45 4
72 4
47 4
45 4
72 4
47 4
72 4
45 4
47 4
48 9
50 7
72 4
47 4
45 4
72 4
47 4
45 4
72 4
47 4
72 4
45 4
47 4
50 9
48 7
72 4
47 4
45 4
72 4
47 4
45 4
72 4
50 4
72 4
52 4
72 4
45 4
45 4
47 4
50 4
52 4
72 4
47 4
45 4
72 4
47 4
45 4
72 4
47 4
72 4
45 4
47 4
50 9
48 7
72 4
47 4
45 4
72 4
47 4
45 4
72 4
47 4
72 4
45 4
47 4
48 9
50 7
72 4
47 4
45 4
72 4
47 4
45 4
72 4
47 4
72 4
45 4
47 4
50 9
48 7
72 4
47 4
45 4
72 4
47 4
45 4
72 4
50 4
72 4
52 4
72 4
45 4
45 4
47 4
50 4
52 4
E
S
L
72 14
28 6
72 12
28 6
72 12
28 6
72 11
28 2
72 2
28 2
72 2
28 2
72 2
28 2
72 2
28 2
72 2
28 2
72 2
28 2
72 2
28 2
72 2
28 2
72 2
28 2
72 2
28 2
72 2
31 2
72 6
31 2
72 2
29 2
72 2
29 2
72 2
28 2
72 2
28 2
72 2
28 2
72 2
28 2
72 2
28 2
72 2
28 2
72 2
28 2
72 2
28 2
72 2
28 2
72 2
28 2
72 2
28 2
72 2
33 2
72 6
33 2
72 2
35 2
72 2
35 2
72 2
28 2
72 2
28 2
72 2
28 2
72 2
28 2
72 2
28 2
72 2
28 2
72 2
28 2
72 2
28 2
72 2
28 2
72 2
28 2
72 2
28 2
72 2
31 2
72 6
31 2
72 2
29 2
72 2
29 2
72 2
28 2
72 2
28 2
72 2
28 2
72 2
28 2
72 2
28 2
72 2
28 2
72 2
28 2
72 2
33 2
72 6
35 2
72 6
28 2
72 2
28 2
72 2
30 2
72 2
33 2
72 2
35 2
72 2
28 2
72 2
28 2
72 2
28 2
72 2
28 2
72 2
28 2
72 2
28 2
72 2
28 2
72 2
28 2
72 2
28 2
72 2
28 2
72 2
28 2
72 2
31 2
72 6
31 2
72 2
29 2
72 2
29 2
72 2
28 2
72 2
28 2
72 2
28 2
72 2
28 2
72 2
28 2
72 2
28 2
72 2
28 2
72 2
28 2
72 2
28 2
72 2
28 2
72 2
28 2
72 2
33 2
72 6
33 2
72 2
35 2
72 2
35 2
72 2
28 2
72 2
28 2
72 2
28 2
72 2
28 2
72 2
28 2
72 2
28 2
72 2
28 2
72 2
28 2
72 2
28 2
72 2
28 2
72 2
28 2
72 2
31 2
72 6
31 2
72 2
29 2
72 2
29 2
72 2
28 2
72 2
28 2
72 2
28 2
72 2
28 2
72 2
28 2
72 2
28 2
72 2
28 2
72 2
33 2
72 6
35 2
72 6
28 2
72 2
28 2
72 2
30 2
72 2
33 2
72 2
35 2
E
S
L
72 12
18 0
72 4
18 0
72 4
14 0
72 4
18 0
72 4
18 0
72 4
18 0
72 4
18 0
72 2
14 0
72 6
18 0
72 4
18 0
72 4
14 0
72 4
18 0
72 4
18 0
72 4
18 0
72 4
18 0
72 2
14 0
72 6
18 0
72 4
18 0
72 4
14 0
72 4
18 0
72 4
18 0
72 4
18 0
72 4
18 0
72 2
14 0
72 6
18 0
72 4
18 0
72 4
18 0
72 4
18 0
72 4
18 0
72 4
18 0
72 4
14 0
72 4
18 0
72 4
14 0
72 4
18 0
72 4
14 0
72 4
18 0
72 4
14 0
72 4
18 0
72 4
14 0
72 4
18 0
72 4
14 0
72 4
18 0
72 4
14 0
72 4
18 0
72 4
14 0
72 4
18 0
72 4
14 0
72 4
18 0
72 4
14 0
72 4
18 0
72 4
14 0
72 4
18 0
72 4
14 0
72 4
18 0
72 4
14 0
72 4
18 0
72 4
14 0
72 4
18 0
72 4
14 0
72 4
18 0
72 4
14 0
72 4
18 0
72 4
14 0
72 4
18 0
72 4
14 0
72 4
18 0
72 4
14 0
72 4
18 0
72 4
14 0
72 4
18 0
72 4
14 0
72 4
18 0
72 4
14 0
72 4
18 0
72 4
14 0
72 4
18 0
72 4
14 0
72 4
18 0
72 4
14 0
72 4
18 0
72 4
14 0
72 4
18 0
72 4
14 0
72 4
18 0
72 4
14 0
72 4
18 0
72 4
14 0
72 4
18 0
72 4
14 0
72 4
18 0
72 4
14 0
72 4
18 0
72 4
14 0
72 4
18 0
72 4
14 0
72 4
18 0
72 4
14 0
72 4
18 0
72 4
14 0
72 4
18 0
72 4
14 0
72 4
18 0
72 4
14 0
72 4
18 0
72 4
14 0
72 4
18 0
72 4
14 0
72 4
18 0
72 4
14 0
72 4
18 0
72 4
14 0
72 4
18 0
72 4
14 0
72 4
18 0
72 4
14 0
72 4
18 0
72 4
14 0
72 4
18 0
72 4
14 0
72 4
18 0
72 4
14 0
72 4
18 0
72 4
14 0
72 4
18 0
72 4
14 0
72 4
18 0
72 4
14 0
72 4
18 0
72 4
14 0
72 4
18 0
72 4
14 0
72 4
18 0
72 4
14 0
72 4
18 0
72 4
14 0
72 4
18 0
72 4
14 0
72 4
18 0
72 4
14 0
72 4
18 0
72 4
14 0
72 4
18 0
72 4
14 0
72 4
18 0
72 4
14 0
72 4
18 0
72 4
14 0
72 4
18 0
72 4
14 0
72 4
18 0
72 4
14 0
72 4
18 0
72 4
14 0
72 4
18 0
72 4
14 0
72 4
18 0
72 4
14 0
E
X
