minor
S
H
72 11
45 4
43 4
72 4
45 4
43 4
72 4
45 4
72 4
45 4
43 4
48 9
46 7
72 4
45 4
43 4
72 4
45 4
43 4
72 4
45 4
72 4
45 4
43 4
46 9
48 7
72 4
45 4
43 4
72 4
45 4
43 4
72 4
45 4
72 4
45 4
43 4
48 9
46 7
72 4
45 4
43 4
72 4
45 4
43 4
72 4
48 4
72 4
50 4
72 4
41 4
43 4
45 4
48 4
50 4
72 4
45 4
43 4
72 4
45 4
43 4
72 4
45 4
72 4
45 4
43 4
48 9
46 7
72 4
45 4
43 4
72 4
45 4
43 4
72 4
45 4
72 4
45 4
43 4
46 9
48 7
72 4
45 4
43 4
72 4
45 4
43 4
72 4
45 4
72 4
45 4
43 4
48 9
46 7
72 4
45 4
43 4
72 4
45 4
43 4
72 4
48 4
72 4
50 4
72 4
41 4
43 4
45 4
48 4
50 4
46 4
53 4
48 4
46 4
53 4
46 4
48 4
46 4
48 4
55 4
50 4
48 4
55 4
48 4
50 4
48 4
50 4
57 4
53 4
62 4
57 4
50 4
53 4
57 4
62 4
58 4
60 4
57 4
58 4
55 4
57 4
53 4
46 4
53 4
48 4
46 4
53 4
46 4
48 4
46 4
48 4
55 4
50 4
48 4
55 4
48 4
50 4
48 4
50 4
57 4
53 4
62 4
57 4
50 4
53 4
57 4
53 4
53 4
52 4
53 4
54 4
55 4
56 4
57 4
72 4
45 4
43 4
72 4
45 4
43 4
72 4
45 4
72 4
45 4
43 4
48 9
46 7
72 4
45 4
43 4
72 4
45 4
43 4
72 4
45 4
72 4
45 4
43 4
46 9
48 7
72 4
45 4
43 4
72 4
45 4
43 4
72 4
45 4
72 4
45 4
43 4
48 9
46 7
72 4
45 4
43 4
72 4
45 4
43 4
72 4
48 4
72 4
50 4
72 4
41 4
43 4
45 4
48 4
50 4
72 4
45 4
43 4
72 4
45 4
43 4
72 4
45 4
72 4
45 4
43 4
48 9
46 7
72 4
45 4
43 4
72 4
45 4
43 4
72 4
45 4
72 4
45 4
43 4
46 9
48 7
72 4
45 4
43 4
72 4
45 4
43 4
72 4
45 4
72 4
45 4
43 4
48 9
46 7
72 4
45 4
43 4
72 4
45 4
43 4
72 4
48 4
72 4
50 4
72 4
41 4
43 4
45 4
48 4
50 4
46 4
46 4
53 4
48 4
46 4
53 4
46 4
48 4
46 4
48 4
55 4
50 4
48 4
55 4
48 4
50 4
48 4
50 4
57 4
53 4
50 4
57 4
53 4
57 4
57 4
62 4
58 4
60 4
57 4
58 4
55 4
57 4
53 4
46 4
53 4
48 4
46 4
53 4
46 4
48 4
46 4
48 4
55 4
50 4
48 4
55 4
48 4
50 4
48 4
50 4
57 4
53 4
50 4
57 4
53 4
57 4
48 2
43 2
46 2
48 2
43 2
46 2
48 2
43 2
46 2
48 2
43 2
46 2
48 2
43 2
46 2
48 2
48 13
72 4
43 2
45 2
46 2
48 4
53 4
51 4
48 4
46 4
48 4
51 0
58 6
72 2
56 7
55 2
56 2
55 2
51 2
46 4
44 4
43 4
39 4
43 0
48 10
72 2
41 4
44 4
46 4
44 2
46 2
48 4
46 2
48 2
49 2
48 2
49 2
51 2
53 2
55 2
56 2
58 2
60 2
61 2
56 2
53 2
60 2
56 2
53 2
61 2
56 2
53 2
63 2
56 2
53 2
61 2
56 2
53 2
60 2
56 2
53 2
61 2
56 2
53 2
63 2
56 2
53 2
60 2
56 2
53 2
60 2
56 2
53 2
60 2
56 2
53 2
60 2
56 2
53 2
60 2
56 2
53 2
60 2
56 2
53 2
60 2
56 2
53 2
53 2
56 2
60 2
65 12
65 4
63 4
62 4
72 7
64 4
60 4
57 4
53 4
52 4
50 4
48 4
53 4
57 4
60 4
64 4
65 4
67 4
64 2
65 2
64 12
62 2
64 2
60 12
72 7
57 4
62 4
69 4
72 4
57 4
62 4
69 4
72 4
57 4
62 4
69 4
72 4
57 4
62 4
69 4
70 2
65 2
70 2
65 2
70 2
65 2
70 2
65 2
70 2
69 2
67 2
65 2
67 2
65 2
64 2
62 2
60 2
58 2
57 2
55 2
53 2
52 2
50 2
48 2
50 2
46 2
48 2
46 2
45 2
43 2
41 2
40 2
72 4
45 4
43 4
72 4
45 4
43 4
72 4
45 4
72 4
45 4
43 4
48 9
46 7
72 4
45 4
43 4
72 4
45 4
43 4
72 4
45 4
72 4
45 4
43 4
46 9
48 7
72 4
45 4
43 4
72 4
45 4
43 4
72 4
45 4
72 4
45 4
43 4
48 9
46 7
72 4
45 4
43 4
72 4
45 4
43 4
72 4
48 4
72 4
50 4
72 4
41 4
43 4
45 4
48 4
50 4
72 4
45 4
43 4
72 4
45 4
43 4
72 4
45 4
72 4
45 4
43 4
48 9
46 7
72 4
45 4
43 4
72 4
45 4
43 4
72 4
45 4
72 4
45 4
43 4
46 9
48 7
72 4
45 4
43 4
72 4
45 4
43 4
72 4
45 4
72 4
45 4
43 4
48 9
46 7
72 4
45 4
43 4
72 4
45 4
43 4
72 4
48 4
72 4
50 4
72 4
41 4
43 4
45 4
48 4
50 4
46 4
53 4
48 4
46 4
53 4
46 4
48 4
46 4
48 4
55 4
50 4
48 4
55 4
48 4
50 4
48 4
50 4
57 4
53 4
62 4
57 4
50 4
53 4
57 4
62 4
58 4
60 4
57 4
58 4
55 4
57 4
53 4
46 4
53 4
48 4
46 4
53 4
46 4
48 4
46 4
48 4
55 4
50 4
48 4
55 4
48 4
50 4
48 4
50 4
57 4
53 4
62 4
57 4
50 4
53 4
57 4
53 4
53 4
52 4
53 4
54 4
55 4
56 4
57 4
72 4
45 4
43 4
72 4
45 4
43 4
72 4
45 4
72 4
45 4
43 4
48 9
46 7
72 4
45 4
43 4
72 4
45 4
43 4
72 4
45 4
72 4
45 4
43 4
46 9
48 7
72 4
45 4
43 4
72 4
45 4
43 4
72 4
45 4
72 4
45 4
43 4
48 9
46 7
72 4
45 4
43 4
72 4
45 4
43 4
72 4
48 4
72 4
50 4
72 4
41 4
43 4
45 4
48 4
50 4
72 4
45 4
43 4
72 4
45 4
43 4
72 4
45 4
72 4
45 4
43 4
48 9
46 7
72 4
45 4
43 4
72 4
45 4
43 4
72 4
45 4
72 4
45 4
43 4
46 9
48 7
72 4
45 4
43 4
72 4
45 4
43 4
72 4
45 4
72 4
45 4
43 4
48 9
46 7
72 4
45 4
43 4
72 4
45 4
43 4
72 4
48 4
72 4
50 4
72 4
41 4
43 4
45 4
48 4
50 4
46 4
46 4
53 4
48 4
46 4
53 4
46 4
48 4
46 4
48 4
55 4
50 4
48 4
55 4
48 4
50 4
48 4
50 4
57 4
53 4
50 4
57 4
53 4
57 4
57 4
62 4
58 4
60 4
57 4
58 4
55 4
57 4
53 4
46 4
53 4
48 4
46 4
53 4
46 4
48 4
46 4
48 4
55 4
50 4
48 4
55 4
48 4
50 4
48 4
50 4
57 4
53 4
50 4
57 4
53 4
57 4
48 2
43 2
46 2
48 2
43 2
46 2
48 2
43 2
46 2
48 2
43 2
46 2
48 2
43 2
46 2
48 2
48 13
72 4
43 2
45 2
46 2
48 4
53 4
51 4
48 4
46 4
48 4
51 0
58 6
72 2
56 7
55 2
56 2
55 2
51 2
46 4
44 4
43 4
39 4
43 0
48 10
72 2
41 4
44 4
46 4
44 2
46 2
48 4
46 2
48 2
49 2
48 2
49 2
51 2
53 2
55 2
56 2
58 2
60 2
61 2
56 2
53 2
60 2
56 2
53 2
61 2
56 2
53 2
63 2
56 2
53 2
61 2
56 2
53 2
60 2
56 2
53 2
61 2
56 2
53 2
63 2
56 2
53 2
60 2
56 2
53 2
60 2
56 2
53 2
60 2
56 2
53 2
60 2
56 2
53 2
60 2
56 2
53 2
60 2
56 2
53 2
60 2
56 2
53 2
53 2
56 2
60 2
65 12
65 4
63 4
62 4
72 7
64 4
60 4
57 4
53 4
52 4
50 4
48 4
53 4
57 4
60 4
64 4
65 4
67 4
64 2
65 2
64 12
62 2
64 2
60 12
72 7
57 4
62 4
69 4
72 4
57 4
62 4
69 4
72 4
57 4
62 4
69 4
72 4
57 4
62 4
69 4
70 2
65 2
70 2
65 2
70 2
65 2
70 2
65 2
70 2
69 2
67 2
65 2
67 2
65 2
64 2
62 2
60 2
58 2
57 2
55 2
53 2
52 2
50 2
48 2
50 2
46 2
48 2
46 2
45 2
43 2
41 2
40 2
E
S
L
72 11
26 2
72 2
26 2
72 2
26 2
72 2
26 2
72 2
26 2
72 2
26 2
72 2
26 2
72 2
26 2
72 2
26 2
72 2
26 2
72 2
26 2
72 2
29 2
72 6
29 2
72 2
28 2
72 2
28 2
72 2
26 2
72 2
26 2
72 2
26 2
72 2
26 2
72 2
26 2
72 2
26 2
72 2
26 2
72 2
26 2
72 2
26 2
72 2
26 2
72 2
26 2
72 2
31 2
72 6
31 2
72 2
33 2
72 2
33 2
72 2
26 2
72 2
26 2
72 2
26 2
72 2
26 2
72 2
26 2
72 2
26 2
72 2
26 2
72 2
26 2
72 2
26 2
72 2
26 2
72 2
26 2
72 2
29 2
72 6
29 2
72 2
28 2
72 2
28 2
72 2
26 2
72 2
26 2
72 2
26 2
72 2
26 2
72 2
26 2
72 2
26 2
72 2
26 2
72 2
26 2
72 2
26 2
72 2
26 2
72 2
26 2
72 2
29 2
72 2
31 2
72 2
33 2
72 2
36 2
72 2
38 2
72 2
26 2
72 2
26 2
72 2
26 2
72 2
26 2
72 2
26 2
72 2
26 2
72 2
26 2
72 2
26 2
72 2
26 2
72 2
26 2
72 2
26 2
72 2
29 2
72 6
29 2
72 2
28 2
72 2
28 2
72 2
26 2
72 2
26 2
72 2
26 2
72 2
26 2
72 2
26 2
72 2
26 2
72 2
26 2
72 2
26 2
72 2
26 2
72 2
26 2
72 2
26 2
72 2
31 2
72 6
31 2
72 2
33 2
72 2
33 2
72 2
26 2
72 2
26 2
72 2
26 2
72 2
26 2
72 2
26 2
72 2
26 2
72 2
26 2
72 2
26 2
72 2
26 2
72 2
26 2
72 2
26 2
72 2
29 2
72 6
29 2
72 2
28 2
72 2
28 2
72 2
26 2
72 2
26 2
72 2
26 2
72 2
26 2
72 2
26 2
72 2
26 2
72 2
26 2
72 2
26 2
72 2
26 2
72 2
26 2
72 2
26 2
72 2
29 2
72 2
31 2
72 2
33 2
72 2
36 2
72 2
38 2
72 2
22 2
72 2
22 2
72 2
22 2
72 2
22 2
72 2
22 2
72 2
22 2
72 2
22 2
72 2
22 2
72 2
22 2
72 2
22 2
72 2
22 2
72 2
22 2
72 2
22 2
72 2
22 2
72 2
22 2
72 2
22 2
72 2
22 2
72 2
22 2
72 2
22 2
72 2
22 2
72 2
22 2
72 2
22 2
72 2
22 2
72 2
22 2
72 2
22 2
72 2
22 2
72 2
22 2
72 2
22 2
72 2
22 2
72 2
22 2
72 2
22 2
72 2
22 2
72 2
22 2
72 2
22 2
72 2
22 2
72 2
22 2
72 2
22 2
72 2
22 2
72 2
22 2
72 2
22 2
72 2
22 2
72 2
22 2
72 2
22 2
72 2
22 2
72 2
22 2
72 2
22 2
72 2
22 2
72 2
22 2
72 2
22 2
72 2
22 2
72 2
22 2
72 2
22 2
72 2
22 2
72 2
22 2
72 2
22 2
72 2
22 2
72 2
29 2
72 2
29 2
72 2
28 2
72 2
29 2
72 2
30 2
72 2
31 2
72 2
32 2
72 2
33 2
72 2
26 2
72 2
26 2
72 2
26 2
72 2
26 2
72 2
26 2
72 2
26 2
72 2
26 2
72 2
26 2
72 2
26 2
72 2
26 2
72 2
26 2
72 2
29 2
72 6
29 2
72 2
28 2
72 2
28 2
72 2
26 2
72 2
26 2
72 2
26 2
72 2
26 2
72 2
26 2
72 2
26 2
72 2
26 2
72 2
26 2
72 2
26 2
72 2
26 2
72 2
26 2
72 2
31 2
72 6
31 2
72 2
33 2
72 2
33 2
72 2
26 2
72 2
26 2
72 2
26 2
72 2
26 2
72 2
26 2
72 2
26 2
72 2
26 2
72 2
26 2
72 2
26 2
72 2
26 2
72 2
26 2
72 2
29 2
72 6
29 2
72 2
28 2
72 2
28 2
72 2
26 2
72 2
26 2
72 2
26 2
72 2
26 2
72 2
26 2
72 2
26 2
72 2
26 2
72 2
26 2
72 2
26 2
72 2
26 2
72 2
26 2
72 2
29 2
72 2
31 2
72 2
33 2
72 2
36 2
72 2
38 2
72 2
26 2
72 2
26 2
72 2
26 2
72 2
26 2
72 2
26 2
72 2
26 2
72 2
26 2
72 2
26 2
72 2
26 2
72 2
26 2
72 2
26 2
72 2
29 2
72 6
29 2
72 2
28 2
72 2
28 2
72 2
26 2
72 2
26 2
72 2
26 2
72 2
26 2
72 2
26 2
72 2
26 2
72 2
26 2
72 2
26 2
72 2
26 2
72 2
26 2
72 2
26 2
72 2
31 2
72 6
31 2
72 2
33 2
72 2
33 2
72 2
26 2
72 2
26 2
72 2
26 2
72 2
26 2
72 2
26 2
72 2
26 2
72 2
26 2
72 2
26 2
72 2
26 2
72 2
26 2
72 2
26 2
72 2
29 2
72 6
29 2
72 2
28 2
72 2
28 2
72 2
26 2
72 2
26 2
72 2
26 2
72 2
26 2
72 2
26 2
72 2
26 2
72 2
26 2
72 2
26 2
72 2
26 2
72 2
26 2
72 2
26 2
72 2
29 2
72 2
31 2
72 2
33 2
72 2
36 2
72 2
38 2
72 2
22 2
72 2
22 2
72 2
22 2
72 2
22 2
72 2
22 2
72 2
22 2
72 2
22 2
72 2
22 2
72 2
22 2
72 2
22 2
72 2
22 2
72 2
22 2
72 2
22 2
72 2
22 2
72 2
22 2
72 2
22 2
72 2
22 2
72 2
22 2
72 2
22 2
72 2
22 2
72 2
22 2
72 2
22 2
72 2
22 2
72 2
22 2
72 2
22 2
72 2
22 2
72 2
22 2
72 2
22 2
72 2
22 2
72 2
22 2
72 2
22 2
72 2
22 2
72 2
22 2
72 2
22 2
72 2
22 2
72 2
22 2
72 2
22 2
72 2
22 2
72 2
22 2
72 2
22 2
72 2
22 2
72 2
22 2
72 2
22 2
72 2
22 2
72 2
22 2
72 2
22 2
72 2
22 2
72 2
22 2
72 2
22 2
72 2
22 2
72 2
22 2
72 2
22 2
72 2
22 2
72 2
22 2
72 2
22 2
72 2
22 2
72 2
24 2
72 2
24 2
72 2
25 2
72 2
25 2
72 2
26 2
72 2
26 2
72 2
27 2
72 2
27 2
72 2
29 2
72 2
29 2
72 2
29 2
72 2
29 2
72 2
29 2
72 2
29 2
72 2
29 2
72 2
29 2
72 2
29 2
72 2
29 2
72 2
29 2
72 2
29 2
72 2
29 2
72 2
29 2
72 2
29 2
72 2
29 2
72 2
27 2
72 2
27 2
72 2
27 2
72 2
27 2
72 2
27 2
72 2
27 2
72 2
27 2
72 2
27 2
72 2
27 2
72 2
27 2
72 2
27 2
72 2
27 2
72 2
27 2
72 2
27 2
72 2
27 2
72 2
27 2
72 2
25 2
72 2
25 2
72 2
25 2
72 2
25 2
72 2
25 2
72 2
25 2
72 2
25 2
72 2
25 2
72 2
25 2
72 2
25 2
72 2
25 2
72 2
25 2
72 2
25 2
72 2
25 2
72 2
25 2
72 2
25 2
72 2
24 2
72 2
24 2
72 2
24 2
72 2
24 2
72 2
24 2
72 2
24 2
72 2
24 2
72 2
24 2
72 6
24 2
72 8
24 2
72 10
26 2
72 2
26 2
72 2
26 2
72 2
26 2
72 2
26 2
72 2
26 2
72 2
26 2
72 2
26 2
72 2
26 2
72 2
26 2
72 2
26 2
72 2
26 2
72 2
26 2
72 2
26 2
72 2
26 2
72 2
26 2
72 2
24 2
72 2
24 2
72 2
24 2
72 2
24 2
72 2
24 2
72 2
24 2
72 2
24 2
72 2
24 2
72 2
24 2
72 2
24 2
72 2
24 2
72 2
24 2
72 2
24 2
72 2
24 2
72 2
24 2
72 2
24 2
72 2
22 2
72 2
22 2
72 2
22 2
72 2
22 2
72 2
22 2
72 2
22 2
72 2
22 2
72 2
22 2
72 2
22 2
72 2
22 2
72 2
22 2
72 2
22 2
72 2
22 2
72 2
22 2
72 2
22 2
72 2
22 2
72 6
21 2
72 8
21 2
72 12
21 2
72 6
21 2
72 6
24 2
72 2
25 2
72 2
26 2
72 2
26 2
72 2
26 2
72 2
26 2
72 2
26 2
72 2
26 2
72 2
26 2
72 2
26 2
72 2
26 2
72 2
26 2
72 2
26 2
72 2
29 2
72 6
29 2
72 2
28 2
72 2
28 2
72 2
26 2
72 2
26 2
72 2
26 2
72 2
26 2
72 2
26 2
72 2
26 2
72 2
26 2
72 2
26 2
72 2
26 2
72 2
26 2
72 2
26 2
72 2
31 2
72 6
31 2
72 2
33 2
72 2
33 2
72 2
26 2
72 2
26 2
72 2
26 2
72 2
26 2
72 2
26 2
72 2
26 2
72 2
26 2
72 2
26 2
72 2
26 2
72 2
26 2
72 2
26 2
72 2
29 2
72 6
29 2
72 2
28 2
72 2
28 2
72 2
26 2
72 2
26 2
72 2
26 2
72 2
26 2
72 2
26 2
72 2
26 2
72 2
26 2
72 2
26 2
72 2
26 2
72 2
26 2
72 2
26 2
72 2
29 2
72 2
31 2
72 2
33 2
72 2
36 2
72 2
38 2
72 2
26 2
72 2
26 2
72 2
26 2
72 2
26 2
72 2
26 2
72 2
26 2
72 2
26 2
72 2
26 2
72 2
26 2
72 2
26 2
72 2
26 2
72 2
29 2
72 6
29 2
72 2
28 2
72 2
28 2
72 2
26 2
72 2
26 2
72 2
26 2
72 2
26 2
72 2
26 2
72 2
26 2
72 2
26 2
72 2
26 2
72 2
26 2
72 2
26 2
72 2
26 2
72 2
31 2
72 6
31 2
72 2
33 2
72 2
33 2
72 2
26 2
72 2
26 2
72 2
26 2
72 2
26 2
72 2
26 2
72 2
26 2
72 2
26 2
72 2
26 2
72 2
26 2
72 2
26 2
72 2
26 2
72 2
29 2
72 6
29 2
72 2
28 2
72 2
28 2
72 2
26 2
72 2
26 2
72 2
26 2
72 2
26 2
72 2
26 2
72 2
26 2
72 2
26 2
72 2
26 2
72 2
26 2
72 2
26 2
72 2
26 2
72 2
29 2
72 2
31 2
72 2
33 2
72 2
36 2
72 2
38 2
72 2
22 2
72 2
22 2
72 2
22 2
72 2
22 2
72 2
22 2
72 2
22 2
72 2
22 2
72 2
22 2
72 2
22 2
72 2
22 2
72 2
22 2
72 2
22 2
72 2
22 2
72 2
22 2
72 2
22 2
72 2
22 2
72 2
22 2
72 2
22 2
72 2
22 2
72 2
22 2
72 2
22 2
72 2
22 2
72 2
22 2
72 2
22 2
72 2
22 2
72 2
22 2
72 2
22 2
72 2
22 2
72 2
22 2
72 2
22 2
72 2
22 2
72 2
22 2
72 2
22 2
72 2
22 2
72 2
22 2
72 2
22 2
72 2
22 2
72 2
22 2
72 2
22 2
72 2
22 2
72 2
22 2
72 2
22 2
72 2
22 2
72 2
22 2
72 2
22 2
72 2
22 2
72 2
22 2
72 2
22 2
72 2
22 2
72 2
22 2
72 2
22 2
72 2
22 2
72 2
22 2
72 2
22 2
72 2
22 2
72 2
22 2
72 2
29 2
72 2
29 2
72 2
28 2
72 2
29 2
72 2
30 2
72 2
31 2
72 2
32 2
72 2
33 2
72 2
26 2
72 2
26 2
72 2
26 2
72 2
26 2
72 2
26 2
72 2
26 2
72 2
26 2
72 2
26 2
72 2
26 2
72 2
26 2
72 2
26 2
72 2
29 2
72 6
29 2
72 2
28 2
72 2
28 2
72 2
26 2
72 2
26 2
72 2
26 2
72 2
26 2
72 2
26 2
72 2
26 2
72 2
26 2
72 2
26 2
72 2
26 2
72 2
26 2
72 2
26 2
72 2
31 2
72 6
31 2
72 2
33 2
72 2
33 2
72 2
26 2
72 2
26 2
72 2
26 2
72 2
26 2
72 2
26 2
72 2
26 2
72 2
26 2
72 2
26 2
72 2
26 2
72 2
26 2
72 2
26 2
72 2
29 2
72 6
29 2
72 2
28 2
72 2
28 2
72 2
26 2
72 2
26 2
72 2
26 2
72 2
26 2
72 2
26 2
72 2
26 2
72 2
26 2
72 2
26 2
72 2
26 2
72 2
26 2
72 2
26 2
72 2
29 2
72 2
31 2
72 2
33 2
72 2
36 2
72 2
38 2
72 2
26 2
72 2
26 2
72 2
26 2
72 2
26 2
72 2
26 2
72 2
26 2
72 2
26 2
72 2
26 2
72 2
26 2
72 2
26 2
72 2
26 2
72 2
29 2
72 6
29 2
72 2
28 2
72 2
28 2
72 2
26 2
72 2
26 2
72 2
26 2
72 2
26 2
72 2
26 2
72 2
26 2
72 2
26 2
72 2
26 2
72 2
26 2
72 2
26 2
72 2
26 2
72 2
31 2
72 6
31 2
72 2
33 2
72 2
33 2
72 2
26 2
72 2
26 2
72 2
26 2
72 2
26 2
72 2
26 2
72 2
26 2
72 2
26 2
72 2
26 2
72 2
26 2
72 2
26 2
72 2
26 2
72 2
29 2
72 6
29 2
72 2
28 2
72 2
28 2
72 2
26 2
72 2
26 2
72 2
26 2
72 2
26 2
72 2
26 2
72 2
26 2
72 2
26 2
72 2
26 2
72 2
26 2
72 2
26 2
72 2
26 2
72 2
29 2
72 2
31 2
72 2
33 2
72 2
36 2
72 2
38 2
72 2
22 2
72 2
22 2
72 2
22 2
72 2
22 2
72 2
22 2
72 2
22 2
72 2
22 2
72 2
22 2
72 2
22 2
72 2
22 2
72 2
22 2
72 2
22 2
72 2
22 2
72 2
22 2
72 2
22 2
72 2
22 2
72 2
22 2
72 2
22 2
72 2
22 2
72 2
22 2
72 2
22 2
72 2
22 2
72 2
22 2
72 2
22 2
72 2
22 2
72 2
22 2
72 2
22 2
72 2
22 2
72 2
22 2
72 2
22 2
72 2
22 2
72 2
22 2
72 2
22 2
72 2
22 2
72 2
22 2
72 2
22 2
72 2
22 2
72 2
22 2
72 2
22 2
72 2
22 2
72 2
22 2
72 2
22 2
72 2
22 2
72 2
22 2
72 2
22 2
72 2
22 2
72 2
22 2
72 2
22 2
72 2
22 2
72 2
22 2
72 2
22 2
72 2
22 2
72 2
22 2
72 2
22 2
72 2
22 2
72 2
22 2
72 2
24 2
72 2
24 2
72 2
25 2
72 2
25 2
72 2
26 2
72 2
26 2
72 2
27 2
72 2
27 2
72 2
29 2
72 2
29 2
72 2
29 2
72 2
29 2
72 2
29 2
72 2
29 2
72 2
29 2
72 2
29 2
72 2
29 2
72 2
29 2
72 2
29 2
72 2
29 2
72 2
29 2
72 2
29 2
72 2
29 2
72 2
29 2
72 2
27 2
72 2
27 2
72 2
27 2
72 2
27 2
72 2
27 2
72 2
27 2
72 2
27 2
72 2
27 2
72 2
27 2
72 2
27 2
72 2
27 2
72 2
27 2
72 2
27 2
72 2
27 2
72 2
27 2
72 2
27 2
72 2
25 2
72 2
25 2
72 2
25 2
72 2
25 2
72 2
25 2
72 2
25 2
72 2
25 2
72 2
25 2
72 2
25 2
72 2
25 2
72 2
25 2
72 2
25 2
72 2
25 2
72 2
25 2
72 2
25 2
72 2
25 2
72 2
24 2
72 2
24 2
72 2
24 2
72 2
24 2
72 2
24 2
72 2
24 2
72 2
24 2
72 2
24 2
72 6
24 2
72 8
24 2
72 10
26 2
72 2
26 2
72 2
26 2
72 2
26 2
72 2
26 2
72 2
26 2
72 2
26 2
72 2
26 2
72 2
26 2
72 2
26 2
72 2
26 2
72 2
26 2
72 2
26 2
72 2
26 2
72 2
26 2
72 2
26 2
72 2
24 2
72 2
24 2
72 2
24 2
72 2
24 2
72 2
24 2
72 2
24 2
72 2
24 2
72 2
24 2
72 2
24 2
72 2
24 2
72 2
24 2
72 2
24 2
72 2
24 2
72 2
24 2
72 2
24 2
72 2
24 2
72 2
22 2
72 2
22 2
72 2
22 2
72 2
22 2
72 2
22 2
72 2
22 2
72 2
22 2
72 2
22 2
72 2
22 2
72 2
22 2
72 2
22 2
72 2
22 2
72 2
22 2
72 2
22 2
72 2
22 2
72 2
22 2
72 6
21 2
72 8
21 2
72 12
21 2
72 6
21 2
72 6
24 2
72 2
25 2
E
S
H
72 11
41 4
40 4
72 4
41 4
40 4
72 4
41 4
72 4
41 4
40 4
43 9
43 7
72 4
41 4
40 4
72 4
41 4
40 4
72 4
41 4
72 4
41 4
40 4
43 9
45 7
72 4
41 4
40 4
72 4
41 4
40 4
72 4
41 4
72 4
41 4
40 4
43 9
43 7
72 4
41 4
40 4
72 4
41 4
40 4
72 4
44 4
72 4
46 4
72 4
29 4
31 4
33 4
36 4
38 4
72 4
60 12
60 12
72 7
60 12
60 12
72 7
60 12
60 12
72 7
60 12
72 9
29 4
31 4
33 4
36 4
38 4
38 13
40 13
41 13
43 13
45 13
46 13
48 13
72 4
41 4
40 4
41 4
42 4
43 4
44 4
45 4
72 4
41 4
40 4
72 4
41 4
40 4
72 4
41 4
72 4
41 4
40 4
43 9
43 7
72 4
41 4
40 4
72 4
41 4
40 4
72 4
41 4
72 4
41 4
40 4
43 9
45 7
72 4
41 4
40 4
72 4
41 4
40 4
72 4
41 4
72 4
41 4
40 4
43 9
43 7
72 4
41 4
40 4
72 4
41 4
40 4
72 4
44 4
72 4
46 4
72 4
29 4
31 4
33 4
36 4
38 4
72 4
60 12
60 12
72 7
60 12
60 12
72 7
60 12
60 12
72 7
60 12
72 9
29 4
31 4
33 4
36 4
38 4
38 13
40 13
41 13
43 13
45 13
46 13
48 13
72 12
45 2
46 2
47 2
48 2
32 13
32 13
31 13
31 13
32 13
32 13
31 13
72 4
31 4
72 7
31 11
33 13
33 13
36 13
36 13
34 13
34 13
72 4
37 4
72 7
37 11
72 4
37 7
38 4
40 11
72 4
41 4
40 4
72 4
41 4
40 4
72 4
41 4
72 4
41 4
40 4
43 9
43 7
72 4
41 4
40 4
72 4
41 4
40 4
72 4
41 4
72 4
41 4
40 4
43 9
45 7
72 4
41 4
40 4
72 4
41 4
40 4
72 4
41 4
72 4
41 4
40 4
43 9
43 7
72 4
41 4
40 4
72 4
41 4
40 4
72 4
44 4
72 4
46 4
72 4
29 4
31 4
33 4
36 4
38 4
72 4
60 12
60 12
72 7
60 12
60 12
72 7
60 12
60 12
72 7
60 12
72 9
29 4
31 4
33 4
36 4
38 4
38 13
40 13
41 13
43 13
45 13
46 13
48 13
72 4
41 4
40 4
41 4
42 4
43 4
44 4
45 4
72 4
41 4
40 4
72 4
41 4
40 4
72 4
41 4
72 4
41 4
40 4
43 9
43 7
72 4
41 4
40 4
72 4
41 4
40 4
72 4
41 4
72 4
41 4
40 4
43 9
45 7
72 4
41 4
40 4
72 4
41 4
40 4
72 4
41 4
72 4
41 4
40 4
43 9
43 7
72 4
41 4
40 4
72 4
41 4
40 4
72 4
44 4
72 4
46 4
72 4
29 4
31 4
33 4
36 4
38 4
72 4
60 12
60 12
72 7
60 12
60 12
72 7
60 12
60 12
72 7
60 12
72 9
29 4
31 4
33 4
36 4
38 4
38 13
40 13
41 13
43 13
45 13
46 13
48 13
72 12
45 2
46 2
47 2
48 2
32 13
32 13
31 13
31 13
32 13
32 13
31 13
72 4
31 4
72 7
31 11
33 13
33 13
36 13
36 13
34 13
34 13
72 4
37 4
72 7
37 11
72 4
37 7
38 4
40 11
E
S
L
14 2
14 2
14 2
72 2
14 2
72 2
14 2
14 2
20 2
72 2
11 2
72 2
14 2
72 2
20 2
72 2
20 2
72 2
11 2
72 2
14 2
72 2
20 2
72 2
20 2
72 2
11 2
72 2
14 2
72 2
20 2
72 2
20 2
72 2
11 2
72 2
14 2
72 2
20 2
72 2
20 2
72 2
11 2
72 2
14 2
72 2
20 2
72 2
20 2
72 2
11 2
72 2
14 2
72 2
20 2
72 2
20 2
72 2
11 2
72 2
14 2
72 2
20 2
72 2
20 2
72 2
20 2
72 2
14 2
72 2
14 2
72 2
20 2
72 2
11 2
72 2
14 2
72 2
20 2
72 2
20 2
72 2
11 2
72 2
14 2
72 2
20 2
72 2
20 2
72 2
11 2
72 2
14 2
72 2
20 2
72 2
20 2
72 2
11 2
72 2
14 2
72 2
20 2
72 2
20 2
72 2
11 2
72 2
14 2
72 2
20 2
72 2
20 2
72 2
11 2
72 2
14 2
72 6
20 2
72 2
11 2
72 2
20 2
72 2
20 2
72 2
14 2
72 2
11 2
72 2
14 2
72 2
14 2
72 2
20 2
72 2
11 2
72 2
14 2
72 2
20 2
72 2
20 2
72 2
11 2
72 2
14 2
72 2
20 2
72 2
20 2
72 2
11 2
72 2
14 2
72 2
20 2
72 2
20 2
72 2
11 2
72 2
14 2
72 2
20 2
72 2
20 2
72 2
11 2
72 2
14 2
72 2
20 2
72 2
20 2
72 2
11 2
72 2
14 2
72 2
20 2
72 2
20 2
72 2
11 2
72 2
14 2
72 2
20 2
72 2
20 2
72 2
20 2
72 2
14 2
72 2
14 2
72 2
20 2
72 2
11 2
72 2
14 2
72 2
20 2
72 2
20 2
72 2
11 2
72 2
14 2
72 2
20 2
72 2
20 2
72 2
11 2
72 2
14 2
72 2
20 2
72 2
20 2
72 2
11 2
72 2
14 2
72 2
20 2
72 2
20 2
72 2
11 2
72 2
14 2
72 2
20 2
72 2
20 2
72 2
11 2
72 2
14 2
72 6
20 2
72 2
11 2
72 2
20 2
72 2
20 2
72 2
20 2
20 2
20 2
20 2
20 2
72 2
14 2
14 2
20 2
72 2
11 2
72 2
14 2
72 2
20 2
72 2
20 2
72 2
11 2
72 2
14 2
72 2
20 2
72 2
20 2
72 2
11 2
72 2
14 2
72 2
20 2
72 2
20 2
72 2
11 2
72 2
14 2
72 2
20 2
72 2
20 2
72 2
11 2
72 2
14 2
72 2
20 2
72 2
20 2
72 2
11 2
72 2
14 2
72 2
20 2
72 2
20 2
72 2
11 2
72 2
14 2
72 2
20 2
72 2
20 2
72 2
11 2
72 2
14 2
72 2
20 2
72 2
20 2
72 2
11 2
72 2
14 2
72 2
20 2
72 2
20 2
72 2
11 2
72 2
14 2
72 2
20 2
72 2
20 2
72 2
11 2
72 2
14 2
72 2
20 2
72 2
20 2
72 2
11 2
72 2
14 2
72 2
20 2
72 2
20 2
72 2
11 2
72 2
14 2
72 2
20 2
72 2
20 2
72 2
11 2
72 2
14 2
72 2
20 2
72 2
20 2
72 2
11 2
72 2
14 2
72 2
20 2
72 2
11 2
72 2
14 2
72 2
14 2
72 2
14 2
72 2
20 2
72 2
11 2
72 2
14 2
72 2
20 2
72 2
20 2
72 2
11 2
72 2
14 2
72 2
20 2
72 2
20 2
72 2
11 2
72 2
14 2
72 2
20 2
72 2
20 2
72 2
11 2
72 2
14 2
72 2
20 2
72 2
20 2
72 2
11 2
72 2
14 2
72 2
20 2
72 2
20 2
72 2
11 2
72 2
14 2
72 2
20 2
72 2
20 2
72 2
11 2
72 2
14 2
72 2
20 2
72 2
20 2
72 2
20 2
72 2
14 2
72 2
14 2
72 2
20 2
72 2
11 2
72 2
14 2
72 2
20 2
72 2
20 2
72 2
11 2
72 2
14 2
72 2
20 2
72 2
20 2
72 2
11 2
72 2
14 2
72 2
20 2
72 2
20 2
72 2
11 2
72 2
14 2
72 2
20 2
72 2
20 2
72 2
11 2
72 2
14 2
72 2
20 2
72 2
20 2
72 2
11 2
72 2
14 2
72 6
20 2
72 2
11 2
72 2
20 2
72 2
20 2
72 2
14 2
72 2
11 2
72 2
14 2
72 2
14 2
72 2
20 2
72 2
11 2
72 2
14 2
72 2
20 2
72 2
20 2
72 2
11 2
72 2
14 2
72 2
20 2
72 2
20 2
72 2
11 2
72 2
14 2
72 2
20 2
72 2
20 2
72 2
11 2
72 2
14 2
72 2
20 2
72 2
20 2
72 2
11 2
72 2
14 2
72 2
20 2
72 2
20 2
72 2
11 2
72 2
14 2
72 2
20 2
72 2
20 2
72 2
11 2
72 2
14 2
72 2
20 2
72 2
20 2
72 2
20 2
72 2
14 2
72 2
14 2
72 2
20 2
72 2
11 2
72 2
14 2
72 2
20 2
72 2
20 2
72 2
11 2
72 2
14 2
72 2
20 2
72 2
20 2
72 2
11 2
72 2
14 2
72 2
20 2
72 2
20 2
72 2
11 2
72 2
14 2
72 2
20 2
72 2
20 2
72 2
11 2
72 2
14 2
72 2
20 2
72 2
20 2
72 2
11 2
72 2
14 2
72 6
20 2
72 2
11 2
72 2
20 2
72 2
20 2
72 2
20 2
20 2
20 2
20 2
20 2
72 2
14 2
14 2
20 2
72 2
11 2
72 2
14 2
72 2
20 2
72 2
20 2
72 2
11 2
72 2
14 2
72 2
20 2
72 2
20 2
72 2
11 2
72 2
14 2
72 2
20 2
72 2
20 2
72 2
11 2
72 2
14 2
72 2
20 2
72 2
20 2
72 2
11 2
72 2
14 2
72 2
20 2
72 2
20 2
72 2
11 2
72 2
14 2
72 2
20 2
72 2
20 2
72 2
11 2
72 2
14 2
72 2
20 2
72 2
20 2
72 2
11 2
72 2
14 2
72 2
20 2
72 2
20 2
72 2
11 2
72 2
14 2
72 2
20 2
72 2
20 2
72 2
11 2
72 2
14 2
72 2
20 2
72 2
20 2
72 2
11 2
72 2
14 2
72 2
20 2
72 2
20 2
72 2
11 2
72 2
14 2
72 2
20 2
72 2
20 2
72 2
11 2
72 2
14 2
72 2
20 2
72 2
20 2
72 2
11 2
72 2
14 2
72 2
20 2
72 2
14 2
72 2
20 2
72 2
20 2
72 2
20 2
72 2
20 2
72 2
20 2
72 2
14 2
72 2
14 2
72 2
20 2
72 2
11 2
72 2
14 2
72 2
20 2
72 2
20 2
72 2
11 2
72 2
14 2
72 2
20 2
72 2
20 2
72 2
11 2
72 2
14 2
72 2
20 2
72 2
20 2
72 2
11 2
72 2
14 2
72 2
20 2
72 2
20 2
72 2
11 2
72 2
14 2
72 2
20 2
72 2
20 2
72 2
11 2
72 2
14 2
72 2
20 2
72 2
20 2
72 2
11 2
72 2
14 2
72 2
20 2
72 2
20 2
72 2
11 2
72 2
14 2
72 2
20 2
72 2
20 2
72 2
11 2
72 2
14 2
72 2
20 2
72 2
20 2
72 2
11 2
72 2
14 2
72 2
20 2
72 2
20 2
72 2
11 2
72 2
14 2
72 2
20 2
72 2
20 2
72 2
11 2
72 2
14 2
72 2
20 2
72 2
20 2
72 2
11 2
72 2
14 2
72 2
20 2
72 2
20 2
72 2
11 2
72 2
14 2
72 2
20 2
72 6
14 2
14 2
20 2
72 2
20 2
72 6
14 2
14 2
14 2
14 2
20 2
20 2
20 2
72 2
11 2
72 2
14 2
72 2
20 2
72 2
20 2
72 2
11 2
72 2
14 2
72 2
20 2
72 2
20 2
72 2
11 2
72 2
14 2
72 2
20 2
72 2
20 2
72 2
11 2
72 2
14 2
72 2
20 2
72 2
20 2
72 2
11 2
72 2
14 2
72 2
20 2
72 2
20 2
72 2
11 2
72 2
14 2
72 2
20 2
72 2
20 2
72 2
11 2
72 2
14 2
72 2
20 2
72 2
20 2
72 2
11 2
72 2
14 2
72 2
20 2
72 2
20 2
72 2
11 2
72 2
14 2
72 2
20 2
72 2
20 2
72 2
11 2
72 2
14 2
72 2
20 2
72 2
20 2
72 2
11 2
72 2
14 2
72 2
20 2
72 2
20 2
72 2
11 2
72 2
14 2
72 2
20 2
72 6
14 2
72 2
20 2
72 6
14 2
72 6
14 2
72 2
14 2
72 2
20 2
72 2
20 2
72 6
20 2
72 2
14 2
14 2
14 2
14 2
20 2
20 2
20 2
20 2
20 2
72 2
11 2
72 2
14 2
72 2
20 2
72 2
20 2
72 2
11 2
72 2
14 2
72 2
20 2
72 2
20 2
72 2
11 2
72 2
14 2
72 2
20 2
72 2
20 2
72 2
11 2
72 2
14 2
72 2
20 2
72 2
20 2
72 2
11 2
72 2
14 2
72 2
20 2
72 2
20 2
72 2
11 2
72 2
14 2
72 2
20 2
72 2
20 2
72 2
11 2
72 2
14 2
72 2
20 2
72 2
20 2
72 2
20 2
72 2
14 2
72 2
14 2
72 2
20 2
72 2
11 2
72 2
14 2
72 2
20 2
72 2
20 2
72 2
11 2
72 2
14 2
72 2
20 2
72 2
20 2
72 2
11 2
72 2
14 2
72 2
20 2
72 2
20 2
72 2
11 2
72 2
14 2
72 2
20 2
72 2
20 2
72 2
11 2
72 2
14 2
72 2
20 2
72 2
20 2
72 2
11 2
72 2
14 2
72 6
20 2
72 2
11 2
72 2
20 2
72 2
20 2
72 2
14 2
72 2
11 2
72 2
14 2
72 2
14 2
72 2
20 2
72 2
11 2
72 2
14 2
72 2
20 2
72 2
20 2
72 2
11 2
72 2
14 2
72 2
20 2
72 2
20 2
72 2
11 2
72 2
14 2
72 2
20 2
72 2
20 2
72 2
11 2
72 2
14 2
72 2
20 2
72 2
20 2
72 2
11 2
72 2
14 2
72 2
20 2
72 2
20 2
72 2
11 2
72 2
14 2
72 2
20 2
72 2
20 2
72 2
11 2
72 2
14 2
72 2
20 2
72 2
20 2
72 2
20 2
72 2
14 2
72 2
14 2
72 2
20 2
72 2
11 2
72 2
14 2
72 2
20 2
72 2
20 2
72 2
11 2
72 2
14 2
72 2
20 2
72 2
20 2
72 2
11 2
72 2
14 2
72 2
20 2
72 2
20 2
72 2
11 2
72 2
14 2
72 2
20 2
72 2
20 2
72 2
11 2
72 2
14 2
72 2
20 2
72 2
20 2
72 2
11 2
72 2
14 2
72 6
20 2
72 2
11 2
72 2
20 2
72 2
20 2
72 2
20 2
20 2
20 2
20 2
20 2
72 2
14 2
14 2
20 2
72 2
11 2
72 2
14 2
72 2
20 2
72 2
20 2
72 2
11 2
72 2
14 2
72 2
20 2
72 2
20 2
72 2
11 2
72 2
14 2
72 2
20 2
72 2
20 2
72 2
11 2
72 2
14 2
72 2
20 2
72 2
20 2
72 2
11 2
72 2
14 2
72 2
20 2
72 2
20 2
72 2
11 2
72 2
14 2
72 2
20 2
72 2
20 2
72 2
11 2
72 2
14 2
72 2
20 2
72 2
20 2
72 2
11 2
72 2
14 2
72 2
20 2
72 2
20 2
72 2
11 2
72 2
14 2
72 2
20 2
72 2
20 2
72 2
11 2
72 2
14 2
72 2
20 2
72 2
20 2
72 2
11 2
72 2
14 2
72 2
20 2
72 2
20 2
72 2
11 2
72 2
14 2
72 2
20 2
72 2
20 2
72 2
11 2
72 2
14 2
72 2
20 2
72 2
20 2
72 2
11 2
72 2
14 2
72 2
20 2
72 2
20 2
72 2
11 2
72 2
14 2
72 2
20 2
72 2
11 2
72 2
14 2
72 2
14 2
72 2
14 2
72 2
20 2
72 2
11 2
72 2
14 2
72 2
20 2
72 2
20 2
72 2
11 2
72 2
14 2
72 2
20 2
72 2
20 2
72 2
11 2
72 2
14 2
72 2
20 2
72 2
20 2
72 2
11 2
72 2
14 2
72 2
20 2
72 2
20 2
72 2
11 2
72 2
14 2
72 2
20 2
72 2
20 2
72 2
11 2
72 2
14 2
72 2
20 2
72 2
20 2
72 2
11 2
72 2
14 2
72 2
20 2
72 2
20 2
72 2
20 2
72 2
14 2
72 2
14 2
72 2
20 2
72 2
11 2
72 2
14 2
72 2
20 2
72 2
20 2
72 2
11 2
72 2
14 2
72 2
20 2
72 2
20 2
72 2
11 2
72 2
14 2
72 2
20 2
72 2
20 2
72 2
11 2
72 2
14 2
72 2
20 2
72 2
20 2
72 2
11 2
72 2
14 2
72 2
20 2
72 2
20 2
72 2
11 2
72 2
14 2
72 6
20 2
72 2
11 2
72 2
20 2
72 2
20 2
72 2
14 2
72 2
11 2
72 2
14 2
72 2
14 2
72 2
20 2
72 2
11 2
72 2
14 2
72 2
20 2
72 2
20 2
72 2
11 2
72 2
14 2
72 2
20 2
72 2
20 2
72 2
11 2
72 2
14 2
72 2
20 2
72 2
20 2
72 2
11 2
72 2
14 2
72 2
20 2
72 2
20 2
72 2
11 2
72 2
14 2
72 2
20 2
72 2
20 2
72 2
11 2
72 2
14 2
72 2
20 2
72 2
20 2
72 2
11 2
72 2
14 2
72 2
20 2
72 2
20 2
72 2
20 2
72 2
14 2
72 2
14 2
72 2
20 2
72 2
11 2
72 2
14 2
72 2
20 2
72 2
20 2
72 2
11 2
72 2
14 2
72 2
20 2
72 2
20 2
72 2
11 2
72 2
14 2
72 2
20 2
72 2
20 2
72 2
11 2
72 2
14 2
72 2
20 2
72 2
20 2
72 2
11 2
72 2
14 2
72 2
20 2
72 2
20 2
72 2
11 2
72 2
14 2
72 6
20 2
72 2
11 2
72 2
20 2
72 2
20 2
72 2
20 2
20 2
20 2
20 2
20 2
72 2
14 2
14 2
20 2
72 2
11 2
72 2
14 2
72 2
20 2
72 2
20 2
72 2
11 2
72 2
14 2
72 2
20 2
72 2
20 2
72 2
11 2
72 2
14 2
72 2
20 2
72 2
20 2
72 2
11 2
72 2
14 2
72 2
20 2
72 2
20 2
72 2
11 2
72 2
14 2
72 2
20 2
72 2
20 2
72 2
11 2
72 2
14 2
72 2
20 2
72 2
20 2
72 2
11 2
72 2
14 2
72 2
20 2
72 2
20 2
72 2
11 2
72 2
14 2
72 2
20 2
72 2
20 2
72 2
11 2
72 2
14 2
72 2
20 2
72 2
20 2
72 2
11 2
72 2
14 2
72 2
20 2
72 2
20 2
72 2
11 2
72 2
14 2
72 2
20 2
72 2
20 2
72 2
11 2
72 2
14 2
72 2
20 2
72 2
20 2
72 2
11 2
72 2
14 2
72 2
20 2
72 2
20 2
72 2
11 2
72 2
14 2
72 2
20 2
72 2
14 2
72 2
20 2
72 2
20 2
72 2
20 2
72 2
20 2
72 2
20 2
72 2
14 2
72 2
14 2
72 2
20 2
72 2
11 2
72 2
14 2
72 2
20 2
72 2
20 2
72 2
11 2
72 2
14 2
72 2
20 2
72 2
20 2
72 2
11 2
72 2
14 2
72 2
20 2
72 2
20 2
72 2
11 2
72 2
14 2
72 2
20 2
72 2
20 2
72 2
11 2
72 2
14 2
72 2
20 2
72 2
20 2
72 2
11 2
72 2
14 2
72 2
20 2
72 2
20 2
72 2
11 2
72 2
14 2
72 2
20 2
72 2
20 2
72 2
11 2
72 2
14 2
72 2
20 2
72 2
20 2
72 2
11 2
72 2
14 2
72 2
20 2
72 2
20 2
72 2
11 2
72 2
14 2
72 2
20 2
72 2
20 2
72 2
11 2
72 2
14 2
72 2
20 2
72 2
20 2
72 2
11 2
72 2
14 2
72 2
20 2
72 2
20 2
72 2
11 2
72 2
14 2
72 2
20 2
72 2
20 2
72 2
11 2
72 2
14 2
72 2
20 2
72 6
14 2
14 2
20 2
72 2
20 2
72 6
14 2
14 2
14 2
14 2
20 2
20 2
20 2
72 2
11 2
72 2
14 2
72 2
20 2
72 2
20 2
72 2
11 2
72 2
14 2
72 2
20 2
72 2
20 2
72 2
11 2
72 2
14 2
72 2
20 2
72 2
20 2
72 2
11 2
72 2
14 2
72 2
20 2
72 2
20 2
72 2
11 2
72 2
14 2
72 2
20 2
72 2
20 2
72 2
11 2
72 2
14 2
72 2
20 2
72 2
20 2
72 2
11 2
72 2
14 2
72 2
20 2
72 2
20 2
72 2
11 2
72 2
14 2
72 2
20 2
72 2
20 2
72 2
11 2
72 2
14 2
72 2
20 2
72 2
20 2
72 2
11 2
72 2
14 2
72 2
20 2
72 2
20 2
72 2
11 2
72 2
14 2
72 2
20 2
72 2
20 2
72 2
11 2
72 2
14 2
72 2
20 2
72 6
14 2
72 2
20 2
72 6
14 2
72 6
14 2
72 2
14 2
72 2
20 2
72 2
20 2
72 6
20 2
72 2
14 2
14 2
14 2
14 2
20 2
20 2
20 2
20 2
E
X
