major
S
H
72 11
52 9
54 11
55 9
57 11
52 9
54 11
55 9
57 11
52 9
54 11
55 9
57 11
48 3
52 3
55 3
60 3
62 3
60 3
48 3
52 3
55 3
60 3
62 3
60 3
52 3
59 3
63 3
66 3
63 3
59 3
72 7
47 4
50 4
52 11
72 2
55 4
54 4
72 2
52 2
54 11
72 2
57 4
55 4
72 2
54 2
55 11
72 2
59 4
57 4
55 4
57 7
52 4
57 4
72 7
57 4
59 4
60 11
72 2
55 4
55 4
60 4
59 11
72 2
55 4
55 4
59 4
57 13
72 12
47 4
50 4
52 11
72 2
55 4
54 4
72 2
52 2
54 11
72 2
57 4
55 4
72 2
54 2
55 11
72 2
59 4
57 4
55 4
57 7
52 4
57 4
72 7
57 4
59 4
60 11
72 2
55 4
55 4
60 4
59 11
72 2
55 4
55 4
59 4
57 11
72 2
57 4
60 4
62 13
52 8
72 2
54 8
72 2
57 4
55 12
72 9
52 8
72 2
54 8
72 2
50 4
55 13
52 8
72 2
54 8
72 2
57 4
55 11
72 4
52 4
55 4
57 14
72 11
52 9
54 11
55 9
57 11
52 9
54 11
55 9
57 11
52 9
54 11
55 9
57 11
48 3
52 3
55 3
60 3
62 3
60 3
48 3
52 3
55 3
60 3
62 3
60 3
52 3
59 3
63 3
66 3
63 3
59 3
72 7
47 4
50 4
52 11
72 2
55 4
54 4
72 2
52 2
54 11
72 2
57 4
55 4
72 2
54 2
55 11
72 2
59 4
57 4
55 4
57 7
52 4
57 4
72 7
57 4
59 4
60 11
72 2
55 4
55 4
60 4
59 11
72 2
55 4
55 4
59 4
57 13
72 12
47 4
50 4
52 11
72 2
55 4
54 4
72 2
52 2
54 11
72 2
57 4
55 4
72 2
54 2
55 11
72 2
59 4
57 4
55 4
57 7
52 4
57 4
72 7
57 4
59 4
60 11
72 2
55 4
55 4
60 4
59 11
72 2
55 4
55 4
59 4
57 11
72 2
57 4
60 4
62 13
52 8
72 2
54 8
72 2
57 4
55 12
72 9
52 8
72 2
54 8
72 2
50 4
55 13
52 8
72 2
54 8
72 2
57 4
55 11
72 4
52 4
55 4
57 14
E
S
L
72 11
21 4
21 4
21 4
21 7
21 4
21 7
21 4
21 4
21 4
21 7
21 4
21 7
21 4
21 4
21 4
21 7
21 4
21 7
21 4
21 4
21 4
21 7
21 4
21 7
21 4
21 4
21 4
21 7
21 4
21 7
21 4
21 4
21 4
21 7
21 4
21 7
24 4
24 4
24 4
24 4
24 4
24 4
24 4
27 7
27 4
27 4
27 4
72 11
28 4
28 4
28 4
28 4
28 4
28 4
28 4
28 4
26 4
26 4
26 4
26 4
26 4
26 4
26 4
26 4
31 4
31 4
31 4
31 4
31 4
31 4
31 4
31 4
33 4
33 4
33 4
33 4
33 4
33 4
21 4
23 4
24 4
24 4
24 4
24 4
24 4
24 4
24 4
24 4
23 4
23 4
23 4
23 4
23 4
23 4
23 4
23 4
21 4
21 4
21 4
21 4
21 4
21 4
21 4
21 4
21 4
21 4
21 4
21 4
21 4
72 9
28 4
28 4
28 4
28 4
28 4
28 4
28 4
28 4
26 4
26 4
26 4
26 4
26 4
26 4
26 4
26 4
31 4
31 4
31 4
31 4
31 4
31 4
31 4
31 4
33 4
33 4
33 4
33 4
33 4
33 4
21 4
23 4
24 4
24 4
24 4
24 4
24 4
24 4
24 4
24 4
23 4
23 4
23 4
23 4
23 4
23 4
23 4
23 4
24 4
24 4
24 4
24 4
24 4
24 4
23 4
21 7
26 4
26 9
26 4
26 7
24 7
72 4
26 9
72 4
28 7
40 4
38 4
36 4
31 4
38 4
36 4
35 4
24 7
72 4
26 7
72 4
23 4
28 7
31 4
72 4
43 4
33 4
45 4
35 4
47 4
24 7
72 4
26 9
72 4
28 7
36 4
24 4
35 4
33 4
33 4
36 4
38 4
38 4
38 4
38 4
38 4
38 4
38 4
38 4
38 4
38 4
38 4
38 4
38 4
38 4
38 4
38 4
38 4
21 4
21 4
21 4
21 7
21 4
21 7
21 4
21 4
21 4
21 7
21 4
21 7
21 4
21 4
21 4
21 7
21 4
21 7
21 4
21 4
21 4
21 7
21 4
21 7
21 4
21 4
21 4
21 7
21 4
21 7
21 4
21 4
21 4
21 7
21 4
21 7
24 4
24 4
24 4
24 4
24 4
24 4
24 4
27 7
27 4
27 4
27 4
72 11
28 4
28 4
28 4
28 4
28 4
28 4
28 4
28 4
26 4
26 4
26 4
26 4
26 4
26 4
26 4
26 4
31 4
31 4
31 4
31 4
31 4
31 4
31 4
31 4
33 4
33 4
33 4
33 4
33 4
33 4
21 4
23 4
24 4
24 4
24 4
24 4
24 4
24 4
24 4
24 4
23 4
23 4
23 4
23 4
23 4
23 4
23 4
23 4
21 4
21 4
21 4
21 4
21 4
21 4
21 4
21 4
21 4
21 4
21 4
21 4
21 4
72 9
28 4
28 4
28 4
28 4
28 4
28 4
28 4
28 4
26 4
26 4
26 4
26 4
26 4
26 4
26 4
26 4
31 4
31 4
31 4
31 4
31 4
31 4
31 4
31 4
33 4
33 4
33 4
33 4
33 4
33 4
21 4
23 4
24 4
24 4
24 4
24 4
24 4
24 4
24 4
24 4
23 4
23 4
23 4
23 4
23 4
23 4
23 4
23 4
24 4
24 4
24 4
24 4
24 4
24 4
23 4
21 7
26 4
26 9
26 4
26 7
24 7
72 4
26 9
72 4
28 7
40 4
38 4
36 4
31 4
38 4
36 4
35 4
24 7
72 4
26 7
72 4
23 4
28 7
31 4
72 4
43 4
33 4
45 4
35 4
47 4
24 7
72 4
26 9
72 4
28 7
36 4
24 4
35 4
33 4
33 4
36 4
38 4
38 4
38 4
38 4
38 4
38 4
38 4
38 4
38 4
38 4
38 4
38 4
38 4
38 4
38 4
38 4
38 4
E
S
H
72 11
43 4
40 4
43 4
45 7
38 4
42 7
48 4
43 4
48 4
50 7
45 4
48 7
43 4
40 4
43 4
45 7
38 4
42 7
48 4
43 4
48 4
50 7
45 4
48 7
43 4
40 4
43 4
45 7
38 4
42 7
48 4
43 4
48 4
50 7
45 4
48 7
40 13
42 8
72 2
42 4
72 11
43 13
45 13
47 11
72 10
49 13
48 11
72 10
50 13
52 13
72 13
43 13
45 13
47 13
49 13
48 13
50 13
52 11
72 4
52 4
54 4
55 13
43 7
72 4
45 9
72 4
47 11
67 2
67 2
72 2
67 2
67 2
72 2
67 2
72 2
43 7
72 4
45 9
72 4
52 9
67 2
67 2
72 2
67 2
72 2
67 2
67 2
72 2
67 2
67 2
72 2
67 2
43 7
72 4
45 9
72 4
47 9
72 9
48 4
52 4
54 14
72 11
43 4
40 4
43 4
45 7
38 4
42 7
48 4
43 4
48 4
50 7
45 4
48 7
43 4
40 4
43 4
45 7
38 4
42 7
48 4
43 4
48 4
50 7
45 4
48 7
43 4
40 4
43 4
45 7
38 4
42 7
48 4
43 4
48 4
50 7
45 4
48 7
40 13
42 8
72 2
42 4
72 11
43 13
45 13
47 11
72 10
49 13
48 11
72 10
50 13
52 13
72 13
43 13
45 13
47 13
49 13
48 13
50 13
52 11
72 4
52 4
54 4
55 13
43 7
72 4
45 9
72 4
47 11
67 2
67 2
72 2
67 2
67 2
72 2
67 2
72 2
43 7
72 4
45 9
72 4
52 9
67 2
67 2
72 2
67 2
72 2
67 2
67 2
72 2
67 2
67 2
72 2
67 2
43 7
72 4
45 9
72 4
47 9
72 9
48 4
52 4
54 14
E
S
L
14 2
14 2
72 2
14 2
14 2
72 2
14 2
72 2
18 2
72 2
12 2
72 2
14 2
72 2
12 2
72 2
18 2
72 2
12 2
72 2
14 2
72 2
12 2
72 2
18 2
72 2
12 2
72 2
14 2
72 2
12 2
72 2
18 2
72 2
12 2
72 2
14 2
72 2
12 2
72 2
18 2
72 2
12 2
72 2
14 2
72 2
12 2
72 2
18 2
72 2
12 2
72 2
14 2
72 2
12 2
72 2
18 2
72 2
12 2
72 2
14 2
72 2
12 2
72 2
18 2
72 2
12 2
72 2
14 2
72 2
14 2
72 2
18 2
72 2
12 2
72 2
14 2
72 2
12 2
72 2
18 2
72 2
12 2
72 2
14 2
72 2
12 2
72 2
18 2
72 2
12 2
72 2
14 2
72 2
12 2
72 2
18 2
72 2
12 2
72 2
14 2
72 2
12 2
72 2
18 2
72 2
12 2
72 2
14 2
72 2
12 2
72 2
18 2
72 2
12 2
72 2
14 2
72 2
12 2
72 2
18 2
72 2
18 2
72 2
18 2
72 2
18 2
72 8
14 2
14 2
72 2
14 2
18 2
72 2
12 2
72 2
14 2
72 2
12 2
72 2
18 2
72 2
12 2
72 2
14 2
72 2
12 2
72 2
18 2
72 2
12 2
72 2
14 2
72 2
12 2
72 2
18 2
72 2
12 2
72 2
14 2
72 2
12 2
72 2
18 2
72 2
12 2
72 2
14 2
72 2
12 2
72 2
18 2
72 2
12 2
72 2
14 2
72 2
12 2
72 2
18 2
72 2
12 2
72 2
14 2
72 2
12 2
72 2
18 2
72 2
12 2
72 2
14 2
72 2
14 2
72 2
18 2
72 2
12 2
72 2
14 2
72 2
12 2
72 2
18 2
72 2
12 2
72 2
14 2
72 2
12 2
72 2
18 2
72 2
12 2
72 2
14 2
72 2
12 2
72 2
18 2
72 2
12 2
72 2
14 2
72 2
12 2
72 2
18 2
72 2
12 2
72 2
14 2
72 2
12 2
72 2
18 2
72 2
12 2
72 2
14 2
72 2
12 2
72 2
14 2
14 2
72 2
18 2
14 2
72 10
14 2
14 2
72 2
14 2
18 2
72 2
12 2
72 2
14 2
72 2
12 2
72 2
18 2
72 2
12 2
72 2
14 2
72 2
12 2
72 2
18 2
72 2
12 2
72 2
14 2
72 2
12 2
72 2
18 2
72 2
12 2
72 2
14 2
72 2
12 2
72 2
18 2
72 2
12 2
72 2
14 2
72 2
12 2
72 2
18 2
72 2
12 2
72 2
14 2
72 2
12 2
72 2
18 2
72 2
12 2
72 2
14 2
72 2
12 2
72 2
18 2
72 2
12 2
72 2
14 2
72 2
14 2
72 2
18 2
72 2
12 2
72 2
14 2
72 2
12 2
72 2
18 2
72 2
12 2
72 2
14 2
72 2
12 2
72 2
18 2
72 2
12 2
72 2
14 2
72 2
12 2
72 2
18 2
72 2
12 2
72 2
14 2
72 2
12 2
72 2
18 2
72 2
12 2
72 2
14 2
72 2
12 2
72 2
18 2
72 2
14 2
72 2
14 2
72 2
14 2
72 2
12 2
72 2
12 2
72 2
12 2
72 2
18 2
72 2
12 2
72 4
14 2
14 2
72 2
14 2
72 2
18 2
72 2
12 2
72 2
14 2
72 2
12 2
72 2
18 2
72 2
12 2
72 2
14 2
72 2
18 2
72 6
18 2
72 2
14 2
72 2
18 2
72 2
14 2
72 2
18 2
72 2
14 2
72 2
14 2
72 2
18 2
72 2
12 2
72 2
14 2
72 2
12 2
72 2
18 2
72 2
12 2
72 2
14 2
72 2
18 2
72 6
18 2
72 2
14 2
72 2
18 2
72 2
14 2
72 2
18 2
72 2
14 2
72 2
14 2
72 2
18 2
72 2
12 2
72 2
14 2
72 2
12 2
72 2
18 2
72 2
12 2
72 2
14 2
72 8
18 2
72 2
12 2
72 2
18 2
72 2
14 2
72 2
14 2
72 2
14 2
72 2
18 2
72 2
18 2
72 2
12 2
72 2
14 2
72 2
12 2
72 2
18 2
72 2
12 2
72 2
14 2
72 2
12 2
72 2
18 2
72 2
12 2
72 2
14 2
72 2
14 2
72 2
14 2
72 2
14 2
72 2
14 2
14 2
18 2
18 2
18 2
72 2
12 2
72 2
14 2
72 2
12 2
72 2
18 2
72 2
12 2
72 2
14 2
72 2
12 2
72 2
18 2
72 2
12 2
72 2
14 2
72 2
12 2
72 2
18 2
72 2
12 2
72 2
14 2
72 2
12 2
72 2
18 2
72 2
12 2
72 2
14 2
72 2
12 2
72 2
18 2
72 2
12 2
72 2
14 2
72 2
12 2
72 2
18 2
72 2
12 2
72 2
14 2
72 2
12 2
72 2
18 2
72 2
12 2
72 2
14 2
72 2
14 2
72 2
18 2
72 2
12 2
72 2
14 2
72 2
12 2
72 2
18 2
72 2
12 2
72 2
14 2
72 2
12 2
72 2
18 2
72 2
12 2
72 2
14 2
72 2
12 2
72 2
18 2
72 2
12 2
72 2
14 2
72 2
12 2
72 2
18 2
72 2
12 2
72 2
14 2
72 2
12 2
72 2
18 2
72 2
12 2
72 2
14 2
72 2
12 2
72 2
18 2
72 2
18 2
72 2
18 2
72 2
18 2
72 8
14 2
14 2
72 2
14 2
18 2
72 2
12 2
72 2
14 2
72 2
12 2
72 2
18 2
72 2
12 2
72 2
14 2
72 2
12 2
72 2
18 2
72 2
12 2
72 2
14 2
72 2
12 2
72 2
18 2
72 2
12 2
72 2
14 2
72 2
12 2
72 2
18 2
72 2
12 2
72 2
14 2
72 2
12 2
72 2
18 2
72 2
12 2
72 2
14 2
72 2
12 2
72 2
18 2
72 2
12 2
72 2
14 2
72 2
12 2
72 2
18 2
72 2
12 2
72 2
14 2
72 2
14 2
72 2
18 2
72 2
12 2
72 2
14 2
72 2
12 2
72 2
18 2
72 2
12 2
72 2
14 2
72 2
12 2
72 2
18 2
72 2
12 2
72 2
14 2
72 2
12 2
72 2
18 2
72 2
12 2
72 2
14 2
72 2
12 2
72 2
18 2
72 2
12 2
72 2
14 2
72 2
12 2
72 2
18 2
72 2
12 2
72 2
14 2
72 2
12 2
72 2
14 2
14 2
72 2
18 2
14 2
72 10
14 2
14 2
72 2
14 2
18 2
72 2
12 2
72 2
14 2
72 2
12 2
72 2
18 2
72 2
12 2
72 2
14 2
72 2
12 2
72 2
18 2
72 2
12 2
72 2
14 2
72 2
12 2
72 2
18 2
72 2
12 2
72 2
14 2
72 2
12 2
72 2
18 2
72 2
12 2
72 2
14 2
72 2
12 2
72 2
18 2
72 2
12 2
72 2
14 2
72 2
12 2
72 2
18 2
72 2
12 2
72 2
14 2
72 2
12 2
72 2
18 2
72 2
12 2
72 2
14 2
72 2
14 2
72 2
18 2
72 2
12 2
72 2
14 2
72 2
12 2
72 2
18 2
72 2
12 2
72 2
14 2
72 2
12 2
72 2
18 2
72 2
12 2
72 2
14 2
72 2
12 2
72 2
18 2
72 2
12 2
72 2
14 2
72 2
12 2
72 2
18 2
72 2
12 2
72 2
14 2
72 2
12 2
72 2
18 2
72 2
14 2
72 2
14 2
72 2
14 2
72 2
12 2
72 2
12 2
72 2
12 2
72 2
18 2
72 2
12 2
72 4
14 2
14 2
72 2
14 2
72 2
18 2
72 2
12 2
72 2
14 2
72 2
12 2
72 2
18 2
72 2
12 2
72 2
14 2
72 2
18 2
72 6
18 2
72 2
14 2
72 2
18 2
72 2
14 2
72 2
18 2
72 2
14 2
72 2
14 2
72 2
18 2
72 2
12 2
72 2
14 2
72 2
12 2
72 2
18 2
72 2
12 2
72 2
14 2
72 2
18 2
72 6
18 2
72 2
14 2
72 2
18 2
72 2
14 2
72 2
18 2
72 2
14 2
72 2
14 2
72 2
18 2
72 2
12 2
72 2
14 2
72 2
12 2
72 2
18 2
72 2
12 2
72 2
14 2
72 8
18 2
72 2
12 2
72 2
18 2
72 2
14 2
72 2
14 2
72 2
14 2
72 2
18 2
72 2
18 2
72 2
12 2
72 2
14 2
72 2
12 2
72 2
18 2
72 2
12 2
72 2
14 2
72 2
12 2
72 2
18 2
72 2
12 2
72 2
14 2
72 2
14 2
72 2
14 2
72 2
14 2
72 2
14 2
14 2
18 2
18 2
E
X
