major
S
H
72 13
36 6
72 2
40 6
72 2
43 8
72 2
41 2
40 2
38 3
72 1
38 3
72 1
38 3
72 1
40 3
72 1
36 8
72 2
31 3
72 1
38 3
72 1
38 3
72 1
38 3
72 1
31 3
72 1
40 3
72 1
40 3
72 1
40 3
72 1
31 3
72 1
43 3
72 1
43 3
72 1
43 2
45 2
43 2
41 2
40 2
38 10
72 3
40 3
72 1
43 3
72 1
36 3
72 1
40 3
72 1
45 6
72 2
43 3
72 1
41 3
72 1
40 3
72 1
43 3
72 1
36 3
72 1
40 3
72 1
45 6
72 2
43 3
72 1
41 3
72 1
40 3
72 1
43 3
72 1
36 3
72 1
40 3
72 1
45 6
72 2
43 3
72 1
41 3
72 1
40 3
72 1
41 2
40 2
38 2
40 0
38 5
72 0
36 0
72 2
36 8
72 6
41 6
72 2
45 6
72 2
48 8
72 2
46 2
45 2
43 3
72 1
43 3
72 1
43 3
72 1
45 3
72 1
41 10
72 3
46 3
72 1
46 3
72 1
46 3
72 1
45 3
72 1
43 3
72 1
43 3
72 1
43 3
72 1
41 3
72 1
40 3
72 1
41 3
72 1
43 6
72 2
48 8
72 2
46 2
45 2
43 3
72 1
43 3
72 1
43 3
72 1
45 3
72 1
42 3
72 1
39 3
72 1
38 3
72 1
36 3
72 1
34 10
72 3
40 10
72 3
41 6
72 2
48 6
72 2
51 8
72 2
50 2
48 2
47 3
72 1
47 3
72 1
47 3
72 1
50 3
72 1
43 3
72 1
43 3
72 1
43 3
72 1
41 3
72 1
40 6
72 8
228 3
72 1
228 3
72 1
228 3
72 1
228 3
72 1
45 3
72 14
52 3
72 1
52 2
53 2
52 2
51 2
52 2
57 3
72 1
55 3
72 1
53 3
72 1
52 3
72 1
52 3
72 1
48 3
72 13
48 3
72 1
48 2
50 2
48 2
47 2
48 2
57 6
72 2
54 6
72 2
55 12
72 6
36 6
72 2
40 6
72 2
43 8
72 2
41 2
40 2
38 3
72 1
38 3
72 1
38 3
72 1
40 3
72 1
36 8
72 2
31 3
72 1
38 3
72 1
38 3
72 1
38 3
72 1
31 3
72 1
40 3
72 1
40 3
72 1
40 3
72 1
31 3
72 1
43 3
72 1
43 3
72 1
43 2
45 2
43 2
41 2
40 2
38 10
72 3
40 3
72 1
43 3
72 1
36 3
72 1
40 3
72 1
45 6
72 2
43 3
72 1
41 3
72 1
40 3
72 1
43 3
72 1
36 3
72 1
40 3
72 1
45 6
72 2
43 3
72 1
41 3
72 1
40 3
72 1
43 3
72 1
36 3
72 1
40 3
72 1
45 6
72 2
43 3
72 1
41 3
72 1
40 3
72 1
41 2
40 2
38 2
40 0
38 5
72 0
36 0
72 2
36 8
72 6
41 6
72 2
45 6
72 2
48 8
72 2
46 2
45 2
43 3
72 1
43 3
72 1
43 3
72 1
45 3
72 1
41 10
72 3
46 3
72 1
46 3
72 1
46 3
72 1
45 3
72 1
43 3
72 1
43 3
72 1
43 3
72 1
41 3
72 1
40 3
72 1
41 3
72 1
43 6
72 2
48 8
72 2
46 2
45 2
43 3
72 1
43 3
72 1
43 3
72 1
45 3
72 1
42 3
72 1
39 3
72 1
38 3
72 1
36 3
72 1
34 10
72 3
40 10
72 3
41 6
72 2
48 6
72 2
51 8
72 2
50 2
48 2
47 3
72 1
47 3
72 1
47 3
72 1
50 3
72 1
43 3
72 1
43 3
72 1
43 3
72 1
41 3
72 1
40 6
72 8
228 3
72 1
228 3
72 1
228 3
72 1
228 3
72 1
45 3
72 14
52 3
72 1
52 2
53 2
52 2
51 2
52 2
57 3
72 1
55 3
72 1
53 3
72 1
52 3
72 1
52 3
72 1
48 3
72 13
48 3
72 1
48 2
50 2
48 2
47 2
48 2
57 6
72 2
54 6
72 2
55 12
72 6
36 6
72 2
40 6
72 2
43 8
72 2
41 2
40 2
38 3
72 1
38 3
72 1
38 3
72 1
40 3
72 1
36 10
72 3
38 3
72 1
38 3
72 1
38 3
72 1
31 3
72 1
40 3
72 1
40 3
72 1
40 3
72 1
31 3
72 1
43 3
72 1
43 3
72 1
43 2
45 2
43 2
41 2
40 2
38 10
E
S
H
72 13
31 6
72 2
36 6
72 2
40 8
72 2
38 2
36 2
31 3
72 1
31 3
72 1
31 3
72 1
31 3
72 1
36 10
72 3
31 3
72 1
31 3
72 1
31 3
72 1
31 3
72 1
36 3
72 1
36 3
72 1
36 3
72 1
36 3
72 1
40 3
72 1
40 3
72 1
40 2
41 2
40 2
38 2
36 2
35 10
72 3
36 3
72 1
40 3
72 1
31 3
72 1
36 3
72 1
41 6
72 2
40 3
72 1
38 3
72 1
36 3
72 1
40 3
72 1
31 3
72 1
36 3
72 1
41 6
72 2
40 3
72 1
38 3
72 1
36 3
72 1
40 3
72 1
31 3
72 1
36 3
72 1
41 6
72 2
40 3
72 1
38 3
72 1
36 6
72 2
35 5
72 0
36 2
36 6
72 12
33 6
72 2
36 6
72 2
40 3
72 1
40 3
72 1
40 3
72 1
36 3
72 1
33 3
72 1
36 3
72 1
41 3
72 1
45 3
72 1
50 3
72 1
50 3
72 1
50 3
72 1
48 3
72 1
46 3
72 1
46 3
72 1
46 3
72 1
45 3
72 1
43 3
72 1
45 3
72 1
41 3
72 1
43 3
72 1
40 3
72 1
41 3
72 1
38 3
72 1
40 3
72 11
45 6
72 2
54 6
72 2
55 10
72 3
52 10
72 11
45 3
72 1
45 3
72 1
45 3
72 1
48 3
72 1
50 6
72 2
53 6
72 2
47 8
72 2
48 2
50 2
48 6
72 2
43 6
72 2
40 8
72 2
41 2
43 2
45 3
72 1
43 3
72 1
41 3
72 1
40 3
72 1
43 3
72 1
41 3
72 1
40 3
72 1
38 3
72 5
37 3
72 1
37 2
38 2
37 2
36 2
37 2
72 4
38 3
72 1
38 2
39 2
38 2
37 2
38 2
72 4
39 3
72 1
39 2
40 2
39 2
38 2
72 6
40 3
72 1
42 3
72 1
44 3
72 13
41 3
72 1
41 2
43 2
41 2
40 2
41 2
48 3
72 1
47 3
72 1
45 3
72 1
43 3
72 13
48 3
72 1
48 2
50 2
48 2
47 2
45 2
47 10
72 3
31 6
72 2
36 6
72 2
40 8
72 2
38 2
36 2
31 3
72 1
31 3
72 1
31 3
72 1
31 3
72 1
36 10
72 3
31 3
72 1
31 3
72 1
31 3
72 1
31 3
72 1
36 3
72 1
36 3
72 1
36 3
72 1
36 3
72 1
40 3
72 1
40 3
72 1
40 2
41 2
40 2
38 2
36 2
35 10
72 3
36 3
72 1
40 3
72 1
31 3
72 1
36 3
72 1
41 6
72 2
40 3
72 1
38 3
72 1
36 3
72 1
40 3
72 1
31 3
72 1
36 3
72 1
41 6
72 2
40 3
72 1
38 3
72 1
36 3
72 1
40 3
72 1
31 3
72 1
36 3
72 1
41 6
72 2
40 3
72 1
38 3
72 1
36 6
72 2
35 5
72 0
36 2
36 6
72 12
33 6
72 2
36 6
72 2
40 3
72 1
40 3
72 1
40 3
72 1
36 3
72 1
33 3
72 1
36 3
72 1
41 3
72 1
45 3
72 1
50 3
72 1
50 3
72 1
50 3
72 1
48 3
72 1
46 3
72 1
46 3
72 1
46 3
72 1
45 3
72 1
43 3
72 1
45 3
72 1
41 3
72 1
43 3
72 1
40 3
72 1
41 3
72 1
38 3
72 1
40 3
72 11
45 6
72 2
54 6
72 2
55 10
72 3
52 10
72 11
45 3
72 1
45 3
72 1
45 3
72 1
48 3
72 1
50 6
72 2
53 6
72 2
47 8
72 2
48 2
50 2
48 6
72 2
43 6
72 2
40 8
72 2
41 2
43 2
45 3
72 1
43 3
72 1
41 3
72 1
40 3
72 1
43 3
72 1
41 3
72 1
40 3
72 1
38 3
72 5
37 3
72 1
37 2
38 2
37 2
36 2
37 2
72 4
38 3
72 1
38 2
39 2
38 2
37 2
38 2
72 4
39 3
72 1
39 2
40 2
39 2
38 2
72 6
40 3
72 1
42 3
72 1
44 3
72 13
41 3
72 1
41 2
43 2
41 2
40 2
41 2
48 3
72 1
47 3
72 1
45 3
72 1
43 3
72 13
48 3
72 1
48 2
50 2
48 2
47 2
45 2
47 10
72 3
31 6
72 2
36 6
72 2
40 8
72 2
38 2
36 2
31 3
72 1
31 3
72 1
31 3
72 1
31 3
72 1
36 10
72 3
31 3
72 1
31 3
72 1
31 3
72 1
31 3
72 1
36 3
72 1
36 3
72 1
36 3
72 1
36 3
72 1
40 3
72 1
40 3
72 1
40 2
41 2
40 2
38 2
36 2
35 10
E
X
