major
S
L
14 4
16 4
17 4
21 4
14 4
16 4
17 4
21 4
14 4
16 4
17 4
21 4
14 4
16 4
17 4
21 4
12 4
14 4
15 4
19 4
12 4
14 4
15 4
19 4
12 4
14 4
15 4
19 4
12 4
14 4
15 4
19 4
14 4
16 4
17 4
21 4
14 4
16 4
17 4
21 4
14 4
16 4
17 4
21 4
14 4
16 4
17 4
21 4
12 4
14 4
15 4
19 4
12 4
14 4
15 4
19 4
12 4
14 4
15 4
19 4
12 4
14 4
15 4
19 4
14 4
16 4
17 4
21 4
14 4
16 4
17 4
21 4
14 4
16 4
17 4
21 4
14 4
16 4
17 4
21 4
12 4
14 4
15 4
19 4
12 4
14 4
15 4
19 4
12 4
14 4
15 4
19 4
12 4
14 4
15 4
19 4
14 4
16 4
17 4
21 4
14 4
16 4
17 4
21 4
14 4
16 4
17 4
21 4
14 4
16 4
17 4
21 4
12 4
14 4
15 4
19 4
12 4
14 4
15 4
19 4
12 4
14 4
15 4
19 4
12 4
14 4
15 4
19 4
14 4
16 4
17 4
21 4
14 4
16 4
17 4
21 4
14 4
16 4
17 4
21 4
14 4
16 4
17 4
21 4
12 4
14 4
15 4
19 4
12 4
14 4
15 4
19 4
12 4
14 4
15 4
19 4
12 4
14 4
15 4
19 4
14 4
16 4
17 4
21 4
14 4
16 4
17 4
21 4
14 4
16 4
17 4
21 4
14 4
16 4
17 4
21 4
12 4
14 4
15 4
19 4
12 4
14 4
15 4
19 4
12 4
14 4
15 4
19 4
12 4
14 4
15 4
19 4
E
S
H
72 14
50 4
72 4
48 2
50 2
72 2
50 2
72 2
48 2
50 2
48 2
52 2
50 4
53 2
72 2
52 2
53 2
55 2
53 2
52 4
53 2
72 9
50 4
48 4
72 4
45 2
48 2
72 2
48 2
72 2
45 2
48 2
45 2
50 2
48 4
48 2
72 13
50 4
72 4
48 2
50 2
72 2
50 2
72 2
48 2
50 2
48 2
52 2
50 4
53 2
72 2
52 2
53 2
55 2
53 2
52 4
53 2
72 9
50 4
48 4
72 4
45 2
48 2
72 2
48 2
72 2
45 2
48 2
45 2
50 2
48 4
48 2
72 11
45 2
72 2
48 2
50 4
E
S
H
72 14
50 4
72 4
48 2
50 2
72 2
50 2
72 2
48 2
50 2
48 2
52 2
50 4
53 2
72 2
52 2
53 2
55 2
53 2
52 4
53 2
72 9
50 4
48 4
72 4
45 2
48 2
72 2
48 2
72 2
45 2
48 2
45 2
50 2
48 4
48 2
72 13
50 4
72 4
48 2
50 2
72 2
50 2
72 2
48 2
50 2
48 2
52 2
50 4
53 2
72 2
52 2
53 2
55 2
53 2
52 4
53 2
72 9
50 4
48 4
72 4
45 2
48 2
72 2
48 2
72 2
45 2
48 2
45 2
50 2
48 4
48 2
72 11
45 2
72 2
48 2
50 4
E
S
H
72 14
62 2
60 2
57 2
55 2
57 2
55 2
53 2
72 6
52 2
72 2
52 2
53 2
72 4
62 2
60 2
57 2
55 2
57 2
55 2
53 2
72 6
52 2
72 2
52 2
53 2
72 4
57 2
72 2
55 2
72 6
53 2
72 10
53 2
72 2
52 2
72 13
62 2
60 2
57 2
55 2
57 2
55 2
53 2
72 6
52 2
72 2
52 2
53 2
72 4
62 2
60 2
57 2
55 2
57 2
55 2
53 2
72 6
52 2
72 2
52 2
53 2
72 4
57 2
72 2
55 2
72 6
53 2
72 10
53 2
72 2
52 2
E
S
H
72 14
62 2
60 2
57 2
55 2
57 2
55 2
53 2
72 6
52 2
72 2
52 2
53 2
72 4
62 2
60 2
57 2
55 2
57 2
55 2
53 2
72 6
52 2
72 2
52 2
53 2
72 4
57 2
72 2
55 2
72 6
53 2
72 10
53 2
72 2
52 2
72 13
62 2
60 2
57 2
55 2
57 2
55 2
53 2
72 6
52 2
72 2
52 2
53 2
72 4
62 2
60 2
57 2
55 2
57 2
55 2
53 2
72 6
52 2
72 2
52 2
53 2
72 4
57 2
72 2
55 2
72 6
53 2
72 10
53 2
72 2
52 2
E
S
L
173 2
18 2
18 2
18 2
175 2
18 2
18 2
18 2
173 2
18 2
18 2
18 2
175 2
18 2
18 2
18 2
173 2
18 2
18 2
18 2
175 2
18 2
18 2
18 2
173 2
18 2
18 2
18 2
175 2
18 2
18 2
18 2
173 2
18 2
18 2
18 2
175 2
18 2
18 2
18 2
173 2
18 2
18 2
18 2
175 2
18 2
18 2
18 2
173 2
18 2
18 2
18 2
175 2
18 2
18 2
18 2
173 2
18 2
18 2
18 2
175 2
18 2
18 2
18 2
173 2
18 2
18 2
18 2
175 2
18 2
18 2
18 2
173 2
18 2
18 2
18 2
175 2
18 2
18 2
18 2
173 2
18 2
18 2
18 2
175 2
18 2
18 2
18 2
173 2
18 2
18 2
18 2
175 2
18 2
18 2
18 2
173 2
18 2
18 2
18 2
175 2
18 2
18 2
18 2
173 2
18 2
18 2
18 2
175 2
18 2
18 2
18 2
173 2
18 2
18 2
18 2
175 2
18 2
18 2
18 2
173 2
18 2
18 2
18 2
175 2
18 2
18 2
18 2
173 2
18 2
18 2
18 2
175 2
18 2
18 2
18 2
173 2
18 2
18 2
18 2
175 2
18 2
18 2
18 2
173 2
18 2
18 2
18 2
175 2
18 2
18 2
18 2
173 2
18 2
18 2
18 2
175 2
18 2
18 2
18 2
173 2
18 2
18 2
18 2
175 2
18 2
18 2
18 2
173 2
18 2
18 2
18 2
175 2
18 2
18 2
18 2
173 2
18 2
18 2
18 2
175 2
18 2
18 2
18 2
173 2
18 2
18 2
18 2
175 2
18 2
18 2
18 2
173 2
18 2
18 2
18 2
175 2
18 2
18 2
18 2
173 2
18 2
18 2
18 2
175 2
18 2
18 2
18 2
173 2
18 2
18 2
18 2
175 2
18 2
18 2
18 2
173 2
18 2
18 2
18 2
175 2
18 2
18 2
18 2
173 2
18 2
18 2
18 2
175 2
18 2
18 2
18 2
173 2
18 2
18 2
18 2
175 2
18 2
18 2
18 2
173 2
18 2
18 2
18 2
175 2
18 2
18 2
18 2
173 2
18 2
18 2
18 2
175 2
18 2
18 2
18 2
173 2
18 2
18 2
18 2
175 2
18 2
18 2
18 2
173 2
18 2
18 2
18 2
175 2
18 2
18 2
18 2
173 2
18 2
18 2
18 2
175 2
18 2
18 2
18 2
173 2
18 2
18 2
18 2
175 2
18 2
18 2
18 2
173 2
18 2
18 2
18 2
175 2
18 2
18 2
18 2
173 2
18 2
18 2
18 2
175 2
18 2
18 2
18 2
173 2
18 2
18 2
18 2
175 2
18 2
18 2
18 2
173 2
18 2
18 2
18 2
175 2
18 2
18 2
18 2
173 2
18 2
18 2
18 2
175 2
18 2
18 2
18 2
173 2
18 2
18 2
18 2
175 2
18 2
18 2
18 2
173 2
18 2
18 2
18 2
175 2
18 2
18 2
18 2
173 2
18 2
18 2
18 2
175 2
18 2
18 2
18 2
173 2
18 2
18 2
18 2
175 2
18 2
18 2
18 2
173 2
18 2
18 2
18 2
175 2
18 2
18 2
18 2
173 2
18 2
18 2
18 2
175 2
18 2
18 2
18 2
173 2
18 2
18 2
18 2
175 2
18 2
18 2
18 2
E
X
