minor
S
H
161 2
187 2
108 2
226 2
72 2
108 2
72 2
187 2
72 2
226 2
72 2
187 2
200 4
161 4
161 2
187 2
108 2
226 2
72 2
108 2
72 2
187 2
72 2
226 2
72 2
187 2
200 4
161 4
161 2
187 2
108 2
226 2
72 2
108 2
72 2
187 2
72 2
226 2
72 2
187 2
200 4
161 4
161 2
187 2
108 2
226 2
72 2
108 6
200 7
187 7
161 2
187 2
108 2
226 2
72 2
108 2
72 2
187 2
72 2
226 2
72 2
187 2
200 4
161 4
161 2
187 2
108 2
226 2
72 2
108 2
72 2
187 2
72 2
226 2
72 2
187 2
200 4
161 4
161 2
187 2
108 2
226 2
72 2
108 2
72 2
187 2
72 2
226 2
72 2
187 2
200 4
161 4
161 2
187 2
108 2
226 2
72 2
108 6
200 7
187 7
161 2
187 2
108 2
226 2
72 2
108 2
72 2
187 2
72 2
226 2
72 2
187 2
200 4
161 4
161 2
187 2
108 2
226 2
72 2
108 2
72 2
187 2
72 2
226 2
72 2
187 2
200 4
161 4
161 2
187 2
108 2
226 2
72 2
108 2
72 2
187 2
72 2
226 2
72 2
187 2
200 4
161 4
161 2
187 2
108 2
226 2
72 2
108 6
200 7
187 7
161 2
187 2
108 2
226 2
72 2
108 2
72 2
187 2
72 2
226 2
72 2
187 2
200 4
161 4
161 2
187 2
108 2
226 2
72 2
108 2
72 2
187 2
72 2
226 2
72 2
187 2
200 4
161 4
161 2
187 2
108 2
226 2
72 2
108 2
72 2
187 2
72 2
226 2
72 2
187 2
200 4
161 4
161 2
187 2
108 2
226 2
72 2
108 6
200 7
187 7
E
S
L
17 2
17 2
17 2
17 2
17 2
17 2
17 2
17 2
17 2
17 2
17 2
17 2
17 2
17 2
17 2
17 2
15 2
15 2
15 2
15 2
15 2
15 2
15 2
15 2
15 2
15 2
15 2
15 2
15 2
15 2
15 2
15 2
13 2
13 2
13 2
13 2
13 2
13 2
13 2
13 2
13 2
13 2
13 2
13 2
13 2
13 2
13 2
13 2
12 2
12 2
12 2
12 2
12 2
12 2
12 2
12 2
12 2
12 2
12 2
12 2
12 2
12 2
12 2
12 2
17 2
17 2
17 2
17 2
17 2
17 2
17 2
17 2
17 2
17 2
17 2
17 2
17 2
17 2
17 2
17 2
15 2
15 2
15 2
15 2
15 2
15 2
15 2
15 2
15 2
15 2
15 2
15 2
15 2
15 2
15 2
15 2
13 2
13 2
13 2
13 2
13 2
13 2
13 2
13 2
13 2
13 2
13 2
13 2
13 2
13 2
13 2
13 2
12 2
12 2
12 2
12 2
12 2
12 2
12 2
12 2
12 2
12 2
12 2
12 2
12 2
12 2
12 2
12 2
17 2
17 2
17 2
17 2
17 2
17 2
17 2
17 2
17 2
17 2
17 2
17 2
17 2
17 2
17 2
17 2
15 2
15 2
15 2
15 2
15 2
15 2
15 2
15 2
15 2
15 2
15 2
15 2
15 2
15 2
15 2
15 2
13 2
13 2
13 2
13 2
13 2
13 2
13 2
13 2
13 2
13 2
13 2
13 2
13 2
13 2
13 2
13 2
12 2
12 2
12 2
12 2
12 2
12 2
12 2
12 2
12 2
12 2
12 2
12 2
12 2
12 2
12 2
12 2
17 2
17 2
17 2
17 2
17 2
17 2
17 2
17 2
17 2
17 2
17 2
17 2
17 2
17 2
17 2
17 2
15 2
15 2
15 2
15 2
15 2
15 2
15 2
15 2
15 2
15 2
15 2
15 2
15 2
15 2
15 2
15 2
13 2
13 2
13 2
13 2
13 2
13 2
13 2
13 2
13 2
13 2
13 2
13 2
13 2
13 2
13 2
13 2
12 2
12 2
12 2
12 2
12 2
12 2
12 2
12 2
12 2
12 2
12 2
12 2
12 2
12 2
12 2
12 2
E
S
H
46 2
46 2
46 2
46 2
46 2
46 2
46 2
46 2
46 2
46 2
46 2
46 2
14 2
46 2
14 2
46 2
46 2
46 2
46 2
46 2
46 2
46 2
46 2
46 2
46 2
46 2
46 2
46 2
14 2
46 2
14 2
46 2
46 2
46 2
46 2
46 2
46 2
46 2
46 2
46 2
46 2
46 2
46 2
46 2
223 2
46 2
223 2
46 2
46 2
46 2
46 2
46 2
46 2
46 2
46 2
46 2
25 2
46 2
46 2
46 2
25 2
46 2
46 2
46 2
46 2
46 2
46 2
46 2
46 2
46 2
46 2
46 2
46 2
46 2
46 2
46 2
14 2
46 2
14 2
46 2
46 2
46 2
46 2
46 2
46 2
46 2
46 2
46 2
46 2
46 2
46 2
46 2
14 2
46 2
14 2
46 2
46 2
46 2
46 2
46 2
46 2
46 2
46 2
46 2
46 2
46 2
46 2
46 2
223 2
46 2
223 2
46 2
46 2
46 2
46 2
46 2
46 2
46 2
46 2
46 2
25 2
46 2
46 2
46 2
25 2
46 2
46 2
46 2
46 2
46 2
46 2
46 2
46 2
46 2
46 2
46 2
46 2
46 2
46 2
46 2
14 2
46 2
14 2
46 2
46 2
46 2
46 2
46 2
46 2
46 2
46 2
46 2
46 2
46 2
46 2
46 2
14 2
46 2
14 2
46 2
46 2
46 2
46 2
46 2
46 2
46 2
46 2
46 2
46 2
46 2
46 2
46 2
223 2
46 2
223 2
46 2
46 2
46 2
46 2
46 2
46 2
46 2
46 2
46 2
25 2
46 2
46 2
46 2
25 2
46 2
46 2
46 2
46 2
46 2
46 2
46 2
46 2
46 2
46 2
46 2
46 2
46 2
46 2
46 2
14 2
46 2
14 2
46 2
46 2
46 2
46 2
46 2
46 2
46 2
46 2
46 2
46 2
46 2
46 2
46 2
14 2
46 2
14 2
46 2
46 2
46 2
46 2
46 2
46 2
46 2
46 2
46 2
46 2
46 2
46 2
46 2
223 2
46 2
223 2
46 2
46 2
46 2
46 2
46 2
46 2
46 2
46 2
46 2
25 2
46 2
46 2
46 2
25 2
46 2
46 2
46 2
E
S
H
161 2
187 2
108 2
226 2
72 2
108 2
72 2
187 2
72 2
226 2
72 2
187 2
200 4
161 4
161 2
187 2
108 2
226 2
72 2
108 2
72 2
187 2
72 2
226 2
72 2
187 2
200 4
161 4
161 2
187 2
108 2
226 2
72 2
108 2
72 2
187 2
72 2
226 2
72 2
187 2
200 4
161 4
161 2
187 2
108 2
226 2
72 2
108 6
200 7
187 7
161 2
187 2
108 2
226 2
72 2
108 2
72 2
187 2
72 2
226 2
72 2
187 2
200 4
161 4
161 2
187 2
108 2
226 2
72 2
108 2
72 2
187 2
72 2
226 2
72 2
187 2
200 4
161 4
161 2
187 2
108 2
226 2
72 2
108 2
72 2
187 2
72 2
226 2
72 2
187 2
200 4
161 4
161 2
187 2
108 2
226 2
72 2
108 6
200 7
187 7
161 2
187 2
108 2
226 2
72 2
108 2
72 2
187 2
72 2
226 2
72 2
187 2
200 4
161 4
161 2
187 2
108 2
226 2
72 2
108 2
72 2
187 2
72 2
226 2
72 2
187 2
200 4
161 4
161 2
187 2
108 2
226 2
72 2
108 2
72 2
187 2
72 2
226 2
72 2
187 2
200 4
161 4
161 2
187 2
108 2
226 2
72 2
108 6
200 7
187 7
161 2
187 2
108 2
226 2
72 2
108 2
72 2
187 2
72 2
226 2
72 2
187 2
200 4
161 4
161 2
187 2
108 2
226 2
72 2
108 2
72 2
187 2
72 2
226 2
72 2
187 2
200 4
161 4
161 2
187 2
108 2
226 2
72 2
108 2
72 2
187 2
72 2
226 2
72 2
187 2
200 4
161 4
161 2
187 2
108 2
226 2
72 2
108 6
200 7
187 7
E
S
L
161 13
147 13
121 13
108 13
161 13
147 13
121 13
108 13
161 13
147 13
121 13
108 13
161 13
147 13
121 13
108 13
E
X
