major
S
L
218 14
231 4
244 4
101 14
101 4
114 4
127 14
127 2
101 2
218 2
192 2
166 13
192 4
192 4
192 4
192 4
192 4
192 4
192 2
192 2
192 4
101 4
218 2
218 2
218 2
218 2
101 4
218 2
218 2
218 2
218 2
101 4
218 2
218 2
244 4
218 2
218 2
218 2
218 2
244 4
218 2
218 2
218 2
218 2
244 4
218 2
218 2
231 4
218 2
218 2
218 2
218 2
231 4
218 2
218 2
218 2
218 2
231 4
218 2
218 2
218 13
101 4
218 2
218 2
218 2
218 2
101 4
218 2
218 2
218 2
218 2
101 4
218 2
218 2
244 4
218 2
218 2
218 2
218 2
244 4
218 2
218 2
218 2
218 2
244 4
218 2
218 2
231 4
218 2
218 2
218 2
218 2
231 4
218 2
218 2
218 2
218 2
231 4
218 2
218 2
218 11
192 2
218 2
244 2
101 4
101 6
101 4
218 2
218 2
218 2
218 2
101 4
218 2
218 2
218 2
218 2
101 4
218 2
218 2
244 4
218 2
218 2
218 2
218 2
244 4
218 2
218 2
218 2
218 2
244 4
218 2
218 2
231 4
218 2
218 2
218 2
218 2
231 4
218 2
218 2
218 2
218 2
231 4
218 2
218 2
218 4
218 2
218 2
218 2
218 2
218 4
218 2
218 2
218 2
218 2
218 4
218 2
218 2
101 4
218 2
218 2
218 2
218 2
101 4
218 2
218 2
218 2
218 2
101 4
218 2
218 2
244 4
218 2
218 2
218 2
218 2
244 4
218 2
218 2
218 2
218 2
244 4
218 2
218 2
231 4
218 2
218 2
218 2
218 2
231 4
218 2
218 2
218 2
218 2
231 4
218 2
218 2
218 4
218 2
218 2
218 2
218 2
218 4
192 2
218 2
244 2
101 4
101 6
101 4
218 2
218 2
218 2
218 2
101 4
218 2
218 2
218 2
218 2
101 4
218 2
218 2
244 4
218 2
218 2
218 2
218 2
244 4
218 2
218 2
218 2
218 2
244 4
218 2
218 2
231 4
218 2
218 2
218 2
218 2
231 4
218 2
218 2
218 2
218 2
231 4
218 2
218 2
218 4
218 2
218 2
218 2
218 2
218 4
218 2
218 2
218 2
218 2
218 4
218 2
218 2
101 4
218 2
218 2
218 2
218 2
101 4
218 2
218 2
218 2
218 2
101 4
218 2
218 2
244 4
218 2
218 2
218 2
218 2
244 4
218 2
218 2
218 2
218 2
244 4
218 2
218 2
231 4
218 2
218 2
218 2
218 2
231 4
218 2
218 2
218 2
218 2
231 4
218 2
218 2
218 4
218 2
218 2
218 2
218 2
218 4
192 2
218 2
244 2
101 4
101 6
127 7
72 4
101 4
127 4
72 9
127 7
72 4
101 4
127 4
218 4
244 2
101 6
127 7
72 4
101 4
127 4
72 9
127 7
72 4
101 4
127 4
218 4
244 2
101 6
127 7
72 4
101 4
127 4
72 9
127 7
72 4
101 4
127 4
218 4
244 2
101 6
127 7
72 4
101 4
127 4
72 9
127 7
72 4
101 4
127 4
218 4
244 2
101 6
153 7
72 4
127 4
153 4
72 9
153 7
72 4
127 4
153 4
231 4
244 2
127 6
153 7
72 4
127 4
153 4
72 9
153 7
72 4
127 4
153 4
231 4
244 2
127 6
153 7
72 4
127 4
153 4
72 9
153 7
72 4
127 4
153 4
231 4
244 2
127 6
153 7
72 4
127 4
153 4
72 9
166 7
192 7
205 7
218 7
218 13
101 13
127 13
166 11
192 11
218 13
192 13
179 13
166 13
218 13
101 13
127 13
166 11
192 11
218 13
192 13
179 13
166 13
218 4
72 7
153 4
192 4
218 4
72 4
153 9
192 4
218 4
101 4
127 4
101 4
72 4
218 4
72 7
153 4
192 4
218 4
72 4
153 9
192 4
218 4
101 4
72 9
218 4
72 7
153 4
192 4
218 4
72 4
153 9
192 4
218 4
101 4
127 4
101 4
72 4
218 4
72 7
153 4
192 4
218 4
72 4
153 9
192 4
218 4
101 4
72 9
218 4
72 7
153 4
192 4
218 4
72 4
153 9
192 4
218 4
101 4
127 4
101 4
72 4
218 4
72 7
153 4
192 4
218 4
72 4
153 9
192 4
218 4
101 4
72 9
218 4
72 7
153 4
192 4
218 4
72 4
153 9
192 4
218 4
101 4
127 4
101 4
72 4
218 4
72 7
153 4
192 4
218 4
72 4
153 9
192 4
218 4
101 4
72 9
218 4
72 7
153 4
192 4
218 4
72 4
153 9
192 4
218 4
101 4
127 4
101 4
72 4
218 4
72 7
153 4
192 4
218 4
72 4
153 9
192 4
218 4
101 4
72 9
218 4
72 7
153 4
192 4
218 4
72 4
153 9
192 4
218 4
101 4
127 4
101 4
218 4
218 7
192 4
218 7
192 4
218 7
192 4
218 7
192 4
218 4
101 4
218 7
101 4
218 2
218 2
218 2
218 2
101 4
218 2
218 2
218 2
218 2
101 4
218 2
218 2
244 4
218 2
218 2
218 2
218 2
244 4
218 2
218 2
218 2
218 2
244 4
218 2
218 2
231 4
218 2
218 2
218 2
218 2
231 4
218 2
218 2
218 2
218 2
231 4
218 2
218 2
218 13
101 4
218 2
218 2
218 2
218 2
101 4
218 2
218 2
218 2
218 2
101 4
218 2
218 2
244 4
218 2
218 2
218 2
218 2
244 4
218 2
218 2
218 2
218 2
244 4
218 2
218 2
231 4
218 2
218 2
218 2
218 2
231 4
218 2
218 2
218 2
218 2
231 4
218 2
218 2
218 11
192 2
218 2
244 2
101 4
101 6
101 4
218 2
218 2
218 2
218 2
101 4
218 2
218 2
218 2
218 2
101 4
218 2
218 2
244 4
218 2
218 2
218 2
218 2
244 4
218 2
218 2
218 2
218 2
244 4
218 2
218 2
231 4
218 2
218 2
218 2
218 2
231 4
218 2
218 2
218 2
218 2
231 4
218 2
218 2
218 13
101 4
218 2
218 2
218 2
218 2
101 4
218 2
218 2
218 2
218 2
101 4
218 2
218 2
244 4
218 2
218 2
218 2
218 2
244 4
218 2
218 2
218 2
218 2
244 4
218 2
218 2
231 4
218 2
218 2
218 2
218 2
231 4
218 2
218 2
218 2
218 2
231 4
218 2
218 2
218 11
192 2
218 2
244 2
101 4
101 6
E
S
L
218 14
231 4
244 4
101 14
101 4
114 4
127 14
127 2
101 2
218 2
192 2
166 13
192 4
192 4
192 4
192 4
192 4
192 4
192 2
192 2
192 4
101 4
218 2
218 2
218 2
218 2
101 4
218 2
218 2
218 2
218 2
101 4
218 2
218 2
244 4
218 2
218 2
218 2
218 2
244 4
218 2
218 2
218 2
218 2
244 4
218 2
218 2
231 4
218 2
218 2
218 2
218 2
231 4
218 2
218 2
218 2
218 2
231 4
218 2
218 2
218 13
101 4
218 2
218 2
218 2
218 2
101 4
218 2
218 2
218 2
218 2
101 4
218 2
218 2
244 4
218 2
218 2
218 2
218 2
244 4
218 2
218 2
218 2
218 2
244 4
218 2
218 2
231 4
218 2
218 2
218 2
218 2
231 4
218 2
218 2
218 2
218 2
231 4
218 2
218 2
218 11
192 2
218 2
244 2
101 4
101 6
101 4
218 2
218 2
218 2
218 2
101 4
218 2
218 2
218 2
218 2
101 4
218 2
218 2
244 4
218 2
218 2
218 2
218 2
244 4
218 2
218 2
218 2
218 2
244 4
218 2
218 2
231 4
218 2
218 2
218 2
218 2
231 4
218 2
218 2
218 2
218 2
231 4
218 2
218 2
218 4
218 2
218 2
218 2
218 2
218 4
218 2
218 2
218 2
218 2
218 4
218 2
218 2
101 4
218 2
218 2
218 2
218 2
101 4
218 2
218 2
218 2
218 2
101 4
218 2
218 2
244 4
218 2
218 2
218 2
218 2
244 4
218 2
218 2
218 2
218 2
244 4
218 2
218 2
231 4
218 2
218 2
218 2
218 2
231 4
218 2
218 2
218 2
218 2
231 4
218 2
218 2
218 4
218 2
218 2
218 2
218 2
218 4
192 2
218 2
244 2
101 4
101 6
101 4
218 2
218 2
218 2
218 2
101 4
218 2
218 2
218 2
218 2
101 4
218 2
218 2
244 4
218 2
218 2
218 2
218 2
244 4
218 2
218 2
218 2
218 2
244 4
218 2
218 2
231 4
218 2
218 2
218 2
218 2
231 4
218 2
218 2
218 2
218 2
231 4
218 2
218 2
218 4
218 2
218 2
218 2
218 2
218 4
218 2
218 2
218 2
218 2
218 4
218 2
218 2
101 4
218 2
218 2
218 2
218 2
101 4
218 2
218 2
218 2
218 2
101 4
218 2
218 2
244 4
218 2
218 2
218 2
218 2
244 4
218 2
218 2
218 2
218 2
244 4
218 2
218 2
231 4
218 2
218 2
218 2
218 2
231 4
218 2
218 2
218 2
218 2
231 4
218 2
218 2
218 4
218 2
218 2
218 2
218 2
218 4
192 2
218 2
244 2
101 4
101 6
127 7
72 4
101 4
127 4
72 9
127 7
72 4
101 4
127 4
218 4
244 2
101 6
127 7
72 4
101 4
127 4
72 9
127 7
72 4
101 4
127 4
218 4
244 2
101 6
127 7
72 4
101 4
127 4
72 9
127 7
72 4
101 4
127 4
218 4
244 2
101 6
127 7
72 4
101 4
127 4
72 9
127 7
72 4
101 4
127 4
218 4
244 2
101 6
153 7
72 4
127 4
153 4
72 9
153 7
72 4
127 4
153 4
231 4
244 2
127 6
153 7
72 4
127 4
153 4
72 9
153 7
72 4
127 4
153 4
231 4
244 2
127 6
153 7
72 4
127 4
153 4
72 9
153 7
72 4
127 4
153 4
231 4
244 2
127 6
153 7
72 4
127 4
153 4
72 9
166 7
192 7
205 7
218 7
218 13
101 13
127 13
166 11
192 11
218 13
192 13
179 13
166 13
218 13
101 13
127 13
166 11
192 11
218 13
192 13
179 13
166 13
218 4
72 7
153 4
192 4
218 4
72 4
153 9
192 4
218 4
101 4
127 4
101 4
72 4
218 4
72 7
153 4
192 4
218 4
72 4
153 9
192 4
218 4
101 4
72 9
218 4
72 7
153 4
192 4
218 4
72 4
153 9
192 4
218 4
101 4
127 4
101 4
72 4
218 4
72 7
153 4
192 4
218 4
72 4
153 9
192 4
218 4
101 4
72 9
218 4
72 7
153 4
192 4
218 4
72 4
153 9
192 4
218 4
101 4
127 4
101 4
72 4
218 4
72 7
153 4
192 4
218 4
72 4
153 9
192 4
218 4
101 4
72 9
218 4
72 7
153 4
192 4
218 4
72 4
153 9
192 4
218 4
101 4
127 4
101 4
72 4
218 4
72 7
153 4
192 4
218 4
72 4
153 9
192 4
218 4
101 4
72 9
218 4
72 7
153 4
192 4
218 4
72 4
153 9
192 4
218 4
101 4
127 4
101 4
72 4
218 4
72 7
153 4
192 4
218 4
72 4
153 9
192 4
218 4
101 4
72 9
218 4
72 7
153 4
192 4
218 4
72 4
153 9
192 4
218 4
101 4
127 4
101 4
218 4
218 7
192 4
218 7
192 4
218 7
192 4
218 7
192 4
218 4
101 4
218 7
101 4
218 2
218 2
218 2
218 2
101 4
218 2
218 2
218 2
218 2
101 4
218 2
218 2
244 4
218 2
218 2
218 2
218 2
244 4
218 2
218 2
218 2
218 2
244 4
218 2
218 2
231 4
218 2
218 2
218 2
218 2
231 4
218 2
218 2
218 2
218 2
231 4
218 2
218 2
218 13
101 4
218 2
218 2
218 2
218 2
101 4
218 2
218 2
218 2
218 2
101 4
218 2
218 2
244 4
218 2
218 2
218 2
218 2
244 4
218 2
218 2
218 2
218 2
244 4
218 2
218 2
231 4
218 2
218 2
218 2
218 2
231 4
218 2
218 2
218 2
218 2
231 4
218 2
218 2
218 11
192 2
218 2
244 2
101 4
101 6
101 4
218 2
218 2
218 2
218 2
101 4
218 2
218 2
218 2
218 2
101 4
218 2
218 2
244 4
218 2
218 2
218 2
218 2
244 4
218 2
218 2
218 2
218 2
244 4
218 2
218 2
231 4
218 2
218 2
218 2
218 2
231 4
218 2
218 2
218 2
218 2
231 4
218 2
218 2
218 13
101 4
218 2
218 2
218 2
218 2
101 4
218 2
218 2
218 2
218 2
101 4
218 2
218 2
244 4
218 2
218 2
218 2
218 2
244 4
218 2
218 2
218 2
218 2
244 4
218 2
218 2
231 4
218 2
218 2
218 2
218 2
231 4
218 2
218 2
218 2
218 2
231 4
218 2
218 2
218 11
192 2
218 2
244 2
101 4
101 6
E
S
H
72 14
40 12
43 7
42 12
38 7
41 12
43 7
40 13
40 12
43 7
42 12
38 7
41 12
43 7
40 13
213 12
108 7
239 12
187 7
226 12
108 7
213 13
213 12
108 7
239 12
187 7
226 12
108 7
213 13
72 14
122 9
136 9
150 7
213 13
213 9
239 9
110 7
136 9
110 9
240 7
122 9
136 9
150 7
213 11
189 9
175 9
150 9
134 7
161 13
122 9
136 9
150 7
213 13
213 9
239 9
110 7
136 9
110 9
240 7
122 9
136 9
150 7
213 11
189 9
175 9
150 9
134 7
161 13
E
S
H
72 14
40 12
43 7
42 12
38 7
41 12
43 7
40 13
40 12
43 7
42 12
38 7
41 12
43 7
40 13
213 12
108 7
239 12
187 7
226 12
108 7
213 13
213 12
108 7
239 12
187 7
226 12
108 7
213 13
72 14
122 9
136 9
150 7
213 13
213 9
239 9
110 7
136 9
110 9
240 7
122 9
136 9
150 7
213 11
189 9
175 9
150 9
134 7
161 13
122 9
136 9
150 7
213 13
213 9
239 9
110 7
136 9
110 9
240 7
122 9
136 9
150 7
213 11
189 9
175 9
150 9
134 7
161 13
E
S
H
48 4
50 4
45 4
48 4
43 4
45 4
40 4
43 4
38 4
40 4
36 4
38 4
33 4
36 4
31 4
33 4
36 4
31 4
33 4
36 4
38 4
40 4
43 4
45 4
48 2
50 2
52 2
50 2
48 4
48 4
45 4
48 4
43 4
45 4
48 4
50 4
45 4
48 4
50 4
45 4
48 4
50 4
45 4
48 4
50 4
45 4
48 4
50 4
48 4
50 4
36 4
31 4
33 4
36 4
38 4
40 4
43 4
45 4
48 2
50 2
52 2
50 2
48 2
50 2
52 2
50 2
48 2
50 2
52 2
50 2
48 2
50 2
52 2
50 2
72 14
48 4
50 4
45 4
48 4
43 4
45 4
40 4
43 4
38 4
40 4
36 4
38 4
33 4
36 4
31 4
33 4
36 4
31 4
33 4
36 4
38 4
40 4
43 4
45 4
48 2
50 2
52 2
50 2
48 4
48 4
45 4
48 4
43 4
45 4
48 4
50 4
45 4
48 4
43 4
45 4
40 4
43 4
38 4
40 4
36 4
38 4
33 4
36 4
31 4
33 4
36 4
31 4
33 4
36 4
38 4
40 4
43 4
45 4
48 2
50 2
52 2
50 2
48 2
50 2
52 2
50 2
48 2
50 2
48 2
50 2
48 2
50 2
48 2
50 2
48 4
50 4
45 4
48 4
43 4
45 4
40 4
43 4
48 4
50 4
45 4
48 4
43 4
45 4
40 4
43 4
48 4
50 4
45 4
48 4
43 4
45 4
40 4
43 4
48 2
50 2
48 2
50 2
48 2
50 2
48 2
50 2
48 2
50 2
48 2
50 2
48 2
50 2
48 2
50 2
48 4
50 4
45 4
48 4
43 4
45 4
40 4
43 4
38 4
40 4
36 4
38 4
33 4
36 4
31 4
33 4
48 4
50 4
45 4
48 4
50 4
45 4
48 4
50 4
45 4
52 2
50 2
50 4
48 4
45 4
48 4
43 4
45 4
E
S
L
72 14
101 4
218 2
218 2
218 2
218 2
101 4
218 2
218 2
218 2
218 2
101 4
218 2
218 2
244 4
218 2
218 2
218 2
218 2
244 4
218 2
218 2
218 2
218 2
244 4
218 2
218 2
231 4
218 2
218 2
218 2
218 2
231 4
218 2
218 2
218 2
218 2
231 4
218 2
218 2
218 13
101 4
218 2
218 2
218 2
218 2
101 4
218 2
218 2
218 2
218 2
101 4
218 2
218 2
244 4
218 2
218 2
218 2
218 2
244 4
218 2
218 2
218 2
218 2
244 4
218 2
218 2
231 4
218 2
218 2
218 2
218 2
231 4
218 2
218 2
218 2
218 2
231 4
218 2
218 2
218 11
192 2
218 2
244 2
101 4
101 6
101 4
218 2
218 2
218 2
218 2
101 4
218 2
218 2
218 2
218 2
101 4
218 2
218 2
244 4
218 2
218 2
218 2
218 2
244 4
218 2
218 2
218 2
218 2
244 4
218 2
218 2
231 4
218 2
218 2
218 2
218 2
231 4
218 2
218 2
218 2
218 2
231 4
218 2
218 2
218 4
218 2
218 2
218 2
218 2
218 4
218 2
218 2
218 2
218 2
218 4
218 2
218 2
101 4
218 2
218 2
218 2
218 2
101 4
218 2
218 2
218 2
218 2
101 4
218 2
218 2
244 4
218 2
218 2
218 2
218 2
244 4
218 2
218 2
218 2
218 2
244 4
218 2
218 2
231 4
218 2
218 2
218 2
218 2
231 4
218 2
218 2
218 2
218 2
231 4
218 2
218 2
218 4
218 2
218 2
218 2
218 2
218 4
192 2
218 2
244 2
101 4
101 6
101 4
218 2
218 2
218 2
218 2
101 4
218 2
218 2
218 2
218 2
101 4
218 2
218 2
244 4
218 2
218 2
218 2
218 2
244 4
218 2
218 2
218 2
218 2
244 4
218 2
218 2
231 4
218 2
218 2
218 2
218 2
231 4
218 2
218 2
218 2
218 2
231 4
218 2
218 2
218 4
218 2
218 2
218 2
218 2
218 4
218 2
218 2
218 2
218 2
218 4
218 2
218 2
101 4
218 2
218 2
218 2
218 2
101 4
218 2
218 2
218 2
218 2
101 4
218 2
218 2
244 4
218 2
218 2
218 2
218 2
244 4
218 2
218 2
218 2
218 2
244 4
218 2
218 2
231 4
218 2
218 2
218 2
218 2
231 4
218 2
218 2
218 2
218 2
231 4
218 2
218 2
218 4
218 2
218 2
218 2
218 2
218 4
192 2
218 2
244 2
101 4
101 6
26 7
72 4
24 4
26 4
72 9
26 7
24 4
21 4
33 4
21 4
23 2
24 6
26 7
24 4
26 4
72 11
26 7
24 4
21 4
72 4
21 4
23 2
24 6
26 7
24 4
26 4
72 11
26 7
24 4
21 4
72 4
21 4
23 2
24 6
26 7
24 4
26 4
72 11
26 7
24 4
21 4
72 4
21 4
23 2
24 6
28 7
72 4
26 4
31 4
72 9
28 7
26 4
24 4
34 4
22 4
23 2
26 6
28 7
26 4
28 4
72 11
28 7
26 4
24 4
34 4
22 4
23 2
26 6
28 7
26 4
28 4
72 11
28 7
26 4
24 4
34 4
22 4
23 2
26 6
28 7
26 4
28 4
72 14
101 4
218 2
218 2
218 2
218 2
101 4
218 2
218 2
218 2
218 2
101 4
218 2
218 2
244 4
218 2
218 2
218 2
218 2
244 4
218 2
218 2
218 2
218 2
244 4
218 2
218 2
231 4
218 2
218 2
218 2
218 2
231 4
218 2
218 2
218 2
218 2
231 4
218 2
218 2
218 13
101 4
218 2
218 2
218 2
218 2
101 4
218 2
218 2
218 2
218 2
101 4
218 2
218 2
244 4
218 2
218 2
218 2
218 2
244 4
218 2
218 2
218 2
218 2
244 4
218 2
218 2
231 4
218 2
218 2
218 2
218 2
231 4
218 2
218 2
218 2
218 2
231 4
218 2
218 2
218 11
192 2
218 2
244 2
101 4
101 6
101 4
218 2
218 2
218 2
218 2
101 4
218 2
218 2
218 2
218 2
101 4
218 2
218 2
244 4
218 2
218 2
218 2
218 2
244 4
218 2
218 2
218 2
218 2
244 4
218 2
218 2
231 4
218 2
218 2
218 2
218 2
231 4
218 2
218 2
218 2
218 2
231 4
218 2
218 2
218 13
101 4
218 2
218 2
218 2
218 2
101 4
218 2
218 2
218 2
218 2
101 4
218 2
218 2
244 4
218 2
218 2
218 2
218 2
244 4
218 2
218 2
218 2
218 2
244 4
218 2
218 2
231 4
218 2
218 2
218 2
218 2
231 4
218 2
218 2
218 2
218 2
231 4
218 2
218 2
218 11
192 2
218 2
244 2
101 4
101 6
E
S
H
48 2
72 8
48 2
72 8
48 2
72 6
48 2
72 8
48 2
72 8
48 2
72 6
48 2
72 8
48 2
72 8
48 2
72 6
48 2
72 8
48 2
72 8
48 2
72 6
48 2
72 8
48 2
72 8
48 2
72 6
48 2
72 8
48 2
72 8
48 2
72 6
48 2
72 8
48 2
72 8
48 2
72 6
48 2
72 8
48 2
72 8
48 2
72 6
48 2
72 8
48 2
72 8
48 2
72 6
48 2
72 8
48 2
72 8
48 2
72 6
48 2
72 8
48 2
72 8
48 2
72 6
48 2
72 8
48 2
72 8
48 2
72 6
48 2
72 8
48 2
72 8
48 2
72 6
48 2
72 8
48 2
72 8
48 2
72 6
48 2
72 8
48 2
72 8
48 2
72 6
48 2
72 8
48 2
72 8
48 2
72 6
48 2
72 8
48 2
72 8
48 2
72 6
48 2
72 8
48 2
72 8
48 2
72 6
48 2
72 8
48 2
72 8
48 2
72 6
48 2
72 8
48 2
72 8
48 2
72 6
48 2
72 8
48 2
72 8
48 2
72 6
48 2
72 8
48 2
72 8
48 2
72 6
48 2
72 8
48 2
72 8
48 2
72 6
48 2
72 8
48 2
72 8
48 2
72 6
48 2
72 8
48 2
72 8
48 2
72 6
48 2
72 8
48 2
72 8
48 2
72 6
48 2
72 8
48 2
72 8
48 2
72 6
48 2
72 8
48 2
72 8
48 2
72 6
48 2
72 8
48 2
72 8
48 2
72 6
48 2
72 8
48 2
72 8
48 2
72 6
48 2
72 8
48 2
72 8
48 2
72 6
48 2
72 8
48 2
72 8
48 2
72 6
31 7
48 2
72 8
48 2
72 8
31 7
48 2
72 8
48 2
72 8
31 7
48 2
72 8
48 2
72 8
31 7
48 2
72 8
48 2
72 8
31 7
48 2
72 8
48 2
72 8
31 7
48 2
72 8
48 2
72 8
31 7
48 2
72 8
48 2
72 8
31 7
48 2
72 8
48 2
72 8
31 7
48 2
72 8
48 2
72 8
31 7
48 2
72 8
48 2
72 8
31 7
48 2
72 8
48 2
72 8
31 7
48 2
72 8
48 2
72 8
31 7
48 2
72 8
48 2
72 8
31 7
48 2
72 8
48 2
72 8
31 7
48 2
72 8
48 2
72 8
48 2
72 6
48 2
72 8
48 2
72 14
47 2
72 13
47 2
72 13
47 2
72 13
47 2
72 13
47 2
72 13
47 2
72 13
47 2
72 13
47 2
72 13
47 2
72 13
47 2
72 13
47 2
72 13
47 2
72 13
47 2
72 13
47 2
72 13
47 2
72 13
47 2
72 13
47 2
72 13
47 2
72 13
47 2
72 13
47 2
72 13
47 2
72 13
47 2
72 10
35 7
72 4
35 7
72 4
35 7
72 13
48 2
72 8
48 2
72 8
48 2
72 6
48 2
72 8
48 2
72 8
48 2
72 6
48 2
72 8
48 2
72 8
48 2
72 6
48 2
72 8
48 2
72 8
48 2
72 6
48 2
72 8
48 2
72 8
48 2
72 6
48 2
72 8
48 2
72 8
48 2
72 6
48 2
72 8
48 2
72 8
48 2
72 6
48 2
72 8
48 2
72 8
48 2
72 6
48 2
72 8
48 2
72 8
48 2
72 6
48 2
72 8
48 2
72 8
48 2
72 6
48 2
72 8
48 2
72 8
48 2
72 6
48 2
72 8
48 2
72 8
48 2
72 6
48 2
72 8
48 2
72 8
48 2
72 6
48 2
72 8
48 2
72 8
48 2
72 6
48 2
72 8
48 2
72 8
48 2
72 6
48 2
72 8
48 2
72 11
48 2
72 8
48 2
72 6
48 2
72 2
48 2
72 6
48 2
72 8
48 2
72 6
48 2
72 2
48 2
72 6
48 2
72 8
48 2
72 6
48 2
72 2
48 2
72 6
48 2
72 8
48 2
72 6
48 2
72 2
48 2
72 6
48 2
72 8
48 2
72 6
48 2
72 2
48 2
72 6
48 2
72 8
48 2
72 6
48 2
72 2
48 2
72 6
48 2
72 8
48 2
72 6
48 2
72 2
48 2
72 6
48 2
72 8
48 2
72 6
48 2
72 2
48 2
E
S
H
72 14
47 2
72 2
47 2
72 12
47 2
72 2
47 2
72 12
47 2
72 2
47 2
72 12
47 2
72 2
47 2
72 12
47 2
72 2
47 2
72 12
47 2
72 2
47 2
72 12
47 2
72 2
47 2
72 12
47 2
72 2
47 2
72 12
47 2
72 2
47 2
72 12
47 2
72 2
47 2
72 12
47 2
72 2
47 2
72 12
47 2
72 2
47 2
72 12
47 2
72 2
47 2
72 12
47 2
72 2
47 2
72 12
47 2
72 2
47 2
72 12
47 2
72 2
47 2
72 12
47 2
72 2
47 2
72 12
47 2
72 2
47 2
72 12
47 2
72 2
47 2
72 12
47 2
72 2
47 2
72 12
47 2
72 2
47 2
72 12
47 2
72 2
47 2
72 12
47 2
72 2
47 2
72 12
47 2
72 2
47 2
72 13
47 7
72 12
47 7
72 12
47 7
72 12
47 7
72 12
47 7
72 12
47 7
72 12
47 7
72 12
47 7
72 12
47 7
72 12
47 7
72 12
47 7
72 12
47 7
72 12
47 7
72 12
47 7
72 12
47 7
72 14
35 7
72 12
35 7
72 12
35 7
72 12
35 7
72 12
35 7
72 12
35 7
72 12
35 7
72 12
35 7
72 12
35 7
72 12
35 7
72 12
35 7
72 12
35 7
72 12
35 7
72 12
35 7
72 12
35 7
72 12
35 7
72 12
35 7
72 12
35 7
72 12
35 7
72 12
35 7
72 12
35 7
72 12
35 7
72 14
47 2
72 2
47 2
72 12
47 2
72 2
47 2
72 12
47 2
72 2
47 2
72 12
47 2
72 2
47 2
72 12
47 2
72 2
47 2
72 12
47 2
72 2
47 2
72 12
47 2
72 2
47 2
72 12
47 2
72 2
47 2
72 12
47 2
72 2
47 2
72 12
47 2
72 2
47 2
72 12
47 2
72 2
47 2
72 12
47 2
72 2
47 2
72 12
47 2
72 2
47 2
72 12
47 2
72 2
47 2
72 12
47 2
72 2
47 2
72 12
47 2
72 2
47 2
72 12
47 2
72 2
47 2
72 12
47 2
72 2
47 2
72 12
47 2
72 2
47 2
72 12
47 2
72 2
47 2
72 12
47 2
72 2
47 2
72 12
47 2
72 2
47 2
72 12
47 2
72 2
47 2
72 12
47 2
72 2
47 2
E
S
L
12 0
72 9
12 0
72 4
16 0
72 7
12 0
72 7
12 0
72 9
12 0
72 4
16 0
72 7
12 0
72 7
12 0
72 9
12 0
72 4
16 0
72 7
12 0
72 7
12 0
72 9
12 0
72 4
16 0
72 7
12 0
72 7
12 0
72 9
16 0
72 9
12 0
72 9
16 0
72 9
12 0
72 7
16 0
72 7
12 0
72 4
16 0
72 4
16 0
72 7
12 0
72 4
16 0
72 4
16 0
72 7
16 0
72 4
12 0
72 4
16 0
72 4
12 0
72 4
12 0
72 4
16 0
72 4
12 0
72 2
16 0
72 2
12 0
72 2
16 0
72 2
12 0
72 7
149 0
72 7
12 0
72 7
149 0
72 7
12 0
72 7
149 0
72 7
12 0
72 7
149 0
72 7
12 0
72 7
149 0
72 7
12 0
72 7
149 0
72 7
12 0
72 7
149 0
72 7
12 0
72 7
149 0
72 7
12 0
72 7
149 0
72 7
12 0
72 7
149 0
72 7
12 0
72 7
149 0
72 7
12 0
72 7
149 0
72 7
12 0
72 7
149 0
72 7
12 0
72 7
149 0
72 7
12 0
72 7
149 0
72 7
12 0
72 7
149 0
72 7
12 0
72 7
149 0
72 7
12 0
72 7
149 0
72 7
12 0
72 7
149 0
72 7
12 0
72 7
149 0
72 7
12 0
72 7
149 0
72 7
12 0
72 7
149 0
72 7
12 0
72 7
149 0
72 7
12 0
72 7
149 0
72 7
12 0
72 7
149 0
72 7
12 0
72 7
149 0
72 7
12 0
72 7
149 0
72 7
12 0
72 7
149 0
72 7
12 0
72 7
149 0
72 7
12 0
72 7
149 0
72 7
12 0
72 7
149 0
72 7
12 0
72 7
149 0
72 7
12 0
72 7
149 0
72 7
12 0
72 7
149 0
72 7
12 0
72 7
149 0
72 7
12 0
72 7
149 0
72 7
12 0
72 7
149 0
72 7
12 0
72 7
149 0
72 7
12 0
72 7
149 0
72 7
12 0
72 7
149 0
72 7
12 0
72 7
149 0
72 7
12 0
72 7
149 0
72 7
12 0
72 7
149 0
72 7
12 0
72 7
149 0
72 7
12 0
72 7
149 0
72 7
12 0
72 7
149 0
72 7
12 0
72 7
149 0
72 7
12 0
72 7
149 0
72 7
12 0
72 7
149 0
72 7
12 0
72 7
149 0
72 7
12 0
72 7
149 0
72 7
12 0
72 7
149 0
72 7
12 0
72 7
149 0
72 7
12 0
72 7
149 0
72 7
12 0
72 7
149 0
72 7
12 0
72 7
149 0
72 7
12 0
72 7
149 0
72 7
12 0
72 7
149 0
72 7
12 0
72 7
149 0
72 7
12 0
72 7
149 0
72 7
12 0
72 7
149 0
72 7
12 0
72 7
149 0
72 7
12 0
72 7
149 0
72 7
12 0
72 7
149 0
72 7
12 0
72 7
149 0
72 7
12 0
72 7
149 0
72 7
12 0
72 7
149 0
72 7
12 0
72 7
149 0
72 7
12 0
72 7
149 0
72 7
12 0
72 7
149 0
72 7
12 0
72 7
149 0
72 7
12 0
72 7
149 0
72 7
12 0
72 7
149 0
72 7
12 0
72 7
149 0
72 7
12 0
72 7
149 0
72 7
12 0
72 7
149 0
72 7
12 0
72 7
149 0
72 7
12 0
72 7
149 0
72 7
149 0
72 2
149 0
72 6
149 0
72 2
149 0
72 6
149 0
72 2
149 0
72 2
149 0
72 2
149 0
72 2
149 0
72 6
12 0
72 2
12 0
72 7
149 0
72 7
12 0
72 7
149 0
72 7
12 0
72 7
149 0
72 7
12 0
72 7
149 0
72 7
12 0
72 7
149 0
72 7
12 0
72 7
149 0
72 7
12 0
72 7
149 0
72 7
12 0
72 7
149 0
72 7
12 0
72 7
149 0
72 7
12 0
72 7
149 0
72 7
12 0
72 7
149 0
72 7
12 0
72 7
149 0
72 7
12 0
72 7
149 0
72 7
12 0
72 7
149 0
72 7
12 0
72 7
149 0
72 7
12 0
72 7
149 0
72 7
12 0
72 7
149 0
72 7
12 0
72 7
149 0
72 7
12 0
72 7
149 0
72 7
12 0
72 7
149 0
72 7
12 0
72 7
149 0
72 7
12 0
72 7
149 0
72 7
12 0
72 7
149 0
72 7
12 0
72 7
149 0
72 7
12 0
72 7
149 0
72 7
12 0
72 7
149 0
72 7
12 0
72 7
149 0
72 7
12 0
72 7
149 0
72 7
12 0
72 7
149 0
72 7
12 0
72 7
149 0
72 7
12 0
72 7
149 0
72 7
12 0
72 7
16 0
72 2
16 0
72 4
16 0
72 2
149 0
72 9
12 0
72 4
16 0
72 11
12 0
72 9
12 0
72 4
16 0
72 11
12 0
72 9
12 0
72 4
16 0
72 11
12 0
72 9
12 0
72 4
16 0
72 11
12 0
72 9
12 0
72 4
16 0
72 11
12 0
72 9
12 0
72 4
16 0
72 11
12 0
72 9
12 0
72 4
16 0
72 11
12 0
72 9
12 0
72 4
16 0
72 4
12 0
72 4
16 0
72 7
12 0
72 9
12 0
72 4
16 0
72 11
12 0
72 9
12 0
72 4
16 0
72 11
12 0
72 9
12 0
72 4
16 0
72 11
12 0
72 9
12 0
72 4
16 0
72 11
12 0
72 9
12 0
72 4
16 0
72 11
12 0
72 9
12 0
72 4
16 0
72 11
12 0
72 9
12 0
72 4
16 0
72 11
12 0
72 9
12 0
72 4
16 0
72 11
12 0
72 9
12 0
72 4
16 0
72 11
12 0
72 9
12 0
72 4
16 0
72 11
12 0
72 9
12 0
72 4
16 0
72 11
12 0
72 9
12 0
72 4
16 0
72 11
12 0
72 9
12 0
72 4
16 0
72 11
12 0
72 9
12 0
72 4
16 0
72 11
12 0
72 7
16 0
72 4
12 0
72 7
16 0
72 4
12 0
72 7
16 0
72 4
12 0
72 4
16 0
72 4
12 0
72 4
16 0
72 4
16 0
72 2
16 0
72 2
16 0
72 4
16 0
72 2
16 0
72 2
12 0
72 7
149 0
72 7
12 0
72 7
149 0
72 7
12 0
72 7
149 0
72 7
12 0
72 7
149 0
72 7
12 0
72 7
149 0
72 7
12 0
72 7
149 0
72 7
12 0
72 7
149 0
72 7
12 0
72 7
149 0
72 7
12 0
72 7
149 0
72 7
12 0
72 7
149 0
72 7
12 0
72 7
149 0
72 7
12 0
72 7
149 0
72 7
12 0
72 7
149 0
72 7
12 0
72 7
149 0
72 7
12 0
72 7
149 0
72 7
12 0
72 7
149 0
72 7
12 0
72 7
149 0
72 7
12 0
72 7
149 0
72 7
12 0
72 7
149 0
72 7
12 0
72 7
149 0
72 7
12 0
72 7
149 0
72 7
12 0
72 7
149 0
72 7
12 0
72 7
149 0
72 7
12 0
72 7
149 0
72 7
12 0
72 7
149 0
72 7
12 0
72 7
149 0
72 7
12 0
72 7
149 0
72 7
12 0
72 7
149 0
72 7
12 0
72 7
149 0
72 7
12 0
72 7
149 0
72 7
12 0
72 7
149 0
72 7
149 0
72 2
16 0
72 2
16 0
72 2
16 0
72 4
16 0
72 6
12 0
72 7
149 0
72 7
12 0
72 7
149 0
72 7
12 0
72 7
149 0
72 7
12 0
72 7
149 0
72 7
12 0
72 7
149 0
72 7
12 0
72 7
149 0
72 7
12 0
72 7
149 0
72 7
12 0
72 7
149 0
72 7
12 0
72 7
149 0
72 7
12 0
72 7
149 0
72 7
12 0
72 7
149 0
72 7
12 0
72 7
149 0
72 7
12 0
72 7
149 0
72 7
12 0
72 7
149 0
72 7
12 0
72 7
149 0
72 7
12 0
72 7
149 0
E
S
L
18 0
72 7
18 0
72 7
22 4
72 4
22 4
72 4
18 0
72 7
18 0
72 11
18 0
72 7
18 0
72 7
18 0
72 7
22 4
72 4
22 4
72 4
18 0
72 7
18 0
72 11
18 0
72 7
18 0
72 7
18 0
72 4
22 4
72 4
22 4
18 0
72 7
18 0
72 4
22 4
72 4
22 4
18 0
72 7
18 0
72 7
18 0
72 4
22 4
22 4
18 0
72 7
22 4
22 4
72 4
22 4
18 0
72 7
18 0
72 7
22 4
72 2
22 4
22 0
72 2
18 0
72 4
22 4
18 0
72 4
22 4
18 0
72 4
22 4
18 0
72 4
22 4
18 0
72 4
22 4
18 0
72 4
22 4
18 0
72 4
22 4
18 0
72 4
22 4
18 0
72 4
22 4
18 0
72 4
22 4
18 0
72 4
22 4
18 0
72 4
22 4
18 0
72 4
22 4
18 0
72 4
22 4
18 0
72 4
22 4
18 0
72 4
22 4
18 0
72 4
22 4
18 0
72 4
22 4
18 0
72 4
22 4
18 0
72 4
22 4
18 0
72 4
22 4
18 0
72 4
22 4
18 0
72 4
22 4
18 0
72 4
22 4
18 0
72 4
22 4
18 0
72 4
22 4
18 0
72 4
22 4
18 0
72 4
22 4
18 0
72 4
22 4
18 0
72 4
22 4
18 0
72 4
22 4
18 0
72 4
22 4
18 0
72 4
22 4
18 0
72 4
22 4
18 0
72 4
22 4
18 0
72 4
22 4
18 0
72 4
22 4
18 0
72 4
22 4
18 0
72 4
22 4
18 0
72 4
22 4
18 0
72 4
22 4
18 0
72 4
22 4
18 0
72 4
22 4
18 0
72 4
22 4
18 0
72 4
22 4
18 0
72 4
22 4
18 0
72 4
22 4
18 0
72 4
22 4
18 0
72 4
22 4
18 0
72 4
22 4
18 0
72 4
22 4
18 0
72 4
22 4
18 0
72 4
22 4
18 0
72 4
22 4
18 0
72 4
22 4
18 0
72 4
22 4
18 0
72 4
22 4
18 0
72 4
22 4
18 0
72 4
22 4
18 0
72 4
22 4
18 0
72 4
22 4
18 0
72 4
22 4
18 0
72 4
22 4
18 0
72 4
22 4
18 0
72 4
22 4
18 0
72 4
22 4
18 0
72 4
22 4
18 0
72 4
22 4
18 0
72 4
22 4
18 0
72 4
22 4
18 0
72 4
22 4
18 0
72 4
22 4
18 0
72 4
22 4
18 0
72 4
22 4
18 0
72 4
22 4
18 0
72 4
22 4
18 0
72 4
22 4
18 0
72 4
22 4
18 0
72 4
22 4
18 0
72 4
22 4
18 0
72 4
22 4
18 0
72 4
22 4
18 0
72 4
22 4
18 0
72 4
22 4
18 0
72 4
22 4
18 0
72 4
22 4
18 0
72 4
22 4
18 0
72 4
22 4
18 0
72 4
22 4
18 0
72 4
22 4
18 0
72 4
22 4
18 0
72 4
22 4
18 0
72 4
22 4
18 0
72 4
22 4
18 0
72 4
22 4
18 0
72 4
22 4
18 0
72 4
22 4
18 0
72 4
22 4
18 0
72 4
22 4
18 0
72 4
22 4
18 0
72 4
22 4
18 0
72 4
22 4
18 0
72 4
22 4
18 0
72 4
22 4
18 0
72 4
22 4
18 0
72 4
22 4
18 0
72 4
22 4
18 0
72 4
22 4
18 0
72 4
22 4
18 0
72 4
22 4
18 0
72 4
22 4
18 0
72 4
22 4
18 0
72 4
22 4
18 0
72 4
22 4
18 0
72 4
22 4
18 0
72 4
22 4
18 0
72 4
22 4
18 0
72 4
22 4
18 0
72 4
22 4
18 0
72 4
22 4
18 0
72 4
22 4
18 0
72 4
22 4
18 0
72 4
22 4
18 0
72 4
22 4
18 0
72 4
22 4
18 0
72 4
22 4
18 0
72 4
22 4
18 0
72 4
22 4
18 0
72 4
22 4
18 0
72 4
22 4
18 0
72 4
22 4
18 0
72 4
22 4
18 0
72 4
22 4
18 0
72 4
22 4
18 0
72 4
22 4
18 0
72 4
22 4
18 0
72 4
22 4
18 0
72 4
22 4
18 0
72 4
22 4
18 0
72 4
22 4
18 0
72 4
22 4
18 0
72 4
22 4
18 0
72 4
22 4
18 0
72 4
22 4
18 0
72 4
22 4
18 0
72 4
22 4
18 0
72 4
22 4
18 0
72 4
22 4
18 0
72 4
22 4
18 0
72 4
22 4
18 0
72 4
22 4
18 0
72 4
22 4
18 0
72 4
22 4
18 0
72 4
22 4
18 0
72 4
22 4
18 0
72 4
22 4
18 0
72 2
18 0
72 2
22 4
18 0
72 2
18 0
72 2
22 4
18 0
72 2
18 0
72 2
18 0
72 2
18 0
72 2
18 0
72 4
22 4
18 0
72 4
22 4
18 0
72 4
22 4
18 0
72 4
22 4
18 0
72 4
22 4
18 0
72 4
22 4
18 0
72 4
22 4
18 0
72 4
22 4
18 0
72 4
22 4
18 0
72 4
22 4
18 0
72 4
22 4
18 0
72 4
22 4
18 0
72 4
22 4
18 0
72 4
22 4
18 0
72 4
22 4
18 0
72 4
22 4
18 0
72 4
22 4
18 0
72 4
22 4
18 0
72 4
22 4
18 0
72 4
22 4
18 0
72 4
22 4
18 0
72 4
22 4
18 0
72 4
22 4
18 0
72 4
22 4
18 0
72 4
22 4
18 0
72 4
22 4
18 0
72 4
22 4
18 0
72 4
22 4
18 0
72 4
22 4
18 0
72 4
22 4
18 0
72 4
22 4
18 0
72 4
22 4
18 0
72 4
22 4
18 0
72 4
22 4
18 0
72 4
22 4
18 0
72 4
22 4
18 0
72 4
22 4
18 0
72 4
22 4
18 0
72 4
22 4
18 0
72 4
22 4
18 0
72 4
22 4
18 0
72 4
22 4
18 0
72 4
22 4
18 0
72 4
22 4
18 0
72 4
22 4
18 0
72 4
22 4
18 0
72 4
22 4
18 0
72 4
22 4
18 0
72 4
22 4
18 0
72 4
22 4
18 0
72 4
22 4
18 0
72 4
22 4
18 0
72 4
22 4
18 0
72 4
22 4
18 0
72 4
22 4
18 0
72 4
22 4
18 0
72 4
22 4
18 0
72 4
22 4
18 0
72 4
22 4
18 0
72 4
22 4
18 0
72 4
22 4
18 0
72 4
22 4
18 0
72 4
22 4
18 0
72 4
22 4
18 0
72 7
18 0
72 7
18 0
72 7
22 4
72 4
22 4
72 4
18 0
72 7
18 0
72 11
18 0
72 7
18 0
72 7
18 0
72 7
22 4
72 4
22 4
72 4
18 0
72 7
18 0
72 11
18 0
72 7
18 0
72 7
18 0
72 7
22 4
72 4
22 4
72 4
18 0
72 7
18 0
72 11
18 0
72 7
18 0
72 7
18 0
72 7
22 4
72 4
22 4
72 4
18 0
72 7
18 0
72 12
18 0
72 7
18 0
72 7
22 4
72 4
22 4
72 4
18 0
72 7
18 0
72 11
18 0
72 7
18 0
72 7
18 0
72 7
22 4
72 4
22 4
72 4
18 0
72 7
18 0
72 11
18 0
72 7
18 0
72 7
18 0
72 7
22 4
72 4
22 4
72 4
18 0
72 7
18 0
72 11
18 0
72 7
18 0
72 7
18 0
72 7
22 4
72 4
22 4
72 4
18 0
72 7
18 0
72 11
18 0
72 7
18 0
72 7
18 0
72 7
22 4
72 4
22 4
72 4
18 0
72 7
18 0
72 11
18 0
72 7
18 0
72 7
18 0
72 7
22 4
72 4
22 4
72 4
18 0
72 7
18 0
72 11
18 0
72 7
18 0
72 7
18 0
72 7
22 4
72 4
22 4
72 4
18 0
72 7
18 0
72 11
18 0
72 11
22 4
72 7
22 4
72 13
18 0
72 4
22 4
18 0
72 4
22 4
18 0
72 4
22 4
18 0
72 4
22 4
18 0
72 4
22 4
18 0
72 4
22 4
18 0
72 4
22 4
18 0
72 4
22 4
18 0
72 4
22 4
18 0
72 4
22 4
18 0
72 4
22 4
18 0
72 4
22 4
18 0
72 4
22 4
18 0
72 4
22 4
18 0
72 4
22 4
18 0
72 4
22 4
18 0
72 4
22 4
18 0
72 4
22 4
18 0
72 4
22 4
18 0
72 4
22 4
18 0
72 4
22 4
18 0
72 4
22 4
18 0
72 4
22 4
18 0
72 4
22 4
18 0
72 4
22 4
18 0
72 4
22 4
18 0
72 4
22 4
18 0
72 4
22 4
18 0
72 4
22 4
18 0
72 4
22 4
18 0
72 4
22 4
18 0
72 4
22 4
18 0
72 4
22 4
18 0
72 4
22 4
18 0
72 4
22 4
18 0
72 4
22 4
18 0
72 4
22 4
18 0
72 4
22 4
18 0
72 4
22 4
18 0
72 4
22 4
18 0
72 4
22 4
18 0
72 4
22 4
18 0
72 4
22 4
18 0
72 4
22 4
18 0
72 4
22 4
18 0
72 4
22 4
18 0
72 4
22 4
18 0
72 4
22 4
18 0
72 4
22 4
18 0
72 4
22 4
18 0
72 4
22 4
18 0
72 4
22 4
18 0
72 4
22 4
18 0
72 4
22 4
18 0
72 4
22 4
18 0
72 4
22 4
18 0
72 4
22 4
18 0
72 4
22 4
18 0
72 4
22 4
18 0
72 4
22 4
18 0
72 4
22 4
18 0
72 4
22 4
72 11
18 0
72 4
22 4
18 0
72 4
22 4
18 0
72 4
22 4
18 0
72 4
22 4
18 0
72 4
22 4
18 0
72 4
22 4
18 0
72 4
22 4
18 0
72 4
22 4
18 0
72 4
22 4
18 0
72 4
22 4
18 0
72 4
22 4
18 0
72 4
22 4
18 0
72 4
22 4
18 0
72 4
22 4
18 0
72 4
22 4
18 0
72 4
22 4
18 0
72 4
22 4
18 0
72 4
22 4
18 0
72 4
22 4
18 0
72 4
22 4
18 0
72 4
22 4
18 0
72 4
22 4
18 0
72 4
22 4
18 0
72 4
22 4
18 0
72 4
22 4
18 0
72 4
22 4
18 0
72 4
22 4
18 0
72 4
22 4
18 0
72 4
22 4
18 0
72 4
22 4
18 0
72 4
22 4
18 0
72 4
22 4
E
S
L
25 13
72 14
25 13
72 14
25 13
72 14
25 13
72 14
25 13
72 14
25 13
72 14
25 13
72 14
31 13
31 13
31 13
31 13
31 13
31 13
31 13
31 13
31 13
31 13
31 13
31 13
31 13
31 13
31 13
72 13
25 13
72 14
25 13
72 14
25 13
72 14
25 13
72 14
25 11
31 11
72 11
31 11
72 11
31 11
72 11
31 11
25 11
31 11
72 11
31 11
72 11
31 11
72 11
31 11
25 11
31 11
72 11
31 11
72 11
31 11
72 11
31 11
25 11
31 11
72 11
31 11
72 11
31 11
72 11
31 11
25 11
31 11
72 11
31 11
72 11
31 11
72 11
31 11
25 11
31 11
72 11
31 11
25 7
72 4
25 4
72 7
25 7
72 13
25 13
72 14
25 13
72 14
25 13
72 14
25 13
72 14
25 13
72 14
25 13
E
S
L
28 0
28 0
72 2
28 0
28 0
72 0
28 0
28 0
72 1
28 0
28 0
72 1
28 0
72 0
28 0
28 0
72 2
28 0
28 0
28 0
72 2
28 0
28 0
72 0
28 0
28 0
72 1
28 0
28 0
72 1
28 0
72 0
28 0
28 0
72 2
28 0
72 14
28 0
72 1
28 0
72 0
28 0
72 2
28 0
28 0
28 0
72 2
28 0
28 0
72 0
28 0
28 0
72 1
28 0
28 0
72 1
28 0
72 0
28 0
28 0
72 2
28 0
28 0
28 0
72 2
28 0
28 0
72 0
28 0
28 0
72 1
28 0
28 0
72 1
28 0
72 0
28 0
28 0
72 2
28 0
72 14
28 0
72 1
28 0
72 0
28 0
72 2
28 0
28 0
28 0
72 2
28 0
28 0
72 0
28 0
28 0
72 1
28 0
28 0
72 1
28 0
72 0
28 0
28 0
72 2
28 0
28 0
28 0
72 2
28 0
28 0
72 0
28 0
28 0
72 1
28 0
28 0
72 1
28 0
72 0
28 0
28 0
72 2
28 0
72 14
28 0
28 0
72 2
28 0
28 0
72 0
28 0
28 0
72 1
28 0
28 0
72 1
28 0
72 0
28 0
28 0
72 2
28 0
28 0
28 0
72 2
28 0
28 0
72 0
28 0
28 0
72 1
28 0
28 0
72 1
28 0
72 0
28 0
28 0
72 2
28 0
72 14
28 0
72 1
28 0
72 0
28 0
72 2
28 0
28 0
28 0
72 2
28 0
28 0
72 0
28 0
28 0
72 1
28 0
28 0
72 1
28 0
72 0
28 0
28 0
72 2
28 0
28 0
28 0
72 2
28 0
28 0
72 0
28 0
28 0
72 1
28 0
28 0
72 1
28 0
72 0
28 0
28 0
72 2
28 0
72 14
28 0
72 1
28 0
72 0
28 0
72 2
28 0
28 0
28 0
72 2
28 0
28 0
72 0
28 0
28 0
72 1
28 0
28 0
72 1
28 0
72 0
28 0
28 0
72 2
28 0
28 0
28 0
72 2
28 0
28 0
72 0
28 0
28 0
72 1
28 0
28 0
72 1
28 0
72 0
28 0
28 0
72 2
28 0
72 14
28 0
72 1
28 0
72 0
28 0
72 2
28 0
28 0
28 0
72 2
28 0
28 0
72 0
28 0
28 0
72 1
28 0
28 0
72 1
28 0
72 0
28 0
28 0
72 2
28 0
28 0
28 0
72 2
28 0
28 0
72 0
28 0
28 0
72 1
28 0
28 0
72 1
28 0
72 0
28 0
28 0
72 2
28 0
72 14
28 0
72 1
28 0
72 0
28 0
72 2
28 0
28 0
28 0
72 2
28 0
28 0
72 0
28 0
28 0
72 1
28 0
28 0
72 1
28 0
72 0
28 0
28 0
72 2
28 0
28 0
28 0
72 2
28 0
28 0
72 0
28 0
28 0
72 1
28 0
28 0
72 1
28 0
72 0
28 0
28 0
72 2
28 0
72 14
28 0
72 1
28 0
72 0
28 0
72 2
28 0
28 0
28 0
72 2
28 0
28 0
72 0
28 0
28 0
72 1
28 0
28 0
72 1
28 0
72 0
28 0
28 0
72 2
28 0
28 0
28 0
72 2
28 0
28 0
72 0
28 0
28 0
72 1
28 0
28 0
72 1
28 0
72 0
28 0
28 0
72 2
28 0
72 14
28 0
28 0
72 2
28 0
28 0
72 0
28 0
28 0
72 1
28 0
28 0
72 1
28 0
72 0
28 0
28 0
72 2
28 0
28 0
28 0
72 2
28 0
28 0
72 0
28 0
28 0
72 1
28 0
28 0
72 1
28 0
72 0
28 0
28 0
72 2
28 0
72 14
28 0
28 0
72 2
28 0
28 0
72 0
28 0
28 0
72 1
28 0
28 0
72 1
28 0
72 0
28 0
28 0
72 2
28 0
28 0
28 0
72 2
28 0
28 0
72 0
28 0
28 0
72 1
28 0
28 0
72 1
28 0
72 0
28 0
28 0
72 2
28 0
E
X
