minor
S
H
54 6
54 2
72 4
54 2
72 6
52 4
54 4
72 6
53 0
72 0
54 0
72 1
54 2
54 2
54 2
54 2
54 2
54 2
54 2
54 2
54 2
54 2
54 2
54 2
54 2
54 2
57 0
58 5
72 0
54 4
72 11
49 2
52 2
54 2
72 2
53 0
72 0
54 0
72 1
54 2
54 2
54 2
54 2
54 2
54 2
54 4
54 2
54 4
52 2
49 2
47 2
72 2
49 2
45 2
42 2
72 10
40 2
42 2
45 6
47 7
45 4
42 4
47 2
45 4
42 2
72 8
48 0
72 0
49 5
47 4
49 4
48 2
47 2
45 2
47 4
42 2
40 2
42 2
72 2
46 0
72 0
47 5
45 4
42 4
47 2
45 4
42 2
72 8
53 0
72 0
54 5
54 8
52 2
49 2
47 2
48 2
49 2
47 2
42 2
72 2
53 0
72 0
54 0
72 1
54 2
54 2
54 2
54 2
54 2
54 2
54 2
54 2
54 2
54 2
54 2
54 2
54 2
54 2
57 0
58 5
72 0
54 4
72 11
49 2
52 2
54 2
72 2
53 0
72 0
54 0
72 1
54 2
54 2
54 2
54 2
54 2
54 2
54 4
54 2
54 4
52 2
49 2
47 2
72 2
49 2
45 2
42 2
72 10
40 2
42 2
45 6
47 7
45 4
42 4
47 2
45 4
42 2
72 8
48 0
72 0
49 5
47 4
49 4
48 2
47 2
45 2
47 4
42 2
40 2
42 2
72 2
46 0
72 0
47 5
45 4
42 4
47 2
45 4
42 2
72 8
53 0
72 0
54 5
54 8
52 2
49 2
47 2
48 2
49 2
47 2
42 2
72 2
49 2
47 4
49 4
47 4
49 4
47 4
49 4
54 4
53 6
49 6
54 4
53 6
49 8
72 2
47 2
45 4
47 4
45 4
47 4
45 4
47 4
52 4
51 6
47 6
52 4
51 6
47 8
72 2
49 2
47 4
49 4
47 4
49 4
47 4
49 4
54 4
53 6
49 6
54 4
53 6
49 8
72 2
52 2
50 4
52 4
50 4
52 4
50 4
52 2
47 2
50 2
52 2
54 6
54 6
59 4
58 4
64 4
66 4
72 6
53 0
72 0
54 0
72 1
54 2
54 2
54 2
54 2
54 2
54 2
54 2
54 2
54 2
54 2
54 2
54 2
54 2
54 2
57 0
58 5
72 0
54 4
72 11
49 2
52 2
54 2
72 2
53 0
72 0
54 0
72 1
54 2
54 2
54 2
54 2
54 2
54 2
54 4
54 2
54 4
52 2
49 2
47 2
72 2
49 2
45 2
42 2
72 10
40 2
42 2
45 6
47 7
45 4
42 4
47 2
45 4
42 2
72 8
48 0
72 0
49 5
47 4
49 4
48 2
47 2
45 2
47 4
42 2
40 2
42 2
72 2
46 0
72 0
47 5
45 4
42 4
47 2
45 4
42 2
72 8
53 0
72 0
54 5
54 8
52 2
49 2
47 2
48 2
49 2
47 2
42 2
72 2
53 0
72 0
54 0
72 1
54 2
54 2
54 2
54 2
54 2
54 2
54 2
54 2
54 2
54 2
54 2
54 2
54 2
54 2
57 0
58 5
72 0
54 4
72 11
49 2
52 2
54 2
72 2
53 0
72 0
54 0
72 1
54 2
54 2
54 2
54 2
54 2
54 2
54 4
54 2
54 4
52 2
49 2
47 2
72 2
49 2
45 2
42 2
72 10
40 2
42 2
45 6
47 7
45 4
42 4
47 2
45 4
42 2
72 8
48 0
72 0
49 5
47 4
49 4
48 2
47 2
45 2
47 4
42 2
40 2
42 2
72 2
46 0
72 0
47 5
45 4
42 4
47 2
45 4
42 2
72 8
53 0
72 0
54 5
54 8
52 2
49 2
47 2
48 2
49 2
47 2
42 2
72 2
49 2
47 4
49 4
47 4
49 4
47 4
49 4
54 4
53 6
49 6
54 4
53 6
49 8
72 2
47 2
45 4
47 4
45 4
47 4
45 4
47 4
52 4
51 6
47 6
52 4
51 6
47 8
72 2
49 2
47 4
49 4
47 4
49 4
47 4
49 4
54 4
53 6
49 6
54 4
53 6
49 8
72 2
52 2
50 4
52 4
50 4
52 4
50 4
52 2
47 2
50 2
52 2
54 6
54 6
59 4
58 4
64 4
66 4
E
S
L
30 6
30 2
72 4
30 2
72 6
28 4
30 4
72 4
30 4
30 4
25 4
30 2
28 4
28 2
28 4
25 4
28 4
30 4
30 4
25 4
30 2
28 4
28 2
28 4
25 4
28 4
30 4
30 4
25 4
30 2
28 4
28 2
28 4
25 4
28 4
30 4
30 4
25 4
30 2
28 4
28 2
30 4
32 4
33 4
35 4
35 4
30 4
35 2
33 4
33 2
33 4
30 4
33 4
35 4
35 4
30 4
35 2
33 4
33 2
33 4
30 4
33 4
35 4
35 4
30 4
35 2
33 4
33 2
33 4
30 4
33 4
35 4
35 4
30 4
35 2
33 4
33 2
33 4
32 4
30 4
30 4
30 4
25 4
30 2
28 4
28 2
28 4
25 4
28 4
30 4
30 4
25 4
30 2
28 4
28 2
28 4
25 4
28 4
30 4
30 4
25 4
30 2
28 4
28 2
28 4
25 4
28 4
30 4
30 4
25 4
30 2
28 4
28 2
30 4
32 4
33 4
35 4
35 4
30 4
35 2
33 4
33 2
33 4
30 4
33 4
35 4
35 4
30 4
35 2
33 4
33 2
33 4
30 4
33 4
35 4
35 4
30 4
35 2
33 4
33 2
33 4
30 4
33 4
35 4
35 4
30 4
35 2
33 4
33 2
33 4
32 4
30 4
25 6
25 6
25 7
23 4
25 7
25 6
25 6
25 7
23 4
25 7
23 6
23 6
23 7
21 4
23 7
23 6
23 6
23 7
21 4
23 7
25 6
25 6
25 7
23 4
25 7
25 6
25 6
25 7
23 4
25 7
28 6
28 6
28 7
26 4
28 4
28 4
30 6
30 6
30 7
28 4
30 4
72 4
30 4
30 4
25 4
30 2
28 4
28 2
28 4
25 4
28 4
30 4
30 4
25 4
30 2
28 4
28 2
28 4
25 4
28 4
30 4
30 4
25 4
30 2
28 4
28 2
28 4
25 4
28 4
30 4
30 4
25 4
30 2
28 4
28 2
30 4
32 4
33 4
35 4
35 4
30 4
35 2
33 4
33 2
33 4
30 4
33 4
35 4
35 4
30 4
35 2
33 4
33 2
33 4
30 4
33 4
35 4
35 4
30 4
35 2
33 4
33 2
33 4
30 4
33 4
35 4
35 4
30 4
35 2
33 4
33 2
33 4
32 4
30 4
30 4
30 4
25 4
30 2
28 4
28 2
28 4
25 4
28 4
30 4
30 4
25 4
30 2
28 4
28 2
28 4
25 4
28 4
30 4
30 4
25 4
30 2
28 4
28 2
28 4
25 4
28 4
30 4
30 4
25 4
30 2
28 4
28 2
30 4
32 4
33 4
35 4
35 4
30 4
35 2
33 4
33 2
33 4
30 4
33 4
35 4
35 4
30 4
35 2
33 4
33 2
33 4
30 4
33 4
35 4
35 4
30 4
35 2
33 4
33 2
33 4
30 4
33 4
35 4
35 4
30 4
35 2
33 4
33 2
33 4
32 4
30 4
25 6
25 6
25 7
23 4
25 7
25 6
25 6
25 7
23 4
25 7
23 6
23 6
23 7
21 4
23 7
23 6
23 6
23 7
21 4
23 7
25 6
25 6
25 7
23 4
25 7
25 6
25 6
25 7
23 4
25 7
28 6
28 6
28 7
26 4
28 4
28 4
30 6
30 6
30 7
28 4
30 4
E
S
H
58 2
72 4
58 2
72 4
58 2
72 6
56 2
72 2
58 2
72 6
54 2
54 2
72 2
58 2
52 2
72 2
56 2
72 2
54 2
72 2
58 2
52 2
72 4
56 2
72 6
58 2
58 2
58 2
58 2
72 4
58 2
58 2
58 2
58 2
72 7
54 2
54 2
72 2
58 2
52 2
72 2
56 2
72 2
54 2
72 2
58 2
52 2
72 4
56 2
72 6
58 2
58 2
58 2
58 2
72 4
58 2
58 2
58 2
58 2
72 7
59 2
59 2
72 2
63 2
57 2
72 2
61 2
72 2
59 2
72 2
63 2
57 2
72 4
61 2
72 6
57 2
57 2
57 2
57 2
72 4
57 2
57 2
57 2
57 2
72 7
59 2
59 2
72 2
63 2
57 2
72 2
61 2
72 2
59 2
72 2
63 2
57 2
72 4
61 2
72 6
57 2
57 2
57 2
57 2
72 4
57 2
57 2
57 2
57 2
72 7
54 2
54 2
72 2
58 2
52 2
72 2
56 2
72 2
54 2
72 2
58 2
52 2
72 4
56 2
72 6
58 2
58 2
58 2
58 2
72 4
58 2
58 2
58 2
58 2
72 7
54 2
54 2
72 2
58 2
52 2
72 2
56 2
72 2
54 2
72 2
58 2
52 2
72 4
56 2
72 6
58 2
58 2
58 2
58 2
72 4
58 2
58 2
58 2
58 2
72 7
59 2
59 2
72 2
63 2
57 2
72 2
61 2
72 2
59 2
72 2
63 2
57 2
72 4
61 2
72 6
57 2
57 2
57 2
57 2
72 4
57 2
57 2
57 2
57 2
72 7
59 2
59 2
72 2
63 2
57 2
72 2
61 2
72 2
59 2
72 2
63 2
57 2
72 4
61 2
72 6
57 2
57 2
57 2
57 2
72 4
57 2
57 2
57 2
57 2
72 7
53 6
53 6
53 7
51 4
53 4
65 2
65 2
53 6
53 6
53 7
51 4
53 2
65 2
65 2
65 2
51 6
51 6
51 7
49 4
51 4
63 2
63 2
51 6
51 6
51 7
49 4
51 2
63 2
63 2
63 2
53 6
53 6
53 7
51 4
53 4
65 2
65 2
53 6
53 6
53 7
51 4
53 2
65 2
65 2
65 2
56 6
56 6
56 7
56 4
56 4
59 2
59 2
66 6
66 6
66 7
68 4
70 4
72 4
54 2
54 2
72 2
58 2
52 2
72 2
56 2
72 2
54 2
72 2
58 2
52 2
72 4
56 2
72 6
58 2
58 2
58 2
58 2
72 4
58 2
58 2
58 2
58 2
72 7
54 2
54 2
72 2
58 2
52 2
72 2
56 2
72 2
54 2
72 2
58 2
52 2
72 4
56 2
72 6
58 2
58 2
58 2
58 2
72 4
58 2
58 2
58 2
58 2
72 7
59 2
59 2
72 2
63 2
57 2
72 2
61 2
72 2
59 2
72 2
63 2
57 2
72 4
61 2
72 6
57 2
57 2
57 2
57 2
72 4
57 2
57 2
57 2
57 2
72 7
59 2
59 2
72 2
63 2
57 2
72 2
61 2
72 2
59 2
72 2
63 2
57 2
72 4
61 2
72 6
57 2
57 2
57 2
57 2
72 4
57 2
57 2
57 2
57 2
72 7
54 2
54 2
72 2
58 2
52 2
72 2
56 2
72 2
54 2
72 2
58 2
52 2
72 4
56 2
72 6
58 2
58 2
58 2
58 2
72 4
58 2
58 2
58 2
58 2
72 7
54 2
54 2
72 2
58 2
52 2
72 2
56 2
72 2
54 2
72 2
58 2
52 2
72 4
56 2
72 6
58 2
58 2
58 2
58 2
72 4
58 2
58 2
58 2
58 2
72 7
59 2
59 2
72 2
63 2
57 2
72 2
61 2
72 2
59 2
72 2
63 2
57 2
72 4
61 2
72 6
57 2
57 2
57 2
57 2
72 4
57 2
57 2
57 2
57 2
72 7
59 2
59 2
72 2
63 2
57 2
72 2
61 2
72 2
59 2
72 2
63 2
57 2
72 4
61 2
72 6
57 2
57 2
57 2
57 2
72 4
57 2
57 2
57 2
57 2
72 7
53 6
53 6
53 7
51 4
53 4
65 2
65 2
53 6
53 6
53 7
51 4
53 2
65 2
65 2
65 2
51 6
51 6
51 7
49 4
51 4
63 2
63 2
51 6
51 6
51 7
49 4
51 2
63 2
63 2
63 2
53 6
53 6
53 7
51 4
53 4
65 2
65 2
53 6
53 6
53 7
51 4
53 2
65 2
65 2
65 2
56 6
56 6
56 7
56 4
56 4
59 2
59 2
66 6
66 6
66 7
68 4
70 4
E
S
L
14 0
72 6
14 0
72 6
14 0
72 7
14 0
72 4
14 0
72 7
11 0
72 4
20 0
72 4
11 0
72 4
14 0
72 4
11 0
72 4
20 0
72 4
11 0
72 4
14 0
72 4
11 0
72 4
20 0
72 4
11 0
72 4
14 0
72 4
11 0
72 4
20 0
72 4
11 0
72 4
14 0
72 4
11 0
72 4
20 0
72 4
11 0
72 4
14 0
72 4
11 0
72 4
20 0
72 4
11 0
72 4
14 0
72 4
11 0
72 4
20 0
72 4
11 0
72 4
14 0
72 4
11 0
72 4
20 0
72 4
11 0
72 4
14 0
72 4
11 0
72 4
20 0
72 4
11 0
72 4
14 0
72 4
11 0
72 4
20 0
72 4
11 0
72 4
14 0
72 4
11 0
72 4
20 0
72 4
11 0
72 4
14 0
72 4
11 0
72 4
20 0
72 4
11 0
72 4
14 0
72 4
11 0
72 4
20 0
72 4
11 0
72 4
14 0
72 4
11 0
72 4
20 0
72 4
11 0
72 4
14 0
72 4
11 0
72 4
20 0
72 4
11 0
72 4
14 0
72 4
11 0
72 4
20 0
72 4
11 0
72 4
14 0
72 4
11 0
72 4
20 0
72 4
11 0
72 4
14 0
72 4
11 0
72 4
20 0
72 4
11 0
72 4
14 0
72 4
11 0
72 4
20 0
72 4
11 0
72 4
14 0
72 4
11 0
72 4
20 0
72 4
11 0
72 4
14 0
72 4
11 0
72 4
20 0
72 4
11 0
72 4
14 0
72 4
11 0
72 4
20 0
72 4
11 0
72 4
14 0
72 4
11 0
72 4
20 0
72 4
11 0
72 4
14 0
72 4
11 0
72 4
20 0
72 4
11 0
72 4
14 0
72 4
11 0
72 4
20 0
72 4
11 0
72 4
14 0
72 4
11 0
72 4
20 0
72 4
11 0
72 4
14 0
72 4
11 0
72 4
20 0
72 4
11 0
72 4
14 0
72 4
11 0
72 4
20 0
72 4
11 0
72 4
14 0
72 4
11 0
72 4
20 0
72 4
11 0
72 4
14 0
72 4
11 0
72 4
20 0
72 4
11 0
72 4
14 0
72 4
11 0
72 4
20 0
72 4
11 0
72 4
14 0
72 4
11 0
72 4
20 0
72 4
11 0
72 4
14 0
72 4
14 0
72 6
14 0
72 6
14 0
72 7
14 0
72 4
14 0
72 7
14 0
72 6
14 0
72 6
14 0
72 7
14 0
72 4
14 0
72 7
14 0
72 6
14 0
72 6
14 0
72 7
14 0
72 4
14 0
72 7
14 0
72 6
14 0
72 6
14 0
72 7
14 0
72 4
14 0
72 7
14 0
72 6
14 0
72 6
14 0
72 7
14 0
72 4
14 0
72 7
14 0
72 6
14 0
72 6
14 0
72 7
14 0
72 4
14 0
72 7
14 0
72 6
14 0
72 6
14 0
72 7
14 0
72 4
14 0
72 7
14 0
72 6
14 0
72 6
14 0
72 7
14 0
72 4
14 7
11 0
72 4
20 0
72 4
11 0
72 4
14 0
72 4
11 0
72 4
20 0
72 4
11 0
72 4
14 0
72 4
11 0
72 4
20 0
72 4
11 0
72 4
14 0
72 4
11 0
72 4
20 0
72 4
11 0
72 4
14 0
72 4
11 0
72 4
20 0
72 4
11 0
72 4
14 0
72 4
11 0
72 4
20 0
72 4
11 0
72 4
14 0
72 4
11 0
72 4
20 0
72 4
11 0
72 4
14 0
72 4
11 0
72 4
20 0
72 4
11 0
72 4
14 0
72 4
11 0
72 4
20 0
72 4
11 0
72 4
14 0
72 4
11 0
72 4
20 0
72 4
11 0
72 4
14 0
72 4
11 0
72 4
20 0
72 4
11 0
72 4
14 0
72 4
11 0
72 4
20 0
72 4
11 0
72 4
14 0
72 4
11 0
72 4
20 0
72 4
11 0
72 4
14 0
72 4
11 0
72 4
20 0
72 4
11 0
72 4
14 0
72 4
11 0
72 4
20 0
72 4
11 0
72 4
14 0
72 4
11 0
72 4
20 0
72 4
11 0
72 4
14 0
72 4
11 0
72 4
20 0
72 4
11 0
72 4
14 0
72 4
11 0
72 4
20 0
72 4
11 0
72 4
14 0
72 4
11 0
72 4
20 0
72 4
11 0
72 4
14 0
72 4
11 0
72 4
20 0
72 4
11 0
72 4
14 0
72 4
11 0
72 4
20 0
72 4
11 0
72 4
14 0
72 4
11 0
72 4
20 0
72 4
11 0
72 4
14 0
72 4
11 0
72 4
20 0
72 4
11 0
72 4
14 0
72 4
11 0
72 4
20 0
72 4
11 0
72 4
14 0
72 4
11 0
72 4
20 0
72 4
11 0
72 4
14 0
72 4
11 0
72 4
20 0
72 4
11 0
72 4
14 0
72 4
11 0
72 4
20 0
72 4
11 0
72 4
14 0
72 4
11 0
72 4
20 0
72 4
11 0
72 4
14 0
72 4
11 0
72 4
20 0
72 4
11 0
72 4
14 0
72 4
11 0
72 4
20 0
72 4
11 0
72 4
14 0
72 4
11 0
72 4
20 0
72 4
11 0
72 4
14 0
72 4
11 0
72 4
20 0
72 4
11 0
72 4
14 0
72 4
14 0
72 6
14 0
72 6
14 0
72 7
14 0
72 4
14 0
72 7
14 0
72 6
14 0
72 6
14 0
72 7
14 0
72 4
14 0
72 7
14 0
72 6
14 0
72 6
14 0
72 7
14 0
72 4
14 0
72 7
14 0
72 6
14 0
72 6
14 0
72 7
14 0
72 4
14 0
72 7
14 0
72 6
14 0
72 6
14 0
72 7
14 0
72 4
14 0
72 7
14 0
72 6
14 0
72 6
14 0
72 7
14 0
72 4
14 0
72 7
14 0
72 6
14 0
72 6
14 0
72 7
14 0
72 4
14 0
72 7
14 0
72 6
14 0
72 6
14 0
72 7
14 0
72 4
14 7
E
X
