minor
S
H
51 4
52 4
54 4
55 4
72 4
51 4
52 4
54 4
55 4
72 7
51 4
52 4
47 9
51 4
52 4
54 4
55 4
72 4
51 4
52 4
54 4
55 4
72 7
51 4
52 4
47 9
51 4
52 4
54 4
55 4
72 4
51 4
52 4
54 4
55 4
72 7
51 4
52 4
47 9
51 4
52 4
54 4
55 4
72 4
51 4
52 4
54 4
55 4
72 7
51 4
52 4
47 9
59 13
57 11
55 7
57 7
59 4
57 4
60 13
72 9
59 13
57 11
55 7
57 7
60 4
57 13
72 7
67 9
51 4
52 4
54 4
55 4
72 4
51 4
52 4
54 4
55 4
72 7
51 4
52 4
47 9
51 4
52 4
54 4
55 4
72 4
51 4
52 4
54 4
55 4
72 7
51 4
52 4
47 9
51 4
52 4
54 4
55 4
72 4
51 4
52 4
54 4
55 4
72 7
51 4
52 4
47 9
51 4
52 4
54 4
55 4
72 4
51 4
52 4
54 4
55 4
72 7
51 4
52 4
47 9
59 13
57 11
55 7
57 7
59 4
57 4
60 13
72 9
59 13
57 11
55 7
57 7
60 4
57 13
72 7
67 9
E
S
L
21 2
72 2
21 2
72 2
21 2
72 2
21 2
72 2
21 2
72 2
21 2
72 2
21 2
72 2
21 2
72 2
21 2
72 2
21 2
72 2
21 2
72 2
21 2
72 2
21 2
72 2
31 9
21 2
72 2
21 2
72 2
21 2
72 2
21 2
72 2
21 2
72 2
21 2
72 2
21 2
72 2
21 2
72 2
21 2
72 2
21 2
72 2
21 2
72 2
21 2
72 2
21 2
72 2
31 9
21 2
72 2
21 2
72 2
21 2
72 2
21 2
72 2
21 2
72 2
21 2
72 2
21 2
72 2
21 2
72 2
21 2
72 2
21 2
72 2
21 2
72 2
21 2
72 2
21 2
72 2
31 9
21 2
72 2
21 2
72 2
21 2
72 2
21 2
72 2
21 2
72 2
21 2
72 2
21 2
72 2
21 2
72 2
21 2
72 2
21 2
72 2
21 2
72 2
21 2
72 2
21 2
72 2
31 9
31 4
31 4
31 4
31 4
31 4
31 4
31 4
31 4
31 4
31 4
31 4
31 4
31 4
31 4
31 4
31 4
21 4
21 4
21 4
21 4
21 4
21 4
21 4
21 4
21 4
21 4
21 4
21 4
33 4
21 4
33 4
21 4
31 4
31 4
31 4
31 4
31 4
31 4
31 4
31 4
31 4
31 4
31 4
31 4
31 4
31 4
31 4
31 4
21 4
21 4
21 4
21 4
21 4
21 4
21 4
21 4
21 4
21 4
21 4
21 4
21 4
33 4
72 7
21 2
72 2
21 2
72 2
21 2
72 2
21 2
72 2
21 2
72 2
21 2
72 2
21 2
72 2
21 2
72 2
21 2
72 2
21 2
72 2
21 2
72 2
21 2
72 2
21 2
72 2
31 9
21 2
72 2
21 2
72 2
21 2
72 2
21 2
72 2
21 2
72 2
21 2
72 2
21 2
72 2
21 2
72 2
21 2
72 2
21 2
72 2
21 2
72 2
21 2
72 2
21 2
72 2
31 9
21 2
72 2
21 2
72 2
21 2
72 2
21 2
72 2
21 2
72 2
21 2
72 2
21 2
72 2
21 2
72 2
21 2
72 2
21 2
72 2
21 2
72 2
21 2
72 2
21 2
72 2
31 9
21 2
72 2
21 2
72 2
21 2
72 2
21 2
72 2
21 2
72 2
21 2
72 2
21 2
72 2
21 2
72 2
21 2
72 2
21 2
72 2
21 2
72 2
21 2
72 2
21 2
72 2
31 9
31 4
31 4
31 4
31 4
31 4
31 4
31 4
31 4
31 4
31 4
31 4
31 4
31 4
31 4
31 4
31 4
21 4
21 4
21 4
21 4
21 4
21 4
21 4
21 4
21 4
21 4
21 4
21 4
33 4
21 4
33 4
21 4
31 4
31 4
31 4
31 4
31 4
31 4
31 4
31 4
31 4
31 4
31 4
31 4
31 4
31 4
31 4
31 4
21 4
21 4
21 4
21 4
21 4
21 4
21 4
21 4
21 4
21 4
21 4
21 4
21 4
33 4
E
S
H
72 4
52 4
72 4
52 4
72 4
52 4
72 4
52 4
72 11
50 4
72 4
50 4
72 4
52 4
72 4
52 4
72 4
52 4
72 4
52 4
72 11
50 4
72 4
50 4
72 4
52 4
72 4
52 4
72 4
52 4
72 4
52 4
72 11
50 4
72 4
50 4
72 4
52 4
72 4
52 4
72 4
52 4
72 4
52 4
72 11
50 4
72 4
50 4
72 4
50 4
50 4
50 4
50 4
50 4
50 4
50 4
72 13
52 4
52 4
52 4
52 4
52 4
52 4
52 4
72 13
50 4
50 4
50 4
50 4
50 4
50 4
50 4
72 13
52 4
52 4
52 4
52 4
52 4
52 4
52 4
72 11
56 9
72 4
52 4
72 4
52 4
72 4
52 4
72 4
52 4
72 11
50 4
72 4
50 4
72 4
52 4
72 4
52 4
72 4
52 4
72 4
52 4
72 11
50 4
72 4
50 4
72 4
52 4
72 4
52 4
72 4
52 4
72 4
52 4
72 11
50 4
72 4
50 4
72 4
52 4
72 4
52 4
72 4
52 4
72 4
52 4
72 11
50 4
72 4
50 4
72 4
50 4
50 4
50 4
50 4
50 4
50 4
50 4
72 13
52 4
52 4
52 4
52 4
52 4
52 4
52 4
72 13
50 4
50 4
50 4
50 4
50 4
50 4
50 4
72 13
52 4
52 4
52 4
52 4
52 4
52 4
52 4
72 11
56 9
E
S
L
20 0
72 4
20 0
72 4
14 0
72 4
20 0
72 4
20 0
72 4
20 0
72 4
14 0
72 4
20 0
72 4
20 0
72 4
20 0
72 4
14 0
72 4
20 0
72 4
20 0
72 4
22 0
72 4
31 0
72 7
20 0
72 4
20 0
72 4
14 0
72 4
20 0
72 4
20 0
72 4
20 0
72 4
14 0
72 4
20 0
72 4
20 0
72 4
20 0
72 4
14 0
72 4
20 0
72 4
20 0
72 4
22 0
72 4
31 0
72 7
20 0
72 4
20 0
72 4
14 0
72 4
20 0
72 4
20 0
72 4
20 0
72 4
14 0
72 4
20 0
72 4
20 0
72 4
20 0
72 4
14 0
72 4
20 0
72 4
20 0
72 4
22 0
72 4
31 0
72 7
20 0
72 4
20 0
72 4
14 0
72 4
20 0
72 4
20 0
72 4
20 0
72 4
14 0
72 4
20 0
72 4
20 0
72 4
20 0
72 4
14 0
72 4
20 0
72 4
20 0
72 4
22 0
72 4
31 0
72 7
20 0
72 4
20 0
72 4
14 0
72 4
20 0
72 4
20 0
72 4
20 0
72 4
14 0
72 4
20 0
72 4
20 0
72 4
20 0
72 4
14 0
72 4
20 0
72 4
20 0
72 4
20 0
72 4
14 0
72 4
20 0
72 4
20 0
72 4
20 0
72 4
14 0
72 4
20 0
72 4
20 0
72 4
20 0
72 4
14 0
72 4
20 0
72 4
20 0
72 4
20 0
72 4
14 0
72 4
20 0
72 4
14 0
72 4
20 0
72 4
14 0
72 4
20 0
72 4
20 0
72 4
20 0
72 4
14 0
72 4
20 0
72 4
20 0
72 4
20 0
72 4
14 0
72 4
20 0
72 4
20 0
72 4
20 0
72 4
14 0
72 4
20 0
72 4
20 0
72 4
20 0
72 4
14 0
72 4
20 0
72 4
20 0
72 4
20 0
72 4
14 0
72 4
20 0
72 4
20 0
72 4
20 0
72 4
14 0
72 4
20 0
72 4
20 0
72 4
20 0
72 4
14 0
72 4
20 0
72 4
20 0
72 4
14 0
72 9
20 0
72 4
20 0
72 4
14 0
72 4
20 0
72 4
20 0
72 4
20 0
72 4
14 0
72 4
20 0
72 4
20 0
72 4
20 0
72 4
14 0
72 4
20 0
72 4
20 0
72 4
22 0
72 4
31 0
72 7
20 0
72 4
20 0
72 4
14 0
72 4
20 0
72 4
20 0
72 4
20 0
72 4
14 0
72 4
20 0
72 4
20 0
72 4
20 0
72 4
14 0
72 4
20 0
72 4
20 0
72 4
22 0
72 4
31 0
72 7
20 0
72 4
20 0
72 4
14 0
72 4
20 0
72 4
20 0
72 4
20 0
72 4
14 0
72 4
20 0
72 4
20 0
72 4
20 0
72 4
14 0
72 4
20 0
72 4
20 0
72 4
22 0
72 4
31 0
72 7
20 0
72 4
20 0
72 4
14 0
72 4
20 0
72 4
20 0
72 4
20 0
72 4
14 0
72 4
20 0
72 4
20 0
72 4
20 0
72 4
14 0
72 4
20 0
72 4
20 0
72 4
22 0
72 4
31 0
72 7
20 0
72 4
20 0
72 4
14 0
72 4
20 0
72 4
20 0
72 4
20 0
72 4
14 0
72 4
20 0
72 4
20 0
72 4
20 0
72 4
14 0
72 4
20 0
72 4
20 0
72 4
20 0
72 4
14 0
72 4
20 0
72 4
20 0
72 4
20 0
72 4
14 0
72 4
20 0
72 4
20 0
72 4
20 0
72 4
14 0
72 4
20 0
72 4
20 0
72 4
20 0
72 4
14 0
72 4
20 0
72 4
14 0
72 4
20 0
72 4
14 0
72 4
20 0
72 4
20 0
72 4
20 0
72 4
14 0
72 4
20 0
72 4
20 0
72 4
20 0
72 4
14 0
72 4
20 0
72 4
20 0
72 4
20 0
72 4
14 0
72 4
20 0
72 4
20 0
72 4
20 0
72 4
14 0
72 4
20 0
72 4
20 0
72 4
20 0
72 4
14 0
72 4
20 0
72 4
20 0
72 4
20 0
72 4
14 0
72 4
20 0
72 4
20 0
72 4
20 0
72 4
14 0
72 4
20 0
72 4
20 0
72 4
14 0
E
X
