major
S
H
72 14
222 2
171 2
118 2
171 2
222 2
171 2
118 2
171 2
210 2
170 2
118 2
170 2
210 2
170 2
118 2
170 2
198 2
169 2
118 2
169 2
198 2
169 2
118 2
169 2
195 2
144 2
224 2
144 2
195 2
144 2
224 2
144 2
195 4
223 7
132 7
195 7
209 4
222 2
171 2
118 2
171 2
222 2
171 2
118 2
171 2
210 2
170 2
118 2
170 2
210 2
170 2
118 2
170 2
198 2
169 2
118 2
169 2
198 2
169 2
118 2
169 2
195 2
144 2
224 2
144 2
195 2
144 2
224 2
144 2
149 14
72 14
228 9
135 9
187 7
222 2
171 2
118 2
171 2
222 2
171 2
118 2
171 2
210 2
170 2
118 2
170 2
210 2
170 2
118 2
170 2
198 2
169 2
118 2
169 2
198 2
169 2
118 2
169 2
195 2
144 2
224 2
144 2
195 2
144 2
224 2
144 2
195 4
223 7
132 7
195 7
209 4
222 2
171 2
118 2
171 2
222 2
171 2
118 2
171 2
210 2
170 2
118 2
170 2
210 2
170 2
118 2
170 2
198 2
169 2
118 2
169 2
198 2
169 2
118 2
169 2
195 2
144 2
224 2
144 2
195 2
144 2
224 2
144 2
55 11
48 4
51 4
53 4
54 11
46 4
48 4
50 4
52 7
53 11
52 11
145 4
132 4
119 4
106 4
72 11
106 11
198 4
106 4
169 4
185 13
106 11
198 4
106 4
169 4
208 9
183 2
170 2
157 11
160 4
241 2
160 2
201 4
160 2
201 2
241 4
201 2
241 2
160 7
179 4
153 4
72 4
101 4
72 4
244 4
42 4
40 4
72 4
36 4
72 4
35 4
72 14
222 2
171 2
118 2
171 2
222 2
171 2
118 2
171 2
210 2
170 2
118 2
170 2
210 2
170 2
118 2
170 2
198 2
169 2
118 2
169 2
198 2
169 2
118 2
169 2
195 2
144 2
224 2
144 2
195 2
144 2
224 2
144 2
195 4
223 7
132 7
195 7
209 4
222 2
171 2
118 2
171 2
222 2
171 2
118 2
171 2
210 2
170 2
118 2
170 2
210 2
170 2
118 2
170 2
198 2
169 2
118 2
169 2
198 2
169 2
118 2
169 2
195 2
144 2
224 2
144 2
195 2
144 2
224 2
144 2
149 14
72 14
228 9
135 9
187 7
222 2
171 2
118 2
171 2
222 2
171 2
118 2
171 2
210 2
170 2
118 2
170 2
210 2
170 2
118 2
170 2
198 2
169 2
118 2
169 2
198 2
169 2
118 2
169 2
195 2
144 2
224 2
144 2
195 2
144 2
224 2
144 2
195 4
223 7
132 7
195 7
209 4
222 2
171 2
118 2
171 2
222 2
171 2
118 2
171 2
210 2
170 2
118 2
170 2
210 2
170 2
118 2
170 2
198 2
169 2
118 2
169 2
198 2
169 2
118 2
169 2
195 2
144 2
224 2
144 2
195 2
144 2
224 2
144 2
55 11
48 4
51 4
53 4
54 11
46 4
48 4
50 4
52 7
53 11
52 11
145 4
132 4
119 4
106 4
72 11
106 11
198 4
106 4
169 4
185 13
106 11
198 4
106 4
169 4
208 9
183 2
170 2
157 11
160 4
241 2
160 2
201 4
160 2
201 2
241 4
201 2
241 2
160 7
179 4
153 4
72 4
101 4
72 4
244 4
42 4
40 4
72 4
36 4
72 4
35 4
72 14
222 2
171 2
118 2
171 2
222 2
171 2
118 2
171 2
210 2
170 2
118 2
170 2
210 2
170 2
118 2
170 2
198 2
169 2
118 2
169 2
198 2
169 2
118 2
169 2
195 2
144 2
224 2
144 2
195 2
144 2
224 2
144 2
195 4
223 7
132 7
195 7
209 4
222 2
171 2
118 2
171 2
222 2
171 2
118 2
171 2
210 2
170 2
118 2
170 2
210 2
170 2
118 2
170 2
198 2
169 2
118 2
169 2
198 2
169 2
118 2
169 2
195 2
144 2
224 2
144 2
195 2
144 2
224 2
144 2
E
S
L
213 7
72 4
108 4
72 4
213 4
72 4
108 7
108 4
108 4
108 4
108 4
239 4
72 4
213 9
72 4
108 4
72 4
213 4
72 4
108 7
108 4
108 4
108 4
108 4
239 4
72 4
187 9
72 4
224 4
72 4
187 4
72 4
226 14
187 7
187 4
72 4
224 4
72 4
187 4
72 4
226 14
213 7
72 4
108 4
72 4
213 4
72 4
108 7
108 4
108 4
108 4
108 4
239 4
72 4
213 9
72 4
108 4
72 4
213 4
72 4
108 7
108 4
108 4
108 4
108 4
239 4
72 4
187 9
72 4
224 4
72 4
187 4
72 4
226 14
187 7
187 4
72 4
224 4
72 4
187 4
72 4
226 14
31 12
30 13
29 11
31 11
200 4
187 4
174 4
161 4
72 4
161 4
161 4
72 4
32 13
31 11
31 9
32 13
160 11
72 4
160 7
160 4
28 13
23 12
30 4
28 4
72 4
24 4
72 4
23 4
30 4
28 4
72 4
24 4
72 4
23 4
213 7
72 4
108 4
72 4
213 4
72 4
108 7
108 4
108 4
108 4
108 4
239 4
72 4
213 9
72 4
108 4
72 4
213 4
72 4
108 7
108 4
108 4
108 4
108 4
239 4
72 4
187 9
72 4
224 4
72 4
187 4
72 4
226 14
187 7
187 4
72 4
224 4
72 4
187 4
72 4
226 14
213 7
72 4
108 4
72 4
213 4
72 4
108 7
108 4
108 4
108 4
108 4
239 4
72 4
213 9
72 4
108 4
72 4
213 4
72 4
108 7
108 4
108 4
108 4
108 4
239 4
72 4
187 9
72 4
224 4
72 4
187 4
72 4
226 14
187 7
187 4
72 4
224 4
72 4
187 4
72 4
226 14
31 12
30 13
29 11
31 11
200 4
187 4
174 4
161 4
72 4
161 4
161 4
72 4
32 13
31 11
31 9
32 13
160 11
72 4
160 7
160 4
28 13
23 12
30 4
28 4
72 4
24 4
72 4
23 4
30 4
28 4
72 4
24 4
72 4
23 4
213 7
72 4
108 4
72 4
213 4
72 4
108 7
108 4
108 4
108 4
108 4
239 4
72 4
213 9
72 4
108 4
72 4
213 4
72 4
108 7
108 4
108 4
108 4
108 4
239 4
72 4
187 9
72 4
224 4
72 4
187 4
72 4
226 14
187 7
187 4
72 4
224 4
72 4
187 4
72 4
226 14
E
S
L
21 4
21 4
21 4
21 4
21 4
21 4
21 4
21 4
21 4
21 4
21 4
21 4
21 4
21 4
21 4
21 4
21 4
21 4
21 4
21 4
21 4
21 4
21 4
21 4
21 4
21 4
21 4
21 4
21 4
21 4
21 4
19 7
19 4
19 4
19 4
19 4
19 4
19 4
23 2
24 2
25 7
25 9
25 9
25 7
13 9
17 7
19 7
19 4
19 4
19 4
19 4
19 4
19 4
23 2
24 2
25 7
25 4
25 7
25 7
25 4
25 7
13 9
17 9
21 4
21 4
21 4
21 4
21 4
21 4
21 4
21 4
21 4
21 4
21 4
21 4
21 4
21 4
21 4
21 4
21 4
21 4
21 4
21 4
21 4
21 4
21 4
21 4
21 4
21 4
21 4
21 4
21 4
21 4
21 4
19 7
19 4
19 4
19 4
19 4
19 4
19 4
23 2
24 2
25 7
25 9
25 9
25 7
13 9
17 7
19 7
19 4
19 4
19 4
19 4
19 4
19 4
23 2
24 2
25 7
25 4
25 7
25 7
25 4
25 7
13 9
17 9
24 7
72 4
24 4
24 9
24 9
72 4
24 4
24 11
24 7
72 4
24 4
24 11
17 7
72 4
17 4
17 4
20 4
22 4
24 4
25 7
72 4
25 4
25 11
24 7
72 4
24 4
24 11
25 7
72 4
25 4
25 11
16 7
72 4
16 4
16 11
28 7
23 7
20 7
16 7
30 4
28 4
72 4
24 4
72 4
23 4
30 4
28 4
72 4
24 4
72 4
23 4
21 4
21 4
21 4
21 4
21 4
21 4
21 4
21 4
21 4
21 4
21 4
21 4
21 4
21 4
21 4
21 4
21 4
21 4
21 4
21 4
21 4
21 4
21 4
21 4
21 4
21 4
21 4
21 4
21 4
21 4
21 4
19 7
19 4
19 4
19 4
19 4
19 4
19 4
23 2
24 2
25 7
25 9
25 9
25 7
13 9
17 7
19 7
19 4
19 4
19 4
19 4
19 4
19 4
23 2
24 2
25 7
25 4
25 7
25 7
25 4
25 7
13 9
17 9
21 4
21 4
21 4
21 4
21 4
21 4
21 4
21 4
21 4
21 4
21 4
21 4
21 4
21 4
21 4
21 4
21 4
21 4
21 4
21 4
21 4
21 4
21 4
21 4
21 4
21 4
21 4
21 4
21 4
21 4
21 4
19 7
19 4
19 4
19 4
19 4
19 4
19 4
23 2
24 2
25 7
25 9
25 9
25 7
13 9
17 7
19 7
19 4
19 4
19 4
19 4
19 4
19 4
23 2
24 2
25 7
25 4
25 7
25 7
25 4
25 7
13 9
17 9
24 7
72 4
24 4
24 9
24 9
72 4
24 4
24 11
24 7
72 4
24 4
24 11
17 7
72 4
17 4
17 4
20 4
22 4
24 4
25 7
72 4
25 4
25 11
24 7
72 4
24 4
24 11
25 7
72 4
25 4
25 11
16 7
72 4
16 4
16 11
28 7
23 7
20 7
16 7
30 4
28 4
72 4
24 4
72 4
23 4
30 4
28 4
72 4
24 4
72 4
23 4
21 4
21 4
21 4
21 4
21 4
21 4
21 4
21 4
21 4
21 4
21 4
21 4
21 4
21 4
21 4
21 4
21 4
21 4
21 4
21 4
21 4
21 4
21 4
21 4
21 4
21 4
21 4
21 4
21 4
21 4
21 4
19 7
19 4
19 4
19 4
19 4
19 4
19 4
23 2
24 2
25 7
25 9
25 9
25 7
13 9
17 7
19 7
19 4
19 4
19 4
19 4
19 4
19 4
23 2
24 2
25 7
25 4
25 7
25 7
25 4
25 7
13 9
17 9
E
S
L
160 0
72 4
18 0
72 4
155 0
72 4
184 0
72 4
184 0
72 4
18 0
72 4
155 0
72 4
184 0
72 4
18 0
72 4
184 0
72 4
155 0
72 4
184 0
72 4
184 0
72 4
184 0
72 4
155 0
72 4
232 0
72 4
184 0
72 4
18 0
72 4
155 0
72 4
184 0
72 4
184 0
72 4
18 0
72 4
155 0
72 4
184 0
72 4
18 0
72 4
184 0
72 4
155 0
72 4
184 0
72 4
184 0
72 4
184 0
72 4
155 0
72 4
232 0
72 4
18 0
72 4
184 0
72 4
155 0
72 4
184 0
72 4
184 0
72 4
184 0
72 4
155 0
72 4
184 0
72 4
160 0
72 4
18 0
72 4
155 0
72 4
184 0
72 4
184 0
72 4
184 0
72 4
155 0
72 4
184 0
72 4
184 0
72 4
18 0
72 4
155 0
72 4
184 0
72 4
184 0
72 4
18 0
72 4
155 0
72 4
232 0
72 4
18 0
72 4
184 0
72 4
155 0
72 4
184 0
72 4
184 0
72 4
184 0
72 4
155 0
72 4
232 0
72 4
18 0
72 4
184 0
72 4
155 0
72 4
184 0
72 4
184 0
72 4
184 0
72 4
155 0
72 4
184 0
72 4
184 0
72 4
18 0
72 4
155 0
72 4
184 0
72 4
184 0
72 4
18 0
72 4
155 0
72 4
18 0
72 4
160 0
72 4
18 0
72 4
155 0
72 4
184 0
72 4
184 0
72 4
18 0
72 4
155 0
72 4
184 0
72 4
18 0
72 4
184 0
72 4
155 0
72 4
184 0
72 4
184 0
72 4
184 0
72 4
155 0
72 4
232 0
72 4
184 0
72 4
18 0
72 4
155 0
72 4
184 0
72 4
184 0
72 4
18 0
72 4
155 0
72 4
184 0
72 4
18 0
72 4
184 0
72 4
155 0
72 4
184 0
72 4
184 0
72 4
184 0
72 4
155 0
72 4
232 0
72 4
18 0
72 4
184 0
72 4
155 0
72 4
184 0
72 4
184 0
72 4
184 0
72 4
155 0
72 4
184 0
72 4
160 0
72 4
18 0
72 4
155 0
72 4
184 0
72 4
184 0
72 4
184 0
72 4
155 0
72 4
184 0
72 4
184 0
72 4
18 0
72 4
155 0
72 4
184 0
72 4
184 0
72 4
18 0
72 4
155 0
72 4
232 0
72 4
18 0
72 4
184 0
72 4
155 0
72 4
184 0
72 4
184 0
72 4
184 0
72 4
155 0
72 4
232 0
72 4
18 0
72 4
184 0
72 4
155 0
72 4
184 0
72 4
184 0
72 4
184 0
72 4
155 0
72 4
184 0
72 4
184 0
72 4
18 0
72 4
155 0
72 4
184 0
72 4
184 0
72 4
18 0
72 4
155 0
72 4
18 0
72 4
160 0
72 4
18 0
72 4
155 0
72 4
184 0
72 4
184 0
72 4
18 0
72 4
155 0
72 4
184 0
72 4
18 0
72 4
184 0
72 4
155 0
72 4
184 0
72 4
184 0
72 4
184 0
72 4
155 0
72 4
232 0
72 4
184 0
72 4
18 0
72 4
155 0
72 4
184 0
72 4
184 0
72 4
184 0
72 4
155 0
72 4
184 0
72 4
184 0
72 4
184 0
72 4
155 0
72 4
184 0
72 4
18 0
72 4
184 0
72 4
155 0
72 4
232 0
72 4
184 0
72 4
18 0
72 4
155 0
72 4
184 0
72 4
18 0
72 4
184 0
72 4
155 0
72 4
184 0
72 4
184 0
72 4
184 0
72 4
155 0
72 4
184 0
72 4
184 0
72 4
184 0
72 4
155 0
72 4
232 0
72 4
184 0
72 4
18 0
72 4
155 0
72 4
184 0
72 4
18 0
72 4
184 0
72 4
155 0
72 4
184 0
72 4
184 0
72 4
18 0
72 4
155 0
72 4
184 0
72 4
18 0
72 4
184 0
72 4
155 0
72 4
232 0
72 4
184 0
72 7
184 0
72 7
184 0
72 7
184 0
72 7
155 0
72 4
184 0
72 4
18 0
72 4
232 0
72 4
18 0
72 4
184 0
72 4
155 0
72 4
184 0
72 4
18 0
72 4
232 0
72 4
18 0
72 4
184 0
72 4
160 0
72 4
18 0
72 4
155 0
72 4
184 0
72 4
184 0
72 4
18 0
72 4
155 0
72 4
184 0
72 4
18 0
72 4
184 0
72 4
155 0
72 4
184 0
72 4
184 0
72 4
184 0
72 4
155 0
72 4
232 0
72 4
184 0
72 4
18 0
72 4
155 0
72 4
184 0
72 4
184 0
72 4
18 0
72 4
155 0
72 4
184 0
72 4
18 0
72 4
184 0
72 4
155 0
72 4
184 0
72 4
184 0
72 4
184 0
72 4
155 0
72 4
232 0
72 4
18 0
72 4
184 0
72 4
155 0
72 4
184 0
72 4
184 0
72 4
184 0
72 4
155 0
72 4
184 0
72 4
160 0
72 4
18 0
72 4
155 0
72 4
184 0
72 4
184 0
72 4
184 0
72 4
155 0
72 4
184 0
72 4
184 0
72 4
18 0
72 4
155 0
72 4
184 0
72 4
184 0
72 4
18 0
72 4
155 0
72 4
232 0
72 4
18 0
72 4
184 0
72 4
155 0
72 4
184 0
72 4
184 0
72 4
184 0
72 4
155 0
72 4
232 0
72 4
18 0
72 4
184 0
72 4
155 0
72 4
184 0
72 4
184 0
72 4
184 0
72 4
155 0
72 4
184 0
72 4
184 0
72 4
18 0
72 4
155 0
72 4
184 0
72 4
184 0
72 4
18 0
72 4
155 0
72 4
18 0
72 4
160 0
72 4
18 0
72 4
155 0
72 4
184 0
72 4
184 0
72 4
18 0
72 4
155 0
72 4
184 0
72 4
18 0
72 4
184 0
72 4
155 0
72 4
184 0
72 4
184 0
72 4
184 0
72 4
155 0
72 4
232 0
72 4
184 0
72 4
18 0
72 4
155 0
72 4
184 0
72 4
184 0
72 4
18 0
72 4
155 0
72 4
184 0
72 4
18 0
72 4
184 0
72 4
155 0
72 4
184 0
72 4
184 0
72 4
184 0
72 4
155 0
72 4
232 0
72 4
18 0
72 4
184 0
72 4
155 0
72 4
184 0
72 4
184 0
72 4
184 0
72 4
155 0
72 4
184 0
72 4
160 0
72 4
18 0
72 4
155 0
72 4
184 0
72 4
184 0
72 4
184 0
72 4
155 0
72 4
184 0
72 4
184 0
72 4
18 0
72 4
155 0
72 4
184 0
72 4
184 0
72 4
18 0
72 4
155 0
72 4
232 0
72 4
18 0
72 4
184 0
72 4
155 0
72 4
184 0
72 4
184 0
72 4
184 0
72 4
155 0
72 4
232 0
72 4
18 0
72 4
184 0
72 4
155 0
72 4
184 0
72 4
184 0
72 4
184 0
72 4
155 0
72 4
184 0
72 4
184 0
72 4
18 0
72 4
155 0
72 4
184 0
72 4
184 0
72 4
18 0
72 4
155 0
72 4
18 0
72 4
160 0
72 4
18 0
72 4
155 0
72 4
184 0
72 4
184 0
72 4
18 0
72 4
155 0
72 4
184 0
72 4
18 0
72 4
184 0
72 4
155 0
72 4
184 0
72 4
184 0
72 4
184 0
72 4
155 0
72 4
232 0
72 4
184 0
72 4
18 0
72 4
155 0
72 4
184 0
72 4
184 0
72 4
184 0
72 4
155 0
72 4
184 0
72 4
184 0
72 4
184 0
72 4
155 0
72 4
184 0
72 4
18 0
72 4
184 0
72 4
155 0
72 4
232 0
72 4
184 0
72 4
18 0
72 4
155 0
72 4
184 0
72 4
18 0
72 4
184 0
72 4
155 0
72 4
184 0
72 4
184 0
72 4
184 0
72 4
155 0
72 4
184 0
72 4
184 0
72 4
184 0
72 4
155 0
72 4
232 0
72 4
184 0
72 4
18 0
72 4
155 0
72 4
184 0
72 4
18 0
72 4
184 0
72 4
155 0
72 4
184 0
72 4
184 0
72 4
18 0
72 4
155 0
72 4
184 0
72 4
18 0
72 4
184 0
72 4
155 0
72 4
232 0
72 4
184 0
72 7
184 0
72 7
184 0
72 7
184 0
72 7
155 0
72 4
184 0
72 4
18 0
72 4
232 0
72 4
18 0
72 4
184 0
72 4
155 0
72 4
184 0
72 4
18 0
72 4
232 0
72 4
18 0
72 4
184 0
72 4
160 0
72 4
18 0
72 4
155 0
72 4
184 0
72 4
184 0
72 4
18 0
72 4
155 0
72 4
184 0
72 4
18 0
72 4
184 0
72 4
155 0
72 4
184 0
72 4
184 0
72 4
184 0
72 4
155 0
72 4
232 0
72 4
184 0
72 4
18 0
72 4
155 0
72 4
184 0
72 4
184 0
72 4
18 0
72 4
155 0
72 4
184 0
72 4
18 0
72 4
184 0
72 4
155 0
72 4
184 0
72 4
184 0
72 4
184 0
72 4
155 0
72 4
232 0
72 4
18 0
72 4
184 0
72 4
155 0
72 4
184 0
72 4
184 0
72 4
184 0
72 4
155 0
72 4
184 0
72 4
160 0
72 4
18 0
72 4
155 0
72 4
184 0
72 4
184 0
72 4
184 0
72 4
155 0
72 4
184 0
72 4
184 0
72 4
18 0
72 4
155 0
72 4
184 0
72 4
184 0
72 4
18 0
72 4
155 0
72 4
232 0
72 4
18 0
72 4
184 0
72 4
155 0
72 4
184 0
72 4
184 0
72 4
184 0
72 4
155 0
72 4
232 0
72 4
18 0
72 4
184 0
72 4
155 0
72 4
184 0
72 4
184 0
72 4
184 0
72 4
155 0
72 4
184 0
72 4
184 0
72 4
18 0
72 4
155 0
72 4
184 0
72 4
184 0
72 4
18 0
72 4
155 0
72 4
18 0
E
X
