major
S
L
72 5
72 4
72 4
72 9
72 6
14 6
12 6
14 6
12 6
14 6
12 6
14 6
12 6
14 4
12 4
14 4
12 4
14 6
12 6
14 6
12 6
14 6
12 6
14 6
12 6
14 4
12 4
14 4
12 4
14 6
12 6
14 6
12 6
14 6
12 6
14 6
12 6
14 4
12 4
14 4
12 4
14 6
12 6
14 6
12 6
14 6
12 6
14 6
12 6
14 4
12 4
14 4
12 4
14 6
12 6
14 6
12 6
14 6
12 6
14 6
12 6
14 4
12 4
14 4
12 4
14 6
12 6
14 6
12 6
14 6
12 6
14 6
12 6
14 4
12 4
14 4
12 4
14 6
12 6
14 6
12 6
14 6
12 6
14 6
12 6
14 4
12 4
14 4
12 4
14 6
12 6
14 6
12 6
14 6
12 2
72 13
14 6
12 6
14 6
12 6
14 4
12 4
14 6
12 6
14 6
12 6
14 4
15 4
14 6
12 6
14 6
12 6
14 4
12 4
14 6
12 6
14 6
12 6
14 4
15 4
14 6
12 6
14 6
12 6
14 4
12 4
14 6
12 6
14 6
12 6
14 4
15 4
14 6
12 6
14 6
12 6
14 4
12 4
14 6
12 6
14 6
12 6
14 4
15 4
14 6
12 6
14 6
12 6
14 4
12 4
14 6
12 6
14 6
12 6
14 4
15 4
14 6
12 6
14 6
12 6
14 4
12 4
14 6
12 6
14 6
12 6
14 4
15 4
14 6
12 6
14 6
12 6
14 4
12 4
14 6
12 6
14 6
12 6
14 4
15 4
14 6
12 6
14 6
12 6
14 4
12 4
14 6
12 6
14 6
12 6
14 4
15 4
14 6
12 6
14 6
12 6
14 6
12 6
14 6
12 6
14 4
12 4
14 4
12 4
14 6
12 6
14 6
12 6
14 6
12 6
14 6
12 6
14 4
12 4
14 4
12 4
14 6
12 6
14 6
12 6
14 6
12 6
14 6
12 6
14 4
12 4
14 4
12 4
14 6
12 6
14 6
12 6
14 6
E
S
H
72 5
72 4
72 4
72 14
38 6
36 6
41 6
39 6
44 6
42 6
47 6
45 6
43 4
48 4
41 4
46 4
38 6
36 6
41 6
39 6
44 6
42 6
47 6
45 6
43 4
48 4
41 4
46 4
38 6
36 6
41 6
39 6
44 6
42 6
47 6
45 6
43 4
48 4
41 4
46 4
38 6
36 6
41 6
39 6
44 6
42 6
47 6
45 6
43 4
48 4
41 4
46 4
50 13
62 11
53 13
65 11
65 11
52 13
64 11
60 7
66 9
49 13
51 11
50 13
62 11
53 13
65 11
65 11
52 13
64 11
60 7
66 9
49 13
51 11
38 6
36 6
41 6
39 6
44 6
42 6
47 6
45 6
43 4
48 4
41 4
46 4
38 6
36 6
41 6
39 6
44 6
42 6
47 6
45 6
43 4
48 4
41 4
46 4
38 6
36 6
41 6
39 6
44 6
42 6
47 6
45 6
43 4
48 4
41 4
46 4
38 6
36 6
41 6
39 6
44 6
42 6
47 6
45 6
43 4
48 4
41 4
46 4
E
S
H
72 5
72 4
72 4
72 11
50 6
48 6
53 6
51 6
56 6
54 6
59 6
57 6
192 4
101 4
166 4
231 4
50 6
48 6
53 6
51 6
56 6
54 6
59 6
57 6
192 4
101 4
166 4
231 4
50 6
48 6
53 6
51 6
56 6
54 6
59 6
57 6
192 4
101 4
166 4
231 4
50 6
48 6
53 6
51 6
56 6
54 6
59 6
57 6
192 4
101 4
166 4
231 4
50 6
48 6
53 6
51 6
56 6
54 6
59 6
57 6
192 4
101 4
166 4
231 4
50 6
48 6
53 6
51 6
56 6
54 6
59 6
57 6
192 4
101 4
166 4
231 4
50 6
48 6
53 6
51 6
56 6
54 6
59 6
57 6
192 4
101 4
166 4
231 4
50 6
48 6
53 6
51 6
56 6
54 6
59 6
57 6
192 4
101 4
166 4
231 4
38 13
50 11
41 14
53 11
65 11
40 14
64 11
60 7
54 9
37 13
39 11
38 13
50 11
41 13
53 11
65 11
40 13
64 11
60 7
54 9
37 13
39 11
50 6
48 6
53 6
51 6
56 6
54 6
59 6
57 6
192 4
101 4
166 4
231 4
50 6
48 6
53 6
51 6
56 6
54 6
59 6
57 6
192 4
101 4
166 4
231 4
50 6
48 6
53 6
51 6
56 6
54 6
59 6
57 6
192 4
101 4
166 4
231 4
50 6
48 6
53 6
51 6
56 6
54 6
59 6
57 6
192 4
101 4
166 4
231 4
E
S
H
72 5
72 4
72 4
72 11
50 6
48 6
53 6
51 6
56 6
54 6
59 6
57 6
55 4
60 4
53 4
58 4
50 6
48 6
53 6
51 6
56 6
54 6
59 6
57 6
55 4
60 4
53 4
58 4
50 6
48 6
53 6
51 6
56 6
54 6
59 6
57 6
55 4
60 4
53 4
58 4
50 6
48 6
53 6
51 6
56 6
54 6
59 6
57 6
55 4
60 4
53 4
58 4
50 6
48 6
53 6
51 6
56 6
54 6
59 6
57 6
55 4
60 4
53 4
58 4
50 6
48 6
53 6
51 6
56 6
54 6
59 6
57 6
55 4
60 4
53 4
58 4
50 6
48 6
53 6
51 6
56 6
54 6
59 6
57 6
55 4
60 4
53 4
58 4
50 6
48 6
53 6
51 6
56 6
54 6
59 6
57 6
55 4
60 4
53 4
58 4
38 14
72 3
41 14
72 3
40 14
37 14
72 14
50 6
48 6
53 6
51 6
56 6
54 6
59 6
57 6
55 4
60 4
53 4
58 4
50 6
48 6
53 6
51 6
56 6
54 6
59 6
57 6
55 4
60 4
53 4
58 4
50 6
48 6
53 6
51 6
56 6
54 6
59 6
57 6
55 4
60 4
53 4
58 4
50 6
48 6
53 6
51 6
56 6
54 6
59 6
57 6
55 4
60 4
53 4
58 4
E
S
L
72 5
72 4
72 4
72 11
26 14
26 14
26 14
26 14
72 14
14 4
17 2
21 2
14 2
17 2
21 2
17 2
21 2
17 2
14 2
21 2
17 2
14 2
17 2
14 2
14 2
17 2
21 2
14 2
17 2
21 2
14 2
17 2
21 2
17 2
14 2
21 2
17 2
14 2
17 2
14 2
14 4
17 2
21 2
14 2
17 2
21 2
17 2
21 2
17 2
14 2
21 2
17 2
14 2
17 2
14 2
14 2
17 2
21 2
14 2
17 2
21 2
14 2
17 2
21 2
17 2
14 2
21 2
17 2
14 2
17 2
14 2
14 4
17 2
21 2
14 2
17 2
21 2
17 2
21 2
17 2
14 2
21 2
17 2
14 2
17 2
14 2
14 2
17 2
21 2
14 2
17 2
21 2
14 2
17 2
21 2
17 2
14 2
21 2
17 2
14 2
17 2
14 2
14 4
17 2
21 2
14 2
17 2
21 2
17 2
21 2
17 2
14 2
21 2
17 2
14 2
17 2
14 2
14 2
17 2
21 2
14 2
17 2
21 2
14 2
17 2
21 2
17 2
14 2
21 2
17 2
14 2
17 2
14 2
14 4
17 2
21 2
14 2
17 2
21 2
17 2
21 2
17 2
14 2
21 2
17 2
14 2
17 2
14 2
14 2
17 2
21 2
14 2
17 2
21 2
14 2
17 2
21 2
17 2
14 2
21 2
17 2
14 2
17 2
14 2
14 4
17 2
21 2
14 2
17 2
21 2
17 2
21 2
17 2
14 2
21 2
17 2
14 2
17 2
14 2
14 2
17 2
21 2
14 2
17 2
21 2
14 2
17 2
21 2
17 2
14 2
21 2
17 2
14 2
17 2
14 2
14 4
17 2
21 2
14 2
17 2
21 2
17 2
21 2
17 2
14 2
21 2
17 2
14 2
17 2
14 2
14 2
17 2
21 2
14 2
17 2
21 2
14 2
17 2
21 2
17 2
14 2
21 2
17 2
14 2
17 2
14 2
14 4
17 2
21 2
14 2
17 2
21 2
17 2
21 2
17 2
14 2
21 2
17 2
14 2
17 2
14 2
14 2
17 2
21 2
14 2
17 2
21 2
14 2
17 2
21 2
17 2
14 2
21 2
17 2
14 2
17 2
14 2
26 14
E
S
H
72 5
72 4
72 4
72 11
499 13
72 14
50 4
53 2
57 2
50 2
53 2
57 2
53 2
57 2
53 2
50 2
57 2
53 2
50 2
53 2
50 2
50 2
53 2
57 2
50 2
53 2
57 2
50 2
53 2
57 2
53 2
50 2
57 2
53 2
50 2
53 2
50 2
50 2
50 2
53 2
57 2
50 2
53 2
57 2
53 2
57 2
53 2
50 2
57 2
53 2
50 2
53 2
50 2
50 2
53 2
57 2
50 2
53 2
57 2
50 2
53 2
57 2
53 2
50 2
57 2
53 2
50 2
53 2
50 2
50 2
50 2
53 2
57 2
50 2
53 2
57 2
53 2
57 2
53 2
50 2
57 2
53 2
50 2
53 2
50 2
50 2
53 2
57 2
50 2
53 2
57 2
50 2
53 2
57 2
53 2
50 2
57 2
53 2
50 2
53 2
50 2
50 2
50 2
53 2
57 2
50 2
53 2
57 2
53 2
57 2
53 2
50 2
57 2
53 2
50 2
53 2
50 2
50 2
53 2
57 2
50 2
53 2
57 2
50 2
53 2
57 2
53 2
50 2
57 2
53 2
50 2
53 2
50 2
50 4
53 2
57 2
50 2
53 2
57 2
53 2
57 2
53 2
50 2
57 2
53 2
50 2
53 2
50 2
50 2
53 2
57 2
50 2
53 2
57 2
50 2
53 2
57 2
53 2
50 2
57 2
53 2
50 2
53 2
50 2
50 2
50 2
53 2
57 2
50 2
53 2
57 2
53 2
57 2
53 2
50 2
57 2
53 2
50 2
53 2
50 2
50 2
53 2
57 2
50 2
53 2
57 2
50 2
53 2
57 2
53 2
50 2
57 2
53 2
50 2
53 2
50 2
50 2
50 2
53 2
57 2
50 2
53 2
57 2
53 2
57 2
53 2
50 2
57 2
53 2
50 2
53 2
50 2
50 2
53 2
57 2
50 2
53 2
57 2
50 2
53 2
57 2
53 2
50 2
57 2
53 2
50 2
53 2
50 2
50 2
50 2
53 2
57 2
50 2
53 2
57 2
53 2
57 2
53 2
50 2
57 2
53 2
50 2
53 2
50 2
50 2
53 2
57 2
50 2
53 2
57 2
50 2
53 2
57 2
53 2
50 2
57 2
53 2
50 2
53 2
50 2
E
S
H
72 5
72 4
72 4
72 11
14 6
12 6
14 6
12 6
14 6
12 6
14 6
12 6
14 4
12 4
14 4
12 4
14 6
12 6
14 6
12 6
14 6
12 6
14 6
12 6
14 4
12 4
14 4
12 4
14 6
12 6
14 6
12 6
14 6
12 6
14 6
12 6
14 4
12 4
14 4
12 4
14 6
12 6
14 6
12 6
14 6
12 6
14 6
12 6
14 4
12 4
14 4
12 4
14 6
12 6
14 6
12 6
14 6
12 6
14 6
12 6
14 4
12 4
14 4
12 4
14 6
12 6
14 6
12 6
14 6
12 6
14 6
12 6
14 4
12 4
14 4
12 4
14 6
12 6
14 6
12 6
14 6
12 6
14 6
12 6
14 4
12 4
14 4
12 4
14 6
12 6
14 6
12 6
14 6
12 2
72 13
50 2
50 2
45 2
45 2
41 2
41 2
38 2
38 2
45 2
50 2
45 2
45 2
41 2
41 2
38 2
38 2
50 2
50 2
45 2
45 2
41 2
41 2
38 2
38 2
45 2
50 2
45 2
45 2
41 2
41 2
38 2
38 2
50 2
50 2
45 2
45 2
41 2
41 2
38 2
38 2
45 2
50 2
45 2
45 2
41 2
41 2
38 2
38 2
50 2
50 2
45 2
45 2
41 2
41 2
38 2
38 2
45 2
50 2
45 2
45 2
41 2
41 2
38 2
38 2
50 2
50 2
45 2
45 2
41 2
41 2
38 2
38 2
45 2
50 2
45 2
45 2
41 2
41 2
38 2
38 2
50 2
50 2
45 2
45 2
41 2
41 2
38 2
38 2
45 2
50 2
45 2
45 2
41 2
41 2
38 2
38 2
50 2
50 2
45 2
45 2
41 2
41 2
38 2
38 2
45 2
50 2
45 2
45 2
41 2
41 2
38 2
38 2
50 2
50 2
45 2
45 2
41 2
41 2
38 2
38 2
45 2
50 2
45 2
45 2
41 2
41 2
38 2
38 2
50 2
50 2
45 2
45 2
41 2
41 2
38 2
38 2
45 2
50 2
45 2
45 2
41 2
41 2
38 2
38 2
50 2
50 2
45 2
45 2
41 2
41 2
38 2
38 2
45 2
50 2
45 2
45 2
41 2
41 2
38 2
38 2
50 2
50 2
45 2
45 2
41 2
41 2
38 2
38 2
45 2
50 2
45 2
45 2
41 2
41 2
38 2
38 2
50 2
50 2
45 2
45 2
41 2
41 2
38 2
38 2
45 2
50 2
45 2
45 2
41 2
41 2
38 2
38 2
50 2
50 2
45 2
45 2
41 2
41 2
38 2
38 2
45 2
50 2
45 2
45 2
41 2
41 2
38 2
38 2
50 2
50 2
45 2
45 2
41 2
41 2
38 2
38 2
45 2
50 2
45 2
45 2
41 2
41 2
38 2
38 2
50 2
50 2
45 2
45 2
41 2
41 2
38 2
38 2
45 2
50 2
45 2
45 2
41 2
41 2
38 2
38 2
50 2
50 2
45 2
45 2
41 2
41 2
38 2
38 2
45 2
50 2
45 2
45 2
41 2
41 2
38 2
38 2
14 6
12 6
14 6
12 6
14 6
12 6
14 6
12 6
14 4
12 4
14 4
12 4
14 6
12 6
14 6
12 6
14 6
12 6
14 6
12 6
14 4
12 4
14 4
12 4
14 6
12 6
14 6
12 6
14 6
12 6
14 6
12 6
14 4
12 4
14 4
12 4
14 6
12 6
14 6
12 6
14 6
E
S
L
72 5
72 4
72 4
72 11
21 6
19 6
21 6
19 6
21 6
19 6
21 6
19 6
19 4
24 4
17 4
22 4
21 6
19 6
21 6
19 6
21 6
19 6
21 6
19 6
19 4
24 4
17 4
22 4
21 6
19 6
21 6
19 6
21 6
19 6
21 6
19 6
19 4
24 4
17 4
22 4
21 6
19 6
21 6
19 6
21 6
19 6
21 6
19 6
19 4
24 4
17 4
22 4
21 6
19 6
21 6
19 6
21 6
19 6
21 6
19 6
19 4
24 4
17 4
22 4
21 6
19 6
21 6
19 6
21 6
19 6
21 6
19 6
19 4
24 4
17 4
22 4
21 6
19 6
21 6
19 6
21 6
19 6
21 6
19 6
19 4
24 4
17 4
22 4
21 6
19 6
21 6
19 6
21 6
19 2
72 14
21 6
19 6
21 6
19 6
21 6
19 6
21 6
19 6
19 4
24 4
17 4
22 4
21 6
19 6
21 6
19 6
21 6
19 6
21 6
19 6
19 4
24 4
17 4
22 4
21 6
19 6
21 6
19 6
21 6
19 6
21 6
19 6
19 4
24 4
17 4
22 4
21 6
19 6
21 6
19 6
21 6
E
X
