major
S
L
22 11
21 11
19 11
17 11
15 11
14 11
12 4
14 4
15 4
16 4
17 7
17 7
19 13
17 7
17 7
22 10
72 2
21 10
72 2
19 10
72 2
17 10
72 2
15 10
72 2
17 10
72 2
22 10
72 2
21 7
17 7
22 10
72 2
21 10
72 2
19 10
72 2
17 10
72 2
15 10
72 2
17 10
72 2
22 10
72 2
22 7
22 7
15 11
10 2
15 4
15 9
10 11
5 2
10 6
12 6
14 4
15 11
10 2
15 2
10 2
15 2
10 2
15 4
15 4
10 11
5 2
10 6
12 6
14 4
15 11
10 2
15 2
10 2
15 2
10 2
15 4
15 4
10 7
9 7
7 7
5 7
3 10
72 2
3 7
3 7
5 7
7 7
9 7
5 7
22 11
21 11
19 11
17 11
15 11
14 11
12 4
14 4
15 4
16 4
17 7
17 7
19 13
17 7
17 7
22 10
72 2
21 10
72 2
19 10
72 2
17 10
72 2
15 10
72 2
17 10
72 2
22 10
72 2
21 7
17 7
22 10
72 2
21 10
72 2
19 10
72 2
17 10
72 2
15 10
72 2
17 10
72 2
22 10
72 2
22 7
22 7
15 11
10 2
15 4
15 9
10 11
5 2
10 6
12 6
14 4
15 11
10 2
15 2
10 2
15 2
10 2
15 4
15 4
10 11
5 2
10 6
12 6
14 4
15 11
10 2
15 2
10 2
15 2
10 2
15 4
15 4
10 7
9 7
7 7
5 7
3 10
72 2
3 7
3 7
5 7
7 7
9 7
5 7
22 11
21 11
19 11
17 11
15 11
14 11
12 4
14 4
15 4
16 4
17 7
17 7
19 13
17 7
17 7
22 10
72 2
21 10
72 2
19 10
72 2
17 10
72 2
15 10
72 2
17 10
72 2
22 10
72 2
21 7
17 7
22 10
72 2
21 10
72 2
19 10
72 2
17 10
72 2
15 10
72 2
17 10
72 2
22 10
72 2
22 7
22 7
15 11
10 2
15 4
15 9
10 11
5 2
10 6
12 6
14 4
15 11
10 2
15 2
10 2
15 2
10 2
15 4
15 4
10 11
5 2
10 6
12 6
14 4
15 11
10 2
15 2
10 2
15 2
10 2
15 4
15 4
10 7
9 7
7 7
5 7
3 10
72 2
3 7
3 7
5 7
7 7
9 7
5 7
E
S
H
135 11
110 11
228 11
202 4
228 2
109 6
228 4
188 11
163 7
228 7
137 4
135 4
108 4
228 4
226 7
106 7
240 13
46 7
110 7
72 14
58 2
56 2
55 4
51 4
51 4
51 4
55 2
51 2
55 2
58 2
55 2
51 2
55 2
58 2
55 4
51 4
55 4
51 4
53 2
50 2
46 2
50 2
53 2
50 2
46 2
50 2
58 4
53 4
50 4
46 4
55 2
51 2
55 2
58 2
55 2
51 2
55 2
58 2
55 4
51 4
55 4
51 4
53 2
50 2
46 2
50 2
53 2
50 2
46 2
50 2
58 4
53 4
50 4
46 4
55 2
51 2
55 2
58 2
55 2
51 2
55 2
58 2
55 4
51 4
55 4
51 4
53 2
50 2
46 2
50 2
53 2
50 2
46 2
50 2
58 4
53 4
50 4
46 4
43 2
41 2
39 2
41 2
46 2
48 2
46 2
46 2
51 7
55 7
53 7
55 7
57 7
60 7
135 11
110 11
228 11
202 4
228 2
109 6
228 4
188 11
163 7
228 7
137 4
135 4
108 4
228 4
226 7
106 7
240 13
46 7
110 7
72 14
58 2
56 2
55 4
51 4
51 4
51 4
55 2
51 2
55 2
58 2
55 2
51 2
55 2
58 2
55 4
51 4
55 4
51 4
53 2
50 2
46 2
50 2
53 2
50 2
46 2
50 2
58 4
53 4
50 4
46 4
55 2
51 2
55 2
58 2
55 2
51 2
55 2
58 2
55 4
51 4
55 4
51 4
53 2
50 2
46 2
50 2
53 2
50 2
46 2
50 2
58 4
53 4
50 4
46 4
55 2
51 2
55 2
58 2
55 2
51 2
55 2
58 2
55 4
51 4
55 4
51 4
53 2
50 2
46 2
50 2
53 2
50 2
46 2
50 2
58 4
53 4
50 4
46 4
43 2
41 2
39 2
41 2
46 2
48 2
46 2
46 2
51 7
55 7
53 7
55 7
57 7
60 7
135 11
110 11
228 11
202 4
228 2
109 6
228 4
188 11
163 7
228 7
137 4
135 4
108 4
228 4
226 7
106 7
240 13
46 7
110 7
72 14
58 2
56 2
55 4
51 4
51 4
51 4
55 2
51 2
55 2
58 2
55 2
51 2
55 2
58 2
55 4
51 4
55 4
51 4
53 2
50 2
46 2
50 2
53 2
50 2
46 2
50 2
58 4
53 4
50 4
46 4
55 2
51 2
55 2
58 2
55 2
51 2
55 2
58 2
55 4
51 4
55 4
51 4
53 2
50 2
46 2
50 2
53 2
50 2
46 2
50 2
58 4
53 4
50 4
46 4
55 2
51 2
55 2
58 2
55 2
51 2
55 2
58 2
55 4
51 4
55 4
51 4
53 2
50 2
46 2
50 2
53 2
50 2
46 2
50 2
58 4
53 4
50 4
46 4
43 2
41 2
39 2
41 2
46 2
48 2
46 2
46 2
51 7
55 7
53 7
55 7
57 7
60 7
E
S
H
50 2
41 2
46 2
53 2
58 2
53 2
58 2
62 2
60 11
58 2
46 2
58 2
55 2
58 7
56 4
58 2
60 6
58 4
55 2
51 2
55 2
56 2
55 7
53 7
58 7
63 4
62 4
60 4
58 4
58 7
60 7
72 4
38 2
38 2
43 2
43 2
47 2
47 2
50 2
50 2
55 2
55 2
57 2
57 2
59 4
62 11
72 14
58 2
56 2
55 4
51 4
51 4
51 4
55 2
51 2
55 2
58 2
55 2
51 2
55 2
58 2
55 4
51 4
55 4
51 4
53 2
50 2
46 2
50 2
53 2
50 2
46 2
50 2
58 4
53 4
50 4
46 4
55 2
51 2
55 2
58 2
55 2
51 2
55 2
58 2
55 4
51 4
55 4
51 4
53 2
50 2
46 2
50 2
53 2
50 2
46 2
50 2
58 4
53 4
50 4
46 4
55 2
51 2
55 2
58 2
55 2
51 2
55 2
58 2
55 4
51 4
55 4
51 4
53 2
50 2
46 2
50 2
53 2
50 2
46 2
50 2
58 4
53 4
50 4
46 4
43 2
41 2
39 2
41 2
46 2
48 2
46 2
46 2
51 7
55 7
53 7
55 7
57 7
60 7
50 2
41 2
46 2
53 2
58 2
53 2
58 2
62 2
60 11
58 2
46 2
58 2
55 2
58 7
56 4
58 2
60 6
58 4
55 2
51 2
55 2
56 2
55 7
53 7
58 7
63 4
62 4
60 4
58 4
58 7
60 7
72 4
38 2
38 2
43 2
43 2
47 2
47 2
50 2
50 2
55 2
55 2
57 2
57 2
59 4
62 11
72 14
58 2
56 2
55 4
51 4
51 4
51 4
55 2
51 2
55 2
58 2
55 2
51 2
55 2
58 2
55 4
51 4
55 4
51 4
53 2
50 2
46 2
50 2
53 2
50 2
46 2
50 2
58 4
53 4
50 4
46 4
55 2
51 2
55 2
58 2
55 2
51 2
55 2
58 2
55 4
51 4
55 4
51 4
53 2
50 2
46 2
50 2
53 2
50 2
46 2
50 2
58 4
53 4
50 4
46 4
55 2
51 2
55 2
58 2
55 2
51 2
55 2
58 2
55 4
51 4
55 4
51 4
53 2
50 2
46 2
50 2
53 2
50 2
46 2
50 2
58 4
53 4
50 4
46 4
43 2
41 2
39 2
41 2
46 2
48 2
46 2
46 2
51 7
55 7
53 7
55 7
57 7
60 7
50 2
41 2
46 2
53 2
58 2
53 2
58 2
62 2
60 11
58 2
46 2
58 2
55 2
58 7
56 4
58 2
60 6
58 4
55 2
51 2
55 2
56 2
55 7
53 7
58 7
63 4
62 4
60 4
58 4
58 7
60 7
72 4
38 2
38 2
43 2
43 2
47 2
47 2
50 2
50 2
55 2
55 2
57 2
57 2
59 4
62 11
72 14
58 2
56 2
55 4
51 4
51 4
51 4
55 2
51 2
55 2
58 2
55 2
51 2
55 2
58 2
55 4
51 4
55 4
51 4
53 2
50 2
46 2
50 2
53 2
50 2
46 2
50 2
58 4
53 4
50 4
46 4
55 2
51 2
55 2
58 2
55 2
51 2
55 2
58 2
55 4
51 4
55 4
51 4
53 2
50 2
46 2
50 2
53 2
50 2
46 2
50 2
58 4
53 4
50 4
46 4
55 2
51 2
55 2
58 2
55 2
51 2
55 2
58 2
55 4
51 4
55 4
51 4
53 2
50 2
46 2
50 2
53 2
50 2
46 2
50 2
58 4
53 4
50 4
46 4
43 2
41 2
39 2
41 2
46 2
48 2
46 2
46 2
51 7
55 7
53 7
55 7
57 7
60 7
E
S
H
72 14
43 13
72 14
188 13
226 13
188 13
226 13
188 13
226 13
188 13
214 7
228 7
110 7
214 7
72 14
43 13
72 14
188 13
226 13
188 13
226 13
188 13
226 13
188 13
214 7
228 7
110 7
214 7
72 14
43 13
72 14
188 13
226 13
188 13
226 13
188 13
226 13
188 13
214 7
228 7
110 7
214 7
E
S
L
72 14
12 2
72 2
45 2
72 2
13 2
72 2
45 2
12 2
12 2
72 2
209 2
72 2
13 2
72 2
209 2
72 2
12 2
72 2
45 2
72 2
13 2
72 2
45 2
12 2
12 2
72 2
209 2
72 2
13 2
72 2
209 2
72 2
12 2
72 2
45 2
72 2
13 2
72 2
45 2
12 2
12 2
72 2
209 2
72 2
13 2
72 2
209 2
72 2
12 2
72 2
45 2
72 2
13 2
72 2
45 2
12 2
12 2
72 2
209 2
72 2
13 2
72 2
209 2
72 2
12 2
72 2
45 2
72 2
13 2
72 2
45 2
12 2
12 2
72 2
209 2
72 2
13 2
72 2
209 2
72 2
12 2
72 2
45 2
72 2
13 2
72 2
45 2
12 2
12 2
72 2
209 2
72 2
13 2
72 2
209 2
72 2
12 2
72 2
45 2
72 2
13 2
72 2
45 2
12 2
12 2
72 2
209 2
72 2
13 2
72 2
209 2
72 2
12 2
72 2
45 2
72 2
13 2
72 2
45 2
12 2
12 2
72 2
209 2
72 2
13 2
72 2
209 2
72 2
12 2
72 2
45 2
72 2
13 2
72 2
45 2
12 2
12 2
72 2
209 2
72 2
13 2
72 2
209 2
72 2
12 2
72 2
45 2
72 2
13 2
72 2
45 2
12 2
12 2
72 2
209 2
72 2
13 2
72 2
209 2
72 2
12 2
72 2
45 2
72 2
13 2
72 2
45 2
12 2
12 2
72 2
209 2
72 2
13 2
72 2
209 2
72 2
12 2
72 2
45 2
72 2
13 2
72 2
45 2
12 2
12 2
72 2
209 2
72 2
13 2
72 2
209 2
72 2
12 2
72 2
45 2
72 2
13 2
72 2
45 2
12 2
12 2
72 2
209 2
72 2
13 2
72 2
209 2
72 2
12 2
72 2
45 2
72 2
13 2
72 2
45 2
12 2
12 2
72 2
209 2
72 2
13 2
72 2
209 2
72 2
12 2
72 2
45 2
72 2
13 2
72 2
45 2
12 2
12 2
72 2
209 2
72 2
13 2
72 2
209 2
72 2
12 2
72 2
45 2
72 2
13 2
72 2
45 2
12 2
12 2
72 2
209 2
72 2
13 2
72 2
209 2
72 2
12 2
72 2
45 2
72 2
13 2
72 2
45 2
12 2
12 2
72 2
209 2
72 2
13 2
72 2
209 2
72 14
12 2
72 2
45 2
72 2
13 2
72 2
45 2
12 2
12 2
72 2
209 2
72 2
13 2
72 2
209 2
72 2
12 2
72 2
45 2
72 2
13 2
72 2
45 2
12 2
12 2
72 2
209 2
72 2
13 2
72 2
209 2
72 2
12 2
72 2
45 2
72 2
13 2
72 2
45 2
12 2
12 2
72 2
209 2
72 2
13 2
72 2
209 2
72 2
12 2
72 2
45 2
72 2
13 2
72 2
45 2
12 2
12 2
72 2
209 2
72 2
13 2
72 2
209 2
72 2
12 2
72 2
45 2
72 2
13 2
72 2
45 2
12 2
12 2
72 2
209 2
72 2
13 2
72 2
209 2
72 2
12 2
72 2
45 2
72 2
13 2
72 2
45 2
12 2
12 2
72 2
209 2
72 2
13 2
72 2
209 2
72 2
12 2
72 2
45 2
72 2
13 2
72 2
45 2
12 2
12 2
72 2
209 2
72 2
13 2
72 2
209 2
72 2
12 2
72 2
45 2
72 2
13 2
72 2
45 2
12 2
12 2
72 2
209 2
72 2
13 2
72 2
209 2
72 2
12 2
72 2
45 2
72 2
13 2
72 2
45 2
12 2
12 2
72 2
209 2
72 2
13 2
72 2
209 2
72 2
12 2
72 2
45 2
72 2
13 2
72 2
45 2
12 2
12 2
72 2
209 2
72 2
13 2
72 2
209 2
72 2
12 2
72 2
45 2
72 2
13 2
72 2
45 2
12 2
12 2
72 2
209 2
72 2
13 2
72 2
209 2
72 2
12 2
72 2
45 2
72 2
13 2
72 2
45 2
12 2
12 2
72 2
209 2
72 2
13 2
72 2
209 2
72 2
12 2
72 2
45 2
72 2
13 2
72 2
45 2
12 2
12 2
72 2
209 2
72 2
13 2
72 2
209 2
72 2
12 2
72 2
45 2
72 2
13 2
72 2
45 2
12 2
12 2
72 2
209 2
72 2
13 2
72 2
209 2
72 2
12 2
72 2
45 2
72 2
13 2
72 2
45 2
12 2
12 2
72 2
209 2
72 2
13 2
72 2
209 2
72 2
12 2
72 2
45 2
72 2
13 2
72 2
45 2
12 2
12 2
72 2
209 2
72 2
13 2
72 2
209 2
72 2
12 2
72 2
45 2
72 2
13 2
72 2
45 2
12 2
12 2
72 2
209 2
72 2
13 2
72 2
209 2
72 14
12 2
72 2
45 2
72 2
13 2
72 2
45 2
12 2
12 2
72 2
209 2
72 2
13 2
72 2
209 2
72 2
12 2
72 2
45 2
72 2
13 2
72 2
45 2
12 2
12 2
72 2
209 2
72 2
13 2
72 2
209 2
72 2
12 2
72 2
45 2
72 2
13 2
72 2
45 2
12 2
12 2
72 2
209 2
72 2
13 2
72 2
209 2
72 2
12 2
72 2
45 2
72 2
13 2
72 2
45 2
12 2
12 2
72 2
209 2
72 2
13 2
72 2
209 2
72 2
12 2
72 2
45 2
72 2
13 2
72 2
45 2
12 2
12 2
72 2
209 2
72 2
13 2
72 2
209 2
72 2
12 2
72 2
45 2
72 2
13 2
72 2
45 2
12 2
12 2
72 2
209 2
72 2
13 2
72 2
209 2
72 2
12 2
72 2
45 2
72 2
13 2
72 2
45 2
12 2
12 2
72 2
209 2
72 2
13 2
72 2
209 2
72 2
12 2
72 2
45 2
72 2
13 2
72 2
45 2
12 2
12 2
72 2
209 2
72 2
13 2
72 2
209 2
72 2
12 2
72 2
45 2
72 2
13 2
72 2
45 2
12 2
12 2
72 2
209 2
72 2
13 2
72 2
209 2
72 2
12 2
72 2
45 2
72 2
13 2
72 2
45 2
12 2
12 2
72 2
209 2
72 2
13 2
72 2
209 2
72 2
12 2
72 2
45 2
72 2
13 2
72 2
45 2
12 2
12 2
72 2
209 2
72 2
13 2
72 2
209 2
72 2
12 2
72 2
45 2
72 2
13 2
72 2
45 2
12 2
12 2
72 2
209 2
72 2
13 2
72 2
209 2
72 2
12 2
72 2
45 2
72 2
13 2
72 2
45 2
12 2
12 2
72 2
209 2
72 2
13 2
72 2
209 2
72 2
12 2
72 2
45 2
72 2
13 2
72 2
45 2
12 2
12 2
72 2
209 2
72 2
13 2
72 2
209 2
72 2
12 2
72 2
45 2
72 2
13 2
72 2
45 2
12 2
12 2
72 2
209 2
72 2
13 2
72 2
209 2
72 2
12 2
72 2
45 2
72 2
13 2
72 2
45 2
12 2
12 2
72 2
209 2
72 2
13 2
72 2
209 2
72 2
12 2
72 2
45 2
72 2
13 2
72 2
45 2
12 2
12 2
72 2
209 2
72 2
13 2
72 2
209 2
E
S
H
72 14
41 2
45 2
46 11
48 11
50 12
46 7
43 11
45 11
46 11
48 7
41 7
50 12
50 4
48 4
46 12
41 7
43 11
45 11
46 11
44 7
41 7
43 11
46 7
55 7
53 11
50 6
51 6
53 4
55 11
53 7
51 7
53 11
50 6
51 6
53 4
55 11
53 7
51 7
53 7
54 7
55 6
50 2
48 2
46 6
43 11
46 7
43 7
45 7
46 7
48 7
41 7
72 14
41 2
45 2
46 11
48 11
50 12
46 7
43 11
45 11
46 11
48 7
41 7
50 12
50 4
48 4
46 12
41 7
43 11
45 11
46 11
44 7
41 7
43 11
46 7
55 7
53 11
50 6
51 6
53 4
55 11
53 7
51 7
53 11
50 6
51 6
53 4
55 11
53 7
51 7
53 7
54 7
55 6
50 2
48 2
46 6
43 11
46 7
43 7
45 7
46 7
48 7
41 7
72 14
41 2
45 2
46 11
48 11
50 12
46 7
43 11
45 11
46 11
48 7
41 7
50 12
50 4
48 4
46 12
41 7
43 11
45 11
46 11
44 7
41 7
43 11
46 7
55 7
53 11
50 6
51 6
53 4
55 11
53 7
51 7
53 11
50 6
51 6
53 4
55 11
53 7
51 7
53 7
54 7
55 6
50 2
48 2
46 6
43 11
46 7
43 7
45 7
46 7
48 7
41 7
E
S
H
72 14
41 2
45 2
46 11
48 11
50 12
46 7
43 11
45 11
46 11
48 7
41 7
50 12
50 4
48 4
46 12
41 7
43 11
45 11
46 11
44 7
41 7
43 11
46 7
55 7
53 11
50 6
51 6
53 4
55 11
53 7
51 7
53 11
50 6
51 6
53 4
55 11
53 7
51 7
53 7
54 7
55 6
50 2
48 2
46 6
43 11
46 7
43 7
45 7
46 7
48 7
41 7
72 14
41 2
45 2
46 11
48 11
50 12
46 7
43 11
45 11
46 11
48 7
41 7
50 12
50 4
48 4
46 12
41 7
43 11
45 11
46 11
44 7
41 7
43 11
46 7
55 7
53 11
50 6
51 6
53 4
55 11
53 7
51 7
53 11
50 6
51 6
53 4
55 11
53 7
51 7
53 7
54 7
55 6
50 2
48 2
46 6
43 11
46 7
43 7
45 7
46 7
48 7
41 7
72 14
41 2
45 2
46 11
48 11
50 12
46 7
43 11
45 11
46 11
48 7
41 7
50 12
50 4
48 4
46 12
41 7
43 11
45 11
46 11
44 7
41 7
43 11
46 7
55 7
53 11
50 6
51 6
53 4
55 11
53 7
51 7
53 11
50 6
51 6
53 4
55 11
53 7
51 7
53 7
54 7
55 6
50 2
48 2
46 6
43 11
46 7
43 7
45 7
46 7
48 7
41 7
E
S
H
72 14
50 4
48 4
46 12
41 7
43 11
45 11
46 11
44 7
41 7
43 11
46 7
55 7
53 11
50 6
51 6
53 4
55 11
53 7
51 7
53 11
50 6
51 6
53 4
55 11
53 7
51 7
53 7
54 7
55 6
50 2
48 2
46 6
43 11
46 7
43 7
45 7
46 7
48 7
41 7
72 14
50 4
48 4
46 12
41 7
43 11
45 11
46 11
44 7
41 7
43 11
46 7
55 7
53 11
50 6
51 6
53 4
55 11
53 7
51 7
53 11
50 6
51 6
53 4
55 11
53 7
51 7
53 7
54 7
55 6
50 2
48 2
46 6
43 11
46 7
43 7
45 7
46 7
48 7
41 7
72 14
50 4
48 4
46 12
41 7
43 11
45 11
46 11
44 7
41 7
43 11
46 7
55 7
53 11
50 6
51 6
53 4
55 11
53 7
51 7
53 11
50 6
51 6
53 4
55 11
53 7
51 7
53 7
54 7
55 6
50 2
48 2
46 6
43 11
46 7
43 7
45 7
46 7
48 7
41 7
E
X
