minor
S
H
813 2
72 2
813 2
813 2
813 2
72 2
813 2
72 2
813 2
72 2
813 2
72 2
813 2
813 2
813 2
72 2
813 2
72 2
813 2
813 2
813 2
72 2
813 2
72 2
813 2
72 2
813 2
72 2
813 2
813 2
813 2
72 2
813 2
72 2
813 2
813 2
813 2
72 2
813 2
72 2
813 2
72 2
813 2
72 2
813 2
813 2
813 2
72 2
826 2
72 13
1140 2
72 2
1140 2
1140 2
1140 2
72 2
1140 2
72 2
1140 2
72 2
1140 2
72 2
1140 2
1140 2
1140 2
72 2
1140 2
72 2
1140 2
1140 2
1140 2
72 2
1140 2
72 2
1140 2
72 2
1140 2
72 2
1140 2
1140 2
1140 2
72 2
1140 2
72 2
1140 2
1140 2
1140 2
72 2
1140 2
72 2
1140 2
72 2
1140 2
72 2
1140 2
1140 2
1140 2
72 2
1140 2
72 13
1454 2
72 2
1454 2
1454 2
1454 2
72 2
1454 2
72 2
1454 2
72 2
1454 2
72 2
1454 2
1454 2
1454 2
72 2
1454 2
72 2
1454 2
1454 2
1454 2
72 2
1454 2
72 2
1454 2
72 2
1454 2
72 2
1454 2
1454 2
1454 2
72 2
1454 2
72 2
1454 2
1454 2
1454 2
72 2
1454 2
72 2
1454 2
72 2
1454 2
72 2
1454 2
1454 2
1454 2
72 2
1454 2
72 13
1744 2
72 2
1744 2
1744 2
1744 2
72 2
1744 2
72 2
1744 2
72 2
1744 2
72 2
1744 2
1744 2
1744 2
72 2
1744 2
72 2
1744 2
1744 2
1744 2
72 2
1744 2
72 2
1744 2
72 2
1744 2
72 2
1744 2
1744 2
1744 2
72 2
1744 2
72 2
1744 2
1744 2
1744 2
72 2
1744 2
72 2
1744 2
72 2
1744 2
72 2
1744 2
1744 2
1744 2
72 2
1744 2
72 2
1744 2
1744 2
1744 2
72 2
1744 2
72 2
1744 2
72 2
1744 2
72 2
1744 2
1744 2
1744 2
72 2
1744 2
72 2
1744 2
1744 2
1744 2
72 2
1744 2
72 2
1744 2
72 2
1744 2
72 2
1744 2
1744 2
1744 2
72 2
1744 2
72 2
1744 2
1744 2
1744 2
72 2
1744 2
72 2
1744 2
72 2
1744 2
72 2
1744 2
1744 2
1744 2
72 2
1744 2
72 2
1744 2
1744 2
1744 2
72 2
1744 2
72 2
1744 2
72 2
1744 2
72 2
1744 2
1744 2
1744 2
72 2
1744 2
72 2
1744 2
1744 2
1744 2
72 2
1744 2
72 2
1744 2
72 2
1744 2
72 2
1744 2
1744 2
1744 2
72 14
1744 2
72 2
1744 2
1744 2
1744 2
72 2
1744 2
72 2
1744 2
72 2
1744 2
72 2
1744 2
1744 2
1744 2
72 2
1744 2
72 2
1744 2
1744 2
1744 2
72 2
1744 2
72 2
1744 2
72 2
1744 2
72 2
1744 2
1744 2
1744 2
72 2
1744 2
72 2
1744 2
1744 2
1744 2
72 2
1744 2
72 2
1744 2
72 2
1744 2
72 2
1744 2
1744 2
1744 2
72 2
1744 2
72 2
1744 2
1744 2
1744 2
72 2
1744 2
72 2
1744 2
72 2
1744 2
72 2
1744 2
1744 2
1744 2
72 2
1744 2
72 2
1744 2
1744 2
1744 2
72 2
1744 2
72 2
1744 2
72 2
1744 2
72 2
1744 2
1744 2
1744 2
72 2
1744 2
72 2
1744 2
1744 2
1744 2
72 2
1744 2
72 2
1744 2
72 2
1744 2
72 2
1744 2
1744 2
1744 2
72 2
1744 2
72 2
1744 2
1744 2
1744 2
72 2
1744 2
72 2
1744 2
72 2
1744 2
72 2
1744 2
1744 2
1744 2
72 2
1744 2
72 2
1744 2
1744 2
1744 2
72 2
1744 2
72 2
1744 2
72 2
1744 2
72 2
1744 2
1744 2
1744 2
72 2
1744 2
72 2
1744 2
1744 2
1744 2
72 2
1744 2
72 2
1744 2
72 2
1744 2
72 2
1744 2
1744 2
1744 2
72 2
1744 2
72 2
1744 2
1744 2
1744 2
72 2
1744 2
72 2
1744 2
72 2
1744 2
72 2
1744 2
1744 2
1744 2
72 2
1744 2
72 2
1744 2
1744 2
1744 2
72 2
1744 2
72 2
1744 2
72 2
1744 2
72 2
1744 2
1744 2
1744 2
72 2
1744 2
72 2
1744 2
1744 2
1744 2
72 2
1744 2
72 2
1744 2
72 2
1744 2
72 2
1744 2
1744 2
1744 2
72 2
1744 2
72 2
1744 2
1744 2
1744 2
72 2
1744 2
72 2
1744 2
72 2
1744 2
72 2
1744 2
1744 2
1744 2
72 2
1744 2
72 2
1744 2
1744 2
1744 2
72 2
1744 2
72 2
1744 2
72 2
1744 2
72 2
1744 2
1744 2
1744 2
72 2
1744 2
72 2
1744 2
1744 2
1744 2
72 2
1744 2
72 2
1744 2
72 2
1744 2
72 2
1744 2
1744 2
1744 2
72 2
1744 2
72 2
1744 2
1744 2
1744 2
72 2
1744 2
72 2
1744 2
72 2
1744 2
72 2
1744 2
1744 2
1744 2
72 14
1744 2
72 2
1744 2
1744 2
1744 2
72 2
1744 2
72 2
1744 2
72 2
1744 2
72 2
1744 2
1744 2
1744 2
72 2
1744 2
72 2
1744 2
1744 2
1744 2
72 2
1744 2
72 2
1744 2
72 2
1744 2
72 2
1744 2
1744 2
1744 2
72 2
1744 2
72 2
1744 2
1744 2
1744 2
72 2
1744 2
72 2
1744 2
72 2
1744 2
72 2
1744 2
1744 2
1744 2
72 2
1744 2
72 2
1744 2
1744 2
1744 2
72 2
1744 2
72 2
1744 2
72 2
1744 2
72 2
1744 2
1744 2
1744 2
72 2
1744 2
72 2
1744 2
1744 2
1744 2
72 2
1744 2
72 2
1744 2
72 2
1744 2
72 2
1744 2
1744 2
1744 2
72 2
1744 2
72 2
1744 2
1744 2
1744 2
72 2
1744 2
72 2
1744 2
72 2
1744 2
72 2
1744 2
1744 2
1744 2
72 2
1744 2
72 2
1744 2
1744 2
1744 2
72 2
1744 2
72 2
1744 2
72 2
1744 2
72 2
1744 2
1744 2
1744 2
72 2
1744 2
72 2
1744 2
1744 2
1744 2
72 2
1744 2
72 2
1744 2
72 2
1744 2
72 2
1744 2
1744 2
1744 2
72 14
1744 2
72 2
1744 2
1744 2
1744 2
72 2
1744 2
72 2
1744 2
72 2
1744 2
72 2
1744 2
1744 2
1744 2
72 2
1744 2
72 2
1744 2
1744 2
1744 2
72 2
1744 2
72 2
1744 2
72 2
1744 2
72 2
1744 2
1744 2
1744 2
72 2
1744 2
72 2
1744 2
1744 2
1744 2
72 2
1744 2
72 2
1744 2
72 2
1744 2
72 2
1744 2
1744 2
1744 2
72 2
1744 2
72 2
1744 2
1744 2
1744 2
72 2
1744 2
72 2
1744 2
72 2
1744 2
72 2
1744 2
1744 2
1744 2
72 2
1744 2
72 2
1744 2
1744 2
1744 2
72 2
1744 2
72 2
1744 2
72 2
1744 2
72 2
1744 2
1744 2
1744 2
72 2
1744 2
72 2
1744 2
1744 2
1744 2
72 2
1744 2
72 2
1744 2
72 2
1744 2
72 2
1744 2
1744 2
1744 2
72 2
1744 2
72 2
1744 2
1744 2
1744 2
72 2
1744 2
72 2
1744 2
72 2
1744 2
72 2
1744 2
1744 2
1744 2
72 2
1744 2
72 2
1744 2
1744 2
1744 2
72 2
1744 2
72 2
1744 2
72 2
1744 2
72 2
1744 2
1744 2
1744 2
72 2
1744 2
72 2
1744 2
1744 2
1744 2
72 2
1744 2
72 2
1744 2
72 2
1744 2
72 2
1744 2
1744 2
1744 2
72 2
1744 2
72 2
1744 2
1744 2
1744 2
72 2
1744 2
72 2
1744 2
72 2
1744 2
72 2
1744 2
1744 2
1744 2
72 2
1744 2
72 2
1744 2
1744 2
1744 2
72 2
1744 2
72 2
1744 2
72 2
1744 2
72 2
1744 2
1744 2
1744 2
72 2
1744 2
72 2
1744 2
1744 2
1744 2
72 2
1744 2
72 2
1744 2
72 2
1744 2
72 2
1744 2
1744 2
1744 2
72 2
1744 2
72 2
1744 2
1744 2
1744 2
72 2
1744 2
72 2
1744 2
72 2
1744 2
72 2
1744 2
1744 2
1744 2
72 2
1744 2
72 2
1744 2
1744 2
1744 2
72 2
1744 2
72 2
1744 2
72 2
1744 2
72 2
1744 2
1744 2
1744 2
72 2
1744 2
72 2
1744 2
1744 2
1744 2
72 2
1744 2
72 2
1744 2
72 2
1744 2
72 2
1744 2
1744 2
1744 2
72 2
1744 2
72 2
1744 2
1744 2
1744 2
72 2
1744 2
72 2
1744 2
72 2
1744 2
72 2
1744 2
1744 2
1744 2
E
S
H
72 14
52 2
72 2
47 2
72 2
52 2
72 2
58 2
72 6
55 2
72 2
48 2
72 2
51 2
72 2
52 2
72 2
47 2
72 2
52 2
72 2
58 2
72 6
55 2
72 2
48 2
72 2
51 2
72 2
52 2
72 2
47 2
72 2
52 2
72 2
58 2
72 6
55 2
72 2
48 2
72 2
51 2
72 2
52 2
72 2
47 2
72 2
52 2
72 2
58 2
72 6
55 2
72 2
48 2
72 2
51 2
72 2
52 2
72 2
47 2
72 2
52 2
72 2
58 2
72 6
55 2
72 2
48 2
72 2
51 2
72 2
52 2
72 2
47 2
72 2
52 2
72 2
58 2
72 6
55 2
72 2
48 2
72 2
51 2
72 2
52 2
72 2
47 2
72 2
52 2
72 2
58 2
72 2
59 2
72 2
55 2
72 2
48 2
72 2
51 2
72 2
52 2
72 2
47 2
72 2
52 2
72 2
58 2
72 2
59 2
72 2
55 2
72 2
48 2
72 2
51 2
72 14
52 2
72 2
47 2
72 2
52 2
72 2
58 2
72 6
55 2
72 2
48 2
72 2
51 2
72 2
52 2
72 2
47 2
72 2
52 2
72 2
58 2
72 6
55 2
72 2
48 2
72 2
51 2
72 2
52 2
72 2
47 2
72 2
52 2
72 2
58 2
72 6
55 2
72 2
48 2
72 2
51 2
72 2
52 2
72 2
47 2
72 2
52 2
72 2
58 2
72 6
55 2
72 2
48 2
72 2
51 2
72 2
52 2
72 2
47 2
72 2
52 2
72 2
58 2
72 6
55 2
72 2
48 2
72 2
51 2
72 2
52 2
72 2
47 2
72 2
52 2
72 2
58 2
72 6
55 2
72 2
48 2
72 2
51 2
72 2
52 2
72 2
47 2
72 2
52 2
72 2
58 2
72 2
59 2
72 2
55 2
72 2
48 2
72 2
51 2
72 2
52 2
72 2
47 2
72 2
52 2
72 2
58 2
72 2
59 2
72 2
55 2
72 2
48 2
72 2
51 2
E
S
L
72 14
729 2
72 2
729 2
72 2
729 2
72 2
729 2
72 6
729 6
72 2
729 2
72 2
886 2
72 2
886 2
72 2
886 2
72 2
886 2
72 6
886 6
72 2
886 2
72 2
1200 2
72 2
1200 2
72 2
1200 2
72 2
1200 2
72 6
1200 6
72 2
1200 2
72 2
886 2
72 13
729 2
72 2
729 2
72 2
729 2
72 2
729 2
72 6
729 6
72 2
729 2
72 2
886 2
72 2
886 2
72 2
886 2
72 2
886 2
72 6
886 6
72 2
886 2
72 2
1200 2
72 2
1200 2
72 2
1200 2
72 2
1200 2
72 6
1200 6
72 2
1200 2
72 2
886 2
72 14
729 4
572 7
1671 4
1514 7
1514 7
1200 4
1043 7
415 4
258 4
72 4
886 4
72 4
729 4
572 7
1671 4
1514 7
1514 7
1200 4
1043 7
415 4
258 4
72 4
886 4
72 4
1671 4
1514 7
729 4
572 7
572 7
258 4
101 7
1357 4
1200 4
72 4
1828 4
72 4
1671 4
1514 7
729 4
572 7
572 7
258 4
101 7
1357 4
1200 4
72 4
1828 7
1828 2
72 2
1828 2
72 2
820 2
72 2
820 2
72 6
1828 6
72 2
1828 2
72 2
964 2
72 2
964 2
72 2
1828 2
72 2
1828 2
72 6
1828 6
72 2
1828 2
72 2
1252 2
72 2
1252 2
72 2
1828 2
72 2
1828 2
72 6
1252 6
72 2
1252 2
72 2
964 2
72 13
1828 2
72 2
1828 2
72 2
1828 2
72 2
1828 2
72 6
1744 6
72 2
1828 2
72 2
1828 2
72 2
1828 2
72 2
1828 2
72 2
1828 2
72 6
1828 6
72 2
1828 2
72 2
1824 2
72 2
1824 2
72 2
1828 2
72 2
1828 2
72 6
1824 6
72 2
1252 2
72 2
1822 2
72 14
729 4
572 7
1671 4
1514 7
1514 7
1200 4
1043 7
415 4
258 4
72 4
886 4
72 4
729 4
572 7
1671 4
1514 7
1514 7
1200 4
1043 7
415 4
258 4
72 4
886 4
72 4
1671 4
1514 7
729 4
572 7
572 7
258 4
101 7
1357 4
1200 4
72 4
1828 4
72 4
1671 4
1514 7
729 4
572 7
572 7
258 4
101 7
1357 4
1200 4
72 4
1828 7
729 2
72 2
729 2
72 2
813 2
72 2
1737 2
72 6
729 6
72 2
729 2
72 2
1750 2
72 2
1822 2
72 2
1822 2
72 2
1756 2
72 6
1828 6
72 2
1828 2
72 2
1828 2
72 2
1828 2
72 2
1828 2
72 2
1780 2
72 6
1828 6
72 2
1828 2
72 2
1828 2
72 13
1828 2
72 2
1828 2
72 2
1828 2
72 2
1744 2
72 6
1828 6
72 2
729 2
72 2
886 2
72 2
886 2
72 2
886 2
72 2
886 2
72 6
892 6
72 2
892 2
72 2
1204 2
72 2
1204 2
72 2
1200 2
72 2
1200 2
72 6
1252 6
72 2
1252 2
72 2
892 2
E
S
H
72 14
40 9
41 9
40 7
43 9
44 9
43 7
46 7
44 7
43 7
41 7
40 9
41 9
43 7
40 9
41 9
40 7
43 9
44 9
43 7
46 7
44 7
43 7
41 7
43 9
44 9
51 7
52 13
72 14
813 11
826 11
813 9
72 11
813 11
826 11
1140 9
72 11
820 11
821 11
813 9
72 11
820 11
826 11
1140 13
1454 13
1768 12
663 7
820 14
736 14
1410 14
72 14
40 9
41 9
40 7
43 9
44 9
43 7
46 7
44 7
43 7
41 7
40 9
41 9
43 7
40 9
41 9
40 7
43 9
44 9
43 7
46 7
44 7
43 7
41 7
43 9
44 9
51 7
52 13
72 14
1744 11
826 11
813 9
72 11
813 11
826 11
420 9
72 11
813 11
881 11
1737 9
72 11
1821 11
826 11
1140 13
1509 13
1768 12
1587 7
729 14
736 14
1410 14
E
S
H
72 14
813 14
693 14
675 13
72 14
813 14
693 14
675 13
E
S
L
16 4
4 4
4 4
16 4
4 4
4 4
16 4
4 4
4 4
16 4
4 4
4 4
16 4
4 4
4 4
16 4
16 4
4 4
4 4
16 4
4 4
16 4
4 4
4 4
17 4
72 12
16 4
4 4
4 4
16 4
4 4
4 4
16 4
4 4
4 4
16 4
4 4
4 4
16 4
4 4
4 4
16 4
16 4
4 4
4 4
16 4
4 4
16 4
4 4
4 4
17 4
72 12
16 4
4 4
4 4
16 4
4 4
4 4
16 4
4 4
4 4
16 4
4 4
4 4
16 4
4 4
4 4
16 4
16 4
4 4
4 4
16 4
4 4
16 4
4 4
4 4
17 4
72 12
16 4
23 4
16 4
23 4
23 4
16 4
23 4
16 4
17 4
24 4
17 4
24 4
24 4
17 4
24 4
17 4
19 4
26 4
19 4
26 4
26 4
19 4
26 4
19 4
17 4
72 7
19 4
17 4
16 4
14 4
17 4
16 4
23 4
16 4
23 4
23 4
16 4
23 4
16 4
17 4
24 4
17 4
24 4
24 4
17 4
24 4
17 4
19 4
26 4
19 4
26 4
26 4
19 4
26 4
19 4
17 4
72 7
19 4
17 4
16 4
14 4
17 4
16 4
23 4
16 4
23 4
16 4
23 4
16 4
23 4
16 4
23 4
16 4
23 4
16 4
23 4
16 4
23 4
16 4
23 4
16 4
23 4
16 4
23 4
16 4
23 4
16 4
23 4
16 4
23 4
27 4
21 4
22 4
23 4
16 4
23 4
16 4
23 4
16 4
23 4
16 4
23 4
16 4
23 4
16 4
23 4
16 4
23 4
16 4
23 4
16 4
23 4
16 4
23 4
16 4
23 4
16 4
23 4
16 4
23 4
16 4
23 4
16 4
23 4
16 4
23 4
16 4
23 4
16 4
23 4
16 4
23 4
16 4
23 4
16 4
23 4
16 4
23 4
16 4
23 4
16 4
23 4
16 4
23 4
16 4
23 4
16 4
23 4
16 4
23 4
16 4
23 4
24 4
23 4
26 4
25 4
24 4
23 4
16 4
23 4
16 4
23 4
16 4
23 4
16 4
23 4
16 4
23 4
24 4
23 4
26 4
25 4
24 4
23 4
16 4
23 4
16 4
23 4
16 4
23 4
16 4
23 4
16 4
23 4
24 4
23 4
26 4
25 4
24 4
23 4
16 4
23 4
16 4
23 4
16 4
23 4
16 4
23 4
16 4
23 4
24 4
23 4
26 4
25 4
24 4
23 4
16 4
23 4
16 4
23 4
16 4
23 4
16 4
23 4
16 4
23 4
24 4
23 4
26 4
25 4
24 4
23 4
16 4
23 4
16 4
23 4
16 4
23 4
16 4
23 4
16 4
23 4
16 4
23 4
16 4
23 4
16 4
23 4
16 4
23 4
16 4
23 4
16 4
23 4
16 4
23 4
16 4
23 4
16 4
23 4
16 4
23 4
16 4
23 4
16 4
23 4
16 4
23 4
16 4
23 4
16 4
23 4
16 4
23 4
16 4
23 4
16 4
23 4
16 4
23 4
16 4
23 4
16 4
23 4
16 4
23 4
16 4
23 4
16 4
23 4
16 4
23 4
28 4
22 4
23 4
22 4
16 4
21 4
16 4
21 4
16 4
21 4
16 4
21 4
16 4
21 4
16 4
21 4
16 4
21 4
16 4
21 4
16 4
21 4
16 4
21 4
16 4
21 4
16 4
21 4
16 4
21 4
16 4
21 4
16 4
21 4
22 4
21 4
16 4
23 4
16 4
23 4
23 4
16 4
23 4
16 4
17 4
24 4
17 4
24 4
24 4
17 4
24 4
17 4
19 4
26 4
19 4
26 4
26 4
19 4
26 4
19 4
17 4
72 7
19 4
17 4
16 4
14 4
17 4
16 4
23 4
16 4
23 4
23 4
16 4
23 4
16 4
17 4
24 4
17 4
24 4
24 4
17 4
24 4
17 4
19 4
26 4
19 4
26 4
26 4
19 4
26 4
19 4
17 4
72 7
19 4
17 4
16 4
14 4
17 4
16 4
23 4
16 4
23 4
16 4
23 4
16 4
23 4
16 4
23 4
16 4
23 4
16 4
23 4
16 4
23 4
16 4
23 4
16 4
23 4
16 4
23 4
16 4
23 4
16 4
23 4
16 4
23 4
27 4
21 4
22 4
23 4
16 4
23 4
16 4
23 4
16 4
23 4
16 4
23 4
16 4
23 4
16 4
23 4
16 4
23 4
16 4
23 4
16 4
23 4
16 4
23 4
16 4
23 4
16 4
23 4
16 4
23 4
16 4
23 4
16 4
23 4
16 4
23 4
16 4
23 4
16 4
23 4
16 4
23 4
16 4
23 4
16 4
23 4
16 4
23 4
16 4
23 4
16 4
23 4
16 4
23 4
16 4
23 4
16 4
23 4
16 4
23 4
16 4
23 4
24 4
23 4
26 4
25 4
24 4
23 4
16 4
23 4
16 4
23 4
16 4
23 4
16 4
23 4
16 4
23 4
24 4
23 4
26 4
25 4
24 4
23 4
16 4
23 4
16 4
23 4
16 4
23 4
16 4
23 4
16 4
23 4
24 4
23 4
26 4
25 4
24 4
23 4
16 4
23 4
16 4
23 4
16 4
23 4
16 4
23 4
16 4
23 4
24 4
23 4
26 4
25 4
24 4
23 4
16 4
23 4
16 4
23 4
16 4
23 4
16 4
23 4
16 4
23 4
24 4
23 4
26 4
25 4
24 4
23 4
16 4
23 4
16 4
23 4
16 4
23 4
16 4
23 4
16 4
23 4
16 4
23 4
16 4
23 4
16 4
23 4
16 4
23 4
16 4
23 4
16 4
23 4
16 4
23 4
16 4
23 4
16 4
23 4
16 4
23 4
16 4
23 4
16 4
23 4
16 4
23 4
16 4
23 4
16 4
23 4
16 4
23 4
16 4
23 4
16 4
23 4
16 4
23 4
16 4
23 4
16 4
23 4
16 4
23 4
16 4
23 4
16 4
23 4
16 4
23 4
28 4
22 4
23 4
22 4
16 4
21 4
16 4
21 4
16 4
21 4
16 4
21 4
16 4
21 4
16 4
21 4
16 4
21 4
16 4
21 4
16 4
21 4
16 4
21 4
16 4
21 4
16 4
21 4
16 4
21 4
16 4
21 4
16 4
20 4
21 4
20 4
16 4
23 4
16 4
23 4
23 4
16 4
23 4
16 4
17 4
24 4
17 4
24 4
24 4
17 4
24 4
17 4
19 4
26 4
19 4
26 4
26 4
19 4
26 4
19 4
17 4
72 7
19 4
17 4
16 4
14 4
17 4
16 4
23 4
16 4
23 4
23 4
16 4
23 4
16 4
17 4
24 4
17 4
24 4
24 4
17 4
24 4
17 4
19 4
26 4
19 4
26 4
26 4
19 4
26 4
19 4
17 4
72 7
19 4
17 4
16 4
14 4
17 4
E
S
L
16 4
4 4
4 4
16 4
4 4
4 4
16 4
4 4
4 4
16 4
4 4
4 4
16 4
4 4
4 4
16 4
16 4
4 4
4 4
16 4
4 4
16 4
4 4
4 4
17 4
72 12
16 4
4 4
4 4
16 4
4 4
4 4
16 4
4 4
4 4
16 4
4 4
4 4
16 4
4 4
4 4
16 4
16 4
4 4
4 4
16 4
4 4
16 4
4 4
4 4
17 4
72 12
16 4
4 4
4 4
16 4
4 4
4 4
16 4
4 4
4 4
16 4
4 4
4 4
16 4
4 4
4 4
16 4
16 4
4 4
4 4
16 4
4 4
16 4
4 4
4 4
17 4
72 12
16 4
23 4
16 4
23 4
23 4
16 4
23 4
16 4
17 4
24 4
17 4
24 4
24 4
17 4
24 4
17 4
19 4
26 4
19 4
26 4
26 4
19 4
26 4
19 4
17 4
72 7
19 4
17 4
16 4
14 4
17 4
16 4
23 4
16 4
23 4
23 4
16 4
23 4
16 4
17 4
24 4
17 4
24 4
24 4
17 4
24 4
17 4
19 4
26 4
19 4
26 4
26 4
19 4
26 4
19 4
17 4
72 7
19 4
17 4
16 4
14 4
17 4
16 4
23 4
16 4
23 4
16 4
23 4
16 4
23 4
16 4
23 4
16 4
23 4
16 4
23 4
16 4
23 4
16 4
23 4
16 4
23 4
16 4
23 4
16 4
23 4
16 4
23 4
16 4
23 4
27 4
21 4
22 4
23 4
16 4
23 4
16 4
23 4
16 4
23 4
16 4
23 4
16 4
23 4
16 4
23 4
16 4
23 4
16 4
23 4
16 4
23 4
16 4
23 4
16 4
23 4
16 4
23 4
16 4
23 4
16 4
23 4
16 4
23 4
16 4
23 4
16 4
23 4
16 4
23 4
16 4
23 4
16 4
23 4
16 4
23 4
16 4
23 4
16 4
23 4
16 4
23 4
16 4
23 4
16 4
23 4
16 4
23 4
16 4
23 4
16 4
23 4
24 4
23 4
26 4
25 4
24 4
23 4
16 4
23 4
16 4
23 4
16 4
23 4
16 4
23 4
16 4
23 4
24 4
23 4
26 4
25 4
24 4
23 4
16 4
23 4
16 4
23 4
16 4
23 4
16 4
23 4
16 4
23 4
24 4
23 4
26 4
25 4
24 4
23 4
16 4
23 4
16 4
23 4
16 4
23 4
16 4
23 4
16 4
23 4
24 4
23 4
26 4
25 4
24 4
23 4
16 4
23 4
16 4
23 4
16 4
23 4
16 4
23 4
16 4
23 4
24 4
23 4
26 4
25 4
24 4
23 4
16 4
23 4
16 4
23 4
16 4
23 4
16 4
23 4
16 4
23 4
16 4
23 4
16 4
23 4
16 4
23 4
16 4
23 4
16 4
23 4
16 4
23 4
16 4
23 4
16 4
23 4
16 4
23 4
16 4
23 4
16 4
23 4
16 4
23 4
16 4
23 4
16 4
23 4
16 4
23 4
16 4
23 4
16 4
23 4
16 4
23 4
16 4
23 4
16 4
23 4
16 4
23 4
16 4
23 4
16 4
23 4
16 4
23 4
16 4
23 4
28 4
22 4
23 4
22 4
16 4
21 4
16 4
21 4
16 4
21 4
16 4
21 4
16 4
21 4
16 4
21 4
16 4
21 4
16 4
21 4
16 4
21 4
16 4
21 4
16 4
21 4
16 4
21 4
16 4
21 4
16 4
21 4
16 4
21 4
22 4
21 4
16 4
23 4
16 4
23 4
23 4
16 4
23 4
16 4
17 4
24 4
17 4
24 4
24 4
17 4
24 4
17 4
19 4
26 4
19 4
26 4
26 4
19 4
26 4
19 4
17 4
72 7
19 4
17 4
16 4
14 4
17 4
16 4
23 4
16 4
23 4
23 4
16 4
23 4
16 4
17 4
24 4
17 4
24 4
24 4
17 4
24 4
17 4
19 4
26 4
19 4
26 4
26 4
19 4
26 4
19 4
17 4
72 7
19 4
17 4
16 4
14 4
17 4
16 4
23 4
16 4
23 4
16 4
23 4
16 4
23 4
16 4
23 4
16 4
23 4
16 4
23 4
16 4
23 4
16 4
23 4
16 4
23 4
16 4
23 4
16 4
23 4
16 4
23 4
16 4
23 4
27 4
21 4
22 4
23 4
16 4
23 4
16 4
23 4
16 4
23 4
16 4
23 4
16 4
23 4
16 4
23 4
16 4
23 4
16 4
23 4
16 4
23 4
16 4
23 4
16 4
23 4
16 4
23 4
16 4
23 4
16 4
23 4
16 4
23 4
16 4
23 4
16 4
23 4
16 4
23 4
16 4
23 4
16 4
23 4
16 4
23 4
16 4
23 4
16 4
23 4
16 4
23 4
16 4
23 4
16 4
23 4
16 4
23 4
16 4
23 4
16 4
23 4
24 4
23 4
26 4
25 4
24 4
23 4
16 4
23 4
16 4
23 4
16 4
23 4
16 4
23 4
16 4
23 4
24 4
23 4
26 4
25 4
24 4
23 4
16 4
23 4
16 4
23 4
16 4
23 4
16 4
23 4
16 4
23 4
24 4
23 4
26 4
25 4
24 4
23 4
16 4
23 4
16 4
23 4
16 4
23 4
16 4
23 4
16 4
23 4
24 4
23 4
26 4
25 4
24 4
23 4
16 4
23 4
16 4
23 4
16 4
23 4
16 4
23 4
16 4
23 4
24 4
23 4
26 4
25 4
24 4
23 4
16 4
23 4
16 4
23 4
16 4
23 4
16 4
23 4
16 4
23 4
16 4
23 4
16 4
23 4
16 4
23 4
16 4
23 4
16 4
23 4
16 4
23 4
16 4
23 4
16 4
23 4
16 4
23 4
16 4
23 4
16 4
23 4
16 4
23 4
16 4
23 4
16 4
23 4
16 4
23 4
16 4
23 4
16 4
23 4
16 4
23 4
16 4
23 4
16 4
23 4
16 4
23 4
16 4
23 4
16 4
23 4
16 4
23 4
16 4
23 4
28 4
22 4
23 4
22 4
16 4
21 4
16 4
21 4
16 4
21 4
16 4
21 4
16 4
21 4
16 4
21 4
16 4
21 4
16 4
21 4
16 4
21 4
16 4
21 4
16 4
21 4
16 4
21 4
16 4
21 4
16 4
21 4
16 4
20 4
21 4
20 4
16 4
23 4
16 4
23 4
23 4
16 4
23 4
16 4
17 4
24 4
17 4
24 4
24 4
17 4
24 4
17 4
19 4
26 4
19 4
26 4
26 4
19 4
26 4
19 4
17 4
72 7
19 4
17 4
16 4
14 4
17 4
16 4
23 4
16 4
23 4
23 4
16 4
23 4
16 4
17 4
24 4
17 4
24 4
24 4
17 4
24 4
17 4
19 4
26 4
19 4
26 4
26 4
19 4
26 4
19 4
17 4
72 7
19 4
17 4
16 4
14 4
17 4
E
S
L
16 4
4 4
4 4
16 4
4 4
4 4
16 4
4 4
4 4
16 4
4 4
4 4
16 4
4 4
4 4
16 4
16 4
4 4
4 4
16 4
4 4
16 4
4 4
4 4
17 4
72 12
16 4
4 4
4 4
16 4
4 4
4 4
16 4
4 4
4 4
16 4
4 4
4 4
16 4
4 4
4 4
16 4
16 4
4 4
4 4
16 4
4 4
16 4
4 4
4 4
17 4
72 12
16 4
4 4
4 4
16 4
4 4
4 4
16 4
4 4
4 4
16 4
4 4
4 4
16 4
4 4
4 4
16 4
16 4
4 4
4 4
16 4
4 4
16 4
4 4
4 4
17 4
72 12
16 4
23 4
16 4
23 4
23 4
16 4
23 4
16 4
17 4
24 4
17 4
24 4
24 4
17 4
24 4
17 4
19 4
26 4
19 4
26 4
26 4
19 4
26 4
19 4
17 4
72 7
19 4
17 4
16 4
14 4
17 4
16 4
23 4
16 4
23 4
23 4
16 4
23 4
16 4
17 4
24 4
17 4
24 4
24 4
17 4
24 4
17 4
19 4
26 4
19 4
26 4
26 4
19 4
26 4
19 4
17 4
72 7
19 4
17 4
16 4
14 4
17 4
16 4
23 4
16 4
23 4
16 4
23 4
16 4
23 4
16 4
23 4
16 4
23 4
16 4
23 4
16 4
23 4
16 4
23 4
16 4
23 4
16 4
23 4
16 4
23 4
16 4
23 4
16 4
23 4
27 4
21 4
22 4
23 4
16 4
23 4
16 4
23 4
16 4
23 4
16 4
23 4
16 4
23 4
16 4
23 4
16 4
23 4
16 4
23 4
16 4
23 4
16 4
23 4
16 4
23 4
16 4
23 4
16 4
23 4
16 4
23 4
16 4
23 4
16 4
23 4
16 4
23 4
16 4
23 4
16 4
23 4
16 4
23 4
16 4
23 4
16 4
23 4
16 4
23 4
16 4
23 4
16 4
23 4
16 4
23 4
16 4
23 4
16 4
23 4
16 4
23 4
24 4
23 4
26 4
25 4
24 4
23 4
16 4
23 4
16 4
23 4
16 4
23 4
16 4
23 4
16 4
23 4
24 4
23 4
26 4
25 4
24 4
23 4
16 4
23 4
16 4
23 4
16 4
23 4
16 4
23 4
16 4
23 4
24 4
23 4
26 4
25 4
24 4
23 4
16 4
23 4
16 4
23 4
16 4
23 4
16 4
23 4
16 4
23 4
24 4
23 4
26 4
25 4
24 4
23 4
16 4
23 4
16 4
23 4
16 4
23 4
16 4
23 4
16 4
23 4
24 4
23 4
26 4
25 4
24 4
23 4
16 4
23 4
16 4
23 4
16 4
23 4
16 4
23 4
16 4
23 4
16 4
23 4
16 4
23 4
16 4
23 4
16 4
23 4
16 4
23 4
16 4
23 4
16 4
23 4
16 4
23 4
16 4
23 4
16 4
23 4
16 4
23 4
16 4
23 4
16 4
23 4
16 4
23 4
16 4
23 4
16 4
23 4
16 4
23 4
16 4
23 4
16 4
23 4
16 4
23 4
16 4
23 4
16 4
23 4
16 4
23 4
16 4
23 4
16 4
23 4
28 4
22 4
23 4
22 4
16 4
21 4
16 4
21 4
16 4
21 4
16 4
21 4
16 4
21 4
16 4
21 4
16 4
21 4
16 4
21 4
16 4
21 4
16 4
21 4
16 4
21 4
16 4
21 4
16 4
21 4
16 4
21 4
16 4
21 4
22 4
21 4
16 4
23 4
16 4
23 4
23 4
16 4
23 4
16 4
17 4
24 4
17 4
24 4
24 4
17 4
24 4
17 4
19 4
26 4
19 4
26 4
26 4
19 4
26 4
19 4
17 4
72 7
19 4
17 4
16 4
14 4
17 4
16 4
23 4
16 4
23 4
23 4
16 4
23 4
16 4
17 4
24 4
17 4
24 4
24 4
17 4
24 4
17 4
19 4
26 4
19 4
26 4
26 4
19 4
26 4
19 4
17 4
72 7
19 4
17 4
16 4
14 4
17 4
16 4
23 4
16 4
23 4
16 4
23 4
16 4
23 4
16 4
23 4
16 4
23 4
16 4
23 4
16 4
23 4
16 4
23 4
16 4
23 4
16 4
23 4
16 4
23 4
16 4
23 4
16 4
23 4
27 4
21 4
22 4
23 4
16 4
23 4
16 4
23 4
16 4
23 4
16 4
23 4
16 4
23 4
16 4
23 4
16 4
23 4
16 4
23 4
16 4
23 4
16 4
23 4
16 4
23 4
16 4
23 4
16 4
23 4
16 4
23 4
16 4
23 4
16 4
23 4
16 4
23 4
16 4
23 4
16 4
23 4
16 4
23 4
16 4
23 4
16 4
23 4
16 4
23 4
16 4
23 4
16 4
23 4
16 4
23 4
16 4
23 4
16 4
23 4
16 4
23 4
24 4
23 4
26 4
25 4
24 4
23 4
16 4
23 4
16 4
23 4
16 4
23 4
16 4
23 4
16 4
23 4
24 4
23 4
26 4
25 4
24 4
23 4
16 4
23 4
16 4
23 4
16 4
23 4
16 4
23 4
16 4
23 4
24 4
23 4
26 4
25 4
24 4
23 4
16 4
23 4
16 4
23 4
16 4
23 4
16 4
23 4
16 4
23 4
24 4
23 4
26 4
25 4
24 4
23 4
16 4
23 4
16 4
23 4
16 4
23 4
16 4
23 4
16 4
23 4
24 4
23 4
26 4
25 4
24 4
23 4
16 4
23 4
16 4
23 4
16 4
23 4
16 4
23 4
16 4
23 4
16 4
23 4
16 4
23 4
16 4
23 4
16 4
23 4
16 4
23 4
16 4
23 4
16 4
23 4
16 4
23 4
16 4
23 4
16 4
23 4
16 4
23 4
16 4
23 4
16 4
23 4
16 4
23 4
16 4
23 4
16 4
23 4
16 4
23 4
16 4
23 4
16 4
23 4
16 4
23 4
16 4
23 4
16 4
23 4
16 4
23 4
16 4
23 4
16 4
23 4
28 4
22 4
23 4
22 4
16 4
21 4
16 4
21 4
16 4
21 4
16 4
21 4
16 4
21 4
16 4
21 4
16 4
21 4
16 4
21 4
16 4
21 4
16 4
21 4
16 4
21 4
16 4
21 4
16 4
21 4
16 4
21 4
16 4
20 4
21 4
20 4
16 4
23 4
16 4
23 4
23 4
16 4
23 4
16 4
17 4
24 4
17 4
24 4
24 4
17 4
24 4
17 4
19 4
26 4
19 4
26 4
26 4
19 4
26 4
19 4
17 4
72 7
19 4
17 4
16 4
14 4
17 4
16 4
23 4
16 4
23 4
23 4
16 4
23 4
16 4
17 4
24 4
17 4
24 4
24 4
17 4
24 4
17 4
19 4
26 4
19 4
26 4
26 4
19 4
26 4
19 4
17 4
72 7
19 4
17 4
16 4
14 4
17 4
E
S
H
72 14
36 13
72 14
36 13
E
X
