major
S
L
214 2
72 4
17 2
16 2
72 2
17 2
72 2
17 2
72 2
17 2
16 2
72 4
17 2
72 2
17 2
72 4
17 2
16 2
72 2
17 2
72 2
17 2
72 2
17 2
16 2
72 4
17 2
72 2
17 2
72 4
17 2
16 2
72 2
17 2
72 2
17 2
72 2
17 2
16 2
72 4
17 2
72 2
17 2
72 4
17 2
16 2
72 2
17 2
72 2
17 2
72 2
17 2
16 2
72 4
17 2
72 2
214 2
72 4
17 2
16 2
72 2
17 2
72 2
17 2
72 2
17 2
16 2
72 4
17 2
72 2
17 2
72 4
17 2
16 2
72 2
17 2
72 2
17 2
72 2
17 2
16 2
72 4
17 2
72 2
17 2
72 4
17 2
16 2
72 2
17 2
72 2
17 2
72 2
17 2
16 2
72 4
17 2
72 2
17 2
72 4
17 2
16 2
72 2
17 2
72 2
17 2
72 2
17 2
16 2
72 4
17 2
72 2
214 2
72 4
17 2
16 2
72 2
17 2
72 2
17 2
72 2
17 2
16 2
72 4
17 2
72 2
17 2
72 4
17 2
16 2
72 2
17 2
72 2
17 2
72 2
17 2
16 2
72 4
17 2
72 2
17 2
72 4
17 2
16 2
72 2
17 2
72 2
17 2
72 2
17 2
16 2
72 4
17 2
72 2
17 2
72 4
17 2
16 2
72 2
17 2
72 2
17 2
72 2
17 2
16 2
72 4
17 2
72 2
214 2
72 4
17 2
16 2
72 2
17 2
72 2
17 2
72 2
17 2
16 2
72 4
17 2
72 2
17 2
72 4
17 2
16 2
72 2
17 2
72 2
17 2
72 2
17 2
16 2
72 4
17 2
72 2
17 2
72 4
17 2
16 2
72 2
17 2
72 2
17 2
72 2
17 2
16 2
72 4
17 2
72 2
17 2
72 4
17 2
16 2
72 2
17 2
72 2
17 2
72 2
17 2
16 2
72 4
17 2
72 2
214 2
72 4
17 2
16 2
72 2
17 2
72 2
17 2
72 2
17 2
16 2
72 4
17 2
72 2
17 2
72 4
17 2
16 2
72 2
17 2
72 2
17 2
72 2
17 2
16 2
72 4
17 2
72 2
17 2
72 4
17 2
16 2
72 2
17 2
72 2
17 2
72 2
17 2
16 2
72 4
17 2
72 2
17 2
72 4
17 2
16 2
72 2
17 2
72 2
17 2
72 2
17 2
16 2
72 4
17 2
72 2
214 2
72 4
17 2
16 2
72 2
17 2
72 2
17 2
72 2
17 2
16 2
72 4
17 2
72 2
17 2
72 4
17 2
16 2
72 2
17 2
72 2
17 2
72 2
17 2
16 2
72 4
17 2
72 2
17 2
72 4
17 2
16 2
72 2
17 2
72 2
17 2
72 2
17 2
16 2
72 4
17 2
72 2
17 2
72 4
17 2
16 2
72 2
17 2
72 2
17 2
72 2
17 2
16 2
72 4
17 2
72 2
214 2
72 4
17 2
16 2
72 2
17 2
72 2
17 2
72 2
17 2
16 2
72 4
17 2
72 2
17 2
72 4
17 2
16 2
72 2
17 2
72 2
17 2
72 2
17 2
16 2
72 4
17 2
72 2
17 2
72 4
17 2
16 2
72 2
17 2
72 2
17 2
72 2
17 2
16 2
72 4
17 2
72 2
17 2
72 4
17 2
16 2
72 2
17 2
72 2
17 2
72 2
17 2
16 2
72 4
17 2
72 2
214 2
72 4
17 2
16 2
72 2
17 2
72 2
17 2
72 2
17 2
16 2
72 4
17 2
72 2
17 2
72 4
17 2
16 2
72 2
17 2
72 2
17 2
72 2
17 2
16 2
72 4
17 2
72 2
17 2
72 4
17 2
16 2
72 2
17 2
72 2
17 2
72 2
17 2
16 2
72 4
17 2
72 2
17 2
72 4
17 2
16 2
72 2
17 2
72 2
17 2
72 2
17 2
16 2
72 4
17 2
72 2
214 2
72 4
17 2
16 2
72 2
17 2
72 2
17 2
72 2
17 2
16 2
72 4
17 2
72 2
17 2
72 4
17 2
16 2
72 2
17 2
72 2
17 2
72 2
17 2
16 2
72 4
17 2
72 2
17 2
72 4
17 2
16 2
72 2
17 2
72 2
17 2
72 2
17 2
16 2
72 4
17 2
72 2
17 2
72 4
17 2
16 2
72 2
17 2
72 2
17 2
72 2
17 2
16 2
72 4
17 2
72 2
214 2
72 4
17 2
16 2
72 2
17 2
72 2
17 2
72 2
17 2
16 2
72 4
17 2
72 2
17 2
72 4
17 2
16 2
72 2
17 2
72 2
17 2
72 2
17 2
16 2
72 4
17 2
72 2
17 2
72 4
17 2
16 2
72 2
17 2
72 2
17 2
72 2
17 2
16 2
72 4
17 2
72 2
17 2
72 4
17 2
16 2
72 2
17 2
72 2
17 2
72 2
17 2
16 2
72 4
17 2
72 2
214 2
72 4
17 2
16 2
72 2
17 2
72 2
17 2
72 2
17 2
16 2
72 4
17 2
72 2
17 2
72 4
17 2
16 2
72 2
17 2
72 2
17 2
72 2
17 2
16 2
72 4
17 2
72 2
17 2
72 4
17 2
16 2
72 2
17 2
72 2
17 2
72 2
17 2
16 2
72 4
17 2
72 2
17 2
72 4
17 2
16 2
72 2
17 2
72 2
17 2
72 2
17 2
16 2
72 4
17 2
72 2
214 2
72 4
17 2
16 2
72 2
17 2
72 2
17 2
72 2
17 2
16 2
72 4
17 2
72 2
17 2
72 4
17 2
16 2
72 2
17 2
72 2
17 2
72 2
17 2
16 2
72 4
17 2
72 2
17 2
72 4
17 2
16 2
72 2
17 2
72 2
17 2
72 2
17 2
16 2
72 4
17 2
72 2
17 2
72 4
17 2
16 2
72 2
17 2
72 2
17 2
72 2
17 2
16 2
72 4
17 2
E
S
L
192 4
101 4
101 4
101 4
244 6
244 6
244 4
218 4
218 4
218 4
218 4
192 6
192 6
192 4
166 4
166 4
166 4
166 4
153 6
153 6
153 4
166 4
166 4
166 4
166 4
166 4
166 4
192 4
218 4
192 4
101 4
101 4
101 4
244 6
244 6
244 4
218 4
218 4
218 4
218 4
192 6
192 6
192 4
166 4
166 4
166 4
166 4
153 6
153 6
153 4
166 4
166 4
166 4
166 4
166 4
166 4
192 4
218 4
192 4
101 4
192 4
101 4
244 6
192 6
192 4
218 4
218 4
218 4
218 4
192 6
192 6
192 4
166 4
166 4
166 4
166 4
153 6
153 6
153 4
218 4
218 4
218 4
218 4
192 6
192 6
192 4
166 4
166 4
166 4
166 4
166 6
166 6
166 4
153 4
153 4
153 4
153 4
153 6
153 6
153 4
166 4
166 4
166 4
166 4
166 6
166 6
166 4
166 4
166 4
166 4
166 4
192 4
192 4
218 4
244 4
192 4
101 4
101 4
101 4
244 6
244 6
244 4
218 4
218 4
218 4
218 4
192 6
192 6
192 4
166 4
166 4
166 4
166 4
153 6
153 6
153 4
166 4
166 4
166 4
166 4
166 4
166 4
192 4
218 4
192 4
101 4
101 4
101 4
244 6
244 6
244 4
218 4
218 4
218 4
218 4
192 6
192 6
192 4
166 4
166 4
166 4
166 4
153 6
153 6
153 4
166 4
166 4
166 4
166 4
166 4
166 4
192 4
218 4
192 4
101 4
192 4
101 4
244 6
192 6
192 4
218 4
218 4
218 4
218 4
192 6
192 6
192 4
166 4
166 4
166 4
166 4
153 6
153 6
153 4
218 4
218 4
218 4
218 4
192 6
192 6
192 4
166 4
166 4
166 4
166 4
166 6
166 6
166 4
153 4
153 4
153 4
153 4
153 6
153 6
153 4
166 4
166 4
166 4
166 4
166 6
166 6
166 4
166 4
166 4
166 4
166 4
192 4
192 4
218 4
244 4
192 4
101 4
101 4
101 4
244 6
244 6
244 4
218 4
218 4
218 4
218 4
192 6
192 6
192 4
166 4
166 4
166 4
166 4
153 6
153 6
153 4
166 4
166 4
166 4
166 4
166 4
166 4
192 4
218 4
192 4
101 4
101 4
101 4
244 6
244 6
244 4
218 4
218 4
218 4
218 4
192 6
192 6
192 4
166 4
166 4
166 4
166 4
153 6
153 6
153 4
166 4
166 4
166 4
166 4
166 4
166 4
192 4
218 4
192 4
101 4
192 4
101 4
244 6
192 6
192 4
218 4
218 4
218 4
218 4
192 6
192 6
192 4
166 4
166 4
166 4
166 4
153 6
153 6
153 4
218 4
218 4
218 4
218 4
192 6
192 6
192 4
166 4
166 4
166 4
166 4
166 6
166 6
166 4
153 4
153 4
153 4
153 4
153 6
153 6
153 4
166 4
166 4
166 4
166 4
166 6
166 6
166 4
166 4
166 4
166 4
166 4
192 4
192 4
218 4
244 4
E
S
H
72 7
64 4
60 4
62 6
67 11
72 2
60 4
57 4
59 7
64 6
57 11
72 14
64 4
67 4
62 6
67 11
72 2
60 4
57 4
59 7
64 6
57 11
72 14
67 7
72 4
64 4
67 6
69 6
60 13
60 2
62 2
64 7
72 4
64 4
62 6
59 6
60 13
62 4
64 7
72 4
57 4
57 6
60 6
64 4
62 7
59 7
55 7
62 7
60 9
53 7
57 4
60 4
60 11
62 11
72 9
64 4
60 4
62 6
67 11
72 2
60 4
57 4
59 7
64 6
57 11
72 14
64 4
67 4
62 6
67 11
72 2
60 4
57 4
59 7
64 6
57 11
72 14
67 7
72 4
64 4
67 6
69 6
60 13
60 2
62 2
64 7
72 4
64 4
62 6
59 6
60 13
62 4
64 7
72 4
57 4
57 6
60 6
64 4
62 7
59 7
55 7
62 7
60 9
53 7
57 4
60 4
60 11
62 11
72 9
64 4
60 4
62 6
67 11
72 2
60 4
57 4
59 7
64 6
57 11
72 14
64 4
67 4
62 6
67 11
72 2
60 4
57 4
59 7
64 6
57 11
72 14
67 7
72 4
64 4
67 6
69 6
60 13
60 2
62 2
64 7
72 4
64 4
62 6
59 6
60 13
62 4
64 7
72 4
57 4
57 6
60 6
64 4
62 7
59 7
55 7
62 7
60 9
53 7
57 4
60 4
60 11
62 11
E
S
H
72 7
108 4
108 4
108 6
185 11
72 2
108 4
108 4
235 6
235 6
235 4
209 9
209 4
196 6
196 6
196 4
209 4
209 4
209 4
209 4
240 4
240 4
136 4
187 4
72 7
108 4
108 4
108 6
185 11
72 2
108 4
108 4
235 6
235 6
235 4
209 9
209 4
196 6
196 6
196 4
209 4
209 4
209 4
209 4
240 4
240 4
136 4
187 4
108 6
108 6
108 4
235 6
235 6
235 4
105 6
105 6
105 4
235 6
235 6
235 4
209 6
209 6
209 4
196 6
196 6
196 4
105 6
105 6
105 4
235 6
235 6
235 4
209 6
209 6
209 4
209 6
209 6
209 4
196 6
196 6
196 4
196 6
196 6
196 4
170 6
170 6
170 4
170 6
170 6
170 4
196 6
196 6
196 4
196 4
196 4
209 4
235 4
72 7
108 4
108 4
108 6
185 11
72 2
108 4
108 4
235 6
235 6
235 4
209 9
209 4
196 6
196 6
196 4
209 4
209 4
209 4
209 4
240 4
240 4
136 4
187 4
72 7
108 4
108 4
108 6
185 11
72 2
108 4
108 4
235 6
235 6
235 4
209 9
209 4
196 6
196 6
196 4
209 4
209 4
209 4
209 4
240 4
240 4
136 4
187 4
108 6
108 6
108 4
235 6
235 6
235 4
105 6
105 6
105 4
235 6
235 6
235 4
209 6
209 6
209 4
196 6
196 6
196 4
105 6
105 6
105 4
235 6
235 6
235 4
209 6
209 6
209 4
209 6
209 6
209 4
196 6
196 6
196 4
196 6
196 6
196 4
170 6
170 6
170 4
170 6
170 6
170 4
196 6
196 6
196 4
196 4
196 4
209 4
235 4
72 7
108 4
108 4
108 6
185 11
72 2
108 4
108 4
235 6
235 6
235 4
209 9
209 4
196 6
196 6
196 4
209 4
209 4
209 4
209 4
240 4
240 4
136 4
187 4
72 7
108 4
108 4
108 6
185 11
72 2
108 4
108 4
235 6
235 6
235 4
209 9
209 4
196 6
196 6
196 4
209 4
209 4
209 4
209 4
240 4
240 4
136 4
187 4
108 6
108 6
108 4
235 6
235 6
235 4
105 6
105 6
105 4
235 6
235 6
235 4
209 6
209 6
209 4
196 6
196 6
196 4
105 6
105 6
105 4
235 6
235 6
235 4
209 6
209 6
209 4
209 6
209 6
209 4
196 6
196 6
196 4
196 6
196 6
196 4
170 6
170 6
170 4
170 6
170 6
170 4
196 6
196 6
196 4
196 4
196 4
209 4
235 4
E
S
H
72 7
52 4
48 4
50 6
55 11
72 2
48 4
45 4
47 7
52 6
45 11
72 14
52 4
55 4
50 6
55 11
72 2
48 4
45 4
47 7
52 6
45 11
72 14
55 7
72 4
52 4
55 6
57 6
48 13
48 2
50 2
52 7
72 4
52 4
50 6
47 6
48 13
50 4
52 7
72 4
45 4
45 6
48 6
52 4
50 7
47 7
43 7
50 7
48 9
41 7
45 4
48 4
48 11
50 11
72 9
52 4
48 4
50 6
55 11
72 2
48 4
45 4
47 7
52 6
45 11
72 14
52 4
55 4
50 6
55 11
72 2
48 4
45 4
47 7
52 6
45 11
72 14
55 7
72 4
52 4
55 6
57 6
48 13
48 2
50 2
52 7
72 4
52 4
50 6
47 6
48 13
50 4
52 7
72 4
45 4
45 6
48 6
52 4
50 7
47 7
43 7
50 7
48 9
41 7
45 4
48 4
48 11
50 11
72 9
52 4
48 4
50 6
55 11
72 2
48 4
45 4
47 7
52 6
45 11
72 14
52 4
55 4
50 6
55 11
72 2
48 4
45 4
47 7
52 6
45 11
72 14
55 7
72 4
52 4
55 6
57 6
48 13
48 2
50 2
52 7
72 4
52 4
50 6
47 6
48 13
50 4
52 7
72 4
45 4
45 6
48 6
52 4
50 7
47 7
43 7
50 7
48 9
41 7
45 4
48 4
48 11
50 11
E
X
