major
S
H
72 11
72 14
48 2
48 2
48 4
50 2
53 6
52 4
50 4
48 4
51 4
53 2
48 12
72 4
48 2
48 2
48 4
50 2
53 6
52 4
50 4
48 4
51 4
53 2
48 12
72 11
52 4
48 4
52 2
48 4
50 11
52 4
48 4
52 2
48 4
50 13
72 13
52 9
48 4
53 9
48 11
72 11
52 9
48 4
53 9
48 11
72 11
53 9
52 4
53 4
52 7
50 7
52 4
53 7
52 12
72 13
51 2
50 6
51 2
46 6
51 2
50 6
51 2
48 11
56 2
56 4
55 4
51 2
53 6
72 4
51 2
50 6
51 2
46 6
51 2
50 6
51 2
48 11
56 2
56 4
55 4
51 2
53 6
55 10
55 2
53 4
55 4
51 2
53 4
55 11
53 4
55 4
51 2
51 4
51 2
56 4
55 4
51 4
53 11
51 4
56 4
55 4
51 4
53 9
51 7
51 14
E
S
H
72 11
72 11
40 2
41 2
40 12
72 14
43 2
36 2
40 2
36 2
43 2
36 2
40 2
36 2
72 11
45 2
36 2
41 2
36 2
45 2
36 2
41 2
36 2
72 11
43 2
36 2
40 2
36 2
43 2
36 2
40 2
36 2
72 11
45 2
36 2
41 2
36 2
45 2
36 2
41 2
36 2
72 4
53 2
55 2
57 2
72 2
53 2
55 2
57 11
72 4
55 2
57 2
59 2
72 2
55 2
57 2
59 11
72 4
57 2
59 2
60 2
72 2
57 2
59 2
60 11
43 2
45 2
47 2
48 2
47 2
48 2
50 2
52 2
50 2
52 2
53 2
55 2
53 2
55 2
57 2
59 2
55 11
58 7
51 7
56 11
60 4
58 4
55 2
56 6
55 11
58 7
51 7
56 10
60 2
60 4
58 4
55 2
56 6
60 10
60 2
59 4
59 4
59 2
59 4
58 11
57 4
57 4
57 2
57 4
57 2
60 4
58 4
55 4
56 11
55 4
60 4
58 4
55 4
56 9
58 7
61 2
60 2
58 2
56 2
61 2
60 2
58 2
56 2
61 2
60 2
58 2
56 2
61 2
60 2
58 2
56 2
58 13
E
S
L
72 11
72 13
7 7
12 10
7 2
12 4
12 7
12 2
7 2
8 10
3 2
10 4
10 7
10 2
11 2
12 10
7 2
12 4
12 7
12 2
7 2
8 10
3 2
10 4
10 7
10 2
11 2
9 10
4 2
9 4
9 4
9 2
11 2
12 2
13 2
14 10
9 2
14 4
14 7
14 4
7 10
2 2
7 4
7 7
14 4
7 10
2 2
7 2
2 2
7 7
7 2
8 2
9 10
4 2
9 4
9 7
9 2
4 2
10 10
5 2
10 4
10 7
10 2
5 2
9 10
4 2
9 4
9 4
9 2
4 2
9 2
4 2
10 10
5 2
10 4
10 7
10 2
10 2
5 10
0 2
5 4
5 7
5 2
6 2
7 10
2 2
7 4
7 4
7 4
7 2
8 2
9 10
4 2
9 4
9 7
9 2
9 2
72 4
7 4
7 4
7 4
7 4
7 4
7 4
7 2
7 2
15 10
15 2
14 4
14 7
14 2
10 2
8 10
8 2
10 4
10 7
17 2
10 2
15 10
15 2
14 4
14 7
14 2
10 2
8 10
8 2
10 4
10 7
17 2
10 2
12 10
12 2
11 4
11 9
10 10
10 2
9 4
9 9
8 9
10 11
17 2
10 2
8 9
10 9
10 4
11 2
12 2
13 10
3 2
13 4
13 9
3 13
E
S
H
72 11
72 12
43 2
45 2
43 11
43 13
39 11
41 7
45 7
43 13
39 11
41 7
45 7
40 9
43 9
40 7
40 9
43 9
40 7
41 9
45 9
41 7
48 9
45 9
41 7
40 2
40 2
38 4
40 4
38 2
40 11
41 2
41 2
40 4
41 4
40 2
41 11
40 2
40 2
38 4
40 4
38 2
40 11
41 2
41 2
40 2
72 2
41 4
40 2
41 11
36 9
33 9
36 7
35 9
38 9
35 7
36 9
40 9
36 7
72 4
41 4
41 4
41 4
41 4
41 4
41 4
41 2
41 2
46 9
43 2
46 8
43 7
48 9
72 4
44 4
44 4
44 2
48 6
46 9
43 2
46 8
43 7
48 9
72 4
44 4
44 4
44 2
48 6
48 4
36 2
39 2
43 4
36 2
39 2
47 11
46 4
36 2
39 2
43 4
36 2
39 2
45 11
39 9
41 11
43 2
41 2
39 9
41 9
41 7
36 4
39 2
36 4
39 2
48 4
43 2
43 2
39 2
36 6
43 2
44 2
43 13
E
S
H
72 11
72 12
43 2
45 2
43 11
40 13
36 11
38 7
41 7
40 13
36 11
38 7
41 7
36 9
40 9
36 7
36 9
40 9
36 7
38 9
41 9
38 7
45 9
41 9
38 7
36 2
36 2
35 4
36 4
35 2
36 11
38 2
38 2
36 4
38 4
36 2
38 11
36 2
36 2
35 4
36 4
35 2
36 11
38 2
38 2
36 2
72 2
38 4
36 2
38 11
33 9
29 9
33 7
31 9
35 9
31 7
33 9
36 9
33 7
72 4
38 4
38 4
38 4
38 4
38 4
38 4
38 2
38 2
43 9
39 2
43 8
39 7
44 9
72 4
41 4
41 4
41 2
44 6
43 9
39 2
43 8
39 7
44 9
72 4
41 4
41 4
41 2
44 6
48 4
36 2
39 2
43 4
36 2
39 2
43 11
46 4
36 2
39 2
43 4
36 2
39 2
43 11
36 9
38 11
39 2
38 2
36 9
38 9
38 7
32 4
36 2
32 4
36 2
44 4
39 2
39 2
36 2
32 6
39 2
41 2
39 13
E
S
L
72 11
72 11
24 11
31 4
28 4
26 4
24 13
20 11
22 7
26 7
28 13
27 11
29 7
26 7
28 9
21 11
26 9
31 11
33 9
31 11
72 7
35 7
31 4
26 4
31 4
32 4
33 13
E
S
H
72 11
72 14
48 2
48 2
48 4
50 2
53 6
52 4
50 4
48 4
51 4
53 2
48 12
72 4
48 2
48 2
48 4
50 2
53 6
52 4
50 4
48 4
51 4
53 2
48 12
72 11
52 4
48 4
52 2
48 4
50 11
52 4
48 4
52 2
48 4
50 13
72 13
52 9
48 4
53 9
48 11
72 11
52 9
48 4
53 9
48 11
72 4
53 2
55 2
57 2
72 2
53 2
55 2
57 11
72 4
55 2
57 2
59 2
72 2
55 2
57 2
59 11
72 4
57 2
59 2
60 2
72 2
57 2
59 2
60 11
43 2
45 2
47 2
48 2
47 2
48 2
50 2
52 2
50 2
52 2
53 2
55 2
53 2
55 2
57 2
59 2
55 11
58 7
51 7
56 11
60 4
58 4
55 2
56 6
55 11
58 7
51 7
56 10
60 2
60 4
58 4
55 2
56 6
60 10
60 2
59 4
59 4
59 2
59 4
58 11
57 4
57 4
57 2
57 4
57 2
60 4
58 4
55 4
56 11
55 4
60 4
58 4
55 4
56 9
51 7
51 14
E
S
H
72 11
72 11
36 11
43 4
40 4
38 4
36 13
32 11
34 7
38 7
40 13
39 11
41 7
38 7
40 9
33 11
38 9
43 11
45 9
43 11
72 7
47 7
43 4
38 4
43 4
44 4
45 13
E
S
L
72 11
72 11
11 2
72 9
11 2
11 2
72 2
11 2
72 2
16 2
72 2
16 2
16 2
11 2
72 9
11 2
11 2
72 2
11 2
72 2
16 2
72 6
11 2
72 9
11 2
11 2
72 2
11 2
72 2
16 2
72 6
11 2
72 9
11 2
11 2
72 2
11 2
72 2
16 2
72 6
11 2
72 9
11 2
11 2
72 2
11 2
72 2
16 2
72 6
11 2
72 9
11 2
11 2
72 2
11 2
72 2
16 2
72 6
11 2
72 9
11 2
11 2
72 2
11 2
72 2
16 2
72 6
11 2
72 9
11 2
11 2
72 2
11 2
72 2
16 2
72 6
11 2
72 9
11 2
11 2
72 2
11 2
72 2
16 2
72 2
16 2
16 2
11 2
72 6
16 2
72 4
11 2
11 2
72 2
11 2
72 2
16 2
72 6
11 2
72 6
16 2
72 4
11 2
11 2
72 2
11 2
72 2
16 2
72 6
11 2
72 6
16 2
72 4
11 2
11 2
72 2
11 2
72 2
16 2
72 6
11 2
72 6
16 2
72 4
11 2
11 2
72 2
11 2
72 2
16 2
72 6
11 2
72 6
16 2
72 4
11 2
11 2
72 2
11 2
72 2
16 2
72 6
11 2
72 6
16 2
72 4
11 2
11 2
72 2
11 2
72 2
16 2
72 6
11 2
72 6
16 2
72 4
11 2
11 2
72 2
11 2
72 2
16 2
72 6
11 2
72 2
16 2
72 2
16 2
72 2
16 2
72 2
16 2
72 2
16 2
72 2
16 2
72 2
16 2
16 2
11 2
72 6
16 2
72 4
11 2
11 2
72 2
11 2
72 2
16 2
72 6
11 2
72 6
16 2
72 4
11 2
11 2
72 2
11 2
72 2
16 2
72 2
16 2
16 2
11 2
72 6
16 2
72 4
11 2
11 2
72 2
11 2
72 2
16 2
72 6
11 2
72 6
16 2
72 4
11 2
11 2
72 2
11 2
72 2
16 2
72 2
16 2
16 2
11 2
72 6
16 2
72 4
11 2
11 2
72 2
11 2
72 2
16 2
72 6
11 2
72 6
16 2
72 4
11 2
11 2
72 2
11 2
72 2
16 2
72 2
16 2
16 2
11 2
72 6
16 2
72 2
11 2
72 6
16 2
72 2
16 2
72 2
16 2
16 2
11 2
72 6
16 2
72 2
11 2
72 6
16 2
72 2
16 2
72 2
16 2
16 2
11 2
72 6
16 2
72 4
11 2
11 2
72 2
11 2
72 2
16 2
72 6
11 2
E
X
