minor
S
L
23 4
31 4
23 2
31 4
23 2
31 4
23 2
31 4
23 2
31 4
26 4
33 4
26 2
33 4
26 2
33 4
26 2
33 4
26 2
33 4
26 4
35 4
26 2
35 4
26 2
35 4
26 2
35 4
26 2
35 4
26 4
35 4
26 2
35 4
26 2
35 4
26 2
36 4
31 2
38 4
31 4
40 4
31 2
40 4
31 2
40 4
31 2
40 4
31 2
40 4
31 4
40 4
31 2
40 4
31 2
38 4
31 2
38 4
31 2
38 4
33 4
40 4
33 2
40 4
33 2
40 4
33 2
40 4
33 2
40 4
35 4
40 4
35 2
40 4
35 2
39 4
35 2
39 4
35 2
39 4
23 4
31 4
23 2
31 4
23 2
31 4
23 2
31 4
23 2
31 4
26 4
33 4
26 2
33 4
26 2
33 4
26 2
33 4
26 2
33 4
26 4
35 4
26 2
35 4
26 2
35 4
26 2
35 4
26 2
35 4
26 4
35 4
26 2
35 4
26 2
35 4
26 2
36 4
31 2
38 4
31 4
40 4
31 2
40 4
31 2
40 4
31 2
40 4
31 2
40 4
31 4
40 4
31 2
40 4
31 2
38 4
31 2
38 4
31 2
38 4
33 4
40 4
33 2
40 4
33 2
40 4
33 2
40 4
33 2
40 4
35 4
40 4
35 2
40 4
35 2
39 4
35 2
39 4
35 2
39 4
23 4
31 4
23 2
31 4
23 2
31 4
23 2
31 4
23 2
31 4
26 4
33 4
26 2
33 4
26 2
33 4
26 2
33 4
26 2
33 4
26 4
35 4
26 2
35 4
26 2
35 4
26 2
35 4
26 2
35 4
26 4
35 4
26 2
35 4
26 2
35 4
26 2
36 4
31 2
38 4
31 4
40 4
31 2
40 4
31 2
40 4
31 2
40 4
31 2
40 4
31 4
40 4
31 2
40 4
31 2
38 4
31 2
38 4
31 2
38 4
33 4
40 4
33 2
40 4
33 2
40 4
33 2
40 4
33 2
40 4
35 4
40 4
35 2
40 4
35 2
39 4
35 2
39 4
35 2
39 4
23 4
31 4
23 2
31 4
23 2
31 4
23 2
31 4
23 2
31 4
26 4
33 4
26 2
33 4
26 2
33 4
26 2
33 4
26 2
33 4
26 4
35 4
26 2
35 4
26 2
35 4
26 2
35 4
26 2
35 4
26 4
35 4
26 2
35 4
26 2
35 4
26 2
36 4
31 2
38 4
31 4
40 4
31 2
40 4
31 2
40 4
31 2
40 4
31 2
40 4
31 4
40 4
31 2
40 4
31 2
38 4
31 2
38 4
31 2
38 4
33 4
40 4
33 2
40 4
33 2
40 4
33 2
40 4
33 2
40 4
35 4
40 4
35 2
40 4
35 2
39 4
35 2
39 4
35 2
39 4
72 14
23 4
31 4
23 2
31 4
23 2
31 4
23 2
31 4
23 2
31 4
26 4
33 4
26 2
33 4
26 2
33 4
26 2
33 4
26 2
33 4
26 4
35 4
26 2
35 4
26 2
35 4
26 2
35 4
26 2
35 4
26 4
35 4
26 2
35 4
26 2
35 4
26 2
36 4
31 2
38 4
31 4
40 4
31 2
40 4
31 2
40 4
31 2
40 4
31 2
40 4
31 4
40 4
31 2
40 4
31 2
38 4
31 2
38 4
31 2
38 4
33 4
40 4
33 2
40 4
33 2
40 4
33 2
40 4
33 2
40 4
35 4
40 4
35 2
40 4
35 2
39 4
35 2
39 4
35 2
39 4
E
S
L
72 4
16 0
72 2
16 0
72 4
16 0
72 2
16 0
72 2
16 0
72 2
16 0
72 2
16 0
72 2
16 0
72 2
16 0
72 2
16 0
72 2
16 0
72 2
16 0
72 2
16 0
72 6
18 0
72 2
18 0
72 4
18 0
72 2
18 0
72 2
18 0
72 2
18 0
72 2
18 0
72 2
18 0
72 2
18 0
72 2
18 0
72 2
18 0
72 2
18 0
72 2
18 0
72 6
19 0
72 2
19 0
72 4
19 0
72 2
19 0
72 2
19 0
72 2
19 0
72 2
19 0
72 2
19 0
72 2
19 0
72 2
19 0
72 2
19 0
72 2
19 0
72 2
19 0
72 6
19 0
72 2
19 0
72 4
19 0
72 2
19 0
72 2
19 0
72 2
21 0
72 2
21 0
72 2
21 0
72 2
21 0
72 2
23 0
72 2
23 0
72 2
23 0
72 2
23 0
72 6
24 0
72 2
24 0
72 4
24 0
72 2
24 0
72 2
24 0
72 2
24 0
72 2
24 0
72 2
24 0
72 2
24 0
72 2
24 0
72 2
24 0
72 2
24 0
72 2
24 0
72 6
26 0
72 2
26 0
72 4
26 0
72 2
26 0
72 2
26 0
72 2
26 0
72 2
26 0
72 2
26 0
72 2
26 0
72 2
26 0
72 2
26 0
72 2
26 0
72 2
26 0
72 6
21 0
72 2
21 0
72 4
21 0
72 2
21 0
72 2
21 0
72 2
21 0
72 2
21 0
72 2
21 0
72 2
21 0
72 2
21 0
72 2
21 0
72 2
21 0
72 2
21 0
72 6
23 0
72 2
23 0
72 4
23 0
72 2
23 0
72 2
23 0
72 2
23 0
72 11
16 0
72 2
16 0
72 4
16 0
72 2
16 0
72 2
16 0
72 2
16 0
72 2
16 0
72 2
16 0
72 2
16 0
72 2
16 0
72 2
16 0
72 2
16 0
72 2
16 0
72 6
18 0
72 2
18 0
72 4
18 0
72 2
18 0
72 2
18 0
72 2
18 0
72 2
18 0
72 2
18 0
72 2
18 0
72 2
18 0
72 2
18 0
72 2
18 0
72 2
18 0
72 6
19 0
72 2
19 0
72 4
19 0
72 2
19 0
72 2
19 0
72 2
19 0
72 2
19 0
72 2
19 0
72 2
19 0
72 2
19 0
72 2
19 0
72 2
19 0
72 2
19 0
72 6
19 0
72 2
19 0
72 4
19 0
72 2
19 0
72 2
19 0
72 2
21 0
72 2
21 0
72 2
21 0
72 2
21 0
72 2
23 0
72 2
23 0
72 2
23 0
72 2
23 0
72 6
24 0
72 2
24 0
72 4
24 0
72 2
24 0
72 2
24 0
72 2
24 0
72 2
24 0
72 2
24 0
72 2
24 0
72 2
24 0
72 2
24 0
72 2
24 0
72 2
24 0
72 6
26 0
72 2
26 0
72 4
26 0
72 2
26 0
72 2
26 0
72 2
26 0
72 2
26 0
72 2
26 0
72 2
26 0
72 2
26 0
72 2
26 0
72 2
26 0
72 2
26 0
72 6
21 0
72 2
21 0
72 4
21 0
72 2
21 0
72 2
21 0
72 2
21 0
72 2
21 0
72 2
21 0
72 2
21 0
72 2
21 0
72 2
21 0
72 2
21 0
72 2
21 0
72 6
23 0
72 2
23 0
72 4
23 0
72 2
23 0
72 2
23 0
72 2
23 0
72 2
23 0
72 2
23 0
72 2
23 0
72 2
23 0
72 2
23 0
72 2
23 0
72 2
23 0
72 6
16 0
72 2
16 0
72 4
16 0
72 2
16 0
72 2
16 0
72 2
16 0
72 2
16 0
72 2
16 0
72 2
16 0
72 2
16 0
72 2
16 0
72 2
16 0
72 2
16 0
72 6
18 0
72 2
18 0
72 4
18 0
72 2
18 0
72 2
18 0
72 2
18 0
72 2
18 0
72 2
18 0
72 2
18 0
72 2
18 0
72 2
18 0
72 2
18 0
72 2
18 0
72 6
19 0
72 2
19 0
72 4
19 0
72 2
19 0
72 2
19 0
72 2
19 0
72 2
19 0
72 2
19 0
72 2
19 0
72 2
19 0
72 2
19 0
72 2
19 0
72 2
19 0
72 6
19 0
72 2
19 0
72 4
19 0
72 2
19 0
72 2
19 0
72 2
21 0
72 2
21 0
72 2
21 0
72 2
21 0
72 2
23 0
72 2
23 0
72 2
23 0
72 2
23 0
72 6
24 0
72 2
24 0
72 4
24 0
72 2
24 0
72 2
24 0
72 2
24 0
72 2
24 0
72 2
24 0
72 2
24 0
72 2
24 0
72 2
24 0
72 2
24 0
72 2
24 0
72 6
26 0
72 2
26 0
72 4
26 0
72 2
26 0
72 2
26 0
72 2
26 0
72 2
26 0
72 2
26 0
72 2
26 0
72 2
26 0
72 2
26 0
72 2
26 0
72 2
26 0
72 6
21 0
72 2
21 0
72 4
21 0
72 2
21 0
72 2
21 0
72 2
21 0
72 2
21 0
72 2
21 0
72 2
21 0
72 2
21 0
72 2
21 0
72 2
21 0
72 2
21 0
72 6
23 0
72 2
23 0
72 4
23 0
72 2
23 0
72 2
23 0
72 2
23 0
72 2
23 0
72 2
23 0
72 2
23 0
72 2
23 0
72 2
23 0
72 2
23 0
72 2
23 0
72 6
16 0
72 2
16 0
72 4
16 0
72 2
16 0
72 2
16 0
72 2
16 0
72 2
16 0
72 2
16 0
72 2
16 0
72 2
16 0
72 2
16 0
72 2
16 0
72 2
16 0
72 6
18 0
72 2
18 0
72 4
18 0
72 2
18 0
72 2
18 0
72 2
18 0
72 2
18 0
72 2
18 0
72 2
18 0
72 2
18 0
72 2
18 0
72 2
18 0
72 2
18 0
72 6
19 0
72 2
19 0
72 4
19 0
72 2
19 0
72 2
19 0
72 2
19 0
72 2
19 0
72 2
19 0
72 2
19 0
72 2
19 0
72 2
19 0
72 2
19 0
72 2
19 0
72 6
19 0
72 2
19 0
72 4
19 0
72 2
19 0
72 2
19 0
72 2
21 0
72 2
21 0
72 2
21 0
72 2
21 0
72 2
23 0
72 2
23 0
72 2
23 0
72 2
23 0
72 6
24 0
72 2
24 0
72 4
24 0
72 2
24 0
72 2
24 0
72 2
24 0
72 2
24 0
72 2
24 0
72 2
24 0
72 2
24 0
72 2
24 0
72 2
24 0
72 2
24 0
72 6
26 0
72 2
26 0
72 4
26 0
72 2
26 0
72 2
26 0
72 2
26 0
72 2
26 0
72 2
26 0
72 2
26 0
72 2
26 0
72 2
26 0
72 2
26 0
72 2
26 0
72 6
21 0
72 2
21 0
72 4
21 0
72 2
21 0
72 2
21 0
72 2
21 0
72 2
21 0
72 2
21 0
72 2
21 0
72 2
21 0
72 2
21 0
72 2
21 0
72 2
21 0
72 6
23 0
72 2
23 0
72 4
23 0
72 2
23 0
72 2
23 0
72 2
23 0
72 2
23 0
72 2
23 0
72 2
23 0
72 2
23 0
72 2
23 0
72 2
23 0
72 2
23 0
72 14
16 0
72 2
16 0
72 4
16 0
72 2
16 0
72 2
16 0
72 2
16 0
72 2
16 0
72 2
16 0
72 2
16 0
72 2
16 0
72 2
16 0
72 2
16 0
72 2
16 0
72 6
18 0
72 2
18 0
72 4
18 0
72 2
18 0
72 2
18 0
72 2
18 0
72 2
18 0
72 2
18 0
72 2
18 0
72 2
18 0
72 2
18 0
72 2
18 0
72 2
18 0
72 6
19 0
72 2
19 0
72 4
19 0
72 2
19 0
72 2
19 0
72 2
19 0
72 2
19 0
72 2
19 0
72 2
19 0
72 2
19 0
72 2
19 0
72 2
19 0
72 2
19 0
72 6
19 0
72 2
19 0
72 4
19 0
72 2
19 0
72 2
19 0
72 2
21 0
72 2
21 0
72 2
21 0
72 2
21 0
72 2
23 0
72 2
23 0
72 2
23 0
72 2
23 0
72 6
24 0
72 2
24 0
72 4
24 0
72 2
24 0
72 2
24 0
72 2
24 0
72 2
24 0
72 2
24 0
72 2
24 0
72 2
24 0
72 2
24 0
72 2
24 0
72 2
24 0
72 6
26 0
72 2
26 0
72 4
26 0
72 2
26 0
72 2
26 0
72 2
26 0
72 2
26 0
72 2
26 0
72 2
26 0
72 2
26 0
72 2
26 0
72 2
26 0
72 2
26 0
72 6
21 0
72 2
21 0
72 4
21 0
72 2
21 0
72 2
21 0
72 2
21 0
72 2
21 0
72 2
21 0
72 2
21 0
72 2
21 0
72 2
21 0
72 2
21 0
72 2
21 0
72 6
23 0
72 2
23 0
72 4
23 0
72 2
23 0
72 2
23 0
72 2
23 0
E
S
L
4 2
72 2
4 2
72 2
4 2
72 2
4 2
72 2
4 2
72 2
4 2
72 2
4 2
72 2
4 2
72 2
6 2
72 2
6 2
72 2
6 2
72 2
6 2
72 2
6 2
72 2
6 2
72 2
6 2
72 2
6 2
72 2
7 2
72 2
7 2
72 2
7 2
72 2
7 2
72 2
7 2
72 2
7 2
72 2
7 2
72 2
7 2
72 2
7 2
72 2
7 2
72 2
7 2
72 2
7 2
72 2
9 2
72 2
9 2
72 2
11 2
72 2
11 2
72 2
12 2
72 2
12 2
72 2
12 2
72 2
12 2
72 2
12 2
72 2
12 2
72 2
12 2
72 2
12 2
72 2
14 2
72 2
14 2
72 2
14 2
72 2
14 2
72 2
14 2
72 2
14 2
72 2
14 2
72 2
14 2
72 2
9 2
72 2
9 2
72 2
9 2
72 2
9 2
72 2
9 2
72 2
9 2
72 2
9 2
72 2
9 2
72 2
11 2
72 12
11 2
72 2
4 2
72 2
4 2
72 2
4 2
72 2
4 2
72 2
4 2
72 2
4 2
72 2
4 2
72 2
4 2
72 2
6 2
72 2
6 2
72 2
6 2
72 2
6 2
72 2
6 2
72 2
6 2
72 2
6 2
72 2
6 2
72 2
7 2
72 2
7 2
72 2
7 2
72 2
7 2
72 2
7 2
72 2
7 2
72 2
7 2
72 2
7 2
72 2
7 2
72 2
7 2
72 2
7 2
72 2
7 2
72 2
9 2
72 2
9 2
72 2
11 2
72 2
11 2
72 2
12 2
72 2
12 2
72 2
12 2
72 2
12 2
72 2
12 2
72 2
12 2
72 2
12 2
72 2
12 2
72 2
14 2
72 2
14 2
72 2
14 2
72 2
14 2
72 2
14 2
72 2
14 2
72 2
14 2
72 2
14 2
72 2
9 2
72 2
9 2
72 2
9 2
72 2
9 2
72 2
9 2
72 2
9 2
72 2
9 2
72 2
9 2
72 2
11 2
72 2
11 2
72 2
11 2
72 2
11 2
72 2
11 2
72 2
11 2
72 2
11 2
72 2
11 2
72 2
4 2
72 2
4 2
72 2
4 2
72 2
4 2
72 2
4 2
72 2
4 2
72 2
4 2
72 2
4 2
72 2
6 2
72 2
6 2
72 2
6 2
72 2
6 2
72 2
6 2
72 2
6 2
72 2
6 2
72 2
6 2
72 2
7 2
72 2
7 2
72 2
7 2
72 2
7 2
72 2
7 2
72 2
7 2
72 2
7 2
72 2
7 2
72 2
7 2
72 2
7 2
72 2
7 2
72 2
7 2
72 2
9 2
72 2
9 2
72 2
11 2
72 2
11 2
72 2
12 2
72 2
12 2
72 2
12 2
72 2
12 2
72 2
12 2
72 2
12 2
72 2
12 2
72 2
12 2
72 2
14 2
72 2
14 2
72 2
14 2
72 2
14 2
72 2
14 2
72 2
14 2
72 2
14 2
72 2
14 2
72 2
9 2
72 2
9 2
72 2
9 2
72 2
9 2
72 2
9 2
72 2
9 2
72 2
9 2
72 2
9 2
72 2
11 2
72 2
11 2
72 2
11 2
72 2
11 2
72 2
11 2
72 2
11 2
72 2
11 2
72 2
11 2
72 2
4 2
72 2
4 2
72 2
4 2
72 2
4 2
72 2
4 2
72 2
4 2
72 2
4 2
72 2
4 2
72 2
6 2
72 2
6 2
72 2
6 2
72 2
6 2
72 2
6 2
72 2
6 2
72 2
6 2
72 2
6 2
72 2
7 2
72 2
7 2
72 2
7 2
72 2
7 2
72 2
7 2
72 2
7 2
72 2
7 2
72 2
7 2
72 2
7 2
72 2
7 2
72 2
7 2
72 2
7 2
72 2
9 2
72 2
9 2
72 2
11 2
72 2
11 2
72 2
12 2
72 2
12 2
72 2
12 2
72 2
12 2
72 2
12 2
72 2
12 2
72 2
12 2
72 2
12 2
72 2
14 2
72 2
14 2
72 2
14 2
72 2
14 2
72 2
14 2
72 2
14 2
72 2
14 2
72 2
14 2
72 2
9 2
72 2
9 2
72 2
9 2
72 2
9 2
72 2
9 2
72 2
9 2
72 2
9 2
72 2
9 2
72 2
11 2
72 2
11 2
72 2
11 2
72 2
11 2
72 2
11 2
72 2
11 2
72 2
11 2
72 2
11 2
72 2
16 11
16 11
16 11
14 11
12 11
12 11
14 11
12 11
11 11
11 11
11 11
15 11
16 11
16 11
16 11
16 11
16 11
16 11
16 11
14 11
12 11
12 11
14 11
12 11
11 11
11 11
11 11
15 11
16 11
16 11
16 11
16 11
4 2
72 2
4 2
72 2
4 2
72 2
4 2
72 2
4 2
72 2
4 2
72 2
4 2
72 2
4 2
72 2
6 2
72 2
6 2
72 2
6 2
72 2
6 2
72 2
7 2
72 2
7 2
72 2
11 2
72 2
11 2
72 2
12 2
72 2
12 2
72 2
12 2
72 2
12 2
72 2
12 2
72 2
12 2
72 2
12 2
72 2
12 2
72 2
12 2
72 2
12 2
72 2
12 2
72 2
12 2
72 2
14 2
72 2
14 2
72 2
12 2
72 2
12 2
72 2
11 2
72 2
11 2
72 2
11 2
72 2
11 2
72 2
11 2
72 2
11 2
72 2
11 2
72 2
11 2
72 2
11 2
72 2
11 2
72 2
11 2
72 2
11 2
72 2
15 2
72 2
15 2
72 2
15 2
72 2
15 2
72 2
16 2
72 2
16 2
72 2
16 2
72 2
16 2
72 2
16 2
72 2
16 2
72 2
16 2
72 2
16 2
72 2
16 2
72 2
16 2
72 2
16 2
72 2
16 2
72 2
16 2
72 2
16 2
72 2
16 2
72 2
11 2
72 2
4 2
72 2
4 2
72 2
4 2
72 2
4 2
72 2
4 2
72 2
4 2
72 2
4 2
72 2
4 2
72 2
6 2
72 2
6 2
72 2
6 2
72 2
6 2
72 2
7 2
72 2
7 2
72 2
11 2
72 2
11 2
72 2
12 2
72 2
12 2
72 2
12 2
72 2
12 2
72 2
12 2
72 2
12 2
72 2
12 2
72 2
12 2
72 2
12 2
72 2
12 2
72 2
12 2
72 2
12 2
72 2
14 2
72 2
14 2
72 2
12 2
72 2
12 2
72 2
11 2
72 2
11 2
72 2
11 2
72 2
11 2
72 2
11 2
72 2
11 2
72 2
11 2
72 2
11 2
72 2
11 2
72 2
11 2
72 2
11 2
72 2
11 2
72 2
15 2
72 2
15 2
72 2
15 2
72 2
15 2
72 2
16 2
72 2
16 2
72 2
16 2
72 2
16 2
72 2
16 2
72 2
16 2
72 2
16 2
72 2
16 2
72 2
16 2
72 2
16 2
72 2
16 2
72 2
16 2
72 2
16 2
72 2
16 2
72 2
16 2
72 2
11 2
72 2
4 2
72 2
4 2
72 2
4 2
72 2
4 2
72 2
4 2
72 2
4 2
72 2
4 2
72 2
4 2
72 2
6 2
72 2
6 2
72 2
6 2
72 2
6 2
72 2
7 2
72 2
7 2
72 2
11 2
72 2
11 2
72 2
12 2
72 2
12 2
72 2
12 2
72 2
12 2
72 2
12 2
72 2
12 2
72 2
12 2
72 2
12 2
72 2
12 2
72 2
12 2
72 2
12 2
72 2
12 2
72 2
14 2
72 2
14 2
72 2
12 2
72 2
12 2
72 2
11 2
72 2
11 2
72 2
11 2
72 2
11 2
72 2
11 2
72 2
11 2
72 2
11 2
72 2
11 2
72 2
11 2
72 2
11 2
72 2
11 2
72 2
11 2
72 2
15 2
72 2
15 2
72 2
15 2
72 2
15 2
72 2
16 2
72 2
16 2
72 2
16 2
72 2
16 2
72 2
16 2
72 2
16 2
72 2
16 2
72 2
16 2
72 2
16 2
72 2
16 2
72 2
16 2
72 2
16 2
72 2
16 2
72 2
16 2
72 2
16 2
72 2
11 2
72 2
4 2
72 2
4 2
72 2
4 2
72 2
4 2
72 2
4 2
72 2
4 2
72 2
4 2
72 2
4 2
72 2
6 2
72 2
6 2
72 2
6 2
72 2
6 2
72 2
7 2
72 2
7 2
72 2
11 2
72 2
11 2
72 2
12 2
72 2
12 2
72 2
12 2
72 2
12 2
72 2
12 2
72 2
12 2
72 2
12 2
72 2
12 2
72 2
12 2
72 2
12 2
72 2
12 2
72 2
12 2
72 2
14 2
72 2
14 2
72 2
12 2
72 2
12 2
72 2
11 2
72 2
11 2
72 2
11 2
72 2
11 2
72 2
11 2
72 2
11 2
72 2
11 2
72 2
11 2
72 2
11 2
72 2
11 2
72 2
11 2
72 2
11 2
72 2
15 2
72 2
15 2
72 2
15 2
72 2
15 2
72 2
16 2
72 2
16 2
72 2
16 2
72 2
16 2
72 2
16 2
72 2
16 2
72 2
16 2
72 2
16 2
72 2
16 2
72 2
16 2
72 2
16 2
72 2
16 2
72 2
16 2
72 2
16 2
72 2
16 2
72 2
11 2
72 2
4 2
72 2
4 2
72 2
4 2
72 2
4 2
72 2
4 2
72 2
4 2
72 2
4 2
72 2
4 2
72 2
6 2
72 2
6 2
72 2
6 2
72 2
6 2
72 2
6 2
72 2
6 2
72 2
6 2
72 2
6 2
72 2
7 2
72 2
7 2
72 2
7 2
72 2
7 2
72 2
7 2
72 2
7 2
72 2
7 2
72 2
7 2
72 2
7 2
72 2
7 2
72 2
7 2
72 2
7 2
72 2
9 2
72 2
9 2
72 2
11 2
72 2
11 2
72 2
12 2
72 2
12 2
72 2
12 2
72 2
12 2
72 2
12 2
72 2
12 2
72 2
12 2
72 2
12 2
72 2
14 2
72 2
14 2
72 2
14 2
72 2
14 2
72 2
14 2
72 2
14 2
72 2
14 2
72 2
14 2
72 2
9 2
72 2
9 2
72 2
9 2
72 2
9 2
72 2
9 2
72 2
9 2
72 2
9 2
72 2
9 2
72 2
11 2
72 12
11 2
E
S
H
72 14
192 11
192 7
179 4
127 11
127 7
101 4
244 13
72 12
192 4
153 12
192 4
127 11
244 11
153 13
72 12
244 4
192 11
192 7
179 4
127 11
127 7
101 4
244 13
72 12
192 4
153 12
192 4
127 11
244 11
153 13
72 14
192 13
192 5
218 5
244 5
192 13
153 5
179 5
192 5
127 13
179 7
140 7
244 13
192 5
218 5
244 5
127 5
101 5
244 5
192 13
192 5
218 5
244 5
192 13
153 5
179 5
192 5
127 13
179 7
140 7
244 13
192 5
218 5
244 5
127 5
101 5
244 5
E
S
H
72 14
1168 14
1157 14
1000 14
1456 14
1168 14
1157 14
1000 14
1456 14
1168 14
1157 14
1000 14
1456 14
1168 14
1157 14
1000 14
1456 14
1168 14
1157 14
1000 14
1456 14
1168 14
1157 14
1000 14
1456 14
E
S
L
72 14
1773 6
1773 2
72 4
1773 2
72 2
1773 2
1773 2
72 2
1773 2
72 7
1773 6
1773 2
72 4
1773 2
72 2
1773 2
1773 2
72 2
1773 2
72 7
1157 6
1157 2
72 4
1157 2
72 2
1157 2
1157 2
72 2
1157 2
72 7
1157 6
1157 2
72 4
1157 2
72 2
1157 2
1157 2
72 2
1157 2
72 7
1000 6
1000 2
72 4
1000 2
72 2
1000 2
1000 2
72 2
1000 2
72 7
1012 6
1012 2
72 4
1012 2
72 2
1012 2
1012 2
72 2
1012 2
72 7
1773 6
1773 2
72 4
1773 2
72 2
1773 2
1773 2
72 2
1773 2
72 7
1773 6
1773 2
72 4
1773 2
72 2
1773 2
1773 2
72 2
1773 2
72 7
1773 6
1773 2
72 4
1773 2
72 2
1773 2
1773 2
72 2
1773 2
72 7
1773 6
1773 2
72 4
1773 2
72 2
1773 2
1773 2
72 2
1773 2
72 7
1157 6
1157 2
72 4
1157 2
72 2
1157 2
1157 2
72 2
1157 2
72 7
1157 6
1157 2
72 4
1157 2
72 2
1157 2
1157 2
72 2
1157 2
72 7
1000 6
1000 2
72 4
1000 2
72 2
1000 2
1000 2
72 2
1000 2
72 7
1012 6
1012 2
72 4
1012 2
72 2
1012 2
1012 2
72 2
1012 2
72 7
1773 6
1773 2
72 4
1773 2
72 2
1773 2
1773 2
72 2
1773 2
72 7
1773 6
1773 2
72 4
1773 2
72 2
1773 2
1773 2
72 2
1773 2
72 7
1773 6
1773 2
72 4
1773 2
72 2
1773 2
1773 2
72 2
1773 2
72 7
1773 6
1773 2
72 4
1773 2
72 2
1773 2
1773 2
72 2
1773 2
72 7
1157 6
1157 2
72 4
1157 2
72 2
1157 2
1157 2
72 2
1157 2
72 7
1157 6
1157 2
72 4
1157 2
72 2
1157 2
1157 2
72 2
1157 2
72 7
1000 6
1000 2
72 4
1000 2
72 2
1000 2
1000 2
72 2
1000 2
72 7
1012 6
1012 2
72 4
1012 2
72 2
1012 2
1012 2
72 2
1012 2
72 7
1773 6
1773 2
72 4
1773 2
72 2
1773 2
1773 2
72 2
1773 2
72 7
1773 6
1773 2
72 4
1773 2
72 2
1773 2
1773 2
72 2
1773 2
72 7
1773 6
1773 2
72 4
1773 2
72 2
1773 2
1773 2
72 2
1773 2
72 7
1773 6
1773 2
72 4
1773 2
72 2
1773 2
1773 2
72 2
1773 2
72 7
1157 6
1157 2
72 4
1157 2
72 2
1157 2
1157 2
72 2
1157 2
72 7
1157 6
1157 2
72 4
1157 2
72 2
1157 2
1157 2
72 2
1157 2
72 7
1000 6
1000 2
72 4
1000 2
72 2
1000 2
1000 2
72 2
1000 2
72 7
1012 6
1012 2
72 4
1012 2
72 2
1012 2
1012 2
72 2
1012 2
72 7
1773 6
1773 2
72 4
1773 2
72 2
1773 2
1773 2
72 2
1773 2
72 7
1773 6
1773 2
72 4
1773 2
72 2
1773 2
1773 2
72 2
1773 2
72 7
1773 6
1773 2
72 4
1773 2
72 2
1773 2
1773 2
72 2
1773 2
72 7
1773 6
1773 2
72 4
1773 2
72 2
1773 2
1773 2
72 2
1773 2
72 7
1157 6
1157 2
72 4
1157 2
72 2
1157 2
1157 2
72 2
1157 2
72 7
1157 6
1157 2
72 4
1157 2
72 2
1157 2
1157 2
72 2
1157 2
72 7
1000 6
1000 2
72 4
1000 2
72 2
1000 2
1000 2
72 2
1000 2
72 7
1012 6
1012 2
72 4
1012 2
72 2
1012 2
1012 2
72 2
1012 2
72 7
1773 6
1773 2
72 4
1773 2
72 2
1773 2
1773 2
72 2
1773 2
72 7
1773 6
1773 2
72 4
1773 2
72 2
1773 2
1773 2
72 2
1773 2
E
X
