minor
S
L
72 7
976 2
18 2
143 2
72 2
1576 2
72 2
605 2
72 2
616 2
18 2
605 2
72 2
1576 2
72 2
143 2
72 2
976 2
18 2
143 2
72 2
1576 2
72 2
605 2
72 2
616 2
18 2
605 2
72 2
1576 2
72 2
143 2
72 2
976 2
18 2
143 2
72 2
1576 2
72 2
605 2
72 2
616 2
18 2
605 2
72 2
1576 2
72 2
143 2
72 2
976 2
18 2
143 2
72 2
1576 2
72 2
605 2
72 2
616 2
18 2
605 2
72 2
1576 2
72 2
143 2
72 2
976 2
18 2
143 2
72 2
1576 2
72 2
605 2
72 2
616 2
18 2
605 2
72 2
1576 2
72 2
143 2
72 2
976 2
18 2
143 2
72 2
1576 2
72 2
605 2
72 2
616 2
18 2
605 2
72 2
1576 2
72 2
143 2
72 2
976 2
18 2
143 2
72 2
1576 2
72 2
605 2
72 2
616 2
18 2
605 2
72 2
1576 2
72 2
143 2
72 2
976 2
18 2
143 2
72 2
1576 2
72 2
605 2
72 2
616 2
18 2
605 2
72 2
1576 2
72 2
143 2
72 2
976 2
18 2
143 2
72 2
1576 2
72 2
605 2
72 2
616 2
18 2
605 2
72 2
1576 2
72 2
143 2
72 2
976 2
18 2
143 2
72 2
1576 2
72 2
605 2
72 2
616 2
18 2
605 2
72 2
1576 2
72 2
143 2
72 2
976 2
18 2
143 2
72 2
1576 2
72 2
605 2
72 2
616 2
18 2
605 2
72 2
1576 2
72 2
143 2
72 2
976 2
18 2
143 2
72 2
1576 2
72 2
605 2
72 2
616 2
18 2
605 2
72 2
1576 2
72 2
143 2
72 2
976 2
18 2
143 2
72 2
1576 2
72 2
605 2
72 2
616 2
18 2
605 2
72 2
1576 2
72 2
143 2
72 2
976 2
18 2
143 2
72 2
1576 2
72 2
605 2
72 2
616 2
18 2
605 2
72 2
1576 2
72 2
143 2
72 2
976 2
18 2
143 2
72 2
1576 2
72 2
605 2
72 2
616 2
18 2
605 2
72 2
1576 2
72 2
143 2
72 2
976 2
18 2
143 2
72 2
1576 2
72 2
605 2
72 2
616 2
18 2
605 2
72 2
1576 2
72 2
143 2
72 2
976 2
18 2
143 2
72 2
1576 2
72 2
605 2
72 2
616 2
18 2
605 2
72 2
1576 2
72 2
143 2
72 2
976 2
18 2
143 2
72 2
1576 2
72 2
605 2
72 2
616 2
18 2
605 2
72 2
1576 2
72 2
143 2
72 2
976 2
18 2
143 2
72 2
1576 2
72 2
605 2
72 2
616 2
18 2
605 2
72 2
1576 2
72 2
143 2
72 2
976 2
18 2
143 2
72 2
1576 2
72 2
605 2
72 2
616 2
18 2
605 2
72 2
1576 2
72 2
143 2
72 2
976 2
18 2
143 2
72 2
1576 2
72 2
605 2
72 2
616 2
18 2
605 2
72 2
1576 2
72 2
143 2
72 2
976 2
18 2
143 2
72 2
1576 2
72 2
605 2
72 2
616 2
18 2
605 2
72 2
1576 2
72 2
143 2
72 2
976 2
18 2
143 2
72 2
1576 2
72 2
605 2
72 2
616 2
18 2
605 2
72 2
1576 2
72 2
143 2
72 2
976 2
18 2
143 2
72 2
1576 2
72 2
605 2
72 2
616 2
18 2
605 2
72 2
1576 2
72 2
143 2
72 2
976 2
18 2
143 2
72 2
1576 2
72 2
605 2
72 2
616 2
18 2
605 2
72 2
1576 2
72 2
143 2
72 2
976 2
18 2
143 2
72 2
1576 2
72 2
605 2
72 2
616 2
18 2
605 2
72 2
1576 2
72 2
143 2
72 2
976 2
18 2
143 2
72 2
1576 2
72 2
605 2
72 2
616 2
18 2
605 2
72 2
1576 2
72 2
143 2
72 2
976 2
18 2
143 2
72 2
1576 2
72 2
605 2
72 2
616 2
18 2
605 2
72 2
1576 2
72 2
143 2
72 2
976 2
18 2
143 2
72 2
1576 2
72 2
605 2
72 2
616 2
18 2
605 2
72 2
1576 2
72 2
143 2
72 2
976 2
18 2
143 2
72 2
1576 2
72 2
605 2
72 2
616 2
18 2
605 2
72 2
1576 2
72 2
143 2
72 2
976 2
18 2
143 2
72 2
1576 2
72 2
605 2
72 2
616 2
18 2
605 2
72 2
1576 2
72 2
143 2
72 2
976 2
18 2
143 2
72 2
1576 2
72 2
605 2
72 2
616 2
18 2
605 2
72 2
1576 2
72 2
143 2
E
S
H
72 7
53 2
53 2
52 2
72 2
50 2
72 2
48 2
72 2
48 2
72 4
50 6
72 2
48 2
50 2
50 2
52 2
72 2
53 2
72 2
55 2
72 2
57 2
72 4
55 7
72 2
53 2
53 2
52 2
72 2
50 2
72 2
48 2
72 2
48 2
72 4
50 6
72 2
48 2
50 2
50 2
52 2
72 2
53 2
72 2
55 2
72 2
57 2
72 4
60 6
57 4
55 2
72 2
55 2
72 2
57 4
48 7
50 4
53 4
55 7
57 2
72 2
60 4
57 2
72 2
55 4
57 9
72 4
57 2
72 2
60 4
57 2
72 2
60 4
62 8
72 2
60 4
57 2
72 2
57 4
55 2
72 2
55 4
57 8
72 2
53 2
53 2
52 2
72 2
50 2
72 2
48 2
72 2
48 2
72 4
50 6
72 2
48 2
50 2
50 2
52 2
72 2
53 2
72 2
55 2
72 2
57 2
72 4
55 7
72 2
53 2
53 2
52 2
72 2
50 2
72 2
48 2
72 2
48 2
72 4
50 6
72 2
48 2
50 2
50 2
52 2
72 2
53 2
72 2
55 2
72 2
57 2
72 4
60 6
57 4
55 2
72 2
55 2
72 2
57 4
48 7
50 4
53 4
55 7
57 2
72 2
60 4
57 2
72 2
55 4
57 9
72 4
57 2
72 2
60 4
57 2
72 2
60 4
62 8
72 2
64 4
60 2
72 2
60 4
55 2
72 2
57 4
52 8
72 2
53 2
53 2
52 2
72 2
50 2
72 2
48 2
72 2
48 2
72 4
50 6
72 2
48 2
50 2
50 2
52 2
72 2
53 2
72 2
55 2
72 2
57 2
72 4
55 7
72 2
53 2
53 2
52 2
72 2
50 2
72 2
48 2
72 2
48 2
72 4
50 6
72 2
48 2
50 2
50 2
52 2
72 2
53 2
72 2
55 2
72 2
57 2
72 4
60 6
57 4
55 2
72 2
55 2
72 2
57 4
48 7
50 4
53 4
55 7
57 2
72 2
60 4
57 2
72 2
55 4
57 9
72 4
57 2
72 2
60 4
57 2
72 2
60 4
62 8
72 2
60 4
57 2
72 2
57 4
55 2
72 2
55 4
57 8
72 2
53 2
53 2
52 2
72 2
50 2
72 2
48 2
72 2
48 2
72 4
50 6
72 2
48 2
50 2
50 2
52 2
72 2
53 2
72 2
55 2
72 2
57 2
72 4
55 7
72 2
53 2
53 2
52 2
72 2
50 2
72 2
48 2
72 2
48 2
72 4
50 6
72 2
48 2
50 2
50 2
52 2
72 2
53 2
72 2
55 2
72 2
57 2
72 4
60 6
57 4
55 2
72 2
55 2
72 2
57 4
48 7
50 4
53 4
55 7
57 2
72 2
60 4
57 2
72 2
55 4
57 9
72 4
57 2
72 2
60 4
57 2
72 2
60 4
62 8
72 2
64 4
60 2
72 2
60 4
55 2
72 2
57 4
52 8
E
S
L
72 7
29 2
29 2
28 2
72 2
26 2
72 2
24 2
72 2
24 2
72 4
26 6
72 2
24 2
26 2
26 2
28 2
72 2
29 2
72 2
31 2
72 2
33 2
72 4
31 7
72 2
29 2
29 2
28 2
72 2
26 2
72 2
24 2
72 2
24 2
72 4
26 6
72 2
24 2
26 2
26 2
28 2
72 2
29 2
72 2
31 2
72 2
33 2
72 4
36 6
33 4
31 2
72 2
31 2
72 2
33 4
24 7
26 4
29 4
31 7
33 2
72 2
36 4
33 2
72 2
31 4
33 9
72 4
33 2
72 2
36 4
33 2
72 2
36 4
38 8
72 2
36 4
33 2
72 2
33 4
31 2
72 2
31 4
33 8
72 2
29 2
29 2
28 2
72 2
26 2
72 2
24 2
72 2
24 2
72 4
26 6
72 2
24 2
26 2
26 2
28 2
72 2
29 2
72 2
31 2
72 2
33 2
72 4
31 7
72 2
29 2
29 2
28 2
72 2
26 2
72 2
24 2
72 2
24 2
72 4
26 6
72 2
24 2
26 2
26 2
28 2
72 2
29 2
72 2
31 2
72 2
33 2
72 4
36 6
33 4
31 2
72 2
31 2
72 2
33 4
24 7
26 4
29 4
31 7
33 2
72 2
36 4
33 2
72 2
31 4
33 9
72 4
33 2
72 2
36 4
33 2
72 2
36 4
38 8
72 2
40 4
36 2
72 2
36 4
31 2
72 2
33 4
28 8
72 2
29 2
29 2
28 2
72 2
26 2
72 2
24 2
72 2
24 2
72 4
26 6
72 2
24 2
26 2
26 2
28 2
72 2
29 2
72 2
31 2
72 2
33 2
72 4
31 7
72 2
29 2
29 2
28 2
72 2
26 2
72 2
24 2
72 2
24 2
72 4
26 6
72 2
24 2
26 2
26 2
28 2
72 2
29 2
72 2
31 2
72 2
33 2
72 4
36 6
33 4
31 2
72 2
31 2
72 2
33 4
24 7
26 4
29 4
31 7
33 2
72 2
36 4
33 2
72 2
31 4
33 9
72 4
33 2
72 2
36 4
33 2
72 2
36 4
38 8
72 2
36 4
33 2
72 2
33 4
31 2
72 2
31 4
33 8
72 2
29 2
29 2
28 2
72 2
26 2
72 2
24 2
72 2
24 2
72 4
26 6
72 2
24 2
26 2
26 2
28 2
72 2
29 2
72 2
31 2
72 2
33 2
72 4
31 7
72 2
29 2
29 2
28 2
72 2
26 2
72 2
24 2
72 2
24 2
72 4
26 6
72 2
24 2
26 2
26 2
28 2
72 2
29 2
72 2
31 2
72 2
33 2
72 4
36 6
33 4
31 2
72 2
31 2
72 2
33 4
24 7
26 4
29 4
31 7
33 2
72 2
36 4
33 2
72 2
31 4
33 9
72 4
33 2
72 2
36 4
33 2
72 2
36 4
38 8
72 2
40 4
36 2
72 2
36 4
31 2
72 2
33 4
28 8
E
S
H
72 7
53 2
53 2
52 2
72 2
50 2
72 2
48 2
72 2
48 2
72 4
50 6
72 2
48 2
50 2
50 2
52 2
72 2
53 2
72 2
55 2
72 2
57 2
72 4
55 7
72 2
53 2
53 2
52 2
72 2
50 2
72 2
48 2
72 2
48 2
72 4
50 6
72 2
48 2
50 2
50 2
52 2
72 2
53 2
72 2
55 2
72 2
57 2
72 4
60 6
57 4
55 2
72 2
55 2
72 2
57 4
48 7
50 4
53 4
55 7
57 2
72 2
60 4
57 2
72 2
55 4
57 9
72 4
57 2
72 2
60 4
57 2
72 2
60 4
62 8
72 2
60 4
57 2
72 2
57 4
55 2
72 2
55 4
57 8
72 2
53 2
53 2
52 2
72 2
50 2
72 2
48 2
72 2
48 2
72 4
50 6
72 2
48 2
50 2
50 2
52 2
72 2
53 2
72 2
55 2
72 2
57 2
72 4
55 7
72 2
53 2
53 2
52 2
72 2
50 2
72 2
48 2
72 2
48 2
72 4
50 6
72 2
48 2
50 2
50 2
52 2
72 2
53 2
72 2
55 2
72 2
57 2
72 4
60 6
57 4
55 2
72 2
55 2
72 2
57 4
48 7
50 4
53 4
55 7
57 2
72 2
60 4
57 2
72 2
55 4
57 9
72 4
57 2
72 2
60 4
57 2
72 2
60 4
62 8
72 2
64 4
60 2
72 2
60 4
55 2
72 2
57 4
52 8
72 2
53 2
53 2
52 2
72 2
50 2
72 2
48 2
72 2
48 2
72 4
50 6
72 2
48 2
50 2
50 2
52 2
72 2
53 2
72 2
55 2
72 2
57 2
72 4
55 7
72 2
53 2
53 2
52 2
72 2
50 2
72 2
48 2
72 2
48 2
72 4
50 6
72 2
48 2
50 2
50 2
52 2
72 2
53 2
72 2
55 2
72 2
57 2
72 4
60 6
57 4
55 2
72 2
55 2
72 2
57 4
48 7
50 4
53 4
55 7
57 2
72 2
60 4
57 2
72 2
55 4
57 9
72 4
57 2
72 2
60 4
57 2
72 2
60 4
62 8
72 2
60 4
57 2
72 2
57 4
55 2
72 2
55 4
57 8
72 2
53 2
53 2
52 2
72 2
50 2
72 2
48 2
72 2
48 2
72 4
50 6
72 2
48 2
50 2
50 2
52 2
72 2
53 2
72 2
55 2
72 2
57 2
72 4
55 7
72 2
53 2
53 2
52 2
72 2
50 2
72 2
48 2
72 2
48 2
72 4
50 6
72 2
48 2
50 2
50 2
52 2
72 2
53 2
72 2
55 2
72 2
57 2
72 4
60 6
57 4
55 2
72 2
55 2
72 2
57 4
48 7
50 4
53 4
55 7
57 2
72 2
60 4
57 2
72 2
55 4
57 9
72 4
57 2
72 2
60 4
57 2
72 2
60 4
62 8
72 2
64 4
60 2
72 2
60 4
55 2
72 2
57 4
52 8
E
S
L
72 7
14 4
14 4
17 4
14 4
14 4
17 4
12 4
13 4
14 4
14 4
17 4
14 4
14 4
17 4
14 4
13 4
12 4
12 4
16 4
12 4
12 4
16 4
10 4
11 4
12 4
12 4
16 4
12 4
12 4
16 4
12 4
11 4
10 4
10 4
14 4
10 4
10 4
14 4
10 4
11 4
12 4
12 4
16 4
12 4
12 4
16 4
12 4
13 4
14 4
14 4
17 4
14 4
14 4
17 4
14 4
15 4
16 4
16 4
19 4
15 4
16 4
21 4
12 4
13 4
14 4
14 4
17 4
14 4
14 4
17 4
12 4
13 4
14 4
14 4
17 4
14 4
14 4
17 4
14 4
13 4
12 4
12 4
16 4
12 4
12 4
16 4
10 4
11 4
12 4
12 4
16 4
12 4
12 4
16 4
12 4
11 4
10 4
10 4
14 4
10 4
10 4
14 4
10 4
11 4
12 4
12 4
16 4
12 4
12 4
16 4
12 4
13 4
14 4
14 4
17 4
14 4
14 4
17 4
14 4
15 4
16 4
16 4
19 4
15 4
16 4
21 4
12 4
13 4
14 4
14 4
17 4
14 4
14 4
17 4
12 4
13 4
14 4
14 4
17 4
14 4
14 4
17 4
14 4
13 4
12 4
12 4
16 4
12 4
12 4
16 4
10 4
11 4
12 4
12 4
16 4
12 4
12 4
16 4
12 4
11 4
10 4
10 4
14 4
10 4
10 4
14 4
10 4
11 4
12 4
12 4
16 4
12 4
12 4
16 4
12 4
13 4
14 4
14 4
17 4
14 4
14 4
17 4
14 4
15 4
16 4
16 4
19 4
15 4
16 4
21 4
12 4
13 4
14 4
14 4
17 4
14 4
14 4
17 4
12 4
13 4
14 4
14 4
17 4
14 4
14 4
17 4
14 4
13 4
12 4
12 4
16 4
12 4
12 4
16 4
10 4
11 4
12 4
12 4
16 4
12 4
12 4
16 4
12 4
11 4
10 4
10 4
14 4
10 4
10 4
14 4
10 4
11 4
12 4
12 4
16 4
12 4
12 4
16 4
12 4
13 4
14 4
14 4
17 4
14 4
14 4
17 4
14 4
15 4
16 4
16 4
19 4
15 4
16 4
21 4
12 4
13 4
E
S
L
72 7
14 4
14 4
17 4
14 4
14 4
17 4
12 4
13 4
14 4
14 4
17 4
14 4
14 4
17 4
14 4
13 4
12 4
12 4
16 4
12 4
12 4
16 4
10 4
11 4
12 4
12 4
16 4
12 4
12 4
16 4
12 4
11 4
10 4
10 4
14 4
10 4
10 4
14 4
10 4
11 4
12 4
12 4
16 4
12 4
12 4
16 4
12 4
13 4
14 4
14 4
17 4
14 4
14 4
17 4
14 4
15 4
16 4
16 4
19 4
15 4
16 4
21 4
12 4
13 4
14 4
14 4
17 4
14 4
14 4
17 4
12 4
13 4
14 4
14 4
17 4
14 4
14 4
17 4
14 4
13 4
12 4
12 4
16 4
12 4
12 4
16 4
10 4
11 4
12 4
12 4
16 4
12 4
12 4
16 4
12 4
11 4
10 4
10 4
14 4
10 4
10 4
14 4
10 4
11 4
12 4
12 4
16 4
12 4
12 4
16 4
12 4
13 4
14 4
14 4
17 4
14 4
14 4
17 4
14 4
15 4
16 4
16 4
19 4
15 4
16 4
21 4
12 4
13 4
14 4
14 4
17 4
14 4
14 4
17 4
12 4
13 4
14 4
14 4
17 4
14 4
14 4
17 4
14 4
13 4
12 4
12 4
16 4
12 4
12 4
16 4
10 4
11 4
12 4
12 4
16 4
12 4
12 4
16 4
12 4
11 4
10 4
10 4
14 4
10 4
10 4
14 4
10 4
11 4
12 4
12 4
16 4
12 4
12 4
16 4
12 4
13 4
14 4
14 4
17 4
14 4
14 4
17 4
14 4
15 4
16 4
16 4
19 4
15 4
16 4
21 4
12 4
13 4
14 4
14 4
17 4
14 4
14 4
17 4
12 4
13 4
14 4
14 4
17 4
14 4
14 4
17 4
14 4
13 4
12 4
12 4
16 4
12 4
12 4
16 4
10 4
11 4
12 4
12 4
16 4
12 4
12 4
16 4
12 4
11 4
10 4
10 4
14 4
10 4
10 4
14 4
10 4
11 4
12 4
12 4
16 4
12 4
12 4
16 4
12 4
13 4
14 4
14 4
17 4
14 4
14 4
17 4
14 4
15 4
16 4
16 4
19 4
15 4
16 4
21 4
12 4
13 4
E
S
H
72 7
127 2
72 8
127 2
72 11
127 2
72 8
127 2
72 8
127 2
127 2
127 2
127 2
101 2
72 8
101 2
72 11
101 2
72 8
101 2
72 8
101 2
101 2
101 2
101 2
231 2
72 8
231 2
72 6
231 2
72 2
231 2
72 8
101 2
72 6
101 2
72 6
101 2
72 2
101 2
72 2
114 2
72 2
127 2
72 8
127 2
72 11
153 2
72 8
153 2
72 8
218 2
218 2
218 2
218 2
127 2
72 8
127 2
72 11
127 2
72 8
127 2
72 8
127 2
127 2
127 2
127 2
101 2
72 8
101 2
72 11
101 2
72 8
101 2
72 8
101 2
101 2
101 2
101 2
231 2
72 8
231 2
72 6
231 2
72 2
231 2
72 8
101 2
72 6
101 2
72 6
101 2
72 2
101 2
72 2
114 2
72 2
127 2
72 8
127 2
72 11
153 2
72 8
153 2
72 8
218 2
218 2
218 2
218 2
127 2
72 8
127 2
72 11
127 2
72 8
127 2
72 8
127 2
127 2
127 2
127 2
101 2
72 8
101 2
72 11
101 2
72 8
101 2
72 8
101 2
101 2
101 2
101 2
231 2
72 8
231 2
72 6
231 2
72 2
231 2
72 8
101 2
72 6
101 2
72 6
101 2
72 2
101 2
72 2
114 2
72 2
127 2
72 8
127 2
72 11
153 2
72 8
153 2
72 8
218 2
218 2
218 2
218 2
127 2
72 8
127 2
72 11
127 2
72 8
127 2
72 8
127 2
127 2
127 2
127 2
101 2
72 8
101 2
72 11
101 2
72 8
101 2
72 8
101 2
101 2
101 2
101 2
231 2
72 8
231 2
72 6
231 2
72 2
231 2
72 8
101 2
72 6
101 2
72 6
101 2
72 2
101 2
72 2
114 2
72 2
127 2
72 8
127 2
72 11
153 2
72 8
153 2
72 8
218 2
218 2
218 2
218 2
E
S
H
72 7
41 2
41 2
40 2
72 2
38 2
72 2
36 2
72 2
36 2
72 4
38 6
72 2
36 2
38 2
38 2
40 2
72 2
41 2
72 2
43 2
72 2
45 2
72 4
43 7
72 2
41 2
41 2
40 2
72 2
38 2
72 2
36 2
72 2
36 2
72 4
38 6
72 2
36 2
38 2
38 2
40 2
72 2
41 2
72 2
43 2
72 2
45 2
72 4
48 6
45 4
43 2
72 2
43 2
72 2
45 4
36 7
38 4
41 4
43 7
45 2
72 2
48 4
45 2
72 2
43 4
45 9
72 4
45 2
72 2
48 4
45 2
72 2
48 4
50 8
72 2
48 4
45 2
72 2
45 4
43 2
72 2
43 4
45 8
72 2
41 2
41 2
40 2
72 2
38 2
72 2
36 2
72 2
36 2
72 4
38 6
72 2
36 2
38 2
38 2
40 2
72 2
41 2
72 2
43 2
72 2
45 2
72 4
43 7
72 2
41 2
41 2
40 2
72 2
38 2
72 2
36 2
72 2
36 2
72 4
38 6
72 2
36 2
38 2
38 2
40 2
72 2
41 2
72 2
43 2
72 2
45 2
72 4
48 6
45 4
43 2
72 2
43 2
72 2
45 4
36 7
38 4
41 4
43 7
45 2
72 2
48 4
45 2
72 2
43 4
45 9
72 4
45 2
72 2
48 4
45 2
72 2
48 4
50 8
72 2
52 4
48 2
72 2
48 4
43 2
72 2
45 4
40 8
72 2
41 2
41 2
40 2
72 2
38 2
72 2
36 2
72 2
36 2
72 4
38 6
72 2
36 2
38 2
38 2
40 2
72 2
41 2
72 2
43 2
72 2
45 2
72 4
43 7
72 2
41 2
41 2
40 2
72 2
38 2
72 2
36 2
72 2
36 2
72 4
38 6
72 2
36 2
38 2
38 2
40 2
72 2
41 2
72 2
43 2
72 2
45 2
72 4
48 6
45 4
43 2
72 2
43 2
72 2
45 4
36 7
38 4
41 4
43 7
45 2
72 2
48 4
45 2
72 2
43 4
45 9
72 4
45 2
72 2
48 4
45 2
72 2
48 4
50 8
72 2
48 4
45 2
72 2
45 4
43 2
72 2
43 4
45 8
72 2
41 2
41 2
40 2
72 2
38 2
72 2
36 2
72 2
36 2
72 4
38 6
72 2
36 2
38 2
38 2
40 2
72 2
41 2
72 2
43 2
72 2
45 2
72 4
43 7
72 2
41 2
41 2
40 2
72 2
38 2
72 2
36 2
72 2
36 2
72 4
38 6
72 2
36 2
38 2
38 2
40 2
72 2
41 2
72 2
43 2
72 2
45 2
72 4
48 6
45 4
43 2
72 2
43 2
72 2
45 4
36 7
38 4
41 4
43 7
45 2
72 2
48 4
45 2
72 2
43 4
45 9
72 4
45 2
72 2
48 4
45 2
72 2
48 4
50 8
72 2
52 4
48 2
72 2
48 4
43 2
72 2
45 4
40 8
E
S
H
72 7
127 2
72 8
127 2
72 11
127 2
72 8
127 2
72 8
127 2
127 2
127 2
127 2
101 2
72 8
101 2
72 11
101 2
72 8
101 2
72 8
101 2
101 2
101 2
101 2
231 2
72 8
231 2
72 6
231 2
72 2
231 2
72 8
101 2
72 6
101 2
72 6
101 2
72 2
101 2
72 2
114 2
72 2
127 2
72 8
127 2
72 11
153 2
72 8
153 2
72 8
218 2
218 2
218 2
218 2
127 2
72 8
127 2
72 11
127 2
72 8
127 2
72 8
127 2
127 2
127 2
127 2
101 2
72 8
101 2
72 11
101 2
72 8
101 2
72 8
101 2
101 2
101 2
101 2
231 2
72 8
231 2
72 6
231 2
72 2
231 2
72 8
101 2
72 6
101 2
72 6
101 2
72 2
101 2
72 2
114 2
72 2
127 2
72 8
127 2
72 11
153 2
72 8
153 2
72 8
218 2
218 2
218 2
218 2
127 2
72 8
127 2
72 11
127 2
72 8
127 2
72 8
127 2
127 2
127 2
127 2
101 2
72 8
101 2
72 11
101 2
72 8
101 2
72 8
101 2
101 2
101 2
101 2
231 2
72 8
231 2
72 6
231 2
72 2
231 2
72 8
101 2
72 6
101 2
72 6
101 2
72 2
101 2
72 2
114 2
72 2
127 2
72 8
127 2
72 11
153 2
72 8
153 2
72 8
218 2
218 2
218 2
218 2
127 2
72 8
127 2
72 11
127 2
72 8
127 2
72 8
127 2
127 2
127 2
127 2
101 2
72 8
101 2
72 11
101 2
72 8
101 2
72 8
101 2
101 2
101 2
101 2
231 2
72 8
231 2
72 6
231 2
72 2
231 2
72 8
101 2
72 6
101 2
72 6
101 2
72 2
101 2
72 2
114 2
72 2
127 2
72 8
127 2
72 11
153 2
72 8
153 2
72 8
218 2
218 2
218 2
218 2
E
X
