major
S
H
72 14
72 14
72 14
72 14
72 11
72 11
72 11
72 11
72 11
72 11
72 7
49 4
51 4
53 4
51 4
53 4
55 4
56 4
60 4
58 4
60 4
56 4
58 2
56 2
55 4
53 9
72 7
72 11
72 14
72 13
61 4
60 4
58 4
56 4
55 4
53 4
51 13
51 4
53 4
55 4
51 4
53 9
55 9
56 12
56 7
55 4
53 4
51 13
58 4
56 4
55 4
51 4
53 9
55 9
56 9
55 9
56 7
58 7
241 13
123 4
241 4
227 4
241 4
123 9
148 9
150 12
150 7
148 4
123 4
241 13
123 4
241 4
227 4
241 4
46 4
47 2
72 2
51 2
72 2
49 4
47 2
72 2
46 2
72 2
44 4
47 2
72 2
56 2
72 2
54 4
52 2
72 2
51 2
72 2
44 4
54 2
72 2
56 2
72 2
58 2
72 2
72 11
72 11
72 11
72 11
72 11
72 11
72 7
49 4
51 4
53 4
51 4
53 4
55 4
56 4
60 4
58 4
60 4
56 4
58 2
56 2
55 4
53 9
72 7
72 11
72 14
72 13
61 4
60 4
58 4
56 4
55 4
53 4
51 13
51 4
53 4
55 4
51 4
53 9
55 9
56 12
56 7
55 4
53 4
51 13
58 4
56 4
55 4
51 4
53 9
55 9
56 9
55 9
56 7
58 7
241 13
123 4
241 4
227 4
241 4
123 9
148 9
150 12
150 7
148 4
123 4
241 13
123 4
241 4
227 4
241 4
46 4
47 2
72 2
51 2
72 2
49 4
47 2
72 2
46 2
72 2
44 4
47 2
72 2
56 2
72 2
54 4
52 2
72 2
51 2
72 2
44 4
54 2
72 2
56 2
72 2
58 2
72 2
205 7
E
S
H
72 14
72 14
72 14
72 14
72 11
72 11
72 11
72 11
72 11
72 11
72 7
49 4
51 4
53 4
51 4
53 4
55 4
56 4
60 4
58 4
60 4
56 4
58 2
56 2
55 4
53 9
72 7
72 11
72 14
49 7
53 2
72 2
51 7
55 2
72 2
53 7
72 7
49 4
48 4
46 4
44 4
55 4
53 4
51 13
51 4
53 4
55 4
51 4
53 9
55 9
56 12
56 7
55 4
53 4
51 13
58 4
56 4
55 4
51 4
53 9
55 9
56 9
55 9
56 7
58 7
72 14
72 14
72 14
46 4
47 2
72 2
51 2
72 2
49 4
47 2
72 2
46 2
72 2
44 4
47 2
72 2
56 2
72 2
54 4
52 2
72 2
51 2
72 2
44 4
54 2
72 2
56 2
72 2
58 2
72 2
72 11
72 11
72 11
72 11
72 11
72 11
72 7
49 4
51 4
53 4
51 4
53 4
55 4
56 4
60 4
58 4
60 4
56 4
58 2
56 2
55 4
53 9
72 7
72 11
72 14
49 7
53 2
72 2
51 7
55 2
72 2
53 7
72 7
49 4
48 4
46 4
44 4
55 4
53 4
51 13
51 4
53 4
55 4
51 4
53 9
55 9
56 12
56 7
55 4
53 4
51 13
58 4
56 4
55 4
51 4
53 9
55 9
56 9
55 9
56 7
58 7
72 14
72 14
72 14
46 4
47 2
72 2
51 2
72 2
49 4
47 2
72 2
46 2
72 2
44 4
47 2
72 2
56 2
72 2
54 4
52 2
72 2
51 2
72 2
44 4
54 2
72 2
56 2
72 2
58 2
72 2
56 7
E
S
H
72 14
72 14
72 14
41 9
43 9
44 9
46 9
48 7
49 7
51 4
72 4
51 4
72 4
49 4
72 4
49 4
48 11
46 11
49 4
72 4
49 4
51 4
72 4
51 4
53 7
72 7
49 4
51 4
53 4
51 4
53 4
55 4
56 4
60 4
58 4
60 4
56 4
58 2
56 2
55 4
53 9
72 7
72 11
53 9
51 9
49 9
48 11
49 7
53 2
72 2
51 7
55 2
72 2
53 7
72 7
49 4
48 4
46 4
44 4
43 4
41 4
39 13
39 4
41 4
43 4
39 4
41 9
43 9
44 12
44 7
43 4
41 4
39 13
46 4
44 4
43 4
39 4
41 9
43 9
44 9
43 9
44 7
46 7
47 13
49 4
47 4
46 4
47 4
49 9
51 9
52 12
52 7
51 4
49 4
47 13
49 4
47 4
46 4
47 4
42 4
44 2
72 2
47 2
72 2
46 4
44 2
72 2
42 2
72 2
40 4
44 2
72 2
52 2
72 2
51 4
49 2
72 2
47 2
72 2
40 4
51 2
72 2
52 2
72 2
54 2
72 2
51 4
72 4
51 4
72 4
49 4
72 4
49 4
48 11
46 11
49 4
72 4
49 4
51 4
72 4
51 4
53 7
72 7
49 4
51 4
53 4
51 4
53 4
55 4
56 4
60 4
58 4
60 4
56 4
58 2
56 2
55 4
53 9
72 7
72 11
53 9
51 9
49 9
48 11
49 7
53 2
72 2
51 7
55 2
72 2
53 7
72 7
49 4
48 4
46 4
44 4
43 4
41 4
39 13
39 4
41 4
43 4
39 4
41 9
43 9
44 12
44 7
43 4
41 4
39 13
46 4
44 4
43 4
39 4
41 9
43 9
44 9
43 9
44 7
46 7
47 13
49 4
47 4
46 4
47 4
49 9
51 9
52 12
52 7
51 4
49 4
47 13
49 4
47 4
46 4
47 4
42 4
44 2
72 2
47 2
72 2
46 4
44 2
72 2
42 2
72 2
40 4
44 2
72 2
52 2
72 2
51 4
49 2
72 2
47 2
72 2
40 4
51 2
72 2
52 2
72 2
54 2
72 2
56 7
E
S
L
17 4
72 7
17 4
72 7
17 4
72 7
17 4
72 7
17 4
19 4
20 4
25 4
24 4
72 7
17 4
72 7
17 4
72 7
17 4
72 7
17 4
19 4
20 4
25 4
24 4
72 7
17 4
72 7
17 4
72 7
17 4
72 7
17 4
19 4
20 4
25 4
29 9
29 9
27 9
27 9
27 7
25 7
20 4
72 4
20 4
72 4
19 4
72 4
19 4
17 11
27 11
22 4
72 4
22 4
24 4
72 4
24 4
25 12
27 7
27 7
20 4
72 4
20 4
72 4
19 4
72 4
19 4
17 11
27 11
22 9
24 9
25 9
27 11
29 9
27 9
25 7
72 13
24 4
72 4
24 4
24 4
72 4
24 4
24 4
72 4
24 4
24 4
72 4
24 4
24 7
24 7
25 4
72 4
25 4
25 4
72 4
25 4
25 4
72 4
25 4
25 4
72 4
25 4
25 7
25 7
24 4
72 4
24 4
24 4
72 4
24 4
24 4
72 4
24 4
24 4
72 4
24 4
24 7
24 7
25 9
24 9
22 9
20 9
19 7
17 7
16 14
18 14
16 14
30 9
28 9
27 9
25 9
23 7
18 7
20 4
72 4
20 4
72 4
19 4
72 4
19 4
17 11
27 11
22 4
72 4
22 4
24 4
72 4
24 4
25 12
27 7
27 7
20 4
72 4
20 4
72 4
19 4
72 4
19 4
17 11
27 11
22 9
24 9
25 9
27 11
29 9
27 9
25 7
72 13
24 4
72 4
24 4
24 4
72 4
24 4
24 4
72 4
24 4
24 4
72 4
24 4
24 7
24 7
25 4
72 4
25 4
25 4
72 4
25 4
25 4
72 4
25 4
25 4
72 4
25 4
25 7
25 7
24 4
72 4
24 4
24 4
72 4
24 4
24 4
72 4
24 4
24 4
72 4
24 4
24 7
24 7
25 9
24 9
22 9
20 9
19 7
17 7
16 14
18 14
16 14
30 9
28 9
27 9
25 9
23 7
18 7
20 7
E
S
L
32 4
72 4
32 4
32 4
72 4
32 4
32 4
72 4
32 4
32 4
72 4
32 4
31 7
29 7
32 4
72 4
32 4
32 4
72 4
32 4
32 4
72 4
32 4
32 4
72 4
32 4
31 7
29 7
32 4
72 4
32 4
32 4
72 4
32 4
32 4
72 4
32 4
32 4
72 4
32 4
31 7
29 7
36 9
39 9
37 9
43 9
44 7
44 7
39 4
72 4
39 4
72 4
37 4
72 4
37 4
36 11
34 11
37 4
72 4
37 4
39 4
72 4
39 4
41 12
32 7
37 7
39 4
72 4
39 4
72 4
37 4
72 4
37 4
36 11
34 11
37 9
36 9
32 9
31 11
32 9
31 9
37 7
72 7
46 4
44 4
43 4
41 4
39 4
37 4
36 13
36 4
37 4
39 4
36 4
37 9
39 9
41 12
41 7
39 4
37 4
36 13
43 4
41 4
39 4
36 4
37 9
39 9
41 9
39 9
41 7
43 7
72 14
72 13
35 7
35 3
35 3
72 1
39 3
40 13
72 11
34 9
35 9
37 9
35 9
34 7
32 7
39 4
72 4
39 4
72 4
37 4
72 4
37 4
36 11
34 11
37 4
72 4
37 4
39 4
72 4
39 4
41 12
32 7
37 7
39 4
72 4
39 4
72 4
37 4
72 4
37 4
36 11
34 11
37 9
36 9
32 9
31 11
32 9
31 9
37 7
72 7
46 4
44 4
43 4
41 4
39 4
37 4
36 13
36 4
37 4
39 4
36 4
37 9
39 9
41 12
41 7
39 4
37 4
36 13
43 4
41 4
39 4
36 4
37 9
39 9
41 9
39 9
41 7
43 7
72 14
72 13
35 7
35 3
35 3
39 3
40 13
72 11
34 9
35 9
37 9
35 9
34 7
32 7
32 7
E
S
H
36 4
72 4
36 4
36 4
72 4
36 4
36 4
72 4
36 4
36 4
72 4
36 4
37 7
39 7
36 4
72 4
36 4
36 4
72 4
36 4
36 4
72 4
36 4
36 4
72 4
36 4
39 7
37 7
36 4
72 4
36 4
36 4
72 4
36 4
36 4
72 4
36 4
36 4
72 4
36 4
37 7
39 7
36 9
36 9
37 9
37 9
39 7
39 7
44 4
72 4
44 4
72 4
43 4
72 4
43 4
39 11
39 11
41 4
72 4
41 4
43 4
72 4
43 4
44 12
37 7
43 7
44 4
72 4
44 4
72 4
43 4
72 4
43 4
39 11
39 11
34 9
36 9
37 9
39 11
41 9
39 9
37 7
72 13
39 4
72 4
39 4
41 4
72 4
41 4
43 4
72 4
43 4
41 4
72 4
41 4
39 7
36 7
41 4
72 4
41 4
43 4
72 4
43 4
44 4
72 4
44 4
43 4
72 4
43 4
41 7
37 7
39 4
72 4
39 4
41 4
72 4
41 4
43 4
72 4
43 4
41 4
72 4
41 4
39 7
36 7
32 9
34 9
36 9
34 9
37 7
37 7
72 14
72 13
32 7
32 3
35 3
72 1
34 3
35 13
72 11
227 9
201 9
176 9
150 9
148 7
123 7
44 4
72 4
44 4
72 4
43 4
72 4
43 4
39 11
39 11
41 4
72 4
41 4
43 4
72 4
43 4
44 12
37 7
43 7
44 4
72 4
44 4
72 4
43 4
72 4
43 4
39 11
39 11
34 9
36 9
37 9
39 11
41 9
39 9
37 7
72 13
39 4
72 4
39 4
41 4
72 4
41 4
43 4
72 4
43 4
41 4
72 4
41 4
39 7
36 7
41 4
72 4
41 4
43 4
72 4
43 4
44 4
72 4
44 4
43 4
72 4
43 4
41 7
37 7
39 4
72 4
39 4
41 4
72 4
41 4
43 4
72 4
43 4
41 4
72 4
41 4
39 7
36 7
32 9
34 9
36 9
34 9
37 7
37 7
72 14
72 13
32 7
32 3
35 3
34 3
35 13
72 11
227 9
201 9
176 9
150 9
148 7
123 7
148 7
E
S
L
36 4
72 4
36 4
36 4
72 4
36 4
36 4
72 4
36 4
36 4
72 4
36 4
37 7
39 7
36 4
72 4
36 4
36 4
72 4
36 4
36 4
72 4
36 4
36 4
72 4
36 4
39 7
37 7
36 4
72 4
36 4
36 4
72 4
36 4
36 4
72 4
36 4
36 4
72 4
36 4
37 7
39 7
36 9
36 9
37 9
37 9
39 7
39 7
72 11
72 11
72 11
72 11
72 11
72 11
72 11
72 11
32 4
72 4
32 4
72 4
31 4
72 4
31 4
29 11
27 11
34 9
32 9
29 9
31 11
29 9
31 9
32 7
72 13
24 4
72 4
24 4
24 4
72 4
24 4
24 4
72 4
24 4
24 4
72 4
24 4
24 7
24 7
25 4
72 4
25 4
25 4
72 4
25 4
25 4
72 4
25 4
25 4
72 4
25 4
25 7
25 7
24 4
72 4
24 4
24 4
72 4
24 4
24 4
72 4
24 4
24 4
72 4
24 4
24 7
24 7
32 9
34 9
36 9
34 9
37 7
37 7
28 14
30 14
28 14
30 9
28 9
27 9
37 9
35 7
30 7
72 11
72 11
72 11
72 11
72 11
72 11
72 11
72 11
32 4
72 4
32 4
72 4
31 4
72 4
31 4
29 11
27 11
34 9
32 9
29 9
31 11
29 9
31 9
32 7
72 13
24 4
72 4
24 4
24 4
72 4
24 4
24 4
72 4
24 4
24 4
72 4
24 4
24 7
24 7
25 4
72 4
25 4
25 4
72 4
25 4
25 4
72 4
25 4
25 4
72 4
25 4
25 7
25 7
24 4
72 4
24 4
24 4
72 4
24 4
24 4
72 4
24 4
24 4
72 4
24 4
24 7
24 7
32 9
34 9
36 9
34 9
37 7
37 7
28 14
30 14
28 14
30 9
28 9
27 9
37 9
35 7
30 7
32 7
E
S
H
72 14
72 7
106 3
106 3
106 3
106 11
106 11
224 7
106 7
197 9
195 4
169 13
72 14
39 4
72 4
39 4
72 4
37 4
72 4
37 4
36 11
36 11
37 4
72 4
37 4
39 4
72 4
39 4
41 12
37 7
39 7
39 4
72 4
39 4
72 4
37 4
72 4
37 4
36 11
36 11
37 9
36 9
32 9
31 11
32 9
31 9
32 7
72 7
46 4
44 4
43 4
41 4
39 4
37 4
36 13
36 4
37 4
39 4
36 4
37 9
39 9
41 12
41 7
39 4
37 4
36 13
43 4
41 4
39 4
36 4
37 9
39 9
41 9
39 9
41 7
43 7
72 14
72 13
157 7
241 3
148 3
72 1
183 3
208 13
72 11
34 9
35 9
37 9
35 9
34 7
32 7
39 4
72 4
39 4
72 4
37 4
72 4
37 4
36 11
36 11
37 4
72 4
37 4
39 4
72 4
39 4
41 12
37 7
39 7
39 4
72 4
39 4
72 4
37 4
72 4
37 4
36 11
36 11
37 9
36 9
32 9
31 11
32 9
31 9
32 7
72 7
46 4
44 4
43 4
41 4
39 4
37 4
36 13
36 4
37 4
39 4
36 4
37 9
39 9
41 12
41 7
39 4
37 4
36 13
43 4
41 4
39 4
36 4
37 9
39 9
41 9
39 9
41 7
43 7
72 14
72 13
157 7
241 3
148 3
183 3
208 13
72 11
34 9
35 9
37 9
35 9
34 7
32 7
39 7
E
S
H
72 14
72 7
48 3
48 3
48 3
48 13
46 7
48 7
44 9
43 4
41 13
72 14
44 4
46 4
48 4
51 4
49 4
48 4
49 4
48 2
72 2
46 2
72 2
44 9
44 4
46 4
48 4
46 2
72 2
44 2
72 2
39 2
72 2
41 4
48 2
72 2
48 2
72 2
46 4
44 2
72 2
43 2
72 2
41 11
41 4
43 4
44 4
43 4
44 4
46 4
48 4
51 4
49 4
48 4
49 4
48 2
72 2
46 2
72 2
44 9
44 4
46 4
48 4
46 2
72 2
44 2
72 2
39 2
72 2
41 4
48 2
72 2
48 2
72 2
46 4
44 2
72 2
43 2
72 2
41 4
49 2
72 2
49 2
72 2
48 4
46 2
72 2
44 2
72 2
43 2
72 2
41 7
44 2
72 2
43 7
46 2
72 2
44 7
72 13
39 13
39 4
41 4
43 4
39 4
41 9
43 9
44 12
44 7
43 4
41 4
39 13
46 4
44 4
43 4
39 4
41 9
43 9
44 9
43 9
44 7
46 7
47 2
72 2
47 2
72 2
47 2
72 2
47 2
72 2
47 2
72 2
47 2
72 2
47 2
72 13
49 2
72 2
49 2
72 2
49 2
72 2
49 2
72 2
49 2
72 2
49 2
72 2
49 2
72 13
47 2
72 2
47 2
72 2
47 2
72 2
47 2
72 2
47 2
72 2
47 2
72 2
47 2
72 13
46 9
44 9
42 9
40 9
44 7
46 7
48 4
51 4
49 4
48 4
49 4
48 2
72 2
46 2
72 2
44 9
44 4
46 4
48 4
46 2
72 2
44 2
72 2
39 2
72 2
41 4
48 2
72 2
48 2
72 2
46 4
44 2
72 2
43 2
72 2
41 11
41 4
43 4
44 4
43 4
44 4
46 4
48 4
51 4
49 4
48 4
49 4
48 2
72 2
46 2
72 2
44 9
44 4
46 4
48 4
46 2
72 2
44 2
72 2
39 2
72 2
41 4
48 2
72 2
48 2
72 2
46 4
44 2
72 2
43 2
72 2
41 4
49 2
72 2
49 2
72 2
48 4
46 2
72 2
44 2
72 2
43 2
72 2
41 7
44 2
72 2
43 7
46 2
72 2
44 7
72 13
39 13
39 4
41 4
43 4
39 4
41 9
43 9
44 12
44 7
43 4
41 4
39 13
46 4
44 4
43 4
39 4
41 9
43 9
44 9
43 9
44 7
46 7
47 2
72 2
47 2
72 2
47 2
72 2
47 2
72 2
47 2
72 2
47 2
72 2
47 2
72 13
49 2
72 2
49 2
72 2
49 2
72 2
49 2
72 2
49 2
72 2
49 2
72 2
49 2
72 13
47 2
72 2
47 2
72 2
47 2
72 2
47 2
72 2
47 2
72 2
47 2
72 2
47 2
72 13
46 9
44 9
42 9
40 9
44 7
46 7
47 7
E
S
H
72 14
72 7
41 3
41 3
41 3
41 13
39 7
41 7
36 9
34 4
32 13
72 14
44 4
46 4
48 4
51 4
49 4
48 4
49 4
48 2
72 2
46 2
72 2
44 9
44 4
46 4
48 4
46 2
72 2
44 2
72 2
39 2
72 2
41 4
48 2
72 2
48 2
72 2
46 4
44 2
72 2
43 2
72 2
41 11
41 4
43 4
44 4
43 4
44 4
46 4
48 4
51 4
49 4
48 4
49 4
48 2
72 2
46 2
72 2
44 9
44 4
46 4
48 4
46 2
72 2
44 2
72 2
39 2
72 2
41 4
48 2
72 2
48 2
72 2
46 4
44 2
72 2
43 2
72 2
41 4
49 2
72 2
49 2
72 2
48 4
46 2
72 2
44 2
72 2
43 2
72 2
41 7
44 2
72 2
43 7
46 2
72 2
44 7
72 13
188 4
72 4
188 4
202 4
72 4
202 4
228 4
72 4
228 4
202 4
72 4
202 4
188 7
137 7
202 4
72 4
202 4
228 4
72 4
228 4
109 4
72 4
109 4
228 4
72 4
228 4
202 7
162 7
188 4
72 4
188 4
202 4
72 4
202 4
228 4
72 4
228 4
202 4
72 4
202 4
188 7
137 7
121 9
147 9
161 9
147 9
198 7
162 7
40 2
72 2
40 2
72 2
40 2
72 2
40 2
72 2
40 2
72 2
40 2
72 2
40 2
72 13
42 2
72 2
42 2
72 2
42 2
72 2
42 2
72 2
42 2
72 2
42 2
72 2
42 2
72 13
40 2
72 2
40 2
72 2
40 2
72 2
40 2
72 2
40 2
72 2
40 2
72 2
40 2
72 13
42 9
40 9
39 9
37 9
44 7
46 7
48 4
51 4
49 4
48 4
49 4
48 2
72 2
46 2
72 2
44 9
44 4
46 4
48 4
46 2
72 2
44 2
72 2
39 2
72 2
41 4
48 2
72 2
48 2
72 2
46 4
44 2
72 2
43 2
72 2
41 11
41 4
43 4
44 4
43 4
44 4
46 4
48 4
51 4
49 4
48 4
49 4
48 2
72 2
46 2
72 2
44 9
44 4
46 4
48 4
46 2
72 2
44 2
72 2
39 2
72 2
41 4
48 2
72 2
48 2
72 2
46 4
44 2
72 2
43 2
72 2
41 4
49 2
72 2
49 2
72 2
48 4
46 2
72 2
44 2
72 2
43 2
72 2
41 7
44 2
72 2
43 7
46 2
72 2
44 7
72 13
188 4
72 4
188 4
202 4
72 4
202 4
228 4
72 4
228 4
202 4
72 4
202 4
188 7
137 7
202 4
72 4
202 4
228 4
72 4
228 4
109 4
72 4
109 4
228 4
72 4
228 4
202 7
162 7
188 4
72 4
188 4
202 4
72 4
202 4
228 4
72 4
228 4
202 4
72 4
202 4
188 7
137 7
121 9
147 9
161 9
147 9
198 7
162 7
40 2
72 2
40 2
72 2
40 2
72 2
40 2
72 2
40 2
72 2
40 2
72 2
40 2
72 13
42 2
72 2
42 2
72 2
42 2
72 2
42 2
72 2
42 2
72 2
42 2
72 2
42 2
72 13
40 2
72 2
40 2
72 2
40 2
72 2
40 2
72 2
40 2
72 2
40 2
72 2
40 2
72 13
42 9
40 9
39 9
37 9
44 7
46 7
47 7
E
S
L
24 4
72 4
24 4
24 4
72 4
24 4
24 4
72 4
24 4
24 4
72 4
24 4
25 7
27 7
24 4
72 4
24 4
24 4
72 4
24 4
24 4
72 4
24 4
24 4
72 4
24 4
27 7
25 7
24 4
72 4
24 4
24 4
72 4
24 4
24 4
72 4
24 4
24 4
72 4
24 4
25 7
27 7
24 9
24 9
25 9
25 9
27 7
27 7
72 11
72 11
72 11
72 11
72 11
72 11
72 11
72 11
32 4
72 4
32 4
72 4
31 4
72 4
31 4
29 11
27 11
34 9
32 9
29 9
31 11
29 9
31 9
32 7
72 13
31 4
72 4
31 4
32 4
72 4
32 4
34 4
72 4
34 4
32 4
72 4
32 4
31 7
27 7
32 4
72 4
32 4
34 4
72 4
34 4
36 4
72 4
36 4
34 4
72 4
34 4
32 7
29 7
31 4
72 4
31 4
32 4
72 4
32 4
34 4
72 4
34 4
32 4
72 4
32 4
31 7
27 7
32 9
34 9
36 9
34 9
37 7
37 7
35 2
72 2
35 2
72 2
35 2
72 2
35 2
72 2
35 2
72 2
35 2
72 2
35 2
72 13
37 2
72 2
37 2
72 2
37 2
72 2
37 2
72 2
37 2
72 2
37 2
72 2
37 2
72 13
35 2
72 2
35 2
72 2
35 2
72 2
35 2
72 2
35 2
72 2
35 2
72 2
35 2
72 13
72 14
72 11
72 11
72 11
72 11
72 11
72 11
72 11
72 11
32 4
72 4
32 4
72 4
31 4
72 4
31 4
29 11
27 11
34 9
32 9
29 9
31 11
29 9
31 9
32 7
72 13
31 4
72 4
31 4
32 4
72 4
32 4
34 4
72 4
34 4
32 4
72 4
32 4
31 7
27 7
32 4
72 4
32 4
34 4
72 4
34 4
36 4
72 4
36 4
34 4
72 4
34 4
32 7
29 7
31 4
72 4
31 4
32 4
72 4
32 4
34 4
72 4
34 4
32 4
72 4
32 4
31 7
27 7
32 9
34 9
36 9
34 9
37 7
37 7
35 2
72 2
35 2
72 2
35 2
72 2
35 2
72 2
35 2
72 2
35 2
72 2
35 2
72 13
37 2
72 2
37 2
72 2
37 2
72 2
37 2
72 2
37 2
72 2
37 2
72 2
37 2
72 13
35 2
72 2
35 2
72 2
35 2
72 2
35 2
72 2
35 2
72 2
35 2
72 2
35 2
72 13
72 14
E
S
L
17 4
72 7
17 4
72 7
17 4
72 7
17 4
72 7
17 4
19 4
20 4
25 4
24 4
72 7
17 4
72 7
17 4
72 7
17 4
72 7
17 4
19 4
20 4
25 4
24 4
72 7
17 4
72 7
17 4
72 7
17 4
72 7
17 4
19 4
20 4
25 4
17 9
17 9
15 9
15 9
15 7
13 7
20 4
72 4
20 4
72 4
19 4
72 4
19 4
17 11
15 11
10 4
72 4
10 4
12 4
72 4
12 4
13 12
15 7
15 7
20 4
72 4
20 4
72 4
19 4
72 4
19 4
17 11
15 11
10 9
12 9
13 9
15 11
17 9
15 9
13 7
72 13
12 4
72 4
12 4
12 4
72 4
12 4
12 4
72 4
12 4
12 4
72 4
12 4
12 7
12 7
13 4
72 4
13 4
13 4
72 4
13 4
13 4
72 4
13 4
13 4
72 4
13 4
13 7
13 7
12 4
72 4
12 4
12 4
72 4
12 4
12 4
72 4
12 4
12 4
72 4
12 4
12 7
12 7
13 9
12 9
10 9
20 9
19 7
17 7
16 14
18 14
16 14
18 9
16 9
15 9
13 9
11 7
18 7
20 4
72 4
20 4
72 4
19 4
72 4
19 4
17 11
15 11
10 4
72 4
10 4
12 4
72 4
12 4
13 12
15 7
15 7
20 4
72 4
20 4
72 4
19 4
72 4
19 4
17 11
15 11
10 9
12 9
13 9
15 11
17 9
15 9
13 7
72 13
12 4
72 4
12 4
12 4
72 4
12 4
12 4
72 4
12 4
12 4
72 4
12 4
12 7
12 7
13 4
72 4
13 4
13 4
72 4
13 4
13 4
72 4
13 4
13 4
72 4
13 4
13 7
13 7
12 4
72 4
12 4
12 4
72 4
12 4
12 4
72 4
12 4
12 4
72 4
12 4
12 7
12 7
13 9
12 9
10 9
20 9
19 7
17 7
16 14
18 14
16 14
18 9
16 9
15 9
13 9
11 7
18 7
20 7
E
S
L
32 4
72 4
32 4
32 4
72 4
32 4
32 4
72 4
32 4
32 4
72 4
32 4
31 7
29 7
32 4
72 4
32 4
32 4
72 4
32 4
32 4
72 4
32 4
32 4
72 4
32 4
31 7
29 7
32 4
72 4
32 4
32 4
72 4
32 4
32 4
72 4
32 4
32 4
72 4
32 4
31 7
29 7
29 9
31 9
29 9
31 9
32 7
34 7
32 4
72 4
32 4
72 4
31 4
72 4
31 4
29 11
27 11
22 4
72 4
22 4
24 4
72 4
24 4
25 12
27 7
27 7
32 4
72 4
32 4
72 4
31 4
72 4
31 4
29 11
27 11
22 9
24 9
25 9
27 11
29 9
27 9
25 7
72 13
24 4
72 4
24 4
24 4
72 4
24 4
24 4
72 4
24 4
24 4
72 4
24 4
24 7
24 7
25 4
72 4
25 4
25 4
72 4
25 4
25 4
72 4
25 4
25 4
72 4
25 4
25 7
25 7
24 4
72 4
24 4
24 4
72 4
24 4
24 4
72 4
24 4
24 4
72 4
24 4
24 7
24 7
25 9
24 9
22 9
32 9
31 7
29 7
28 2
72 2
28 2
72 2
28 2
72 2
28 2
72 2
28 2
72 2
28 2
72 2
28 2
72 13
30 2
72 2
30 2
72 2
30 2
72 2
30 2
72 2
30 2
72 2
30 2
72 2
30 2
72 13
28 2
72 2
28 2
72 2
28 2
72 2
28 2
72 2
28 2
72 2
28 2
72 2
28 2
72 13
30 9
28 9
27 9
25 9
23 7
30 7
32 4
72 4
32 4
72 4
31 4
72 4
31 4
29 11
27 11
22 4
72 4
22 4
24 4
72 4
24 4
25 12
27 7
27 7
32 4
72 4
32 4
72 4
31 4
72 4
31 4
29 11
27 11
22 9
24 9
25 9
27 11
29 9
27 9
25 7
72 13
24 4
72 4
24 4
24 4
72 4
24 4
24 4
72 4
24 4
24 4
72 4
24 4
24 7
24 7
25 4
72 4
25 4
25 4
72 4
25 4
25 4
72 4
25 4
25 4
72 4
25 4
25 7
25 7
24 4
72 4
24 4
24 4
72 4
24 4
24 4
72 4
24 4
24 4
72 4
24 4
24 7
24 7
25 9
24 9
22 9
32 9
31 7
29 7
28 2
72 2
28 2
72 2
28 2
72 2
28 2
72 2
28 2
72 2
28 2
72 2
28 2
72 13
30 2
72 2
30 2
72 2
30 2
72 2
30 2
72 2
30 2
72 2
30 2
72 2
30 2
72 13
28 2
72 2
28 2
72 2
28 2
72 2
28 2
72 2
28 2
72 2
28 2
72 2
28 2
72 13
30 9
28 9
27 9
25 9
23 7
30 7
32 7
E
S
L
72 14
72 14
72 14
72 14
72 11
72 11
72 4
17 2
17 2
17 7
72 11
72 11
72 11
72 11
72 11
72 11
72 11
72 11
72 11
72 14
72 14
24 12
72 9
24 2
24 2
24 4
24 2
24 2
24 4
24 2
24 2
24 4
24 4
25 12
72 9
25 2
25 2
25 4
25 2
25 2
25 4
25 2
25 2
25 4
25 4
24 12
72 9
24 2
24 2
24 4
24 2
24 2
24 4
24 2
24 2
24 4
24 4
25 12
72 13
72 14
72 13
28 3
28 3
72 1
28 3
24 7
28 3
28 3
72 1
28 3
23 12
72 13
72 14
72 11
72 11
72 4
17 2
17 2
17 7
72 11
72 11
72 11
72 11
72 11
72 11
72 11
72 11
72 11
72 14
72 14
24 12
72 9
24 2
24 2
24 4
24 2
24 2
24 4
24 2
24 2
24 4
24 4
25 12
72 9
25 2
25 2
25 4
25 2
25 2
25 4
25 2
25 2
25 4
25 4
24 12
72 9
24 2
24 2
24 4
24 2
24 2
24 4
24 2
24 2
24 4
24 4
25 12
72 13
72 14
72 13
28 3
28 3
28 3
24 7
28 3
28 3
28 3
23 12
72 13
72 14
E
S
L
14 4
14 2
14 2
14 4
14 4
14 2
14 2
14 4
14 4
14 2
14 2
14 4
14 4
14 2
14 2
14 4
14 4
14 2
14 2
14 4
14 2
14 2
14 4
14 2
14 2
14 4
14 4
14 2
14 2
14 4
14 4
14 2
14 2
14 4
14 4
14 2
14 2
14 4
14 4
14 2
14 2
14 4
14 2
14 2
14 4
14 2
14 2
14 4
14 4
14 2
14 2
14 4
14 4
14 2
14 2
14 4
14 4
14 2
14 2
14 4
14 4
14 2
14 2
14 4
14 2
14 2
14 4
14 2
14 2
14 4
14 4
14 2
14 2
14 4
14 4
14 2
14 2
14 4
14 4
14 2
14 2
14 4
14 4
14 2
14 2
14 4
14 2
14 2
14 4
14 4
14 4
14 4
14 4
14 2
14 2
14 4
14 4
72 11
14 4
14 4
14 4
14 4
14 4
14 2
14 2
14 4
14 4
14 2
14 2
14 4
14 7
72 7
14 4
14 4
14 4
14 4
14 4
14 4
14 4
14 4
14 4
14 4
14 4
14 2
14 2
14 4
14 4
72 11
14 4
14 4
14 4
14 4
14 4
14 4
14 4
14 4
14 4
14 4
14 4
14 4
14 4
14 4
14 4
14 4
14 4
14 4
14 4
14 4
14 4
14 4
14 4
14 7
72 13
14 4
14 2
14 2
14 4
14 4
14 2
14 2
14 4
14 4
14 2
14 2
14 4
14 4
14 2
14 2
14 4
14 4
14 2
14 2
14 4
14 2
14 2
14 4
14 2
14 2
14 4
14 4
14 2
14 2
14 4
14 4
14 2
14 2
14 4
14 4
14 2
14 2
14 4
14 4
14 2
14 2
14 4
14 2
14 2
14 4
14 2
14 2
14 4
14 4
14 2
14 2
14 4
14 4
14 2
14 2
14 4
14 4
14 2
14 2
14 4
14 4
14 2
14 2
14 4
14 2
14 2
72 14
14 7
14 4
14 4
72 7
14 7
14 4
14 4
72 7
14 7
14 4
14 4
14 7
14 4
14 4
72 7
14 7
14 4
14 4
72 7
14 7
14 4
14 4
14 7
14 4
14 4
72 7
14 7
14 4
14 4
72 7
14 7
14 4
14 4
14 4
14 2
14 2
14 4
14 4
14 2
14 2
14 4
14 4
14 2
14 2
14 4
14 4
14 2
14 2
14 4
14 4
14 2
14 2
14 4
14 2
14 2
14 4
14 4
14 4
14 4
14 4
14 2
14 2
14 4
14 4
72 11
14 4
14 4
14 4
14 4
14 4
14 2
14 2
14 4
14 4
14 2
14 2
14 4
14 7
72 7
14 4
14 4
14 4
14 4
14 4
14 4
14 4
14 4
14 4
14 4
14 4
14 2
14 2
14 4
14 4
72 11
14 4
14 4
14 4
14 4
14 4
14 4
14 4
14 4
14 4
14 4
14 4
14 4
14 4
14 4
14 4
14 4
14 4
14 4
14 4
14 4
14 4
14 4
14 4
14 7
72 13
14 4
14 2
14 2
14 4
14 4
14 2
14 2
14 4
14 4
14 2
14 2
14 4
14 4
14 2
14 2
14 4
14 4
14 2
14 2
14 4
14 2
14 2
14 4
14 2
14 2
14 4
14 4
14 2
14 2
14 4
14 4
14 2
14 2
14 4
14 4
14 2
14 2
14 4
14 4
14 2
14 2
14 4
14 2
14 2
14 4
14 2
14 2
14 4
14 4
14 2
14 2
14 4
14 4
14 2
14 2
14 4
14 4
14 2
14 2
14 4
14 4
14 2
14 2
14 4
14 2
14 2
72 14
14 7
14 4
14 4
72 7
14 7
14 4
14 4
72 7
14 7
14 4
14 4
14 7
14 4
14 4
72 7
14 7
14 4
14 4
72 7
14 7
14 4
14 4
14 7
14 4
14 4
72 7
14 7
14 4
14 4
72 7
14 7
14 4
14 4
14 4
14 2
14 2
14 4
14 4
14 2
14 2
14 4
14 4
14 2
14 2
14 4
14 4
14 2
14 2
14 4
14 4
14 2
14 2
14 4
14 2
14 2
14 7
E
S
L
11 9
11 9
11 9
11 9
11 7
11 7
11 9
11 9
11 9
11 9
11 7
11 7
11 9
11 9
11 9
11 9
11 7
11 7
11 9
11 9
11 9
11 9
11 7
11 7
11 7
11 7
11 9
11 4
72 11
11 7
11 7
11 9
11 4
72 7
11 7
72 11
11 7
11 7
11 7
11 7
11 9
11 4
72 11
11 7
11 7
11 9
11 9
11 9
11 7
11 7
11 9
11 9
11 7
72 13
11 9
11 9
11 9
11 9
11 7
11 7
11 9
11 9
11 9
11 9
11 7
11 7
11 9
11 9
11 9
11 9
11 7
11 7
72 14
11 7
72 4
11 9
11 7
72 13
11 7
72 4
11 9
11 7
72 13
11 7
72 4
11 9
11 7
72 13
11 9
11 9
11 9
11 9
11 7
11 7
11 7
11 7
11 9
11 4
72 11
11 7
11 7
11 9
11 4
72 7
11 7
72 11
11 7
11 7
11 7
11 7
11 9
11 4
72 11
11 7
11 7
11 9
11 9
11 9
11 7
11 7
11 9
11 9
11 7
72 13
11 9
11 9
11 9
11 9
11 7
11 7
11 9
11 9
11 9
11 9
11 7
11 7
11 9
11 9
11 9
11 9
11 7
11 7
72 14
11 7
72 4
11 9
11 7
72 13
11 7
72 4
11 9
11 7
72 13
11 7
72 4
11 9
11 7
72 13
11 9
11 9
11 9
11 9
11 7
11 7
11 7
E
S
L
72 14
72 14
72 14
72 14
25 11
72 11
72 11
25 11
72 11
72 11
72 11
25 11
25 11
72 11
72 11
72 11
72 14
72 12
25 12
72 11
18 7
18 7
18 7
18 7
18 7
18 7
18 7
18 7
18 7
18 7
18 7
18 7
18 7
18 7
18 7
18 7
18 7
18 7
18 7
18 7
18 7
18 7
18 7
18 7
25 12
72 13
72 13
25 11
72 13
25 11
25 12
72 13
25 9
25 9
25 9
25 9
25 7
25 7
25 11
72 11
72 11
25 11
72 11
72 11
72 11
25 11
25 11
72 11
72 11
72 11
72 14
72 12
25 12
72 11
18 7
18 7
18 7
18 7
18 7
18 7
18 7
18 7
18 7
18 7
18 7
18 7
18 7
18 7
18 7
18 7
18 7
18 7
18 7
18 7
18 7
18 7
18 7
18 7
25 12
72 13
72 13
25 11
72 13
25 11
25 12
72 13
25 9
25 9
25 9
25 9
25 7
25 7
25 7
E
S
H
72 14
72 14
72 14
72 14
72 11
72 9
57 0
72 1
57 0
72 0
57 0
57 0
72 2
57 2
57 2
57 2
57 2
57 2
57 2
57 0
72 7
72 4
57 4
57 7
72 4
57 4
57 4
57 4
72 11
72 11
72 11
72 11
72 11
72 11
72 4
57 4
57 7
72 4
57 4
57 4
72 4
57 4
57 4
72 4
57 4
57 4
57 4
57 4
57 4
57 4
57 7
57 4
57 7
57 4
57 7
72 13
30 7
30 7
30 7
30 7
30 7
30 7
30 4
30 4
30 4
30 4
30 7
30 7
30 7
30 7
30 7
30 7
30 4
30 4
30 4
30 4
30 7
30 7
30 7
30 7
30 7
30 7
30 4
30 4
30 7
72 14
57 4
72 4
57 4
57 2
72 6
57 4
57 4
72 4
57 4
57 2
72 6
57 4
57 2
72 2
57 4
57 4
72 4
72 14
72 14
57 7
57 7
57 7
57 7
57 7
57 7
57 4
57 4
57 7
72 11
72 9
57 0
57 0
72 2
57 0
72 0
57 0
72 1
57 2
57 2
57 2
57 2
57 2
57 2
57 0
72 7
72 4
57 4
57 7
72 4
57 4
57 4
57 4
72 11
72 11
72 11
72 11
72 11
72 11
72 4
57 4
57 7
72 4
57 4
57 4
72 4
57 4
57 4
72 4
57 4
57 4
57 4
57 4
57 4
57 4
57 7
57 4
57 7
57 4
57 7
72 13
30 7
30 7
30 7
30 7
30 7
30 7
30 4
30 4
30 4
30 4
30 7
30 7
30 7
30 7
30 7
30 7
30 4
30 4
30 4
30 4
30 7
30 7
30 7
30 7
30 7
30 7
30 4
30 4
30 7
72 14
57 4
72 4
57 4
57 2
72 6
57 4
57 4
72 4
57 4
57 2
72 6
57 4
57 2
72 2
57 4
57 4
72 4
72 14
72 14
57 7
57 7
57 7
57 7
57 7
57 7
57 4
57 4
57 7
57 7
E
S
H
72 14
72 14
72 14
72 14
72 11
72 11
72 11
72 11
72 11
72 11
72 7
49 4
51 4
53 4
51 4
53 4
55 4
56 4
60 4
58 4
60 4
56 4
58 2
56 2
55 4
53 9
56 4
58 4
60 4
58 2
72 2
56 2
72 2
51 2
72 2
53 4
60 2
72 2
60 2
72 2
58 4
56 2
72 2
55 2
72 2
53 4
61 2
72 2
61 2
72 2
60 4
58 2
72 2
56 2
72 2
55 2
72 2
53 7
56 2
72 2
55 7
58 2
72 2
56 7
72 7
61 4
60 4
58 4
56 4
55 4
53 4
137 13
51 4
53 4
55 4
51 4
162 9
188 9
202 12
202 7
55 4
53 4
137 13
58 4
56 4
55 4
51 4
162 9
188 9
202 9
188 9
198 7
222 7
72 14
72 14
72 14
227 4
241 4
148 4
123 4
241 4
227 4
201 4
241 4
201 4
176 4
150 4
148 4
201 4
176 4
201 4
227 4
72 11
72 11
72 11
72 11
72 11
72 11
72 7
49 4
51 4
53 4
51 4
53 4
55 4
56 4
60 4
58 4
60 4
56 4
58 2
56 2
55 4
53 9
56 4
58 4
60 4
58 2
72 2
56 2
72 2
51 2
72 2
53 4
60 2
72 2
60 2
72 2
58 4
56 2
72 2
55 2
72 2
53 4
61 2
72 2
61 2
72 2
60 4
58 2
72 2
56 2
72 2
55 2
72 2
53 7
56 2
72 2
55 7
58 2
72 2
56 7
72 7
61 4
60 4
58 4
56 4
55 4
53 4
137 13
51 4
53 4
55 4
51 4
162 9
188 9
202 12
202 7
55 4
53 4
137 13
58 4
56 4
55 4
51 4
162 9
188 9
202 9
188 9
198 7
222 7
72 14
72 14
72 14
227 4
241 4
148 4
123 4
241 4
227 4
201 4
241 4
201 4
176 4
150 4
148 4
201 4
176 4
201 4
227 4
205 7
E
X
