major
S
H
72 14
59 4
59 4
59 6
57 6
56 4
54 8
72 1
56 2
57 2
56 10
72 8
59 4
59 4
59 6
57 6
56 4
54 10
72 2
52 10
72 14
50 10
72 2
54 6
72 2
57 6
72 2
59 10
72 2
52 10
72 2
50 6
52 6
54 4
54 6
56 6
57 4
59 10
72 2
52 10
E
S
H
72 14
50 2
72 0
52 2
72 0
54 2
56 2
57 2
72 0
52 2
72 0
54 2
56 2
57 2
72 0
59 2
72 0
61 2
62 2
64 2
72 0
62 0
72 1
61 0
72 1
59 4
66 2
72 0
64 0
72 1
62 2
61 2
62 0
72 0
61 2
59 2
72 0
61 0
72 1
59 2
57 2
62 0
72 0
61 2
59 2
72 0
57 0
72 1
56 2
54 2
52 0
72 0
56 2
54 2
72 0
52 0
72 1
50 2
49 2
47 2
45 0
50 2
72 0
52 2
72 0
54 7
54 2
56 2
57 4
72 1
57 2
59 2
61 7
61 2
72 0
62 0
72 1
64 2
62 2
61 0
72 0
59 2
62 2
72 0
61 0
72 1
59 2
57 2
56 0
72 0
57 2
59 2
72 0
61 0
72 1
62 2
64 2
66 0
72 0
62 2
68 2
72 0
62 0
72 1
69 2
62 2
71 2
62 0
50 2
72 0
52 2
72 0
54 2
56 2
57 2
72 0
52 2
72 0
54 2
56 2
57 2
72 0
59 2
72 0
61 2
62 2
64 2
72 0
62 0
72 1
61 0
72 1
59 4
66 2
72 0
64 0
72 1
62 2
61 2
62 0
72 0
61 2
59 2
72 0
61 0
72 1
59 2
57 2
62 0
72 0
61 2
59 2
72 0
57 0
72 1
56 2
54 2
52 0
72 0
56 2
54 2
72 0
52 0
72 1
50 2
49 2
47 2
45 0
50 2
72 0
52 2
72 0
54 7
54 2
56 2
57 4
72 1
57 2
59 2
61 7
71 2
72 0
69 0
72 1
68 2
66 2
69 0
72 0
68 2
66 2
72 0
64 0
72 1
68 2
66 2
64 0
72 0
62 2
61 2
72 0
59 0
72 1
57 2
56 2
54 0
72 0
52 2
56 2
72 0
54 0
72 1
52 2
50 2
49 2
E
S
H
72 14
50 2
52 2
54 2
56 2
57 2
52 2
54 2
56 2
57 2
59 2
61 2
62 2
64 2
62 0
72 0
61 0
72 1
59 4
66 2
64 0
72 0
62 2
61 2
62 0
61 2
59 2
61 0
72 0
59 2
57 2
62 0
61 2
59 2
57 0
72 0
56 2
54 2
52 0
56 2
54 2
52 0
72 0
50 2
49 2
47 0
45 2
50 2
52 2
54 7
54 2
56 2
57 4
57 2
59 2
61 6
72 2
61 2
62 0
72 0
64 2
62 2
61 0
59 2
62 2
61 0
72 0
59 2
57 2
56 0
57 2
59 2
61 0
72 0
62 2
64 2
66 0
62 2
68 2
62 0
72 0
69 2
62 2
71 0
62 2
50 2
52 2
54 2
56 2
57 2
52 2
54 2
56 2
57 2
59 2
61 2
62 2
64 2
62 0
72 0
61 0
72 1
59 4
66 2
64 0
72 0
62 2
61 2
62 0
61 2
59 2
61 0
72 0
59 2
57 2
62 0
61 2
59 2
57 0
72 0
56 2
54 2
52 0
56 2
54 2
52 0
72 0
50 2
49 2
47 0
45 2
50 2
52 2
54 7
54 2
56 2
57 4
57 2
59 2
61 6
72 2
71 2
69 0
72 0
68 2
66 2
69 0
68 2
66 2
64 0
72 0
68 2
66 2
64 0
62 2
61 2
59 0
72 0
57 2
56 2
54 0
52 2
56 2
54 0
72 0
52 2
50 2
49 0
47 2
E
S
L
44 4
35 4
40 4
44 4
45 4
37 4
40 4
45 4
42 4
35 4
39 4
42 4
44 4
35 4
47 4
35 4
44 4
35 4
40 4
44 4
45 4
37 4
40 4
45 4
47 4
39 4
42 4
47 4
44 4
40 4
35 4
32 4
44 4
35 4
40 4
44 4
45 4
37 4
40 4
45 4
42 4
35 4
39 4
42 4
44 4
35 4
47 4
35 4
44 4
35 4
40 4
44 4
45 4
37 4
40 4
45 4
47 4
39 4
42 4
47 4
44 4
40 4
35 4
32 4
35 4
38 4
42 4
45 4
35 4
38 4
42 4
45 4
33 4
37 4
40 4
44 4
33 4
44 4
40 4
37 4
35 4
38 4
42 4
45 4
35 4
38 4
42 4
45 4
37 4
40 4
44 4
47 4
37 4
40 4
44 4
47 4
35 4
38 4
42 4
45 4
35 4
38 4
42 4
45 4
33 4
37 4
40 4
44 4
33 4
37 4
40 4
44 4
35 4
38 4
42 4
45 4
35 4
38 4
42 4
45 4
201 0
47 0
52 4
E
S
H
56 4
47 4
52 4
56 4
57 4
49 4
52 4
57 4
54 4
47 4
51 4
54 4
56 4
47 4
59 4
47 4
56 4
47 4
52 4
56 4
57 4
49 4
52 4
57 4
59 4
51 4
54 4
59 4
56 4
52 4
47 4
44 4
56 4
47 4
52 4
56 4
57 4
49 4
52 4
57 4
54 4
47 4
51 4
54 4
56 4
47 4
59 4
47 4
56 4
47 4
52 4
56 4
57 4
49 4
52 4
57 4
59 4
51 4
54 4
59 4
56 4
52 4
47 4
44 4
47 4
50 4
54 4
57 4
47 4
50 4
54 4
57 4
45 4
49 4
52 4
56 4
45 4
56 4
52 4
49 4
47 4
50 4
54 4
57 4
47 4
50 4
54 4
57 4
49 4
52 4
56 4
59 4
49 4
52 4
56 4
59 4
47 4
50 4
54 4
57 4
47 4
50 4
54 4
57 4
45 4
49 4
52 4
56 4
45 4
49 4
52 4
56 4
47 4
50 4
54 4
57 4
47 4
50 4
54 4
57 4
52 4
64 4
E
S
L
16 10
72 2
21 10
72 2
23 10
72 2
16 10
72 2
16 10
72 2
21 10
72 2
23 10
72 2
16 10
72 2
16 10
72 2
21 10
72 2
23 10
72 2
16 10
72 2
16 10
72 2
21 10
72 2
23 10
72 2
16 10
72 14
11 13
72 2
9 13
72 2
11 13
72 2
4 13
E
S
L
16 10
72 2
21 10
72 2
23 10
72 2
16 10
72 2
16 10
72 2
21 10
72 2
23 10
72 2
16 10
72 2
16 10
72 2
21 10
72 2
23 10
72 2
16 10
72 2
16 10
72 2
21 10
72 2
23 10
72 2
16 10
72 14
11 13
72 2
9 13
72 2
11 13
72 2
4 13
E
X
