minor
S
H
72 11
34 7
36 7
72 12
72 14
72 14
72 10
72 10
72 14
72 13
72 11
E
S
H
72 11
29 7
31 7
32 13
72 11
29 7
31 7
37 13
72 11
29 7
31 7
32 13
72 11
29 7
31 7
37 13
36 11
38 11
39 11
41 11
48 11
50 11
51 11
53 11
72 7
42 0
72 3
42 0
72 3
42 0
72 3
42 2
72 2
40 2
72 2
42 2
72 2
43 2
72 2
45 13
36 13
39 13
40 13
43 9
43 4
46 7
43 7
43 9
43 4
46 7
43 7
45 11
44 11
43 14
E
S
H
72 11
27 7
26 7
25 13
72 11
27 7
26 7
32 13
72 11
27 7
26 7
25 13
72 11
27 7
26 7
32 13
31 11
34 11
34 11
37 11
43 11
46 11
46 11
49 11
72 7
38 0
72 3
38 0
72 3
38 0
72 3
38 2
72 2
36 2
72 2
38 2
72 2
39 2
72 2
41 13
32 13
35 13
36 13
39 13
38 13
37 11
36 11
35 14
E
S
H
36 14
36 14
36 14
36 14
72 14
36 13
72 7
33 0
72 3
33 0
72 3
33 0
72 3
33 2
72 2
31 2
72 2
33 2
72 2
34 2
72 2
36 7
36 0
72 3
36 0
72 3
36 0
72 3
36 11
35 7
35 0
72 3
35 0
72 3
35 0
72 3
35 11
36 2
72 2
36 2
72 2
36 12
36 9
36 4
39 7
36 7
38 9
38 4
41 7
38 7
37 11
36 11
35 14
E
S
L
72 14
29 0
72 3
29 0
72 3
29 0
72 3
29 2
72 2
27 2
72 2
29 2
72 2
31 2
72 2
32 7
32 0
72 3
32 0
72 3
32 0
72 3
32 11
32 7
32 0
72 3
32 0
72 3
32 0
72 3
32 11
31 2
72 2
31 2
72 2
31 12
31 9
31 4
31 7
31 7
34 9
34 4
34 7
34 7
33 11
32 11
31 14
E
S
H
72 14
25 0
29 0
72 2
32 0
72 0
33 0
72 1
37 0
72 1
40 0
72 0
41 0
45 0
72 2
48 0
49 0
72 2
53 0
72 0
56 0
72 1
57 0
72 1
61 3
72 14
50 0
72 3
50 0
72 3
50 0
72 3
50 2
72 2
48 2
72 2
50 2
72 2
51 2
72 2
53 13
72 14
43 0
47 0
72 2
49 0
50 0
72 0
55 0
59 0
72 1
61 0
59 0
72 1
55 0
72 0
50 0
49 0
72 2
47 0
43 0
47 0
72 2
49 0
50 0
72 0
55 0
59 0
72 1
61 0
59 0
72 1
55 0
72 0
50 0
49 0
72 2
47 0
43 0
47 0
72 2
49 0
50 0
72 0
55 0
59 0
72 1
61 0
59 0
72 1
55 0
72 0
50 0
49 0
72 2
47 0
43 0
47 0
72 2
49 0
50 0
72 0
55 0
59 0
72 1
61 0
59 0
72 1
55 0
72 0
50 0
49 0
72 2
47 0
43 0
47 0
72 2
49 0
50 0
72 0
55 0
59 0
72 1
61 0
59 0
72 1
55 0
72 0
50 0
49 0
72 2
47 0
43 0
47 0
72 2
49 0
50 0
72 0
55 0
59 0
72 1
61 0
59 0
72 1
55 0
72 0
50 0
49 0
72 2
47 0
43 0
47 0
72 2
49 0
50 0
72 0
55 0
59 0
72 1
61 0
59 0
72 1
55 0
72 0
50 0
49 0
72 2
47 0
43 0
47 0
72 2
49 0
50 0
72 0
55 0
59 0
72 1
61 0
59 0
72 1
55 0
72 0
50 0
49 0
72 2
47 0
E
S
L
0 14
0 14
0 14
0 14
12 11
10 11
6 11
5 11
0 11
2 11
3 11
5 11
0 14
5 14
12 14
7 13
7 14
E
S
L
12 14
12 14
12 14
12 14
24 11
22 11
18 11
17 11
12 11
14 11
15 11
17 11
12 14
72 13
63 4
61 4
59 4
56 7
58 4
59 4
55 4
52 4
60 11
72 4
55 4
51 4
48 8
72 2
48 4
50 4
51 4
50 4
46 4
55 11
72 4
49 4
45 4
55 14
E
X
