major
S
H
49 7
47 7
46 7
47 7
52 7
50 7
49 7
50 7
55 7
53 7
52 7
53 7
55 13
51 13
50 13
48 11
46 7
44 7
46 13
46 11
44 7
53 7
56 7
55 4
54 4
55 11
55 11
54 11
55 11
53 7
50 7
51 13
50 13
48 11
46 7
44 7
46 13
46 11
44 7
53 7
56 7
55 4
54 4
55 11
55 11
53 11
51 13
51 13
51 13
42 9
44 9
47 7
46 7
51 14
E
S
H
42 13
45 13
48 13
50 13
72 13
46 13
72 13
43 13
41 13
46 13
45 13
45 7
43 7
41 11
72 13
46 13
72 13
43 13
41 13
46 13
50 13
48 13
46 9
44 11
43 13
39 9
41 11
44 7
43 14
E
S
H
38 13
41 13
44 14
43 11
41 7
39 7
38 13
39 13
38 13
36 11
38 11
41 7
38 7
39 11
39 11
38 11
38 13
43 11
41 7
39 7
38 13
39 13
38 13
36 11
38 11
41 7
38 7
39 11
41 13
43 13
37 9
35 11
34 13
34 9
37 11
34 14
E
S
L
11 13
14 13
17 13
10 13
34 14
32 11
34 7
36 7
34 13
29 13
34 13
36 12
33 7
34 11
32 11
34 14
32 11
34 7
36 7
34 13
29 13
34 13
34 11
32 11
31 13
30 9
28 11
27 13
30 9
29 11
27 14
E
S
L
72 14
15 13
19 13
20 13
19 13
17 13
15 13
14 13
19 11
22 11
15 13
19 13
20 13
19 13
17 13
15 13
22 13
24 13
18 9
16 11
15 13
11 9
13 11
15 14
E
S
H
49 0
72 2
38 0
72 0
42 0
72 1
35 0
72 1
38 0
72 0
42 0
72 2
47 0
72 2
37 0
72 0
38 0
72 1
42 0
72 1
35 0
72 0
38 0
72 2
46 0
72 2
38 0
72 0
40 0
72 1
42 0
72 1
40 0
72 0
38 0
72 2
47 0
72 2
37 0
72 0
38 0
72 1
42 0
72 1
35 0
72 0
38 0
72 2
52 0
72 2
41 0
72 0
45 0
72 1
38 0
72 1
41 0
72 0
45 0
72 2
50 0
72 2
40 0
72 0
41 0
72 1
45 0
72 1
38 0
72 0
41 0
72 2
49 0
72 2
41 0
72 0
43 0
72 1
45 0
72 1
43 0
72 0
41 0
72 2
50 0
72 2
40 0
72 0
41 0
72 1
45 0
72 1
38 0
72 0
41 0
72 2
55 0
72 2
44 0
72 0
48 0
72 1
41 0
72 1
44 0
72 0
48 0
72 2
53 0
72 2
43 0
72 0
44 0
72 1
48 0
72 1
41 0
72 0
44 0
72 2
52 0
72 2
44 0
72 0
46 0
72 1
48 0
72 1
46 0
72 0
44 0
72 2
53 0
72 2
43 0
72 0
44 0
72 1
48 0
72 1
41 0
72 0
44 0
72 2
55 0
72 2
48 0
72 0
53 0
72 1
51 0
72 1
46 0
72 0
50 0
72 2
48 0
72 2
43 0
72 0
46 0
72 1
44 0
72 1
40 0
72 0
43 0
72 2
41 0
72 2
36 0
72 0
39 0
72 1
38 0
72 1
32 0
72 0
36 0
72 2
34 0
72 2
29 0
72 0
32 0
72 1
31 0
72 1
26 0
72 0
29 0
72 2
43 4
46 4
51 12
43 4
46 4
50 12
44 4
48 4
51 12
43 4
46 4
50 12
41 4
44 4
48 12
39 4
43 4
46 12
38 4
43 4
45 4
50 4
48 7
42 7
43 4
46 4
50 4
46 4
41 11
43 4
46 4
51 12
43 4
46 4
50 12
44 4
48 4
51 12
43 4
46 4
50 12
41 4
44 4
48 12
39 4
43 4
46 12
38 4
41 4
46 4
50 4
53 11
36 4
43 4
48 4
51 4
55 4
51 4
48 4
43 4
42 4
46 4
51 4
40 4
44 4
51 4
47 4
44 4
39 4
43 4
46 4
51 4
55 11
42 4
46 4
49 4
41 4
44 4
49 4
44 4
41 4
39 4
44 4
46 4
51 4
55 11
39 4
43 4
46 4
51 4
55 11
E
S
H
72 14
55 4
56 4
58 7
51 11
55 4
57 4
58 7
62 11
60 4
62 4
63 9
63 4
62 7
60 7
58 12
58 4
58 7
56 4
55 4
56 9
56 4
56 7
55 4
54 4
55 9
55 4
55 11
54 7
52 4
54 4
55 11
58 7
55 4
56 4
58 7
51 11
55 4
57 4
58 7
62 11
60 4
62 4
63 9
63 4
62 7
60 7
58 12
58 4
58 7
56 4
55 4
56 9
56 4
56 7
55 4
54 4
55 9
55 4
55 11
53 7
51 4
53 4
51 13
72 14
55 4
56 4
E
X
