minor
S
H
40 11
38 11
36 13
33 4
36 4
40 4
36 4
31 4
35 4
40 4
35 4
29 4
33 4
36 4
40 4
43 11
38 11
36 11
34 13
31 4
38 4
46 4
38 4
45 4
38 4
43 4
38 4
31 4
38 4
43 4
38 4
41 4
38 4
40 4
36 4
26 4
33 4
38 4
43 4
45 4
43 4
38 4
33 4
26 13
19 12
19 7
17 13
15 12
15 7
22 13
24 12
19 13
19 12
26 7
19 13
21 12
21 7
25 12
25 7
26 12
21 7
26 11
18 11
19 12
19 7
17 13
15 12
15 7
22 13
20 12
20 7
26 11
21 11
19 14
E
S
H
43 9
43 4
42 7
38 7
40 12
72 4
48 9
48 4
47 7
43 7
45 12
72 4
53 9
53 4
52 7
48 7
50 11
46 11
50 13
72 4
46 11
50 14
72 4
55 11
50 7
55 7
57 11
72 4
62 7
60 7
58 7
57 7
55 7
53 7
50 9
72 4
50 7
50 7
48 7
55 13
72 4
48 7
46 7
55 11
72 4
55 7
57 7
58 7
57 11
52 11
72 4
52 7
55 7
54 7
57 13
72 12
55 11
50 7
55 7
57 11
72 4
62 7
60 7
58 7
57 7
55 7
53 7
50 11
72 4
50 7
48 7
55 7
58 7
57 11
54 11
55 14
E
S
H
72 14
55 11
50 7
55 7
57 12
62 7
60 7
58 7
57 7
55 7
53 7
50 12
50 7
48 7
55 7
58 7
57 11
54 11
55 14
E
S
H
72 14
43 14
43 13
42 13
72 14
46 13
48 13
50 14
46 13
45 13
43 14
E
S
H
72 14
38 14
38 14
72 14
43 13
45 13
43 13
46 13
43 13
42 13
38 14
E
S
H
72 14
34 14
33 14
72 14
38 14
41 14
36 14
36 13
35 13
E
S
L
72 14
19 14
14 14
72 14
19 13
17 13
15 13
22 13
20 13
26 13
19 14
E
X
