minor
S
H
72 14
37 4
41 4
46 4
48 4
49 4
46 4
51 4
49 2
48 2
49 4
46 4
45 4
48 4
46 4
42 4
39 4
37 2
41 2
34 4
37 2
72 2
37 2
72 2
37 2
72 2
37 2
72 2
37 2
72 2
36 4
39 2
72 2
37 2
72 2
37 2
72 2
37 2
72 2
37 2
72 2
37 2
72 2
37 2
72 2
37 2
72 2
37 2
72 2
37 2
72 2
37 2
72 2
37 2
72 2
37 2
72 2
37 2
72 2
37 2
72 2
40 4
39 2
72 2
37 2
72 2
37 2
72 2
37 2
72 2
37 2
72 2
37 2
72 2
37 2
72 2
36 2
72 2
36 2
72 2
41 2
72 4
36 2
37 2
34 2
72 2
37 2
39 2
72 2
39 4
37 2
72 2
33 4
34 2
72 2
41 2
72 2
41 2
72 2
41 2
72 2
41 2
72 2
41 2
72 2
44 4
42 2
72 2
40 4
41 2
72 2
42 2
72 2
44 2
72 2
42 4
41 2
72 2
44 2
42 0
72 0
41 0
72 1
40 4
72 4
46 2
72 2
46 2
72 2
46 2
72 2
46 2
72 2
46 2
72 2
49 4
48 2
72 2
45 4
46 2
72 2
48 2
72 2
49 2
72 2
48 4
46 2
72 2
45 2
72 2
46 4
72 4
41 2
72 2
41 2
72 2
41 2
72 2
41 2
72 2
41 2
72 2
44 4
42 2
72 2
40 4
41 2
72 2
42 2
72 2
44 2
72 2
42 4
41 2
72 2
44 2
42 0
72 0
41 0
72 1
40 4
72 4
46 2
72 2
46 2
72 2
46 2
72 2
46 2
72 2
46 2
72 2
49 4
48 2
72 2
45 4
46 2
72 2
48 2
72 2
49 2
72 2
48 4
46 2
72 2
45 2
72 2
46 4
41 2
72 4
36 2
37 2
34 2
72 2
37 2
39 2
72 2
39 4
37 2
72 2
33 4
72 14
37 7
41 4
39 4
37 4
39 4
41 4
44 4
46 13
E
S
L
22 4
24 4
25 4
27 4
29 4
25 4
30 4
29 2
27 2
29 4
25 4
24 4
27 4
25 4
22 4
21 4
22 2
24 2
22 4
18 4
17 4
18 4
17 4
18 4
16 4
17 9
18 4
17 4
18 4
17 4
16 4
17 4
18 4
17 4
22 4
24 4
25 4
27 4
29 4
25 4
30 4
29 2
27 2
29 4
25 4
24 4
27 4
25 4
22 4
21 4
22 2
24 2
231 2
72 6
231 2
72 6
231 2
72 10
231 2
72 6
231 2
72 6
231 2
72 6
166 7
179 2
72 6
179 2
72 6
179 2
72 10
179 2
72 6
179 2
72 6
179 2
72 6
179 7
166 2
72 4
101 2
114 2
231 2
72 2
114 2
140 2
72 2
140 4
114 2
72 2
218 4
231 2
72 6
166 2
72 6
231 2
72 8
166 4
231 2
72 6
166 2
72 6
231 2
72 6
153 7
179 2
72 6
114 2
72 6
231 2
72 6
166 2
72 6
179 2
72 6
114 2
72 6
231 2
72 6
179 7
231 2
72 6
166 2
72 6
231 2
72 8
166 4
231 2
72 6
166 2
72 6
231 2
72 6
153 7
179 2
72 6
114 2
72 6
231 2
72 6
166 2
72 6
179 2
72 6
114 2
72 6
231 2
72 6
179 7
166 2
72 4
101 2
114 2
231 2
72 2
114 2
140 2
72 2
140 4
114 2
72 2
218 4
72 14
34 7
33 7
34 7
37 7
42 13
E
S
H
46 2
72 2
48 2
72 2
49 2
72 2
51 2
72 2
53 2
72 2
49 2
72 2
54 4
53 2
51 2
53 2
72 2
49 2
72 2
48 2
72 2
51 2
72 2
49 2
72 2
46 2
72 2
45 4
46 2
48 2
46 2
72 2
42 2
72 2
41 4
42 2
72 2
41 4
42 2
72 2
40 2
72 2
41 2
72 8
42 4
41 2
72 2
42 4
41 2
72 2
40 4
41 2
72 2
42 2
72 2
41 4
46 2
72 2
48 2
72 2
49 2
72 2
51 2
72 2
53 2
72 2
49 2
72 2
54 4
53 2
51 2
53 2
72 2
49 2
72 2
48 2
72 2
51 2
72 2
49 2
72 2
46 2
72 2
45 4
46 2
48 2
72 14
46 2
72 2
46 2
72 2
46 2
72 2
46 2
72 2
46 2
72 2
49 4
48 2
72 2
45 4
46 2
72 2
48 2
72 2
49 2
72 2
48 4
46 2
72 2
45 2
72 2
46 4
41 2
72 4
36 2
37 2
34 2
72 2
37 2
39 2
72 2
39 4
37 2
72 2
33 4
72 4
37 2
72 2
37 2
72 2
37 2
72 2
37 2
72 2
37 2
72 2
36 4
39 2
72 2
37 2
72 2
37 2
72 2
37 2
72 2
37 2
72 2
37 2
72 2
37 2
72 2
37 2
72 2
37 3
72 1
37 2
72 2
37 2
72 2
37 2
72 2
37 2
72 2
37 2
72 2
37 2
72 2
40 4
39 2
72 2
37 2
72 2
37 2
72 2
37 2
72 2
37 2
72 2
37 2
72 2
37 2
72 2
37 2
72 2
37 4
72 4
37 2
72 2
37 2
72 2
37 2
72 2
37 2
72 2
37 2
72 2
36 4
39 2
72 2
37 2
72 2
37 2
72 2
37 2
72 2
37 2
72 2
37 2
72 2
37 2
72 2
37 2
72 2
37 3
72 1
37 2
72 2
37 2
72 2
37 2
72 2
37 2
72 2
37 2
72 2
37 2
72 2
40 4
39 2
72 2
37 2
72 2
37 2
72 2
37 2
72 2
37 2
72 2
37 2
72 2
37 2
72 2
37 2
72 2
37 4
41 2
72 4
36 2
37 2
34 2
72 2
37 2
39 2
72 2
39 4
37 2
72 2
33 4
41 2
72 2
41 2
72 2
41 2
72 12
41 2
72 2
41 2
72 2
41 2
72 6
39 4
36 2
37 2
39 2
72 6
41 2
72 2
41 2
72 2
41 2
72 2
41 2
72 2
41 7
39 7
37 7
37 7
34 11
72 2
34 2
36 2
37 2
72 2
39 2
72 2
40 11
E
S
L
72 14
53 2
72 2
53 2
72 2
53 2
72 2
53 2
72 2
53 2
72 2
56 4
54 2
72 2
52 4
53 2
72 2
54 2
72 2
56 2
72 2
54 4
53 2
72 2
56 2
54 0
72 0
53 0
72 1
52 4
72 14
65 2
72 4
60 2
61 2
58 2
72 2
61 2
63 2
72 2
63 4
61 4
57 4
72 4
34 2
72 2
34 2
72 2
34 2
72 2
34 2
72 2
34 2
72 2
34 4
34 2
72 2
34 2
72 2
34 2
72 2
34 2
72 2
34 2
72 2
34 2
72 2
34 2
72 2
34 2
72 2
34 3
72 1
34 2
72 2
34 2
72 2
34 2
72 2
34 2
72 2
34 2
72 2
34 2
72 2
34 4
34 2
72 2
34 2
72 2
34 2
72 2
34 2
72 2
34 2
72 2
34 2
72 2
34 2
72 2
34 2
72 2
34 4
72 4
34 2
72 2
34 2
72 2
34 2
72 2
34 2
72 2
34 2
72 2
34 4
34 2
72 2
34 2
72 2
34 2
72 2
34 2
72 2
34 2
72 2
34 2
72 2
34 2
72 2
34 2
72 2
34 3
72 1
34 2
72 2
34 2
72 2
34 2
72 2
34 2
72 2
34 2
72 2
34 2
72 2
34 4
34 2
72 2
34 2
72 2
34 2
72 2
34 2
72 2
34 2
72 2
34 2
72 2
34 2
72 2
34 2
72 2
34 4
65 2
72 4
60 2
61 2
58 2
72 2
61 2
63 2
72 2
63 7
57 4
34 2
72 2
36 2
72 2
37 2
72 12
34 2
72 2
36 2
72 2
37 2
72 6
36 4
33 2
34 2
36 2
72 6
34 2
72 2
36 2
72 2
37 2
72 2
39 2
72 2
37 7
36 7
34 7
32 7
30 11
72 2
30 2
32 2
34 2
72 2
36 2
72 2
37 11
E
S
L
72 14
34 2
46 2
36 2
48 2
37 2
49 2
39 2
51 2
41 2
53 2
37 2
49 2
42 2
54 2
53 2
51 2
41 2
53 2
37 2
49 2
36 2
48 2
39 2
51 2
37 2
49 2
34 2
46 2
33 2
45 2
46 2
48 2
72 14
29 5
72 0
24 2
25 2
22 4
25 2
27 4
27 4
25 4
21 4
22 7
17 7
22 9
17 4
22 7
17 7
22 7
16 7
18 7
25 7
22 7
17 7
18 7
25 7
22 7
18 7
22 7
17 7
22 9
17 4
22 7
17 7
22 7
16 7
18 7
25 7
22 7
17 7
18 7
25 7
22 7
18 7
29 5
72 0
24 2
25 2
22 4
25 2
27 4
27 4
25 4
21 4
231 2
72 2
101 2
72 2
114 2
72 6
101 2
231 2
218 2
231 2
101 2
72 6
231 2
72 2
101 2
72 2
114 2
72 6
101 2
231 2
218 2
231 2
101 2
72 6
231 2
72 2
101 2
72 2
114 2
72 2
140 2
72 2
114 7
101 7
231 7
205 7
179 13
E
S
H
72 14
34 0
41 0
72 2
46 0
72 0
49 0
72 1
53 0
72 1
49 0
72 0
46 0
41 0
72 2
46 0
53 0
72 2
58 0
72 0
61 0
72 1
65 4
72 11
34 0
41 0
72 2
46 0
72 0
49 0
72 1
53 0
72 1
49 0
72 0
46 0
41 0
72 2
46 0
53 0
72 2
58 0
72 0
61 0
72 1
65 4
72 11
30 0
37 0
72 2
42 0
72 0
46 0
72 1
49 0
72 1
46 0
72 0
42 0
37 0
72 2
42 0
49 0
72 2
54 0
72 0
58 0
72 1
61 4
72 11
30 0
37 0
72 2
42 0
72 0
46 0
72 1
49 0
72 1
46 0
72 0
42 0
37 0
72 2
42 0
49 0
72 2
54 0
72 0
58 0
72 1
61 4
72 11
34 0
41 0
72 2
46 0
72 0
49 0
72 1
53 0
72 1
49 0
72 0
46 0
41 0
72 2
46 0
53 0
72 2
58 0
72 0
61 0
72 1
65 4
72 11
34 0
41 0
72 2
46 0
72 0
49 0
72 1
53 0
72 1
49 0
72 0
46 0
41 0
72 2
46 0
53 0
72 2
58 0
72 0
61 0
72 1
65 4
72 11
30 0
37 0
72 2
42 0
72 0
46 0
72 1
49 0
72 1
46 0
72 0
42 0
37 0
72 2
42 0
49 0
72 2
54 0
72 0
58 0
72 1
61 4
72 11
30 0
37 0
72 2
42 0
72 0
46 0
72 1
49 0
72 1
46 0
72 0
42 0
37 0
72 2
42 0
49 0
72 2
54 0
72 0
58 0
72 1
61 4
E
S
H
72 14
53 4
58 4
57 4
58 2
60 2
58 4
53 4
58 4
61 4
65 13
64 11
72 4
64 4
61 2
60 2
58 2
54 2
E
S
L
14 0
14 0
14 0
14 0
14 0
14 0
14 4
14 0
14 0
14 0
14 0
14 0
14 0
14 4
14 4
14 4
14 0
14 0
14 0
14 0
14 0
14 0
14 4
14 0
14 0
14 0
14 0
14 0
14 0
14 4
14 0
14 0
14 0
14 0
14 0
14 0
14 4
14 4
14 4
25 13
25 7
25 7
14 0
25 11
14 0
14 0
14 0
14 0
14 0
14 0
14 0
14 0
14 0
14 0
14 0
14 7
25 7
25 7
14 0
25 11
14 0
14 0
14 0
14 0
14 0
14 0
14 0
14 0
14 0
14 0
14 0
14 7
25 7
25 7
14 0
25 11
14 0
14 0
14 0
14 0
14 0
14 0
14 0
14 0
14 0
14 0
14 0
14 7
25 7
25 7
14 0
25 11
14 0
14 0
14 0
14 0
14 0
14 0
14 0
14 0
14 0
14 0
14 0
14 7
25 7
25 7
14 0
25 11
14 0
14 0
14 0
14 0
14 0
14 0
14 0
14 0
14 0
14 0
14 0
14 7
25 7
25 7
14 0
25 11
14 0
14 0
14 0
14 0
14 0
14 0
14 0
14 0
14 0
14 0
14 0
14 7
25 7
25 7
14 0
25 11
14 0
14 0
14 0
14 0
14 0
14 0
14 0
14 0
14 0
14 0
14 0
14 7
25 7
25 7
14 0
25 11
14 0
14 0
14 0
14 0
14 0
14 0
14 0
14 0
14 0
14 0
14 0
14 7
25 14
E
X
