major
S
H
72 13
24 11
72 14
59 13
61 2
62 2
64 4
62 2
61 2
59 4
57 2
61 2
59 4
55 4
57 4
55 4
54 4
50 4
52 4
47 4
59 12
72 4
55 2
54 2
55 2
72 2
55 2
54 2
55 2
72 2
55 2
54 2
52 2
72 2
51 2
54 2
52 2
72 2
47 2
50 2
49 2
72 2
45 2
72 2
47 4
45 4
43 4
42 4
43 13
72 13
59 13
61 2
62 2
64 4
62 2
61 2
59 4
57 2
61 2
59 4
55 4
57 4
55 4
54 4
50 4
52 4
47 4
59 12
72 4
55 2
54 2
55 2
72 2
55 2
54 2
55 2
72 2
55 2
54 2
52 2
72 2
51 2
54 2
52 2
72 2
47 2
50 2
49 2
72 2
45 2
72 2
47 4
45 4
43 4
42 4
43 4
42 4
40 4
39 2
42 2
40 4
38 4
37 4
33 4
35 13
72 7
55 0
72 2
55 0
72 2
55 0
72 2
55 0
72 2
57 4
72 4
55 0
72 2
55 0
72 2
57 4
72 4
55 0
72 2
55 0
72 2
58 4
72 2
55 0
72 2
58 4
72 2
55 0
72 2
58 0
72 2
55 0
72 2
58 4
57 0
72 2
57 0
72 2
57 0
72 2
57 0
72 2
51 4
72 4
57 0
72 2
57 0
72 2
51 4
72 4
57 0
72 2
57 0
72 2
60 4
72 2
57 0
72 2
60 4
72 2
57 0
72 2
60 0
72 2
57 0
72 2
60 4
60 2
59 2
58 2
57 2
44 13
68 2
72 6
68 2
72 6
56 2
57 2
59 2
72 2
59 2
57 2
56 2
72 2
44 13
68 2
72 6
68 2
72 6
59 2
61 2
62 2
72 2
62 2
61 2
59 2
E
S
H
72 13
48 11
72 14
47 13
49 2
50 2
52 4
50 2
49 2
47 4
45 2
49 2
47 4
43 4
45 4
43 4
42 4
38 4
40 4
35 4
47 12
72 4
43 2
42 2
43 2
72 2
43 2
42 2
43 2
72 2
43 2
42 2
40 2
72 2
39 2
42 2
40 2
72 2
35 2
38 2
37 2
72 2
33 2
72 2
35 4
33 4
31 4
30 4
31 13
72 13
47 13
49 2
50 2
52 4
50 2
49 2
47 4
45 2
49 2
47 4
43 4
45 4
43 4
42 4
38 4
40 4
35 4
47 12
72 4
43 2
42 2
43 2
72 2
43 2
42 2
43 2
72 2
43 2
42 2
40 2
72 2
39 2
42 2
40 2
72 2
35 2
38 2
37 2
72 2
33 2
72 2
35 4
33 4
31 4
30 4
31 4
30 4
28 4
27 2
30 2
28 4
26 4
25 4
21 4
23 13
72 7
43 0
72 2
43 0
72 2
43 0
72 2
43 0
72 2
45 4
72 4
43 0
72 2
43 0
72 2
45 4
72 4
43 0
72 2
43 0
72 2
46 4
72 2
43 0
72 2
46 4
72 2
43 0
72 2
46 0
72 2
43 0
72 2
46 4
45 0
72 2
45 0
72 2
45 0
72 2
45 0
72 2
39 4
72 4
45 0
72 2
45 0
72 2
39 4
72 4
45 0
72 2
45 0
72 2
48 4
72 2
45 0
72 2
48 4
72 2
45 0
72 2
48 0
72 2
45 0
72 2
48 4
48 2
47 2
46 2
45 2
38 13
56 2
72 6
56 2
72 6
44 2
45 2
47 2
72 2
47 2
45 2
44 2
72 2
38 13
56 2
72 6
56 2
72 6
47 2
49 2
50 2
72 2
50 2
49 2
47 2
E
S
H
31 0
72 2
35 0
72 0
37 0
72 1
38 0
72 1
43 0
72 0
47 0
72 2
49 0
72 2
50 0
72 0
55 0
72 1
59 0
72 1
61 0
72 0
62 0
72 2
67 0
72 2
62 0
72 0
61 0
72 1
59 0
72 1
55 0
72 0
50 0
72 2
49 0
72 2
47 0
72 0
43 0
72 1
38 0
72 1
37 0
72 0
35 0
72 2
31 0
72 2
35 0
72 0
37 0
72 1
38 0
72 1
43 0
72 0
47 0
72 2
49 0
72 2
50 0
72 0
55 0
72 1
59 0
72 1
61 0
72 0
62 0
72 2
67 0
72 2
62 0
72 0
61 0
72 1
59 0
72 1
55 0
72 0
50 0
72 2
49 0
72 2
47 0
72 0
43 0
72 1
38 0
72 1
37 0
72 0
35 0
72 2
31 0
72 2
35 0
72 0
37 0
72 1
38 0
72 1
43 0
72 0
47 0
72 2
49 0
72 2
50 0
72 0
55 0
72 1
59 0
72 1
61 0
72 0
62 0
72 2
67 0
72 2
62 0
72 0
61 0
72 1
59 0
72 1
55 0
72 0
50 0
72 2
49 0
72 2
47 0
72 0
43 0
72 1
38 0
72 1
37 0
72 0
35 0
72 2
31 0
72 2
35 0
72 0
37 0
72 1
38 0
72 1
43 0
72 0
47 0
72 2
49 0
72 2
50 0
72 0
55 0
72 1
59 0
72 1
61 0
72 0
62 0
72 2
67 0
72 2
62 0
72 0
61 0
72 1
59 0
72 1
55 0
72 0
50 0
72 2
49 0
72 2
47 0
72 0
43 0
72 1
38 0
72 1
37 0
72 0
35 0
72 2
31 0
72 2
35 0
72 0
37 0
72 1
38 0
72 1
43 0
72 0
47 0
72 2
49 0
72 2
50 0
72 0
55 0
72 1
59 0
72 1
61 0
72 0
62 0
72 2
67 0
72 2
62 0
72 0
61 0
72 1
59 0
72 1
55 0
72 0
50 0
72 2
49 0
72 2
47 0
72 0
43 0
72 1
38 0
72 1
37 0
72 0
35 0
72 2
31 0
72 2
35 0
72 0
37 0
72 1
38 0
72 1
43 0
72 0
47 0
72 2
49 0
72 2
50 0
72 0
55 0
72 1
59 0
72 1
61 0
72 0
62 0
72 2
67 0
72 2
62 0
72 0
61 0
72 1
59 0
72 1
55 0
72 0
50 0
72 2
49 0
72 2
47 0
72 0
43 0
72 1
38 0
72 1
37 0
72 0
35 0
72 2
31 0
72 2
35 0
72 0
37 0
72 1
38 0
72 1
43 0
72 0
47 0
72 2
49 0
72 2
50 0
72 0
55 0
72 1
59 0
72 1
61 0
72 0
62 0
72 2
67 0
72 2
62 0
72 0
61 0
72 1
59 0
72 1
55 0
72 0
50 0
72 2
49 0
72 2
47 0
72 0
43 0
72 1
38 0
72 1
37 0
72 0
35 0
72 2
31 0
72 2
35 0
72 0
37 0
72 1
38 0
72 1
43 0
72 0
47 0
72 2
49 0
72 2
50 0
72 0
55 0
72 1
59 0
72 1
61 0
72 0
62 0
72 2
67 0
72 2
62 0
72 0
61 0
72 1
59 0
72 1
55 0
72 0
50 0
72 2
49 0
72 2
47 0
72 0
43 0
72 1
38 0
72 1
37 0
72 0
35 0
72 2
31 0
72 2
35 0
72 0
37 0
72 1
38 0
72 1
43 0
72 0
47 0
72 2
49 0
72 2
50 0
72 0
55 0
72 1
59 0
72 1
61 0
72 0
62 0
72 2
67 0
72 2
62 0
72 0
61 0
72 1
59 0
72 1
55 0
72 0
50 0
72 2
49 0
72 2
47 0
72 0
43 0
72 1
38 0
72 1
37 0
72 0
35 0
72 2
31 0
72 2
35 0
72 0
37 0
72 1
38 0
72 1
43 0
72 0
47 0
72 2
49 0
72 2
50 0
72 0
55 0
72 1
59 0
72 1
61 0
72 0
62 0
72 2
67 0
72 2
62 0
72 0
61 0
72 1
59 0
72 1
55 0
72 0
50 0
72 2
49 0
72 2
47 0
72 0
43 0
72 1
38 0
72 1
37 0
72 0
35 0
72 2
31 0
72 2
35 0
72 0
37 0
72 1
38 0
72 1
43 0
72 0
47 0
72 2
49 0
72 2
50 0
72 0
55 0
72 1
59 0
72 1
61 0
72 0
62 0
72 2
67 0
72 2
62 0
72 0
61 0
72 1
59 0
72 1
55 0
72 0
50 0
72 2
49 0
72 2
47 0
72 0
43 0
72 1
38 0
72 1
37 0
72 0
35 0
72 2
31 0
72 2
35 0
72 0
37 0
72 1
38 0
72 1
43 0
72 0
47 0
72 2
49 0
72 2
50 0
72 0
55 0
72 1
59 0
72 1
61 0
72 0
62 0
72 2
67 0
72 2
62 0
72 0
61 0
72 1
59 0
72 1
55 0
72 0
50 0
72 2
49 0
72 2
47 0
72 0
43 0
72 1
38 0
72 1
37 0
72 0
35 0
72 2
31 0
72 2
35 0
72 0
37 0
72 1
38 0
72 1
43 0
72 0
47 0
72 2
49 0
72 2
50 0
72 0
55 0
72 1
59 0
72 1
61 0
72 0
62 0
72 2
67 0
72 2
62 0
72 0
61 0
72 1
59 0
72 1
55 0
72 0
50 0
72 2
49 0
72 2
47 0
72 0
43 0
72 1
38 0
72 1
37 0
72 0
35 0
72 2
31 0
72 2
35 0
72 0
37 0
72 1
38 0
72 1
43 0
72 0
47 0
72 2
49 0
72 2
50 0
72 0
55 0
72 1
59 0
72 1
61 0
72 0
62 0
72 2
67 0
72 2
62 0
72 0
61 0
72 1
59 0
72 1
55 0
72 0
50 0
72 2
49 0
72 2
47 0
72 0
43 0
72 1
38 0
72 1
37 0
72 0
35 0
72 2
31 0
72 2
35 0
72 0
37 0
72 1
38 0
72 1
43 0
72 0
47 0
72 2
49 0
72 2
50 0
72 0
55 0
72 1
59 0
72 1
61 0
72 0
62 0
72 2
67 0
72 2
62 0
72 0
61 0
72 1
59 0
72 1
55 0
72 0
50 0
72 2
49 0
72 2
47 0
72 0
43 0
72 1
38 0
72 1
37 0
72 0
35 0
72 2
31 0
72 2
35 0
72 0
37 0
72 1
38 0
72 1
43 0
72 0
47 0
72 2
49 0
72 2
50 0
72 0
55 0
72 1
59 0
72 1
61 0
72 0
62 0
72 2
67 0
72 2
62 0
72 0
61 0
72 1
59 0
72 1
55 0
72 0
50 0
72 2
49 0
72 2
47 0
72 0
43 0
72 1
38 0
72 1
37 0
72 0
35 0
72 2
31 0
72 2
35 0
72 0
37 0
72 1
38 0
72 1
43 0
72 0
47 0
72 2
49 0
72 2
50 0
72 0
55 0
72 1
59 0
72 1
61 0
72 0
62 0
72 2
67 0
72 2
62 0
72 0
61 0
72 1
59 0
72 1
55 0
72 0
50 0
72 2
49 0
72 2
47 0
72 0
43 0
72 1
38 0
72 1
37 0
72 0
35 0
72 2
31 0
72 2
35 0
72 0
37 0
72 1
38 0
72 1
43 0
72 0
47 0
72 2
49 0
72 2
50 0
72 0
55 0
72 1
59 0
72 1
61 0
72 0
62 0
72 2
67 0
72 2
62 0
72 0
61 0
72 1
59 0
72 1
55 0
72 0
50 0
72 2
49 0
72 2
47 0
72 0
43 0
72 1
38 0
72 1
37 0
72 0
35 0
72 2
31 0
72 2
35 0
72 0
37 0
72 1
38 0
72 1
43 0
72 0
47 0
72 2
49 0
72 2
50 0
72 0
55 0
72 1
59 0
72 1
61 0
72 0
62 0
72 2
67 0
72 2
62 0
72 0
61 0
72 1
59 0
72 1
55 0
72 0
50 0
72 2
49 0
72 2
47 0
72 0
43 0
72 1
38 0
72 1
37 0
72 0
35 0
72 2
31 0
72 2
35 0
72 0
37 0
72 1
38 0
72 1
43 0
72 0
47 0
72 2
49 0
72 2
50 0
72 0
55 0
72 1
59 0
72 1
61 0
72 0
62 0
72 2
67 0
72 2
62 0
72 0
61 0
72 1
59 0
72 1
55 0
72 0
50 0
72 2
49 0
72 2
47 0
72 0
43 0
72 1
38 0
72 1
37 0
72 0
35 0
E
S
L
72 14
31 2
31 2
31 2
31 2
25 7
31 2
31 2
25 9
31 2
31 2
31 2
31 2
25 7
31 2
31 2
25 9
31 2
31 2
31 2
31 2
25 7
31 2
31 2
25 9
31 2
31 2
31 2
31 2
25 7
31 2
31 2
25 9
31 2
31 2
31 2
31 2
25 7
31 2
31 2
25 9
31 2
31 2
31 2
31 2
25 7
31 2
31 2
25 9
31 2
31 2
31 2
31 2
25 7
31 2
31 2
25 9
31 2
31 2
31 2
31 2
25 7
31 2
31 2
25 9
31 2
31 2
31 2
31 2
25 7
31 2
31 2
25 9
31 2
31 2
31 2
31 2
25 7
31 2
31 2
25 9
31 2
31 2
31 2
31 2
25 7
31 2
31 2
25 9
31 2
31 2
31 2
31 2
25 7
31 2
31 2
25 9
31 2
31 2
31 2
31 2
25 7
31 2
31 2
25 9
31 2
31 2
31 2
31 2
25 7
31 2
31 2
25 9
31 2
31 2
31 2
31 2
25 7
31 2
31 2
25 9
31 2
31 2
31 2
31 2
25 7
31 2
31 2
25 9
31 2
31 2
31 2
31 2
25 7
31 2
31 2
25 9
31 2
31 2
31 2
31 2
25 7
31 2
31 2
25 9
31 2
31 2
31 2
31 2
25 7
31 2
31 2
25 7
31 2
31 2
25 5
72 0
31 2
25 5
72 0
31 2
25 2
31 2
25 4
24 2
24 2
24 2
24 2
30 7
24 2
24 2
30 7
24 2
24 2
30 5
72 0
24 2
30 5
72 0
24 2
30 2
24 2
30 4
72 7
20 4
20 4
20 4
20 4
20 4
20 4
20 4
20 4
32 4
20 4
32 4
20 4
20 4
20 4
20 4
20 4
20 4
20 4
20 4
20 4
20 4
20 4
20 4
20 4
32 4
20 4
32 4
20 4
20 4
20 4
20 4
20 4
E
S
L
72 14
19 2
19 2
19 2
19 2
13 4
72 4
19 2
19 2
13 4
72 7
19 2
19 2
19 2
19 2
13 4
72 4
19 2
19 2
13 4
72 7
19 2
19 2
19 2
19 2
13 4
72 4
19 2
19 2
13 4
72 7
19 2
19 2
19 2
19 2
13 4
72 4
19 2
19 2
13 4
72 7
19 2
19 2
19 2
19 2
13 4
72 4
19 2
19 2
13 4
72 7
19 2
19 2
19 2
19 2
13 4
72 4
19 2
19 2
13 4
72 7
19 2
19 2
19 2
19 2
13 4
72 4
19 2
19 2
13 4
72 7
19 2
19 2
19 2
19 2
13 4
72 4
19 2
19 2
13 4
72 7
19 2
19 2
19 2
19 2
13 4
72 4
19 2
19 2
13 4
72 7
19 2
19 2
19 2
19 2
13 4
72 4
19 2
19 2
13 4
72 7
19 2
19 2
19 2
19 2
13 4
72 4
19 2
19 2
13 4
72 7
19 2
19 2
19 2
19 2
13 4
72 4
19 2
19 2
13 4
72 7
19 2
19 2
19 2
19 2
13 4
72 4
19 2
19 2
13 4
72 7
19 2
19 2
19 2
19 2
13 4
72 4
19 2
19 2
13 4
72 7
19 2
19 2
19 2
19 2
13 4
72 4
19 2
19 2
13 4
72 7
19 2
19 2
19 2
19 2
13 4
72 4
19 2
19 2
13 4
72 7
19 2
19 2
19 2
19 2
13 4
72 4
19 2
19 2
13 4
72 7
19 2
19 2
19 2
19 2
13 4
72 4
19 2
19 2
13 4
72 7
19 2
19 2
19 2
19 2
13 4
72 4
19 2
19 2
13 4
72 4
19 2
19 2
13 4
72 2
19 2
13 4
72 2
19 2
13 2
19 2
13 4
12 2
12 2
12 2
12 2
18 4
72 4
12 2
12 2
18 4
72 4
12 2
12 2
18 4
72 2
12 2
18 4
72 2
12 2
18 2
12 2
18 4
72 7
20 4
20 4
20 4
20 4
20 4
20 4
20 4
20 4
32 4
20 4
32 4
20 4
20 4
20 4
20 4
20 4
20 4
20 4
20 4
20 4
20 4
20 4
20 4
20 4
32 4
20 4
32 4
20 4
20 4
20 4
20 4
20 4
E
S
L
72 14
7 2
31 2
19 2
7 2
43 2
31 2
19 2
7 2
7 2
31 2
19 2
7 2
43 2
31 2
19 2
7 2
7 2
31 2
19 2
7 2
43 2
31 2
19 2
7 2
7 2
31 2
19 2
7 2
43 2
31 2
19 2
7 2
7 2
31 2
19 2
7 2
43 2
31 2
19 2
7 2
7 2
31 2
19 2
7 2
43 2
31 2
19 2
7 2
7 2
31 2
19 2
7 2
43 2
31 2
19 2
7 2
7 2
31 2
19 2
7 2
43 2
31 2
19 2
7 2
7 2
31 2
19 2
7 2
43 2
31 2
19 2
7 2
7 2
31 2
19 2
7 2
43 2
31 2
19 2
7 2
7 2
31 2
19 2
7 2
43 2
31 2
19 2
7 2
7 2
31 2
19 2
7 2
43 2
31 2
19 2
7 2
7 2
31 2
19 2
7 2
43 2
31 2
19 2
7 2
7 2
31 2
19 2
7 2
43 2
31 2
19 2
7 2
7 2
31 2
19 2
7 2
43 2
31 2
19 2
7 2
7 2
31 2
19 2
7 2
43 2
31 2
19 2
7 2
7 2
31 2
19 2
7 2
43 2
31 2
19 2
7 2
7 2
31 2
19 2
7 2
43 2
31 2
19 2
7 2
7 2
31 2
19 2
7 2
43 2
31 2
19 2
7 2
7 2
31 2
19 2
7 2
43 2
31 2
19 2
7 2
7 2
31 2
19 2
7 2
43 2
31 2
19 2
7 2
7 2
31 2
19 2
7 2
43 2
31 2
19 2
7 2
7 2
31 2
19 2
7 2
43 2
31 2
19 2
7 2
7 2
31 2
19 2
7 2
43 2
31 2
19 2
7 2
7 2
31 2
19 2
7 2
43 2
31 2
19 2
7 2
7 2
31 2
19 2
7 2
43 2
31 2
19 2
7 2
7 2
31 2
19 2
7 2
43 2
31 2
19 2
7 2
7 2
31 2
19 2
7 2
43 2
31 2
19 2
7 2
7 2
31 2
19 2
7 2
43 2
31 2
19 2
7 2
7 2
31 2
19 2
7 2
43 2
31 2
19 2
7 2
7 2
31 2
19 2
7 2
43 2
31 2
19 2
7 2
7 2
31 2
19 2
7 2
43 2
31 2
19 2
7 2
7 2
31 2
19 2
7 2
43 2
31 2
19 2
7 2
7 2
31 2
19 2
7 2
43 2
31 2
19 2
7 2
7 2
31 2
19 2
7 2
43 2
31 2
19 2
7 2
7 2
31 2
19 2
7 2
43 2
31 2
19 2
7 2
19 0
72 2
19 0
72 2
19 0
72 2
19 0
72 2
19 0
72 2
19 0
72 2
19 0
72 2
19 0
72 2
19 0
72 2
19 0
72 2
19 0
72 2
19 0
72 2
19 0
72 2
19 0
72 2
19 0
72 2
19 0
72 2
19 0
72 2
19 0
72 2
19 0
72 2
19 0
72 2
19 0
72 2
19 0
72 2
19 0
72 2
19 0
72 2
19 0
72 2
19 0
72 2
19 0
72 2
19 0
72 2
18 0
72 2
18 0
72 2
18 0
72 2
18 0
72 2
18 0
72 2
18 0
72 2
18 0
72 2
18 0
72 2
18 0
72 2
18 0
72 2
18 0
72 2
18 0
72 2
18 0
72 2
18 0
72 2
18 0
72 2
18 0
72 2
18 0
72 2
18 0
72 2
18 0
72 2
18 0
72 2
18 0
72 2
18 0
72 2
18 0
72 2
18 0
72 2
18 0
72 2
18 0
72 2
18 0
72 2
18 0
72 2
18 0
72 2
18 0
72 2
18 0
72 2
18 0
72 2
68 13
32 5
72 3
32 5
72 11
68 13
32 5
72 3
32 5
E
S
L
72 14
10 4
11 2
72 12
10 4
11 2
72 2
10 4
11 2
72 11
10 4
11 2
72 12
10 4
11 2
72 2
10 4
11 2
72 11
10 4
11 2
72 12
10 4
11 2
72 2
10 4
11 2
72 11
10 4
11 2
72 12
10 4
11 2
72 2
10 4
11 2
72 11
10 4
11 2
72 12
10 4
11 2
72 2
10 4
11 2
72 11
10 4
11 2
72 12
10 4
11 2
72 2
10 4
11 2
72 11
10 4
11 2
72 12
10 4
11 2
72 2
10 4
11 2
72 11
10 4
11 2
72 12
10 4
11 2
72 2
10 4
11 2
72 6
52 0
72 2
52 0
72 2
52 0
72 2
52 0
72 2
51 4
72 4
52 0
72 2
52 0
72 2
51 4
72 4
52 0
72 2
52 0
72 2
49 4
72 2
46 0
72 2
49 4
72 2
46 0
72 2
49 0
72 2
46 0
72 2
49 4
51 0
72 2
51 0
72 2
51 0
72 2
51 0
72 2
48 4
72 4
51 0
72 2
51 0
72 2
48 4
72 4
51 0
72 2
51 0
72 2
54 4
72 2
53 0
72 2
54 4
72 2
51 0
72 2
54 0
72 2
53 0
72 2
54 4
51 2
50 2
49 2
48 2
72 13
62 2
72 6
62 2
72 14
62 2
72 6
62 2
E
X
