minor
S
H
72 14
56 4
56 4
56 4
56 4
56 2
59 4
57 2
55 4
56 2
72 2
57 2
59 4
57 4
56 4
56 2
59 2
58 2
57 2
56 2
72 4
61 4
61 4
61 4
61 4
61 2
64 4
63 2
60 4
61 2
72 2
63 2
64 4
63 4
61 4
61 2
60 4
61 4
72 4
56 4
56 4
56 4
56 4
56 2
59 4
57 2
55 4
56 2
72 2
57 2
59 4
57 4
56 4
56 2
59 2
58 2
57 2
56 2
72 4
61 4
61 4
61 4
61 4
61 2
64 4
63 2
60 4
61 2
72 2
63 2
64 4
63 4
61 4
61 2
60 4
61 4
56 5
72 0
51 2
52 2
49 4
52 2
54 4
54 4
52 4
48 4
49 12
72 12
56 5
72 0
51 2
52 2
49 4
52 2
54 4
54 4
52 4
48 4
49 12
72 13
56 4
56 4
56 4
56 4
56 2
59 4
57 2
55 4
56 2
72 2
57 2
59 4
57 4
56 4
56 2
59 2
58 2
57 2
56 2
72 4
61 4
61 4
61 4
61 4
61 2
64 4
63 2
60 4
61 2
72 2
63 2
64 4
63 4
61 4
61 2
60 4
61 4
72 4
56 4
56 4
56 4
56 4
56 2
59 4
57 2
55 4
56 2
72 2
57 2
59 4
57 4
56 4
56 2
59 2
58 2
57 2
56 2
72 4
61 4
61 4
61 4
61 4
61 2
64 4
63 2
60 4
61 2
72 2
63 2
64 4
63 4
61 4
61 2
60 4
61 4
56 5
72 0
51 2
52 2
49 4
52 2
54 4
54 4
52 4
48 4
49 12
72 12
56 5
72 0
51 2
52 2
49 4
52 2
54 4
54 4
52 4
48 4
49 12
72 13
55 2
50 2
45 2
53 2
48 2
43 2
51 2
46 2
41 2
42 2
44 2
49 2
54 2
59 2
55 2
50 2
45 2
53 2
48 2
43 2
51 2
46 2
41 2
42 2
44 2
49 2
54 2
59 2
54 2
49 2
55 2
50 2
45 2
53 2
48 2
43 2
51 2
46 2
41 2
42 2
44 2
49 2
54 2
59 2
55 2
50 2
45 2
53 2
48 2
43 2
51 2
46 2
41 2
42 2
44 2
49 2
54 2
59 2
54 2
49 2
37 2
72 2
39 2
72 2
40 2
72 2
42 2
72 2
44 2
72 2
40 2
72 2
45 4
44 2
42 2
55 2
50 2
45 2
53 2
48 2
43 2
51 2
46 2
41 2
42 2
44 2
49 2
54 2
59 2
55 2
50 2
45 2
53 2
48 2
43 2
51 2
46 2
41 2
42 2
44 2
49 2
54 2
59 2
54 2
49 2
55 2
50 2
45 2
53 2
48 2
43 2
51 2
46 2
41 2
42 2
44 2
49 2
54 2
59 2
55 2
50 2
45 2
53 2
48 2
43 2
51 2
46 2
41 2
42 2
44 2
49 2
54 2
59 2
54 2
49 2
56 5
72 0
51 2
52 2
49 4
52 2
54 4
54 4
52 4
48 4
49 13
72 13
56 5
72 0
51 2
52 2
49 4
52 2
54 4
54 4
52 4
48 4
49 4
51 2
52 4
54 2
55 4
72 11
55 4
56 2
58 4
59 2
61 4
72 9
72 4
72 14
E
S
H
72 14
54 4
52 4
51 4
49 4
49 2
52 4
51 2
49 4
54 2
72 2
52 2
51 4
49 4
51 4
51 2
54 4
52 4
72 4
59 4
57 4
56 4
54 4
54 2
57 4
56 2
54 4
59 2
72 2
57 2
56 4
54 4
56 4
56 2
57 4
56 4
72 4
54 4
52 4
51 4
49 4
49 2
52 4
51 2
49 4
54 2
72 2
52 2
51 4
49 4
51 4
51 2
54 4
52 4
72 4
59 4
57 4
56 4
54 4
54 2
57 4
56 2
54 4
59 2
72 2
57 2
56 4
54 4
56 4
56 2
57 4
56 4
48 5
72 0
48 2
47 2
45 4
45 2
47 4
47 4
46 4
45 4
44 12
72 12
48 5
72 0
48 2
47 2
45 4
45 2
47 4
47 4
46 4
45 4
44 12
72 13
54 4
52 4
51 4
49 4
49 2
52 4
51 2
49 4
54 2
72 2
52 2
51 4
49 4
51 4
51 2
54 4
52 4
72 4
59 4
57 4
56 4
54 4
54 2
57 4
56 2
54 4
59 2
72 2
57 2
56 4
54 4
56 4
56 2
57 4
56 4
72 4
54 4
52 4
51 4
49 4
49 2
52 4
51 2
49 4
54 2
72 2
52 2
51 4
49 4
51 4
51 2
54 4
52 4
72 4
59 4
57 4
56 4
54 4
54 2
57 4
56 2
54 4
59 2
72 2
57 2
56 4
54 4
56 4
56 2
57 4
56 4
48 5
72 0
48 2
47 2
45 4
45 2
47 4
47 4
46 4
45 4
44 12
72 12
48 5
72 0
48 2
47 2
45 4
45 2
47 4
47 4
46 4
45 4
44 12
72 14
37 2
72 2
36 2
72 2
35 2
72 2
34 2
72 2
32 2
72 2
31 2
72 2
30 4
28 2
27 2
72 14
48 5
72 0
48 2
47 2
45 4
45 2
47 4
47 4
46 4
45 4
44 13
72 13
48 5
72 0
48 2
47 2
45 4
45 2
47 4
47 4
46 4
45 4
37 4
39 2
40 4
42 2
43 4
72 11
43 4
44 2
46 4
47 2
49 4
72 11
44 14
44 13
45 11
44 11
41 11
42 11
40 11
39 11
36 11
37 11
35 11
37 14
36 13
44 14
44 14
44 13
45 11
44 11
41 11
42 11
40 11
39 11
36 11
37 11
35 11
37 14
36 13
44 14
44 14
72 4
38 4
47 2
72 2
45 2
72 2
43 2
72 2
41 2
72 2
39 2
72 2
37 2
E
S
L
13 4
15 2
16 4
15 2
13 4
15 2
16 4
15 2
13 4
15 4
13 4
15 2
16 4
15 2
13 4
15 2
16 4
15 2
13 4
15 4
13 4
15 2
16 4
15 2
13 4
15 2
16 4
15 2
13 4
15 4
13 4
15 2
16 4
15 2
13 4
15 2
16 4
15 2
13 4
15 4
13 4
15 4
16 4
13 2
20 4
25 4
18 2
23 4
13 4
15 4
16 4
13 2
20 4
25 4
18 2
23 4
22 4
18 4
20 4
21 4
18 2
25 4
30 4
23 2
28 4
18 4
20 4
21 4
18 2
25 4
30 4
23 2
28 4
27 4
13 4
15 4
16 4
13 2
20 4
25 4
18 2
23 4
13 4
15 4
16 4
13 2
20 4
25 4
18 2
23 4
22 4
18 4
20 4
21 4
18 2
25 4
30 4
23 2
28 4
18 4
20 4
21 4
18 2
25 4
30 4
23 2
28 4
27 4
8 7
9 7
11 7
12 7
13 4
15 2
16 4
18 2
19 4
18 2
16 4
15 2
13 4
15 2
16 4
18 2
19 4
18 4
16 4
15 4
8 7
9 7
11 7
12 7
13 4
15 2
16 4
15 2
13 4
15 2
16 4
15 2
13 4
15 4
13 4
15 2
16 4
15 2
13 4
15 2
16 4
15 2
13 4
15 4
13 4
15 4
16 4
13 2
20 4
25 4
18 2
23 4
13 4
15 4
16 4
13 2
20 4
25 4
18 2
23 4
22 4
18 4
20 4
21 4
18 2
25 4
30 4
23 2
28 4
18 4
20 4
21 4
18 2
25 4
30 4
23 2
28 4
27 4
13 4
15 4
16 4
13 2
20 4
25 4
18 2
23 4
13 4
15 4
16 4
13 2
20 4
25 4
18 2
23 4
22 4
18 4
20 4
21 4
18 2
25 4
30 4
23 2
28 4
18 4
20 4
21 4
18 2
25 4
30 4
23 2
28 4
27 4
8 7
9 7
11 7
12 7
13 4
15 2
16 4
18 2
19 4
18 2
16 4
15 2
13 4
15 2
16 4
18 2
19 4
18 4
16 4
15 4
8 7
9 7
11 7
12 7
13 4
15 2
16 4
15 2
13 4
15 2
16 4
15 2
13 4
15 4
13 4
15 2
16 4
15 2
13 4
15 2
16 4
15 2
13 4
15 4
12 4
19 2
24 4
25 2
24 4
19 4
17 4
22 4
12 4
19 2
24 4
25 2
24 4
19 4
17 4
22 4
27 4
12 4
19 2
24 4
25 2
24 4
19 4
17 4
22 4
12 4
19 2
24 4
25 2
24 4
19 4
17 4
22 4
27 4
72 13
12 4
19 2
24 4
25 2
24 4
19 4
17 4
22 4
12 4
19 2
24 4
25 2
24 4
19 4
17 4
22 4
27 4
12 4
19 2
24 4
25 2
24 4
19 4
17 4
22 4
12 4
19 2
24 4
25 2
24 4
19 4
17 4
22 4
27 4
8 7
9 7
11 7
12 7
13 4
15 2
16 4
15 2
13 4
15 2
16 4
15 2
13 4
15 4
13 4
15 2
16 4
15 2
13 4
15 2
16 4
15 2
13 4
15 4
8 7
9 7
11 7
12 7
13 4
15 2
16 4
18 2
19 4
72 11
19 4
20 2
22 4
23 2
25 4
72 11
25 12
25 4
27 4
72 4
27 11
27 4
28 12
28 4
26 4
72 4
26 11
26 4
23 12
25 4
30 4
72 4
30 11
28 4
27 12
24 4
25 4
72 4
25 11
23 4
21 12
21 4
20 4
72 4
20 11
20 4
20 12
20 4
18 4
72 4
18 11
18 4
18 12
18 4
25 12
25 4
27 4
72 4
27 11
27 4
28 12
28 4
26 4
72 4
26 11
26 4
23 12
25 4
30 4
72 4
30 11
28 4
27 12
24 4
25 4
72 4
25 11
23 4
21 12
21 4
20 4
72 4
20 11
20 4
20 12
20 4
18 4
72 4
18 11
18 4
18 12
18 4
13 4
15 2
16 4
15 2
13 4
15 2
16 4
15 2
13 4
15 4
13 4
15 2
16 4
15 2
13 4
15 2
16 4
15 2
13 4
15 4
13 4
15 2
16 4
15 2
13 4
15 2
16 4
15 2
13 4
15 4
13 4
15 2
16 4
15 2
13 4
15 2
16 4
15 2
13 4
15 4
E
S
H
36 0
72 2
36 0
72 0
36 0
72 4
33 2
33 2
72 2
36 2
36 2
72 2
33 2
33 2
72 2
29 2
29 2
72 4
36 0
72 2
36 0
72 0
36 0
72 4
33 2
33 2
72 2
36 2
36 2
72 2
33 2
33 2
72 8
36 0
72 2
36 0
72 0
36 0
72 4
33 2
33 2
72 2
36 2
36 2
72 2
33 2
33 2
72 2
29 2
29 2
72 4
36 0
72 2
36 0
72 0
36 0
72 4
33 2
33 2
72 2
36 2
36 2
72 2
33 2
33 2
72 8
36 0
72 2
36 0
72 0
36 0
72 4
33 2
33 2
72 2
36 2
36 2
33 2
72 2
29 2
72 6
36 0
72 1
36 0
72 0
36 0
72 4
33 2
33 2
72 2
36 2
36 2
72 2
33 2
33 2
72 8
36 0
72 1
36 0
72 0
36 0
72 4
33 2
33 2
72 2
36 2
36 2
33 2
72 2
29 2
72 6
36 0
72 2
36 0
72 0
36 0
72 4
33 2
33 2
72 2
36 2
36 2
72 2
33 2
33 2
72 8
36 0
72 2
36 0
72 0
36 0
72 4
33 2
33 2
72 2
36 2
36 2
33 2
72 2
29 2
72 6
36 0
72 1
36 0
72 0
36 0
72 4
33 2
33 2
72 2
36 2
36 2
72 2
33 2
33 2
72 8
36 0
72 1
36 0
72 0
36 0
72 4
33 2
33 2
72 2
36 2
36 2
33 2
72 2
29 2
72 6
36 0
72 2
36 0
72 0
36 0
72 4
33 2
33 2
72 2
36 2
36 2
72 2
33 2
33 2
72 9
33 2
33 2
72 2
29 2
29 2
72 2
36 2
36 2
72 2
33 2
33 2
29 4
72 13
36 0
72 1
36 0
72 0
36 0
72 2
33 2
29 2
72 2
33 2
33 2
72 2
29 2
29 2
72 2
36 2
36 2
72 2
33 2
33 2
29 4
72 14
36 0
72 1
36 0
72 0
36 0
72 4
33 2
33 2
72 2
36 2
36 2
33 2
72 2
29 2
72 6
36 0
72 2
36 0
72 0
36 0
72 4
33 2
33 2
72 2
36 2
36 2
72 2
33 2
33 2
72 8
36 0
72 2
36 0
72 0
36 0
72 4
33 2
33 2
72 2
36 2
36 2
33 2
72 2
29 2
72 6
36 0
72 1
36 0
72 0
36 0
72 4
33 2
33 2
72 2
36 2
36 2
72 2
33 2
33 2
72 8
36 0
72 1
36 0
72 0
36 0
72 4
33 2
33 2
72 2
36 2
36 2
33 2
72 2
29 2
72 6
36 0
72 2
36 0
72 0
36 0
72 4
33 2
33 2
72 2
36 2
36 2
72 2
33 2
33 2
72 8
36 0
72 2
36 0
72 0
36 0
72 4
33 2
33 2
72 2
36 2
36 2
33 2
72 2
29 2
72 6
36 0
72 1
36 0
72 0
36 0
72 4
33 2
33 2
72 2
36 2
36 2
72 2
33 2
33 2
72 9
33 2
33 2
72 2
29 2
29 2
72 2
36 2
36 2
72 2
33 2
33 2
29 4
72 13
36 0
72 2
36 0
72 0
36 0
72 1
33 2
29 2
72 2
33 2
33 2
72 2
29 2
29 2
72 2
36 2
36 2
72 2
33 2
33 2
29 4
72 14
36 0
72 1
36 0
72 0
36 0
72 2
33 2
33 2
29 2
29 2
72 14
36 0
72 1
36 0
72 0
36 0
72 2
33 2
33 2
29 2
29 2
72 2
33 2
33 2
72 2
29 2
29 2
72 2
36 2
36 2
72 2
33 2
33 2
29 4
72 14
33 2
33 2
72 2
29 2
29 2
72 2
36 2
36 2
72 2
33 2
33 2
29 4
72 14
36 0
72 2
33 0
72 0
29 0
72 14
36 0
72 2
36 0
72 0
36 0
72 4
33 2
33 2
72 2
36 2
36 2
72 2
33 2
33 2
72 2
29 2
29 2
72 4
36 0
72 2
36 0
72 0
36 0
72 4
33 2
33 2
72 2
36 2
36 2
72 2
33 2
33 2
72 8
36 0
72 2
36 0
72 0
36 0
72 4
33 2
33 2
72 2
36 2
36 2
72 2
33 2
33 2
72 2
29 2
29 2
72 4
36 0
72 2
36 0
72 0
36 0
72 4
33 2
33 2
72 2
36 2
36 2
72 2
33 2
33 2
E
S
L
72 14
13 12
8 2
8 2
8 2
8 2
8 2
8 2
8 2
8 2
8 2
8 2
8 2
8 2
8 4
8 4
13 12
6 2
6 2
6 2
6 2
6 2
6 2
6 2
6 2
6 2
6 2
6 2
6 2
6 4
6 4
13 12
8 2
8 2
8 2
8 2
8 2
8 2
8 2
8 2
8 2
8 2
8 2
8 2
8 4
8 4
13 12
6 2
6 2
6 2
6 2
6 2
6 2
6 2
6 2
6 2
6 2
6 2
6 2
6 4
6 4
8 7
9 7
11 7
12 7
13 14
8 7
9 7
11 7
12 7
13 14
13 12
8 2
8 2
8 2
8 2
8 2
8 2
8 2
8 2
8 2
8 2
8 2
8 2
8 4
8 4
13 12
6 2
6 2
6 2
6 2
6 2
6 2
6 2
6 2
6 2
6 2
6 2
6 2
6 4
6 4
13 12
8 2
8 2
8 2
8 2
8 2
8 2
8 2
8 2
8 2
8 2
8 2
8 2
8 4
8 4
13 12
6 2
6 2
6 2
6 2
6 2
6 2
6 2
6 2
6 2
6 2
6 2
6 2
6 4
6 4
8 7
9 7
11 7
12 7
13 14
8 7
9 7
11 7
12 7
13 14
72 14
8 7
9 7
11 7
12 7
13 14
8 7
9 7
11 7
12 7
13 4
15 2
16 4
18 2
19 4
72 11
7 4
8 2
10 4
11 2
13 4
72 11
40 13
42 13
40 13
42 13
41 11
37 11
37 13
36 11
32 11
32 13
33 13
32 14
39 14
40 13
42 13
40 13
42 13
41 11
37 11
37 13
36 11
32 11
32 13
33 13
32 14
39 14
40 14
E
S
L
72 14
8 12
1 2
1 2
1 2
1 2
1 2
1 2
1 2
1 2
1 2
1 2
1 2
1 2
1 4
1 4
6 12
1 2
1 2
1 2
1 2
1 2
1 2
1 2
1 2
1 2
1 2
1 2
1 2
1 4
1 4
8 12
1 2
1 2
1 2
1 2
1 2
1 2
1 2
1 2
1 2
1 2
1 2
1 2
1 4
1 4
6 12
1 2
1 2
1 2
1 2
1 2
1 2
1 2
1 2
1 2
1 2
1 2
1 2
1 4
1 4
8 7
9 7
11 7
12 7
13 14
8 7
9 7
11 7
12 7
13 14
8 12
1 2
1 2
1 2
1 2
1 2
1 2
1 2
1 2
1 2
1 2
1 2
1 2
1 4
1 4
6 12
1 2
1 2
1 2
1 2
1 2
1 2
1 2
1 2
1 2
1 2
1 2
1 2
1 4
1 4
8 12
1 2
1 2
1 2
1 2
1 2
1 2
1 2
1 2
1 2
1 2
1 2
1 2
1 4
1 4
6 12
1 2
1 2
1 2
1 2
1 2
1 2
1 2
1 2
1 2
1 2
1 2
1 2
1 4
1 4
8 7
9 7
11 7
12 7
13 14
8 7
9 7
11 7
12 7
13 14
72 14
8 7
9 7
11 7
12 7
13 14
8 7
9 7
11 7
12 7
13 4
15 2
16 4
18 2
19 4
72 11
7 4
8 2
10 4
11 2
13 4
72 14
42 2
44 2
46 2
48 2
49 13
72 3
49 11
47 9
49 2
51 2
52 13
72 3
52 11
50 10
72 3
50 11
49 4
43 4
44 4
47 4
47 7
44 7
45 10
72 3
45 11
44 4
38 4
39 4
42 4
42 11
40 4
37 4
40 4
44 4
44 11
42 7
40 7
40 13
39 10
72 3
39 2
40 2
41 2
42 2
43 2
44 2
46 2
48 2
49 13
48 12
46 2
48 2
49 14
E
X
