minor
S
H
72 11
53 4
53 4
53 4
53 4
53 4
53 4
53 4
53 4
53 4
53 4
48 4
51 4
54 4
53 4
51 4
54 4
53 4
53 4
53 4
53 4
53 4
53 4
53 4
53 4
53 4
44 4
51 6
72 2
51 6
72 2
51 6
72 2
53 4
53 4
53 4
53 4
53 4
53 4
53 4
53 4
53 4
53 4
48 4
51 4
54 4
53 4
51 4
54 4
53 4
53 4
53 4
53 4
53 4
53 4
53 4
53 4
53 4
53 4
48 6
72 2
51 6
72 2
54 6
72 2
29 4
29 4
29 4
31 4
31 4
31 4
32 4
32 4
32 4
34 4
34 4
34 4
36 4
36 4
39 4
39 4
41 4
41 4
41 4
43 4
43 4
43 4
44 4
44 4
44 4
46 4
46 4
46 4
48 4
48 4
51 4
51 4
53 8
72 1
55 8
72 1
56 9
58 8
72 1
60 10
72 2
41 6
72 6
41 4
72 7
41 6
72 6
41 2
41 2
43 2
43 2
44 2
44 2
46 2
46 2
44 2
44 2
43 2
43 2
46 2
46 2
44 4
41 4
72 4
41 12
72 1
39 6
72 2
39 6
72 2
42 6
72 2
29 4
29 4
29 4
31 4
31 4
31 4
32 4
32 4
32 4
34 4
34 4
34 4
36 4
36 4
39 4
39 4
41 4
41 4
41 4
43 4
43 4
43 4
44 4
44 4
44 4
46 4
46 4
46 4
48 4
48 4
51 4
51 4
53 8
72 1
55 8
72 1
56 9
58 8
72 1
60 10
72 2
41 6
72 6
41 4
72 7
41 6
72 6
41 2
41 2
43 2
43 2
44 2
44 2
46 2
46 2
44 2
44 2
43 2
43 2
46 2
46 2
44 4
41 4
72 4
41 12
72 1
39 6
72 2
39 6
72 2
42 6
72 2
41 6
72 6
41 4
72 7
41 6
72 6
41 2
41 2
43 2
43 2
44 2
44 2
46 2
46 2
44 2
44 2
43 2
43 2
46 2
46 2
44 4
41 4
72 4
41 12
72 1
41 6
72 2
40 6
72 2
39 6
72 6
60 4
59 4
60 4
58 4
56 4
53 4
55 4
56 6
72 2
49 4
48 7
49 4
53 14
72 6
56 4
52 4
53 4
55 4
53 4
51 4
49 4
53 4
46 4
48 4
49 4
51 4
49 4
53 4
49 4
46 13
46 2
46 2
48 2
48 2
49 2
49 2
51 2
51 2
53 2
53 2
55 2
55 2
56 2
56 2
53 4
53 4
53 4
53 4
53 4
53 4
53 4
53 4
53 4
53 4
53 4
53 4
53 4
53 4
53 4
53 4
53 4
53 4
53 4
53 4
53 4
53 4
53 4
53 4
53 4
53 4
53 4
53 4
53 4
53 4
53 4
53 4
55 4
55 4
55 4
55 4
55 4
55 4
55 4
55 4
55 4
55 4
55 4
55 4
55 4
55 4
55 4
55 4
53 4
53 4
53 4
53 4
53 4
53 4
53 4
53 4
53 4
53 4
53 4
53 4
53 4
53 4
53 4
53 4
53 4
53 4
53 4
53 4
53 4
53 4
53 4
53 4
53 4
53 4
53 4
53 4
53 4
53 4
53 4
53 4
55 4
55 4
55 4
55 4
55 4
55 4
55 4
55 4
55 4
55 4
55 4
55 4
55 4
55 4
55 4
55 4
53 4
53 4
53 4
53 4
53 4
53 4
53 4
53 4
53 4
53 4
48 4
51 4
54 4
53 4
51 4
54 4
53 4
53 4
53 4
53 4
53 4
53 4
53 4
53 4
53 4
44 4
51 6
72 2
51 6
72 2
51 6
72 2
53 4
53 4
53 4
53 4
53 4
53 4
53 4
53 4
53 4
53 4
48 4
51 4
54 4
53 4
51 4
54 4
53 4
53 4
53 4
53 4
53 4
53 4
53 4
53 4
53 4
53 4
48 6
72 2
51 6
72 2
54 6
E
S
H
72 11
41 4
41 4
41 4
41 4
41 4
41 4
41 4
41 4
41 4
41 4
36 4
39 4
42 4
41 4
39 4
42 4
41 4
41 4
41 4
41 4
41 4
41 4
41 4
41 4
41 4
43 4
48 6
72 2
47 6
72 2
46 6
72 2
41 4
41 4
41 4
41 4
41 4
41 4
41 4
41 4
41 4
41 4
36 4
39 4
42 4
41 4
39 4
42 4
41 4
41 4
41 4
41 4
41 4
41 4
41 4
41 4
41 4
41 4
46 6
72 2
44 6
72 2
42 6
72 2
24 4
24 4
24 4
27 4
27 4
27 4
29 4
29 4
29 4
31 4
31 4
31 4
32 4
32 4
34 4
34 4
37 4
37 4
37 4
39 4
39 4
39 4
41 4
41 4
41 4
43 4
43 4
43 4
44 4
44 4
46 4
46 4
49 8
72 1
51 8
72 1
53 9
55 8
72 1
56 10
72 6
53 4
53 6
72 2
53 4
53 4
72 4
53 4
53 6
72 13
53 2
53 2
55 2
55 2
56 2
56 2
58 2
58 2
56 2
56 2
55 2
55 2
58 2
58 2
56 4
53 4
51 4
54 11
72 2
24 4
24 4
24 4
27 4
27 4
27 4
29 4
29 4
29 4
31 4
31 4
31 4
32 4
32 4
34 4
34 4
37 4
37 4
37 4
39 4
39 4
39 4
41 4
41 4
41 4
43 4
43 4
43 4
44 4
44 4
46 4
46 4
49 8
72 1
51 8
72 1
53 9
55 8
72 1
56 10
72 6
53 4
53 6
72 2
53 4
53 4
72 4
53 4
53 6
72 13
53 2
53 2
55 2
55 2
56 2
56 2
58 2
58 2
56 2
56 2
55 2
55 2
58 2
58 2
56 4
53 4
51 4
54 11
72 6
53 4
53 6
72 2
53 4
53 4
72 4
53 4
53 6
72 13
53 2
53 2
55 2
55 2
56 2
56 2
58 2
58 2
56 2
56 2
55 2
55 2
48 2
48 2
53 2
53 2
52 2
52 2
53 2
53 2
55 2
55 2
56 2
56 2
55 2
55 2
56 2
56 2
58 2
58 2
72 4
48 4
47 4
48 4
46 4
44 4
41 4
43 4
44 6
72 2
37 4
36 7
37 4
41 14
72 6
44 4
40 4
41 4
43 4
41 4
39 4
37 4
41 4
34 4
36 4
37 4
39 4
37 4
41 4
37 4
34 13
34 2
34 2
36 2
36 2
37 2
37 2
39 2
39 2
41 2
41 2
43 2
43 2
44 2
44 2
48 4
48 4
48 4
48 4
48 4
48 4
48 4
48 4
48 4
48 4
48 4
48 4
48 4
48 4
48 4
48 4
49 4
49 4
49 4
49 4
49 4
49 4
49 4
49 4
49 4
49 4
49 4
49 4
49 4
49 4
49 4
49 4
51 4
51 4
51 4
51 4
51 4
51 4
51 4
51 4
51 4
51 4
51 4
51 4
51 4
51 4
51 4
51 4
48 4
48 4
48 4
48 4
48 4
48 4
48 4
48 4
109 4
48 4
48 4
48 4
108 4
48 4
48 4
48 4
121 4
49 4
49 4
49 4
49 4
49 4
49 4
49 4
49 4
49 4
49 4
49 4
49 4
49 4
49 4
49 4
144 4
51 4
51 4
51 4
51 4
51 4
51 4
51 4
51 4
51 4
51 4
51 4
147 4
145 4
144 4
147 4
41 4
41 4
41 4
41 4
41 4
41 4
41 4
41 4
41 4
41 4
36 4
39 4
42 4
41 4
39 4
42 4
41 4
41 4
41 4
41 4
41 4
41 4
41 4
41 4
41 4
43 4
48 6
72 2
47 6
72 2
46 6
72 2
41 4
41 4
41 4
41 4
41 4
41 4
41 4
41 4
41 4
41 4
36 4
39 4
42 4
41 4
39 4
42 4
41 4
41 4
41 4
41 4
41 4
41 4
41 4
41 4
41 4
41 4
46 6
72 2
44 6
72 2
42 6
E
S
L
72 11
166 4
166 4
166 4
166 4
166 4
166 4
166 4
166 4
166 4
166 4
166 4
166 4
166 4
166 4
179 4
179 4
166 4
166 4
166 4
166 4
166 4
166 4
166 4
166 4
166 4
166 4
179 6
72 2
179 6
72 2
179 6
72 2
166 4
166 4
166 4
166 4
166 4
166 4
166 4
166 4
166 4
166 4
166 4
166 4
166 4
166 4
179 4
179 4
166 4
166 4
166 4
166 4
166 4
166 4
166 4
166 4
166 4
166 4
179 6
72 2
179 6
72 2
179 6
72 2
166 4
166 4
166 4
166 4
166 4
166 4
166 4
166 4
166 4
166 4
166 4
166 4
166 4
166 4
140 4
140 4
114 4
114 4
114 4
114 4
114 4
114 4
114 4
114 4
114 4
114 4
114 4
114 4
114 4
114 4
101 4
101 4
231 4
231 4
231 4
231 4
231 4
231 4
231 4
231 4
231 4
231 4
231 4
231 4
231 4
231 4
101 4
101 4
166 4
166 4
166 4
166 4
166 4
166 4
166 4
166 4
166 4
166 4
166 4
166 4
166 4
166 4
179 4
179 4
166 4
166 4
166 4
166 4
166 4
166 4
166 4
166 4
166 4
166 4
179 6
72 2
179 6
72 2
179 6
72 2
166 4
166 4
166 4
166 4
166 4
166 4
166 4
166 4
166 4
166 4
166 4
166 4
166 4
166 4
140 4
140 4
114 4
114 4
114 4
114 4
114 4
114 4
114 4
114 4
114 4
114 4
114 4
114 4
114 4
114 4
101 4
101 4
231 4
231 4
231 4
231 4
231 4
231 4
231 4
231 4
231 4
231 4
231 4
231 4
231 4
231 4
101 4
101 4
166 4
166 4
166 4
166 4
166 4
166 4
166 4
166 4
166 4
166 4
166 4
166 4
166 4
166 4
179 4
179 4
166 4
166 4
166 4
166 4
166 4
166 4
166 4
166 4
166 4
166 4
179 6
72 2
179 6
72 2
179 6
72 2
166 4
166 4
166 4
166 4
166 4
166 4
166 4
166 4
166 4
166 4
166 4
166 4
166 4
166 4
179 4
179 4
166 4
166 4
166 4
166 4
166 4
166 4
166 4
166 4
166 4
166 4
166 6
72 2
153 6
72 2
140 6
72 2
114 4
114 4
114 4
114 4
114 4
114 4
114 4
114 4
114 4
114 4
114 4
114 4
114 4
140 4
166 4
205 4
114 4
114 4
114 4
114 4
114 4
114 4
114 4
114 4
114 4
114 4
114 4
114 4
114 4
140 4
166 4
205 4
231 4
231 4
231 4
231 4
231 4
231 4
231 4
231 4
231 4
231 4
231 4
231 4
231 4
101 4
114 4
166 4
231 4
231 4
231 4
231 4
231 4
231 4
231 4
231 4
231 4
231 4
231 4
231 4
231 4
101 4
114 4
140 4
166 14
72 2
114 14
72 2
140 14
72 2
166 14
72 2
114 14
72 2
140 13
140 4
231 4
114 4
140 4
231 4
192 4
140 4
166 4
166 4
166 4
166 4
166 4
166 4
166 4
166 4
166 4
166 4
166 4
166 4
166 4
166 4
179 4
179 4
166 4
166 4
166 4
166 4
166 4
166 4
166 4
166 4
166 4
166 4
179 6
72 2
179 6
72 2
179 6
72 2
166 4
166 4
166 4
166 4
166 4
166 4
166 4
166 4
166 4
166 4
166 4
166 4
166 4
166 4
179 4
179 4
166 4
166 4
166 4
166 4
166 4
166 4
166 4
166 4
166 4
166 4
179 6
72 2
179 6
72 2
179 6
E
S
H
72 14
49 8
72 1
48 8
72 1
46 9
46 4
48 4
49 4
51 4
53 4
55 4
56 4
72 14
53 4
56 6
72 2
51 4
55 4
72 4
53 4
72 4
53 4
56 6
72 2
51 4
54 4
72 4
51 4
E
S
H
72 14
46 8
72 1
41 8
72 1
37 9
37 4
41 4
46 4
48 4
49 4
51 4
53 4
72 14
44 4
48 6
72 2
43 4
46 4
72 4
44 4
72 4
44 4
48 6
72 2
43 4
46 4
72 4
42 4
E
S
L
72 11
29 4
29 4
29 4
29 4
29 4
29 4
29 4
29 4
29 4
29 4
29 4
29 4
29 6
72 2
27 6
72 2
29 4
29 4
29 4
29 4
29 4
29 4
29 4
29 4
29 4
29 4
27 6
72 2
27 6
72 2
27 6
72 2
29 4
29 4
29 4
29 4
29 4
29 4
29 4
29 4
29 4
29 4
29 4
29 4
29 6
72 2
27 6
72 2
29 4
29 4
29 4
29 4
29 4
29 4
29 4
29 4
29 4
29 4
27 6
72 2
27 6
72 2
27 6
72 2
36 4
36 4
36 4
36 4
36 4
36 4
36 4
36 4
36 4
36 4
36 4
36 4
36 4
36 4
31 4
31 4
32 4
32 4
32 4
32 4
32 4
32 4
32 4
32 4
32 4
32 4
32 4
32 4
32 4
32 4
32 4
32 4
34 4
34 4
34 4
34 4
34 4
34 4
34 4
34 4
34 4
34 4
34 4
34 4
34 4
34 4
34 4
34 4
29 4
29 4
29 4
29 4
29 4
29 4
29 4
29 4
29 4
29 4
29 4
29 4
29 6
72 2
27 6
72 2
29 4
29 4
29 4
29 4
29 4
29 4
29 4
29 4
29 4
29 4
27 6
72 2
27 6
72 2
27 6
72 2
36 4
36 4
36 4
36 4
36 4
36 4
36 4
36 4
36 4
36 4
36 4
36 4
36 4
36 4
31 4
31 4
32 4
32 4
32 4
32 4
32 4
32 4
32 4
32 4
32 4
32 4
32 4
32 4
32 4
32 4
32 4
32 4
34 4
34 4
34 4
34 4
34 4
34 4
34 4
34 4
34 4
34 4
34 4
34 4
34 4
34 4
34 4
34 4
29 4
29 4
29 4
29 4
29 4
29 4
29 4
29 4
29 4
29 4
29 4
29 4
29 6
72 2
27 6
72 2
29 4
29 4
29 4
29 4
29 4
29 4
29 4
29 4
29 4
29 4
27 6
72 2
27 6
72 2
27 6
72 2
29 4
29 4
29 4
29 4
29 4
29 4
29 4
29 4
29 4
29 4
29 4
29 4
29 6
72 2
27 6
72 2
29 4
29 4
29 4
29 4
29 4
29 4
29 4
29 4
29 4
29 4
29 6
72 2
28 6
72 2
27 6
72 2
32 4
32 4
32 4
32 4
32 4
32 4
32 4
32 4
32 4
32 4
32 4
32 4
32 4
32 4
32 4
32 4
32 4
32 4
32 4
32 4
32 4
32 4
32 4
32 4
32 4
32 4
32 4
32 4
32 4
32 4
32 4
32 4
34 4
34 4
34 4
34 4
34 4
34 4
34 4
34 4
34 4
34 4
34 4
34 4
34 4
34 4
34 4
34 4
34 4
34 4
34 4
34 4
34 4
34 4
34 4
34 4
34 4
34 4
34 4
34 4
34 4
34 4
34 4
34 4
29 14
72 2
29 6
72 2
25 14
72 2
25 6
72 2
27 14
72 2
27 6
72 2
29 14
72 2
29 6
72 2
25 14
72 2
25 6
72 2
27 14
72 2
27 6
72 2
29 4
29 4
29 4
29 4
29 4
29 4
29 4
29 4
29 4
29 4
29 4
29 4
29 6
72 2
27 6
72 2
29 4
29 4
29 4
29 4
29 4
29 4
29 4
29 4
29 4
29 4
27 6
72 2
27 6
72 2
27 6
72 2
29 4
29 4
29 4
29 4
29 4
29 4
29 4
29 4
29 4
29 4
29 4
29 4
29 6
72 2
27 6
72 2
29 4
29 4
29 4
29 4
29 4
29 4
29 4
29 4
29 4
29 4
27 6
72 2
27 6
72 2
27 6
E
S
L
72 11
17 4
17 4
17 4
17 4
17 4
17 4
17 4
17 4
17 4
17 4
17 4
17 4
17 6
72 2
18 6
72 2
17 4
17 4
17 4
17 4
17 4
17 4
17 4
17 4
17 4
17 4
18 6
72 2
18 6
72 2
18 6
72 2
17 4
17 4
17 4
17 4
17 4
17 4
17 4
17 4
17 4
17 4
17 4
17 4
17 6
72 2
18 6
72 2
17 4
17 4
17 4
17 4
17 4
17 4
17 4
17 4
17 4
17 4
18 6
72 2
18 6
72 2
18 6
72 2
17 4
17 4
17 4
17 4
17 4
17 4
17 4
17 4
17 4
17 4
17 4
17 4
17 4
17 4
15 4
15 4
13 4
13 4
13 4
13 4
13 4
13 4
13 4
13 4
13 4
13 4
13 4
13 4
13 4
13 4
12 4
12 4
10 4
10 4
10 4
10 4
10 4
10 4
10 4
10 4
10 4
10 4
10 4
10 4
10 4
10 4
10 4
10 4
17 4
17 4
17 4
17 4
17 4
17 4
17 4
17 4
17 4
17 4
17 4
17 4
17 6
72 2
18 6
72 2
17 4
17 4
17 4
17 4
17 4
17 4
17 4
17 4
17 4
17 4
18 6
72 2
18 6
72 2
18 6
72 2
17 4
17 4
17 4
17 4
17 4
17 4
17 4
17 4
17 4
17 4
17 4
17 4
17 4
17 4
15 4
15 4
13 4
13 4
13 4
13 4
13 4
13 4
13 4
13 4
13 4
13 4
13 4
13 4
13 4
13 4
12 4
12 4
10 4
10 4
10 4
10 4
10 4
10 4
10 4
10 4
10 4
10 4
10 4
10 4
10 4
10 4
10 4
10 4
17 4
17 4
17 4
17 4
17 4
17 4
17 4
17 4
17 4
17 4
17 4
17 4
17 6
72 2
18 6
72 2
17 4
17 4
17 4
17 4
17 4
17 4
17 4
17 4
17 4
17 4
18 6
72 2
18 6
72 2
18 6
72 2
17 4
17 4
17 4
17 4
17 4
17 4
17 4
17 4
17 4
17 4
17 4
17 4
17 6
72 2
18 6
72 2
17 4
17 4
17 4
17 4
17 4
17 4
17 4
17 4
17 4
17 4
17 6
72 2
16 6
72 2
15 6
72 2
13 4
13 4
13 4
13 4
13 4
13 4
13 4
13 4
13 4
13 4
13 4
13 4
13 4
13 4
13 4
13 4
13 4
13 4
13 4
13 4
13 4
13 4
13 4
13 4
13 4
13 4
13 4
13 4
13 4
13 4
12 4
12 4
10 4
10 4
10 4
10 4
10 4
10 4
10 4
10 4
10 4
10 4
10 4
10 4
10 4
10 4
10 4
10 4
10 4
10 4
10 4
10 4
10 4
10 4
10 4
10 4
10 4
10 4
10 4
10 4
10 4
10 4
10 4
10 4
17 14
72 2
17 6
72 2
13 14
72 2
13 6
72 2
15 14
72 2
15 6
72 2
17 14
72 2
17 6
72 2
13 14
72 2
13 6
72 2
15 14
72 2
15 6
72 2
17 4
17 4
17 4
17 4
17 4
17 4
17 4
17 4
17 4
17 4
17 4
17 4
17 6
72 2
18 6
72 2
17 4
17 4
17 4
17 4
17 4
17 4
17 4
17 4
17 4
17 4
18 6
72 2
18 6
72 2
18 6
72 2
17 4
17 4
17 4
17 4
17 4
17 4
17 4
17 4
17 4
17 4
17 4
17 4
17 6
72 2
18 6
72 2
17 4
17 4
17 4
17 4
17 4
17 4
17 4
17 4
17 4
17 4
18 6
72 2
18 6
72 2
18 6
E
S
H
72 11
161 6
72 6
161 4
72 7
161 6
72 13
161 6
72 6
161 4
72 7
161 6
72 13
161 6
72 6
161 4
72 7
161 6
72 6
106 4
106 4
106 4
147 6
72 2
109 6
72 2
228 6
72 2
202 6
72 2
188 6
72 2
161 13
72 8
161 8
72 1
195 8
72 1
197 9
224 8
72 1
109 6
72 2
144 6
72 2
166 14
72 8
1602 8
72 1
1169 8
72 1
1323 9
1179 4
1179 4
1179 4
1179 4
1179 4
1179 4
1179 4
1313 8
72 1
868 4
72 14
868 4
868 4
868 4
868 4
868 4
868 4
868 4
868 8
72 1
176 4
72 4
176 4
1760 6
72 2
161 8
72 1
195 8
72 1
197 9
224 8
72 1
109 6
72 2
144 6
72 2
166 14
72 8
1602 8
72 1
1169 8
72 1
1323 9
1179 4
1179 4
1179 4
1179 4
1179 4
1179 4
1179 4
1313 8
72 1
868 4
72 14
868 4
868 4
868 4
868 4
868 4
868 4
868 4
868 8
72 1
176 4
72 4
176 4
1760 6
72 14
118 6
72 2
145 6
72 2
162 6
72 2
202 14
72 14
123 8
72 1
106 8
72 1
222 9
198 8
72 1
186 6
72 2
138 6
72 13
109 10
72 2
226 10
72 2
198 14
72 13
228 10
72 2
195 10
72 2
202 14
72 2
106 10
72 2
198 10
72 2
188 13
72 6
186 4
186 4
186 4
186 4
186 4
186 4
186 4
197 14
72 8
161 6
72 6
161 4
72 7
161 6
72 13
161 6
72 6
161 4
72 7
161 6
72 6
106 4
106 4
106 4
147 6
72 2
109 6
72 2
228 6
72 2
202 6
72 2
188 6
72 2
161 10
E
S
L
72 11
17 13
72 12
24 6
72 2
17 13
72 6
24 4
24 4
24 4
24 4
24 4
24 4
24 4
17 13
72 12
17 4
17 4
17 4
17 13
72 13
17 13
72 12
24 6
72 2
25 13
72 12
20 6
72 2
22 13
72 6
22 4
22 4
22 4
22 4
22 4
22 4
22 4
29 13
72 12
24 6
72 2
29 13
72 6
24 4
24 4
24 4
24 4
24 4
24 4
24 4
17 13
72 12
24 6
72 2
25 13
72 12
20 6
72 2
22 13
72 6
22 4
22 4
22 4
22 4
22 4
22 4
22 4
29 13
72 12
24 6
72 2
29 13
72 6
24 4
24 4
24 4
24 4
24 4
24 4
24 4
29 13
72 12
24 6
72 2
29 13
72 14
25 4
25 4
25 4
25 4
25 4
25 4
25 4
25 13
72 14
22 4
22 4
22 4
22 4
22 4
22 4
22 4
22 8
72 1
22 8
72 1
22 9
22 8
72 1
24 2
24 2
24 2
24 2
24 2
24 2
24 2
24 2
17 13
72 6
17 4
17 4
17 4
17 4
17 4
17 4
17 4
25 13
72 6
25 4
25 4
25 4
25 4
25 4
25 4
25 4
27 13
72 6
27 4
27 4
27 4
27 4
27 4
27 4
27 4
17 10
72 2
24 10
72 2
17 10
72 2
24 6
72 2
17 6
72 2
25 13
72 2
25 10
72 2
20 10
72 2
27 13
72 6
27 4
27 4
27 4
27 4
27 4
27 4
27 4
17 13
72 12
24 6
72 2
17 13
72 6
24 4
24 4
24 4
24 4
24 4
24 4
24 4
17 13
72 12
17 4
17 4
17 4
17 13
E
S
L
72 11
33 4
30 4
30 6
72 2
30 4
30 4
72 4
30 4
30 6
72 2
30 4
30 4
72 4
30 4
72 4
30 4
72 4
30 4
30 6
72 2
30 4
30 4
72 4
30 4
30 6
72 12
33 4
30 4
30 6
72 2
30 4
30 4
72 4
30 4
30 6
72 2
30 4
30 4
72 4
30 4
72 4
30 4
72 4
30 4
30 6
72 2
30 4
30 4
72 4
30 4
30 6
72 12
33 4
30 4
30 6
72 2
30 4
30 4
72 4
30 4
30 6
72 2
30 4
30 4
72 4
30 4
72 4
30 4
72 4
30 4
30 6
72 2
30 4
30 4
72 4
30 4
30 6
72 2
30 4
30 4
72 4
30 4
72 4
30 4
72 4
30 4
30 6
72 2
30 4
30 4
72 4
30 4
30 6
72 2
30 4
30 4
72 4
30 4
72 4
30 4
33 4
30 4
30 6
72 2
30 4
30 4
72 4
30 4
30 6
72 2
30 4
30 4
72 4
30 4
72 4
30 4
72 4
30 4
30 6
72 2
30 4
30 4
72 4
30 4
30 6
72 12
33 4
30 4
30 6
72 2
30 4
30 4
72 4
30 4
30 6
72 2
30 4
30 4
72 4
30 4
72 4
30 4
72 4
30 4
30 6
72 2
30 4
30 4
72 4
30 4
30 6
72 2
30 4
30 4
72 4
30 4
72 4
30 4
72 4
30 4
30 6
72 2
30 4
30 4
72 4
30 4
30 6
72 2
30 4
30 4
72 4
30 4
72 4
30 4
33 4
30 4
30 6
72 2
30 4
30 4
72 4
30 4
30 6
72 2
30 4
30 4
72 4
30 4
72 4
30 4
72 4
30 4
30 6
72 2
30 4
30 4
72 4
30 4
30 6
72 13
30 4
30 6
72 2
30 4
30 4
72 4
30 4
30 6
72 2
30 4
30 4
72 4
30 4
72 4
30 4
72 4
30 4
30 6
72 2
30 4
30 4
72 4
30 4
30 6
72 13
30 4
30 6
72 2
30 4
30 4
72 4
30 4
72 4
30 4
30 6
72 2
30 4
30 4
72 4
30 4
33 4
30 4
30 6
72 2
30 4
30 4
72 4
30 4
72 4
30 4
30 6
72 2
30 4
30 4
72 4
30 4
72 4
30 4
30 6
72 2
30 4
30 4
72 4
30 4
72 4
30 4
30 6
72 2
30 4
30 4
72 4
30 4
33 4
30 4
30 6
72 2
30 4
30 4
72 4
30 4
72 4
30 4
30 6
72 2
30 4
30 4
30 4
30 4
33 13
72 13
33 13
72 13
33 13
72 13
33 13
72 13
33 13
72 13
33 13
72 13
33 4
30 4
30 6
72 2
30 4
30 4
72 4
30 4
30 6
72 2
30 4
30 4
72 4
30 4
72 4
30 4
72 4
30 4
30 6
72 2
30 4
30 4
72 4
30 4
30 6
72 12
33 4
30 4
30 6
72 2
30 4
30 4
72 4
30 4
30 6
72 2
30 4
30 4
72 4
30 4
72 4
30 4
72 4
30 4
30 6
72 2
30 4
30 4
72 4
30 4
30 6
E
S
L
72 11
151 4
16 4
16 4
151 4
16 4
16 4
151 4
16 4
16 4
16 4
151 4
16 4
16 4
16 4
151 4
16 4
151 4
16 4
16 4
151 4
16 4
16 4
151 4
16 4
16 2
16 0
72 0
16 0
72 1
16 2
16 0
16 0
72 2
151 2
16 0
72 0
16 0
72 1
16 2
16 0
16 0
72 2
16 2
16 0
72 0
16 0
72 1
16 2
16 0
16 0
72 2
151 2
16 0
72 0
16 0
72 1
16 2
16 0
16 0
72 2
151 4
16 4
16 4
151 4
16 4
16 4
151 4
16 4
16 4
16 4
151 4
16 4
16 4
16 4
151 4
16 4
151 4
16 4
16 4
151 4
16 4
16 4
151 4
16 4
16 2
16 0
72 0
16 0
72 1
165 2
16 0
16 0
72 2
1447 2
16 0
72 0
16 0
72 1
213 2
16 0
16 0
72 2
189 2
16 0
72 0
16 0
72 1
189 2
16 0
16 0
72 2
871 2
16 0
72 0
16 0
72 1
165 2
16 0
16 0
72 2
16 4
16 4
16 4
16 4
16 4
16 4
16 4
16 4
16 4
16 4
16 4
16 4
16 4
16 4
16 4
16 4
16 4
16 4
16 4
16 4
16 4
16 4
16 4
16 4
16 4
16 4
16 4
16 4
16 4
16 4
16 4
16 4
16 4
16 4
16 4
16 4
16 4
16 4
16 4
16 4
16 4
16 4
16 4
16 4
16 4
16 4
16 4
16 4
151 4
16 4
16 4
151 4
16 4
16 4
151 4
16 4
16 4
16 4
151 4
16 4
16 4
16 4
151 4
16 4
151 4
16 4
16 4
151 4
16 4
16 4
151 4
16 4
16 2
16 0
72 0
16 0
72 1
16 2
16 0
16 0
72 2
151 2
16 0
72 0
16 0
72 1
16 2
16 0
16 0
72 2
16 2
16 0
72 0
16 0
72 1
16 2
16 0
16 0
72 2
151 2
16 0
72 0
16 0
72 1
16 2
16 0
16 0
72 2
16 4
16 4
16 4
16 4
16 4
16 4
16 4
16 4
16 4
16 4
16 4
16 4
16 4
16 4
16 4
16 4
16 4
16 4
16 4
16 4
16 4
16 4
16 4
16 4
16 4
16 4
16 4
16 4
16 4
16 4
16 4
16 4
16 4
16 4
16 4
16 4
16 4
16 4
16 4
16 4
16 4
16 4
16 4
16 4
16 4
16 4
16 4
16 4
151 4
16 4
16 4
151 4
16 4
16 4
151 4
16 4
16 4
16 4
151 4
16 4
16 4
16 4
151 4
16 4
151 4
16 4
16 4
151 4
16 4
16 4
151 4
16 4
16 2
16 0
72 0
16 0
72 1
16 2
16 0
16 0
72 2
151 2
16 0
72 0
16 0
72 1
16 2
16 0
16 0
72 2
16 2
16 0
72 0
16 0
72 1
16 2
16 0
16 0
72 2
151 2
16 0
72 0
16 0
72 1
16 2
16 0
16 0
72 2
151 4
16 4
16 4
151 4
16 4
16 4
151 4
16 4
16 4
16 4
151 4
16 4
16 4
16 4
151 4
16 4
151 4
16 4
16 4
151 4
16 4
16 4
151 4
16 4
16 2
16 0
72 0
16 0
72 1
165 2
16 0
16 0
72 2
1447 2
16 0
72 0
16 0
72 1
213 2
16 0
16 0
72 2
189 2
16 0
72 0
16 0
72 1
189 2
16 0
16 0
72 2
871 2
16 0
72 0
16 0
72 1
165 2
16 0
16 0
72 2
16 4
16 4
16 4
16 4
16 4
16 4
16 4
16 4
16 4
16 4
16 4
16 4
16 4
16 4
16 4
16 4
16 4
16 4
16 4
16 4
16 4
16 4
16 4
16 4
16 4
16 4
16 4
16 4
16 4
16 4
16 4
16 4
16 4
16 4
16 4
16 4
16 4
16 4
16 4
16 4
16 4
16 4
16 4
16 4
16 4
16 4
16 4
16 4
16 4
16 4
16 4
16 4
16 4
16 4
16 4
16 4
16 4
16 4
16 4
16 4
16 4
16 4
16 4
16 4
72 14
16 4
16 4
16 4
16 4
16 4
16 4
16 4
16 4
16 4
16 4
16 4
16 4
16 4
16 4
16 4
16 4
16 4
16 4
16 4
16 4
16 4
16 4
16 4
16 4
16 4
16 4
16 4
16 4
16 4
16 4
16 4
16 4
16 4
16 4
16 4
16 4
16 4
16 4
16 4
16 4
16 4
16 4
16 4
16 4
16 2
16 2
16 2
16 2
16 2
16 2
16 2
16 2
151 4
16 4
16 4
151 4
16 4
16 4
151 4
16 4
16 4
16 4
151 4
16 4
16 4
16 4
151 4
16 4
151 4
16 4
16 4
151 4
16 4
16 4
151 4
16 4
16 2
16 0
72 0
16 0
72 1
16 2
16 0
16 0
72 2
151 2
16 0
72 0
16 0
72 1
16 2
16 0
16 0
72 2
16 2
16 0
72 0
16 0
72 1
16 2
16 0
16 0
72 2
151 2
16 0
72 0
16 0
72 1
16 2
16 0
16 0
72 2
151 4
16 4
16 4
151 4
16 4
16 4
151 4
16 4
16 4
16 4
151 4
16 4
16 4
16 4
151 4
16 4
151 4
16 4
16 4
151 4
16 4
16 4
151 4
16 4
16 2
16 0
72 0
16 0
72 1
165 2
16 0
16 0
72 2
1447 2
16 0
72 0
16 0
72 1
213 2
16 0
16 0
72 2
189 2
16 0
72 0
16 0
72 1
189 2
16 0
16 0
72 2
871 2
16 0
72 0
16 0
72 1
165 2
16 0
16 0
E
S
H
72 14
65 4
68 6
72 2
67 4
70 4
72 4
68 4
60 6
72 2
70 4
61 7
60 4
68 4
65 4
72 4
65 4
68 6
72 2
67 4
70 4
72 4
68 4
60 6
72 2
70 4
61 7
60 4
68 4
65 4
72 4
63 4
67 6
72 2
65 4
68 4
72 4
67 4
70 6
72 2
68 4
60 7
70 4
67 4
63 4
72 4
65 4
68 6
72 2
67 4
70 4
72 4
68 4
60 6
72 2
70 4
61 7
60 4
68 4
65 4
72 4
65 4
68 6
72 2
67 4
70 4
72 4
68 4
60 6
72 2
70 4
61 7
60 4
68 4
65 4
72 4
63 4
67 6
72 2
65 4
68 4
72 4
67 4
70 6
72 2
68 4
60 7
70 4
67 4
63 4
E
S
H
72 14
36 10
72 2
39 10
72 2
41 14
72 2
39 13
72 2
43 4
41 4
39 4
43 4
E
S
H
72 14
51 6
72 2
51 6
72 2
51 6
72 2
53 14
72 13
48 4
51 6
72 2
51 4
51 4
72 4
51 4
72 14
41 8
72 1
43 8
72 1
44 9
46 8
72 1
48 6
72 2
51 6
72 2
53 14
72 14
53 4
53 4
53 4
53 4
53 4
53 4
53 4
53 8
72 1
54 4
72 4
54 4
51 6
72 14
41 8
72 1
43 8
72 1
44 9
46 8
72 1
48 6
72 2
51 6
72 2
53 14
72 14
53 4
53 4
53 4
53 4
53 4
53 4
53 4
53 8
72 1
54 4
72 4
54 4
51 6
72 14
53 6
72 2
52 6
72 2
51 6
72 2
49 13
72 13
44 6
72 2
43 4
44 7
46 4
48 4
49 4
51 6
72 2
49 4
51 7
53 4
55 4
56 4
58 14
72 14
44 4
44 4
44 4
44 4
44 4
44 4
44 4
72 13
44 4
44 4
44 4
44 4
44 4
44 4
44 4
72 13
46 4
46 4
46 4
46 4
46 4
46 4
46 4
72 13
44 4
44 4
44 4
44 4
44 4
44 4
44 4
72 13
44 4
44 4
44 4
44 4
44 4
44 4
44 4
72 13
46 4
46 4
46 4
46 4
46 4
46 4
46 4
72 14
51 6
72 2
51 6
72 2
51 6
72 2
53 14
72 13
48 4
51 6
72 2
51 4
51 4
72 4
51 4
E
S
H
72 14
48 6
72 2
47 6
72 2
46 6
72 2
44 14
72 13
44 4
42 6
72 2
42 4
42 4
72 4
42 4
72 14
37 8
72 1
39 8
72 1
41 9
43 8
72 1
44 6
72 2
46 6
72 2
49 14
72 14
47 4
47 4
47 4
47 4
47 4
47 4
47 4
47 8
72 1
48 4
72 4
48 4
47 6
72 14
37 8
72 1
39 8
72 1
41 9
43 8
72 1
44 6
72 2
46 6
72 2
49 14
72 14
47 4
47 4
47 4
47 4
47 4
47 4
47 4
47 8
72 1
48 4
72 4
48 4
47 6
72 14
48 6
72 2
44 6
72 2
46 6
72 2
48 6
72 2
41 13
72 13
41 6
72 2
39 4
41 7
43 4
44 4
46 4
48 6
72 2
46 4
48 7
49 4
51 4
53 4
53 14
72 14
41 4
41 4
41 4
41 4
41 4
41 4
41 4
72 13
41 4
41 4
41 4
41 4
41 4
41 4
41 4
72 13
43 4
43 4
43 4
43 4
43 4
43 4
43 4
72 13
41 4
41 4
41 4
41 4
41 4
41 4
41 4
72 13
41 4
41 4
41 4
41 4
41 4
41 4
41 4
72 13
43 4
43 4
43 4
43 4
43 4
43 4
43 4
72 14
48 6
72 2
47 6
72 2
46 6
72 2
44 14
72 13
44 4
42 6
72 2
42 4
42 4
72 4
42 4
E
S
L
72 14
25 6
72 14
25 6
72 14
25 6
72 14
25 6
E
X
