minor
S
L
72 14
14 4
17 4
14 4
17 4
22 4
21 4
17 4
14 4
17 4
21 4
22 4
21 4
17 4
14 4
10 4
14 4
14 4
17 4
14 4
17 4
22 4
21 4
17 4
14 4
17 4
21 4
22 4
21 4
17 4
14 4
10 4
14 4
14 4
17 4
14 4
17 4
22 4
21 4
17 4
14 4
17 4
21 4
22 4
21 4
17 4
14 4
10 4
14 4
14 4
17 4
14 4
17 4
22 4
21 4
17 4
14 4
17 4
21 4
22 4
21 4
17 4
14 4
10 4
14 4
14 4
17 4
14 4
17 4
22 4
21 4
17 4
14 4
17 4
21 4
22 4
21 4
17 4
14 4
10 4
14 4
14 4
17 4
14 4
17 4
22 4
21 4
17 4
14 4
17 4
21 4
22 4
21 4
17 4
14 4
10 4
14 4
14 4
17 4
14 4
17 4
22 4
21 4
17 4
14 4
17 4
21 4
22 4
21 4
17 4
14 4
10 4
14 4
14 4
17 4
14 4
17 4
22 4
21 4
17 4
14 4
17 4
21 4
22 4
21 4
17 4
14 4
10 4
14 4
17 4
20 4
17 4
20 4
25 4
24 4
20 4
17 4
20 4
24 4
25 4
24 4
20 4
17 4
13 4
17 4
17 4
20 4
17 4
20 4
25 4
24 4
20 4
17 4
20 4
24 4
25 4
24 4
20 4
17 4
13 4
17 4
12 4
15 4
12 4
15 4
20 4
19 4
15 4
12 4
15 4
19 4
20 4
19 4
15 4
12 4
7 4
15 4
12 4
15 4
12 4
15 4
20 4
19 4
15 4
12 4
15 4
19 4
20 4
19 4
15 4
12 4
7 4
15 4
9 4
12 4
9 4
12 4
17 4
16 4
12 4
9 4
12 4
16 4
17 4
16 4
12 4
9 4
4 4
9 4
9 4
12 4
9 4
12 4
17 4
16 4
12 4
9 4
12 4
16 4
17 4
16 4
12 4
9 4
4 4
9 4
16 4
19 4
16 4
19 4
24 4
23 4
19 4
16 4
19 4
23 4
24 4
23 4
19 4
16 4
11 4
16 4
16 4
19 4
16 4
19 4
24 4
23 4
19 4
16 4
19 4
23 4
24 4
23 4
19 4
16 4
11 4
16 4
19 4
22 4
19 4
22 4
27 4
26 4
22 4
19 4
22 4
26 4
27 4
26 4
22 4
19 4
14 4
19 4
19 4
22 4
19 4
22 4
27 4
26 4
22 4
19 4
22 4
26 4
27 4
26 4
22 4
19 4
14 4
19 4
14 4
17 4
14 4
17 4
22 4
21 4
17 4
14 4
17 4
21 4
22 4
21 4
17 4
14 4
9 4
14 4
14 4
17 4
14 4
17 4
22 4
21 4
17 4
14 4
17 4
21 4
22 4
21 4
17 4
14 4
9 4
14 4
17 4
17 4
17 4
17 4
17 4
17 4
17 4
17 4
17 4
17 4
17 4
17 4
17 4
17 4
17 4
17 4
17 4
17 4
17 4
17 4
17 4
17 4
17 4
17 4
17 4
17 4
17 4
17 4
17 4
17 4
17 4
17 4
17 4
17 4
17 4
17 4
17 4
17 4
17 4
17 4
17 4
17 4
17 4
17 4
17 4
17 4
17 4
17 4
17 4
17 4
17 4
17 4
17 4
17 4
17 4
17 4
17 4
17 4
17 4
17 4
17 4
17 4
17 4
17 4
12 4
16 4
12 4
16 4
20 4
19 4
16 4
12 4
16 4
19 4
20 4
19 4
16 4
12 4
7 4
12 4
12 4
16 4
12 4
16 4
20 4
19 4
16 4
12 4
16 4
19 4
20 4
19 4
16 4
12 4
7 4
12 4
14 4
17 4
14 4
17 4
22 4
21 4
17 4
14 4
17 4
21 4
22 4
21 4
17 4
14 4
10 4
14 4
14 4
17 4
14 4
17 4
22 4
21 4
17 4
14 4
17 4
21 4
22 4
21 4
17 4
14 4
10 4
14 4
14 4
17 4
14 4
17 4
22 4
21 4
17 4
14 4
17 4
21 4
22 4
21 4
17 4
14 4
10 4
14 4
14 4
17 4
14 4
17 4
22 4
21 4
17 4
14 4
17 4
21 4
22 4
21 4
17 4
14 4
10 4
14 4
17 4
20 4
17 4
20 4
25 4
24 4
20 4
17 4
20 4
24 4
25 4
24 4
20 4
17 4
13 4
17 4
17 4
20 4
17 4
20 4
25 4
24 4
20 4
17 4
20 4
24 4
25 4
24 4
20 4
17 4
13 4
17 4
12 4
15 4
12 4
15 4
20 4
19 4
15 4
12 4
15 4
19 4
20 4
19 4
15 4
12 4
7 4
15 4
12 4
15 4
12 4
15 4
20 4
19 4
15 4
12 4
15 4
19 4
20 4
19 4
15 4
12 4
7 4
15 4
9 4
12 4
9 4
12 4
17 4
16 4
12 4
9 4
12 4
16 4
17 4
16 4
12 4
9 4
4 4
9 4
9 4
12 4
9 4
12 4
17 4
16 4
12 4
9 4
12 4
16 4
17 4
16 4
12 4
9 4
4 4
9 4
16 4
19 4
16 4
19 4
24 4
23 4
19 4
16 4
19 4
23 4
24 4
23 4
19 4
16 4
11 4
16 4
16 4
19 4
16 4
19 4
24 4
23 4
19 4
16 4
19 4
23 4
24 4
23 4
19 4
16 4
11 4
16 4
19 4
22 4
19 4
22 4
27 4
26 4
22 4
19 4
22 4
26 4
27 4
26 4
22 4
19 4
14 4
19 4
19 4
22 4
19 4
22 4
27 4
26 4
22 4
19 4
22 4
26 4
27 4
26 4
22 4
19 4
14 4
19 4
14 4
17 4
14 4
17 4
22 4
21 4
17 4
14 4
17 4
21 4
22 4
21 4
17 4
14 4
9 4
14 4
14 4
17 4
14 4
17 4
22 4
21 4
17 4
14 4
17 4
21 4
22 4
21 4
17 4
14 4
9 4
14 4
17 4
17 4
17 4
17 4
17 4
17 4
17 4
17 4
17 4
17 4
17 4
17 4
17 4
17 4
17 4
17 4
17 4
17 4
17 4
17 4
17 4
17 4
17 4
17 4
17 4
17 4
17 4
17 4
17 4
17 4
17 4
17 4
17 4
17 4
17 4
17 4
17 4
17 4
17 4
17 4
17 4
17 4
17 4
17 4
17 4
17 4
17 4
17 4
17 4
17 4
17 4
17 4
17 4
17 4
17 4
17 4
17 4
17 4
17 4
17 4
17 4
17 4
17 4
17 4
12 4
16 4
12 4
16 4
20 4
19 4
16 4
12 4
16 4
19 4
20 4
19 4
16 4
12 4
7 4
12 4
12 4
16 4
12 4
16 4
20 4
19 4
16 4
12 4
16 4
19 4
20 4
19 4
16 4
12 4
7 4
12 4
14 4
17 4
14 4
17 4
22 4
21 4
17 4
14 4
17 4
21 4
22 4
21 4
17 4
14 4
10 4
14 4
14 4
17 4
14 4
17 4
22 4
21 4
17 4
14 4
17 4
21 4
22 4
21 4
17 4
14 4
10 4
14 4
14 4
17 4
14 4
17 4
22 4
21 4
17 4
14 4
17 4
21 4
22 4
21 4
17 4
14 4
10 4
14 4
14 4
17 4
14 4
17 4
22 4
21 4
17 4
14 4
17 4
21 4
22 4
21 4
17 4
14 4
10 4
14 4
E
S
L
72 14
2 4
5 4
2 4
5 4
10 4
9 4
5 4
2 4
5 4
9 4
10 4
9 4
5 4
2 4
10 4
2 4
2 4
5 4
2 4
5 4
10 4
9 4
5 4
2 4
5 4
9 4
10 4
9 4
5 4
2 4
10 4
2 4
2 4
5 4
2 4
5 4
10 4
9 4
5 4
2 4
5 4
9 4
10 4
9 4
5 4
2 4
10 4
2 4
2 4
5 4
2 4
5 4
10 4
9 4
5 4
2 4
5 4
9 4
10 4
9 4
5 4
2 4
10 4
2 4
2 4
5 4
2 4
5 4
10 4
9 4
5 4
2 4
5 4
9 4
10 4
9 4
5 4
2 4
10 4
2 4
2 4
5 4
2 4
5 4
10 4
9 4
5 4
2 4
5 4
9 4
10 4
9 4
5 4
2 4
10 4
2 4
2 4
5 4
2 4
5 4
10 4
9 4
5 4
2 4
5 4
9 4
10 4
9 4
5 4
2 4
10 4
2 4
2 4
5 4
2 4
5 4
10 4
9 4
5 4
2 4
5 4
9 4
10 4
9 4
5 4
2 4
10 4
2 4
5 4
8 4
5 4
8 4
13 4
12 4
8 4
5 4
8 4
12 4
13 4
12 4
8 4
5 4
1 4
5 4
5 4
8 4
5 4
8 4
13 4
12 4
8 4
5 4
8 4
12 4
13 4
12 4
8 4
5 4
1 4
5 4
0 4
3 4
0 4
3 4
8 4
7 4
3 4
0 4
3 4
7 4
8 4
7 4
3 4
0 4
7 4
3 4
0 4
3 4
0 4
3 4
8 4
7 4
3 4
0 4
3 4
7 4
8 4
7 4
3 4
0 4
7 4
3 4
9 4
12 4
9 4
12 4
17 4
16 4
12 4
9 4
12 4
16 4
17 4
16 4
12 4
9 4
4 4
9 4
9 4
12 4
9 4
12 4
17 4
16 4
12 4
9 4
12 4
16 4
17 4
16 4
12 4
9 4
4 4
9 4
4 4
7 4
4 4
7 4
12 4
11 4
7 4
4 4
7 4
11 4
12 4
11 4
7 4
4 4
11 4
4 4
4 4
7 4
4 4
7 4
12 4
11 4
7 4
4 4
7 4
11 4
12 4
11 4
7 4
4 4
11 4
4 4
7 4
10 4
7 4
10 4
15 4
14 4
10 4
7 4
10 4
14 4
15 4
14 4
10 4
7 4
2 4
7 4
7 4
10 4
7 4
10 4
15 4
14 4
10 4
7 4
10 4
14 4
15 4
14 4
10 4
7 4
2 4
7 4
2 4
5 4
2 4
5 4
10 4
9 4
5 4
2 4
5 4
9 4
10 4
9 4
5 4
2 4
9 4
2 4
2 4
5 4
2 4
5 4
10 4
9 4
5 4
2 4
5 4
9 4
10 4
9 4
5 4
2 4
9 4
2 4
5 4
5 4
5 4
5 4
5 4
5 4
5 4
5 4
5 4
5 4
5 4
5 4
5 4
5 4
5 4
5 4
5 4
5 4
5 4
5 4
5 4
5 4
5 4
5 4
5 4
5 4
5 4
5 4
5 4
5 4
5 4
5 4
5 4
5 4
5 4
5 4
5 4
5 4
5 4
5 4
5 4
5 4
5 4
5 4
5 4
5 4
5 4
5 4
5 4
5 4
5 4
5 4
5 4
5 4
5 4
5 4
5 4
5 4
5 4
5 4
5 4
5 4
5 4
5 4
0 4
4 4
0 4
4 4
8 4
7 4
4 4
0 4
4 4
7 4
8 4
7 4
4 4
0 4
7 4
0 4
0 4
4 4
0 4
4 4
8 4
7 4
4 4
0 4
4 4
7 4
8 4
7 4
4 4
0 4
7 4
0 4
2 4
5 4
2 4
5 4
10 4
9 4
5 4
2 4
5 4
9 4
10 4
9 4
5 4
2 4
10 4
2 4
2 4
5 4
2 4
5 4
10 4
9 4
5 4
2 4
5 4
9 4
10 4
9 4
5 4
2 4
10 4
2 4
2 4
5 4
2 4
5 4
10 4
9 4
5 4
2 4
5 4
9 4
10 4
9 4
5 4
2 4
10 4
2 4
2 4
5 4
2 4
5 4
10 4
9 4
5 4
2 4
5 4
9 4
10 4
9 4
5 4
2 4
10 4
2 4
5 4
8 4
5 4
8 4
13 4
12 4
8 4
5 4
8 4
12 4
13 4
12 4
8 4
5 4
1 4
5 4
5 4
8 4
5 4
8 4
13 4
12 4
8 4
5 4
8 4
12 4
13 4
12 4
8 4
5 4
1 4
5 4
0 4
3 4
0 4
3 4
8 4
7 4
3 4
0 4
3 4
7 4
8 4
7 4
3 4
0 4
7 4
3 4
0 4
3 4
0 4
3 4
8 4
7 4
3 4
0 4
3 4
7 4
8 4
7 4
3 4
0 4
7 4
3 4
9 4
12 4
9 4
12 4
17 4
16 4
12 4
9 4
12 4
16 4
17 4
16 4
12 4
9 4
4 4
9 4
9 4
12 4
9 4
12 4
17 4
16 4
12 4
9 4
12 4
16 4
17 4
16 4
12 4
9 4
4 4
9 4
4 4
7 4
4 4
7 4
12 4
11 4
7 4
4 4
7 4
11 4
12 4
11 4
7 4
4 4
11 4
4 4
4 4
7 4
4 4
7 4
12 4
11 4
7 4
4 4
7 4
11 4
12 4
11 4
7 4
4 4
11 4
4 4
7 4
10 4
7 4
10 4
15 4
14 4
10 4
7 4
10 4
14 4
15 4
14 4
10 4
7 4
2 4
7 4
7 4
10 4
7 4
10 4
15 4
14 4
10 4
7 4
10 4
14 4
15 4
14 4
10 4
7 4
2 4
7 4
2 4
5 4
2 4
5 4
10 4
9 4
5 4
2 4
5 4
9 4
10 4
9 4
5 4
2 4
9 4
2 4
2 4
5 4
2 4
5 4
10 4
9 4
5 4
2 4
5 4
9 4
10 4
9 4
5 4
2 4
9 4
2 4
5 4
5 4
5 4
5 4
5 4
5 4
5 4
5 4
5 4
5 4
5 4
5 4
5 4
5 4
5 4
5 4
5 4
5 4
5 4
5 4
5 4
5 4
5 4
5 4
5 4
5 4
5 4
5 4
5 4
5 4
5 4
5 4
5 4
5 4
5 4
5 4
5 4
5 4
5 4
5 4
5 4
5 4
5 4
5 4
5 4
5 4
5 4
5 4
5 4
5 4
5 4
5 4
5 4
5 4
5 4
5 4
5 4
5 4
5 4
5 4
5 4
5 4
5 4
5 4
0 4
4 4
0 4
4 4
8 4
7 4
4 4
0 4
4 4
7 4
8 4
7 4
4 4
0 4
7 4
0 4
0 4
4 4
0 4
4 4
8 4
7 4
4 4
0 4
4 4
7 4
8 4
7 4
4 4
0 4
7 4
0 4
2 4
5 4
2 4
5 4
10 4
9 4
5 4
2 4
5 4
9 4
10 4
9 4
5 4
2 4
10 4
2 4
2 4
5 4
2 4
5 4
10 4
9 4
5 4
2 4
5 4
9 4
10 4
9 4
5 4
2 4
10 4
2 4
2 4
5 4
2 4
5 4
10 4
9 4
5 4
2 4
5 4
9 4
10 4
9 4
5 4
2 4
10 4
2 4
2 4
5 4
2 4
5 4
10 4
9 4
5 4
2 4
5 4
9 4
10 4
9 4
5 4
2 4
10 4
2 4
E
S
L
14 14
26 14
38 14
14 14
E
S
H
72 14
70 4
69 4
65 4
62 4
58 4
57 4
53 4
50 4
70 4
69 4
65 4
62 4
58 4
57 4
53 4
50 4
70 4
69 4
65 4
62 4
58 4
57 4
53 4
50 4
70 4
69 4
65 4
62 4
58 4
57 4
53 4
50 4
70 4
69 4
65 4
62 4
58 4
57 4
53 4
50 4
70 4
69 4
65 4
62 4
58 4
57 4
53 4
50 4
70 4
69 4
65 4
62 4
58 4
57 4
53 4
50 4
70 4
69 4
65 4
62 4
58 4
57 4
53 4
50 4
70 4
69 4
65 4
62 4
58 4
57 4
53 4
50 4
70 4
69 4
65 4
62 4
58 4
57 4
53 4
50 4
70 4
69 4
65 4
62 4
58 4
57 4
53 4
50 4
70 4
69 4
65 4
62 4
58 4
57 4
53 4
50 4
70 4
69 4
65 4
62 4
58 4
57 4
53 4
50 4
70 4
69 4
65 4
62 4
58 4
57 4
53 4
50 4
70 4
69 4
65 4
62 4
58 4
57 4
53 4
50 4
70 4
69 4
65 4
62 4
58 4
57 4
53 4
50 4
70 4
69 4
65 4
62 4
58 4
57 4
53 4
50 4
70 4
69 4
65 4
62 4
58 4
57 4
53 4
50 4
70 4
69 4
65 4
62 4
58 4
57 4
53 4
50 4
70 4
69 4
65 4
62 4
58 4
57 4
53 4
50 4
70 4
69 4
65 4
62 4
58 4
57 4
53 4
50 4
70 4
69 4
65 4
62 4
58 4
57 4
53 4
50 4
70 4
69 4
65 4
62 4
58 4
57 4
53 4
50 4
70 4
69 4
65 4
62 4
58 4
57 4
53 4
50 4
68 4
65 4
61 4
60 4
56 4
53 4
49 4
48 4
68 4
65 4
61 4
60 4
56 4
53 4
49 4
48 4
68 4
65 4
61 4
60 4
56 4
53 4
49 4
48 4
68 4
65 4
61 4
60 4
56 4
53 4
49 4
48 4
68 4
67 4
63 4
60 4
56 4
55 4
51 4
48 4
68 4
67 4
63 4
60 4
56 4
55 4
51 4
48 4
68 4
67 4
63 4
60 4
56 4
55 4
51 4
48 4
68 4
67 4
63 4
60 4
56 4
55 4
51 4
48 4
72 14
68 4
67 4
64 4
60 4
56 4
55 4
52 4
48 4
68 4
67 4
64 4
60 4
56 4
55 4
52 4
48 4
68 4
67 4
64 4
60 4
56 4
55 4
52 4
48 4
68 4
67 4
64 4
60 4
56 4
55 4
52 4
48 4
70 4
69 4
65 4
62 4
58 4
57 4
53 4
50 4
70 4
69 4
65 4
62 4
58 4
57 4
53 4
50 4
70 4
69 4
65 4
62 4
58 4
57 4
53 4
50 4
70 4
69 4
65 4
62 4
58 4
57 4
53 4
50 4
70 4
69 4
65 4
62 4
58 4
57 4
53 4
50 4
70 4
69 4
65 4
62 4
58 4
57 4
53 4
50 4
70 4
69 4
65 4
62 4
58 4
57 4
53 4
50 4
70 4
69 4
65 4
62 4
58 4
57 4
53 4
50 4
68 4
65 4
61 4
60 4
56 4
53 4
49 4
48 4
68 4
65 4
61 4
60 4
56 4
53 4
49 4
48 4
68 4
65 4
61 4
60 4
56 4
53 4
49 4
48 4
68 4
65 4
61 4
60 4
56 4
53 4
49 4
48 4
68 4
67 4
63 4
60 4
56 4
55 4
51 4
48 4
68 4
67 4
63 4
60 4
56 4
55 4
51 4
48 4
68 4
67 4
63 4
60 4
56 4
55 4
51 4
48 4
68 4
67 4
63 4
60 4
56 4
55 4
51 4
48 4
72 14
68 4
67 4
64 4
60 4
56 4
55 4
52 4
48 4
68 4
67 4
64 4
60 4
56 4
55 4
52 4
48 4
68 4
67 4
64 4
60 4
56 4
55 4
52 4
48 4
68 4
67 4
64 4
60 4
56 4
55 4
52 4
48 4
E
S
H
72 14
1315 14
1459 2
1459 2
1459 2
1459 2
1459 2
72 14
1315 14
50 13
1459 2
1459 2
1459 2
1459 2
1459 2
72 8
1459 2
1459 2
1459 2
1459 2
1459 2
72 6
1459 2
1459 2
1459 2
1459 2
1459 2
72 2
1459 2
1459 2
1459 2
1459 2
1459 2
72 6
163 4
149 4
163 4
149 4
135 4
110 4
135 4
110 4
163 4
149 4
163 4
149 4
135 4
110 4
135 4
110 4
163 4
149 4
163 4
149 4
135 4
110 4
135 4
110 4
163 4
149 4
163 4
149 4
135 4
110 4
135 4
110 4
163 4
149 4
163 4
149 4
135 4
110 4
135 4
110 4
163 4
149 4
163 4
149 4
135 4
110 4
135 4
110 4
163 4
149 4
163 4
149 4
214 4
189 4
214 4
189 4
163 4
149 4
163 4
149 4
135 4
110 4
135 4
110 4
109 4
228 4
109 4
228 4
202 4
188 4
202 4
188 4
109 4
228 4
109 4
228 4
202 4
188 4
202 4
188 4
109 4
228 4
109 4
228 4
202 4
188 4
202 4
188 4
109 4
228 4
109 4
228 4
202 4
188 4
202 4
188 4
109 4
228 4
109 4
228 4
202 4
188 4
202 4
188 4
109 4
228 4
109 4
228 4
202 4
188 4
202 4
188 4
109 4
228 4
109 4
188 4
163 4
188 4
228 4
202 4
228 4
188 4
163 4
188 4
137 4
135 4
137 4
135 4
213 14
765 14
1627 14
502 14
1457 13
214 13
1771 13
528 13
541 14
855 14
149 4
135 4
149 4
135 4
109 4
228 4
109 4
228 4
149 4
135 4
149 4
135 4
109 4
228 4
109 4
228 4
149 4
135 4
149 4
135 4
109 4
228 4
109 4
228 4
149 4
135 4
149 4
135 4
109 4
228 4
109 4
228 4
163 4
149 4
163 4
149 4
135 4
110 4
135 4
110 4
163 4
149 4
163 4
149 4
135 4
110 4
135 4
110 4
163 4
149 4
163 4
149 4
135 4
110 4
135 4
110 4
163 4
149 4
163 4
149 4
135 4
110 4
135 4
110 4
163 4
149 4
163 4
149 4
135 4
110 4
135 4
110 4
163 4
149 4
163 4
149 4
135 4
110 4
135 4
110 4
163 4
149 4
163 4
149 4
214 4
189 4
214 4
189 4
163 4
149 4
163 4
149 4
135 4
110 4
135 4
110 4
109 4
228 4
109 4
228 4
202 4
188 4
202 4
188 4
109 4
228 4
109 4
228 4
202 4
188 4
202 4
188 4
109 4
228 4
109 4
228 4
202 4
188 4
202 4
188 4
109 4
228 4
109 4
228 4
202 4
188 4
202 4
188 4
109 4
228 4
109 4
228 4
202 4
188 4
202 4
188 4
109 4
228 4
109 4
228 4
202 4
188 4
202 4
188 4
109 4
228 4
109 4
188 4
163 4
188 4
228 4
202 4
228 4
188 4
163 4
188 4
137 4
135 4
137 4
135 4
213 14
765 14
1627 14
502 14
1457 13
214 13
1771 13
528 13
541 14
855 14
149 4
135 4
149 4
135 4
109 4
228 4
109 4
228 4
149 4
135 4
149 4
135 4
109 4
228 4
109 4
228 4
149 4
135 4
149 4
135 4
109 4
228 4
109 4
228 4
149 4
135 4
149 4
135 4
109 4
228 4
109 4
228 4
163 4
149 4
163 4
149 4
135 4
110 4
135 4
110 4
163 4
149 4
163 4
149 4
135 4
110 4
135 4
110 4
163 4
149 4
163 4
149 4
135 4
110 4
135 4
110 4
163 4
149 4
163 4
149 4
135 4
110 4
135 4
110 4
163 4
149 4
163 4
149 4
135 4
110 4
135 4
110 4
163 4
149 4
163 4
149 4
135 4
110 4
135 4
110 4
163 4
149 4
163 4
149 4
214 4
189 4
214 4
189 4
163 4
149 4
163 4
149 4
135 4
110 4
135 4
110 4
E
S
H
72 14
1459 2
1459 2
1459 2
1459 2
1459 2
72 14
1459 2
1459 2
1459 2
1459 2
1459 2
72 8
1459 2
1459 2
1459 2
1459 2
1459 2
72 6
1459 2
1459 2
1459 2
1459 2
1459 2
72 2
1459 2
1459 2
1459 2
1459 2
1459 2
72 14
1459 2
1459 2
1459 2
72 6
1459 2
1459 2
1459 2
72 11
1459 2
1459 2
1459 2
1459 2
1459 2
72 2
1459 2
1459 2
1459 2
1459 2
1459 2
72 14
1145 2
1145 2
1145 2
72 6
1145 2
1145 2
1145 2
72 11
1145 2
1145 2
1145 2
1145 2
1145 2
72 2
1145 2
1145 2
1145 2
1145 2
1145 2
72 14
218 2
244 2
101 2
127 2
153 14
72 14
153 2
179 2
192 2
218 2
244 14
72 14
192 2
218 2
231 2
101 2
127 14
72 14
127 2
153 2
166 2
192 2
218 14
72 14
1459 2
1459 2
1459 2
72 6
1459 2
1459 2
1459 2
72 11
1459 2
1459 2
1459 2
1459 2
1459 2
72 2
1459 2
1459 2
1459 2
1459 2
1459 2
72 14
1145 2
1145 2
1145 2
72 6
1145 2
1145 2
1145 2
72 11
1145 2
1145 2
1145 2
1145 2
1145 2
72 2
1145 2
1145 2
1145 2
1145 2
1145 2
72 14
218 2
244 2
101 2
127 2
153 14
72 14
153 2
179 2
192 2
218 2
244 14
72 14
192 2
218 2
231 2
101 2
127 14
72 14
127 2
153 2
166 2
192 2
218 14
72 14
1459 2
1459 2
1459 2
72 6
1459 2
1459 2
1459 2
72 11
1459 2
1459 2
1459 2
1459 2
1459 2
72 2
1459 2
1459 2
1459 2
1459 2
1459 2
E
S
H
72 14
1459 2
1459 2
1459 2
1459 2
1459 2
72 14
1459 2
1459 2
1459 2
1459 2
1459 2
72 8
1459 2
1459 2
1459 2
1459 2
1459 2
72 6
1459 2
1459 2
1459 2
1459 2
1459 2
72 2
1459 2
1459 2
1459 2
1459 2
1459 2
72 14
1459 2
1459 2
1459 2
72 6
1459 2
1459 2
1459 2
72 11
1459 2
1459 2
1459 2
1459 2
1459 2
72 2
1459 2
1459 2
1459 2
1459 2
1459 2
72 14
1145 2
1145 2
1145 2
72 6
1145 2
1145 2
1145 2
72 11
1145 2
1145 2
1145 2
1145 2
1145 2
72 2
1145 2
1145 2
1145 2
1145 2
1145 2
72 14
218 2
244 2
101 2
127 2
153 14
72 14
153 2
179 2
192 2
218 2
244 14
72 14
192 2
218 2
231 2
101 2
127 14
72 14
127 2
153 2
166 2
192 2
218 14
72 14
1459 2
1459 2
1459 2
72 6
1459 2
1459 2
1459 2
72 11
1459 2
1459 2
1459 2
1459 2
1459 2
72 2
1459 2
1459 2
1459 2
1459 2
1459 2
72 14
1145 2
1145 2
1145 2
72 6
1145 2
1145 2
1145 2
72 11
1145 2
1145 2
1145 2
1145 2
1145 2
72 2
1145 2
1145 2
1145 2
1145 2
1145 2
72 14
218 2
244 2
101 2
127 2
153 14
72 14
153 2
179 2
192 2
218 2
244 14
72 14
192 2
218 2
231 2
101 2
127 14
72 14
127 2
153 2
166 2
192 2
218 14
72 14
1459 2
1459 2
1459 2
72 6
1459 2
1459 2
1459 2
72 11
1459 2
1459 2
1459 2
1459 2
1459 2
72 2
1459 2
1459 2
1459 2
1459 2
1459 2
E
S
L
72 14
976 2
20 2
22 2
72 2
976 2
20 2
22 2
72 2
976 2
20 2
22 2
72 2
976 2
20 2
22 2
72 2
976 2
20 2
22 2
72 2
976 2
20 2
22 2
72 2
976 2
20 2
22 2
72 2
976 2
20 2
22 2
72 2
976 2
20 2
22 2
72 2
976 2
20 2
22 2
72 2
976 2
20 2
22 2
72 2
976 2
20 2
22 2
72 2
976 2
20 2
22 2
72 2
976 2
20 2
22 2
72 2
976 2
20 2
22 2
72 2
976 2
20 2
22 2
72 2
976 2
20 2
22 2
72 2
976 2
20 2
22 2
72 2
976 2
20 2
22 2
72 2
976 2
20 2
22 2
72 2
976 2
20 2
22 2
72 2
976 2
20 2
22 2
72 2
976 2
20 2
22 2
72 2
976 2
20 2
22 2
72 2
976 2
20 2
22 2
72 2
976 2
20 2
22 2
72 2
976 2
20 2
22 2
72 2
976 2
20 2
1814 2
72 2
976 2
20 2
1656 2
72 2
976 2
20 2
22 2
72 2
976 2
20 2
22 2
72 2
976 2
20 2
22 2
72 2
976 2
20 2
22 2
72 2
976 2
20 2
22 2
72 2
976 2
20 2
22 2
72 2
976 2
20 2
22 2
72 2
976 2
20 2
22 2
72 2
976 2
20 2
22 2
72 2
976 2
20 2
22 2
72 2
976 2
20 2
22 2
72 2
976 2
20 2
22 2
72 2
976 2
20 2
22 2
72 2
976 2
20 2
22 2
72 2
976 2
20 2
22 2
72 2
976 2
20 2
22 2
72 2
976 2
20 2
22 2
72 2
976 2
20 2
22 2
72 2
976 2
20 2
22 2
72 2
976 2
20 2
22 2
72 2
976 2
20 2
22 2
72 2
976 2
20 2
22 2
72 2
976 2
20 2
22 2
72 2
976 2
20 2
22 2
72 2
976 2
20 2
22 2
72 2
976 2
20 2
22 2
72 2
976 2
20 2
22 2
72 2
976 2
20 2
22 2
72 2
976 2
20 2
22 2
72 2
976 2
20 2
22 2
72 2
976 2
20 2
22 2
72 2
976 2
20 2
22 2
72 2
976 2
20 2
22 2
72 2
976 2
20 2
22 2
72 2
976 2
20 2
22 2
72 2
976 2
20 2
22 2
72 2
976 2
20 2
22 2
72 2
976 2
20 2
22 2
72 2
976 2
20 2
22 2
72 2
976 2
20 2
22 2
72 2
976 2
20 2
22 2
72 2
976 2
20 2
22 2
72 2
976 2
20 2
22 2
72 2
976 2
20 2
243 2
72 2
976 2
20 2
1656 2
72 2
976 2
20 2
1814 2
72 2
976 2
20 2
1630 2
72 2
976 2
20 2
22 2
72 2
976 2
20 2
22 2
72 2
976 2
20 2
22 2
72 2
976 2
20 2
22 2
72 2
976 2
20 2
22 2
72 2
976 2
20 2
22 2
72 2
976 2
20 2
22 2
72 2
976 2
20 2
22 2
72 2
976 2
20 2
22 2
72 2
976 2
20 2
22 2
72 2
976 2
20 2
22 2
72 2
976 2
20 2
22 2
72 2
976 2
20 2
22 2
72 2
976 2
20 2
22 2
72 2
976 2
20 2
22 2
72 2
976 2
20 2
22 2
72 2
976 2
20 2
22 2
72 2
976 2
20 2
22 2
72 2
976 2
20 2
22 2
72 2
976 2
20 2
22 2
72 2
976 2
241 2
230 2
72 2
976 2
20 2
243 2
21 2
976 2
20 2
22 2
72 2
976 2
20 2
22 2
72 2
976 2
20 2
111 2
23 2
976 2
204 2
226 2
72 2
976 2
241 2
230 2
19 2
976 2
20 2
22 2
72 2
976 2
20 2
22 2
72 2
976 2
20 2
22 2
72 2
976 2
20 2
1630 2
72 2
976 2
20 2
22 2
72 2
976 2
20 2
1656 2
72 2
976 2
20 2
1656 2
72 2
976 2
20 2
22 2
72 2
976 2
20 2
22 2
72 2
1408 2
72 2
29 2
72 2
688 2
72 2
29 2
72 2
544 2
72 2
29 2
72 2
688 2
72 2
29 2
72 2
544 2
72 2
29 2
72 2
688 2
72 2
29 2
72 2
544 2
72 2
29 2
72 2
688 2
72 2
29 2
72 2
544 2
72 2
29 2
72 2
688 2
72 2
29 2
72 2
544 2
72 2
29 2
72 2
688 2
72 2
29 2
72 2
544 2
72 2
29 2
72 2
688 2
72 2
29 2
72 2
544 2
72 2
29 2
72 2
688 2
72 2
29 2
72 2
976 2
20 2
22 2
72 2
976 2
20 2
22 2
72 2
976 2
20 2
22 2
72 2
976 2
20 2
22 2
72 2
976 2
20 2
22 2
72 2
976 2
20 2
22 2
72 2
976 2
20 2
22 2
72 2
976 2
20 2
22 2
72 2
976 2
20 2
22 2
72 2
976 2
20 2
22 2
72 2
976 2
20 2
22 2
72 2
976 2
20 2
22 2
72 2
976 2
20 2
22 2
72 2
976 2
20 2
22 2
72 2
976 2
20 2
22 2
72 2
976 2
20 2
22 2
72 2
544 2
72 2
29 2
72 2
688 2
72 2
29 2
72 2
544 2
72 2
29 2
72 2
688 2
72 2
29 2
72 2
544 2
72 2
29 2
72 2
688 2
72 2
29 2
72 2
544 2
72 2
29 2
72 2
688 2
72 2
29 2
72 2
544 2
72 2
29 2
72 2
688 2
72 2
29 2
72 2
544 2
72 2
29 2
72 2
688 2
72 2
29 2
72 2
544 2
72 2
29 2
72 2
688 2
72 2
29 2
72 2
544 2
72 2
29 2
72 2
688 2
72 2
29 2
72 2
976 2
20 2
22 2
72 2
976 2
20 2
22 2
72 2
976 2
20 2
22 2
72 2
976 2
20 2
22 2
72 2
976 2
20 2
22 2
72 2
976 2
20 2
22 2
72 2
976 2
20 2
22 2
72 2
976 2
20 2
22 2
72 2
976 2
20 2
22 2
72 2
976 2
20 2
22 2
72 2
976 2
20 2
22 2
72 2
976 2
20 2
22 2
72 2
976 2
20 2
228 2
72 2
976 2
20 2
1656 2
72 2
976 2
20 2
1630 2
72 2
976 2
20 2
1656 2
72 2
1408 2
72 6
27 2
72 2
11 2
72 2
583 2
72 6
27 2
72 2
112 2
72 2
27 2
72 2
112 2
72 2
27 2
72 2
11 2
72 2
583 2
72 6
27 2
72 2
112 2
72 2
544 2
72 6
27 2
72 2
11 2
72 2
583 2
72 6
27 2
72 2
112 2
72 2
27 2
72 2
112 2
72 2
27 2
72 2
11 2
72 2
583 2
72 6
544 2
72 6
256 2
72 6
27 2
72 2
11 2
72 2
583 2
72 6
27 2
72 2
112 2
72 2
27 2
72 2
112 2
72 2
27 2
72 2
11 2
72 2
583 2
72 6
27 2
72 2
112 2
72 2
544 2
72 6
27 2
72 2
11 2
72 2
583 2
72 6
27 2
72 2
112 2
72 2
27 2
72 2
112 2
72 2
27 2
72 2
11 2
72 2
583 2
72 6
544 2
242 2
1656 2
190 2
976 2
20 2
22 2
72 2
976 2
20 2
22 2
72 2
976 2
20 2
22 2
72 2
976 2
20 2
22 2
72 2
976 2
20 2
22 2
72 2
976 2
20 2
22 2
72 2
976 2
20 2
22 2
72 2
976 2
20 2
22 2
72 2
976 2
20 2
22 2
72 2
976 2
20 2
22 2
72 2
976 2
20 2
22 2
72 2
976 2
20 2
22 2
72 2
976 2
20 2
22 2
72 2
976 2
20 2
22 2
72 2
976 2
20 2
22 2
72 2
976 2
20 2
22 2
72 2
976 2
20 2
22 2
72 2
976 2
20 2
22 2
72 2
976 2
20 2
22 2
72 2
976 2
20 2
22 2
72 2
976 2
20 2
22 2
72 2
976 2
20 2
22 2
72 2
976 2
20 2
22 2
72 2
976 2
20 2
22 2
72 2
976 2
20 2
22 2
72 2
976 2
20 2
22 2
72 2
976 2
20 2
22 2
72 2
976 2
20 2
22 2
72 2
976 2
20 2
22 2
72 2
976 2
20 2
22 2
72 2
976 2
20 2
22 2
72 2
976 2
20 2
22 2
72 2
976 2
20 2
22 2
72 2
976 2
20 2
22 2
72 2
976 2
20 2
22 2
72 2
976 2
20 2
22 2
72 2
976 2
20 2
22 2
72 2
976 2
20 2
22 2
72 2
976 2
20 2
22 2
72 2
976 2
20 2
22 2
72 2
976 2
20 2
243 2
72 2
976 2
20 2
1656 2
72 2
976 2
20 2
1814 2
72 2
976 2
20 2
1630 2
72 2
976 2
20 2
22 2
72 2
976 2
20 2
22 2
72 2
976 2
20 2
22 2
72 2
976 2
20 2
22 2
72 2
976 2
20 2
22 2
72 2
976 2
20 2
22 2
72 2
976 2
20 2
22 2
72 2
976 2
20 2
22 2
72 2
976 2
20 2
22 2
72 2
976 2
20 2
22 2
72 2
976 2
20 2
22 2
72 2
976 2
20 2
22 2
72 2
976 2
20 2
22 2
72 2
976 2
20 2
22 2
72 2
976 2
20 2
22 2
72 2
976 2
20 2
22 2
72 2
976 2
20 2
22 2
72 2
976 2
20 2
22 2
72 2
976 2
20 2
22 2
72 2
976 2
20 2
22 2
72 2
976 2
241 2
230 2
72 2
976 2
20 2
243 2
21 2
976 2
20 2
22 2
72 2
976 2
20 2
22 2
72 2
976 2
20 2
111 2
23 2
976 2
204 2
226 2
72 2
976 2
241 2
230 2
19 2
976 2
20 2
22 2
72 2
976 2
20 2
22 2
72 2
976 2
20 2
22 2
72 2
976 2
20 2
1630 2
72 2
976 2
20 2
22 2
72 2
976 2
20 2
1656 2
72 2
976 2
20 2
1656 2
72 2
976 2
20 2
22 2
72 2
976 2
20 2
22 2
72 2
1408 2
72 2
29 2
72 2
688 2
72 2
29 2
72 2
544 2
72 2
29 2
72 2
688 2
72 2
29 2
72 2
544 2
72 2
29 2
72 2
688 2
72 2
29 2
72 2
544 2
72 2
29 2
72 2
688 2
72 2
29 2
72 2
544 2
72 2
29 2
72 2
688 2
72 2
29 2
72 2
544 2
72 2
29 2
72 2
688 2
72 2
29 2
72 2
544 2
72 2
29 2
72 2
688 2
72 2
29 2
72 2
544 2
72 2
29 2
72 2
688 2
72 2
29 2
72 2
976 2
20 2
22 2
72 2
976 2
20 2
22 2
72 2
976 2
20 2
22 2
72 2
976 2
20 2
22 2
72 2
976 2
20 2
22 2
72 2
976 2
20 2
22 2
72 2
976 2
20 2
22 2
72 2
976 2
20 2
22 2
72 2
976 2
20 2
22 2
72 2
976 2
20 2
22 2
72 2
976 2
20 2
22 2
72 2
976 2
20 2
22 2
72 2
976 2
20 2
22 2
72 2
976 2
20 2
22 2
72 2
976 2
20 2
22 2
72 2
976 2
20 2
22 2
72 2
544 2
72 2
29 2
72 2
688 2
72 2
29 2
72 2
544 2
72 2
29 2
72 2
688 2
72 2
29 2
72 2
544 2
72 2
29 2
72 2
688 2
72 2
29 2
72 2
544 2
72 2
29 2
72 2
688 2
72 2
29 2
72 2
544 2
72 2
29 2
72 2
688 2
72 2
29 2
72 2
544 2
72 2
29 2
72 2
688 2
72 2
29 2
72 2
544 2
72 2
29 2
72 2
688 2
72 2
29 2
72 2
544 2
72 2
29 2
72 2
688 2
72 2
29 2
72 2
976 2
20 2
22 2
72 2
976 2
20 2
22 2
72 2
976 2
20 2
22 2
72 2
976 2
20 2
22 2
72 2
976 2
20 2
22 2
72 2
976 2
20 2
22 2
72 2
976 2
20 2
22 2
72 2
976 2
20 2
22 2
72 2
976 2
20 2
22 2
72 2
976 2
20 2
22 2
72 2
976 2
20 2
22 2
72 2
976 2
20 2
22 2
72 2
976 2
20 2
228 2
72 2
976 2
20 2
1656 2
72 2
976 2
20 2
1630 2
72 2
976 2
20 2
1656 2
72 2
1408 2
72 6
27 2
72 2
11 2
72 2
583 2
72 6
27 2
72 2
112 2
72 2
27 2
72 2
112 2
72 2
27 2
72 2
11 2
72 2
583 2
72 6
27 2
72 2
112 2
72 2
544 2
72 6
27 2
72 2
11 2
72 2
583 2
72 6
27 2
72 2
112 2
72 2
27 2
72 2
112 2
72 2
27 2
72 2
11 2
72 2
583 2
72 6
544 2
72 6
256 2
72 6
27 2
72 2
11 2
72 2
583 2
72 6
27 2
72 2
112 2
72 2
27 2
72 2
112 2
72 2
27 2
72 2
11 2
72 2
583 2
72 6
27 2
72 2
112 2
72 2
544 2
72 6
27 2
72 2
11 2
72 2
583 2
72 6
27 2
72 2
112 2
72 2
27 2
72 2
112 2
72 2
27 2
72 2
11 2
72 2
583 2
72 6
544 2
242 2
1656 2
190 2
976 2
20 2
22 2
72 2
976 2
20 2
22 2
72 2
976 2
20 2
22 2
72 2
976 2
20 2
22 2
72 2
976 2
20 2
22 2
72 2
976 2
20 2
22 2
72 2
976 2
20 2
22 2
72 2
976 2
20 2
22 2
72 2
976 2
20 2
22 2
72 2
976 2
20 2
22 2
72 2
976 2
20 2
22 2
72 2
976 2
20 2
22 2
72 2
976 2
20 2
22 2
72 2
976 2
20 2
22 2
72 2
976 2
20 2
22 2
72 2
976 2
20 2
22 2
72 2
976 2
20 2
22 2
72 2
976 2
20 2
22 2
72 2
976 2
20 2
22 2
72 2
976 2
20 2
22 2
72 2
976 2
20 2
22 2
72 2
976 2
20 2
22 2
72 2
976 2
20 2
22 2
72 2
976 2
20 2
22 2
72 2
976 2
20 2
22 2
72 2
976 2
20 2
22 2
72 2
976 2
20 2
22 2
72 2
976 2
20 2
22 2
72 2
976 2
20 2
22 2
72 2
976 2
20 2
22 2
72 2
976 2
20 2
22 2
72 2
976 2
20 2
22 2
72 2
976 2
20 2
22 2
72 2
976 2
20 2
22 2
72 2
976 2
20 2
22 2
72 2
976 2
20 2
22 2
72 2
976 2
20 2
22 2
72 2
976 2
20 2
22 2
72 2
976 2
20 2
22 2
72 2
976 2
20 2
22 2
72 2
976 2
20 2
243 2
72 2
976 2
20 2
1656 2
72 2
976 2
20 2
1814 2
72 2
976 2
20 2
1630 2
72 2
976 2
20 2
22 2
72 2
976 2
20 2
22 2
72 2
976 2
20 2
22 2
72 2
976 2
20 2
22 2
E
S
H
72 14
38 12
40 7
41 13
38 7
40 7
41 11
43 11
45 14
72 4
41 12
43 7
44 13
41 7
43 7
44 11
46 11
48 14
72 4
48 12
47 7
45 13
48 7
47 7
45 7
36 11
38 11
40 14
72 4
46 12
45 7
43 13
46 7
45 7
43 7
34 11
36 11
38 14
38 2
40 2
41 2
43 2
45 13
41 4
43 4
45 7
48 7
47 7
45 4
43 14
48 13
44 4
46 4
48 7
51 7
50 7
48 4
46 13
46 11
48 14
72 14
38 12
40 7
41 13
38 7
40 7
41 11
43 11
45 14
72 4
41 12
43 7
44 13
41 7
43 7
44 11
46 11
48 14
72 4
48 12
47 7
45 13
48 7
47 7
45 7
36 11
38 11
40 14
72 4
46 12
45 7
43 13
46 7
45 7
43 7
34 11
36 11
38 14
38 2
40 2
41 2
43 2
45 13
41 4
43 4
45 7
48 7
47 7
45 4
43 14
48 13
44 4
46 4
48 7
51 7
50 7
48 4
46 13
46 11
48 14
72 14
38 12
40 7
41 13
38 7
40 7
41 11
43 11
45 14
E
S
H
72 14
38 12
40 7
41 13
38 7
40 7
41 11
43 11
45 14
72 4
41 12
43 7
44 13
41 7
43 7
44 11
46 11
48 14
72 4
48 12
47 7
45 13
48 7
47 7
45 7
36 11
38 11
40 14
72 4
46 12
45 7
43 13
46 7
45 7
43 7
34 11
36 11
38 14
38 2
40 2
41 2
43 2
45 13
41 4
43 4
45 7
48 7
47 7
45 4
43 14
48 13
44 4
46 4
48 7
51 7
50 7
48 4
46 13
46 11
48 14
72 14
38 12
40 7
41 13
38 7
40 7
41 11
43 11
45 14
72 4
41 12
43 7
44 13
41 7
43 7
44 11
46 11
48 14
72 4
48 12
47 7
45 13
48 7
47 7
45 7
36 11
38 11
40 14
72 4
46 12
45 7
43 13
46 7
45 7
43 7
34 11
36 11
38 14
38 2
40 2
41 2
43 2
45 13
41 4
43 4
45 7
48 7
47 7
45 4
43 14
48 13
44 4
46 4
48 7
51 7
50 7
48 4
46 13
46 11
48 14
72 14
38 12
40 7
41 13
38 7
40 7
41 11
43 11
45 14
E
S
H
72 14
33 12
35 7
36 13
40 7
38 7
36 7
31 11
33 11
35 12
33 7
31 14
72 4
38 12
36 7
34 13
38 7
36 7
34 7
29 11
31 11
33 14
33 2
35 2
36 2
38 2
41 13
36 4
40 4
41 7
45 7
43 7
41 4
38 14
44 13
39 4
43 4
44 7
48 7
46 7
45 4
41 13
41 11
43 14
72 14
33 12
35 7
36 13
40 7
38 7
36 7
31 11
33 11
35 12
33 7
31 14
72 4
38 12
36 7
34 13
38 7
36 7
34 7
29 11
31 11
33 14
33 2
35 2
36 2
38 2
41 13
36 4
40 4
41 7
45 7
43 7
41 4
38 14
44 13
39 4
43 4
44 7
48 7
46 7
45 4
41 13
41 11
43 14
E
S
H
72 14
33 12
35 7
36 13
40 7
38 7
36 7
31 11
33 11
35 12
33 7
31 14
72 4
38 12
36 7
34 13
38 7
36 7
34 7
29 11
31 11
33 14
33 2
35 2
36 2
38 2
41 13
36 4
40 4
41 7
45 7
43 7
41 4
38 14
44 13
39 4
43 4
44 7
48 7
46 7
45 4
41 13
41 11
43 14
72 14
33 12
35 7
36 13
40 7
38 7
36 7
31 11
33 11
35 12
33 7
31 14
72 4
38 12
36 7
34 13
38 7
36 7
34 7
29 11
31 11
33 14
33 2
35 2
36 2
38 2
41 13
36 4
40 4
41 7
45 7
43 7
41 4
38 14
44 13
39 4
43 4
44 7
48 7
46 7
45 4
41 13
41 11
43 14
E
X
