major
S
L
72 13
9 4
9 4
9 4
9 4
9 4
9 4
9 4
9 4
9 4
9 4
9 4
9 4
9 4
9 4
9 4
9 4
9 4
9 4
9 4
9 4
9 4
9 4
9 4
9 4
9 4
9 4
9 4
9 4
9 4
16 4
14 4
19 4
9 4
9 4
9 4
9 4
9 4
9 4
9 4
9 4
9 4
9 4
9 4
9 4
9 4
9 4
9 4
9 4
9 4
9 4
9 4
9 4
9 4
9 4
9 4
9 4
9 4
9 4
9 4
9 4
9 4
16 4
14 4
19 4
16 4
12 4
11 4
11 4
11 4
11 4
11 4
11 4
11 4
11 4
11 4
11 4
11 4
11 4
11 4
11 4
11 4
11 4
11 4
11 4
11 4
11 4
11 4
11 4
11 4
11 4
11 4
11 4
11 4
11 4
11 4
18 4
16 4
9 4
11 4
11 4
11 4
11 4
11 4
11 4
11 4
11 4
11 4
11 4
11 4
11 4
11 4
11 4
11 4
11 4
11 4
11 4
11 4
11 4
11 4
11 4
11 4
11 4
11 4
11 4
11 4
11 4
16 4
16 4
14 4
14 4
12 4
12 4
11 4
11 4
9 4
9 4
9 4
9 4
9 4
9 4
9 4
9 4
9 4
9 4
9 4
9 4
9 4
9 4
9 4
9 4
9 4
9 4
9 4
9 4
9 4
9 4
9 4
9 4
9 4
9 4
9 4
9 4
9 4
9 4
9 4
9 4
16 4
16 4
16 4
16 4
16 4
16 4
16 4
16 4
16 4
16 4
16 4
16 4
16 4
16 4
16 4
16 4
16 4
16 4
16 4
16 4
16 4
16 4
16 4
16 4
14 4
14 4
14 4
14 4
11 4
11 4
11 4
11 4
17 13
13 13
20 13
16 11
19 11
11 4
72 7
11 4
72 7
11 4
72 7
11 4
72 7
11 4
16 4
21 4
13 4
11 4
72 4
11 4
13 4
72 4
13 4
14 4
72 4
14 4
16 4
72 4
16 4
18 4
19 4
16 4
13 4
14 4
72 7
14 4
72 7
14 4
72 7
14 4
72 7
14 4
19 4
24 4
17 4
14 4
72 4
14 4
16 4
72 4
16 4
17 4
72 4
17 4
19 4
72 4
19 4
21 4
19 4
17 4
16 4
20 11
15 4
20 4
25 4
72 11
20 9
21 9
23 9
25 9
27 9
28 7
30 7
20 13
20 4
30 4
28 4
27 4
25 4
20 4
23 4
18 9
30 9
28 9
25 9
21 7
18 7
20 2
72 2
15 2
72 2
20 2
72 2
15 2
72 2
20 2
72 2
15 2
72 2
20 2
72 2
15 2
72 2
20 2
72 2
15 2
72 2
20 2
72 2
15 2
72 2
20 2
72 2
15 2
72 2
20 2
72 2
15 2
72 2
20 2
72 2
15 2
72 2
20 2
72 2
15 2
72 2
20 2
72 2
15 2
72 2
20 2
72 2
15 2
72 2
20 2
72 2
15 2
72 2
20 2
72 2
15 2
72 2
20 2
72 2
15 2
72 2
20 2
72 2
15 2
72 2
20 2
72 2
15 2
72 2
20 2
72 2
15 2
72 2
20 2
72 2
15 2
72 2
20 2
72 2
15 2
72 2
20 2
72 2
15 2
72 2
20 2
72 2
15 2
72 2
20 2
72 2
15 2
72 2
20 2
72 2
15 2
72 2
20 2
72 2
15 2
72 2
20 2
72 2
15 2
72 2
20 2
72 2
15 2
72 2
20 2
72 2
15 2
72 2
20 2
72 2
15 2
72 2
20 2
72 2
15 2
72 2
20 2
72 2
15 2
72 2
20 2
72 2
15 2
72 2
20 2
72 2
15 2
72 2
20 2
72 2
15 2
72 2
20 2
72 2
15 2
72 2
20 2
72 2
15 2
72 2
20 2
72 2
15 2
72 2
20 2
72 2
15 2
72 2
20 2
72 2
15 2
72 2
20 2
72 2
15 2
72 2
20 2
72 2
15 2
72 2
20 2
72 2
15 2
72 2
20 2
72 2
15 2
72 2
20 2
72 2
15 2
72 2
20 2
72 2
15 2
72 2
20 2
72 2
15 2
72 2
20 2
72 2
15 2
72 2
20 2
72 2
15 2
72 2
20 2
72 2
15 2
72 2
20 2
72 2
15 2
72 2
20 2
72 2
15 2
72 2
20 2
72 2
15 2
72 2
20 2
72 2
15 2
72 2
20 2
72 2
15 2
72 2
20 2
72 2
15 2
72 2
20 2
72 2
15 2
72 2
20 2
72 2
15 2
72 2
20 2
72 2
15 2
72 2
20 2
72 2
15 2
72 2
20 2
72 2
15 2
72 2
20 2
72 2
15 2
72 2
20 2
72 2
15 2
72 2
20 2
72 2
15 2
72 2
20 2
72 2
15 2
72 2
16 2
72 2
23 2
72 2
16 2
72 2
23 2
72 2
16 2
72 2
23 2
72 2
16 2
72 2
23 2
72 2
18 2
72 2
25 2
72 2
18 2
72 2
25 2
72 2
18 2
72 2
25 2
72 2
18 2
72 2
25 2
72 2
20 2
72 2
15 2
72 2
20 2
72 2
15 2
72 2
20 2
72 2
15 2
72 2
20 2
72 2
15 2
72 2
20 2
72 2
15 2
72 2
20 2
72 2
15 2
72 2
20 2
72 2
15 2
72 2
20 2
72 2
15 2
72 2
23 2
72 2
18 2
72 2
23 2
72 2
18 2
72 2
23 2
72 2
18 2
72 2
23 2
72 2
18 2
72 2
23 2
72 2
18 2
72 2
23 2
72 2
18 2
72 2
23 2
72 2
18 2
72 2
23 2
72 2
18 2
72 2
21 2
72 2
16 2
72 2
21 2
72 2
16 2
72 2
21 2
72 2
16 2
72 2
21 2
72 2
16 2
72 2
21 2
72 2
16 2
72 2
21 2
72 2
16 2
72 2
21 2
72 2
16 2
72 2
21 2
72 2
16 2
72 2
19 2
72 2
14 2
72 2
19 2
72 2
14 2
72 2
19 2
72 2
14 2
72 2
19 2
72 2
14 2
72 2
19 2
72 2
14 2
72 2
19 2
72 2
14 2
72 2
19 2
72 2
14 2
72 2
19 2
72 2
14 2
72 2
21 2
72 2
16 2
72 2
21 2
72 2
16 2
72 2
21 2
72 2
16 2
72 2
21 2
72 2
16 2
72 2
21 2
72 2
16 2
72 2
21 2
72 2
16 2
72 2
21 2
72 2
16 2
72 2
21 2
72 2
16 2
72 2
17 14
9 2
72 2
9 2
72 2
21 2
72 2
9 2
72 2
9 2
72 2
9 2
72 2
21 2
72 2
9 2
72 2
9 2
72 2
21 2
72 2
9 2
72 2
9 2
72 2
9 2
72 2
16 2
72 2
14 2
72 2
19 2
72 2
14 9
16 9
17 9
19 9
24 7
23 7
9 4
72 7
9 4
72 7
9 4
72 7
9 4
72 7
9 4
72 9
9 4
72 7
9 4
72 7
9 4
72 7
9 4
72 7
9 4
16 4
14 4
19 4
9 4
9 4
9 4
9 4
9 4
9 4
9 4
9 4
9 4
9 4
9 4
9 4
9 4
9 4
9 4
9 4
9 4
9 4
9 4
9 4
9 4
9 4
9 4
9 4
9 4
9 4
9 4
9 4
9 4
16 4
14 4
19 4
16 4
12 4
11 4
11 4
11 4
11 4
11 4
11 4
11 4
11 4
11 4
11 4
11 4
11 4
11 4
11 4
11 4
11 4
11 4
11 4
11 4
11 4
11 4
11 4
11 4
11 4
11 4
11 4
11 4
11 4
11 4
18 4
16 4
9 4
11 4
11 4
11 4
11 4
11 4
11 4
11 4
11 4
11 4
11 4
11 4
11 4
11 4
11 4
11 4
11 4
11 4
11 4
11 4
11 4
11 4
11 4
11 4
11 4
11 4
11 4
11 4
11 4
16 4
16 4
14 4
14 4
12 4
12 4
11 4
11 4
9 4
9 4
9 4
9 4
9 4
9 4
9 4
9 4
9 4
9 4
9 4
9 4
9 4
9 4
9 4
9 4
9 4
9 4
9 4
9 4
9 4
9 4
9 4
9 4
9 4
9 4
9 4
9 4
9 4
9 4
9 4
9 4
16 4
16 4
16 4
16 4
16 4
16 4
16 4
16 4
16 4
16 4
16 4
16 4
16 4
16 4
16 4
16 4
16 4
16 4
16 4
16 4
16 4
16 4
16 4
16 4
14 4
14 4
14 4
14 4
11 4
11 4
11 4
11 4
17 13
13 13
20 13
16 11
19 11
11 4
72 7
11 4
72 7
11 4
72 7
11 4
72 7
11 4
16 4
21 4
13 4
11 4
72 4
11 4
13 4
72 4
13 4
14 4
72 4
14 4
16 4
72 4
16 4
18 4
19 4
16 4
13 4
14 4
72 7
14 4
72 7
14 4
72 7
14 4
72 7
14 4
19 4
24 4
17 4
14 4
72 4
14 4
16 4
72 4
16 4
17 4
72 4
17 4
19 4
72 4
19 4
21 4
19 4
17 4
16 4
20 11
15 4
20 4
25 4
72 11
20 9
21 9
23 9
25 9
27 9
28 7
30 7
20 13
20 4
30 4
28 4
27 4
25 4
20 4
23 4
18 9
30 9
28 9
25 9
21 7
18 7
20 2
72 2
15 2
72 2
20 2
72 2
15 2
72 2
20 2
72 2
15 2
72 2
20 2
72 2
15 2
72 2
20 2
72 2
15 2
72 2
20 2
72 2
15 2
72 2
20 2
72 2
15 2
72 2
20 2
72 2
15 2
72 2
20 2
72 2
15 2
72 2
20 2
72 2
15 2
72 2
20 2
72 2
15 2
72 2
20 2
72 2
15 2
72 2
20 2
72 2
15 2
72 2
20 2
72 2
15 2
72 2
20 2
72 2
15 2
72 2
20 2
72 2
15 2
72 2
20 2
72 2
15 2
72 2
20 2
72 2
15 2
72 2
20 2
72 2
15 2
72 2
20 2
72 2
15 2
72 2
20 2
72 2
15 2
72 2
20 2
72 2
15 2
72 2
20 2
72 2
15 2
72 2
20 2
72 2
15 2
72 2
20 2
72 2
15 2
72 2
20 2
72 2
15 2
72 2
20 2
72 2
15 2
72 2
20 2
72 2
15 2
72 2
20 2
72 2
15 2
72 2
20 2
72 2
15 2
72 2
20 2
72 2
15 2
72 2
20 2
72 2
15 2
72 2
20 2
72 2
15 2
72 2
20 2
72 2
15 2
72 2
20 2
72 2
15 2
72 2
20 2
72 2
15 2
72 2
20 2
72 2
15 2
72 2
20 2
72 2
15 2
72 2
20 2
72 2
15 2
72 2
20 2
72 2
15 2
72 2
20 2
72 2
15 2
72 2
20 2
72 2
15 2
72 2
20 2
72 2
15 2
72 2
20 2
72 2
15 2
72 2
20 2
72 2
15 2
72 2
20 2
72 2
15 2
72 2
20 2
72 2
15 2
72 2
20 2
72 2
15 2
72 2
20 2
72 2
15 2
72 2
20 2
72 2
15 2
72 2
20 2
72 2
15 2
72 2
20 2
72 2
15 2
72 2
20 2
72 2
15 2
72 2
20 2
72 2
15 2
72 2
20 2
72 2
15 2
72 2
20 2
72 2
15 2
72 2
20 2
72 2
15 2
72 2
20 2
72 2
15 2
72 2
20 2
72 2
15 2
72 2
20 2
72 2
15 2
72 2
20 2
72 2
15 2
72 2
20 2
72 2
15 2
72 2
20 2
72 2
15 2
72 2
20 2
72 2
15 2
72 2
16 2
72 2
23 2
72 2
16 2
72 2
23 2
72 2
16 2
72 2
23 2
72 2
16 2
72 2
23 2
72 2
18 2
72 2
25 2
72 2
18 2
72 2
25 2
72 2
18 2
72 2
25 2
72 2
18 2
72 2
25 2
72 2
20 2
72 2
15 2
72 2
20 2
72 2
15 2
72 2
20 2
72 2
15 2
72 2
20 2
72 2
15 2
72 2
20 2
72 2
15 2
72 2
20 2
72 2
15 2
72 2
20 2
72 2
15 2
72 2
20 2
72 2
15 2
72 2
23 2
72 2
18 2
72 2
23 2
72 2
18 2
72 2
23 2
72 2
18 2
72 2
23 2
72 2
18 2
72 2
23 2
72 2
18 2
72 2
23 2
72 2
18 2
72 2
23 2
72 2
18 2
72 2
23 2
72 2
18 2
72 2
21 2
72 2
16 2
72 2
21 2
72 2
16 2
72 2
21 2
72 2
16 2
72 2
21 2
72 2
16 2
72 2
21 2
72 2
16 2
72 2
21 2
72 2
16 2
72 2
21 2
72 2
16 2
72 2
21 2
72 2
16 2
72 2
19 2
72 2
14 2
72 2
19 2
72 2
14 2
72 2
19 2
72 2
14 2
72 2
19 2
72 2
14 2
72 2
19 2
72 2
14 2
72 2
19 2
72 2
14 2
72 2
19 2
72 2
14 2
72 2
19 2
72 2
14 2
72 2
21 2
72 2
16 2
72 2
21 2
72 2
16 2
72 2
21 2
72 2
16 2
72 2
21 2
72 2
16 2
72 2
21 2
72 2
16 2
72 2
21 2
72 2
16 2
72 2
21 2
72 2
16 2
72 2
21 2
72 2
16 2
72 2
17 14
9 2
72 2
9 2
72 2
21 2
72 2
9 2
72 2
9 2
72 2
9 2
72 2
21 2
72 2
9 2
72 2
9 2
72 2
21 2
72 2
9 2
72 2
9 2
72 2
9 2
72 2
16 2
72 2
14 2
72 2
19 2
72 2
14 9
16 9
17 9
19 9
24 7
23 7
9 4
72 7
9 4
72 7
9 4
72 7
9 4
72 7
9 4
72 9
9 4
72 7
9 4
72 7
9 4
72 7
9 4
72 7
9 4
16 4
14 4
19 4
9 4
9 4
9 4
9 4
9 4
9 4
9 4
9 4
9 4
9 4
9 4
9 4
9 4
9 4
9 4
9 4
9 4
9 4
9 4
9 4
9 4
9 4
9 4
9 4
9 4
9 4
9 4
9 4
9 4
16 4
14 4
19 4
16 4
12 4
11 4
11 4
11 4
11 4
11 4
11 4
11 4
11 4
11 4
11 4
11 4
11 4
11 4
11 4
11 4
11 4
11 4
11 4
11 4
11 4
11 4
11 4
11 4
11 4
11 4
11 4
11 4
11 4
11 4
18 4
16 4
9 4
11 4
11 4
11 4
11 4
11 4
11 4
11 4
11 4
11 4
11 4
11 4
11 4
11 4
11 4
11 4
11 4
11 4
11 4
11 4
11 4
11 4
11 4
11 4
11 4
11 4
11 4
11 4
11 4
16 4
16 4
14 4
14 4
12 4
12 4
11 4
11 4
9 4
9 4
9 4
9 4
9 4
9 4
9 4
9 4
9 4
9 4
9 4
9 4
9 4
9 4
9 4
9 4
9 4
9 4
9 4
9 4
9 4
9 4
9 4
9 4
9 4
9 4
9 4
9 4
9 4
9 4
9 4
9 4
16 4
16 4
16 4
16 4
16 4
16 4
16 4
16 4
16 4
16 4
16 4
16 4
16 4
16 4
16 4
16 4
16 4
16 4
16 4
16 4
16 4
16 4
16 4
16 4
E
S
H
72 13
33 2
28 2
72 0
33 2
72 0
36 2
38 2
33 2
72 0
36 2
72 0
38 2
40 2
36 2
72 0
38 2
72 0
40 2
43 2
38 2
72 0
40 2
72 0
43 2
45 2
40 2
72 0
43 2
72 0
45 2
48 2
43 2
72 0
45 2
72 0
48 2
50 2
45 2
72 0
48 2
72 0
50 2
52 2
48 2
72 0
50 2
72 0
52 2
57 2
52 2
72 0
55 2
72 0
50 2
48 2
52 2
72 0
50 2
72 0
48 2
52 2
48 2
72 0
50 2
72 0
45 2
43 2
48 2
72 0
45 2
72 0
43 2
45 2
40 2
72 0
43 2
72 0
38 2
36 2
40 2
72 0
38 2
72 0
36 2
36 2
38 2
72 0
33 2
72 0
31 2
33 2
28 2
72 0
31 2
72 0
26 2
33 2
28 2
72 0
33 2
72 0
36 2
38 2
33 2
72 0
36 2
72 0
38 2
40 2
36 2
72 0
38 2
72 0
40 2
43 2
38 2
72 0
40 2
72 0
43 2
45 2
40 2
72 0
43 2
72 0
45 2
48 2
43 2
72 0
45 2
72 0
48 2
50 2
45 2
72 0
48 2
72 0
50 2
52 2
48 2
72 0
50 2
72 0
52 2
57 2
52 2
72 0
55 2
72 0
50 2
48 2
52 2
72 0
50 2
72 0
48 2
52 2
48 2
72 0
50 2
72 0
45 2
43 2
48 2
72 0
45 2
72 0
43 2
45 2
40 2
72 0
43 2
72 0
38 2
36 2
40 2
72 0
38 2
72 0
36 2
36 2
38 2
72 0
33 2
72 0
31 2
33 2
28 2
72 0
31 2
72 0
26 2
24 2
28 2
72 0
26 2
72 0
24 2
35 2
30 2
72 0
35 2
72 0
38 2
40 2
35 2
72 0
38 2
72 0
40 2
42 2
38 2
72 0
40 2
72 0
42 2
45 2
40 2
72 0
42 2
72 0
45 2
47 2
42 2
72 0
45 2
72 0
47 2
50 2
45 2
72 0
47 2
72 0
50 2
52 2
47 2
72 0
50 2
72 0
52 2
54 2
50 2
72 0
52 2
72 0
54 2
59 2
54 2
72 0
57 2
72 0
52 2
50 2
54 2
72 0
52 2
72 0
50 2
54 2
50 2
72 0
52 2
72 0
47 2
45 2
50 2
72 0
47 2
72 0
45 2
47 2
42 2
72 0
45 2
72 0
40 2
38 2
42 2
72 0
40 2
72 0
38 2
38 2
40 2
72 0
35 2
72 0
33 2
35 2
30 2
72 0
33 2
72 0
28 2
35 2
30 2
72 0
35 2
72 0
38 2
40 2
35 2
72 0
38 2
72 0
40 2
42 2
38 2
72 0
40 2
72 0
42 2
45 2
40 2
72 0
42 2
72 0
45 2
47 2
42 2
72 0
45 2
72 0
47 2
50 2
45 2
72 0
47 2
72 0
50 2
52 2
47 2
72 0
50 2
72 0
52 2
54 2
50 2
72 0
52 2
72 0
54 2
59 2
54 2
72 0
57 2
72 0
52 2
50 2
54 2
72 0
52 2
72 0
50 2
54 2
50 2
72 0
52 2
72 0
47 2
45 2
50 2
72 0
47 2
72 0
45 2
47 2
42 2
72 0
45 2
72 0
40 2
38 2
42 2
72 0
40 2
72 0
38 2
38 2
40 2
72 0
35 2
72 0
33 2
35 2
30 2
72 0
33 2
72 0
28 2
26 2
30 2
72 0
28 2
72 0
26 2
28 2
23 2
72 0
26 2
72 0
21 2
72 14
30 2
32 2
72 0
35 2
72 0
37 2
32 2
35 2
72 0
37 2
72 0
39 2
42 2
39 2
72 0
42 2
72 0
44 2
42 2
44 2
72 0
47 2
72 0
49 2
51 2
49 2
72 0
51 2
72 0
54 2
51 2
54 2
72 0
56 2
72 0
59 2
61 2
59 2
72 0
61 2
72 0
63 2
61 2
63 2
72 0
66 2
72 0
68 2
72 14
30 2
32 2
72 0
35 2
72 0
37 2
32 2
35 2
72 0
37 2
72 0
39 2
42 2
39 2
72 0
42 2
72 0
44 2
42 2
44 2
72 0
47 2
72 0
49 2
51 2
49 2
72 0
51 2
72 0
54 2
51 2
54 2
72 0
56 2
72 0
59 2
61 2
59 2
72 0
61 2
72 0
63 2
61 2
63 2
72 0
66 2
72 0
68 2
72 14
32 2
39 2
72 0
42 2
72 0
44 2
39 2
42 2
72 0
44 2
72 0
46 2
72 14
33 2
28 2
72 0
33 2
72 0
36 2
38 2
33 2
72 0
36 2
72 0
38 2
40 2
36 2
72 0
38 2
72 0
40 2
43 2
38 2
72 0
40 2
72 0
43 2
45 2
40 2
72 0
43 2
72 0
45 2
48 2
43 2
72 0
45 2
72 0
48 2
50 2
45 2
72 0
48 2
72 0
50 2
52 2
48 2
72 0
50 2
72 0
52 2
57 2
52 2
72 0
55 2
72 0
50 2
48 2
52 2
72 0
50 2
72 0
48 2
52 2
48 2
72 0
50 2
72 0
45 2
43 2
48 2
72 0
45 2
72 0
43 2
45 2
40 2
72 0
43 2
72 0
38 2
36 2
40 2
72 0
38 2
72 0
36 2
36 2
38 2
72 0
33 2
72 0
31 2
33 2
28 2
72 0
31 2
72 0
26 2
24 2
28 2
72 0
26 2
72 0
24 2
35 2
30 2
72 0
35 2
72 0
38 2
40 2
35 2
72 0
38 2
72 0
40 2
42 2
38 2
72 0
40 2
72 0
42 2
45 2
40 2
72 0
42 2
72 0
45 2
47 2
42 2
72 0
45 2
72 0
47 2
50 2
45 2
72 0
47 2
72 0
50 2
52 2
47 2
72 0
50 2
72 0
52 2
54 2
50 2
72 0
52 2
72 0
54 2
59 2
54 2
72 0
57 2
72 0
52 2
50 2
54 2
72 0
52 2
72 0
50 2
54 2
50 2
72 0
52 2
72 0
47 2
45 2
50 2
72 0
47 2
72 0
45 2
47 2
42 2
72 0
45 2
72 0
40 2
38 2
42 2
72 0
40 2
72 0
38 2
38 2
40 2
72 0
35 2
72 0
33 2
35 2
30 2
72 0
33 2
72 0
28 2
35 2
30 2
72 0
35 2
72 0
38 2
40 2
35 2
72 0
38 2
72 0
40 2
42 2
38 2
72 0
40 2
72 0
42 2
45 2
40 2
72 0
42 2
72 0
45 2
47 2
42 2
72 0
45 2
72 0
47 2
50 2
45 2
72 0
47 2
72 0
50 2
52 2
47 2
72 0
50 2
72 0
52 2
54 2
50 2
72 0
52 2
72 0
54 2
59 2
54 2
72 0
57 2
72 0
52 2
50 2
54 2
72 0
52 2
72 0
50 2
54 2
50 2
72 0
52 2
72 0
47 2
45 2
50 2
72 0
47 2
72 0
45 2
47 2
42 2
72 0
45 2
72 0
40 2
38 2
42 2
72 0
40 2
72 0
38 2
38 2
40 2
72 0
35 2
72 0
33 2
35 2
30 2
72 0
33 2
72 0
28 2
26 2
30 2
72 0
28 2
72 0
26 2
28 2
23 2
72 0
26 2
72 0
21 2
72 14
30 2
32 2
72 0
35 2
72 0
37 2
32 2
35 2
72 0
37 2
72 0
39 2
42 2
39 2
72 0
42 2
72 0
44 2
42 2
44 2
72 0
47 2
72 0
49 2
51 2
49 2
72 0
51 2
72 0
54 2
51 2
54 2
72 0
56 2
72 0
59 2
61 2
59 2
72 0
61 2
72 0
63 2
61 2
63 2
72 0
66 2
72 0
68 2
72 14
30 2
32 2
72 0
35 2
72 0
37 2
32 2
35 2
72 0
37 2
72 0
39 2
42 2
39 2
72 0
42 2
72 0
44 2
42 2
44 2
72 0
47 2
72 0
49 2
51 2
49 2
72 0
51 2
72 0
54 2
51 2
54 2
72 0
56 2
72 0
59 2
61 2
59 2
72 0
61 2
72 0
63 2
61 2
63 2
72 0
66 2
72 0
68 2
72 14
32 2
39 2
72 0
42 2
72 0
44 2
39 2
42 2
72 0
44 2
72 0
46 2
72 14
33 2
28 2
72 0
33 2
72 0
36 2
38 2
33 2
72 0
36 2
72 0
38 2
40 2
36 2
72 0
38 2
72 0
40 2
43 2
38 2
72 0
40 2
72 0
43 2
45 2
40 2
72 0
43 2
72 0
45 2
48 2
43 2
72 0
45 2
72 0
48 2
50 2
45 2
72 0
48 2
72 0
50 2
52 2
48 2
72 0
50 2
72 0
52 2
57 2
52 2
72 0
55 2
72 0
50 2
48 2
52 2
72 0
50 2
72 0
48 2
52 2
48 2
72 0
50 2
72 0
45 2
43 2
48 2
72 0
45 2
72 0
43 2
45 2
40 2
72 0
43 2
72 0
38 2
36 2
40 2
72 0
38 2
72 0
36 2
36 2
38 2
72 0
33 2
72 0
31 2
33 2
28 2
72 0
31 2
72 0
26 2
24 2
28 2
72 0
26 2
72 0
24 2
35 2
30 2
72 0
35 2
72 0
38 2
40 2
35 2
72 0
38 2
72 0
40 2
42 2
38 2
72 0
40 2
72 0
42 2
45 2
40 2
72 0
42 2
72 0
45 2
47 2
42 2
72 0
45 2
72 0
47 2
50 2
45 2
72 0
47 2
72 0
50 2
52 2
47 2
72 0
50 2
72 0
52 2
54 2
50 2
72 0
52 2
72 0
54 2
59 2
54 2
72 0
57 2
72 0
52 2
50 2
54 2
72 0
52 2
72 0
50 2
54 2
50 2
72 0
52 2
72 0
47 2
45 2
50 2
72 0
47 2
72 0
45 2
47 2
42 2
72 0
45 2
72 0
40 2
38 2
42 2
72 0
40 2
72 0
38 2
38 2
40 2
72 0
35 2
72 0
33 2
35 2
30 2
72 0
33 2
72 0
28 2
35 2
30 2
72 0
35 2
72 0
38 2
40 2
35 2
72 0
38 2
72 0
40 2
42 2
38 2
72 0
40 2
72 0
42 2
45 2
40 2
72 0
42 2
72 0
45 2
47 2
42 2
72 0
45 2
72 0
47 2
50 2
45 2
72 0
47 2
72 0
50 2
52 2
47 2
72 0
50 2
72 0
52 2
54 2
50 2
72 0
52 2
72 0
54 2
59 2
54 2
72 0
57 2
72 0
52 2
50 2
54 2
72 0
52 2
72 0
50 2
54 2
50 2
72 0
52 2
72 0
47 2
45 2
50 2
72 0
47 2
72 0
45 2
47 2
42 2
72 0
45 2
72 0
40 2
38 2
42 2
72 0
40 2
72 0
38 2
38 2
40 2
72 0
35 2
72 0
33 2
35 2
30 2
72 0
33 2
72 0
28 2
26 2
30 2
72 0
28 2
72 0
26 2
28 2
23 2
72 0
26 2
72 0
21 2
E
S
H
72 14
32 4
34 4
35 4
34 4
35 4
37 4
39 4
37 4
39 4
40 4
42 4
40 4
42 4
44 4
47 4
46 4
45 4
44 4
45 4
47 4
45 4
47 4
49 4
47 4
49 4
51 4
49 4
51 4
52 4
54 4
56 4
58 4
59 9
56 9
51 9
47 9
44 11
57 9
54 9
49 9
45 9
42 11
72 14
32 4
34 4
35 4
34 4
35 4
37 4
39 4
37 4
39 4
40 4
42 4
40 4
42 4
44 4
47 4
46 4
45 4
44 4
45 4
47 4
45 4
47 4
49 4
47 4
49 4
51 4
49 4
51 4
52 4
54 4
56 4
58 4
59 9
56 9
51 9
47 9
44 11
57 9
54 9
49 9
45 9
42 11
E
S
H
72 13
686 4
72 7
998 4
72 7
1166 4
72 7
530 4
72 7
686 4
72 9
686 4
72 7
998 4
72 7
1166 4
72 7
1778 9
1478 4
72 4
530 4
72 4
686 4
72 7
998 4
72 7
1166 4
72 7
530 4
72 7
686 4
72 9
686 4
72 7
998 4
72 7
1166 4
72 7
1778 9
1478 4
72 4
530 4
72 4
686 4
72 4
1000 4
72 7
1312 4
72 7
1480 4
72 7
700 4
72 7
1000 4
72 9
1000 4
72 7
1312 4
72 7
1480 4
72 7
364 9
1792 4
72 4
700 4
72 4
1000 4
72 7
1312 4
72 7
1480 4
72 7
700 4
72 7
1000 4
72 9
1000 4
72 7
1312 4
72 7
1480 4
72 7
364 9
1744 7
278 7
480 7
755 7
149 4
72 4
149 4
172 4
72 4
172 4
149 4
72 4
136 4
72 4
149 4
72 4
136 4
72 4
110 4
72 4
160 11
149 11
132 11
161 11
189 4
72 4
189 4
215 4
72 4
215 4
189 4
72 4
215 4
72 4
189 4
72 4
215 4
72 4
189 4
72 4
176 11
189 11
998 11
1012 11
72 14
1759 4
72 4
1759 4
1773 4
72 4
1773 4
1734 4
72 4
1734 4
1773 4
72 4
1773 4
1759 4
72 4
1734 4
72 4
1759 4
72 4
1759 4
1759 4
72 4
1759 4
1759 4
72 4
1759 4
1759 4
72 4
1759 4
1759 4
72 4
1759 4
72 4
502 4
72 4
502 4
516 4
72 4
516 4
477 4
72 4
477 4
516 4
72 4
516 4
502 4
72 4
477 4
72 4
502 4
72 4
502 4
502 4
72 4
502 4
502 4
72 4
502 4
502 4
72 4
502 4
502 4
72 4
502 4
72 14
1724 14
1410 14
72 14
1393 13
1091 11
1393 11
1563 9
1732 4
294 13
608 7
294 7
1732 11
1393 13
1732 11
1563 11
1091 13
1393 13
1091 11
1393 11
1563 9
1732 4
294 13
608 7
294 7
1744 11
1273 13
983 11
1261 14
64 11
62 11
61 11
62 11
59 11
57 11
56 11
57 11
57 11
55 11
54 11
55 11
59 11
57 11
56 11
57 11
72 14
158 4
72 7
182 4
72 7
194 4
72 7
134 4
72 7
158 4
72 14
158 4
72 7
182 4
72 7
194 4
72 7
134 4
72 7
158 4
72 9
158 4
72 7
182 4
72 7
194 4
72 7
242 9
218 4
72 4
134 4
72 4
686 4
72 7
998 4
72 7
1166 4
72 7
530 4
72 7
686 4
72 9
686 4
72 7
998 4
72 7
1166 4
72 7
1778 9
1478 4
72 4
530 4
72 4
686 4
72 4
1000 4
72 7
1312 4
72 7
1480 4
72 7
700 4
72 7
1000 4
72 9
1000 4
72 7
1312 4
72 7
1480 4
72 7
364 9
1792 4
72 4
700 4
72 4
1000 4
72 7
1312 4
72 7
1480 4
72 7
700 4
72 7
1000 4
72 9
1000 4
72 7
1312 4
72 7
1480 4
72 7
364 9
1744 7
278 7
480 7
755 7
149 4
72 4
149 4
172 4
72 4
172 4
149 4
72 4
136 4
72 4
149 4
72 4
136 4
72 4
110 4
72 4
160 11
149 11
132 11
161 11
189 4
72 4
189 4
215 4
72 4
215 4
189 4
72 4
215 4
72 4
189 4
72 4
215 4
72 4
189 4
72 4
176 11
189 11
998 11
1012 11
72 14
1759 4
72 4
1759 4
1773 4
72 4
1773 4
1734 4
72 4
1734 4
1773 4
72 4
1773 4
1759 4
72 4
1734 4
72 4
1759 4
72 4
1759 4
1759 4
72 4
1759 4
1759 4
72 4
1759 4
1759 4
72 4
1759 4
1759 4
72 4
1759 4
72 4
502 4
72 4
502 4
516 4
72 4
516 4
477 4
72 4
477 4
516 4
72 4
516 4
502 4
72 4
477 4
72 4
502 4
72 4
502 4
502 4
72 4
502 4
502 4
72 4
502 4
502 4
72 4
502 4
502 4
72 4
502 4
72 14
1724 14
1410 14
72 14
1393 13
1091 11
1393 11
1563 9
1732 4
294 13
608 7
294 7
1732 11
1393 13
1732 11
1563 11
1091 13
1393 13
1091 11
1393 11
1563 9
1732 4
294 13
608 7
294 7
1744 11
1273 13
983 11
1261 14
64 11
62 11
61 11
62 11
59 11
57 11
56 11
57 11
57 11
55 11
54 11
55 11
59 11
57 11
56 11
57 11
72 14
158 4
72 7
182 4
72 7
194 4
72 7
134 4
72 7
158 4
72 14
158 4
72 7
182 4
72 7
194 4
72 7
134 4
72 7
158 4
72 9
158 4
72 7
182 4
72 7
194 4
72 7
242 9
218 4
72 4
134 4
72 4
686 4
72 7
998 4
72 7
1166 4
72 7
530 4
72 7
686 4
72 9
686 4
72 7
998 4
72 7
1166 4
72 7
1778 9
1478 4
72 4
530 4
72 4
686 4
72 4
1000 4
72 7
1312 4
72 7
1480 4
72 7
700 4
72 7
1000 4
72 9
1000 4
72 7
1312 4
72 7
1480 4
72 7
364 9
1792 4
72 4
700 4
72 4
1000 4
72 7
1312 4
72 7
1480 4
72 7
700 4
72 7
1000 4
72 9
1000 4
72 7
1312 4
72 7
1480 4
72 7
364 9
1744 7
278 7
480 7
755 7
149 4
72 4
149 4
172 4
72 4
172 4
149 4
72 4
136 4
72 4
149 4
72 4
136 4
72 4
110 4
72 4
160 11
149 11
132 11
161 11
189 4
72 4
189 4
215 4
72 4
215 4
189 4
72 4
215 4
72 4
189 4
72 4
215 4
72 4
189 4
72 4
176 11
189 11
E
S
H
72 13
149 4
72 7
175 4
72 7
189 4
72 7
136 4
72 7
149 4
72 9
149 4
72 7
175 4
72 7
189 4
72 7
240 9
215 4
72 4
136 4
72 4
149 4
72 7
175 4
72 7
189 4
72 7
136 4
72 7
149 4
72 9
149 4
72 7
175 4
72 7
189 4
72 7
240 9
215 4
72 4
136 4
72 4
149 4
72 4
175 4
72 7
201 4
72 7
215 4
72 7
150 4
72 7
175 4
72 9
175 4
72 7
201 4
72 7
215 4
72 7
122 9
241 4
72 4
150 4
72 4
175 4
72 7
201 4
72 7
215 4
72 7
150 4
72 7
175 4
72 9
175 4
72 7
201 4
72 7
215 4
72 7
122 9
240 7
122 7
136 7
150 7
72 14
60 3
64 3
65 3
71 3
60 3
65 3
69 3
64 3
65 3
67 3
60 3
64 3
65 3
55 3
56 3
63 3
53 3
56 3
61 3
55 3
56 3
60 3
53 3
56 3
56 3
47 3
51 3
56 3
51 3
56 3
47 3
56 3
51 3
47 3
56 3
51 3
56 3
52 3
56 3
58 3
52 3
56 3
59 3
55 3
59 3
61 3
55 3
61 3
72 14
236 14
210 14
72 14
200 13
174 11
200 11
225 9
239 4
121 13
145 7
121 7
236 11
208 13
236 11
222 11
183 13
200 13
174 11
200 11
225 9
239 4
121 13
145 7
121 7
239 11
201 13
176 11
200 13
72 11
239 11
239 11
239 11
239 11
213 11
213 11
213 11
213 11
187 11
187 11
187 11
187 11
213 11
213 11
213 11
213 11
72 14
149 4
72 7
175 4
72 7
189 4
72 7
136 4
72 7
149 4
72 14
149 4
72 7
175 4
72 7
189 4
72 7
136 4
72 7
149 4
72 9
149 4
72 7
175 4
72 7
189 4
72 7
240 9
215 4
72 4
136 4
72 4
149 4
72 7
175 4
72 7
189 4
72 7
136 4
72 7
149 4
72 9
149 4
72 7
175 4
72 7
189 4
72 7
240 9
215 4
72 4
136 4
72 4
149 4
72 4
175 4
72 7
201 4
72 7
215 4
72 7
150 4
72 7
175 4
72 9
175 4
72 7
201 4
72 7
215 4
72 7
122 9
241 4
72 4
150 4
72 4
175 4
72 7
201 4
72 7
215 4
72 7
150 4
72 7
175 4
72 9
175 4
72 7
201 4
72 7
215 4
72 7
122 9
240 7
122 7
136 7
150 7
72 14
60 3
64 3
65 3
71 3
60 3
65 3
69 3
64 3
65 3
67 3
60 3
64 3
65 3
55 3
56 3
63 3
53 3
56 3
61 3
55 3
56 3
60 3
53 3
56 3
56 3
47 3
51 3
56 3
51 3
56 3
47 3
56 3
51 3
47 3
56 3
51 3
56 3
52 3
56 3
58 3
52 3
56 3
59 3
55 3
59 3
61 3
55 3
61 3
72 14
236 14
210 14
72 14
200 13
174 11
200 11
225 9
239 4
121 13
145 7
121 7
236 11
208 13
236 11
222 11
183 13
200 13
174 11
200 11
225 9
239 4
121 13
145 7
121 7
239 11
201 13
176 11
200 13
72 11
239 11
239 11
239 11
239 11
213 11
213 11
213 11
213 11
187 11
187 11
187 11
187 11
213 11
213 11
213 11
213 11
72 14
149 4
72 7
175 4
72 7
189 4
72 7
136 4
72 7
149 4
72 14
149 4
72 7
175 4
72 7
189 4
72 7
136 4
72 7
149 4
72 9
149 4
72 7
175 4
72 7
189 4
72 7
240 9
215 4
72 4
136 4
72 4
149 4
72 7
175 4
72 7
189 4
72 7
136 4
72 7
149 4
72 9
149 4
72 7
175 4
72 7
189 4
72 7
240 9
215 4
72 4
136 4
72 4
149 4
72 4
175 4
72 7
201 4
72 7
215 4
72 7
150 4
72 7
175 4
72 9
175 4
72 7
201 4
72 7
215 4
72 7
122 9
241 4
72 4
150 4
72 4
175 4
72 7
201 4
72 7
215 4
72 7
150 4
72 7
175 4
72 9
175 4
72 7
201 4
72 7
215 4
72 7
122 9
240 7
122 7
136 7
150 7
E
S
H
72 14
57 4
56 4
57 4
52 4
53 4
57 4
52 4
57 4
50 4
57 4
48 4
57 4
47 4
57 4
45 4
57 4
44 4
45 4
47 4
44 4
45 4
47 4
48 4
45 4
47 4
48 4
50 4
47 4
48 4
50 4
52 4
53 4
52 4
51 4
52 4
47 4
48 4
52 4
47 4
52 4
45 4
52 4
43 4
52 4
42 4
52 4
40 4
52 4
39 4
40 4
42 4
39 4
40 4
42 4
43 4
40 4
42 4
43 4
45 4
48 4
47 4
49 4
51 4
54 4
72 14
59 9
56 9
51 9
47 9
44 11
57 9
54 9
49 9
45 9
42 11
72 14
32 2
39 2
42 2
44 2
39 2
42 2
44 2
46 2
47 13
45 11
47 11
49 9
50 4
52 13
54 7
52 7
50 11
47 13
50 11
49 11
45 11
42 11
45 11
72 14
57 4
56 4
57 4
52 4
53 4
57 4
52 4
57 4
50 4
57 4
48 4
57 4
47 4
57 4
45 4
57 4
44 4
45 4
47 4
44 4
45 4
47 4
48 4
45 4
47 4
48 4
50 4
47 4
48 4
50 4
52 4
53 4
52 4
51 4
52 4
47 4
48 4
52 4
47 4
52 4
45 4
52 4
43 4
52 4
42 4
52 4
40 4
52 4
39 4
40 4
42 4
39 4
40 4
42 4
43 4
40 4
42 4
43 4
45 4
48 4
47 4
49 4
51 4
54 4
72 14
59 9
56 9
51 9
47 9
44 11
57 9
54 9
49 9
45 9
42 11
72 14
32 2
39 2
42 2
44 2
39 2
42 2
44 2
46 2
47 13
45 11
47 11
49 9
50 4
52 13
54 7
52 7
50 11
47 13
50 11
49 11
45 11
42 11
45 11
72 14
57 4
56 4
57 4
52 4
53 4
57 4
52 4
57 4
50 4
57 4
48 4
57 4
47 4
57 4
45 4
57 4
44 4
45 4
47 4
44 4
45 4
47 4
48 4
45 4
47 4
48 4
50 4
47 4
48 4
50 4
52 4
53 4
52 4
51 4
52 4
47 4
48 4
52 4
47 4
52 4
45 4
52 4
43 4
52 4
42 4
52 4
40 4
52 4
39 4
40 4
42 4
39 4
40 4
42 4
43 4
40 4
E
S
H
72 13
33 2
28 2
33 2
36 2
38 2
33 2
36 2
38 2
40 2
36 2
38 2
40 2
43 2
38 2
40 2
43 2
45 2
40 2
43 2
45 2
48 2
43 2
45 2
48 2
50 2
45 2
48 2
50 2
52 2
48 2
50 2
52 2
57 2
52 2
55 2
50 2
48 2
52 2
50 2
48 2
52 2
48 2
50 2
45 2
43 2
48 2
45 2
43 2
45 2
40 2
43 2
38 2
36 2
40 2
38 2
36 2
36 2
38 2
33 2
31 2
33 2
28 2
31 2
26 2
33 2
28 2
33 2
36 2
38 2
33 2
36 2
38 2
40 2
36 2
38 2
40 2
43 2
38 2
40 2
43 2
45 2
40 2
43 2
45 2
48 2
43 2
45 2
48 2
50 2
45 2
48 2
50 2
52 2
48 2
50 2
52 2
57 2
52 2
55 2
50 2
48 2
52 2
50 2
48 2
52 2
48 2
50 2
45 2
43 2
48 2
45 2
43 2
45 2
40 2
43 2
38 2
36 2
40 2
38 2
36 2
36 2
38 2
33 2
31 2
33 2
28 2
31 2
26 2
24 2
28 2
26 2
24 2
35 2
30 2
35 2
38 2
40 2
35 2
38 2
40 2
42 2
38 2
40 2
42 2
45 2
40 2
42 2
45 2
47 2
42 2
45 2
47 2
50 2
45 2
47 2
50 2
52 2
47 2
50 2
52 2
54 2
50 2
52 2
54 2
59 2
54 2
57 2
52 2
50 2
54 2
52 2
50 2
54 2
50 2
52 2
47 2
45 2
50 2
47 2
45 2
47 2
42 2
45 2
40 2
38 2
42 2
40 2
38 2
38 2
40 2
35 2
33 2
35 2
30 2
33 2
28 2
35 2
30 2
35 2
38 2
40 2
35 2
38 2
40 2
42 2
38 2
40 2
42 2
45 2
40 2
42 2
45 2
47 2
42 2
45 2
47 2
50 2
45 2
47 2
50 2
52 2
47 2
50 2
52 2
54 2
50 2
52 2
54 2
59 2
54 2
57 2
52 2
50 2
54 2
52 2
50 2
54 2
50 2
52 2
47 2
45 2
50 2
47 2
45 2
47 2
42 2
45 2
40 2
38 2
42 2
40 2
38 2
38 2
40 2
35 2
33 2
35 2
30 2
33 2
28 2
26 2
30 2
28 2
26 2
28 2
23 2
26 2
21 2
72 14
30 2
32 2
35 2
37 2
32 2
35 2
37 2
39 2
42 2
39 2
42 2
44 2
42 2
44 2
47 2
49 2
51 2
49 2
51 2
54 2
51 2
54 2
56 2
59 2
61 2
59 2
61 2
63 2
61 2
63 2
66 2
68 2
72 14
30 2
32 2
35 2
37 2
32 2
35 2
37 2
39 2
42 2
39 2
42 2
44 2
42 2
44 2
47 2
49 2
51 2
49 2
51 2
54 2
51 2
54 2
56 2
59 2
61 2
59 2
61 2
63 2
61 2
63 2
66 2
68 2
72 14
32 2
39 2
42 2
44 2
39 2
42 2
44 2
46 2
72 14
33 2
28 2
33 2
36 2
38 2
33 2
36 2
38 2
40 2
36 2
38 2
40 2
43 2
38 2
40 2
43 2
45 2
40 2
43 2
45 2
48 2
43 2
45 2
48 2
50 2
45 2
48 2
50 2
52 2
48 2
50 2
52 2
57 2
52 2
55 2
50 2
48 2
52 2
50 2
48 2
52 2
48 2
50 2
45 2
43 2
48 2
45 2
43 2
45 2
40 2
43 2
38 2
36 2
40 2
38 2
36 2
36 2
38 2
33 2
31 2
33 2
28 2
31 2
26 2
24 2
28 2
26 2
24 2
35 2
30 2
35 2
38 2
40 2
35 2
38 2
40 2
42 2
38 2
40 2
42 2
45 2
40 2
42 2
45 2
47 2
42 2
45 2
47 2
50 2
45 2
47 2
50 2
52 2
47 2
50 2
52 2
54 2
50 2
52 2
54 2
59 2
54 2
57 2
52 2
50 2
54 2
52 2
50 2
54 2
50 2
52 2
47 2
45 2
50 2
47 2
45 2
47 2
42 2
45 2
40 2
38 2
42 2
40 2
38 2
38 2
40 2
35 2
33 2
35 2
30 2
33 2
28 2
35 2
30 2
35 2
38 2
40 2
35 2
38 2
40 2
42 2
38 2
40 2
42 2
45 2
40 2
42 2
45 2
47 2
42 2
45 2
47 2
50 2
45 2
47 2
50 2
52 2
47 2
50 2
52 2
54 2
50 2
52 2
54 2
59 2
54 2
57 2
52 2
50 2
54 2
52 2
50 2
54 2
50 2
52 2
47 2
45 2
50 2
47 2
45 2
47 2
42 2
45 2
40 2
38 2
42 2
40 2
38 2
38 2
40 2
35 2
33 2
35 2
30 2
33 2
28 2
26 2
30 2
28 2
26 2
28 2
23 2
26 2
21 2
72 14
30 2
32 2
35 2
37 2
32 2
35 2
37 2
39 2
42 2
39 2
42 2
44 2
42 2
44 2
47 2
49 2
51 2
49 2
51 2
54 2
51 2
54 2
56 2
59 2
61 2
59 2
61 2
63 2
61 2
63 2
66 2
68 2
72 14
30 2
32 2
35 2
37 2
32 2
35 2
37 2
39 2
42 2
39 2
42 2
44 2
42 2
44 2
47 2
49 2
51 2
49 2
51 2
54 2
51 2
54 2
56 2
59 2
61 2
59 2
61 2
63 2
61 2
63 2
66 2
68 2
72 14
32 2
39 2
42 2
44 2
39 2
42 2
44 2
46 2
72 14
33 2
28 2
33 2
36 2
38 2
33 2
36 2
38 2
40 2
36 2
38 2
40 2
43 2
38 2
40 2
43 2
45 2
40 2
43 2
45 2
48 2
43 2
45 2
48 2
50 2
45 2
48 2
50 2
52 2
48 2
50 2
52 2
57 2
52 2
55 2
50 2
48 2
52 2
50 2
48 2
52 2
48 2
50 2
45 2
43 2
48 2
45 2
43 2
45 2
40 2
43 2
38 2
36 2
40 2
38 2
36 2
36 2
38 2
33 2
31 2
33 2
28 2
31 2
26 2
24 2
28 2
26 2
24 2
35 2
30 2
35 2
38 2
40 2
35 2
38 2
40 2
42 2
38 2
40 2
42 2
45 2
40 2
42 2
45 2
47 2
42 2
45 2
47 2
50 2
45 2
47 2
50 2
52 2
47 2
50 2
52 2
54 2
50 2
52 2
54 2
59 2
54 2
57 2
52 2
50 2
54 2
52 2
50 2
54 2
50 2
52 2
47 2
45 2
50 2
47 2
45 2
47 2
42 2
45 2
40 2
38 2
42 2
40 2
38 2
38 2
40 2
35 2
33 2
35 2
30 2
33 2
28 2
35 2
30 2
35 2
38 2
40 2
35 2
38 2
40 2
42 2
38 2
40 2
42 2
45 2
40 2
42 2
45 2
47 2
42 2
45 2
47 2
50 2
45 2
47 2
50 2
52 2
47 2
50 2
52 2
54 2
50 2
52 2
54 2
59 2
54 2
57 2
52 2
50 2
54 2
52 2
50 2
54 2
50 2
52 2
47 2
45 2
50 2
47 2
45 2
47 2
42 2
45 2
40 2
38 2
42 2
40 2
38 2
38 2
40 2
35 2
33 2
35 2
30 2
33 2
28 2
26 2
30 2
28 2
26 2
28 2
23 2
26 2
21 2
E
S
L
72 14
26 4
72 14
26 4
72 14
26 4
72 14
26 4
72 14
26 4
72 14
26 4
72 14
26 4
72 14
26 4
72 4
26 4
72 12
26 4
72 12
26 4
72 12
26 4
72 12
26 4
72 12
26 4
72 12
26 4
72 12
26 4
72 12
26 4
72 14
26 4
72 4
26 4
72 9
26 4
72 4
26 4
72 9
26 4
72 4
26 4
72 9
26 4
72 9
26 4
72 9
26 4
72 9
26 4
72 4
26 4
72 4
26 4
72 9
26 4
72 12
26 4
72 9
26 4
72 9
26 4
72 9
26 4
72 9
26 4
72 4
26 4
72 11
26 4
26 4
72 11
26 4
72 7
26 4
72 7
26 4
72 11
26 4
72 11
26 4
72 14
26 2
72 14
26 2
72 13
26 2
72 13
26 2
72 13
26 2
72 13
26 2
72 13
26 2
72 13
26 2
72 13
26 2
72 10
26 2
72 10
26 2
72 10
26 2
72 10
26 2
72 10
26 2
72 10
26 2
72 10
26 2
72 10
26 2
72 10
26 2
72 10
26 2
72 10
26 2
72 10
26 2
72 10
26 2
72 10
26 2
72 10
26 2
72 11
26 2
72 13
26 2
72 12
26 2
72 10
26 2
72 10
26 2
72 10
26 2
72 10
26 2
72 10
26 2
72 10
26 2
72 10
26 2
72 14
26 4
72 14
26 4
72 14
26 4
72 14
26 4
72 14
26 4
72 14
26 4
72 14
26 4
72 14
26 4
72 4
26 4
72 12
26 4
72 12
26 4
72 12
26 4
72 12
26 4
72 12
26 4
72 12
26 4
72 12
26 4
72 12
26 4
72 14
26 4
72 4
26 4
72 9
26 4
72 4
26 4
72 9
26 4
72 4
26 4
72 9
26 4
72 9
26 4
72 9
26 4
72 9
26 4
72 4
26 4
72 4
26 4
72 9
26 4
72 12
26 4
72 9
26 4
72 9
26 4
72 9
26 4
72 9
26 4
72 4
26 4
72 11
26 4
26 4
72 11
26 4
72 7
26 4
72 7
26 4
72 11
26 4
72 11
26 4
72 14
26 2
72 14
26 2
72 13
26 2
72 13
26 2
72 13
26 2
72 13
26 2
72 13
26 2
72 13
26 2
72 13
26 2
72 10
26 2
72 10
26 2
72 10
26 2
72 10
26 2
72 10
26 2
72 10
26 2
72 10
26 2
72 10
26 2
72 10
26 2
72 10
26 2
72 10
26 2
72 10
26 2
72 10
26 2
72 10
26 2
72 10
26 2
72 11
26 2
72 13
26 2
72 12
26 2
72 10
26 2
72 10
26 2
72 10
26 2
72 10
26 2
72 10
26 2
72 10
26 2
72 10
26 2
72 14
26 4
72 14
26 4
72 14
26 4
72 14
26 4
72 14
26 4
72 14
26 4
72 14
26 4
72 14
26 4
72 4
26 4
72 12
26 4
72 12
26 4
72 12
26 4
72 12
26 4
72 12
26 4
72 12
26 4
72 12
26 4
E
S
H
72 13
218 4
72 4
218 4
72 4
218 4
72 4
218 4
72 4
218 4
72 4
218 4
72 4
218 4
72 4
218 4
72 4
218 4
72 4
218 4
72 4
218 4
72 4
218 4
72 4
218 4
72 4
218 4
72 4
218 4
72 4
218 4
72 4
218 4
72 4
218 4
72 4
218 4
72 4
218 4
72 4
218 4
72 4
218 4
72 4
218 4
72 4
218 4
72 4
218 4
72 4
218 4
72 4
218 4
72 4
218 4
72 4
218 4
72 4
218 4
72 4
218 4
72 4
218 4
72 4
218 4
72 4
244 4
72 4
244 4
72 4
244 4
72 4
244 4
72 4
244 4
72 4
244 4
72 4
244 4
72 4
244 4
72 4
244 4
72 4
244 4
72 4
244 4
72 4
244 4
72 4
244 4
72 4
244 4
72 4
244 4
72 4
244 4
72 4
244 4
72 4
244 4
72 4
244 4
72 4
244 4
72 4
244 4
72 4
244 4
72 4
244 4
72 4
244 4
72 4
244 4
72 4
244 4
72 4
244 4
72 4
244 4
72 4
244 4
72 4
244 4
72 4
244 4
72 4
244 4
72 4
244 4
72 4
244 4
72 14
101 7
244 7
218 7
192 7
166 7
140 7
114 7
101 7
140 7
114 7
244 7
231 7
205 7
231 7
244 7
114 7
72 14
59 14
57 14
72 14
205 13
179 11
205 11
231 9
244 4
114 13
140 7
114 7
244 11
205 13
244 11
231 11
179 13
205 13
179 11
205 11
231 9
244 4
114 13
140 7
114 7
244 11
205 13
179 11
205 14
72 14
127 7
101 4
244 4
218 13
192 4
218 4
244 4
192 4
218 14
127 7
101 4
244 4
218 13
192 4
218 4
244 4
192 4
72 14
218 4
72 4
218 4
72 4
218 4
72 4
218 4
72 4
218 4
72 4
218 4
72 4
218 4
72 4
218 4
72 4
218 4
72 4
218 4
72 4
218 4
72 4
218 4
72 4
218 4
72 4
218 4
72 4
218 4
72 4
218 4
72 4
218 4
72 4
244 4
72 4
244 4
72 4
244 4
72 4
244 4
72 4
244 4
72 4
244 4
72 4
244 4
72 4
244 4
72 4
244 4
72 4
244 4
72 4
244 4
72 4
244 4
72 4
244 4
72 4
244 4
72 4
244 4
72 4
244 4
72 4
244 4
72 4
244 4
72 4
244 4
72 4
244 4
72 4
244 4
72 4
244 4
72 4
244 4
72 4
244 4
72 4
244 4
72 4
244 4
72 4
244 4
72 4
244 4
72 4
244 4
72 4
244 4
72 4
244 4
72 4
244 4
72 4
244 4
72 4
244 4
72 14
60 7
59 7
57 7
55 7
53 7
51 7
49 7
48 7
63 7
61 7
59 7
58 7
56 7
58 7
59 7
61 7
72 14
59 14
57 14
72 14
205 13
179 11
205 11
231 9
244 4
114 13
140 7
114 7
244 11
205 13
244 11
231 11
179 13
205 13
179 11
205 11
231 9
244 4
114 13
140 7
114 7
244 11
205 13
179 11
205 14
72 14
127 7
101 4
244 4
218 13
192 4
218 4
244 4
192 4
218 14
127 7
101 4
244 4
218 13
192 4
218 4
244 4
192 4
72 14
218 4
72 4
218 4
72 4
218 4
72 4
218 4
72 4
218 4
72 4
218 4
72 4
218 4
72 4
218 4
72 4
218 4
72 4
218 4
72 4
218 4
72 4
218 4
72 4
218 4
72 4
218 4
72 4
218 4
72 4
218 4
72 4
218 4
72 4
244 4
72 4
244 4
72 4
244 4
72 4
244 4
72 4
244 4
72 4
244 4
72 4
244 4
72 4
244 4
72 4
244 4
72 4
244 4
72 4
244 4
72 4
244 4
72 4
244 4
72 4
244 4
72 4
244 4
72 4
244 4
72 4
244 4
72 4
244 4
72 4
244 4
72 4
244 4
72 4
244 4
72 4
244 4
72 4
244 4
72 4
244 4
72 4
244 4
72 4
244 4
72 4
244 4
72 4
244 4
72 4
244 4
72 4
244 4
72 4
244 4
72 4
244 4
72 4
244 4
72 4
244 4
E
S
L
72 14
23 14
244 7
244 2
72 2
244 2
72 2
244 2
72 2
244 2
72 2
244 2
72 2
244 2
72 2
244 2
72 2
244 2
72 2
244 2
72 2
244 2
72 2
244 2
72 2
244 2
72 2
244 2
72 2
244 2
72 2
26 14
127 7
127 2
72 2
127 2
72 2
127 2
72 2
127 2
72 2
127 2
72 2
127 2
72 2
127 2
72 2
127 2
72 2
127 2
72 2
127 2
72 2
127 2
72 2
127 2
72 2
127 2
72 2
127 2
72 2
20 11
15 4
20 4
25 4
72 11
20 9
21 9
23 9
25 9
27 9
28 7
30 7
72 14
20 2
20 2
20 14
20 4
20 2
20 2
27 7
20 4
20 2
20 2
27 7
20 4
20 2
20 2
27 7
20 4
20 2
20 2
27 7
20 4
20 2
20 2
27 7
20 4
20 2
20 2
27 7
20 4
20 2
20 2
27 7
20 4
20 2
20 2
27 7
20 4
20 2
20 2
27 7
20 4
20 2
20 2
27 7
20 4
20 2
20 2
27 7
20 4
20 2
20 2
27 7
20 4
20 2
20 2
27 7
20 4
20 2
20 2
27 7
20 4
20 2
20 2
27 7
20 4
20 2
20 2
27 7
20 4
20 2
20 2
27 7
20 4
20 2
20 2
27 7
20 4
20 2
20 2
27 7
20 4
20 2
20 2
27 7
20 4
20 2
20 2
27 7
20 4
20 2
20 2
27 7
20 4
20 2
20 2
27 7
20 4
20 2
20 2
27 7
23 4
23 2
23 2
28 7
23 4
23 2
23 2
28 7
25 4
25 2
25 2
30 7
25 4
25 2
25 2
30 7
20 4
20 2
20 2
27 7
20 4
20 2
20 2
27 7
20 4
20 2
20 2
27 7
20 4
20 2
20 2
27 7
23 14
21 14
19 14
21 14
17 14
21 14
14 9
16 9
17 9
19 9
24 7
23 7
21 14
72 14
23 14
244 7
244 2
72 2
244 2
72 2
244 2
72 2
244 2
72 2
244 2
72 2
244 2
72 2
244 2
72 2
244 2
72 2
244 2
72 2
244 2
72 2
244 2
72 2
244 2
72 2
244 2
72 2
244 2
72 2
26 14
127 7
127 2
72 2
127 2
72 2
127 2
72 2
127 2
72 2
127 2
72 2
127 2
72 2
127 2
72 2
127 2
72 2
127 2
72 2
127 2
72 2
127 2
72 2
127 2
72 2
127 2
72 2
127 2
72 2
20 11
15 4
20 4
25 4
72 11
20 9
21 9
23 9
25 9
27 9
28 7
30 7
72 14
20 2
20 2
20 14
20 4
20 2
20 2
27 7
20 4
20 2
20 2
27 7
20 4
20 2
20 2
27 7
20 4
20 2
20 2
27 7
20 4
20 2
20 2
27 7
20 4
20 2
20 2
27 7
20 4
20 2
20 2
27 7
20 4
20 2
20 2
27 7
20 4
20 2
20 2
27 7
20 4
20 2
20 2
27 7
20 4
20 2
20 2
27 7
20 4
20 2
20 2
27 7
20 4
20 2
20 2
27 7
20 4
20 2
20 2
27 7
20 4
20 2
20 2
27 7
20 4
20 2
20 2
27 7
20 4
20 2
20 2
27 7
20 4
20 2
20 2
27 7
20 4
20 2
20 2
27 7
20 4
20 2
20 2
27 7
20 4
20 2
20 2
27 7
20 4
20 2
20 2
27 7
20 4
20 2
20 2
27 7
20 4
20 2
20 2
27 7
23 4
23 2
23 2
28 7
23 4
23 2
23 2
28 7
25 4
25 2
25 2
30 7
25 4
25 2
25 2
30 7
20 4
20 2
20 2
27 7
20 4
20 2
20 2
27 7
20 4
20 2
20 2
27 7
20 4
20 2
20 2
27 7
23 14
21 14
19 14
21 14
17 14
21 14
14 9
16 9
17 9
19 9
24 7
23 7
21 14
E
S
H
72 9
72 14
32 4
34 4
35 4
34 4
35 4
37 4
39 4
37 4
39 4
40 4
42 4
40 4
42 4
44 4
47 4
46 4
45 4
44 4
45 4
47 4
45 4
47 4
49 4
47 4
49 4
51 4
49 4
51 4
52 4
54 4
56 4
58 4
72 14
32 4
34 4
35 4
34 4
35 4
37 4
39 4
37 4
39 4
40 4
42 4
40 4
42 4
44 4
47 4
46 4
45 4
44 4
45 4
47 4
45 4
47 4
49 4
47 4
49 4
51 4
49 4
51 4
52 4
54 4
56 4
58 4
E
S
L
72 9
72 14
17 13
13 13
20 13
16 11
19 11
72 14
17 13
13 13
20 13
16 11
19 11
E
X
