major
S
L
29 2
72 2
32 3
72 1
31 4
72 4
29 3
72 1
32 3
72 1
31 4
72 4
29 3
32 2
72 4
31 3
72 1
32 3
72 1
29 4
32 3
72 1
31 4
72 4
29 3
72 1
32 2
72 2
31 4
72 4
29 3
72 1
32 2
72 2
31 4
72 4
29 3
72 1
32 2
72 2
31 3
72 1
32 2
72 2
29 3
72 1
32 2
72 2
31 3
72 5
26 3
72 1
29 3
72 1
28 4
72 4
26 3
72 1
29 3
72 1
28 3
72 5
26 2
72 2
29 2
72 2
28 2
72 2
29 2
72 2
26 2
72 2
29 2
72 2
28 3
72 4
26 2
72 3
29 2
72 4
28 4
72 4
26 2
72 0
29 2
72 4
28 3
72 5
26 2
72 2
29 2
72 2
28 2
72 2
29 2
72 2
26 2
72 2
29 2
72 2
28 3
72 5
26 3
72 1
29 2
72 2
28 3
72 5
26 2
72 2
29 2
72 2
28 2
72 6
26 2
72 2
29 2
72 2
28 2
72 2
29 2
72 2
26 2
72 2
29 2
72 2
28 2
72 6
26 2
72 2
29 2
72 2
28 2
72 6
26 2
72 2
29 2
72 2
28 2
72 6
26 2
72 2
29 2
72 2
28 2
72 2
29 2
72 2
26 2
72 2
29 2
72 2
28 2
72 6
29 3
72 1
32 3
72 1
31 4
72 4
29 3
72 1
32 3
72 1
31 3
72 5
29 2
72 2
32 2
72 2
31 2
72 2
32 2
72 2
29 2
72 0
32 2
72 4
31 3
72 4
29 2
72 3
32 2
72 4
31 4
72 4
29 2
72 0
32 2
72 4
31 3
72 5
29 2
72 2
32 2
72 2
31 2
72 2
32 2
72 2
29 2
72 2
32 2
72 2
31 3
72 5
29 3
72 1
32 2
72 2
31 3
72 5
29 2
72 2
32 2
72 2
31 2
72 6
29 2
72 2
32 2
72 2
31 2
72 2
32 2
72 2
29 2
72 2
32 2
72 2
31 2
72 6
29 2
72 2
32 2
72 2
31 2
72 6
29 2
72 2
32 2
72 2
31 2
72 6
29 2
72 0
32 2
72 4
31 2
72 2
32 2
72 2
29 2
72 2
32 2
72 2
31 2
72 6
26 3
72 1
29 3
72 1
28 4
72 4
26 3
72 1
29 3
72 1
28 3
72 5
26 2
72 2
29 2
72 2
28 2
72 2
29 2
72 2
26 2
72 2
29 2
72 2
28 3
72 4
26 2
72 3
29 2
72 4
28 4
72 4
26 2
72 0
29 2
72 4
28 3
72 5
26 2
72 2
29 2
72 2
28 2
72 2
29 2
72 2
26 2
72 2
29 2
72 2
28 3
72 5
26 3
72 1
29 2
72 2
28 3
72 5
26 2
72 2
29 2
72 2
28 2
72 6
26 2
72 2
29 2
72 2
28 2
72 2
29 2
72 2
26 2
72 2
29 2
72 2
28 2
72 6
26 2
72 2
29 2
72 2
28 2
72 6
26 2
72 2
29 2
72 2
28 2
72 6
26 2
72 2
29 2
72 2
28 2
72 2
29 2
72 2
26 2
72 2
29 2
72 2
28 2
72 6
29 3
72 1
32 3
72 1
31 4
72 4
29 3
72 1
32 3
72 1
31 3
72 5
29 2
72 2
32 2
72 2
31 2
72 2
32 2
72 2
29 2
72 0
32 2
72 4
31 3
72 4
29 2
72 3
32 2
72 4
31 4
72 4
29 2
72 0
32 2
72 4
31 3
72 5
29 2
72 2
32 2
72 2
31 2
72 2
32 2
72 2
29 2
72 2
32 2
72 2
31 3
72 5
29 3
72 1
32 2
72 2
31 3
72 5
29 2
72 2
32 2
72 2
31 2
72 6
29 2
72 2
32 2
72 2
31 2
72 2
32 2
72 2
29 2
72 2
32 2
72 2
31 2
72 6
29 2
72 14
26 3
72 1
29 3
72 1
28 4
72 4
26 3
72 1
29 2
72 2
28 4
72 4
26 2
72 2
29 2
72 2
28 2
72 2
29 2
72 2
26 2
72 2
29 2
72 2
28 4
72 14
29 2
72 2
32 2
72 2
31 4
72 4
29 3
72 1
32 2
72 2
31 4
72 4
29 3
72 1
32 2
72 2
31 3
72 12
26 3
72 1
29 3
72 1
28 4
72 4
26 3
72 1
29 3
72 1
28 3
72 5
26 2
72 2
29 2
72 2
28 2
72 2
29 2
72 2
26 2
72 2
29 2
72 2
28 3
72 4
26 2
72 3
29 2
72 4
28 4
72 4
26 2
72 0
29 2
72 4
28 3
72 5
26 2
72 2
29 2
72 2
28 2
72 2
29 2
72 2
26 2
72 2
29 2
72 2
28 3
72 5
26 3
72 1
29 2
72 2
28 3
72 5
26 2
72 2
29 2
72 2
28 2
72 6
26 2
72 2
29 2
72 2
28 2
72 2
29 2
72 2
26 2
72 2
29 2
72 2
28 2
72 6
26 2
72 2
29 2
72 2
28 2
72 6
26 2
72 2
29 2
72 2
28 2
72 6
26 2
72 2
29 2
72 2
28 2
72 2
29 2
72 2
26 2
72 2
29 2
72 2
28 2
72 6
29 3
72 1
32 3
72 1
31 4
72 4
29 3
72 1
32 3
72 1
31 3
72 5
29 2
72 2
32 2
72 2
31 2
72 2
32 2
72 2
29 2
72 0
32 2
72 4
31 3
72 4
29 2
72 3
32 2
72 4
31 4
72 4
29 2
72 0
32 2
72 4
31 3
72 5
29 2
72 2
32 2
72 2
31 2
72 2
32 2
72 2
29 2
72 2
32 2
72 2
31 3
72 5
29 3
72 1
32 2
72 2
31 3
72 5
29 2
72 2
32 2
72 2
31 2
72 6
29 2
72 2
32 2
72 2
31 2
72 2
32 2
72 2
29 2
72 2
32 2
72 2
31 2
72 6
29 2
72 2
32 2
72 2
31 2
72 6
29 2
72 2
32 2
72 2
31 2
72 6
29 2
72 0
32 2
72 4
31 2
72 2
32 2
72 2
29 2
72 2
32 2
72 2
31 2
72 6
26 3
72 1
29 3
72 1
28 4
72 4
26 3
72 1
29 3
72 1
28 3
72 5
26 2
72 2
29 2
72 2
28 2
72 2
29 2
72 2
26 2
72 2
29 2
72 2
28 3
72 4
26 2
72 3
29 2
72 4
28 4
72 4
26 2
72 0
29 2
72 4
28 3
72 5
26 2
72 2
29 2
72 2
28 2
72 2
29 2
72 2
26 2
72 2
29 2
72 2
28 3
72 5
26 3
72 1
29 2
72 2
28 3
72 5
26 2
72 2
29 2
72 2
28 2
72 6
26 2
72 2
29 2
72 2
28 2
72 2
29 2
72 2
26 2
72 2
29 2
72 2
28 2
72 6
26 2
72 2
29 2
72 2
28 2
72 6
26 2
72 2
29 2
72 2
28 2
72 6
26 2
72 2
29 2
72 2
28 2
72 2
29 2
72 2
26 2
72 2
29 2
72 2
28 2
72 6
29 3
72 1
32 3
72 1
31 4
72 4
29 3
72 1
32 3
72 1
31 3
72 5
29 2
72 2
32 2
72 2
31 2
72 2
32 2
72 2
29 2
72 0
32 2
72 4
31 3
72 4
29 2
72 3
32 2
72 4
31 4
72 4
29 2
72 0
32 2
72 4
31 3
72 5
29 2
72 2
32 2
72 2
31 2
72 2
32 2
72 2
29 2
72 2
32 2
72 2
31 3
72 5
29 3
72 1
32 2
72 2
31 3
72 5
29 2
72 2
32 2
72 2
31 2
72 6
29 2
72 2
32 2
72 2
31 2
72 2
32 2
72 2
29 2
72 2
32 2
72 2
31 2
72 6
29 2
72 14
26 3
72 1
29 3
72 1
28 4
72 4
26 3
72 1
29 2
72 2
28 4
72 4
26 2
72 2
29 2
72 2
28 2
72 2
29 2
72 2
26 2
72 2
29 2
72 2
28 4
72 14
29 2
72 2
32 2
72 2
31 4
72 4
29 3
72 1
32 2
72 2
31 4
72 4
29 3
72 1
32 2
72 2
31 3
72 12
26 3
72 1
29 3
72 1
28 4
72 4
26 3
72 1
29 3
72 1
28 3
72 5
26 2
72 2
29 2
72 2
28 2
72 2
29 2
72 2
26 2
72 2
29 2
72 2
28 3
72 4
26 2
72 3
29 2
72 4
28 4
72 4
26 2
72 0
29 2
72 4
28 3
72 5
26 2
72 2
29 2
72 2
28 2
72 2
29 2
72 2
26 2
72 2
29 2
72 2
28 3
72 5
26 3
72 1
29 2
72 2
28 3
72 5
26 2
72 2
29 2
72 2
28 2
72 6
26 2
72 2
29 2
72 2
28 2
72 2
29 2
72 2
26 2
72 2
29 2
72 2
28 2
72 6
26 2
72 2
29 2
72 2
28 2
72 6
26 2
72 2
29 2
72 2
28 2
72 6
26 2
72 2
29 2
72 2
28 2
72 2
29 2
72 2
26 2
72 2
29 2
72 2
28 2
E
S
L
72 14
26 3
72 7
26 2
72 0
26 0
72 10
26 2
72 0
26 4
72 4
21 5
72 3
26 7
72 4
21 3
72 1
26 8
72 1
26 2
72 2
26 2
26 7
72 2
26 2
72 2
26 4
72 4
21 4
72 4
21 2
21 2
21 2
21 2
72 0
21 2
72 0
21 0
72 4
21 0
72 14
17 3
72 7
17 2
72 0
17 0
72 10
17 2
72 0
17 4
72 4
24 5
72 3
17 7
72 4
24 3
72 1
17 8
72 1
17 2
17 2
72 2
17 7
72 2
17 2
72 2
17 4
72 4
24 4
72 4
24 2
24 2
24 2
24 2
72 0
24 2
72 0
24 0
72 3
24 0
72 14
26 3
72 7
26 2
72 0
26 0
72 10
26 2
72 0
26 4
72 4
21 5
72 3
26 7
72 4
21 3
72 1
26 8
72 1
26 2
72 2
26 2
26 7
72 2
26 2
72 2
26 4
72 4
21 4
72 4
21 2
21 2
21 2
21 2
72 0
21 2
72 0
21 0
72 4
21 0
72 14
23 3
72 10
23 4
72 9
23 3
72 9
23 3
72 7
19 3
72 5
23 4
72 9
23 4
72 9
23 4
72 9
23 3
72 5
19 4
72 4
23 4
72 9
23 4
72 9
23 4
72 9
23 4
72 4
19 4
72 14
17 3
72 10
17 4
72 9
17 3
72 9
17 3
72 7
25 3
72 5
17 4
72 9
17 4
72 9
17 4
72 9
17 3
72 5
25 4
72 4
17 4
72 9
17 4
72 9
17 4
72 9
17 4
72 4
25 4
72 14
26 3
72 7
26 2
72 0
26 0
72 10
26 2
72 0
26 4
72 4
21 5
72 3
26 7
72 4
21 3
72 1
26 8
72 1
26 2
72 2
26 2
26 7
72 2
26 2
72 2
26 4
72 4
21 4
72 4
21 2
21 2
21 2
21 2
72 0
21 2
72 0
21 0
72 4
21 0
72 14
17 3
72 7
17 2
72 0
17 0
72 10
17 2
72 0
17 4
72 4
24 5
72 3
17 7
72 4
24 3
72 1
17 8
72 1
17 2
17 2
72 2
17 7
72 2
17 2
72 2
17 4
72 4
24 4
72 4
24 2
24 2
24 2
24 2
72 0
24 2
72 0
24 0
72 3
24 0
72 14
26 3
72 7
26 2
72 0
26 0
72 10
26 2
72 0
26 4
72 4
21 5
72 3
26 7
72 4
21 3
72 1
26 8
72 1
26 2
72 2
26 2
26 7
72 2
26 2
72 2
26 4
72 4
21 4
72 4
21 2
21 2
21 2
21 2
72 0
21 2
72 0
21 0
72 4
21 0
72 14
23 3
72 10
23 4
72 9
23 3
72 9
23 3
72 7
19 3
72 5
23 4
72 9
23 4
72 9
23 4
72 9
23 3
72 5
19 4
72 4
23 4
72 9
23 4
72 9
23 4
72 9
23 4
72 4
19 4
72 14
17 3
72 10
17 4
72 9
17 3
72 9
17 3
72 7
25 3
72 5
17 4
72 9
17 4
72 9
17 4
72 9
17 3
72 5
25 4
72 4
17 4
72 9
17 4
72 9
17 4
72 9
17 4
72 4
25 4
72 14
26 3
72 7
26 2
72 0
26 0
72 10
26 2
72 0
26 4
72 4
21 5
72 3
26 7
72 4
21 3
72 1
26 8
72 1
26 2
72 2
26 2
26 7
72 2
26 2
72 2
26 4
72 4
21 4
72 4
21 2
21 2
21 2
21 2
72 0
21 2
72 0
21 0
72 4
21 0
E
S
H
72 14
50 2
45 2
50 8
53 2
50 3
53 5
57 2
72 0
53 3
57 4
62 2
72 0
57 2
62 11
72 14
50 2
45 2
50 8
53 2
50 3
53 5
57 2
72 0
53 3
57 4
62 2
72 0
57 2
62 11
E
X
