major
S
H
45 13
46 13
48 14
48 11
50 7
51 7
50 11
48 11
48 7
50 7
46 11
46 7
53 7
55 7
57 7
58 11
55 7
51 7
50 11
48 11
48 7
50 7
46 14
E
S
H
41 14
39 14
38 14
43 13
41 13
39 13
42 13
39 14
41 14
38 14
E
S
L
72 14
33 13
31 13
30 14
38 14
36 13
38 13
34 14
36 14
34 14
E
S
L
72 14
26 13
18 13
31 13
29 13
24 13
26 13
27 14
29 14
22 14
E
S
H
72 14
34 4
36 4
38 4
41 4
46 4
48 4
50 4
53 4
58 4
53 4
50 4
48 4
46 4
41 4
38 4
36 4
31 4
33 4
34 4
38 4
43 4
45 4
46 4
50 4
55 4
50 4
46 4
45 4
43 4
38 4
34 4
33 4
31 4
34 4
39 4
41 4
43 4
46 4
51 4
53 4
55 4
53 4
51 4
46 4
43 4
41 4
39 4
34 4
33 4
36 4
41 4
43 4
45 4
48 4
53 4
55 4
57 4
55 4
53 4
48 4
45 4
43 4
41 4
36 4
34 4
36 4
37 4
41 4
46 4
48 4
49 4
53 4
58 4
53 4
49 4
48 4
46 4
41 4
37 4
36 4
34 4
36 4
37 4
41 4
46 4
48 4
49 4
53 4
58 4
53 4
49 4
48 4
46 4
41 4
37 4
36 4
34 4
36 4
38 4
41 4
46 4
48 4
50 4
53 4
58 4
53 4
50 4
48 4
46 4
41 4
38 4
36 4
31 4
33 4
34 4
38 4
43 4
45 4
46 4
50 4
55 4
50 4
46 4
45 4
43 4
38 4
34 4
33 4
31 4
34 4
39 4
41 4
43 4
46 4
51 4
53 4
55 4
53 4
51 4
46 4
43 4
41 4
39 4
34 4
33 4
36 4
41 4
43 4
45 4
48 4
53 4
55 4
57 4
55 4
53 4
48 4
45 4
43 4
41 4
36 4
34 4
36 4
37 4
41 4
46 4
48 4
49 4
53 4
58 4
53 4
49 4
48 4
46 4
41 4
37 4
36 4
34 4
36 4
37 4
41 4
46 4
48 4
49 4
53 4
58 4
53 4
49 4
48 4
46 4
41 4
37 4
36 4
34 4
36 4
38 4
41 4
46 4
48 4
50 4
53 4
58 4
53 4
50 4
48 4
46 4
41 4
38 4
36 4
31 4
33 4
34 4
38 4
43 4
45 4
46 4
50 4
55 4
50 4
46 4
45 4
43 4
38 4
34 4
33 4
31 4
34 4
39 4
41 4
43 4
46 4
51 4
53 4
55 4
53 4
51 4
46 4
43 4
41 4
39 4
34 4
33 4
36 4
41 4
43 4
45 4
48 4
53 4
55 4
57 4
55 4
53 4
48 4
45 4
43 4
41 4
36 4
34 4
36 4
37 4
41 4
46 4
48 4
49 4
53 4
58 4
53 4
49 4
48 4
46 4
41 4
37 4
36 4
34 4
36 4
37 4
41 4
46 4
48 4
49 4
53 4
58 4
53 4
49 4
48 4
46 4
41 4
37 4
36 4
34 4
36 4
38 4
41 4
46 4
48 4
50 4
53 4
58 4
53 4
50 4
48 4
46 4
41 4
38 4
36 4
31 4
33 4
34 4
38 4
43 4
45 4
46 4
50 4
55 4
50 4
46 4
45 4
43 4
38 4
34 4
33 4
31 4
34 4
39 4
41 4
43 4
46 4
51 4
53 4
55 4
53 4
51 4
46 4
43 4
41 4
39 4
34 4
33 4
36 4
41 4
43 4
45 4
48 4
53 4
55 4
57 4
55 4
53 4
48 4
45 4
43 4
41 4
36 4
34 4
36 4
37 4
41 4
46 4
48 4
49 4
53 4
58 4
53 4
49 4
48 4
46 4
41 4
37 4
36 4
34 4
36 4
37 4
41 4
46 4
48 4
49 4
53 4
58 4
53 4
49 4
48 4
46 4
41 4
37 4
36 4
E
S
H
72 14
46 14
72 14
46 14
72 14
46 14
72 14
46 14
E
S
H
72 14
57 0
72 14
57 0
72 14
57 0
72 14
57 0
E
X
