minor
S
L
72 13
12 4
24 4
19 4
20 4
23 4
15 4
14 4
19 4
12 4
24 4
19 4
20 4
23 4
15 4
14 4
19 4
12 4
24 4
19 4
20 4
23 4
15 4
14 4
19 4
12 4
24 4
19 4
20 4
23 4
15 4
14 4
19 4
12 4
24 4
19 4
20 4
23 4
15 4
14 4
19 4
12 4
24 4
19 4
20 4
23 4
15 4
14 4
19 4
12 4
24 4
19 4
20 4
23 4
15 4
14 4
19 4
12 4
24 4
19 4
20 4
23 4
15 4
14 4
19 4
12 4
24 4
19 4
20 4
23 4
15 4
14 4
19 4
12 4
24 4
19 4
20 4
23 4
15 4
14 4
19 4
12 4
24 4
19 4
20 4
23 4
15 4
14 4
19 4
12 4
24 4
19 4
20 4
23 4
15 4
14 4
19 4
12 11
72 4
14 8
72 1
14 7
15 4
17 7
19 4
20 7
22 7
20 7
19 7
17 7
16 14
12 4
24 4
19 4
20 4
23 4
15 4
14 4
19 4
12 4
24 4
19 4
20 4
23 4
15 4
14 4
19 4
12 4
24 4
19 4
20 4
23 4
15 4
14 4
19 4
12 4
24 4
19 4
20 4
23 4
15 4
14 4
19 4
12 4
24 4
19 4
20 4
23 4
15 4
14 4
19 4
12 4
24 4
19 4
20 4
23 4
15 4
14 4
19 4
12 4
24 4
19 4
20 4
23 4
15 4
14 4
19 4
12 4
24 4
19 4
20 4
23 4
15 4
14 4
19 4
12 4
24 4
19 4
20 4
23 4
15 4
14 4
19 4
12 4
24 4
19 4
20 4
23 4
15 4
14 4
19 4
12 4
24 4
19 4
20 4
23 4
15 4
14 4
19 4
12 4
24 4
19 4
20 4
23 4
15 4
14 4
19 4
12 4
24 4
19 4
20 4
23 4
15 4
14 4
19 4
12 4
24 4
19 4
20 4
23 4
15 4
14 4
19 4
12 4
24 4
19 4
20 4
23 4
15 4
14 4
19 4
12 4
24 4
19 4
20 4
23 4
15 4
14 4
19 4
12 4
24 4
19 4
20 4
23 4
15 4
14 4
19 4
12 4
24 4
19 4
20 4
23 4
15 4
14 4
19 4
12 4
24 4
19 4
20 4
23 4
15 4
14 4
19 4
22 7
17 4
22 7
17 4
24 7
19 4
24 7
19 4
20 7
22 7
12 4
24 4
19 4
20 4
23 4
15 4
14 4
19 4
12 4
24 4
19 4
20 4
23 4
15 4
14 4
19 4
12 4
24 4
19 4
20 4
23 4
15 4
14 4
19 4
12 4
24 4
19 4
20 4
23 4
15 4
14 4
19 4
15 4
27 4
22 4
23 4
26 4
18 4
17 4
22 4
15 4
27 4
22 4
23 4
26 4
18 4
17 4
22 4
15 4
27 4
22 4
23 4
26 4
18 4
17 4
22 4
15 4
27 4
22 4
23 4
26 4
18 4
17 4
22 4
15 4
27 4
22 4
23 4
26 4
18 4
17 4
22 4
15 4
27 4
22 4
23 4
26 4
18 4
17 4
22 4
15 4
27 4
22 4
23 4
26 4
18 4
17 4
22 4
15 4
27 4
22 4
23 4
26 4
18 4
17 4
22 4
15 4
27 4
22 4
23 4
26 4
18 4
17 4
22 4
15 4
27 4
22 4
23 4
26 4
18 4
17 4
22 4
15 4
27 4
22 4
23 4
26 4
18 4
17 4
22 4
25 7
20 4
25 7
20 4
27 7
22 4
27 7
22 4
23 7
25 7
15 4
27 4
22 4
23 4
26 4
18 4
17 4
22 4
15 4
27 4
22 4
23 4
26 4
18 4
17 4
22 4
15 4
27 4
22 4
23 4
26 4
18 4
17 4
22 4
15 4
27 4
22 4
23 4
26 4
18 4
17 4
22 4
15 7
14 4
15 4
18 7
15 4
18 4
17 4
14 4
15 4
18 4
72 4
10 4
13 4
10 4
15 7
14 4
15 4
18 7
15 4
18 4
17 4
14 4
15 4
18 4
72 4
10 4
13 4
10 4
14 8
72 1
16 8
72 1
18 8
72 1
20 8
72 1
18 7
16 7
14 4
72 7
14 4
72 7
14 4
72 7
14 4
72 7
14 4
72 4
14 4
72 4
18 7
17 4
18 4
21 7
18 4
21 4
20 4
17 4
18 4
21 4
72 4
13 4
16 4
13 4
18 7
17 4
18 4
21 7
18 4
21 4
20 4
17 4
18 4
21 4
72 4
13 4
16 4
13 4
17 8
72 1
19 8
72 1
21 8
72 1
23 8
72 1
21 7
19 7
17 4
72 7
17 4
72 7
17 4
72 7
17 4
72 7
17 4
72 4
17 4
72 4
11 4
72 4
11 4
72 4
11 4
72 4
11 4
72 4
11 4
72 4
11 4
72 4
11 4
72 4
11 4
72 4
6 4
72 4
10 4
72 4
11 7
6 4
72 4
10 4
72 4
11 7
11 7
11 4
72 4
11 4
72 4
11 4
72 4
11 4
72 4
11 4
72 4
11 4
72 4
11 4
72 4
11 4
72 4
6 4
72 4
10 4
72 4
11 7
6 4
72 4
10 4
72 4
11 7
9 7
7 7
6 7
14 12
9 7
14 12
10 7
14 12
9 7
14 12
10 7
14 12
9 7
14 12
10 7
14 12
11 7
12 12
7 7
14 13
8 13
7 13
8 13
14 13
8 13
5 14
12 4
24 4
19 4
20 4
23 4
15 4
14 4
19 4
12 4
24 4
19 4
20 4
23 4
15 4
14 4
19 4
12 4
24 4
19 4
20 4
23 4
15 4
14 4
19 4
12 4
24 4
19 4
20 4
23 4
15 4
14 4
19 4
12 14
12 4
24 4
19 4
20 4
23 4
15 4
14 4
19 4
12 4
24 4
19 4
20 4
23 4
15 4
14 4
19 4
12 4
24 4
19 4
20 4
23 4
15 4
14 4
19 4
12 4
24 4
19 4
20 4
23 4
15 4
14 4
19 4
12 4
24 4
19 4
20 4
23 4
15 4
14 4
19 4
12 4
24 4
19 4
20 4
23 4
15 4
14 4
19 4
12 4
24 4
19 4
20 4
23 4
15 4
14 4
19 4
12 4
24 4
19 4
20 4
23 4
15 4
14 4
19 4
12 4
24 4
19 4
20 4
23 4
15 4
14 4
19 4
12 4
24 4
19 4
20 4
23 4
15 4
14 4
19 4
12 4
24 4
19 4
20 4
23 4
15 4
14 4
19 4
12 4
24 4
19 4
20 4
23 4
15 4
14 4
19 4
12 11
72 4
14 8
72 1
14 7
15 4
17 7
19 4
20 7
22 7
20 7
19 7
17 7
16 14
12 4
24 4
19 4
20 4
23 4
15 4
14 4
19 4
12 4
24 4
19 4
20 4
23 4
15 4
14 4
19 4
12 4
24 4
19 4
20 4
23 4
15 4
14 4
19 4
12 4
24 4
19 4
20 4
23 4
15 4
14 4
19 4
12 4
24 4
19 4
20 4
23 4
15 4
14 4
19 4
12 4
24 4
19 4
20 4
23 4
15 4
14 4
19 4
12 4
24 4
19 4
20 4
23 4
15 4
14 4
19 4
12 4
24 4
19 4
20 4
23 4
15 4
14 4
19 4
12 4
24 4
19 4
20 4
23 4
15 4
14 4
19 4
12 4
24 4
19 4
20 4
23 4
15 4
14 4
19 4
12 4
24 4
19 4
20 4
23 4
15 4
14 4
19 4
12 4
24 4
19 4
20 4
23 4
15 4
14 4
19 4
12 4
24 4
19 4
20 4
23 4
15 4
14 4
19 4
12 4
24 4
19 4
20 4
23 4
15 4
14 4
19 4
12 4
24 4
19 4
20 4
23 4
15 4
14 4
19 4
12 4
24 4
19 4
20 4
23 4
15 4
14 4
19 4
12 4
24 4
19 4
20 4
23 4
15 4
14 4
19 4
12 4
24 4
19 4
20 4
23 4
15 4
14 4
19 4
12 4
24 4
19 4
20 4
23 4
15 4
14 4
19 4
22 7
17 4
22 7
17 4
24 7
19 4
24 7
19 4
20 7
22 7
12 4
24 4
19 4
20 4
23 4
15 4
14 4
19 4
12 4
24 4
19 4
20 4
23 4
15 4
14 4
19 4
12 4
24 4
19 4
20 4
23 4
15 4
14 4
19 4
12 4
24 4
19 4
20 4
23 4
15 4
14 4
19 4
15 4
27 4
22 4
23 4
26 4
18 4
17 4
22 4
15 4
27 4
22 4
23 4
26 4
18 4
17 4
22 4
15 4
27 4
22 4
23 4
26 4
18 4
17 4
22 4
15 4
27 4
22 4
23 4
26 4
18 4
17 4
22 4
15 4
27 4
22 4
23 4
26 4
18 4
17 4
22 4
15 4
27 4
22 4
23 4
26 4
18 4
17 4
22 4
15 4
27 4
22 4
23 4
26 4
18 4
17 4
22 4
15 4
27 4
22 4
23 4
26 4
18 4
17 4
22 4
15 4
27 4
22 4
23 4
26 4
18 4
17 4
22 4
15 4
27 4
22 4
23 4
26 4
18 4
17 4
22 4
15 4
27 4
22 4
23 4
26 4
18 4
17 4
22 4
25 7
20 4
25 7
20 4
27 7
22 4
27 7
22 4
23 7
25 7
15 4
27 4
22 4
23 4
26 4
18 4
17 4
22 4
15 4
27 4
22 4
23 4
26 4
18 4
17 4
22 4
15 4
27 4
22 4
23 4
26 4
18 4
17 4
22 4
15 4
27 4
22 4
23 4
26 4
18 4
17 4
22 4
15 7
14 4
15 4
18 7
15 4
18 4
17 4
14 4
15 4
18 4
72 4
10 4
13 4
10 4
15 7
14 4
15 4
18 7
15 4
18 4
17 4
14 4
15 4
18 4
72 4
10 4
13 4
10 4
14 8
72 1
16 8
72 1
18 8
72 1
20 8
72 1
18 7
16 7
14 4
72 7
14 4
72 7
14 4
72 7
14 4
72 7
14 4
72 4
14 4
72 4
18 7
17 4
18 4
21 7
18 4
21 4
20 4
17 4
18 4
21 4
72 4
13 4
16 4
13 4
18 7
17 4
18 4
21 7
18 4
21 4
20 4
17 4
18 4
21 4
72 4
13 4
16 4
13 4
17 8
72 1
19 8
72 1
21 8
72 1
23 8
72 1
21 7
19 7
17 4
72 7
17 4
72 7
17 4
72 7
17 4
72 7
17 4
72 4
17 4
72 4
11 4
72 4
11 4
72 4
11 4
72 4
11 4
72 4
11 4
72 4
11 4
72 4
11 4
72 4
11 4
72 4
6 4
72 4
10 4
72 4
11 7
6 4
72 4
10 4
72 4
11 7
11 7
11 4
72 4
11 4
72 4
11 4
72 4
11 4
72 4
11 4
72 4
11 4
72 4
11 4
72 4
11 4
72 4
6 4
72 4
10 4
72 4
11 7
6 4
72 4
10 4
72 4
11 7
9 7
7 7
6 7
14 12
9 7
14 12
10 7
14 12
9 7
14 12
10 7
14 12
9 7
14 12
10 7
14 12
11 7
12 12
7 7
14 13
8 13
7 13
8 13
14 13
8 13
5 14
12 4
24 4
19 4
20 4
23 4
15 4
14 4
19 4
12 4
24 4
19 4
20 4
23 4
15 4
14 4
19 4
12 4
24 4
19 4
20 4
23 4
15 4
14 4
19 4
12 4
24 4
19 4
20 4
23 4
15 4
14 4
19 4
12 14
12 4
24 4
19 4
20 4
23 4
15 4
14 4
19 4
12 4
24 4
19 4
20 4
23 4
15 4
14 4
19 4
12 4
24 4
19 4
20 4
23 4
15 4
14 4
19 4
12 4
24 4
19 4
20 4
23 4
15 4
14 4
19 4
12 4
24 4
19 4
20 4
23 4
15 4
14 4
19 4
12 4
24 4
19 4
20 4
23 4
15 4
14 4
19 4
12 4
24 4
19 4
20 4
23 4
15 4
14 4
19 4
12 4
24 4
19 4
20 4
23 4
15 4
14 4
19 4
E
S
H
72 14
50 14
39 14
53 14
42 14
72 14
50 14
39 14
53 14
42 14
72 14
43 4
45 4
46 4
48 4
50 4
48 4
46 4
45 4
200 13
72 14
41 4
43 4
44 4
46 4
48 7
48 4
50 4
51 4
53 4
55 7
55 4
56 4
58 4
60 4
62 4
63 4
65 4
67 4
72 14
50 14
39 14
53 14
42 14
72 14
50 14
39 14
53 14
42 14
72 14
43 4
45 4
46 4
48 4
50 4
48 4
46 4
45 4
200 13
72 14
41 4
43 4
44 4
46 4
48 7
48 4
50 4
51 4
53 4
55 7
55 4
56 4
58 4
60 4
62 4
63 4
65 4
67 4
72 14
50 14
39 14
53 14
42 14
E
S
H
72 14
59 14
72 14
59 14
72 14
114 11
101 11
244 11
231 11
218 11
205 11
192 11
179 11
72 14
51 13
53 13
54 13
56 13
57 14
56 3
57 3
56 3
54 12
52 3
54 3
52 3
50 7
49 7
50 4
49 4
47 4
45 4
54 13
56 13
57 13
59 13
60 14
59 3
60 3
59 3
57 12
55 3
57 3
55 3
53 7
52 7
53 4
52 4
50 4
48 4
72 14
59 14
72 14
59 14
72 14
114 11
101 11
244 11
231 11
218 11
205 11
192 11
179 11
72 14
51 13
53 13
54 13
56 13
57 14
56 3
57 3
56 3
54 12
52 3
54 3
52 3
50 7
49 7
50 4
49 4
47 4
45 4
54 13
56 13
57 13
59 13
60 14
59 3
60 3
59 3
57 12
55 3
57 3
55 3
53 7
52 7
53 4
52 4
50 4
48 4
72 14
59 14
E
S
H
72 14
1145 7
989 3
72 12
989 7
833 3
72 12
188 4
48 4
202 4
48 4
55 4
51 4
50 4
51 4
172 4
50 4
43 4
47 4
542 7
397 7
1145 7
989 3
72 12
989 7
833 3
72 12
46 3
58 3
46 3
53 3
48 3
53 3
58 3
53 3
58 3
63 3
58 3
63 3
1290 14
72 14
1616 7
51 2
72 2
1616 2
72 2
51 2
72 2
1616 2
72 2
51 2
72 2
1616 2
72 2
51 2
72 2
1616 2
72 2
51 2
72 2
1616 2
72 2
371 7
202 7
1616 7
51 2
72 2
1616 2
72 2
51 2
72 2
1616 2
72 2
51 2
72 2
1616 2
72 2
51 2
72 2
1616 2
72 2
51 2
72 2
1616 2
72 2
1328 7
1616 7
200 14
72 4
368 4
72 4
368 4
368 7
200 7
1616 7
51 2
72 2
1616 2
72 2
51 2
72 2
1616 2
72 2
51 2
72 2
1616 2
72 2
51 2
72 2
1616 2
72 2
51 2
72 2
1616 2
72 2
371 7
202 7
1616 7
51 2
72 2
1616 2
72 2
51 2
72 2
1616 2
72 2
51 2
72 2
1616 2
72 2
1314 12
1616 12
1012 7
1314 7
1616 11
368 11
200 12
1316 7
1616 14
39 7
38 4
39 4
42 7
39 4
42 4
41 4
38 4
39 4
42 4
72 4
34 4
37 4
34 4
39 7
38 4
39 4
42 7
39 4
42 4
41 4
38 4
39 4
42 4
72 4
34 4
37 4
34 4
38 8
72 1
40 8
72 1
42 8
72 1
44 8
72 1
42 7
40 7
38 4
72 7
38 4
72 7
38 4
72 7
38 4
72 7
38 4
72 4
38 4
72 4
42 7
41 4
42 4
45 7
42 4
45 4
44 4
41 4
42 4
45 4
72 4
37 4
40 4
37 4
42 7
41 4
42 4
45 7
42 4
45 4
44 4
41 4
42 4
45 4
72 4
37 4
40 4
37 4
41 8
72 1
43 8
72 1
45 8
72 1
47 8
72 1
45 7
43 7
41 4
72 7
41 4
72 7
41 4
72 7
41 4
72 7
41 4
72 4
41 4
72 4
47 3
72 1
49 3
72 1
50 3
72 1
49 3
72 1
52 3
72 1
50 3
72 1
49 3
72 1
47 3
72 1
49 3
72 1
50 3
72 1
52 3
72 1
54 3
72 1
55 3
72 1
54 3
72 1
52 3
72 1
50 3
72 1
49 3
72 1
52 3
72 1
50 3
72 1
46 3
72 1
239 7
49 3
72 1
52 3
72 1
50 3
72 1
46 3
72 1
239 7
72 7
244 3
72 1
114 3
72 1
127 3
72 1
114 3
72 1
153 3
72 1
127 3
72 1
114 3
72 1
244 3
72 1
114 3
72 1
127 3
72 1
153 3
72 1
179 3
72 1
192 3
72 1
179 3
72 1
153 3
72 1
127 3
72 1
114 3
72 1
153 3
72 1
127 3
72 1
231 3
72 1
1768 7
114 3
72 1
153 3
72 1
127 3
72 1
231 3
72 1
1768 7
244 3
72 1
114 3
72 1
127 3
72 1
153 3
72 1
179 3
72 1
192 3
72 1
1459 13
1603 13
1459 13
200 13
1459 13
1603 13
1771 13
684 13
72 14
1145 7
989 3
72 12
989 7
833 3
72 12
188 4
48 4
202 4
48 4
55 4
51 4
50 4
51 4
172 4
50 4
43 4
47 4
542 7
397 7
1145 7
989 3
72 12
989 7
833 3
72 12
46 3
58 3
46 3
53 3
48 3
53 3
58 3
53 3
58 3
63 3
58 3
63 3
1290 14
72 14
1616 7
51 2
72 2
1616 2
72 2
51 2
72 2
1616 2
72 2
51 2
72 2
1616 2
72 2
51 2
72 2
1616 2
72 2
51 2
72 2
1616 2
72 2
371 7
202 7
1616 7
51 2
72 2
1616 2
72 2
51 2
72 2
1616 2
72 2
51 2
72 2
1616 2
72 2
51 2
72 2
1616 2
72 2
51 2
72 2
1616 2
72 2
1328 7
1616 7
200 14
72 4
368 4
72 4
368 4
368 7
200 7
1616 7
51 2
72 2
1616 2
72 2
51 2
72 2
1616 2
72 2
51 2
72 2
1616 2
72 2
51 2
72 2
1616 2
72 2
51 2
72 2
1616 2
72 2
371 7
202 7
1616 7
51 2
72 2
1616 2
72 2
51 2
72 2
1616 2
72 2
51 2
72 2
1616 2
72 2
1314 12
1616 12
1012 7
1314 7
1616 11
368 11
200 12
1316 7
1616 14
39 7
38 4
39 4
42 7
39 4
42 4
41 4
38 4
39 4
42 4
72 4
34 4
37 4
34 4
39 7
38 4
39 4
42 7
39 4
42 4
41 4
38 4
39 4
42 4
72 4
34 4
37 4
34 4
38 8
72 1
40 8
72 1
42 8
72 1
44 8
72 1
42 7
40 7
38 4
72 7
38 4
72 7
38 4
72 7
38 4
72 7
38 4
72 4
38 4
72 4
42 7
41 4
42 4
45 7
42 4
45 4
44 4
41 4
42 4
45 4
72 4
37 4
40 4
37 4
42 7
41 4
42 4
45 7
42 4
45 4
44 4
41 4
42 4
45 4
72 4
37 4
40 4
37 4
41 8
72 1
43 8
72 1
45 8
72 1
47 8
72 1
45 7
43 7
41 4
72 7
41 4
72 7
41 4
72 7
41 4
72 7
41 4
72 4
41 4
72 4
47 3
72 1
49 3
72 1
50 3
72 1
49 3
72 1
52 3
72 1
50 3
72 1
49 3
72 1
47 3
72 1
49 3
72 1
50 3
72 1
52 3
72 1
54 3
72 1
55 3
72 1
54 3
72 1
52 3
72 1
50 3
72 1
49 3
72 1
52 3
72 1
50 3
72 1
46 3
72 1
239 7
49 3
72 1
52 3
72 1
50 3
72 1
46 3
72 1
239 7
72 7
244 3
72 1
114 3
72 1
127 3
72 1
114 3
72 1
153 3
72 1
127 3
72 1
114 3
72 1
244 3
72 1
114 3
72 1
127 3
72 1
153 3
72 1
179 3
72 1
192 3
72 1
179 3
72 1
153 3
72 1
127 3
72 1
114 3
72 1
153 3
72 1
127 3
72 1
231 3
72 1
1768 7
114 3
72 1
153 3
72 1
127 3
72 1
231 3
72 1
1768 7
244 3
72 1
114 3
72 1
127 3
72 1
153 3
72 1
179 3
72 1
192 3
72 1
1459 13
1603 13
1459 13
200 13
1459 13
1603 13
1771 13
684 13
E
S
H
72 14
51 7
48 4
51 4
55 4
54 7
43 4
48 4
51 4
55 4
54 7
45 4
51 4
54 4
55 4
54 4
48 4
43 4
48 4
51 4
55 4
54 4
53 4
44 4
51 4
50 4
47 4
48 4
51 4
55 4
57 14
72 14
51 7
48 4
51 4
55 4
54 7
43 4
48 4
51 4
55 4
54 7
45 4
51 4
54 4
55 4
54 4
48 4
43 4
48 4
51 4
55 4
53 4
51 7
50 4
46 7
50 4
48 7
43 4
41 7
46 4
39 7
38 7
36 14
72 7
42 7
39 4
42 4
46 4
45 7
34 4
39 4
42 4
46 4
45 7
36 4
42 4
45 4
46 4
45 4
39 4
34 4
39 4
42 4
46 4
45 4
44 4
35 4
42 4
41 4
38 4
39 4
42 4
46 4
48 14
72 14
42 7
39 4
42 4
46 4
45 7
34 4
39 4
42 4
46 4
45 7
36 4
42 4
45 4
46 4
45 4
39 4
34 4
39 4
42 4
46 4
44 4
42 7
41 4
37 7
41 4
39 7
34 4
32 7
37 4
30 7
29 7
27 14
72 14
214 7
163 7
134 7
214 7
223 7
130 7
171 7
223 7
214 7
163 7
134 7
214 7
200 4
36 4
200 4
36 4
200 4
36 4
200 4
36 4
214 7
163 7
134 7
214 7
223 7
130 7
171 7
223 7
240 7
136 7
187 7
240 7
108 7
149 7
189 7
108 7
72 14
38 4
40 4
41 4
43 4
45 4
43 4
41 4
40 4
39 13
72 14
51 7
48 4
51 4
55 4
54 7
43 4
48 4
51 4
55 4
54 7
45 4
51 4
54 4
55 4
54 4
48 4
43 4
48 4
51 4
55 4
54 4
53 4
44 4
51 4
50 4
47 4
48 4
51 4
55 4
57 14
72 14
51 7
48 4
51 4
55 4
54 7
43 4
48 4
51 4
55 4
54 7
45 4
51 4
54 4
55 4
54 4
48 4
43 4
48 4
51 4
55 4
53 4
51 7
50 4
46 7
50 4
48 7
43 4
41 7
46 4
39 7
38 7
36 14
72 7
42 7
39 4
42 4
46 4
45 7
34 4
39 4
42 4
46 4
45 7
36 4
42 4
45 4
46 4
45 4
39 4
34 4
39 4
42 4
46 4
45 4
44 4
35 4
42 4
41 4
38 4
39 4
42 4
46 4
48 14
72 14
42 7
39 4
42 4
46 4
45 7
34 4
39 4
42 4
46 4
45 7
36 4
42 4
45 4
46 4
45 4
39 4
34 4
39 4
42 4
46 4
44 4
42 7
41 4
37 7
41 4
39 7
34 4
32 7
37 4
30 7
29 7
27 14
72 14
214 7
163 7
134 7
214 7
223 7
130 7
171 7
223 7
214 7
163 7
134 7
214 7
200 4
36 4
200 4
36 4
200 4
36 4
200 4
36 4
214 7
163 7
134 7
214 7
223 7
130 7
171 7
223 7
240 7
136 7
187 7
240 7
108 7
149 7
189 7
108 7
72 14
38 4
40 4
41 4
43 4
45 4
43 4
41 4
40 4
39 13
E
S
H
72 14
51 7
48 4
51 4
55 4
54 7
43 4
48 4
51 4
55 4
54 7
45 4
51 4
54 4
55 4
54 4
48 4
43 4
48 4
51 4
55 4
54 4
53 4
44 4
51 4
50 4
47 4
48 4
51 4
55 4
57 14
72 14
51 7
48 4
51 4
55 4
54 7
43 4
48 4
51 4
55 4
54 7
45 4
51 4
54 4
55 4
54 4
48 4
43 4
48 4
51 4
55 4
53 4
51 7
50 4
46 7
50 4
48 7
43 4
41 7
46 4
39 7
38 7
36 14
72 7
42 7
39 4
42 4
46 4
45 7
34 4
39 4
42 4
46 4
45 7
36 4
42 4
45 4
46 4
45 4
39 4
34 4
39 4
42 4
46 4
45 4
44 4
35 4
42 4
41 4
38 4
39 4
42 4
46 4
48 14
72 14
42 7
39 4
42 4
46 4
45 7
34 4
39 4
42 4
46 4
45 7
36 4
42 4
45 4
46 4
45 4
39 4
34 4
39 4
42 4
46 4
44 4
42 7
41 4
37 7
41 4
39 7
34 4
32 7
37 4
30 7
29 7
27 14
72 14
51 7
48 4
51 4
55 4
54 7
43 4
48 4
51 4
55 4
54 7
45 4
51 4
54 4
55 4
54 4
48 4
43 4
48 4
51 4
55 4
54 4
53 4
44 4
51 4
50 4
47 4
48 4
51 4
55 4
57 14
72 14
51 7
48 4
51 4
55 4
54 7
43 4
48 4
51 4
55 4
54 7
45 4
51 4
54 4
55 4
54 4
48 4
43 4
48 4
51 4
55 4
53 4
51 7
50 4
46 7
50 4
48 7
43 4
41 7
46 4
39 7
38 7
36 14
72 7
42 7
39 4
42 4
46 4
45 7
34 4
39 4
42 4
46 4
45 7
36 4
42 4
45 4
46 4
45 4
39 4
34 4
39 4
42 4
46 4
45 4
44 4
35 4
42 4
41 4
38 4
39 4
42 4
46 4
48 14
72 14
42 7
39 4
42 4
46 4
45 7
34 4
39 4
42 4
46 4
45 7
36 4
42 4
45 4
46 4
45 4
39 4
34 4
39 4
42 4
46 4
44 4
42 7
41 4
37 7
41 4
39 7
34 4
32 7
37 4
30 7
29 7
27 14
E
S
H
72 14
1759 3
72 5
1759 3
72 5
1759 3
72 5
1759 3
72 5
1759 3
72 5
1759 3
72 5
1759 3
72 5
1759 3
72 5
1614 3
72 5
1614 3
72 5
1759 7
1614 3
72 5
1614 3
72 5
1759 7
1759 7
1759 3
72 5
1759 3
72 5
1759 3
72 5
1759 3
72 5
1759 3
72 5
1759 3
72 5
1759 3
72 5
1759 3
72 5
1614 3
72 5
1614 3
72 5
1759 7
1614 3
72 5
1614 3
72 5
1759 7
357 7
527 7
698 7
72 14
1759 3
72 5
1759 3
72 5
1759 3
72 5
1759 3
72 5
1759 3
72 5
1759 3
72 5
1759 3
72 5
1759 3
72 5
1614 3
72 5
1614 3
72 5
1759 7
1614 3
72 5
1614 3
72 5
1759 7
1759 7
1759 3
72 5
1759 3
72 5
1759 3
72 5
1759 3
72 5
1759 3
72 5
1759 3
72 5
1759 3
72 5
1759 3
72 5
1614 3
72 5
1614 3
72 5
1759 7
1614 3
72 5
1614 3
72 5
1759 7
357 7
527 7
698 7
E
S
H
72 14
53 4
52 4
53 4
55 4
57 4
55 4
53 4
52 4
51 13
72 14
53 4
52 4
53 4
55 4
57 4
55 4
53 4
52 4
51 13
E
S
L
72 13
18 0
72 4
18 0
72 4
177 0
72 4
18 0
72 4
18 0
72 4
18 0
72 4
177 0
72 4
18 0
72 4
18 0
72 4
18 0
72 4
177 0
72 4
18 0
72 4
18 0
72 4
18 0
72 4
177 0
72 4
18 0
72 4
18 0
72 4
18 0
72 4
177 0
72 4
18 0
72 4
18 0
72 4
18 0
72 4
177 0
72 4
18 0
72 4
18 0
72 4
18 0
72 4
177 0
72 4
18 0
72 4
18 0
72 4
18 0
72 4
177 0
72 4
18 0
72 4
18 0
72 4
18 0
72 4
177 0
72 4
18 0
72 4
18 0
72 4
18 0
72 4
177 0
72 4
18 0
72 4
18 0
72 4
18 0
72 4
177 0
72 4
18 0
72 4
18 0
72 4
18 0
72 4
177 0
72 4
18 0
72 4
18 0
72 4
18 0
72 4
177 0
72 4
18 0
72 4
18 0
72 4
18 0
72 4
177 0
72 4
18 0
72 4
18 0
72 4
18 0
72 4
177 0
72 4
18 0
72 4
18 0
72 4
18 0
72 4
177 0
72 4
18 0
72 4
16 0
72 7
213 0
72 13
213 0
72 7
18 0
72 4
18 0
72 4
177 0
72 4
18 0
72 4
18 0
72 4
18 0
72 4
177 0
72 4
18 0
72 4
18 0
72 4
18 0
72 4
177 0
72 4
18 0
72 4
18 0
72 4
18 0
72 4
177 0
72 4
18 0
72 4
213 0
72 3
16 0
72 3
16 0
72 3
16 0
72 9
213 0
72 11
16 0
72 11
22 0
72 4
22 0
72 14
27 0
72 7
27 0
72 4
27 0
72 7
27 0
72 7
27 0
72 4
27 0
72 7
27 0
72 7
27 0
72 4
27 0
72 7
27 0
72 4
18 0
72 4
18 0
72 4
18 0
72 4
18 0
72 4
18 0
72 4
18 0
72 4
18 0
72 4
18 0
72 4
18 0
72 4
18 0
72 4
18 0
72 4
18 0
72 4
18 0
72 4
18 0
72 4
177 0
72 4
22 0
72 7
18 0
72 4
18 0
72 4
18 0
72 4
18 0
72 4
18 0
72 4
18 0
72 4
18 0
72 4
18 0
72 4
18 0
72 4
18 0
72 4
18 0
72 4
18 0
72 4
18 0
72 4
177 0
72 4
22 0
72 7
18 0
72 4
18 0
72 4
18 0
72 4
18 0
72 4
18 0
72 4
18 0
72 4
18 0
72 4
18 0
72 4
18 0
72 4
18 0
72 4
18 0
72 4
18 0
72 4
18 0
72 4
177 0
72 4
22 0
72 7
18 0
72 4
18 0
72 4
18 0
72 4
18 0
72 4
18 0
72 4
18 0
72 4
18 0
72 4
177 0
72 4
18 0
72 4
18 0
72 4
18 0
72 4
18 0
72 4
18 0
72 4
1473 0
72 4
22 0
72 4
18 0
72 4
18 0
72 4
177 0
72 4
18 0
72 4
18 0
72 4
18 0
72 4
177 0
72 4
18 0
72 4
18 0
72 4
18 0
72 4
177 0
72 4
18 0
72 4
18 0
72 4
18 0
72 4
177 0
72 4
22 0
72 7
18 0
72 4
177 0
72 4
18 0
72 4
18 0
72 4
18 0
72 4
177 0
72 4
18 0
72 4
18 0
72 4
18 0
72 4
177 0
72 4
18 0
72 4
18 0
72 4
18 0
72 4
177 0
72 4
22 0
72 14
213 0
72 14
213 0
72 7
18 0
72 4
18 0
72 4
177 0
72 4
18 0
72 4
18 0
72 4
18 0
72 4
177 0
72 4
18 0
72 4
18 0
72 4
18 0
72 4
177 0
72 4
18 0
72 4
18 0
72 4
18 0
72 4
177 0
72 4
22 0
72 7
18 0
72 4
177 0
72 4
18 0
72 4
18 0
72 4
18 0
72 4
177 0
72 4
18 0
72 4
16 0
72 7
22 0
72 4
18 0
72 7
22 0
72 4
177 0
72 7
22 0
72 4
18 0
72 7
22 0
72 4
16 0
72 4
18 0
72 4
213 0
72 7
18 0
72 4
18 0
72 4
177 0
72 4
18 0
72 4
18 0
72 4
18 0
72 4
177 0
72 4
18 0
72 4
18 0
72 4
18 0
72 4
177 0
72 4
18 0
72 4
18 0
72 4
18 0
72 4
177 0
72 4
22 0
72 4
18 0
72 4
18 0
72 4
177 0
72 4
18 0
72 4
18 0
72 4
18 0
72 4
177 0
72 4
18 0
72 4
18 0
72 4
18 0
72 4
177 0
72 4
18 0
72 4
18 0
72 4
18 0
72 4
177 0
72 4
22 0
72 4
215 0
72 4
18 0
72 4
177 0
72 4
18 0
72 4
18 0
72 4
18 0
72 4
177 0
72 4
18 0
72 4
18 0
72 4
18 0
72 4
177 0
72 4
18 0
72 4
18 0
72 4
18 0
72 4
177 0
72 4
22 0
72 7
18 0
72 4
177 0
72 4
18 0
72 4
18 0
72 4
18 0
72 4
177 0
72 4
18 0
72 4
18 0
72 4
18 0
72 4
177 0
72 4
18 0
72 4
18 0
72 4
18 0
72 4
177 0
72 4
22 0
72 14
213 0
72 14
213 0
72 7
18 0
72 4
18 0
72 4
177 0
72 4
18 0
72 4
18 0
72 4
18 0
72 4
177 0
72 4
18 0
72 4
18 0
72 4
18 0
72 4
177 0
72 4
18 0
72 4
18 0
72 4
18 0
72 4
177 0
72 4
22 0
72 7
18 0
72 4
177 0
72 4
18 0
72 4
18 0
72 4
18 0
72 4
177 0
72 4
18 0
72 4
16 0
72 7
22 0
72 4
18 0
72 7
22 0
72 4
177 0
72 7
22 0
72 4
18 0
72 7
22 0
72 4
16 0
72 4
18 0
72 4
213 0
72 7
18 0
72 4
18 0
72 4
177 0
72 4
18 0
72 4
18 0
72 4
18 0
72 4
177 0
72 4
18 0
72 4
18 0
72 4
18 0
72 4
177 0
72 4
18 0
72 4
18 0
72 4
18 0
72 4
177 0
72 4
22 0
72 4
18 0
72 4
18 0
72 4
177 0
72 4
18 0
72 4
18 0
72 4
18 0
72 4
177 0
72 4
18 0
72 4
18 0
72 4
16 0
72 4
16 0
72 4
16 0
72 4
16 0
72 4
16 0
72 4
16 0
72 4
16 0
72 4
215 0
72 4
18 0
72 4
22 0
72 7
18 0
72 4
18 0
72 4
22 0
72 7
177 0
72 4
18 0
72 4
22 0
72 7
18 0
72 4
18 0
72 4
22 0
72 7
18 0
72 4
18 0
72 4
22 0
72 7
18 0
72 4
18 0
72 4
22 0
72 7
177 0
72 4
18 0
72 4
22 0
72 7
18 0
72 4
18 0
72 4
22 0
72 7
215 0
72 4
22 0
72 4
18 0
72 7
18 0
72 7
177 0
72 7
18 0
72 7
18 0
72 7
18 0
72 7
177 0
72 4
22 0
72 4
18 0
72 4
22 0
72 4
18 0
72 7
18 0
72 7
18 0
72 7
18 0
72 7
18 0
72 7
18 0
72 7
177 0
72 4
22 0
72 4
215 0
72 4
18 0
72 4
22 0
72 7
18 0
72 4
18 0
72 4
22 0
72 7
177 0
72 4
18 0
72 4
22 0
72 7
18 0
72 4
18 0
72 4
22 0
72 7
18 0
72 4
18 0
72 4
22 0
72 7
18 0
72 4
18 0
72 4
22 0
72 7
177 0
72 4
18 0
72 4
22 0
72 7
18 0
72 4
18 0
72 4
22 0
72 7
215 0
72 4
22 0
72 4
18 0
72 7
18 0
72 7
177 0
72 7
18 0
72 7
18 0
72 7
18 0
72 7
177 0
72 4
22 0
72 4
18 0
72 4
22 0
72 4
18 0
72 7
18 0
72 7
18 0
72 7
18 0
72 7
18 0
72 7
18 0
72 7
177 0
72 4
22 0
72 4
22 0
72 4
22 0
72 4
22 0
72 4
22 0
72 4
22 0
72 4
22 0
72 4
22 0
72 4
22 0
72 4
22 0
72 4
22 0
72 4
22 0
72 4
22 0
72 4
22 0
72 4
22 0
72 4
22 0
72 4
22 0
72 4
16 0
72 7
16 0
72 7
16 0
72 7
16 0
72 11
213 0
72 11
22 0
72 4
22 0
72 4
225 0
72 4
22 0
72 4
22 0
72 4
22 0
72 4
225 0
72 4
22 0
72 4
22 0
72 4
22 0
72 4
225 0
72 4
22 0
72 4
22 0
72 4
22 0
72 4
225 0
72 4
22 0
72 4
16 0
72 13
22 0
72 4
22 0
72 4
119 0
72 7
215 0
72 7
22 0
72 7
177 0
72 4
18 0
72 7
18 0
72 4
225 0
72 7
22 0
72 7
177 0
72 4
18 0
72 7
18 0
72 4
225 0
72 7
22 0
72 7
177 0
72 4
18 0
72 7
18 0
72 4
225 0
72 7
22 0
72 4
22 0
72 4
22 0
72 4
22 0
72 4
22 0
72 4
22 0
72 4
22 0
72 4
22 0
72 4
22 0
72 7
177 0
72 4
18 0
72 7
18 0
72 4
225 0
72 7
22 0
72 7
177 0
72 4
18 0
72 7
18 0
72 4
225 0
72 7
22 0
72 7
177 0
72 4
18 0
72 7
18 0
72 4
225 0
72 7
22 0
72 7
177 0
72 4
18 0
72 7
18 0
72 4
225 0
72 14
27 0
72 2
27 0
72 2
27 0
72 2
27 0
72 2
27 0
72 2
27 0
72 2
27 0
72 2
27 0
72 2
27 0
72 2
27 0
72 2
27 0
72 2
27 0
72 2
27 0
72 2
27 0
72 2
27 0
72 2
27 0
72 14
16 0
72 7
18 0
72 4
18 0
72 4
22 0
72 7
18 0
72 7
18 0
72 7
22 0
72 4
16 0
72 4
18 0
72 4
18 0
72 4
225 0
72 7
215 0
72 4
18 0
72 4
177 0
72 4
18 0
72 4
18 0
72 4
18 0
72 4
177 0
72 4
18 0
72 4
18 0
72 4
18 0
72 4
177 0
72 4
18 0
72 4
18 0
72 4
18 0
72 4
177 0
72 4
18 0
72 4
18 0
72 4
18 0
72 4
177 0
72 4
18 0
72 4
18 0
72 4
18 0
72 4
177 0
72 4
18 0
72 4
18 0
72 4
18 0
72 4
177 0
72 4
18 0
72 4
18 0
72 4
18 0
72 4
177 0
72 4
18 0
72 4
18 0
72 4
18 0
72 4
177 0
72 4
18 0
72 4
18 0
72 4
18 0
72 4
177 0
72 4
18 0
72 4
18 0
72 4
18 0
72 4
177 0
72 4
18 0
72 4
18 0
72 4
18 0
72 4
177 0
72 4
18 0
72 4
18 0
72 4
18 0
72 4
177 0
72 4
18 0
72 4
18 0
72 4
18 0
72 4
177 0
72 4
18 0
72 4
18 0
72 4
18 0
72 4
177 0
72 4
18 0
72 4
18 0
72 4
18 0
72 4
177 0
72 4
18 0
72 4
18 0
72 4
18 0
72 4
177 0
72 4
18 0
72 4
18 0
72 4
18 0
72 4
177 0
72 4
18 0
72 4
18 0
72 4
18 0
72 4
177 0
72 4
18 0
72 4
18 0
72 4
18 0
72 4
177 0
72 4
18 0
72 4
18 0
72 4
18 0
72 4
177 0
72 4
18 0
72 4
18 0
72 4
18 0
72 4
177 0
72 4
18 0
72 4
18 0
72 4
18 0
72 4
177 0
72 4
18 0
72 4
18 0
72 4
18 0
72 4
177 0
72 4
18 0
72 4
18 0
72 4
18 0
72 4
177 0
72 4
18 0
72 4
18 0
72 4
18 0
72 4
177 0
72 4
18 0
72 4
18 0
72 4
18 0
72 4
177 0
72 4
18 0
72 4
18 0
72 4
18 0
72 4
177 0
72 4
18 0
72 4
18 0
72 4
18 0
72 4
177 0
72 4
18 0
72 4
18 0
72 4
18 0
72 4
177 0
72 4
18 0
72 4
18 0
72 4
18 0
72 4
177 0
72 4
18 0
72 4
18 0
72 4
18 0
72 4
177 0
72 4
18 0
72 4
16 0
72 7
213 0
72 13
213 0
72 7
18 0
72 4
18 0
72 4
177 0
72 4
18 0
72 4
18 0
72 4
18 0
72 4
177 0
72 4
18 0
72 4
18 0
72 4
18 0
72 4
177 0
72 4
18 0
72 4
18 0
72 4
18 0
72 4
177 0
72 4
18 0
72 4
213 0
72 3
16 0
72 3
16 0
72 3
16 0
72 9
213 0
72 11
16 0
72 11
22 0
72 4
22 0
72 14
27 0
72 7
27 0
72 4
27 0
72 7
27 0
72 7
27 0
72 4
27 0
72 7
27 0
72 7
27 0
72 4
27 0
72 7
27 0
72 4
18 0
72 4
18 0
72 4
18 0
72 4
18 0
72 4
18 0
72 4
18 0
72 4
18 0
72 4
18 0
72 4
18 0
72 4
18 0
72 4
18 0
72 4
18 0
72 4
18 0
72 4
18 0
72 4
177 0
72 4
22 0
72 7
18 0
72 4
18 0
72 4
18 0
72 4
18 0
72 4
18 0
72 4
18 0
72 4
18 0
72 4
18 0
72 4
18 0
72 4
18 0
72 4
18 0
72 4
18 0
72 4
18 0
72 4
177 0
72 4
22 0
72 7
18 0
72 4
18 0
72 4
18 0
72 4
18 0
72 4
18 0
72 4
18 0
72 4
18 0
72 4
18 0
72 4
18 0
72 4
18 0
72 4
18 0
72 4
18 0
72 4
18 0
72 4
177 0
72 4
22 0
72 7
18 0
72 4
18 0
72 4
18 0
72 4
18 0
72 4
18 0
72 4
18 0
72 4
18 0
72 4
177 0
72 4
18 0
72 4
18 0
72 4
18 0
72 4
18 0
72 4
18 0
72 4
1473 0
72 4
22 0
72 4
18 0
72 4
18 0
72 4
177 0
72 4
18 0
72 4
18 0
72 4
18 0
72 4
177 0
72 4
18 0
72 4
18 0
72 4
18 0
72 4
177 0
72 4
18 0
72 4
18 0
72 4
18 0
72 4
177 0
72 4
22 0
72 7
18 0
72 4
177 0
72 4
18 0
72 4
18 0
72 4
18 0
72 4
177 0
72 4
18 0
72 4
18 0
72 4
18 0
72 4
177 0
72 4
18 0
72 4
18 0
72 4
18 0
72 4
177 0
72 4
22 0
72 14
213 0
72 14
213 0
72 7
18 0
72 4
18 0
72 4
177 0
72 4
18 0
72 4
18 0
72 4
18 0
72 4
177 0
72 4
18 0
72 4
18 0
72 4
18 0
72 4
177 0
72 4
18 0
72 4
18 0
72 4
18 0
72 4
177 0
72 4
22 0
72 7
18 0
72 4
177 0
72 4
18 0
72 4
18 0
72 4
18 0
72 4
177 0
72 4
18 0
72 4
16 0
72 7
22 0
72 4
18 0
72 7
22 0
72 4
177 0
72 7
22 0
72 4
18 0
72 7
22 0
72 4
16 0
72 4
18 0
72 4
213 0
72 7
18 0
72 4
18 0
72 4
177 0
72 4
18 0
72 4
18 0
72 4
18 0
72 4
177 0
72 4
18 0
72 4
18 0
72 4
18 0
72 4
177 0
72 4
18 0
72 4
18 0
72 4
18 0
72 4
177 0
72 4
22 0
72 4
18 0
72 4
18 0
72 4
177 0
72 4
18 0
72 4
18 0
72 4
18 0
72 4
177 0
72 4
18 0
72 4
18 0
72 4
18 0
72 4
177 0
72 4
18 0
72 4
18 0
72 4
18 0
72 4
177 0
72 4
22 0
72 4
215 0
72 4
18 0
72 4
177 0
72 4
18 0
72 4
18 0
72 4
18 0
72 4
177 0
72 4
18 0
72 4
18 0
72 4
18 0
72 4
177 0
72 4
18 0
72 4
18 0
72 4
18 0
72 4
177 0
72 4
22 0
72 7
18 0
72 4
177 0
72 4
18 0
72 4
18 0
72 4
18 0
72 4
177 0
72 4
18 0
72 4
18 0
72 4
18 0
72 4
177 0
72 4
18 0
72 4
18 0
72 4
18 0
72 4
177 0
72 4
22 0
72 14
213 0
72 14
213 0
72 7
18 0
72 4
18 0
72 4
177 0
72 4
18 0
72 4
18 0
72 4
18 0
72 4
177 0
72 4
18 0
72 4
18 0
72 4
18 0
72 4
177 0
72 4
18 0
72 4
18 0
72 4
18 0
72 4
177 0
72 4
22 0
72 7
18 0
72 4
177 0
72 4
18 0
72 4
18 0
72 4
18 0
72 4
177 0
72 4
18 0
72 4
16 0
72 7
22 0
72 4
18 0
72 7
22 0
72 4
177 0
72 7
22 0
72 4
18 0
72 7
22 0
72 4
16 0
72 4
18 0
72 4
213 0
72 7
18 0
72 4
18 0
72 4
177 0
72 4
18 0
72 4
18 0
72 4
18 0
72 4
177 0
72 4
18 0
72 4
18 0
72 4
18 0
72 4
177 0
72 4
18 0
72 4
18 0
72 4
18 0
72 4
177 0
72 4
22 0
72 4
18 0
72 4
18 0
72 4
177 0
72 4
18 0
72 4
18 0
72 4
18 0
72 4
177 0
72 4
18 0
72 4
18 0
72 4
16 0
72 4
16 0
72 4
16 0
72 4
16 0
72 4
16 0
72 4
16 0
72 4
16 0
72 4
215 0
72 4
18 0
72 4
22 0
72 7
18 0
72 4
18 0
72 4
22 0
72 7
177 0
72 4
18 0
72 4
22 0
72 7
18 0
72 4
18 0
72 4
22 0
72 7
18 0
72 4
18 0
72 4
22 0
72 7
18 0
72 4
18 0
72 4
22 0
72 7
177 0
72 4
18 0
72 4
22 0
72 7
18 0
72 4
18 0
72 4
22 0
72 7
215 0
72 4
22 0
72 4
18 0
72 7
18 0
72 7
177 0
72 7
18 0
72 7
18 0
72 7
18 0
72 7
177 0
72 4
22 0
72 4
18 0
72 4
22 0
72 4
18 0
72 7
18 0
72 7
18 0
72 7
18 0
72 7
18 0
72 7
18 0
72 7
177 0
72 4
22 0
72 4
215 0
72 4
18 0
72 4
22 0
72 7
18 0
72 4
18 0
72 4
22 0
72 7
177 0
72 4
18 0
72 4
22 0
72 7
18 0
72 4
18 0
72 4
22 0
72 7
18 0
72 4
18 0
72 4
22 0
72 7
18 0
72 4
18 0
72 4
22 0
72 7
177 0
72 4
18 0
72 4
22 0
72 7
18 0
72 4
18 0
72 4
22 0
72 7
215 0
72 4
22 0
72 4
18 0
72 7
18 0
72 7
177 0
72 7
18 0
72 7
18 0
72 7
18 0
72 7
177 0
72 4
22 0
72 4
18 0
72 4
22 0
72 4
18 0
72 7
18 0
72 7
18 0
72 7
18 0
72 7
18 0
72 7
18 0
72 7
177 0
72 4
22 0
72 4
22 0
72 4
22 0
72 4
22 0
72 4
22 0
72 4
22 0
72 4
22 0
72 4
22 0
72 4
22 0
72 4
22 0
72 4
22 0
72 4
22 0
72 4
22 0
72 4
22 0
72 4
22 0
72 4
22 0
72 4
22 0
72 4
16 0
72 7
16 0
72 7
16 0
72 7
16 0
72 11
213 0
72 11
22 0
72 4
22 0
72 4
225 0
72 4
22 0
72 4
22 0
72 4
22 0
72 4
225 0
72 4
22 0
72 4
22 0
72 4
22 0
72 4
225 0
72 4
22 0
72 4
22 0
72 4
22 0
72 4
225 0
72 4
22 0
72 4
16 0
72 13
22 0
72 4
22 0
72 4
119 0
72 7
215 0
72 7
22 0
72 7
177 0
72 4
18 0
72 7
18 0
72 4
225 0
72 7
22 0
72 7
177 0
72 4
18 0
72 7
18 0
72 4
225 0
72 7
22 0
72 7
177 0
72 4
18 0
72 7
18 0
72 4
225 0
72 7
22 0
72 4
22 0
72 4
22 0
72 4
22 0
72 4
22 0
72 4
22 0
72 4
22 0
72 4
22 0
72 4
22 0
72 7
177 0
72 4
18 0
72 7
18 0
72 4
225 0
72 7
22 0
72 7
177 0
72 4
18 0
72 7
18 0
72 4
225 0
72 7
22 0
72 7
177 0
72 4
18 0
72 7
18 0
72 4
225 0
72 7
22 0
72 7
177 0
72 4
18 0
72 7
18 0
72 4
225 0
72 14
27 0
72 2
27 0
72 2
27 0
72 2
27 0
72 2
27 0
72 2
27 0
72 2
27 0
72 2
27 0
72 2
27 0
72 2
27 0
72 2
27 0
72 2
27 0
72 2
27 0
72 2
27 0
72 2
27 0
72 2
27 0
72 14
16 0
72 7
18 0
72 4
18 0
72 4
22 0
72 7
18 0
72 7
18 0
72 7
22 0
72 4
16 0
72 4
18 0
72 4
18 0
72 4
225 0
72 7
215 0
72 4
18 0
72 4
177 0
72 4
18 0
72 4
18 0
72 4
18 0
72 4
177 0
72 4
18 0
72 4
18 0
72 4
18 0
72 4
177 0
72 4
18 0
72 4
18 0
72 4
18 0
72 4
177 0
72 4
18 0
72 4
18 0
72 4
18 0
72 4
177 0
72 4
18 0
72 4
18 0
72 4
18 0
72 4
177 0
72 4
18 0
72 4
18 0
72 4
18 0
72 4
177 0
72 4
18 0
72 4
18 0
72 4
18 0
72 4
177 0
72 4
18 0
72 4
18 0
72 4
18 0
72 4
177 0
72 4
18 0
72 4
18 0
72 4
18 0
72 4
177 0
72 4
18 0
72 4
18 0
72 4
18 0
72 4
177 0
72 4
18 0
72 4
18 0
72 4
18 0
72 4
177 0
72 4
18 0
72 4
18 0
72 4
18 0
72 4
177 0
72 4
18 0
72 4
18 0
72 4
18 0
72 4
177 0
72 4
18 0
72 4
18 0
72 4
18 0
72 4
177 0
72 4
18 0
72 4
18 0
72 4
18 0
72 4
177 0
72 4
18 0
72 4
18 0
72 4
18 0
72 4
177 0
72 4
18 0
72 4
18 0
72 4
18 0
72 4
177 0
72 4
18 0
72 4
18 0
72 4
18 0
72 4
177 0
72 4
18 0
72 4
18 0
72 4
18 0
72 4
177 0
72 4
18 0
72 4
18 0
72 4
18 0
72 4
177 0
72 4
18 0
72 4
18 0
72 4
18 0
72 4
177 0
72 4
18 0
72 4
18 0
72 4
18 0
72 4
177 0
72 4
18 0
72 4
18 0
72 4
18 0
72 4
177 0
72 4
18 0
72 4
18 0
72 4
18 0
72 4
177 0
72 4
18 0
72 4
18 0
72 4
18 0
72 4
177 0
72 4
18 0
72 4
18 0
72 4
18 0
72 4
177 0
72 4
18 0
72 4
18 0
72 4
18 0
72 4
177 0
72 4
18 0
72 4
18 0
72 4
18 0
72 4
177 0
72 4
18 0
72 4
18 0
72 4
18 0
72 4
177 0
72 4
18 0
72 4
18 0
72 4
18 0
72 4
177 0
72 4
18 0
72 4
18 0
72 4
18 0
72 4
177 0
72 4
18 0
E
S
L
11 0
11 0
11 0
11 0
11 0
11 0
11 0
11 0
11 0
11 0
11 0
11 0
11 0
11 0
11 0
11 0
11 0
11 0
11 0
11 0
11 0
11 0
11 0
11 0
11 0
11 0
11 0
11 0
11 0
11 0
24 0
24 0
23 0
23 0
21 0
21 0
19 0
17 0
17 0
21 0
19 0
17 0
17 0
11 0
11 0
11 0
11 0
11 0
11 0
11 0
11 0
11 0
11 0
11 0
11 0
11 0
11 0
11 0
11 0
11 0
11 0
11 0
11 0
11 0
11 0
11 0
11 0
11 0
11 0
11 0
11 0
11 0
11 0
11 0
11 0
11 0
11 0
11 0
11 0
11 0
11 0
11 0
11 0
11 0
11 0
11 0
11 0
11 0
11 0
11 0
11 0
11 0
11 0
11 0
11 0
11 0
11 0
11 0
220 0
110 0
1780 0
240 0
214 0
190 0
196 0
220 0
23 7
19 0
1468 0
244 0
11 0
214 0
19 0
11 0
26 0
26 0
110 0
1780 0
214 0
21 0
19 0
190 0
1780 0
1780 0
21 0
1468 0
172 0
1780 0
214 0
19 0
11 0
11 0
11 0
11 0
11 0
11 0
11 0
11 0
11 0
11 0
11 0
11 0
11 0
11 0
11 0
11 0
11 0
11 0
11 0
11 0
11 0
11 0
11 0
11 0
11 0
11 0
11 0
11 0
11 0
11 0
11 0
11 0
11 0
11 0
11 0
11 0
11 0
11 0
11 0
11 0
11 0
11 0
11 0
11 0
11 0
11 0
220 0
110 0
1780 0
240 0
214 0
190 0
196 0
220 0
23 7
19 0
1468 0
244 0
11 0
214 0
19 0
11 0
26 0
26 0
110 0
1780 0
214 0
21 0
19 0
190 0
1780 0
1780 0
21 0
1468 0
172 0
1780 0
214 0
19 0
11 0
11 0
11 0
11 0
11 0
11 0
11 0
11 0
11 0
11 0
11 0
11 0
11 0
11 0
11 0
11 0
11 0
11 0
11 0
11 0
11 0
11 0
11 0
11 0
11 0
11 0
11 0
11 0
11 0
11 0
11 0
11 0
11 0
11 0
11 0
11 0
11 0
11 0
11 0
11 0
11 0
11 0
11 0
11 0
11 0
11 0
11 0
11 0
11 0
11 0
11 0
11 0
11 0
11 0
11 0
11 0
11 0
11 0
11 0
11 0
11 0
11 0
11 0
11 0
11 0
11 0
11 0
11 0
11 0
11 0
11 0
11 0
11 0
11 0
11 0
11 0
11 0
11 0
24 0
24 0
24 0
23 0
23 0
21 0
21 0
19 0
19 0
17 0
17 0
17 0
11 0
11 0
11 0
11 0
11 0
11 0
11 0
11 0
21 0
21 0
19 0
17 0
17 0
240 0
214 0
17 0
17 0
240 0
214 0
17 0
11 0
11 0
11 0
11 0
11 0
11 0
11 0
11 0
11 0
11 0
11 0
11 0
11 0
11 0
11 0
11 0
11 0
11 0
11 0
11 0
112 0
23 0
19 0
238 0
112 0
23 0
19 0
238 0
244 0
21 0
17 0
112 0
23 0
19 0
11 0
11 0
11 0
11 0
11 0
11 0
11 0
11 0
11 0
11 0
11 0
11 0
11 0
11 0
11 0
11 0
11 0
11 0
11 0
11 0
11 0
11 0
11 0
11 0
11 0
11 0
11 0
11 0
11 0
11 0
11 0
11 0
11 0
11 0
11 0
11 0
11 0
11 0
11 0
11 0
11 0
11 0
11 0
11 0
11 0
11 0
11 0
11 0
11 0
11 0
11 0
11 0
11 0
11 0
11 0
11 0
11 0
11 0
11 0
11 0
24 0
24 0
23 0
23 0
21 0
21 0
19 0
17 0
17 0
21 0
19 0
17 0
17 0
11 0
11 0
11 0
11 0
11 0
11 0
11 0
11 0
11 0
11 0
11 0
11 0
11 0
11 0
11 0
11 0
11 0
11 0
11 0
11 0
11 0
11 0
11 0
11 0
11 0
11 0
11 0
11 0
11 0
11 0
11 0
11 0
11 0
11 0
11 0
11 0
11 0
11 0
11 0
11 0
11 0
11 0
11 0
11 0
11 0
11 0
11 0
11 0
11 0
11 0
11 0
11 0
11 0
11 0
11 0
220 0
110 0
1780 0
240 0
214 0
190 0
196 0
220 0
23 7
19 0
1468 0
244 0
11 0
214 0
19 0
11 0
26 0
26 0
110 0
1780 0
214 0
21 0
19 0
190 0
1780 0
1780 0
21 0
1468 0
172 0
1780 0
214 0
19 0
11 0
11 0
11 0
11 0
11 0
11 0
11 0
11 0
11 0
11 0
11 0
11 0
11 0
11 0
11 0
11 0
11 0
11 0
11 0
11 0
11 0
11 0
11 0
11 0
11 0
11 0
11 0
11 0
11 0
11 0
11 0
11 0
11 0
11 0
11 0
11 0
11 0
11 0
11 0
11 0
11 0
11 0
11 0
11 0
11 0
11 0
220 0
110 0
1780 0
240 0
214 0
190 0
196 0
220 0
23 7
19 0
1468 0
244 0
11 0
214 0
19 0
11 0
26 0
26 0
110 0
1780 0
214 0
21 0
19 0
190 0
1780 0
1780 0
21 0
1468 0
172 0
1780 0
214 0
19 0
11 0
11 0
11 0
11 0
11 0
11 0
11 0
11 0
11 0
11 0
11 0
11 0
11 0
11 0
11 0
11 0
11 0
11 0
11 0
11 0
11 0
11 0
11 0
11 0
11 0
11 0
11 0
11 0
11 0
11 0
11 0
11 0
11 0
11 0
11 0
11 0
11 0
11 0
11 0
11 0
11 0
11 0
11 0
11 0
11 0
11 0
11 0
11 0
11 0
11 0
11 0
11 0
11 0
11 0
11 0
11 0
11 0
11 0
11 0
11 0
11 0
11 0
11 0
11 0
11 0
11 0
11 0
11 0
11 0
11 0
11 0
11 0
11 0
11 0
11 0
11 0
11 0
11 0
24 0
24 0
24 0
23 0
23 0
21 0
21 0
19 0
19 0
17 0
17 0
17 0
11 0
11 0
11 0
11 0
11 0
11 0
11 0
11 0
21 0
21 0
19 0
17 0
17 0
240 0
214 0
17 0
17 0
240 0
214 0
17 0
11 0
11 0
11 0
11 0
11 0
11 0
11 0
11 0
11 0
11 0
11 0
11 0
11 0
11 0
11 0
11 0
11 0
11 0
11 0
11 0
112 0
23 0
19 0
238 0
112 0
23 0
19 0
238 0
244 0
21 0
17 0
112 0
23 0
19 0
11 0
11 0
11 0
11 0
11 0
11 0
11 0
11 0
11 0
11 0
11 0
11 0
11 0
11 0
11 0
11 0
11 0
11 0
11 0
11 0
11 0
11 0
11 0
11 0
11 0
11 0
11 0
11 0
11 0
11 0
11 0
11 0
11 0
11 0
11 0
11 0
11 0
11 0
11 0
11 0
11 0
11 0
11 0
11 0
11 0
11 0
11 0
11 0
11 0
11 0
11 0
11 0
11 0
11 0
11 0
11 0
11 0
11 0
E
S
H
72 14
51 7
48 4
51 4
55 4
54 7
43 4
48 4
51 4
55 4
54 7
45 4
51 4
54 4
55 4
54 4
48 4
43 4
48 4
51 4
55 4
54 4
53 4
44 4
51 4
50 4
47 4
48 4
51 4
55 4
57 14
72 14
51 7
48 4
51 4
55 4
54 7
43 4
48 4
51 4
55 4
54 7
45 4
51 4
54 4
55 4
54 4
48 4
43 4
48 4
51 4
55 4
53 4
51 7
50 4
46 7
50 4
48 7
43 4
41 7
46 4
39 7
38 7
36 14
72 7
42 7
39 4
42 4
46 4
45 7
34 4
39 4
42 4
46 4
45 7
36 4
42 4
45 4
46 4
45 4
39 4
34 4
39 4
42 4
46 4
45 4
44 4
35 4
42 4
41 4
38 4
39 4
42 4
46 4
48 14
72 14
42 7
39 4
42 4
46 4
45 7
34 4
39 4
42 4
46 4
45 7
36 4
42 4
45 4
46 4
45 4
39 4
34 4
39 4
42 4
46 4
44 4
42 7
41 4
37 7
41 4
39 7
34 4
32 7
37 4
30 7
29 7
27 14
72 14
51 7
48 4
51 4
55 4
54 7
43 4
48 4
51 4
55 4
54 7
45 4
51 4
54 4
55 4
54 4
48 4
43 4
48 4
51 4
55 4
54 4
53 4
44 4
51 4
50 4
47 4
48 4
51 4
55 4
57 14
72 14
51 7
48 4
51 4
55 4
54 7
43 4
48 4
51 4
55 4
54 7
45 4
51 4
54 4
55 4
54 4
48 4
43 4
48 4
51 4
55 4
53 4
51 7
50 4
46 7
50 4
48 7
43 4
41 7
46 4
39 7
38 7
36 14
72 7
42 7
39 4
42 4
46 4
45 7
34 4
39 4
42 4
46 4
45 7
36 4
42 4
45 4
46 4
45 4
39 4
34 4
39 4
42 4
46 4
45 4
44 4
35 4
42 4
41 4
38 4
39 4
42 4
46 4
48 14
72 14
42 7
39 4
42 4
46 4
45 7
34 4
39 4
42 4
46 4
45 7
36 4
42 4
45 4
46 4
45 4
39 4
34 4
39 4
42 4
46 4
44 4
42 7
41 4
37 7
41 4
39 7
34 4
32 7
37 4
30 7
29 7
27 14
E
S
H
72 14
42 11
72 13
42 11
72 14
42 11
72 13
42 11
E
S
L
72 14
26 7
72 14
26 7
26 7
72 14
26 7
72 14
26 7
26 7
E
S
L
72 14
235 14
235 14
72 14
235 14
235 14
E
S
L
72 14
165 14
72 14
165 14
E
X
