major
S
L
72 4
72 14
29 14
36 14
E
S
H
72 4
72 14
52 7
52 12
72 2
50 12
48 7
45 13
43 13
43 14
52 14
72 4
62 14
E
S
H
72 4
72 14
48 7
48 14
72 2
41 13
40 10
72 2
41 11
40 14
47 14
72 4
54 14
E
S
H
72 4
72 14
43 7
43 7
40 7
31 5
72 0
36 5
35 5
72 0
33 13
31 7
33 7
35 7
33 13
31 11
29 11
36 14
43 14
72 4
43 14
E
S
L
72 4
72 14
36 13
28 10
72 2
26 11
24 14
28 14
72 4
21 14
E
S
H
72 4
72 14
60 7
59 7
60 7
57 13
72 11
57 7
59 7
60 7
59 7
60 7
62 7
64 14
E
S
H
72 4
72 14
43 7
40 7
48 7
47 7
48 7
43 7
40 7
47 14
E
S
L
72 4
72 14
21 2
21 2
21 10
72 2
21 10
72 2
21 10
72 2
21 10
72 2
21 10
E
S
H
72 4
72 14
149 10
72 14
40 6
72 11
47 6
E
S
H
72 4
72 14
43 14
E
X
