minor
S
H
72 14
36 4
35 4
36 4
35 4
36 4
686 10
72 2
528 10
72 14
36 4
35 4
36 4
35 4
36 4
686 10
72 2
528 10
72 14
36 4
35 4
36 4
35 4
36 4
686 10
72 2
528 10
E
S
L
72 14
110 11
136 8
72 1
110 11
136 8
72 1
110 11
136 8
72 1
149 13
72 14
33 4
36 4
41 4
45 7
43 4
41 4
38 8
72 1
40 8
72 1
41 7
43 4
38 4
40 4
43 4
47 4
40 4
43 4
47 4
170 8
72 1
170 8
72 1
156 7
131 13
72 2
196 8
72 1
196 8
72 1
170 7
157 13
72 14
136 2
72 2
187 2
72 2
240 2
72 2
136 2
72 2
240 2
72 2
187 2
72 2
240 2
72 14
110 11
136 8
72 1
110 11
136 8
72 1
110 11
136 8
72 1
149 13
72 14
33 4
36 4
41 4
45 7
43 4
41 4
38 8
72 1
40 8
72 1
41 7
43 4
38 4
40 4
43 4
47 4
40 4
43 4
47 4
170 8
72 1
170 8
72 1
156 7
131 13
72 2
196 8
72 1
196 8
72 1
170 7
157 13
72 14
136 2
72 2
187 2
72 2
240 2
72 2
136 2
72 2
240 2
72 2
187 2
72 2
240 2
72 14
110 11
136 8
72 1
110 11
136 8
72 1
110 11
136 8
72 1
149 13
E
S
H
72 14
57 4
55 4
53 4
52 4
50 9
52 8
72 1
53 8
72 1
55 8
72 1
57 7
59 7
72 14
53 2
72 2
52 2
72 2
53 2
72 2
48 2
72 2
45 2
72 2
48 2
72 2
53 13
72 2
55 2
72 2
54 2
72 2
55 2
72 2
50 4
47 4
50 2
72 2
55 13
72 14
50 13
72 2
45 8
72 1
47 8
72 1
48 7
50 13
72 2
50 4
49 4
50 4
47 4
43 4
47 4
53 4
52 13
72 1
52 8
72 1
52 7
51 4
52 7
54 8
72 1
54 7
52 4
54 7
55 14
72 2
196 14
72 14
57 4
55 4
53 4
52 4
50 9
52 8
72 1
53 8
72 1
55 8
72 1
57 7
59 7
72 14
53 2
72 2
52 2
72 2
53 2
72 2
48 2
72 2
45 2
72 2
48 2
72 2
53 13
72 2
55 2
72 2
54 2
72 2
55 2
72 2
50 4
47 4
50 2
72 2
55 13
72 14
50 13
72 2
45 8
72 1
47 8
72 1
48 7
50 13
72 2
50 4
49 4
50 4
47 4
43 4
47 4
53 4
52 13
72 1
52 8
72 1
52 7
51 4
52 7
54 8
72 1
54 7
52 4
54 7
55 14
72 2
55 14
72 14
57 4
55 4
53 4
52 4
50 9
52 8
72 1
53 8
72 1
55 8
72 1
57 7
59 7
E
S
L
72 14
26 2
24 2
23 2
21 2
209 7
26 8
72 1
24 8
72 1
26 9
24 8
72 1
26 7
24 4
23 2
21 2
19 4
209 4
72 14
55 8
72 12
55 8
72 14
24 2
23 2
21 2
19 2
72 14
21 0
21 0
72 9
19 0
72 1
19 0
72 6
12 2
72 2
213 2
72 14
26 2
24 2
23 2
21 2
209 7
26 8
72 1
24 8
72 1
26 9
24 8
72 1
26 7
24 4
23 2
21 2
19 4
209 4
72 14
55 8
72 12
55 8
72 14
24 2
23 2
21 2
19 2
72 14
21 0
21 0
72 9
19 0
72 1
19 0
72 6
12 2
72 2
213 2
72 14
26 2
24 2
23 2
21 2
209 7
26 8
72 1
24 8
72 1
26 9
24 8
72 1
26 7
24 4
23 2
21 2
19 4
209 4
E
S
H
72 11
21 2
24 2
27 2
30 2
110 2
39 2
42 2
45 2
48 2
51 2
54 12
57 12
72 14
45 4
38 4
41 4
52 4
41 4
38 4
53 4
38 4
52 4
41 4
38 4
36 4
35 4
36 4
38 4
35 4
55 4
38 4
36 4
55 4
41 4
53 4
38 4
36 4
35 4
31 4
35 4
36 4
38 4
36 4
72 14
31 2
33 2
35 2
36 2
38 2
40 2
42 2
43 2
45 4
72 14
33 4
36 4
41 4
45 7
43 4
41 4
38 8
72 1
40 8
72 1
41 7
43 4
38 4
40 4
43 4
47 4
40 4
43 4
47 4
72 14
45 4
38 4
41 4
52 4
41 4
38 4
53 4
38 4
52 4
41 4
38 4
36 4
35 4
36 4
38 4
35 4
55 4
38 4
36 4
55 4
41 4
53 4
38 4
36 4
35 4
31 4
35 4
36 4
38 4
36 4
72 14
31 2
33 2
35 2
36 2
38 2
40 2
42 2
43 2
45 4
72 14
33 4
36 4
41 4
45 7
43 4
41 4
38 8
72 1
40 8
72 1
41 7
43 4
38 4
40 4
43 4
47 4
40 4
43 4
47 4
72 14
45 4
38 4
41 4
52 4
41 4
38 4
53 4
38 4
52 4
41 4
38 4
36 4
35 4
36 4
38 4
35 4
55 4
38 4
36 4
55 4
41 4
53 4
38 4
36 4
35 4
31 4
35 4
36 4
38 4
36 4
72 14
31 2
33 2
35 2
36 2
38 2
40 2
42 2
43 2
45 4
E
S
H
72 14
149 10
72 2
175 10
72 2
189 10
72 2
215 10
72 2
110 13
72 2
132 10
72 6
213 4
48 4
45 4
215 4
50 7
215 4
72 4
216 4
72 7
215 4
50 7
215 4
158 2
72 8
158 2
72 8
136 7
158 2
72 8
158 2
72 8
136 7
149 10
72 2
175 10
72 2
189 10
72 2
215 10
72 2
110 13
72 2
132 10
72 2
105 13
72 14
149 10
72 2
175 10
72 2
189 10
72 2
215 10
72 2
110 13
72 2
132 10
72 6
213 4
48 4
45 4
215 4
50 7
215 4
72 4
216 4
72 7
215 4
50 7
215 4
158 2
72 8
158 2
72 8
136 7
158 2
72 8
158 2
72 8
136 7
149 10
72 2
175 10
72 2
189 10
72 2
215 10
72 2
110 13
72 2
132 10
72 2
105 13
72 14
149 10
72 2
175 10
72 2
189 10
72 2
215 10
E
S
H
72 11
21 2
24 2
27 2
30 2
110 2
39 2
42 2
45 2
48 2
51 2
54 2
72 14
240 2
110 2
136 2
149 2
175 2
189 2
215 2
240 2
110 9
136 9
149 7
189 9
175 7
136 4
137 4
149 4
237 8
72 1
213 14
72 1
110 8
72 1
136 8
72 1
149 7
214 12
72 2
190 7
213 14
72 2
110 9
136 9
149 7
189 9
175 7
136 4
137 4
149 4
237 8
72 1
213 14
72 1
110 8
72 1
136 8
72 1
149 7
214 12
72 2
190 7
213 14
72 14
240 2
110 2
136 2
149 2
175 2
189 2
215 2
240 2
110 9
136 9
149 7
189 9
175 7
136 4
137 4
149 4
237 8
72 1
213 14
72 1
110 8
72 1
136 8
72 1
149 7
214 12
72 2
190 7
213 14
72 2
110 9
136 9
149 7
189 9
175 7
136 4
137 4
149 4
237 8
72 1
213 14
72 1
110 8
72 1
136 8
72 1
149 7
214 12
72 2
190 7
213 14
72 14
240 2
110 2
136 2
149 2
175 2
189 2
215 2
240 2
110 9
136 9
149 7
189 9
175 7
136 4
137 4
149 4
237 8
72 1
213 14
E
S
H
72 14
45 4
240 4
72 4
110 4
240 4
72 4
136 4
110 4
72 4
149 4
136 4
72 4
163 4
149 7
72 4
45 4
240 4
72 4
110 4
240 4
72 4
136 4
110 4
72 4
149 4
136 4
72 4
163 4
149 7
72 14
45 4
240 4
72 4
110 4
240 4
72 4
136 4
110 4
72 4
149 4
136 4
72 4
163 4
149 7
72 4
45 4
240 4
72 4
110 4
240 4
72 4
136 4
110 4
72 4
149 4
136 4
72 4
163 4
149 7
72 14
213 10
72 14
45 4
240 4
72 4
110 4
240 4
72 4
136 4
110 4
72 4
149 4
136 4
72 4
163 4
149 7
72 4
45 4
240 4
72 4
110 4
240 4
72 4
136 4
110 4
72 4
149 4
136 4
72 4
163 4
149 7
72 14
45 4
240 4
72 4
110 4
240 4
72 4
136 4
110 4
72 4
149 4
136 4
72 4
163 4
149 7
72 4
45 4
240 4
72 4
110 4
240 4
72 4
136 4
110 4
72 4
149 4
136 4
72 4
163 4
149 7
72 14
213 10
72 14
45 4
240 4
72 4
110 4
240 4
72 4
136 4
110 4
72 4
149 4
136 4
72 4
163 4
149 7
72 4
45 4
240 4
72 4
110 4
240 4
72 4
136 4
110 4
72 4
149 4
136 4
72 4
163 4
149 7
72 14
45 4
240 4
72 4
110 4
240 4
72 4
136 4
110 4
72 4
149 4
136 4
72 4
163 4
149 7
72 4
45 4
240 4
72 4
110 4
240 4
72 4
136 4
110 4
72 4
149 4
136 4
72 4
163 4
149 7
E
S
H
72 14
40 4
40 4
40 4
40 4
40 4
40 4
40 4
40 4
40 4
40 4
40 4
40 4
40 4
44 4
45 4
40 4
40 4
40 4
40 4
40 4
40 4
40 4
40 4
40 4
40 4
40 4
40 4
40 4
40 4
44 4
45 4
40 4
72 14
101 8
72 1
244 8
72 1
218 9
153 8
72 1
101 10
72 14
40 4
40 4
40 4
40 4
40 4
40 4
40 4
40 4
40 4
40 4
40 4
40 4
40 4
44 4
45 4
40 4
40 4
40 4
40 4
40 4
40 4
40 4
40 4
40 4
40 4
40 4
40 4
40 4
40 4
44 4
45 4
40 4
72 14
101 8
72 1
244 8
72 1
218 9
153 8
72 1
101 10
72 14
40 4
40 4
40 4
40 4
40 4
40 4
40 4
40 4
40 4
40 4
40 4
40 4
40 4
44 4
45 4
40 4
40 4
40 4
40 4
40 4
40 4
40 4
40 4
40 4
40 4
40 4
40 4
40 4
40 4
44 4
45 4
40 4
E
X
