major
S
H
72 14
48 4
41 4
49 4
41 4
46 4
41 4
48 4
41 4
44 4
41 4
46 4
41 4
42 4
41 4
44 4
41 4
42 4
41 4
46 4
41 4
48 4
41 4
49 4
41 4
48 4
41 4
49 4
41 4
46 4
41 4
48 4
41 4
44 4
41 4
46 4
41 4
42 4
41 4
44 4
41 4
42 4
41 4
46 4
41 4
48 4
41 4
49 4
41 4
48 4
41 4
49 4
41 4
46 4
41 4
48 4
41 4
44 4
41 4
46 4
41 4
42 4
41 4
44 4
41 4
42 4
41 4
46 4
41 4
48 4
41 4
49 4
41 4
48 4
41 4
49 4
41 4
46 4
41 4
48 4
41 4
44 4
41 4
46 4
41 4
42 4
41 4
44 4
41 4
42 4
41 4
46 4
41 4
48 4
41 4
49 4
41 4
34 7
39 7
43 7
44 7
46 7
51 7
51 7
49 7
47 7
46 7
44 7
42 7
42 7
45 7
49 7
50 7
54 7
57 7
56 7
52 7
47 7
42 7
39 7
35 7
35 12
E
S
H
72 14
54 4
46 4
54 4
46 4
53 4
46 4
54 4
46 4
54 4
46 4
53 4
46 4
49 4
46 4
53 4
46 4
54 4
46 4
53 4
46 4
53 4
46 4
54 4
46 4
54 4
46 4
54 4
46 4
53 4
46 4
54 4
46 4
54 4
46 4
53 4
46 4
49 4
46 4
53 4
46 4
54 4
46 4
53 4
46 4
53 4
46 4
54 4
46 4
54 4
46 4
54 4
46 4
53 4
46 4
54 4
46 4
54 4
46 4
53 4
46 4
49 4
46 4
53 4
46 4
54 4
46 4
53 4
46 4
53 4
46 4
54 4
46 4
54 4
46 4
54 4
46 4
53 4
46 4
54 4
46 4
54 4
46 4
53 4
46 4
49 4
46 4
53 4
46 4
54 4
46 4
53 4
46 4
53 4
46 4
54 4
46 4
E
S
H
72 14
37 7
42 7
41 4
39 4
44 11
42 4
44 4
46 7
44 7
42 4
46 4
48 7
49 7
51 7
53 12
72 13
41 7
42 7
49 7
48 4
49 4
48 4
46 4
51 11
72 4
49 4
48 4
49 7
51 7
44 7
53 12
E
S
H
72 14
65 2
72 2
70 2
72 2
68 2
72 2
70 2
72 2
66 2
72 2
70 2
72 2
65 2
72 2
70 2
72 2
68 2
72 2
70 2
72 2
66 2
72 2
70 2
72 2
65 2
72 2
70 2
72 2
68 2
72 2
70 2
72 2
66 2
72 2
70 2
72 2
65 2
72 2
70 2
72 2
68 2
72 2
70 2
72 2
66 2
72 2
70 2
72 2
65 2
72 2
70 2
72 2
68 2
72 2
70 2
72 2
66 2
72 2
70 2
72 2
65 2
72 2
70 2
72 2
68 2
72 2
70 2
72 2
66 2
72 2
70 2
72 2
65 2
72 2
70 2
72 2
68 2
72 2
70 2
72 2
66 2
72 2
70 2
72 2
61 2
72 2
66 2
72 2
64 2
72 2
66 2
72 2
62 2
72 2
66 2
72 2
61 2
72 2
66 2
72 2
64 2
72 2
66 2
72 2
62 2
72 2
66 2
72 2
61 2
72 2
66 2
72 2
64 2
72 2
66 2
72 2
62 2
72 2
66 2
72 2
61 2
72 2
66 2
72 2
64 2
72 2
66 2
72 2
62 2
72 2
66 2
72 2
61 2
72 2
66 2
72 2
64 2
72 2
66 2
72 2
62 2
72 2
66 2
72 2
61 2
72 2
66 2
72 2
64 2
72 2
66 2
72 2
62 2
72 2
66 2
72 2
71 2
72 2
64 2
72 2
62 2
72 2
64 2
72 2
60 2
72 2
64 2
72 2
71 2
72 2
64 2
72 2
62 2
72 2
64 2
72 2
60 2
72 2
64 2
72 2
65 2
72 2
70 2
72 2
68 2
72 2
70 2
72 2
66 2
72 2
70 2
72 2
65 2
72 2
70 2
72 2
68 2
72 2
70 2
72 2
66 2
72 2
70 2
72 2
65 2
72 2
70 2
72 2
68 2
72 2
70 2
72 2
66 2
72 2
70 2
72 2
65 2
72 2
70 2
72 2
68 2
72 2
70 2
72 2
66 2
72 2
70 2
72 2
61 2
72 2
66 2
72 2
65 2
72 2
66 2
72 2
63 2
72 2
66 2
72 2
61 2
72 2
66 2
72 2
65 2
72 2
66 2
72 2
63 2
72 2
66 2
72 2
61 2
72 2
66 2
72 2
65 2
72 2
66 2
72 2
63 2
72 2
66 2
72 2
61 2
72 2
66 2
72 2
65 2
72 2
66 2
72 2
63 2
72 2
66 2
72 2
65 2
72 2
70 2
72 2
68 2
72 2
70 2
72 2
66 2
72 2
70 2
72 2
65 2
72 2
70 2
72 2
68 2
72 2
70 2
72 2
66 2
72 2
70 2
72 2
65 2
72 2
70 2
72 2
68 2
72 2
70 2
72 2
66 2
72 2
70 2
72 2
65 2
72 2
70 2
72 2
68 2
72 2
70 2
72 2
66 2
72 2
70 2
72 2
61 2
72 2
66 2
72 2
65 2
72 2
66 2
72 2
63 2
72 2
66 2
72 2
61 2
72 2
66 2
72 2
65 2
72 2
66 2
72 2
63 2
72 2
66 2
72 2
61 2
72 2
66 2
72 2
65 2
72 2
66 2
72 2
63 2
72 2
66 2
72 2
61 2
72 2
66 2
72 2
65 2
72 2
66 2
72 2
63 2
72 2
66 2
E
S
H
72 14
47 7
47 7
47 7
46 13
72 14
47 7
47 7
47 7
46 13
72 11
58 7
E
S
L
72 14
20 4
20 2
25 2
20 4
25 4
20 2
20 4
20 2
13 12
72 14
22 13
72 14
13 4
13 2
18 2
13 4
18 4
13 2
13 4
13 2
18 12
72 14
22 13
E
S
H
72 14
67 2
63 2
58 2
55 2
51 2
46 2
43 2
39 2
34 2
43 2
39 2
34 2
31 2
34 2
39 2
43 2
46 2
34 2
39 2
43 2
46 2
51 2
55 2
58 2
66 2
63 2
59 2
54 2
51 2
47 2
42 2
39 2
35 2
42 2
39 2
35 2
32 2
35 2
39 2
42 2
47 2
35 2
39 2
40 2
42 2
47 2
51 2
52 2
66 2
61 2
57 2
54 2
49 2
45 2
42 2
37 2
33 2
42 2
37 2
33 2
30 2
33 2
37 2
42 2
45 2
37 2
38 2
42 2
45 2
49 2
50 2
54 2
66 2
63 2
59 2
54 2
51 2
47 2
42 2
39 2
35 2
42 2
39 2
35 2
30 2
35 2
39 2
44 2
35 2
39 2
42 2
39 2
44 2
47 2
51 2
52 2
66 2
65 2
63 2
59 2
54 2
53 2
51 2
47 2
42 2
41 2
39 2
35 2
23 2
27 2
29 2
31 2
35 2
39 2
41 2
43 2
47 2
51 2
53 2
55 2
E
S
H
72 13
963 12
675 12
72 14
1302 12
175 12
1302 12
175 12
1302 12
214 12
240 12
120 12
72 13
1592 12
1304 12
72 14
359 12
240 12
359 12
240 12
359 12
135 12
149 12
173 12
51 11
63 11
61 4
60 4
58 4
56 7
53 7
60 11
61 7
56 7
58 13
51 12
56 12
61 7
58 7
63 11
61 4
60 4
61 11
58 7
63 11
61 7
63 7
65 7
58 13
56 12
58 12
188 12
228 12
148 12
201 12
175 12
134 12
160 12
176 12
240 13
E
S
L
72 14
10 14
6 14
10 14
6 14
17 13
16 12
4 12
14 13
25 12
13 12
148 13
E
S
L
72 14
25 13
72 14
25 13
72 14
25 13
72 14
0 12
E
X
