major
S
H
58 2
72 4
58 2
72 0
55 2
72 0
58 2
72 0
58 2
72 0
58 2
72 4
58 2
72 0
55 2
72 0
58 2
72 0
58 2
72 0
58 2
72 4
58 2
72 0
55 2
72 0
58 2
72 0
58 2
72 0
58 2
72 0
56 2
72 0
58 2
72 0
61 2
72 0
65 2
72 0
68 2
72 0
58 2
72 4
58 2
72 0
55 2
72 0
58 2
72 0
58 2
72 0
58 2
72 0
56 2
72 0
58 2
72 0
61 2
72 0
65 2
72 0
68 2
72 0
62 2
72 0
66 2
72 0
69 2
72 0
62 2
72 0
62 2
72 0
69 2
72 0
64 2
72 0
68 2
72 0
64 2
72 0
59 2
72 0
64 2
72 0
64 2
72 0
58 2
72 4
58 2
72 0
55 2
72 0
58 2
72 0
58 2
72 0
58 2
72 4
58 2
72 0
55 2
72 0
58 2
72 0
58 2
72 0
58 2
72 4
58 2
72 0
55 2
72 0
58 2
72 0
58 2
72 0
58 2
72 0
56 2
72 0
58 2
72 0
61 2
72 0
65 2
72 0
68 2
72 0
58 2
72 4
58 2
72 0
55 2
72 0
58 2
72 0
58 2
72 0
58 2
72 0
56 2
72 0
58 2
72 0
61 2
72 0
65 2
72 0
68 2
72 0
62 2
72 0
66 2
72 0
69 2
72 0
62 2
72 0
62 2
72 0
69 2
72 0
64 2
72 0
68 2
72 0
64 2
72 0
59 2
72 0
64 2
72 0
64 2
72 0
60 2
72 4
60 2
72 0
57 2
72 0
60 2
72 0
60 2
72 0
60 2
72 4
60 2
72 0
57 2
72 0
60 2
72 0
60 2
72 0
60 2
72 4
60 2
72 0
57 2
72 0
60 2
72 0
60 2
72 0
60 2
72 0
58 2
72 0
60 2
72 0
63 2
72 0
67 2
72 0
70 2
72 0
60 2
72 4
60 2
72 0
57 2
72 0
60 2
72 0
60 2
72 0
60 2
72 0
58 2
72 0
60 2
72 0
63 2
72 0
67 2
72 0
70 2
72 0
64 2
72 0
68 2
72 0
71 2
72 0
64 2
72 0
64 2
72 0
71 2
72 0
66 2
72 0
70 2
72 0
66 2
72 0
61 2
72 0
66 2
72 0
66 2
72 0
60 2
72 4
60 2
72 0
57 2
72 0
60 2
72 0
60 2
72 0
60 2
72 4
60 2
72 0
57 2
72 0
60 2
72 0
60 2
72 0
60 2
72 4
60 2
72 0
57 2
72 0
60 2
72 0
60 2
72 0
60 2
72 0
58 2
72 0
60 2
72 0
63 2
72 0
67 2
72 0
70 2
72 0
60 2
72 4
60 2
72 0
57 2
72 0
60 2
72 0
60 2
72 0
60 2
72 0
58 2
72 0
60 2
72 0
63 2
72 0
67 2
72 0
70 2
72 0
64 2
72 0
68 2
72 0
71 2
72 0
64 2
72 0
64 2
72 0
71 2
72 0
66 2
72 0
70 2
72 0
66 2
72 0
61 2
72 0
66 2
72 0
66 2
72 14
45 2
72 6
50 7
57 7
56 7
60 13
162 2
72 4
162 2
72 4
162 2
72 0
162 2
72 0
162 2
72 4
162 2
72 4
162 2
72 0
162 2
72 0
162 2
72 4
162 2
72 4
162 2
72 0
162 2
72 0
213 2
72 0
213 2
72 0
213 2
72 0
239 2
72 0
239 2
72 0
239 2
72 0
150 2
72 4
150 2
72 4
150 2
72 0
150 2
72 0
176 2
72 0
176 2
72 0
176 2
72 0
176 2
72 0
176 2
72 0
176 2
72 0
202 2
72 4
202 2
72 4
202 2
72 0
202 2
72 0
1473 2
72 0
215 2
72 0
215 2
72 0
1823 2
72 0
241 2
72 0
241 2
72 0
162 2
72 4
162 2
72 4
162 2
72 0
162 2
72 0
162 2
72 4
162 2
72 4
162 2
72 0
162 2
72 0
162 2
72 4
162 2
72 4
162 2
72 0
162 2
72 0
213 2
72 0
213 2
72 0
213 2
72 0
239 2
72 0
239 2
72 0
239 2
72 0
150 2
72 4
150 2
72 4
150 2
72 0
150 2
72 0
176 2
72 0
176 2
72 0
176 2
72 0
176 2
72 0
176 2
72 0
176 2
72 0
202 2
72 4
202 2
72 4
202 2
72 0
202 2
72 0
1077 2
72 0
215 2
72 0
215 2
72 0
1823 2
72 0
241 2
72 0
241 2
72 0
56 2
72 14
134 2
72 14
120 2
72 6
238 2
72 14
200 2
72 14
239 2
72 4
239 2
72 0
239 2
72 0
239 2
72 0
239 2
72 0
239 2
72 4
239 2
72 0
239 6
72 2
239 2
72 4
239 2
72 0
239 6
72 2
239 2
72 4
239 2
72 0
239 6
72 2
239 2
72 4
239 2
72 0
239 2
72 0
239 2
72 0
239 2
72 0
239 2
72 4
239 2
72 0
239 6
72 2
239 2
72 4
239 2
72 0
239 6
72 2
239 2
72 4
239 2
72 0
239 6
72 2
174 2
72 4
174 2
72 0
174 2
72 0
174 2
72 0
174 2
72 0
174 2
72 4
174 2
72 0
174 6
72 2
174 2
72 4
174 2
72 0
174 6
72 2
174 2
72 4
174 2
72 0
174 6
72 2
174 2
72 4
174 2
72 0
174 2
72 0
174 2
72 0
174 2
72 0
174 2
72 4
174 2
72 0
174 6
72 2
174 2
72 4
174 2
72 0
174 6
72 2
174 2
72 4
174 2
72 0
174 6
72 2
200 2
72 4
200 2
72 0
200 2
72 0
200 2
72 0
200 2
72 0
200 2
72 4
200 2
72 0
200 6
72 2
200 2
72 4
200 2
72 0
200 6
72 2
200 2
72 4
200 2
72 0
200 6
72 2
200 2
72 4
200 2
72 0
200 2
72 0
200 2
72 0
200 2
72 0
200 2
72 4
200 2
72 0
200 6
72 2
200 2
72 4
200 2
72 0
200 6
72 2
200 2
72 4
200 2
72 0
200 6
72 2
147 2
72 4
147 2
72 0
147 2
72 0
147 2
72 0
147 2
72 0
147 2
72 4
147 2
72 0
147 6
72 2
147 2
72 4
147 2
72 0
147 6
72 2
147 2
72 4
147 2
72 0
161 6
72 2
160 2
72 4
160 2
72 0
160 2
72 0
160 2
72 0
160 2
72 0
160 2
72 4
160 2
72 0
160 6
72 2
160 2
72 4
160 2
72 0
160 6
72 2
160 2
72 4
160 2
72 0
160 6
72 2
58 2
72 4
58 2
72 0
55 2
72 0
58 2
72 0
58 2
72 0
58 2
72 4
58 2
72 0
55 2
72 0
58 2
72 0
58 2
72 0
58 2
72 4
58 2
72 0
55 2
72 0
58 2
72 0
58 2
72 0
58 2
72 0
56 2
72 0
58 2
72 0
61 2
72 0
65 2
72 0
68 2
72 0
58 2
72 4
58 2
72 0
55 2
72 0
58 2
72 0
58 2
72 0
58 2
72 0
56 2
72 0
58 2
72 0
61 2
72 0
65 2
72 0
68 2
72 0
62 2
72 0
66 2
72 0
69 2
72 0
62 2
72 0
62 2
72 0
69 2
72 0
64 2
72 0
68 2
72 0
64 2
72 0
59 2
72 0
64 2
72 0
64 2
72 0
58 2
72 4
58 2
72 0
55 2
72 0
58 2
72 0
58 2
72 0
58 2
72 4
58 2
72 0
55 2
72 0
58 2
72 0
58 2
72 0
58 2
72 4
58 2
72 0
55 2
72 0
58 2
72 0
58 2
72 0
58 2
72 0
56 2
72 0
58 2
72 0
61 2
72 0
65 2
72 0
68 2
72 0
58 2
72 4
58 2
72 0
55 2
72 0
58 2
72 0
58 2
72 0
58 2
72 0
56 2
72 0
58 2
72 0
61 2
72 0
65 2
72 0
68 2
72 0
62 2
72 0
66 2
72 0
69 2
72 0
62 2
72 0
62 2
72 0
69 2
72 0
64 2
72 0
68 2
72 0
64 2
72 0
59 2
72 0
64 2
72 0
64 2
72 0
60 2
72 4
60 2
72 0
57 2
72 0
60 2
72 0
60 2
72 0
60 2
72 4
60 2
72 0
57 2
72 0
60 2
72 0
60 2
72 0
60 2
72 4
60 2
72 0
57 2
72 0
60 2
72 0
60 2
72 0
60 2
72 0
58 2
72 0
60 2
72 0
63 2
72 0
67 2
72 0
70 2
72 0
60 2
72 4
60 2
72 0
57 2
72 0
60 2
72 0
60 2
72 0
60 2
72 0
58 2
72 0
60 2
72 0
63 2
72 0
67 2
72 0
70 2
72 0
64 2
72 0
68 2
72 0
71 2
72 0
64 2
72 0
64 2
72 0
71 2
72 0
66 2
72 0
70 2
72 0
66 2
72 0
61 2
72 0
66 2
72 0
66 2
72 0
60 2
72 4
60 2
72 0
57 2
72 0
60 2
72 0
60 2
72 0
60 2
72 4
60 2
72 0
57 2
72 0
60 2
72 0
60 2
72 0
60 2
72 4
60 2
72 0
57 2
72 0
60 2
72 0
60 2
72 0
60 2
72 0
58 2
72 0
60 2
72 0
63 2
72 0
67 2
72 0
70 2
72 0
60 2
72 4
60 2
72 0
57 2
72 0
60 2
72 0
60 2
72 0
60 2
72 0
58 2
72 0
60 2
72 0
63 2
72 0
67 2
72 0
70 2
72 0
64 2
72 0
68 2
72 0
71 2
72 0
64 2
72 0
64 2
72 0
71 2
72 0
66 2
72 0
70 2
72 0
66 2
72 0
61 2
72 0
66 2
72 0
66 2
72 14
45 2
72 6
50 7
57 7
56 7
60 13
162 2
72 4
162 2
72 4
162 2
72 0
162 2
72 0
162 2
72 4
162 2
72 4
162 2
72 0
162 2
72 0
162 2
72 4
162 2
72 4
162 2
72 0
162 2
72 0
213 2
72 0
213 2
72 0
213 2
72 0
239 2
72 0
239 2
72 0
239 2
72 0
150 2
72 4
150 2
72 4
150 2
72 0
150 2
72 0
176 2
72 0
176 2
72 0
176 2
72 0
176 2
72 0
176 2
72 0
176 2
72 0
202 2
72 4
202 2
72 4
202 2
72 0
202 2
72 0
1473 2
72 0
215 2
72 0
215 2
72 0
1823 2
72 0
241 2
72 0
241 2
72 0
162 2
72 4
162 2
72 4
162 2
72 0
162 2
72 0
162 2
72 4
162 2
72 4
162 2
72 0
162 2
72 0
162 2
72 4
162 2
72 4
162 2
72 0
162 2
72 0
213 2
72 0
213 2
72 0
213 2
72 0
239 2
72 0
239 2
72 0
239 2
72 0
150 2
72 4
150 2
72 4
150 2
72 0
150 2
72 0
176 2
72 0
176 2
72 0
176 2
72 0
176 2
72 0
176 2
72 0
176 2
72 0
202 2
72 4
202 2
72 4
202 2
72 0
202 2
72 0
1077 2
72 0
215 2
72 0
215 2
72 0
1823 2
72 0
241 2
72 0
241 2
72 0
56 2
72 14
134 2
72 14
120 2
72 6
238 2
72 14
200 2
72 14
239 2
72 4
239 2
72 0
239 2
72 0
239 2
72 0
239 2
72 0
239 2
72 4
239 2
72 0
239 6
72 2
239 2
72 4
239 2
72 0
239 6
72 2
239 2
72 4
239 2
72 0
239 6
72 2
239 2
72 4
239 2
72 0
239 2
72 0
239 2
72 0
239 2
72 0
239 2
72 4
239 2
72 0
239 6
72 2
239 2
72 4
239 2
72 0
239 6
72 2
239 2
72 4
239 2
72 0
239 6
72 2
174 2
72 4
174 2
72 0
174 2
72 0
174 2
72 0
174 2
72 0
174 2
72 4
174 2
72 0
174 6
72 2
174 2
72 4
174 2
72 0
174 6
72 2
174 2
72 4
174 2
72 0
174 6
72 2
174 2
72 4
174 2
72 0
174 2
72 0
174 2
72 0
174 2
72 0
174 2
72 4
174 2
72 0
174 6
72 2
174 2
72 4
174 2
72 0
174 6
72 2
174 2
72 4
174 2
72 0
174 6
72 2
200 2
72 4
200 2
72 0
200 2
72 0
200 2
72 0
200 2
72 0
200 2
72 4
200 2
72 0
200 6
72 2
200 2
72 4
200 2
72 0
200 6
72 2
200 2
72 4
200 2
72 0
200 6
72 2
200 2
72 4
200 2
72 0
200 2
72 0
200 2
72 0
200 2
72 0
200 2
72 4
200 2
72 0
200 6
72 2
200 2
72 4
200 2
72 0
200 6
72 2
200 2
72 4
200 2
72 0
200 6
72 2
147 2
72 4
147 2
72 0
147 2
72 0
147 2
72 0
147 2
72 0
147 2
72 4
147 2
72 0
147 6
72 2
147 2
72 4
147 2
72 0
147 6
72 2
147 2
72 4
147 2
72 0
161 6
72 2
160 2
72 4
160 2
72 0
160 2
72 0
160 2
72 0
160 2
72 0
160 2
72 4
160 2
72 0
160 6
72 2
160 2
72 4
160 2
72 0
160 6
72 2
160 2
72 4
160 2
72 0
160 6
E
S
H
55 2
72 4
55 2
72 4
56 2
72 0
55 2
72 0
55 2
72 4
55 2
72 4
56 2
72 0
55 2
72 0
55 2
72 4
55 2
72 4
56 2
72 0
55 2
72 0
54 2
72 0
51 2
72 0
54 2
72 0
56 2
72 0
61 2
72 0
65 2
72 0
55 2
72 4
55 2
72 4
56 2
72 0
55 2
72 0
54 2
72 0
51 2
72 0
54 2
72 0
56 2
72 0
61 2
72 0
65 2
72 0
57 2
72 0
62 2
72 0
66 2
72 0
57 2
72 0
57 2
72 0
66 2
72 0
59 2
72 0
64 2
72 0
59 2
72 0
56 2
72 0
59 2
72 0
59 2
72 0
55 2
72 4
55 2
72 4
56 2
72 0
55 2
72 0
55 2
72 4
55 2
72 4
56 2
72 0
55 2
72 0
55 2
72 4
55 2
72 4
56 2
72 0
55 2
72 0
54 2
72 0
51 2
72 0
54 2
72 0
56 2
72 0
61 2
72 0
65 2
72 0
55 2
72 4
55 2
72 4
56 2
72 0
55 2
72 0
54 2
72 0
51 2
72 0
54 2
72 0
56 2
72 0
61 2
72 0
65 2
72 0
57 2
72 0
62 2
72 0
66 2
72 0
57 2
72 0
57 2
72 0
66 2
72 0
59 2
72 0
64 2
72 0
59 2
72 0
56 2
72 0
59 2
72 0
59 2
72 0
57 2
72 4
57 2
72 4
58 2
72 0
57 2
72 0
57 2
72 4
57 2
72 4
58 2
72 0
57 2
72 0
57 2
72 4
57 2
72 4
58 2
72 0
57 2
72 0
56 2
72 0
53 2
72 0
56 2
72 0
58 2
72 0
63 2
72 0
67 2
72 0
57 2
72 4
57 2
72 4
58 2
72 0
57 2
72 0
56 2
72 0
53 2
72 0
56 2
72 0
58 2
72 0
63 2
72 0
67 2
72 0
59 2
72 0
64 2
72 0
68 2
72 0
59 2
72 0
59 2
72 0
68 2
72 0
61 2
72 0
66 2
72 0
61 2
72 0
58 2
72 0
61 2
72 0
61 2
72 0
57 2
72 4
57 2
72 4
58 2
72 0
57 2
72 0
57 2
72 4
57 2
72 4
58 2
72 0
57 2
72 0
57 2
72 4
57 2
72 4
58 2
72 0
57 2
72 0
56 2
72 0
53 2
72 0
56 2
72 0
58 2
72 0
63 2
72 0
67 2
72 0
57 2
72 4
57 2
72 4
58 2
72 0
57 2
72 0
56 2
72 0
53 2
72 0
56 2
72 0
58 2
72 0
63 2
72 0
67 2
72 0
59 2
72 0
64 2
72 0
68 2
72 0
59 2
72 0
59 2
72 0
68 2
72 0
61 2
72 0
66 2
72 0
61 2
72 0
58 2
72 0
61 2
72 0
61 2
72 0
123 2
72 4
227 2
72 0
227 2
72 4
137 2
72 0
137 2
72 4
123 2
72 0
123 3
109 3
227 2
72 0
119 2
72 4
224 2
72 0
224 2
72 4
145 2
72 0
145 2
72 4
119 2
72 0
119 3
106 3
224 2
72 14
60 2
72 4
55 3
48 3
54 3
55 3
60 2
72 4
55 3
48 3
54 3
55 3
60 2
72 4
55 3
48 3
54 3
55 3
60 2
72 4
55 3
48 3
54 3
55 3
60 2
72 4
67 3
60 3
66 3
67 3
60 2
72 4
67 3
60 3
66 3
67 3
60 2
72 14
54 2
72 4
54 2
72 0
54 7
56 2
72 4
56 2
72 0
56 7
57 2
72 4
57 2
72 0
57 7
59 2
72 4
59 2
72 0
59 7
60 2
72 4
60 2
72 4
60 2
72 0
60 2
72 0
62 2
72 4
62 2
72 0
62 7
63 2
72 4
63 2
72 0
63 7
65 2
72 4
65 2
72 0
65 7
72 7
38 7
45 7
44 7
48 13
72 14
162 2
72 4
162 2
72 4
162 2
72 0
162 2
72 0
162 2
72 4
162 2
72 4
162 2
72 0
162 2
72 0
162 2
72 4
162 2
72 4
162 2
72 0
162 2
72 0
213 2
72 0
213 2
72 0
213 2
72 0
239 2
72 0
239 2
72 0
239 2
72 0
150 2
72 4
150 2
72 4
150 2
72 0
150 2
72 0
176 2
72 0
176 2
72 0
176 2
72 0
176 2
72 0
176 2
72 0
176 2
72 0
202 2
72 4
202 2
72 4
202 2
72 0
202 2
72 0
1473 2
72 0
215 2
72 0
215 2
72 0
1823 2
72 0
241 2
72 0
241 2
72 14
41 3
47 3
53 3
59 3
53 3
47 3
72 7
134 2
72 12
53 3
47 3
53 3
41 6
72 2
62 3
56 3
50 3
44 6
72 8
65 3
59 3
53 3
47 3
53 3
59 3
65 3
72 5
68 3
62 3
56 3
50 3
44 3
38 3
52 3
58 3
64 3
58 3
64 3
58 3
72 14
55 2
72 4
55 2
72 4
56 2
72 0
55 2
72 0
55 2
72 4
55 2
72 4
56 2
72 0
55 2
72 0
55 2
72 4
55 2
72 4
56 2
72 0
55 2
72 0
54 2
72 0
51 2
72 0
54 2
72 0
56 2
72 0
61 2
72 0
65 2
72 0
55 2
72 4
55 2
72 4
56 2
72 0
55 2
72 0
54 2
72 0
51 2
72 0
54 2
72 0
56 2
72 0
61 2
72 0
65 2
72 0
57 2
72 0
62 2
72 0
66 2
72 0
57 2
72 0
57 2
72 0
66 2
72 0
59 2
72 0
64 2
72 0
59 2
72 0
56 2
72 0
59 2
72 0
59 2
72 0
55 2
72 4
55 2
72 4
56 2
72 0
55 2
72 0
55 2
72 4
55 2
72 4
56 2
72 0
55 2
72 0
55 2
72 4
55 2
72 4
56 2
72 0
55 2
72 0
54 2
72 0
51 2
72 0
54 2
72 0
56 2
72 0
61 2
72 0
65 2
72 0
55 2
72 4
55 2
72 4
56 2
72 0
55 2
72 0
54 2
72 0
51 2
72 0
54 2
72 0
56 2
72 0
61 2
72 0
65 2
72 0
57 2
72 0
62 2
72 0
66 2
72 0
57 2
72 0
57 2
72 0
66 2
72 0
59 2
72 0
64 2
72 0
59 2
72 0
56 2
72 0
59 2
72 0
59 2
72 0
57 2
72 4
57 2
72 4
58 2
72 0
57 2
72 0
57 2
72 4
57 2
72 4
58 2
72 0
57 2
72 0
57 2
72 4
57 2
72 4
58 2
72 0
57 2
72 0
56 2
72 0
53 2
72 0
56 2
72 0
58 2
72 0
63 2
72 0
67 2
72 0
57 2
72 4
57 2
72 4
58 2
72 0
57 2
72 0
56 2
72 0
53 2
72 0
56 2
72 0
58 2
72 0
63 2
72 0
67 2
72 0
59 2
72 0
64 2
72 0
68 2
72 0
59 2
72 0
59 2
72 0
68 2
72 0
61 2
72 0
66 2
72 0
61 2
72 0
58 2
72 0
61 2
72 0
61 2
72 0
57 2
72 4
57 2
72 4
58 2
72 0
57 2
72 0
57 2
72 4
57 2
72 4
58 2
72 0
57 2
72 0
57 2
72 4
57 2
72 4
58 2
72 0
57 2
72 0
56 2
72 0
53 2
72 0
56 2
72 0
58 2
72 0
63 2
72 0
67 2
72 0
57 2
72 4
57 2
72 4
58 2
72 0
57 2
72 0
56 2
72 0
53 2
72 0
56 2
72 0
58 2
72 0
63 2
72 0
67 2
72 0
59 2
72 0
64 2
72 0
68 2
72 0
59 2
72 0
59 2
72 0
68 2
72 0
61 2
72 0
66 2
72 0
61 2
72 0
58 2
72 0
61 2
72 0
61 2
72 0
123 2
72 4
227 2
72 0
227 2
72 4
137 2
72 0
137 2
72 4
123 2
72 0
123 3
109 3
227 2
72 0
119 2
72 4
224 2
72 0
224 2
72 4
145 2
72 0
145 2
72 4
119 2
72 0
119 3
106 3
224 2
72 14
60 2
72 4
55 3
48 3
54 3
55 3
60 2
72 4
55 3
48 3
54 3
55 3
60 2
72 4
55 3
48 3
54 3
55 3
60 2
72 4
55 3
48 3
54 3
55 3
60 2
72 4
67 3
60 3
66 3
67 3
60 2
72 4
67 3
60 3
66 3
67 3
60 2
72 14
54 2
72 4
54 2
72 0
54 7
56 2
72 4
56 2
72 0
56 7
57 2
72 4
57 2
72 0
57 7
59 2
72 4
59 2
72 0
59 7
60 2
72 4
60 2
72 4
60 2
72 0
60 2
72 0
62 2
72 4
62 2
72 0
62 7
63 2
72 4
63 2
72 0
63 7
65 2
72 4
65 2
72 0
65 7
72 7
38 7
45 7
44 7
48 13
72 14
162 2
72 4
162 2
72 4
162 2
72 0
162 2
72 0
162 2
72 4
162 2
72 4
162 2
72 0
162 2
72 0
162 2
72 4
162 2
72 4
162 2
72 0
162 2
72 0
213 2
72 0
213 2
72 0
213 2
72 0
239 2
72 0
239 2
72 0
239 2
72 0
150 2
72 4
150 2
72 4
150 2
72 0
150 2
72 0
176 2
72 0
176 2
72 0
176 2
72 0
176 2
72 0
176 2
72 0
176 2
72 0
202 2
72 4
202 2
72 4
202 2
72 0
202 2
72 0
1473 2
72 0
215 2
72 0
215 2
72 0
1823 2
72 0
241 2
72 0
241 2
72 14
41 3
47 3
53 3
59 3
53 3
47 3
72 7
134 2
72 12
53 3
47 3
53 3
41 6
72 2
62 3
56 3
50 3
44 6
72 8
65 3
59 3
53 3
47 3
53 3
59 3
65 3
72 5
68 3
62 3
56 3
50 3
44 3
38 3
52 3
58 3
64 3
58 3
64 3
58 3
E
S
H
51 2
72 4
51 2
72 4
51 2
72 0
51 2
72 0
51 2
72 4
51 2
72 4
51 2
72 0
51 2
72 0
51 2
72 4
51 2
72 4
51 2
72 0
51 2
72 0
49 2
72 0
47 2
72 0
49 2
72 0
53 2
72 0
56 2
72 0
61 2
72 0
51 2
72 4
51 2
72 4
51 2
72 0
51 2
72 0
49 2
72 0
47 2
72 0
49 2
72 0
53 2
72 0
56 2
72 0
61 2
72 0
54 2
72 0
54 2
72 0
54 2
72 0
54 2
72 0
54 2
72 0
54 2
72 0
56 2
72 0
56 2
72 0
56 2
72 0
52 2
72 0
56 2
72 0
56 2
72 0
51 2
72 4
51 2
72 4
51 2
72 0
51 2
72 0
51 2
72 4
51 2
72 4
51 2
72 0
51 2
72 0
51 2
72 4
51 2
72 4
51 2
72 0
51 2
72 0
49 2
72 0
47 2
72 0
49 2
72 0
53 2
72 0
56 2
72 0
61 2
72 0
51 2
72 4
51 2
72 4
51 2
72 0
51 2
72 0
49 2
72 0
47 2
72 0
49 2
72 0
53 2
72 0
56 2
72 0
61 2
72 0
54 2
72 0
54 2
72 0
54 2
72 0
54 2
72 0
54 2
72 0
54 2
72 0
56 2
72 0
56 2
72 0
56 2
72 0
52 2
72 0
56 2
72 0
56 2
72 0
53 2
72 4
53 2
72 4
53 2
72 0
53 2
72 0
53 2
72 4
53 2
72 4
53 2
72 0
53 2
72 0
53 2
72 4
53 2
72 4
53 2
72 0
53 2
72 0
51 2
72 0
49 2
72 0
51 2
72 0
55 2
72 0
58 2
72 0
63 2
72 0
53 2
72 4
53 2
72 4
53 2
72 0
53 2
72 0
51 2
72 0
49 2
72 0
51 2
72 0
55 2
72 0
58 2
72 0
63 2
72 0
56 2
72 0
56 2
72 0
56 2
72 0
56 2
72 0
56 2
72 0
56 2
72 0
58 2
72 0
58 2
72 0
58 2
72 0
54 2
72 0
58 2
72 0
58 2
72 0
53 2
72 4
53 2
72 4
53 2
72 0
53 2
72 0
53 2
72 4
53 2
72 4
53 2
72 0
53 2
72 0
53 2
72 4
53 2
72 4
53 2
72 0
53 2
72 0
51 2
72 0
49 2
72 0
51 2
72 0
55 2
72 0
58 2
72 0
63 2
72 0
53 2
72 4
53 2
72 4
53 2
72 0
53 2
72 0
51 2
72 0
49 2
72 0
51 2
72 0
55 2
72 0
58 2
72 0
63 2
72 0
56 2
72 0
56 2
72 0
56 2
72 0
56 2
72 0
56 2
72 0
56 2
72 0
58 2
72 0
58 2
72 0
58 2
72 0
54 2
72 0
58 2
72 0
58 2
72 0
54 2
53 2
51 2
49 2
54 2
53 2
51 2
49 2
54 2
53 2
51 2
49 2
54 2
53 2
51 2
49 2
58 2
56 2
54 2
53 2
58 2
56 2
54 2
53 2
58 2
56 2
54 2
53 2
58 2
56 2
54 2
53 2
61 2
60 2
58 2
56 2
61 2
60 2
58 2
56 2
61 2
60 2
58 2
56 2
61 2
60 2
58 2
56 2
66 2
65 2
63 2
61 2
66 2
65 2
63 2
61 2
66 2
65 2
63 2
61 2
66 2
65 2
63 2
61 2
108 2
72 0
108 2
72 4
108 2
72 4
108 2
72 0
121 2
72 0
108 2
72 0
121 2
72 0
108 2
72 0
121 2
72 0
108 2
72 0
108 2
72 0
108 2
72 4
108 2
72 4
108 2
72 0
121 2
72 0
108 2
72 0
121 2
72 0
108 2
72 0
121 2
72 0
108 2
72 0
174 2
72 0
174 2
72 4
174 2
72 4
174 2
72 0
187 2
72 0
174 2
72 0
187 2
72 0
174 2
72 0
187 2
72 0
174 2
72 0
108 2
72 14
185 2
72 4
185 2
72 4
185 2
72 0
185 2
72 0
211 2
72 4
211 2
72 0
211 7
224 2
72 4
224 2
72 0
224 7
106 2
72 4
106 2
72 0
106 7
36 2
72 4
36 2
72 0
36 7
38 2
72 4
38 2
72 0
38 7
39 2
72 4
39 2
72 0
39 7
41 2
72 4
41 2
72 0
41 7
42 2
72 4
42 2
72 4
42 2
72 0
42 2
72 0
44 2
72 4
44 2
72 0
44 7
45 2
72 4
45 2
72 0
45 7
47 2
72 4
47 2
72 0
47 7
42 2
72 4
42 2
72 0
42 7
44 2
72 4
44 2
72 0
44 7
45 2
72 4
45 2
72 0
45 7
47 2
72 4
47 2
72 0
47 7
48 2
72 4
48 2
72 4
48 2
72 0
48 2
72 0
50 2
72 4
50 2
72 0
50 7
51 2
72 4
51 2
72 0
51 7
53 2
72 4
53 2
72 0
53 7
57 2
72 14
44 2
72 14
14 3
20 3
26 3
26 5
20 3
72 13
26 3
20 3
15 3
14 7
29 3
23 3
18 3
17 3
20 3
17 3
72 7
32 3
29 3
26 3
14 3
72 3
26 3
26 3
72 5
41 3
35 3
29 3
23 3
17 3
11 3
10 3
22 3
26 3
26 7
72 14
14 3
20 3
26 3
26 5
20 3
72 13
26 3
20 3
15 3
14 7
29 3
23 3
18 3
17 3
20 3
17 3
72 7
32 3
29 3
26 3
14 3
72 3
26 3
26 3
72 5
41 3
35 3
29 3
23 3
17 3
11 3
10 3
21 3
26 3
26 7
72 14
51 2
72 4
51 2
72 4
51 2
72 0
51 2
72 0
51 2
72 4
51 2
72 4
51 2
72 0
51 2
72 0
51 2
72 4
51 2
72 4
51 2
72 0
51 2
72 0
49 2
72 0
47 2
72 0
49 2
72 0
53 2
72 0
56 2
72 0
61 2
72 0
51 2
72 4
51 2
72 4
51 2
72 0
51 2
72 0
49 2
72 0
47 2
72 0
49 2
72 0
53 2
72 0
56 2
72 0
61 2
72 0
54 2
72 0
54 2
72 0
54 2
72 0
54 2
72 0
54 2
72 0
54 2
72 0
56 2
72 0
56 2
72 0
56 2
72 0
52 2
72 0
56 2
72 0
56 2
72 0
51 2
72 4
51 2
72 4
51 2
72 0
51 2
72 0
51 2
72 4
51 2
72 4
51 2
72 0
51 2
72 0
51 2
72 4
51 2
72 4
51 2
72 0
51 2
72 0
49 2
72 0
47 2
72 0
49 2
72 0
53 2
72 0
56 2
72 0
61 2
72 0
51 2
72 4
51 2
72 4
51 2
72 0
51 2
72 0
49 2
72 0
47 2
72 0
49 2
72 0
53 2
72 0
56 2
72 0
61 2
72 0
54 2
72 0
54 2
72 0
54 2
72 0
54 2
72 0
54 2
72 0
54 2
72 0
56 2
72 0
56 2
72 0
56 2
72 0
52 2
72 0
56 2
72 0
56 2
72 0
53 2
72 4
53 2
72 4
53 2
72 0
53 2
72 0
53 2
72 4
53 2
72 4
53 2
72 0
53 2
72 0
53 2
72 4
53 2
72 4
53 2
72 0
53 2
72 0
51 2
72 0
49 2
72 0
51 2
72 0
55 2
72 0
58 2
72 0
63 2
72 0
53 2
72 4
53 2
72 4
53 2
72 0
53 2
72 0
51 2
72 0
49 2
72 0
51 2
72 0
55 2
72 0
58 2
72 0
63 2
72 0
56 2
72 0
56 2
72 0
56 2
72 0
56 2
72 0
56 2
72 0
56 2
72 0
58 2
72 0
58 2
72 0
58 2
72 0
54 2
72 0
58 2
72 0
58 2
72 0
53 2
72 4
53 2
72 4
53 2
72 0
53 2
72 0
53 2
72 4
53 2
72 4
53 2
72 0
53 2
72 0
53 2
72 4
53 2
72 4
53 2
72 0
53 2
72 0
51 2
72 0
49 2
72 0
51 2
72 0
55 2
72 0
58 2
72 0
63 2
72 0
53 2
72 4
53 2
72 4
53 2
72 0
53 2
72 0
51 2
72 0
49 2
72 0
51 2
72 0
55 2
72 0
58 2
72 0
63 2
72 0
56 2
72 0
56 2
72 0
56 2
72 0
56 2
72 0
56 2
72 0
56 2
72 0
58 2
72 0
58 2
72 0
58 2
72 0
54 2
72 0
58 2
72 0
58 2
72 0
54 2
53 2
51 2
49 2
54 2
53 2
51 2
49 2
54 2
53 2
51 2
49 2
54 2
53 2
51 2
49 2
58 2
56 2
54 2
53 2
58 2
56 2
54 2
53 2
58 2
56 2
54 2
53 2
58 2
56 2
54 2
53 2
61 2
60 2
58 2
56 2
61 2
60 2
58 2
56 2
61 2
60 2
58 2
56 2
61 2
60 2
58 2
56 2
66 2
65 2
63 2
61 2
66 2
65 2
63 2
61 2
66 2
65 2
63 2
61 2
66 2
65 2
63 2
61 2
108 2
72 0
108 2
72 4
108 2
72 4
108 2
72 0
121 2
72 0
108 2
72 0
121 2
72 0
108 2
72 0
121 2
72 0
108 2
72 0
108 2
72 0
108 2
72 4
108 2
72 4
108 2
72 0
121 2
72 0
108 2
72 0
121 2
72 0
108 2
72 0
121 2
72 0
108 2
72 0
174 2
72 0
174 2
72 4
174 2
72 4
174 2
72 0
187 2
72 0
174 2
72 0
187 2
72 0
174 2
72 0
187 2
72 0
174 2
72 0
108 2
72 14
185 2
72 4
185 2
72 4
185 2
72 0
185 2
72 0
211 2
72 4
211 2
72 0
211 7
224 2
72 4
224 2
72 0
224 7
106 2
72 4
106 2
72 0
106 7
36 2
72 4
36 2
72 0
36 7
38 2
72 4
38 2
72 0
38 7
39 2
72 4
39 2
72 0
39 7
41 2
72 4
41 2
72 0
41 7
42 2
72 4
42 2
72 4
42 2
72 0
42 2
72 0
44 2
72 4
44 2
72 0
44 7
45 2
72 4
45 2
72 0
45 7
47 2
72 4
47 2
72 0
47 7
42 2
72 4
42 2
72 0
42 7
44 2
72 4
44 2
72 0
44 7
45 2
72 4
45 2
72 0
45 7
47 2
72 4
47 2
72 0
47 7
48 2
72 4
48 2
72 4
48 2
72 0
48 2
72 0
50 2
72 4
50 2
72 0
50 7
51 2
72 4
51 2
72 0
51 7
53 2
72 4
53 2
72 0
53 7
57 2
72 14
44 2
72 14
14 3
20 3
26 3
26 5
20 3
72 13
26 3
20 3
15 3
14 7
29 3
23 3
18 3
17 3
20 3
17 3
72 7
32 3
29 3
26 3
14 3
72 3
26 3
26 3
72 5
41 3
35 3
29 3
23 3
17 3
11 3
10 3
22 3
26 3
26 7
72 14
14 3
20 3
26 3
26 5
20 3
72 13
26 3
20 3
15 3
14 7
29 3
23 3
18 3
17 3
20 3
17 3
72 7
32 3
29 3
26 3
14 3
72 3
26 3
26 3
72 5
41 3
35 3
29 3
23 3
17 3
11 3
10 3
21 3
26 3
26 7
E
S
L
39 2
72 4
39 2
72 4
39 2
72 0
39 2
72 0
39 2
72 4
39 2
72 4
39 2
72 0
39 2
72 0
39 2
72 4
39 2
72 4
39 2
72 0
39 2
72 0
39 2
72 0
39 2
72 0
39 2
72 0
41 2
72 0
41 2
72 0
41 2
72 0
39 2
72 4
39 2
72 4
39 2
72 0
39 2
72 0
39 2
72 0
39 2
72 0
39 2
72 0
41 2
72 0
41 2
72 0
41 2
72 0
42 2
72 0
42 2
72 0
42 2
72 0
42 2
72 0
42 2
72 0
42 2
72 0
44 2
72 0
44 2
72 0
44 2
72 0
44 2
72 0
44 2
72 0
44 2
72 0
39 2
72 4
39 2
72 4
39 2
72 0
39 2
72 0
39 2
72 4
39 2
72 4
39 2
72 0
39 2
72 0
39 2
72 4
39 2
72 4
39 2
72 0
39 2
72 0
39 2
72 0
39 2
72 0
39 2
72 0
41 2
72 0
41 2
72 0
41 2
72 0
39 2
72 4
39 2
72 4
39 2
72 0
39 2
72 0
39 2
72 0
39 2
72 0
39 2
72 0
41 2
72 0
41 2
72 0
41 2
72 0
42 2
72 0
42 2
72 0
42 2
72 0
42 2
72 0
42 2
72 0
42 2
72 0
44 2
72 0
44 2
72 0
44 2
72 0
44 2
72 0
44 2
72 0
44 2
72 0
41 2
72 4
41 2
72 4
41 2
72 0
41 2
72 0
41 2
72 4
41 2
72 4
41 2
72 0
41 2
72 0
41 2
72 4
41 2
72 4
41 2
72 0
41 2
72 0
41 2
72 0
41 2
72 0
41 2
72 0
43 2
72 0
43 2
72 0
43 2
72 0
41 2
72 4
41 2
72 4
41 2
72 0
41 2
72 0
41 2
72 0
41 2
72 0
41 2
72 0
43 2
72 0
43 2
72 0
43 2
72 0
44 2
72 0
44 2
72 0
44 2
72 0
44 2
72 0
44 2
72 0
44 2
72 0
46 2
72 0
46 2
72 0
46 2
72 0
46 2
72 0
46 2
72 0
46 2
72 0
41 2
72 4
41 2
72 4
41 2
72 0
41 2
72 0
41 2
72 4
41 2
72 4
41 2
72 0
41 2
72 0
41 2
72 4
41 2
72 4
41 2
72 0
41 2
72 0
41 2
72 0
41 2
72 0
41 2
72 0
43 2
72 0
43 2
72 0
43 2
72 0
41 2
72 4
41 2
72 4
41 2
72 0
41 2
72 0
41 2
72 0
41 2
72 0
41 2
72 0
43 2
72 0
43 2
72 0
43 2
72 0
44 2
72 0
44 2
72 0
44 2
72 0
44 2
72 0
44 2
72 0
44 2
72 0
46 2
72 0
46 2
72 0
46 2
72 0
46 2
72 0
46 2
72 0
46 2
72 14
24 7
36 7
43 7
42 7
46 7
45 7
49 7
48 7
54 11
55 11
67 2
72 14
51 8
72 5
53 8
72 5
54 4
72 4
47 10
72 3
59 4
72 4
57 9
72 4
50 4
72 4
55 4
72 4
48 8
72 5
46 8
72 5
38 2
72 6
26 7
33 7
32 7
36 13
37 2
35 2
33 2
32 2
37 2
35 2
33 2
32 2
37 2
35 2
33 2
32 2
37 2
35 2
33 2
32 2
37 2
35 2
33 2
32 2
37 2
35 2
33 2
32 2
37 2
35 2
33 2
32 2
37 2
35 2
33 2
32 2
35 2
33 2
32 2
30 2
35 2
33 2
32 2
30 2
35 2
33 2
32 2
30 2
35 2
33 2
32 2
30 2
37 2
35 2
33 2
32 2
37 2
35 2
33 2
32 2
35 2
33 2
32 2
30 2
35 2
33 2
32 2
30 2
37 2
35 2
33 2
32 2
37 2
35 2
33 2
32 2
37 2
35 2
33 2
32 2
37 2
35 2
33 2
32 2
37 2
35 2
33 2
32 2
37 2
35 2
33 2
32 2
37 2
35 2
33 2
32 2
37 2
35 2
33 2
32 2
35 2
33 2
32 2
30 2
35 2
33 2
32 2
30 2
35 2
33 2
32 2
30 2
35 2
33 2
32 2
30 2
37 2
35 2
33 2
32 2
37 2
35 2
33 2
32 2
35 2
33 2
32 2
30 2
35 2
33 2
32 2
30 2
32 2
72 4
32 2
72 0
32 2
72 4
32 2
72 0
32 2
72 4
32 2
72 0
32 2
72 4
32 2
72 0
32 2
72 4
32 2
72 0
32 2
72 4
32 2
72 0
32 2
72 4
32 2
72 0
32 2
72 4
32 2
72 0
32 2
72 4
32 2
72 0
32 2
72 4
32 2
72 0
32 2
72 4
32 2
72 0
32 2
72 4
32 2
72 0
32 2
72 4
32 2
72 0
32 2
72 4
32 2
72 0
32 2
72 4
32 2
72 0
32 2
72 4
32 2
72 0
32 2
72 4
32 2
72 0
32 2
72 4
32 2
72 0
32 2
72 4
32 2
72 0
32 2
72 4
32 2
72 0
32 2
72 4
32 2
72 0
32 2
72 4
32 2
72 0
32 2
72 4
32 2
72 0
32 2
72 4
32 2
72 0
32 2
72 4
32 2
72 0
32 2
72 4
32 2
72 0
32 2
72 4
32 2
72 0
32 2
72 4
32 2
72 0
32 2
72 4
32 2
72 0
32 2
72 4
32 2
72 0
32 2
72 4
32 2
72 0
32 2
72 4
32 2
72 0
32 2
72 4
32 2
72 0
32 2
72 4
32 2
72 0
32 2
72 4
32 2
72 0
32 2
72 4
32 2
72 0
32 2
72 4
32 2
72 0
32 2
72 4
32 2
72 0
32 2
72 4
32 2
72 0
32 2
72 4
32 2
72 0
32 2
72 4
32 2
72 0
32 2
72 4
32 2
72 0
32 2
72 4
32 2
72 0
32 2
72 4
32 2
72 0
32 2
72 4
32 2
72 0
32 2
72 4
32 2
72 0
32 2
72 4
32 2
72 0
32 2
72 4
32 2
72 0
32 2
72 4
32 2
72 0
32 2
72 4
32 2
72 0
32 2
72 4
32 2
72 0
32 2
72 4
32 2
72 0
32 2
72 4
32 2
72 0
32 2
72 4
32 2
72 0
32 2
72 4
32 2
72 0
32 2
72 4
32 2
72 0
32 2
72 4
32 2
72 0
32 2
72 4
32 2
72 0
32 2
72 4
32 2
72 0
32 2
72 4
32 2
72 0
32 2
72 4
32 2
72 0
32 2
72 4
32 2
72 0
32 2
72 4
32 2
72 0
32 2
72 4
32 2
72 0
32 2
72 4
32 2
72 0
32 2
72 4
32 2
72 0
32 2
72 4
32 2
72 0
32 2
72 4
32 2
72 0
32 2
72 4
32 2
72 0
32 2
72 4
32 2
72 0
32 2
72 4
32 2
72 0
32 2
72 4
32 2
72 14
39 2
72 4
39 2
72 4
39 2
72 0
39 2
72 0
39 2
72 4
39 2
72 4
39 2
72 0
39 2
72 0
39 2
72 4
39 2
72 4
39 2
72 0
39 2
72 0
39 2
72 0
39 2
72 0
39 2
72 0
41 2
72 0
41 2
72 0
41 2
72 0
39 2
72 4
39 2
72 4
39 2
72 0
39 2
72 0
39 2
72 0
39 2
72 0
39 2
72 0
41 2
72 0
41 2
72 0
41 2
72 0
42 2
72 0
42 2
72 0
42 2
72 0
42 2
72 0
42 2
72 0
42 2
72 0
44 2
72 0
44 2
72 0
44 2
72 0
44 2
72 0
44 2
72 0
44 2
72 0
39 2
72 4
39 2
72 4
39 2
72 0
39 2
72 0
39 2
72 4
39 2
72 4
39 2
72 0
39 2
72 0
39 2
72 4
39 2
72 4
39 2
72 0
39 2
72 0
39 2
72 0
39 2
72 0
39 2
72 0
41 2
72 0
41 2
72 0
41 2
72 0
39 2
72 4
39 2
72 4
39 2
72 0
39 2
72 0
39 2
72 0
39 2
72 0
39 2
72 0
41 2
72 0
41 2
72 0
41 2
72 0
42 2
72 0
42 2
72 0
42 2
72 0
42 2
72 0
42 2
72 0
42 2
72 0
44 2
72 0
44 2
72 0
44 2
72 0
44 2
72 0
44 2
72 0
44 2
72 0
41 2
72 4
41 2
72 4
41 2
72 0
41 2
72 0
41 2
72 4
41 2
72 4
41 2
72 0
41 2
72 0
41 2
72 4
41 2
72 4
41 2
72 0
41 2
72 0
41 2
72 0
41 2
72 0
41 2
72 0
43 2
72 0
43 2
72 0
43 2
72 0
41 2
72 4
41 2
72 4
41 2
72 0
41 2
72 0
41 2
72 0
41 2
72 0
41 2
72 0
43 2
72 0
43 2
72 0
43 2
72 0
44 2
72 0
44 2
72 0
44 2
72 0
44 2
72 0
44 2
72 0
44 2
72 0
46 2
72 0
46 2
72 0
46 2
72 0
46 2
72 0
46 2
72 0
46 2
72 0
41 2
72 4
41 2
72 4
41 2
72 0
41 2
72 0
41 2
72 4
41 2
72 4
41 2
72 0
41 2
72 0
41 2
72 4
41 2
72 4
41 2
72 0
41 2
72 0
41 2
72 0
41 2
72 0
41 2
72 0
43 2
72 0
43 2
72 0
43 2
72 0
41 2
72 4
41 2
72 4
41 2
72 0
41 2
72 0
41 2
72 0
41 2
72 0
41 2
72 0
43 2
72 0
43 2
72 0
43 2
72 0
44 2
72 0
44 2
72 0
44 2
72 0
44 2
72 0
44 2
72 0
44 2
72 0
46 2
72 0
46 2
72 0
46 2
72 0
46 2
72 0
46 2
72 0
46 2
72 14
24 7
36 7
43 7
42 7
46 7
45 7
49 7
48 7
54 11
55 11
67 2
72 14
51 8
72 5
53 8
72 5
54 4
72 4
47 10
72 3
59 4
72 4
57 9
72 4
50 4
72 4
55 4
72 4
48 8
72 5
46 8
72 5
38 2
72 6
26 7
33 7
32 7
36 13
37 2
35 2
33 2
32 2
37 2
35 2
33 2
32 2
37 2
35 2
33 2
32 2
37 2
35 2
33 2
32 2
37 2
35 2
33 2
32 2
37 2
35 2
33 2
32 2
37 2
35 2
33 2
32 2
37 2
35 2
33 2
32 2
35 2
33 2
32 2
30 2
35 2
33 2
32 2
30 2
35 2
33 2
32 2
30 2
35 2
33 2
32 2
30 2
37 2
35 2
33 2
32 2
37 2
35 2
33 2
32 2
35 2
33 2
32 2
30 2
35 2
33 2
32 2
30 2
37 2
35 2
33 2
32 2
37 2
35 2
33 2
32 2
37 2
35 2
33 2
32 2
37 2
35 2
33 2
32 2
37 2
35 2
33 2
32 2
37 2
35 2
33 2
32 2
37 2
35 2
33 2
32 2
37 2
35 2
33 2
32 2
35 2
33 2
32 2
30 2
35 2
33 2
32 2
30 2
35 2
33 2
32 2
30 2
35 2
33 2
32 2
30 2
37 2
35 2
33 2
32 2
37 2
35 2
33 2
32 2
35 2
33 2
32 2
30 2
35 2
33 2
32 2
30 2
32 2
72 4
32 2
72 0
32 2
72 4
32 2
72 0
32 2
72 4
32 2
72 0
32 2
72 4
32 2
72 0
32 2
72 4
32 2
72 0
32 2
72 4
32 2
72 0
32 2
72 4
32 2
72 0
32 2
72 4
32 2
72 0
32 2
72 4
32 2
72 0
32 2
72 4
32 2
72 0
32 2
72 4
32 2
72 0
32 2
72 4
32 2
72 0
32 2
72 4
32 2
72 0
32 2
72 4
32 2
72 0
32 2
72 4
32 2
72 0
32 2
72 4
32 2
72 0
32 2
72 4
32 2
72 0
32 2
72 4
32 2
72 0
32 2
72 4
32 2
72 0
32 2
72 4
32 2
72 0
32 2
72 4
32 2
72 0
32 2
72 4
32 2
72 0
32 2
72 4
32 2
72 0
32 2
72 4
32 2
72 0
32 2
72 4
32 2
72 0
32 2
72 4
32 2
72 0
32 2
72 4
32 2
72 0
32 2
72 4
32 2
72 0
32 2
72 4
32 2
72 0
32 2
72 4
32 2
72 0
32 2
72 4
32 2
72 0
32 2
72 4
32 2
72 0
32 2
72 4
32 2
72 0
32 2
72 4
32 2
72 0
32 2
72 4
32 2
72 0
32 2
72 4
32 2
72 0
32 2
72 4
32 2
72 0
32 2
72 4
32 2
72 0
32 2
72 4
32 2
72 0
32 2
72 4
32 2
72 0
32 2
72 4
32 2
72 0
32 2
72 4
32 2
72 0
32 2
72 4
32 2
72 0
32 2
72 4
32 2
72 0
32 2
72 4
32 2
72 0
32 2
72 4
32 2
72 0
32 2
72 4
32 2
72 0
32 2
72 4
32 2
72 0
32 2
72 4
32 2
72 0
32 2
72 4
32 2
72 0
32 2
72 4
32 2
72 0
32 2
72 4
32 2
72 0
32 2
72 4
32 2
72 0
32 2
72 4
32 2
72 0
32 2
72 4
32 2
72 0
32 2
72 4
32 2
72 0
32 2
72 4
32 2
72 0
32 2
72 4
32 2
72 0
32 2
72 4
32 2
72 0
32 2
72 4
32 2
72 0
32 2
72 4
32 2
72 0
32 2
72 4
32 2
72 0
32 2
72 4
32 2
72 0
32 2
72 4
32 2
72 0
32 2
72 4
32 2
72 0
32 2
72 4
32 2
72 0
32 2
72 4
32 2
72 0
32 2
72 4
32 2
72 0
32 2
72 4
32 2
72 0
32 2
72 4
32 2
72 0
32 2
72 4
32 2
72 0
32 2
72 4
32 2
E
S
H
55 2
72 4
55 2
72 4
56 2
72 0
55 2
72 0
55 2
72 4
55 2
72 4
56 2
72 0
55 2
72 0
55 2
72 4
55 2
72 4
56 2
72 0
55 2
72 0
54 2
72 0
51 2
72 0
54 2
72 0
56 2
72 0
61 2
72 0
65 2
72 0
55 2
72 4
55 2
72 4
56 2
72 0
55 2
72 0
54 2
72 0
51 2
72 0
54 2
72 0
56 2
72 0
61 2
72 0
65 2
72 0
57 2
72 0
62 2
72 0
66 2
72 0
57 2
72 0
57 2
72 0
66 2
72 0
59 2
72 0
64 2
72 0
59 2
72 0
56 2
72 0
59 2
72 0
59 2
72 0
55 2
72 4
55 2
72 4
56 2
72 0
55 2
72 0
55 2
72 4
55 2
72 4
56 2
72 0
55 2
72 0
55 2
72 4
55 2
72 4
56 2
72 0
55 2
72 0
54 2
72 0
51 2
72 0
54 2
72 0
56 2
72 0
61 2
72 0
65 2
72 0
55 2
72 4
55 2
72 4
56 2
72 0
55 2
72 0
54 2
72 0
51 2
72 0
54 2
72 0
56 2
72 0
61 2
72 0
65 2
72 0
57 2
72 0
62 2
72 0
66 2
72 0
57 2
72 0
57 2
72 0
66 2
72 0
59 2
72 0
64 2
72 0
59 2
72 0
56 2
72 0
59 2
72 0
59 2
72 0
57 2
72 4
57 2
72 4
58 2
72 0
57 2
72 0
57 2
72 4
57 2
72 4
58 2
72 0
57 2
72 0
57 2
72 4
57 2
72 4
58 2
72 0
57 2
72 0
56 2
72 0
53 2
72 0
56 2
72 0
58 2
72 0
63 2
72 0
67 2
72 0
57 2
72 4
57 2
72 4
58 2
72 0
57 2
72 0
56 2
72 0
53 2
72 0
56 2
72 0
58 2
72 0
63 2
72 0
67 2
72 0
59 2
72 0
64 2
72 0
68 2
72 0
59 2
72 0
59 2
72 0
68 2
72 0
61 2
72 0
66 2
72 0
61 2
72 0
58 2
72 0
61 2
72 0
61 2
72 0
57 2
72 4
57 2
72 4
58 2
72 0
57 2
72 0
57 2
72 4
57 2
72 4
58 2
72 0
57 2
72 0
57 2
72 4
57 2
72 4
58 2
72 0
57 2
72 0
56 2
72 0
53 2
72 0
56 2
72 0
58 2
72 0
63 2
72 0
67 2
72 0
57 2
72 4
57 2
72 4
58 2
72 0
57 2
72 0
56 2
72 0
53 2
72 0
56 2
72 0
58 2
72 0
63 2
72 0
67 2
72 0
59 2
72 0
64 2
72 0
68 2
72 0
59 2
72 0
59 2
72 0
68 2
72 0
61 2
72 0
66 2
72 0
61 2
72 0
58 2
72 0
61 2
72 0
61 2
72 0
123 2
72 4
227 2
72 0
227 2
72 4
137 2
72 0
137 2
72 4
123 2
72 0
123 3
109 3
227 2
72 13
123 2
72 4
227 2
72 0
227 2
72 4
137 2
72 0
137 2
72 4
123 2
72 0
123 3
109 3
227 2
72 0
123 2
72 4
227 2
72 0
227 2
72 4
137 2
72 0
137 2
72 4
123 2
72 0
123 3
109 3
227 2
72 0
36 2
72 0
36 2
72 4
36 2
72 4
36 2
72 0
37 2
72 0
36 2
72 0
37 2
72 0
36 2
72 0
37 2
72 0
36 2
72 0
36 2
72 0
36 2
72 4
36 2
72 4
36 2
72 0
37 2
72 0
36 2
72 0
37 2
72 0
36 2
72 0
37 2
72 0
36 2
72 0
42 2
72 0
42 2
72 4
42 2
72 4
42 2
72 0
43 2
72 0
42 2
72 0
43 2
72 0
42 2
72 0
43 2
72 0
42 2
72 0
101 2
72 4
24 2
72 0
24 7
26 2
72 4
26 2
72 0
26 7
27 2
72 4
27 2
72 0
27 7
29 2
72 4
29 2
72 0
29 7
72 14
33 8
72 5
35 8
72 5
36 4
72 4
29 10
72 3
41 4
72 4
39 9
72 4
32 4
72 4
37 4
72 4
30 8
72 5
28 8
72 5
39 8
72 5
41 8
72 5
42 4
72 4
35 10
72 3
47 4
72 4
45 9
72 4
38 4
72 4
43 4
72 4
36 8
72 5
34 8
72 5
33 2
72 13
200 2
72 0
200 2
72 0
200 2
72 0
137 2
72 0
137 2
72 0
137 2
72 0
200 2
72 0
200 2
72 0
200 2
72 0
109 2
72 0
109 2
72 0
109 2
72 7
25 7
32 8
30 3
29 3
25 11
72 7
37 3
32 3
37 3
35 3
72 5
33 3
72 5
32 3
72 5
30 3
72 5
29 3
30 3
32 3
37 11
72 11
25 7
32 8
30 3
29 3
25 11
72 7
37 3
32 3
37 3
35 3
72 5
33 3
72 5
32 3
72 5
30 3
72 5
29 3
30 3
32 3
37 11
72 14
32 2
72 4
32 2
72 0
32 2
72 0
32 2
72 0
32 2
72 0
34 2
72 4
34 2
72 0
34 6
72 2
35 2
72 4
35 2
72 0
35 6
72 2
37 2
72 4
37 2
72 0
37 6
72 2
38 2
72 4
38 2
72 0
38 6
72 2
40 2
72 4
40 2
72 0
40 6
72 2
41 2
72 4
41 2
72 0
41 6
72 2
43 2
72 4
43 2
72 0
43 6
72 2
32 2
72 4
32 2
72 0
32 2
72 0
32 2
72 0
32 2
72 0
34 2
72 4
34 2
72 0
34 6
72 2
35 2
72 4
35 2
72 0
35 6
72 2
37 2
72 4
37 2
72 0
37 6
72 2
38 2
72 4
38 2
72 0
38 6
72 2
40 2
72 4
40 2
72 0
40 6
72 2
41 2
72 4
41 2
72 0
41 6
72 2
43 2
72 4
43 2
72 0
43 6
72 2
32 2
72 4
32 2
72 0
32 2
72 0
32 2
72 0
32 2
72 0
34 2
72 4
34 2
72 0
34 6
72 2
35 2
72 4
35 2
72 0
35 6
72 2
37 2
72 4
37 2
72 0
37 6
72 2
38 2
72 4
38 2
72 0
38 6
72 2
40 2
72 4
40 2
72 0
40 6
72 2
41 2
72 4
41 2
72 0
41 6
72 2
43 2
72 4
43 2
72 0
43 6
72 2
32 2
72 4
32 2
72 0
32 2
72 0
32 2
72 0
32 2
72 0
34 2
72 4
34 2
72 0
34 6
72 2
35 2
72 4
35 2
72 0
35 6
72 2
37 2
72 4
37 2
72 0
37 6
72 2
38 2
72 4
38 2
72 0
38 6
72 2
40 2
72 4
40 2
72 0
40 6
72 2
41 2
72 4
41 2
72 0
41 6
72 2
43 2
72 4
43 2
72 0
43 6
72 2
174 2
72 4
174 2
72 0
174 2
72 0
174 2
72 0
174 2
72 0
174 2
72 4
174 2
72 0
174 6
72 2
174 2
72 4
174 2
72 0
174 6
72 2
174 2
72 4
174 2
72 0
174 6
72 2
174 2
72 4
174 2
72 0
174 2
72 0
174 2
72 0
174 2
72 0
174 2
72 4
174 2
72 0
174 6
72 2
174 2
72 4
174 2
72 0
174 6
72 2
174 2
72 4
174 2
72 0
174 6
72 2
121 2
72 4
121 2
72 0
121 2
72 0
121 2
72 0
121 2
72 0
121 2
72 4
121 2
72 0
121 6
72 2
121 2
72 4
121 2
72 0
121 6
72 2
121 2
72 4
121 2
72 0
121 6
72 2
121 2
72 4
121 2
72 0
121 2
72 0
121 2
72 0
121 2
72 0
121 2
72 4
121 2
72 0
121 6
72 2
121 2
72 4
121 2
72 0
121 6
72 2
121 2
72 4
121 2
72 0
121 6
72 2
147 2
72 4
147 2
72 0
147 2
72 0
147 2
72 0
147 2
72 0
147 2
72 4
147 2
72 0
147 6
72 2
147 2
72 4
147 2
72 0
147 6
72 2
147 2
72 4
147 2
72 0
147 6
72 2
147 2
72 4
147 2
72 0
147 2
72 0
147 2
72 0
147 2
72 0
147 2
72 4
147 2
72 0
147 6
72 2
147 2
72 4
147 2
72 0
147 6
72 2
147 2
72 4
147 2
72 0
147 6
72 2
226 2
72 4
226 2
72 0
226 2
72 0
226 2
72 0
226 2
72 0
226 2
72 4
226 2
72 0
226 6
72 2
226 2
72 4
226 2
72 0
226 6
72 2
226 2
72 4
226 2
72 0
226 6
72 2
239 2
72 4
239 2
72 0
239 2
72 0
239 2
72 0
239 2
72 0
239 2
72 4
239 2
72 0
239 6
72 2
239 2
72 4
239 2
72 0
239 6
72 2
239 2
72 4
239 2
72 0
239 6
72 2
55 2
72 4
55 2
72 4
56 2
72 0
55 2
72 0
55 2
72 4
55 2
72 4
56 2
72 0
55 2
72 0
55 2
72 4
55 2
72 4
56 2
72 0
55 2
72 0
54 2
72 0
51 2
72 0
54 2
72 0
56 2
72 0
61 2
72 0
65 2
72 0
55 2
72 4
55 2
72 4
56 2
72 0
55 2
72 0
54 2
72 0
51 2
72 0
54 2
72 0
56 2
72 0
61 2
72 0
65 2
72 0
57 2
72 0
62 2
72 0
66 2
72 0
57 2
72 0
57 2
72 0
66 2
72 0
59 2
72 0
64 2
72 0
59 2
72 0
56 2
72 0
59 2
72 0
59 2
72 0
55 2
72 4
55 2
72 4
56 2
72 0
55 2
72 0
55 2
72 4
55 2
72 4
56 2
72 0
55 2
72 0
55 2
72 4
55 2
72 4
56 2
72 0
55 2
72 0
54 2
72 0
51 2
72 0
54 2
72 0
56 2
72 0
61 2
72 0
65 2
72 0
55 2
72 4
55 2
72 4
56 2
72 0
55 2
72 0
54 2
72 0
51 2
72 0
54 2
72 0
56 2
72 0
61 2
72 0
65 2
72 0
57 2
72 0
62 2
72 0
66 2
72 0
57 2
72 0
57 2
72 0
66 2
72 0
59 2
72 0
64 2
72 0
59 2
72 0
56 2
72 0
59 2
72 0
59 2
72 0
57 2
72 4
57 2
72 4
58 2
72 0
57 2
72 0
57 2
72 4
57 2
72 4
58 2
72 0
57 2
72 0
57 2
72 4
57 2
72 4
58 2
72 0
57 2
72 0
56 2
72 0
53 2
72 0
56 2
72 0
58 2
72 0
63 2
72 0
67 2
72 0
57 2
72 4
57 2
72 4
58 2
72 0
57 2
72 0
56 2
72 0
53 2
72 0
56 2
72 0
58 2
72 0
63 2
72 0
67 2
72 0
59 2
72 0
64 2
72 0
68 2
72 0
59 2
72 0
59 2
72 0
68 2
72 0
61 2
72 0
66 2
72 0
61 2
72 0
58 2
72 0
61 2
72 0
61 2
72 0
57 2
72 4
57 2
72 4
58 2
72 0
57 2
72 0
57 2
72 4
57 2
72 4
58 2
72 0
57 2
72 0
57 2
72 4
57 2
72 4
58 2
72 0
57 2
72 0
56 2
72 0
53 2
72 0
56 2
72 0
58 2
72 0
63 2
72 0
67 2
72 0
57 2
72 4
57 2
72 4
58 2
72 0
57 2
72 0
56 2
72 0
53 2
72 0
56 2
72 0
58 2
72 0
63 2
72 0
67 2
72 0
59 2
72 0
64 2
72 0
68 2
72 0
59 2
72 0
59 2
72 0
68 2
72 0
61 2
72 0
66 2
72 0
61 2
72 0
58 2
72 0
61 2
72 0
61 2
72 0
123 2
72 4
227 2
72 0
227 2
72 4
137 2
72 0
137 2
72 4
123 2
72 0
123 3
109 3
227 2
72 13
123 2
72 4
227 2
72 0
227 2
72 4
137 2
72 0
137 2
72 4
123 2
72 0
123 3
109 3
227 2
72 0
123 2
72 4
227 2
72 0
227 2
72 4
137 2
72 0
137 2
72 4
123 2
72 0
123 3
109 3
227 2
72 0
36 2
72 0
36 2
72 4
36 2
72 4
36 2
72 0
37 2
72 0
36 2
72 0
37 2
72 0
36 2
72 0
37 2
72 0
36 2
72 0
36 2
72 0
36 2
72 4
36 2
72 4
36 2
72 0
37 2
72 0
36 2
72 0
37 2
72 0
36 2
72 0
37 2
72 0
36 2
72 0
42 2
72 0
42 2
72 4
42 2
72 4
42 2
72 0
43 2
72 0
42 2
72 0
43 2
72 0
42 2
72 0
43 2
72 0
42 2
72 0
101 2
72 4
24 2
72 0
24 7
26 2
72 4
26 2
72 0
26 7
27 2
72 4
27 2
72 0
27 7
29 2
72 4
29 2
72 0
29 7
72 14
33 8
72 5
35 8
72 5
36 4
72 4
29 10
72 3
41 4
72 4
39 9
72 4
32 4
72 4
37 4
72 4
30 8
72 5
28 8
72 5
39 8
72 5
41 8
72 5
42 4
72 4
35 10
72 3
47 4
72 4
45 9
72 4
38 4
72 4
43 4
72 4
36 8
72 5
34 8
72 5
33 2
72 13
200 2
72 0
200 2
72 0
200 2
72 0
137 2
72 0
137 2
72 0
137 2
72 0
200 2
72 0
200 2
72 0
200 2
72 0
109 2
72 0
109 2
72 0
109 2
72 7
25 7
32 8
30 3
29 3
25 11
72 7
37 3
32 3
37 3
35 3
72 5
33 3
72 5
32 3
72 5
30 3
72 5
29 3
30 3
32 3
37 11
72 11
25 7
32 8
30 3
29 3
25 11
72 7
37 3
32 3
37 3
35 3
72 5
33 3
72 5
32 3
72 5
30 3
72 5
29 3
30 3
32 3
37 11
72 14
32 2
72 4
32 2
72 0
32 2
72 0
32 2
72 0
32 2
72 0
34 2
72 4
34 2
72 0
34 6
72 2
35 2
72 4
35 2
72 0
35 6
72 2
37 2
72 4
37 2
72 0
37 6
72 2
38 2
72 4
38 2
72 0
38 6
72 2
40 2
72 4
40 2
72 0
40 6
72 2
41 2
72 4
41 2
72 0
41 6
72 2
43 2
72 4
43 2
72 0
43 6
72 2
32 2
72 4
32 2
72 0
32 2
72 0
32 2
72 0
32 2
72 0
34 2
72 4
34 2
72 0
34 6
72 2
35 2
72 4
35 2
72 0
35 6
72 2
37 2
72 4
37 2
72 0
37 6
72 2
38 2
72 4
38 2
72 0
38 6
72 2
40 2
72 4
40 2
72 0
40 6
72 2
41 2
72 4
41 2
72 0
41 6
72 2
43 2
72 4
43 2
72 0
43 6
72 2
32 2
72 4
32 2
72 0
32 2
72 0
32 2
72 0
32 2
72 0
34 2
72 4
34 2
72 0
34 6
72 2
35 2
72 4
35 2
72 0
35 6
72 2
37 2
72 4
37 2
72 0
37 6
72 2
38 2
72 4
38 2
72 0
38 6
72 2
40 2
72 4
40 2
72 0
40 6
72 2
41 2
72 4
41 2
72 0
41 6
72 2
43 2
72 4
43 2
72 0
43 6
72 2
32 2
72 4
32 2
72 0
32 2
72 0
32 2
72 0
32 2
72 0
34 2
72 4
34 2
72 0
34 6
72 2
35 2
72 4
35 2
72 0
35 6
72 2
37 2
72 4
37 2
72 0
37 6
72 2
38 2
72 4
38 2
72 0
38 6
72 2
40 2
72 4
40 2
72 0
40 6
72 2
41 2
72 4
41 2
72 0
41 6
72 2
43 2
72 4
43 2
72 0
43 6
72 2
174 2
72 4
174 2
72 0
174 2
72 0
174 2
72 0
174 2
72 0
174 2
72 4
174 2
72 0
174 6
72 2
174 2
72 4
174 2
72 0
174 6
72 2
174 2
72 4
174 2
72 0
174 6
72 2
174 2
72 4
174 2
72 0
174 2
72 0
174 2
72 0
174 2
72 0
174 2
72 4
174 2
72 0
174 6
72 2
174 2
72 4
174 2
72 0
174 6
72 2
174 2
72 4
174 2
72 0
174 6
72 2
121 2
72 4
121 2
72 0
121 2
72 0
121 2
72 0
121 2
72 0
121 2
72 4
121 2
72 0
121 6
72 2
121 2
72 4
121 2
72 0
121 6
72 2
121 2
72 4
121 2
72 0
121 6
72 2
121 2
72 4
121 2
72 0
121 2
72 0
121 2
72 0
121 2
72 0
121 2
72 4
121 2
72 0
121 6
72 2
121 2
72 4
121 2
72 0
121 6
72 2
121 2
72 4
121 2
72 0
121 6
72 2
147 2
72 4
147 2
72 0
147 2
72 0
147 2
72 0
147 2
72 0
147 2
72 4
147 2
72 0
147 6
72 2
147 2
72 4
147 2
72 0
147 6
72 2
147 2
72 4
147 2
72 0
147 6
72 2
147 2
72 4
147 2
72 0
147 2
72 0
147 2
72 0
147 2
72 0
147 2
72 4
147 2
72 0
147 6
72 2
147 2
72 4
147 2
72 0
147 6
72 2
147 2
72 4
147 2
72 0
147 6
72 2
226 2
72 4
226 2
72 0
226 2
72 0
226 2
72 0
226 2
72 0
226 2
72 4
226 2
72 0
226 6
72 2
226 2
72 4
226 2
72 0
226 6
72 2
226 2
72 4
226 2
72 0
226 6
72 2
239 2
72 4
239 2
72 0
239 2
72 0
239 2
72 0
239 2
72 0
239 2
72 4
239 2
72 0
239 6
72 2
239 2
72 4
239 2
72 0
239 6
72 2
239 2
72 4
239 2
72 0
239 6
E
S
L
72 14
18 4
72 4
22 4
72 4
24 4
72 4
25 4
72 4
30 4
72 4
34 4
72 4
36 4
72 4
37 4
72 4
31 2
72 0
31 2
72 4
31 2
72 4
31 2
72 0
32 2
72 0
31 2
72 0
32 2
72 0
31 2
72 0
32 2
72 0
31 2
72 0
31 2
72 0
31 2
72 4
31 2
72 4
31 2
72 0
32 2
72 0
31 2
72 0
32 2
72 0
31 2
72 0
32 2
72 0
31 2
72 0
37 2
72 0
37 2
72 4
37 2
72 4
37 2
72 0
38 2
72 0
37 2
72 0
38 2
72 0
37 2
72 0
38 2
72 0
37 2
72 0
43 2
72 14
24 2
72 4
24 2
72 4
24 2
72 0
24 2
72 0
26 2
72 4
26 2
72 0
26 7
27 2
72 4
27 2
72 0
27 7
29 2
72 4
29 2
72 0
29 7
24 2
72 4
24 2
72 0
24 7
26 2
72 4
26 2
72 0
26 7
27 2
72 4
27 2
72 0
27 7
29 2
72 4
29 2
72 0
29 7
30 2
72 4
30 2
72 4
30 2
72 0
30 2
72 0
32 2
72 4
32 2
72 0
32 7
33 2
72 4
33 2
72 0
33 7
35 2
72 4
35 2
72 0
35 7
30 2
72 4
30 2
72 0
30 7
32 2
72 4
32 2
72 0
32 7
33 2
72 4
33 2
72 0
33 7
35 2
72 4
35 2
72 0
35 7
36 2
72 4
36 2
72 4
36 2
72 0
36 2
72 0
38 2
72 4
38 2
72 0
38 7
39 2
72 4
39 2
72 0
39 7
41 2
72 4
41 2
72 0
41 7
38 2
72 14
27 2
72 4
27 2
72 0
27 2
72 0
27 2
72 0
27 2
72 0
29 2
72 4
29 2
72 0
29 6
72 2
30 2
72 4
30 2
72 0
30 6
72 2
32 2
72 4
32 2
72 0
32 6
72 2
33 2
72 4
33 2
72 0
33 6
72 2
35 2
72 4
35 2
72 0
35 6
72 2
36 2
72 4
36 2
72 0
36 6
72 2
38 2
72 4
38 2
72 0
38 6
72 2
27 2
72 4
27 2
72 0
27 2
72 0
27 2
72 0
27 2
72 0
29 2
72 4
29 2
72 0
29 6
72 2
30 2
72 4
30 2
72 0
30 6
72 2
32 2
72 4
32 2
72 0
32 6
72 2
33 2
72 4
33 2
72 0
33 6
72 2
35 2
72 4
35 2
72 0
35 6
72 2
36 2
72 4
36 2
72 0
36 6
72 2
38 2
72 4
38 2
72 0
38 6
72 2
184 8
72 5
198 8
72 5
211 4
72 4
158 10
72 3
132 4
72 4
119 9
72 4
184 4
72 4
237 4
72 4
158 8
72 5
132 8
72 5
119 8
72 5
145 8
72 5
158 4
72 4
237 10
72 3
211 4
72 4
198 9
72 4
119 4
72 4
184 4
72 4
237 8
72 5
211 8
72 5
145 8
72 5
171 8
72 5
184 4
72 4
119 10
72 3
237 4
72 4
224 9
72 4
145 4
72 4
198 4
72 4
119 8
72 5
237 8
72 5
224 8
72 5
106 8
72 5
119 4
72 4
198 10
72 3
198 4
72 4
184 9
72 4
237 4
72 4
158 4
72 4
211 8
72 5
185 8
72 14
18 4
72 4
22 4
72 4
24 4
72 4
25 4
72 4
30 4
72 4
34 4
72 4
36 4
72 4
37 4
72 4
31 2
72 0
31 2
72 4
31 2
72 4
31 2
72 0
32 2
72 0
31 2
72 0
32 2
72 0
31 2
72 0
32 2
72 0
31 2
72 0
31 2
72 0
31 2
72 4
31 2
72 4
31 2
72 0
32 2
72 0
31 2
72 0
32 2
72 0
31 2
72 0
32 2
72 0
31 2
72 0
37 2
72 0
37 2
72 4
37 2
72 4
37 2
72 0
38 2
72 0
37 2
72 0
38 2
72 0
37 2
72 0
38 2
72 0
37 2
72 0
43 2
72 14
24 2
72 4
24 2
72 4
24 2
72 0
24 2
72 0
26 2
72 4
26 2
72 0
26 7
27 2
72 4
27 2
72 0
27 7
29 2
72 4
29 2
72 0
29 7
24 2
72 4
24 2
72 0
24 7
26 2
72 4
26 2
72 0
26 7
27 2
72 4
27 2
72 0
27 7
29 2
72 4
29 2
72 0
29 7
30 2
72 4
30 2
72 4
30 2
72 0
30 2
72 0
32 2
72 4
32 2
72 0
32 7
33 2
72 4
33 2
72 0
33 7
35 2
72 4
35 2
72 0
35 7
30 2
72 4
30 2
72 0
30 7
32 2
72 4
32 2
72 0
32 7
33 2
72 4
33 2
72 0
33 7
35 2
72 4
35 2
72 0
35 7
36 2
72 4
36 2
72 4
36 2
72 0
36 2
72 0
38 2
72 4
38 2
72 0
38 7
39 2
72 4
39 2
72 0
39 7
41 2
72 4
41 2
72 0
41 7
38 2
72 14
27 2
72 4
27 2
72 0
27 2
72 0
27 2
72 0
27 2
72 0
29 2
72 4
29 2
72 0
29 6
72 2
30 2
72 4
30 2
72 0
30 6
72 2
32 2
72 4
32 2
72 0
32 6
72 2
33 2
72 4
33 2
72 0
33 6
72 2
35 2
72 4
35 2
72 0
35 6
72 2
36 2
72 4
36 2
72 0
36 6
72 2
38 2
72 4
38 2
72 0
38 6
72 2
27 2
72 4
27 2
72 0
27 2
72 0
27 2
72 0
27 2
72 0
29 2
72 4
29 2
72 0
29 6
72 2
30 2
72 4
30 2
72 0
30 6
72 2
32 2
72 4
32 2
72 0
32 6
72 2
33 2
72 4
33 2
72 0
33 6
72 2
35 2
72 4
35 2
72 0
35 6
72 2
36 2
72 4
36 2
72 0
36 6
72 2
38 2
72 4
38 2
72 0
38 6
72 2
184 8
72 5
198 8
72 5
211 4
72 4
158 10
72 3
132 4
72 4
119 9
72 4
184 4
72 4
237 4
72 4
158 8
72 5
132 8
72 5
119 8
72 5
145 8
72 5
158 4
72 4
237 10
72 3
211 4
72 4
198 9
72 4
119 4
72 4
184 4
72 4
237 8
72 5
211 8
72 5
145 8
72 5
171 8
72 5
184 4
72 4
119 10
72 3
237 4
72 4
224 9
72 4
145 4
72 4
198 4
72 4
119 8
72 5
237 8
72 5
224 8
72 5
106 8
72 5
119 4
72 4
198 10
72 3
198 4
72 4
184 9
72 4
237 4
72 4
158 4
72 4
211 8
72 5
185 8
E
S
H
228 2
72 4
228 2
72 4
241 2
72 0
228 2
72 0
228 2
72 4
228 2
72 4
241 2
72 0
228 2
72 0
228 2
72 4
228 2
72 4
241 2
72 0
228 2
72 0
239 2
72 0
239 2
72 0
239 2
72 0
121 2
72 0
121 2
72 0
121 2
72 0
228 2
72 4
228 2
72 4
241 2
72 0
228 2
72 0
239 2
72 0
239 2
72 0
239 2
72 0
121 2
72 0
121 2
72 0
121 2
72 0
134 2
72 0
134 2
72 0
134 2
72 0
134 2
72 0
134 2
72 0
134 2
72 0
160 2
72 0
160 2
72 0
160 2
72 0
160 2
72 0
160 2
72 0
160 2
72 0
228 2
72 4
228 2
72 4
241 2
72 0
228 2
72 0
228 2
72 4
228 2
72 4
241 2
72 0
228 2
72 0
228 2
72 4
228 2
72 4
241 2
72 0
228 2
72 0
239 2
72 0
239 2
72 0
239 2
72 0
121 2
72 0
121 2
72 0
121 2
72 0
228 2
72 4
228 2
72 4
241 2
72 0
228 2
72 0
239 2
72 0
239 2
72 0
239 2
72 0
121 2
72 0
121 2
72 0
121 2
72 0
134 2
72 0
134 2
72 0
134 2
72 0
134 2
72 0
134 2
72 0
134 2
72 0
160 2
72 0
160 2
72 0
160 2
72 0
160 2
72 0
160 2
72 0
160 2
72 0
110 2
72 4
110 2
72 4
123 2
72 0
110 2
72 0
110 2
72 4
110 2
72 4
123 2
72 0
110 2
72 0
110 2
72 4
110 2
72 4
123 2
72 0
110 2
72 0
121 2
72 0
121 2
72 0
121 2
72 0
147 2
72 0
147 2
72 0
147 2
72 0
110 2
72 4
110 2
72 4
123 2
72 0
110 2
72 0
121 2
72 0
121 2
72 0
121 2
72 0
147 2
72 0
147 2
72 0
147 2
72 0
160 2
72 0
160 2
72 0
160 2
72 0
160 2
72 0
160 2
72 0
160 2
72 0
174 2
72 0
174 2
72 0
174 2
72 0
174 2
72 0
174 2
72 0
174 2
72 0
110 2
72 4
110 2
72 4
123 2
72 0
110 2
72 0
110 2
72 4
110 2
72 4
123 2
72 0
110 2
72 0
110 2
72 4
110 2
72 4
123 2
72 0
110 2
72 0
121 2
72 0
121 2
72 0
121 2
72 0
147 2
72 0
147 2
72 0
147 2
72 0
110 2
72 4
110 2
72 4
123 2
72 0
110 2
72 0
121 2
72 0
121 2
72 0
121 2
72 0
147 2
72 0
147 2
72 0
147 2
72 0
160 2
72 0
160 2
72 0
160 2
72 0
160 2
72 0
160 2
72 0
160 2
72 0
174 2
72 0
174 2
72 0
174 2
72 0
174 2
72 0
174 2
72 0
174 2
72 13
119 2
72 4
224 2
72 0
224 2
72 4
145 2
72 0
145 2
72 4
119 2
72 0
119 3
106 3
224 2
72 13
119 2
72 4
224 2
72 0
224 2
72 4
145 2
72 0
145 2
72 4
119 2
72 0
119 3
106 3
224 2
72 13
227 2
72 0
227 2
72 7
227 2
72 0
227 2
72 0
227 2
72 4
227 2
72 4
227 2
72 0
227 2
72 0
227 2
72 4
227 2
72 4
227 2
72 0
227 2
72 0
227 2
72 0
227 2
72 0
227 2
72 0
227 2
72 0
227 2
72 0
36 2
72 14
33 8
72 5
35 8
72 5
36 4
72 4
29 10
72 3
41 4
72 4
39 9
72 4
32 4
72 4
37 4
72 4
30 8
72 5
28 8
72 5
27 8
72 5
29 8
72 5
30 4
72 4
23 10
72 3
35 4
72 4
33 9
72 4
26 4
72 4
31 4
72 4
24 8
72 5
22 8
72 5
26 2
72 13
200 2
72 0
200 2
72 0
200 2
72 0
137 2
72 0
137 2
72 0
137 2
72 0
200 2
72 0
200 2
72 0
200 2
72 0
109 2
72 0
109 2
72 0
109 2
72 7
37 7
44 8
42 3
41 3
37 11
72 7
49 3
44 3
49 3
47 3
72 5
45 3
72 5
44 3
72 5
42 3
72 5
41 3
42 3
44 3
49 11
72 11
37 7
44 8
42 3
41 3
37 11
72 7
49 3
44 3
49 3
47 3
72 5
45 3
72 5
44 3
72 5
42 3
72 5
41 3
42 3
44 3
49 11
72 14
200 2
72 4
200 2
72 0
200 2
72 0
200 2
72 0
200 2
72 0
226 2
72 4
226 2
72 0
226 6
72 2
239 2
72 4
239 2
72 0
239 6
72 2
121 2
72 4
121 2
72 0
121 6
72 2
134 2
72 4
134 2
72 0
134 6
72 2
160 2
72 4
160 2
72 0
160 6
72 2
161 2
72 4
161 2
72 0
161 6
72 2
187 2
72 4
187 2
72 0
187 6
72 2
200 2
72 4
200 2
72 0
200 2
72 0
200 2
72 0
200 2
72 0
226 2
72 4
226 2
72 0
226 6
72 2
239 2
72 4
239 2
72 0
239 6
72 2
121 2
72 4
121 2
72 0
121 6
72 2
134 2
72 4
134 2
72 0
134 6
72 2
160 2
72 4
160 2
72 0
160 6
72 2
161 2
72 4
161 2
72 0
161 6
72 2
187 2
72 4
187 2
72 0
187 6
72 2
30 8
72 5
32 8
72 5
33 4
72 4
28 10
72 3
38 4
72 4
37 9
72 4
30 4
72 4
35 4
72 4
28 8
72 5
26 8
72 5
37 8
72 5
39 8
72 5
40 4
72 4
35 10
72 3
45 4
72 4
44 9
72 4
37 4
72 4
42 4
72 4
35 8
72 5
33 8
72 5
27 8
72 5
29 8
72 5
30 4
72 4
25 10
72 3
35 4
72 4
34 9
72 4
27 4
72 4
32 4
72 4
25 8
72 5
23 8
72 5
34 8
72 5
36 8
72 5
37 4
72 4
32 10
72 3
44 4
72 4
42 9
72 4
35 4
72 4
40 4
72 4
33 8
72 5
31 8
72 5
228 2
72 4
228 2
72 4
241 2
72 0
228 2
72 0
228 2
72 4
228 2
72 4
241 2
72 0
228 2
72 0
228 2
72 4
228 2
72 4
241 2
72 0
228 2
72 0
239 2
72 0
239 2
72 0
239 2
72 0
121 2
72 0
121 2
72 0
121 2
72 0
228 2
72 4
228 2
72 4
241 2
72 0
228 2
72 0
239 2
72 0
239 2
72 0
239 2
72 0
121 2
72 0
121 2
72 0
121 2
72 0
134 2
72 0
134 2
72 0
134 2
72 0
134 2
72 0
134 2
72 0
134 2
72 0
160 2
72 0
160 2
72 0
160 2
72 0
160 2
72 0
160 2
72 0
160 2
72 0
228 2
72 4
228 2
72 4
241 2
72 0
228 2
72 0
228 2
72 4
228 2
72 4
241 2
72 0
228 2
72 0
228 2
72 4
228 2
72 4
241 2
72 0
228 2
72 0
239 2
72 0
239 2
72 0
239 2
72 0
121 2
72 0
121 2
72 0
121 2
72 0
228 2
72 4
228 2
72 4
241 2
72 0
228 2
72 0
239 2
72 0
239 2
72 0
239 2
72 0
121 2
72 0
121 2
72 0
121 2
72 0
134 2
72 0
134 2
72 0
134 2
72 0
134 2
72 0
134 2
72 0
134 2
72 0
160 2
72 0
160 2
72 0
160 2
72 0
160 2
72 0
160 2
72 0
160 2
72 0
110 2
72 4
110 2
72 4
123 2
72 0
110 2
72 0
110 2
72 4
110 2
72 4
123 2
72 0
110 2
72 0
110 2
72 4
110 2
72 4
123 2
72 0
110 2
72 0
121 2
72 0
121 2
72 0
121 2
72 0
147 2
72 0
147 2
72 0
147 2
72 0
110 2
72 4
110 2
72 4
123 2
72 0
110 2
72 0
121 2
72 0
121 2
72 0
121 2
72 0
147 2
72 0
147 2
72 0
147 2
72 0
160 2
72 0
160 2
72 0
160 2
72 0
160 2
72 0
160 2
72 0
160 2
72 0
174 2
72 0
174 2
72 0
174 2
72 0
174 2
72 0
174 2
72 0
174 2
72 0
110 2
72 4
110 2
72 4
123 2
72 0
110 2
72 0
110 2
72 4
110 2
72 4
123 2
72 0
110 2
72 0
110 2
72 4
110 2
72 4
123 2
72 0
110 2
72 0
121 2
72 0
121 2
72 0
121 2
72 0
147 2
72 0
147 2
72 0
147 2
72 0
110 2
72 4
110 2
72 4
123 2
72 0
110 2
72 0
121 2
72 0
121 2
72 0
121 2
72 0
147 2
72 0
147 2
72 0
147 2
72 0
160 2
72 0
160 2
72 0
160 2
72 0
160 2
72 0
160 2
72 0
160 2
72 0
174 2
72 0
174 2
72 0
174 2
72 0
174 2
72 0
174 2
72 0
174 2
72 13
119 2
72 4
224 2
72 0
224 2
72 4
145 2
72 0
145 2
72 4
119 2
72 0
119 3
106 3
224 2
72 13
119 2
72 4
224 2
72 0
224 2
72 4
145 2
72 0
145 2
72 4
119 2
72 0
119 3
106 3
224 2
72 13
227 2
72 0
227 2
72 7
227 2
72 0
227 2
72 0
227 2
72 4
227 2
72 4
227 2
72 0
227 2
72 0
227 2
72 4
227 2
72 4
227 2
72 0
227 2
72 0
227 2
72 0
227 2
72 0
227 2
72 0
227 2
72 0
227 2
72 0
36 2
72 14
33 8
72 5
35 8
72 5
36 4
72 4
29 10
72 3
41 4
72 4
39 9
72 4
32 4
72 4
37 4
72 4
30 8
72 5
28 8
72 5
27 8
72 5
29 8
72 5
30 4
72 4
23 10
72 3
35 4
72 4
33 9
72 4
26 4
72 4
31 4
72 4
24 8
72 5
22 8
72 5
26 2
72 13
200 2
72 0
200 2
72 0
200 2
72 0
137 2
72 0
137 2
72 0
137 2
72 0
200 2
72 0
200 2
72 0
200 2
72 0
109 2
72 0
109 2
72 0
109 2
72 7
37 7
44 8
42 3
41 3
37 11
72 7
49 3
44 3
49 3
47 3
72 5
45 3
72 5
44 3
72 5
42 3
72 5
41 3
42 3
44 3
49 11
72 11
37 7
44 8
42 3
41 3
37 11
72 7
49 3
44 3
49 3
47 3
72 5
45 3
72 5
44 3
72 5
42 3
72 5
41 3
42 3
44 3
49 11
72 14
200 2
72 4
200 2
72 0
200 2
72 0
200 2
72 0
200 2
72 0
226 2
72 4
226 2
72 0
226 6
72 2
239 2
72 4
239 2
72 0
239 6
72 2
121 2
72 4
121 2
72 0
121 6
72 2
134 2
72 4
134 2
72 0
134 6
72 2
160 2
72 4
160 2
72 0
160 6
72 2
161 2
72 4
161 2
72 0
161 6
72 2
187 2
72 4
187 2
72 0
187 6
72 2
200 2
72 4
200 2
72 0
200 2
72 0
200 2
72 0
200 2
72 0
226 2
72 4
226 2
72 0
226 6
72 2
239 2
72 4
239 2
72 0
239 6
72 2
121 2
72 4
121 2
72 0
121 6
72 2
134 2
72 4
134 2
72 0
134 6
72 2
160 2
72 4
160 2
72 0
160 6
72 2
161 2
72 4
161 2
72 0
161 6
72 2
187 2
72 4
187 2
72 0
187 6
72 2
30 8
72 5
32 8
72 5
33 4
72 4
28 10
72 3
38 4
72 4
37 9
72 4
30 4
72 4
35 4
72 4
28 8
72 5
26 8
72 5
37 8
72 5
39 8
72 5
40 4
72 4
35 10
72 3
45 4
72 4
44 9
72 4
37 4
72 4
42 4
72 4
35 8
72 5
33 8
72 5
27 8
72 5
29 8
72 5
30 4
72 4
25 10
72 3
35 4
72 4
34 9
72 4
27 4
72 4
32 4
72 4
25 8
72 5
23 8
72 5
34 8
72 5
36 8
72 5
37 4
72 4
32 10
72 3
44 4
72 4
42 9
72 4
35 4
72 4
40 4
72 4
33 8
72 5
31 8
E
S
L
20 7
20 7
20 7
20 7
20 7
20 4
20 4
20 2
20 2
20 2
20 2
20 2
20 2
20 2
20 2
20 2
20 2
20 2
20 2
20 7
20 4
20 4
20 2
20 2
20 2
20 2
20 2
20 2
20 2
20 2
20 2
20 2
20 2
20 2
15 2
72 4
20 2
72 0
15 2
72 4
15 2
72 0
15 2
72 0
20 2
72 0
15 2
72 0
20 2
72 0
15 2
72 0
20 2
72 0
20 7
20 7
20 7
20 7
20 7
20 4
20 4
20 2
20 2
20 2
20 2
20 2
20 2
20 2
20 2
20 2
20 2
20 2
20 2
20 7
20 4
20 4
20 2
20 2
20 2
20 2
20 2
20 2
20 2
20 2
20 2
20 2
20 2
20 2
15 2
72 4
20 2
72 0
15 2
72 4
15 2
72 0
15 2
72 0
20 2
72 0
15 2
72 0
20 2
72 0
15 2
72 0
20 2
72 0
19 7
19 7
19 7
19 7
19 7
19 4
19 4
19 2
19 2
19 2
19 2
19 2
19 2
19 2
19 2
19 2
19 2
19 2
19 2
19 7
19 4
19 4
19 2
19 2
19 2
19 2
19 2
19 2
19 2
19 2
19 2
19 2
19 2
19 2
14 2
72 4
19 2
72 0
14 2
72 4
14 2
72 0
14 2
72 0
19 2
72 0
14 2
72 0
19 2
72 0
14 2
72 0
19 2
72 0
19 7
19 7
19 7
19 7
19 7
19 4
19 4
19 2
19 2
19 2
19 2
19 2
19 2
19 2
19 2
19 2
19 2
19 2
19 2
19 7
19 4
19 4
19 2
19 2
19 2
19 2
19 2
19 2
19 2
19 2
19 2
19 2
19 2
19 2
14 2
72 4
19 2
72 0
14 2
72 4
14 2
72 0
14 2
72 0
19 2
72 0
14 2
72 0
19 2
72 0
14 2
72 0
19 2
72 14
24 7
24 7
24 7
24 7
24 7
24 7
24 7
24 7
24 7
24 7
24 3
24 3
24 3
24 3
24 3
24 3
24 7
24 7
24 7
24 7
72 14
14 13
20 3
20 3
20 3
20 3
20 3
20 3
20 3
20 3
20 3
20 3
20 3
20 3
25 7
25 7
25 7
25 7
25 7
25 2
72 2
25 2
25 2
25 2
25 7
25 2
72 4
25 2
25 2
25 7
25 2
72 2
25 2
25 2
25 2
25 7
25 2
72 4
25 2
25 2
25 2
25 2
72 1
25 3
25 3
72 3
25 3
21 3
21 3
21 3
23 3
23 3
23 3
25 7
25 7
25 7
25 7
25 7
25 2
72 2
25 2
25 2
25 2
25 7
25 2
72 4
25 2
25 2
25 7
25 2
72 2
25 2
25 2
25 2
25 7
25 2
72 4
25 2
25 2
25 2
25 2
72 1
25 3
25 3
72 3
25 3
21 3
21 3
21 3
23 3
23 3
23 3
20 13
72 14
32 2
32 2
32 2
27 2
27 2
27 2
20 7
72 14
17 3
17 3
17 3
20 3
72 12
26 3
26 2
26 2
26 2
26 2
26 4
72 9
10 3
22 3
26 3
26 2
26 2
26 2
26 2
26 2
26 2
72 14
32 2
32 2
32 2
27 2
27 2
27 2
20 7
72 14
17 3
17 3
17 3
20 3
72 12
26 3
26 2
26 2
26 2
26 2
26 4
72 9
10 3
22 3
26 3
26 2
26 2
26 2
26 2
26 2
26 2
72 14
24 2
24 2
24 2
24 2
24 2
24 2
24 2
24 2
24 2
24 2
24 2
24 2
20 7
20 7
20 7
20 7
20 7
20 4
20 4
20 2
20 2
20 2
20 2
20 2
20 2
20 2
20 2
20 2
20 2
20 2
20 2
20 7
20 4
20 4
20 2
20 2
20 2
20 2
20 2
20 2
20 2
20 2
20 2
20 2
20 2
20 2
15 2
72 4
20 2
72 0
15 2
72 4
15 2
72 0
15 2
72 0
20 2
72 0
15 2
72 0
20 2
72 0
15 2
72 0
20 2
72 0
20 7
20 7
20 7
20 7
20 7
20 4
20 4
20 2
20 2
20 2
20 2
20 2
20 2
20 2
20 2
20 2
20 2
20 2
20 2
20 7
20 4
20 4
20 2
20 2
20 2
20 2
20 2
20 2
20 2
20 2
20 2
20 2
20 2
20 2
15 2
72 4
20 2
72 0
15 2
72 4
15 2
72 0
15 2
72 0
20 2
72 0
15 2
72 0
20 2
72 0
15 2
72 0
20 2
72 0
19 7
19 7
19 7
19 7
19 7
19 4
19 4
19 2
19 2
19 2
19 2
19 2
19 2
19 2
19 2
19 2
19 2
19 2
19 2
19 7
19 4
19 4
19 2
19 2
19 2
19 2
19 2
19 2
19 2
19 2
19 2
19 2
19 2
19 2
14 2
72 4
19 2
72 0
14 2
72 4
14 2
72 0
14 2
72 0
19 2
72 0
14 2
72 0
19 2
72 0
14 2
72 0
19 2
72 0
19 7
19 7
19 7
19 7
19 7
19 4
19 4
19 2
19 2
19 2
19 2
19 2
19 2
19 2
19 2
19 2
19 2
19 2
19 2
19 7
19 4
19 4
19 2
19 2
19 2
19 2
19 2
19 2
19 2
19 2
19 2
19 2
19 2
19 2
14 2
72 4
19 2
72 0
14 2
72 4
14 2
72 0
14 2
72 0
19 2
72 0
14 2
72 0
19 2
72 0
14 2
72 0
19 2
72 14
24 7
24 7
24 7
24 7
24 7
24 7
24 7
24 7
24 7
24 7
24 3
24 3
24 3
24 3
24 3
24 3
24 7
24 7
24 7
24 7
72 14
14 13
20 3
20 3
20 3
20 3
20 3
20 3
20 3
20 3
20 3
20 3
20 3
20 3
25 7
25 7
25 7
25 7
25 7
25 2
72 2
25 2
25 2
25 2
25 7
25 2
72 4
25 2
25 2
25 7
25 2
72 2
25 2
25 2
25 2
25 7
25 2
72 4
25 2
25 2
25 2
25 2
72 1
25 3
25 3
72 3
25 3
21 3
21 3
21 3
23 3
23 3
23 3
25 7
25 7
25 7
25 7
25 7
25 2
72 2
25 2
25 2
25 2
25 7
25 2
72 4
25 2
25 2
25 7
25 2
72 2
25 2
25 2
25 2
25 7
25 2
72 4
25 2
25 2
25 2
25 2
72 1
25 3
25 3
72 3
25 3
21 3
21 3
21 3
23 3
23 3
23 3
20 13
72 14
32 2
32 2
32 2
27 2
27 2
27 2
20 7
72 14
17 3
17 3
17 3
20 3
72 12
26 3
26 2
26 2
26 2
26 2
26 4
72 9
10 3
22 3
26 3
26 2
26 2
26 2
26 2
26 2
26 2
72 14
32 2
32 2
32 2
27 2
27 2
27 2
20 7
72 14
17 3
17 3
17 3
20 3
72 12
26 3
26 2
26 2
26 2
26 2
26 4
72 9
10 3
22 3
26 3
26 2
26 2
26 2
26 2
26 2
26 2
72 14
24 2
24 2
24 2
24 2
24 2
24 2
24 2
24 2
24 2
24 2
24 2
24 2
E
S
L
33 13
72 14
33 13
72 14
33 13
72 14
33 13
72 14
33 13
72 14
33 13
72 13
33 13
72 14
33 13
72 14
33 13
72 14
33 13
72 14
33 13
72 14
33 13
72 14
33 13
72 14
33 13
72 13
33 13
72 14
33 13
E
X
