minor
S
H
72 13
64 4
71 4
62 4
69 4
60 4
67 4
71 4
66 4
69 4
64 4
67 4
62 4
66 4
60 4
64 4
57 4
59 4
72 4
62 4
57 4
60 4
55 4
59 4
54 4
57 4
52 4
55 4
50 4
54 4
48 4
52 4
47 4
64 4
71 4
62 4
69 4
60 4
67 4
71 4
66 4
69 4
64 4
67 4
62 4
66 4
60 4
64 4
57 4
59 4
72 4
62 4
57 4
60 4
55 4
59 4
54 4
57 4
52 4
55 4
50 4
54 4
48 4
52 4
47 4
64 4
71 4
62 4
69 4
60 4
67 4
71 4
66 4
69 4
64 4
67 4
62 4
66 4
60 4
64 4
57 4
59 4
72 4
62 4
57 4
60 4
55 4
59 4
54 4
57 4
52 4
55 4
50 4
54 4
48 4
52 4
47 4
64 4
71 4
62 4
69 4
60 4
67 4
71 4
66 4
69 4
64 4
67 4
62 4
66 4
60 4
64 4
57 4
59 4
72 4
62 4
57 4
60 4
55 4
59 4
54 4
57 4
52 4
55 4
50 4
54 4
48 4
52 4
47 4
64 4
71 4
62 4
69 4
60 4
67 4
71 4
66 4
69 4
64 4
67 4
62 4
66 4
60 4
64 4
57 4
59 4
72 4
62 4
57 4
60 4
55 4
59 4
54 4
57 4
52 4
55 4
50 4
54 4
48 4
52 4
47 4
64 4
71 4
62 4
69 4
60 4
67 4
71 4
66 4
69 4
64 4
67 4
62 4
66 4
60 4
64 4
57 4
59 4
72 4
62 4
57 4
60 4
55 4
59 4
54 4
57 4
52 4
55 4
50 4
54 4
48 4
52 4
47 4
72 14
58 4
57 4
58 4
55 4
62 4
65 4
64 4
60 4
62 4
58 4
60 4
57 4
58 4
55 4
72 14
55 4
57 4
58 4
55 4
63 4
65 4
67 4
70 4
69 4
65 4
67 4
63 4
65 4
62 4
72 14
58 4
60 4
62 4
58 4
63 4
65 4
67 13
72 14
63 4
58 4
67 13
72 2
66 13
72 2
64 4
71 4
62 4
69 4
60 4
67 4
71 4
66 4
69 4
64 4
67 4
62 4
66 4
60 4
64 4
57 4
59 4
72 4
62 4
57 4
60 4
55 4
59 4
54 4
57 4
52 4
55 4
50 4
54 4
48 4
52 4
47 4
64 4
71 4
62 4
69 4
60 4
67 4
71 4
66 4
69 4
64 4
67 4
62 4
66 4
60 4
64 4
57 4
59 4
72 4
62 4
57 4
60 4
55 4
59 4
54 4
57 4
52 4
55 4
50 4
54 4
48 4
52 4
47 4
64 4
71 4
62 4
69 4
60 4
67 4
71 4
66 4
69 4
64 4
67 4
62 4
66 4
60 4
64 4
57 4
59 4
72 4
62 4
57 4
60 4
55 4
59 4
54 4
57 4
52 4
55 4
50 4
54 4
48 4
52 4
47 4
64 4
71 4
62 4
69 4
60 4
67 4
71 4
66 4
69 4
64 4
67 4
62 4
66 4
60 4
64 4
57 4
59 4
72 4
62 4
57 4
60 4
55 4
59 4
54 4
57 4
52 4
55 4
50 4
54 4
48 4
52 4
47 4
64 4
71 4
62 4
69 4
60 4
67 4
71 4
66 4
69 4
64 4
67 4
62 4
66 4
60 4
64 4
57 4
59 4
72 4
62 4
57 4
60 4
55 4
59 4
54 4
57 4
52 4
55 4
50 4
54 4
48 4
52 4
47 4
64 4
71 4
62 4
69 4
60 4
67 4
71 4
66 4
69 4
64 4
67 4
62 4
66 4
60 4
64 4
57 4
59 4
72 4
62 4
57 4
60 4
55 4
59 4
54 4
57 4
52 4
55 4
50 4
54 4
48 4
52 4
47 4
72 14
58 4
57 4
58 4
55 4
62 4
65 4
64 4
60 4
62 4
58 4
60 4
57 4
58 4
55 4
72 14
55 4
57 4
58 4
55 4
63 4
65 4
67 4
70 4
69 4
65 4
67 4
63 4
65 4
62 4
72 14
58 4
60 4
62 4
58 4
63 4
65 4
67 13
72 14
63 4
58 4
67 13
72 2
66 13
E
S
L
14 13
16 14
72 2
14 10
72 2
12 14
72 2
14 10
72 2
16 14
72 2
14 10
72 2
12 14
72 2
14 10
72 2
16 14
72 2
14 10
72 2
12 14
72 2
14 10
72 2
19 7
19 7
19 7
19 7
19 7
19 7
19 7
19 7
19 7
19 7
19 7
19 7
19 7
19 7
17 7
17 7
15 7
15 7
15 7
15 7
15 7
15 7
15 7
15 7
15 7
15 7
15 7
15 7
15 7
15 7
14 7
14 7
12 14
72 2
12 10
72 2
15 13
72 2
12 12
72 2
15 6
72 2
19 13
72 2
14 13
72 2
16 14
72 2
14 10
72 2
12 14
72 2
14 10
72 2
16 14
72 2
14 10
72 2
12 14
72 2
14 10
72 2
16 14
72 2
14 10
72 2
12 14
72 2
14 10
72 2
19 7
19 7
19 7
19 7
19 7
19 7
19 7
19 7
19 7
19 7
19 7
19 7
19 7
19 7
17 7
17 7
15 7
15 7
15 7
15 7
15 7
15 7
15 7
15 7
15 7
15 7
15 7
15 7
15 7
15 7
14 7
14 7
12 14
72 2
12 10
72 2
15 13
72 2
12 12
72 2
15 6
72 2
19 13
72 2
14 13
E
S
H
72 14
40 10
72 2
35 12
72 2
40 4
42 4
43 4
40 4
47 4
50 4
49 8
72 1
45 4
47 13
72 2
40 8
72 1
42 4
43 12
72 2
40 4
42 4
43 6
72 2
45 4
50 4
47 8
72 1
45 4
47 13
72 2
40 10
72 2
35 12
72 2
40 4
42 4
43 4
40 4
47 4
50 4
49 8
72 1
50 4
47 13
72 2
40 8
72 1
42 4
43 12
72 2
40 4
42 4
43 4
40 4
45 4
50 4
52 8
72 1
50 4
52 13
72 2
43 4
45 4
46 4
43 4
53 6
72 2
52 6
72 2
50 12
72 2
48 6
72 2
50 14
72 2
43 4
45 4
46 4
43 4
53 6
72 2
55 6
72 2
51 12
72 2
50 6
72 2
51 14
72 2
36 4
38 4
39 4
36 4
46 6
72 2
48 6
72 2
46 12
72 2
45 6
72 2
43 13
72 2
43 6
72 2
36 4
38 4
39 12
72 2
36 4
38 4
39 8
72 1
42 4
42 6
72 2
46 6
72 2
48 10
72 2
46 10
72 2
45 13
72 14
40 10
72 2
35 12
72 2
40 4
42 4
43 4
40 4
47 4
50 4
49 8
72 1
45 4
47 13
72 2
40 8
72 1
42 4
43 12
72 2
40 4
42 4
43 6
72 2
45 4
50 4
47 8
72 1
45 4
47 13
72 2
40 10
72 2
35 12
72 2
40 4
42 4
43 4
40 4
47 4
50 4
49 8
72 1
50 4
47 13
72 2
40 8
72 1
42 4
43 12
72 2
40 4
42 4
43 4
40 4
45 4
50 4
52 8
72 1
50 4
52 13
72 2
43 4
45 4
46 4
43 4
53 6
72 2
52 6
72 2
50 12
72 2
48 6
72 2
50 14
72 2
43 4
45 4
46 4
43 4
53 6
72 2
55 6
72 2
51 12
72 2
50 6
72 2
51 14
72 2
36 4
38 4
39 4
36 4
46 6
72 2
48 6
72 2
46 12
72 2
45 6
72 2
43 13
72 2
43 6
72 2
36 4
38 4
39 12
72 2
36 4
38 4
39 8
72 1
42 4
42 6
72 2
46 6
72 2
48 10
72 2
46 10
72 2
45 13
E
S
H
72 12
38 0
40 0
72 2
42 0
72 0
43 0
72 1
45 0
72 1
47 0
72 0
48 0
50 0
72 2
52 4
47 4
45 4
50 4
43 4
48 4
42 4
47 4
40 4
47 4
45 4
50 4
43 4
48 4
42 4
47 4
40 4
47 4
45 4
50 4
43 4
48 4
42 4
47 4
40 4
47 4
45 4
50 4
43 4
48 4
42 4
47 4
40 4
47 4
45 4
50 4
43 4
48 4
42 4
47 4
40 4
47 4
45 4
50 4
43 4
48 4
42 4
47 4
40 4
47 4
45 4
50 4
43 4
48 4
42 4
47 4
40 4
47 4
45 4
50 4
43 4
48 4
42 4
47 4
40 4
47 4
45 4
50 4
43 4
48 4
42 4
47 4
40 4
47 4
45 4
50 4
43 4
48 4
42 4
47 4
40 4
47 4
45 4
50 4
43 4
48 4
42 4
47 4
40 4
47 4
45 4
50 4
43 4
48 4
42 4
47 4
40 4
47 4
45 4
50 4
43 4
48 4
42 4
47 4
40 4
47 4
45 4
50 4
43 4
48 4
42 4
47 4
40 4
47 4
45 4
50 4
43 4
48 4
42 4
47 4
40 4
47 4
45 4
50 4
43 4
48 4
42 4
47 4
40 4
47 4
45 4
50 4
43 4
48 4
42 4
47 4
40 4
47 4
45 4
50 4
43 4
48 4
42 4
47 4
40 4
47 4
45 4
50 4
43 4
48 4
42 4
47 4
40 4
47 4
45 4
50 4
43 4
48 4
42 4
47 4
40 4
47 4
45 4
50 4
43 4
48 4
42 4
47 4
40 4
47 4
45 4
50 4
43 4
48 4
42 4
47 4
40 4
47 4
45 4
50 4
43 4
48 4
42 4
47 4
40 4
47 4
45 4
50 4
43 4
50 2
52 2
54 2
55 2
57 2
58 2
72 14
43 0
72 1
45 0
72 0
46 0
48 0
72 2
50 8
72 1
41 0
72 1
43 0
72 0
45 0
46 0
72 2
48 6
72 14
39 0
72 1
41 0
72 0
43 0
45 0
72 2
46 6
72 6
43 0
72 1
45 0
72 0
46 0
48 0
72 2
50 6
72 2
41 2
43 2
45 2
46 2
48 4
55 4
53 4
58 4
51 6
72 2
50 6
72 2
48 4
55 4
53 4
58 4
51 6
72 2
50 6
72 2
48 4
55 4
53 4
58 4
51 6
72 2
50 6
72 2
48 4
55 4
53 4
58 4
51 6
72 2
50 6
72 2
45 6
72 14
38 0
40 0
72 2
41 0
72 0
43 0
72 1
45 0
72 1
46 0
72 0
48 0
50 0
72 2
52 4
47 4
45 4
50 4
43 4
48 4
42 4
47 4
40 4
47 4
45 4
50 4
43 4
48 4
42 4
47 4
40 4
47 4
45 4
50 4
43 4
48 4
42 4
47 4
40 4
47 4
45 4
50 4
43 4
48 4
42 4
47 4
40 4
47 4
45 4
50 4
43 4
48 4
42 4
47 4
40 4
47 4
45 4
50 4
43 4
48 4
42 4
47 4
40 4
47 4
45 4
50 4
43 4
48 4
42 4
47 4
40 4
47 4
45 4
50 4
43 4
48 4
42 4
47 4
40 4
47 4
45 4
50 4
43 4
48 4
42 4
47 4
40 4
47 4
45 4
50 4
43 4
48 4
42 4
47 4
40 4
47 4
45 4
50 4
43 4
48 4
42 4
47 4
40 4
47 4
45 4
50 4
43 4
48 4
42 4
47 4
40 4
47 4
45 4
50 4
43 4
48 4
42 4
47 4
40 4
47 4
45 4
50 4
43 4
48 4
42 4
47 4
40 4
47 4
45 4
50 4
43 4
48 4
42 4
47 4
40 4
47 4
45 4
50 4
43 4
48 4
42 4
47 4
40 4
47 4
45 4
50 4
43 4
48 4
42 4
47 4
40 4
47 4
45 4
50 4
43 4
48 4
42 4
47 4
40 4
47 4
45 4
50 4
43 4
48 4
42 4
47 4
40 4
47 4
45 4
50 4
43 4
48 4
42 4
47 4
40 4
47 4
45 4
50 4
43 4
48 4
42 4
47 4
40 4
47 4
45 4
50 4
43 4
48 4
42 4
47 4
40 4
47 4
45 4
50 4
43 4
48 4
42 4
47 4
40 4
47 4
45 4
50 4
43 4
50 2
52 2
54 2
55 2
57 2
58 2
72 14
43 0
72 1
45 0
72 0
46 0
48 0
72 2
50 8
72 1
41 0
72 1
43 0
72 0
45 0
46 0
72 2
48 6
72 14
39 0
72 1
41 0
72 0
43 0
45 0
72 2
46 6
72 6
43 0
72 1
45 0
72 0
46 0
48 0
72 2
50 6
72 2
41 2
43 2
45 2
46 2
48 4
55 4
53 4
58 4
51 6
72 2
50 6
72 2
48 4
55 4
53 4
58 4
51 6
72 2
50 6
72 2
48 4
55 4
53 4
58 4
51 6
72 2
50 6
72 2
48 4
55 4
53 4
58 4
51 6
72 2
50 6
72 2
45 6
72 14
38 0
40 0
72 2
41 0
72 0
43 0
72 1
45 0
72 1
46 0
72 0
48 0
50 0
E
S
H
72 14
43 13
72 14
43 13
72 14
43 13
72 14
43 13
72 14
43 13
72 14
43 13
72 14
43 13
72 14
43 13
72 14
43 13
72 14
43 13
E
S
L
72 13
113 13
72 14
113 13
72 14
113 13
72 14
12 6
72 14
12 6
72 14
12 6
72 14
12 6
72 14
12 6
72 14
12 6
72 14
12 6
72 14
12 6
72 13
113 13
72 14
113 13
72 14
113 13
72 14
12 6
72 14
12 6
72 14
12 6
72 14
12 6
72 14
12 6
72 14
12 6
72 14
12 6
72 14
12 6
E
S
H
72 14
43 10
72 2
43 10
72 13
43 10
72 2
43 10
72 13
43 10
72 2
43 10
72 13
43 10
72 2
43 10
72 13
39 10
72 2
39 10
72 13
39 10
72 2
39 10
72 13
39 10
72 11
39 10
72 14
43 10
72 2
43 10
72 13
43 10
72 2
43 10
72 13
43 10
72 2
43 10
72 13
43 10
72 2
43 10
72 13
39 10
72 2
39 10
72 13
39 10
72 2
39 10
72 13
39 10
72 11
39 10
E
S
H
72 13
160 2
72 6
47 2
72 6
160 2
72 6
47 2
72 6
160 2
72 6
47 2
72 6
160 2
72 6
47 2
72 6
160 2
72 6
47 2
72 6
160 2
72 6
47 2
72 6
160 2
72 6
47 2
72 6
134 2
72 6
47 2
72 6
160 2
72 6
47 2
72 6
160 2
72 6
47 2
72 6
160 2
72 6
47 2
72 6
160 2
72 6
47 2
72 6
160 2
72 6
47 2
72 6
160 2
72 6
47 2
72 6
160 2
72 6
47 2
72 6
134 2
72 6
47 2
72 6
160 2
72 6
47 2
72 6
160 2
72 6
47 2
72 6
160 2
72 6
47 2
72 6
160 2
72 6
47 2
72 6
160 2
72 6
47 2
72 6
160 2
72 6
47 2
72 6
160 2
72 6
47 2
72 6
134 2
72 6
47 2
72 6
160 2
72 6
47 2
72 6
160 2
72 6
47 2
72 6
160 2
72 6
47 2
72 6
160 2
72 6
47 2
72 6
160 2
72 6
47 2
72 6
160 2
72 6
47 2
72 6
160 2
72 6
47 2
72 6
134 2
72 6
47 2
72 6
160 2
72 6
47 2
72 6
160 2
72 6
47 2
72 6
160 2
72 6
47 2
72 6
160 2
72 6
47 2
72 6
160 2
72 6
47 2
72 6
160 2
72 6
47 2
72 6
160 2
72 6
47 2
72 6
134 2
72 6
47 2
72 6
160 2
72 6
47 2
72 6
160 2
72 6
47 2
72 6
160 2
72 6
47 2
72 6
160 2
72 6
47 2
72 6
160 2
72 6
47 2
72 6
160 2
72 6
47 2
72 6
160 2
72 6
47 2
72 6
134 2
72 6
47 2
72 12
31 6
72 2
33 6
72 2
34 6
72 2
36 6
72 2
38 6
72 2
41 6
72 2
43 14
72 11
27 6
72 2
29 6
72 2
31 6
72 2
33 6
72 2
34 6
72 2
38 6
72 2
39 13
72 2
38 10
72 11
24 6
72 2
26 6
72 2
27 6
72 2
29 6
72 2
31 6
72 2
34 6
72 2
36 13
72 12
36 4
38 4
39 4
38 4
36 4
34 4
72 14
160 2
72 6
47 2
72 6
160 2
72 6
47 2
72 6
160 2
72 6
47 2
72 6
160 2
72 6
47 2
72 6
160 2
72 6
47 2
72 6
160 2
72 6
47 2
72 6
160 2
72 6
47 2
72 6
134 2
72 6
47 2
72 6
160 2
72 6
47 2
72 6
160 2
72 6
47 2
72 6
160 2
72 6
47 2
72 6
160 2
72 6
47 2
72 6
160 2
72 6
47 2
72 6
160 2
72 6
47 2
72 6
160 2
72 6
47 2
72 6
134 2
72 6
47 2
72 6
160 2
72 6
47 2
72 6
160 2
72 6
47 2
72 6
160 2
72 6
47 2
72 6
160 2
72 6
47 2
72 6
160 2
72 6
47 2
72 6
160 2
72 6
47 2
72 6
160 2
72 6
47 2
72 6
134 2
72 6
47 2
72 6
160 2
72 6
47 2
72 6
160 2
72 6
47 2
72 6
160 2
72 6
47 2
72 6
160 2
72 6
47 2
72 6
160 2
72 6
47 2
72 6
160 2
72 6
47 2
72 6
160 2
72 6
47 2
72 6
134 2
72 6
47 2
72 6
160 2
72 6
47 2
72 6
160 2
72 6
47 2
72 6
160 2
72 6
47 2
72 6
160 2
72 6
47 2
72 6
160 2
72 6
47 2
72 6
160 2
72 6
47 2
72 6
160 2
72 6
47 2
72 6
134 2
72 6
47 2
72 6
160 2
72 6
47 2
72 6
160 2
72 6
47 2
72 6
160 2
72 6
47 2
72 6
160 2
72 6
47 2
72 6
160 2
72 6
47 2
72 6
160 2
72 6
47 2
72 6
160 2
72 6
47 2
72 6
134 2
72 6
47 2
72 12
31 6
72 2
33 6
72 2
34 6
72 2
36 6
72 2
38 6
72 2
41 6
72 2
43 14
72 11
27 6
72 2
29 6
72 2
31 6
72 2
33 6
72 2
34 6
72 2
38 6
72 2
39 13
72 2
38 10
72 11
24 6
72 2
26 6
72 2
27 6
72 2
29 6
72 2
31 6
72 2
34 6
72 2
36 13
72 12
36 4
38 4
39 4
38 4
36 4
34 4
E
S
H
72 11
60 2
59 2
57 2
55 2
54 2
52 2
50 2
48 2
47 2
45 2
43 2
42 2
40 2
38 2
72 14
60 2
59 2
57 2
55 2
54 2
52 2
50 2
48 2
47 2
45 2
43 2
42 2
40 2
38 2
72 14
60 2
59 2
57 2
55 2
54 2
52 2
50 2
48 2
47 2
45 2
43 2
42 2
40 2
38 2
72 14
38 2
40 2
42 2
43 2
45 2
47 2
48 2
50 2
52 2
53 2
55 2
57 2
58 2
60 2
72 14
60 2
58 2
57 2
55 2
53 2
52 2
50 2
48 2
46 2
45 2
43 2
41 2
40 2
38 2
72 14
60 2
58 2
57 2
55 2
53 2
52 2
50 2
48 2
46 2
45 2
43 2
41 2
40 2
38 2
72 14
60 2
58 2
57 2
55 2
53 2
52 2
50 2
48 2
46 2
45 2
43 2
41 2
40 2
38 2
72 14
38 2
40 2
41 2
43 2
45 2
46 2
48 2
50 2
52 2
53 2
55 2
57 2
58 2
60 2
72 14
60 2
58 2
57 2
55 2
53 2
52 2
E
X
