major
S
L
72 14
21 13
16 13
14 13
26 13
E
S
L
72 14
16 0
16 0
72 2
16 0
72 0
16 0
72 1
16 0
72 1
16 0
72 0
16 0
16 0
72 2
16 0
16 0
72 2
16 0
72 0
16 0
72 1
16 0
72 1
16 0
72 0
16 0
16 0
72 2
16 0
16 0
72 2
16 0
72 0
16 0
72 1
16 0
72 1
16 0
72 0
16 0
16 0
72 2
16 0
16 0
72 2
16 0
72 0
16 0
72 1
16 0
72 1
16 0
72 0
16 0
16 0
E
S
L
72 14
25 0
25 0
72 2
25 0
72 0
25 0
72 1
25 0
72 1
25 0
72 0
25 0
25 0
72 2
25 0
25 0
72 2
25 0
72 0
25 0
72 1
25 0
72 1
25 0
72 0
25 0
25 0
72 2
25 0
25 0
72 2
25 0
72 0
25 0
72 1
25 0
72 1
25 0
72 0
25 0
25 0
72 2
25 0
25 0
72 2
25 0
72 0
25 0
72 1
25 0
72 1
25 0
72 0
25 0
25 0
72 2
25 0
25 0
72 2
25 0
72 0
25 0
72 1
25 0
72 1
25 0
72 0
25 0
25 0
72 2
25 0
25 0
72 2
25 0
72 0
25 0
72 1
25 0
72 1
25 0
72 0
25 0
25 0
72 2
25 0
25 0
72 2
25 0
72 0
25 0
72 1
25 0
72 1
25 0
72 0
25 0
25 0
72 2
25 0
25 0
72 2
25 0
72 0
25 0
72 1
25 0
72 1
25 0
72 0
25 2
E
S
L
72 14
35 13
33 7
32 6
30 6
28 6
30 7
33 7
40 7
42 7
38 11
38 11
35 13
40 12
72 11
213 11
149 7
1168 11
72 11
26 7
175 11
134 9
72 4
211 7
131 7
182 7
218 13
72 14
34 13
33 11
32 14
E
X
