major
S
L
72 13
2 3
72 1
3 3
72 1
0 3
72 1
0 3
72 1
0 3
72 1
0 3
72 1
0 3
72 1
0 3
72 1
10 3
72 1
0 3
72 1
0 3
72 1
0 3
72 1
0 3
72 1
0 3
72 1
0 3
72 1
0 3
72 1
2 3
72 1
3 3
72 1
0 3
72 1
0 3
72 1
0 3
72 1
0 3
72 1
7 3
72 1
6 6
72 2
6 3
72 1
6 7
5 6
72 2
4 6
72 2
2 3
72 1
3 3
72 1
0 3
72 1
0 3
72 1
0 3
72 1
0 3
72 1
0 3
72 1
0 3
72 1
10 3
72 1
0 3
72 1
0 3
72 1
0 3
72 1
0 3
72 1
0 3
72 1
0 3
72 1
0 3
72 1
2 3
72 1
3 3
72 1
0 3
72 1
0 3
72 1
0 3
72 1
0 3
72 1
7 3
72 1
6 9
9 7
7 6
72 2
6 4
4 4
4 11
2 4
4 4
0 9
7 7
6 4
4 7
2 4
0 11
11 4
0 4
2 9
2 7
2 6
2 6
2 4
4 11
2 4
4 4
0 9
7 7
6 7
4 4
9 12
7 4
9 7
7 11
6 11
2 3
72 1
3 3
72 1
0 3
72 1
0 3
72 1
0 3
72 1
0 3
72 1
0 3
72 1
0 3
72 1
10 3
72 1
0 3
72 1
0 3
72 1
0 3
72 1
0 3
72 1
0 3
72 1
0 3
72 1
0 3
72 1
2 3
72 1
3 3
72 1
0 3
72 1
0 3
72 1
0 3
72 1
0 3
72 1
7 3
72 1
6 6
72 2
6 3
72 1
6 7
5 6
72 2
4 6
72 2
2 3
72 1
3 3
72 1
0 3
72 1
0 3
72 1
0 3
72 1
0 3
72 1
0 3
72 1
0 3
72 1
10 3
72 1
0 3
72 1
0 3
72 1
0 3
72 1
0 3
72 1
0 3
72 1
0 3
72 1
0 3
72 1
2 3
72 1
3 3
72 1
0 3
72 1
0 3
72 1
0 3
72 1
0 3
72 1
7 3
72 1
6 9
9 7
7 6
72 2
6 4
4 4
4 11
2 4
4 4
0 9
7 7
6 4
4 7
2 4
0 11
11 4
0 4
2 9
2 7
2 6
2 6
2 4
4 11
2 4
4 4
0 9
7 7
6 7
4 4
9 12
7 4
9 7
7 11
6 11
2 3
72 1
3 3
72 1
0 3
72 1
0 3
72 1
0 3
72 1
0 3
72 1
0 3
72 1
0 3
72 1
10 3
72 1
0 3
72 1
0 3
72 1
0 3
72 1
0 3
72 1
0 3
72 1
0 3
72 1
0 3
72 1
2 3
72 1
3 3
72 1
0 3
72 1
0 3
72 1
0 3
72 1
0 3
72 1
7 3
72 1
6 6
72 2
6 3
72 1
6 7
5 6
72 2
4 6
72 2
2 3
72 1
3 3
72 1
0 3
72 1
0 3
72 1
0 3
72 1
0 3
72 1
0 3
72 1
0 3
72 1
10 3
72 1
0 3
72 1
0 3
72 1
0 3
72 1
0 3
72 1
0 3
72 1
0 3
72 1
0 3
72 1
2 3
72 1
3 3
72 1
0 3
72 1
0 3
72 1
0 3
72 1
0 3
72 1
7 3
72 1
6 9
9 7
7 6
72 2
6 4
4 4
E
S
L
72 13
14 2
72 2
15 2
72 2
12 2
72 2
12 2
12 2
12 2
72 2
12 2
12 2
12 2
72 2
12 2
12 2
10 2
72 2
12 2
72 2
12 2
72 2
12 2
12 2
12 2
72 2
12 2
12 2
12 2
72 2
12 2
12 2
14 2
72 2
15 2
72 2
12 2
72 2
12 2
12 2
12 2
72 2
12 2
12 2
19 2
72 2
18 2
18 2
72 4
18 2
72 2
18 2
72 2
18 2
72 2
17 2
72 2
17 2
72 2
15 2
72 2
15 2
72 2
14 2
72 2
15 2
72 2
12 2
72 2
12 2
12 2
12 2
72 2
12 2
12 2
12 2
72 2
12 2
12 2
10 2
72 2
12 2
12 2
12 2
72 2
12 2
12 2
12 2
72 2
12 2
12 2
12 2
72 2
12 2
12 2
14 2
72 2
15 2
72 2
12 2
72 2
12 2
12 2
12 2
72 2
12 2
12 2
19 2
72 2
18 2
18 2
72 4
18 2
72 2
18 2
72 2
18 2
72 2
17 2
72 2
17 2
72 2
15 2
72 2
15 2
72 2
16 2
72 2
16 2
72 2
16 4
16 2
72 2
16 2
72 2
16 4
16 2
72 2
16 2
72 2
12 2
72 2
12 2
72 2
12 4
12 2
72 2
12 2
72 2
12 4
12 2
72 2
12 2
72 2
12 2
72 2
12 2
72 2
12 4
12 2
72 2
12 2
72 2
12 4
12 2
72 2
12 2
72 2
14 4
14 2
72 2
14 4
14 2
72 2
14 6
14 6
14 2
72 2
16 2
72 2
16 2
72 2
16 4
16 2
72 2
16 2
72 2
16 4
16 2
72 2
16 2
72 2
12 2
72 2
12 2
72 2
12 4
12 2
72 2
12 2
72 2
12 4
12 2
72 2
12 2
72 2
9 2
72 2
9 2
72 2
9 4
9 2
72 2
9 2
72 2
9 4
9 2
72 2
12 2
72 2
14 4
14 2
72 2
14 4
14 2
72 2
14 6
14 6
14 2
72 2
14 2
72 2
15 2
72 2
12 2
72 2
12 2
12 2
12 2
72 2
12 2
12 2
12 2
72 2
12 2
12 2
10 2
72 2
12 2
72 2
12 2
72 2
12 2
12 2
12 2
72 2
12 2
12 2
12 2
72 2
12 2
12 2
14 2
72 2
15 2
72 2
12 2
72 2
12 2
12 2
12 2
72 2
12 2
12 2
19 2
72 2
18 2
18 2
72 4
18 2
72 2
18 2
72 2
18 2
72 2
17 2
72 2
17 2
72 2
15 2
72 2
15 2
72 2
14 2
72 2
15 2
72 2
12 2
72 2
12 2
12 2
12 2
72 2
12 2
12 2
12 2
72 2
12 2
12 2
10 2
72 2
12 2
12 2
12 2
72 2
12 2
12 2
12 2
72 2
12 2
12 2
12 2
72 2
12 2
12 2
14 2
72 2
15 2
72 2
12 2
72 2
12 2
12 2
12 2
72 2
12 2
12 2
19 2
72 2
18 2
18 2
72 4
18 2
72 2
18 2
72 2
18 2
72 2
17 2
72 2
17 2
72 2
15 2
72 2
15 2
72 2
16 2
72 2
16 2
72 2
16 4
16 2
72 2
16 2
72 2
16 4
16 2
72 2
16 2
72 2
12 2
72 2
12 2
72 2
12 4
12 2
72 2
12 2
72 2
12 4
12 2
72 2
12 2
72 2
12 2
72 2
12 2
72 2
12 4
12 2
72 2
12 2
72 2
12 4
12 2
72 2
12 2
72 2
14 4
14 2
72 2
14 4
14 2
72 2
14 6
14 6
14 2
72 2
16 2
72 2
16 2
72 2
16 4
16 2
72 2
16 2
72 2
16 4
16 2
72 2
16 2
72 2
12 2
72 2
12 2
72 2
12 4
12 2
72 2
12 2
72 2
12 4
12 2
72 2
12 2
72 2
9 2
72 2
9 2
72 2
9 4
9 2
72 2
9 2
72 2
9 4
9 2
72 2
12 2
72 2
14 4
14 2
72 2
14 4
14 2
72 2
14 6
14 6
14 2
72 2
14 2
72 2
15 2
72 2
12 2
72 2
12 2
12 2
12 2
72 2
12 2
12 2
12 2
72 2
12 2
12 2
10 2
72 2
12 2
72 2
12 2
72 2
12 2
12 2
12 2
72 2
12 2
12 2
12 2
72 2
12 2
12 2
14 2
72 2
15 2
72 2
12 2
72 2
12 2
12 2
12 2
72 2
12 2
12 2
19 2
72 2
18 2
18 2
72 4
18 2
72 2
18 2
72 2
18 2
72 2
17 2
72 2
17 2
72 2
15 2
72 2
15 2
72 2
14 2
72 2
15 2
72 2
12 2
72 2
12 2
12 2
12 2
72 2
12 2
12 2
12 2
72 2
12 2
12 2
10 2
72 2
12 2
12 2
12 2
72 2
12 2
12 2
12 2
72 2
12 2
12 2
12 2
72 2
12 2
12 2
14 2
72 2
15 2
72 2
12 2
72 2
12 2
12 2
12 2
72 2
12 2
12 2
19 2
72 2
18 2
18 2
72 4
18 2
72 2
18 2
72 2
18 2
72 2
17 2
72 2
17 2
72 2
15 2
72 2
15 2
E
S
H
72 13
36 11
48 7
47 4
46 11
43 7
48 7
43 4
48 11
47 7
46 11
48 11
36 11
48 7
47 4
46 11
43 7
48 7
43 4
48 11
47 7
50 11
48 11
40 4
43 4
40 4
47 11
40 4
43 7
42 7
43 6
42 6
40 4
42 7
43 7
45 7
47 7
45 11
43 6
42 8
40 4
43 4
40 4
47 11
40 4
36 4
40 4
36 4
45 11
40 7
38 4
40 7
40 4
42 4
40 4
40 4
40 4
42 4
43 4
45 7
47 4
48 4
36 11
48 7
47 4
46 11
43 7
48 7
43 4
48 11
47 7
46 11
48 11
36 11
48 7
47 4
46 11
43 7
48 7
43 4
48 11
47 7
50 11
48 11
40 4
43 4
40 4
47 11
40 4
43 7
42 7
43 6
42 6
40 4
42 7
43 7
45 7
47 7
45 11
43 6
42 8
40 4
43 4
40 4
47 11
40 4
36 4
40 4
36 4
45 11
40 7
38 4
40 7
40 4
42 4
40 4
40 4
40 4
42 4
43 4
45 7
47 4
48 4
36 11
48 7
47 4
46 11
43 7
48 7
43 4
48 11
47 7
46 11
48 11
36 11
48 7
47 4
46 11
43 7
48 7
43 4
48 11
47 7
50 11
48 11
E
S
H
72 13
39 4
36 4
43 4
42 4
39 4
36 4
43 4
42 4
39 4
36 4
46 4
45 4
39 4
36 4
46 4
45 4
39 4
36 4
39 4
43 4
39 4
36 4
39 4
43 4
39 4
36 4
39 4
41 4
39 4
36 4
39 4
41 4
39 4
36 4
43 4
42 4
39 4
36 4
43 4
42 4
39 4
36 4
46 4
45 4
39 4
36 4
46 4
45 4
39 4
36 4
39 4
43 4
39 4
36 4
39 4
45 9
45 7
45 7
45 7
47 4
43 4
40 4
47 4
43 4
40 4
47 4
43 4
40 4
47 4
43 4
40 4
47 4
43 4
40 4
43 4
45 4
42 4
38 4
45 4
42 4
38 4
45 4
42 4
38 4
45 4
42 4
38 4
45 4
42 4
38 4
42 4
47 4
43 4
40 4
47 4
43 4
40 4
47 4
43 4
40 4
47 4
43 4
40 4
47 4
43 4
40 4
43 4
45 4
42 4
40 4
45 4
42 4
40 4
45 4
42 4
40 4
45 4
42 4
40 4
45 4
42 4
40 4
42 4
39 4
36 4
43 4
42 4
39 4
36 4
43 4
42 4
39 4
36 4
46 4
45 4
39 4
36 4
46 4
45 4
39 4
36 4
39 4
43 4
39 4
36 4
39 4
43 4
39 4
36 4
39 4
41 4
39 4
36 4
39 4
41 4
39 4
36 4
43 4
42 4
39 4
36 4
43 4
42 4
39 4
36 4
46 4
45 4
39 4
36 4
46 4
45 4
39 4
36 4
39 4
43 4
39 4
36 4
39 4
45 9
45 7
45 7
45 7
47 4
43 4
40 4
47 4
43 4
40 4
47 4
43 4
40 4
47 4
43 4
40 4
47 4
43 4
40 4
43 4
45 4
42 4
38 4
45 4
42 4
38 4
45 4
42 4
38 4
45 4
42 4
38 4
45 4
42 4
38 4
42 4
47 4
43 4
40 4
47 4
43 4
40 4
47 4
43 4
40 4
47 4
43 4
40 4
47 4
43 4
40 4
43 4
45 4
42 4
40 4
45 4
42 4
40 4
45 4
42 4
40 4
45 4
42 4
40 4
45 4
42 4
40 4
42 4
39 4
36 4
43 4
42 4
39 4
36 4
43 4
42 4
39 4
36 4
46 4
45 4
39 4
36 4
46 4
45 4
39 4
36 4
39 4
43 4
39 4
36 4
39 4
43 4
39 4
36 4
39 4
41 4
39 4
36 4
39 4
41 4
39 4
36 4
43 4
42 4
39 4
36 4
43 4
42 4
39 4
36 4
46 4
45 4
39 4
36 4
46 4
45 4
39 4
36 4
39 4
43 4
39 4
36 4
39 4
45 9
45 7
45 7
45 7
E
S
L
25 7
14 0
14 0
14 0
14 0
14 0
14 0
14 0
14 0
14 0
14 0
14 0
25 7
14 0
14 0
14 0
14 0
14 0
14 0
14 0
14 0
14 0
33 7
14 0
14 0
14 0
25 7
14 0
14 0
14 0
14 0
14 0
14 0
14 0
14 0
14 0
14 0
14 0
14 0
25 7
14 0
14 0
14 0
14 0
14 0
14 0
14 0
14 0
14 0
33 7
14 0
14 0
14 0
25 7
14 0
14 0
14 0
14 0
14 0
14 0
14 0
14 0
14 0
14 0
14 0
25 7
14 0
14 0
14 0
14 0
14 0
14 0
14 0
14 0
14 0
33 7
14 0
14 0
14 0
25 7
14 0
14 0
14 0
14 0
14 0
14 0
14 0
14 0
14 0
14 0
14 0
14 0
25 7
14 0
14 0
14 0
14 0
14 0
14 0
14 0
14 0
14 0
33 7
14 0
14 0
14 0
25 7
14 0
14 0
14 0
14 0
14 0
14 0
14 0
14 0
14 0
14 0
14 0
25 7
14 0
14 0
14 0
14 0
14 0
14 0
14 0
14 0
14 0
33 7
14 0
14 0
14 0
E
S
H
72 13
140 4
101 4
192 4
179 11
140 4
101 4
231 4
218 11
140 4
101 4
140 4
166 4
192 4
166 4
140 4
179 11
192 7
218 7
140 4
101 4
192 4
179 11
140 4
101 4
231 4
218 11
140 4
101 4
140 4
166 4
192 4
166 4
192 4
218 9
179 7
101 7
244 7
192 11
153 4
192 4
218 4
101 7
244 7
218 7
192 4
218 12
192 4
218 4
192 4
179 7
179 7
192 6
218 8
192 11
153 4
192 4
218 4
101 7
244 7
218 7
192 4
218 12
244 4
101 4
127 4
153 11
127 11
140 4
101 4
192 4
179 11
140 4
101 4
231 4
218 11
140 4
101 4
140 4
166 4
192 4
166 4
140 4
179 11
192 7
218 7
140 4
101 4
192 4
179 11
140 4
101 4
231 4
218 11
140 4
101 4
140 4
166 4
192 4
166 4
192 4
218 9
179 7
101 7
244 7
192 11
153 4
192 4
218 4
101 7
244 7
218 7
192 4
218 12
192 4
218 4
192 4
179 7
179 7
192 6
218 8
192 11
153 4
192 4
218 4
101 7
244 7
218 7
192 4
218 12
244 4
101 4
127 4
153 11
127 11
140 4
101 4
192 4
179 11
140 4
101 4
231 4
218 11
140 4
101 4
140 4
166 4
192 4
166 4
140 4
179 11
192 7
218 7
140 4
101 4
192 4
179 11
140 4
101 4
231 4
218 11
140 4
101 4
140 4
166 4
192 4
166 4
192 4
218 9
179 7
101 7
244 7
E
S
H
72 13
140 4
101 4
192 4
179 11
140 4
101 4
231 4
218 11
140 4
101 4
140 4
166 4
192 4
166 4
140 4
179 11
192 7
218 7
140 4
101 4
192 4
179 11
140 4
101 4
231 4
218 11
140 4
101 4
140 4
166 4
192 4
166 4
192 4
218 9
179 7
101 7
244 7
192 11
153 4
192 4
218 4
101 7
244 7
218 7
192 4
218 12
192 4
218 4
192 4
179 7
179 7
192 6
218 8
192 11
153 4
192 4
218 4
101 7
244 7
218 7
192 4
218 12
244 4
101 4
127 4
153 11
127 11
140 4
101 4
192 4
179 11
140 4
101 4
231 4
218 11
140 4
101 4
140 4
166 4
192 4
166 4
140 4
179 11
192 7
218 7
140 4
101 4
192 4
179 11
140 4
101 4
231 4
218 11
140 4
101 4
140 4
166 4
192 4
166 4
192 4
218 9
179 7
101 7
244 7
192 11
153 4
192 4
218 4
101 7
244 7
218 7
192 4
218 12
192 4
218 4
192 4
179 7
179 7
192 6
218 8
192 11
153 4
192 4
218 4
101 7
244 7
218 7
192 4
218 12
244 4
101 4
127 4
153 11
127 11
140 4
101 4
192 4
179 11
140 4
101 4
231 4
218 11
140 4
101 4
140 4
166 4
192 4
166 4
140 4
179 11
192 7
218 7
140 4
101 4
192 4
179 11
140 4
101 4
231 4
218 11
140 4
101 4
140 4
166 4
192 4
166 4
192 4
218 9
179 7
101 7
244 7
E
S
H
72 13
140 4
101 4
192 4
179 11
140 4
101 4
231 4
218 11
140 4
101 4
140 4
166 4
192 4
166 4
140 4
179 11
192 7
218 7
140 4
101 4
192 4
179 11
140 4
101 4
231 4
218 11
140 4
101 4
140 4
166 4
192 4
166 4
192 4
218 9
179 7
101 7
244 7
192 11
153 4
192 4
218 4
101 7
244 7
218 7
192 4
218 12
192 4
218 4
192 4
179 7
179 7
192 6
218 8
192 11
153 4
192 4
218 4
101 7
244 7
218 7
192 4
218 12
244 4
101 4
127 4
153 11
127 11
140 4
101 4
192 4
179 11
140 4
101 4
231 4
218 11
140 4
101 4
140 4
166 4
192 4
166 4
140 4
179 11
192 7
218 7
140 4
101 4
192 4
179 11
140 4
101 4
231 4
218 11
140 4
101 4
140 4
166 4
192 4
166 4
192 4
218 9
179 7
101 7
244 7
192 11
153 4
192 4
218 4
101 7
244 7
218 7
192 4
218 12
192 4
218 4
192 4
179 7
179 7
192 6
218 8
192 11
153 4
192 4
218 4
101 7
244 7
218 7
192 4
218 12
244 4
101 4
127 4
153 11
127 11
140 4
101 4
192 4
179 11
140 4
101 4
231 4
218 11
140 4
101 4
140 4
166 4
192 4
166 4
140 4
179 11
192 7
218 7
140 4
101 4
192 4
179 11
140 4
101 4
231 4
218 11
140 4
101 4
140 4
166 4
192 4
166 4
192 4
218 9
179 7
101 7
244 7
E
X
