major
S
H
72 12
41 4
48 4
53 4
55 4
60 4
64 4
41 4
48 4
53 4
58 4
53 4
62 4
41 4
48 4
53 4
55 4
60 4
64 4
41 4
48 4
53 4
55 4
60 4
64 4
41 4
48 4
53 4
55 4
60 4
64 4
41 4
48 4
53 4
58 4
53 4
62 4
41 4
48 4
53 4
55 4
60 4
64 4
41 4
48 4
53 4
55 4
60 4
64 4
72 12
60 7
60 7
72 13
60 7
60 7
72 7
62 4
62 4
72 4
62 4
62 4
62 4
62 4
62 4
72 4
62 4
62 4
62 4
62 4
62 4
72 4
62 4
62 4
62 4
62 4
62 4
72 4
62 4
62 4
62 4
62 4
62 4
72 4
62 4
62 4
62 4
62 4
62 4
72 4
62 4
62 4
62 4
62 4
62 4
72 4
62 4
62 4
62 4
62 4
62 4
72 4
62 4
62 4
62 4
62 4
62 4
72 4
62 4
62 4
62 4
62 4
62 4
72 4
62 4
62 4
62 4
41 4
48 4
53 4
55 4
60 4
64 4
41 4
48 4
53 4
58 4
53 4
62 4
41 4
48 4
53 4
55 4
60 4
64 4
41 4
48 4
53 4
55 4
60 4
64 4
41 4
48 4
53 4
55 4
60 4
64 4
41 4
48 4
53 4
58 4
53 4
62 4
41 4
48 4
53 4
55 4
60 4
64 4
41 4
48 4
53 4
55 4
60 4
64 4
72 12
60 7
60 7
72 13
60 7
60 7
72 7
62 4
62 4
72 4
62 4
62 4
62 4
62 4
62 4
72 4
62 4
62 4
62 4
62 4
62 4
72 4
62 4
62 4
62 4
62 4
62 4
72 4
62 4
62 4
62 4
62 4
62 4
72 4
62 4
62 4
62 4
62 4
62 4
72 4
62 4
62 4
62 4
62 4
62 4
72 4
62 4
62 4
62 4
62 4
62 4
72 4
62 4
62 4
62 4
62 4
62 4
72 4
62 4
62 4
62 4
62 4
62 4
72 4
62 4
62 4
62 4
41 4
48 4
53 4
55 4
60 4
64 4
41 4
48 4
53 4
58 4
53 4
62 4
41 4
48 4
53 4
55 4
60 4
64 4
41 4
48 4
53 4
55 4
60 4
64 4
41 4
48 4
53 4
55 4
60 4
64 4
41 4
48 4
53 4
58 4
53 4
62 4
E
S
H
72 12
72 3
41 4
72 1
48 4
53 4
72 1
55 4
60 4
72 1
64 4
41 4
72 1
48 4
53 4
72 1
58 4
53 4
72 1
62 4
41 4
72 1
48 4
53 4
72 1
55 4
60 4
72 1
64 4
41 4
72 1
48 4
53 4
72 1
55 4
60 4
72 1
64 4
41 4
72 1
48 4
53 4
72 1
55 4
60 4
72 1
64 4
41 4
72 1
48 4
53 4
72 1
58 4
53 4
72 1
62 4
41 4
72 1
48 4
53 4
72 1
55 4
60 4
72 1
64 4
41 4
72 1
48 4
53 4
72 1
55 4
60 4
72 1
64 4
72 12
60 7
60 7
72 13
60 7
60 7
72 7
62 4
72 1
62 4
72 4
62 4
62 4
72 1
62 4
62 4
72 1
62 4
72 4
62 4
62 4
72 1
62 4
62 4
72 1
62 4
72 4
62 4
62 4
72 1
62 4
62 4
72 1
62 4
72 4
62 4
62 4
72 1
62 4
62 4
72 1
62 4
72 4
62 4
62 4
72 1
62 4
62 4
72 1
62 4
72 4
62 4
62 4
72 1
62 4
62 4
72 1
62 4
72 4
62 4
62 4
72 1
62 4
62 4
72 1
62 4
72 4
62 4
62 4
72 1
62 4
62 4
72 1
62 4
72 4
62 4
62 4
72 1
62 4
62 4
72 1
62 4
72 4
62 4
62 4
72 1
62 4
41 4
72 1
48 4
53 4
72 1
55 4
60 4
72 1
64 4
41 4
72 1
48 4
53 4
72 1
58 4
53 4
72 1
62 4
41 4
72 1
48 4
53 4
72 1
55 4
60 4
72 1
64 4
41 4
72 1
48 4
53 4
72 1
55 4
60 4
72 1
64 4
41 4
72 1
48 4
53 4
72 1
55 4
60 4
72 1
64 4
41 4
72 1
48 4
53 4
72 1
58 4
53 4
72 1
62 4
41 4
72 1
48 4
53 4
72 1
55 4
60 4
72 1
64 4
41 4
72 1
48 4
53 4
72 1
55 4
60 4
72 1
64 4
72 12
60 7
60 7
72 13
60 7
60 7
72 7
62 4
72 1
62 4
72 4
62 4
62 4
72 1
62 4
62 4
72 1
62 4
72 4
62 4
62 4
72 1
62 4
62 4
72 1
62 4
72 4
62 4
62 4
72 1
62 4
62 4
72 1
62 4
72 4
62 4
62 4
72 1
62 4
62 4
72 1
62 4
72 4
62 4
62 4
72 1
62 4
62 4
72 1
62 4
72 4
62 4
62 4
72 1
62 4
62 4
72 1
62 4
72 4
62 4
62 4
72 1
62 4
62 4
72 1
62 4
72 4
62 4
62 4
72 1
62 4
62 4
72 1
62 4
72 4
62 4
62 4
72 1
62 4
62 4
72 1
62 4
72 4
62 4
62 4
72 1
62 4
41 4
72 1
48 4
53 4
72 1
55 4
60 4
72 1
64 4
41 4
72 1
48 4
53 4
72 1
58 4
53 4
72 1
62 4
41 4
72 1
48 4
53 4
72 1
55 4
60 4
72 1
64 4
41 4
72 1
48 4
53 4
72 1
55 4
60 4
72 1
64 4
41 4
72 1
48 4
53 4
72 1
55 4
60 4
72 1
64 4
41 4
72 1
48 4
53 4
72 1
58 4
53 4
72 1
62 4
E
S
H
72 12
41 4
72 1
48 4
53 4
72 1
55 4
60 4
72 1
64 4
41 4
72 1
48 4
53 4
72 1
58 4
53 4
72 1
62 4
41 4
72 1
48 4
53 4
72 1
55 4
60 4
72 1
64 4
41 4
72 1
48 4
53 4
72 1
55 4
60 4
72 1
64 4
41 4
72 1
48 4
53 4
72 1
55 4
60 4
72 1
64 4
41 4
72 1
48 4
53 4
72 1
58 4
53 4
72 1
62 4
41 4
72 1
48 4
53 4
72 1
55 4
60 4
72 1
64 4
41 4
72 1
48 4
53 4
72 1
55 4
60 4
72 1
64 4
72 12
60 7
60 7
72 13
60 7
60 7
72 7
62 4
72 1
62 4
72 4
62 4
62 4
72 1
62 4
62 4
72 1
62 4
72 4
62 4
62 4
72 1
62 4
62 4
72 1
62 4
72 4
62 4
62 4
72 1
62 4
62 4
72 1
62 4
72 4
62 4
62 4
72 1
62 4
62 4
72 1
62 4
72 4
62 4
62 4
72 1
62 4
62 4
72 1
62 4
72 4
62 4
62 4
72 1
62 4
62 4
72 1
62 4
72 4
62 4
62 4
72 1
62 4
62 4
72 1
62 4
72 4
62 4
62 4
72 1
62 4
62 4
72 1
62 4
72 4
62 4
62 4
72 1
62 4
62 4
72 1
62 4
72 4
62 4
62 4
72 1
62 4
41 4
72 1
48 4
53 4
72 1
55 4
60 4
72 1
64 4
41 4
72 1
48 4
53 4
72 1
58 4
53 4
72 1
62 4
41 4
72 1
48 4
53 4
72 1
55 4
60 4
72 1
64 4
41 4
72 1
48 4
53 4
72 1
55 4
60 4
72 1
64 4
41 4
72 1
48 4
53 4
72 1
55 4
60 4
72 1
64 4
41 4
72 1
48 4
53 4
72 1
58 4
53 4
72 1
62 4
41 4
72 1
48 4
53 4
72 1
55 4
60 4
72 1
64 4
41 4
72 1
48 4
53 4
72 1
55 4
60 4
72 1
64 4
72 12
60 7
60 7
72 13
60 7
60 7
72 7
62 4
72 1
62 4
72 4
62 4
62 4
72 1
62 4
62 4
72 1
62 4
72 4
62 4
62 4
72 1
62 4
62 4
72 1
62 4
72 4
62 4
62 4
72 1
62 4
62 4
72 1
62 4
72 4
62 4
62 4
72 1
62 4
62 4
72 1
62 4
72 4
62 4
62 4
72 1
62 4
62 4
72 1
62 4
72 4
62 4
62 4
72 1
62 4
62 4
72 1
62 4
72 4
62 4
62 4
72 1
62 4
62 4
72 1
62 4
72 4
62 4
62 4
72 1
62 4
62 4
72 1
62 4
72 4
62 4
62 4
72 1
62 4
62 4
72 1
62 4
72 4
62 4
62 4
72 1
62 4
41 4
72 1
48 4
53 4
72 1
55 4
60 4
72 1
64 4
41 4
72 1
48 4
53 4
72 1
58 4
53 4
72 1
62 4
41 4
72 1
48 4
53 4
72 1
55 4
60 4
72 1
64 4
41 4
72 1
48 4
53 4
72 1
55 4
60 4
72 1
64 4
41 4
72 1
48 4
53 4
72 1
55 4
60 4
72 1
64 4
41 4
72 1
48 4
53 4
72 1
58 4
53 4
72 1
62 4
E
S
H
72 12
41 4
48 4
53 4
55 4
60 4
64 4
41 4
48 4
53 4
58 4
53 4
62 4
41 4
48 4
53 4
55 4
60 4
64 4
65 4
67 4
65 4
64 4
60 4
72 4
41 4
48 4
53 4
55 4
60 4
64 4
41 4
48 4
53 4
58 4
53 4
62 4
41 4
48 4
53 4
55 4
60 4
64 4
65 4
67 4
65 4
64 4
60 4
72 4
53 4
55 4
57 7
55 12
72 7
41 4
43 4
45 7
43 12
72 7
62 14
72 13
41 4
48 4
53 4
55 4
60 4
64 4
41 4
48 4
53 4
58 4
53 4
62 4
41 4
48 4
53 4
55 4
60 4
64 4
65 4
67 4
65 4
64 4
60 4
72 4
41 4
48 4
53 4
55 4
60 4
64 4
41 4
48 4
53 4
58 4
53 4
62 4
41 4
48 4
53 4
55 4
60 4
64 4
65 4
67 4
65 4
64 4
60 4
72 4
53 4
55 4
57 7
55 12
72 7
41 4
43 4
45 7
43 12
72 7
62 14
72 13
41 4
48 4
53 4
55 4
60 4
64 4
41 4
48 4
53 4
58 4
53 4
62 4
41 4
48 4
53 4
55 4
60 4
64 4
65 4
67 4
65 4
64 4
60 4
72 4
41 4
48 4
53 4
55 4
60 4
64 4
41 4
48 4
53 4
58 4
53 4
62 4
E
S
H
72 12
72 2
41 4
48 4
53 4
55 4
60 4
64 4
41 4
48 4
53 4
58 4
53 4
62 4
41 4
48 4
53 4
55 4
60 4
64 4
65 4
67 4
65 4
64 4
60 4
72 4
41 4
48 4
53 4
55 4
60 4
64 4
41 4
48 4
53 4
58 4
53 4
62 4
41 4
48 4
53 4
55 4
60 4
64 4
65 4
67 4
65 4
64 4
60 4
72 4
53 4
55 4
57 7
55 12
72 7
41 4
43 4
45 7
43 12
72 7
62 14
72 13
41 4
48 4
53 4
55 4
60 4
64 4
41 4
48 4
53 4
58 4
53 4
62 4
41 4
48 4
53 4
55 4
60 4
64 4
65 4
67 4
65 4
64 4
60 4
72 4
41 4
48 4
53 4
55 4
60 4
64 4
41 4
48 4
53 4
58 4
53 4
62 4
41 4
48 4
53 4
55 4
60 4
64 4
65 4
67 4
65 4
64 4
60 4
72 4
53 4
55 4
57 7
55 12
72 7
41 4
43 4
45 7
43 12
72 7
62 14
72 13
41 4
48 4
53 4
55 4
60 4
64 4
41 4
48 4
53 4
58 4
53 4
62 4
41 4
48 4
53 4
55 4
60 4
64 4
65 4
67 4
65 4
64 4
60 4
72 4
41 4
48 4
53 4
55 4
60 4
64 4
41 4
48 4
53 4
58 4
53 4
62 4
E
S
H
72 12
41 4
48 4
53 4
55 4
60 4
64 4
41 4
48 4
53 4
58 4
53 4
62 4
41 4
48 4
53 4
55 4
60 4
64 4
65 4
67 4
65 4
64 4
60 4
72 4
41 4
48 4
53 4
55 4
60 4
64 4
41 4
48 4
53 4
58 4
53 4
62 4
41 4
48 4
53 4
55 4
60 4
64 4
65 4
67 4
65 4
64 4
60 4
72 4
53 4
55 4
57 7
55 12
72 7
41 4
43 4
45 7
43 12
72 7
62 14
72 13
41 4
48 4
53 4
55 4
60 4
64 4
41 4
48 4
53 4
58 4
53 4
62 4
41 4
48 4
53 4
55 4
60 4
64 4
65 4
67 4
65 4
64 4
60 4
72 4
41 4
48 4
53 4
55 4
60 4
64 4
41 4
48 4
53 4
58 4
53 4
62 4
41 4
48 4
53 4
55 4
60 4
64 4
65 4
67 4
65 4
64 4
60 4
72 4
53 4
55 4
57 7
55 12
72 7
41 4
43 4
45 7
43 12
72 7
62 14
72 13
41 4
48 4
53 4
55 4
60 4
64 4
41 4
48 4
53 4
58 4
53 4
62 4
41 4
48 4
53 4
55 4
60 4
64 4
65 4
67 4
65 4
64 4
60 4
72 4
41 4
48 4
53 4
55 4
60 4
64 4
41 4
48 4
53 4
58 4
53 4
62 4
E
S
H
72 12
72 2
41 4
48 4
53 4
55 4
60 4
64 4
41 4
48 4
53 4
58 4
53 4
62 4
41 4
48 4
53 4
55 4
60 4
64 4
65 4
67 4
65 4
64 4
60 4
72 4
41 4
48 4
53 4
55 4
60 4
64 4
41 4
48 4
53 4
58 4
53 4
62 4
41 4
48 4
53 4
55 4
60 4
64 4
65 4
67 4
65 4
64 4
60 4
72 4
53 4
55 4
57 7
55 12
72 7
41 4
43 4
45 7
43 12
72 7
62 14
72 13
41 4
48 4
53 4
55 4
60 4
64 4
41 4
48 4
53 4
58 4
53 4
62 4
41 4
48 4
53 4
55 4
60 4
64 4
65 4
67 4
65 4
64 4
60 4
72 4
41 4
48 4
53 4
55 4
60 4
64 4
41 4
48 4
53 4
58 4
53 4
62 4
41 4
48 4
53 4
55 4
60 4
64 4
65 4
67 4
65 4
64 4
60 4
72 4
53 4
55 4
57 7
55 12
72 7
41 4
43 4
45 7
43 12
72 7
62 14
72 13
41 4
48 4
53 4
55 4
60 4
64 4
41 4
48 4
53 4
58 4
53 4
62 4
41 4
48 4
53 4
55 4
60 4
64 4
65 4
67 4
65 4
64 4
60 4
72 4
41 4
48 4
53 4
55 4
60 4
64 4
41 4
48 4
53 4
58 4
53 4
62 4
E
S
H
72 12
48 11
72 7
46 11
72 7
48 11
72 7
46 7
43 7
43 4
72 4
48 11
72 7
46 11
72 7
48 11
72 7
46 7
43 7
43 4
72 4
36 11
38 12
72 7
36 11
38 12
72 14
57 7
56 13
72 14
45 7
44 13
72 14
48 11
72 7
46 11
72 7
48 11
72 7
46 7
43 7
43 4
72 4
48 11
72 7
46 11
72 7
48 11
72 7
46 7
43 7
43 4
72 4
36 11
38 12
72 7
36 11
38 12
72 14
57 7
56 13
72 14
45 7
44 13
72 14
48 11
72 7
46 11
72 7
48 11
72 7
46 7
43 7
43 4
72 4
48 11
72 7
46 11
E
S
H
72 12
72 2
48 11
72 7
46 11
72 7
48 11
72 7
46 7
43 7
43 4
72 4
48 11
72 7
46 11
72 7
48 11
72 7
46 7
43 7
43 4
72 4
36 11
38 12
72 7
36 11
38 12
72 14
57 7
56 13
72 14
45 7
44 13
72 14
48 11
72 7
46 11
72 7
48 11
72 7
46 7
43 7
43 4
72 4
48 11
72 7
46 11
72 7
48 11
72 7
46 7
43 7
43 4
72 4
36 11
38 12
72 7
36 11
38 12
72 14
57 7
56 13
72 14
45 7
44 13
72 14
48 11
72 7
46 11
72 7
48 11
72 7
46 7
43 7
43 4
72 4
48 11
72 7
46 11
E
S
H
72 12
72 14
34 11
36 12
72 7
34 11
36 12
72 14
53 7
52 13
72 14
41 7
40 13
72 14
34 11
36 12
72 7
34 11
36 12
72 14
53 7
52 13
72 14
41 7
40 13
E
S
H
72 12
72 14
34 11
36 12
72 7
34 11
36 12
72 14
53 7
52 13
72 14
41 7
40 13
72 14
34 11
36 12
72 7
34 11
36 12
72 14
53 7
52 13
72 14
41 7
40 13
E
S
H
72 12
41 11
72 7
41 11
72 7
41 11
72 7
41 7
41 7
41 4
72 4
41 11
72 7
41 11
72 7
41 11
72 7
41 7
41 7
41 4
72 4
26 11
28 12
72 7
22 11
24 12
72 14
26 14
14 13
41 11
72 7
41 11
72 7
41 11
72 7
41 7
41 7
41 4
72 4
41 11
72 7
41 11
72 7
41 11
72 7
41 7
41 7
41 4
72 4
26 11
28 12
72 7
22 11
24 12
72 14
26 14
14 13
41 11
72 7
41 11
72 7
41 11
72 7
41 7
41 7
41 4
72 4
41 11
72 7
41 11
E
S
H
72 12
72 2
41 11
72 7
41 11
72 7
41 11
72 7
41 7
41 7
41 4
72 4
41 11
72 7
41 11
72 7
41 11
72 7
41 7
41 7
41 4
72 4
26 11
28 12
72 7
22 11
24 12
72 14
26 14
14 13
41 11
72 7
41 11
72 7
41 11
72 7
41 7
41 7
41 4
72 4
41 11
72 7
41 11
72 7
41 11
72 7
41 7
41 7
41 4
72 4
26 11
28 12
72 7
22 11
24 12
72 14
26 14
14 13
41 11
72 7
41 11
72 7
41 11
72 7
41 7
41 7
41 4
72 4
41 11
72 7
41 11
E
S
H
72 12
106 11
72 7
226 11
72 7
106 11
72 7
226 7
190 7
190 4
72 4
106 11
72 7
226 11
72 7
106 11
72 7
226 7
190 7
190 4
72 4
223 11
393 12
72 7
231 11
389 12
72 14
214 7
201 13
72 7
26 14
214 7
201 13
14 13
106 11
72 7
226 11
72 7
106 11
72 7
226 7
190 7
190 4
72 4
106 11
72 7
226 11
72 7
106 11
72 7
226 7
190 7
190 4
72 4
223 11
393 12
72 7
231 11
389 12
72 14
214 7
201 13
72 7
26 14
214 7
201 13
14 13
106 11
72 7
226 11
72 7
106 11
72 7
226 7
190 7
190 4
72 4
106 11
72 7
226 11
E
S
H
72 12
41 4
48 4
53 4
55 4
60 4
64 4
41 4
48 4
53 4
58 4
53 4
62 4
41 4
48 4
53 4
55 4
60 4
64 4
65 4
67 4
65 4
64 4
60 4
72 4
41 4
48 4
53 4
55 4
60 4
64 4
41 4
48 4
53 4
58 4
53 4
62 4
41 4
48 4
53 4
55 4
60 4
64 4
65 4
67 4
65 4
64 4
60 4
72 4
53 4
55 4
57 7
55 12
72 7
41 4
43 4
45 7
43 12
72 7
62 14
72 13
41 4
48 4
53 4
55 4
60 4
64 4
41 4
48 4
53 4
58 4
53 4
62 4
41 4
48 4
53 4
55 4
60 4
64 4
65 4
67 4
65 4
64 4
60 4
72 4
41 4
48 4
53 4
55 4
60 4
64 4
41 4
48 4
53 4
58 4
53 4
62 4
41 4
48 4
53 4
55 4
60 4
64 4
65 4
67 4
65 4
64 4
60 4
72 4
53 4
55 4
57 7
55 12
72 7
41 4
43 4
45 7
43 12
72 7
62 14
72 13
41 4
48 4
53 4
55 4
60 4
64 4
41 4
48 4
53 4
58 4
53 4
62 4
41 4
48 4
53 4
55 4
60 4
64 4
65 4
67 4
65 4
64 4
60 4
72 4
41 4
48 4
53 4
55 4
60 4
64 4
41 4
48 4
53 4
58 4
53 4
62 4
E
X
