minor
S
H
72 14
43 11
46 11
50 4
51 4
53 4
55 4
34 11
39 11
50 7
43 3
45 3
46 3
194 11
48 4
50 4
50 4
51 4
26 11
134 4
48 4
46 4
45 2
45 0
46 0
57 11
55 11
72 13
33 2
34 2
38 13
45 11
43 11
72 14
43 11
46 11
50 4
51 4
53 4
55 4
34 11
39 11
50 7
43 3
45 3
46 3
194 11
48 4
50 4
50 4
51 4
26 11
134 4
48 4
46 4
45 2
45 0
46 0
57 11
55 11
72 13
33 2
34 2
38 13
45 11
43 11
E
S
H
72 11
51 11
50 11
52 7
54 4
55 11
50 4
46 4
43 4
53 11
51 9
53 2
51 2
50 11
72 4
38 7
39 7
50 9
48 7
46 4
45 12
46 7
43 14
72 14
51 11
50 11
52 7
54 4
55 11
50 4
46 4
43 4
53 11
51 9
53 2
51 2
50 11
72 4
38 7
39 7
50 9
48 7
46 4
45 12
46 7
43 14
E
S
L
660 4
72 4
660 4
72 4
660 4
72 4
660 4
72 4
503 4
72 4
503 4
72 4
503 4
72 4
503 4
72 4
1140 4
72 4
1140 4
72 4
1140 4
72 4
1140 4
72 4
1118 4
72 4
1118 4
72 4
974 4
72 4
974 4
72 4
518 4
72 4
518 4
72 4
516 4
72 4
516 4
72 4
476 4
72 4
476 4
72 4
188 4
72 4
188 4
72 4
187 4
72 4
187 4
72 4
175 4
72 4
175 4
72 4
504 4
72 4
504 4
72 4
516 4
72 4
516 4
72 4
830 4
72 4
830 4
72 4
542 4
72 4
542 4
72 4
504 4
72 4
504 4
72 4
516 4
72 4
516 4
72 4
648 4
72 4
648 4
72 4
216 4
72 4
216 4
72 14
518 4
72 4
518 4
72 4
516 4
72 4
516 4
72 4
830 4
72 4
830 4
72 4
542 4
72 4
542 4
72 4
518 4
72 4
518 4
72 4
516 4
72 4
516 4
72 4
500 4
72 4
500 4
72 4
212 4
72 4
212 4
72 4
660 4
72 4
660 4
72 4
660 4
72 4
660 4
72 4
503 4
72 4
503 4
72 4
503 4
72 4
503 4
72 4
1140 4
72 4
1140 4
72 4
1140 4
72 4
1140 4
72 4
1118 4
72 4
1118 4
72 4
974 4
72 4
974 4
72 4
518 4
72 4
518 4
72 4
516 4
72 4
516 4
72 4
476 4
72 4
476 4
72 4
188 4
72 4
188 4
72 4
187 4
72 4
187 4
72 4
175 4
72 4
175 4
72 4
504 4
72 4
504 4
72 4
516 4
72 4
516 4
72 4
830 4
72 4
830 4
72 4
542 4
72 4
542 4
72 4
504 4
72 4
504 4
72 4
516 4
72 4
516 4
72 4
648 4
72 4
648 4
72 4
216 4
72 4
216 4
72 14
518 4
72 4
518 4
72 4
516 4
72 4
516 4
72 4
830 4
72 4
830 4
72 4
542 4
72 4
542 4
72 4
518 4
72 4
518 4
72 4
516 4
72 4
516 4
72 4
500 4
72 4
500 4
72 4
212 4
72 4
212 4
E
S
L
24 13
24 12
24 7
22 11
72 11
21 11
72 7
21 7
19 11
72 11
12 11
72 11
14 11
72 11
19 11
72 11
19 11
72 11
19 11
72 11
19 11
72 14
19 11
72 11
19 11
72 11
19 11
72 11
19 11
72 11
24 13
24 12
24 7
22 11
72 11
21 11
72 7
21 7
19 11
72 11
12 11
72 11
14 11
72 11
19 11
72 11
19 11
72 11
19 11
72 11
19 11
72 14
19 11
72 11
19 11
72 11
19 11
72 11
19 11
E
X
