major
S
H
698 13
686 11
698 13
528 13
698 13
686 11
698 13
528 13
1471 13
1459 13
1157 13
1014 13
1471 13
1459 13
1157 13
698 13
72 12
698 13
686 11
698 13
528 13
698 13
686 11
698 13
528 13
1471 13
1459 13
1157 13
1014 13
1471 13
1459 13
1157 13
698 13
72 12
698 13
765 11
791 13
528 13
698 13
684 11
753 13
525 13
E
S
L
4 4
72 2
4 2
16 3
72 1
4 4
72 4
4 2
72 4
4 3
72 0
9 2
4 3
4 0
72 4
4 2
16 2
72 0
16 2
4 4
72 4
9 3
9 0
72 4
7 4
72 1
4 4
72 2
4 2
16 3
72 1
4 4
72 4
4 2
72 4
4 3
72 0
16 2
14 3
14 0
72 4
2 2
2 3
2 0
72 1
14 4
72 4
14 2
72 4
14 4
16 2
4 4
72 2
4 2
16 3
72 1
4 4
72 4
4 2
72 4
4 3
72 0
9 2
4 3
4 0
72 4
4 2
16 2
72 0
16 2
4 4
72 4
9 3
9 0
72 4
7 4
72 1
4 4
72 2
4 2
16 3
72 1
4 4
72 4
4 2
72 4
4 3
72 0
16 2
14 3
14 0
72 4
2 2
2 3
2 0
72 1
14 4
72 7
16 4
14 4
11 3
11 2
72 1
11 2
11 2
72 2
14 3
11 4
72 0
6 2
11 4
6 2
72 0
6 2
11 4
10 3
10 2
72 1
10 2
10 2
72 0
10 2
9 3
10 4
72 0
9 2
10 4
9 2
72 0
9 2
10 4
12 3
12 2
72 1
12 2
12 2
72 2
11 3
12 4
72 0
11 2
12 4
12 2
72 0
12 2
7 4
6 3
6 2
72 1
6 2
6 2
72 0
6 2
4 3
6 4
72 0
4 2
6 4
6 2
72 0
6 2
9 4
11 3
11 2
72 1
11 2
11 2
72 2
14 3
11 4
72 0
6 2
11 4
6 2
72 0
6 2
11 4
10 3
10 2
72 1
10 2
10 2
72 0
10 2
9 3
10 4
72 0
9 2
10 4
9 2
72 0
9 2
10 4
12 3
12 2
72 1
12 2
12 2
72 2
11 3
12 4
72 0
11 2
12 4
12 2
72 0
12 2
19 4
6 13
72 13
4 4
72 2
4 2
16 3
72 1
4 4
72 4
4 2
72 4
4 3
72 0
9 2
4 3
4 0
72 4
4 2
16 2
72 0
16 2
4 4
72 4
9 3
9 0
72 4
7 4
72 1
4 4
72 2
4 2
16 3
72 1
4 4
72 4
4 2
72 4
4 3
72 0
16 2
14 3
14 0
72 4
2 2
2 3
2 0
72 1
14 4
72 4
14 2
72 4
14 4
16 2
4 4
72 2
4 2
16 3
72 1
4 4
72 4
4 2
72 4
4 3
72 0
9 2
4 3
4 0
72 4
4 2
16 2
72 0
16 2
4 4
72 4
9 3
9 0
72 4
7 4
72 1
4 4
72 2
4 2
16 3
72 1
4 4
72 4
4 2
72 4
4 3
72 0
16 2
14 3
14 0
72 4
2 2
2 3
2 0
72 1
14 4
72 7
16 4
14 4
11 3
11 2
72 1
11 2
11 2
72 2
14 3
11 4
72 0
6 2
11 4
6 2
72 0
6 2
11 4
10 3
10 2
72 1
10 2
10 2
72 0
10 2
9 3
10 4
72 0
9 2
10 4
9 2
72 0
9 2
10 4
12 3
12 2
72 1
12 2
12 2
72 2
11 3
12 4
72 0
11 2
12 4
12 2
72 0
12 2
7 4
6 3
6 2
72 1
6 2
6 2
72 0
6 2
4 3
6 4
72 0
4 2
6 4
6 2
72 0
6 2
9 4
11 3
11 2
72 1
11 2
11 2
72 2
14 3
11 4
72 0
6 2
11 4
6 2
72 0
6 2
11 4
10 3
10 2
72 1
10 2
10 2
72 0
10 2
9 3
10 4
72 0
9 2
10 4
9 2
72 0
9 2
10 4
12 3
12 2
72 1
12 2
12 2
72 2
11 3
12 4
72 0
11 2
12 4
12 2
72 0
12 2
19 4
6 13
72 13
4 4
72 2
4 2
16 3
72 1
4 4
72 4
4 2
72 4
4 3
72 0
9 2
4 3
4 0
72 4
4 2
16 2
72 0
16 2
4 4
72 4
9 3
9 0
72 4
7 4
72 1
4 4
72 2
4 2
16 3
72 1
4 4
72 4
4 2
72 4
4 3
72 0
16 2
14 3
14 0
72 4
2 2
2 3
2 0
72 1
14 4
72 4
14 2
72 4
14 4
16 2
4 4
72 2
4 2
16 3
72 1
4 4
72 4
4 2
72 4
4 3
72 0
9 2
4 3
4 0
72 4
4 2
16 2
72 0
16 2
4 4
72 4
9 3
9 0
72 4
7 4
72 1
4 4
72 2
4 2
16 3
72 1
4 4
72 4
4 2
72 4
4 3
72 0
16 2
14 3
14 0
72 4
2 2
2 3
2 0
72 1
14 4
72 7
16 4
14 4
E
S
H
72 11
61 2
72 2
61 2
72 14
61 2
72 2
61 2
72 2
59 2
72 2
59 2
72 14
61 2
72 2
61 2
72 14
61 2
72 2
61 2
72 2
64 2
72 2
64 2
72 11
57 2
72 2
57 2
72 0
59 2
59 2
62 2
62 2
72 8
69 2
69 2
72 6
54 2
54 4
62 4
65 3
62 4
65 3
72 11
53 2
72 2
53 4
67 4
72 11
57 2
72 2
57 4
54 4
72 12
62 2
72 2
62 2
72 8
69 2
69 2
72 4
54 2
72 2
54 4
62 4
65 3
62 4
65 3
72 11
53 2
72 2
53 4
67 4
72 11
45 2
72 2
45 4
57 4
66 4
72 14
61 2
72 2
61 2
72 14
61 2
72 2
61 2
72 2
59 2
72 2
59 2
72 14
61 2
72 2
61 2
72 14
61 2
72 2
61 2
72 2
64 2
72 2
64 2
72 11
57 2
72 2
57 2
72 0
59 2
59 2
62 2
62 2
72 8
69 2
69 2
72 6
54 2
54 4
62 4
65 3
62 4
65 3
72 11
53 2
72 2
53 4
67 4
72 11
57 2
72 2
57 4
54 4
72 12
62 2
72 2
62 2
72 8
69 2
69 2
72 4
54 2
72 2
54 4
62 4
65 3
62 4
65 3
72 11
53 2
72 2
53 4
67 4
72 11
45 2
72 2
45 4
57 4
66 4
72 14
61 2
72 2
61 2
72 14
61 2
72 2
61 2
72 2
59 2
72 2
59 2
72 14
61 2
72 2
61 2
72 14
61 2
72 2
61 2
72 2
64 2
72 2
64 2
72 11
57 2
72 2
57 2
72 0
59 2
59 2
62 2
E
S
H
72 12
61 2
72 1
61 2
72 14
61 2
72 1
61 2
72 3
59 2
72 1
59 2
72 14
61 2
72 1
61 2
72 14
61 2
72 1
61 2
72 3
64 2
72 1
64 2
72 11
57 2
72 1
57 2
72 2
59 2
59 2
72 0
62 2
62 2
72 8
69 2
72 0
69 2
72 6
54 2
54 4
72 0
62 4
65 3
72 1
62 4
65 3
72 10
53 2
72 3
53 4
67 4
72 11
57 2
72 3
57 4
54 4
72 12
62 2
72 1
62 2
72 8
69 2
72 0
69 2
72 4
54 2
72 1
54 4
72 0
62 4
65 3
72 1
62 4
65 3
72 10
53 2
72 3
53 4
67 4
72 11
45 2
72 1
45 4
72 0
57 4
66 4
72 14
61 2
72 1
61 2
72 14
61 2
72 1
61 2
72 3
59 2
72 1
59 2
72 14
61 2
72 1
61 2
72 14
61 2
72 1
61 2
72 3
64 2
72 1
64 2
72 11
57 2
72 1
57 2
72 2
59 2
59 2
72 0
62 2
62 2
72 8
69 2
72 0
69 2
72 6
54 2
54 4
72 0
62 4
65 3
72 1
62 4
65 3
72 10
53 2
72 3
53 4
67 4
72 11
57 2
72 3
57 4
54 4
72 12
62 2
72 1
62 2
72 8
69 2
72 0
69 2
72 4
54 2
72 1
54 4
72 0
62 4
65 3
72 1
62 4
65 3
72 10
53 2
72 3
53 4
67 4
72 11
45 2
72 1
45 4
72 0
57 4
66 4
72 14
61 2
72 1
61 2
72 14
61 2
72 1
61 2
72 3
59 2
72 1
59 2
72 14
61 2
72 1
61 2
72 14
61 2
72 1
61 2
72 3
64 2
72 1
64 2
72 11
57 2
E
S
H
72 13
61 2
72 1
61 2
72 14
61 2
72 1
61 2
72 3
59 2
72 1
59 2
72 14
61 2
72 1
61 2
72 14
61 2
72 1
61 2
72 3
64 2
72 1
64 2
72 11
57 2
72 1
57 2
72 0
59 2
59 2
62 2
62 2
72 8
69 2
69 2
72 6
54 2
54 4
72 0
62 4
65 3
62 4
65 3
72 10
53 2
72 3
53 4
67 4
72 11
57 2
72 3
57 4
54 4
72 12
62 2
72 1
62 2
72 8
69 2
69 2
72 4
54 2
72 1
54 4
72 0
62 4
65 3
62 4
65 3
72 10
53 2
72 3
53 4
67 4
72 11
45 2
72 1
45 4
72 0
57 4
66 4
72 14
61 2
72 1
61 2
72 14
61 2
72 1
61 2
72 3
59 2
72 1
59 2
72 14
61 2
72 1
61 2
72 14
61 2
72 1
61 2
72 3
64 2
72 1
64 2
72 11
57 2
72 1
57 2
72 0
59 2
59 2
62 2
62 2
72 8
69 2
69 2
72 6
54 2
54 4
72 0
62 4
65 3
62 4
65 3
72 10
53 2
72 3
53 4
67 4
72 11
57 2
72 3
57 4
54 4
72 12
62 2
72 1
62 2
72 8
69 2
69 2
72 4
54 2
72 1
54 4
72 0
62 4
65 3
62 4
65 3
72 10
53 2
72 3
53 4
67 4
72 11
45 2
72 1
45 4
72 0
57 4
66 4
72 14
61 2
72 1
61 2
72 14
61 2
72 1
61 2
72 3
59 2
72 1
59 2
72 14
61 2
72 1
61 2
72 14
61 2
72 1
61 2
72 3
64 2
72 1
64 2
E
S
L
20 2
72 4
20 2
18 2
18 2
72 0
18 2
225 2
72 2
20 2
72 0
16 2
18 2
18 2
16 2
72 2
22 2
72 2
20 2
72 4
20 2
18 2
18 2
72 0
18 2
225 2
72 2
20 2
72 0
16 2
18 2
18 2
16 2
72 2
22 2
72 2
20 2
72 4
20 2
18 2
18 2
72 0
18 2
225 2
72 2
20 2
72 0
16 2
18 2
18 2
16 2
72 2
22 2
72 2
20 2
72 4
20 2
18 2
18 2
72 0
18 2
225 2
72 2
20 2
72 0
16 2
18 2
18 2
16 2
72 2
22 2
72 2
20 2
72 4
20 2
18 2
18 2
72 0
18 2
225 2
72 2
20 2
72 0
16 2
18 2
18 2
16 2
72 2
22 2
72 2
20 2
72 4
20 2
18 2
18 2
72 0
18 2
225 2
72 2
20 2
72 0
16 2
18 2
18 2
16 2
72 2
22 2
72 2
20 2
72 4
20 2
18 2
18 2
72 0
18 2
225 2
72 2
20 2
72 0
16 2
18 2
18 2
16 2
72 2
22 2
72 2
20 2
72 4
20 2
18 2
18 2
72 0
18 2
225 2
72 2
20 2
72 0
16 2
18 2
18 2
16 2
72 2
22 2
72 2
20 2
72 4
20 2
18 2
18 2
72 0
18 2
225 2
72 2
20 2
72 0
16 2
18 2
18 2
16 2
72 2
22 2
72 2
20 2
72 4
20 2
18 2
18 2
72 0
18 2
225 2
72 2
20 2
72 0
16 2
18 2
18 2
16 2
72 2
22 2
72 2
20 2
72 4
20 2
18 2
18 2
72 0
18 2
225 2
72 2
20 2
72 0
16 2
18 2
18 2
16 2
72 2
22 2
72 2
20 2
72 4
20 2
18 2
18 2
72 0
18 2
225 2
72 2
20 2
72 0
16 2
18 2
18 2
16 2
72 2
22 2
72 2
20 2
72 4
20 2
18 2
18 2
72 0
18 2
225 2
72 2
20 2
72 0
16 2
18 2
18 2
16 2
72 2
22 2
72 2
20 2
72 4
20 2
18 2
18 2
72 0
18 2
225 2
72 2
20 2
72 0
16 2
18 2
18 2
16 2
72 2
22 2
72 2
20 2
72 4
20 2
18 2
18 2
72 0
18 2
225 2
72 2
20 2
72 0
16 2
18 2
18 2
16 2
72 2
22 2
72 14
18 2
20 2
18 2
20 2
72 4
20 2
18 2
18 2
72 0
18 2
225 2
72 2
20 2
72 0
16 2
18 2
18 2
16 2
72 2
22 2
72 2
20 2
72 4
20 2
18 2
18 2
72 0
18 2
225 2
72 2
20 2
72 0
16 2
18 2
18 2
16 2
72 2
22 2
72 2
20 2
72 4
20 2
18 2
18 2
72 0
18 2
225 2
72 2
20 2
72 0
16 2
18 2
18 2
16 2
72 2
22 2
72 2
20 2
72 4
20 2
18 2
18 2
72 0
18 2
225 2
72 2
20 2
72 0
16 2
18 2
18 2
16 2
72 2
22 2
72 2
20 2
72 4
20 2
18 2
18 2
72 0
18 2
225 2
72 2
20 2
72 0
16 2
18 2
18 2
16 2
72 2
22 2
72 2
20 2
72 4
20 2
18 2
18 2
72 0
18 2
225 2
72 2
20 2
72 0
16 2
18 2
18 2
16 2
72 2
22 2
72 2
20 2
72 4
20 2
18 2
18 2
72 0
18 2
225 2
72 2
20 2
72 0
16 2
18 2
18 2
16 2
72 2
22 2
72 2
20 2
72 4
20 2
18 2
18 2
72 0
18 2
225 2
72 2
20 2
72 0
16 2
18 2
18 2
16 2
72 2
22 2
72 2
20 2
72 4
20 2
18 2
18 2
72 0
18 2
225 2
72 2
20 2
72 0
16 2
18 2
18 2
16 2
72 2
22 2
72 2
20 2
72 4
20 2
18 2
18 2
72 0
18 2
225 2
72 2
20 2
72 0
16 2
18 2
18 2
16 2
72 2
22 2
72 2
20 2
72 4
20 2
18 2
18 2
72 0
18 2
225 2
72 2
20 2
72 0
16 2
18 2
18 2
16 2
72 2
22 2
72 2
20 2
72 4
20 2
18 2
18 2
72 0
18 2
225 2
72 2
20 2
72 0
16 2
18 2
18 2
16 2
72 2
22 2
72 2
20 2
72 4
20 2
18 2
18 2
72 0
18 2
225 2
72 2
20 2
72 0
16 2
18 2
18 2
16 2
72 2
22 2
72 2
20 2
72 4
20 2
18 2
18 2
72 0
18 2
225 2
72 2
20 2
72 0
16 2
18 2
18 2
16 2
72 2
22 2
72 2
20 2
72 4
20 2
18 2
18 2
72 0
18 2
225 2
72 2
20 2
72 0
16 2
18 2
18 2
16 2
72 2
22 2
72 14
18 2
20 2
18 2
20 2
72 4
20 2
18 2
18 2
72 0
18 2
225 2
72 2
20 2
72 0
16 2
18 2
18 2
16 2
72 2
22 2
72 2
20 2
72 4
20 2
18 2
18 2
72 0
18 2
225 2
72 2
20 2
72 0
16 2
18 2
18 2
16 2
72 2
22 2
72 2
20 2
72 4
20 2
18 2
18 2
72 0
18 2
225 2
72 2
20 2
72 0
16 2
18 2
18 2
16 2
72 2
22 2
72 2
20 2
72 4
20 2
18 2
18 2
72 0
18 2
225 2
72 2
20 2
72 0
16 2
18 2
18 2
16 2
72 2
22 2
72 2
20 2
72 4
20 2
18 2
18 2
72 0
18 2
225 2
72 2
20 2
72 0
16 2
18 2
18 2
16 2
72 2
22 2
72 2
20 2
72 4
20 2
18 2
18 2
72 0
18 2
225 2
72 2
20 2
72 0
16 2
18 2
18 2
16 2
72 2
22 2
72 2
20 2
72 4
20 2
18 2
18 2
72 0
18 2
225 2
72 2
20 2
72 0
16 2
18 2
18 2
16 2
72 2
22 2
72 2
20 2
72 4
20 2
18 2
18 2
72 0
18 2
225 2
72 2
20 2
72 0
16 2
18 2
18 2
16 2
72 2
22 2
E
S
H
72 14
57 2
72 5
57 2
72 4
57 2
72 2
53 3
72 4
53 3
72 4
53 3
72 14
57 2
72 5
57 2
72 4
57 2
72 2
53 3
72 4
53 3
72 4
53 3
72 14
57 2
72 5
57 2
72 4
57 2
72 2
53 3
72 4
53 3
72 4
53 3
72 14
57 2
72 5
57 2
72 4
57 2
72 2
53 3
72 4
53 3
72 4
53 3
E
X
