minor
S
H
72 14
58 4
58 4
58 4
58 4
54 4
54 4
58 4
58 4
56 4
56 4
56 4
56 4
51 4
51 4
56 4
56 4
58 4
58 4
58 4
58 4
54 4
54 4
58 4
58 4
56 4
56 4
56 4
56 4
51 4
51 4
56 4
56 4
59 4
59 4
59 4
59 2
56 4
56 4
56 2
59 4
59 4
58 4
58 4
58 4
54 4
54 4
54 4
58 4
58 4
59 4
59 4
59 4
56 4
56 4
56 4
59 4
59 4
61 4
61 4
61 4
59 4
59 4
59 4
58 4
58 4
58 4
58 4
58 4
58 4
54 4
54 4
58 4
58 4
56 4
56 4
56 4
56 4
51 4
51 4
56 4
56 4
58 4
58 4
58 4
58 4
54 4
54 4
58 4
58 4
56 4
56 4
56 4
56 4
51 4
51 4
56 4
56 4
59 4
59 4
59 4
59 2
56 4
56 4
56 2
59 4
59 4
58 4
58 4
58 4
54 4
54 4
54 4
58 4
58 4
59 4
59 4
59 4
56 4
56 4
56 4
59 4
59 4
61 4
61 4
61 4
59 4
59 4
59 4
58 4
58 4
58 4
58 4
58 4
58 4
54 4
54 4
58 4
58 4
56 4
56 4
56 4
56 4
51 4
51 4
56 4
56 4
58 4
58 4
58 4
58 4
54 4
54 4
58 4
58 4
56 4
56 4
56 4
56 4
51 4
51 4
56 4
56 4
59 4
59 4
59 4
59 2
56 4
56 4
56 2
59 4
59 4
58 4
58 4
58 4
54 4
54 4
54 4
58 4
58 4
59 4
59 4
59 4
56 4
56 4
56 4
59 4
59 4
61 4
61 4
61 4
59 4
59 4
59 4
58 4
58 4
58 4
58 4
58 4
58 4
54 4
54 4
58 4
58 4
56 4
56 4
56 4
56 4
51 4
51 4
56 4
56 4
58 4
58 4
58 4
58 4
54 4
54 4
58 4
58 4
56 4
56 4
56 4
56 4
51 4
51 4
56 4
56 4
59 4
59 4
59 4
59 2
56 4
56 4
56 2
59 4
59 4
58 4
58 4
58 4
54 4
54 4
54 4
58 4
58 4
59 4
59 4
59 4
56 4
56 4
56 4
59 4
59 4
61 4
61 4
61 4
59 4
59 4
59 4
58 4
58 4
E
S
H
39 4
39 4
40 4
39 4
39 4
39 4
37 4
39 4
39 4
39 4
40 4
39 4
39 4
39 4
37 4
39 4
39 4
39 4
40 4
39 4
39 4
39 4
37 4
39 4
39 4
39 4
40 4
39 4
39 4
39 4
37 4
39 4
39 4
39 4
40 4
39 4
39 4
39 4
37 4
39 4
39 4
39 4
40 4
39 4
39 4
39 4
37 4
39 4
39 4
39 4
40 4
39 4
39 4
39 4
37 4
39 4
39 4
39 4
42 4
39 4
40 4
39 4
39 4
39 4
40 4
40 4
42 4
40 4
40 4
40 4
39 4
40 4
40 4
40 4
42 4
40 4
40 4
40 4
37 4
40 4
40 4
40 4
42 4
40 4
40 4
40 4
37 4
40 4
40 4
40 4
44 4
44 4
42 4
42 4
40 4
40 4
39 4
39 4
40 4
39 4
39 4
39 4
37 4
39 4
39 4
39 4
40 4
39 4
39 4
39 4
37 4
39 4
39 4
39 4
40 4
39 4
39 4
39 4
37 4
39 4
39 4
39 4
42 4
39 4
40 4
39 4
39 4
39 4
40 4
40 4
42 4
40 4
40 4
40 4
39 4
40 4
40 4
40 4
42 4
40 4
40 4
40 4
37 4
40 4
40 4
40 4
42 4
40 4
40 4
40 4
37 4
40 4
40 4
40 4
44 4
44 4
42 4
42 4
40 4
40 4
39 4
39 4
40 4
39 4
39 4
39 4
37 4
39 4
39 4
39 4
40 4
39 4
39 4
39 4
37 4
39 4
39 4
39 4
40 4
39 4
39 4
39 4
37 4
39 4
39 4
39 4
42 4
39 4
40 4
39 4
39 4
39 4
40 4
40 4
42 4
40 4
40 4
40 4
39 4
40 4
40 4
40 4
42 4
40 4
40 4
40 4
37 4
40 4
40 4
40 4
42 4
40 4
40 4
40 4
37 4
40 4
40 4
40 4
44 4
44 4
42 4
42 4
40 4
40 4
39 4
39 4
40 4
39 4
39 4
39 4
37 4
39 4
39 4
39 4
40 4
39 4
39 4
39 4
37 4
39 4
39 4
39 4
40 4
39 4
39 4
39 4
37 4
39 4
39 4
39 4
42 4
39 4
40 4
39 4
39 4
39 4
40 4
40 4
42 4
40 4
40 4
40 4
39 4
40 4
40 4
40 4
42 4
40 4
40 4
40 4
37 4
40 4
40 4
40 4
42 4
40 4
40 4
40 4
37 4
40 4
40 4
40 4
44 4
44 4
42 4
42 4
40 4
40 4
E
S
H
72 14
58 11
54 7
58 7
56 11
51 7
56 7
58 11
54 7
58 7
56 11
51 7
56 7
59 10
56 8
59 7
58 9
54 9
58 7
59 9
56 9
59 7
72 13
58 11
54 7
58 7
56 11
51 7
56 7
58 11
54 7
58 7
56 11
51 7
56 7
59 10
56 8
59 7
58 9
54 9
58 7
59 9
56 9
59 7
72 13
58 11
54 7
58 7
56 11
51 7
56 7
58 11
54 7
58 7
56 11
51 7
56 7
59 10
56 8
59 7
58 9
54 9
58 7
59 9
56 9
59 7
72 13
58 11
54 7
58 7
56 11
51 7
56 7
58 11
54 7
58 7
56 11
51 7
56 7
59 10
56 8
59 7
58 9
54 9
58 7
59 9
56 9
59 7
E
S
H
72 14
49 2
49 2
49 2
48 2
44 2
44 2
44 2
43 2
49 2
49 2
49 2
48 2
44 2
44 2
44 2
43 2
72 14
49 2
48 2
46 2
72 2
49 2
72 2
48 2
72 2
46 2
72 2
44 2
72 2
42 2
72 2
40 2
72 14
49 2
48 2
46 2
72 2
49 2
72 2
48 2
72 2
46 2
72 2
44 2
72 2
42 2
72 2
40 2
72 14
49 2
48 2
46 2
72 2
49 2
72 2
48 2
72 2
46 2
72 2
44 2
72 2
42 2
72 2
40 2
72 14
49 2
48 2
46 2
72 2
49 2
72 2
48 2
72 2
46 2
72 2
44 2
72 2
42 2
72 2
40 2
E
S
L
11 2
72 2
11 2
72 2
14 2
72 2
11 2
72 2
11 2
72 2
11 2
72 2
14 2
72 2
11 2
72 2
11 2
72 2
11 2
72 2
14 2
72 2
11 2
72 2
11 2
72 2
11 2
72 2
14 2
72 2
11 2
72 2
11 2
72 2
11 2
72 2
14 2
72 2
11 2
72 2
11 2
72 2
11 2
72 2
14 2
72 2
11 2
72 2
11 2
72 2
11 2
72 2
14 2
72 2
11 2
72 2
11 2
72 2
11 2
72 2
14 2
72 2
11 2
72 2
11 2
72 2
11 2
72 2
14 2
72 2
11 2
72 2
11 2
72 2
11 2
72 2
14 2
72 2
11 2
72 2
11 2
72 2
11 2
72 2
14 2
72 2
11 2
72 2
11 2
72 2
11 2
72 2
14 2
72 2
11 2
72 2
11 2
72 2
11 2
72 2
14 2
72 2
11 2
72 2
11 2
72 2
11 2
72 2
14 2
72 2
11 2
72 2
11 2
72 2
11 2
72 2
14 2
72 2
11 2
72 2
14 2
72 2
11 2
72 2
14 2
72 2
11 2
72 2
11 2
72 2
11 2
72 2
14 2
72 6
11 2
72 2
11 2
72 2
14 2
72 6
11 2
72 2
11 2
72 2
14 2
72 6
11 2
72 2
11 2
72 2
14 2
72 6
11 2
72 2
11 2
72 2
14 2
72 6
11 2
72 2
11 2
72 2
14 2
72 6
11 2
72 2
11 2
72 2
14 2
72 6
11 2
72 2
11 2
72 2
14 2
72 6
11 2
72 2
11 2
72 2
14 2
72 2
14 2
72 2
11 2
72 2
11 2
72 2
14 2
72 2
14 2
72 2
11 2
72 2
11 2
72 2
14 2
72 2
14 2
72 2
11 2
72 2
11 2
72 2
14 2
72 2
14 2
72 2
11 2
72 2
11 2
72 2
14 2
72 2
14 2
72 2
11 2
72 2
11 2
72 2
14 2
72 2
14 2
72 2
11 2
72 2
11 2
72 2
14 2
72 6
11 2
72 2
11 2
72 2
14 2
72 6
11 2
72 2
14 2
72 2
14 2
72 2
14 2
72 2
11 2
72 2
11 2
11 2
11 2
72 2
11 2
72 2
11 2
72 2
11 2
72 2
14 2
72 2
11 2
72 2
11 2
72 2
11 2
72 2
14 2
72 2
11 2
72 2
11 2
72 2
11 2
72 2
14 2
72 2
11 2
72 2
11 2
72 2
11 2
72 2
14 2
72 2
11 2
72 2
11 2
72 2
11 2
72 2
14 2
72 2
11 2
72 2
11 2
72 2
11 2
72 2
14 2
72 2
11 2
72 2
11 2
72 2
11 2
72 2
14 2
72 2
11 2
72 2
11 2
72 2
11 2
72 2
14 2
72 2
11 2
72 2
11 2
72 2
11 2
72 2
14 2
72 2
11 2
72 2
11 2
72 2
11 2
72 2
14 2
72 2
11 2
72 2
11 2
72 2
11 2
72 2
14 2
72 2
11 2
72 2
11 2
72 2
11 2
72 2
14 2
72 2
11 2
72 2
11 2
72 2
11 2
72 2
14 2
72 2
11 2
72 2
14 2
72 2
11 2
72 2
14 2
72 2
11 2
72 2
11 2
72 2
11 2
72 2
14 2
72 6
11 2
72 2
11 2
72 2
14 2
72 6
11 2
72 2
11 2
72 2
14 2
72 6
11 2
72 2
11 2
72 2
14 2
72 6
11 2
72 2
11 2
72 2
14 2
72 6
11 2
72 2
11 2
72 2
14 2
72 6
11 2
72 2
11 2
72 2
14 2
72 6
11 2
72 2
11 2
72 2
14 2
72 6
11 2
72 2
11 2
72 2
14 2
72 2
14 2
72 2
11 2
72 2
11 2
72 2
14 2
72 2
14 2
72 2
11 2
72 2
11 2
72 2
14 2
72 2
14 2
72 2
11 2
72 2
11 2
72 2
14 2
72 2
14 2
72 2
11 2
72 2
11 2
72 2
14 2
72 2
14 2
72 2
11 2
72 2
11 2
72 2
14 2
72 2
14 2
72 2
11 2
72 2
11 2
72 2
14 2
72 6
11 2
72 2
11 2
72 2
14 2
72 6
11 2
72 2
14 2
72 2
14 2
72 2
14 2
72 2
11 2
72 2
11 2
11 2
11 2
72 2
11 2
72 2
11 2
72 2
11 2
72 2
14 2
72 2
11 2
72 2
11 2
72 2
11 2
72 2
14 2
72 2
11 2
72 2
11 2
72 2
11 2
72 2
14 2
72 2
11 2
72 2
11 2
72 2
11 2
72 2
14 2
72 2
11 2
72 2
11 2
72 2
11 2
72 2
14 2
72 2
11 2
72 2
11 2
72 2
11 2
72 2
14 2
72 2
11 2
E
X
