major
S
H
72 7
65 0
66 3
72 1
65 4
61 4
58 4
72 4
61 4
64 4
72 6
63 4
61 4
59 2
58 4
72 11
65 0
66 3
72 1
65 4
61 4
58 4
72 4
61 4
63 4
72 6
61 4
59 2
58 4
72 4
56 4
72 4
56 4
72 2
63 2
63 4
72 4
65 4
72 2
63 2
61 4
72 4
58 4
72 2
65 2
65 4
72 4
68 4
66 4
65 4
63 4
68 0
70 5
72 0
68 2
66 4
72 4
70 4
68 4
66 4
65 4
66 4
72 13
65 0
66 3
72 1
65 4
61 4
58 4
72 4
61 4
64 4
72 6
63 4
61 4
59 2
58 4
72 11
65 0
66 3
72 1
65 4
61 4
58 4
72 4
61 4
63 4
72 6
61 4
59 2
58 4
72 4
56 4
72 4
56 4
72 2
63 2
63 4
72 4
65 4
72 2
63 2
61 4
72 4
58 4
72 2
65 2
65 4
72 4
68 4
66 4
65 4
63 4
68 0
70 5
72 0
68 2
66 4
72 4
70 4
68 4
66 4
65 4
66 4
72 13
65 0
66 3
72 1
65 4
61 4
58 4
72 4
61 4
64 4
72 6
63 4
61 4
59 2
58 4
72 11
65 0
66 3
72 1
65 4
61 4
58 4
72 4
61 4
63 4
72 6
61 4
59 2
58 4
72 4
56 4
72 4
56 4
72 2
63 2
63 4
72 4
65 4
72 2
63 2
61 4
72 4
58 4
72 2
65 2
65 4
72 4
68 4
66 4
65 4
63 4
68 0
70 5
72 0
68 2
66 4
72 4
70 4
68 4
66 4
65 4
66 4
72 13
65 0
66 3
72 1
65 4
61 4
58 4
72 4
61 4
64 4
72 6
63 4
61 4
59 2
58 4
72 11
65 0
66 3
72 1
65 4
61 4
58 4
72 4
61 4
63 4
72 6
61 4
59 2
58 4
72 4
56 4
72 4
56 4
72 2
63 2
63 4
72 4
65 4
72 2
63 2
61 4
72 4
58 4
72 2
65 2
65 4
72 4
68 4
66 4
65 4
63 4
68 0
70 5
72 0
68 2
66 4
72 4
70 4
68 4
66 4
65 4
66 4
E
S
H
72 13
51 4
46 4
42 4
46 4
51 4
54 4
51 4
72 13
51 2
46 2
51 2
54 2
51 2
46 2
42 4
46 4
51 4
46 4
72 11
33 4
72 4
33 4
72 4
34 4
72 6
35 2
39 2
42 2
35 4
72 7
35 4
72 4
37 4
72 9
37 4
42 4
37 4
30 4
42 4
72 13
61 4
58 4
54 4
72 4
49 4
54 4
54 4
51 2
46 2
51 2
54 2
51 2
46 2
72 2
46 2
51 2
54 4
51 2
46 2
72 12
54 4
72 4
61 4
54 2
72 2
54 2
51 2
46 2
51 2
46 2
42 2
46 4
51 4
54 4
51 4
72 7
44 4
72 9
57 4
72 9
58 4
66 4
72 4
60 4
72 11
65 4
61 4
72 7
61 4
56 4
72 7
61 4
58 4
54 4
49 4
54 4
58 4
72 13
51 4
46 4
42 4
46 4
51 4
54 4
51 4
72 13
51 2
46 2
51 2
54 2
51 2
46 2
42 4
46 4
51 4
46 4
72 11
33 4
72 4
33 4
72 4
34 4
72 6
35 2
39 2
42 2
35 4
72 7
35 4
72 4
37 4
72 9
37 4
42 4
37 4
30 4
42 4
72 13
61 4
58 4
54 4
72 4
49 4
54 4
54 4
51 2
46 2
51 2
54 2
51 2
46 2
72 2
46 2
51 2
54 4
51 2
46 2
72 12
54 4
72 4
61 4
54 2
72 2
54 2
51 2
46 2
51 2
46 2
42 2
46 4
51 4
54 4
51 4
72 7
44 4
72 9
57 4
72 9
58 4
66 4
72 4
60 4
72 11
65 4
61 4
72 7
61 4
56 4
72 7
61 4
58 4
54 4
49 4
54 4
58 4
E
S
H
30 4
42 4
72 12
39 4
72 12
30 4
42 4
72 12
39 4
72 12
35 4
32 4
72 7
21 4
72 9
22 4
72 9
23 4
72 9
25 4
72 9
25 4
72 9
30 4
72 9
58 4
72 4
54 4
72 4
30 4
42 4
72 12
27 4
39 4
72 12
30 4
42 4
72 12
27 4
72 6
63 4
72 11
32 4
72 6
44 2
47 2
51 2
33 4
72 6
45 4
72 2
34 4
72 6
47 2
51 2
54 2
35 4
72 6
47 2
51 2
47 2
25 4
37 4
72 7
25 4
37 4
72 7
42 4
54 4
72 12
30 4
42 4
72 12
39 4
72 12
30 4
42 4
72 12
39 4
72 12
35 4
32 4
72 7
21 4
72 9
22 4
72 9
23 4
72 9
25 4
72 9
25 4
72 9
30 4
72 9
58 4
72 4
54 4
72 4
30 4
42 4
72 12
27 4
39 4
72 12
30 4
42 4
72 12
27 4
72 6
63 4
72 11
32 4
72 6
44 2
47 2
51 2
33 4
72 6
45 4
72 2
34 4
72 6
47 2
51 2
54 2
35 4
72 6
47 2
51 2
47 2
25 4
37 4
72 7
25 4
37 4
72 7
42 4
54 4
E
X
