major
S
H
72 11
56 0
72 1
59 2
72 0
62 3
72 1
63 3
72 1
63 0
64 6
72 2
63 3
72 8
64 3
72 1
63 3
72 1
64 3
72 1
63 7
61 3
72 12
63 7
61 3
72 7
63 2
63 3
72 1
61 3
72 1
63 3
72 1
61 7
59 3
72 1
61 7
59 3
72 1
61 3
72 1
63 3
72 1
64 7
63 3
72 8
64 3
72 1
63 3
72 1
64 3
72 1
68 7
66 3
72 1
64 7
63 8
72 4
63 2
64 4
63 4
61 4
72 4
59 4
61 4
63 4
64 4
64 7
63 4
64 4
59 4
61 4
63 4
63 0
64 6
72 2
63 3
72 8
64 3
72 1
63 3
72 1
64 3
72 1
63 7
61 3
72 12
63 7
61 3
72 7
63 2
63 3
72 1
61 3
72 1
63 3
72 1
61 7
59 3
72 1
61 7
59 3
72 1
61 3
72 1
63 3
72 1
64 7
63 3
72 8
64 3
72 1
63 3
72 1
64 3
72 1
68 7
66 3
72 1
64 7
63 8
72 4
63 2
64 4
63 4
61 4
72 4
59 4
61 4
63 4
64 4
64 7
63 4
64 4
64 3
72 1
63 3
72 1
61 3
72 1
59 3
72 5
61 3
72 1
63 3
72 5
59 3
72 1
61 3
72 1
63 3
72 5
59 3
72 1
61 3
72 1
63 3
72 5
59 3
72 1
61 3
72 1
63 3
72 8
63 0
64 3
72 5
64 4
63 4
72 4
64 7
64 4
64 7
64 4
63 7
61 4
59 3
72 5
61 3
72 1
63 3
72 5
59 3
72 1
61 3
72 1
63 3
72 5
59 3
72 1
61 3
72 1
63 3
72 5
59 3
72 1
61 3
72 1
63 3
72 1
63 0
64 3
72 5
63 0
64 3
72 5
64 4
63 4
72 4
64 7
64 4
64 7
66 7
67 7
72 7
67 0
68 3
72 5
68 4
67 4
67 4
66 4
66 4
66 4
66 4
72 4
66 4
64 4
64 4
61 4
61 4
61 4
61 4
61 4
61 4
61 4
64 4
68 4
68 4
68 2
72 2
68 4
68 4
68 4
64 4
64 4
61 4
72 7
59 4
72 4
63 4
72 4
66 4
72 4
64 4
64 4
64 4
72 4
61 4
61 4
61 4
72 4
64 4
72 4
64 4
72 7
63 4
72 4
64 4
64 4
64 4
72 9
56 0
72 1
59 2
72 0
62 3
72 1
63 3
72 1
63 0
64 6
72 2
63 3
72 8
64 3
72 1
63 3
72 1
64 3
72 1
63 7
61 3
72 12
63 7
61 3
72 7
63 2
63 3
72 1
61 3
72 1
63 3
72 1
61 7
59 3
72 1
61 7
59 3
72 1
61 3
72 1
63 3
72 1
64 7
63 3
72 8
64 3
72 1
63 3
72 1
64 3
72 1
68 7
66 3
72 1
64 7
63 8
72 4
63 2
64 4
63 4
61 4
72 4
59 4
61 4
63 4
64 4
64 7
63 4
64 4
59 4
61 4
63 4
63 0
64 6
72 2
63 3
72 8
64 3
72 1
63 3
72 1
64 3
72 1
63 7
61 3
72 12
63 7
61 3
72 7
63 2
63 3
72 1
61 3
72 1
63 3
72 1
61 7
59 3
72 1
61 7
59 3
72 1
61 3
72 1
63 3
72 1
64 7
63 3
72 8
64 3
72 1
63 3
72 1
64 3
72 1
68 7
66 3
72 1
64 7
63 8
72 4
63 2
64 4
63 4
61 4
72 4
59 4
61 4
63 4
64 4
64 7
63 4
64 4
64 3
72 1
63 3
72 1
61 3
72 1
59 3
72 5
61 3
72 1
63 3
72 5
59 3
72 1
61 3
72 1
63 3
72 5
59 3
72 1
61 3
72 1
63 3
72 5
59 3
72 1
61 3
72 1
63 3
72 8
63 0
64 3
72 5
64 4
63 4
72 4
64 7
64 4
64 7
64 4
63 7
61 4
59 3
72 5
61 3
72 1
63 3
72 5
59 3
72 1
61 3
72 1
63 3
72 5
59 3
72 1
61 3
72 1
63 3
72 5
59 3
72 1
61 3
72 1
63 3
72 1
63 0
64 3
72 5
63 0
64 3
72 5
64 4
63 4
72 4
64 7
64 4
64 7
66 7
67 7
72 7
67 0
68 3
72 5
68 4
67 4
67 4
66 4
66 4
66 4
66 4
72 4
66 4
64 4
64 4
61 4
61 4
61 4
61 4
61 4
61 4
61 4
64 4
68 4
68 4
68 2
72 2
68 4
68 4
68 4
64 4
64 4
61 4
72 7
59 4
72 4
63 4
72 4
66 4
72 4
64 4
64 4
64 4
72 4
61 4
61 4
61 4
72 4
64 4
72 4
64 4
72 7
63 4
72 4
64 4
64 4
64 4
72 9
56 0
72 1
59 2
72 0
62 3
72 1
63 3
E
S
H
72 13
40 3
72 4
40 2
35 3
72 1
40 3
72 1
40 3
72 1
40 3
72 1
35 3
72 1
40 3
72 1
35 3
72 4
35 2
30 3
72 1
35 3
72 5
30 3
72 1
35 3
72 1
30 3
72 1
35 3
72 4
35 2
30 3
72 1
35 3
72 5
30 3
72 1
32 3
72 1
35 3
72 1
40 3
72 4
40 2
35 3
72 1
40 3
72 5
40 3
72 1
35 3
72 1
40 3
72 1
40 3
72 4
40 2
35 3
72 1
40 3
72 5
35 3
72 1
40 3
72 1
35 3
72 1
44 3
72 4
44 2
39 3
72 1
44 3
72 5
39 3
72 1
44 3
72 1
39 3
72 1
42 3
72 5
40 3
72 5
37 3
72 5
40 3
72 5
40 3
72 1
40 3
72 5
35 3
72 1
40 3
72 1
35 3
72 1
37 3
72 1
39 3
72 1
40 3
72 4
40 2
35 3
72 1
40 3
72 1
40 3
72 1
40 3
72 1
35 3
72 1
40 3
72 1
35 3
72 4
35 2
30 3
72 1
35 3
72 5
30 3
72 1
35 3
72 1
30 3
72 1
35 3
72 4
35 2
30 3
72 1
35 3
72 5
30 3
72 1
32 3
72 1
35 3
72 1
40 3
72 4
40 2
35 3
72 1
40 3
72 5
40 3
72 1
35 3
72 1
40 3
72 1
40 3
72 4
40 2
35 3
72 1
40 3
72 5
35 3
72 1
40 3
72 1
35 3
72 1
44 3
72 4
44 2
39 3
72 1
44 3
72 5
39 3
72 1
44 3
72 1
39 3
72 1
42 3
72 5
40 3
72 5
37 3
72 5
40 3
72 5
40 3
72 1
40 3
72 5
35 3
72 1
40 3
72 1
40 3
72 8
35 3
72 4
35 2
30 3
72 1
35 3
72 5
35 3
72 1
30 3
72 1
32 3
72 1
35 3
72 5
30 3
72 1
32 3
72 5
32 3
72 1
35 3
72 1
30 3
72 1
40 3
72 5
35 3
72 5
40 3
72 5
35 3
72 1
40 3
72 5
40 3
72 1
35 3
72 5
37 3
72 5
40 3
72 5
35 3
72 4
35 2
30 3
72 1
35 3
72 5
35 3
72 1
30 3
72 1
30 3
72 1
35 3
72 4
35 2
30 3
72 1
35 3
72 5
35 3
72 1
30 3
72 1
30 3
72 1
40 3
72 5
37 3
72 5
35 3
72 5
37 3
72 1
40 3
72 5
40 3
72 1
40 3
72 5
42 3
72 5
39 3
72 5
44 3
72 8
44 3
72 1
39 3
72 8
39 3
72 1
44 3
72 5
44 3
72 5
44 3
72 1
39 3
72 5
44 3
72 1
40 3
72 8
40 3
72 1
37 3
72 8
37 3
72 5
37 3
72 1
40 3
72 5
44 3
72 1
40 3
72 5
37 3
72 1
35 3
72 8
35 3
72 1
30 3
72 5
35 3
72 5
40 3
72 5
40 3
72 5
35 3
72 5
35 3
72 5
40 3
72 5
40 3
72 5
40 3
72 1
35 3
72 5
40 3
72 13
40 3
72 4
40 2
35 3
72 1
40 3
72 1
40 3
72 1
40 3
72 1
35 3
72 1
40 3
72 1
35 3
72 4
35 2
30 3
72 1
35 3
72 5
30 3
72 1
35 3
72 1
30 3
72 1
35 3
72 4
35 2
30 3
72 1
35 3
72 5
30 3
72 1
32 3
72 1
35 3
72 1
40 3
72 4
40 2
35 3
72 1
40 3
72 5
40 3
72 1
35 3
72 1
40 3
72 1
40 3
72 4
40 2
35 3
72 1
40 3
72 5
35 3
72 1
40 3
72 1
35 3
72 1
44 3
72 4
44 2
39 3
72 1
44 3
72 5
39 3
72 1
44 3
72 1
39 3
72 1
42 3
72 5
40 3
72 5
37 3
72 5
40 3
72 5
40 3
72 1
40 3
72 5
35 3
72 1
40 3
72 1
35 3
72 1
37 3
72 1
39 3
72 1
40 3
72 4
40 2
35 3
72 1
40 3
72 1
40 3
72 1
40 3
72 1
35 3
72 1
40 3
72 1
35 3
72 4
35 2
30 3
72 1
35 3
72 5
30 3
72 1
35 3
72 1
30 3
72 1
35 3
72 4
35 2
30 3
72 1
35 3
72 5
30 3
72 1
32 3
72 1
35 3
72 1
40 3
72 4
40 2
35 3
72 1
40 3
72 5
40 3
72 1
35 3
72 1
40 3
72 1
40 3
72 4
40 2
35 3
72 1
40 3
72 5
35 3
72 1
40 3
72 1
35 3
72 1
44 3
72 4
44 2
39 3
72 1
44 3
72 5
39 3
72 1
44 3
72 1
39 3
72 1
42 3
72 5
40 3
72 5
37 3
72 5
40 3
72 5
40 3
72 1
40 3
72 5
35 3
72 1
40 3
72 1
40 3
72 8
35 3
72 4
35 2
30 3
72 1
35 3
72 5
35 3
72 1
30 3
72 1
32 3
72 1
35 3
72 5
30 3
72 1
32 3
72 5
32 3
72 1
35 3
72 1
30 3
72 1
40 3
72 5
35 3
72 5
40 3
72 5
35 3
72 1
40 3
72 5
40 3
72 1
35 3
72 5
37 3
72 5
40 3
72 5
35 3
72 4
35 2
30 3
72 1
35 3
72 5
35 3
72 1
30 3
72 1
30 3
72 1
35 3
72 4
35 2
30 3
72 1
35 3
72 5
35 3
72 1
30 3
72 1
30 3
72 1
40 3
72 5
37 3
72 5
35 3
72 5
37 3
72 1
40 3
72 5
40 3
72 1
40 3
72 5
42 3
72 5
39 3
72 5
44 3
72 8
44 3
72 1
39 3
72 8
39 3
72 1
44 3
72 5
44 3
72 5
44 3
72 1
39 3
72 5
44 3
72 1
40 3
72 8
40 3
72 1
37 3
72 8
37 3
72 5
37 3
72 1
40 3
72 5
44 3
72 1
40 3
72 5
37 3
72 1
35 3
72 8
35 3
72 1
30 3
72 5
35 3
72 5
40 3
72 5
40 3
72 5
35 3
72 5
35 3
72 5
40 3
72 5
40 3
72 5
40 3
72 1
35 3
72 5
40 3
E
S
H
72 13
56 2
72 4
56 2
56 2
72 8
56 2
72 6
56 2
72 2
54 2
72 4
54 2
54 2
72 2
54 2
72 6
54 2
72 2
54 2
72 6
54 2
72 4
54 2
54 2
72 2
54 2
72 6
47 2
72 2
50 2
72 2
54 2
72 2
56 2
72 4
56 2
72 4
56 2
72 6
56 2
72 2
52 2
72 2
47 2
72 2
56 2
72 4
56 2
72 4
56 2
72 6
56 2
72 2
56 2
72 2
56 2
72 2
63 2
72 4
63 2
72 4
56 2
72 8
63 2
72 6
56 2
72 6
50 2
72 6
49 2
72 6
52 2
72 6
56 2
72 4
56 2
72 4
54 2
72 2
56 2
72 10
56 2
72 4
56 2
56 2
72 8
56 2
72 6
56 2
72 2
54 2
72 4
54 2
54 2
72 2
54 2
72 6
54 2
72 2
54 2
72 6
54 2
72 4
54 2
54 2
72 2
54 2
72 6
47 2
72 2
50 2
72 2
54 2
72 2
56 2
72 4
56 2
72 4
56 2
72 6
56 2
72 2
52 2
72 2
47 2
72 2
56 2
72 4
56 2
72 4
56 2
72 6
56 2
72 2
56 2
72 2
56 2
72 2
63 2
72 4
63 2
72 4
56 2
72 8
63 2
72 6
56 2
72 6
50 2
72 6
49 2
72 6
52 2
72 6
56 2
72 4
56 2
72 4
54 2
72 11
54 2
72 4
54 2
42 2
72 2
54 2
72 6
42 2
72 2
54 2
72 2
54 2
72 2
54 2
72 4
54 2
42 2
72 2
54 2
72 6
42 2
72 2
54 2
72 2
54 2
72 2
56 2
72 8
56 2
72 6
56 2
72 2
56 2
72 6
56 2
72 8
56 2
72 6
56 2
72 2
56 2
72 6
54 2
72 4
54 2
42 2
72 2
54 2
72 6
42 2
72 2
54 2
72 2
54 2
72 2
54 2
72 4
54 2
42 2
72 2
54 2
72 6
42 2
72 2
54 2
72 2
54 2
72 2
56 2
72 8
56 2
72 6
56 2
72 2
56 2
72 6
56 2
72 6
56 2
72 12
56 2
72 8
56 2
72 2
56 2
72 8
56 2
72 6
56 2
72 2
56 2
72 6
56 2
72 10
56 2
72 8
56 2
72 2
56 2
72 8
56 2
72 6
56 2
72 2
56 2
72 6
56 2
72 10
54 2
72 8
54 2
72 2
54 2
72 8
54 2
72 2
56 2
72 6
56 2
72 6
57 2
72 10
56 2
72 6
56 2
72 6
56 2
72 2
54 2
72 6
56 2
72 6
56 2
72 2
56 2
72 12
56 2
72 4
56 2
56 2
72 8
56 2
72 6
56 2
72 2
54 2
72 4
54 2
54 2
72 2
54 2
72 6
54 2
72 2
54 2
72 6
54 2
72 4
54 2
54 2
72 2
54 2
72 6
47 2
72 2
50 2
72 2
54 2
72 2
56 2
72 4
56 2
72 4
56 2
72 6
56 2
72 2
52 2
72 2
47 2
72 2
56 2
72 4
56 2
72 4
56 2
72 6
56 2
72 2
56 2
72 2
56 2
72 2
63 2
72 4
63 2
72 4
56 2
72 8
63 2
72 6
56 2
72 6
50 2
72 6
49 2
72 6
52 2
72 6
56 2
72 4
56 2
72 4
54 2
72 2
56 2
72 10
56 2
72 4
56 2
56 2
72 8
56 2
72 6
56 2
72 2
54 2
72 4
54 2
54 2
72 2
54 2
72 6
54 2
72 2
54 2
72 6
54 2
72 4
54 2
54 2
72 2
54 2
72 6
47 2
72 2
50 2
72 2
54 2
72 2
56 2
72 4
56 2
72 4
56 2
72 6
56 2
72 2
52 2
72 2
47 2
72 2
56 2
72 4
56 2
72 4
56 2
72 6
56 2
72 2
56 2
72 2
56 2
72 2
63 2
72 4
63 2
72 4
56 2
72 8
63 2
72 6
56 2
72 6
50 2
72 6
49 2
72 6
52 2
72 6
56 2
72 4
56 2
72 4
54 2
72 11
54 2
72 4
54 2
42 2
72 2
54 2
72 6
42 2
72 2
54 2
72 2
54 2
72 2
54 2
72 4
54 2
42 2
72 2
54 2
72 6
42 2
72 2
54 2
72 2
54 2
72 2
56 2
72 8
56 2
72 6
56 2
72 2
56 2
72 6
56 2
72 8
56 2
72 6
56 2
72 2
56 2
72 6
54 2
72 4
54 2
42 2
72 2
54 2
72 6
42 2
72 2
54 2
72 2
54 2
72 2
54 2
72 4
54 2
42 2
72 2
54 2
72 6
42 2
72 2
54 2
72 2
54 2
72 2
56 2
72 8
56 2
72 6
56 2
72 2
56 2
72 6
56 2
72 6
56 2
72 12
56 2
72 8
56 2
72 2
56 2
72 8
56 2
72 6
56 2
72 2
56 2
72 6
56 2
72 10
56 2
72 8
56 2
72 2
56 2
72 8
56 2
72 6
56 2
72 2
56 2
72 6
56 2
72 10
54 2
72 8
54 2
72 2
54 2
72 8
54 2
72 2
56 2
72 6
56 2
72 6
57 2
72 10
56 2
72 6
56 2
72 6
56 2
72 2
54 2
72 6
56 2
72 6
56 2
72 2
56 2
E
S
H
72 14
52 2
72 2
52 2
72 2
48 2
72 2
41 2
72 14
49 2
47 2
52 2
72 2
50 2
72 2
45 2
72 14
52 2
50 2
48 2
72 2
44 2
72 14
52 2
72 2
52 2
72 2
48 2
72 2
41 2
72 14
49 2
47 2
52 2
72 2
50 2
72 2
45 2
72 14
52 2
50 2
48 2
72 2
44 2
E
S
L
72 13
11 2
72 2
11 2
72 2
14 2
72 2
11 2
72 2
11 2
72 2
11 2
14 2
14 2
72 2
11 2
72 2
11 2
72 2
11 2
72 2
14 2
72 2
11 2
72 2
11 2
72 2
11 2
14 2
14 2
72 2
11 2
72 2
11 2
72 2
11 2
72 2
14 2
72 2
11 2
72 2
11 2
72 2
11 2
14 2
14 2
72 2
11 2
72 2
11 2
72 2
11 2
72 2
14 2
72 2
11 2
72 2
11 2
72 2
11 2
14 2
14 2
72 2
11 2
72 2
11 2
72 2
11 2
72 2
14 2
72 2
11 2
72 2
11 2
72 2
11 2
14 2
14 2
72 2
11 2
72 2
11 2
72 2
11 2
72 2
14 2
72 2
11 2
72 2
11 2
72 2
11 2
14 2
14 2
72 2
11 2
72 2
11 2
72 2
11 2
72 2
14 2
72 2
11 2
72 2
11 2
72 2
11 2
72 2
14 2
72 2
11 2
72 2
11 2
72 2
11 2
72 2
14 2
72 2
11 2
72 2
14 2
72 2
14 2
14 2
14 2
72 2
14 2
72 2
11 2
72 2
11 2
72 2
14 2
72 2
11 2
72 2
11 2
72 2
11 2
14 2
14 2
72 2
11 2
72 2
11 2
72 2
11 2
72 2
14 2
72 2
11 2
72 2
11 2
72 2
11 2
14 2
14 2
72 2
11 2
72 2
11 2
72 2
11 2
72 2
14 2
72 2
11 2
72 2
11 2
72 2
11 2
14 2
14 2
72 2
11 2
72 2
11 2
72 2
11 2
72 2
14 2
72 2
11 2
72 2
11 2
72 2
11 2
14 2
14 2
72 2
11 2
72 2
11 2
72 2
11 2
72 2
14 2
72 2
11 2
72 2
11 2
72 2
11 2
14 2
14 2
72 2
11 2
72 2
11 2
72 2
11 2
72 2
14 2
72 2
11 2
72 2
11 2
72 2
11 2
14 2
14 2
72 2
11 2
72 2
11 2
72 2
11 2
72 2
14 2
72 2
11 2
72 2
11 2
72 2
11 2
72 2
14 2
72 2
11 2
72 2
11 2
72 2
11 2
72 2
14 2
72 2
11 2
72 2
14 2
72 2
14 2
72 2
14 2
72 2
14 2
72 2
14 2
72 2
11 2
72 2
14 2
72 2
11 2
72 2
14 2
72 2
11 2
72 2
14 2
72 2
11 2
72 2
14 2
72 2
11 2
72 2
14 2
72 2
11 2
72 2
14 2
72 2
14 2
11 2
14 2
72 2
11 2
72 2
14 2
72 2
11 2
72 2
14 2
72 2
11 2
72 2
14 2
72 2
11 2
72 2
14 2
72 2
11 2
72 2
14 2
72 2
11 2
72 2
11 2
72 2
14 2
14 2
14 2
72 2
14 2
14 2
14 2
72 2
14 2
14 2
14 2
72 2
11 2
72 2
14 2
72 2
11 2
72 2
14 2
72 2
11 2
72 2
14 2
72 2
11 2
72 2
14 2
72 2
11 2
72 2
14 2
72 2
11 2
72 2
14 2
72 2
14 2
11 2
14 2
72 2
11 2
72 2
14 2
72 2
11 2
72 2
14 2
72 2
11 2
72 2
14 2
72 2
11 2
72 2
14 2
72 2
11 2
72 2
14 2
72 2
14 2
72 2
14 2
72 2
11 2
72 2
14 2
72 2
14 2
14 2
14 2
72 2
14 2
72 2
11 2
72 2
11 2
72 2
14 2
72 2
11 2
72 2
11 2
72 2
11 2
72 2
14 2
72 2
11 2
72 2
11 2
72 2
11 2
72 2
14 2
72 2
11 2
72 2
11 2
72 2
11 2
72 2
14 2
72 2
11 2
72 2
11 2
72 2
11 2
72 2
14 2
72 2
11 2
72 2
11 2
72 2
11 2
72 2
14 2
72 2
11 2
72 2
11 2
72 2
11 2
72 2
14 2
72 2
11 2
72 2
11 2
72 2
11 2
72 2
14 2
72 2
11 2
72 2
11 2
72 2
11 2
72 2
14 2
72 2
11 2
72 2
11 2
72 2
11 2
72 2
14 2
72 2
11 2
72 2
11 2
72 2
11 2
72 2
14 2
72 2
11 2
72 2
11 2
72 2
11 2
72 2
14 2
72 2
11 2
72 2
14 2
72 6
14 2
72 2
14 2
14 2
72 4
14 2
72 2
14 2
72 2
14 2
72 2
14 2
72 6
11 2
72 6
11 2
72 6
11 7
11 2
72 2
11 2
72 2
14 2
72 2
11 2
72 2
11 2
72 2
11 2
14 2
14 2
72 2
11 2
72 2
11 2
72 2
11 2
72 2
14 2
72 2
11 2
72 2
11 2
72 2
11 2
14 2
14 2
72 2
11 2
72 2
11 2
72 2
11 2
72 2
14 2
72 2
11 2
72 2
11 2
72 2
11 2
14 2
14 2
72 2
11 2
72 2
11 2
72 2
11 2
72 2
14 2
72 2
11 2
72 2
11 2
72 2
11 2
14 2
14 2
72 2
11 2
72 2
11 2
72 2
11 2
72 2
14 2
72 2
11 2
72 2
11 2
72 2
11 2
14 2
14 2
72 2
11 2
72 2
11 2
72 2
11 2
72 2
14 2
72 2
11 2
72 2
11 2
72 2
11 2
14 2
14 2
72 2
11 2
72 2
11 2
72 2
11 2
72 2
14 2
72 2
11 2
72 2
11 2
72 2
11 2
72 2
14 2
72 2
11 2
72 2
11 2
72 2
11 2
72 2
14 2
72 2
11 2
72 2
14 2
72 2
14 2
14 2
14 2
72 2
14 2
72 2
11 2
72 2
11 2
72 2
14 2
72 2
11 2
72 2
11 2
72 2
11 2
14 2
14 2
72 2
11 2
72 2
11 2
72 2
11 2
72 2
14 2
72 2
11 2
72 2
11 2
72 2
11 2
14 2
14 2
72 2
11 2
72 2
11 2
72 2
11 2
72 2
14 2
72 2
11 2
72 2
11 2
72 2
11 2
14 2
14 2
72 2
11 2
72 2
11 2
72 2
11 2
72 2
14 2
72 2
11 2
72 2
11 2
72 2
11 2
14 2
14 2
72 2
11 2
72 2
11 2
72 2
11 2
72 2
14 2
72 2
11 2
72 2
11 2
72 2
11 2
14 2
14 2
72 2
11 2
72 2
11 2
72 2
11 2
72 2
14 2
72 2
11 2
72 2
11 2
72 2
11 2
14 2
14 2
72 2
11 2
72 2
11 2
72 2
11 2
72 2
14 2
72 2
11 2
72 2
11 2
72 2
11 2
72 2
14 2
72 2
11 2
72 2
11 2
72 2
11 2
72 2
14 2
72 2
11 2
72 2
14 2
72 2
14 2
72 2
14 2
72 2
14 2
72 2
14 2
72 2
11 2
72 2
14 2
72 2
11 2
72 2
14 2
72 2
11 2
72 2
14 2
72 2
11 2
72 2
14 2
72 2
11 2
72 2
14 2
72 2
11 2
72 2
14 2
72 2
14 2
11 2
14 2
72 2
11 2
72 2
14 2
72 2
11 2
72 2
14 2
72 2
11 2
72 2
14 2
72 2
11 2
72 2
14 2
72 2
11 2
72 2
14 2
72 2
11 2
72 2
11 2
72 2
14 2
14 2
14 2
72 2
14 2
14 2
14 2
72 2
14 2
14 2
14 2
72 2
11 2
72 2
14 2
72 2
11 2
72 2
14 2
72 2
11 2
72 2
14 2
72 2
11 2
72 2
14 2
72 2
11 2
72 2
14 2
72 2
11 2
72 2
14 2
72 2
14 2
11 2
14 2
72 2
11 2
72 2
14 2
72 2
11 2
72 2
14 2
72 2
11 2
72 2
14 2
72 2
11 2
72 2
14 2
72 2
11 2
72 2
14 2
72 2
14 2
72 2
14 2
72 2
11 2
72 2
14 2
72 2
14 2
14 2
14 2
72 2
14 2
72 2
11 2
72 2
11 2
72 2
14 2
72 2
11 2
72 2
11 2
72 2
11 2
72 2
14 2
72 2
11 2
72 2
11 2
72 2
11 2
72 2
14 2
72 2
11 2
72 2
11 2
72 2
11 2
72 2
14 2
72 2
11 2
72 2
11 2
72 2
11 2
72 2
14 2
72 2
11 2
72 2
11 2
72 2
11 2
72 2
14 2
72 2
11 2
72 2
11 2
72 2
11 2
72 2
14 2
72 2
11 2
72 2
11 2
72 2
11 2
72 2
14 2
72 2
11 2
72 2
11 2
72 2
11 2
72 2
14 2
72 2
11 2
72 2
11 2
72 2
11 2
72 2
14 2
72 2
11 2
72 2
11 2
72 2
11 2
72 2
14 2
72 2
11 2
72 2
11 2
72 2
11 2
72 2
14 2
72 2
11 2
72 2
14 2
72 6
14 2
72 2
14 2
14 2
72 4
14 2
72 2
14 2
72 2
14 2
72 2
14 2
72 6
11 2
72 6
11 2
72 6
11 7
E
X
