major
S
H
72 14
72 12
44 2
45 2
46 9
41 9
46 7
42 9
39 9
42 4
44 4
40 9
43 9
46 2
48 2
49 4
51 9
54 9
56 7
58 9
53 9
58 7
51 9
47 9
49 4
51 4
43 9
48 9
48 2
50 2
52 4
53 13
55 4
60 11
48 2
50 2
52 2
53 2
55 4
56 4
49 7
49 2
51 2
53 11
54 4
57 11
45 2
47 2
49 2
50 2
52 4
51 4
48 4
55 4
51 11
52 4
48 11
43 2
45 2
47 2
48 2
50 4
51 4
48 4
55 4
58 11
53 2
55 2
57 7
55 7
54 4
50 2
52 2
54 2
55 2
57 2
60 2
55 13
72 14
72 12
44 2
45 2
46 9
41 9
46 7
42 9
39 9
42 4
44 4
40 9
43 9
46 2
48 2
49 4
51 9
54 9
56 7
58 9
53 9
58 7
51 9
47 9
49 4
51 4
43 9
48 9
48 2
50 2
52 4
53 13
55 4
60 11
48 2
50 2
52 2
53 2
55 4
56 4
49 7
49 2
51 2
53 11
54 4
57 11
45 2
47 2
49 2
50 2
52 4
51 4
48 4
55 4
51 11
52 4
48 11
43 2
45 2
47 2
48 2
50 4
51 4
48 4
55 4
58 11
53 2
55 2
57 7
55 7
54 4
50 2
52 2
54 2
55 2
57 2
60 2
55 13
E
S
H
72 14
72 12
44 2
45 2
46 9
41 9
46 7
42 9
39 9
42 4
44 4
40 9
43 9
46 2
48 2
49 4
51 9
54 9
56 7
58 9
53 9
58 7
51 9
47 9
49 4
51 4
43 9
48 9
48 2
50 2
52 4
53 13
55 4
60 11
48 2
50 2
52 2
53 2
55 4
56 4
49 7
49 2
51 2
53 11
54 4
57 11
45 2
47 2
49 2
50 2
52 4
51 4
48 4
55 4
51 11
52 4
48 11
43 2
45 2
47 2
48 2
50 4
51 4
48 4
55 4
58 11
53 2
55 2
57 7
55 7
54 4
50 2
52 2
54 2
55 2
57 2
60 2
55 13
72 14
72 12
44 2
45 2
46 9
41 9
46 7
42 9
39 9
42 4
44 4
40 9
43 9
46 2
48 2
49 4
51 9
54 9
56 7
58 9
53 9
58 7
51 9
47 9
49 4
51 4
43 9
48 9
48 2
50 2
52 4
53 13
55 4
60 11
48 2
50 2
52 2
53 2
55 4
56 4
49 7
49 2
51 2
53 11
54 4
57 11
45 2
47 2
49 2
50 2
52 4
51 4
48 4
55 4
51 11
52 4
48 11
43 2
45 2
47 2
48 2
50 4
51 4
48 4
55 4
58 11
53 2
55 2
57 7
55 7
54 4
50 2
52 2
54 2
55 2
57 2
60 2
55 13
E
S
H
72 14
72 12
44 2
45 2
46 9
41 9
46 7
42 9
39 9
42 4
44 4
40 9
43 9
46 2
48 2
49 4
51 9
54 9
56 7
58 9
53 9
58 7
51 9
47 9
49 4
51 4
43 9
48 9
48 2
50 2
52 4
53 13
55 4
60 11
48 2
50 2
52 2
53 2
55 4
56 4
49 7
49 2
51 2
53 11
54 4
57 11
45 2
47 2
49 2
50 2
52 4
51 4
48 4
55 4
51 11
52 4
48 11
43 2
45 2
47 2
48 2
50 4
51 4
48 4
55 4
58 11
53 2
55 2
57 7
55 7
54 4
50 2
52 2
54 2
55 2
57 2
60 2
55 13
72 14
72 12
44 2
45 2
46 9
41 9
46 7
42 9
39 9
42 4
44 4
40 9
43 9
46 2
48 2
49 4
51 9
54 9
56 7
58 9
53 9
58 7
51 9
47 9
49 4
51 4
43 9
48 9
48 2
50 2
52 4
53 13
55 4
60 11
48 2
50 2
52 2
53 2
55 4
56 4
49 7
49 2
51 2
53 11
54 4
57 11
45 2
47 2
49 2
50 2
52 4
51 4
48 4
55 4
51 11
52 4
48 11
43 2
45 2
47 2
48 2
50 4
51 4
48 4
55 4
58 11
53 2
55 2
57 7
55 7
54 4
50 2
52 2
54 2
55 2
57 2
60 2
55 13
E
S
H
72 14
72 13
44 2
45 2
46 9
41 9
46 7
42 9
39 9
42 4
44 4
40 9
43 9
46 2
48 2
49 4
51 9
54 9
56 7
58 9
53 9
58 7
51 9
47 9
49 4
51 4
43 9
48 9
48 2
50 2
52 4
53 13
55 4
60 11
48 2
50 2
52 2
53 2
55 4
56 4
49 7
49 2
51 2
53 11
54 4
57 11
45 2
47 2
49 2
50 2
52 4
51 4
48 4
55 4
51 11
52 4
48 11
43 2
45 2
47 2
48 2
50 4
51 4
48 4
55 4
58 11
53 2
55 2
57 7
55 7
54 4
50 2
52 2
54 2
55 2
57 2
60 2
55 13
72 14
72 13
44 2
45 2
46 9
41 9
46 7
42 9
39 9
42 4
44 4
40 9
43 9
46 2
48 2
49 4
51 9
54 9
56 7
58 9
53 9
58 7
51 9
47 9
49 4
51 4
43 9
48 9
48 2
50 2
52 4
53 13
55 4
60 11
48 2
50 2
52 2
53 2
55 4
56 4
49 7
49 2
51 2
53 11
54 4
57 11
45 2
47 2
49 2
50 2
52 4
51 4
48 4
55 4
51 11
52 4
48 11
43 2
45 2
47 2
48 2
50 4
51 4
48 4
55 4
58 11
53 2
55 2
57 7
55 7
54 4
50 2
52 2
54 2
55 2
57 2
60 2
55 13
E
S
H
1611 14
231 13
244 13
101 13
114 13
127 13
140 13
153 13
166 13
192 13
205 13
218 13
231 13
101 13
114 13
127 13
140 13
1611 14
231 13
244 13
101 13
114 13
127 13
140 13
153 13
166 13
192 13
205 13
218 13
231 13
101 13
114 13
127 13
140 13
E
S
L
10 7
10 2
72 2
10 2
72 2
10 7
10 2
72 2
10 2
72 2
10 7
10 2
72 2
10 2
72 2
10 7
10 2
72 2
10 2
72 2
10 7
10 2
72 2
10 2
72 2
10 7
10 2
72 2
10 2
72 2
10 7
10 2
72 2
10 2
72 2
10 7
10 2
72 2
10 2
72 2
10 7
10 2
72 2
10 2
72 2
10 7
10 2
72 2
10 2
72 2
10 7
10 2
72 2
10 2
72 2
10 7
10 2
72 2
10 2
72 2
10 7
10 2
72 2
10 2
72 2
10 7
10 2
72 2
10 2
72 2
10 7
10 2
72 2
10 2
72 2
10 7
10 2
72 2
10 2
72 2
10 7
10 2
72 2
10 2
72 2
10 7
10 2
72 2
10 2
72 2
10 7
10 2
72 2
10 2
72 2
10 7
10 2
72 2
10 2
72 2
10 7
10 2
72 2
10 2
72 2
10 7
10 2
72 2
10 2
72 2
10 7
10 2
72 2
10 2
72 2
10 2
10 2
10 4
10 4
10 4
12 7
12 2
72 2
12 2
72 2
12 7
12 2
72 2
12 2
72 2
12 7
12 2
72 2
12 2
72 2
12 7
12 2
72 2
12 2
72 2
12 7
12 2
72 2
12 2
72 2
12 7
12 2
72 2
12 2
72 2
12 7
12 2
72 2
12 2
72 2
12 4
12 4
12 4
12 2
72 2
12 7
12 2
72 2
12 2
72 2
12 7
12 2
72 2
12 2
72 2
12 7
12 2
72 2
12 2
72 2
12 7
12 2
72 2
12 2
72 2
12 7
12 2
72 2
12 2
72 2
12 7
12 2
72 2
12 2
72 2
12 7
12 2
72 2
12 2
72 2
12 4
12 4
12 4
12 2
72 2
10 7
10 2
72 2
10 2
72 2
10 7
10 2
72 2
10 2
72 2
10 7
10 2
72 2
10 2
72 2
10 7
10 2
72 2
10 2
72 2
10 7
10 2
72 2
10 2
72 2
10 7
10 2
72 2
10 2
72 2
10 7
10 2
72 2
10 2
72 2
10 7
10 2
72 2
10 2
72 2
10 7
10 2
72 2
10 2
72 2
10 7
10 2
72 2
10 2
72 2
10 7
10 2
72 2
10 2
72 2
10 7
10 2
72 2
10 2
72 2
10 7
10 2
72 2
10 2
72 2
10 7
10 2
72 2
10 2
72 2
10 7
10 2
72 2
10 2
72 2
10 7
10 2
72 2
10 2
72 2
10 7
10 2
72 2
10 2
72 2
10 7
10 2
72 2
10 2
72 2
10 7
10 2
72 2
10 2
72 2
10 7
10 2
72 2
10 2
72 2
10 7
10 2
72 2
10 2
72 2
10 7
10 2
72 2
10 2
72 2
10 7
10 2
72 2
10 2
72 2
10 2
10 2
10 4
10 4
10 4
12 7
12 2
72 2
12 2
72 2
12 7
12 2
72 2
12 2
72 2
12 7
12 2
72 2
12 2
72 2
12 7
12 2
72 2
12 2
72 2
12 7
12 2
72 2
12 2
72 2
12 7
12 2
72 2
12 2
72 2
12 7
12 2
72 2
12 2
72 2
12 4
12 4
12 4
12 2
72 2
12 7
12 2
72 2
12 2
72 2
12 7
12 2
72 2
12 2
72 2
12 7
12 2
72 2
12 2
72 2
12 7
12 2
72 2
12 2
72 2
12 7
12 2
72 2
12 2
72 2
12 7
12 2
72 2
12 2
72 2
12 7
12 2
72 2
12 2
72 2
12 4
12 4
12 4
12 2
E
S
L
22 7
22 2
72 2
22 2
72 2
22 7
22 2
72 2
22 2
72 2
22 7
22 2
72 2
22 2
72 2
22 7
22 2
72 2
22 2
72 2
22 7
22 2
72 2
22 2
72 2
22 7
22 2
72 2
22 2
72 2
22 7
22 2
72 2
22 2
72 2
22 7
22 2
72 2
22 2
72 2
22 7
22 2
72 2
22 2
72 2
22 7
22 2
72 2
22 2
72 2
22 7
22 2
72 2
22 2
72 2
22 7
22 2
72 2
22 2
72 2
22 7
22 2
72 2
22 2
72 2
22 7
22 2
72 2
22 2
72 2
22 7
22 2
72 2
22 2
72 2
22 7
22 2
72 2
22 2
72 2
22 7
22 2
72 2
22 2
72 2
22 7
22 2
72 2
22 2
72 2
22 7
22 2
72 2
22 2
72 2
22 7
22 2
72 2
22 2
72 2
22 7
22 2
72 2
22 2
72 2
22 7
22 2
72 2
22 2
72 2
22 7
22 2
72 2
22 2
72 2
22 2
22 2
22 4
22 4
22 4
24 7
24 2
72 2
24 2
72 2
24 7
24 2
72 2
24 2
72 2
24 7
24 2
72 2
24 2
72 2
24 7
24 2
72 2
24 2
72 2
24 7
24 2
72 2
24 2
72 2
24 7
24 2
72 2
24 2
72 2
24 7
24 2
72 2
24 2
72 2
24 4
24 4
24 4
24 2
72 2
24 7
24 2
72 2
24 2
72 2
24 7
24 2
72 2
24 2
72 2
24 7
24 2
72 2
24 2
72 2
24 7
24 2
72 2
24 2
72 2
24 7
24 2
72 2
24 2
72 2
24 7
24 2
72 2
24 2
72 2
24 7
24 2
72 2
24 2
72 2
24 4
24 4
24 4
24 2
72 2
22 7
22 2
72 2
22 2
72 2
22 7
22 2
72 2
22 2
72 2
22 7
22 2
72 2
22 2
72 2
22 7
22 2
72 2
22 2
72 2
22 7
22 2
72 2
22 2
72 2
22 7
22 2
72 2
22 2
72 2
22 7
22 2
72 2
22 2
72 2
22 7
22 2
72 2
22 2
72 2
22 7
22 2
72 2
22 2
72 2
22 7
22 2
72 2
22 2
72 2
22 7
22 2
72 2
22 2
72 2
22 7
22 2
72 2
22 2
72 2
22 7
22 2
72 2
22 2
72 2
22 7
22 2
72 2
22 2
72 2
22 7
22 2
72 2
22 2
72 2
22 7
22 2
72 2
22 2
72 2
22 7
22 2
72 2
22 2
72 2
22 7
22 2
72 2
22 2
72 2
22 7
22 2
72 2
22 2
72 2
22 7
22 2
72 2
22 2
72 2
22 7
22 2
72 2
22 2
72 2
22 7
22 2
72 2
22 2
72 2
22 7
22 2
72 2
22 2
72 2
22 2
22 2
22 4
22 4
22 4
24 7
24 2
72 2
24 2
72 2
24 7
24 2
72 2
24 2
72 2
24 7
24 2
72 2
24 2
72 2
24 7
24 2
72 2
24 2
72 2
24 7
24 2
72 2
24 2
72 2
24 7
24 2
72 2
24 2
72 2
24 7
24 2
72 2
24 2
72 2
24 4
24 4
24 4
24 2
72 2
24 7
24 2
72 2
24 2
72 2
24 7
24 2
72 2
24 2
72 2
24 7
24 2
72 2
24 2
72 2
24 7
24 2
72 2
24 2
72 2
24 7
24 2
72 2
24 2
72 2
24 7
24 2
72 2
24 2
72 2
24 7
24 2
72 2
24 2
72 2
24 4
24 4
24 4
24 2
E
S
L
72 7
22 7
22 2
72 2
22 2
72 2
22 7
22 2
72 2
22 2
72 2
22 7
22 2
72 2
22 2
72 2
22 7
22 2
72 2
22 2
72 2
22 7
22 2
72 2
22 2
72 2
22 7
22 2
72 2
22 2
72 2
22 7
22 2
72 2
22 2
72 2
22 7
22 2
72 2
22 2
72 2
22 7
22 2
72 2
22 2
72 2
22 7
22 2
72 2
22 2
72 2
22 7
22 2
72 2
22 2
72 2
22 7
22 2
72 2
22 2
72 2
22 7
22 2
72 2
22 2
72 2
22 7
22 2
72 2
22 2
72 2
22 7
22 2
72 2
22 2
72 2
22 7
22 2
72 2
22 2
72 2
22 7
22 2
72 2
22 2
72 2
22 7
22 2
72 2
22 2
72 2
22 7
22 2
72 2
22 2
72 2
22 7
22 2
72 2
22 2
72 2
22 7
22 2
72 2
22 2
72 2
22 7
22 2
72 2
22 2
72 2
22 7
22 2
72 2
22 2
72 2
22 2
22 2
22 4
22 4
22 4
24 7
24 2
72 2
24 2
72 2
24 7
24 2
72 2
24 2
72 2
24 7
24 2
72 2
24 2
72 2
24 7
24 2
72 2
24 2
72 2
24 7
24 2
72 2
24 2
72 2
24 7
24 2
72 2
24 2
72 2
24 7
24 2
72 2
24 2
72 2
24 4
24 4
24 4
24 2
72 2
24 7
24 2
72 2
24 2
72 2
24 7
24 2
72 2
24 2
72 2
24 7
24 2
72 2
24 2
72 2
24 7
24 2
72 2
24 2
72 2
24 7
24 2
72 2
24 2
72 2
24 7
24 2
72 2
24 2
72 2
24 7
24 2
72 2
24 2
72 2
24 4
24 4
24 4
24 2
72 2
22 7
22 2
72 2
22 2
72 2
22 7
22 2
72 2
22 2
72 2
22 7
22 2
72 2
22 2
72 2
22 7
22 2
72 2
22 2
72 2
22 7
22 2
72 2
22 2
72 2
22 7
22 2
72 2
22 2
72 2
22 7
22 2
72 2
22 2
72 2
22 7
22 2
72 2
22 2
72 2
22 7
22 2
72 2
22 2
72 2
22 7
22 2
72 2
22 2
72 2
22 7
22 2
72 2
22 2
72 2
22 7
22 2
72 2
22 2
72 2
22 7
22 2
72 2
22 2
72 2
22 7
22 2
72 2
22 2
72 2
22 7
22 2
72 2
22 2
72 2
22 7
22 2
72 2
22 2
72 2
22 7
22 2
72 2
22 2
72 2
22 7
22 2
72 2
22 2
72 2
22 7
22 2
72 2
22 2
72 2
22 7
22 2
72 2
22 2
72 2
22 7
22 2
72 2
22 2
72 2
22 7
22 2
72 2
22 2
72 2
22 7
22 2
72 2
22 2
72 2
22 2
22 2
22 4
22 4
22 4
24 7
24 2
72 2
24 2
72 2
24 7
24 2
72 2
24 2
72 2
24 7
24 2
72 2
24 2
72 2
24 7
24 2
72 2
24 2
72 2
24 7
24 2
72 2
24 2
72 2
24 7
24 2
72 2
24 2
72 2
24 7
24 2
72 2
24 2
72 2
24 4
24 4
24 4
24 2
72 2
24 7
24 2
72 2
24 2
72 2
24 7
24 2
72 2
24 2
72 2
24 7
24 2
72 2
24 2
72 2
24 7
24 2
72 2
24 2
72 2
24 7
24 2
72 2
24 2
72 2
24 7
24 2
72 2
24 2
72 2
24 7
24 2
72 2
24 2
72 2
24 4
24 4
24 4
24 2
E
S
H
231 14
231 14
231 14
72 14
231 14
72 14
101 14
72 14
101 14
72 14
231 14
231 14
231 14
72 14
231 14
72 14
101 14
72 14
101 14
E
X
