major
S
L
72 6
16 2
16 2
16 4
16 2
26 2
28 2
16 2
16 8
11 4
14 2
12 4
12 4
12 2
23 2
24 2
12 2
12 4
12 4
12 2
14 6
16 4
16 4
16 2
26 2
28 2
16 2
16 8
11 4
14 2
12 4
12 4
12 2
23 2
24 2
12 2
12 4
9 2
21 2
9 2
11 2
23 6
16 2
16 4
16 2
26 2
28 2
16 2
16 8
11 4
14 2
12 4
12 4
12 2
23 2
24 2
12 2
12 4
12 4
12 2
14 6
16 4
16 4
16 2
26 2
28 2
16 2
16 8
11 4
14 2
12 4
12 4
12 2
23 2
24 2
11 2
9 4
9 2
21 2
9 2
11 2
23 2
26 2
9 2
14 6
16 2
72 11
18 2
14 2
11 2
14 6
16 2
72 12
14 2
14 6
16 2
72 11
16 2
14 2
11 2
14 6
16 2
72 2
9 2
11 2
14 2
18 6
14 6
11 4
12 6
12 2
72 9
21 4
19 2
18 6
14 6
14 2
72 9
23 4
21 2
19 6
12 2
12 2
11 2
12 2
72 7
12 6
12 2
72 7
12 8
9 2
21 2
9 2
9 6
11 6
11 4
14 6
16 2
72 11
18 2
14 2
11 2
14 6
16 2
72 12
14 2
14 6
16 2
72 11
16 2
14 2
11 2
14 6
16 2
72 2
9 2
11 2
14 2
18 6
14 6
11 4
12 6
12 2
72 9
21 4
19 2
18 6
14 6
14 2
72 9
23 4
21 2
19 6
12 6
12 2
72 2
23 2
24 2
12 2
11 6
19 4
18 4
14 10
14 4
26 4
14 2
24 4
23 4
14 2
21 2
23 2
72 2
12 2
72 8
12 2
72 4
12 6
12 2
72 2
12 2
12 9
11 6
12 8
21 2
23 2
72 2
14 2
72 8
14 2
72 4
14 6
14 2
72 2
14 2
14 9
12 6
14 8
9 6
9 2
72 11
9 2
21 6
11 6
11 2
72 11
11 2
23 6
9 6
11 2
72 4
16 10
16 2
28 2
16 2
23 6
28 6
16 11
72 2
23 2
24 2
12 2
12 2
72 4
23 2
24 2
72 2
12 2
72 2
12 2
21 2
12 2
23 2
72 2
23 2
24 2
12 2
12 2
72 6
9 2
72 2
9 2
19 2
9 2
11 7
24 2
26 2
14 2
14 2
72 4
24 2
26 2
12 2
12 2
72 4
24 2
26 2
14 2
14 2
24 2
26 2
14 2
14 2
72 6
9 2
72 2
9 2
21 2
9 2
18 7
9 2
9 2
21 2
9 2
72 8
9 2
72 2
9 2
21 2
9 2
9 2
9 2
11 2
11 2
23 2
11 2
72 8
11 2
72 2
11 2
23 2
24 2
23 2
72 2
12 2
12 2
12 2
26 2
72 2
12 2
23 2
24 2
12 2
12 2
24 2
72 2
11 2
12 2
72 2
14 2
14 6
14 2
26 2
14 6
15 6
15 2
27 2
15 4
16 2
16 2
16 4
16 2
26 2
28 2
16 2
16 8
11 4
14 2
12 4
12 4
12 2
23 2
24 2
12 2
12 4
12 4
12 2
14 6
16 4
16 4
16 2
26 2
28 2
16 2
16 8
11 4
14 2
12 4
12 4
12 2
23 2
24 2
12 2
12 4
9 2
21 2
9 2
11 2
23 6
16 2
16 4
16 2
26 2
28 2
16 2
16 8
11 4
14 2
12 4
12 4
12 2
23 2
24 2
12 2
12 4
12 4
12 2
14 6
16 4
16 4
16 2
26 2
28 2
16 2
16 8
11 4
14 2
12 4
12 4
12 2
23 2
24 2
11 2
9 4
9 2
21 2
9 2
11 2
23 2
26 2
9 2
14 6
16 2
72 11
18 2
14 2
11 2
14 6
16 2
72 12
14 2
14 6
16 2
72 11
16 2
14 2
11 2
14 6
16 2
72 2
9 2
11 2
14 2
18 6
14 6
11 4
12 6
12 2
72 9
21 4
19 2
18 6
14 6
14 2
72 9
23 4
21 2
19 6
12 2
12 2
11 2
12 2
72 7
12 6
12 2
72 7
12 8
9 2
21 2
9 2
9 6
11 6
11 4
14 6
16 2
72 11
18 2
14 2
11 2
14 6
16 2
72 12
14 2
14 6
16 2
72 11
16 2
14 2
11 2
14 6
16 2
72 2
9 2
11 2
14 2
18 6
14 6
11 4
12 6
12 2
72 9
21 4
19 2
18 6
14 6
14 2
72 9
23 4
21 2
19 6
12 6
12 2
72 2
23 2
24 2
12 2
11 6
19 4
18 4
14 10
14 4
26 4
14 2
24 4
23 4
14 2
21 2
23 2
72 2
12 2
72 8
12 2
72 4
12 6
12 2
72 2
12 2
12 9
11 6
12 8
21 2
23 2
72 2
14 2
72 8
14 2
72 4
14 6
14 2
72 2
14 2
14 9
12 6
14 8
9 6
9 2
72 11
9 2
21 6
11 6
11 2
72 11
11 2
23 6
9 6
11 2
72 4
16 10
16 2
28 2
16 2
23 6
28 6
16 11
72 2
23 2
24 2
12 2
12 2
72 4
23 2
24 2
72 2
12 2
72 2
12 2
21 2
12 2
23 2
72 2
23 2
24 2
12 2
12 2
72 6
9 2
72 2
9 2
19 2
9 2
11 7
24 2
26 2
14 2
14 2
72 4
24 2
26 2
12 2
12 2
72 4
24 2
26 2
14 2
14 2
24 2
26 2
14 2
14 2
72 6
9 2
72 2
9 2
21 2
9 2
18 7
9 2
9 2
21 2
9 2
72 8
9 2
72 2
9 2
21 2
9 2
9 2
9 2
11 2
11 2
23 2
11 2
72 8
11 2
72 2
11 2
23 2
24 2
23 2
72 2
12 2
12 2
12 2
26 2
72 2
12 2
23 2
24 2
12 2
12 2
24 2
72 2
11 2
12 2
72 2
14 2
14 6
14 2
26 2
14 6
15 6
15 2
27 2
15 4
16 2
E
S
H
47 7
59 11
59 4
57 2
72 2
55 4
54 2
57 11
54 2
55 2
54 2
52 2
50 2
47 2
72 2
52 2
72 2
47 12
59 6
57 12
72 2
47 4
59 11
57 2
72 2
55 4
54 2
57 11
54 2
55 2
54 2
52 2
50 2
47 2
72 2
52 2
72 2
59 12
64 6
62 13
47 14
45 6
43 6
42 6
43 6
40 13
72 9
40 2
42 2
43 2
42 2
43 11
42 6
45 12
38 7
47 13
72 11
42 2
43 2
42 12
43 4
45 2
42 11
42 6
43 2
72 4
42 4
38 2
40 12
45 6
43 13
40 2
42 2
43 2
42 2
43 11
42 2
43 2
45 12
38 6
47 13
47 13
72 12
57 7
55 11
54 6
55 6
54 4
50 2
52 12
57 6
54 12
54 2
55 2
54 2
50 12
48 6
47 12
45 2
47 2
45 2
43 13
43 11
42 6
43 2
72 4
42 4
38 2
40 12
47 6
45 11
42 6
43 4
42 4
38 12
45 6
43 11
42 6
43 2
72 4
42 4
38 2
40 12
47 6
45 11
43 6
42 6
43 4
45 2
47 12
55 6
54 13
59 11
59 4
57 2
72 2
55 4
54 2
57 11
54 2
55 2
54 2
52 2
50 2
47 2
72 2
52 2
72 2
47 12
59 6
57 12
72 2
47 4
59 11
57 2
72 2
55 4
54 2
57 11
54 2
55 2
54 2
52 2
50 2
47 2
72 2
52 2
72 2
59 12
64 6
62 13
47 14
45 6
43 6
42 6
43 6
40 13
72 9
40 2
42 2
43 2
42 2
43 11
42 6
45 12
38 7
47 13
72 11
42 2
43 2
42 12
43 4
45 2
42 11
42 6
43 2
72 4
42 4
38 2
40 12
45 6
43 13
40 2
42 2
43 2
42 2
43 11
42 2
43 2
45 12
38 6
47 13
47 13
72 12
57 7
55 11
54 6
55 6
54 4
50 2
52 12
57 6
54 12
54 2
55 2
54 2
50 12
48 6
47 12
45 2
47 2
45 2
43 13
43 11
42 6
43 2
72 4
42 4
38 2
40 12
47 6
45 11
42 6
43 4
42 4
38 12
45 6
43 11
42 6
43 2
72 4
42 4
38 2
40 12
47 6
45 11
43 6
42 6
43 4
45 2
47 12
55 6
54 13
E
S
H
72 11
42 6
43 8
72 11
40 9
72 11
42 6
43 8
72 11
40 9
72 11
42 6
43 8
72 11
40 9
72 11
42 6
43 8
72 11
38 4
72 2
38 2
72 2
40 2
72 9
42 12
59 2
54 2
52 2
57 2
52 2
50 14
35 2
45 2
47 2
52 2
57 2
59 2
64 12
72 9
31 4
47 6
45 6
40 4
72 9
33 4
47 6
45 4
38 6
43 13
72 12
42 12
59 2
54 2
52 2
57 2
52 2
50 14
35 2
45 2
47 2
52 2
57 2
59 2
64 12
72 9
31 4
47 6
45 6
40 4
72 9
33 4
47 6
45 4
38 6
43 13
72 13
47 7
72 11
43 7
42 4
43 2
38 2
72 12
33 6
72 14
45 6
72 14
36 2
40 4
72 11
43 6
42 6
40 4
33 4
72 14
42 6
43 8
72 11
40 9
72 11
42 6
43 8
72 11
40 9
72 11
42 6
43 8
72 11
40 9
72 11
42 6
43 8
72 11
38 4
72 2
38 2
72 2
40 2
72 9
42 12
59 2
54 2
52 2
57 2
52 2
50 14
35 2
45 2
47 2
52 2
57 2
59 2
64 12
72 9
31 4
47 6
45 6
40 4
72 9
33 4
47 6
45 4
38 6
43 13
72 12
42 12
59 2
54 2
52 2
57 2
52 2
50 14
35 2
45 2
47 2
52 2
57 2
59 2
64 12
72 9
31 4
47 6
45 6
40 4
72 9
33 4
47 6
45 4
38 6
43 13
72 13
47 7
72 11
43 7
42 4
43 2
38 2
72 12
33 6
72 14
45 6
72 14
36 2
40 4
72 11
43 6
42 6
40 4
33 4
E
S
H
72 11
38 6
40 8
72 10
38 6
38 9
72 11
38 6
40 8
72 10
38 6
38 9
72 11
38 6
40 8
72 10
38 6
38 9
72 11
38 6
40 8
72 11
35 4
72 2
35 2
72 2
38 2
72 9
38 13
42 4
43 2
45 4
42 4
38 2
40 14
40 13
42 13
38 13
72 11
42 6
40 4
38 6
38 13
42 4
43 2
45 4
42 4
38 2
40 14
40 13
42 13
38 13
47 11
47 6
72 8
40 13
45 13
38 13
42 4
43 2
42 4
38 6
40 12
45 7
42 11
72 9
47 6
45 8
47 14
47 11
45 6
72 14
38 11
72 12
40 13
42 13
40 12
40 7
42 7
72 7
42 7
72 11
38 6
40 8
72 10
38 6
38 9
72 11
38 6
40 8
72 10
38 6
38 9
72 11
38 6
40 8
72 10
38 6
38 9
72 11
38 6
40 8
72 11
35 4
72 2
35 2
72 2
38 2
72 9
38 13
42 4
43 2
45 4
42 4
38 2
40 14
40 13
42 13
38 13
72 11
42 6
40 4
38 6
38 13
42 4
43 2
45 4
42 4
38 2
40 14
40 13
42 13
38 13
47 11
47 6
72 8
40 13
45 13
38 13
42 4
43 2
42 4
38 6
40 12
45 7
42 11
72 9
47 6
45 8
47 14
47 11
45 6
72 14
38 11
72 12
40 13
42 13
40 12
40 7
42 7
72 7
42 7
E
S
L
72 11
33 6
35 8
72 10
31 6
31 9
72 11
33 6
35 8
72 10
35 6
35 9
72 11
33 6
35 8
72 10
31 6
31 9
72 11
33 6
35 8
72 11
30 4
72 2
30 2
72 2
31 2
72 9
33 14
31 14
31 13
33 13
31 13
72 9
31 4
33 6
33 4
33 6
33 14
31 14
31 13
33 13
31 13
38 11
38 6
38 4
38 4
38 2
33 13
38 13
33 13
38 13
31 12
33 7
33 11
38 6
38 6
38 6
38 8
38 14
38 11
38 6
38 6
38 11
38 7
38 7
33 13
38 11
38 6
38 4
33 6
33 13
33 13
33 12
33 7
33 7
72 7
35 7
72 11
33 6
35 8
72 10
31 6
31 9
72 11
33 6
35 8
72 10
35 6
35 9
72 11
33 6
35 8
72 10
31 6
31 9
72 11
33 6
35 8
72 11
30 4
72 2
30 2
72 2
31 2
72 9
33 14
31 14
31 13
33 13
31 13
72 9
31 4
33 6
33 4
33 6
33 14
31 14
31 13
33 13
31 13
38 11
38 6
38 4
38 4
38 2
33 13
38 13
33 13
38 13
31 12
33 7
33 11
38 6
38 6
38 6
38 8
38 14
38 11
38 6
38 6
38 11
38 7
38 7
33 13
38 11
38 6
38 4
33 6
33 13
33 13
33 12
33 7
33 7
72 7
35 7
E
S
L
1288 0
72 2
20 0
72 2
1324 0
72 2
1324 0
72 2
20 0
72 2
1324 0
72 2
1324 0
72 2
20 0
72 2
199 0
72 2
20 0
72 2
20 0
72 2
20 0
72 2
1324 0
72 2
1324 0
72 2
20 0
72 2
20 0
72 2
199 0
72 2
20 0
72 2
20 0
72 2
20 0
72 2
20 0
72 2
1324 0
72 2
1324 0
72 2
20 0
72 2
199 0
72 2
20 0
72 2
20 0
72 2
20 0
72 2
1324 0
72 2
1324 0
72 2
20 0
72 2
20 0
72 2
199 0
72 2
1324 0
72 4
20 0
72 2
20 0
72 2
1324 0
72 2
1324 0
72 2
20 0
72 2
199 0
72 2
20 0
72 2
20 0
72 2
20 0
72 2
1324 0
72 2
1324 0
72 2
20 0
72 2
20 0
72 2
199 0
72 2
20 0
72 2
20 0
72 2
20 0
72 2
20 0
72 2
1324 0
72 2
1324 0
72 2
20 0
72 2
199 0
72 2
20 0
72 2
20 0
72 2
20 0
72 2
1324 0
72 2
1324 0
72 2
20 0
72 2
20 0
72 2
199 0
72 2
1324 0
72 4
20 0
72 2
20 0
72 2
1324 0
72 2
1324 0
72 2
20 0
72 2
199 0
72 2
20 0
72 2
20 0
72 2
20 0
72 2
1324 0
72 2
1324 0
72 2
20 0
72 2
20 0
72 2
199 0
72 2
20 0
72 2
20 0
72 2
20 0
72 2
20 0
72 2
1324 0
72 2
1324 0
72 2
20 0
72 2
199 0
72 2
20 0
72 2
20 0
72 2
20 0
72 2
1324 0
72 2
1324 0
72 2
20 0
72 2
20 0
72 2
199 0
72 2
1324 0
72 4
20 0
72 2
20 0
72 2
1324 0
72 2
1324 0
72 2
20 0
72 2
199 0
72 2
20 0
72 2
20 0
72 2
20 0
72 2
1324 0
72 2
1324 0
72 2
20 0
72 2
20 0
72 2
199 0
72 2
20 0
72 2
20 0
72 2
20 0
72 2
20 0
72 2
1324 0
72 2
1324 0
72 2
20 0
72 2
1324 0
72 6
1324 0
72 2
20 0
72 2
1324 0
72 2
20 0
72 2
199 0
72 2
199 0
72 2
14 0
72 2
199 0
72 2
14 0
72 2
1324 0
72 2
1324 0
72 2
20 0
72 2
20 0
72 2
199 0
72 2
20 0
72 2
20 0
72 2
20 0
72 2
20 0
72 2
20 0
72 2
20 0
72 2
20 0
72 2
199 0
72 2
1324 0
72 2
20 0
72 2
20 0
72 2
20 0
72 2
1324 0
72 2
1324 0
72 2
20 0
72 2
199 0
72 2
20 0
72 2
20 0
72 2
20 0
72 2
1324 0
72 2
1324 0
72 2
20 0
72 2
20 0
72 2
199 0
72 2
20 0
72 2
20 0
72 2
20 0
72 2
1324 0
72 2
1324 0
72 2
20 0
72 2
20 0
72 2
199 0
72 2
20 0
72 2
20 0
72 2
20 0
72 2
20 0
72 2
20 0
72 2
20 0
72 2
20 0
72 2
199 0
72 2
1324 0
72 2
20 0
72 2
20 0
72 2
20 0
72 2
1324 0
72 2
1324 0
72 2
20 0
72 2
199 0
72 2
20 0
72 2
20 0
72 2
20 0
72 2
1324 0
72 2
1324 0
72 2
20 0
72 2
20 0
72 2
199 0
72 2
20 0
72 2
20 0
72 2
20 0
72 2
1324 0
72 2
1324 0
72 2
20 0
72 2
20 0
72 2
199 0
72 2
20 0
72 2
20 0
72 2
20 0
72 2
20 0
72 2
20 0
72 2
20 0
72 2
20 0
72 2
199 0
72 2
1324 0
72 2
20 0
72 2
20 0
72 2
20 0
72 2
1324 0
72 2
1324 0
72 2
20 0
72 2
199 0
72 2
20 0
72 2
20 0
72 2
20 0
72 2
1324 0
72 2
1324 0
72 2
20 0
72 2
20 0
72 2
199 0
72 2
20 0
72 2
20 0
72 2
20 0
72 2
1324 0
72 2
1324 0
72 2
20 0
72 2
20 0
72 2
199 0
72 2
20 0
72 2
20 0
72 2
20 0
72 2
20 0
72 2
20 0
72 2
20 0
72 2
20 0
72 2
199 0
72 2
20 0
72 2
20 0
72 2
20 0
72 2
1324 0
72 2
1324 0
72 2
20 0
72 6
14 0
72 2
199 0
72 2
14 0
72 2
14 0
72 2
199 0
72 2
172 0
72 2
1324 0
72 2
172 0
72 2
1324 0
72 6
1324 0
72 2
1324 0
72 2
20 0
72 2
20 0
72 2
199 0
72 2
20 0
72 2
20 0
72 2
20 0
72 2
20 0
72 2
20 0
72 2
20 0
72 2
20 0
72 2
199 0
72 2
1324 0
72 2
20 0
72 2
20 0
72 2
20 0
72 2
1324 0
72 2
1324 0
72 2
20 0
72 2
199 0
72 2
20 0
72 2
20 0
72 2
20 0
72 2
1324 0
72 2
1324 0
72 2
20 0
72 2
20 0
72 2
199 0
72 2
20 0
72 2
20 0
72 2
20 0
72 2
1324 0
72 2
1324 0
72 2
20 0
72 2
20 0
72 2
199 0
72 2
20 0
72 2
20 0
72 2
20 0
72 2
20 0
72 2
20 0
72 2
20 0
72 2
20 0
72 2
199 0
72 2
1324 0
72 2
20 0
72 2
20 0
72 2
20 0
72 2
1324 0
72 2
1324 0
72 2
20 0
72 2
199 0
72 2
20 0
72 2
20 0
72 2
20 0
72 2
1324 0
72 2
1324 0
72 2
20 0
72 2
20 0
72 2
199 0
72 2
20 0
72 2
20 0
72 2
20 0
72 2
1324 0
72 2
1324 0
72 2
20 0
72 2
20 0
72 2
199 0
72 2
20 0
72 2
20 0
72 2
20 0
72 2
20 0
72 2
20 0
72 2
20 0
72 2
20 0
72 2
199 0
72 2
1324 0
72 2
20 0
72 2
20 0
72 2
20 0
72 2
1324 0
72 2
1324 0
72 2
20 0
72 2
199 0
72 2
20 0
72 2
20 0
72 2
20 0
72 2
1324 0
72 2
1324 0
72 2
20 0
72 2
20 0
72 2
199 0
72 2
20 0
72 2
20 0
72 2
20 0
72 2
1324 0
72 2
1324 0
72 2
20 0
72 2
20 0
72 2
199 0
72 2
20 0
72 2
20 0
72 2
20 0
72 2
20 0
72 2
20 0
72 2
20 0
72 2
20 0
72 2
199 0
72 2
1324 0
72 2
20 0
72 2
20 0
72 2
1324 0
72 2
20 0
72 2
20 0
72 2
1324 0
72 2
14 0
72 2
20 0
72 2
20 0
72 2
1324 0
72 2
14 0
72 2
14 0
72 2
14 0
72 2
172 0
72 2
1324 0
72 7
1324 0
72 2
20 0
72 2
20 0
72 2
1324 0
72 2
14 0
72 2
20 0
72 2
20 0
72 2
20 0
72 2
20 0
72 2
20 0
72 2
20 0
72 2
1324 0
72 2
199 0
72 2
20 0
72 4
1324 0
72 2
20 0
72 2
1324 0
72 2
20 0
72 2
20 0
72 2
14 0
72 2
20 0
72 2
20 0
72 2
20 0
72 2
20 0
72 2
20 0
72 2
20 0
72 2
1324 0
72 2
14 0
72 2
20 0
72 2
20 0
72 2
1324 0
72 2
1324 0
72 2
1324 0
72 2
20 0
72 2
20 0
72 2
199 0
72 2
20 0
72 2
20 0
72 2
20 0
72 2
20 0
72 2
20 0
72 2
20 0
72 2
20 0
72 2
199 0
72 2
1324 0
72 2
20 0
72 2
20 0
72 2
1324 0
72 2
20 0
72 2
20 0
72 2
1324 0
72 2
199 0
72 4
20 0
72 2
1324 0
72 2
199 0
72 2
14 0
72 2
14 0
72 2
172 0
72 2
1324 0
72 7
1324 0
72 2
20 0
72 2
20 0
72 2
1324 0
72 2
14 0
72 2
20 0
72 2
20 0
72 2
20 0
72 2
20 0
72 2
20 0
72 2
20 0
72 2
1324 0
72 2
14 0
72 2
20 0
72 4
1324 0
72 2
20 0
72 2
1324 0
72 2
20 0
72 2
20 0
72 2
14 0
72 2
20 0
72 2
20 0
72 2
20 0
72 2
20 0
72 2
20 0
72 2
20 0
72 2
1324 0
72 2
14 0
72 2
20 0
72 2
20 0
72 2
1324 0
72 2
1324 0
72 2
20 0
72 2
20 0
72 2
1324 0
72 2
14 0
72 2
20 0
72 2
20 0
72 2
20 0
72 2
20 0
72 2
20 0
72 2
20 0
72 2
1324 0
72 2
14 0
72 2
20 0
72 4
1324 0
72 2
20 0
72 2
1324 0
72 2
20 0
72 2
20 0
72 2
14 0
72 2
20 0
72 2
20 0
72 2
20 0
72 2
1324 0
72 2
1324 0
72 2
20 0
72 2
20 0
72 2
14 0
72 2
20 0
72 2
20 0
72 2
1324 0
72 2
1324 0
72 2
20 0
72 2
20 0
72 2
1324 0
72 2
14 0
72 2
20 0
72 2
20 0
72 2
20 0
72 2
20 0
72 2
20 0
72 2
20 0
72 2
1324 0
72 2
14 0
72 2
20 0
72 4
1324 0
72 2
20 0
72 2
1324 0
72 2
20 0
72 2
20 0
72 2
14 0
72 2
20 0
72 2
20 0
72 2
20 0
72 2
20 0
72 2
20 0
72 2
20 0
72 2
1324 0
72 2
14 0
72 2
20 0
72 2
20 0
72 2
1324 0
72 2
1324 0
72 2
20 0
72 2
20 0
72 2
1324 0
72 2
14 0
72 2
20 0
72 2
20 0
72 2
20 0
72 2
20 0
72 2
20 0
72 2
20 0
72 2
1324 0
72 2
14 0
72 2
20 0
72 4
1324 0
72 2
20 0
72 2
1324 0
72 2
20 0
72 2
20 0
72 2
14 0
72 2
20 0
72 2
20 0
72 2
20 0
72 2
20 0
72 2
20 0
72 2
20 0
72 2
1324 0
72 2
14 0
72 2
20 0
72 2
20 0
72 2
1324 0
72 2
1324 0
72 2
20 0
72 2
20 0
72 2
1324 0
72 2
14 0
72 2
20 0
72 2
20 0
72 2
20 0
72 2
20 0
72 2
20 0
72 2
20 0
72 2
1324 0
72 2
14 0
72 2
20 0
72 4
1324 0
72 2
20 0
72 2
1324 0
72 2
20 0
72 2
20 0
72 2
14 0
72 2
20 0
72 2
20 0
72 2
20 0
72 2
20 0
72 2
20 0
72 2
20 0
72 2
1324 0
72 2
14 0
72 2
20 0
72 2
20 0
72 2
1324 0
72 2
1324 0
72 2
20 0
72 2
20 0
72 2
1324 0
72 2
14 0
72 2
1324 0
72 2
20 0
72 2
1324 0
72 2
20 0
72 2
20 0
72 2
20 0
72 2
1324 0
72 2
14 0
72 2
20 0
72 4
1324 0
72 2
1324 0
72 2
1315 0
72 2
199 0
72 2
20 0
72 2
199 0
72 2
199 0
72 2
20 0
72 2
1324 0
72 2
199 0
72 2
1324 0
72 2
20 0
72 2
1324 0
72 2
14 0
72 2
14 0
72 2
14 0
72 2
14 0
72 2
20 0
72 2
1324 0
72 2
1324 0
72 2
20 0
72 2
199 0
72 2
20 0
72 2
20 0
72 2
20 0
72 2
1324 0
72 2
1324 0
72 2
20 0
72 2
20 0
72 2
199 0
72 2
20 0
72 2
20 0
72 2
20 0
72 2
20 0
72 2
1324 0
72 2
1324 0
72 2
20 0
72 2
199 0
72 2
20 0
72 2
20 0
72 2
20 0
72 2
1324 0
72 2
1324 0
72 2
20 0
72 2
20 0
72 2
199 0
72 2
1324 0
72 4
20 0
72 2
20 0
72 2
1324 0
72 2
1324 0
72 2
20 0
72 2
199 0
72 2
20 0
72 2
20 0
72 2
20 0
72 2
1324 0
72 2
1324 0
72 2
20 0
72 2
20 0
72 2
199 0
72 2
20 0
72 2
20 0
72 2
20 0
72 2
20 0
72 2
1324 0
72 2
1324 0
72 2
20 0
72 2
199 0
72 2
20 0
72 2
20 0
72 2
20 0
72 2
1324 0
72 2
1324 0
72 2
20 0
72 2
20 0
72 2
199 0
72 2
1324 0
72 4
20 0
72 2
20 0
72 2
1324 0
72 2
1324 0
72 2
20 0
72 2
199 0
72 2
20 0
72 2
20 0
72 2
20 0
72 2
1324 0
72 2
1324 0
72 2
20 0
72 2
20 0
72 2
199 0
72 2
20 0
72 2
20 0
72 2
20 0
72 2
20 0
72 2
1324 0
72 2
1324 0
72 2
20 0
72 2
199 0
72 2
20 0
72 2
20 0
72 2
20 0
72 2
1324 0
72 2
1324 0
72 2
20 0
72 2
20 0
72 2
199 0
72 2
1324 0
72 4
20 0
72 2
20 0
72 2
1324 0
72 2
1324 0
72 2
20 0
72 2
199 0
72 2
20 0
72 2
20 0
72 2
20 0
72 2
1324 0
72 2
1324 0
72 2
20 0
72 2
20 0
72 2
199 0
72 2
20 0
72 2
20 0
72 2
20 0
72 2
20 0
72 2
1324 0
72 2
1324 0
72 2
20 0
72 2
1324 0
72 6
1324 0
72 2
20 0
72 2
1324 0
72 2
20 0
72 2
199 0
72 2
199 0
72 2
14 0
72 2
199 0
72 2
14 0
72 2
1324 0
72 2
1324 0
72 2
20 0
72 2
20 0
72 2
199 0
72 2
20 0
72 2
20 0
72 2
20 0
72 2
20 0
72 2
20 0
72 2
20 0
72 2
20 0
72 2
199 0
72 2
1324 0
72 2
20 0
72 2
20 0
72 2
20 0
72 2
1324 0
72 2
1324 0
72 2
20 0
72 2
199 0
72 2
20 0
72 2
20 0
72 2
20 0
72 2
1324 0
72 2
1324 0
72 2
20 0
72 2
20 0
72 2
199 0
72 2
20 0
72 2
20 0
72 2
20 0
72 2
1324 0
72 2
1324 0
72 2
20 0
72 2
20 0
72 2
199 0
72 2
20 0
72 2
20 0
72 2
20 0
72 2
20 0
72 2
20 0
72 2
20 0
72 2
20 0
72 2
199 0
72 2
1324 0
72 2
20 0
72 2
20 0
72 2
20 0
72 2
1324 0
72 2
1324 0
72 2
20 0
72 2
199 0
72 2
20 0
72 2
20 0
72 2
20 0
72 2
1324 0
72 2
1324 0
72 2
20 0
72 2
20 0
72 2
199 0
72 2
20 0
72 2
20 0
72 2
20 0
72 2
1324 0
72 2
1324 0
72 2
20 0
72 2
20 0
72 2
199 0
72 2
20 0
72 2
20 0
72 2
20 0
72 2
20 0
72 2
20 0
72 2
20 0
72 2
20 0
72 2
199 0
72 2
1324 0
72 2
20 0
72 2
20 0
72 2
20 0
72 2
1324 0
72 2
1324 0
72 2
20 0
72 2
199 0
72 2
20 0
72 2
20 0
72 2
20 0
72 2
1324 0
72 2
1324 0
72 2
20 0
72 2
20 0
72 2
199 0
72 2
20 0
72 2
20 0
72 2
20 0
72 2
1324 0
72 2
1324 0
72 2
20 0
72 2
20 0
72 2
199 0
72 2
20 0
72 2
20 0
72 2
20 0
72 2
20 0
72 2
20 0
72 2
20 0
72 2
20 0
72 2
199 0
72 2
20 0
72 2
20 0
72 2
20 0
72 2
1324 0
72 2
1324 0
72 2
20 0
72 6
14 0
72 2
199 0
72 2
14 0
72 2
14 0
72 2
199 0
72 2
172 0
72 2
1324 0
72 2
172 0
72 2
1324 0
72 6
1324 0
72 2
1324 0
72 2
20 0
72 2
20 0
72 2
199 0
72 2
20 0
72 2
20 0
72 2
20 0
72 2
20 0
72 2
20 0
72 2
20 0
72 2
20 0
72 2
199 0
72 2
1324 0
72 2
20 0
72 2
20 0
72 2
20 0
72 2
1324 0
72 2
1324 0
72 2
20 0
72 2
199 0
72 2
20 0
72 2
20 0
72 2
20 0
72 2
1324 0
72 2
1324 0
72 2
20 0
72 2
20 0
72 2
199 0
72 2
20 0
72 2
20 0
72 2
20 0
72 2
1324 0
72 2
1324 0
72 2
20 0
72 2
20 0
72 2
199 0
72 2
20 0
72 2
20 0
72 2
20 0
72 2
20 0
72 2
20 0
72 2
20 0
72 2
20 0
72 2
199 0
72 2
1324 0
72 2
20 0
72 2
20 0
72 2
20 0
72 2
1324 0
72 2
1324 0
72 2
20 0
72 2
199 0
72 2
20 0
72 2
20 0
72 2
20 0
72 2
1324 0
72 2
1324 0
72 2
20 0
72 2
20 0
72 2
199 0
72 2
20 0
72 2
20 0
72 2
20 0
72 2
1324 0
72 2
1324 0
72 2
20 0
72 2
20 0
72 2
199 0
72 2
20 0
72 2
20 0
72 2
20 0
72 2
20 0
72 2
20 0
72 2
20 0
72 2
20 0
72 2
199 0
72 2
1324 0
72 2
20 0
72 2
20 0
72 2
20 0
72 2
1324 0
72 2
1324 0
72 2
20 0
72 2
199 0
72 2
20 0
72 2
20 0
72 2
20 0
72 2
1324 0
72 2
1324 0
72 2
20 0
72 2
20 0
72 2
199 0
72 2
20 0
72 2
20 0
72 2
20 0
72 2
1324 0
72 2
1324 0
72 2
20 0
72 2
20 0
72 2
199 0
72 2
20 0
72 2
20 0
72 2
20 0
72 2
20 0
72 2
20 0
72 2
20 0
72 2
20 0
72 2
199 0
72 2
1324 0
72 2
20 0
72 2
20 0
72 2
1324 0
72 2
20 0
72 2
20 0
72 2
1324 0
72 2
14 0
72 2
20 0
72 2
20 0
72 2
1324 0
72 2
14 0
72 2
14 0
72 2
14 0
72 2
172 0
72 2
1324 0
72 7
1324 0
72 2
20 0
72 2
20 0
72 2
1324 0
72 2
14 0
72 2
20 0
72 2
20 0
72 2
20 0
72 2
20 0
72 2
20 0
72 2
20 0
72 2
1324 0
72 2
199 0
72 2
20 0
72 4
1324 0
72 2
20 0
72 2
1324 0
72 2
20 0
72 2
20 0
72 2
14 0
72 2
20 0
72 2
20 0
72 2
20 0
72 2
20 0
72 2
20 0
72 2
20 0
72 2
1324 0
72 2
14 0
72 2
20 0
72 2
20 0
72 2
1324 0
72 2
1324 0
72 2
1324 0
72 2
20 0
72 2
20 0
72 2
199 0
72 2
20 0
72 2
20 0
72 2
20 0
72 2
20 0
72 2
20 0
72 2
20 0
72 2
20 0
72 2
199 0
72 2
1324 0
72 2
20 0
72 2
20 0
72 2
1324 0
72 2
20 0
72 2
20 0
72 2
1324 0
72 2
199 0
72 4
20 0
72 2
1324 0
72 2
199 0
72 2
14 0
72 2
14 0
72 2
172 0
72 2
1324 0
72 7
1324 0
72 2
20 0
72 2
20 0
72 2
1324 0
72 2
14 0
72 2
20 0
72 2
20 0
72 2
20 0
72 2
20 0
72 2
20 0
72 2
20 0
72 2
1324 0
72 2
14 0
72 2
20 0
72 4
1324 0
72 2
20 0
72 2
1324 0
72 2
20 0
72 2
20 0
72 2
14 0
72 2
20 0
72 2
20 0
72 2
20 0
72 2
20 0
72 2
20 0
72 2
20 0
72 2
1324 0
72 2
14 0
72 2
20 0
72 2
20 0
72 2
1324 0
72 2
1324 0
72 2
20 0
72 2
20 0
72 2
1324 0
72 2
14 0
72 2
20 0
72 2
20 0
72 2
20 0
72 2
20 0
72 2
20 0
72 2
20 0
72 2
1324 0
72 2
14 0
72 2
20 0
72 4
1324 0
72 2
20 0
72 2
1324 0
72 2
20 0
72 2
20 0
72 2
14 0
72 2
20 0
72 2
20 0
72 2
20 0
72 2
1324 0
72 2
1324 0
72 2
20 0
72 2
20 0
72 2
14 0
72 2
20 0
72 2
20 0
72 2
1324 0
72 2
1324 0
72 2
20 0
72 2
20 0
72 2
1324 0
72 2
14 0
72 2
20 0
72 2
20 0
72 2
20 0
72 2
20 0
72 2
20 0
72 2
20 0
72 2
1324 0
72 2
14 0
72 2
20 0
72 4
1324 0
72 2
20 0
72 2
1324 0
72 2
20 0
72 2
20 0
72 2
14 0
72 2
20 0
72 2
20 0
72 2
20 0
72 2
20 0
72 2
20 0
72 2
20 0
72 2
1324 0
72 2
14 0
72 2
20 0
72 2
20 0
72 2
1324 0
72 2
1324 0
72 2
20 0
72 2
20 0
72 2
1324 0
72 2
14 0
72 2
20 0
72 2
20 0
72 2
20 0
72 2
20 0
72 2
20 0
72 2
20 0
72 2
1324 0
72 2
14 0
72 2
20 0
72 4
1324 0
72 2
20 0
72 2
1324 0
72 2
20 0
72 2
20 0
72 2
14 0
72 2
20 0
72 2
20 0
72 2
20 0
72 2
20 0
72 2
20 0
72 2
20 0
72 2
1324 0
72 2
14 0
72 2
20 0
72 2
20 0
72 2
1324 0
72 2
1324 0
72 2
20 0
72 2
20 0
72 2
1324 0
72 2
14 0
72 2
20 0
72 2
20 0
72 2
20 0
72 2
20 0
72 2
20 0
72 2
20 0
72 2
1324 0
72 2
14 0
72 2
20 0
72 4
1324 0
72 2
20 0
72 2
1324 0
72 2
20 0
72 2
20 0
72 2
14 0
72 2
20 0
72 2
20 0
72 2
20 0
72 2
20 0
72 2
20 0
72 2
20 0
72 2
1324 0
72 2
14 0
72 2
20 0
72 2
20 0
72 2
1324 0
72 2
1324 0
72 2
20 0
72 2
20 0
72 2
1324 0
72 2
14 0
72 2
1324 0
72 2
20 0
72 2
1324 0
72 2
20 0
72 2
20 0
72 2
20 0
72 2
1324 0
72 2
14 0
72 2
20 0
72 4
1324 0
72 2
1324 0
72 2
1315 0
72 2
199 0
72 2
20 0
72 2
199 0
72 2
199 0
72 2
20 0
72 2
1324 0
72 2
199 0
72 2
1324 0
72 2
20 0
72 2
1324 0
72 2
14 0
72 2
14 0
72 2
14 0
72 2
14 0
E
X
