major
S
L
28 4
33 4
35 4
28 4
30 4
23 7
23 4
28 4
33 4
35 4
28 4
30 4
23 7
23 4
28 4
33 4
35 4
28 4
30 4
23 7
23 4
28 4
33 4
35 4
28 4
30 4
23 7
23 4
28 4
33 4
35 4
28 4
30 4
23 7
23 4
28 4
33 4
35 4
28 4
30 4
23 7
23 4
28 4
33 4
35 4
28 4
30 4
23 7
23 4
28 4
33 4
35 4
28 4
30 4
23 7
23 4
28 4
33 4
35 4
28 4
30 4
23 7
23 4
28 4
33 4
35 4
28 4
30 4
23 7
23 4
28 4
33 4
35 4
28 4
30 4
23 7
23 4
28 4
33 4
35 4
28 4
30 4
23 7
23 4
E
S
L
35 4
40 4
42 4
35 4
37 4
30 7
30 4
35 4
40 4
42 4
35 4
37 4
30 7
30 4
35 4
40 4
42 4
35 4
37 4
30 7
30 4
35 4
40 4
42 4
35 4
37 4
30 4
35 4
40 4
38 11
72 2
38 7
40 13
42 10
72 2
42 7
44 13
45 10
72 2
45 7
47 11
72 2
47 6
72 2
47 4
E
S
H
72 14
47 4
52 4
50 11
72 2
50 7
52 13
54 10
72 2
54 7
56 13
57 10
72 2
57 7
59 11
72 2
59 6
72 2
59 4
E
X
