major
S
L
30 2
42 2
30 2
42 2
30 2
42 2
30 2
42 2
30 2
42 2
30 2
42 2
30 2
42 2
30 2
42 2
28 2
40 2
28 2
40 2
28 2
40 2
28 2
40 2
28 2
40 2
28 2
40 2
28 2
40 2
28 2
40 2
26 2
38 2
26 2
38 2
26 2
38 2
26 2
38 2
26 2
38 2
26 2
38 2
26 2
38 2
26 2
38 2
28 2
40 2
28 2
40 2
28 2
40 2
28 2
40 2
28 2
40 2
28 2
40 2
28 2
40 2
28 2
40 2
30 2
42 2
30 2
42 2
30 2
42 2
30 2
42 2
30 2
42 2
30 2
42 2
30 2
42 2
30 2
42 2
28 2
40 2
28 2
40 2
28 2
40 2
28 2
40 2
28 2
40 2
28 2
40 2
28 2
40 2
36 2
36 2
23 2
35 2
23 2
25 4
37 2
25 2
26 4
38 2
26 2
28 4
40 2
25 2
24 2
23 2
35 2
23 2
25 4
37 2
25 2
37 2
26 2
26 2
26 2
28 2
72 2
28 2
28 2
28 2
30 2
42 2
30 2
42 2
30 2
42 2
30 2
42 2
30 2
42 2
30 2
42 2
30 2
42 2
30 2
42 2
28 2
40 2
28 2
40 2
28 2
40 2
28 2
40 2
28 2
40 2
28 2
40 2
28 2
40 2
28 2
40 2
26 2
38 2
26 2
38 2
26 2
38 2
26 2
38 2
26 2
38 2
26 2
38 2
26 2
38 2
26 2
38 2
28 2
40 2
28 2
40 2
28 2
40 2
28 2
40 2
28 2
40 2
28 2
40 2
28 2
40 2
28 2
40 2
30 2
42 2
30 2
42 2
30 2
42 2
30 2
42 2
30 2
42 2
30 2
42 2
30 2
42 2
30 2
42 2
28 2
40 2
28 2
40 2
28 2
40 2
28 2
40 2
28 2
40 2
28 2
40 2
28 2
40 2
36 2
36 2
23 2
35 2
23 2
25 4
37 2
25 2
26 4
38 2
26 2
28 4
40 2
25 2
24 2
23 2
35 2
23 2
25 4
37 2
25 2
37 2
26 2
26 2
26 2
28 2
72 2
28 2
28 2
28 2
30 2
42 2
30 2
42 2
30 2
42 2
30 2
42 2
30 2
42 2
30 2
42 2
30 2
42 2
30 2
42 2
28 2
40 2
28 2
40 2
28 2
40 2
28 2
40 2
28 2
40 2
28 2
40 2
28 2
40 2
28 2
40 2
26 2
38 2
26 2
38 2
26 2
38 2
26 2
38 2
26 2
38 2
26 2
38 2
26 2
38 2
26 2
38 2
28 2
40 2
28 2
40 2
28 2
40 2
28 2
40 2
28 2
40 2
28 2
40 2
28 2
40 2
28 2
40 2
30 2
42 2
30 2
42 2
30 2
42 2
30 2
42 2
30 2
42 2
30 2
42 2
30 2
42 2
30 2
42 2
28 2
40 2
28 2
40 2
28 2
40 2
28 2
40 2
28 2
40 2
28 2
40 2
28 2
40 2
36 2
36 2
23 2
35 2
23 2
25 4
37 2
25 2
26 4
38 2
26 2
28 4
40 2
25 2
24 2
23 2
35 2
23 2
25 4
37 2
25 2
37 2
26 2
26 2
26 2
28 2
72 2
28 2
28 2
28 2
30 2
42 2
30 2
42 2
30 2
42 2
30 2
42 2
30 2
42 2
30 2
42 2
30 2
42 2
30 2
42 2
28 2
40 2
28 2
40 2
28 2
40 2
28 2
40 2
28 2
40 2
28 2
40 2
28 2
40 2
28 2
40 2
26 2
38 2
26 2
38 2
26 2
38 2
26 2
38 2
26 2
38 2
26 2
38 2
26 2
38 2
26 2
38 2
28 2
40 2
28 2
40 2
28 2
40 2
28 2
40 2
28 2
40 2
28 2
40 2
28 2
40 2
28 2
40 2
30 2
42 2
30 2
42 2
30 2
42 2
30 2
42 2
30 2
42 2
30 2
42 2
30 2
42 2
30 2
42 2
28 2
40 2
28 2
40 2
28 2
40 2
28 2
40 2
28 2
40 2
28 2
40 2
28 2
40 2
36 2
36 2
23 2
35 2
23 2
25 4
37 2
25 2
26 4
38 2
26 2
28 4
40 2
25 2
24 2
23 2
35 2
23 2
25 4
37 2
25 2
37 2
26 2
26 2
26 2
28 2
72 2
28 2
28 2
28 2
E
S
H
121 6
134 8
160 6
134 8
121 6
239 2
72 2
121 2
72 2
134 2
72 2
160 2
72 2
121 4
239 2
121 4
213 6
239 8
121 6
239 8
239 6
121 2
72 2
134 2
72 2
160 2
72 2
134 2
72 2
121 4
239 2
213 4
121 6
134 8
160 6
134 8
121 6
239 2
72 2
121 2
72 2
134 2
72 2
160 2
72 2
121 4
239 2
121 4
42 2
54 2
49 2
47 4
54 2
47 2
45 4
54 2
45 2
47 4
54 2
47 2
54 2
49 2
54 2
49 2
47 4
52 2
56 2
59 2
57 2
56 2
54 2
54 2
72 2
52 6
121 6
134 8
160 6
134 8
121 6
239 2
72 2
121 2
72 2
134 2
72 2
160 2
72 2
121 4
239 2
121 4
213 6
239 8
121 6
239 8
239 6
121 2
72 2
134 2
72 2
160 2
72 2
134 2
72 2
121 4
239 2
213 4
121 6
134 8
160 6
134 8
121 6
239 2
72 2
121 2
72 2
134 2
72 2
160 2
72 2
121 4
239 2
121 4
42 2
54 2
49 2
47 4
54 2
47 2
45 4
54 2
45 2
47 4
54 2
47 2
54 2
49 2
54 2
49 2
47 4
52 2
56 2
59 2
57 2
56 2
54 2
54 2
72 2
52 6
121 6
134 8
160 6
134 8
121 6
239 2
72 2
121 2
72 2
134 2
72 2
160 2
72 2
121 4
239 2
121 4
213 6
239 8
121 6
239 8
239 6
121 2
72 2
134 2
72 2
160 2
72 2
134 2
72 2
121 4
239 2
213 4
121 6
134 8
160 6
134 8
121 6
239 2
72 2
121 2
72 2
134 2
72 2
160 2
72 2
121 4
239 2
121 4
42 2
54 2
49 2
47 4
54 2
47 2
45 4
54 2
45 2
47 4
54 2
47 2
54 2
49 2
54 2
49 2
47 4
52 2
56 2
59 2
57 2
56 2
54 2
54 2
72 2
52 6
121 6
134 8
160 6
134 8
121 6
239 2
72 2
121 2
72 2
134 2
72 2
160 2
72 2
121 4
239 2
121 4
213 6
239 8
121 6
239 8
239 6
121 2
72 2
134 2
72 2
160 2
72 2
134 2
72 2
121 4
239 2
213 4
121 6
134 8
160 6
134 8
121 6
239 2
72 2
121 2
72 2
134 2
72 2
160 2
72 2
121 4
239 2
121 4
42 2
54 2
49 2
47 4
54 2
47 2
45 4
54 2
45 2
47 4
54 2
47 2
54 2
49 2
54 2
49 2
47 4
52 2
56 2
59 2
57 2
56 2
54 2
54 2
72 2
52 6
E
S
L
20 2
20 2
22 2
20 2
20 2
20 2
22 2
20 2
20 2
20 2
22 2
20 2
20 2
20 2
22 2
20 2
20 2
20 2
22 2
20 2
20 2
20 2
22 2
20 2
20 2
20 2
22 2
20 2
20 2
20 2
22 2
20 2
20 2
20 2
22 2
20 2
20 2
20 2
22 2
20 2
20 2
20 2
22 2
20 2
20 2
20 2
22 2
20 2
20 2
20 2
22 2
20 2
20 2
20 2
22 2
20 2
20 2
20 2
22 2
20 2
20 2
20 2
20 0
72 1
20 0
72 0
20 0
20 0
72 2
20 2
20 2
22 2
20 2
20 2
20 2
22 2
20 2
20 2
20 2
22 2
20 2
20 2
20 2
22 2
20 2
20 2
20 2
22 2
20 2
20 2
20 2
22 2
20 2
20 2
20 2
22 2
20 2
20 2
20 2
22 2
20 2
20 2
20 2
20 2
22 2
18 2
20 2
20 2
22 2
18 2
20 2
20 2
22 2
18 2
20 2
20 2
20 2
20 2
20 2
20 2
22 2
18 2
18 2
20 2
20 2
20 2
20 2
20 2
22 2
20 2
20 2
22 2
20 2
20 2
20 2
22 2
20 2
20 2
20 2
22 2
20 2
20 2
20 2
22 2
20 2
20 2
20 2
22 2
20 2
20 2
20 2
22 2
20 2
20 2
20 2
22 2
20 2
20 2
20 2
22 2
20 2
20 2
20 2
22 2
20 2
20 2
20 2
22 2
20 2
20 2
20 2
22 2
20 2
20 2
20 2
22 2
20 2
20 2
20 2
22 2
20 2
20 2
20 2
22 2
20 2
20 2
20 2
22 2
20 2
20 2
20 2
22 2
20 2
20 2
20 2
20 0
72 1
20 0
72 0
20 0
20 0
72 2
20 2
20 2
22 2
20 2
20 2
20 2
22 2
20 2
20 2
20 2
22 2
20 2
20 2
20 2
22 2
20 2
20 2
20 2
22 2
20 2
20 2
20 2
22 2
20 2
20 2
20 2
22 2
20 2
20 2
20 2
22 2
20 2
20 2
20 2
20 2
22 2
18 2
20 2
20 2
22 2
18 2
20 2
20 2
22 2
18 2
20 2
20 2
20 2
20 2
20 2
20 2
22 2
18 2
18 2
20 2
20 2
20 2
20 2
20 2
22 2
20 2
20 2
22 2
20 2
20 2
20 2
22 2
20 2
20 2
20 2
22 2
20 2
20 2
20 2
22 2
20 2
20 2
20 2
22 2
20 2
20 2
20 2
22 2
20 2
20 2
20 2
22 2
20 2
20 2
20 2
22 2
20 2
20 2
20 2
22 2
20 2
20 2
20 2
22 2
20 2
20 2
20 2
22 2
20 2
20 2
20 2
22 2
20 2
20 2
20 2
22 2
20 2
20 2
20 2
22 2
20 2
20 2
20 2
22 2
20 2
20 2
20 2
22 2
20 2
20 2
20 2
20 0
72 1
20 0
72 0
20 0
20 0
72 2
20 2
20 2
22 2
20 2
20 2
20 2
22 2
20 2
20 2
20 2
22 2
20 2
20 2
20 2
22 2
20 2
20 2
20 2
22 2
20 2
20 2
20 2
22 2
20 2
20 2
20 2
22 2
20 2
20 2
20 2
22 2
20 2
20 2
20 2
20 2
22 2
18 2
20 2
20 2
22 2
18 2
20 2
20 2
22 2
18 2
20 2
20 2
20 2
20 2
20 2
20 2
22 2
18 2
18 2
20 2
20 2
20 2
20 2
20 2
22 2
20 2
20 2
22 2
20 2
20 2
20 2
22 2
20 2
20 2
20 2
22 2
20 2
20 2
20 2
22 2
20 2
20 2
20 2
22 2
20 2
20 2
20 2
22 2
20 2
20 2
20 2
22 2
20 2
20 2
20 2
22 2
20 2
20 2
20 2
22 2
20 2
20 2
20 2
22 2
20 2
20 2
20 2
22 2
20 2
20 2
20 2
22 2
20 2
20 2
20 2
22 2
20 2
20 2
20 2
22 2
20 2
20 2
20 2
22 2
20 2
20 2
20 2
22 2
20 2
20 2
20 2
20 0
72 1
20 0
72 0
20 0
20 0
72 2
20 2
20 2
22 2
20 2
20 2
20 2
22 2
20 2
20 2
20 2
22 2
20 2
20 2
20 2
22 2
20 2
20 2
20 2
22 2
20 2
20 2
20 2
22 2
20 2
20 2
20 2
22 2
20 2
20 2
20 2
22 2
20 2
20 2
20 2
20 2
22 2
18 2
20 2
20 2
22 2
18 2
20 2
20 2
22 2
18 2
20 2
20 2
20 2
20 2
20 2
20 2
22 2
18 2
18 2
20 2
20 2
20 2
20 2
20 2
22 2
20 2
20 2
22 2
20 2
E
X
