minor
S
H
57 2
53 2
57 2
53 2
59 2
55 2
59 2
55 2
60 2
57 2
60 2
57 2
62 2
59 2
62 2
59 2
64 2
60 2
64 2
60 2
64 2
60 2
64 2
60 2
E
S
H
72 13
1773 7
72 4
1459 7
72 4
1773 7
72 4
1459 7
72 4
1773 4
72 4
1459 4
72 4
214 7
72 4
1773 7
72 4
1459 13
72 7
1459 7
72 4
1773 7
72 4
214 4
72 4
1459 7
72 4
1773 7
72 4
214 4
72 4
214 7
72 4
1773 13
72 4
40 4
40 4
36 4
36 4
33 4
33 4
29 4
29 4
38 4
38 4
35 4
35 4
31 4
31 4
38 4
38 4
40 4
40 4
36 4
36 4
33 4
33 4
29 4
29 4
38 4
38 4
35 4
35 4
31 4
31 4
38 4
38 4
40 4
40 4
36 4
36 4
33 4
33 4
29 4
29 4
38 4
38 4
35 4
35 4
31 4
31 4
28 4
28 4
36 4
36 4
33 4
33 4
29 4
29 4
26 4
26 4
35 4
35 4
31 4
31 4
72 11
40 4
36 4
72 11
40 4
36 4
38 4
35 4
72 12
40 4
36 4
72 11
40 4
36 4
38 4
35 4
72 12
40 4
36 4
72 11
40 4
36 4
38 4
35 4
72 12
36 4
33 4
72 14
40 4
40 4
36 4
36 4
33 4
33 4
29 4
29 4
38 4
38 4
35 4
35 4
31 4
31 4
38 4
38 4
40 4
40 4
36 4
36 4
33 4
33 4
29 4
29 4
38 4
38 4
35 4
35 4
31 4
31 4
38 4
38 4
40 4
40 4
36 4
36 4
33 4
33 4
29 4
29 4
38 4
38 4
35 4
35 4
31 4
31 4
28 4
28 4
36 4
36 4
33 4
33 4
29 4
29 4
26 4
26 4
35 4
35 4
31 4
31 4
72 11
40 4
36 4
72 11
40 4
36 4
38 4
35 4
72 12
40 4
36 4
72 11
40 4
36 4
38 4
35 4
72 12
40 4
36 4
72 11
40 4
36 4
38 4
35 4
72 12
36 4
33 4
E
S
L
72 4
9 4
21 4
9 4
10 4
22 4
11 4
23 4
12 2
72 2
12 2
72 2
12 2
72 2
12 2
72 2
12 2
72 2
12 2
72 2
12 2
72 2
12 2
72 2
12 2
72 2
12 2
72 2
12 2
72 2
12 2
72 2
12 2
72 2
12 2
72 2
12 2
72 2
12 2
72 2
12 2
72 2
12 2
72 2
12 2
72 2
12 2
72 2
12 2
72 2
12 2
72 2
12 2
72 2
12 2
72 2
12 2
72 2
12 4
9 2
72 2
9 4
10 2
72 2
10 4
11 2
72 2
11 4
12 2
72 2
12 2
72 2
12 2
72 2
12 2
72 2
12 2
72 2
12 2
72 2
12 2
72 2
12 2
72 2
12 2
72 2
12 2
72 2
12 2
72 2
12 2
72 2
12 2
72 2
12 2
72 2
12 2
72 2
12 2
72 2
12 2
72 2
12 2
72 2
12 2
72 2
12 2
72 2
12 2
72 2
12 2
72 2
12 2
72 2
12 2
72 2
12 2
72 2
12 2
72 2
12 2
72 2
12 2
72 2
12 2
72 2
12 4
14 4
16 4
17 2
72 2
17 2
72 2
17 2
72 2
17 2
72 2
17 2
72 2
17 2
72 2
17 2
72 2
17 4
16 2
72 2
16 2
72 2
16 2
72 2
16 2
72 2
16 2
72 2
12 4
14 4
16 4
17 2
72 2
17 2
72 2
17 2
72 2
17 2
72 2
17 2
72 2
17 2
72 2
17 2
72 2
17 4
16 2
72 2
16 2
72 2
16 2
72 2
16 2
72 2
16 2
72 2
12 4
14 4
16 4
17 2
72 2
17 2
72 2
17 2
72 2
17 2
72 2
17 2
72 2
17 2
72 2
17 2
72 2
17 4
16 2
72 2
16 2
72 2
16 2
72 2
16 2
72 2
16 2
72 2
16 2
72 2
16 2
72 2
16 4
14 2
72 2
14 2
72 2
14 2
72 2
14 2
72 2
14 2
72 2
14 2
72 2
14 2
72 2
14 4
12 2
72 2
12 2
72 2
12 2
72 2
12 2
72 2
12 2
72 2
12 4
14 4
16 4
17 2
72 2
17 2
72 2
17 2
72 2
17 2
72 2
17 2
72 2
17 2
72 2
17 2
72 2
17 4
16 2
72 2
16 2
72 2
16 2
72 2
16 2
72 2
16 2
72 2
12 4
14 4
16 4
17 2
72 2
17 2
72 2
17 2
72 2
17 2
72 2
17 2
72 2
17 2
72 2
17 2
72 2
17 4
16 2
72 2
16 2
72 2
16 2
72 2
16 2
72 2
16 2
72 2
12 4
14 4
16 4
17 2
72 2
17 2
72 2
17 2
72 2
17 2
72 2
17 2
72 2
17 2
72 2
17 2
72 2
17 4
16 2
72 2
16 2
72 2
16 2
72 2
16 2
72 2
16 2
72 2
16 2
72 2
16 2
72 2
16 4
14 2
72 2
14 2
72 2
14 2
72 2
14 2
72 2
14 2
72 2
14 2
72 2
14 2
72 2
14 4
12 2
72 2
12 2
72 2
12 2
72 2
12 2
72 2
12 2
72 2
12 2
72 2
12 2
72 2
12 2
72 2
22 9
21 9
19 9
17 9
16 7
14 7
9 9
11 9
12 9
14 9
16 7
21 7
20 9
19 9
17 9
15 9
14 7
12 7
7 9
14 9
7 9
19 4
4 4
16 4
5 4
17 4
7 4
19 4
17 2
72 2
17 2
72 2
17 2
72 2
17 2
72 2
17 2
72 2
17 2
72 2
17 2
72 2
17 4
16 2
72 2
16 2
72 2
16 2
72 2
16 2
72 2
16 2
72 2
12 4
14 4
16 4
17 2
72 2
17 2
72 2
17 2
72 2
17 2
72 2
17 2
72 2
17 2
72 2
17 2
72 2
17 4
16 2
72 2
16 2
72 2
16 2
72 2
16 2
72 2
16 2
72 2
12 4
14 4
16 4
17 2
72 2
17 2
72 2
17 2
72 2
17 2
72 2
17 2
72 2
17 2
72 2
17 2
72 2
17 4
16 2
72 2
16 2
72 2
16 2
72 2
16 2
72 2
16 2
72 2
16 2
72 2
16 2
72 2
16 4
14 2
72 2
14 2
72 2
14 2
72 2
14 2
72 2
14 2
72 2
14 2
72 2
14 2
72 2
14 4
12 2
72 2
12 2
72 2
12 2
72 2
12 2
72 2
12 2
72 2
12 4
14 4
16 4
17 2
72 2
17 2
72 2
17 2
72 2
17 2
72 2
17 2
72 2
17 2
72 2
17 2
72 2
17 4
16 2
72 2
16 2
72 2
16 2
72 2
16 2
72 2
16 2
72 2
12 4
14 4
16 4
17 2
72 2
17 2
72 2
17 2
72 2
17 2
72 2
17 2
72 2
17 2
72 2
17 2
72 2
17 4
16 2
72 2
16 2
72 2
16 2
72 2
16 2
72 2
16 2
72 2
12 4
14 4
16 4
17 2
72 2
17 2
72 2
17 2
72 2
17 2
72 2
17 2
72 2
17 2
72 2
17 2
72 2
17 4
16 2
72 2
16 2
72 2
16 2
72 2
16 2
72 2
16 2
72 2
16 2
72 2
16 2
72 2
16 4
14 2
72 2
14 2
72 2
14 2
72 2
14 2
72 2
14 2
72 2
14 2
72 2
14 2
72 2
14 4
12 2
72 2
12 2
72 2
12 2
72 2
12 2
72 2
12 2
72 2
12 2
72 2
12 2
72 2
12 2
72 2
22 9
21 9
19 9
17 9
16 7
14 7
9 9
11 9
12 9
14 9
16 7
21 7
20 9
19 9
17 9
15 9
14 7
12 7
7 9
14 9
7 9
19 4
4 4
16 4
5 4
17 4
7 4
19 4
E
S
H
72 14
60 4
57 7
60 4
59 7
60 4
59 7
55 9
72 9
57 4
64 4
62 7
60 4
59 7
60 4
59 7
55 9
72 11
60 4
57 7
60 4
59 7
60 4
59 7
55 9
72 9
57 4
57 4
53 7
57 4
55 7
57 4
55 7
48 9
72 11
60 4
57 7
60 4
59 7
60 4
59 7
55 9
72 9
57 4
64 4
62 7
60 4
59 7
60 4
59 7
55 9
72 11
60 4
57 7
60 4
59 7
60 4
59 7
55 9
72 9
57 4
57 4
53 7
57 4
55 7
57 4
55 7
48 4
48 4
52 4
50 13
72 4
48 4
50 4
52 14
72 4
48 4
48 4
52 4
51 13
72 4
48 4
51 4
50 13
64 4
72 4
64 4
65 4
64 4
67 4
64 4
64 4
60 4
72 11
60 4
57 7
60 4
59 7
60 4
59 7
55 9
72 9
57 4
64 4
62 7
60 4
59 7
60 4
59 7
55 9
72 11
60 4
57 7
60 4
59 7
60 4
59 7
55 9
72 9
57 4
57 4
53 7
57 4
55 7
57 4
55 7
48 9
72 11
60 4
57 7
60 4
59 7
60 4
59 7
55 9
72 9
57 4
64 4
62 7
60 4
59 7
60 4
59 7
55 9
72 11
60 4
57 7
60 4
59 7
60 4
59 7
55 9
72 9
57 4
57 4
53 7
57 4
55 7
57 4
55 7
48 4
48 4
52 4
50 13
72 4
48 4
50 4
52 14
72 4
48 4
48 4
52 4
51 13
72 4
48 4
51 4
50 13
64 4
72 4
64 4
65 4
64 4
67 4
64 4
64 4
60 4
E
S
H
72 14
55 2
57 2
60 4
57 4
72 14
55 2
57 2
60 4
64 4
72 14
55 2
57 2
60 4
57 4
72 13
60 4
72 4
57 4
72 4
55 2
72 2
57 2
72 2
60 2
72 14
55 2
57 2
60 4
57 4
72 14
55 2
57 2
60 4
64 4
72 14
55 2
57 2
60 4
57 4
72 12
64 4
72 4
60 4
72 4
57 4
72 4
60 4
60 4
64 4
72 14
55 2
57 2
60 4
57 4
72 14
55 2
57 2
60 4
64 4
72 14
55 2
57 2
60 4
57 4
72 13
60 4
72 4
57 4
72 4
55 2
72 2
57 2
72 2
60 2
72 14
55 2
57 2
60 4
57 4
72 14
55 2
57 2
60 4
64 4
72 14
55 2
57 2
60 4
57 4
72 12
64 4
72 4
60 4
72 4
57 4
72 4
60 4
60 4
64 4
E
S
H
72 14
192 7
218 7
244 7
101 13
101 7
127 7
244 7
192 7
101 13
101 7
244 7
192 7
244 7
101 13
101 7
127 7
244 7
192 7
101 14
231 4
166 4
127 4
166 4
231 4
166 4
127 4
166 4
231 4
166 4
127 4
166 4
231 4
166 4
127 4
166 4
218 4
153 4
101 4
153 4
218 4
153 4
101 4
153 4
218 4
153 4
101 4
153 4
218 4
153 4
101 4
153 4
205 4
140 4
101 4
140 4
205 4
140 4
101 4
140 4
205 4
140 4
101 4
140 4
205 4
140 4
101 4
140 4
101 4
192 4
153 4
192 4
101 4
192 4
153 4
192 4
101 4
192 4
153 4
192 4
101 4
192 4
153 4
192 4
72 14
192 7
218 7
244 7
101 13
101 7
127 7
244 7
192 7
101 13
101 7
244 7
192 7
244 7
101 13
101 7
127 7
244 7
192 7
101 14
231 4
166 4
127 4
166 4
231 4
166 4
127 4
166 4
231 4
166 4
127 4
166 4
231 4
166 4
127 4
166 4
218 4
153 4
101 4
153 4
218 4
153 4
101 4
153 4
218 4
153 4
101 4
153 4
218 4
153 4
101 4
153 4
205 4
140 4
101 4
140 4
205 4
140 4
101 4
140 4
205 4
140 4
101 4
140 4
205 4
140 4
101 4
140 4
101 4
192 4
153 4
192 4
101 4
192 4
153 4
192 4
101 4
192 4
153 4
192 4
101 4
192 4
153 4
192 4
E
S
H
72 14
41 9
41 9
41 9
41 9
41 7
41 7
40 9
40 9
40 9
40 9
40 7
40 7
39 9
39 9
39 9
39 9
39 7
39 7
45 9
45 9
45 9
45 9
45 7
45 7
72 14
41 9
41 9
41 9
41 9
41 7
41 7
40 9
40 9
40 9
40 9
40 7
40 7
39 9
39 9
39 9
39 9
39 7
39 7
45 9
45 9
45 9
45 9
45 7
45 7
E
S
L
20 4
12 4
199 4
12 4
197 4
14 4
199 4
199 4
197 4
20 4
199 4
197 4
20 4
197 4
199 4
20 4
197 4
20 4
199 4
197 4
20 4
197 4
199 4
20 4
197 4
20 4
199 4
197 4
20 4
197 4
199 4
20 4
197 4
20 4
199 4
197 4
20 4
197 4
199 4
20 4
197 4
20 4
199 4
197 4
20 4
197 4
199 4
20 4
197 4
20 4
199 4
197 4
20 4
197 4
199 4
20 4
197 4
20 4
199 4
197 4
20 4
197 4
199 4
20 4
197 4
20 4
199 4
197 4
20 4
199 4
199 4
199 4
197 4
20 4
199 4
197 4
20 4
197 4
199 4
20 4
197 4
20 4
199 4
197 4
20 4
197 4
199 4
20 4
197 4
20 4
199 4
197 4
20 4
197 4
199 4
20 4
197 4
20 4
199 4
197 4
20 4
197 4
199 4
20 4
197 4
20 4
199 4
197 4
20 4
197 4
199 4
20 4
197 4
20 4
199 4
197 4
20 4
197 4
199 4
20 4
197 4
20 4
199 4
197 4
20 4
197 4
199 4
20 4
197 4
20 4
199 4
197 4
20 4
199 4
199 4
199 4
197 4
20 4
199 4
197 4
20 4
197 4
199 4
20 4
197 4
20 4
199 4
197 4
20 4
197 4
199 4
20 4
197 4
20 4
199 4
197 4
20 4
197 4
199 4
20 4
197 4
20 4
199 4
197 4
20 4
197 4
199 4
20 4
197 4
20 4
199 4
197 4
20 4
197 4
199 4
20 4
197 4
20 4
199 4
197 4
20 4
197 4
199 4
20 4
197 4
20 4
199 4
197 4
20 4
197 4
199 4
20 4
197 4
20 4
199 4
197 4
20 4
199 4
199 4
199 4
197 4
20 4
199 4
197 4
20 4
197 4
199 4
20 4
197 4
20 4
199 4
197 4
20 4
197 4
199 4
20 4
197 4
20 4
199 4
197 4
20 4
197 4
199 4
20 4
197 4
20 4
199 4
197 4
20 4
197 4
199 4
20 4
197 4
20 4
199 4
197 4
20 4
197 4
199 4
20 4
197 4
20 4
199 4
197 4
20 4
197 4
199 4
20 4
197 4
20 4
199 4
197 4
20 4
197 4
199 4
20 4
197 4
20 4
199 4
197 4
20 4
199 4
199 4
199 4
197 4
20 4
199 4
197 4
20 4
197 4
199 4
20 4
197 4
20 4
199 4
197 4
20 4
197 4
199 4
20 4
197 4
20 4
199 4
197 4
20 4
197 4
199 4
20 4
197 4
20 4
199 4
197 4
20 4
197 4
199 4
20 4
197 4
20 4
199 4
197 4
20 4
197 4
199 4
20 4
197 4
20 4
199 4
197 4
20 4
197 4
199 4
20 4
197 4
20 4
199 4
197 4
20 4
197 4
199 4
20 4
197 4
20 4
199 4
197 4
20 4
199 4
199 4
199 4
197 4
20 4
199 4
197 4
20 4
197 4
199 4
20 4
197 4
20 4
199 4
197 4
20 4
197 4
199 4
20 4
197 4
20 4
199 4
197 4
20 4
197 4
199 4
20 4
197 4
20 4
199 4
197 4
20 4
197 4
199 4
20 4
197 4
20 4
199 4
197 4
20 4
197 4
199 4
20 4
197 4
20 4
199 4
197 4
20 4
197 4
199 4
20 4
197 4
20 4
199 4
197 4
20 4
197 4
199 4
20 4
197 4
20 4
199 4
197 4
20 4
199 4
199 4
199 4
197 4
20 4
199 4
197 4
20 4
197 4
199 4
20 4
197 4
20 4
199 4
197 4
20 4
197 4
199 4
20 4
197 4
20 4
199 4
197 4
20 4
197 4
199 4
20 4
197 4
20 4
199 4
197 4
20 4
197 4
199 4
20 4
197 4
20 4
199 4
197 4
20 4
197 4
199 4
20 4
197 4
20 4
199 4
197 4
20 4
197 4
199 4
20 4
197 4
20 4
199 4
197 4
20 4
197 4
199 4
20 4
197 4
20 4
199 4
197 4
20 4
199 4
199 4
199 4
E
X
