minor
S
H
60 2
60 13
60 2
60 13
60 2
60 10
60 2
60 10
60 2
60 2
60 2
60 2
60 2
60 2
72 9
55 2
50 2
48 2
43 2
41 13
72 13
40 4
40 4
72 11
40 4
40 4
72 13
55 6
57 2
55 6
54 2
55 4
51 2
72 2
52 2
72 2
48 2
72 2
47 2
48 2
50 7
45 7
43 7
43 2
42 2
43 11
72 4
55 2
57 2
55 2
54 2
72 2
54 2
55 2
54 2
53 4
55 2
72 2
53 4
50 2
72 2
48 4
47 2
50 2
48 2
47 2
72 2
43 11
43 7
43 4
55 2
50 2
48 2
43 2
46 13
55 6
56 2
55 6
54 2
55 4
50 2
72 2
51 2
72 2
48 2
72 2
46 2
48 2
50 7
45 7
43 7
43 2
41 2
55 6
56 2
55 6
54 2
55 4
50 2
72 2
51 2
72 2
48 2
72 2
47 2
48 2
50 7
44 7
43 7
43 2
41 2
48 2
49 2
51 7
45 7
44 7
44 2
42 2
43 12
41 4
43 4
45 4
46 4
48 12
47 2
53 2
52 2
47 2
50 11
49 7
46 4
48 4
45 7
52 11
51 2
52 2
58 2
55 2
56 7
56 4
55 2
53 2
51 4
50 4
72 4
55 11
53 2
52 2
50 4
48 4
49 4
56 4
56 11
53 4
49 4
48 4
55 4
55 11
51 4
48 4
46 2
48 2
46 2
48 2
49 7
49 2
51 2
49 2
51 2
52 7
52 2
54 2
52 2
54 2
56 7
56 2
58 2
47 2
45 2
43 2
41 2
40 2
38 2
49 9
45 4
47 2
72 2
47 2
49 2
47 4
45 4
43 9
45 2
47 2
45 11
45 9
41 4
43 4
43 2
45 2
43 4
41 4
40 9
41 2
43 2
41 13
72 14
43 7
38 7
41 11
41 7
40 4
38 4
36 7
35 7
43 7
38 7
41 11
41 7
40 4
38 4
36 7
35 7
50 7
48 2
72 6
53 7
51 2
72 6
50 7
48 4
53 7
51 7
50 7
48 7
53 7
51 7
50 7
48 7
53 7
51 7
53 4
46 7
41 7
53 11
53 7
51 4
49 4
51 7
47 7
60 2
60 13
60 2
60 13
60 2
60 10
60 2
60 10
60 2
60 2
60 2
60 2
60 2
60 2
72 9
55 2
50 2
48 2
43 2
41 13
72 13
40 4
40 4
72 11
40 4
40 4
72 13
55 6
57 2
55 6
54 2
55 4
51 2
72 2
52 2
72 2
48 2
72 2
47 2
48 2
50 7
45 7
43 7
43 2
42 2
43 11
72 4
55 2
57 2
55 2
54 2
72 2
54 2
55 2
54 2
53 4
55 2
72 2
53 4
50 2
72 2
48 4
47 2
50 2
48 2
47 2
72 2
43 11
43 7
43 4
55 2
50 2
48 2
43 2
46 13
55 6
56 2
55 6
54 2
55 4
50 2
72 2
51 2
72 2
48 2
72 2
46 2
48 2
50 7
45 7
43 7
43 2
41 2
55 6
56 2
55 6
54 2
55 4
50 2
72 2
51 2
72 2
48 2
72 2
47 2
48 2
50 7
44 7
43 7
43 2
41 2
48 2
49 2
51 7
45 7
44 7
44 2
42 2
43 12
41 4
43 4
45 4
46 4
48 12
47 2
53 2
52 2
47 2
50 11
49 7
46 4
48 4
45 7
52 11
51 2
52 2
58 2
55 2
56 7
56 4
55 2
53 2
51 4
50 4
72 4
55 11
53 2
52 2
50 4
48 4
49 4
56 4
56 11
53 4
49 4
48 4
55 4
55 11
51 4
48 4
46 2
48 2
46 2
48 2
49 7
49 2
51 2
49 2
51 2
52 7
52 2
54 2
52 2
54 2
56 7
56 2
58 2
47 2
45 2
43 2
41 2
40 2
38 2
49 9
45 4
47 2
72 2
47 2
49 2
47 4
45 4
43 9
45 2
47 2
45 11
45 9
41 4
43 4
43 2
45 2
43 4
41 4
40 9
41 2
43 2
41 13
72 14
43 7
38 7
41 11
41 7
40 4
38 4
36 7
35 7
43 7
38 7
41 11
41 7
40 4
38 4
36 7
35 7
50 7
48 2
72 6
53 7
51 2
72 6
50 7
48 4
53 7
51 7
50 7
48 7
53 7
51 7
50 7
48 7
53 7
51 7
53 4
46 7
41 7
53 11
53 7
51 4
49 4
51 7
47 7
E
S
H
72 4
36 4
37 4
38 4
72 4
36 4
37 4
38 4
72 4
36 4
37 4
38 4
72 4
36 4
37 4
38 4
72 4
36 4
37 4
38 4
72 4
39 4
72 4
40 4
72 4
39 4
72 4
40 4
72 4
39 4
72 4
40 4
72 4
36 4
37 4
38 4
72 4
36 4
37 4
38 4
72 4
36 4
37 4
38 4
72 4
36 4
37 4
38 4
72 4
36 4
37 4
38 4
72 4
39 4
72 4
40 4
72 4
39 4
72 4
40 4
72 4
39 4
72 4
40 4
72 4
36 4
37 4
38 4
72 4
36 4
37 4
38 4
72 4
36 4
37 4
38 4
72 4
36 4
37 4
38 4
72 4
36 4
37 4
38 4
72 4
39 4
72 4
40 4
72 4
39 4
72 4
40 4
72 4
39 4
72 4
40 4
72 4
36 4
37 4
38 4
72 4
36 4
37 4
38 4
39 4
38 2
39 2
72 4
38 7
39 7
38 4
39 4
38 2
39 2
72 4
38 7
39 7
38 4
39 4
38 2
39 2
72 4
38 7
39 7
38 4
39 4
37 2
39 2
72 4
37 7
39 7
37 4
39 4
37 2
39 2
72 4
37 7
39 7
37 4
40 4
40 7
40 7
40 7
40 4
48 2
43 2
38 2
72 4
40 2
38 2
72 10
48 2
43 2
38 2
72 4
40 2
38 2
72 6
48 2
43 2
38 2
72 4
40 2
38 7
38 2
72 6
43 7
41 4
45 4
48 4
72 4
47 4
43 4
45 7
43 7
45 4
52 2
47 2
41 2
72 6
45 2
47 2
44 2
72 7
51 2
72 2
51 2
72 2
47 2
41 2
72 2
43 4
45 4
46 2
72 2
46 2
52 2
72 4
47 2
44 2
52 2
47 2
41 2
72 6
45 2
47 2
44 2
72 7
51 2
72 2
51 2
72 2
47 2
41 2
72 2
43 4
45 4
46 2
72 2
46 2
52 2
72 4
47 2
44 2
33 7
34 7
35 7
36 7
35 7
34 7
33 7
32 7
33 7
34 7
35 7
36 7
35 7
34 7
33 7
32 7
33 7
34 7
35 7
36 7
35 7
34 7
72 13
45 11
45 4
45 4
48 2
72 2
47 11
47 7
47 2
48 2
50 2
72 2
45 4
45 11
45 4
45 4
48 2
72 2
47 11
47 7
47 2
48 2
50 2
72 2
45 4
45 11
45 4
45 4
48 2
72 2
47 11
47 7
47 2
48 2
50 2
72 2
45 4
38 2
39 2
38 2
72 2
50 11
72 9
51 2
50 2
72 9
51 2
50 2
72 7
38 2
39 2
38 2
72 2
50 11
72 9
49 2
47 2
72 9
49 2
47 2
72 7
53 2
51 2
53 7
48 7
46 7
41 4
53 2
51 2
53 7
48 7
46 7
41 4
72 4
36 4
37 4
38 4
72 4
36 4
37 4
38 4
72 4
36 4
37 4
38 4
72 4
36 4
37 4
38 4
72 4
36 4
37 4
38 4
72 4
39 4
72 4
40 4
72 4
39 4
72 4
40 4
72 4
39 4
72 4
40 4
72 4
36 4
37 4
38 4
72 4
36 4
37 4
38 4
72 4
36 4
37 4
38 4
72 4
36 4
37 4
38 4
72 4
36 4
37 4
38 4
72 4
39 4
72 4
40 4
72 4
39 4
72 4
40 4
72 4
39 4
72 4
40 4
72 4
36 4
37 4
38 4
72 4
36 4
37 4
38 4
72 4
36 4
37 4
38 4
72 4
36 4
37 4
38 4
72 4
36 4
37 4
38 4
72 4
39 4
72 4
40 4
72 4
39 4
72 4
40 4
72 4
39 4
72 4
40 4
72 4
36 4
37 4
38 4
72 4
36 4
37 4
38 4
39 4
38 2
39 2
72 4
38 7
39 7
38 4
39 4
38 2
39 2
72 4
38 7
39 7
38 4
39 4
38 2
39 2
72 4
38 7
39 7
38 4
39 4
37 2
39 2
72 4
37 7
39 7
37 4
39 4
37 2
39 2
72 4
37 7
39 7
37 4
40 4
40 7
40 7
40 7
40 4
48 2
43 2
38 2
72 4
40 2
38 2
72 10
48 2
43 2
38 2
72 4
40 2
38 2
72 6
48 2
43 2
38 2
72 4
40 2
38 7
38 2
72 6
43 7
41 4
45 4
48 4
72 4
47 4
43 4
45 7
43 7
45 4
52 2
47 2
41 2
72 6
45 2
47 2
44 2
72 7
51 2
72 2
51 2
72 2
47 2
41 2
72 2
43 4
45 4
46 2
72 2
46 2
52 2
72 4
47 2
44 2
52 2
47 2
41 2
72 6
45 2
47 2
44 2
72 7
51 2
72 2
51 2
72 2
47 2
41 2
72 2
43 4
45 4
46 2
72 2
46 2
52 2
72 4
47 2
44 2
33 7
34 7
35 7
36 7
35 7
34 7
33 7
32 7
33 7
34 7
35 7
36 7
35 7
34 7
33 7
32 7
33 7
34 7
35 7
36 7
35 7
34 7
72 13
45 11
45 4
45 4
48 2
72 2
47 11
47 7
47 2
48 2
50 2
72 2
45 4
45 11
45 4
45 4
48 2
72 2
47 11
47 7
47 2
48 2
50 2
72 2
45 4
45 11
45 4
45 4
48 2
72 2
47 11
47 7
47 2
48 2
50 2
72 2
45 4
38 2
39 2
38 2
72 2
50 11
72 9
51 2
50 2
72 9
51 2
50 2
72 7
38 2
39 2
38 2
72 2
50 11
72 9
49 2
47 2
72 9
49 2
47 2
72 7
53 2
51 2
53 7
48 7
46 7
41 4
53 2
51 2
53 7
48 7
46 7
41 4
E
S
L
36 7
37 7
38 7
39 7
40 7
39 7
38 7
37 7
36 7
37 7
38 7
39 7
40 7
41 7
40 7
39 7
38 7
37 7
36 7
37 7
38 7
39 7
40 7
39 7
38 7
37 7
36 7
37 7
38 7
39 7
40 7
41 7
40 7
39 7
38 7
37 7
36 7
37 7
38 7
39 7
40 7
39 7
38 7
37 7
36 7
37 7
38 7
39 7
40 7
41 7
40 7
39 7
39 7
48 7
39 7
48 7
39 7
48 7
39 7
48 7
39 7
48 7
39 7
48 7
40 7
47 7
40 7
47 7
40 7
47 7
40 7
47 7
38 7
38 7
38 7
38 7
35 7
35 7
35 7
35 7
35 7
35 7
35 7
35 7
35 7
35 7
35 7
35 7
35 7
35 7
35 7
35 7
35 7
35 7
35 7
35 7
35 7
35 7
35 7
35 7
35 7
35 7
35 7
35 7
35 7
35 7
35 7
35 7
33 7
34 7
35 7
36 7
35 7
34 7
33 7
32 7
33 7
34 7
35 7
36 7
35 7
34 7
33 7
32 7
33 7
34 7
35 7
36 7
35 7
34 7
41 4
41 4
72 4
41 4
72 4
41 4
72 4
41 4
41 4
41 4
72 4
41 4
72 4
41 4
72 4
41 4
41 4
41 4
72 4
41 4
72 4
41 4
72 4
41 4
41 4
41 4
72 4
41 4
72 4
41 4
72 4
41 4
41 4
41 4
72 4
41 4
72 4
41 4
72 4
41 4
41 4
41 4
72 4
41 4
72 4
41 4
72 4
41 4
41 4
41 4
72 4
41 4
72 4
41 4
72 4
41 4
48 4
48 4
72 4
48 4
72 4
48 4
72 4
48 4
48 4
48 4
72 4
48 4
72 4
48 4
72 4
48 4
48 4
48 4
72 4
48 4
72 4
48 4
72 4
48 4
48 4
48 4
72 4
49 4
72 4
49 4
72 4
49 4
50 4
50 4
50 4
50 4
50 4
50 4
50 4
50 4
49 4
49 4
49 4
49 4
49 4
49 4
49 4
49 4
36 7
37 7
38 7
39 7
40 7
39 7
38 7
37 7
36 7
37 7
38 7
39 7
40 7
41 7
40 7
39 7
38 7
37 7
36 7
37 7
38 7
39 7
40 7
39 7
38 7
37 7
36 7
37 7
38 7
39 7
40 7
41 7
40 7
39 7
38 7
37 7
36 7
37 7
38 7
39 7
40 7
39 7
38 7
37 7
36 7
37 7
38 7
39 7
40 7
41 7
40 7
39 7
39 7
48 7
39 7
48 7
39 7
48 7
39 7
48 7
39 7
48 7
39 7
48 7
40 7
47 7
40 7
47 7
40 7
47 7
40 7
47 7
38 7
38 7
38 7
38 7
35 7
35 7
35 7
35 7
35 7
35 7
35 7
35 7
35 7
35 7
35 7
35 7
35 7
35 7
35 7
35 7
35 7
35 7
35 7
35 7
35 7
35 7
35 7
35 7
35 7
35 7
35 7
35 7
35 7
35 7
35 7
35 7
33 7
34 7
35 7
36 7
35 7
34 7
33 7
32 7
33 7
34 7
35 7
36 7
35 7
34 7
33 7
32 7
33 7
34 7
35 7
36 7
35 7
34 7
41 4
41 4
72 4
41 4
72 4
41 4
72 4
41 4
41 4
41 4
72 4
41 4
72 4
41 4
72 4
41 4
41 4
41 4
72 4
41 4
72 4
41 4
72 4
41 4
41 4
41 4
72 4
41 4
72 4
41 4
72 4
41 4
41 4
41 4
72 4
41 4
72 4
41 4
72 4
41 4
41 4
41 4
72 4
41 4
72 4
41 4
72 4
41 4
41 4
41 4
72 4
41 4
72 4
41 4
72 4
41 4
48 4
48 4
72 4
48 4
72 4
48 4
72 4
48 4
48 4
48 4
72 4
48 4
72 4
48 4
72 4
48 4
48 4
48 4
72 4
48 4
72 4
48 4
72 4
48 4
48 4
48 4
72 4
49 4
72 4
49 4
72 4
49 4
50 4
50 4
50 4
50 4
50 4
50 4
50 4
50 4
49 4
49 4
49 4
49 4
49 4
49 4
49 4
49 4
E
X
