minor
S
H
29 13
30 13
36 13
35 13
40 13
39 13
33 12
72 13
29 11
30 11
36 11
35 11
34 11
35 11
44 11
43 11
48 3
48 3
48 3
72 11
48 3
48 3
48 3
72 11
48 4
49 4
50 3
51 3
52 3
32 11
33 11
39 11
38 11
37 11
38 11
47 11
46 11
51 3
51 3
51 3
72 11
51 3
51 3
51 3
72 11
51 4
52 4
53 3
54 3
55 3
48 7
47 7
53 7
52 7
48 7
47 7
53 7
52 7
48 7
47 7
53 7
52 7
48 7
47 7
53 7
52 7
48 7
47 7
53 7
52 7
48 7
47 7
53 7
52 7
48 7
47 7
53 7
52 7
48 7
47 7
53 7
52 7
44 3
44 3
44 3
44 7
44 4
42 4
47 4
45 4
43 4
41 4
48 4
47 4
46 4
45 4
52 4
51 4
31 11
34 4
38 4
41 4
40 7
37 12
31 11
34 4
38 4
41 4
40 7
46 12
31 11
34 4
38 4
41 4
40 7
37 12
31 11
34 4
38 4
41 4
40 7
46 12
29 13
30 13
36 13
35 13
40 13
39 13
33 12
72 13
29 11
30 11
36 11
35 11
34 11
35 11
44 11
43 11
48 3
48 3
48 3
72 11
48 3
48 3
48 3
72 11
48 4
49 4
50 3
51 3
52 3
32 11
33 11
39 11
38 11
37 11
38 11
47 11
46 11
51 3
51 3
51 3
72 11
51 3
51 3
51 3
72 11
51 4
52 4
53 3
54 3
55 3
48 7
47 7
53 7
52 7
48 7
47 7
53 7
52 7
48 7
47 7
53 7
52 7
48 7
47 7
53 7
52 7
48 7
47 7
53 7
52 7
48 7
47 7
53 7
52 7
48 7
47 7
53 7
52 7
48 7
47 7
53 7
52 7
44 3
44 3
44 3
44 7
44 4
42 4
47 4
45 4
43 4
41 4
48 4
47 4
46 4
45 4
52 4
51 4
31 11
34 4
38 4
41 4
40 7
37 12
31 11
34 4
38 4
41 4
40 7
46 12
31 11
34 4
38 4
41 4
40 7
37 12
31 11
34 4
38 4
41 4
40 7
46 12
E
S
L
29 7
35 7
29 7
35 7
29 7
35 7
29 7
35 7
29 7
35 7
29 7
35 7
29 7
35 7
29 7
35 7
29 7
35 7
29 7
35 7
29 7
35 7
29 7
35 7
36 12
60 3
60 3
60 3
60 7
60 2
60 2
60 2
60 2
60 9
60 4
29 4
35 4
29 4
35 4
29 4
35 4
29 4
35 4
29 4
35 4
29 4
35 4
29 4
35 4
29 4
35 4
29 4
35 4
29 4
35 4
29 4
35 4
29 4
35 4
29 4
35 4
29 4
35 4
29 4
35 4
29 4
35 4
52 3
52 3
52 3
40 3
40 3
40 3
40 7
52 3
52 3
52 3
40 3
40 3
40 3
40 7
52 4
53 4
54 3
55 3
56 3
32 4
38 4
32 4
38 4
32 4
38 4
32 4
38 4
32 4
38 4
32 4
38 4
32 4
38 4
32 4
38 4
32 4
38 4
32 4
38 4
32 4
38 4
32 4
38 4
32 4
38 4
32 4
38 4
32 4
38 4
32 4
38 4
55 3
55 3
55 3
43 3
43 3
43 3
43 7
55 3
55 3
55 3
43 3
43 3
43 3
43 7
55 4
56 4
57 3
58 3
59 3
32 11
33 11
38 11
37 11
36 11
37 11
42 11
41 11
32 11
33 11
38 11
37 11
36 11
37 11
42 11
41 11
45 3
45 3
45 3
45 7
45 4
43 4
48 4
46 4
44 4
42 4
49 4
48 4
47 4
46 4
53 4
51 4
31 11
34 4
38 4
41 4
40 7
37 12
31 11
34 4
38 4
41 4
40 7
46 12
34 11
38 4
43 4
46 4
45 7
43 12
34 11
38 4
43 4
46 4
46 7
50 12
29 7
35 7
29 7
35 7
29 7
35 7
29 7
35 7
29 7
35 7
29 7
35 7
29 7
35 7
29 7
35 7
29 7
35 7
29 7
35 7
29 7
35 7
29 7
35 7
36 12
60 3
60 3
60 3
60 7
60 2
60 2
60 2
60 2
60 9
60 4
29 4
35 4
29 4
35 4
29 4
35 4
29 4
35 4
29 4
35 4
29 4
35 4
29 4
35 4
29 4
35 4
29 4
35 4
29 4
35 4
29 4
35 4
29 4
35 4
29 4
35 4
29 4
35 4
29 4
35 4
29 4
35 4
52 3
52 3
52 3
40 3
40 3
40 3
40 7
52 3
52 3
52 3
40 3
40 3
40 3
40 7
52 4
53 4
54 3
55 3
56 3
32 4
38 4
32 4
38 4
32 4
38 4
32 4
38 4
32 4
38 4
32 4
38 4
32 4
38 4
32 4
38 4
32 4
38 4
32 4
38 4
32 4
38 4
32 4
38 4
32 4
38 4
32 4
38 4
32 4
38 4
32 4
38 4
55 3
55 3
55 3
43 3
43 3
43 3
43 7
55 3
55 3
55 3
43 3
43 3
43 3
43 7
55 4
56 4
57 3
58 3
59 3
32 11
33 11
38 11
37 11
36 11
37 11
42 11
41 11
32 11
33 11
38 11
37 11
36 11
37 11
42 11
41 11
45 3
45 3
45 3
45 7
45 4
43 4
48 4
46 4
44 4
42 4
49 4
48 4
47 4
46 4
53 4
51 4
31 11
34 4
38 4
41 4
40 7
37 12
31 11
34 4
38 4
41 4
40 7
46 12
34 11
38 4
43 4
46 4
45 7
43 12
34 11
38 4
43 4
46 4
46 7
50 12
E
S
L
24 13
25 13
31 13
30 13
35 13
34 13
28 12
38 3
38 3
38 3
38 7
38 2
38 2
38 2
38 2
38 9
38 4
72 14
32 11
33 11
39 11
38 11
37 11
38 11
72 14
29 2
36 2
29 2
36 2
29 2
36 2
29 2
36 2
29 2
36 2
29 2
36 2
29 2
36 2
29 2
35 2
29 2
36 2
29 2
36 2
29 2
35 2
29 2
36 2
29 2
36 2
29 2
35 2
29 2
36 2
29 2
36 2
29 2
36 2
29 2
36 2
29 2
36 2
29 2
36 2
29 2
36 2
29 2
36 2
29 2
36 2
29 2
35 2
29 2
36 2
29 2
36 2
29 2
35 2
29 2
36 2
29 2
36 2
29 2
35 2
29 2
36 2
29 2
36 2
29 2
36 2
29 2
36 2
29 2
36 2
29 2
36 2
29 2
36 2
29 2
36 2
29 2
36 2
29 2
35 2
29 2
36 2
29 2
36 2
29 2
35 2
29 2
36 2
29 2
36 2
29 2
35 2
29 2
36 2
29 2
36 2
29 2
36 2
29 2
36 2
29 2
36 2
29 2
36 2
29 2
36 2
29 2
36 2
29 2
36 2
29 2
35 2
29 2
36 2
29 2
36 2
29 2
35 2
29 2
36 2
29 2
36 2
29 2
35 2
29 2
36 2
29 2
36 2
72 14
29 2
36 2
29 2
36 2
29 2
36 2
29 2
36 2
29 2
36 2
29 2
36 2
29 2
36 2
29 2
35 2
29 2
36 2
29 2
36 2
29 2
36 2
29 2
36 2
29 2
36 2
29 2
36 2
29 2
36 2
29 2
35 2
29 2
36 2
29 2
36 2
29 2
36 2
29 2
36 2
29 2
36 2
29 2
36 2
29 2
36 2
29 2
35 2
29 2
36 2
29 2
36 2
29 2
36 2
29 2
36 2
29 2
36 2
29 2
36 2
29 2
36 2
29 2
35 2
31 13
31 13
31 13
32 13
24 13
25 13
31 13
30 13
35 13
34 13
28 12
38 3
38 3
38 3
38 7
38 2
38 2
38 2
38 2
38 9
38 4
72 14
32 11
33 11
39 11
38 11
37 11
38 11
72 14
29 2
36 2
29 2
36 2
29 2
36 2
29 2
36 2
29 2
36 2
29 2
36 2
29 2
36 2
29 2
35 2
29 2
36 2
29 2
36 2
29 2
35 2
29 2
36 2
29 2
36 2
29 2
35 2
29 2
36 2
29 2
36 2
29 2
36 2
29 2
36 2
29 2
36 2
29 2
36 2
29 2
36 2
29 2
36 2
29 2
36 2
29 2
35 2
29 2
36 2
29 2
36 2
29 2
35 2
29 2
36 2
29 2
36 2
29 2
35 2
29 2
36 2
29 2
36 2
29 2
36 2
29 2
36 2
29 2
36 2
29 2
36 2
29 2
36 2
29 2
36 2
29 2
36 2
29 2
35 2
29 2
36 2
29 2
36 2
29 2
35 2
29 2
36 2
29 2
36 2
29 2
35 2
29 2
36 2
29 2
36 2
29 2
36 2
29 2
36 2
29 2
36 2
29 2
36 2
29 2
36 2
29 2
36 2
29 2
36 2
29 2
35 2
29 2
36 2
29 2
36 2
29 2
35 2
29 2
36 2
29 2
36 2
29 2
35 2
29 2
36 2
29 2
36 2
72 14
29 2
36 2
29 2
36 2
29 2
36 2
29 2
36 2
29 2
36 2
29 2
36 2
29 2
36 2
29 2
35 2
29 2
36 2
29 2
36 2
29 2
36 2
29 2
36 2
29 2
36 2
29 2
36 2
29 2
36 2
29 2
35 2
29 2
36 2
29 2
36 2
29 2
36 2
29 2
36 2
29 2
36 2
29 2
36 2
29 2
36 2
29 2
35 2
29 2
36 2
29 2
36 2
29 2
36 2
29 2
36 2
29 2
36 2
29 2
36 2
29 2
36 2
29 2
35 2
31 13
31 13
31 13
32 13
E
X
