major
S
L
72 11
12 2
72 7
12 2
16 2
12 2
17 2
72 4
17 2
72 4
18 2
72 2
19 2
72 4
14 2
72 2
14 2
19 2
14 2
16 2
12 2
72 2
12 2
72 4
11 2
72 2
9 2
72 4
9 2
72 7
14 2
72 4
9 2
72 4
14 2
72 2
17 2
72 6
14 2
72 6
16 2
72 6
19 2
72 6
12 2
72 7
12 2
16 2
12 2
17 2
72 4
17 2
72 4
18 2
72 2
19 2
72 4
14 2
72 2
14 2
19 2
14 2
16 2
12 2
72 2
12 2
72 4
11 2
72 2
9 2
72 4
9 2
72 7
14 2
72 4
9 2
72 4
14 2
72 2
17 2
72 6
14 2
72 6
16 2
72 6
19 2
72 6
14 2
72 6
19 2
72 4
12 2
72 8
7 2
7 2
7 2
12 4
72 6
7 2
7 2
7 2
12 4
72 2
12 2
72 4
19 2
72 2
14 2
72 6
19 2
72 4
12 2
72 8
7 2
7 2
7 2
12 4
72 6
7 2
7 2
7 2
12 4
72 2
12 2
72 4
19 2
72 2
14 2
72 6
19 2
72 4
12 2
72 8
7 2
7 2
7 2
12 4
72 6
7 2
7 2
7 2
12 4
72 2
12 2
72 4
19 2
72 2
17 2
72 6
19 2
72 4
12 2
72 8
7 2
7 2
7 2
17 4
72 4
16 2
72 6
12 2
72 6
14 2
72 4
12 2
12 2
72 4
12 2
72 7
10 2
72 4
10 2
72 7
12 2
72 4
12 2
72 7
10 2
10 2
72 2
10 2
72 2
10 2
72 2
10 2
72 2
12 2
72 4
10 2
72 2
9 2
72 2
10 2
72 4
10 2
72 7
12 2
72 4
12 2
72 7
10 2
12 2
14 2
10 2
12 2
24 2
72 2
24 2
12 2
72 4
12 2
72 7
10 2
72 4
10 2
72 7
12 2
72 4
12 2
72 7
10 2
10 2
72 2
10 2
72 2
10 2
72 2
10 2
72 2
12 2
72 4
10 2
72 2
9 2
72 2
10 2
72 4
10 2
72 7
12 2
72 4
12 2
72 7
12 2
72 2
7 2
7 2
8 2
72 2
7 2
72 11
E
S
H
72 11
31 4
36 4
40 4
43 2
72 4
43 4
41 4
41 4
40 4
38 6
31 4
38 4
40 4
41 2
72 4
41 4
40 4
43 4
38 4
40 4
36 4
72 4
31 4
36 4
38 4
40 2
72 6
38 4
33 4
38 4
36 4
72 4
35 4
72 4
36 4
72 4
38 4
72 6
31 4
36 4
40 4
43 2
72 4
43 4
41 4
41 4
40 4
38 6
31 4
38 4
40 4
41 2
72 4
41 4
40 4
43 4
38 4
40 4
36 4
72 4
31 4
36 4
38 4
40 2
72 6
38 4
33 4
38 4
36 4
72 4
35 4
72 4
36 4
72 4
38 4
72 4
214 2
72 6
240 2
72 4
108 2
72 13
214 2
72 6
240 2
72 4
108 2
72 13
214 2
72 6
240 2
72 4
108 2
72 13
214 2
72 6
240 2
72 4
108 2
72 11
161 4
72 4
149 4
72 4
108 4
72 4
136 4
72 2
108 3
72 14
E
S
H
72 11
31 2
36 2
40 2
43 2
72 4
43 0
72 2
41 2
72 2
41 2
72 2
40 2
72 2
38 4
72 2
31 2
38 2
40 2
41 2
72 4
41 0
72 2
40 2
72 2
43 2
38 2
72 2
40 2
72 2
36 4
72 4
31 2
36 2
38 2
40 2
72 6
38 2
72 2
33 2
72 2
38 2
72 2
106 4
72 4
235 4
72 4
106 4
72 4
132 4
72 6
31 2
36 2
40 2
43 2
72 4
43 2
41 2
72 2
41 2
72 2
40 2
72 2
38 4
72 2
31 2
38 2
40 2
41 2
72 4
41 2
40 2
72 2
43 2
38 2
72 2
40 2
72 2
36 4
72 4
31 2
36 2
38 2
40 2
72 6
38 2
72 2
33 2
72 2
38 2
72 2
106 4
72 4
235 4
72 4
106 4
72 4
132 4
72 4
214 0
72 7
240 0
72 6
108 0
72 14
E
S
H
72 14
43 2
45 2
47 2
48 2
72 4
48 2
72 3
47 2
72 1
45 2
43 3
72 5
43 2
72 2
45 2
41 2
72 2
43 2
72 2
41 2
72 2
41 2
38 2
40 2
41 2
43 2
45 2
47 2
48 3
72 9
48 2
52 2
48 2
53 2
48 2
55 2
48 2
72 4
57 2
72 2
57 2
72 2
55 2
72 2
53 2
52 4
48 2
50 2
47 2
48 4
72 9
48 2
43 2
72 2
43 2
72 2
43 2
72 2
43 2
48 2
43 2
50 2
43 2
52 2
43 2
72 2
43 2
72 2
43 2
72 2
43 2
41 2
43 2
45 2
72 4
47 2
72 2
43 4
72 10
48 2
50 2
52 2
72 4
52 2
50 2
48 2
72 14
E
S
H
72 14
214 4
72 4
240 4
72 2
108 2
72 13
214 4
72 4
240 4
72 2
108 2
72 13
214 4
72 4
240 4
72 2
108 2
72 13
214 4
72 4
240 4
72 2
108 2
72 11
161 4
72 4
149 4
72 4
108 4
72 4
136 4
72 2
108 3
72 14
E
S
H
72 11
149 2
72 4
149 2
72 2
149 2
72 2
149 2
187 2
72 2
187 2
72 2
187 2
72 2
187 2
72 2
136 2
72 4
136 2
72 2
136 2
72 2
136 2
149 2
72 2
149 2
72 2
149 2
72 2
149 2
72 2
110 2
72 4
110 2
72 2
110 2
72 2
110 2
40 2
72 2
149 2
72 2
149 2
72 2
149 2
72 2
36 4
72 4
35 4
72 4
36 4
72 4
38 4
72 4
149 2
72 4
149 2
72 2
149 2
72 2
149 2
187 2
72 2
187 2
72 2
187 2
72 2
187 2
72 2
136 2
72 4
136 2
72 2
136 2
72 2
136 2
149 2
72 2
149 2
72 2
149 2
72 2
149 2
72 2
110 2
72 4
110 2
72 2
110 2
72 2
110 2
40 2
72 2
149 2
72 2
149 2
72 2
149 2
72 2
36 4
72 4
35 4
72 4
36 4
72 4
38 4
72 14
189 2
72 4
189 2
72 7
163 2
72 4
163 2
72 7
189 2
72 4
189 2
72 12
189 2
72 4
163 2
72 2
149 2
72 2
163 2
72 4
163 2
72 13
189 2
72 4
189 2
72 7
163 2
72 4
163 2
72 7
189 2
72 4
189 2
72 12
189 2
72 4
163 2
72 2
149 2
72 2
163 2
72 4
163 2
72 14
E
X
