major
S
H
39 7
39 3
38 3
72 0
39 2
41 7
34 7
43 12
43 2
43 3
42 3
72 0
43 2
46 6
44 6
36 11
35 9
35 2
46 7
44 7
46 6
43 14
E
S
L
27 7
27 3
26 3
72 0
27 2
29 7
22 7
31 12
31 2
31 3
30 3
72 0
31 2
34 6
32 6
24 11
23 9
23 2
34 7
32 7
34 2
38 13
36 11
39 11
38 13
36 13
36 12
E
S
L
18 7
18 6
18 2
18 7
18 6
18 2
18 7
18 6
18 2
18 7
18 3
18 3
72 0
18 2
18 7
18 6
18 2
18 7
18 6
18 2
18 7
18 6
18 2
18 7
18 6
18 2
22 7
18 6
18 2
18 7
18 3
18 3
72 0
18 2
22 7
18 6
18 2
18 7
18 3
18 3
72 0
18 2
22 7
18 6
18 2
18 7
18 6
18 2
22 6
18 2
18 6
18 2
22 7
17 3
17 3
72 0
17 2
17 12
E
S
L
32 7
32 7
34 7
34 7
34 7
34 7
34 7
34 7
32 7
32 7
32 7
32 7
32 7
32 7
32 7
32 7
31 7
31 7
31 7
31 7
32 7
32 7
32 7
32 7
31 7
31 7
31 7
31 7
32 7
32 7
32 7
32 7
31 12
E
S
L
72 13
31 7
31 7
31 7
31 7
29 7
29 7
29 7
29 7
29 7
29 7
29 7
29 7
27 7
27 7
27 7
27 7
29 7
29 7
29 7
29 7
27 7
27 7
27 7
27 7
29 7
29 7
29 7
29 7
E
S
L
27 7
72 6
36 2
34 7
72 7
29 7
72 6
36 2
34 6
36 2
36 3
34 3
72 0
32 2
24 2
24 2
24 7
72 4
31 6
29 7
27 2
29 7
72 10
29 2
31 6
32 2
46 4
43 14
E
S
H
39 7
39 3
38 3
72 0
39 2
41 7
34 7
43 12
43 2
43 3
42 3
72 0
43 2
46 6
44 6
36 11
35 9
35 2
46 7
44 7
46 6
43 14
E
X
