minor
S
L
24 12
34 7
34 7
32 7
34 7
36 7
29 12
31 7
29 11
28 11
24 12
34 7
34 7
32 7
34 7
36 7
41 12
43 7
41 11
40 11
24 12
34 7
34 7
32 7
34 7
36 7
29 12
31 7
29 11
28 11
24 12
34 7
34 7
32 7
34 7
36 7
41 12
43 7
41 11
40 11
41 14
72 13
24 12
34 7
34 7
32 7
34 7
36 7
41 12
43 7
41 11
40 11
48 2
48 2
48 2
48 2
48 2
48 2
48 6
51 6
48 4
48 2
48 2
48 2
48 2
48 2
48 2
48 6
51 6
48 4
48 2
48 2
48 2
48 2
48 2
48 2
48 6
51 6
48 4
47 6
48 6
50 12
72 8
48 2
48 2
48 2
48 2
48 2
48 2
48 6
51 6
48 4
48 2
48 2
48 2
48 2
48 2
48 2
48 6
51 6
48 4
48 2
48 2
48 2
48 2
48 2
48 2
48 6
51 6
48 4
47 6
48 6
50 12
72 8
27 2
27 2
27 2
27 2
27 2
27 2
27 2
27 2
29 2
29 2
29 2
29 2
29 2
29 2
29 2
29 2
26 2
26 2
26 2
26 2
26 2
26 2
26 2
26 2
27 2
27 2
27 2
27 2
27 2
27 2
27 2
27 2
27 2
27 2
27 2
27 2
27 2
27 2
27 2
27 2
29 2
29 2
29 2
29 2
29 2
29 2
29 2
29 2
26 2
26 2
26 2
26 2
26 2
26 2
26 2
26 2
27 2
27 2
27 2
27 2
27 2
27 2
27 2
27 2
36 6
36 6
36 4
39 6
39 6
39 4
43 6
43 6
43 4
48 6
48 6
48 4
36 6
36 6
36 4
39 6
39 6
39 4
43 6
43 6
43 4
43 6
43 6
43 4
36 6
36 6
36 4
39 6
39 6
39 4
43 6
43 6
43 4
48 6
48 6
48 4
36 6
36 6
36 4
39 6
39 6
39 4
43 6
43 6
43 4
43 6
43 6
43 4
43 6
43 6
43 4
43 6
43 6
43 4
43 6
43 6
43 4
43 6
43 6
43 4
27 2
27 2
27 2
27 2
27 2
27 2
27 2
27 2
29 2
29 2
29 2
29 2
29 2
29 2
29 2
29 2
26 2
26 2
26 2
26 2
26 2
26 2
26 2
26 2
27 2
27 2
27 2
27 2
27 2
27 2
27 2
27 2
27 2
27 2
27 2
27 2
27 2
27 2
27 2
27 2
29 2
29 2
29 2
29 2
29 2
29 2
29 2
29 2
26 2
26 2
26 2
26 2
26 2
26 2
26 2
26 2
27 2
27 2
27 2
27 2
27 2
27 2
27 2
27 2
27 2
27 2
27 2
27 2
27 2
27 2
27 2
27 2
29 2
29 2
29 2
29 2
29 2
29 2
29 2
29 2
26 2
26 2
26 2
26 2
26 2
26 2
26 2
26 2
27 2
27 2
27 2
27 2
27 2
27 2
27 2
27 2
27 2
27 2
27 2
27 2
27 2
27 2
27 2
27 2
29 2
29 2
29 2
29 2
29 2
29 2
29 2
29 2
26 2
26 2
26 2
26 2
26 2
26 2
26 2
26 2
27 2
27 2
27 2
27 2
27 2
27 2
27 2
27 2
36 6
36 6
36 4
39 6
39 6
39 4
43 6
43 6
43 4
48 6
48 6
48 4
36 6
36 6
36 4
39 6
39 6
39 4
43 6
43 6
43 4
43 6
43 6
43 4
36 6
36 6
36 4
39 6
39 6
39 4
43 6
43 6
43 4
48 6
48 6
48 4
36 6
36 6
36 4
39 6
39 6
39 4
43 6
43 6
43 4
43 6
43 6
43 4
43 6
43 6
43 4
43 6
43 6
43 4
43 6
43 6
43 4
43 6
43 6
43 4
24 12
34 7
34 7
32 7
34 7
36 7
29 12
31 7
29 11
28 11
E
S
L
32 2
31 2
32 2
34 2
36 2
34 2
32 2
31 2
32 2
31 2
32 2
34 2
36 2
34 2
32 2
31 2
32 2
31 2
32 2
34 2
36 2
34 2
32 2
31 2
32 2
31 2
32 2
34 2
36 2
34 2
32 2
31 2
32 2
31 2
32 2
34 2
36 2
34 2
32 2
31 2
32 2
31 2
32 2
34 2
36 2
34 2
32 2
31 2
32 2
31 2
32 2
34 2
36 2
34 2
32 2
31 2
32 2
31 2
32 2
34 2
36 2
34 2
32 2
31 2
32 2
31 2
32 2
34 2
36 2
34 2
32 2
31 2
32 2
31 2
32 2
34 2
36 2
34 2
32 2
31 2
32 2
31 2
32 2
34 2
36 2
34 2
32 2
31 2
32 2
31 2
32 2
34 2
36 2
34 2
32 2
31 2
32 2
31 2
32 2
34 2
36 2
34 2
32 2
31 2
32 2
31 2
32 2
34 2
36 2
34 2
32 2
31 2
32 2
31 2
32 2
34 2
36 2
34 2
32 2
31 2
32 2
31 2
32 2
34 2
36 2
34 2
32 2
31 2
32 2
31 2
32 2
34 2
36 2
34 2
32 2
31 2
32 2
31 2
32 2
34 2
36 2
34 2
32 2
31 2
32 2
31 2
32 2
34 2
36 2
34 2
32 2
31 2
32 2
31 2
32 2
34 2
36 2
34 2
32 2
31 2
32 2
31 2
32 2
34 2
36 2
34 2
32 2
31 2
32 2
31 2
32 2
34 2
36 2
34 2
32 2
31 2
32 2
31 2
32 2
34 2
36 2
34 2
32 2
31 2
32 2
31 2
32 2
34 2
36 2
34 2
32 2
31 2
32 2
31 2
32 2
34 2
36 2
34 2
32 2
31 2
32 2
31 2
32 2
34 2
36 2
34 2
32 2
31 2
32 2
31 2
32 2
34 2
36 2
34 2
32 2
31 2
32 2
31 2
32 2
34 2
36 2
34 2
32 2
31 2
32 2
31 2
32 2
34 2
36 2
34 2
32 2
31 2
32 2
31 2
32 2
34 2
36 2
34 2
32 2
31 2
32 2
31 2
32 2
34 2
36 2
34 2
32 2
31 2
32 2
31 2
32 2
34 2
36 2
34 2
32 2
31 2
32 2
31 2
32 2
34 2
36 2
34 2
32 2
31 2
32 2
31 2
32 2
34 2
36 2
34 2
32 2
31 2
32 2
31 2
32 2
34 2
36 2
34 2
32 2
31 2
32 2
31 2
32 2
34 2
36 2
34 2
32 2
31 2
32 2
31 2
32 2
34 2
36 2
34 2
32 2
31 2
32 2
31 2
32 2
34 2
36 2
34 2
32 2
31 2
32 2
31 2
32 2
34 2
36 2
34 2
32 2
31 2
32 2
31 2
32 2
34 2
36 2
34 2
32 2
31 2
32 2
31 2
32 2
34 2
36 2
34 2
32 2
31 2
32 2
31 2
32 2
34 2
36 2
34 2
32 2
31 2
32 2
31 2
32 2
34 2
36 2
34 2
32 2
31 2
32 2
31 2
32 2
34 2
36 2
34 2
32 2
31 2
32 2
31 2
32 2
34 2
36 2
34 2
32 2
31 2
32 2
31 2
32 2
34 2
36 2
34 2
32 2
31 2
32 2
31 2
32 2
34 2
36 2
34 2
32 2
31 2
32 2
31 2
32 2
34 2
36 2
34 2
32 2
31 2
24 8
72 1
24 6
24 6
24 4
22 4
22 6
72 2
22 6
22 6
22 4
20 6
72 2
20 4
20 6
20 6
20 4
19 4
19 3
19 2
72 0
19 3
19 12
72 8
24 8
72 1
24 6
24 6
24 4
22 4
22 6
72 2
22 6
22 6
22 4
20 6
72 2
20 4
20 6
20 6
20 4
19 4
19 3
19 2
72 0
19 3
19 12
72 8
24 6
24 6
24 4
24 6
24 6
24 4
24 6
24 6
24 4
24 6
24 6
24 4
24 6
24 6
24 4
24 6
24 6
24 4
24 6
24 6
24 4
24 6
24 6
24 4
24 6
24 6
24 4
24 6
24 6
24 4
22 6
22 6
22 4
22 6
22 6
22 4
20 6
20 6
20 4
20 6
20 6
20 4
19 6
19 6
19 4
19 6
19 6
19 4
24 6
24 6
24 4
24 6
24 6
24 4
22 6
22 6
22 4
22 6
22 6
22 4
20 6
20 6
20 4
20 6
20 6
20 4
19 6
19 6
19 4
19 6
19 6
19 4
19 6
19 6
19 4
19 6
19 6
19 4
19 6
19 6
19 4
19 6
19 6
19 4
24 6
24 6
24 4
24 6
24 6
24 4
24 6
24 6
24 4
24 6
24 6
24 4
24 6
24 6
24 4
24 6
24 6
24 4
24 6
24 6
24 4
24 6
24 6
24 4
24 6
24 6
24 4
24 6
24 6
24 4
24 6
24 6
24 4
24 6
24 6
24 4
24 6
24 6
24 4
24 6
24 6
24 4
24 6
24 6
24 4
24 6
24 6
24 4
24 6
24 6
24 4
24 6
24 6
24 4
22 6
22 6
22 4
22 6
22 6
22 4
20 6
20 6
20 4
20 6
20 6
20 4
19 6
19 6
19 4
19 6
19 6
19 4
24 6
24 6
24 4
24 6
24 6
24 4
22 6
22 6
22 4
22 6
22 6
22 4
20 6
20 6
20 4
20 6
20 6
20 4
19 6
19 6
19 4
19 6
19 6
19 4
19 6
19 6
19 4
19 6
19 6
19 4
19 6
19 6
19 4
19 6
19 6
19 4
32 2
31 2
32 2
34 2
36 2
34 2
32 2
31 2
32 2
31 2
32 2
34 2
36 2
34 2
32 2
31 2
32 2
31 2
32 2
34 2
36 2
34 2
32 2
31 2
32 2
31 2
32 2
34 2
36 2
34 2
32 2
31 2
32 2
31 2
32 2
34 2
36 2
34 2
32 2
31 2
32 2
31 2
32 2
34 2
36 2
34 2
32 2
31 2
32 2
31 2
32 2
34 2
36 2
34 2
32 2
31 2
32 2
31 2
32 2
34 2
36 2
34 2
32 2
31 2
E
S
L
72 14
17 4
72 12
17 4
72 12
17 4
72 12
17 4
72 9
17 4
72 9
17 4
72 12
17 4
72 9
31 2
31 2
31 2
31 2
31 2
31 2
31 2
31 2
17 4
72 12
17 4
223 4
72 7
17 4
72 7
17 4
17 4
72 12
17 4
72 11
17 4
72 4
17 4
72 9
17 4
72 9
17 4
72 12
17 4
17 4
72 12
17 4
72 12
17 4
72 11
17 4
72 4
17 4
72 9
17 4
72 8
223 2
17 4
72 12
17 4
72 12
17 4
72 12
17 4
72 12
223 9
223 6
223 6
223 4
223 9
223 6
223 6
223 4
223 9
223 6
223 6
223 4
223 6
223 6
223 4
72 12
223 9
223 6
223 6
223 4
223 9
223 6
223 6
223 4
223 9
223 6
223 6
223 4
223 6
223 6
223 4
72 12
31 6
31 6
31 0
72 1
31 0
72 0
31 0
31 0
72 2
31 6
31 6
31 0
72 1
31 0
72 0
31 0
31 0
72 2
31 6
31 6
31 0
72 1
31 0
72 0
31 0
31 0
72 2
31 6
31 6
31 0
72 1
31 0
72 0
31 0
31 0
72 2
1231 6
1231 6
1231 0
72 1
31 0
72 0
31 0
31 0
72 2
1231 6
1231 6
1231 0
72 1
31 0
72 0
31 0
31 0
72 2
1231 6
1231 6
1231 0
72 1
31 0
72 0
31 0
31 0
72 2
1231 6
1231 3
25 3
72 1
1231 4
113 2
1231 2
1231 2
1231 2
1231 2
1231 2
1231 2
1231 2
162 2
1231 2
1231 2
1231 2
72 7
161 2
1231 2
1231 2
1231 2
1231 2
1231 2
1231 2
1231 2
161 2
1231 2
1231 2
1231 2
72 7
161 2
1231 2
1231 2
1231 2
1231 2
1231 2
1231 2
1231 2
161 2
1231 2
1231 2
1231 2
72 7
161 2
1231 2
1231 2
1231 2
1231 2
1231 2
1231 2
1231 2
161 2
1231 2
1231 2
1231 2
72 7
113 2
1231 2
1231 2
1231 2
1231 2
1231 2
1231 2
1231 2
162 2
1231 2
1231 2
1231 2
72 7
161 2
1231 2
1231 2
1231 2
1231 2
1231 2
1231 2
1231 2
161 2
1231 2
1231 2
1231 2
72 7
161 2
1231 2
1231 2
1231 2
1231 2
1231 2
1231 2
1231 2
161 2
1231 2
1231 2
1231 2
72 7
161 2
1231 2
1231 2
161 2
1231 2
1231 2
161 2
1231 2
161 2
1231 2
1231 2
161 2
72 7
161 2
1231 2
1231 2
161 2
1231 2
1231 2
161 2
1231 2
161 2
1231 2
1231 2
161 2
72 7
161 2
1231 2
1231 2
161 2
1231 2
1231 2
161 2
1231 2
161 2
1231 2
1231 2
161 2
72 7
17 6
17 6
17 4
17 6
17 6
17 4
17 6
17 6
17 4
17 6
17 6
17 4
17 6
17 6
17 4
17 6
17 6
17 4
17 6
17 6
17 4
17 6
17 6
17 4
17 6
17 6
17 4
17 6
17 6
17 4
17 6
17 6
17 4
17 6
17 6
17 4
17 6
17 6
17 4
17 6
17 6
17 4
17 6
17 6
17 4
17 6
17 6
17 4
113 2
1231 2
1231 2
1231 2
1231 2
1231 2
1231 2
1231 2
162 2
1231 2
1231 2
1231 2
72 7
161 2
1231 2
1231 2
1231 2
1231 2
1231 2
1231 2
1231 2
161 2
1231 2
1231 2
1231 2
72 7
161 2
1231 2
1231 2
1231 2
1231 2
1231 2
1231 2
1231 2
161 2
1231 2
1231 2
1231 2
72 7
161 2
1231 2
1231 2
1231 2
1231 2
1231 2
1231 2
1231 2
161 2
1231 2
1231 2
1231 2
72 7
113 2
1231 2
1231 2
1231 2
1231 2
1231 2
1231 2
1231 2
162 2
1231 2
1231 2
1231 2
72 7
161 2
1231 2
1231 2
1231 2
1231 2
1231 2
1231 2
1231 2
161 2
1231 2
1231 2
1231 2
72 7
161 2
1231 2
1231 2
1231 2
1231 2
1231 2
1231 2
1231 2
161 2
1231 2
1231 2
1231 2
72 7
161 2
1231 2
1231 2
161 2
1231 2
1231 2
161 2
1231 2
161 2
1231 2
1231 2
161 2
72 7
161 2
1231 2
1231 2
161 2
1231 2
1231 2
161 2
1231 2
161 2
1231 2
1231 2
161 2
72 7
161 2
1231 2
1231 2
161 2
1231 2
1231 2
161 2
1231 2
161 2
1231 2
1231 2
161 2
E
S
L
72 14
32 6
32 6
32 4
72 13
32 6
32 6
32 4
72 14
32 6
32 6
32 4
72 13
32 6
32 6
32 4
72 13
32 6
32 6
32 4
72 13
32 6
32 6
32 4
72 13
32 6
32 6
32 4
72 13
32 6
32 6
32 4
72 13
12 2
14 2
15 2
17 2
19 2
20 2
22 2
24 2
39 2
39 2
39 2
39 2
39 2
39 2
39 6
43 6
39 4
39 2
39 2
39 2
39 2
39 2
39 2
39 6
43 6
39 4
39 2
39 2
39 2
39 2
39 2
39 2
39 6
43 6
39 4
38 6
38 6
41 12
72 8
39 2
39 2
39 2
39 2
39 2
39 2
39 6
43 6
39 4
39 2
39 2
39 2
39 2
39 2
39 2
39 6
43 6
39 4
39 2
39 2
39 2
39 2
39 2
39 2
39 6
43 6
39 4
38 6
38 6
41 12
72 8
19 2
19 2
19 2
19 2
19 2
19 2
19 2
19 2
20 2
20 2
20 2
20 2
20 2
20 2
20 2
20 2
19 2
19 2
19 2
19 2
19 2
19 2
19 2
19 2
19 2
19 2
19 2
19 2
19 2
19 2
19 2
19 2
19 2
19 2
19 2
19 2
19 2
19 2
19 2
19 2
20 2
20 2
20 2
20 2
20 2
20 2
20 2
20 2
19 2
19 2
19 2
19 2
19 2
19 2
19 2
19 2
19 2
19 2
19 2
19 2
19 2
19 2
19 2
19 2
27 6
27 6
27 4
31 6
31 6
31 4
36 6
36 6
36 4
39 6
39 6
39 4
27 6
27 6
27 4
31 6
31 6
31 4
36 6
36 6
36 4
35 6
35 6
35 4
27 6
27 6
27 4
31 6
31 6
31 4
36 6
36 6
36 4
39 6
39 6
39 4
27 6
27 6
27 4
31 6
31 6
31 4
36 6
36 6
36 4
35 6
35 6
35 4
36 6
36 6
36 4
35 6
35 6
35 4
36 6
36 6
36 4
35 6
35 6
35 4
19 2
19 2
19 2
19 2
19 2
19 2
19 2
19 2
20 2
20 2
20 2
20 2
20 2
20 2
20 2
20 2
19 2
19 2
19 2
19 2
19 2
19 2
19 2
19 2
19 2
19 2
19 2
19 2
19 2
19 2
19 2
19 2
19 2
19 2
19 2
19 2
19 2
19 2
19 2
19 2
20 2
20 2
20 2
20 2
20 2
20 2
20 2
20 2
19 2
19 2
19 2
19 2
19 2
19 2
19 2
19 2
19 2
19 2
19 2
19 2
19 2
19 2
19 2
19 2
19 2
19 2
19 2
19 2
19 2
19 2
19 2
19 2
20 2
20 2
20 2
20 2
20 2
20 2
20 2
20 2
19 2
19 2
19 2
19 2
19 2
19 2
19 2
19 2
19 2
19 2
19 2
19 2
19 2
19 2
19 2
19 2
19 2
19 2
19 2
19 2
19 2
19 2
19 2
19 2
20 2
20 2
20 2
20 2
20 2
20 2
20 2
20 2
19 2
19 2
19 2
19 2
19 2
19 2
19 2
19 2
19 2
19 2
19 2
19 2
19 2
19 2
19 2
19 2
27 6
27 6
27 4
31 6
31 6
31 4
36 6
36 6
36 4
39 6
39 6
39 4
27 6
27 6
27 4
31 6
31 6
31 4
36 6
36 6
36 4
35 6
35 6
35 4
27 6
27 6
27 4
31 6
31 6
31 4
36 6
36 6
36 4
39 6
39 6
39 4
27 6
27 6
27 4
31 6
31 6
31 4
36 6
36 6
36 4
35 6
35 6
35 4
36 6
36 6
36 4
35 6
35 6
35 4
36 6
36 6
36 4
35 6
35 6
35 4
E
S
L
72 14
36 6
36 6
36 4
72 13
36 6
36 6
36 4
72 14
36 6
36 6
36 4
72 13
36 6
36 6
36 4
72 13
36 6
36 6
36 4
72 13
36 6
36 6
36 4
72 13
36 6
36 6
36 4
72 13
36 6
36 6
36 4
72 13
24 2
26 2
27 2
29 2
31 2
32 2
34 2
36 2
43 2
43 2
43 2
43 2
43 2
43 2
43 6
48 6
43 4
43 2
43 2
43 2
43 2
43 2
43 2
43 6
48 6
43 4
43 2
43 2
43 2
43 2
43 2
43 2
43 6
48 6
43 4
43 6
43 6
47 12
24 2
26 2
27 2
29 2
31 2
32 2
34 2
36 2
43 2
43 2
43 2
43 2
43 2
43 2
43 6
48 6
43 4
43 2
43 2
43 2
43 2
43 2
43 2
43 6
48 6
43 4
43 2
43 2
43 2
43 2
43 2
43 2
43 6
48 6
43 4
43 6
43 6
47 12
72 8
24 2
24 2
24 2
24 2
24 2
24 2
24 2
24 2
24 2
24 2
24 2
24 2
24 2
24 2
24 2
24 2
23 2
23 2
23 2
23 2
23 2
23 2
23 2
23 2
24 2
24 2
24 2
24 2
24 2
24 2
24 2
24 2
24 2
24 2
24 2
24 2
24 2
24 2
24 2
24 2
24 2
24 2
24 2
24 2
24 2
24 2
24 2
24 2
23 2
23 2
23 2
23 2
23 2
23 2
23 2
23 2
24 2
24 2
24 2
24 2
24 2
24 2
24 2
24 2
31 6
31 6
31 4
36 6
36 6
36 4
39 6
39 6
39 4
43 6
43 6
43 4
31 6
31 6
31 4
36 6
36 6
36 4
38 6
38 6
38 4
38 6
38 6
38 4
31 6
31 6
31 4
36 6
36 6
36 4
39 6
39 6
39 4
43 6
43 6
43 4
31 6
31 6
31 4
36 6
36 6
36 4
38 6
38 6
38 4
38 6
38 6
38 4
38 6
38 6
38 4
38 6
38 6
38 4
38 6
38 6
38 4
38 6
38 6
38 4
24 2
24 2
24 2
24 2
24 2
24 2
24 2
24 2
24 2
24 2
24 2
24 2
24 2
24 2
24 2
24 2
23 2
23 2
23 2
23 2
23 2
23 2
23 2
23 2
24 2
24 2
24 2
24 2
24 2
24 2
24 2
24 2
24 2
24 2
24 2
24 2
24 2
24 2
24 2
24 2
24 2
24 2
24 2
24 2
24 2
24 2
24 2
24 2
23 2
23 2
23 2
23 2
23 2
23 2
23 2
23 2
24 2
24 2
24 2
24 2
24 2
24 2
24 2
24 2
24 2
24 2
24 2
24 2
24 2
24 2
24 2
24 2
24 2
24 2
24 2
24 2
24 2
24 2
24 2
24 2
23 2
23 2
23 2
23 2
23 2
23 2
23 2
23 2
24 2
24 2
24 2
24 2
24 2
24 2
24 2
24 2
24 2
24 2
24 2
24 2
24 2
24 2
24 2
24 2
24 2
24 2
24 2
24 2
24 2
24 2
24 2
24 2
23 2
23 2
23 2
23 2
23 2
23 2
23 2
23 2
24 2
24 2
24 2
24 2
24 2
24 2
24 2
24 2
31 6
31 6
31 4
36 6
36 6
36 4
39 6
39 6
39 4
43 6
43 6
43 4
31 6
31 6
31 4
36 6
36 6
36 4
38 6
38 6
38 4
38 6
38 6
38 4
31 6
31 6
31 4
36 6
36 6
36 4
39 6
39 6
39 4
43 6
43 6
43 4
31 6
31 6
31 4
36 6
36 6
36 4
38 6
38 6
38 4
38 6
38 6
38 4
38 6
38 6
38 4
38 6
38 6
38 4
38 6
38 6
38 4
38 6
38 6
38 4
E
S
L
17 13
15 13
13 13
12 13
17 13
15 13
13 13
12 13
17 13
15 13
13 13
12 13
17 13
15 13
13 13
12 13
17 13
15 13
13 13
12 13
17 13
15 13
13 13
12 13
72 14
24 6
24 6
24 4
24 6
24 6
24 4
22 6
22 6
22 4
22 6
22 6
22 4
20 6
20 6
20 4
20 6
20 6
20 4
19 6
19 6
19 4
19 6
19 6
19 4
24 6
24 6
24 4
24 6
24 6
24 4
22 6
22 6
22 4
22 6
22 6
22 4
20 6
20 6
20 4
20 6
20 6
20 4
19 6
19 6
19 4
19 6
19 6
19 4
19 6
19 6
19 4
19 6
19 6
19 4
19 6
19 6
19 4
19 6
19 6
19 4
72 14
24 6
24 6
24 4
24 6
24 6
24 4
22 6
22 6
22 4
22 6
22 6
22 4
20 6
20 6
20 4
20 6
20 6
20 4
19 6
19 6
19 4
19 6
19 6
19 4
24 6
24 6
24 4
24 6
24 6
24 4
22 6
22 6
22 4
22 6
22 6
22 4
20 6
20 6
20 4
20 6
20 6
20 4
19 6
19 6
19 4
19 6
19 6
19 4
19 6
19 6
19 4
19 6
19 6
19 4
19 6
19 6
19 4
19 6
19 6
19 4
17 13
15 13
13 13
12 13
E
S
L
24 12
34 7
34 7
32 7
34 7
36 7
29 12
31 7
29 11
28 11
24 12
34 7
34 7
32 7
34 7
36 7
41 12
43 7
41 11
40 11
24 12
34 7
34 7
32 7
34 7
36 7
29 12
31 7
29 11
28 11
24 12
34 7
34 7
32 7
34 7
36 7
41 12
43 7
41 11
40 11
41 14
72 13
24 12
34 7
34 7
32 7
34 7
36 7
41 12
43 7
41 11
40 11
48 2
48 2
48 2
48 2
48 2
48 2
48 6
51 6
48 4
48 2
48 2
48 2
48 2
48 2
48 2
48 6
51 6
48 4
48 2
48 2
48 2
48 2
48 2
48 2
48 6
51 6
48 4
47 6
48 6
50 12
72 8
48 2
48 2
48 2
48 2
48 2
48 2
48 6
51 6
48 4
48 2
48 2
48 2
48 2
48 2
48 2
48 6
51 6
48 4
48 2
48 2
48 2
48 2
48 2
48 2
48 6
51 6
48 4
47 6
48 6
50 12
72 8
27 2
27 2
27 2
27 2
27 2
27 2
27 2
27 2
29 2
29 2
29 2
29 2
29 2
29 2
29 2
29 2
26 2
26 2
26 2
26 2
26 2
26 2
26 2
26 2
27 2
27 2
27 2
27 2
27 2
27 2
27 2
27 2
27 2
27 2
27 2
27 2
27 2
27 2
27 2
27 2
29 2
29 2
29 2
29 2
29 2
29 2
29 2
29 2
26 2
26 2
26 2
26 2
26 2
26 2
26 2
26 2
27 2
27 2
27 2
27 2
27 2
27 2
27 2
27 2
36 6
36 6
36 4
39 6
39 6
39 4
43 6
43 6
43 4
48 6
48 6
48 4
36 6
36 6
36 4
39 6
39 6
39 4
43 6
43 6
43 4
43 6
43 6
43 4
36 6
36 6
36 4
39 6
39 6
39 4
43 6
43 6
43 4
48 6
48 6
48 4
36 6
36 6
36 4
39 6
39 6
39 4
43 6
43 6
43 4
43 6
43 6
43 4
43 6
43 6
43 4
43 6
43 6
43 4
43 6
43 6
43 4
43 6
43 6
43 4
27 2
27 2
27 2
27 2
27 2
27 2
27 2
27 2
29 2
29 2
29 2
29 2
29 2
29 2
29 2
29 2
26 2
26 2
26 2
26 2
26 2
26 2
26 2
26 2
27 2
27 2
27 2
27 2
27 2
27 2
27 2
27 2
27 2
27 2
27 2
27 2
27 2
27 2
27 2
27 2
29 2
29 2
29 2
29 2
29 2
29 2
29 2
29 2
26 2
26 2
26 2
26 2
26 2
26 2
26 2
26 2
27 2
27 2
27 2
27 2
27 2
27 2
27 2
27 2
27 2
27 2
27 2
27 2
27 2
27 2
27 2
27 2
29 2
29 2
29 2
29 2
29 2
29 2
29 2
29 2
26 2
26 2
26 2
26 2
26 2
26 2
26 2
26 2
27 2
27 2
27 2
27 2
27 2
27 2
27 2
27 2
27 2
27 2
27 2
27 2
27 2
27 2
27 2
27 2
29 2
29 2
29 2
29 2
29 2
29 2
29 2
29 2
26 2
26 2
26 2
26 2
26 2
26 2
26 2
26 2
27 2
27 2
27 2
27 2
27 2
27 2
27 2
27 2
36 6
36 6
36 4
39 6
39 6
39 4
43 6
43 6
43 4
48 6
48 6
48 4
36 6
36 6
36 4
39 6
39 6
39 4
43 6
43 6
43 4
43 6
43 6
43 4
36 6
36 6
36 4
39 6
39 6
39 4
43 6
43 6
43 4
48 6
48 6
48 4
36 6
36 6
36 4
39 6
39 6
39 4
43 6
43 6
43 4
43 6
43 6
43 4
43 6
43 6
43 4
43 6
43 6
43 4
43 6
43 6
43 4
43 6
43 6
43 4
24 12
34 7
34 7
32 7
34 7
36 7
29 12
31 7
29 11
28 11
E
S
L
72 14
32 6
32 6
32 4
72 13
32 6
32 6
32 4
72 14
32 6
32 6
32 4
72 13
32 6
32 6
32 4
72 13
32 6
32 6
32 4
72 13
32 6
32 6
32 4
72 13
32 6
32 6
32 4
72 13
32 6
32 6
32 4
72 13
12 2
14 2
15 2
17 2
19 2
20 2
22 2
24 2
39 2
39 2
39 2
39 2
39 2
39 2
39 6
43 6
39 4
39 2
39 2
39 2
39 2
39 2
39 2
39 6
43 6
39 4
39 2
39 2
39 2
39 2
39 2
39 2
39 6
43 6
39 4
38 6
38 6
41 12
72 8
39 2
39 2
39 2
39 2
39 2
39 2
39 6
43 6
39 4
39 2
39 2
39 2
39 2
39 2
39 2
39 6
43 6
39 4
39 2
39 2
39 2
39 2
39 2
39 2
39 6
43 6
39 4
38 6
38 6
41 12
72 8
19 2
19 2
19 2
19 2
19 2
19 2
19 2
19 2
20 2
20 2
20 2
20 2
20 2
20 2
20 2
20 2
19 2
19 2
19 2
19 2
19 2
19 2
19 2
19 2
19 2
19 2
19 2
19 2
19 2
19 2
19 2
19 2
19 2
19 2
19 2
19 2
19 2
19 2
19 2
19 2
20 2
20 2
20 2
20 2
20 2
20 2
20 2
20 2
19 2
19 2
19 2
19 2
19 2
19 2
19 2
19 2
19 2
19 2
19 2
19 2
19 2
19 2
19 2
19 2
27 6
27 6
27 4
31 6
31 6
31 4
36 6
36 6
36 4
39 6
39 6
39 4
27 6
27 6
27 4
31 6
31 6
31 4
36 6
36 6
36 4
35 6
35 6
35 4
27 6
27 6
27 4
31 6
31 6
31 4
36 6
36 6
36 4
39 6
39 6
39 4
27 6
27 6
27 4
31 6
31 6
31 4
36 6
36 6
36 4
35 6
35 6
35 4
36 6
36 6
36 4
35 6
35 6
35 4
36 6
36 6
36 4
35 6
35 6
35 4
19 2
19 2
19 2
19 2
19 2
19 2
19 2
19 2
20 2
20 2
20 2
20 2
20 2
20 2
20 2
20 2
19 2
19 2
19 2
19 2
19 2
19 2
19 2
19 2
19 2
19 2
19 2
19 2
19 2
19 2
19 2
19 2
19 2
19 2
19 2
19 2
19 2
19 2
19 2
19 2
20 2
20 2
20 2
20 2
20 2
20 2
20 2
20 2
19 2
19 2
19 2
19 2
19 2
19 2
19 2
19 2
19 2
19 2
19 2
19 2
19 2
19 2
19 2
19 2
19 2
19 2
19 2
19 2
19 2
19 2
19 2
19 2
20 2
20 2
20 2
20 2
20 2
20 2
20 2
20 2
19 2
19 2
19 2
19 2
19 2
19 2
19 2
19 2
19 2
19 2
19 2
19 2
19 2
19 2
19 2
19 2
19 2
19 2
19 2
19 2
19 2
19 2
19 2
19 2
20 2
20 2
20 2
20 2
20 2
20 2
20 2
20 2
19 2
19 2
19 2
19 2
19 2
19 2
19 2
19 2
19 2
19 2
19 2
19 2
19 2
19 2
19 2
19 2
27 6
27 6
27 4
31 6
31 6
31 4
36 6
36 6
36 4
39 6
39 6
39 4
27 6
27 6
27 4
31 6
31 6
31 4
36 6
36 6
36 4
35 6
35 6
35 4
27 6
27 6
27 4
31 6
31 6
31 4
36 6
36 6
36 4
39 6
39 6
39 4
27 6
27 6
27 4
31 6
31 6
31 4
36 6
36 6
36 4
35 6
35 6
35 4
36 6
36 6
36 4
35 6
35 6
35 4
36 6
36 6
36 4
35 6
35 6
35 4
E
S
L
72 14
36 6
36 6
36 4
72 13
36 6
36 6
36 4
72 14
36 6
36 6
36 4
72 13
36 6
36 6
36 4
72 13
36 6
36 6
36 4
72 13
36 6
36 6
36 4
72 13
36 6
36 6
36 4
72 13
36 6
36 6
36 4
72 13
24 2
26 2
27 2
29 2
31 2
32 2
34 2
36 2
43 2
43 2
43 2
43 2
43 2
43 2
43 6
48 6
43 4
43 2
43 2
43 2
43 2
43 2
43 2
43 6
48 6
43 4
43 2
43 2
43 2
43 2
43 2
43 2
43 6
48 6
43 4
43 6
43 6
47 12
24 2
26 2
27 2
29 2
31 2
32 2
34 2
36 2
43 2
43 2
43 2
43 2
43 2
43 2
43 6
48 6
43 4
43 2
43 2
43 2
43 2
43 2
43 2
43 6
48 6
43 4
43 2
43 2
43 2
43 2
43 2
43 2
43 6
48 6
43 4
43 6
43 6
47 12
72 8
24 2
24 2
24 2
24 2
24 2
24 2
24 2
24 2
24 2
24 2
24 2
24 2
24 2
24 2
24 2
24 2
23 2
23 2
23 2
23 2
23 2
23 2
23 2
23 2
24 2
24 2
24 2
24 2
24 2
24 2
24 2
24 2
24 2
24 2
24 2
24 2
24 2
24 2
24 2
24 2
24 2
24 2
24 2
24 2
24 2
24 2
24 2
24 2
23 2
23 2
23 2
23 2
23 2
23 2
23 2
23 2
24 2
24 2
24 2
24 2
24 2
24 2
24 2
24 2
31 6
31 6
31 4
36 6
36 6
36 4
39 6
39 6
39 4
43 6
43 6
43 4
31 6
31 6
31 4
36 6
36 6
36 4
38 6
38 6
38 4
38 6
38 6
38 4
31 6
31 6
31 4
36 6
36 6
36 4
39 6
39 6
39 4
43 6
43 6
43 4
31 6
31 6
31 4
36 6
36 6
36 4
38 6
38 6
38 4
38 6
38 6
38 4
38 6
38 6
38 4
38 6
38 6
38 4
38 6
38 6
38 4
38 6
38 6
38 4
24 2
24 2
24 2
24 2
24 2
24 2
24 2
24 2
24 2
24 2
24 2
24 2
24 2
24 2
24 2
24 2
23 2
23 2
23 2
23 2
23 2
23 2
23 2
23 2
24 2
24 2
24 2
24 2
24 2
24 2
24 2
24 2
24 2
24 2
24 2
24 2
24 2
24 2
24 2
24 2
24 2
24 2
24 2
24 2
24 2
24 2
24 2
24 2
23 2
23 2
23 2
23 2
23 2
23 2
23 2
23 2
24 2
24 2
24 2
24 2
24 2
24 2
24 2
24 2
24 2
24 2
24 2
24 2
24 2
24 2
24 2
24 2
24 2
24 2
24 2
24 2
24 2
24 2
24 2
24 2
23 2
23 2
23 2
23 2
23 2
23 2
23 2
23 2
24 2
24 2
24 2
24 2
24 2
24 2
24 2
24 2
24 2
24 2
24 2
24 2
24 2
24 2
24 2
24 2
24 2
24 2
24 2
24 2
24 2
24 2
24 2
24 2
23 2
23 2
23 2
23 2
23 2
23 2
23 2
23 2
24 2
24 2
24 2
24 2
24 2
24 2
24 2
24 2
31 6
31 6
31 4
36 6
36 6
36 4
39 6
39 6
39 4
43 6
43 6
43 4
31 6
31 6
31 4
36 6
36 6
36 4
38 6
38 6
38 4
38 6
38 6
38 4
31 6
31 6
31 4
36 6
36 6
36 4
39 6
39 6
39 4
43 6
43 6
43 4
31 6
31 6
31 4
36 6
36 6
36 4
38 6
38 6
38 4
38 6
38 6
38 4
38 6
38 6
38 4
38 6
38 6
38 4
38 6
38 6
38 4
38 6
38 6
38 4
E
X
