minor
S
H
57 11
55 11
57 11
53 11
55 11
53 11
55 13
58 11
57 11
58 11
55 11
57 12
57 7
55 12
55 7
53 12
52 7
50 11
58 11
57 13
62 11
57 7
62 7
60 13
64 11
60 11
63 12
62 7
60 7
58 7
57 7
55 7
57 13
55 12
55 7
58 13
70 2
69 2
67 2
65 2
63 2
62 2
60 2
70 2
69 2
67 2
65 2
63 2
62 2
60 2
58 2
57 2
57 11
55 11
57 11
53 11
55 11
53 11
55 13
58 11
57 11
58 11
55 11
57 12
57 7
55 12
55 7
53 12
52 7
50 11
58 11
57 13
62 11
57 7
62 7
60 13
64 11
60 11
63 12
62 7
60 7
58 7
57 7
55 7
57 13
55 12
55 7
58 13
70 2
69 2
67 2
65 2
63 2
62 2
60 2
70 2
69 2
67 2
65 2
63 2
62 2
60 2
58 2
57 2
E
S
H
34 7
38 7
41 7
45 7
41 7
38 7
34 7
38 7
33 7
36 7
40 7
43 7
40 7
36 7
33 7
36 7
39 7
43 7
46 7
51 7
46 7
43 7
39 7
43 7
36 7
41 7
45 7
48 7
36 7
39 7
43 7
46 7
34 7
38 7
41 7
46 7
41 7
46 7
50 7
41 7
34 7
38 7
41 7
45 7
41 7
38 7
34 7
38 7
33 7
36 7
40 7
43 7
40 7
36 7
33 7
36 7
39 7
43 7
46 7
51 7
46 7
43 7
39 7
43 7
36 7
41 7
45 7
48 7
36 7
39 7
43 7
46 7
34 7
38 7
41 7
46 7
41 7
46 7
50 7
41 7
34 7
38 7
41 7
45 7
41 7
38 7
34 7
38 7
33 7
36 7
40 7
43 7
40 7
36 7
33 7
36 7
39 7
43 7
46 7
51 7
46 7
43 7
39 7
43 7
36 7
41 7
45 7
48 7
36 7
39 7
43 7
46 7
34 7
38 7
41 7
46 7
41 7
46 7
50 7
41 7
34 7
38 7
41 7
45 7
41 7
38 7
34 7
38 7
33 7
36 7
40 7
43 7
40 7
36 7
33 7
36 7
39 7
43 7
46 7
51 7
46 7
43 7
39 7
43 7
36 7
41 7
45 7
48 7
36 7
39 7
43 7
46 7
34 7
38 7
41 7
46 7
41 7
46 7
50 7
41 7
E
S
L
62 2
60 2
58 2
57 2
22 7
29 7
22 7
22 7
72 7
29 7
22 7
21 7
72 7
28 7
72 7
21 7
72 12
27 7
72 7
31 7
27 7
27 7
72 7
31 7
27 7
29 7
72 7
33 7
29 7
31 7
29 7
27 7
31 7
22 7
72 12
70 7
65 7
70 7
62 7
22 7
72 7
29 7
22 7
22 7
72 7
29 7
22 7
21 7
72 7
28 7
72 7
21 7
72 12
27 7
72 7
31 7
27 7
27 7
72 7
31 7
27 7
29 7
72 7
33 7
29 7
31 7
29 7
27 7
31 7
22 7
72 13
70 2
69 2
67 2
65 2
63 2
62 2
60 2
70 2
69 2
67 2
65 2
63 2
72 2
60 2
58 2
57 2
22 7
29 7
22 7
22 7
72 7
29 7
22 7
21 7
72 7
28 7
72 7
21 7
72 12
27 7
72 7
31 7
27 7
27 7
72 7
31 7
27 7
29 7
72 7
33 7
29 7
31 7
29 7
27 7
31 7
22 7
72 12
70 7
65 7
70 7
62 7
22 7
72 7
29 7
22 7
22 7
72 7
29 7
22 7
21 7
72 7
28 7
72 7
21 7
72 12
27 7
72 7
31 7
27 7
27 7
72 7
31 7
27 7
29 7
72 7
33 7
29 7
31 7
29 7
27 7
31 7
22 7
72 13
70 2
69 2
67 2
65 2
63 2
62 2
60 2
70 2
69 2
67 2
65 2
63 2
E
X
