major
S
H
69 4
64 4
71 4
64 4
68 4
69 4
64 4
61 4
64 4
62 4
64 4
71 4
61 4
64 4
71 4
64 4
69 4
64 4
71 4
64 4
68 4
69 4
64 4
61 4
64 4
62 4
64 4
71 4
61 4
64 4
71 4
64 4
69 4
64 4
71 4
64 4
68 4
69 4
64 4
61 4
64 4
62 4
64 4
71 4
61 4
64 4
71 4
64 4
69 4
64 4
71 4
64 4
68 4
69 4
64 4
61 4
64 4
62 4
64 4
71 4
61 4
64 4
71 4
64 4
69 4
64 4
71 4
64 4
68 4
69 4
64 4
61 4
64 4
62 4
64 4
71 4
61 4
64 4
71 4
64 4
69 4
64 4
71 4
64 4
68 4
69 4
64 4
61 4
64 4
62 4
64 4
71 4
61 4
64 4
71 4
64 4
69 4
64 4
71 4
64 4
68 4
69 4
64 4
61 4
64 4
62 4
64 4
71 4
61 4
64 4
71 4
64 4
69 4
64 4
71 4
64 4
68 4
69 4
64 4
61 4
64 4
62 4
64 4
71 4
61 4
64 4
71 4
64 4
E
S
H
45 7
52 7
49 7
61 7
59 7
57 7
56 7
59 7
57 7
56 7
54 7
57 7
56 7
54 7
52 7
72 7
45 7
52 7
49 7
61 7
59 7
57 7
56 7
59 7
62 7
61 7
62 7
64 7
61 7
72 12
45 7
52 7
49 7
61 7
59 7
57 7
56 7
59 7
57 7
56 7
54 7
57 7
56 7
54 7
52 7
72 7
45 7
52 7
49 7
61 7
59 7
57 7
56 7
59 7
62 7
61 7
62 7
64 7
61 7
E
S
H
28 11
40 11
37 11
38 11
35 11
38 11
37 11
33 11
28 11
40 11
37 11
38 11
35 11
44 11
40 11
72 11
28 11
40 11
37 11
38 11
35 11
38 11
37 11
33 11
28 11
40 11
37 11
38 11
35 11
44 11
40 11
E
X
