minor
S
H
37 7
72 9
37 4
39 4
40 4
47 7
45 7
72 4
44 4
40 7
42 7
72 9
42 4
44 4
42 4
42 7
72 7
41 7
72 7
49 7
72 9
49 4
47 4
45 4
47 7
43 7
50 4
47 7
72 4
49 7
72 9
49 4
49 4
49 4
54 7
72 12
54 7
72 9
54 4
52 4
50 4
49 7
47 7
45 4
47 7
72 4
49 7
72 12
44 7
72 11
42 4
44 4
45 7
72 7
42 7
72 7
47 7
72 7
44 7
72 7
42 7
72 14
37 7
72 9
37 4
39 4
40 4
47 7
45 7
72 4
44 4
40 7
42 7
72 9
42 4
44 4
42 4
42 7
72 7
41 7
72 7
49 7
72 9
49 4
47 4
45 4
47 7
43 7
50 4
47 7
72 4
49 7
72 9
49 4
49 4
49 4
54 7
72 12
54 7
72 9
54 4
52 4
50 4
49 7
47 7
45 4
47 7
72 4
49 7
72 12
44 7
72 11
42 4
44 4
45 7
72 7
42 7
72 7
47 7
72 7
44 7
72 7
42 7
72 14
38 11
47 11
72 7
45 4
43 4
42 7
40 4
38 4
38 13
37 12
33 4
35 4
37 11
45 11
72 7
43 4
42 4
40 7
38 4
37 4
35 13
38 11
43 11
42 14
72 4
42 12
44 4
42 4
42 11
41 11
47 11
46 7
44 7
46 13
44 12
46 4
44 4
44 7
43 7
41 7
43 7
34 13
33 13
35 7
72 9
35 4
37 4
38 4
45 7
43 7
72 4
42 4
38 7
40 7
72 9
40 4
42 4
40 4
40 7
72 7
39 7
72 7
47 7
72 9
47 4
45 4
43 4
45 7
41 7
48 4
45 7
72 4
47 7
72 9
47 4
47 4
47 4
52 7
72 12
52 7
72 9
52 4
50 4
48 4
47 7
45 7
43 4
45 7
72 4
47 7
72 12
42 7
72 11
40 4
42 4
43 7
72 7
40 7
72 7
45 7
72 7
42 7
72 7
40 14
E
S
H
72 4
37 7
72 9
37 4
39 4
40 4
47 7
45 7
72 4
44 4
40 7
42 7
72 9
42 4
44 4
42 4
42 7
72 7
41 7
72 7
49 7
72 9
49 4
47 4
45 4
47 7
43 7
50 4
47 7
72 4
49 7
72 9
49 4
49 4
49 4
54 7
72 12
54 7
72 9
54 4
52 4
50 4
49 7
47 7
45 4
47 7
72 4
49 7
72 12
44 7
72 11
42 4
44 4
45 7
72 7
42 7
72 7
47 7
72 7
44 7
72 7
42 7
72 14
37 7
72 9
37 4
39 4
40 4
47 7
45 7
72 4
44 4
40 7
42 7
72 9
42 4
44 4
42 4
42 7
72 7
41 7
72 7
49 7
72 9
49 4
47 4
45 4
47 7
43 7
50 4
47 7
72 4
49 7
72 9
49 4
49 4
49 4
54 7
72 12
54 7
72 9
54 4
52 4
50 4
49 7
47 7
45 4
47 7
72 4
49 7
72 12
44 7
72 11
42 4
44 4
45 7
72 7
42 7
72 7
47 7
72 7
44 7
72 7
42 7
72 14
38 11
47 11
72 7
45 4
43 4
42 7
40 4
38 4
38 13
37 12
33 4
35 4
37 11
45 11
72 7
43 4
42 4
40 7
38 4
37 4
35 13
38 11
43 11
42 14
72 4
42 12
44 4
42 4
42 11
41 11
47 11
46 7
44 7
46 13
44 12
46 4
44 4
44 7
43 7
41 7
43 7
34 13
33 13
35 7
72 9
35 4
37 4
38 4
45 7
43 7
72 4
42 4
38 7
40 7
72 9
40 4
42 4
40 4
40 7
72 7
39 7
72 7
47 7
72 9
47 4
45 4
43 4
45 7
41 7
48 4
45 7
72 4
47 7
72 9
47 4
47 4
47 4
52 7
72 12
52 7
72 9
52 4
50 4
48 4
47 7
45 7
43 4
45 7
72 4
47 7
72 12
42 7
72 11
40 4
42 4
43 7
72 7
40 7
72 7
45 7
72 7
42 7
72 7
40 14
E
S
L
33 3
33 3
33 3
33 4
33 4
33 4
33 4
33 4
33 4
28 3
28 3
28 3
28 4
28 4
28 4
28 4
28 4
28 4
26 3
26 3
26 3
26 4
26 4
26 4
26 4
26 4
26 4
25 4
25 4
25 4
25 4
25 4
25 4
37 4
25 4
33 4
33 4
45 4
33 4
33 4
45 4
33 4
33 4
31 4
31 4
43 4
31 4
31 4
31 4
43 4
31 4
30 4
42 4
30 4
42 4
30 4
42 4
30 4
42 4
30 4
42 4
30 4
42 4
30 4
42 4
49 4
42 4
26 3
26 3
26 3
26 4
26 4
38 3
38 3
38 3
38 4
38 4
28 3
28 3
28 3
28 4
28 4
40 3
40 3
40 3
40 4
40 4
25 3
25 3
25 3
25 4
25 4
37 3
37 3
37 3
37 4
37 4
25 3
25 3
25 3
25 4
25 4
49 3
49 3
49 3
49 4
49 4
26 3
26 3
26 3
26 4
26 4
38 3
38 3
38 3
38 4
38 4
28 3
28 3
28 3
28 4
28 4
40 3
40 3
40 3
40 4
40 4
30 3
30 3
30 3
30 4
30 4
42 3
42 3
42 3
42 4
42 4
30 3
30 3
30 3
30 3
30 3
30 3
42 3
42 3
42 3
42 3
42 3
42 3
33 3
33 3
33 3
33 4
33 4
33 4
33 4
33 4
33 4
28 3
28 3
28 3
28 4
28 4
28 4
28 4
28 4
28 4
26 3
26 3
26 3
26 4
26 4
26 4
26 4
26 4
26 4
25 4
25 4
25 4
25 4
25 4
25 4
37 4
25 4
33 4
33 4
45 4
33 4
33 4
45 4
33 4
33 4
31 4
31 4
43 4
31 4
31 4
31 4
43 4
31 4
30 4
42 4
30 4
42 4
30 4
42 4
30 4
42 4
30 4
42 4
30 4
42 4
30 4
42 4
49 4
42 4
26 3
26 3
26 3
26 4
26 4
38 3
38 3
38 3
38 4
38 4
28 3
28 3
28 3
28 4
28 4
40 3
40 3
40 3
40 4
40 4
25 3
25 3
25 3
25 4
25 4
37 3
37 3
37 3
37 4
37 4
25 3
25 3
25 3
25 4
25 4
49 3
49 3
49 3
49 4
49 4
26 3
26 3
26 3
26 4
26 4
38 3
38 3
38 3
38 4
38 4
28 3
28 3
28 3
28 4
28 4
40 3
40 3
40 3
40 4
40 4
30 3
30 3
30 3
30 4
30 4
42 3
42 3
42 3
42 4
42 4
30 3
30 3
30 3
30 3
30 3
30 3
42 3
42 3
42 3
42 3
42 3
42 3
31 3
31 3
31 3
43 3
43 3
43 3
31 3
31 3
31 3
43 3
43 3
43 3
31 3
31 3
31 3
43 3
43 3
43 3
31 3
31 3
31 3
43 3
43 3
43 3
30 3
30 3
30 3
42 3
42 3
42 3
30 3
30 3
30 3
42 3
42 3
42 3
30 3
30 3
30 3
42 3
42 3
42 3
30 3
30 3
30 3
42 3
42 3
42 3
33 3
33 3
33 3
45 3
45 3
45 3
33 3
33 3
33 3
45 3
45 3
45 3
33 3
33 3
33 3
45 3
45 3
45 3
33 3
33 3
33 3
45 3
45 3
45 3
31 3
31 3
31 3
43 3
43 3
43 3
31 3
31 3
31 3
43 3
43 3
43 3
31 3
31 3
31 3
43 3
43 3
43 3
31 3
31 3
31 3
43 3
43 3
43 3
26 3
26 3
26 3
38 3
38 3
38 3
26 3
26 3
26 3
38 3
38 3
38 3
26 3
26 3
26 3
38 3
38 3
38 3
26 3
26 3
26 3
38 3
38 3
38 3
25 3
25 3
25 3
25 4
25 4
37 3
37 3
37 3
37 4
37 4
25 3
25 3
25 3
25 4
25 4
37 3
37 3
37 3
37 4
37 4
30 3
30 3
30 3
30 4
30 4
42 3
42 3
42 3
42 4
42 4
30 3
30 3
30 3
30 4
30 4
42 3
42 3
42 3
42 4
42 4
27 3
27 3
27 3
27 4
27 4
39 3
39 3
39 3
39 4
39 4
27 3
27 3
27 3
27 4
27 4
39 3
39 3
39 3
39 4
39 4
29 3
29 3
29 3
29 4
29 4
41 3
41 3
41 3
41 4
41 4
29 3
29 3
29 3
29 4
29 4
41 3
41 3
41 3
41 4
41 4
31 3
31 3
31 3
31 4
31 4
31 4
31 4
31 4
31 4
26 3
26 3
26 3
26 4
26 4
26 4
26 4
26 4
26 4
24 3
24 3
24 3
24 4
24 4
24 4
24 4
24 4
24 4
23 4
23 4
23 4
23 4
23 4
23 4
35 4
23 4
31 4
31 4
43 4
31 4
31 4
43 4
31 4
31 4
29 4
29 4
41 4
29 4
29 4
29 4
41 4
29 4
28 4
40 4
28 4
40 4
28 4
40 4
28 4
40 4
28 4
40 4
28 4
40 4
28 4
40 4
47 4
40 4
24 3
24 3
24 3
24 4
24 4
36 3
36 3
36 3
36 4
36 4
26 3
26 3
26 3
26 4
26 4
38 3
38 3
38 3
38 4
38 4
23 3
23 3
23 3
23 4
23 4
35 3
35 3
35 3
35 4
35 4
23 3
23 3
23 3
23 4
23 4
47 3
47 3
47 3
47 4
47 4
24 3
24 3
24 3
24 4
24 4
36 3
36 3
36 3
36 4
36 4
26 3
26 3
26 3
26 4
26 4
38 3
38 3
38 3
38 4
38 4
28 14
E
X
