major
S
H
57 4
59 4
55 4
59 4
54 4
59 4
52 4
59 4
50 4
59 4
48 4
59 4
50 4
59 4
52 4
59 4
54 13
57 4
59 4
55 4
59 4
54 4
59 4
52 4
59 4
50 4
59 4
48 4
59 4
47 4
59 4
45 4
59 4
47 13
48 4
47 4
45 4
47 4
48 4
47 4
48 4
50 4
52 4
50 4
52 4
54 4
55 4
54 4
55 4
57 4
54 11
47 11
48 4
47 4
45 4
47 4
48 4
47 4
48 4
50 4
52 4
50 4
52 4
54 4
55 4
54 4
55 4
57 4
59 11
66 11
60 4
59 4
57 4
60 4
59 4
57 4
60 4
59 4
60 4
59 4
57 4
60 4
59 4
57 4
60 4
59 4
59 4
57 4
55 4
59 4
57 4
55 4
59 4
57 4
59 4
57 4
55 4
59 4
57 4
55 4
59 4
57 4
60 4
59 4
57 4
60 4
59 4
57 4
60 4
59 4
60 4
59 4
57 4
60 4
59 4
57 4
60 4
59 4
62 4
60 4
59 4
62 4
60 4
59 4
62 4
60 4
60 4
59 4
57 4
60 4
59 4
57 4
60 4
57 4
59 11
66 11
57 4
59 4
55 4
59 4
54 4
59 4
52 4
59 4
50 4
59 4
48 4
59 4
50 4
59 4
52 4
59 4
54 13
57 4
59 4
55 4
59 4
54 4
59 4
52 4
59 4
50 4
59 4
48 4
59 4
47 4
59 4
45 4
59 4
47 13
48 4
47 4
45 4
47 4
48 4
47 4
48 4
50 4
52 4
50 4
52 4
54 4
55 4
54 4
55 4
57 4
54 11
47 11
48 4
47 4
45 4
47 4
48 4
47 4
48 4
50 4
52 4
50 4
52 4
54 4
55 4
54 4
55 4
57 4
59 11
66 11
60 4
59 4
57 4
60 4
59 4
57 4
60 4
59 4
60 4
59 4
57 4
60 4
59 4
57 4
60 4
59 4
59 4
57 4
55 4
59 4
57 4
55 4
59 4
57 4
59 4
57 4
55 4
59 4
57 4
55 4
59 4
57 4
60 4
59 4
57 4
60 4
59 4
57 4
60 4
59 4
60 4
59 4
57 4
60 4
59 4
57 4
60 4
59 4
62 4
60 4
59 4
62 4
60 4
59 4
62 4
60 4
60 4
59 4
57 4
60 4
59 4
57 4
60 4
57 4
59 11
66 11
E
S
H
45 2
47 2
43 2
47 2
42 2
47 2
40 2
47 2
38 2
47 2
36 2
47 2
35 2
47 2
33 2
47 2
36 2
35 2
38 2
35 2
40 2
35 2
42 2
35 2
43 2
35 2
45 2
35 2
47 2
35 2
48 2
35 2
47 2
35 2
50 2
38 2
54 2
42 2
59 2
47 2
62 2
50 2
59 2
47 2
54 2
42 2
50 2
38 2
45 2
47 2
43 2
47 2
42 2
47 2
40 2
47 2
38 2
47 2
36 2
47 2
35 2
47 2
33 2
47 2
36 2
35 2
38 2
35 2
40 2
35 2
42 2
35 2
43 2
35 2
45 2
35 2
47 2
35 2
48 2
35 2
47 2
35 2
50 2
38 2
54 2
42 2
59 2
47 2
62 2
50 2
59 2
47 2
54 2
42 2
50 2
38 2
45 2
33 2
52 2
40 2
45 2
33 2
57 2
45 2
45 2
33 2
52 2
40 2
45 2
33 2
45 2
57 2
45 2
33 2
52 2
40 2
45 2
33 2
57 2
45 2
45 2
33 2
52 2
40 2
45 2
33 2
45 2
57 2
47 2
35 2
54 2
42 2
47 2
35 2
59 2
47 2
47 2
35 2
54 2
42 2
47 2
35 2
47 2
59 2
45 2
33 2
52 2
40 2
45 2
33 2
57 2
45 2
45 2
33 2
52 2
40 2
45 2
33 2
45 2
57 2
45 2
33 2
52 2
40 2
45 2
33 2
57 2
45 2
45 2
33 2
52 2
40 2
45 2
33 2
45 2
57 2
47 2
35 2
54 2
42 2
47 2
35 2
59 2
47 2
47 2
35 2
54 2
42 2
47 2
35 2
47 2
59 2
48 2
36 2
55 2
43 2
48 2
36 2
60 2
48 2
48 2
36 2
55 2
43 2
48 2
36 2
48 2
60 2
48 2
36 2
55 2
43 2
48 2
36 2
60 2
48 2
48 2
36 2
55 2
43 2
48 2
36 2
48 2
60 2
47 2
35 2
54 2
42 2
47 2
35 2
59 2
47 2
47 2
35 2
54 2
42 2
47 2
35 2
47 2
59 2
47 2
35 2
54 2
42 2
47 2
35 2
59 2
47 2
47 2
35 2
54 2
42 2
47 2
35 2
47 2
59 2
48 2
36 2
55 2
43 2
48 2
36 2
60 2
48 2
48 2
36 2
55 2
43 2
48 2
36 2
48 2
60 2
48 2
36 2
55 2
43 2
48 2
36 2
60 2
48 2
48 2
36 2
55 2
43 2
48 2
36 2
48 2
60 2
50 2
38 2
57 2
45 2
50 2
38 2
62 2
50 2
50 2
38 2
57 2
45 2
50 2
38 2
50 2
62 2
48 2
36 2
55 2
43 2
48 2
36 2
60 2
48 2
48 2
36 2
55 2
43 2
48 2
36 2
48 2
60 2
47 2
35 2
54 2
42 2
47 2
35 2
59 2
47 2
47 2
35 2
54 2
42 2
47 2
35 2
47 2
59 2
45 2
47 2
43 2
47 2
42 2
47 2
40 2
47 2
38 2
47 2
36 2
47 2
35 2
47 2
33 2
47 2
36 2
35 2
38 2
35 2
40 2
35 2
42 2
35 2
43 2
35 2
45 2
35 2
47 2
35 2
48 2
35 2
47 2
35 2
50 2
38 2
54 2
42 2
59 2
47 2
62 2
50 2
59 2
47 2
54 2
42 2
50 2
38 2
45 2
47 2
43 2
47 2
42 2
47 2
40 2
47 2
38 2
47 2
36 2
47 2
35 2
47 2
33 2
47 2
36 2
35 2
38 2
35 2
40 2
35 2
42 2
35 2
43 2
35 2
45 2
35 2
47 2
35 2
48 2
35 2
47 2
35 2
50 2
38 2
54 2
42 2
59 2
47 2
62 2
50 2
59 2
47 2
54 2
42 2
50 2
38 2
45 2
33 2
52 2
40 2
45 2
33 2
57 2
45 2
45 2
33 2
52 2
40 2
45 2
33 2
45 2
57 2
45 2
33 2
52 2
40 2
45 2
33 2
57 2
45 2
45 2
33 2
52 2
40 2
45 2
33 2
45 2
57 2
47 2
35 2
54 2
42 2
47 2
35 2
59 2
47 2
47 2
35 2
54 2
42 2
47 2
35 2
47 2
59 2
45 2
33 2
52 2
40 2
45 2
33 2
57 2
45 2
45 2
33 2
52 2
40 2
45 2
33 2
45 2
57 2
45 2
33 2
52 2
40 2
45 2
33 2
57 2
45 2
45 2
33 2
52 2
40 2
45 2
33 2
45 2
57 2
47 2
35 2
54 2
42 2
47 2
35 2
59 2
47 2
47 2
35 2
54 2
42 2
47 2
35 2
47 2
59 2
48 2
36 2
55 2
43 2
48 2
36 2
60 2
48 2
48 2
36 2
55 2
43 2
48 2
36 2
48 2
60 2
48 2
36 2
55 2
43 2
48 2
36 2
60 2
48 2
48 2
36 2
55 2
43 2
48 2
36 2
48 2
60 2
47 2
35 2
54 2
42 2
47 2
35 2
59 2
47 2
47 2
35 2
54 2
42 2
47 2
35 2
47 2
59 2
47 2
35 2
54 2
42 2
47 2
35 2
59 2
47 2
47 2
35 2
54 2
42 2
47 2
35 2
47 2
59 2
48 2
36 2
55 2
43 2
48 2
36 2
60 2
48 2
48 2
36 2
55 2
43 2
48 2
36 2
48 2
60 2
48 2
36 2
55 2
43 2
48 2
36 2
60 2
48 2
48 2
36 2
55 2
43 2
48 2
36 2
48 2
60 2
50 2
38 2
57 2
45 2
50 2
38 2
62 2
50 2
50 2
38 2
57 2
45 2
50 2
38 2
50 2
62 2
48 2
36 2
55 2
43 2
48 2
36 2
60 2
48 2
48 2
36 2
55 2
43 2
48 2
36 2
48 2
60 2
47 2
35 2
54 2
42 2
47 2
35 2
59 2
47 2
47 2
35 2
54 2
42 2
47 2
35 2
47 2
59 2
E
S
L
23 4
35 4
23 4
35 4
23 4
35 4
23 4
35 4
23 4
35 4
23 4
35 4
23 4
35 4
23 4
35 4
23 4
35 4
23 4
35 4
23 4
35 4
23 4
35 4
23 4
35 4
23 4
35 4
23 4
35 4
23 4
35 4
23 4
35 4
23 4
35 4
23 4
35 4
23 4
35 4
23 4
35 4
23 4
35 4
23 4
35 4
23 4
35 4
21 4
33 4
21 4
33 4
21 4
33 4
21 4
33 4
21 4
33 4
21 4
33 4
21 4
33 4
21 4
33 4
23 4
35 4
23 4
35 4
23 4
35 4
23 4
35 4
21 4
33 4
21 4
33 4
21 4
33 4
21 4
33 4
21 4
33 4
21 4
33 4
21 4
33 4
21 4
33 4
23 4
35 4
23 4
35 4
23 4
35 4
23 4
35 4
24 4
36 4
24 4
36 4
24 4
36 4
24 4
36 4
24 4
36 4
24 4
36 4
24 4
36 4
24 4
36 4
23 4
35 4
23 4
35 4
23 4
35 4
23 4
35 4
23 4
35 4
23 4
35 4
23 4
35 4
23 4
35 4
24 4
36 4
24 4
36 4
24 4
36 4
24 4
36 4
24 4
36 4
24 4
36 4
24 4
36 4
24 4
36 4
26 4
38 4
26 4
38 4
26 4
38 4
26 4
38 4
24 4
36 4
24 4
36 4
24 4
36 4
24 4
36 4
23 4
35 4
23 4
35 4
23 4
35 4
23 4
35 4
23 4
35 4
23 4
35 4
23 4
35 4
23 4
35 4
23 4
35 4
23 4
35 4
23 4
35 4
23 4
35 4
23 4
35 4
23 4
35 4
23 4
35 4
23 4
35 4
23 4
35 4
23 4
35 4
23 4
35 4
23 4
35 4
23 4
35 4
23 4
35 4
23 4
35 4
23 4
35 4
23 4
35 4
23 4
35 4
23 4
35 4
23 4
35 4
21 4
33 4
21 4
33 4
21 4
33 4
21 4
33 4
21 4
33 4
21 4
33 4
21 4
33 4
21 4
33 4
23 4
35 4
23 4
35 4
23 4
35 4
23 4
35 4
21 4
33 4
21 4
33 4
21 4
33 4
21 4
33 4
21 4
33 4
21 4
33 4
21 4
33 4
21 4
33 4
23 4
35 4
23 4
35 4
23 4
35 4
23 4
35 4
24 4
36 4
24 4
36 4
24 4
36 4
24 4
36 4
24 4
36 4
24 4
36 4
24 4
36 4
24 4
36 4
23 4
35 4
23 4
35 4
23 4
35 4
23 4
35 4
23 4
35 4
23 4
35 4
23 4
35 4
23 4
35 4
24 4
36 4
24 4
36 4
24 4
36 4
24 4
36 4
24 4
36 4
24 4
36 4
24 4
36 4
24 4
36 4
26 4
38 4
26 4
38 4
26 4
38 4
26 4
38 4
24 4
36 4
24 4
36 4
24 4
36 4
24 4
36 4
23 4
35 4
23 4
35 4
23 4
35 4
23 4
35 4
E
S
L
208 0
72 4
208 0
72 4
199 0
72 4
208 0
72 4
208 0
72 4
208 0
72 4
199 0
72 4
208 0
72 4
208 0
72 4
208 0
72 4
199 0
72 4
208 0
72 4
208 0
72 4
208 0
72 4
199 0
72 4
208 0
72 4
208 0
72 4
208 0
72 4
199 0
72 4
208 0
72 4
208 0
72 4
208 0
72 4
199 0
72 4
208 0
72 4
208 0
72 4
208 0
72 4
199 0
72 4
208 0
72 4
208 0
72 4
208 0
72 4
199 0
72 4
208 0
72 4
208 0
72 4
208 0
72 4
199 0
72 4
208 0
72 4
208 0
72 4
208 0
72 4
199 0
72 4
208 0
72 4
208 0
72 4
208 0
72 4
199 0
72 4
208 0
72 4
208 0
72 4
208 0
72 4
199 0
72 4
208 0
72 4
208 0
72 4
208 0
72 4
199 0
72 4
208 0
72 4
208 0
72 4
208 0
72 4
199 0
72 4
208 0
72 4
208 0
72 4
208 0
72 4
199 0
72 4
208 0
72 4
208 0
72 4
208 0
72 4
199 0
72 4
208 0
72 4
208 0
72 4
208 0
72 4
199 0
72 4
208 0
72 4
208 0
72 4
208 0
72 4
199 0
72 4
208 0
72 4
208 0
72 4
208 0
72 4
199 0
72 4
208 0
72 4
208 0
72 4
208 0
72 4
199 0
72 4
208 0
72 4
208 0
72 4
208 0
72 4
199 0
72 4
208 0
72 4
208 0
72 4
208 0
72 4
199 0
72 4
208 0
72 4
208 0
72 4
208 0
72 4
199 0
72 4
208 0
72 4
208 0
72 4
208 0
72 4
199 0
72 4
199 0
72 2
199 0
72 2
208 0
72 4
208 0
72 4
199 0
72 4
208 0
72 4
208 0
72 4
208 0
72 4
199 0
72 4
208 0
72 4
208 0
72 4
208 0
72 4
199 0
72 4
208 0
72 4
208 0
72 4
208 0
72 4
199 0
72 4
208 0
72 4
208 0
72 4
208 0
72 4
199 0
72 4
208 0
72 4
208 0
72 4
208 0
72 4
199 0
72 4
208 0
72 4
208 0
72 4
208 0
72 4
199 0
72 4
208 0
72 4
208 0
72 4
208 0
72 4
199 0
72 4
208 0
72 4
208 0
72 4
208 0
72 4
199 0
72 4
208 0
72 4
208 0
72 4
208 0
72 4
199 0
72 4
208 0
72 4
208 0
72 4
208 0
72 4
199 0
72 4
208 0
72 4
208 0
72 4
208 0
72 4
199 0
72 4
208 0
72 4
208 0
72 4
208 0
72 4
199 0
72 4
208 0
72 4
208 0
72 4
208 0
72 4
199 0
72 4
208 0
72 4
208 0
72 4
208 0
72 4
199 0
72 4
208 0
72 4
208 0
72 4
208 0
72 4
199 0
72 4
208 0
72 4
208 0
72 4
208 0
72 4
199 0
72 4
208 0
72 4
208 0
72 4
208 0
72 4
199 0
72 2
199 0
72 2
199 0
72 2
199 0
72 2
208 0
72 4
208 0
72 4
199 0
72 4
208 0
72 4
208 0
72 4
208 0
72 4
199 0
72 4
208 0
72 4
208 0
72 4
208 0
72 4
199 0
72 4
208 0
72 4
208 0
72 4
208 0
72 4
199 0
72 4
208 0
72 4
208 0
72 4
208 0
72 4
199 0
72 4
208 0
72 4
208 0
72 4
208 0
72 4
199 0
72 4
208 0
72 4
208 0
72 4
208 0
72 4
199 0
72 4
208 0
72 4
208 0
72 4
208 0
72 4
199 0
72 4
208 0
72 4
208 0
72 4
208 0
72 4
199 0
72 4
208 0
72 4
208 0
72 4
208 0
72 4
199 0
72 4
208 0
72 4
208 0
72 4
208 0
72 4
199 0
72 4
208 0
72 4
208 0
72 4
208 0
72 4
199 0
72 4
208 0
72 4
208 0
72 4
208 0
72 4
199 0
72 4
208 0
72 4
208 0
72 4
208 0
72 4
199 0
72 4
208 0
72 4
208 0
72 4
208 0
72 4
199 0
72 4
208 0
72 4
208 0
72 4
208 0
72 4
199 0
72 4
208 0
72 4
208 0
72 4
208 0
72 4
199 0
72 4
208 0
72 4
208 0
72 4
208 0
72 4
199 0
72 4
208 0
72 4
208 0
72 4
208 0
72 4
199 0
72 4
208 0
72 4
208 0
72 4
208 0
72 4
199 0
72 4
208 0
72 4
208 0
72 4
208 0
72 4
199 0
72 4
208 0
72 4
208 0
72 4
208 0
72 4
199 0
72 4
208 0
72 4
208 0
72 4
208 0
72 4
199 0
72 4
208 0
72 4
208 0
72 4
208 0
72 4
199 0
72 4
199 0
72 2
199 0
72 2
208 0
72 4
208 0
72 4
199 0
72 4
208 0
72 4
208 0
72 4
208 0
72 4
199 0
72 4
208 0
72 4
208 0
72 4
208 0
72 4
199 0
72 4
208 0
72 4
208 0
72 4
208 0
72 4
199 0
72 4
208 0
72 4
208 0
72 4
208 0
72 4
199 0
72 4
208 0
72 4
208 0
72 4
208 0
72 4
199 0
72 4
208 0
72 4
208 0
72 4
208 0
72 4
199 0
72 4
208 0
72 4
208 0
72 4
208 0
72 4
199 0
72 4
208 0
72 4
208 0
72 4
208 0
72 4
199 0
72 4
208 0
72 4
208 0
72 4
208 0
72 4
199 0
72 4
208 0
72 4
208 0
72 4
208 0
72 4
199 0
72 4
208 0
72 4
208 0
72 4
208 0
72 4
199 0
72 4
208 0
72 4
208 0
72 4
208 0
72 4
199 0
72 4
208 0
72 4
208 0
72 4
208 0
72 4
199 0
72 4
208 0
72 4
208 0
72 4
208 0
72 4
199 0
72 4
208 0
72 4
208 0
72 4
208 0
72 4
199 0
72 4
208 0
72 4
208 0
72 4
208 0
72 4
199 0
72 4
208 0
72 4
208 0
72 4
208 0
72 4
199 0
72 2
199 0
72 2
199 0
72 2
199 0
E
X
