major
S
H
57 7
60 7
59 7
55 7
52 11
55 11
57 7
60 7
59 7
55 7
50 7
55 7
52 7
52 7
53 7
57 7
55 11
56 7
59 7
57 7
57 4
59 4
60 6
62 6
63 7
62 6
60 6
62 11
55 7
55 7
57 7
60 7
59 7
55 7
52 11
55 11
57 7
60 7
59 7
55 7
50 7
55 7
52 7
52 7
53 7
57 7
55 7
56 7
59 7
57 7
57 7
59 7
60 6
56 6
53 6
51 6
50 4
48 4
50 11
72 2
62 2
62 2
72 2
62 4
72 14
57 7
60 7
59 7
55 7
52 11
55 11
57 7
60 7
59 7
55 7
50 7
55 7
52 7
52 7
53 7
57 7
55 11
56 7
59 7
57 7
57 4
59 4
60 6
62 6
63 7
62 6
60 6
62 11
55 7
55 7
57 7
60 7
59 7
55 7
52 11
55 11
57 7
60 7
59 7
55 7
50 7
55 7
52 7
52 7
53 7
57 7
55 7
56 7
59 7
57 7
57 7
59 7
60 6
56 6
53 6
51 6
50 4
48 4
50 11
72 2
62 2
62 2
72 2
62 4
E
S
L
9 4
9 2
72 2
9 2
72 2
9 2
7 4
19 2
7 4
7 4
7 4
9 4
9 2
72 2
9 2
72 2
9 4
7 2
19 2
7 4
4 4
7 4
9 4
9 2
72 2
9 2
72 2
9 2
7 4
19 2
7 4
7 4
7 4
5 4
5 2
72 2
5 2
72 2
5 4
4 2
16 2
4 4
4 4
2 4
5 4
5 2
72 2
5 2
72 2
5 2
7 4
19 2
7 4
7 4
7 4
8 4
8 2
72 2
8 2
72 2
8 2
9 4
21 2
9 4
9 4
7 4
2 4
2 2
72 2
2 2
72 2
2 2
2 4
14 2
2 4
2 4
2 4
4 4
4 2
72 2
4 2
72 2
4 2
7 4
7 2
19 4
4 4
16 4
9 4
9 2
72 2
9 2
72 2
9 2
7 4
19 2
7 4
7 4
7 4
9 4
9 2
72 2
9 2
72 2
9 4
7 2
19 2
7 4
4 4
7 4
9 4
9 2
72 2
9 2
72 2
9 2
7 4
19 2
7 4
7 4
7 4
5 4
5 2
72 2
5 2
72 2
5 4
4 2
16 2
4 4
4 4
2 4
5 4
5 2
72 2
5 2
72 2
5 2
7 4
19 2
7 4
4 4
4 2
72 2
4 4
16 2
9 4
21 2
9 4
9 4
21 4
7 4
19 4
2 4
2 2
72 2
2 2
72 2
2 2
2 4
14 2
2 4
2 4
2 4
4 4
4 2
72 2
4 2
72 2
4 2
7 4
19 2
7 4
19 7
9 2
72 2
9 4
12 2
9 2
72 2
9 4
72 8
7 2
8 2
9 2
72 2
9 4
12 2
9 2
72 2
9 4
72 10
14 2
72 2
14 4
17 2
14 2
72 2
14 4
72 8
12 2
13 2
14 2
72 2
14 4
17 2
14 2
72 2
14 4
72 2
12 4
11 2
72 2
7 4
9 2
72 2
9 4
12 2
9 2
72 2
9 4
72 8
7 2
8 2
9 2
72 2
9 4
12 2
9 2
72 2
9 4
72 10
14 2
72 2
14 4
17 2
14 2
72 2
14 4
72 8
14 2
15 2
16 2
72 2
16 4
19 2
16 2
72 2
16 4
72 10
9 4
9 2
72 2
9 2
72 2
9 2
7 4
19 2
7 4
7 4
7 4
9 4
9 2
72 2
9 2
72 2
9 4
7 2
19 2
7 4
4 4
7 4
9 4
9 2
72 2
9 2
72 2
9 2
7 4
19 2
7 4
7 4
7 4
5 4
5 2
72 2
5 2
72 2
5 4
4 2
16 2
4 4
4 4
2 4
5 4
5 2
72 2
5 2
72 2
5 2
7 4
19 2
7 4
7 4
7 4
8 4
8 2
72 2
8 2
72 2
8 2
9 4
21 2
9 4
9 4
7 4
2 4
2 2
72 2
2 2
72 2
2 2
2 4
14 2
2 4
2 4
2 4
4 4
4 2
72 2
4 2
72 2
4 2
7 4
7 2
19 4
4 4
16 4
9 4
9 2
72 2
9 2
72 2
9 2
7 4
19 2
7 4
7 4
7 4
9 4
9 2
72 2
9 2
72 2
9 4
7 2
19 2
7 4
4 4
7 4
9 4
9 2
72 2
9 2
72 2
9 2
7 4
19 2
7 4
7 4
7 4
5 4
5 2
72 2
5 2
72 2
5 4
4 2
16 2
4 4
4 4
2 4
5 4
5 2
72 2
5 2
72 2
5 2
7 4
19 2
7 4
4 4
4 2
72 2
4 4
16 2
9 4
21 2
9 4
9 4
21 4
7 4
19 4
2 4
2 2
72 2
2 2
72 2
2 2
2 4
14 2
2 4
2 4
2 4
4 4
4 2
72 2
4 2
72 2
4 2
7 4
19 2
7 4
19 7
9 2
72 2
9 4
12 2
9 2
72 2
9 4
72 8
7 2
8 2
9 2
72 2
9 4
12 2
9 2
72 2
9 4
72 10
14 2
72 2
14 4
17 2
14 2
72 2
14 4
72 8
12 2
13 2
14 2
72 2
14 4
17 2
14 2
72 2
14 4
72 2
12 4
11 2
72 2
7 4
9 2
72 2
9 4
12 2
9 2
72 2
9 4
72 8
7 2
8 2
9 2
72 2
9 4
12 2
9 2
72 2
9 4
72 10
14 2
72 2
14 4
17 2
14 2
72 2
14 4
72 8
14 2
15 2
16 2
72 2
16 4
19 2
16 2
72 2
16 4
E
S
L
208 4
208 4
199 4
20 2
11 2
20 2
11 2
208 4
199 4
20 4
208 4
208 4
199 4
208 4
208 2
14 2
208 4
199 4
208 4
208 4
208 4
199 4
20 2
11 2
20 2
11 2
208 4
199 4
20 4
208 4
208 4
199 4
208 4
208 2
14 2
208 4
199 2
14 2
199 2
14 2
208 4
208 4
199 4
20 2
11 2
20 2
11 2
208 4
199 4
20 4
208 4
208 4
199 4
20 2
11 2
20 2
11 2
208 4
199 4
20 4
208 4
208 4
199 4
20 2
11 2
20 2
11 2
208 4
199 4
20 4
208 4
208 4
199 4
20 2
11 2
20 2
11 2
208 4
199 4
199 4
208 4
208 4
199 4
20 2
11 2
20 2
11 2
208 4
199 4
20 4
208 4
208 4
199 4
208 4
208 2
14 2
208 4
199 4
208 4
208 4
208 4
199 4
20 2
11 2
20 2
11 2
208 4
199 4
20 4
208 4
208 4
199 4
208 4
208 2
14 2
208 4
199 2
14 2
199 2
14 2
208 4
208 4
199 4
208 2
11 2
20 2
11 2
208 4
199 4
208 4
208 4
208 4
199 4
208 2
11 2
208 2
11 2
199 4
208 4
199 4
208 4
208 4
199 4
20 2
11 2
20 2
11 2
208 4
199 4
20 4
208 4
208 4
199 4
20 2
11 2
20 2
14 2
20 4
199 2
14 2
208 4
208 4
208 4
199 2
11 2
20 2
11 2
20 2
14 2
208 4
199 4
208 4
208 4
208 4
199 2
11 2
20 2
11 2
20 2
14 2
208 4
199 4
208 4
208 4
208 4
199 2
11 2
20 2
11 2
20 2
14 2
208 4
199 4
208 4
208 4
208 4
199 4
20 2
11 2
20 2
14 2
20 4
199 2
14 2
208 4
208 4
208 4
199 2
11 2
20 2
11 2
20 2
14 2
208 4
199 4
208 4
208 4
208 4
199 2
11 2
20 2
11 2
20 2
14 2
208 4
199 4
208 4
208 4
208 4
199 2
11 2
20 2
11 2
20 2
14 2
208 4
199 4
208 4
208 4
208 4
199 4
20 2
11 2
20 2
14 2
208 4
199 2
14 2
199 2
14 2
208 4
208 4
199 4
20 2
11 2
20 2
11 2
208 4
199 4
20 4
208 4
208 4
199 4
208 4
208 2
14 2
208 4
199 4
208 4
208 4
208 4
199 4
20 2
11 2
20 2
11 2
208 4
199 4
20 4
208 4
208 4
199 4
208 4
208 2
14 2
208 4
199 2
14 2
199 2
14 2
208 4
208 4
199 4
20 2
11 2
20 2
11 2
208 4
199 4
20 4
208 4
208 4
199 4
20 2
11 2
20 2
11 2
208 4
199 4
20 4
208 4
208 4
199 4
20 2
11 2
20 2
11 2
208 4
199 4
20 4
208 4
208 4
199 4
20 2
11 2
20 2
11 2
208 4
199 4
199 4
208 4
208 4
199 4
20 2
11 2
20 2
11 2
208 4
199 4
20 4
208 4
208 4
199 4
208 4
208 2
14 2
208 4
199 4
208 4
208 4
208 4
199 4
20 2
11 2
20 2
11 2
208 4
199 4
20 4
208 4
208 4
199 4
208 4
208 2
14 2
208 4
199 2
14 2
199 2
14 2
208 4
208 4
199 4
208 2
11 2
20 2
11 2
208 4
199 4
208 4
208 4
208 4
199 4
208 2
11 2
208 2
11 2
199 4
208 4
199 4
208 4
208 4
199 4
20 2
11 2
20 2
11 2
208 4
199 4
20 4
208 4
208 4
199 4
20 2
11 2
20 2
14 2
20 4
199 2
14 2
208 4
208 4
208 4
199 2
11 2
20 2
11 2
20 2
14 2
208 4
199 4
208 4
208 4
208 4
199 2
11 2
20 2
11 2
20 2
14 2
208 4
199 4
208 4
208 4
208 4
199 2
11 2
20 2
11 2
20 2
14 2
208 4
199 4
208 4
208 4
208 4
199 4
20 2
11 2
20 2
14 2
20 4
199 2
14 2
208 4
208 4
208 4
199 2
11 2
20 2
11 2
20 2
14 2
208 4
199 4
208 4
208 4
208 4
199 2
11 2
20 2
11 2
20 2
14 2
208 4
199 4
208 4
208 4
208 4
199 2
11 2
20 2
11 2
20 2
14 2
208 4
199 4
208 4
208 4
208 4
199 4
20 2
11 2
20 2
14 2
208 4
199 2
14 2
199 2
14 2
E
S
H
153 11
127 11
153 11
192 7
192 7
153 11
127 11
166 11
153 7
244 7
127 11
153 11
153 11
127 7
127 7
127 11
127 11
127 11
127 7
153 7
153 11
127 11
153 11
192 7
192 7
153 11
127 11
166 11
153 7
244 7
101 11
127 7
153 7
153 11
153 7
127 7
127 11
127 11
127 11
127 2
72 4
127 4
72 12
153 7
72 11
153 2
72 4
153 4
72 12
166 7
72 11
166 2
72 4
166 4
72 12
153 7
72 11
153 2
72 4
153 4
72 12
166 7
72 11
244 2
72 4
244 4
72 4
153 11
127 11
153 11
192 7
192 7
153 11
127 11
166 11
153 7
244 7
127 11
153 11
153 11
127 7
127 7
127 11
127 11
127 11
127 7
153 7
153 11
127 11
153 11
192 7
192 7
153 11
127 11
166 11
153 7
244 7
101 11
127 7
153 7
153 11
153 7
127 7
127 11
127 11
127 11
127 2
72 4
127 4
72 12
153 7
72 11
153 2
72 4
153 4
72 12
166 7
72 11
166 2
72 4
166 4
72 12
153 7
72 11
153 2
72 4
153 4
72 12
166 7
72 11
244 2
72 4
244 4
E
S
H
218 11
192 11
218 11
101 7
244 7
218 11
192 11
218 11
192 7
153 7
166 11
192 11
205 11
218 7
192 7
166 11
166 11
192 11
192 7
192 7
218 11
192 11
218 11
101 7
244 7
218 11
192 11
218 11
192 7
153 7
166 11
192 7
205 7
218 11
218 7
192 7
166 11
166 11
192 11
192 2
72 4
192 4
72 12
218 7
72 11
218 2
72 4
218 4
72 12
218 7
72 11
218 2
72 4
218 4
72 12
218 7
72 11
218 2
72 4
218 4
72 12
218 7
72 11
153 2
72 4
153 4
72 4
218 11
192 11
218 11
101 7
244 7
218 11
192 11
218 11
192 7
153 7
166 11
192 11
205 11
218 7
192 7
166 11
166 11
192 11
192 7
192 7
218 11
192 11
218 11
101 7
244 7
218 11
192 11
218 11
192 7
153 7
166 11
192 7
205 7
218 11
218 7
192 7
166 11
166 11
192 11
192 2
72 4
192 4
72 12
218 7
72 11
218 2
72 4
218 4
72 12
218 7
72 11
218 2
72 4
218 4
72 12
218 7
72 11
218 2
72 4
218 4
72 12
218 7
72 11
153 2
72 4
153 4
E
S
H
101 11
244 11
101 11
153 7
127 7
101 11
244 11
101 11
244 7
192 7
218 11
244 11
244 11
101 7
244 7
218 11
218 11
244 11
244 7
244 7
101 11
244 11
101 11
153 7
127 7
101 11
244 11
101 11
244 7
192 7
218 11
244 7
244 7
101 11
101 7
244 7
218 11
218 11
244 11
244 2
72 4
244 4
72 12
101 7
72 11
101 2
72 4
101 4
72 12
127 7
72 11
127 2
72 4
127 4
72 12
101 7
72 11
101 2
72 4
101 4
72 12
127 7
72 11
127 2
72 4
127 4
72 4
101 11
244 11
101 11
153 7
127 7
101 11
244 11
101 11
244 7
192 7
218 11
244 11
244 11
101 7
244 7
218 11
218 11
244 11
244 7
244 7
101 11
244 11
101 11
153 7
127 7
101 11
244 11
101 11
244 7
192 7
218 11
244 7
244 7
101 11
101 7
244 7
218 11
218 11
244 11
244 2
72 4
244 4
72 12
101 7
72 11
101 2
72 4
101 4
72 12
127 7
72 11
127 2
72 4
127 4
72 12
101 7
72 11
101 2
72 4
101 4
72 12
127 7
72 11
127 2
72 4
127 4
E
X
