minor
S
H
31 4
38 7
34 4
41 7
38 4
45 7
41 4
48 11
72 7
31 4
38 7
34 4
41 7
38 4
45 7
41 4
48 11
72 7
31 4
46 7
45 7
41 7
36 2
45 2
46 4
45 4
41 4
48 4
46 4
45 4
43 4
45 4
43 7
72 4
38 4
72 4
33 9
31 9
33 4
72 4
36 9
31 4
38 7
34 4
41 7
38 4
45 7
41 4
48 11
72 7
31 4
38 7
34 4
41 7
38 4
45 7
41 4
48 11
72 7
31 4
46 7
45 7
41 7
36 2
45 2
46 4
45 4
41 4
48 4
46 4
45 4
43 4
45 4
43 7
72 4
38 4
72 4
33 9
31 9
33 4
72 4
36 9
31 4
38 7
34 4
41 7
38 4
45 7
41 4
48 11
72 7
31 4
38 7
34 4
41 7
38 4
45 7
41 4
48 11
72 7
31 4
46 7
45 7
41 7
36 2
45 2
46 4
45 4
41 4
48 4
46 4
45 4
43 4
45 4
43 7
72 4
38 4
72 4
33 9
31 9
33 4
72 4
36 9
31 4
38 7
34 4
41 7
38 4
45 7
41 4
48 11
72 7
31 4
38 7
34 4
41 7
38 4
45 7
41 4
48 11
72 7
31 4
46 7
45 7
41 7
36 2
45 2
46 4
45 4
41 4
48 4
46 4
45 4
43 4
45 4
43 7
72 4
38 4
72 4
33 9
31 9
33 4
72 4
36 9
31 4
38 7
34 4
41 7
38 4
45 7
41 4
48 11
72 7
31 4
38 7
34 4
41 7
38 4
45 7
41 4
48 11
72 7
31 4
46 7
45 7
41 7
36 2
45 2
46 4
45 4
41 4
48 4
46 4
45 4
43 4
45 4
43 7
72 4
38 4
72 4
33 9
31 9
33 4
72 4
36 9
31 4
38 7
34 4
41 7
38 4
45 7
41 4
48 11
72 7
31 4
38 7
34 4
41 7
38 4
45 7
41 4
48 11
72 7
31 4
46 7
45 7
41 7
36 2
45 2
46 4
45 4
41 4
48 4
46 4
45 4
43 4
45 4
43 7
72 4
38 4
72 4
33 9
31 9
33 4
72 4
36 9
31 4
38 7
34 4
41 7
38 4
45 7
41 4
48 11
72 7
31 4
38 7
34 4
41 7
38 4
45 7
41 4
48 11
72 7
31 4
46 7
45 7
41 7
36 2
45 2
46 4
45 4
41 4
48 4
46 4
45 4
43 4
45 4
43 7
72 4
38 4
72 4
33 9
31 9
33 4
72 4
36 9
31 4
38 7
34 4
41 7
38 4
45 7
41 4
48 11
72 7
31 4
38 7
34 4
41 7
38 4
45 7
41 4
48 11
72 7
31 4
46 7
45 7
41 7
36 2
45 2
46 4
45 4
41 4
48 4
46 4
45 4
43 4
45 4
43 7
72 4
38 4
72 4
33 9
31 9
33 4
72 4
36 9
E
S
H
72 14
55 9
72 4
43 11
72 13
50 9
55 11
72 11
55 9
72 4
53 11
72 7
65 7
60 7
57 7
53 7
72 4
55 12
55 7
57 7
58 7
60 7
72 4
31 4
38 7
34 4
41 7
38 4
45 4
72 4
41 4
48 11
72 7
31 4
38 7
34 4
41 7
38 4
45 4
72 4
41 4
48 11
72 7
31 4
46 7
45 7
41 7
36 2
45 2
46 4
45 4
41 4
48 4
46 4
45 4
43 4
45 2
72 2
43 7
72 4
38 4
72 4
33 9
31 9
33 4
55 9
72 4
43 11
72 7
62 2
58 2
55 2
50 2
58 2
55 2
50 2
46 2
43 2
46 2
50 2
55 2
46 2
50 2
55 2
58 2
72 4
50 9
55 11
65 2
60 2
57 2
53 2
60 2
57 2
53 2
48 2
45 2
48 2
53 2
57 2
48 2
53 2
57 2
60 2
72 4
53 11
72 7
65 7
60 7
57 7
53 7
72 4
55 12
55 7
57 7
58 7
60 7
72 14
55 9
72 4
43 11
72 13
50 9
55 11
72 11
55 9
72 4
53 11
72 7
65 7
60 7
57 7
53 7
72 4
55 12
55 7
57 7
58 7
60 7
72 4
31 4
38 7
34 4
41 7
38 4
45 4
72 4
41 4
48 11
72 7
31 4
38 7
34 4
41 7
38 4
45 4
72 4
41 4
48 11
72 7
31 4
46 7
45 7
41 7
36 2
45 2
46 4
45 4
41 4
48 4
46 4
45 4
43 4
45 2
72 2
43 7
72 4
38 4
72 4
33 9
31 9
33 4
55 9
72 4
43 11
72 7
62 2
58 2
55 2
50 2
58 2
55 2
50 2
46 2
43 2
46 2
50 2
55 2
46 2
50 2
55 2
58 2
72 4
50 9
55 11
65 2
60 2
57 2
53 2
60 2
57 2
53 2
48 2
45 2
48 2
53 2
57 2
48 2
53 2
57 2
60 2
72 4
53 11
72 7
65 7
60 7
57 7
53 7
72 4
55 12
55 7
57 7
58 7
60 7
E
S
H
72 14
55 9
72 4
43 11
72 13
50 9
55 11
72 11
55 9
72 4
53 11
72 7
65 7
60 7
57 7
53 7
72 4
55 12
55 7
57 7
58 7
60 7
72 4
31 4
38 7
34 4
41 7
38 4
45 4
72 4
41 4
48 11
72 7
31 4
38 7
34 4
41 7
38 4
45 4
72 4
41 4
48 11
72 7
31 4
46 7
45 7
41 7
36 2
45 2
46 4
45 4
41 4
48 4
46 4
45 4
43 4
45 2
72 2
43 7
72 4
38 4
72 4
33 9
31 9
33 4
55 9
72 4
43 11
72 7
62 2
58 2
55 2
50 2
58 2
55 2
50 2
46 2
43 2
46 2
50 2
55 2
46 2
50 2
55 2
58 2
72 4
50 9
55 11
65 2
60 2
57 2
53 2
60 2
57 2
53 2
48 2
45 2
48 2
53 2
57 2
48 2
53 2
57 2
60 2
72 4
53 11
72 7
65 7
60 7
57 7
53 7
72 4
55 12
55 7
57 7
58 7
60 4
72 14
55 9
72 4
43 11
72 13
50 9
55 11
72 11
55 9
72 4
53 11
72 7
65 7
60 7
57 7
53 7
72 4
55 12
55 7
57 7
58 7
60 7
72 4
31 4
38 7
34 4
41 7
38 4
45 4
72 4
41 4
48 11
72 7
31 4
38 7
34 4
41 7
38 4
45 4
72 4
41 4
48 11
72 7
31 4
46 7
45 7
41 7
36 2
45 2
46 4
45 4
41 4
48 4
46 4
45 4
43 4
45 2
72 2
43 7
72 4
38 4
72 4
33 9
31 9
33 4
55 9
72 4
43 11
72 7
62 2
58 2
55 2
50 2
58 2
55 2
50 2
46 2
43 2
46 2
50 2
55 2
46 2
50 2
55 2
58 2
72 4
50 9
55 11
65 2
60 2
57 2
53 2
60 2
57 2
53 2
48 2
45 2
48 2
53 2
57 2
48 2
53 2
57 2
60 2
72 4
53 11
72 7
65 7
60 7
57 7
53 7
72 4
55 12
55 7
57 7
58 7
60 4
E
S
L
19 2
19 2
19 2
19 2
19 2
19 2
19 2
19 2
19 2
19 2
19 2
19 2
19 2
19 2
19 2
19 2
19 2
19 2
19 2
19 2
19 2
19 2
19 2
19 2
19 2
19 2
19 2
19 2
19 2
19 2
19 2
19 2
17 2
17 2
17 2
17 2
17 2
17 2
17 2
17 2
17 2
17 2
17 2
17 2
17 2
17 2
17 2
17 2
17 2
17 2
17 2
17 2
17 2
17 2
17 2
17 2
17 2
17 2
17 2
17 2
17 2
17 2
17 2
17 2
15 2
15 2
15 2
15 2
15 2
15 2
15 2
15 2
15 2
15 2
15 2
15 2
15 2
15 2
15 2
15 2
15 2
15 2
15 2
15 2
15 2
15 2
15 2
15 2
15 2
15 2
15 2
15 2
15 2
15 2
15 2
15 2
14 2
14 2
14 2
14 2
14 2
14 2
14 2
14 2
14 2
14 2
14 2
14 2
14 2
14 2
14 2
14 2
14 2
14 2
14 2
14 2
14 2
14 2
14 2
14 2
14 2
14 2
14 2
14 2
14 2
14 2
14 2
14 2
19 2
19 2
19 2
19 2
19 2
19 2
19 2
19 2
19 2
19 2
19 2
19 2
19 2
19 2
19 2
19 2
19 2
19 2
19 2
19 2
19 2
19 2
19 2
19 2
19 2
19 2
19 2
19 2
19 2
19 2
19 2
19 2
17 2
17 2
17 2
17 2
17 2
17 2
17 2
17 2
17 2
17 2
17 2
17 2
17 2
17 2
17 2
17 2
17 2
17 2
17 2
17 2
17 2
17 2
17 2
17 2
17 2
17 2
17 2
17 2
17 2
17 2
17 2
17 2
15 2
15 2
15 2
15 2
15 2
15 2
15 2
15 2
15 2
15 2
15 2
15 2
15 2
15 2
15 2
15 2
15 2
15 2
15 2
15 2
15 2
15 2
15 2
15 2
15 2
15 2
15 2
15 2
15 2
15 2
15 2
15 2
14 2
14 2
14 2
14 2
14 2
14 2
14 2
14 2
14 2
14 2
14 2
14 2
14 2
14 2
14 2
14 2
14 2
14 2
14 2
14 2
14 2
14 2
14 2
14 2
14 2
14 2
14 2
14 2
14 2
14 2
14 2
14 2
19 2
19 2
19 2
19 2
19 2
19 2
19 2
19 2
19 2
19 2
19 2
19 2
19 2
19 2
19 2
19 2
19 2
19 2
19 2
19 2
19 2
19 2
19 2
19 2
19 2
19 2
19 2
19 2
19 2
19 2
19 2
19 2
17 2
17 2
17 2
17 2
17 2
17 2
17 2
17 2
17 2
17 2
17 2
17 2
17 2
17 2
17 2
17 2
17 2
17 2
17 2
17 2
17 2
17 2
17 2
17 2
17 2
17 2
17 2
17 2
17 2
17 2
17 2
17 2
15 2
15 2
15 2
15 2
15 2
15 2
15 2
15 2
15 2
15 2
15 2
15 2
15 2
15 2
15 2
15 2
15 2
15 2
15 2
15 2
15 2
15 2
15 2
15 2
15 2
15 2
15 2
15 2
15 2
15 2
15 2
15 2
14 2
14 2
14 2
14 2
14 2
14 2
14 2
14 2
14 2
14 2
14 2
14 2
14 2
14 2
14 2
14 2
14 2
14 2
14 2
14 2
14 2
14 2
14 2
14 2
14 2
14 2
14 2
14 2
14 2
14 2
14 2
14 2
19 2
19 2
19 2
19 2
19 2
19 2
19 2
19 2
19 2
19 2
19 2
19 2
19 2
19 2
19 2
19 2
19 2
19 2
19 2
19 2
19 2
19 2
19 2
19 2
19 2
19 2
19 2
19 2
19 2
19 2
19 2
19 2
17 2
17 2
17 2
17 2
17 2
17 2
17 2
17 2
17 2
17 2
17 2
17 2
17 2
17 2
17 2
17 2
17 2
17 2
17 2
17 2
17 2
17 2
17 2
17 2
17 2
17 2
17 2
17 2
17 2
17 2
17 2
17 2
15 2
15 2
15 2
15 2
15 2
15 2
15 2
15 2
15 2
15 2
15 2
15 2
15 2
15 2
15 2
15 2
15 2
15 2
15 2
15 2
15 2
15 2
15 2
15 2
15 2
15 2
15 2
15 2
15 2
15 2
15 2
15 2
14 2
14 2
14 2
14 2
14 2
14 2
14 2
14 2
14 2
14 2
14 2
14 2
14 2
14 2
14 2
14 2
14 2
14 2
14 2
14 2
14 2
14 2
14 2
14 2
14 2
14 2
14 2
14 2
14 2
14 2
14 2
14 2
19 2
19 2
19 2
19 2
19 2
19 2
19 2
19 2
19 2
19 2
19 2
19 2
19 2
19 2
19 2
19 2
19 2
19 2
19 2
19 2
19 2
19 2
19 2
19 2
19 2
19 2
19 2
19 2
19 2
19 2
19 2
19 2
17 2
17 2
17 2
17 2
17 2
17 2
17 2
17 2
17 2
17 2
17 2
17 2
17 2
17 2
17 2
17 2
17 2
17 2
17 2
17 2
17 2
17 2
17 2
17 2
17 2
17 2
17 2
17 2
17 2
17 2
17 2
17 2
15 2
15 2
15 2
15 2
15 2
15 2
15 2
15 2
15 2
15 2
15 2
15 2
15 2
15 2
15 2
15 2
15 2
15 2
15 2
15 2
15 2
15 2
15 2
15 2
15 2
15 2
15 2
15 2
15 2
15 2
15 2
15 2
14 2
14 2
14 2
14 2
14 2
14 2
14 2
14 2
14 2
14 2
14 2
14 2
14 2
14 2
14 2
14 2
14 2
14 2
14 2
14 2
14 2
14 2
14 2
14 2
14 2
14 2
14 2
14 2
14 2
14 2
14 2
14 2
19 2
19 2
19 2
19 2
19 2
19 2
19 2
19 2
19 2
19 2
19 2
19 2
19 2
19 2
19 2
19 2
19 2
19 2
19 2
19 2
19 2
19 2
19 2
19 2
19 2
19 2
19 2
19 2
19 2
19 2
19 2
19 2
17 2
17 2
17 2
17 2
17 2
17 2
17 2
17 2
17 2
17 2
17 2
17 2
17 2
17 2
17 2
17 2
17 2
17 2
17 2
17 2
17 2
17 2
17 2
17 2
17 2
17 2
17 2
17 2
17 2
17 2
17 2
17 2
15 2
15 2
15 2
15 2
15 2
15 2
15 2
15 2
15 2
15 2
15 2
15 2
15 2
15 2
15 2
15 2
15 2
15 2
15 2
15 2
15 2
15 2
15 2
15 2
15 2
15 2
15 2
15 2
15 2
15 2
15 2
15 2
14 2
14 2
14 2
14 2
14 2
14 2
14 2
14 2
14 2
14 2
14 2
14 2
14 2
14 2
14 2
14 2
14 2
14 2
14 2
14 2
14 2
14 2
14 2
14 2
14 2
14 2
14 2
14 2
14 2
14 2
14 2
14 2
19 2
19 2
19 2
19 2
19 2
19 2
19 2
19 2
19 2
19 2
19 2
19 2
19 2
19 2
19 2
19 2
19 2
19 2
19 2
19 2
19 2
19 2
19 2
19 2
19 2
19 2
19 2
19 2
19 2
19 2
19 2
19 2
17 2
17 2
17 2
17 2
17 2
17 2
17 2
17 2
17 2
17 2
17 2
17 2
17 2
17 2
17 2
17 2
17 2
17 2
17 2
17 2
17 2
17 2
17 2
17 2
17 2
17 2
17 2
17 2
17 2
17 2
17 2
17 2
15 2
15 2
15 2
15 2
15 2
15 2
15 2
15 2
15 2
15 2
15 2
15 2
15 2
15 2
15 2
15 2
15 2
15 2
15 2
15 2
15 2
15 2
15 2
15 2
15 2
15 2
15 2
15 2
15 2
15 2
15 2
15 2
14 2
14 2
14 2
14 2
14 2
14 2
14 2
14 2
14 2
14 2
14 2
14 2
14 2
14 2
14 2
14 2
14 2
14 2
14 2
14 2
14 2
14 2
14 2
14 2
14 2
14 2
14 2
14 2
14 2
14 2
14 2
14 2
19 2
19 2
19 2
19 2
19 2
19 2
19 2
19 2
19 2
19 2
19 2
19 2
19 2
19 2
19 2
19 2
19 2
19 2
19 2
19 2
19 2
19 2
19 2
19 2
19 2
19 2
19 2
19 2
19 2
19 2
19 2
19 2
17 2
17 2
17 2
17 2
17 2
17 2
17 2
17 2
17 2
17 2
17 2
17 2
17 2
17 2
17 2
17 2
17 2
17 2
17 2
17 2
17 2
17 2
17 2
17 2
17 2
17 2
17 2
17 2
17 2
17 2
17 2
17 2
15 2
15 2
15 2
15 2
15 2
15 2
15 2
15 2
15 2
15 2
15 2
15 2
15 2
15 2
15 2
15 2
15 2
15 2
15 2
15 2
15 2
15 2
15 2
15 2
15 2
15 2
15 2
15 2
15 2
15 2
15 2
15 2
14 2
14 2
14 2
14 2
14 2
14 2
14 2
14 2
14 2
14 2
14 2
14 2
14 2
14 2
14 2
14 2
14 2
14 2
14 2
14 2
14 2
14 2
14 2
14 2
14 2
14 2
14 2
14 2
14 2
14 2
14 2
14 2
E
S
L
199 0
72 7
199 0
72 7
199 0
72 7
199 0
72 7
199 0
72 7
199 0
72 7
199 0
72 7
199 0
72 7
199 0
72 7
199 0
72 7
199 0
72 7
199 0
72 7
199 0
72 7
199 0
72 7
199 0
72 7
199 0
72 7
199 0
72 7
199 0
72 7
199 0
72 7
199 0
72 7
199 0
72 7
199 0
72 7
199 0
72 7
199 0
72 7
199 0
72 7
199 0
72 7
199 0
72 7
199 0
72 7
199 0
72 7
199 0
72 7
199 0
72 4
199 0
72 2
199 0
72 2
199 0
72 4
199 0
72 4
199 0
72 7
199 0
72 7
199 0
72 7
199 0
72 7
199 0
72 7
199 0
72 7
199 0
72 7
199 0
72 7
199 0
72 7
199 0
72 7
199 0
72 7
199 0
72 7
199 0
72 7
199 0
72 7
199 0
72 7
199 0
72 7
199 0
72 7
199 0
72 7
199 0
72 7
199 0
72 7
199 0
72 7
199 0
72 7
199 0
72 7
199 0
72 7
199 0
72 7
199 0
72 7
199 0
72 7
199 0
72 7
199 0
72 7
199 0
72 7
199 0
72 2
199 0
72 2
199 0
72 2
199 0
72 2
199 0
72 4
199 0
72 4
199 0
72 7
199 0
72 7
199 0
72 7
199 0
72 7
199 0
72 7
199 0
72 7
199 0
72 7
199 0
72 7
199 0
72 7
199 0
72 7
199 0
72 7
199 0
72 7
199 0
72 7
199 0
72 7
199 0
72 7
199 0
72 7
199 0
72 7
199 0
72 7
199 0
72 7
199 0
72 7
199 0
72 7
199 0
72 7
199 0
72 7
199 0
72 7
199 0
72 7
199 0
72 7
199 0
72 7
199 0
72 7
199 0
72 7
199 0
72 7
199 0
72 2
199 0
72 2
199 0
72 2
199 0
72 2
199 0
72 4
199 0
72 4
199 0
72 7
199 0
72 7
199 0
72 7
199 0
72 7
199 0
72 7
199 0
72 7
199 0
72 7
199 0
72 7
199 0
72 7
199 0
72 7
199 0
72 7
199 0
72 7
199 0
72 7
199 0
72 7
199 0
72 7
199 0
72 7
199 0
72 7
199 0
72 7
199 0
72 7
199 0
72 7
199 0
72 7
199 0
72 7
199 0
72 7
199 0
72 7
199 0
72 7
199 0
72 7
199 0
72 7
199 0
72 7
199 0
72 7
199 0
72 7
199 0
72 2
199 0
72 2
199 0
72 2
199 0
72 2
199 0
72 4
199 0
72 4
199 0
72 7
199 0
72 7
199 0
72 7
199 0
72 7
199 0
72 7
199 0
72 7
199 0
72 7
199 0
72 7
199 0
72 7
199 0
72 7
199 0
72 7
199 0
72 7
199 0
72 7
199 0
72 7
199 0
72 7
199 0
72 7
199 0
72 7
199 0
72 7
199 0
72 7
199 0
72 7
199 0
72 7
199 0
72 7
199 0
72 7
199 0
72 7
199 0
72 7
199 0
72 7
199 0
72 7
199 0
72 7
199 0
72 7
199 0
72 7
199 0
72 4
199 0
72 2
199 0
72 2
199 0
72 4
199 0
72 4
199 0
72 7
199 0
72 7
199 0
72 7
199 0
72 7
199 0
72 7
199 0
72 7
199 0
72 7
199 0
72 7
199 0
72 7
199 0
72 7
199 0
72 7
199 0
72 7
199 0
72 7
199 0
72 7
199 0
72 7
199 0
72 7
199 0
72 7
199 0
72 7
199 0
72 7
199 0
72 7
199 0
72 7
199 0
72 7
199 0
72 7
199 0
72 7
199 0
72 7
199 0
72 7
199 0
72 7
199 0
72 7
199 0
72 7
199 0
72 7
199 0
72 2
199 0
72 2
199 0
72 2
199 0
72 2
199 0
72 4
199 0
72 4
199 0
72 7
199 0
72 7
199 0
72 7
199 0
72 7
199 0
72 7
199 0
72 7
199 0
72 7
199 0
72 7
199 0
72 7
199 0
72 7
199 0
72 7
199 0
72 7
199 0
72 7
199 0
72 7
199 0
72 7
199 0
72 7
199 0
72 7
199 0
72 7
199 0
72 7
199 0
72 7
199 0
72 7
199 0
72 7
199 0
72 7
199 0
72 7
199 0
72 7
199 0
72 7
199 0
72 7
199 0
72 7
199 0
72 7
199 0
72 7
199 0
72 2
199 0
72 2
199 0
72 2
199 0
72 2
199 0
72 4
199 0
72 4
199 0
72 7
199 0
72 7
199 0
72 7
199 0
72 7
199 0
72 7
199 0
72 7
199 0
72 7
199 0
72 7
199 0
72 7
199 0
72 7
199 0
72 7
199 0
72 7
199 0
72 7
199 0
72 7
199 0
72 7
199 0
72 7
199 0
72 7
199 0
72 7
199 0
72 7
199 0
72 7
199 0
72 7
199 0
72 7
199 0
72 7
199 0
72 7
199 0
72 7
199 0
72 7
199 0
72 7
199 0
72 7
199 0
72 7
199 0
72 7
199 0
72 2
199 0
72 2
199 0
72 2
199 0
72 2
199 0
72 4
199 0
E
X
