minor
S
H
26 12
33 4
72 4
36 11
35 4
33 4
31 7
33 4
72 4
29 12
72 4
24 4
28 4
29 4
31 4
33 4
34 4
36 4
38 7
31 12
43 11
41 4
40 4
38 4
36 4
38 12
41 4
72 4
46 13
45 4
43 4
45 4
41 7
41 4
43 4
72 4
38 11
72 4
33 4
34 4
36 4
45 4
43 4
45 4
41 7
41 4
43 4
72 4
38 13
45 4
43 4
45 4
41 7
41 4
43 4
72 4
43 11
43 4
45 4
46 4
45 7
50 7
49 7
53 7
52 13
26 4
26 4
29 4
28 4
72 4
31 4
72 4
29 4
33 4
72 4
31 4
34 7
37 7
38 14
26 4
26 4
29 4
28 4
72 4
31 4
72 4
29 4
33 4
72 4
31 4
34 7
37 7
38 14
40 4
38 4
40 4
36 7
36 4
38 4
72 4
38 11
72 4
38 4
40 4
41 4
40 13
43 12
72 7
26 12
33 4
72 4
36 11
35 4
33 4
31 7
33 4
72 4
29 12
72 4
24 4
28 4
29 4
31 4
33 4
34 4
36 4
38 7
31 12
43 11
41 4
40 4
38 4
36 4
38 12
41 4
72 4
46 13
45 4
43 4
45 4
41 7
41 4
43 4
72 4
38 11
72 4
33 4
34 4
36 4
45 4
43 4
45 4
41 7
41 4
43 4
72 4
38 13
45 4
43 4
45 4
41 7
41 4
43 4
72 4
43 11
43 4
45 4
46 4
45 7
50 7
49 7
53 7
52 13
26 4
26 4
29 4
28 4
72 4
31 4
72 4
29 4
33 4
72 4
31 4
34 7
37 7
38 14
26 4
26 4
29 4
28 4
72 4
31 4
72 4
29 4
33 4
72 4
31 4
34 7
37 7
38 14
40 4
38 4
40 4
36 7
36 4
38 4
72 4
38 11
72 4
38 4
40 4
41 4
40 13
43 12
E
S
H
26 12
33 4
72 4
36 11
35 4
33 4
31 7
33 4
72 4
29 12
72 4
24 4
28 4
29 4
31 4
33 4
34 4
36 4
38 7
31 12
43 11
41 4
40 4
38 4
36 4
38 12
41 4
72 4
46 13
45 4
43 4
45 4
41 7
41 4
43 4
72 4
38 11
72 4
33 4
34 4
36 4
45 4
43 4
45 4
41 7
41 4
43 4
72 4
38 13
45 4
43 4
45 4
41 7
41 4
43 4
72 4
43 11
43 4
45 4
46 4
45 7
50 7
49 7
53 7
52 13
26 4
26 4
29 4
28 4
72 4
31 4
72 4
29 4
33 4
72 4
31 4
34 7
37 7
38 14
26 4
26 4
29 4
28 4
72 4
31 4
72 4
29 4
33 4
72 4
31 4
34 7
37 7
38 14
40 4
38 4
40 4
36 7
36 4
38 4
72 4
38 11
72 4
38 4
40 4
41 4
40 13
43 12
72 7
26 12
33 4
72 4
36 11
35 4
33 4
31 7
33 4
72 4
29 12
72 4
24 4
28 4
29 4
31 4
33 4
34 4
36 4
38 7
31 12
43 11
41 4
40 4
38 4
36 4
38 12
41 4
72 4
46 13
45 4
43 4
45 4
41 7
41 4
43 4
72 4
38 11
72 4
33 4
34 4
36 4
45 4
43 4
45 4
41 7
41 4
43 4
72 4
38 13
45 4
43 4
45 4
41 7
41 4
43 4
72 4
43 11
43 4
45 4
46 4
45 7
50 7
49 7
53 7
52 13
26 4
26 4
29 4
28 4
72 4
31 4
72 4
29 4
33 4
72 4
31 4
34 7
37 7
38 14
26 4
26 4
29 4
28 4
72 4
31 4
72 4
29 4
33 4
72 4
31 4
34 7
37 7
38 14
40 4
38 4
40 4
36 7
36 4
38 4
72 4
38 11
72 4
38 4
40 4
41 4
40 13
43 12
E
S
L
72 12
26 4
72 4
33 11
72 11
29 4
72 4
24 12
72 6
24 4
28 4
29 4
31 4
33 4
34 4
36 2
34 7
26 12
38 11
38 4
36 4
34 4
33 4
34 12
38 4
72 4
41 13
26 0
72 4
26 0
72 4
26 0
72 4
38 0
72 4
26 0
72 4
26 0
72 4
38 0
72 4
26 0
72 4
26 0
72 4
26 0
72 4
26 0
72 4
38 0
72 4
26 0
72 2
38 0
72 2
38 0
72 2
38 0
72 2
26 0
72 2
38 0
72 2
38 0
72 2
38 0
72 2
29 0
72 4
29 0
72 4
29 0
72 4
41 0
72 4
29 0
72 4
29 0
72 4
41 0
72 4
29 0
72 4
29 0
72 4
29 0
72 4
29 0
72 4
41 0
72 4
29 0
72 2
41 0
72 2
41 0
72 2
41 0
72 2
29 0
72 2
41 0
72 2
41 0
72 2
41 0
72 2
31 0
72 4
31 0
72 4
31 0
72 4
43 0
72 4
31 0
72 4
31 0
72 4
43 0
72 4
31 0
72 4
31 0
72 4
31 0
72 4
31 0
72 4
43 0
72 4
31 0
72 4
31 0
72 4
43 0
72 4
31 0
72 4
33 0
72 4
45 0
72 4
33 0
72 4
45 0
72 4
33 0
72 4
45 0
72 4
33 0
72 4
45 0
72 11
69 0
72 2
67 0
72 2
66 0
72 2
64 0
72 2
62 0
72 2
60 0
72 2
59 0
72 2
57 0
72 2
55 0
72 6
26 4
26 4
29 4
28 4
72 4
31 4
72 4
29 4
33 4
72 4
31 4
34 7
37 7
72 8
44 11
45 13
72 6
26 4
26 4
29 4
28 4
72 4
31 4
72 4
29 4
33 4
72 4
31 4
34 7
37 7
72 8
44 11
45 11
41 11
72 6
40 4
38 4
40 4
36 7
36 4
38 4
72 4
38 11
72 4
38 4
40 4
41 4
40 13
43 12
72 12
26 4
72 4
33 11
72 11
29 4
72 4
24 12
72 6
24 4
28 4
29 4
31 4
33 4
34 4
36 2
34 7
26 12
38 11
38 4
36 4
34 4
33 4
34 12
38 4
72 4
41 13
26 0
72 4
26 0
72 4
26 0
72 4
38 0
72 4
26 0
72 4
26 0
72 4
38 0
72 4
26 0
72 4
26 0
72 4
26 0
72 4
26 0
72 4
38 0
72 4
26 0
72 2
38 0
72 2
38 0
72 2
38 0
72 2
26 0
72 2
38 0
72 2
38 0
72 2
38 0
72 2
29 0
72 4
29 0
72 4
29 0
72 4
41 0
72 4
29 0
72 4
29 0
72 4
41 0
72 4
29 0
72 4
29 0
72 4
29 0
72 4
29 0
72 4
41 0
72 4
29 0
72 2
41 0
72 2
41 0
72 2
41 0
72 2
29 0
72 2
41 0
72 2
41 0
72 2
41 0
72 2
31 0
72 4
31 0
72 4
31 0
72 4
43 0
72 4
31 0
72 4
31 0
72 4
43 0
72 4
31 0
72 4
31 0
72 4
31 0
72 4
31 0
72 4
43 0
72 4
31 0
72 4
31 0
72 4
43 0
72 4
31 0
72 4
33 0
72 4
45 0
72 4
33 0
72 4
45 0
72 4
33 0
72 4
45 0
72 4
33 0
72 4
45 0
72 11
69 0
72 2
67 0
72 2
66 0
72 2
64 0
72 2
62 0
72 2
60 0
72 2
59 0
72 2
57 0
72 2
55 0
72 6
26 4
26 4
29 4
28 4
72 4
31 4
72 4
29 4
33 4
72 4
31 4
34 7
37 7
72 8
44 11
45 13
72 6
26 4
26 4
29 4
28 4
72 4
31 4
72 4
29 4
33 4
72 4
31 4
34 7
37 7
72 8
44 11
45 11
41 11
72 6
40 4
38 4
40 4
36 7
36 4
38 4
72 4
38 11
72 4
38 4
40 4
41 4
40 13
43 12
E
S
L
14 4
14 4
14 4
14 4
14 4
14 4
14 4
14 4
14 4
14 4
14 4
14 4
14 4
14 4
14 4
14 4
17 4
17 4
17 4
17 4
17 4
17 4
17 4
17 4
17 4
17 4
17 4
17 4
17 4
17 4
17 4
17 4
19 4
19 4
19 4
19 4
19 4
19 4
19 4
19 4
19 4
19 4
19 4
19 4
19 4
19 4
19 4
19 4
22 4
22 4
22 4
22 4
22 4
22 4
22 4
22 4
22 4
22 4
22 4
22 4
22 4
22 4
22 4
22 4
14 4
14 4
14 4
14 4
14 4
14 4
14 4
14 4
14 4
14 4
14 4
14 4
14 4
14 4
14 4
14 4
17 4
17 4
17 4
17 4
17 4
17 4
17 4
17 4
17 4
17 4
17 4
17 4
17 4
17 4
17 4
17 4
19 4
19 4
19 4
19 4
19 4
19 4
19 4
19 4
19 4
19 4
19 4
19 4
19 4
19 4
19 4
19 4
21 4
21 4
21 4
21 4
21 4
21 4
21 4
21 4
21 4
21 4
21 4
21 4
21 4
21 4
21 4
21 4
14 4
14 4
14 4
14 4
14 4
14 4
14 4
14 4
14 4
14 4
14 4
14 4
14 4
14 4
14 4
14 4
14 4
14 4
14 4
14 4
14 4
14 4
14 4
14 4
14 4
14 4
14 4
14 4
14 4
14 4
14 4
12 4
12 4
12 4
12 4
12 4
12 4
12 4
12 4
12 4
12 4
12 4
12 4
12 4
12 4
12 4
12 4
12 4
12 4
12 4
12 4
12 4
12 4
12 4
12 4
12 4
12 4
12 4
12 4
12 4
12 4
12 4
10 4
10 4
10 4
10 4
10 4
10 4
10 4
10 4
10 4
10 4
10 4
10 4
10 4
10 4
10 4
10 4
12 4
12 4
12 4
12 4
12 4
12 4
12 4
12 4
12 4
12 4
12 4
12 4
12 4
12 4
12 4
12 4
14 4
14 4
14 4
14 4
14 4
14 4
14 4
14 4
14 4
14 4
14 4
14 4
14 4
14 4
14 4
14 4
17 4
17 4
17 4
17 4
17 4
17 4
17 4
17 4
17 4
17 4
17 4
17 4
17 4
17 4
17 4
17 4
19 4
19 4
19 4
19 4
19 4
19 4
19 4
19 4
19 4
19 4
19 4
19 4
19 4
19 4
19 4
19 4
22 4
22 4
22 4
22 4
22 4
22 4
22 4
22 4
22 4
22 4
22 4
22 4
22 4
22 4
22 4
22 4
14 4
14 4
14 4
14 4
14 4
14 4
14 4
14 4
14 4
14 4
14 4
14 4
14 4
14 4
14 4
14 4
17 4
17 4
17 4
17 4
17 4
17 4
17 4
17 4
17 4
17 4
17 4
17 4
17 4
17 4
17 4
17 4
19 4
19 4
19 4
19 4
19 4
19 4
19 4
19 4
19 4
19 4
19 4
19 4
19 4
19 4
19 4
19 4
21 4
21 4
21 4
21 4
21 4
21 4
21 4
21 4
21 4
21 4
21 4
21 4
21 4
21 4
21 4
21 4
14 4
14 4
14 4
14 4
14 4
14 4
14 4
14 4
14 4
14 4
14 4
14 4
14 4
14 4
14 4
14 4
14 4
14 4
14 4
14 4
14 4
14 4
14 4
14 4
14 4
14 4
14 4
14 4
14 4
14 4
14 4
12 4
12 4
12 4
12 4
12 4
12 4
12 4
12 4
12 4
12 4
12 4
12 4
12 4
12 4
12 4
12 4
12 4
12 4
12 4
12 4
12 4
12 4
12 4
12 4
12 4
12 4
12 4
12 4
12 4
12 4
12 4
10 4
10 4
10 4
10 4
10 4
10 4
10 4
10 4
10 4
10 4
10 4
10 4
10 4
10 4
10 4
10 4
12 4
12 4
12 4
12 4
12 4
12 4
12 4
12 4
12 4
12 4
12 4
12 4
12 4
12 4
12 4
12 4
E
S
L
208 0
72 4
208 0
72 4
199 0
72 7
208 0
72 4
208 0
72 4
199 0
72 4
208 0
72 4
208 0
72 4
208 0
72 4
199 0
72 7
208 0
72 4
208 0
72 4
199 0
72 4
208 0
72 4
208 0
72 4
208 0
72 4
199 0
72 7
208 0
72 4
208 0
72 4
199 0
72 4
208 0
72 4
208 0
72 4
208 0
72 4
199 0
72 7
208 0
72 4
208 0
72 4
199 0
72 4
208 0
72 4
208 0
72 4
208 0
72 4
199 0
72 7
208 0
72 4
208 0
72 4
199 0
72 4
208 0
72 4
208 0
72 4
208 0
72 4
199 0
72 7
208 0
72 4
208 0
72 4
199 0
72 4
208 0
72 4
208 0
72 4
208 0
72 4
199 0
72 7
208 0
72 4
208 0
72 4
199 0
72 4
208 0
72 4
208 0
72 4
208 0
72 4
199 0
72 7
208 0
72 4
208 0
72 4
199 0
72 4
199 0
72 2
199 0
72 2
208 0
72 4
208 0
72 2
208 0
72 2
199 0
72 4
208 0
72 2
208 0
72 2
208 0
72 4
208 0
72 2
208 0
72 2
199 0
72 4
208 0
72 2
208 0
72 2
208 0
72 4
208 0
72 2
208 0
72 2
199 0
72 4
208 0
72 2
208 0
72 2
208 0
72 4
208 0
72 2
208 0
72 2
199 0
72 2
199 0
72 2
199 0
72 2
199 0
72 2
208 0
72 4
208 0
72 2
208 0
72 2
199 0
72 4
208 0
72 2
208 0
72 2
208 0
72 4
208 0
72 2
208 0
72 2
199 0
72 4
208 0
72 2
208 0
72 2
208 0
72 4
208 0
72 2
208 0
72 2
199 0
72 4
208 0
72 2
208 0
72 2
208 0
72 4
208 0
72 2
208 0
72 2
199 0
72 2
199 0
72 2
199 0
72 2
199 0
72 2
208 0
72 4
208 0
72 2
208 0
72 2
199 0
72 4
208 0
72 2
208 0
72 2
208 0
72 4
208 0
72 2
208 0
72 2
199 0
72 4
208 0
72 2
208 0
72 2
208 0
72 4
208 0
72 2
208 0
72 2
199 0
72 4
208 0
72 2
208 0
72 2
208 0
72 4
208 0
72 2
208 0
72 2
199 0
72 4
208 0
72 2
208 0
72 2
208 0
72 4
208 0
72 2
208 0
72 2
199 0
72 4
208 0
72 2
208 0
72 2
208 0
72 4
208 0
72 2
208 0
72 2
199 0
72 4
208 0
72 2
208 0
72 2
208 0
72 4
208 0
72 2
208 0
72 2
199 0
72 4
208 0
72 2
208 0
72 2
208 0
72 4
208 0
72 2
208 0
72 2
199 0
72 4
199 0
72 2
199 0
72 2
208 0
72 4
208 0
72 4
199 0
72 4
208 0
72 4
208 0
72 4
199 0
72 4
208 0
72 4
208 0
72 4
208 0
72 4
208 0
72 4
208 0
72 4
208 0
72 4
208 0
72 4
208 0
72 4
208 0
72 4
208 0
72 4
208 0
72 4
208 0
72 4
208 0
72 4
208 0
72 4
208 0
72 4
208 0
72 4
208 0
72 4
208 0
72 4
208 0
72 4
208 0
72 4
208 0
72 4
208 0
72 4
208 0
72 4
208 0
72 4
208 0
72 4
208 0
72 4
208 0
72 4
199 0
72 4
208 0
72 4
208 0
72 4
199 0
72 4
208 0
72 4
208 0
72 4
208 0
72 4
208 0
72 4
208 0
72 4
208 0
72 4
208 0
72 4
208 0
72 4
208 0
72 4
208 0
72 4
208 0
72 4
199 0
72 4
208 0
72 4
208 0
72 4
199 0
72 4
208 0
72 4
208 0
72 4
208 0
72 4
208 0
72 4
208 0
72 4
208 0
72 4
208 0
72 4
199 0
72 4
208 0
72 4
208 0
72 4
208 0
72 4
208 0
72 4
199 0
72 4
208 0
72 4
208 0
72 4
208 0
72 4
199 0
72 4
208 0
72 4
208 0
72 4
208 0
72 4
199 0
72 4
208 0
72 4
208 0
72 4
208 0
72 4
199 0
72 4
208 0
72 4
208 0
72 4
208 0
72 4
199 0
72 4
208 0
72 4
208 0
72 4
208 0
72 4
199 0
72 4
208 0
72 4
208 0
72 4
208 0
72 4
199 0
72 4
208 0
72 4
199 0
72 2
199 0
72 2
199 0
72 2
199 0
72 2
199 0
72 4
199 0
72 4
208 0
72 4
208 0
72 4
199 0
72 7
208 0
72 4
208 0
72 4
199 0
72 4
208 0
72 4
208 0
72 4
208 0
72 4
199 0
72 7
208 0
72 4
208 0
72 4
199 0
72 4
208 0
72 4
208 0
72 4
208 0
72 4
199 0
72 7
208 0
72 4
208 0
72 4
199 0
72 4
208 0
72 4
208 0
72 4
208 0
72 4
199 0
72 7
208 0
72 4
208 0
72 4
199 0
72 4
208 0
72 4
208 0
72 4
208 0
72 4
199 0
72 7
208 0
72 4
208 0
72 4
199 0
72 4
208 0
72 4
208 0
72 4
208 0
72 4
199 0
72 7
208 0
72 4
208 0
72 4
199 0
72 4
208 0
72 4
208 0
72 4
208 0
72 4
199 0
72 7
208 0
72 4
208 0
72 4
199 0
72 4
208 0
72 4
208 0
72 4
208 0
72 4
199 0
72 7
208 0
72 4
208 0
72 4
199 0
72 4
199 0
72 2
199 0
72 2
208 0
72 4
208 0
72 2
208 0
72 2
199 0
72 4
208 0
72 2
208 0
72 2
208 0
72 4
208 0
72 2
208 0
72 2
199 0
72 4
208 0
72 2
208 0
72 2
208 0
72 4
208 0
72 2
208 0
72 2
199 0
72 4
208 0
72 2
208 0
72 2
208 0
72 4
208 0
72 2
208 0
72 2
199 0
72 2
199 0
72 2
199 0
72 2
199 0
72 2
208 0
72 4
208 0
72 2
208 0
72 2
199 0
72 4
208 0
72 2
208 0
72 2
208 0
72 4
208 0
72 2
208 0
72 2
199 0
72 4
208 0
72 2
208 0
72 2
208 0
72 4
208 0
72 2
208 0
72 2
199 0
72 4
208 0
72 2
208 0
72 2
208 0
72 4
208 0
72 2
208 0
72 2
199 0
72 2
199 0
72 2
199 0
72 2
199 0
72 2
208 0
72 4
208 0
72 2
208 0
72 2
199 0
72 4
208 0
72 2
208 0
72 2
208 0
72 4
208 0
72 2
208 0
72 2
199 0
72 4
208 0
72 2
208 0
72 2
208 0
72 4
208 0
72 2
208 0
72 2
199 0
72 4
208 0
72 2
208 0
72 2
208 0
72 4
208 0
72 2
208 0
72 2
199 0
72 4
208 0
72 2
208 0
72 2
208 0
72 4
208 0
72 2
208 0
72 2
199 0
72 4
208 0
72 2
208 0
72 2
208 0
72 4
208 0
72 2
208 0
72 2
199 0
72 4
208 0
72 2
208 0
72 2
208 0
72 4
208 0
72 2
208 0
72 2
199 0
72 4
208 0
72 2
208 0
72 2
208 0
72 4
208 0
72 2
208 0
72 2
199 0
72 4
199 0
72 2
199 0
72 2
208 0
72 4
208 0
72 4
199 0
72 4
208 0
72 4
208 0
72 4
199 0
72 4
208 0
72 4
208 0
72 4
208 0
72 4
208 0
72 4
208 0
72 4
208 0
72 4
208 0
72 4
208 0
72 4
208 0
72 4
208 0
72 4
208 0
72 4
208 0
72 4
208 0
72 4
208 0
72 4
208 0
72 4
208 0
72 4
208 0
72 4
208 0
72 4
208 0
72 4
208 0
72 4
208 0
72 4
208 0
72 4
208 0
72 4
208 0
72 4
208 0
72 4
208 0
72 4
208 0
72 4
199 0
72 4
208 0
72 4
208 0
72 4
199 0
72 4
208 0
72 4
208 0
72 4
208 0
72 4
208 0
72 4
208 0
72 4
208 0
72 4
208 0
72 4
208 0
72 4
208 0
72 4
208 0
72 4
208 0
72 4
199 0
72 4
208 0
72 4
208 0
72 4
199 0
72 4
208 0
72 4
208 0
72 4
208 0
72 4
208 0
72 4
208 0
72 4
208 0
72 4
208 0
72 4
199 0
72 4
208 0
72 4
208 0
72 4
208 0
72 4
208 0
72 4
199 0
72 4
208 0
72 4
208 0
72 4
208 0
72 4
199 0
72 4
208 0
72 4
208 0
72 4
208 0
72 4
199 0
72 4
208 0
72 4
208 0
72 4
208 0
72 4
199 0
72 4
208 0
72 4
208 0
72 4
208 0
72 4
199 0
72 4
208 0
72 4
208 0
72 4
208 0
72 4
199 0
72 4
208 0
72 4
208 0
72 4
208 0
72 4
199 0
72 4
208 0
72 4
199 0
72 2
199 0
72 2
199 0
72 2
199 0
72 2
199 0
72 4
199 0
E
X
