minor
S
H
47 4
43 7
38 7
38 4
40 4
42 4
43 11
48 11
47 4
45 7
45 7
45 4
47 4
45 4
45 11
43 11
46 4
46 7
53 7
51 4
50 4
48 4
50 11
43 11
46 4
46 7
46 7
46 4
48 4
50 4
48 11
53 11
55 4
55 7
58 7
55 4
53 4
50 4
53 4
53 7
55 11
72 4
50 4
50 7
53 7
50 4
48 4
46 4
43 4
43 7
48 11
72 4
45 11
72 13
47 4
43 7
38 7
38 4
40 4
42 4
43 11
48 11
47 4
45 7
45 7
45 4
47 4
45 4
45 11
43 11
46 4
46 7
53 7
51 4
50 4
48 4
50 11
43 11
46 4
46 7
46 7
46 4
48 4
50 4
48 11
53 11
55 4
55 7
58 7
55 4
53 4
50 4
53 4
53 7
55 11
72 4
50 4
50 7
53 7
50 4
48 4
46 4
43 4
43 7
48 11
72 4
45 11
E
S
H
72 4
59 4
55 7
50 7
50 4
52 4
54 4
55 11
60 11
59 4
57 7
57 7
57 4
59 4
57 4
57 11
55 11
58 4
58 7
65 7
63 4
62 4
60 4
62 11
55 11
58 4
58 7
58 7
58 4
60 4
62 4
60 11
65 11
67 4
67 7
70 7
67 4
65 4
62 4
65 4
65 7
67 11
72 4
62 4
62 7
65 7
62 4
60 4
58 4
55 4
55 7
60 11
72 4
57 11
72 13
59 4
55 7
50 7
50 4
52 4
54 4
55 11
60 11
59 4
57 7
57 7
57 4
59 4
57 4
57 11
55 11
58 4
58 7
65 7
63 4
62 4
60 4
62 11
55 11
58 4
58 7
58 7
58 4
60 4
62 4
60 11
65 11
67 4
67 7
70 7
67 4
65 4
62 4
65 4
65 7
67 11
72 4
62 4
62 7
65 7
62 4
60 4
58 4
55 4
55 7
60 11
72 4
57 11
E
S
H
72 4
47 4
43 7
38 7
38 4
40 4
42 4
43 11
48 11
47 4
45 7
45 7
45 4
47 4
45 4
45 11
43 11
46 4
46 7
53 7
51 4
50 4
48 4
50 11
43 11
46 4
46 7
46 7
46 4
48 4
50 4
48 11
53 11
55 4
55 7
58 7
55 4
53 4
50 4
53 4
53 7
55 11
72 4
50 4
50 7
53 7
50 4
48 4
46 4
43 4
43 7
48 11
72 4
45 11
72 13
47 4
43 7
38 7
38 4
40 4
42 4
43 11
48 11
47 4
45 7
45 7
45 4
47 4
45 4
45 11
43 11
46 4
46 7
53 7
51 4
50 4
48 4
50 11
43 11
46 4
46 7
46 7
46 4
48 4
50 4
48 11
53 11
55 4
55 7
58 7
55 4
53 4
50 4
53 4
53 7
55 11
72 4
50 4
50 7
53 7
50 4
48 4
46 4
43 4
43 7
48 11
72 4
45 11
E
S
L
19 4
19 7
31 7
19 4
23 4
26 4
12 7
24 7
12 7
24 7
14 4
14 7
26 7
14 4
21 4
26 4
19 7
31 7
19 7
31 7
17 4
17 7
29 7
17 4
24 4
29 4
19 7
31 7
19 7
31 7
12 4
12 7
24 7
12 4
19 4
24 4
14 7
14 7
26 7
26 7
19 4
19 7
31 7
19 4
26 4
31 4
15 4
15 7
27 7
24 4
22 4
19 4
14 4
14 7
26 7
14 4
21 4
26 4
12 4
12 7
24 7
12 4
19 4
24 4
14 4
14 4
72 4
14 7
14 4
14 4
14 4
26 4
26 4
72 4
26 7
26 4
26 4
26 4
19 4
19 7
31 7
19 4
23 4
26 4
12 7
24 7
12 7
24 7
14 4
14 7
26 7
14 4
21 4
26 4
19 7
31 7
19 7
31 7
17 4
17 7
29 7
17 4
24 4
29 4
19 7
31 7
19 7
31 7
12 4
12 7
24 7
12 4
19 4
24 4
14 7
14 7
26 7
26 7
19 4
19 7
31 7
19 4
26 4
31 4
15 4
15 7
27 7
24 4
22 4
19 4
14 4
14 7
26 7
14 4
21 4
26 4
12 4
12 7
24 7
12 4
19 4
24 4
14 4
14 4
72 4
14 7
14 4
14 4
14 4
26 4
26 4
72 4
26 7
26 4
26 4
26 4
E
S
L
72 7
199 0
72 11
199 0
72 4
199 0
72 9
199 0
72 11
199 0
72 11
199 0
72 11
199 0
72 4
199 0
72 9
199 0
72 11
199 0
72 11
199 0
72 11
199 0
72 4
199 0
72 9
199 0
72 11
199 0
72 11
199 0
72 11
199 0
72 4
199 0
72 9
199 0
72 11
199 0
72 11
199 0
72 11
199 0
72 4
199 0
72 9
199 0
72 11
199 0
72 11
199 0
72 11
199 0
72 4
199 0
72 9
199 0
72 11
199 0
72 11
199 0
72 11
199 0
72 4
199 0
72 9
199 0
72 11
199 0
72 11
199 0
72 11
199 0
72 4
199 0
72 9
199 0
72 11
199 0
72 11
199 0
72 11
199 0
72 4
199 0
72 9
199 0
72 11
199 0
72 11
199 0
72 11
199 0
72 4
199 0
72 9
199 0
72 11
199 0
72 11
199 0
72 11
199 0
72 4
199 0
72 9
199 0
72 11
199 0
72 11
199 0
72 11
199 0
72 4
199 0
72 9
199 0
72 11
199 0
72 11
199 0
72 11
199 0
72 4
199 0
72 9
199 0
72 11
199 0
72 11
199 0
72 11
199 0
72 4
199 0
72 9
199 0
72 11
199 0
E
X
