minor
S
H
38 9
45 9
41 7
44 13
38 9
46 9
45 7
44 13
41 13
40 9
41 9
44 7
45 13
40 13
38 13
33 13
31 13
34 9
37 9
40 7
38 9
45 9
41 7
44 13
38 9
46 9
45 7
44 13
41 13
40 9
41 9
44 7
45 13
40 13
38 13
33 13
31 13
34 9
37 9
40 7
E
S
H
72 4
38 7
38 4
45 7
45 4
41 7
44 7
44 4
45 7
45 7
45 4
38 7
38 4
46 7
46 4
45 7
44 7
44 4
40 7
40 7
40 4
41 7
41 7
41 7
41 7
40 7
40 4
41 7
41 4
44 7
45 7
45 7
45 7
45 7
40 7
40 7
40 7
40 7
38 7
38 7
38 7
38 7
33 7
33 7
33 7
33 7
31 7
31 7
31 7
31 7
34 7
34 4
37 7
37 4
40 4
72 4
38 7
38 4
45 7
45 4
41 7
44 7
44 4
45 7
45 7
45 4
38 7
38 4
46 7
46 4
45 7
44 7
44 4
40 7
40 7
40 4
41 7
41 7
41 7
41 7
40 7
40 4
41 7
41 4
44 7
45 7
45 7
45 7
45 7
40 7
40 7
40 7
40 7
38 7
38 7
38 7
38 7
33 7
33 7
33 7
33 7
31 7
31 7
31 7
31 7
34 7
34 4
37 7
37 4
40 4
E
S
L
26 4
26 4
26 4
26 4
26 4
26 4
26 4
26 4
29 4
29 4
29 4
29 4
29 4
29 4
29 4
29 4
26 4
26 4
26 4
26 4
26 4
26 4
26 4
26 4
29 4
29 4
29 4
29 4
29 4
29 4
29 4
29 4
26 4
26 4
26 4
26 4
26 4
26 4
26 4
26 4
29 4
29 4
29 4
29 4
29 4
29 4
29 4
29 4
26 4
26 4
26 4
26 4
26 4
26 4
26 4
26 4
21 4
21 4
21 4
21 4
21 4
21 4
21 4
21 4
26 4
26 4
26 4
26 4
26 4
26 4
26 4
26 4
25 4
25 4
25 4
25 4
25 4
25 4
25 4
25 4
28 4
28 4
28 4
28 4
28 4
28 4
28 4
28 4
22 4
22 4
22 4
22 4
22 4
22 4
22 4
22 4
26 4
26 4
26 4
26 4
26 4
26 4
26 4
26 4
29 4
29 4
29 4
29 4
29 4
29 4
29 4
29 4
26 4
26 4
26 4
26 4
26 4
26 4
26 4
26 4
29 4
29 4
29 4
29 4
29 4
29 4
29 4
29 4
26 4
26 4
26 4
26 4
26 4
26 4
26 4
26 4
29 4
29 4
29 4
29 4
29 4
29 4
29 4
29 4
26 4
26 4
26 4
26 4
26 4
26 4
26 4
26 4
21 4
21 4
21 4
21 4
21 4
21 4
21 4
21 4
26 4
26 4
26 4
26 4
26 4
26 4
26 4
26 4
25 4
25 4
25 4
25 4
25 4
25 4
25 4
25 4
28 4
28 4
28 4
28 4
28 4
28 4
28 4
28 4
22 4
22 4
22 4
22 4
22 4
22 4
22 4
22 4
E
S
L
208 0
72 4
208 0
72 4
199 0
72 4
208 0
72 4
208 0
72 4
208 0
72 4
199 0
72 4
208 0
72 4
208 0
72 4
208 0
72 4
199 0
72 4
208 0
72 4
208 0
72 4
208 0
72 4
199 0
72 4
208 0
72 4
208 0
72 4
208 0
72 4
199 0
72 4
208 0
72 4
208 0
72 4
208 0
72 4
199 0
72 4
208 0
72 4
208 0
72 4
208 0
72 4
199 0
72 4
208 0
72 4
208 0
72 4
208 0
72 4
199 0
72 4
208 0
72 4
208 0
72 4
208 0
72 4
199 0
72 4
208 0
72 4
208 0
72 4
208 0
72 4
199 0
72 4
208 0
72 4
208 0
72 4
208 0
72 4
199 0
72 4
208 0
72 4
208 0
72 4
208 0
72 4
199 0
72 4
208 0
72 4
208 0
72 4
208 0
72 4
199 0
72 4
208 0
72 4
208 0
72 4
208 0
72 4
199 0
72 4
208 0
72 4
208 0
72 4
208 0
72 4
199 0
72 4
208 0
72 4
199 0
72 4
208 0
72 4
199 0
72 2
199 0
72 2
199 0
72 4
208 0
72 4
208 0
72 4
199 0
72 4
208 0
72 4
208 0
72 4
208 0
72 4
199 0
72 4
208 0
72 4
208 0
72 4
208 0
72 4
199 0
72 4
208 0
72 4
208 0
72 4
208 0
72 4
199 0
72 4
208 0
72 4
208 0
72 4
208 0
72 4
199 0
72 4
208 0
72 4
208 0
72 4
208 0
72 4
199 0
72 4
208 0
72 4
208 0
72 4
208 0
72 4
199 0
72 4
208 0
72 4
199 0
72 2
199 0
72 4
199 0
72 2
199 0
72 2
199 0
72 2
199 0
72 4
208 0
72 4
208 0
72 4
199 0
72 4
208 0
72 4
208 0
72 4
208 0
72 4
199 0
72 4
208 0
72 4
208 0
72 4
208 0
72 4
199 0
72 4
208 0
72 4
208 0
72 4
208 0
72 4
199 0
72 4
208 0
72 4
208 0
72 4
208 0
72 4
199 0
72 4
208 0
72 4
208 0
72 4
208 0
72 4
199 0
72 4
208 0
72 4
208 0
72 4
208 0
72 4
199 0
72 4
208 0
72 4
208 0
72 4
208 0
72 4
199 0
72 4
208 0
72 4
208 0
72 4
208 0
72 4
199 0
72 4
208 0
72 4
208 0
72 4
208 0
72 4
199 0
72 4
208 0
72 4
208 0
72 4
208 0
72 4
199 0
72 4
208 0
72 4
208 0
72 4
208 0
72 4
199 0
72 4
208 0
72 4
208 0
72 4
208 0
72 4
199 0
72 4
208 0
72 4
208 0
72 4
208 0
72 4
199 0
72 4
208 0
72 4
208 0
72 4
208 0
72 4
199 0
72 4
208 0
72 4
199 0
72 4
208 0
72 4
199 0
72 2
199 0
72 2
199 0
72 4
208 0
72 4
208 0
72 4
199 0
72 4
208 0
72 4
208 0
72 4
208 0
72 4
199 0
72 4
208 0
72 4
208 0
72 4
208 0
72 4
199 0
72 4
208 0
72 4
208 0
72 4
208 0
72 4
199 0
72 4
208 0
72 4
208 0
72 4
208 0
72 4
199 0
72 4
208 0
72 4
208 0
72 4
208 0
72 4
199 0
72 4
208 0
72 4
208 0
72 4
208 0
72 4
199 0
72 4
208 0
72 4
199 0
72 2
199 0
72 4
199 0
72 2
199 0
72 2
199 0
72 2
199 0
E
X
