minor
S
H
72 11
53 7
52 4
53 3
72 5
48 11
43 3
72 5
53 4
72 4
53 11
52 4
72 4
53 4
72 4
48 11
50 11
72 7
53 7
52 4
53 3
72 5
48 11
56 7
55 4
51 4
53 8
72 1
53 4
52 4
72 4
53 3
72 5
60 11
62 11
72 7
55 4
72 4
53 4
55 4
72 4
48 12
50 4
51 3
72 1
51 9
51 4
53 4
72 4
53 4
72 4
46 11
46 9
50 4
51 6
72 6
55 4
72 4
53 4
55 4
72 4
48 11
56 7
56 7
55 4
51 13
72 13
53 7
52 4
53 3
72 5
48 11
43 3
72 5
53 4
72 4
53 11
52 4
72 4
53 4
72 4
48 11
50 11
72 7
53 7
52 4
53 3
72 5
48 11
56 7
55 4
51 4
53 8
72 1
53 4
52 4
72 4
53 3
72 5
60 11
62 11
72 7
55 4
72 4
53 4
55 4
72 4
48 12
50 4
51 3
72 1
51 9
51 4
53 4
72 4
53 4
72 4
46 11
46 9
50 4
51 6
72 6
55 4
72 4
53 4
55 4
72 4
48 11
56 7
56 7
55 4
51 13
E
S
H
72 12
53 7
52 4
53 3
72 5
48 11
43 3
72 5
53 4
72 4
53 11
52 4
72 4
53 4
72 4
48 11
50 11
72 7
53 7
52 4
53 3
72 5
48 11
56 7
55 4
51 4
53 8
72 1
53 4
52 4
72 4
53 3
72 5
60 11
62 11
72 7
55 4
72 4
53 4
55 4
72 4
48 12
50 4
51 3
72 1
51 9
51 4
53 4
72 4
53 4
72 4
46 11
46 9
50 4
51 6
72 6
55 4
72 4
53 4
55 4
72 4
48 11
56 7
56 7
55 4
51 13
72 13
53 7
52 4
53 3
72 5
48 11
43 3
72 5
53 4
72 4
53 11
52 4
72 4
53 4
72 4
48 11
50 11
72 7
53 7
52 4
53 3
72 5
48 11
56 7
55 4
51 4
53 8
72 1
53 4
52 4
72 4
53 3
72 5
60 11
62 11
72 7
55 4
72 4
53 4
55 4
72 4
48 12
50 4
51 3
72 1
51 9
51 4
53 4
72 4
53 4
72 4
46 11
46 9
50 4
51 6
72 6
55 4
72 4
53 4
55 4
72 4
48 11
56 7
56 7
55 4
51 13
E
S
H
72 12
53 7
52 4
53 3
72 5
48 11
43 3
72 5
53 4
72 4
53 11
52 4
72 4
53 4
72 4
48 11
50 11
72 7
53 7
52 4
53 3
72 5
48 11
56 7
55 4
51 4
53 8
72 1
53 4
52 4
72 4
53 3
72 5
60 11
62 11
72 7
55 4
72 4
53 4
55 4
72 4
48 12
50 4
51 3
72 1
51 9
51 4
53 4
72 4
53 4
72 4
46 11
46 9
50 4
51 6
72 6
55 4
72 4
53 4
55 4
72 4
48 11
56 7
56 7
55 4
51 13
72 13
53 7
52 4
53 3
72 5
48 11
43 3
72 5
53 4
72 4
53 11
52 4
72 4
53 4
72 4
48 11
50 11
72 7
53 7
52 4
53 3
72 5
48 11
56 7
55 4
51 4
53 8
72 1
53 4
52 4
72 4
53 3
72 5
60 11
62 11
72 7
55 4
72 4
53 4
55 4
72 4
48 12
50 4
51 3
72 1
51 9
51 4
53 4
72 4
53 4
72 4
46 11
46 9
50 4
51 6
72 6
55 4
72 4
53 4
55 4
72 4
48 11
56 7
56 7
55 4
51 13
E
S
L
72 7
194 12
72 2
193 13
72 2
516 10
72 2
516 4
72 4
516 4
72 4
826 10
72 2
1771 11
72 2
194 12
72 2
193 13
72 2
516 10
72 2
516 4
72 4
516 4
72 4
826 10
72 2
1771 11
72 14
1628 7
72 4
214 7
72 4
371 7
72 4
528 7
72 4
541 5
72 3
698 5
72 3
194 12
72 2
193 13
72 2
516 10
72 2
516 4
72 4
516 4
72 4
826 10
72 2
1771 11
72 2
194 12
72 2
193 13
72 2
516 10
72 2
516 4
72 4
516 4
72 4
826 10
72 2
1771 11
72 14
1628 7
72 4
214 7
72 4
371 7
72 4
528 7
72 4
541 5
72 3
698 5
E
S
L
72 7
194 12
72 2
193 13
72 2
516 10
72 2
516 4
72 4
516 4
72 4
826 10
72 2
1771 11
72 2
194 12
72 2
193 13
72 2
516 10
72 2
516 4
72 4
516 4
72 4
826 10
72 2
1771 11
72 14
1628 7
72 4
214 7
72 4
371 7
72 4
528 7
72 4
541 5
72 3
698 5
72 3
194 12
72 2
193 13
72 2
516 10
72 2
516 4
72 4
516 4
72 4
826 10
72 2
1771 11
72 2
194 12
72 2
193 13
72 2
516 10
72 2
516 4
72 4
516 4
72 4
826 10
72 2
1771 11
72 14
1628 7
72 4
214 7
72 4
371 7
72 4
528 7
72 4
541 5
72 3
698 5
E
S
L
72 7
7 4
7 4
7 4
7 4
7 4
7 4
5 4
10 7
10 4
10 4
10 4
10 4
10 4
5 4
12 7
12 4
12 4
12 4
12 4
12 4
5 4
5 7
5 4
5 4
9 7
9 4
9 4
9 4
7 4
7 4
7 4
7 4
7 4
7 4
5 4
10 7
10 4
10 4
10 4
10 4
10 4
5 4
12 7
12 4
12 4
12 4
12 4
12 4
5 4
5 7
5 4
5 4
9 7
9 4
9 4
9 4
5 4
5 4
5 4
5 4
5 4
5 4
5 4
5 4
5 4
5 4
5 4
5 4
5 4
5 4
5 4
5 4
3 4
3 4
3 4
3 4
3 4
3 4
3 4
3 4
3 4
3 4
3 4
3 4
3 4
3 4
3 4
3 4
5 4
5 4
5 4
5 4
5 4
5 4
5 4
5 4
5 4
5 4
5 4
5 4
5 4
5 4
5 4
5 4
5 9
7 9
8 9
9 9
10 7
11 7
7 4
7 4
7 4
7 4
7 4
7 4
5 4
10 7
10 4
10 4
10 4
10 4
10 4
5 4
12 7
12 4
12 4
12 4
12 4
12 4
5 4
5 7
5 4
5 4
9 7
9 4
9 4
9 4
7 4
7 4
7 4
7 4
7 4
7 4
5 4
10 7
10 4
10 4
10 4
10 4
10 4
5 4
12 7
12 4
12 4
12 4
12 4
12 4
5 4
5 7
5 4
5 4
9 7
9 4
9 4
9 4
5 4
5 4
5 4
5 4
5 4
5 4
5 4
5 4
5 4
5 4
5 4
5 4
5 4
5 4
5 4
5 4
3 4
3 4
3 4
3 4
3 4
3 4
3 4
3 4
3 4
3 4
3 4
3 4
3 4
3 4
3 4
3 4
5 4
5 4
5 4
5 4
5 4
5 4
5 4
5 4
5 4
5 4
5 4
5 4
5 4
5 4
5 4
5 4
5 9
7 9
8 9
9 9
10 7
11 7
E
S
L
72 7
7 4
7 4
7 4
7 4
7 4
7 4
5 4
10 7
10 4
10 4
10 4
10 4
10 4
5 4
12 7
12 4
12 4
12 4
12 4
12 4
5 4
5 7
5 4
5 4
9 7
9 4
9 4
9 4
7 4
7 4
7 4
7 4
7 4
7 4
5 4
10 7
10 4
10 4
10 4
10 4
10 4
5 4
12 7
12 4
12 4
12 4
12 4
12 4
5 4
5 7
5 4
5 4
9 7
9 4
9 4
9 4
5 4
5 4
5 4
5 4
5 4
5 4
5 4
5 4
5 4
5 4
5 4
5 4
5 4
5 4
5 4
5 4
3 4
3 4
3 4
3 4
3 4
3 4
3 4
3 4
3 4
3 4
3 4
3 4
3 4
3 4
3 4
3 4
5 4
5 4
5 4
5 4
5 4
5 4
5 4
5 4
5 4
5 4
5 4
5 4
5 4
5 4
5 4
5 4
5 9
7 9
8 9
9 9
10 7
11 7
7 4
7 4
7 4
7 4
7 4
7 4
5 4
10 7
10 4
10 4
10 4
10 4
10 4
5 4
12 7
12 4
12 4
12 4
12 4
12 4
5 4
5 7
5 4
5 4
9 7
9 4
9 4
9 4
7 4
7 4
7 4
7 4
7 4
7 4
5 4
10 7
10 4
10 4
10 4
10 4
10 4
5 4
12 7
12 4
12 4
12 4
12 4
12 4
5 4
5 7
5 4
5 4
9 7
9 4
9 4
9 4
5 4
5 4
5 4
5 4
5 4
5 4
5 4
5 4
5 4
5 4
5 4
5 4
5 4
5 4
5 4
5 4
3 4
3 4
3 4
3 4
3 4
3 4
3 4
3 4
3 4
3 4
3 4
3 4
3 4
3 4
3 4
3 4
5 4
5 4
5 4
5 4
5 4
5 4
5 4
5 4
5 4
5 4
5 4
5 4
5 4
5 4
5 4
5 4
5 9
7 9
8 9
9 9
10 7
11 7
E
S
L
72 14
541 11
72 1
541 0
72 7
541 12
31 7
516 12
72 2
31 7
516 10
72 2
855 8
72 1
147 6
72 2
541 11
72 1
541 0
72 7
541 12
145 9
72 14
541 11
72 1
541 0
72 7
541 12
31 7
516 12
72 2
31 7
516 10
72 2
855 8
72 1
147 6
72 2
541 11
72 1
541 0
72 7
541 12
145 9
E
S
L
72 14
541 11
72 1
541 0
72 7
541 12
31 7
516 12
72 2
31 7
516 10
72 2
855 8
72 1
147 6
72 2
541 11
72 1
541 0
72 7
541 12
145 9
72 14
541 11
72 1
541 0
72 7
541 12
31 7
516 12
72 2
31 7
516 10
72 2
855 8
72 1
147 6
72 2
541 11
72 1
541 0
72 7
541 12
145 9
E
S
H
72 14
29 2
33 2
36 2
41 2
45 2
48 2
53 2
57 2
60 2
31 2
35 2
38 2
43 2
47 2
50 2
55 2
59 2
72 14
29 2
33 2
36 2
41 2
45 2
48 2
53 2
57 2
60 2
31 2
35 2
38 2
43 2
47 2
50 2
55 2
59 2
E
S
H
72 14
48 4
53 4
57 4
47 4
50 4
55 4
59 4
72 14
48 4
53 4
57 4
47 4
50 4
55 4
59 4
E
X
