minor
S
L
72 14
9 2
72 2
9 2
72 2
9 2
72 2
9 2
72 2
9 2
72 2
9 2
72 2
9 2
72 2
9 2
72 2
9 2
72 2
9 2
72 2
9 2
72 2
9 2
72 2
9 2
72 2
9 2
72 2
9 2
72 2
9 2
72 2
9 2
72 2
9 2
72 2
9 2
72 2
9 2
72 2
9 2
72 2
9 2
72 2
9 2
72 2
9 2
72 2
9 2
72 2
9 2
72 2
9 2
72 2
9 2
72 2
9 2
72 2
9 2
72 2
9 2
72 2
9 2
72 2
16 2
72 2
16 2
72 2
16 2
72 2
16 2
72 2
16 2
72 2
16 2
72 2
16 2
72 2
16 2
72 2
16 2
72 2
16 2
72 2
16 2
72 2
16 2
72 2
16 2
72 2
16 2
72 2
16 2
72 2
16 2
72 2
16 2
72 2
16 2
72 2
16 2
72 2
16 2
72 2
16 2
72 2
16 2
72 2
16 2
72 2
16 2
72 2
16 2
72 2
16 2
72 2
16 2
72 2
16 2
72 2
16 2
72 2
16 2
72 2
16 2
72 2
16 2
72 2
19 2
72 2
19 2
72 2
19 2
72 2
19 2
72 2
19 2
72 2
19 2
72 2
19 2
72 2
19 2
72 2
19 2
72 2
19 2
72 2
19 2
72 2
19 2
72 2
19 2
72 2
19 2
72 2
19 2
72 2
19 2
72 2
19 2
72 2
19 2
72 2
19 2
72 2
19 2
72 2
19 2
72 2
19 2
72 2
19 2
72 2
19 2
72 2
19 2
72 2
19 2
72 2
19 2
72 2
19 2
72 2
19 2
72 2
19 2
72 2
19 2
72 2
19 2
72 2
9 2
72 2
9 2
72 2
9 2
72 2
9 2
72 2
9 2
72 2
9 2
72 2
9 2
72 2
9 2
72 2
9 2
72 2
9 2
72 2
9 2
72 2
9 2
72 2
9 2
72 2
9 2
72 2
9 2
72 2
9 2
72 2
11 2
72 2
11 2
72 2
11 2
72 2
11 2
72 2
11 2
72 2
11 2
72 2
11 2
72 2
11 2
72 2
11 2
72 2
11 2
72 2
11 2
72 2
11 2
72 2
11 2
72 2
11 2
72 2
11 2
72 2
11 2
72 2
12 2
72 2
12 2
72 2
12 2
72 2
12 2
72 2
12 2
72 2
12 2
72 2
12 2
72 2
12 2
72 2
12 2
72 2
12 2
72 2
12 2
72 2
12 2
72 2
12 2
72 2
12 2
72 2
12 2
72 2
12 2
72 2
13 2
72 2
13 2
72 2
13 2
72 2
13 2
72 2
13 2
72 2
13 2
72 2
13 2
72 2
13 2
72 2
13 2
72 2
13 2
72 2
13 2
72 2
13 2
72 2
13 2
72 2
13 2
72 2
13 2
72 2
13 2
72 2
14 2
72 2
14 2
72 2
14 2
72 2
14 2
72 2
14 2
72 2
14 2
72 2
14 2
72 2
14 2
72 2
14 2
72 2
14 2
72 2
14 2
72 2
14 2
72 2
14 2
72 2
14 2
72 2
14 2
72 2
14 2
72 2
15 2
72 2
15 2
72 2
15 2
72 2
15 2
72 2
15 2
72 2
15 2
72 2
15 2
72 2
15 2
72 2
15 2
72 2
15 2
72 2
15 2
72 2
15 2
72 2
15 2
72 2
15 2
72 2
15 2
72 2
15 2
72 2
16 2
72 2
16 2
72 2
16 2
72 2
16 2
72 2
16 2
72 2
16 2
72 2
16 2
72 2
16 2
72 2
16 2
72 2
16 2
72 2
16 2
72 2
16 2
72 2
16 2
72 2
16 2
72 2
16 2
72 2
16 2
72 2
16 2
72 2
16 2
72 2
16 2
72 2
16 2
72 2
16 2
72 2
16 2
72 2
16 2
72 2
16 2
72 2
16 2
72 2
16 2
72 2
16 2
72 2
16 2
72 2
16 2
72 2
16 2
72 2
16 2
72 2
16 2
72 2
9 4
72 2
9 2
9 2
72 2
9 2
72 2
9 2
72 2
9 2
72 2
7 4
72 2
7 2
7 2
72 2
7 2
72 2
7 2
72 2
7 2
72 2
5 4
72 2
5 2
5 2
72 2
5 2
72 2
5 2
72 2
5 2
72 2
7 4
72 2
7 2
7 2
72 2
7 2
72 2
7 2
72 2
7 2
72 2
9 4
72 2
9 2
9 2
72 2
9 2
72 2
9 2
72 2
9 2
72 2
7 4
72 2
7 2
7 2
72 2
7 2
72 2
7 2
72 2
7 2
72 2
5 4
72 2
5 2
5 2
72 2
5 2
72 2
5 2
72 2
5 2
72 2
7 4
72 2
7 2
7 2
72 2
7 2
72 2
7 2
72 2
7 2
72 2
5 2
72 2
5 2
72 2
5 2
72 2
5 2
72 2
5 2
72 2
5 2
72 2
5 2
72 2
5 2
72 2
7 2
72 2
7 2
72 2
7 2
72 2
7 2
72 2
7 2
72 2
7 2
72 2
7 2
72 2
7 2
72 2
9 2
72 2
9 2
72 2
9 2
72 2
9 2
72 2
9 2
72 2
9 2
72 2
9 2
72 2
9 2
72 2
7 2
72 2
7 2
72 2
7 2
72 2
7 2
72 2
7 2
72 2
7 2
72 2
7 2
72 2
7 2
72 2
5 2
72 2
5 2
72 2
5 2
72 2
5 2
72 2
5 2
72 2
5 2
72 2
5 2
72 2
5 2
72 2
7 2
72 2
7 2
72 2
7 2
72 2
7 2
72 2
7 2
72 2
7 2
72 2
7 2
72 2
7 2
72 2
9 2
72 2
9 2
72 2
9 2
72 2
9 2
72 2
9 2
72 2
9 2
72 2
9 2
72 2
9 2
72 2
7 2
72 2
7 2
72 2
7 2
72 2
7 2
72 2
7 2
72 2
7 2
72 2
7 2
72 2
7 2
72 2
5 2
72 2
5 2
72 2
5 2
72 2
5 2
72 2
5 2
72 2
5 2
72 2
5 2
72 2
5 2
72 2
7 2
72 2
7 2
72 2
7 2
72 2
7 2
72 2
7 2
72 2
7 2
72 2
7 2
72 2
7 2
72 2
9 2
72 2
9 2
72 2
9 2
72 2
9 2
72 2
9 2
72 2
9 2
72 2
9 2
72 2
9 2
72 2
7 2
72 2
7 2
72 2
7 2
72 2
7 2
72 2
7 2
72 2
7 2
72 2
7 2
72 2
7 2
72 2
5 2
72 2
5 2
72 2
5 2
72 2
5 2
72 2
5 2
72 2
5 2
72 2
5 2
72 2
5 2
72 2
7 2
72 2
7 2
72 2
7 2
72 2
7 2
72 2
7 2
72 2
7 2
72 2
7 2
72 2
7 2
72 2
9 2
72 2
9 2
72 2
9 2
72 2
9 2
72 2
9 2
72 2
9 2
72 2
9 2
72 2
9 2
72 2
9 2
72 2
9 2
72 2
9 2
72 2
9 2
72 2
9 2
72 2
9 2
72 2
9 2
72 2
9 2
E
S
H
72 12
149 12
72 2
136 4
110 4
241 13
72 2
108 13
38 6
40 6
72 2
998 13
72 2
170 13
36 10
72 2
816 13
72 14
1445 4
72 2
1445 2
1445 2
72 2
1445 2
72 2
1445 2
72 2
1445 2
72 2
1144 4
72 2
1144 2
1144 2
72 2
1144 2
72 2
1144 2
72 2
1144 2
72 2
830 4
72 2
830 2
830 2
72 2
830 2
72 2
830 2
72 2
830 2
72 2
1144 4
72 2
1144 2
1144 2
72 2
1144 2
72 2
1144 2
72 2
1144 2
72 2
1445 4
72 2
1445 2
1445 2
72 2
1445 2
72 2
1445 2
72 2
1445 2
72 2
196 4
72 2
1144 2
1144 2
72 2
1144 2
72 2
1144 2
72 2
1144 2
72 2
170 4
72 2
830 2
830 2
72 2
830 2
72 2
830 2
72 2
830 2
72 2
1144 4
72 2
1144 2
1144 2
72 2
1144 2
72 2
1144 2
72 2
1144 2
72 2
830 12
72 4
1144 12
72 4
1445 11
72 2
149 2
72 2
149 2
72 2
213 2
72 2
185 2
72 2
185 2
72 2
185 2
72 2
209 2
72 2
209 2
72 2
105 2
72 2
105 2
72 2
209 2
72 2
209 2
72 2
196 2
72 2
209 2
72 2
170 2
72 2
209 2
72 2
196 2
72 2
209 2
72 2
170 2
72 2
235 2
72 2
209 2
72 2
196 2
72 2
209 2
72 2
235 2
72 2
105 2
72 2
130 2
72 2
156 2
72 2
213 14
E
S
H
72 14
65 7
64 4
62 4
64 11
62 7
64 7
66 13
72 14
72 4
32 2
33 2
35 2
36 2
38 2
40 2
42 2
44 2
45 2
47 2
48 2
50 2
52 2
54 2
56 2
57 2
59 2
60 2
62 2
64 2
72 14
33 2
35 2
36 2
38 2
40 2
41 2
43 2
45 2
47 2
48 2
50 2
52 2
53 2
55 2
57 2
59 0
60 6
E
S
H
72 12
57 11
60 5
72 3
59 5
72 3
57 5
72 3
56 5
72 3
57 5
72 3
59 5
72 3
60 5
72 3
57 5
72 3
59 5
72 3
60 5
72 3
62 5
72 3
57 5
72 3
59 5
72 3
60 5
E
X
