major
S
L
72 7
10 4
14 4
17 4
22 6
24 6
6 4
9 4
13 4
16 6
21 6
17 4
29 4
28 4
24 6
12 6
23 4
24 4
23 4
19 6
12 6
14 4
12 4
14 4
19 6
21 6
15 4
27 4
26 4
22 6
19 6
13 4
17 4
22 4
24 6
25 6
12 4
17 4
19 4
24 6
12 6
10 4
14 4
17 4
22 6
24 6
6 4
9 4
13 4
16 6
21 6
17 4
29 4
28 4
24 6
12 6
23 4
24 4
23 4
19 6
12 6
14 4
12 4
14 4
19 6
21 6
15 4
27 4
26 4
22 6
19 6
13 4
17 4
22 4
24 6
25 6
12 4
17 4
19 4
24 6
12 6
14 4
12 4
14 4
26 6
12 6
16 4
14 4
16 4
28 6
16 6
10 4
17 4
20 4
22 6
10 6
0 4
12 4
11 4
7 6
0 6
5 4
0 4
5 4
7 6
12 6
19 4
20 4
19 4
12 6
14 6
0 4
7 4
12 4
14 6
12 6
24 4
19 4
17 4
16 6
12 6
14 4
12 4
14 4
26 6
12 6
16 4
14 4
16 4
28 6
16 6
10 4
17 4
20 4
22 6
10 6
0 4
12 4
11 4
7 6
0 6
5 4
0 4
5 4
7 6
12 6
19 4
20 4
19 4
12 6
14 6
0 4
7 4
12 4
14 6
12 6
24 4
19 4
17 4
16 6
12 6
10 4
14 4
17 4
22 6
24 6
6 4
9 4
13 4
16 6
21 6
17 4
29 4
28 4
24 6
12 6
23 4
24 4
23 4
19 6
12 6
14 4
12 4
14 4
19 6
21 6
15 4
27 4
26 4
22 6
19 6
13 4
17 4
22 4
24 6
25 6
12 4
17 4
19 4
24 6
12 6
10 4
14 4
17 4
22 6
24 6
6 4
9 4
13 4
16 6
21 6
17 4
29 4
28 4
24 6
12 6
23 4
24 4
23 4
19 6
12 6
14 4
12 4
14 4
19 6
21 6
15 4
27 4
26 4
22 6
19 6
13 4
17 4
22 4
24 6
25 6
12 4
17 4
19 4
24 6
12 6
14 4
12 4
14 4
26 6
12 6
16 4
14 4
16 4
28 6
16 6
10 4
17 4
20 4
22 6
10 6
0 4
12 4
11 4
7 6
0 6
5 4
0 4
5 4
7 6
12 6
19 4
20 4
19 4
12 6
14 6
0 4
7 4
12 4
14 6
12 6
24 4
19 4
17 4
16 6
12 6
14 4
12 4
14 4
26 6
12 6
16 4
14 4
16 4
28 6
16 6
10 4
17 4
20 4
22 6
10 6
0 4
12 4
11 4
7 6
0 6
5 4
0 4
5 4
7 6
12 6
19 4
20 4
19 4
12 6
14 6
0 4
7 4
12 4
14 6
12 6
24 4
19 4
17 4
16 6
12 6
10 4
14 4
17 4
22 6
24 6
6 4
9 4
13 4
16 6
21 6
17 4
29 4
28 4
24 6
12 6
23 4
24 4
23 4
19 6
12 6
14 4
12 4
14 4
19 6
21 6
15 4
27 4
26 4
22 6
19 6
13 4
17 4
22 4
24 6
25 6
E
S
H
72 7
48 7
72 4
50 9
52 9
57 12
60 9
59 9
55 9
53 9
52 9
48 9
46 12
44 9
38 9
43 9
48 9
50 9
52 9
57 12
60 9
59 9
55 9
53 9
52 9
48 9
46 12
44 9
38 9
43 9
45 9
48 9
50 9
55 12
51 9
50 9
48 9
43 12
41 9
39 9
41 9
43 9
48 9
55 13
48 12
50 9
51 9
48 9
43 12
41 9
39 9
38 12
36 12
48 7
72 4
50 9
52 9
57 12
60 9
59 9
55 9
53 9
52 9
48 9
46 12
44 9
38 9
43 9
48 9
50 9
52 9
57 12
60 9
59 9
55 9
53 9
52 9
48 9
46 12
44 9
38 9
43 9
45 9
48 9
50 9
55 12
51 9
50 9
48 9
43 12
41 9
39 9
41 9
43 9
48 9
55 13
48 12
50 9
51 9
48 9
43 12
41 9
39 9
38 12
36 12
48 7
72 4
50 9
52 9
57 12
60 9
59 9
55 9
53 9
52 9
48 9
46 12
44 9
E
S
H
72 7
1459 12
698 12
686 12
528 12
214 12
516 12
202 12
1604 12
1459 12
698 12
686 12
528 12
214 12
516 12
202 12
1604 12
682 12
528 12
1153 12
852 12
200 12
1603 12
1603 12
1157 12
682 12
528 12
1153 12
852 12
200 12
1603 12
1603 12
1157 12
1459 12
698 12
686 12
528 12
214 12
516 12
202 12
1604 12
1459 12
698 12
686 12
528 12
214 12
516 12
202 12
1604 12
682 12
528 12
1153 12
852 12
200 12
1603 12
1603 12
1157 12
682 12
528 12
1153 12
852 12
200 12
1603 12
1603 12
1157 12
1459 12
698 12
686 12
528 12
214 12
516 12
202 12
E
S
H
72 7
57 7
72 4
55 4
72 2
53 4
72 2
52 7
72 4
49 4
72 2
50 4
72 2
52 7
72 4
50 4
72 2
48 4
72 2
47 7
72 4
43 7
72 4
45 7
72 4
43 4
72 2
45 4
72 2
50 7
72 4
48 4
72 2
46 4
72 2
48 7
72 4
41 7
72 4
43 7
72 4
48 7
72 4
60 7
72 4
62 7
72 4
61 4
72 2
57 4
72 2
52 4
72 2
49 4
72 2
52 7
72 4
57 4
72 2
55 4
72 2
50 7
72 4
48 4
72 2
47 4
72 2
45 7
72 4
43 4
72 2
45 4
72 2
36 4
72 2
38 4
72 2
41 4
72 2
43 4
72 2
44 7
72 4
41 7
72 4
43 12
72 8
50 0
72 1
52 2
72 0
50 3
72 1
48 3
72 1
47 7
72 4
43 7
72 4
36 7
72 4
34 7
72 4
43 11
72 6
44 11
72 6
46 7
72 4
48 7
72 4
50 11
72 6
52 12
72 8
50 0
72 1
52 2
72 0
50 3
72 1
48 3
72 1
50 7
72 4
55 7
72 4
60 7
72 4
58 7
72 4
55 7
72 4
53 7
72 4
51 11
72 6
50 7
72 4
53 7
72 4
55 7
72 4
60 4
72 2
62 4
72 2
64 11
72 6
57 7
72 4
55 4
72 2
53 4
72 2
52 7
72 4
49 4
72 2
50 4
72 2
52 7
72 4
50 4
72 2
48 4
72 2
47 7
72 4
43 7
72 4
45 7
72 4
43 4
72 2
45 4
72 2
50 7
72 4
48 4
72 2
46 4
72 2
48 7
72 4
41 7
72 4
43 7
72 4
48 7
72 4
60 7
72 4
62 7
72 4
61 4
72 2
57 4
72 2
52 4
72 2
49 4
72 2
52 7
72 4
57 4
72 2
55 4
72 2
50 7
72 4
48 4
72 2
47 4
72 2
45 7
72 4
43 4
72 2
45 4
72 2
36 4
72 2
38 4
72 2
41 4
72 2
43 4
72 2
44 7
72 4
41 7
72 4
43 12
72 8
50 0
72 1
52 2
72 0
50 3
72 1
48 3
72 1
47 7
72 4
43 7
72 4
36 7
72 4
34 7
72 4
43 11
72 6
44 11
72 6
46 7
72 4
48 7
72 4
50 11
72 6
52 12
72 8
50 0
72 1
52 2
72 0
50 3
72 1
48 3
72 1
50 7
72 4
55 7
72 4
60 7
72 4
58 7
72 4
55 7
72 4
53 7
72 4
51 11
72 6
50 7
72 4
53 7
72 4
55 7
72 4
60 4
72 2
62 4
72 2
64 11
72 6
57 7
72 4
55 4
72 2
53 4
72 2
52 7
72 4
49 4
72 2
50 4
72 2
52 7
72 4
50 4
72 2
48 4
72 2
47 7
72 4
43 7
72 4
45 7
72 4
43 4
72 2
45 4
72 2
50 7
72 4
48 4
72 2
46 4
72 2
48 7
72 4
41 7
E
S
H
72 7
59 2
72 4
59 2
72 4
59 4
72 2
59 4
72 2
59 4
72 2
59 4
72 2
59 4
72 2
59 4
72 2
59 2
72 4
59 2
72 4
59 4
72 2
59 4
72 2
59 4
72 2
59 4
72 2
59 4
72 2
59 4
72 2
59 2
72 4
59 2
72 4
59 4
72 2
59 4
72 2
59 4
72 2
59 4
72 2
59 4
72 2
59 4
72 2
59 2
72 4
59 2
72 4
59 4
72 2
59 4
72 2
59 4
72 2
59 4
72 2
59 4
72 2
59 4
72 2
59 2
72 4
59 2
72 4
59 4
72 2
59 4
72 2
59 4
72 2
59 4
72 2
59 4
72 2
59 4
72 2
59 2
72 4
59 2
72 4
59 4
72 2
59 4
72 2
59 4
72 2
59 4
72 2
59 4
72 2
59 4
72 2
59 2
72 4
59 2
72 4
59 4
72 2
59 4
72 2
59 4
72 2
59 4
72 2
59 4
72 2
59 4
72 2
59 2
72 4
59 2
72 4
59 4
72 2
59 4
72 2
59 4
72 2
59 4
72 2
59 4
72 2
59 4
72 2
59 2
72 4
59 2
72 4
59 4
72 2
59 4
72 2
59 4
72 2
59 4
72 2
59 4
72 2
59 4
72 2
59 2
72 4
59 2
72 4
59 4
72 2
59 4
72 2
59 4
72 2
59 4
72 2
59 4
72 2
59 4
72 2
59 2
72 4
59 2
72 4
59 4
72 2
59 4
72 2
59 4
72 2
59 4
72 2
59 4
72 2
59 4
72 2
59 2
72 4
59 2
72 4
59 4
72 2
59 4
72 2
59 4
72 2
59 4
72 2
59 4
72 2
59 4
72 2
59 2
72 4
59 2
72 4
59 4
72 2
59 4
72 2
59 4
72 2
59 4
72 2
59 4
72 2
59 4
72 2
59 2
72 4
59 2
72 4
59 4
72 2
59 4
72 2
59 4
72 2
59 4
72 2
59 4
72 2
59 4
72 2
59 2
72 4
59 2
72 4
59 4
72 2
59 4
72 2
59 4
72 2
59 4
72 2
59 4
72 2
59 4
72 2
59 2
72 4
59 2
72 4
59 4
72 2
59 4
72 2
59 4
72 2
59 4
72 2
59 4
72 2
59 4
72 2
59 2
72 4
59 2
72 4
59 4
72 2
59 4
72 2
59 4
72 2
59 4
72 2
59 4
72 2
59 4
72 2
59 2
72 4
59 2
72 4
59 4
72 2
59 4
72 2
59 4
72 2
59 4
72 2
59 4
72 2
59 4
72 2
59 2
72 4
59 2
72 4
59 4
72 2
59 4
72 2
59 4
72 2
59 4
72 2
59 4
72 2
59 4
72 2
59 2
72 4
59 2
72 4
59 4
72 2
59 4
72 2
59 4
72 2
59 4
72 2
59 4
72 2
59 4
72 2
59 2
72 4
59 2
72 4
59 4
72 2
59 4
72 2
59 4
72 2
59 4
72 2
59 4
72 2
59 4
72 2
59 2
72 4
59 2
72 4
59 4
72 2
59 4
72 2
59 4
72 2
59 4
72 2
59 4
72 2
59 4
72 2
59 2
72 4
59 2
72 4
59 4
72 2
59 4
72 2
59 4
72 2
59 4
72 2
59 4
72 2
59 4
72 2
59 2
72 4
59 2
72 4
59 4
72 2
59 4
72 2
59 4
72 2
59 4
72 2
59 4
72 2
59 4
72 2
59 2
72 4
59 2
72 4
59 4
72 2
59 4
72 2
59 4
72 2
59 4
72 2
59 4
72 2
59 4
72 2
59 2
72 4
59 2
72 4
59 4
72 2
59 4
72 2
59 4
72 2
59 4
72 2
59 4
72 2
59 4
72 2
59 2
72 4
59 2
72 4
59 4
72 2
59 4
72 2
59 4
72 2
59 4
72 2
59 4
72 2
59 4
72 2
59 2
72 4
59 2
72 4
59 4
72 2
59 4
72 2
59 4
72 2
59 4
72 2
59 4
72 2
59 4
72 2
59 2
72 4
59 2
72 4
59 4
72 2
59 4
72 2
59 4
72 2
59 4
72 2
59 4
72 2
59 4
72 2
59 2
72 4
59 2
72 4
59 4
72 2
59 4
72 2
59 4
72 2
59 4
72 2
59 4
72 2
59 4
72 2
59 2
72 4
59 2
72 4
59 4
72 2
59 4
72 2
59 4
72 2
59 4
72 2
59 4
72 2
59 4
72 2
59 2
72 4
59 2
72 4
59 4
72 2
59 4
72 2
59 4
72 2
59 4
72 2
59 4
72 2
59 4
72 2
59 2
72 4
59 2
72 4
59 4
72 2
59 4
72 2
59 4
72 2
59 4
72 2
59 4
72 2
59 4
72 2
59 2
72 4
59 2
72 4
59 4
72 2
59 4
72 2
59 4
72 2
59 4
72 2
59 4
72 2
59 4
72 2
59 2
72 4
59 2
72 4
59 4
72 2
59 4
72 2
59 4
72 2
59 4
72 2
59 4
72 2
59 4
72 2
59 2
72 4
59 2
72 4
59 4
72 2
59 4
E
S
H
72 9
57 7
72 4
55 4
72 2
53 4
72 2
52 7
72 4
49 4
72 2
50 4
72 2
52 7
72 4
50 4
72 2
48 4
72 2
47 7
72 4
43 7
72 4
45 7
72 4
43 4
72 2
45 4
72 2
50 7
72 4
48 4
72 2
46 4
72 2
48 7
72 4
41 7
72 4
43 7
72 4
48 7
72 4
60 7
72 4
62 7
72 4
61 4
72 2
57 4
72 2
52 4
72 2
49 4
72 2
52 7
72 4
57 4
72 2
55 4
72 2
50 7
72 4
48 4
72 2
47 4
72 2
45 7
72 4
43 4
72 2
45 4
72 2
36 4
72 2
38 4
72 2
41 4
72 2
43 4
72 2
44 7
72 4
41 7
72 4
43 12
72 8
50 0
52 2
72 2
50 3
72 1
48 3
72 1
47 7
72 4
43 7
72 4
36 7
72 4
34 7
72 4
43 11
72 6
44 11
72 6
46 7
72 4
48 7
72 4
50 11
72 6
52 12
72 8
50 0
52 2
72 2
50 3
72 1
48 3
72 1
50 7
72 4
55 7
72 4
60 7
72 4
58 7
72 4
55 7
72 4
53 7
72 4
51 11
72 6
50 7
72 4
53 7
72 4
55 7
72 4
60 4
72 2
62 4
72 2
64 11
72 6
57 7
72 4
55 4
72 2
53 4
72 2
52 7
72 4
49 4
72 2
50 4
72 2
52 7
72 4
50 4
72 2
48 4
72 2
47 7
72 4
43 7
72 4
45 7
72 4
43 4
72 2
45 4
72 2
50 7
72 4
48 4
72 2
46 4
72 2
48 7
72 4
41 7
72 4
43 7
72 4
48 7
72 4
60 7
72 4
62 7
72 4
61 4
72 2
57 4
72 2
52 4
72 2
49 4
72 2
52 7
72 4
57 4
72 2
55 4
72 2
50 7
72 4
48 4
72 2
47 4
72 2
45 7
72 4
43 4
72 2
45 4
72 2
36 4
72 2
38 4
72 2
41 4
72 2
43 4
72 2
44 7
72 4
41 7
72 4
43 12
72 8
50 0
52 2
72 2
50 3
72 1
48 3
72 1
47 7
72 4
43 7
72 4
36 7
72 4
34 7
72 4
43 11
72 6
44 11
72 6
46 7
72 4
48 7
72 4
50 11
72 6
52 12
72 8
50 0
52 2
72 2
50 3
72 1
48 3
72 1
50 7
72 4
55 7
72 4
60 7
72 4
58 7
72 4
55 7
72 4
53 7
72 4
51 11
72 6
50 7
72 4
53 7
72 4
55 7
72 4
60 4
72 2
62 4
72 2
64 11
72 6
57 7
72 4
55 4
72 2
53 4
72 2
52 7
72 4
49 4
72 2
50 4
72 2
52 7
72 4
50 4
72 2
48 4
72 2
47 7
72 4
43 7
72 4
45 7
72 4
43 4
72 2
45 4
72 2
50 7
72 4
48 4
72 2
46 4
72 2
48 7
72 4
41 7
E
X
