major
S
H
72 7
72 14
62 2
63 2
62 0
63 0
72 2
62 5
72 4
62 2
63 2
62 2
72 6
67 2
72 6
66 2
72 6
62 0
63 0
72 2
65 0
66 0
72 0
67 0
68 0
72 1
62 2
72 14
62 2
63 2
62 0
63 0
72 2
62 5
72 4
62 2
63 2
62 2
72 6
67 2
72 6
66 2
72 6
62 0
63 0
72 2
65 0
66 0
72 0
67 0
68 0
72 1
62 2
72 2
64 2
72 2
64 2
63 2
64 2
71 2
64 2
63 2
64 2
72 2
64 2
63 2
64 2
71 2
64 2
63 2
64 4
66 2
67 2
69 4
71 2
69 2
67 4
69 2
67 2
66 2
67 2
66 2
62 2
64 2
72 2
64 2
63 2
64 2
71 2
64 2
63 2
64 2
72 2
64 2
63 2
64 2
71 2
64 2
63 2
64 4
66 2
67 2
69 4
71 2
60 2
71 4
60 2
62 2
64 2
62 2
60 2
71 2
66 2
72 2
66 2
65 2
66 2
61 2
66 2
65 2
66 2
72 2
66 2
65 2
66 2
61 2
66 2
65 2
66 4
68 2
69 2
71 4
61 2
71 2
69 4
71 2
69 2
68 2
69 2
68 2
64 2
66 2
72 2
66 2
65 2
66 2
61 2
66 2
65 2
66 2
72 2
66 2
65 2
66 2
61 2
66 2
65 2
66 4
68 2
69 2
71 4
61 2
71 2
69 4
71 2
69 2
68 2
65 2
62 2
61 2
72 14
62 2
63 2
62 0
63 0
72 2
62 5
72 4
62 2
63 2
62 2
72 6
67 2
72 6
66 2
72 6
62 0
63 0
72 2
65 0
66 0
72 0
67 0
68 0
72 1
62 2
72 14
62 2
63 2
62 0
63 0
72 2
62 5
72 4
62 2
63 2
62 2
72 6
67 2
72 6
66 2
72 6
62 0
63 0
72 2
65 0
66 0
72 0
67 0
68 0
72 1
62 2
72 2
64 2
72 2
64 2
63 2
64 2
71 2
64 2
63 2
64 2
72 2
64 2
63 2
64 2
71 2
64 2
63 2
64 4
66 2
67 2
69 4
71 2
69 2
67 4
69 2
67 2
66 2
67 2
66 2
62 2
64 2
72 2
64 2
63 2
64 2
71 2
64 2
63 2
64 2
72 2
64 2
63 2
64 2
71 2
64 2
63 2
64 4
66 2
67 2
69 4
71 2
60 2
71 4
60 2
62 2
64 2
62 2
60 2
71 2
66 2
72 2
66 2
65 2
66 2
61 2
66 2
65 2
66 2
72 2
66 2
65 2
66 2
61 2
66 2
65 2
66 4
68 2
69 2
71 4
61 2
71 2
69 4
71 2
69 2
68 2
69 2
68 2
64 2
66 2
72 2
66 2
65 2
66 2
61 2
66 2
65 2
66 2
72 2
66 2
65 2
66 2
61 2
66 2
65 2
66 4
68 2
69 2
71 4
61 2
71 2
69 4
71 2
69 2
68 2
65 2
62 2
61 2
E
S
H
72 7
72 12
50 2
51 2
55 2
72 2
50 2
51 2
57 2
72 2
50 2
51 2
58 2
57 2
54 2
57 2
50 2
72 2
50 2
51 2
55 2
72 2
50 2
51 2
57 2
72 2
50 2
51 2
58 2
57 2
54 2
51 2
50 2
72 2
50 2
51 2
50 7
72 4
50 2
51 2
50 2
72 2
48 2
72 2
46 4
45 2
46 2
45 2
72 2
43 2
72 2
43 4
42 2
72 10
50 2
51 2
55 2
72 2
50 2
51 2
57 2
72 2
50 2
51 2
58 2
57 2
54 2
57 2
50 2
72 2
50 2
51 2
55 2
72 2
50 2
51 2
57 2
72 2
50 2
51 2
58 2
57 2
54 2
51 2
50 2
72 2
50 2
51 2
50 7
72 4
50 2
51 2
50 2
72 2
48 2
72 2
46 4
45 2
46 2
45 2
72 2
43 2
72 2
42 2
72 10
52 2
72 2
52 2
51 2
52 2
59 2
52 2
51 2
52 2
72 2
52 2
51 2
52 2
59 2
52 2
51 2
52 4
54 2
55 2
57 4
59 2
57 2
55 4
57 2
55 2
54 2
55 2
54 2
50 2
52 2
72 2
52 2
51 2
52 2
59 2
52 2
51 2
52 2
72 2
52 2
51 2
52 2
59 2
52 2
51 2
52 4
54 2
55 2
57 4
59 2
60 2
59 4
60 2
62 2
64 2
62 2
60 2
59 2
54 2
72 2
54 2
53 2
54 2
61 2
54 2
53 2
54 2
72 2
54 2
53 2
54 2
61 2
54 2
53 2
54 4
56 2
57 2
59 4
61 2
59 2
57 4
59 2
57 2
56 2
57 2
56 2
52 2
54 2
72 2
54 2
53 2
54 2
61 2
54 2
53 2
54 2
72 2
54 2
53 2
54 2
61 2
54 2
53 2
54 4
56 2
57 2
59 4
61 2
59 2
57 4
59 2
57 2
56 2
53 2
50 2
49 2
72 4
50 2
51 2
55 2
72 2
50 2
51 2
57 2
72 2
50 2
51 2
58 2
57 2
54 2
57 2
50 2
72 2
50 2
51 2
55 2
72 2
50 2
51 2
57 2
72 2
50 2
51 2
58 2
57 2
54 2
51 2
50 2
72 2
50 2
51 2
50 7
72 4
50 2
51 2
50 2
72 2
48 2
72 2
46 4
45 2
46 2
45 2
72 2
43 2
72 2
43 4
42 2
72 10
50 2
51 2
55 2
72 2
50 2
51 2
57 2
72 2
50 2
51 2
58 2
57 2
54 2
57 2
50 2
72 2
50 2
51 2
55 2
72 2
50 2
51 2
57 2
72 2
50 2
51 2
58 2
57 2
54 2
51 2
50 2
72 2
50 2
51 2
50 7
72 4
50 2
51 2
50 2
72 2
48 2
72 2
46 4
45 2
46 2
45 2
72 2
43 2
72 2
42 2
72 10
52 2
72 2
52 2
51 2
52 2
59 2
52 2
51 2
52 2
72 2
52 2
51 2
52 2
59 2
52 2
51 2
52 4
54 2
55 2
57 4
59 2
57 2
55 4
57 2
55 2
54 2
55 2
54 2
50 2
52 2
72 2
52 2
51 2
52 2
59 2
52 2
51 2
52 2
72 2
52 2
51 2
52 2
59 2
52 2
51 2
52 4
54 2
55 2
57 4
59 2
60 2
59 4
60 2
62 2
64 2
62 2
60 2
59 2
54 2
72 2
54 2
53 2
54 2
61 2
54 2
53 2
54 2
72 2
54 2
53 2
54 2
61 2
54 2
53 2
54 4
56 2
57 2
59 4
61 2
59 2
57 4
59 2
57 2
56 2
57 2
56 2
52 2
54 2
72 2
54 2
53 2
54 2
61 2
54 2
53 2
54 2
72 2
54 2
53 2
54 2
61 2
54 2
53 2
54 4
56 2
57 2
59 4
61 2
59 2
57 4
59 2
57 2
56 2
53 2
50 2
49 2
E
S
H
72 7
72 12
34 2
72 6
34 2
72 6
36 2
72 6
30 4
72 4
34 2
72 6
34 2
72 6
36 2
72 6
30 4
72 4
38 2
72 6
38 2
72 6
36 2
72 6
36 2
72 6
34 2
72 6
37 2
72 6
38 2
72 2
37 4
36 2
72 6
34 2
72 6
34 2
72 6
36 2
72 6
30 4
72 4
34 2
72 6
34 2
72 6
36 2
72 6
30 4
72 4
38 2
72 6
38 2
72 6
36 2
72 6
36 2
72 6
34 2
72 6
37 2
72 6
38 2
72 2
37 4
36 2
72 6
35 3
72 5
35 3
72 5
36 3
72 5
35 3
72 5
35 3
72 5
35 3
72 5
40 3
72 5
35 3
72 5
35 3
72 5
35 3
72 5
36 3
72 5
35 3
72 5
35 3
72 5
35 3
72 5
38 3
72 5
35 3
72 5
37 3
72 5
37 3
72 5
38 3
72 5
37 3
72 5
37 3
72 5
37 3
72 5
42 3
72 5
37 3
72 5
37 3
72 5
37 3
72 5
38 3
72 5
37 3
72 5
37 3
72 5
37 3
72 5
40 3
72 5
35 3
72 5
34 2
72 6
34 2
72 6
36 2
72 6
30 4
72 4
34 2
72 6
34 2
72 6
36 2
72 6
30 4
72 4
38 2
72 6
38 2
72 6
36 2
72 6
36 2
72 6
34 2
72 6
37 2
72 6
38 2
72 2
37 4
36 2
72 6
34 2
72 6
34 2
72 6
36 2
72 6
30 4
72 4
34 2
72 6
34 2
72 6
36 2
72 6
30 4
72 4
38 2
72 6
38 2
72 6
36 2
72 6
36 2
72 6
34 2
72 6
37 2
72 6
38 2
72 2
37 4
36 2
72 6
35 3
72 5
35 3
72 5
36 3
72 5
35 3
72 5
35 3
72 5
35 3
72 5
40 3
72 5
35 3
72 5
35 3
72 5
35 3
72 5
36 3
72 5
35 3
72 5
35 3
72 5
35 3
72 5
38 3
72 5
35 3
72 5
37 3
72 5
37 3
72 5
38 3
72 5
37 3
72 5
37 3
72 5
37 3
72 5
42 3
72 5
37 3
72 5
37 3
72 5
37 3
72 5
38 3
72 5
37 3
72 5
37 3
72 5
37 3
72 5
40 3
72 5
35 3
E
S
L
72 8
72 12
31 2
72 6
31 2
72 6
33 2
72 6
27 4
26 2
72 2
31 2
72 6
31 2
72 6
33 2
72 6
27 4
26 2
72 2
34 2
72 6
34 2
72 6
33 2
72 6
33 2
72 6
30 2
72 6
31 2
72 6
31 2
72 2
30 4
31 2
72 6
31 2
72 6
31 2
72 6
33 2
72 6
27 4
26 2
72 2
31 2
72 6
31 2
72 6
33 2
72 6
27 4
26 2
72 2
34 2
72 6
34 2
72 6
33 2
72 6
33 2
72 6
30 2
72 6
31 2
72 6
31 2
72 2
30 4
31 2
72 6
31 3
72 5
31 3
72 5
31 3
72 5
31 3
72 5
31 3
72 5
31 3
72 5
31 3
72 5
31 3
72 5
31 3
72 5
31 3
72 5
31 3
72 5
31 3
72 5
31 3
72 5
31 3
72 5
31 3
72 5
31 3
72 5
33 3
72 5
33 3
72 5
33 3
72 5
33 3
72 5
33 3
72 5
33 3
72 5
33 3
72 5
33 3
72 5
33 3
72 5
33 3
72 5
33 3
72 5
33 3
72 5
33 3
72 5
33 3
72 5
33 3
72 5
29 3
72 5
31 2
72 6
31 2
72 6
33 2
72 6
27 4
26 2
72 2
31 2
72 6
31 2
72 6
33 2
72 6
27 4
26 2
72 2
34 2
72 6
34 2
72 6
33 2
72 6
33 2
72 6
30 2
72 6
31 2
72 6
31 2
72 2
30 4
31 2
72 6
31 2
72 6
31 2
72 6
33 2
72 6
27 4
26 2
72 2
31 2
72 6
31 2
72 6
33 2
72 6
27 4
26 2
72 2
34 2
72 6
34 2
72 6
33 2
72 6
33 2
72 6
30 2
72 6
31 2
72 6
31 2
72 2
30 4
31 2
72 6
31 3
72 5
31 3
72 5
31 3
72 5
31 3
72 5
31 3
72 5
31 3
72 5
31 3
72 5
31 3
72 5
31 3
72 5
31 3
72 5
31 3
72 5
31 3
72 5
31 3
72 5
31 3
72 5
31 3
72 5
31 3
72 5
33 3
72 5
33 3
72 5
33 3
72 5
33 3
72 5
33 3
72 5
33 3
72 5
33 3
72 5
33 3
72 5
33 3
72 5
33 3
72 5
33 3
72 5
33 3
72 5
33 3
72 5
33 3
72 5
33 3
72 5
29 3
E
S
L
72 8
72 12
19 2
72 6
14 2
72 6
21 2
72 6
14 7
19 2
72 6
14 2
72 6
21 2
72 6
14 7
22 4
26 2
72 6
22 2
72 2
21 4
26 2
72 6
18 2
72 2
19 2
72 6
15 2
72 6
14 2
72 10
19 2
72 6
14 2
72 6
21 2
72 6
14 7
19 2
72 6
14 2
72 6
21 2
72 6
14 7
22 4
26 2
72 6
22 2
72 2
21 4
26 2
72 6
18 2
72 2
19 2
72 6
15 2
72 6
14 2
72 10
24 3
72 5
19 3
72 5
24 3
72 5
19 3
72 5
24 3
72 5
19 3
72 5
24 3
72 5
19 3
72 5
24 3
72 5
19 3
72 5
24 3
72 5
19 3
72 5
24 3
72 5
19 3
72 5
24 3
72 5
19 3
72 5
26 3
72 5
21 3
72 5
26 3
72 5
21 3
72 5
26 3
72 5
21 3
72 5
26 3
72 5
21 3
72 5
26 3
72 5
21 3
72 5
26 3
72 5
21 3
72 5
26 3
72 5
21 3
72 5
26 3
72 5
25 3
72 5
19 2
72 6
14 2
72 6
21 2
72 6
14 7
19 2
72 6
14 2
72 6
21 2
72 6
14 7
22 4
26 2
72 6
22 2
72 2
21 4
26 2
72 6
18 2
72 2
19 2
72 6
15 2
72 6
14 2
72 10
19 2
72 6
14 2
72 6
21 2
72 6
14 7
19 2
72 6
14 2
72 6
21 2
72 6
14 7
22 4
26 2
72 6
22 2
72 2
21 4
26 2
72 6
18 2
72 2
19 2
72 6
15 2
72 6
14 2
72 10
24 3
72 5
19 3
72 5
24 3
72 5
19 3
72 5
24 3
72 5
19 3
72 5
24 3
72 5
19 3
72 5
24 3
72 5
19 3
72 5
24 3
72 5
19 3
72 5
24 3
72 5
19 3
72 5
24 3
72 5
19 3
72 5
26 3
72 5
21 3
72 5
26 3
72 5
21 3
72 5
26 3
72 5
21 3
72 5
26 3
72 5
21 3
72 5
26 3
72 5
21 3
72 5
26 3
72 5
21 3
72 5
26 3
72 5
21 3
72 5
26 3
72 5
25 3
E
S
H
72 8
72 14
64 11
62 4
59 4
55 4
52 11
50 4
54 4
59 4
64 11
62 4
59 4
55 4
52 11
50 4
54 4
59 4
66 11
64 4
61 4
57 4
54 11
52 4
56 4
61 4
66 11
64 4
61 4
57 4
54 11
56 7
53 7
72 14
64 11
62 4
59 4
55 4
52 11
50 4
54 4
59 4
64 11
62 4
59 4
55 4
52 11
50 4
54 4
59 4
66 11
64 4
61 4
57 4
54 11
52 4
56 4
61 4
66 11
64 4
61 4
57 4
54 11
56 7
53 7
E
S
L
72 8
72 12
19 4
72 12
19 4
72 12
22 4
72 12
19 4
72 12
19 4
72 12
19 4
72 12
22 4
72 12
19 4
72 9
14 4
72 9
24 4
72 12
24 4
72 12
24 4
72 12
24 4
72 12
26 4
72 12
26 4
72 12
26 4
72 12
26 4
72 12
19 4
72 12
19 4
72 12
22 4
72 12
19 4
72 12
19 4
72 12
19 4
72 12
22 4
72 12
19 4
72 9
14 4
72 9
24 4
72 12
24 4
72 12
24 4
72 12
24 4
72 12
26 4
72 12
26 4
72 12
26 4
72 12
26 4
E
S
L
72 8
72 12
14 2
72 6
14 2
72 6
14 2
72 6
14 2
72 6
14 2
72 6
14 2
72 6
14 2
72 6
14 2
72 6
14 2
72 6
14 2
72 6
14 2
72 6
14 2
72 6
14 2
72 6
14 2
72 6
14 2
72 6
14 2
72 6
14 2
72 6
14 2
72 6
14 2
72 6
14 2
72 6
14 2
72 6
14 2
72 6
14 2
72 6
14 2
72 6
14 2
72 6
14 2
72 6
14 2
72 6
14 2
72 6
14 2
72 6
14 2
72 6
14 2
72 6
14 2
72 6
14 2
72 6
14 2
72 6
14 2
72 6
14 2
72 6
14 2
72 6
14 2
72 6
14 2
72 6
14 2
72 6
14 2
72 6
14 2
72 6
14 2
72 6
14 2
72 6
14 2
72 6
14 2
72 6
14 2
72 6
14 2
72 6
14 2
72 6
14 2
72 6
14 2
72 6
14 2
72 6
14 2
72 6
14 2
72 6
14 2
72 6
14 2
72 6
14 2
72 6
14 2
72 6
14 2
72 6
14 2
72 6
14 2
72 6
14 2
72 6
14 2
72 6
14 2
72 6
14 2
72 6
14 2
72 6
14 2
72 6
14 2
72 6
14 2
72 6
14 2
72 6
14 2
72 6
14 2
72 6
14 2
72 6
14 2
72 6
14 2
72 6
14 2
72 6
14 2
72 6
14 2
72 6
14 2
72 6
14 2
72 6
14 2
72 6
14 2
72 6
14 2
72 6
14 2
72 6
14 2
72 6
14 2
72 6
14 2
72 6
14 2
72 6
14 2
72 6
14 2
72 6
14 2
72 6
14 2
72 6
14 2
72 6
14 2
72 6
14 2
72 6
14 2
72 6
14 2
72 6
14 2
72 6
14 2
72 6
14 2
72 6
14 2
72 6
14 2
72 6
14 2
72 6
14 2
72 6
14 2
72 6
14 2
72 6
14 2
72 6
14 2
72 6
14 2
72 6
14 2
72 6
14 2
72 6
14 2
72 6
14 2
72 6
14 2
72 6
14 2
72 6
14 2
72 6
14 2
72 6
14 2
72 6
14 2
72 6
14 2
72 6
14 2
72 6
14 2
72 6
14 2
72 6
14 2
72 6
14 2
72 6
14 2
72 6
14 2
72 6
14 2
E
X
