major
S
H
72 7
72 14
50 4
72 2
48 4
72 2
46 4
72 2
45 4
72 2
43 13
72 6
43 2
45 2
72 2
46 2
72 2
45 2
72 2
43 2
72 14
43 0
72 2
43 0
72 2
43 0
72 2
43 0
72 2
43 2
72 13
43 0
72 2
43 2
72 2
43 2
72 4
43 2
43 0
72 2
43 2
43 2
72 2
43 2
72 13
50 4
72 2
48 4
72 2
46 4
72 2
45 4
72 2
43 13
72 6
43 2
45 2
72 2
46 2
72 2
45 2
72 2
43 2
72 2
43 2
72 13
50 0
72 2
50 2
48 2
72 2
46 0
72 2
45 2
72 2
43 2
72 2
43 2
72 13
46 2
72 2
45 3
72 5
43 2
43 2
72 2
43 2
E
S
L
72 7
72 12
19 3
72 1
21 2
72 7
19 4
72 2
21 2
72 8
19 3
72 1
21 2
72 7
19 5
72 0
21 2
72 2
24 6
72 2
19 3
72 1
21 2
72 7
19 5
72 0
21 2
72 8
19 3
72 1
21 2
72 7
19 4
72 2
21 2
72 2
24 6
72 2
19 2
72 2
21 2
72 7
19 5
72 0
21 2
72 8
19 3
72 1
21 2
72 7
19 5
72 0
21 2
72 2
24 6
72 2
19 2
72 2
21 2
72 7
19 5
72 0
21 2
72 8
19 3
72 1
21 2
72 7
19 5
72 0
21 2
72 2
24 6
72 2
19 3
72 1
21 3
72 7
19 5
72 0
21 2
72 8
19 3
72 1
21 2
72 7
19 5
72 0
21 2
72 2
24 6
72 2
19 3
72 1
21 2
72 7
19 5
72 0
21 2
72 8
19 3
72 1
21 2
72 7
19 5
72 0
21 2
72 2
24 6
72 2
19 3
72 1
21 2
72 7
19 4
72 2
21 2
72 8
19 3
72 1
21 2
72 7
19 5
72 0
21 2
72 2
24 6
72 2
19 3
72 1
21 2
72 7
19 5
72 0
21 2
72 8
19 3
72 1
21 2
72 7
19 5
72 0
21 2
72 2
24 7
19 3
72 1
21 2
72 7
19 5
72 0
21 2
72 8
19 3
72 1
21 2
72 7
19 5
72 0
21 2
72 2
24 6
72 2
19 3
72 1
21 2
72 7
19 4
72 2
21 2
72 8
19 4
21 2
72 7
19 4
72 2
21 2
72 2
24 7
19 3
72 1
21 2
72 7
19 5
72 0
21 2
72 8
19 3
72 1
21 3
72 7
19 4
72 2
21 2
72 2
24 7
19 3
72 1
21 3
72 7
19 6
21 2
72 8
19 3
72 1
21 3
72 7
19 4
72 2
21 2
72 2
24 7
19 3
72 1
21 3
72 7
19 5
72 0
21 2
72 8
19 3
72 1
21 2
72 7
19 6
21 2
72 2
24 7
19 3
72 1
21 3
72 7
19 6
21 2
72 8
19 3
72 1
21 2
72 6
19 4
72 4
21 2
72 2
24 8
19 3
72 1
21 2
72 7
19 5
72 0
21 2
72 8
19 3
72 1
21 2
72 7
19 5
72 0
21 2
72 2
24 7
19 3
72 1
21 2
72 7
19 5
72 0
21 2
72 8
19 3
72 1
21 2
72 7
19 5
72 0
21 2
72 2
24 6
72 2
19 3
72 1
21 2
72 7
19 4
72 2
21 2
72 8
19 4
21 2
72 7
19 4
72 2
21 2
72 2
24 7
19 3
72 1
21 2
72 7
19 5
72 0
21 2
72 8
19 3
72 1
21 2
72 7
19 5
72 0
21 2
72 2
24 7
E
S
L
72 7
72 14
19 2
72 2
19 2
72 2
21 3
72 4
19 2
72 2
19 2
72 2
19 3
21 2
72 13
21 2
72 2
19 2
72 2
19 2
72 2
21 2
72 4
19 2
72 2
19 2
72 2
19 2
21 2
72 13
19 2
72 2
19 2
72 2
21 2
72 4
19 2
72 2
19 2
72 2
19 2
21 2
19 2
21 2
19 2
27 2
72 2
27 2
72 2
26 3
72 1
21 2
24 2
72 2
21 2
72 2
21 2
72 2
21 2
19 2
72 2
19 2
72 2
19 2
72 2
21 2
72 4
19 2
72 2
19 2
72 2
19 2
21 2
72 8
21 2
72 4
21 2
72 2
19 2
21 2
19 2
72 2
21 2
72 2
19 2
21 2
72 2
19 2
72 2
19 2
72 2
21 2
72 4
19 2
72 2
19 2
72 2
19 2
21 2
19 2
21 2
19 2
27 2
72 2
27 2
72 2
26 3
72 1
21 2
24 2
72 2
21 2
72 2
21 2
72 2
21 2
21 2
72 2
19 2
72 2
19 2
72 2
21 2
72 4
19 2
72 2
19 2
72 2
19 2
21 2
19 2
21 2
19 2
27 2
72 2
27 2
72 2
26 2
72 2
21 2
24 2
72 2
21 2
72 2
21 2
72 2
21 2
72 2
21 2
19 2
72 2
19 2
72 2
21 2
72 4
19 2
72 2
19 2
72 2
19 2
21 0
72 2
19 2
21 2
19 2
27 2
72 2
27 2
72 2
26 2
72 2
21 2
24 2
72 2
21 2
72 2
21 2
72 2
21 2
72 2
21 2
19 2
72 2
19 2
72 2
21 2
72 4
19 2
72 2
19 2
72 2
19 2
21 2
72 8
21 2
72 4
21 2
72 2
19 2
21 2
19 2
72 2
21 2
72 2
19 2
21 2
E
S
H
72 7
72 13
43 14
72 4
43 14
72 4
43 14
72 4
43 14
72 4
43 14
72 4
43 14
72 4
43 14
72 4
43 14
72 4
43 14
72 3
43 14
72 4
43 14
72 4
43 14
72 3
43 14
72 3
43 14
72 3
43 14
72 4
43 14
72 3
43 14
72 3
43 14
E
S
H
72 7
72 13
38 14
72 4
39 14
72 4
40 14
72 4
40 14
72 4
38 14
72 4
39 14
72 4
40 14
72 3
40 14
72 4
38 14
72 3
39 14
72 4
40 14
72 4
40 14
72 3
38 14
72 4
39 14
72 2
40 14
72 4
40 14
72 3
38 14
72 4
39 14
E
S
H
72 7
72 14
43 2
72 2
43 2
72 2
55 2
43 0
72 2
43 2
55 2
72 2
55 2
72 2
43 2
55 2
43 0
72 4
43 2
55 2
43 0
72 2
55 0
72 2
43 0
72 2
55 2
43 0
72 4
43 2
72 2
55 2
72 2
43 2
55 2
43 0
72 2
55 0
72 2
43 0
72 2
55 2
72 2
55 2
43 0
72 2
55 2
43 0
72 2
43 0
72 2
55 2
72 2
55 2
72 2
43 2
55 2
43 2
55 0
72 2
43 2
55 2
72 2
55 2
43 2
55 2
43 2
55 2
72 2
43 2
55 2
72 2
43 2
55 2
43 0
72 2
55 2
43 0
72 2
55 2
72 2
55 2
43 0
72 2
55 2
55 2
43 2
55 2
72 2
55 2
43 0
72 2
43 2
55 2
43 2
55 0
72 2
43 2
55 2
72 2
55 2
43 2
55 2
43 0
72 2
43 2
55 2
72 2
55 2
43 0
72 2
55 2
43 0
72 2
55 2
43 0
72 2
55 2
43 2
55 2
43 0
72 2
43 2
55 2
43 0
72 2
43 2
55 2
72 2
55 2
43 0
72 2
43 2
55 2
43 2
55 2
43 0
72 2
43 0
72 2
43 2
55 2
72 2
43 2
55 2
72 2
43 2
72 2
55 2
43 0
72 2
43 2
55 2
72 2
55 2
43 2
55 2
43 2
55 2
43 2
55 2
55 2
43 0
72 4
55 2
43 2
72 2
55 2
43 2
55 2
43 0
72 2
43 2
55 2
43 0
72 2
43 2
43 2
55 2
43 0
72 2
43 2
55 2
72 2
55 2
43 0
72 2
43 2
55 2
43 0
72 2
55 2
43 0
72 2
43 0
72 2
43 0
72 2
43 2
43 2
55 2
43 0
72 2
43 2
55 2
72 2
43 0
72 2
55 2
43 2
55 2
43 2
55 0
72 2
43 2
55 2
43 2
55 0
72 2
43 2
55 2
43 0
72 2
43 2
55 2
72 2
55 2
43 0
72 2
43 2
55 2
43 2
55 0
72 2
55 2
43 0
72 2
43 2
E
S
L
72 7
72 12
22 4
72 4
18 2
72 2
18 2
72 2
22 4
72 4
18 2
72 6
22 3
72 5
18 2
72 2
18 2
72 2
22 4
72 4
18 2
72 6
22 3
72 5
18 2
72 2
18 2
72 2
22 4
72 4
18 2
72 6
22 4
72 4
18 2
72 2
18 2
72 2
22 4
72 4
18 2
72 6
22 4
72 4
18 2
72 2
18 2
72 2
22 4
72 4
18 2
72 6
22 4
72 4
18 2
72 2
18 2
72 2
22 4
72 4
18 2
72 6
22 4
72 4
18 2
72 2
18 2
72 2
22 4
72 4
18 2
72 6
22 4
72 4
18 2
72 2
18 2
72 2
22 4
72 4
18 2
72 6
22 4
72 4
18 2
72 2
18 2
72 2
22 4
72 4
18 2
72 6
22 4
72 4
18 2
72 2
18 2
72 2
22 4
72 4
18 2
72 6
22 4
72 4
18 2
72 2
18 2
72 2
22 4
72 4
18 2
72 6
22 4
72 4
18 2
72 2
18 2
72 2
22 4
72 4
18 2
72 6
22 4
72 4
18 2
72 2
18 2
72 2
22 4
72 4
18 2
72 6
22 4
72 4
18 2
72 2
18 2
72 2
22 4
72 4
18 2
72 6
22 4
72 4
18 2
72 2
18 2
72 2
22 4
72 4
18 2
72 6
22 4
72 4
18 2
72 2
18 2
72 2
22 4
72 4
18 2
72 6
22 4
72 4
18 2
72 2
18 2
72 2
22 3
72 5
18 2
72 6
22 4
72 4
18 2
72 2
18 2
72 2
22 4
72 4
18 2
72 6
22 4
72 4
18 2
72 2
18 2
72 2
22 4
72 4
18 2
72 6
22 4
72 4
18 2
72 2
18 2
72 2
22 4
72 4
18 2
72 6
22 4
72 4
18 2
72 2
18 2
72 2
22 4
72 4
18 2
72 6
22 4
72 4
18 2
72 2
18 2
72 2
22 4
72 4
18 2
72 6
22 4
72 4
18 2
72 2
18 2
72 2
22 4
72 4
18 2
72 6
22 4
72 4
18 2
72 2
18 2
72 2
22 4
72 4
18 2
72 6
22 4
72 4
18 2
72 2
18 2
72 2
22 3
72 5
18 2
72 6
22 4
72 4
18 2
72 2
18 2
72 2
22 4
72 4
18 2
72 6
22 4
72 4
18 2
72 2
18 2
72 2
22 4
72 4
18 2
72 6
22 4
72 4
18 2
72 2
18 2
72 2
22 4
72 4
18 2
72 6
22 4
72 4
18 2
72 2
18 2
72 2
22 4
72 4
18 2
72 6
22 4
72 4
18 2
72 2
18 2
72 2
22 4
72 4
18 2
72 6
22 4
72 4
18 2
72 2
18 2
72 2
22 4
72 4
18 2
72 6
22 4
72 4
18 2
72 2
18 2
72 2
22 3
72 5
18 2
72 6
22 4
72 4
18 2
72 2
18 2
72 2
22 4
72 4
18 2
72 6
22 4
72 4
18 2
72 2
18 2
72 2
22 4
72 4
18 2
72 6
22 4
72 4
18 2
72 2
18 2
72 2
22 4
72 4
18 2
72 6
22 4
72 4
18 2
72 2
18 2
72 2
22 4
72 4
18 2
E
S
L
72 7
72 12
12 2
72 6
16 2
72 4
12 3
72 4
12 3
72 1
16 2
72 6
12 2
72 6
16 2
72 2
12 2
16 2
72 2
16 2
12 2
72 2
16 2
72 2
12 2
72 2
12 3
72 5
16 2
72 4
12 3
72 4
12 2
72 2
16 2
72 6
12 2
72 6
16 2
72 2
12 2
16 2
72 2
16 2
12 2
72 2
16 2
72 2
12 2
72 2
12 3
72 5
16 2
72 4
12 3
72 4
12 2
72 2
16 2
72 6
12 3
72 5
16 2
72 2
12 2
16 2
72 2
16 2
12 3
72 1
16 2
72 2
12 2
72 2
12 3
72 5
16 2
72 4
12 2
72 2
12 3
72 4
16 2
72 6
12 2
72 6
16 2
72 2
12 2
16 2
72 2
16 2
12 2
72 2
16 2
72 2
12 2
72 2
12 3
72 5
16 2
72 4
12 3
72 4
12 2
72 2
16 2
72 2
12 2
72 2
12 3
72 5
16 2
72 2
12 2
16 2
72 2
16 2
12 2
72 2
16 2
72 2
12 2
72 2
12 3
72 5
16 3
72 4
12 3
72 4
12 2
72 2
16 2
72 2
12 2
72 2
12 3
72 5
16 2
72 2
12 2
16 2
72 2
16 2
12 2
72 2
16 2
72 2
14 2
72 2
12 3
72 5
16 2
72 4
12 3
72 4
12 2
72 2
16 2
72 2
12 2
72 2
12 3
72 5
16 2
72 4
12 2
72 2
16 2
12 2
72 2
16 2
72 2
12 2
72 2
12 3
72 5
16 2
72 4
12 3
72 4
12 2
72 2
16 2
72 6
12 3
72 5
16 2
72 2
12 2
16 2
72 2
16 2
12 2
72 2
16 2
72 2
12 2
16 2
12 2
72 2
12 2
72 2
16 2
72 4
12 3
72 4
12 3
72 1
16 2
72 6
12 2
72 6
16 2
72 4
12 2
72 2
16 2
12 2
72 2
16 2
72 2
12 2
72 2
12 3
72 5
16 2
72 4
12 3
72 4
12 3
72 1
16 2
72 6
12 3
72 5
16 2
72 2
12 2
16 2
72 2
16 2
12 2
72 2
16 2
72 2
16 0
72 2
16 2
12 2
72 2
12 2
72 2
16 2
72 4
12 3
72 4
12 3
72 1
16 2
72 4
12 0
72 2
12 3
72 5
16 2
72 4
12 2
72 2
16 2
12 2
72 2
16 2
72 2
12 2
72 2
12 3
72 5
16 2
72 4
12 3
72 4
12 3
72 1
16 2
72 2
12 2
72 2
12 3
72 5
16 2
72 2
12 2
16 2
72 2
16 2
12 2
72 2
16 2
72 2
12 2
16 2
12 2
72 2
12 2
72 2
16 2
72 4
12 3
72 4
12 3
72 1
16 2
72 6
12 2
72 6
16 2
72 4
12 2
72 2
16 2
12 2
72 2
16 2
72 2
12 2
72 2
12 3
72 5
16 2
72 4
12 3
72 4
12 3
72 1
16 2
72 6
12 3
72 5
16 2
72 2
12 2
16 2
72 2
16 2
12 2
72 2
16 2
72 2
16 0
72 2
16 2
12 2
72 2
12 2
72 2
16 2
72 4
12 3
72 4
12 3
72 1
16 2
72 4
12 0
72 2
12 3
72 5
16 2
72 4
12 2
72 2
16 2
12 2
72 2
16 2
72 2
12 2
72 2
12 3
72 5
16 2
72 4
12 3
72 4
12 3
72 1
16 2
72 2
12 2
72 2
12 3
72 5
16 2
72 2
12 2
16 2
72 2
16 2
12 2
72 2
16 2
72 2
12 2
16 2
12 2
72 6
16 2
72 4
12 3
72 4
12 2
72 2
16 2
72 2
12 2
72 2
12 3
72 5
16 2
72 2
12 2
16 2
72 2
16 2
12 2
72 2
16 2
72 2
12 2
72 2
12 3
72 5
16 2
72 4
12 3
72 4
12 3
72 1
16 2
72 6
12 3
72 5
16 2
72 2
12 2
16 2
72 2
16 2
12 2
72 2
16 2
72 2
12 2
151 2
E
S
L
72 7
72 13
15 2
72 13
15 3
72 13
15 3
72 13
15 4
72 12
15 2
72 13
15 3
72 13
15 2
72 13
15 2
72 13
15 3
72 13
15 3
72 13
15 3
72 13
15 3
72 13
15 2
72 13
15 3
72 13
15 3
72 13
15 3
72 13
15 2
72 13
15 3
72 13
15 3
72 13
15 3
72 13
15 3
72 13
15 3
72 13
15 3
72 13
15 2
72 13
15 2
72 13
15 3
72 13
15 2
72 13
15 2
72 13
15 3
72 13
15 2
72 13
15 2
72 13
15 3
72 13
15 2
72 13
15 2
E
S
L
72 7
72 12
30 0
72 4
30 2
72 2
30 2
72 2
30 2
72 2
30 2
72 2
30 2
72 2
30 2
72 2
30 2
72 2
30 2
72 2
30 2
72 2
30 2
72 2
30 2
72 2
30 2
72 2
30 2
72 2
30 2
72 2
30 2
72 2
30 2
72 2
30 2
72 2
30 2
72 2
30 2
72 2
30 2
72 2
30 2
72 2
30 2
72 2
30 2
72 2
30 2
72 2
30 2
72 2
30 2
72 2
30 2
72 2
30 2
72 2
30 2
72 2
30 2
72 2
30 2
72 2
30 2
72 2
30 2
72 2
30 2
72 2
30 2
72 2
30 2
72 2
30 2
72 2
30 2
72 2
30 2
72 2
30 2
72 2
30 2
72 2
30 2
72 2
30 2
72 2
30 2
72 2
30 2
72 2
30 2
72 2
30 2
72 2
30 2
72 2
30 2
72 2
30 2
72 2
30 2
72 2
30 2
72 2
30 2
72 2
30 2
72 2
30 2
72 2
30 2
72 2
30 2
72 2
30 2
72 2
30 2
72 2
30 2
72 2
30 2
72 2
30 2
72 2
30 0
72 2
30 0
72 2
30 2
72 2
30 2
72 2
30 2
72 2
30 2
72 2
30 2
72 2
30 2
72 2
30 2
72 2
30 2
72 2
30 2
72 2
30 2
72 2
30 2
72 2
30 2
72 2
30 2
72 2
30 2
72 2
30 2
72 2
30 2
72 2
30 2
72 2
30 2
72 2
30 2
72 2
30 2
72 2
30 2
72 2
30 2
72 2
30 2
72 2
30 2
72 2
30 2
72 2
30 2
72 2
30 2
72 2
30 2
72 2
30 2
72 2
30 2
72 2
30 2
72 2
30 0
72 2
30 0
72 2
30 2
72 2
30 2
72 2
30 2
72 2
30 2
72 2
30 2
72 2
30 2
72 2
30 2
72 2
30 2
72 2
30 2
72 2
30 2
72 2
30 2
72 2
30 2
72 2
30 2
72 2
30 2
72 2
30 2
72 2
30 2
72 2
30 2
72 2
30 2
72 2
30 2
72 2
30 2
72 2
30 2
72 2
30 2
72 2
30 2
72 2
30 0
72 2
30 0
72 2
30 2
72 2
30 2
72 2
30 2
72 2
30 2
72 2
30 2
72 2
30 2
72 2
30 2
72 2
30 2
72 2
30 2
72 2
30 2
72 2
30 2
72 2
30 2
72 2
30 2
72 2
30 2
72 2
30 2
72 2
30 2
72 2
30 2
72 2
30 2
72 2
30 2
72 2
30 2
72 2
30 2
72 2
30 2
72 2
30 2
72 2
30 0
72 2
30 0
72 2
30 2
72 2
30 2
72 2
30 2
72 2
30 2
72 2
30 2
72 2
30 2
72 2
30 2
72 2
30 2
72 2
30 2
72 2
30 2
72 2
30 2
72 2
30 2
72 2
30 2
72 2
30 2
72 2
30 2
72 2
30 2
72 2
30 2
72 2
30 2
72 2
30 2
72 2
30 2
72 2
30 2
72 2
30 2
72 2
30 2
72 2
30 2
72 2
30 2
72 2
30 2
72 2
30 2
72 2
30 2
72 2
30 2
72 2
30 2
72 2
30 2
72 2
30 2
72 2
30 2
72 2
30 2
72 2
30 2
72 2
30 2
72 2
30 2
72 2
30 2
72 2
30 2
72 2
30 2
72 2
30 2
72 2
30 2
72 2
30 2
72 2
30 2
72 2
30 2
72 2
30 2
72 2
30 2
72 2
30 2
72 2
30 2
72 2
30 2
72 2
30 2
72 2
30 2
72 2
30 2
72 2
30 2
72 2
30 2
72 2
30 2
72 2
30 2
72 2
30 2
72 2
30 2
72 2
30 2
72 2
30 2
72 2
30 2
72 2
30 2
72 2
30 0
72 2
30 0
72 2
30 2
72 2
30 2
72 2
30 2
72 2
30 2
72 2
30 2
72 2
30 2
72 2
30 2
72 2
30 2
72 2
30 2
72 2
30 2
72 2
30 2
72 2
30 2
72 2
30 2
72 2
30 2
72 2
30 2
72 2
30 2
72 2
30 2
72 2
30 2
72 2
30 2
72 2
30 2
72 2
30 2
72 2
30 2
72 2
30 2
72 2
30 2
72 2
30 2
72 2
30 2
72 2
30 2
72 2
30 2
72 2
30 2
72 2
30 2
72 2
30 2
72 2
30 2
72 2
30 2
72 2
30 2
72 2
30 2
72 2
30 2
72 2
30 2
72 2
30 2
72 2
30 2
72 2
30 2
72 2
30 2
72 2
30 2
72 2
30 2
72 2
30 2
72 2
30 2
72 2
30 2
72 2
30 2
72 2
30 0
72 2
30 2
30 2
72 2
30 2
72 2
30 2
72 2
30 2
72 2
30 2
72 2
30 2
72 2
30 2
72 2
30 2
72 2
30 2
72 2
30 2
72 2
30 2
72 2
30 2
72 2
30 2
72 2
30 2
72 2
30 2
72 2
30 2
72 2
30 2
72 2
30 2
72 2
30 2
72 2
30 2
72 2
30 2
72 2
30 2
72 2
30 2
72 2
30 2
72 2
30 2
72 2
30 2
72 2
30 2
72 2
30 2
72 2
30 2
72 2
30 2
72 2
30 2
72 2
30 0
72 2
30 0
72 2
30 2
E
X
