major
S
H
72 14
39 9
39 4
72 4
39 4
39 4
72 4
39 4
72 4
39 4
72 4
39 9
39 4
72 4
39 4
39 4
72 4
39 4
72 4
39 4
72 4
39 9
39 4
72 4
39 4
39 4
72 4
39 4
72 4
39 4
72 14
72 13
42 12
72 3
42 11
42 7
42 12
42 11
42 7
42 14
40 13
72 14
72 12
57 4
56 4
54 4
52 4
51 4
54 4
72 14
72 12
24 9
26 4
72 4
27 4
26 4
72 4
29 4
72 4
27 4
72 14
72 14
72 13
42 12
72 3
42 11
42 7
42 12
42 11
42 7
42 14
40 13
72 14
72 12
57 4
56 4
54 4
52 4
51 4
54 4
72 14
72 12
24 9
26 4
72 4
27 4
26 4
72 4
29 4
72 4
27 4
72 14
42 12
72 3
42 11
42 7
42 12
42 11
42 7
42 14
E
S
H
72 14
44 9
44 4
72 4
44 4
44 4
72 4
44 4
72 4
44 4
72 4
44 9
44 4
72 4
44 4
44 4
72 4
44 4
72 4
44 4
72 14
72 12
48 9
49 4
72 4
51 4
49 4
72 4
46 4
72 4
53 4
72 7
46 4
49 4
48 4
49 4
53 4
51 4
50 4
51 4
53 4
54 4
58 4
72 14
72 13
37 9
37 4
72 4
37 4
38 4
72 4
38 4
72 4
38 4
72 4
37 9
37 4
72 4
37 4
38 4
72 4
38 4
72 4
38 4
72 14
36 4
72 4
39 4
72 4
38 4
72 4
41 4
72 4
44 4
72 4
43 4
72 4
39 9
41 4
72 4
43 4
44 4
72 4
48 4
72 4
46 4
72 4
51 4
72 4
55 4
72 4
53 4
72 4
56 4
72 4
60 4
72 4
58 4
72 14
72 14
72 12
48 9
49 4
72 4
51 4
49 4
72 4
46 4
72 4
53 4
72 7
46 4
49 4
48 4
49 4
53 4
51 4
50 4
51 4
53 4
54 4
58 4
72 14
72 13
37 9
37 4
72 4
37 4
38 4
72 4
38 4
72 4
38 4
72 4
37 9
37 4
72 4
37 4
38 4
72 4
38 4
72 4
38 4
72 14
36 4
72 4
39 4
72 4
38 4
72 4
41 4
72 4
44 4
72 4
43 4
72 4
39 9
41 4
72 4
43 4
44 4
72 4
48 4
72 4
46 4
72 4
51 4
72 4
55 4
72 4
53 4
72 4
56 4
72 4
60 4
72 4
58 4
E
S
H
72 14
49 9
49 4
72 4
49 4
49 4
72 4
49 4
72 4
49 4
72 14
42 9
44 4
72 4
45 4
44 4
72 4
40 4
72 4
47 4
72 4
45 9
47 4
72 4
49 4
47 4
72 4
43 4
72 4
50 4
72 14
36 9
38 4
72 4
39 4
41 4
72 4
44 4
72 4
43 4
72 4
48 4
72 4
51 4
72 4
50 4
72 4
53 4
72 4
56 4
72 4
55 4
72 14
42 9
44 4
72 4
45 4
44 4
72 4
40 4
72 4
47 4
72 4
45 9
47 4
72 4
49 4
47 4
72 4
43 4
72 4
50 4
72 14
36 9
38 4
72 4
39 4
41 4
72 4
44 4
72 4
43 4
72 4
48 4
72 4
51 4
72 4
50 4
72 4
53 4
72 4
56 4
72 4
55 4
E
S
L
72 14
12 4
7 4
10 4
12 4
72 4
7 4
10 4
72 4
17 4
72 4
10 7
8 4
3 4
15 4
20 4
72 4
15 4
10 4
72 4
17 4
72 4
10 7
12 4
7 4
10 4
12 4
72 4
7 4
10 4
72 4
17 4
72 4
10 7
8 4
3 4
15 4
20 4
72 4
15 4
10 4
72 4
17 4
72 4
10 7
18 4
25 4
72 4
30 4
72 4
25 4
18 4
72 4
25 4
72 4
30 4
72 4
15 4
22 4
72 4
27 4
72 4
22 4
15 4
72 4
22 4
72 4
27 4
72 4
11 13
72 3
16 13
72 3
12 8
72 1
12 8
72 1
12 4
72 4
12 4
72 4
12 4
72 4
12 8
72 1
12 8
72 1
12 4
72 4
12 4
72 9
12 8
72 1
12 8
72 1
12 4
72 4
12 4
72 4
12 4
72 4
12 8
72 1
12 8
72 1
12 4
72 4
12 4
72 4
12 4
72 4
12 4
72 7
12 4
72 7
10 4
72 11
8 4
72 7
8 4
72 7
10 4
72 4
10 4
72 9
12 4
72 7
12 4
72 7
10 4
72 11
8 4
72 7
8 4
72 7
10 4
72 4
10 4
72 4
10 4
72 4
18 4
25 4
72 4
30 4
72 4
25 4
18 4
72 4
25 4
72 4
30 4
72 4
15 4
22 4
72 4
27 4
72 4
22 4
15 4
72 4
22 4
72 4
27 4
72 4
11 10
72 2
16 8
72 1
13 10
72 2
14 10
72 2
198 8
72 1
198 7
198 4
213 4
72 4
213 4
72 4
213 4
72 4
198 8
72 1
198 7
198 4
213 4
72 4
213 4
72 4
213 4
72 4
198 8
72 1
198 7
198 4
213 4
72 4
213 4
72 4
213 4
72 4
198 8
72 1
198 7
198 4
213 4
72 4
213 4
72 4
213 4
72 4
198 8
72 1
198 7
198 4
213 4
72 4
213 4
72 4
213 4
72 4
198 8
72 1
198 7
198 4
213 4
72 4
213 4
72 4
213 4
72 4
198 8
72 1
198 7
198 4
213 4
72 4
213 4
72 4
213 4
72 4
198 8
72 1
198 7
198 4
213 4
72 4
213 4
72 4
213 4
72 4
198 8
72 1
198 7
198 4
213 4
72 4
213 4
72 4
213 4
72 4
198 8
72 1
198 7
198 4
213 4
72 4
213 4
72 4
213 4
72 4
198 8
72 1
198 7
198 4
213 4
72 4
213 4
72 4
213 4
72 4
198 8
72 1
198 7
198 4
213 4
72 4
213 4
72 4
213 4
72 4
198 8
72 1
198 7
198 4
213 4
72 4
213 4
72 4
213 4
72 4
198 8
72 1
198 7
198 4
213 4
72 4
213 4
72 4
213 4
72 4
198 8
72 1
198 7
198 4
213 4
72 4
213 4
72 4
213 4
72 4
198 8
72 1
198 7
198 4
213 4
72 4
213 4
72 4
213 4
72 4
198 8
72 1
198 7
198 4
213 4
72 4
213 4
72 4
213 4
72 4
198 8
72 1
198 7
198 4
213 4
72 4
213 4
72 4
213 4
72 4
198 8
72 1
198 7
198 4
213 4
72 4
213 4
72 4
213 4
72 4
198 8
72 1
198 7
198 4
213 4
72 4
213 4
72 4
213 4
72 4
224 8
72 1
224 7
224 4
239 4
72 4
239 4
72 4
239 4
72 4
224 8
72 1
224 7
224 4
239 4
72 4
239 4
72 4
239 4
72 4
224 8
72 1
224 7
224 4
239 4
72 4
239 4
72 4
239 4
72 4
224 8
72 1
224 7
224 4
239 4
72 4
239 4
72 4
239 4
72 4
224 8
72 1
224 7
224 4
239 4
72 4
239 4
72 4
239 4
72 4
224 8
72 1
224 7
224 4
239 4
72 4
239 4
72 4
239 4
72 4
224 8
72 1
224 7
224 4
239 4
72 4
239 4
72 4
239 4
72 4
224 8
72 1
224 7
224 4
239 4
72 4
239 4
72 4
239 4
72 4
10 8
72 1
10 8
72 1
10 4
72 4
10 4
72 4
10 4
72 4
10 8
72 1
10 8
72 1
10 4
72 4
10 4
72 9
10 8
72 1
10 8
72 1
10 4
72 4
10 4
72 4
10 4
72 4
10 8
72 1
10 8
72 1
10 4
72 4
10 4
72 4
10 4
72 4
21 12
72 3
18 12
72 3
26 12
72 3
19 12
72 3
18 7
25 7
23 7
21 7
20 7
16 7
18 7
16 7
18 7
20 7
21 7
23 7
15 12
72 3
12 12
72 3
8 12
72 3
13 12
72 3
12 8
72 1
12 7
12 4
12 4
72 4
12 4
72 4
12 4
72 4
12 4
72 4
12 4
72 4
12 4
72 4
12 4
72 4
12 4
72 4
12 4
72 4
12 8
72 1
12 7
12 4
12 4
72 4
12 4
72 4
12 4
72 4
12 4
72 4
12 4
72 4
12 4
72 4
12 4
72 4
12 4
72 4
12 4
72 4
12 4
7 4
10 4
12 4
72 4
7 4
10 4
72 4
17 4
72 4
10 7
8 4
3 4
15 4
20 4
72 4
15 4
10 4
72 4
17 4
72 4
10 7
12 4
7 4
10 4
12 4
72 4
7 4
10 4
72 4
17 4
72 4
10 7
8 4
3 4
15 4
20 4
72 4
15 4
10 4
72 4
17 4
72 4
10 7
18 4
25 4
72 4
30 4
72 4
25 4
18 4
72 4
25 4
72 4
30 4
72 4
15 4
22 4
72 4
27 4
72 4
22 4
15 4
72 4
22 4
72 4
27 4
72 4
11 13
72 3
16 13
72 3
12 8
72 1
12 8
72 1
12 4
72 4
12 4
72 4
12 4
72 4
12 8
72 1
12 8
72 1
12 4
72 4
12 4
72 9
12 8
72 1
12 8
72 1
12 4
72 4
12 4
72 4
12 4
72 4
12 8
72 1
12 8
72 1
12 4
72 4
12 4
72 4
12 4
72 4
12 4
72 7
12 4
72 7
10 4
72 11
8 4
72 7
8 4
72 7
10 4
72 4
10 4
72 9
12 4
72 7
12 4
72 7
10 4
72 11
8 4
72 7
8 4
72 7
10 4
72 4
10 4
72 4
10 4
72 4
18 4
25 4
72 4
30 4
72 4
25 4
18 4
72 4
25 4
72 4
30 4
72 4
15 4
22 4
72 4
27 4
72 4
22 4
15 4
72 4
22 4
72 4
27 4
72 4
11 10
72 2
16 8
72 1
13 10
72 2
14 10
72 2
198 8
72 1
198 7
198 4
213 4
72 4
213 4
72 4
213 4
72 4
198 8
72 1
198 7
198 4
213 4
72 4
213 4
72 4
213 4
72 4
198 8
72 1
198 7
198 4
213 4
72 4
213 4
72 4
213 4
72 4
198 8
72 1
198 7
198 4
213 4
72 4
213 4
72 4
213 4
72 4
198 8
72 1
198 7
198 4
213 4
72 4
213 4
72 4
213 4
72 4
198 8
72 1
198 7
198 4
213 4
72 4
213 4
72 4
213 4
72 4
198 8
72 1
198 7
198 4
213 4
72 4
213 4
72 4
213 4
72 4
198 8
72 1
198 7
198 4
213 4
72 4
213 4
72 4
213 4
72 4
198 8
72 1
198 7
198 4
213 4
72 4
213 4
72 4
213 4
72 4
198 8
72 1
198 7
198 4
213 4
72 4
213 4
72 4
213 4
72 4
198 8
72 1
198 7
198 4
213 4
72 4
213 4
72 4
213 4
72 4
198 8
72 1
198 7
198 4
213 4
72 4
213 4
72 4
213 4
72 4
198 8
72 1
198 7
198 4
213 4
72 4
213 4
72 4
213 4
72 4
198 8
72 1
198 7
198 4
213 4
72 4
213 4
72 4
213 4
72 4
198 8
72 1
198 7
198 4
213 4
72 4
213 4
72 4
213 4
72 4
198 8
72 1
198 7
198 4
213 4
72 4
213 4
72 4
213 4
72 4
198 8
72 1
198 7
198 4
213 4
72 4
213 4
72 4
213 4
72 4
198 8
72 1
198 7
198 4
213 4
72 4
213 4
72 4
213 4
72 4
198 8
72 1
198 7
198 4
213 4
72 4
213 4
72 4
213 4
72 4
198 8
72 1
198 7
198 4
213 4
72 4
213 4
72 4
213 4
72 4
224 8
72 1
224 7
224 4
239 4
72 4
239 4
72 4
239 4
72 4
224 8
72 1
224 7
224 4
239 4
72 4
239 4
72 4
239 4
72 4
224 8
72 1
224 7
224 4
239 4
72 4
239 4
72 4
239 4
72 4
224 8
72 1
224 7
224 4
239 4
72 4
239 4
72 4
239 4
72 4
224 8
72 1
224 7
224 4
239 4
72 4
239 4
72 4
239 4
72 4
224 8
72 1
224 7
224 4
239 4
72 4
239 4
72 4
239 4
72 4
224 8
72 1
224 7
224 4
239 4
72 4
239 4
72 4
239 4
72 4
224 8
72 1
224 7
224 4
239 4
72 4
239 4
72 4
239 4
72 4
10 8
72 1
10 8
72 1
10 4
72 4
10 4
72 4
10 4
72 4
10 8
72 1
10 8
72 1
10 4
72 4
10 4
72 9
10 8
72 1
10 8
72 1
10 4
72 4
10 4
72 4
10 4
72 4
10 8
72 1
10 8
72 1
10 4
72 4
10 4
72 4
10 4
72 4
21 12
72 3
18 12
72 3
26 12
72 3
19 12
72 3
18 7
25 7
23 7
21 7
20 7
16 7
18 7
16 7
18 7
20 7
21 7
23 7
15 12
72 3
12 12
72 3
8 12
72 3
13 12
72 3
12 8
72 1
12 7
12 4
12 4
72 4
12 4
72 4
12 4
72 4
12 4
72 4
12 4
72 4
12 4
72 4
12 4
72 4
12 4
72 4
12 4
72 4
12 8
72 1
12 7
12 4
12 4
72 4
12 4
72 4
12 4
72 4
12 4
72 4
12 4
72 4
12 4
72 4
12 4
72 4
12 4
72 4
12 4
72 4
12 4
7 4
10 4
12 4
72 4
7 4
10 4
72 4
17 4
72 4
10 7
8 4
3 4
15 4
20 4
72 4
15 4
10 4
72 4
17 4
72 4
10 7
12 4
7 4
10 4
12 4
72 4
7 4
10 4
72 4
17 4
72 4
10 7
8 4
3 4
15 4
20 4
72 4
15 4
10 4
72 4
17 4
72 4
10 7
18 4
25 4
72 4
30 4
72 4
25 4
18 4
72 4
25 4
72 4
30 4
72 4
15 4
22 4
72 4
27 4
72 4
22 4
15 4
72 4
22 4
72 4
27 4
72 4
11 13
E
S
H
72 14
36 8
72 1
38 4
72 4
39 4
38 4
72 4
34 4
72 4
41 4
72 4
39 8
72 1
41 4
72 4
43 4
41 4
72 4
38 4
72 4
46 4
72 14
36 8
72 1
38 4
72 4
39 4
38 4
72 4
34 4
72 4
41 4
72 4
39 8
72 1
41 4
72 4
43 4
41 4
72 4
38 4
72 4
46 4
72 14
36 8
72 1
38 4
72 4
39 4
38 4
72 4
34 4
72 4
41 4
72 4
39 8
72 1
41 4
72 4
43 4
41 4
72 4
38 4
72 4
46 4
E
S
H
72 14
36 9
38 4
72 4
39 4
38 4
72 4
34 4
72 4
41 4
72 4
39 9
41 4
72 4
43 4
41 4
72 4
38 4
72 4
46 4
72 14
37 14
37 4
36 4
37 4
39 4
40 4
42 4
40 4
39 4
37 4
40 4
43 13
45 7
44 13
42 2
44 2
49 14
44 4
49 4
44 4
37 4
39 4
40 4
42 4
43 4
44 4
49 4
51 4
52 13
51 7
49 14
37 14
37 4
36 4
37 4
39 4
40 4
42 4
40 4
39 4
37 4
40 4
43 13
45 7
44 13
42 2
44 2
49 14
44 4
49 4
44 4
37 4
39 4
40 4
39 4
40 4
42 4
43 4
45 4
44 7
40 4
39 4
40 9
44 4
39 4
40 4
43 4
44 4
49 4
44 4
49 4
52 4
51 4
52 4
56 4
52 4
56 4
61 4
60 4
61 4
51 14
51 4
50 4
51 4
53 4
54 4
56 4
54 4
53 4
51 4
54 4
57 13
59 7
58 13
58 4
56 4
54 4
53 4
51 14
51 4
50 4
51 4
53 4
54 4
56 4
54 4
53 4
51 4
50 4
51 14
72 14
36 9
38 4
72 4
39 4
38 4
72 4
34 4
72 4
41 4
72 4
39 9
41 4
72 4
43 4
41 4
72 4
38 4
72 4
46 4
72 14
37 14
37 4
36 4
37 4
39 4
40 4
42 4
40 4
39 4
37 4
40 4
43 13
45 7
44 13
42 2
44 2
49 14
44 4
49 4
44 4
37 4
39 4
40 4
42 4
43 4
44 4
49 4
51 4
52 13
51 7
49 14
37 14
37 4
36 4
37 4
39 4
40 4
42 4
40 4
39 4
37 4
40 4
43 13
45 7
44 13
42 2
44 2
49 14
44 4
49 4
44 4
37 4
39 4
40 4
39 4
40 4
42 4
43 4
45 4
44 7
40 4
39 4
40 9
44 4
39 4
40 4
43 4
44 4
49 4
44 4
49 4
52 4
51 4
52 4
56 4
52 4
56 4
61 4
60 4
61 4
51 14
51 4
50 4
51 4
53 4
54 4
56 4
54 4
53 4
51 4
54 4
57 13
59 7
58 13
58 4
56 4
54 4
53 4
51 14
51 4
50 4
51 4
53 4
54 4
56 4
54 4
53 4
51 4
50 4
51 14
72 14
36 9
38 4
72 4
39 4
38 4
72 4
34 4
72 4
41 4
72 4
39 9
41 4
72 4
43 4
41 4
72 4
38 4
72 4
46 4
E
S
H
72 14
48 9
50 4
72 4
51 4
50 4
72 4
46 4
72 4
53 4
72 4
51 9
53 4
72 4
55 4
53 4
52 4
53 4
55 4
56 4
58 4
60 9
61 4
72 4
63 4
61 4
72 4
58 4
72 4
65 4
72 7
58 4
61 4
60 4
61 4
65 4
63 4
72 4
60 4
72 4
68 4
72 9
66 4
65 4
63 4
61 4
60 4
61 4
60 4
58 4
56 4
54 4
72 7
64 4
63 4
61 4
59 4
58 4
59 4
58 4
56 4
54 4
52 4
72 14
47 4
46 4
44 4
49 4
56 4
54 4
49 4
72 14
56 4
72 4
56 4
56 4
72 4
56 4
57 4
72 4
57 4
72 4
57 4
72 4
56 4
72 4
56 4
56 4
72 4
56 4
61 4
72 4
61 4
72 4
61 4
72 4
56 4
72 4
56 4
56 4
72 4
56 4
57 4
72 4
57 4
72 4
57 4
72 4
56 4
72 4
56 4
56 4
72 4
56 4
61 4
72 4
61 4
72 4
61 4
72 4
56 4
72 4
56 4
56 4
72 4
56 4
57 4
72 4
57 4
72 4
57 4
72 4
56 4
72 4
56 4
56 4
72 4
56 4
61 4
72 4
61 4
72 4
61 4
72 4
56 4
72 4
56 4
56 4
72 4
56 4
57 4
72 4
57 4
72 4
57 4
72 4
56 4
72 4
56 4
56 4
72 4
56 4
61 4
72 4
61 4
72 4
61 4
72 4
58 4
72 4
58 4
58 4
72 4
58 4
59 4
72 4
59 4
72 4
59 4
72 4
58 4
72 4
58 4
58 4
72 4
58 4
63 4
72 4
63 4
72 4
63 4
72 4
58 4
72 4
58 4
58 4
72 4
58 4
59 4
72 4
59 4
72 4
59 4
72 4
58 4
72 4
58 4
58 4
72 4
58 4
63 4
72 4
63 4
72 4
63 4
72 4
58 4
72 4
58 4
58 4
72 4
58 4
59 4
72 4
59 4
72 4
59 4
72 4
58 4
72 4
58 4
58 4
72 4
58 4
63 4
72 4
63 4
72 4
63 4
72 4
58 4
72 4
58 4
58 4
72 4
58 4
59 4
72 4
59 4
72 4
59 4
72 4
58 4
72 4
58 4
58 4
72 4
58 4
63 4
72 4
63 4
72 4
63 4
72 14
61 4
59 4
57 4
56 4
54 4
52 4
49 4
47 4
45 4
44 4
42 4
45 4
72 12
43 4
42 4
40 4
38 4
40 4
43 4
72 14
67 4
65 4
63 4
62 4
60 4
58 4
56 4
55 4
53 4
51 4
50 4
51 4
72 12
49 4
48 4
46 4
44 4
46 4
49 4
72 14
48 9
50 4
72 4
51 4
50 4
72 4
46 4
72 4
53 4
72 4
51 9
53 4
72 4
55 4
53 4
52 4
53 4
55 4
56 4
58 4
60 9
61 4
72 4
63 4
61 4
72 4
58 4
72 4
65 4
72 7
58 4
61 4
60 4
61 4
65 4
63 4
72 4
60 4
72 4
68 4
72 9
66 4
65 4
63 4
61 4
60 4
61 4
60 4
58 4
56 4
54 4
72 7
64 4
63 4
61 4
59 4
58 4
59 4
58 4
56 4
54 4
52 4
72 14
47 4
46 4
44 4
49 4
56 4
54 4
49 4
72 14
56 4
72 4
56 4
56 4
72 4
56 4
57 4
72 4
57 4
72 4
57 4
72 4
56 4
72 4
56 4
56 4
72 4
56 4
61 4
72 4
61 4
72 4
61 4
72 4
56 4
72 4
56 4
56 4
72 4
56 4
57 4
72 4
57 4
72 4
57 4
72 4
56 4
72 4
56 4
56 4
72 4
56 4
61 4
72 4
61 4
72 4
61 4
72 4
56 4
72 4
56 4
56 4
72 4
56 4
57 4
72 4
57 4
72 4
57 4
72 4
56 4
72 4
56 4
56 4
72 4
56 4
61 4
72 4
61 4
72 4
61 4
72 4
56 4
72 4
56 4
56 4
72 4
56 4
57 4
72 4
57 4
72 4
57 4
72 4
56 4
72 4
56 4
56 4
72 4
56 4
61 4
72 4
61 4
72 4
61 4
72 4
58 4
72 4
58 4
58 4
72 4
58 4
59 4
72 4
59 4
72 4
59 4
72 4
58 4
72 4
58 4
58 4
72 4
58 4
63 4
72 4
63 4
72 4
63 4
72 4
58 4
72 4
58 4
58 4
72 4
58 4
59 4
72 4
59 4
72 4
59 4
72 4
58 4
72 4
58 4
58 4
72 4
58 4
63 4
72 4
63 4
72 4
63 4
72 4
58 4
72 4
58 4
58 4
72 4
58 4
59 4
72 4
59 4
72 4
59 4
72 4
58 4
72 4
58 4
58 4
72 4
58 4
63 4
72 4
63 4
72 4
63 4
72 4
58 4
72 4
58 4
58 4
72 4
58 4
59 4
72 4
59 4
72 4
59 4
72 4
58 4
72 4
58 4
58 4
72 4
58 4
63 4
72 4
63 4
72 4
63 4
72 14
61 4
59 4
57 4
56 4
54 4
52 4
49 4
47 4
45 4
44 4
42 4
45 4
72 12
43 4
42 4
40 4
38 4
40 4
43 4
72 14
67 4
65 4
63 4
62 4
60 4
58 4
56 4
55 4
53 4
51 4
50 4
51 4
72 12
49 4
48 4
46 4
44 4
46 4
49 4
72 14
48 9
50 4
72 4
51 4
50 4
72 4
46 4
72 4
53 4
72 4
51 9
53 4
72 4
55 4
53 4
52 4
53 4
55 4
56 4
58 4
60 9
61 4
72 4
63 4
61 4
72 4
58 4
72 4
65 4
72 7
58 4
61 4
60 4
61 4
65 4
63 4
72 4
60 4
72 4
68 4
72 9
66 4
65 4
63 4
61 4
60 4
61 4
60 4
58 4
56 4
54 4
E
S
H
72 14
39 9
41 4
72 4
43 4
41 4
72 4
38 4
72 4
46 4
72 4
48 9
50 4
72 4
51 4
50 4
49 4
50 4
51 4
53 4
55 4
60 9
61 4
72 4
63 4
61 4
72 4
58 4
72 4
65 4
72 7
58 4
61 4
60 4
61 4
65 4
63 4
72 4
60 4
72 4
68 4
72 9
66 4
65 4
63 4
61 4
60 4
61 4
60 4
58 4
56 4
54 4
72 7
64 4
63 4
61 4
59 4
58 4
59 4
58 4
56 4
54 4
52 4
72 14
36 9
38 4
72 4
39 4
38 4
72 4
34 4
72 4
41 4
72 4
39 9
41 4
72 4
43 4
41 4
72 4
38 4
72 4
46 4
72 4
48 9
50 4
72 4
51 4
50 4
72 4
46 4
72 4
53 4
72 4
51 9
53 4
72 4
55 4
53 4
52 4
53 4
55 4
56 4
58 4
60 9
61 4
72 4
63 4
61 4
72 4
58 4
72 4
65 4
72 7
58 4
61 4
60 4
61 4
65 4
63 4
62 4
63 4
65 4
66 4
70 4
72 14
37 2
38 2
39 2
40 2
41 2
42 2
43 2
44 2
46 2
48 2
49 2
51 2
52 12
54 12
57 12
59 12
49 13
47 7
45 12
43 12
51 12
53 12
55 12
53 12
72 14
39 9
41 4
72 4
43 4
41 4
72 4
38 4
72 4
46 4
72 4
48 9
50 4
72 4
51 4
50 4
49 4
50 4
51 4
53 4
55 4
60 9
61 4
72 4
63 4
61 4
72 4
58 4
72 4
65 4
72 7
58 4
61 4
60 4
61 4
65 4
63 4
72 4
60 4
72 4
68 4
72 9
66 4
65 4
63 4
61 4
60 4
61 4
60 4
58 4
56 4
54 4
72 7
64 4
63 4
61 4
59 4
58 4
59 4
58 4
56 4
54 4
52 4
72 14
36 9
38 4
72 4
39 4
38 4
72 4
34 4
72 4
41 4
72 4
39 9
41 4
72 4
43 4
41 4
72 4
38 4
72 4
46 4
72 4
48 9
50 4
72 4
51 4
50 4
72 4
46 4
72 4
53 4
72 4
51 9
53 4
72 4
55 4
53 4
52 4
53 4
55 4
56 4
58 4
60 9
61 4
72 4
63 4
61 4
72 4
58 4
72 4
65 4
72 7
58 4
61 4
60 4
61 4
65 4
63 4
62 4
63 4
65 4
66 4
70 4
72 14
37 2
38 2
39 2
40 2
41 2
42 2
43 2
44 2
46 2
48 2
49 2
51 2
52 12
54 12
57 12
59 12
49 13
47 7
45 12
43 12
51 12
53 12
55 12
53 12
72 14
39 9
41 4
72 4
43 4
41 4
72 4
38 4
72 4
46 4
72 4
48 9
50 4
72 4
51 4
50 4
49 4
50 4
51 4
53 4
55 4
60 9
61 4
72 4
63 4
61 4
72 4
58 4
72 4
65 4
72 7
58 4
61 4
60 4
61 4
65 4
63 4
72 4
60 4
72 4
68 4
72 9
66 4
65 4
63 4
61 4
60 4
61 4
60 4
58 4
56 4
54 4
E
S
L
72 12
1369 0
72 7
205 0
72 4
57 0
72 4
20 0
72 4
56 0
72 4
205 0
72 7
205 0
72 7
217 0
72 7
205 0
72 7
205 0
72 4
57 0
72 4
20 0
72 4
56 0
72 4
205 0
72 7
205 0
72 7
217 0
72 7
205 0
72 7
205 0
72 4
57 0
72 4
20 0
72 4
56 0
72 4
205 0
72 7
205 0
72 7
217 0
72 7
205 0
72 7
205 0
72 4
57 0
72 4
20 0
72 4
56 0
72 4
205 0
72 4
16 0
72 4
1353 0
72 4
16 0
72 4
1497 0
72 4
16 0
72 4
1369 0
72 7
205 0
72 4
57 0
72 4
20 0
72 4
56 0
72 4
1353 0
72 7
205 0
72 7
217 0
72 7
205 0
72 7
205 0
72 4
213 0
72 4
20 0
72 4
56 0
72 4
205 0
72 7
205 0
72 7
1509 0
72 7
205 0
72 7
205 0
72 4
213 0
72 4
20 0
72 4
56 0
72 4
205 0
72 7
205 0
72 7
1497 0
72 7
1353 0
72 7
205 0
72 4
57 0
72 4
20 0
72 4
56 0
72 4
205 0
72 7
205 0
72 7
217 0
72 7
1365 0
72 7
205 0
72 4
57 0
72 4
20 0
72 4
56 0
72 4
205 0
72 7
205 0
72 7
1497 0
72 7
205 0
72 7
205 0
72 4
57 0
72 4
20 0
72 4
56 0
72 4
205 0
72 7
205 0
72 7
1497 0
72 7
216 0
72 12
19 0
72 2
19 0
72 2
19 0
72 2
19 0
72 2
19 0
72 2
19 0
72 2
19 0
72 2
19 0
72 2
19 0
72 2
19 0
72 2
19 0
72 2
19 0
72 2
33 0
72 13
20 0
72 7
20 0
72 4
225 0
72 4
20 0
72 7
20 0
72 7
20 0
72 4
22 0
72 4
201 0
72 7
20 0
72 7
20 0
72 4
225 0
72 4
20 0
72 7
20 0
72 7
20 0
72 11
20 0
72 7
20 0
72 4
225 0
72 4
20 0
72 7
20 0
72 7
201 0
72 4
22 0
72 4
20 0
72 7
20 0
72 7
20 0
72 4
225 0
72 4
20 0
72 7
20 0
72 7
20 0
72 4
22 0
72 4
1497 0
72 13
16 0
72 13
16 0
72 12
213 0
72 7
20 0
72 7
20 0
72 4
16 0
72 4
20 0
72 7
20 0
72 7
20 0
72 7
201 0
72 7
201 0
72 7
20 0
72 7
20 0
72 7
20 0
72 7
20 0
72 7
20 0
72 7
1365 0
72 7
205 0
72 4
57 0
72 4
20 0
72 4
56 0
72 4
205 0
72 7
205 0
72 7
1497 0
72 7
1369 0
72 7
205 0
72 4
57 0
72 4
20 0
72 4
56 0
72 4
205 0
72 7
205 0
72 7
1497 0
72 7
27 0
72 7
27 0
72 7
27 0
72 7
27 0
72 4
27 0
72 7
27 0
72 7
27 0
72 9
27 0
72 4
1369 0
72 7
205 0
72 4
57 0
72 4
20 0
72 4
56 0
72 4
205 0
72 7
205 0
72 7
217 0
72 7
205 0
72 7
205 0
72 4
57 0
72 4
20 0
72 4
56 0
72 4
205 0
72 7
205 0
72 7
1497 0
72 7
205 0
72 7
205 0
72 4
57 0
72 4
20 0
72 4
56 0
72 4
205 0
72 7
205 0
72 7
217 0
72 7
205 0
72 7
205 0
72 4
57 0
72 4
20 0
72 4
56 0
72 4
205 0
72 4
16 0
72 4
1353 0
72 4
16 0
72 4
1497 0
72 4
16 0
72 4
217 0
72 7
20 0
72 4
16 0
72 4
20 0
72 7
20 0
72 7
20 0
72 7
201 0
72 7
20 0
72 7
20 0
72 7
201 0
72 7
20 0
72 7
20 0
72 7
201 0
72 7
20 0
72 7
20 0
72 4
16 0
72 4
20 0
72 7
20 0
72 7
20 0
72 7
201 0
72 7
20 0
72 7
20 0
72 7
201 0
72 7
20 0
72 7
20 0
72 7
201 0
72 7
20 0
72 7
20 0
72 4
16 0
72 4
20 0
72 7
20 0
72 7
20 0
72 7
201 0
72 7
20 0
72 7
20 0
72 7
201 0
72 7
20 0
72 7
20 0
72 7
201 0
72 7
20 0
72 7
20 0
72 4
16 0
72 4
20 0
72 7
20 0
72 7
20 0
72 7
201 0
72 7
20 0
72 7
20 0
72 7
201 0
72 7
20 0
72 7
20 0
72 7
1497 0
72 7
20 0
72 7
20 0
72 4
16 0
72 4
20 0
72 7
20 0
72 7
20 0
72 7
201 0
72 7
20 0
72 7
20 0
72 7
201 0
72 7
20 0
72 7
20 0
72 7
201 0
72 7
20 0
72 7
20 0
72 4
16 0
72 4
20 0
72 7
20 0
72 7
20 0
72 7
201 0
72 7
20 0
72 7
20 0
72 7
201 0
72 7
20 0
72 7
20 0
72 7
201 0
72 7
20 0
72 7
20 0
72 4
16 0
72 4
20 0
72 7
20 0
72 7
20 0
72 7
201 0
72 7
20 0
72 7
20 0
72 7
201 0
72 7
20 0
72 7
20 0
72 7
201 0
72 7
20 0
72 7
20 0
72 4
16 0
72 4
20 0
72 7
20 0
72 7
20 0
72 7
201 0
72 7
20 0
72 7
20 0
72 7
1497 0
72 7
20 0
72 7
20 0
72 7
201 0
72 7
27 0
72 9
27 0
72 7
27 0
72 4
27 0
72 7
27 0
72 7
141 0
72 7
27 0
72 7
27 0
72 7
27 0
72 7
27 0
72 7
27 0
72 7
141 0
72 7
27 0
72 9
27 0
72 7
27 0
72 4
27 0
72 7
27 0
72 7
141 0
72 7
27 0
72 7
27 0
72 7
27 0
72 7
27 0
72 7
27 0
72 7
16 0
72 4
27 0
72 4
27 0
72 9
27 0
72 7
27 0
72 4
27 0
72 7
27 0
72 7
141 0
72 7
27 0
72 7
27 0
72 7
27 0
72 7
27 0
72 7
27 0
72 7
141 0
72 7
27 0
72 9
27 0
72 7
27 0
72 4
27 0
72 7
27 0
72 7
141 0
72 7
27 0
72 7
27 0
72 7
27 0
72 7
27 0
72 7
27 0
72 7
16 0
72 4
27 0
72 4
20 0
72 7
20 0
72 4
141 0
72 4
20 0
72 7
20 0
72 7
20 0
72 4
27 0
72 4
201 0
72 7
20 0
72 7
20 0
72 4
141 0
72 4
20 0
72 7
20 0
72 7
20 0
72 11
20 0
72 7
20 0
72 4
141 0
72 4
20 0
72 7
20 0
72 7
201 0
72 4
27 0
72 4
20 0
72 7
20 0
72 7
20 0
72 4
141 0
72 4
20 0
72 7
20 0
72 7
20 0
72 4
27 0
72 4
201 0
72 7
33 0
72 13
33 0
72 13
145 0
72 7
145 0
72 4
16 0
72 4
145 0
72 7
145 0
72 7
145 0
72 4
27 0
72 4
201 0
72 4
27 0
72 4
145 0
72 7
145 0
72 7
633 0
72 7
145 0
72 7
145 0
72 4
27 0
72 4
201 0
72 4
27 0
72 4
27 0
72 11
27 0
72 2
27 0
72 2
27 0
72 12
27 0
72 11
27 0
72 2
27 0
72 2
27 0
72 7
16 0
72 7
33 0
72 7
20 0
72 7
20 0
72 7
20 0
72 7
20 0
72 7
20 0
72 7
20 0
72 7
20 0
72 7
20 0
72 7
20 0
72 7
20 0
72 7
20 0
72 7
201 0
72 7
20 0
72 7
20 0
72 7
20 0
72 7
20 0
72 7
20 0
72 7
20 0
72 7
20 0
72 7
20 0
72 7
20 0
72 7
20 0
72 4
16 0
72 4
201 0
72 4
16 0
72 4
201 0
72 4
16 0
72 4
1369 0
72 7
205 0
72 4
57 0
72 4
20 0
72 4
56 0
72 4
1353 0
72 7
205 0
72 7
217 0
72 7
205 0
72 7
205 0
72 4
213 0
72 4
20 0
72 4
56 0
72 4
205 0
72 7
205 0
72 7
1509 0
72 7
205 0
72 7
205 0
72 4
213 0
72 4
20 0
72 4
56 0
72 4
205 0
72 7
205 0
72 7
1497 0
72 7
1353 0
72 7
205 0
72 4
57 0
72 4
20 0
72 4
56 0
72 4
205 0
72 7
205 0
72 7
217 0
72 7
1365 0
72 7
205 0
72 4
57 0
72 4
20 0
72 4
56 0
72 4
205 0
72 7
205 0
72 7
1497 0
72 7
205 0
72 7
205 0
72 4
57 0
72 4
20 0
72 4
56 0
72 4
205 0
72 7
205 0
72 7
1497 0
72 7
216 0
72 12
19 0
72 2
19 0
72 2
19 0
72 2
19 0
72 2
19 0
72 2
19 0
72 2
19 0
72 2
19 0
72 2
19 0
72 2
19 0
72 2
19 0
72 2
19 0
72 2
33 0
72 13
20 0
72 7
20 0
72 4
225 0
72 4
20 0
72 7
20 0
72 7
20 0
72 4
22 0
72 4
201 0
72 7
20 0
72 7
20 0
72 4
225 0
72 4
20 0
72 7
20 0
72 7
20 0
72 11
20 0
72 7
20 0
72 4
225 0
72 4
20 0
72 7
20 0
72 7
201 0
72 4
22 0
72 4
20 0
72 7
20 0
72 7
20 0
72 4
225 0
72 4
20 0
72 7
20 0
72 7
20 0
72 4
22 0
72 4
1497 0
72 13
16 0
72 13
16 0
72 12
213 0
72 7
20 0
72 7
20 0
72 4
16 0
72 4
20 0
72 7
20 0
72 7
20 0
72 7
201 0
72 7
201 0
72 7
20 0
72 7
20 0
72 7
20 0
72 7
20 0
72 7
20 0
72 7
1365 0
72 7
205 0
72 4
57 0
72 4
20 0
72 4
56 0
72 4
205 0
72 7
205 0
72 7
1497 0
72 7
1369 0
72 7
205 0
72 4
57 0
72 4
20 0
72 4
56 0
72 4
205 0
72 7
205 0
72 7
1497 0
72 7
27 0
72 7
27 0
72 7
27 0
72 7
27 0
72 4
27 0
72 7
27 0
72 7
27 0
72 9
27 0
72 4
1369 0
72 7
205 0
72 4
57 0
72 4
20 0
72 4
56 0
72 4
205 0
72 7
205 0
72 7
217 0
72 7
205 0
72 7
205 0
72 4
57 0
72 4
20 0
72 4
56 0
72 4
205 0
72 7
205 0
72 7
1497 0
72 7
205 0
72 7
205 0
72 4
57 0
72 4
20 0
72 4
56 0
72 4
205 0
72 7
205 0
72 7
217 0
72 7
205 0
72 7
205 0
72 4
57 0
72 4
20 0
72 4
56 0
72 4
205 0
72 4
16 0
72 4
1353 0
72 4
16 0
72 4
1497 0
72 4
16 0
72 4
217 0
72 7
20 0
72 4
16 0
72 4
20 0
72 7
20 0
72 7
20 0
72 7
201 0
72 7
20 0
72 7
20 0
72 7
201 0
72 7
20 0
72 7
20 0
72 7
201 0
72 7
20 0
72 7
20 0
72 4
16 0
72 4
20 0
72 7
20 0
72 7
20 0
72 7
201 0
72 7
20 0
72 7
20 0
72 7
201 0
72 7
20 0
72 7
20 0
72 7
201 0
72 7
20 0
72 7
20 0
72 4
16 0
72 4
20 0
72 7
20 0
72 7
20 0
72 7
201 0
72 7
20 0
72 7
20 0
72 7
201 0
72 7
20 0
72 7
20 0
72 7
201 0
72 7
20 0
72 7
20 0
72 4
16 0
72 4
20 0
72 7
20 0
72 7
20 0
72 7
201 0
72 7
20 0
72 7
20 0
72 7
201 0
72 7
20 0
72 7
20 0
72 7
1497 0
72 7
20 0
72 7
20 0
72 4
16 0
72 4
20 0
72 7
20 0
72 7
20 0
72 7
201 0
72 7
20 0
72 7
20 0
72 7
201 0
72 7
20 0
72 7
20 0
72 7
201 0
72 7
20 0
72 7
20 0
72 4
16 0
72 4
20 0
72 7
20 0
72 7
20 0
72 7
201 0
72 7
20 0
72 7
20 0
72 7
201 0
72 7
20 0
72 7
20 0
72 7
201 0
72 7
20 0
72 7
20 0
72 4
16 0
72 4
20 0
72 7
20 0
72 7
20 0
72 7
201 0
72 7
20 0
72 7
20 0
72 7
201 0
72 7
20 0
72 7
20 0
72 7
201 0
72 7
20 0
72 7
20 0
72 4
16 0
72 4
20 0
72 7
20 0
72 7
20 0
72 7
201 0
72 7
20 0
72 7
20 0
72 7
1497 0
72 7
20 0
72 7
20 0
72 7
201 0
72 7
27 0
72 9
27 0
72 7
27 0
72 4
27 0
72 7
27 0
72 7
141 0
72 7
27 0
72 7
27 0
72 7
27 0
72 7
27 0
72 7
27 0
72 7
141 0
72 7
27 0
72 9
27 0
72 7
27 0
72 4
27 0
72 7
27 0
72 7
141 0
72 7
27 0
72 7
27 0
72 7
27 0
72 7
27 0
72 7
27 0
72 7
16 0
72 4
27 0
72 4
27 0
72 9
27 0
72 7
27 0
72 4
27 0
72 7
27 0
72 7
141 0
72 7
27 0
72 7
27 0
72 7
27 0
72 7
27 0
72 7
27 0
72 7
141 0
72 7
27 0
72 9
27 0
72 7
27 0
72 4
27 0
72 7
27 0
72 7
141 0
72 7
27 0
72 7
27 0
72 7
27 0
72 7
27 0
72 7
27 0
72 7
16 0
72 4
27 0
72 4
20 0
72 7
20 0
72 4
141 0
72 4
20 0
72 7
20 0
72 7
20 0
72 4
27 0
72 4
201 0
72 7
20 0
72 7
20 0
72 4
141 0
72 4
20 0
72 7
20 0
72 7
20 0
72 11
20 0
72 7
20 0
72 4
141 0
72 4
20 0
72 7
20 0
72 7
201 0
72 4
27 0
72 4
20 0
72 7
20 0
72 7
20 0
72 4
141 0
72 4
20 0
72 7
20 0
72 7
20 0
72 4
27 0
72 4
201 0
72 7
33 0
72 13
33 0
72 13
145 0
72 7
145 0
72 4
16 0
72 4
145 0
72 7
145 0
72 7
145 0
72 4
27 0
72 4
201 0
72 4
27 0
72 4
145 0
72 7
145 0
72 7
633 0
72 7
145 0
72 7
145 0
72 4
27 0
72 4
201 0
72 4
27 0
72 4
27 0
72 11
27 0
72 2
27 0
72 2
27 0
72 12
27 0
72 11
27 0
72 2
27 0
72 2
27 0
72 7
16 0
72 7
33 0
72 7
20 0
72 7
20 0
72 7
20 0
72 7
20 0
72 7
20 0
72 7
20 0
72 7
20 0
72 7
20 0
72 7
20 0
72 7
20 0
72 7
20 0
72 7
201 0
72 7
20 0
72 7
20 0
72 7
20 0
72 7
20 0
72 7
20 0
72 7
20 0
72 7
20 0
72 7
20 0
72 7
20 0
72 7
20 0
72 4
16 0
72 4
201 0
72 4
16 0
72 4
201 0
72 4
16 0
72 4
1369 0
72 7
205 0
72 4
57 0
72 4
20 0
72 4
56 0
72 4
1353 0
72 7
205 0
72 7
217 0
72 7
205 0
72 7
205 0
72 4
213 0
72 4
20 0
72 4
56 0
72 4
205 0
72 7
205 0
72 7
1509 0
72 7
205 0
72 7
205 0
72 4
213 0
72 4
20 0
72 4
56 0
72 4
205 0
72 7
205 0
72 7
1497 0
72 7
1353 0
72 7
205 0
72 4
57 0
72 4
20 0
72 4
56 0
72 4
205 0
72 7
205 0
72 7
217 0
72 7
1365 0
72 7
205 0
72 4
57 0
72 4
20 0
72 4
56 0
72 4
205 0
72 7
205 0
72 7
1497 0
72 7
205 0
72 7
205 0
72 4
57 0
72 4
20 0
72 4
56 0
72 4
205 0
72 7
205 0
72 7
1497 0
72 7
216 0
72 12
19 0
72 2
19 0
72 2
19 0
72 2
19 0
72 2
19 0
72 2
19 0
72 2
19 0
72 2
19 0
72 2
19 0
72 2
19 0
72 2
19 0
72 2
19 0
E
S
H
72 14
58 4
56 4
54 4
53 4
51 4
53 4
51 4
49 4
48 4
46 4
72 7
56 4
54 4
52 4
51 4
49 4
51 4
49 4
47 4
46 4
44 4
72 14
47 4
51 4
49 4
44 4
46 4
45 4
44 4
49 4
56 4
54 4
49 4
45 4
44 4
42 4
38 4
72 14
45 4
44 4
42 4
40 4
38 4
37 4
35 4
33 4
31 4
30 4
31 4
35 4
72 14
48 4
46 4
44 4
204 4
41 4
44 4
51 4
50 4
48 4
46 4
44 4
43 4
41 4
39 4
37 4
36 4
37 4
41 4
72 14
58 4
56 4
54 4
53 4
51 4
53 4
51 4
49 4
48 4
46 4
72 7
56 4
54 4
52 4
51 4
49 4
51 4
49 4
47 4
46 4
44 4
72 14
47 4
51 4
49 4
44 4
46 4
45 4
44 4
49 4
56 4
54 4
49 4
45 4
44 4
42 4
38 4
72 14
45 4
44 4
42 4
40 4
38 4
37 4
35 4
33 4
31 4
30 4
31 4
35 4
72 14
48 4
46 4
44 4
204 4
41 4
44 4
51 4
50 4
48 4
46 4
44 4
43 4
41 4
39 4
37 4
36 4
37 4
41 4
72 14
58 4
56 4
54 4
53 4
51 4
53 4
51 4
49 4
48 4
46 4
E
S
H
72 14
72 12
48 12
72 14
72 14
39 9
41 4
72 4
43 4
41 4
72 4
38 4
72 4
46 4
72 4
48 9
50 4
72 4
51 4
50 4
49 4
50 4
51 4
53 4
55 4
56 9
56 4
72 4
56 4
56 4
72 4
54 4
72 4
58 4
72 7
54 7
54 4
54 4
54 4
54 4
53 4
54 4
53 4
54 4
58 4
72 14
46 12
47 12
48 12
47 12
45 12
47 12
46 12
42 12
39 12
48 12
49 12
47 12
46 12
44 12
42 12
39 12
72 14
50 12
50 12
72 14
48 12
50 12
51 12
49 12
72 14
72 12
48 12
72 14
72 14
39 9
41 4
72 4
43 4
41 4
72 4
38 4
72 4
46 4
72 4
48 9
50 4
72 4
51 4
50 4
49 4
50 4
51 4
53 4
55 4
56 9
56 4
72 4
56 4
56 4
72 4
54 4
72 4
58 4
72 7
54 7
54 4
54 4
54 4
54 4
53 4
54 4
53 4
54 4
58 4
72 14
46 12
47 12
48 12
47 12
45 12
47 12
46 12
42 12
39 12
48 12
49 12
47 12
46 12
44 12
42 12
39 12
72 14
50 12
50 12
72 14
48 12
50 12
51 12
49 12
E
S
L
72 14
12 8
72 1
12 8
72 1
12 4
72 4
12 4
72 4
12 4
72 4
12 8
72 1
12 8
72 1
12 4
72 4
12 4
72 9
12 8
72 1
12 8
72 1
12 4
72 4
12 4
72 4
12 4
72 4
12 8
72 1
12 8
72 1
12 4
72 4
12 4
72 4
12 4
72 4
12 4
72 7
12 4
72 7
10 4
72 11
8 4
72 7
8 4
72 7
10 4
72 4
10 4
72 9
12 4
72 7
12 4
72 7
10 4
72 11
8 4
72 7
8 4
72 7
10 4
72 4
10 4
72 4
10 4
72 4
18 4
25 4
72 4
30 4
72 4
25 4
18 4
72 4
25 4
72 4
30 4
72 4
15 4
22 4
72 4
27 4
72 4
22 4
15 4
72 4
22 4
72 4
27 4
72 4
11 10
72 2
16 8
72 1
13 10
72 2
14 10
72 2
198 8
72 1
198 7
198 4
213 4
72 4
213 4
72 4
213 4
72 4
198 8
72 1
198 7
198 4
213 4
72 4
213 4
72 4
213 4
72 4
198 8
72 1
198 7
198 4
213 4
72 4
213 4
72 4
213 4
72 4
198 8
72 1
198 7
198 4
213 4
72 4
213 4
72 4
213 4
72 4
198 8
72 1
198 7
198 4
213 4
72 4
213 4
72 4
213 4
72 4
198 8
72 1
198 7
198 4
213 4
72 4
213 4
72 4
213 4
72 4
198 8
72 1
198 7
198 4
213 4
72 4
213 4
72 4
213 4
72 4
198 8
72 1
198 7
198 4
213 4
72 4
213 4
72 4
213 4
72 4
198 8
72 1
198 7
198 4
213 4
72 4
213 4
72 4
213 4
72 4
198 8
72 1
198 7
198 4
213 4
72 4
213 4
72 4
213 4
72 4
198 8
72 1
198 7
198 4
213 4
72 4
213 4
72 4
213 4
72 4
198 8
72 1
198 7
198 4
213 4
72 4
213 4
72 4
213 4
72 4
198 8
72 1
198 7
198 4
213 4
72 4
213 4
72 4
213 4
72 4
198 8
72 1
198 7
198 4
213 4
72 4
213 4
72 4
213 4
72 4
198 8
72 1
198 7
198 4
213 4
72 4
213 4
72 4
213 4
72 4
198 8
72 1
198 7
198 4
213 4
72 4
213 4
72 4
213 4
72 4
198 8
72 1
198 7
198 4
213 4
72 4
213 4
72 4
213 4
72 4
198 8
72 1
198 7
198 4
213 4
72 4
213 4
72 4
213 4
72 4
198 8
72 1
198 7
198 4
213 4
72 4
213 4
72 4
213 4
72 4
198 8
72 1
198 7
198 4
213 4
72 4
213 4
72 4
213 4
72 4
224 8
72 1
224 7
224 4
239 4
72 4
239 4
72 4
239 4
72 4
224 8
72 1
224 7
224 4
239 4
72 4
239 4
72 4
239 4
72 4
224 8
72 1
224 7
224 4
239 4
72 4
239 4
72 4
239 4
72 4
224 8
72 1
224 7
224 4
239 4
72 4
239 4
72 4
239 4
72 4
224 8
72 1
224 7
224 4
239 4
72 4
239 4
72 4
239 4
72 4
224 8
72 1
224 7
224 4
239 4
72 4
239 4
72 4
239 4
72 4
224 8
72 1
224 7
224 4
239 4
72 4
239 4
72 4
239 4
72 4
224 8
72 1
224 7
224 4
239 4
72 4
239 4
72 4
239 4
72 4
10 8
72 1
10 8
72 1
10 4
72 4
10 4
72 4
10 4
72 4
10 8
72 1
10 8
72 1
10 4
72 4
10 4
72 9
10 8
72 1
10 8
72 1
10 4
72 4
10 4
72 4
10 4
72 4
10 8
72 1
10 8
72 1
10 4
72 4
10 4
72 4
10 4
72 4
21 12
72 3
18 12
72 3
26 12
72 3
19 12
72 3
18 7
25 7
23 7
21 7
20 7
16 7
18 7
16 7
18 7
20 7
21 7
23 7
15 12
72 3
12 12
72 3
8 12
72 3
13 12
72 3
12 8
72 1
12 7
12 4
12 4
72 4
12 4
72 4
12 4
72 4
12 4
72 4
12 4
72 4
12 4
72 4
12 4
72 4
12 4
72 4
12 4
72 4
12 8
72 1
12 7
12 4
12 4
72 4
12 4
72 4
12 4
72 4
12 4
72 4
12 4
72 4
12 4
72 4
12 4
72 4
12 4
72 4
12 4
72 14
12 8
72 1
12 8
72 1
12 4
72 4
12 4
72 4
12 4
72 4
12 8
72 1
12 8
72 1
12 4
72 4
12 4
72 9
12 8
72 1
12 8
72 1
12 4
72 4
12 4
72 4
12 4
72 4
12 8
72 1
12 8
72 1
12 4
72 4
12 4
72 4
12 4
72 4
12 4
72 7
12 4
72 7
10 4
72 11
8 4
72 7
8 4
72 7
10 4
72 4
10 4
72 9
12 4
72 7
12 4
72 7
10 4
72 11
8 4
72 7
8 4
72 7
10 4
72 4
10 4
72 4
10 4
72 4
18 4
25 4
72 4
30 4
72 4
25 4
18 4
72 4
25 4
72 4
30 4
72 4
15 4
22 4
72 4
27 4
72 4
22 4
15 4
72 4
22 4
72 4
27 4
72 4
11 10
72 2
16 8
72 1
13 10
72 2
14 10
72 2
198 8
72 1
198 7
198 4
213 4
72 4
213 4
72 4
213 4
72 4
198 8
72 1
198 7
198 4
213 4
72 4
213 4
72 4
213 4
72 4
198 8
72 1
198 7
198 4
213 4
72 4
213 4
72 4
213 4
72 4
198 8
72 1
198 7
198 4
213 4
72 4
213 4
72 4
213 4
72 4
198 8
72 1
198 7
198 4
213 4
72 4
213 4
72 4
213 4
72 4
198 8
72 1
198 7
198 4
213 4
72 4
213 4
72 4
213 4
72 4
198 8
72 1
198 7
198 4
213 4
72 4
213 4
72 4
213 4
72 4
198 8
72 1
198 7
198 4
213 4
72 4
213 4
72 4
213 4
72 4
198 8
72 1
198 7
198 4
213 4
72 4
213 4
72 4
213 4
72 4
198 8
72 1
198 7
198 4
213 4
72 4
213 4
72 4
213 4
72 4
198 8
72 1
198 7
198 4
213 4
72 4
213 4
72 4
213 4
72 4
198 8
72 1
198 7
198 4
213 4
72 4
213 4
72 4
213 4
72 4
198 8
72 1
198 7
198 4
213 4
72 4
213 4
72 4
213 4
72 4
198 8
72 1
198 7
198 4
213 4
72 4
213 4
72 4
213 4
72 4
198 8
72 1
198 7
198 4
213 4
72 4
213 4
72 4
213 4
72 4
198 8
72 1
198 7
198 4
213 4
72 4
213 4
72 4
213 4
72 4
198 8
72 1
198 7
198 4
213 4
72 4
213 4
72 4
213 4
72 4
198 8
72 1
198 7
198 4
213 4
72 4
213 4
72 4
213 4
72 4
198 8
72 1
198 7
198 4
213 4
72 4
213 4
72 4
213 4
72 4
198 8
72 1
198 7
198 4
213 4
72 4
213 4
72 4
213 4
72 4
224 8
72 1
224 7
224 4
239 4
72 4
239 4
72 4
239 4
72 4
224 8
72 1
224 7
224 4
239 4
72 4
239 4
72 4
239 4
72 4
224 8
72 1
224 7
224 4
239 4
72 4
239 4
72 4
239 4
72 4
224 8
72 1
224 7
224 4
239 4
72 4
239 4
72 4
239 4
72 4
224 8
72 1
224 7
224 4
239 4
72 4
239 4
72 4
239 4
72 4
224 8
72 1
224 7
224 4
239 4
72 4
239 4
72 4
239 4
72 4
224 8
72 1
224 7
224 4
239 4
72 4
239 4
72 4
239 4
72 4
224 8
72 1
224 7
224 4
239 4
72 4
239 4
72 4
239 4
72 4
10 8
72 1
10 8
72 1
10 4
72 4
10 4
72 4
10 4
72 4
10 8
72 1
10 8
72 1
10 4
72 4
10 4
72 9
10 8
72 1
10 8
72 1
10 4
72 4
10 4
72 4
10 4
72 4
10 8
72 1
10 8
72 1
10 4
72 4
10 4
72 4
10 4
72 4
21 12
72 3
18 12
72 3
26 12
72 3
19 12
72 3
18 7
25 7
23 7
21 7
20 7
16 7
18 7
16 7
18 7
20 7
21 7
23 7
15 12
72 3
12 12
72 3
8 12
72 3
13 12
72 3
12 8
72 1
12 7
12 4
12 4
72 4
12 4
72 4
12 4
72 4
12 4
72 4
12 4
72 4
12 4
72 4
12 4
72 4
12 4
72 4
12 4
72 4
12 8
72 1
12 7
12 4
12 4
72 4
12 4
72 4
12 4
72 4
12 4
72 4
12 4
72 4
12 4
72 4
12 4
72 4
12 4
72 4
12 4
E
S
H
72 12
101 3
72 5
101 2
72 10
101 2
72 2
101 2
72 2
101 2
72 2
101 2
72 2
101 2
72 6
101 3
72 5
101 2
72 10
101 3
72 12
101 3
72 5
101 2
72 10
101 2
72 2
101 2
72 2
101 2
72 2
101 2
72 2
101 2
72 6
101 3
72 5
101 2
72 10
101 3
72 14
149 3
72 5
149 3
72 5
149 3
72 14
149 3
72 5
149 3
72 5
149 3
72 14
101 3
72 5
101 2
72 10
101 2
72 2
101 2
72 2
101 2
72 2
101 2
72 2
101 2
72 6
101 3
72 5
101 2
72 10
101 3
72 12
101 3
72 5
101 2
72 10
101 2
72 2
101 2
72 2
101 2
72 2
101 2
72 2
101 2
72 6
101 3
72 5
101 2
72 10
101 3
72 14
101 3
72 5
101 2
72 10
101 2
72 2
101 2
72 2
101 2
72 2
101 2
72 2
101 2
72 6
101 3
72 5
101 2
72 10
101 3
72 12
101 3
72 5
101 2
72 10
101 2
72 2
101 2
72 2
101 2
72 2
101 2
72 2
101 2
72 6
101 3
72 5
101 2
72 10
101 3
72 14
149 3
72 5
149 3
72 5
149 3
72 14
149 3
72 5
149 3
72 5
149 3
72 14
101 3
72 5
101 2
72 10
101 2
72 2
101 2
72 2
101 2
72 2
101 2
72 2
101 2
72 6
101 3
72 5
101 2
72 10
101 3
72 12
101 3
72 5
101 2
72 10
101 2
72 2
101 2
72 2
101 2
72 2
101 2
72 2
101 2
72 6
101 3
72 5
101 2
72 10
101 3
72 14
101 3
72 5
101 2
72 10
101 2
72 2
101 2
72 2
101 2
72 2
101 2
72 2
101 2
72 6
101 3
72 5
101 2
72 10
101 3
72 12
101 3
72 5
101 2
72 10
101 2
72 2
101 2
72 2
101 2
72 2
101 2
72 2
101 2
72 6
101 3
72 5
101 2
72 10
101 3
72 14
149 3
72 5
149 3
72 5
149 3
E
S
L
72 13
153 3
72 5
153 2
72 12
153 2
72 10
153 3
72 5
153 2
72 8
153 3
72 12
153 3
72 5
153 2
72 12
153 2
72 10
153 3
72 5
153 2
72 14
153 3
72 5
153 2
72 12
153 2
72 10
153 3
72 5
153 2
72 8
153 3
72 12
153 3
72 5
153 2
72 12
153 2
72 10
153 3
72 5
153 2
72 14
153 3
72 5
153 2
72 12
153 2
72 10
153 3
72 5
153 2
72 8
153 3
72 12
153 3
72 5
153 2
72 12
153 2
72 10
153 3
72 5
153 2
72 14
153 3
72 5
153 2
72 12
153 2
72 10
153 3
72 5
153 2
72 8
153 3
72 12
153 3
72 5
153 2
72 12
153 2
72 10
153 3
72 5
153 2
72 14
153 3
72 5
153 2
72 12
153 2
72 10
153 3
72 5
153 2
72 8
153 3
72 12
153 3
72 5
153 2
72 12
153 2
72 10
153 3
72 5
153 2
E
S
L
72 11
72 7
24 9
24 4
72 4
24 4
24 4
72 4
24 4
72 4
24 4
72 4
24 9
24 4
72 4
24 4
24 4
72 4
24 4
72 4
24 4
72 4
24 9
24 4
72 4
24 4
24 4
72 4
24 4
72 4
24 4
72 4
24 9
24 4
72 4
24 4
24 4
72 4
24 4
72 4
24 4
72 14
37 12
36 11
34 7
34 12
32 11
27 7
30 14
28 13
72 14
24 9
26 4
72 4
27 4
26 4
72 4
22 4
72 4
29 4
72 4
27 9
29 4
72 4
31 4
29 4
72 4
26 4
72 4
34 4
72 14
24 9
26 4
72 4
27 4
29 4
72 4
32 4
72 4
31 4
72 4
36 4
72 4
39 4
72 4
38 4
72 4
41 4
72 4
44 4
72 4
43 4
72 14
37 12
36 11
34 7
34 12
32 11
27 7
30 14
28 13
72 14
24 9
26 4
72 4
27 4
26 4
72 4
22 4
72 4
29 4
72 4
27 9
29 4
72 4
31 4
29 4
72 4
26 4
72 4
34 4
72 14
24 9
26 4
72 4
27 4
29 4
72 4
32 4
72 4
31 4
72 4
36 4
72 4
39 4
72 4
38 4
72 4
41 4
72 4
44 4
72 4
43 4
72 14
37 12
36 11
34 7
34 12
32 11
27 7
30 14
E
X
