minor
S
H
51 3
50 3
48 3
51 3
50 3
48 3
50 3
48 3
46 3
48 3
50 3
51 3
49 4
44 4
46 4
47 4
49 4
47 4
46 4
47 7
47 4
47 12
49 4
44 4
46 4
47 4
49 4
47 4
46 4
47 7
42 4
42 12
44 9
40 4
40 11
52 11
51 7
49 7
51 12
52 4
51 4
49 13
47 4
44 4
46 4
47 4
49 4
47 4
46 4
47 7
44 4
44 12
49 4
44 4
46 4
47 4
49 4
47 4
46 4
47 7
42 4
42 12
44 9
40 4
40 11
52 11
51 7
49 7
51 12
51 7
54 13
52 11
51 11
49 9
49 11
52 11
51 11
49 9
49 11
56 11
54 11
52 11
54 7
56 7
56 12
54 7
59 11
58 11
52 11
51 11
49 9
51 11
52 11
51 11
49 9
49 11
56 11
54 11
52 11
54 7
56 7
59 12
58 7
63 11
61 11
49 4
44 4
46 4
47 4
49 4
47 4
46 4
47 7
47 4
47 12
49 4
44 4
46 4
47 4
49 4
47 4
46 4
47 7
42 4
42 12
44 9
40 4
40 11
52 11
51 7
49 7
51 12
52 4
51 4
49 13
47 4
44 4
46 4
47 4
49 4
47 4
46 4
47 7
44 4
44 12
49 4
44 4
46 4
47 4
49 4
47 4
46 4
47 7
42 4
42 12
44 9
40 4
40 11
52 11
51 7
49 7
51 12
51 7
54 13
52 11
51 11
49 9
49 11
52 11
51 11
49 9
49 11
56 11
54 11
52 11
54 7
56 7
56 12
54 7
59 11
58 11
52 11
51 11
49 9
51 11
52 11
51 11
49 9
49 11
56 11
54 11
52 11
54 7
56 7
59 12
58 7
63 11
61 11
E
S
L
27 4
27 4
27 4
27 4
27 4
27 4
27 4
27 4
20 4
20 2
20 2
20 4
20 2
20 2
20 4
20 2
20 2
20 4
20 2
20 2
20 4
20 2
20 2
20 4
20 2
20 2
20 4
20 2
20 2
20 4
20 2
19 2
18 4
18 2
18 2
18 4
18 2
18 2
18 4
18 2
18 2
18 4
18 2
18 2
18 4
18 2
18 2
18 4
18 2
18 2
18 4
18 2
18 2
18 4
18 2
18 2
16 4
16 2
16 2
16 4
16 2
16 2
16 4
16 2
16 2
16 4
16 2
16 2
16 4
16 2
16 2
16 4
16 2
16 2
16 4
16 2
16 2
16 4
16 2
16 2
18 4
18 2
18 2
30 4
30 2
30 2
30 4
30 2
30 2
30 4
18 2
18 2
18 4
30 4
32 4
34 4
35 4
34 4
32 4
30 4
20 4
20 2
20 2
20 4
20 2
20 2
20 4
20 2
20 2
20 4
20 2
20 2
20 4
20 2
20 2
20 4
20 2
20 2
20 4
20 2
20 2
20 4
20 2
19 2
18 4
18 2
18 2
18 4
18 2
18 2
18 4
18 2
18 2
18 4
18 2
18 2
18 4
18 2
18 2
18 4
18 2
18 2
18 4
18 2
18 2
18 4
18 2
18 2
16 4
16 2
16 2
16 4
16 2
16 2
16 4
16 2
16 2
16 4
16 2
16 2
16 4
16 2
16 2
16 4
16 2
16 2
16 4
16 2
16 2
16 4
16 2
16 2
18 4
18 2
18 2
30 4
18 4
18 4
18 2
18 2
30 4
18 4
18 4
20 4
32 4
20 4
34 4
22 4
35 4
23 4
20 4
32 2
20 2
20 4
32 2
20 2
20 4
32 2
20 2
20 4
32 2
20 2
20 4
32 2
20 2
20 4
32 2
20 2
20 4
32 2
20 2
20 4
32 2
20 2
18 4
30 2
18 2
18 4
30 2
18 2
18 4
30 2
18 2
18 4
30 2
18 2
18 4
30 2
18 2
18 4
30 2
18 2
18 4
30 2
18 2
18 4
30 2
18 2
13 4
25 2
13 2
13 4
25 2
13 2
13 4
25 2
13 2
13 4
25 2
13 2
13 4
25 2
13 2
13 4
25 2
13 2
13 4
25 2
13 2
13 4
25 2
13 2
16 4
16 7
16 4
16 4
16 7
16 4
18 4
20 4
22 4
20 4
22 4
23 4
25 4
23 4
20 4
32 2
20 2
20 4
32 2
20 2
20 4
32 2
20 2
20 4
32 2
20 2
20 4
32 2
20 2
20 4
32 2
20 2
20 4
32 2
20 2
20 4
32 2
20 2
18 4
30 2
18 2
18 4
30 2
18 2
18 4
30 2
18 2
18 4
30 2
18 2
18 4
30 2
18 2
18 4
30 2
18 2
18 4
30 2
18 2
18 4
30 2
18 2
13 4
25 2
13 2
13 4
25 2
13 2
13 4
25 2
13 2
13 4
25 2
13 2
13 4
25 2
13 2
13 4
25 2
13 2
13 4
25 2
13 2
13 4
25 2
13 2
16 4
16 7
16 4
16 4
16 7
16 4
18 4
20 4
22 4
20 4
22 4
23 4
25 4
23 4
20 4
20 2
20 2
20 4
20 2
20 2
20 4
20 2
20 2
20 4
20 2
20 2
20 4
20 2
20 2
20 4
20 2
20 2
20 4
20 2
20 2
20 4
20 2
19 2
18 4
18 2
18 2
18 4
18 2
18 2
18 4
18 2
18 2
18 4
18 2
18 2
18 4
18 2
18 2
18 4
18 2
18 2
18 4
18 2
18 2
18 4
18 2
18 2
16 4
16 2
16 2
16 4
16 2
16 2
16 4
16 2
16 2
16 4
16 2
16 2
16 4
16 2
16 2
16 4
16 2
16 2
16 4
16 2
16 2
16 4
16 2
16 2
18 4
18 2
18 2
30 4
30 2
30 2
30 4
30 2
30 2
30 4
18 2
18 2
18 4
30 4
32 4
34 4
35 4
34 4
32 4
30 4
20 4
20 2
20 2
20 4
20 2
20 2
20 4
20 2
20 2
20 4
20 2
20 2
20 4
20 2
20 2
20 4
20 2
20 2
20 4
20 2
20 2
20 4
20 2
19 2
18 4
18 2
18 2
18 4
18 2
18 2
18 4
18 2
18 2
18 4
18 2
18 2
18 4
18 2
18 2
18 4
18 2
18 2
18 4
18 2
18 2
18 4
18 2
18 2
16 4
16 2
16 2
16 4
16 2
16 2
16 4
16 2
16 2
16 4
16 2
16 2
16 4
16 2
16 2
16 4
16 2
16 2
16 4
16 2
16 2
16 4
16 2
16 2
18 4
18 2
18 2
30 4
18 4
18 4
18 2
18 2
30 4
18 4
18 4
20 4
32 4
20 4
34 4
22 4
35 4
23 4
20 4
32 2
20 2
20 4
32 2
20 2
20 4
32 2
20 2
20 4
32 2
20 2
20 4
32 2
20 2
20 4
32 2
20 2
20 4
32 2
20 2
20 4
32 2
20 2
18 4
30 2
18 2
18 4
30 2
18 2
18 4
30 2
18 2
18 4
30 2
18 2
18 4
30 2
18 2
18 4
30 2
18 2
18 4
30 2
18 2
18 4
30 2
18 2
13 4
25 2
13 2
13 4
25 2
13 2
13 4
25 2
13 2
13 4
25 2
13 2
13 4
25 2
13 2
13 4
25 2
13 2
13 4
25 2
13 2
13 4
25 2
13 2
16 4
16 7
16 4
16 4
16 7
16 4
18 4
20 4
22 4
20 4
22 4
23 4
25 4
23 4
20 4
32 2
20 2
20 4
32 2
20 2
20 4
32 2
20 2
20 4
32 2
20 2
20 4
32 2
20 2
20 4
32 2
20 2
20 4
32 2
20 2
20 4
32 2
20 2
18 4
30 2
18 2
18 4
30 2
18 2
18 4
30 2
18 2
18 4
30 2
18 2
18 4
30 2
18 2
18 4
30 2
18 2
18 4
30 2
18 2
18 4
30 2
18 2
13 4
25 2
13 2
13 4
25 2
13 2
13 4
25 2
13 2
13 4
25 2
13 2
13 4
25 2
13 2
13 4
25 2
13 2
13 4
25 2
13 2
13 4
25 2
13 2
16 4
16 7
16 4
16 4
16 7
16 4
18 4
20 4
22 4
20 4
22 4
23 4
25 4
23 4
E
S
H
72 2
51 3
50 3
48 3
72 1
51 3
50 3
48 3
72 1
50 3
48 3
46 3
72 1
48 3
50 3
51 2
44 4
39 9
47 4
44 7
39 7
44 4
44 2
72 8
44 4
39 11
42 4
37 7
46 4
42 4
37 7
37 4
37 4
46 7
42 4
37 7
40 9
35 4
35 11
44 9
40 9
35 11
42 11
37 4
37 9
44 7
47 7
44 4
72 9
44 4
39 7
47 7
44 4
72 7
44 4
39 7
47 4
44 4
72 9
42 4
37 7
46 7
42 7
37 4
42 7
72 11
40 9
35 4
35 11
44 11
40 7
40 11
42 9
37 4
42 7
72 7
44 7
47 7
44 7
49 11
49 11
46 9
47 11
49 11
47 11
46 9
46 11
52 11
51 11
49 11
51 7
52 7
52 12
51 7
54 11
52 11
49 11
47 11
46 9
47 11
49 11
47 11
46 9
47 11
52 11
51 11
49 11
51 7
52 7
54 12
52 7
56 11
54 11
44 4
39 9
47 4
44 7
39 7
44 4
44 2
72 8
44 4
39 11
42 4
37 7
46 4
42 4
37 7
37 4
37 4
46 7
42 4
37 7
40 9
35 4
35 11
44 9
40 9
35 11
42 11
37 4
37 9
44 7
47 7
44 4
72 9
44 4
39 7
47 7
44 4
72 7
44 4
39 7
47 4
44 4
72 9
42 4
37 7
46 7
42 7
37 4
42 7
72 11
40 9
35 4
35 11
44 11
40 7
40 11
42 9
37 4
42 7
72 7
44 7
47 7
44 7
49 11
49 11
46 9
47 11
49 11
47 11
46 9
46 11
52 11
51 11
49 11
51 7
52 7
52 12
51 7
54 11
52 11
49 11
47 11
46 9
47 11
49 11
47 11
46 9
47 11
52 11
51 11
49 11
51 7
52 7
54 12
52 7
56 11
54 11
E
S
H
72 4
51 3
50 3
72 1
48 3
51 3
50 3
72 1
48 3
50 3
48 3
72 1
46 3
48 3
50 3
72 1
51 3
49 4
44 4
46 4
47 4
49 4
47 4
46 4
47 7
47 4
47 12
49 4
44 4
46 4
47 4
49 4
47 4
46 4
47 7
42 4
42 12
44 9
40 4
40 11
52 11
51 7
49 7
51 12
52 4
51 4
49 13
47 4
44 4
46 4
47 4
49 4
47 4
46 4
47 7
44 4
44 12
49 4
44 4
46 4
47 4
49 4
47 4
46 4
47 7
42 4
42 12
44 9
40 4
40 11
52 11
51 7
49 7
51 12
51 7
54 13
52 11
51 11
49 9
49 11
52 11
51 11
49 9
49 11
56 11
54 11
52 11
54 7
56 7
56 12
54 7
59 11
58 11
52 11
51 11
49 9
51 11
52 11
51 11
49 9
49 11
56 11
54 11
52 11
54 7
56 7
59 12
58 7
63 11
61 9
72 4
49 4
44 4
46 4
47 4
49 4
47 4
46 4
47 7
47 4
47 12
49 4
44 4
46 4
47 4
49 4
47 4
46 4
47 7
42 4
42 12
44 9
40 4
40 11
52 11
51 7
49 7
51 12
52 4
51 4
49 13
47 4
44 4
46 4
47 4
49 4
47 4
46 4
47 7
44 4
44 12
49 4
44 4
46 4
47 4
49 4
47 4
46 4
47 7
42 4
42 12
44 9
40 4
40 11
52 11
51 7
49 7
51 12
51 7
54 13
52 11
51 11
49 9
49 11
52 11
51 11
49 9
49 11
56 11
54 11
52 11
54 7
56 7
56 12
54 7
59 11
58 11
52 11
51 11
49 9
51 11
52 11
51 11
49 9
49 11
56 11
54 11
52 11
54 7
56 7
59 12
58 7
63 11
61 9
E
S
H
51 3
72 1
50 3
48 3
51 3
72 1
50 3
48 3
50 3
72 1
48 3
46 3
48 3
72 1
50 3
51 3
49 4
72 1
44 4
46 4
72 1
47 4
49 4
72 1
47 4
46 4
72 1
47 7
47 4
47 12
49 4
72 1
44 4
46 4
72 1
47 4
49 4
72 1
47 4
46 4
72 1
47 7
42 4
42 12
44 9
72 1
40 4
40 11
52 11
51 7
49 7
51 12
52 4
72 1
51 4
49 13
47 4
72 1
44 4
46 4
72 1
47 4
49 4
72 1
47 4
46 4
72 1
47 7
44 4
44 12
49 4
72 1
44 4
46 4
72 1
47 4
49 4
72 1
47 4
46 4
72 1
47 7
42 4
42 12
44 9
72 1
40 4
40 11
52 11
51 7
49 7
51 12
51 7
54 13
52 11
51 11
49 9
72 1
49 11
52 11
51 11
49 9
72 1
49 11
56 11
54 11
52 11
54 7
56 7
56 12
54 7
59 11
58 11
52 11
51 11
49 9
72 1
51 11
52 11
51 11
49 9
72 1
49 11
56 11
54 11
52 11
54 7
56 7
59 12
58 7
63 11
61 10
72 2
49 4
72 1
44 4
46 4
72 1
47 4
49 4
72 1
47 4
46 4
72 1
47 7
47 4
47 12
49 4
72 1
44 4
46 4
72 1
47 4
49 4
72 1
47 4
46 4
72 1
47 7
42 4
42 12
44 9
72 1
40 4
40 11
52 11
51 7
49 7
51 12
52 4
72 1
51 4
49 13
47 4
72 1
44 4
46 4
72 1
47 4
49 4
72 1
47 4
46 4
72 1
47 7
44 4
44 12
49 4
72 1
44 4
46 4
72 1
47 4
49 4
72 1
47 4
46 4
72 1
47 7
42 4
42 12
44 9
72 1
40 4
40 11
52 11
51 7
49 7
51 12
51 7
54 13
52 11
51 11
49 9
72 1
49 11
52 11
51 11
49 9
72 1
49 11
56 11
54 11
52 11
54 7
56 7
56 12
54 7
59 11
58 11
52 11
51 11
49 9
72 1
51 11
52 11
51 11
49 9
72 1
49 11
56 11
54 11
52 11
54 7
56 7
59 12
58 7
63 11
61 10
E
S
L
199 0
72 3
199 0
72 3
199 0
72 3
199 0
72 3
199 0
72 3
199 0
72 3
199 0
72 3
199 0
72 3
199 0
72 3
199 0
72 3
199 0
72 3
199 0
72 3
208 0
72 4
208 0
72 2
208 0
72 2
199 0
72 4
208 0
72 2
208 0
72 2
208 0
72 4
208 0
72 2
208 0
72 2
199 0
72 4
208 0
72 2
208 0
72 2
208 0
72 4
208 0
72 2
208 0
72 2
199 0
72 4
631 0
72 4
208 0
72 4
208 0
72 2
208 0
72 2
199 0
72 4
208 0
72 2
208 0
72 2
208 0
72 4
208 0
72 2
208 0
72 2
199 0
72 4
631 0
72 4
208 0
72 4
208 0
72 2
208 0
72 2
199 0
72 4
208 0
72 2
208 0
72 2
208 0
72 4
208 0
72 2
208 0
72 2
199 0
72 4
199 0
72 4
208 0
72 4
208 0
72 2
208 0
72 2
199 0
72 4
199 0
72 4
208 0
72 4
208 0
72 2
208 0
72 2
199 0
72 4
208 0
72 2
208 0
72 2
208 0
72 4
208 0
72 2
208 0
72 2
199 0
72 4
199 0
72 4
208 0
72 4
208 0
72 2
208 0
72 2
199 0
72 4
208 0
72 2
208 0
72 2
208 0
72 4
208 0
72 2
208 0
72 2
199 0
72 4
199 0
72 4
208 0
72 4
208 0
72 2
208 0
72 2
199 0
72 4
208 0
72 2
208 0
72 2
208 0
72 4
208 0
72 2
208 0
72 2
199 0
72 4
199 0
72 4
208 0
72 3
208 0
72 3
208 0
72 3
208 0
72 3
199 0
72 3
199 0
72 3
208 0
72 4
199 0
72 4
199 0
72 4
199 0
72 4
208 0
72 4
208 0
72 2
208 0
72 2
199 0
72 4
208 0
72 2
208 0
72 2
208 0
72 4
208 0
72 2
208 0
72 2
199 0
72 4
208 0
72 2
208 0
72 2
208 0
72 4
208 0
72 2
208 0
72 2
199 0
72 4
631 0
72 4
208 0
72 4
208 0
72 2
208 0
72 2
199 0
72 4
208 0
72 2
208 0
72 2
208 0
72 4
208 0
72 2
208 0
72 2
199 0
72 4
631 0
72 4
208 0
72 4
208 0
72 2
208 0
72 2
199 0
72 4
208 0
72 2
208 0
72 2
208 0
72 4
208 0
72 2
208 0
72 2
199 0
72 4
199 0
72 4
208 0
72 4
208 0
72 2
208 0
72 2
199 0
72 4
199 0
72 4
208 0
72 4
208 0
72 2
208 0
72 2
199 0
72 4
208 0
72 2
208 0
72 2
208 0
72 4
208 0
72 2
208 0
72 2
199 0
72 4
199 0
72 4
208 0
72 4
208 0
72 2
208 0
72 2
199 0
72 4
208 0
72 2
208 0
72 2
208 0
72 4
208 0
72 2
208 0
72 2
199 0
72 4
199 0
72 4
208 0
72 4
208 0
72 2
208 0
72 2
199 0
72 4
208 0
72 2
208 0
72 2
208 0
72 4
208 0
72 2
208 0
72 2
199 0
72 4
199 0
72 4
199 0
72 3
208 0
72 3
208 0
72 3
199 0
72 3
208 0
72 3
208 0
72 3
208 0
72 2
199 0
72 2
199 0
72 2
199 0
72 2
208 0
72 2
199 0
72 2
199 0
72 2
199 0
72 2
208 0
72 4
208 0
72 2
208 0
72 2
199 0
72 4
208 0
72 2
208 0
72 2
208 0
72 4
208 0
72 2
208 0
72 2
199 0
72 4
208 0
72 2
208 0
72 2
208 0
72 4
208 0
72 2
208 0
72 2
199 0
72 4
199 0
72 4
208 0
72 4
208 0
72 2
208 0
72 2
199 0
72 4
208 0
72 2
208 0
72 2
208 0
72 4
208 0
72 2
208 0
72 2
199 0
72 4
208 0
72 2
208 0
72 2
208 0
72 4
208 0
72 2
208 0
72 2
199 0
72 4
208 0
72 2
208 0
72 2
208 0
72 4
208 0
72 2
208 0
72 2
199 0
72 4
199 0
72 4
208 0
72 4
208 0
72 2
208 0
72 2
199 0
72 4
208 0
72 2
208 0
72 2
208 0
72 4
208 0
72 2
208 0
72 2
199 0
72 4
208 0
72 2
208 0
72 2
208 0
72 4
208 0
72 2
208 0
72 2
199 0
72 4
208 0
72 2
208 0
72 2
208 0
72 4
208 0
72 2
208 0
72 2
199 0
72 4
199 0
72 4
208 0
72 4
208 0
72 2
208 0
72 2
199 0
72 4
208 0
72 2
208 0
72 2
208 0
72 4
208 0
72 2
208 0
72 2
199 0
72 4
208 0
72 2
208 0
72 2
208 0
72 4
208 0
72 2
208 0
72 2
199 0
72 4
208 0
72 2
208 0
72 2
208 0
72 4
199 0
72 4
199 0
72 4
208 0
72 2
208 0
72 2
208 0
72 4
199 0
72 2
208 0
72 2
199 0
72 2
199 0
72 2
199 0
72 2
208 0
72 2
208 0
72 4
208 0
72 2
208 0
72 2
199 0
72 4
208 0
72 2
208 0
72 2
208 0
72 4
208 0
72 2
208 0
72 2
199 0
72 4
208 0
72 2
208 0
72 2
208 0
72 4
208 0
72 2
208 0
72 2
199 0
72 4
199 0
72 4
208 0
72 4
208 0
72 2
208 0
72 2
199 0
72 4
208 0
72 2
208 0
72 2
208 0
72 4
208 0
72 2
208 0
72 2
199 0
72 4
208 0
72 2
208 0
72 2
208 0
72 4
208 0
72 2
208 0
72 2
199 0
72 4
208 0
72 2
208 0
72 2
208 0
72 4
208 0
72 2
208 0
72 2
199 0
72 4
199 0
72 4
208 0
72 4
208 0
72 2
208 0
72 2
199 0
72 4
208 0
72 2
208 0
72 2
208 0
72 4
208 0
72 2
208 0
72 2
199 0
72 4
208 0
72 2
208 0
72 2
208 0
72 4
208 0
72 2
208 0
72 2
199 0
72 4
208 0
72 2
208 0
72 2
208 0
72 4
208 0
72 2
208 0
72 2
199 0
72 4
199 0
72 4
208 0
72 4
208 0
72 2
208 0
72 2
199 0
72 4
208 0
72 2
208 0
72 2
208 0
72 4
208 0
72 2
208 0
72 2
199 0
72 4
208 0
72 2
208 0
72 2
208 0
72 4
208 0
72 2
208 0
72 2
199 0
72 4
208 0
72 2
208 0
72 2
199 0
72 4
208 0
72 4
199 0
72 4
208 0
72 4
199 0
72 4
199 0
72 2
208 0
72 2
199 0
72 2
208 0
72 2
199 0
72 2
208 0
72 2
208 0
72 4
208 0
72 2
208 0
72 2
199 0
72 4
208 0
72 2
208 0
72 2
208 0
72 4
208 0
72 2
208 0
72 2
199 0
72 4
208 0
72 2
208 0
72 2
208 0
72 4
208 0
72 2
208 0
72 2
199 0
72 4
631 0
72 4
208 0
72 4
208 0
72 2
208 0
72 2
199 0
72 4
208 0
72 2
208 0
72 2
208 0
72 4
208 0
72 2
208 0
72 2
199 0
72 4
631 0
72 4
208 0
72 4
208 0
72 2
208 0
72 2
199 0
72 4
208 0
72 2
208 0
72 2
208 0
72 4
208 0
72 2
208 0
72 2
199 0
72 4
199 0
72 4
208 0
72 4
208 0
72 2
208 0
72 2
199 0
72 4
199 0
72 4
208 0
72 4
208 0
72 2
208 0
72 2
199 0
72 4
208 0
72 2
208 0
72 2
208 0
72 4
208 0
72 2
208 0
72 2
199 0
72 4
199 0
72 4
208 0
72 4
208 0
72 2
208 0
72 2
199 0
72 4
208 0
72 2
208 0
72 2
208 0
72 4
208 0
72 2
208 0
72 2
199 0
72 4
199 0
72 4
208 0
72 4
208 0
72 2
208 0
72 2
199 0
72 4
208 0
72 2
208 0
72 2
208 0
72 4
208 0
72 2
208 0
72 2
199 0
72 4
199 0
72 4
208 0
72 3
208 0
72 3
208 0
72 3
208 0
72 3
199 0
72 3
199 0
72 3
208 0
72 4
199 0
72 4
199 0
72 4
199 0
72 4
208 0
72 4
208 0
72 2
208 0
72 2
199 0
72 4
208 0
72 2
208 0
72 2
208 0
72 4
208 0
72 2
208 0
72 2
199 0
72 4
208 0
72 2
208 0
72 2
208 0
72 4
208 0
72 2
208 0
72 2
199 0
72 4
631 0
72 4
208 0
72 4
208 0
72 2
208 0
72 2
199 0
72 4
208 0
72 2
208 0
72 2
208 0
72 4
208 0
72 2
208 0
72 2
199 0
72 4
631 0
72 4
208 0
72 4
208 0
72 2
208 0
72 2
199 0
72 4
208 0
72 2
208 0
72 2
208 0
72 4
208 0
72 2
208 0
72 2
199 0
72 4
199 0
72 4
208 0
72 4
208 0
72 2
208 0
72 2
199 0
72 4
199 0
72 4
208 0
72 4
208 0
72 2
208 0
72 2
199 0
72 4
208 0
72 2
208 0
72 2
208 0
72 4
208 0
72 2
208 0
72 2
199 0
72 4
199 0
72 4
208 0
72 4
208 0
72 2
208 0
72 2
199 0
72 4
208 0
72 2
208 0
72 2
208 0
72 4
208 0
72 2
208 0
72 2
199 0
72 4
199 0
72 4
208 0
72 4
208 0
72 2
208 0
72 2
199 0
72 4
208 0
72 2
208 0
72 2
208 0
72 4
208 0
72 2
208 0
72 2
199 0
72 4
199 0
72 4
199 0
72 3
208 0
72 3
208 0
72 3
199 0
72 3
208 0
72 3
208 0
72 3
208 0
72 2
199 0
72 2
199 0
72 2
199 0
72 2
208 0
72 2
199 0
72 2
199 0
72 2
199 0
72 2
208 0
72 4
208 0
72 2
208 0
72 2
199 0
72 4
208 0
72 2
208 0
72 2
208 0
72 4
208 0
72 2
208 0
72 2
199 0
72 4
208 0
72 2
208 0
72 2
208 0
72 4
208 0
72 2
208 0
72 2
199 0
72 4
199 0
72 4
208 0
72 4
208 0
72 2
208 0
72 2
199 0
72 4
208 0
72 2
208 0
72 2
208 0
72 4
208 0
72 2
208 0
72 2
199 0
72 4
208 0
72 2
208 0
72 2
208 0
72 4
208 0
72 2
208 0
72 2
199 0
72 4
208 0
72 2
208 0
72 2
208 0
72 4
208 0
72 2
208 0
72 2
199 0
72 4
199 0
72 4
208 0
72 4
208 0
72 2
208 0
72 2
199 0
72 4
208 0
72 2
208 0
72 2
208 0
72 4
208 0
72 2
208 0
72 2
199 0
72 4
208 0
72 2
208 0
72 2
208 0
72 4
208 0
72 2
208 0
72 2
199 0
72 4
208 0
72 2
208 0
72 2
208 0
72 4
208 0
72 2
208 0
72 2
199 0
72 4
199 0
72 4
208 0
72 4
208 0
72 2
208 0
72 2
199 0
72 4
208 0
72 2
208 0
72 2
208 0
72 4
208 0
72 2
208 0
72 2
199 0
72 4
208 0
72 2
208 0
72 2
208 0
72 4
208 0
72 2
208 0
72 2
199 0
72 4
208 0
72 2
208 0
72 2
208 0
72 4
199 0
72 4
199 0
72 4
208 0
72 2
208 0
72 2
208 0
72 4
199 0
72 2
208 0
72 2
199 0
72 2
199 0
72 2
199 0
72 2
208 0
72 2
208 0
72 4
208 0
72 2
208 0
72 2
199 0
72 4
208 0
72 2
208 0
72 2
208 0
72 4
208 0
72 2
208 0
72 2
199 0
72 4
208 0
72 2
208 0
72 2
208 0
72 4
208 0
72 2
208 0
72 2
199 0
72 4
199 0
72 4
208 0
72 4
208 0
72 2
208 0
72 2
199 0
72 4
208 0
72 2
208 0
72 2
208 0
72 4
208 0
72 2
208 0
72 2
199 0
72 4
208 0
72 2
208 0
72 2
208 0
72 4
208 0
72 2
208 0
72 2
199 0
72 4
208 0
72 2
208 0
72 2
208 0
72 4
208 0
72 2
208 0
72 2
199 0
72 4
199 0
72 4
208 0
72 4
208 0
72 2
208 0
72 2
199 0
72 4
208 0
72 2
208 0
72 2
208 0
72 4
208 0
72 2
208 0
72 2
199 0
72 4
208 0
72 2
208 0
72 2
208 0
72 4
208 0
72 2
208 0
72 2
199 0
72 4
208 0
72 2
208 0
72 2
208 0
72 4
208 0
72 2
208 0
72 2
199 0
72 4
199 0
72 4
208 0
72 4
208 0
72 2
208 0
72 2
199 0
72 4
208 0
72 2
208 0
72 2
208 0
72 4
208 0
72 2
208 0
72 2
199 0
72 4
208 0
72 2
208 0
72 2
208 0
72 4
208 0
72 2
208 0
72 2
199 0
72 4
208 0
72 2
208 0
72 2
199 0
72 4
208 0
72 4
199 0
72 4
208 0
72 4
199 0
72 4
199 0
72 2
208 0
72 2
199 0
72 2
208 0
72 2
199 0
72 2
208 0
E
X
