minor
S
H
41 9
46 4
53 11
51 5
49 5
48 5
46 5
48 5
44 5
42 9
46 4
54 11
53 5
51 5
49 5
48 11
41 9
46 4
53 11
51 5
49 5
48 5
46 5
48 5
44 5
42 9
46 4
54 11
53 5
51 5
49 5
41 11
27 7
29 9
29 2
30 2
29 2
27 2
25 2
24 2
27 7
29 8
24 2
72 2
25 2
25 7
27 7
29 9
29 2
30 2
29 2
27 2
25 2
24 2
27 7
29 7
36 2
42 2
41 2
39 2
37 2
34 2
37 2
41 2
48 9
48 2
49 2
48 2
46 9
46 2
49 2
53 2
54 9
46 2
49 2
53 2
56 9
46 2
49 2
53 2
58 9
46 2
49 2
53 2
60 9
61 4
60 9
61 4
58 11
61 7
65 7
60 7
63 7
58 7
61 7
60 4
58 7
56 4
61 2
65 2
63 2
61 2
60 2
63 2
61 2
60 2
58 2
61 2
60 2
58 2
56 2
60 2
58 2
56 2
54 2
58 2
56 2
54 2
53 2
56 2
54 2
51 2
51 2
53 2
54 2
56 2
58 2
61 2
60 2
58 2
56 2
54 2
53 2
54 2
27 7
29 9
29 2
30 2
29 2
27 2
25 2
24 2
27 7
29 8
24 2
72 2
25 2
25 7
27 7
29 9
29 2
30 2
29 2
27 2
25 2
24 2
27 7
29 7
36 2
42 2
41 2
39 2
37 2
34 2
37 2
41 2
48 13
48 13
48 2
49 2
48 2
46 12
46 2
49 2
53 2
54 9
53 2
54 2
53 2
51 5
49 5
48 5
44 10
44 2
48 2
53 11
49 5
48 5
46 5
45 5
46 5
48 5
46 12
46 4
46 2
49 2
53 2
54 9
53 2
54 2
53 2
51 5
49 5
48 5
44 10
44 2
48 2
53 11
56 5
54 5
53 5
49 11
34 2
36 2
37 2
41 2
37 2
36 2
34 2
36 2
37 2
36 2
37 2
41 2
37 2
36 2
34 2
32 2
34 2
36 2
37 2
41 2
37 2
36 2
34 2
36 2
37 2
36 2
37 2
41 2
37 2
36 2
34 2
32 2
34 2
36 2
37 2
41 2
37 2
36 2
34 2
36 2
37 2
36 2
37 2
41 2
37 2
36 2
34 2
32 2
34 2
36 2
37 2
41 2
37 2
36 2
34 2
36 2
37 2
36 2
37 2
39 2
41 2
42 2
44 2
46 2
34 2
36 2
37 2
41 4
34 2
36 2
37 2
41 4
39 2
37 2
36 2
39 2
37 2
36 2
34 2
36 2
37 2
41 4
34 2
36 2
37 2
41 4
39 2
37 2
36 2
39 2
37 2
36 2
34 2
36 2
37 2
41 4
34 2
36 2
37 2
41 4
39 2
37 2
36 2
39 2
37 2
36 2
34 2
36 2
37 2
41 4
34 2
36 2
37 2
41 4
49 4
48 4
44 4
41 9
46 4
53 11
51 5
49 5
48 5
46 5
48 5
44 5
42 9
46 4
54 11
53 5
51 5
49 5
48 11
41 9
46 4
53 11
51 5
49 5
48 5
46 5
48 5
44 5
42 9
46 4
54 11
53 5
51 5
49 5
41 11
27 7
29 9
29 2
30 2
29 2
27 2
25 2
24 2
27 7
29 8
24 2
72 2
25 2
25 7
27 7
29 9
29 2
30 2
29 2
27 2
25 2
24 2
27 7
29 7
36 2
42 2
41 2
39 2
37 2
34 2
37 2
41 2
48 9
48 2
49 2
48 2
46 9
46 2
49 2
53 2
54 9
46 2
49 2
53 2
56 9
46 2
49 2
53 2
58 9
46 2
49 2
53 2
60 9
61 4
60 9
61 4
58 11
61 7
65 7
60 7
63 7
58 7
61 7
60 4
58 7
56 4
61 2
65 2
63 2
61 2
60 2
63 2
61 2
60 2
58 2
61 2
60 2
58 2
56 2
60 2
58 2
56 2
54 2
58 2
56 2
54 2
53 2
56 2
54 2
51 2
51 2
53 2
54 2
56 2
58 2
61 2
60 2
58 2
56 2
54 2
53 2
54 2
27 7
29 9
29 2
30 2
29 2
27 2
25 2
24 2
27 7
29 8
24 2
72 2
25 2
25 7
27 7
29 9
29 2
30 2
29 2
27 2
25 2
24 2
27 7
29 7
36 2
42 2
41 2
39 2
37 2
34 2
37 2
41 2
48 13
48 13
48 2
49 2
48 2
46 12
46 2
49 2
53 2
54 9
53 2
54 2
53 2
51 5
49 5
48 5
44 10
44 2
48 2
53 11
49 5
48 5
46 5
45 5
46 5
48 5
46 12
46 4
46 2
49 2
53 2
54 9
53 2
54 2
53 2
51 5
49 5
48 5
44 10
44 2
48 2
53 11
56 5
54 5
53 5
49 11
34 2
36 2
37 2
41 2
37 2
36 2
34 2
36 2
37 2
36 2
37 2
41 2
37 2
36 2
34 2
32 2
34 2
36 2
37 2
41 2
37 2
36 2
34 2
36 2
37 2
36 2
37 2
41 2
37 2
36 2
34 2
32 2
34 2
36 2
37 2
41 2
37 2
36 2
34 2
36 2
37 2
36 2
37 2
41 2
37 2
36 2
34 2
32 2
34 2
36 2
37 2
41 2
37 2
36 2
34 2
36 2
37 2
36 2
37 2
39 2
41 2
42 2
44 2
46 2
34 2
36 2
37 2
41 4
34 2
36 2
37 2
41 4
39 2
37 2
36 2
39 2
37 2
36 2
34 2
36 2
37 2
41 4
34 2
36 2
37 2
41 4
39 2
37 2
36 2
39 2
37 2
36 2
34 2
36 2
37 2
41 4
34 2
36 2
37 2
41 4
39 2
37 2
36 2
39 2
37 2
36 2
34 2
36 2
37 2
41 4
34 2
36 2
37 2
41 4
49 4
48 4
44 4
E
S
L
10 4
10 2
10 2
10 4
10 2
10 2
10 4
10 2
10 2
10 4
10 2
10 2
10 4
10 2
10 2
10 4
10 2
10 2
10 4
10 2
10 2
10 4
10 2
10 2
18 4
18 2
18 2
18 4
18 2
18 2
18 4
18 2
18 2
18 4
18 2
18 2
20 4
20 2
20 2
20 4
20 2
20 2
20 4
20 2
20 2
20 4
20 2
20 2
10 4
10 2
10 2
10 4
10 2
10 2
10 4
10 2
10 2
10 4
10 2
10 2
10 4
10 2
10 2
10 4
10 2
10 2
10 4
10 2
10 2
10 4
10 2
10 2
18 4
18 2
18 2
18 4
18 2
18 2
18 4
18 2
18 2
18 4
18 2
18 2
20 4
20 2
20 2
20 4
20 2
20 2
20 4
20 2
20 2
20 4
20 2
20 2
15 7
17 7
72 4
17 2
18 2
17 2
15 2
13 2
12 2
15 7
17 7
72 2
12 2
72 2
13 2
13 7
15 7
17 7
72 4
17 2
17 2
17 2
15 2
13 2
12 2
15 7
17 7
17 4
17 2
17 2
17 4
17 2
17 2
10 4
10 2
10 2
10 4
10 2
10 2
10 4
10 2
10 2
10 4
10 2
10 2
10 4
10 2
10 2
10 4
10 2
10 2
10 4
10 2
10 2
10 4
10 2
10 2
18 4
18 2
18 2
18 4
18 2
18 2
18 4
18 2
18 2
18 4
18 2
18 2
20 4
20 2
20 2
20 4
20 2
20 2
20 4
20 2
20 2
20 4
20 2
20 2
10 4
10 2
10 2
10 4
10 2
10 2
10 4
10 2
10 2
10 4
10 2
10 2
10 4
10 2
10 2
10 4
10 2
10 2
10 4
10 2
10 2
10 4
10 2
10 2
18 4
18 2
18 2
18 4
18 2
18 2
18 4
18 2
18 2
18 4
18 2
18 2
20 4
20 2
20 2
20 4
20 2
20 2
20 4
20 2
20 2
20 4
20 2
20 2
15 7
17 7
72 4
17 2
18 2
17 2
15 2
13 2
12 2
15 7
17 7
72 2
12 2
72 2
13 2
13 7
15 7
17 7
72 4
17 2
17 2
17 2
15 2
13 2
12 2
15 7
17 7
17 4
17 2
17 2
17 4
17 2
17 2
12 4
12 2
12 2
12 4
12 2
12 2
12 4
12 2
12 2
12 4
12 2
12 2
15 4
15 2
15 2
15 4
15 2
15 2
15 4
15 2
15 2
15 4
15 2
15 2
10 4
10 2
10 2
10 4
10 2
10 2
10 4
10 2
10 2
10 4
10 2
10 2
18 4
18 2
18 2
18 4
18 2
18 2
18 4
18 2
18 2
18 4
18 2
18 2
20 4
20 2
20 2
20 4
20 2
20 2
20 4
20 2
20 2
20 4
20 2
20 2
18 4
18 2
18 2
18 4
18 2
18 2
20 4
20 2
20 2
20 4
20 2
20 2
10 4
10 2
10 2
10 4
10 2
10 2
10 4
10 2
10 2
10 4
10 2
10 2
18 4
18 2
18 2
18 4
18 2
18 2
18 4
18 2
18 2
18 4
18 2
18 2
20 4
20 2
20 2
20 4
20 2
20 2
20 4
20 2
20 2
20 4
20 2
20 2
18 4
18 2
18 2
18 4
18 2
18 2
20 4
20 2
20 2
20 4
20 2
20 2
10 4
10 2
10 2
10 4
10 2
10 2
10 4
10 2
10 2
10 4
10 2
10 2
18 4
18 2
18 2
18 4
18 2
18 2
18 4
18 2
18 2
18 4
18 2
18 2
20 4
20 2
20 2
20 4
20 2
20 2
20 4
20 2
20 2
20 4
20 2
20 2
10 4
10 2
10 2
10 4
25 7
24 4
22 4
20 4
10 4
10 2
10 2
10 4
10 2
10 2
10 4
10 2
10 2
10 4
10 2
10 2
18 4
18 2
18 2
18 4
18 2
18 2
18 4
18 2
18 2
18 4
18 2
18 2
20 4
20 2
20 2
20 4
20 2
20 2
20 4
20 2
20 2
20 4
20 2
20 2
10 4
10 2
10 2
10 4
25 7
24 4
22 4
20 4
10 4
10 2
10 2
10 4
10 2
10 2
10 4
10 2
10 2
10 4
10 2
10 2
10 4
10 2
10 2
10 4
10 2
10 2
10 4
10 2
10 2
10 4
10 2
10 2
18 4
18 2
18 2
18 4
18 2
18 2
18 4
18 2
18 2
18 4
18 2
18 2
20 4
20 2
20 2
20 4
20 2
20 2
20 4
20 2
20 2
20 4
20 2
20 2
10 4
10 2
10 2
10 4
10 2
10 2
10 4
10 2
10 2
10 4
10 2
10 2
10 4
10 2
10 2
10 4
10 2
10 2
10 4
10 2
10 2
10 4
10 2
10 2
18 4
18 2
18 2
18 4
18 2
18 2
18 4
18 2
18 2
18 4
18 2
18 2
20 4
20 2
20 2
20 4
20 2
20 2
20 4
20 2
20 2
20 4
20 2
20 2
15 7
17 7
72 4
17 2
18 2
17 2
15 2
13 2
12 2
15 7
17 7
72 2
12 2
72 2
13 2
13 7
15 7
17 7
72 4
17 2
17 2
17 2
15 2
13 2
12 2
15 7
17 7
17 4
17 2
17 2
17 4
17 2
17 2
10 4
10 2
10 2
10 4
10 2
10 2
10 4
10 2
10 2
10 4
10 2
10 2
10 4
10 2
10 2
10 4
10 2
10 2
10 4
10 2
10 2
10 4
10 2
10 2
18 4
18 2
18 2
18 4
18 2
18 2
18 4
18 2
18 2
18 4
18 2
18 2
20 4
20 2
20 2
20 4
20 2
20 2
20 4
20 2
20 2
20 4
20 2
20 2
10 4
10 2
10 2
10 4
10 2
10 2
10 4
10 2
10 2
10 4
10 2
10 2
10 4
10 2
10 2
10 4
10 2
10 2
10 4
10 2
10 2
10 4
10 2
10 2
18 4
18 2
18 2
18 4
18 2
18 2
18 4
18 2
18 2
18 4
18 2
18 2
20 4
20 2
20 2
20 4
20 2
20 2
20 4
20 2
20 2
20 4
20 2
20 2
15 7
17 7
72 4
17 2
18 2
17 2
15 2
13 2
12 2
15 7
17 7
72 2
12 2
72 2
13 2
13 7
15 7
17 7
72 4
17 2
17 2
17 2
15 2
13 2
12 2
15 7
17 7
17 4
17 2
17 2
17 4
17 2
17 2
12 4
12 2
12 2
12 4
12 2
12 2
12 4
12 2
12 2
12 4
12 2
12 2
15 4
15 2
15 2
15 4
15 2
15 2
15 4
15 2
15 2
15 4
15 2
15 2
10 4
10 2
10 2
10 4
10 2
10 2
10 4
10 2
10 2
10 4
10 2
10 2
18 4
18 2
18 2
18 4
18 2
18 2
18 4
18 2
18 2
18 4
18 2
18 2
20 4
20 2
20 2
20 4
20 2
20 2
20 4
20 2
20 2
20 4
20 2
20 2
18 4
18 2
18 2
18 4
18 2
18 2
20 4
20 2
20 2
20 4
20 2
20 2
10 4
10 2
10 2
10 4
10 2
10 2
10 4
10 2
10 2
10 4
10 2
10 2
18 4
18 2
18 2
18 4
18 2
18 2
18 4
18 2
18 2
18 4
18 2
18 2
20 4
20 2
20 2
20 4
20 2
20 2
20 4
20 2
20 2
20 4
20 2
20 2
18 4
18 2
18 2
18 4
18 2
18 2
20 4
20 2
20 2
20 4
20 2
20 2
10 4
10 2
10 2
10 4
10 2
10 2
10 4
10 2
10 2
10 4
10 2
10 2
18 4
18 2
18 2
18 4
18 2
18 2
18 4
18 2
18 2
18 4
18 2
18 2
20 4
20 2
20 2
20 4
20 2
20 2
20 4
20 2
20 2
20 4
20 2
20 2
10 4
10 2
10 2
10 4
25 7
24 4
22 4
20 4
10 4
10 2
10 2
10 4
10 2
10 2
10 4
10 2
10 2
10 4
10 2
10 2
18 4
18 2
18 2
18 4
18 2
18 2
18 4
18 2
18 2
18 4
18 2
18 2
20 4
20 2
20 2
20 4
20 2
20 2
20 4
20 2
20 2
20 4
20 2
20 2
10 4
10 2
10 2
10 4
25 7
24 4
22 4
20 4
E
S
H
41 4
41 2
41 2
41 4
41 2
41 2
41 4
41 2
41 2
41 4
41 2
41 2
37 4
37 2
37 2
37 4
37 2
37 2
37 4
37 2
37 2
37 4
37 2
37 2
37 4
37 2
37 2
37 4
37 2
37 2
37 4
37 2
37 2
37 4
37 2
37 2
39 4
39 2
39 2
39 4
39 2
39 2
39 4
39 2
39 2
39 4
39 2
39 2
41 4
41 2
41 2
41 4
41 2
41 2
41 4
41 2
41 2
41 4
41 2
41 2
37 4
37 2
37 2
37 4
37 2
37 2
37 4
37 2
37 2
37 4
37 2
37 2
37 4
37 2
37 2
37 4
37 2
37 2
37 4
37 2
37 2
37 4
37 2
37 2
39 4
39 2
39 2
39 4
39 2
39 2
39 4
39 2
39 2
39 4
39 2
39 2
34 7
36 9
41 2
42 2
41 2
39 2
37 2
36 2
34 7
36 8
31 2
72 2
32 2
32 7
34 7
36 9
41 2
42 2
41 2
39 2
37 2
36 2
34 7
36 7
36 4
36 2
36 2
36 4
36 2
36 2
41 4
41 2
41 2
41 4
41 2
41 2
41 4
41 2
41 2
41 4
41 2
41 2
37 4
37 2
37 2
37 4
37 2
37 2
37 4
37 2
37 2
37 4
37 2
37 2
37 4
37 2
37 2
37 4
37 2
37 2
37 4
37 2
37 2
37 4
37 2
37 2
39 4
39 2
39 2
39 4
39 2
39 2
39 4
39 2
39 2
39 4
39 2
39 2
41 4
41 2
41 2
41 4
41 2
41 2
41 4
41 2
41 2
41 4
41 2
41 2
37 4
37 2
37 2
37 4
37 2
37 2
37 4
37 2
37 2
37 4
37 2
37 2
37 4
37 2
37 2
37 4
37 2
37 2
37 4
37 2
37 2
37 4
37 2
37 2
39 4
39 2
39 2
39 4
39 2
39 2
39 4
39 2
39 2
39 4
39 2
39 2
34 7
36 9
41 2
42 2
41 2
39 2
37 2
36 2
34 7
36 8
31 2
72 2
32 2
32 7
34 7
36 9
41 2
42 2
41 2
39 2
37 2
36 2
34 7
36 7
36 4
36 2
36 2
36 4
36 2
36 2
31 4
31 2
31 2
31 4
31 2
31 2
31 4
31 2
31 2
31 4
31 2
31 2
34 4
34 2
34 2
34 4
34 2
34 2
34 4
34 2
34 2
34 4
34 2
34 2
41 4
41 2
41 2
41 4
41 2
41 2
41 4
41 2
41 2
41 4
41 2
41 2
37 4
37 2
37 2
37 4
37 2
37 2
37 4
37 2
37 2
37 4
37 2
37 2
39 4
39 2
39 2
39 4
39 2
39 2
39 4
39 2
39 2
39 4
39 2
39 2
30 4
34 4
37 4
34 4
32 4
36 4
37 4
36 4
41 4
41 2
41 2
41 4
41 2
41 2
41 4
41 2
41 2
41 4
41 2
41 2
37 4
37 2
37 2
37 4
37 2
37 2
37 4
37 2
37 2
37 4
37 2
37 2
39 4
39 2
39 2
39 4
39 2
39 2
39 4
39 2
39 2
39 4
39 2
39 2
30 4
34 4
37 4
34 4
32 4
36 4
37 4
36 4
37 2
39 2
41 2
44 2
41 2
39 2
37 2
39 2
41 2
39 2
41 2
44 2
41 2
39 2
37 2
36 2
37 2
39 2
41 2
44 2
41 2
39 2
37 2
39 2
41 2
39 2
41 2
44 2
41 2
39 2
37 2
36 2
37 2
39 2
41 2
44 2
41 2
39 2
37 2
39 2
41 2
39 2
41 2
44 2
41 2
39 2
37 2
36 2
37 2
39 2
41 2
44 2
41 2
39 2
37 2
39 2
41 2
39 2
41 2
42 2
44 2
46 2
48 2
49 2
37 2
39 2
41 2
44 4
37 2
39 2
41 2
44 4
42 2
41 2
39 2
42 2
41 2
39 2
37 2
39 2
41 2
44 4
37 2
39 2
41 2
44 4
42 2
41 2
39 2
42 2
41 2
39 2
37 2
39 2
41 2
44 4
37 2
39 2
41 2
44 4
42 2
41 2
39 2
42 2
41 2
39 2
37 2
39 2
41 2
44 4
37 2
39 2
41 2
44 4
53 4
51 4
48 4
41 4
41 2
41 2
41 4
41 2
41 2
41 4
41 2
41 2
41 4
41 2
41 2
37 4
37 2
37 2
37 4
37 2
37 2
37 4
37 2
37 2
37 4
37 2
37 2
37 4
37 2
37 2
37 4
37 2
37 2
37 4
37 2
37 2
37 4
37 2
37 2
39 4
39 2
39 2
39 4
39 2
39 2
39 4
39 2
39 2
39 4
39 2
39 2
41 4
41 2
41 2
41 4
41 2
41 2
41 4
41 2
41 2
41 4
41 2
41 2
37 4
37 2
37 2
37 4
37 2
37 2
37 4
37 2
37 2
37 4
37 2
37 2
37 4
37 2
37 2
37 4
37 2
37 2
37 4
37 2
37 2
37 4
37 2
37 2
39 4
39 2
39 2
39 4
39 2
39 2
39 4
39 2
39 2
39 4
39 2
39 2
34 7
36 9
41 2
42 2
41 2
39 2
37 2
36 2
34 7
36 8
31 2
72 2
32 2
32 7
34 7
36 9
41 2
42 2
41 2
39 2
37 2
36 2
34 7
36 7
36 4
36 2
36 2
36 4
36 2
36 2
41 4
41 2
41 2
41 4
41 2
41 2
41 4
41 2
41 2
41 4
41 2
41 2
37 4
37 2
37 2
37 4
37 2
37 2
37 4
37 2
37 2
37 4
37 2
37 2
37 4
37 2
37 2
37 4
37 2
37 2
37 4
37 2
37 2
37 4
37 2
37 2
39 4
39 2
39 2
39 4
39 2
39 2
39 4
39 2
39 2
39 4
39 2
39 2
41 4
41 2
41 2
41 4
41 2
41 2
41 4
41 2
41 2
41 4
41 2
41 2
37 4
37 2
37 2
37 4
37 2
37 2
37 4
37 2
37 2
37 4
37 2
37 2
37 4
37 2
37 2
37 4
37 2
37 2
37 4
37 2
37 2
37 4
37 2
37 2
39 4
39 2
39 2
39 4
39 2
39 2
39 4
39 2
39 2
39 4
39 2
39 2
34 7
36 9
41 2
42 2
41 2
39 2
37 2
36 2
34 7
36 8
31 2
72 2
32 2
32 7
34 7
36 9
41 2
42 2
41 2
39 2
37 2
36 2
34 7
36 7
36 4
36 2
36 2
36 4
36 2
36 2
31 4
31 2
31 2
31 4
31 2
31 2
31 4
31 2
31 2
31 4
31 2
31 2
34 4
34 2
34 2
34 4
34 2
34 2
34 4
34 2
34 2
34 4
34 2
34 2
41 4
41 2
41 2
41 4
41 2
41 2
41 4
41 2
41 2
41 4
41 2
41 2
37 4
37 2
37 2
37 4
37 2
37 2
37 4
37 2
37 2
37 4
37 2
37 2
39 4
39 2
39 2
39 4
39 2
39 2
39 4
39 2
39 2
39 4
39 2
39 2
30 4
34 4
37 4
34 4
32 4
36 4
37 4
36 4
41 4
41 2
41 2
41 4
41 2
41 2
41 4
41 2
41 2
41 4
41 2
41 2
37 4
37 2
37 2
37 4
37 2
37 2
37 4
37 2
37 2
37 4
37 2
37 2
39 4
39 2
39 2
39 4
39 2
39 2
39 4
39 2
39 2
39 4
39 2
39 2
30 4
34 4
37 4
34 4
32 4
36 4
37 4
36 4
37 2
39 2
41 2
44 2
41 2
39 2
37 2
39 2
41 2
39 2
41 2
44 2
41 2
39 2
37 2
36 2
37 2
39 2
41 2
44 2
41 2
39 2
37 2
39 2
41 2
39 2
41 2
44 2
41 2
39 2
37 2
36 2
37 2
39 2
41 2
44 2
41 2
39 2
37 2
39 2
41 2
39 2
41 2
44 2
41 2
39 2
37 2
36 2
37 2
39 2
41 2
44 2
41 2
39 2
37 2
39 2
41 2
39 2
41 2
42 2
44 2
46 2
48 2
49 2
37 2
39 2
41 2
44 4
37 2
39 2
41 2
44 4
42 2
41 2
39 2
42 2
41 2
39 2
37 2
39 2
41 2
44 4
37 2
39 2
41 2
44 4
42 2
41 2
39 2
42 2
41 2
39 2
37 2
39 2
41 2
44 4
37 2
39 2
41 2
44 4
42 2
41 2
39 2
42 2
41 2
39 2
37 2
39 2
41 2
44 4
37 2
39 2
41 2
44 4
53 4
51 4
48 4
E
S
H
72 4
41 9
46 4
53 11
51 5
72 0
49 5
48 5
72 0
46 5
72 0
48 5
44 5
72 0
42 9
46 4
54 11
53 5
72 0
51 5
49 5
72 0
48 11
41 9
46 4
53 11
51 5
72 0
49 5
48 5
72 0
46 5
72 0
48 5
44 5
72 0
42 9
46 4
54 11
53 5
72 0
51 5
49 5
72 0
41 11
27 7
29 9
29 2
30 2
29 2
27 2
25 2
24 2
27 7
29 8
24 2
72 2
25 2
25 7
27 7
29 9
29 2
30 2
29 2
27 2
25 2
24 2
27 7
29 7
36 2
42 2
41 2
39 2
37 2
34 2
37 2
41 2
48 9
48 2
49 2
48 2
46 9
46 2
49 2
53 2
54 9
46 2
49 2
53 2
56 9
46 2
49 2
53 2
58 9
46 2
49 2
53 2
60 9
61 4
60 9
61 4
58 11
61 7
65 7
60 7
63 7
58 7
61 7
60 4
58 7
56 4
61 2
65 2
63 2
61 2
60 2
63 2
61 2
60 2
58 2
61 2
60 2
58 2
56 2
60 2
58 2
56 2
54 2
58 2
56 2
54 2
53 2
56 2
54 2
51 2
51 2
53 2
54 2
56 2
58 2
61 2
60 2
58 2
56 2
54 2
53 2
54 2
27 7
29 9
29 2
30 2
29 2
27 2
25 2
24 2
27 7
29 8
24 2
72 2
25 2
25 7
27 7
29 9
29 2
30 2
29 2
27 2
25 2
24 2
27 7
29 7
36 2
42 2
41 2
39 2
37 2
34 2
37 2
41 2
48 13
48 13
48 2
49 2
48 2
46 12
46 2
49 2
53 2
54 9
53 2
54 2
53 2
51 5
72 0
49 5
48 5
72 0
44 10
72 0
44 2
48 2
53 11
49 5
72 0
48 5
46 5
72 0
45 5
72 0
46 5
48 5
72 0
46 12
46 4
46 2
49 2
53 2
54 9
53 2
54 2
53 2
51 5
72 0
49 5
48 5
72 0
44 10
72 0
44 2
48 2
53 11
56 5
72 0
54 5
53 5
72 0
49 11
34 2
36 2
37 2
41 2
37 2
36 2
34 2
36 2
37 2
36 2
37 2
41 2
37 2
36 2
34 2
32 2
34 2
36 2
37 2
41 2
37 2
36 2
34 2
36 2
37 2
36 2
37 2
41 2
37 2
36 2
34 2
32 2
34 2
36 2
37 2
41 2
37 2
36 2
34 2
36 2
37 2
36 2
37 2
41 2
37 2
36 2
34 2
32 2
34 2
36 2
37 2
41 2
37 2
36 2
34 2
36 2
37 2
36 2
37 2
39 2
41 2
42 2
44 2
46 2
34 2
36 2
37 2
41 4
34 2
36 2
37 2
41 4
39 2
37 2
36 2
39 2
37 2
36 2
34 2
36 2
37 2
41 4
34 2
36 2
37 2
41 4
39 2
37 2
36 2
39 2
37 2
36 2
34 2
36 2
37 2
41 4
34 2
36 2
37 2
41 4
39 2
37 2
36 2
39 2
37 2
36 2
34 2
36 2
37 2
41 4
34 2
36 2
37 2
41 4
49 4
48 4
72 4
41 9
46 4
53 11
51 5
72 0
49 5
48 5
72 0
46 5
72 0
48 5
44 5
72 0
42 9
46 4
54 11
53 5
72 0
51 5
49 5
72 0
48 11
41 9
46 4
53 11
51 5
72 0
49 5
48 5
72 0
46 5
72 0
48 5
44 5
72 0
42 9
46 4
54 11
53 5
72 0
51 5
49 5
72 0
41 11
27 7
29 9
29 2
30 2
29 2
27 2
25 2
24 2
27 7
29 8
24 2
72 2
25 2
25 7
27 7
29 9
29 2
30 2
29 2
27 2
25 2
24 2
27 7
29 7
36 2
42 2
41 2
39 2
37 2
34 2
37 2
41 2
48 9
48 2
49 2
48 2
46 9
46 2
49 2
53 2
54 9
46 2
49 2
53 2
56 9
46 2
49 2
53 2
58 9
46 2
49 2
53 2
60 9
61 4
60 9
61 4
58 11
61 7
65 7
60 7
63 7
58 7
61 7
60 4
58 7
56 4
61 2
65 2
63 2
61 2
60 2
63 2
61 2
60 2
58 2
61 2
60 2
58 2
56 2
60 2
58 2
56 2
54 2
58 2
56 2
54 2
53 2
56 2
54 2
51 2
51 2
53 2
54 2
56 2
58 2
61 2
60 2
58 2
56 2
54 2
53 2
54 2
27 7
29 9
29 2
30 2
29 2
27 2
25 2
24 2
27 7
29 8
24 2
72 2
25 2
25 7
27 7
29 9
29 2
30 2
29 2
27 2
25 2
24 2
27 7
29 7
36 2
42 2
41 2
39 2
37 2
34 2
37 2
41 2
48 13
48 13
48 2
49 2
48 2
46 12
46 2
49 2
53 2
54 9
53 2
54 2
53 2
51 5
72 0
49 5
48 5
72 0
44 10
72 0
44 2
48 2
53 11
49 5
72 0
48 5
46 5
72 0
45 5
72 0
46 5
48 5
72 0
46 12
46 4
46 2
49 2
53 2
54 9
53 2
54 2
53 2
51 5
72 0
49 5
48 5
72 0
44 10
72 0
44 2
48 2
53 11
56 5
72 0
54 5
53 5
72 0
49 11
34 2
36 2
37 2
41 2
37 2
36 2
34 2
36 2
37 2
36 2
37 2
41 2
37 2
36 2
34 2
32 2
34 2
36 2
37 2
41 2
37 2
36 2
34 2
36 2
37 2
36 2
37 2
41 2
37 2
36 2
34 2
32 2
34 2
36 2
37 2
41 2
37 2
36 2
34 2
36 2
37 2
36 2
37 2
41 2
37 2
36 2
34 2
32 2
34 2
36 2
37 2
41 2
37 2
36 2
34 2
36 2
37 2
36 2
37 2
39 2
41 2
42 2
44 2
46 2
34 2
36 2
37 2
41 4
34 2
36 2
37 2
41 4
39 2
37 2
36 2
39 2
37 2
36 2
34 2
36 2
37 2
41 4
34 2
36 2
37 2
41 4
39 2
37 2
36 2
39 2
37 2
36 2
34 2
36 2
37 2
41 4
34 2
36 2
37 2
41 4
39 2
37 2
36 2
39 2
37 2
36 2
34 2
36 2
37 2
41 4
34 2
36 2
37 2
41 4
49 4
48 4
E
S
H
41 9
46 4
53 11
51 5
49 5
48 5
46 5
48 5
44 5
42 9
46 4
54 11
53 5
51 5
49 5
48 11
41 9
46 4
53 11
51 5
49 5
48 5
46 5
48 5
44 5
42 9
46 4
54 11
53 5
51 5
49 5
41 11
27 7
29 9
29 2
30 2
29 2
27 2
25 2
24 2
27 7
29 8
24 2
72 2
25 2
25 7
27 7
29 9
29 2
30 2
29 2
27 2
25 2
24 2
27 7
29 7
36 2
42 2
41 2
39 2
37 2
34 2
37 2
41 2
48 9
48 2
49 2
48 2
46 9
46 2
49 2
53 2
54 9
46 2
49 2
53 2
56 9
46 2
49 2
53 2
58 9
46 2
49 2
53 2
60 9
61 4
60 9
61 4
58 11
61 7
65 7
60 7
63 7
58 7
61 7
60 4
58 7
56 4
61 2
65 2
63 2
61 2
60 2
63 2
61 2
60 2
58 2
61 2
60 2
58 2
56 2
60 2
58 2
56 2
54 2
58 2
56 2
54 2
53 2
56 2
54 2
51 2
51 2
53 2
54 2
56 2
58 2
61 2
60 2
58 2
56 2
54 2
53 2
54 2
27 7
29 9
29 2
30 2
29 2
27 2
25 2
24 2
27 7
29 8
24 2
72 2
25 2
25 7
27 7
29 9
29 2
30 2
29 2
27 2
25 2
24 2
27 7
29 7
36 2
42 2
41 2
39 2
37 2
34 2
37 2
41 2
48 13
48 13
48 2
49 2
48 2
46 12
46 2
49 2
53 2
54 9
53 2
54 2
53 2
51 5
49 5
48 5
44 10
44 2
48 2
53 11
49 5
48 5
46 5
45 5
46 5
48 5
46 12
46 4
46 2
49 2
53 2
54 9
53 2
54 2
53 2
51 5
49 5
48 5
44 10
44 2
48 2
53 11
56 5
54 5
53 5
49 11
34 2
36 2
37 2
41 2
37 2
36 2
34 2
36 2
37 2
36 2
37 2
41 2
37 2
36 2
34 2
32 2
34 2
36 2
37 2
41 2
37 2
36 2
34 2
36 2
37 2
36 2
37 2
41 2
37 2
36 2
34 2
32 2
34 2
36 2
37 2
41 2
37 2
36 2
34 2
36 2
37 2
36 2
37 2
41 2
37 2
36 2
34 2
32 2
34 2
36 2
37 2
41 2
37 2
36 2
34 2
36 2
37 2
36 2
37 2
39 2
41 2
42 2
44 2
46 2
34 2
36 2
37 2
41 4
34 2
36 2
37 2
41 4
39 2
37 2
36 2
39 2
37 2
36 2
34 2
36 2
37 2
41 4
34 2
36 2
37 2
41 4
39 2
37 2
36 2
39 2
37 2
36 2
34 2
36 2
37 2
41 4
34 2
36 2
37 2
41 4
39 2
37 2
36 2
39 2
37 2
36 2
34 2
36 2
37 2
41 4
34 2
36 2
37 2
41 4
49 4
48 4
44 4
41 9
46 4
53 11
51 5
49 5
48 5
46 5
48 5
44 5
42 9
46 4
54 11
53 5
51 5
49 5
48 11
41 9
46 4
53 11
51 5
49 5
48 5
46 5
48 5
44 5
42 9
46 4
54 11
53 5
51 5
49 5
41 11
27 7
29 9
29 2
30 2
29 2
27 2
25 2
24 2
27 7
29 8
24 2
72 2
25 2
25 7
27 7
29 9
29 2
30 2
29 2
27 2
25 2
24 2
27 7
29 7
36 2
42 2
41 2
39 2
37 2
34 2
37 2
41 2
48 9
48 2
49 2
48 2
46 9
46 2
49 2
53 2
54 9
46 2
49 2
53 2
56 9
46 2
49 2
53 2
58 9
46 2
49 2
53 2
60 9
61 4
60 9
61 4
58 11
61 7
65 7
60 7
63 7
58 7
61 7
60 4
58 7
56 4
61 2
65 2
63 2
61 2
60 2
63 2
61 2
60 2
58 2
61 2
60 2
58 2
56 2
60 2
58 2
56 2
54 2
58 2
56 2
54 2
53 2
56 2
54 2
51 2
51 2
53 2
54 2
56 2
58 2
61 2
60 2
58 2
56 2
54 2
53 2
54 2
27 7
29 9
29 2
30 2
29 2
27 2
25 2
24 2
27 7
29 8
24 2
72 2
25 2
25 7
27 7
29 9
29 2
30 2
29 2
27 2
25 2
24 2
27 7
29 7
36 2
42 2
41 2
39 2
37 2
34 2
37 2
41 2
48 13
48 13
48 2
49 2
48 2
46 12
46 2
49 2
53 2
54 9
53 2
54 2
53 2
51 5
49 5
48 5
44 10
44 2
48 2
53 11
49 5
48 5
46 5
45 5
46 5
48 5
46 12
46 4
46 2
49 2
53 2
54 9
53 2
54 2
53 2
51 5
49 5
48 5
44 10
44 2
48 2
53 11
56 5
54 5
53 5
49 11
34 2
36 2
37 2
41 2
37 2
36 2
34 2
36 2
37 2
36 2
37 2
41 2
37 2
36 2
34 2
32 2
34 2
36 2
37 2
41 2
37 2
36 2
34 2
36 2
37 2
36 2
37 2
41 2
37 2
36 2
34 2
32 2
34 2
36 2
37 2
41 2
37 2
36 2
34 2
36 2
37 2
36 2
37 2
41 2
37 2
36 2
34 2
32 2
34 2
36 2
37 2
41 2
37 2
36 2
34 2
36 2
37 2
36 2
37 2
39 2
41 2
42 2
44 2
46 2
34 2
36 2
37 2
41 4
34 2
36 2
37 2
41 4
39 2
37 2
36 2
39 2
37 2
36 2
34 2
36 2
37 2
41 4
34 2
36 2
37 2
41 4
39 2
37 2
36 2
39 2
37 2
36 2
34 2
36 2
37 2
41 4
34 2
36 2
37 2
41 4
39 2
37 2
36 2
39 2
37 2
36 2
34 2
36 2
37 2
41 4
34 2
36 2
37 2
41 4
49 4
48 4
44 4
E
S
L
208 0
72 6
208 0
72 2
199 0
72 4
208 0
72 4
208 0
72 4
208 0
72 2
208 0
72 2
199 0
72 4
208 0
72 4
208 0
72 6
208 0
72 2
199 0
72 4
208 0
72 4
208 0
72 4
208 0
72 2
208 0
72 2
199 0
72 4
208 0
72 4
208 0
72 6
208 0
72 2
199 0
72 4
208 0
72 4
208 0
72 4
208 0
72 2
208 0
72 2
199 0
72 4
208 0
72 4
208 0
72 6
208 0
72 2
199 0
72 4
208 0
72 4
199 0
72 4
199 0
72 4
199 0
199 0
72 2
199 0
72 0
199 0
72 1
208 0
72 4
208 0
72 6
208 0
72 2
199 0
72 4
208 0
72 4
208 0
72 4
208 0
72 2
208 0
72 2
199 0
72 4
208 0
72 4
208 0
72 6
208 0
72 2
199 0
72 4
208 0
72 4
208 0
72 4
208 0
72 2
208 0
72 2
199 0
72 4
208 0
72 4
208 0
72 6
208 0
72 2
199 0
72 4
208 0
72 4
208 0
72 4
208 0
72 2
208 0
72 2
199 0
72 4
208 0
72 4
208 0
72 6
208 0
72 2
199 0
72 4
208 0
72 4
208 0
72 4
199 0
72 4
199 0
72 2
199 0
72 2
199 0
72 2
208 0
72 2
199 0
72 4
208 0
72 4
208 0
72 4
208 0
72 4
199 0
72 2
208 0
72 4
208 0
72 2
208 0
72 4
208 0
72 4
199 0
72 4
208 0
72 4
208 0
72 4
208 0
72 4
199 0
72 2
208 0
72 4
208 0
72 2
208 0
72 4
208 0
72 4
199 0
72 4
208 0
72 4
208 0
72 4
208 0
72 4
199 0
72 2
208 0
72 4
208 0
72 2
208 0
72 4
208 0
72 4
199 0
72 4
208 0
72 4
208 0
72 4
208 0
72 4
199 0
72 2
208 0
72 2
208 0
72 2
208 0
72 2
208 0
72 4
208 0
72 4
208 0
72 6
208 0
72 2
199 0
72 4
208 0
72 4
208 0
72 4
208 0
72 2
208 0
72 2
199 0
72 4
208 0
72 4
208 0
72 6
208 0
72 2
199 0
72 4
208 0
72 4
208 0
72 4
208 0
72 2
208 0
72 2
199 0
72 4
208 0
72 4
208 0
72 6
208 0
72 2
199 0
72 4
208 0
72 4
208 0
72 4
208 0
72 2
208 0
72 2
199 0
72 4
208 0
72 4
208 0
72 6
208 0
72 2
199 0
72 4
208 0
72 4
199 0
72 4
199 0
72 4
199 0
199 0
72 2
199 0
72 0
199 0
72 1
208 0
72 4
208 0
72 6
208 0
72 2
199 0
72 4
208 0
72 4
208 0
72 4
208 0
72 2
208 0
72 2
199 0
72 4
208 0
72 4
208 0
72 6
208 0
72 2
199 0
72 4
208 0
72 4
208 0
72 4
208 0
72 2
208 0
72 2
199 0
72 4
208 0
72 4
208 0
72 6
208 0
72 2
199 0
72 4
208 0
72 4
208 0
72 4
208 0
72 2
208 0
72 2
199 0
72 4
208 0
72 4
208 0
72 6
208 0
72 2
199 0
72 4
208 0
72 4
208 0
72 4
199 0
72 4
199 0
72 2
199 0
72 2
199 0
72 2
208 0
72 2
199 0
72 4
208 0
72 4
208 0
72 4
208 0
72 4
199 0
72 2
208 0
72 4
208 0
72 2
208 0
72 4
208 0
72 4
199 0
72 4
208 0
72 4
208 0
72 4
208 0
72 4
199 0
72 2
208 0
72 4
208 0
72 2
208 0
72 4
208 0
72 4
199 0
72 4
208 0
72 4
208 0
72 4
208 0
72 4
199 0
72 2
208 0
72 4
208 0
72 2
208 0
72 4
208 0
72 4
199 0
72 4
208 0
72 4
208 0
72 4
208 0
72 4
199 0
72 2
208 0
72 2
208 0
72 2
208 0
72 2
208 0
72 4
208 0
72 4
199 0
72 4
208 0
72 4
208 0
72 2
208 0
72 4
208 0
72 2
208 0
72 2
208 0
72 4
208 0
72 2
208 0
72 4
208 0
72 4
199 0
72 2
199 0
72 2
199 0
72 2
199 0
72 2
199 0
72 2
199 0
72 2
199 0
72 2
199 0
72 2
199 0
72 2
208 0
72 2
199 0
72 2
208 0
72 2
199 0
72 2
199 0
72 2
199 0
72 2
199 0
72 2
208 0
72 4
208 0
72 2
208 0
72 2
199 0
72 7
208 0
72 4
208 0
72 2
208 0
72 2
199 0
72 4
199 0
72 2
199 0
72 2
208 0
72 4
208 0
72 2
208 0
72 2
199 0
72 7
208 0
72 4
208 0
72 2
208 0
72 2
199 0
72 7
208 0
72 4
208 0
72 2
208 0
72 2
199 0
72 7
208 0
72 4
208 0
72 2
208 0
72 2
199 0
72 4
199 0
72 2
199 0
72 2
208 0
72 4
208 0
72 2
208 0
72 2
199 0
72 7
208 0
72 4
208 0
72 2
208 0
72 2
199 0
72 7
208 0
72 4
208 0
72 2
208 0
72 2
199 0
72 7
208 0
72 4
208 0
72 2
208 0
72 2
199 0
72 4
199 0
72 2
199 0
72 2
208 0
72 4
208 0
72 2
208 0
72 2
199 0
72 7
208 0
72 4
208 0
72 2
208 0
72 2
199 0
72 7
208 0
72 4
208 0
72 2
208 0
72 2
199 0
72 7
208 0
72 4
208 0
72 2
208 0
72 2
199 0
72 4
199 0
72 2
199 0
72 2
208 0
72 4
208 0
72 2
208 0
72 2
199 0
72 7
199 0
72 2
199 0
72 2
199 0
72 2
199 0
72 2
199 0
72 2
199 0
72 2
199 0
72 2
199 0
72 2
208 0
72 6
208 0
72 2
199 0
72 4
208 0
72 4
208 0
72 6
208 0
72 2
199 0
72 4
208 0
72 4
208 0
72 6
208 0
72 2
199 0
72 4
208 0
72 4
208 0
72 6
208 0
72 2
199 0
72 4
208 0
72 4
208 0
72 6
208 0
72 2
199 0
72 4
208 0
72 4
208 0
72 6
208 0
72 2
199 0
72 4
208 0
72 4
208 0
72 6
208 0
72 2
199 0
72 4
208 0
72 4
208 0
72 6
208 0
72 2
199 0
72 2
199 0
72 2
199 0
72 2
199 0
72 2
208 0
72 6
208 0
72 2
199 0
72 4
208 0
72 4
208 0
72 6
208 0
72 2
199 0
72 4
208 0
72 4
208 0
72 6
208 0
72 2
199 0
72 4
208 0
72 4
208 0
72 6
208 0
72 2
199 0
72 4
208 0
72 4
208 0
72 6
208 0
72 2
199 0
72 4
208 0
72 4
208 0
72 6
208 0
72 2
199 0
72 4
208 0
72 4
208 0
72 6
208 0
72 2
199 0
72 4
208 0
72 4
208 0
72 6
208 0
72 2
199 0
72 2
199 0
72 2
199 0
72 2
199 2
208 0
72 6
208 0
72 2
199 0
72 4
208 0
72 4
208 0
72 4
208 0
72 2
208 0
72 2
199 0
72 4
208 0
72 4
208 0
72 6
208 0
72 2
199 0
72 4
208 0
72 4
208 0
72 4
208 0
72 2
208 0
72 2
199 0
72 4
208 0
72 4
208 0
72 6
208 0
72 2
199 0
72 4
208 0
72 4
208 0
72 4
208 0
72 2
208 0
72 2
199 0
72 4
208 0
72 4
208 0
72 6
208 0
72 2
199 0
72 4
208 0
72 4
199 0
72 4
199 0
72 4
199 0
199 0
72 2
199 0
72 0
199 0
72 1
208 0
72 4
208 0
72 6
208 0
72 2
199 0
72 4
208 0
72 4
208 0
72 4
208 0
72 2
208 0
72 2
199 0
72 4
208 0
72 4
208 0
72 6
208 0
72 2
199 0
72 4
208 0
72 4
208 0
72 4
208 0
72 2
208 0
72 2
199 0
72 4
208 0
72 4
208 0
72 6
208 0
72 2
199 0
72 4
208 0
72 4
208 0
72 4
208 0
72 2
208 0
72 2
199 0
72 4
208 0
72 4
208 0
72 6
208 0
72 2
199 0
72 4
208 0
72 4
208 0
72 4
199 0
72 4
199 0
72 2
199 0
72 2
199 0
72 2
208 0
72 2
199 0
72 4
208 0
72 4
208 0
72 4
208 0
72 4
199 0
72 2
208 0
72 4
208 0
72 2
208 0
72 4
208 0
72 4
199 0
72 4
208 0
72 4
208 0
72 4
208 0
72 4
199 0
72 2
208 0
72 4
208 0
72 2
208 0
72 4
208 0
72 4
199 0
72 4
208 0
72 4
208 0
72 4
208 0
72 4
199 0
72 2
208 0
72 4
208 0
72 2
208 0
72 4
208 0
72 4
199 0
72 4
208 0
72 4
208 0
72 4
208 0
72 4
199 0
72 2
208 0
72 2
208 0
72 2
208 0
72 2
208 0
72 4
208 0
72 4
208 0
72 6
208 0
72 2
199 0
72 4
208 0
72 4
208 0
72 4
208 0
72 2
208 0
72 2
199 0
72 4
208 0
72 4
208 0
72 6
208 0
72 2
199 0
72 4
208 0
72 4
208 0
72 4
208 0
72 2
208 0
72 2
199 0
72 4
208 0
72 4
208 0
72 6
208 0
72 2
199 0
72 4
208 0
72 4
208 0
72 4
208 0
72 2
208 0
72 2
199 0
72 4
208 0
72 4
208 0
72 6
208 0
72 2
199 0
72 4
208 0
72 4
199 0
72 4
199 0
72 4
199 0
199 0
72 2
199 0
72 0
199 0
72 1
208 0
72 4
208 0
72 6
208 0
72 2
199 0
72 4
208 0
72 4
208 0
72 4
208 0
72 2
208 0
72 2
199 0
72 4
208 0
72 4
208 0
72 6
208 0
72 2
199 0
72 4
208 0
72 4
208 0
72 4
208 0
72 2
208 0
72 2
199 0
72 4
208 0
72 4
208 0
72 6
208 0
72 2
199 0
72 4
208 0
72 4
208 0
72 4
208 0
72 2
208 0
72 2
199 0
72 4
208 0
72 4
208 0
72 6
208 0
72 2
199 0
72 4
208 0
72 4
208 0
72 4
199 0
72 4
199 0
72 2
199 0
72 2
199 0
72 2
208 0
72 2
199 0
72 4
208 0
72 4
208 0
72 4
208 0
72 4
199 0
72 2
208 0
72 4
208 0
72 2
208 0
72 4
208 0
72 4
199 0
72 4
208 0
72 4
208 0
72 4
208 0
72 4
199 0
72 2
208 0
72 4
208 0
72 2
208 0
72 4
208 0
72 4
199 0
72 4
208 0
72 4
208 0
72 4
208 0
72 4
199 0
72 2
208 0
72 4
208 0
72 2
208 0
72 4
208 0
72 4
199 0
72 4
208 0
72 4
208 0
72 4
208 0
72 4
199 0
72 2
208 0
72 2
208 0
72 2
208 0
72 2
208 0
72 4
208 0
72 4
199 0
72 4
208 0
72 4
208 0
72 2
208 0
72 4
208 0
72 2
208 0
72 2
208 0
72 4
208 0
72 2
208 0
72 4
208 0
72 4
199 0
72 2
199 0
72 2
199 0
72 2
199 0
72 2
199 0
72 2
199 0
72 2
199 0
72 2
199 0
72 2
199 0
72 2
208 0
72 2
199 0
72 2
208 0
72 2
199 0
72 2
199 0
72 2
199 0
72 2
199 0
72 2
208 0
72 4
208 0
72 2
208 0
72 2
199 0
72 7
208 0
72 4
208 0
72 2
208 0
72 2
199 0
72 4
199 0
72 2
199 0
72 2
208 0
72 4
208 0
72 2
208 0
72 2
199 0
72 7
208 0
72 4
208 0
72 2
208 0
72 2
199 0
72 7
208 0
72 4
208 0
72 2
208 0
72 2
199 0
72 7
208 0
72 4
208 0
72 2
208 0
72 2
199 0
72 4
199 0
72 2
199 0
72 2
208 0
72 4
208 0
72 2
208 0
72 2
199 0
72 7
208 0
72 4
208 0
72 2
208 0
72 2
199 0
72 7
208 0
72 4
208 0
72 2
208 0
72 2
199 0
72 7
208 0
72 4
208 0
72 2
208 0
72 2
199 0
72 4
199 0
72 2
199 0
72 2
208 0
72 4
208 0
72 2
208 0
72 2
199 0
72 7
208 0
72 4
208 0
72 2
208 0
72 2
199 0
72 7
208 0
72 4
208 0
72 2
208 0
72 2
199 0
72 7
208 0
72 4
208 0
72 2
208 0
72 2
199 0
72 4
199 0
72 2
199 0
72 2
208 0
72 4
208 0
72 2
208 0
72 2
199 0
72 7
199 0
72 2
199 0
72 2
199 0
72 2
199 0
72 2
199 0
72 2
199 0
72 2
199 0
72 2
199 0
72 2
208 0
72 6
208 0
72 2
199 0
72 4
208 0
72 4
208 0
72 6
208 0
72 2
199 0
72 4
208 0
72 4
208 0
72 6
208 0
72 2
199 0
72 4
208 0
72 4
208 0
72 6
208 0
72 2
199 0
72 4
208 0
72 4
208 0
72 6
208 0
72 2
199 0
72 4
208 0
72 4
208 0
72 6
208 0
72 2
199 0
72 4
208 0
72 4
208 0
72 6
208 0
72 2
199 0
72 4
208 0
72 4
208 0
72 6
208 0
72 2
199 0
72 2
199 0
72 2
199 0
72 2
199 0
72 2
208 0
72 6
208 0
72 2
199 0
72 4
208 0
72 4
208 0
72 6
208 0
72 2
199 0
72 4
208 0
72 4
208 0
72 6
208 0
72 2
199 0
72 4
208 0
72 4
208 0
72 6
208 0
72 2
199 0
72 4
208 0
72 4
208 0
72 6
208 0
72 2
199 0
72 4
208 0
72 4
208 0
72 6
208 0
72 2
199 0
72 4
208 0
72 4
208 0
72 6
208 0
72 2
199 0
72 4
208 0
72 4
208 0
72 6
208 0
72 2
199 0
72 2
199 0
72 2
199 0
72 2
199 2
E
X
