major
S
H
72 4
51 11
56 7
51 7
53 10
72 0
52 0
72 0
51 0
72 1
49 7
53 7
51 10
72 0
49 0
72 1
48 7
52 7
53 11
55 0
72 2
56 9
51 11
49 7
51 7
46 11
51 7
49 7
48 10
72 0
46 2
44 7
48 6
72 0
44 0
72 1
46 6
44 2
72 4
44 7
44 2
43 2
44 2
46 2
72 0
48 2
49 2
51 10
72 0
53 0
72 0
55 0
72 1
56 7
51 7
53 10
72 0
52 0
72 0
51 0
72 1
49 7
53 7
52 10
72 0
52 0
72 0
50 0
72 1
48 7
52 7
53 11
55 0
72 2
56 9
51 11
49 7
51 7
46 11
51 7
49 7
48 9
47 0
46 0
72 2
44 8
48 7
46 9
44 2
46 2
48 7
51 7
72 4
53 2
72 4
53 2
72 4
53 2
72 2
53 2
72 2
53 2
51 2
72 0
49 2
51 2
72 4
52 2
51 2
72 1
52 2
72 3
52 2
52 2
72 2
52 2
72 2
52 2
49 2
72 0
48 2
49 2
72 4
39 2
37 2
39 2
72 2
43 2
42 2
43 2
72 2
46 2
45 2
46 2
48 2
72 0
50 2
51 2
53 5
72 0
55 2
72 4
51 11
72 5
37 2
36 2
37 2
39 2
72 0
41 2
43 2
44 2
46 2
72 0
48 2
49 2
51 2
53 2
72 0
55 2
56 2
72 4
38 2
37 2
38 2
39 2
72 0
41 2
43 2
44 2
46 2
72 0
48 2
50 2
51 2
53 2
72 0
55 2
56 2
58 11
56 2
72 0
58 2
56 2
55 2
53 2
72 0
51 2
49 2
51 5
72 0
51 5
72 0
51 8
72 1
51 2
49 2
72 0
48 2
49 2
51 11
56 7
51 7
53 10
72 0
52 0
72 0
51 0
72 1
49 7
53 7
51 10
72 0
49 0
72 1
48 7
52 7
53 11
55 0
72 2
56 9
51 11
49 7
51 7
46 11
51 7
49 7
48 10
72 0
46 2
44 7
48 6
72 0
44 0
72 1
46 6
44 2
72 4
44 7
44 2
43 2
44 2
46 2
72 0
48 2
49 2
51 10
72 0
53 0
72 0
55 0
72 1
56 7
51 7
53 10
72 0
52 0
72 0
51 0
72 1
49 7
53 7
52 10
72 0
52 0
72 0
50 0
72 1
48 7
52 7
53 11
55 0
72 2
56 9
51 11
49 7
51 7
46 11
51 7
49 7
48 9
47 0
46 0
72 2
44 8
48 7
46 9
44 2
46 2
48 7
51 7
72 4
53 2
72 4
53 2
72 4
53 2
72 2
53 2
72 2
53 2
51 2
72 0
49 2
51 2
72 4
52 2
51 2
72 1
52 2
72 3
52 2
52 2
72 2
52 2
72 2
52 2
49 2
72 0
48 2
49 2
72 4
39 2
37 2
39 2
72 2
43 2
42 2
43 2
72 2
46 2
45 2
46 2
48 2
72 0
50 2
51 2
53 5
72 0
55 2
72 4
51 11
72 5
37 2
36 2
37 2
39 2
72 0
41 2
43 2
44 2
46 2
72 0
48 2
49 2
51 2
53 2
72 0
55 2
56 2
72 4
38 2
37 2
38 2
39 2
72 0
41 2
43 2
44 2
46 2
72 0
48 2
50 2
51 2
53 2
72 0
55 2
56 2
58 11
56 2
72 0
58 2
56 2
55 2
53 2
72 0
51 2
49 2
51 5
72 0
51 5
72 0
51 8
72 1
51 2
49 2
72 0
48 2
49 2
72 12
E
S
L
72 4
8 7
15 2
72 2
8 5
72 3
8 4
15 2
72 2
8 3
72 1
13 7
20 2
72 2
13 5
72 3
13 4
20 2
13 5
72 1
15 7
22 2
72 2
15 5
72 3
16 4
22 2
72 2
16 2
16 2
17 7
24 2
72 2
17 5
72 3
11 9
10 7
10 2
72 4
17 5
72 0
10 4
17 2
72 2
10 3
72 1
15 7
22 2
72 2
15 5
72 3
15 4
25 2
19 5
72 1
8 7
15 2
72 2
8 5
72 3
8 4
15 2
72 2
8 2
72 2
8 4
72 2
8 4
72 2
8 9
15 7
8 7
15 2
72 2
8 5
72 3
8 4
15 2
72 2
8 3
72 1
13 7
20 2
72 2
13 5
72 3
13 4
20 2
13 5
72 1
12 7
22 2
72 2
12 4
16 7
22 2
72 2
16 2
16 2
17 7
24 2
72 2
17 5
72 3
11 9
10 7
17 2
72 2
10 5
72 3
10 4
17 2
72 2
10 3
72 1
15 6
10 2
72 4
7 7
15 4
25 2
19 5
72 1
8 7
15 2
72 2
8 5
72 3
8 4
15 2
72 2
8 2
72 2
8 7
8 7
20 7
20 7
13 2
72 2
13 4
20 6
13 2
72 4
13 4
20 2
72 2
13 3
72 1
13 2
72 2
13 4
20 6
13 2
72 4
13 4
20 2
72 2
13 3
72 1
12 2
72 2
12 4
19 6
12 2
72 4
12 4
19 2
72 2
12 3
72 1
17 6
24 2
72 4
17 4
72 4
11 7
17 3
72 1
10 7
17 2
72 4
22 8
17 4
10 2
72 2
14 7
17 2
72 4
22 6
17 4
10 4
22 4
15 7
22 6
15 2
72 4
15 4
10 4
3 4
15 4
72 2
15 4
72 2
3 6
72 2
3 4
10 2
72 2
15 2
72 2
8 7
15 2
72 2
8 5
72 3
8 4
15 2
72 2
8 3
72 1
13 7
20 2
72 2
13 5
72 3
13 4
20 2
13 5
72 1
15 7
22 2
72 2
15 5
72 3
16 4
22 2
72 2
16 2
16 2
17 7
24 2
72 2
17 5
72 3
11 9
10 7
10 2
72 4
17 5
72 0
10 4
17 2
72 2
10 3
72 1
15 7
22 2
72 2
15 5
72 3
15 4
25 2
19 5
72 1
8 7
15 2
72 2
8 5
72 3
8 4
15 2
72 2
8 2
72 2
8 4
72 2
8 4
72 2
8 9
15 7
8 7
15 2
72 2
8 5
72 3
8 4
15 2
72 2
8 3
72 1
13 7
20 2
72 2
13 5
72 3
13 4
20 2
13 5
72 1
12 7
22 2
72 2
12 4
16 7
22 2
72 2
16 2
16 2
17 7
24 2
72 2
17 5
72 3
11 9
10 7
17 2
72 2
10 5
72 3
10 4
17 2
72 2
10 3
72 1
15 6
10 2
72 4
7 7
15 4
25 2
19 5
72 1
8 7
15 2
72 2
8 5
72 3
8 4
15 2
72 2
8 2
72 2
8 7
8 7
20 7
20 7
13 2
72 2
13 4
20 6
13 2
72 4
13 4
20 2
72 2
13 3
72 1
13 2
72 2
13 4
20 6
13 2
72 4
13 4
20 2
72 2
13 3
72 1
12 2
72 2
12 4
19 6
12 2
72 4
12 4
19 2
72 2
12 3
72 1
17 6
24 2
72 4
17 4
72 4
11 7
17 3
72 1
10 7
17 2
72 4
22 8
17 4
10 2
72 2
14 7
17 2
72 4
22 6
17 4
10 4
22 4
15 7
22 6
15 2
72 4
15 4
10 4
3 4
15 4
72 2
15 4
72 2
3 6
72 2
3 4
10 2
72 2
15 2
72 13
E
S
L
72 4
1256 3
72 1
1256 0
72 2
1256 0
72 2
1256 3
72 1
1256 0
72 2
1256 0
72 2
1256 0
72 1
1256 0
72 3
1256 3
72 1
1256 0
72 1
1256 0
72 3
1256 0
72 2
1256 0
72 2
918 3
72 1
918 0
72 2
918 0
72 2
918 3
72 1
918 0
72 2
918 0
72 2
918 0
72 1
918 0
72 3
918 3
72 1
918 0
72 1
918 0
72 3
918 0
72 2
918 0
72 2
1232 3
72 1
1232 0
72 2
1232 0
72 2
1232 3
72 1
1232 0
72 2
1232 0
72 2
1233 0
72 1
1233 0
72 3
1233 3
72 1
1233 0
72 1
1233 0
72 3
1233 0
72 2
1233 0
72 2
922 4
922 0
72 2
922 0
72 2
922 4
922 0
72 2
922 0
72 2
922 0
72 1
922 0
72 3
842 8
72 1
553 3
72 1
553 0
72 2
553 0
72 2
553 3
72 1
553 0
72 2
553 0
72 2
553 0
72 1
553 0
72 3
553 3
72 1
553 0
72 1
553 0
72 3
553 0
72 2
553 0
72 2
660 3
72 1
660 0
72 2
660 0
72 2
660 3
72 1
660 0
72 2
660 0
72 2
660 0
72 1
660 0
72 3
660 3
72 3
660 4
72 3
145 3
72 1
145 0
72 2
145 0
72 2
145 3
72 1
145 0
72 2
145 0
72 2
145 0
72 1
145 0
72 3
145 3
72 1
145 0
72 1
145 0
72 3
145 0
72 2
145 0
72 2
313 3
72 1
313 0
72 2
313 3
72 4
145 8
72 2
145 0
72 1
145 0
72 3
145 0
72 2
145 0
72 2
1256 3
72 1
1256 0
72 2
1256 0
72 2
1256 3
72 1
1256 0
72 2
1256 0
72 2
1256 0
72 1
1256 0
72 3
1256 3
72 1
1256 0
72 1
1256 0
72 3
1256 0
72 2
1256 0
72 2
918 3
72 1
918 0
72 2
918 0
72 2
918 3
72 1
918 0
72 2
918 0
72 2
918 0
72 1
918 0
72 3
918 3
72 1
918 0
72 1
918 0
72 3
918 0
72 2
918 0
72 2
1233 3
72 1
1233 0
72 2
1233 0
72 2
1233 3
72 1
1233 0
72 2
1233 0
72 2
1233 0
72 1
1233 0
72 3
1167 3
72 1
1167 0
72 1
1167 0
72 3
1167 0
72 2
1167 0
72 2
922 3
72 1
922 0
72 2
922 0
72 2
922 3
72 1
922 0
72 2
922 0
72 2
922 0
72 1
922 0
72 3
842 8
72 1
661 3
72 1
661 0
72 2
661 0
72 2
661 3
72 1
661 0
72 2
661 0
72 2
661 0
72 1
661 0
72 3
661 3
72 1
661 0
72 1
661 0
72 3
661 0
72 2
661 0
72 2
660 3
72 1
660 0
72 2
660 0
72 2
660 3
72 1
660 0
72 2
660 0
72 2
660 0
72 1
660 0
72 3
660 3
72 1
660 0
72 1
660 0
72 3
660 0
72 2
660 0
72 2
145 3
72 1
145 0
72 2
145 0
72 2
145 3
72 1
145 0
72 2
145 0
72 2
145 0
72 1
145 0
72 3
145 3
72 1
145 0
72 1
145 0
72 3
145 0
72 2
145 0
72 2
987 3
72 1
987 0
72 2
987 0
72 2
987 3
72 1
987 0
72 2
987 0
72 2
1289 6
72 2
987 6
72 2
841 6
72 2
841 3
72 1
841 0
72 2
841 0
72 2
841 0
72 1
841 0
72 3
841 3
72 1
841 0
72 1
841 0
72 3
841 0
72 2
841 0
72 2
697 3
72 1
697 0
72 2
697 0
72 2
697 3
72 1
697 0
72 2
697 0
72 2
697 0
72 1
697 0
72 3
697 3
72 1
697 0
72 1
697 0
72 3
697 0
72 2
697 0
72 2
660 3
72 1
660 0
72 2
660 0
72 2
660 3
72 1
660 0
72 2
660 0
72 2
660 0
72 1
660 0
72 3
660 3
72 1
660 0
72 1
660 0
72 3
660 0
72 2
660 0
72 2
1601 4
72 2
161 5
72 0
1289 7
1300 6
72 2
1300 0
72 2
1300 0
72 2
346 3
72 1
346 0
72 2
346 0
72 2
346 3
72 1
346 0
72 2
346 0
72 2
346 0
72 1
346 0
72 3
346 3
72 1
346 0
72 1
346 0
72 3
346 0
72 2
346 0
72 2
490 3
72 1
490 0
72 2
490 0
72 2
490 3
72 1
490 0
72 2
490 0
72 2
490 0
72 1
490 0
72 3
490 3
72 1
490 0
72 1
490 0
72 3
490 0
72 2
490 0
72 2
632 3
72 1
632 0
72 2
632 0
72 2
632 3
72 1
632 0
72 2
632 0
72 2
632 0
72 1
632 0
72 3
632 3
72 1
632 0
72 1
632 0
72 3
632 0
72 2
632 0
72 2
632 3
72 1
632 0
72 2
632 3
72 4
620 8
72 2
620 0
72 1
620 0
72 3
620 0
72 2
620 0
72 2
1256 3
72 1
1256 0
72 2
1256 0
72 2
1256 3
72 1
1256 0
72 2
1256 0
72 2
1256 0
72 1
1256 0
72 3
1256 3
72 1
1256 0
72 1
1256 0
72 3
1256 0
72 2
1256 0
72 2
918 3
72 1
918 0
72 2
918 0
72 2
918 3
72 1
918 0
72 2
918 0
72 2
918 0
72 1
918 0
72 3
918 3
72 1
918 0
72 1
918 0
72 3
918 0
72 2
918 0
72 2
1232 3
72 1
1232 0
72 2
1232 0
72 2
1232 3
72 1
1232 0
72 2
1232 0
72 2
1233 0
72 1
1233 0
72 3
1233 3
72 1
1233 0
72 1
1233 0
72 3
1233 0
72 2
1233 0
72 2
922 4
922 0
72 2
922 0
72 2
922 4
922 0
72 2
922 0
72 2
922 0
72 1
922 0
72 3
842 8
72 1
553 3
72 1
553 0
72 2
553 0
72 2
553 3
72 1
553 0
72 2
553 0
72 2
553 0
72 1
553 0
72 3
553 3
72 1
553 0
72 1
553 0
72 3
553 0
72 2
553 0
72 2
660 3
72 1
660 0
72 2
660 0
72 2
660 3
72 1
660 0
72 2
660 0
72 2
660 0
72 1
660 0
72 3
660 3
72 3
660 4
72 3
145 3
72 1
145 0
72 2
145 0
72 2
145 3
72 1
145 0
72 2
145 0
72 2
145 0
72 1
145 0
72 3
145 3
72 1
145 0
72 1
145 0
72 3
145 0
72 2
145 0
72 2
313 3
72 1
313 0
72 2
313 3
72 4
145 8
72 2
145 0
72 1
145 0
72 3
145 0
72 2
145 0
72 2
1256 3
72 1
1256 0
72 2
1256 0
72 2
1256 3
72 1
1256 0
72 2
1256 0
72 2
1256 0
72 1
1256 0
72 3
1256 3
72 1
1256 0
72 1
1256 0
72 3
1256 0
72 2
1256 0
72 2
918 3
72 1
918 0
72 2
918 0
72 2
918 3
72 1
918 0
72 2
918 0
72 2
918 0
72 1
918 0
72 3
918 3
72 1
918 0
72 1
918 0
72 3
918 0
72 2
918 0
72 2
1233 3
72 1
1233 0
72 2
1233 0
72 2
1233 3
72 1
1233 0
72 2
1233 0
72 2
1233 0
72 1
1233 0
72 3
1167 3
72 1
1167 0
72 1
1167 0
72 3
1167 0
72 2
1167 0
72 2
922 3
72 1
922 0
72 2
922 0
72 2
922 3
72 1
922 0
72 2
922 0
72 2
922 0
72 1
922 0
72 3
842 8
72 1
661 3
72 1
661 0
72 2
661 0
72 2
661 3
72 1
661 0
72 2
661 0
72 2
661 0
72 1
661 0
72 3
661 3
72 1
661 0
72 1
661 0
72 3
661 0
72 2
661 0
72 2
660 3
72 1
660 0
72 2
660 0
72 2
660 3
72 1
660 0
72 2
660 0
72 2
660 0
72 1
660 0
72 3
660 3
72 1
660 0
72 1
660 0
72 3
660 0
72 2
660 0
72 2
145 3
72 1
145 0
72 2
145 0
72 2
145 3
72 1
145 0
72 2
145 0
72 2
145 0
72 1
145 0
72 3
145 3
72 1
145 0
72 1
145 0
72 3
145 0
72 2
145 0
72 2
987 3
72 1
987 0
72 2
987 0
72 2
987 3
72 1
987 0
72 2
987 0
72 2
1289 6
72 2
987 6
72 2
841 6
72 2
841 3
72 1
841 0
72 2
841 0
72 2
841 0
72 1
841 0
72 3
841 3
72 1
841 0
72 1
841 0
72 3
841 0
72 2
841 0
72 2
697 3
72 1
697 0
72 2
697 0
72 2
697 3
72 1
697 0
72 2
697 0
72 2
697 0
72 1
697 0
72 3
697 3
72 1
697 0
72 1
697 0
72 3
697 0
72 2
697 0
72 2
660 3
72 1
660 0
72 2
660 0
72 2
660 3
72 1
660 0
72 2
660 0
72 2
660 0
72 1
660 0
72 3
660 3
72 1
660 0
72 1
660 0
72 3
660 0
72 2
660 0
72 2
1601 4
72 2
161 5
72 0
1289 7
1300 6
72 2
1300 0
72 2
1300 0
72 2
346 3
72 1
346 0
72 2
346 0
72 2
346 3
72 1
346 0
72 2
346 0
72 2
346 0
72 1
346 0
72 3
346 3
72 1
346 0
72 1
346 0
72 3
346 0
72 2
346 0
72 2
490 3
72 1
490 0
72 2
490 0
72 2
490 3
72 1
490 0
72 2
490 0
72 2
490 0
72 1
490 0
72 3
490 3
72 1
490 0
72 1
490 0
72 3
490 0
72 2
490 0
72 2
632 3
72 1
632 0
72 2
632 0
72 2
632 3
72 1
632 0
72 2
632 0
72 2
632 0
72 1
632 0
72 3
632 3
72 1
632 0
72 1
632 0
72 3
632 0
72 2
632 0
72 2
632 3
72 1
632 0
72 2
632 3
72 4
620 8
72 2
620 0
72 1
620 0
72 3
620 0
72 2
620 0
72 13
E
X
