minor
S
H
72 12
59 3
72 5
59 2
72 6
59 2
72 6
59 2
72 6
59 2
72 6
59 2
72 6
59 3
72 5
59 2
72 6
59 2
72 6
59 2
72 6
59 2
72 6
59 2
72 6
59 3
72 5
59 2
72 6
59 2
72 6
59 2
72 6
59 2
72 6
59 2
72 6
59 3
72 5
59 2
72 6
59 2
72 6
59 2
72 6
59 2
72 6
59 2
72 6
59 3
72 5
59 2
72 6
59 2
72 6
59 2
72 6
59 2
72 6
59 2
72 6
59 3
72 5
59 2
72 6
59 2
72 6
59 2
72 6
59 2
72 6
59 2
72 6
59 3
72 5
59 2
72 6
59 2
72 6
59 2
72 6
59 2
72 6
59 2
72 6
59 3
72 5
59 2
72 6
59 2
72 6
59 2
72 6
59 2
72 6
59 2
72 6
59 3
72 5
59 2
72 6
59 2
72 6
59 2
72 6
59 2
72 6
59 2
72 6
59 3
72 5
59 2
72 6
59 2
72 6
59 2
72 6
59 2
72 6
59 2
72 6
59 3
72 5
59 2
72 6
59 2
72 6
59 2
72 6
59 2
72 6
59 2
72 6
59 3
72 5
59 2
72 6
59 2
72 6
59 2
72 6
59 2
72 6
59 2
72 6
59 3
72 5
59 2
72 6
59 2
72 6
59 2
72 6
59 2
72 6
59 2
72 6
59 3
72 5
59 2
72 6
59 2
72 6
59 2
72 6
59 2
72 6
59 2
72 6
59 3
72 5
59 2
72 6
59 2
72 6
59 2
72 6
59 2
72 6
59 2
72 6
59 3
72 5
59 2
72 6
59 2
72 6
59 2
72 6
59 2
72 6
59 2
72 6
59 3
72 5
59 2
72 6
59 2
72 6
59 2
72 6
59 2
72 6
59 2
72 6
59 3
72 5
59 2
72 6
59 2
72 6
59 2
72 6
59 2
72 6
59 2
72 6
59 3
72 5
59 2
72 6
59 2
72 6
59 2
72 6
59 2
72 6
59 2
72 6
59 3
72 5
59 2
72 6
59 2
72 6
59 2
72 6
59 2
72 6
59 2
72 6
59 3
72 5
59 2
72 6
59 2
72 6
59 2
72 6
59 2
72 6
59 2
72 6
59 3
72 5
59 2
72 6
59 2
72 6
59 2
72 6
59 2
72 6
59 2
72 14
59 3
72 5
59 2
72 6
59 2
72 6
59 2
72 6
59 2
72 6
59 2
72 6
59 3
72 5
59 2
72 6
59 2
72 6
59 2
72 6
59 2
72 6
59 2
72 6
59 3
72 5
59 2
72 6
59 2
72 6
59 2
72 6
59 2
72 6
59 2
72 6
59 3
72 5
59 2
72 6
59 2
72 6
59 2
72 6
59 2
72 6
59 2
72 6
59 3
72 5
59 2
72 6
59 2
72 6
59 2
72 6
59 2
72 6
59 2
72 6
59 3
72 5
59 2
72 6
59 2
72 6
59 2
72 6
59 2
72 6
59 2
72 6
59 3
72 5
59 2
72 6
59 2
72 6
59 2
72 6
59 2
72 6
59 2
72 6
59 3
72 5
59 2
72 6
59 2
72 6
59 2
72 6
59 2
72 6
59 2
72 6
59 3
72 5
59 2
72 6
59 2
72 6
59 2
72 6
59 2
72 6
59 2
72 6
59 3
72 5
59 2
72 6
59 2
72 6
59 2
72 6
59 2
72 6
59 2
72 6
59 3
72 5
59 2
72 6
59 2
72 6
59 2
72 6
59 2
72 6
59 2
72 6
59 3
72 5
59 2
72 6
59 2
72 6
59 2
72 6
59 2
72 6
59 2
E
S
H
72 14
33 8
36 11
38 7
40 11
43 7
42 12
41 12
40 11
36 7
36 11
35 4
36 5
38 11
35 7
31 10
28 4
31 8
33 14
72 12
33 7
36 11
38 7
40 11
43 7
42 12
41 12
40 11
36 6
72 2
36 11
35 4
36 5
38 11
35 7
31 9
28 4
31 7
33 14
72 14
33 8
36 11
38 7
40 11
43 7
42 12
41 12
40 11
36 7
36 11
35 4
36 5
38 11
35 7
31 10
28 4
31 8
33 14
72 12
33 7
36 11
38 7
40 11
43 7
42 12
41 12
40 11
36 6
72 2
36 11
35 4
36 5
38 11
35 7
31 9
28 4
31 7
33 14
E
S
H
72 14
33 8
36 11
38 7
40 11
43 7
42 12
41 12
40 11
36 7
36 11
35 4
36 5
38 11
35 7
31 10
28 4
31 8
33 14
72 12
33 7
36 11
38 7
40 11
43 7
42 12
41 12
40 11
36 6
72 2
36 11
35 4
36 5
38 11
35 7
31 9
28 4
31 7
33 14
72 14
33 8
36 11
38 7
40 11
43 7
42 12
41 12
40 11
36 7
36 11
35 4
36 5
38 11
35 7
31 10
28 4
31 8
33 14
72 12
33 7
36 11
38 7
40 11
43 7
42 12
41 12
40 11
36 6
72 2
36 11
35 4
36 5
38 11
35 7
31 9
28 4
31 7
33 14
E
S
L
72 12
21 9
72 4
21 3
72 5
21 9
72 4
21 2
72 6
21 9
72 4
21 3
72 5
21 8
72 5
21 3
72 5
26 9
72 4
26 4
72 4
26 10
72 3
26 3
72 5
26 8
72 5
26 4
72 4
26 8
72 5
26 4
72 4
26 9
72 4
26 4
72 4
26 9
72 4
26 4
72 4
26 9
72 4
26 4
72 4
26 9
72 4
26 3
72 5
21 11
21 2
72 6
21 11
21 2
72 6
21 11
21 2
72 6
21 10
72 2
21 2
72 6
21 11
21 2
72 6
21 11
21 2
72 6
21 11
21 2
72 6
21 11
21 2
72 6
21 8
72 6
21 2
72 6
21 8
72 5
21 2
72 6
21 10
72 3
21 2
72 6
21 10
72 3
21 2
72 6
21 8
72 6
21 2
72 6
21 8
72 5
21 2
72 6
21 10
72 3
21 2
72 6
21 10
72 3
21 2
72 6
21 10
72 3
21 2
72 6
21 10
72 3
21 2
72 6
21 8
72 6
21 2
72 6
21 8
72 5
21 2
72 6
21 10
72 3
21 2
72 6
21 10
72 3
21 2
72 6
21 10
72 3
21 2
72 6
21 10
72 3
21 2
72 6
21 8
72 6
21 2
72 6
21 8
72 5
21 2
72 6
21 10
72 3
21 2
72 6
21 10
72 3
21 2
72 6
21 10
72 3
21 2
72 6
21 10
72 3
21 2
72 6
21 8
72 6
21 2
72 6
21 8
72 5
21 2
72 14
21 8
72 6
21 2
72 6
21 8
72 5
21 2
72 6
21 10
72 3
21 2
72 6
21 10
72 3
21 2
72 6
21 8
72 6
21 2
72 6
21 8
72 5
21 2
72 6
21 10
72 3
21 2
72 6
21 10
72 3
21 2
72 6
21 10
72 3
21 2
72 6
21 10
72 3
21 2
72 6
21 8
72 6
21 2
72 6
21 8
72 5
21 2
72 6
21 10
72 3
21 2
72 6
21 10
72 3
21 2
72 6
21 10
72 3
21 2
72 6
21 10
72 3
21 2
72 6
21 8
72 6
21 2
72 6
21 8
72 5
21 2
72 6
21 10
72 3
21 2
72 6
21 10
72 3
21 2
72 6
21 10
72 3
21 2
72 6
21 10
72 3
21 2
72 6
21 8
72 6
21 2
72 6
21 8
72 5
21 2
E
S
L
72 14
26 12
23 12
28 13
72 12
26 11
23 7
28 13
E
S
L
72 14
26 12
23 12
28 13
72 12
26 11
23 7
28 13
E
S
H
72 14
213 12
213 12
502 12
502 12
213 12
209 12
1771 12
136 12
1445 12
72 14
213 12
213 12
502 12
502 12
213 12
209 12
1771 12
136 12
1445 12
72 14
213 12
213 12
502 12
502 12
213 12
209 12
1771 12
136 12
1445 12
72 14
213 12
213 12
502 12
502 12
213 12
209 12
1771 12
136 12
1445 12
E
X
