minor
S
L
33 4
28 4
33 4
36 4
40 4
38 4
43 4
40 4
33 4
28 4
33 4
36 4
40 4
38 4
43 4
40 4
33 4
28 4
33 4
36 4
40 4
38 4
43 4
40 4
33 4
28 4
33 4
36 4
40 4
38 4
43 4
40 4
31 4
26 4
31 4
35 4
38 4
36 4
40 4
38 4
31 4
26 4
31 4
35 4
38 4
36 4
40 4
38 4
33 4
28 4
33 4
36 4
40 4
38 4
43 4
40 4
33 4
28 4
33 4
36 4
40 4
38 4
43 4
40 4
31 4
26 4
31 4
35 4
38 4
36 4
40 4
38 4
31 4
26 4
31 4
35 4
38 4
36 4
40 4
38 4
33 4
28 4
33 4
36 4
40 4
38 4
43 4
40 4
35 4
31 4
35 4
38 4
38 4
35 4
31 4
28 4
33 4
28 4
33 4
35 4
36 4
35 4
33 4
31 4
218 13
E
S
L
33 13
33 13
33 13
33 13
31 13
31 13
33 13
33 13
31 13
31 13
33 13
35 13
33 13
218 13
E
S
H
72 14
45 12
72 2
47 2
48 11
50 7
48 7
47 2
48 2
47 12
43 4
38 13
35 4
45 12
72 2
47 2
48 11
50 7
48 4
47 4
48 2
50 2
52 13
72 4
50 4
48 4
47 4
45 13
47 12
43 4
40 4
45 13
45 13
E
S
H
72 14
218 2
244 2
101 2
127 2
153 13
127 13
101 13
127 13
153 13
127 13
101 13
244 13
218 13
218 13
218 13
218 12
E
S
H
72 14
153 2
218 12
244 2
101 2
244 13
192 2
153 2
218 12
72 2
218 2
192 9
166 4
153 7
153 7
218 11
218 6
244 6
101 4
244 2
101 2
244 9
244 6
101 6
127 4
101 13
244 2
218 2
205 13
179 2
72 2
218 13
218 13
218 13
218 12
E
S
L
72 14
218 13
192 13
166 13
192 11
166 11
218 13
192 13
166 13
153 13
218 13
218 13
218 13
218 12
E
S
L
72 14
21 7
16 7
21 7
16 7
21 7
16 7
21 7
16 7
21 7
16 7
21 7
16 7
21 4
E
S
H
72 14
244 6
101 6
127 4
101 13
244 2
218 2
205 13
179 2
72 2
218 13
218 13
218 13
218 12
E
S
H
72 14
45 2
40 2
52 2
40 2
48 2
40 2
47 2
40 2
45 2
40 2
52 2
40 2
48 2
40 2
47 2
40 2
45 2
40 2
52 2
40 2
48 2
40 2
47 2
40 2
45 2
40 2
52 2
40 2
48 2
40 2
47 2
40 2
45 2
40 2
52 2
40 2
48 2
40 2
47 2
40 2
45 2
40 2
52 2
40 2
48 2
40 2
47 2
40 2
153 12
E
X
