major
S
H
35 3
35 3
35 3
47 5
72 3
35 3
35 3
35 3
46 5
44 5
44 10
40 3
52 3
40 3
42 3
54 3
42 3
56 5
47 3
52 5
58 5
58 10
59 5
52 3
59 5
61 5
61 10
72 7
54 5
54 3
56 5
58 5
72 3
61 5
61 3
59 3
59 5
59 3
58 5
59 5
59 5
58 5
58 3
58 5
58 3
58 5
56 3
55 5
58 5
58 13
72 7
56 5
56 3
58 5
58 3
59 5
59 3
61 5
61 3
59 5
59 3
58 5
58 3
59 5
59 3
63 5
61 3
63 5
61 3
72 7
63 5
61 3
63 5
61 3
72 7
63 5
66 3
63 5
61 3
72 7
54 5
54 3
56 5
58 5
72 3
61 5
61 3
59 3
59 5
59 3
58 5
59 5
59 5
58 5
58 3
58 5
58 3
58 5
56 3
55 5
58 5
58 13
56 3
72 5
58 3
72 5
59 5
61 5
61 3
66 5
66 5
65 5
65 3
63 5
61 5
61 5
72 5
54 3
61 5
66 3
64 5
63 3
61 5
59 3
63 5
63 5
63 5
61 5
61 3
58 5
61 3
59 5
59 8
59 5
59 3
61 5
61 3
59 5
59 3
58 5
58 3
59 5
59 3
66 5
66 5
66 10
66 5
68 3
70 5
66 5
66 10
63 5
63 3
66 5
66 3
64 5
64 11
63 5
63 3
61 5
61 3
63 5
63 3
64 5
64 3
66 5
66 3
63 5
63 8
59 5
59 8
56 5
56 7
56 5
56 3
56 3
58 5
58 3
59 5
59 3
56 5
59 5
59 5
61 5
63 3
64 5
64 3
63 5
63 3
61 5
59 5
59 5
58 5
58 3
59 5
61 3
72 5
63 3
72 5
54 5
54 10
56 5
56 3
58 5
58 3
59 5
59 3
56 5
59 5
59 5
61 5
63 3
64 5
64 3
63 5
63 3
61 5
59 5
59 5
66 5
66 3
64 3
72 5
63 5
61 5
61 3
59 5
59 3
59 3
58 3
72 5
56 5
58 5
58 3
66 3
66 5
66 3
66 5
66 3
66 5
68 3
63 5
66 5
72 5
54 5
54 3
54 5
54 3
54 5
54 3
72 7
59 5
59 3
58 5
58 3
56 5
56 3
54 5
54 3
52 5
52 3
51 5
51 3
52 5
52 3
54 5
54 3
54 5
47 3
47 5
47 8
44 3
44 3
44 3
47 5
44 3
51 5
49 5
49 5
72 7
59 5
59 3
58 5
58 3
56 5
56 3
54 5
54 3
52 5
52 3
54 5
54 3
56 5
56 3
54 5
54 3
54 3
72 3
56 5
56 3
56 3
56 3
72 3
56 3
58 5
58 3
58 3
72 3
58 5
58 3
59 3
61 3
72 3
61 3
72 7
59 5
59 3
58 5
58 3
56 5
56 3
54 5
54 3
52 5
52 3
51 5
51 3
52 5
52 3
54 5
54 3
54 5
47 3
47 5
47 11
47 5
47 3
49 5
49 3
51 5
51 3
49 5
49 13
54 5
54 3
52 5
52 3
51 5
51 3
55 5
55 8
54 5
54 7
52 5
52 3
52 3
54 5
54 3
55 5
55 3
57 5
57 3
59 5
59 8
59 5
59 3
61 5
58 5
58 12
56 5
54 3
52 5
52 8
52 5
51 3
52 5
54 5
54 10
54 3
56 3
54 3
51 5
54 3
72 5
35 3
59 5
72 3
58 5
59 5
72 3
35 3
59 5
72 3
58 5
59 5
59 5
47 3
72 10
54 5
54 3
56 5
58 5
72 3
61 5
61 3
59 3
59 5
59 3
58 5
59 5
59 5
58 5
58 3
58 5
58 3
58 5
56 3
55 5
58 5
58 13
72 7
56 5
56 3
58 5
58 3
59 5
59 3
61 5
61 3
59 5
59 3
58 5
58 3
59 5
59 3
63 5
61 3
63 5
61 3
72 7
63 5
61 3
63 5
61 3
72 7
63 5
66 3
63 5
61 3
72 7
54 5
54 3
56 5
58 5
72 3
61 5
61 3
59 3
59 5
59 3
58 5
59 5
59 5
58 5
58 3
58 5
58 3
58 5
56 3
55 5
58 5
58 13
56 3
72 5
58 3
72 5
59 5
61 5
61 3
66 5
66 5
65 5
65 3
63 5
61 5
61 5
72 5
54 3
61 5
66 3
64 5
63 3
61 5
59 3
63 5
63 5
63 5
61 5
61 3
58 5
61 3
59 5
59 8
59 5
59 3
61 5
61 3
59 5
59 3
58 5
58 3
59 5
59 3
66 5
66 5
66 10
66 5
68 3
70 5
66 5
66 10
63 5
63 3
66 5
66 3
64 5
64 11
63 5
63 3
61 5
61 3
63 5
63 3
64 5
64 3
66 5
66 3
63 5
63 8
59 5
59 8
56 5
56 7
56 5
56 3
56 3
58 5
58 3
59 5
59 3
56 5
59 5
59 5
61 5
63 3
64 5
64 3
63 5
63 3
61 5
59 5
59 5
58 5
58 3
59 5
61 3
72 5
63 3
72 5
54 5
54 10
56 5
56 3
58 5
58 3
59 5
59 3
56 5
59 5
59 5
61 5
63 3
64 5
64 3
63 5
63 3
61 5
59 5
59 5
66 5
66 3
64 3
72 5
63 5
61 5
61 3
59 5
59 3
59 3
58 3
72 5
56 5
58 5
58 3
66 3
66 5
66 3
66 5
66 3
66 5
68 3
63 5
66 5
72 5
54 5
54 3
54 5
54 3
54 5
54 3
72 7
59 5
59 3
58 5
58 3
56 5
56 3
54 5
54 3
52 5
52 3
51 5
51 3
52 5
52 3
54 5
54 3
54 5
47 3
47 5
47 8
44 3
44 3
44 3
47 5
44 3
51 5
49 5
49 5
72 7
59 5
59 3
58 5
58 3
56 5
56 3
54 5
54 3
52 5
52 3
54 5
54 3
56 5
56 3
54 5
54 3
54 3
72 3
56 5
56 3
56 3
56 3
72 3
56 3
58 5
58 3
58 3
72 3
58 5
58 3
59 3
61 3
72 3
61 3
72 7
59 5
59 3
58 5
58 3
56 5
56 3
54 5
54 3
52 5
52 3
51 5
51 3
52 5
52 3
54 5
54 3
54 5
47 3
47 5
47 11
47 5
47 3
49 5
49 3
51 5
51 3
49 5
49 13
54 5
54 3
52 5
52 3
51 5
51 3
55 5
55 8
54 5
54 7
52 5
52 3
52 3
54 5
54 3
55 5
55 3
57 5
57 3
59 5
59 8
59 5
59 3
61 5
58 5
58 12
56 5
54 3
52 5
52 8
52 5
51 3
52 5
54 5
54 10
54 3
56 3
54 3
51 5
54 3
72 5
35 3
59 5
72 3
58 5
59 5
72 3
35 3
59 5
72 3
58 5
59 5
59 5
47 3
E
S
L
35 3
47 3
35 3
35 3
72 5
35 3
47 3
35 3
30 5
28 7
28 3
28 7
28 3
28 3
28 3
30 5
30 3
28 3
40 3
28 3
28 5
30 7
30 3
25 3
27 3
30 3
32 3
44 3
32 3
32 5
34 7
34 3
34 3
35 3
37 3
35 5
72 3
47 5
72 3
46 5
47 3
72 5
35 7
35 3
47 5
72 3
46 5
47 3
72 5
42 3
34 5
72 3
46 5
72 3
44 5
46 3
72 5
34 7
34 3
46 5
72 3
40 5
42 3
72 5
34 3
32 5
72 3
44 5
72 3
42 5
44 3
72 5
28 7
28 3
40 5
72 3
39 5
35 7
30 7
30 3
30 3
32 3
30 5
30 5
30 3
30 3
30 7
30 3
30 3
42 3
30 3
28 3
40 3
28 3
27 3
39 3
27 3
35 5
72 3
47 5
72 3
46 5
47 3
72 5
35 7
35 3
47 5
72 3
46 5
47 3
72 5
42 3
34 5
72 3
46 5
72 3
44 5
46 3
72 5
34 7
34 3
46 5
72 3
40 5
42 3
72 5
34 3
37 5
72 3
49 5
72 3
47 5
49 3
72 5
42 7
42 3
41 3
72 5
42 5
44 3
37 5
30 7
30 3
30 5
30 3
32 3
44 3
32 3
34 5
34 7
34 3
34 3
46 3
34 3
35 3
47 3
35 3
37 5
28 3
72 10
28 3
72 10
25 7
25 3
27 7
28 5
35 7
27 3
72 10
27 3
72 10
23 7
23 3
25 7
27 7
34 7
45 3
72 8
33 3
72 10
33 7
33 3
45 7
44 5
42 8
39 5
39 5
72 3
35 5
35 5
32 5
32 5
72 8
32 5
32 5
34 5
34 3
35 3
28 3
28 3
30 5
30 3
32 5
35 5
35 3
28 5
28 3
40 3
28 5
177 3
32 5
30 5
30 5
27 3
27 3
27 3
34 5
34 3
32 5
34 5
34 3
27 5
27 3
27 3
30 3
72 5
32 5
34 5
34 5
35 3
28 3
28 3
30 5
30 3
32 5
35 5
35 3
28 5
28 3
40 3
28 5
177 3
32 5
30 5
30 5
30 3
30 3
30 3
30 3
42 3
30 3
30 3
30 3
30 3
30 3
42 3
30 3
31 5
31 3
72 3
31 3
72 3
31 5
31 3
72 3
31 3
72 3
42 3
30 3
30 3
37 5
37 3
39 5
40 5
40 5
42 3
30 3
30 3
37 3
30 3
30 3
42 3
30 3
30 3
37 3
30 3
30 3
28 5
28 3
40 5
40 3
28 5
28 3
40 5
40 3
28 3
28 3
28 3
40 5
28 3
30 5
28 5
28 5
23 5
23 3
35 5
35 3
23 5
23 3
35 5
35 3
23 3
23 3
23 3
35 5
23 3
37 5
35 5
35 5
28 5
28 3
40 5
40 3
28 5
28 3
40 5
40 3
28 3
28 3
28 3
40 5
28 3
30 5
28 5
28 5
30 3
42 3
30 3
42 5
42 3
30 3
42 3
30 3
42 5
42 3
30 3
42 3
30 3
27 5
27 3
28 5
28 3
30 5
30 3
28 5
28 3
40 5
40 3
28 5
28 3
40 5
40 3
28 3
28 3
28 3
40 5
28 3
30 5
28 5
28 5
23 5
23 3
35 5
35 3
23 5
23 3
35 5
35 3
23 3
23 3
23 3
35 5
23 3
37 5
35 5
35 5
21 5
21 3
21 5
21 3
23 5
21 5
21 3
21 5
21 3
21 3
21 3
23 3
21 3
33 5
21 5
21 5
24 3
36 3
35 3
33 5
33 3
30 5
30 3
31 5
33 5
45 3
33 3
35 3
47 3
35 3
36 3
48 3
36 3
33 3
45 3
33 3
30 5
30 3
35 3
35 3
35 3
33 3
33 3
27 5
27 3
28 3
30 5
30 5
72 5
30 3
42 3
30 3
35 3
33 3
30 3
28 5
28 3
28 5
28 3
28 5
40 3
28 5
30 5
30 3
30 3
30 5
72 3
25 3
25 3
27 3
27 3
28 3
30 3
72 5
35 3
72 12
35 3
72 10
47 3
72 7
30 3
72 5
35 5
72 3
47 5
72 3
46 5
47 3
72 5
35 7
35 3
47 5
72 3
46 5
47 3
72 5
42 3
34 5
72 3
46 5
72 3
44 5
46 3
72 5
34 7
34 3
46 5
72 3
40 5
42 3
72 5
34 3
32 5
72 3
44 5
72 3
42 5
44 3
72 5
28 7
28 3
40 5
72 3
39 5
35 7
30 7
30 3
30 3
32 3
30 5
30 5
30 3
30 3
30 7
30 3
30 3
42 3
30 3
28 3
40 3
28 3
27 3
39 3
27 3
35 5
72 3
47 5
72 3
46 5
47 3
72 5
35 7
35 3
47 5
72 3
46 5
47 3
72 5
42 3
34 5
72 3
46 5
72 3
44 5
46 3
72 5
34 7
34 3
46 5
72 3
40 5
42 3
72 5
34 3
37 5
72 3
49 5
72 3
47 5
49 3
72 5
42 7
42 3
41 3
72 5
42 5
44 3
37 5
30 7
30 3
30 5
30 3
32 3
44 3
32 3
34 5
34 7
34 3
34 3
46 3
34 3
35 3
47 3
35 3
37 5
28 3
72 10
28 3
72 10
25 7
25 3
27 7
28 5
35 7
27 3
72 10
27 3
72 10
23 7
23 3
25 7
27 7
34 7
45 3
72 8
33 3
72 10
33 7
33 3
45 7
44 5
42 8
39 5
39 5
72 3
35 5
35 5
32 5
32 5
72 8
32 5
32 5
34 5
34 3
35 3
28 3
28 3
30 5
30 3
32 5
35 5
35 3
28 5
28 3
40 3
28 5
177 3
32 5
30 5
30 5
27 3
27 3
27 3
34 5
34 3
32 5
34 5
34 3
27 5
27 3
27 3
30 3
72 5
32 5
34 5
34 5
35 3
28 3
28 3
30 5
30 3
32 5
35 5
35 3
28 5
28 3
40 3
28 5
177 3
32 5
30 5
30 5
30 3
30 3
30 3
30 3
42 3
30 3
30 3
30 3
30 3
30 3
42 3
30 3
31 5
31 3
72 3
31 3
72 3
31 5
31 3
72 3
31 3
72 3
42 3
30 3
30 3
37 5
37 3
39 5
40 5
40 5
42 3
30 3
30 3
37 3
30 3
30 3
42 3
30 3
30 3
37 3
30 3
30 3
28 5
28 3
40 5
40 3
28 5
28 3
40 5
40 3
28 3
28 3
28 3
40 5
28 3
30 5
28 5
28 5
23 5
23 3
35 5
35 3
23 5
23 3
35 5
35 3
23 3
23 3
23 3
35 5
23 3
37 5
35 5
35 5
28 5
28 3
40 5
40 3
28 5
28 3
40 5
40 3
28 3
28 3
28 3
40 5
28 3
30 5
28 5
28 5
30 3
42 3
30 3
42 5
42 3
30 3
42 3
30 3
42 5
42 3
30 3
42 3
30 3
27 5
27 3
28 5
28 3
30 5
30 3
28 5
28 3
40 5
40 3
28 5
28 3
40 5
40 3
28 3
28 3
28 3
40 5
28 3
30 5
28 5
28 5
23 5
23 3
35 5
35 3
23 5
23 3
35 5
35 3
23 3
23 3
23 3
35 5
23 3
37 5
35 5
35 5
21 5
21 3
21 5
21 3
23 5
21 5
21 3
21 5
21 3
21 3
21 3
23 3
21 3
33 5
21 5
21 5
24 3
36 3
35 3
33 5
33 3
30 5
30 3
31 5
33 5
45 3
33 3
35 3
47 3
35 3
36 3
48 3
36 3
33 3
45 3
33 3
30 5
30 3
35 3
35 3
35 3
33 3
33 3
27 5
27 3
28 3
30 5
30 5
72 5
30 3
42 3
30 3
35 3
33 3
30 3
28 5
28 3
28 5
28 3
28 5
40 3
28 5
30 5
30 3
30 3
30 5
72 3
25 3
25 3
27 3
27 3
28 3
30 3
72 5
35 3
72 12
35 3
72 10
47 3
72 7
30 3
E
S
H
23 3
23 3
23 3
42 5
72 3
23 3
23 3
23 3
42 5
40 5
40 5
72 7
40 3
52 3
40 3
42 3
54 3
42 3
56 5
47 3
47 5
54 5
54 5
72 7
59 5
52 3
59 5
58 5
58 5
72 11
54 5
54 3
56 5
58 5
72 3
61 5
61 3
59 3
59 5
59 3
58 5
59 5
59 5
58 5
58 3
58 5
58 3
58 5
56 3
55 5
58 5
58 13
72 7
56 5
56 3
58 5
58 3
59 5
59 3
61 5
61 3
59 5
59 3
58 5
58 3
59 5
59 3
63 5
61 3
63 5
61 3
72 7
63 5
61 3
63 5
61 3
72 7
63 5
66 3
63 5
61 3
72 7
54 5
54 3
56 5
58 5
72 3
61 5
61 3
59 3
59 5
59 3
58 5
59 5
59 5
58 5
58 3
58 5
58 3
58 5
56 3
55 5
58 5
58 13
56 3
72 5
58 3
72 5
59 5
61 5
61 3
66 5
66 5
65 5
65 3
63 5
61 5
61 5
72 5
54 3
61 5
66 3
64 5
63 3
61 5
59 3
63 5
63 5
63 5
61 5
61 3
58 5
61 3
59 5
59 8
59 5
59 3
61 5
61 3
59 5
59 3
58 5
58 3
59 5
59 3
66 5
66 5
66 10
66 5
68 3
70 5
66 5
66 10
63 5
63 3
66 5
66 3
64 5
64 11
63 5
63 3
61 5
61 3
63 5
63 3
64 5
64 3
66 5
66 3
63 5
63 8
59 5
59 8
56 5
56 7
56 5
56 3
56 3
58 5
58 3
59 5
59 3
56 5
59 5
59 5
61 5
63 3
64 5
64 3
63 5
63 3
61 5
59 5
59 5
58 5
58 3
59 5
61 3
72 5
63 3
72 5
54 5
54 10
56 5
56 3
58 5
58 3
59 5
59 3
56 5
59 5
59 5
61 5
63 3
64 5
64 3
63 5
63 3
61 5
59 5
59 5
66 5
66 3
64 3
72 5
63 5
61 5
61 3
59 5
59 3
59 3
58 3
72 5
56 5
58 5
58 3
66 3
66 5
66 3
66 5
66 3
66 5
68 3
63 5
66 5
72 5
54 5
54 3
54 5
54 3
54 5
54 3
72 5
54 5
54 3
54 5
54 3
52 5
52 3
51 5
51 3
49 5
49 3
47 5
47 3
49 5
49 3
51 5
51 3
51 5
42 3
42 5
42 8
44 3
44 3
44 3
44 5
44 3
47 5
44 5
44 5
72 7
54 5
54 3
54 5
54 3
52 5
52 3
51 5
51 3
49 5
49 3
51 5
51 3
52 5
52 3
51 5
51 3
51 3
72 3
52 5
52 3
52 3
52 3
72 3
52 3
54 5
54 3
54 3
72 3
54 5
54 3
56 3
58 3
72 3
58 3
72 7
54 5
54 3
54 5
54 3
52 5
52 3
51 5
51 3
49 5
49 3
47 5
47 3
49 5
49 3
51 5
51 3
51 5
42 3
42 5
42 11
42 5
42 3
42 5
42 3
47 5
47 3
72 3
49 5
49 13
54 5
54 3
52 5
52 3
51 5
51 3
55 5
55 8
54 5
54 7
52 5
52 3
52 3
54 5
54 3
55 5
55 3
57 5
57 3
59 5
59 8
59 5
59 3
61 5
58 5
58 12
56 5
54 3
52 5
52 8
52 5
51 3
52 5
54 5
54 10
54 3
56 3
54 3
51 5
54 3
72 3
35 3
54 5
72 3
54 5
54 5
72 3
35 3
54 5
72 3
54 5
54 5
54 5
35 3
72 11
54 5
54 3
56 5
58 5
72 3
61 5
61 3
59 3
59 5
59 3
58 5
59 5
59 5
58 5
58 3
58 5
58 3
58 5
56 3
55 5
58 5
58 13
72 7
56 5
56 3
58 5
58 3
59 5
59 3
61 5
61 3
59 5
59 3
58 5
58 3
59 5
59 3
63 5
61 3
63 5
61 3
72 7
63 5
61 3
63 5
61 3
72 7
63 5
66 3
63 5
61 3
72 7
54 5
54 3
56 5
58 5
72 3
61 5
61 3
59 3
59 5
59 3
58 5
59 5
59 5
58 5
58 3
58 5
58 3
58 5
56 3
55 5
58 5
58 13
56 3
72 5
58 3
72 5
59 5
61 5
61 3
66 5
66 5
65 5
65 3
63 5
61 5
61 5
72 5
54 3
61 5
66 3
64 5
63 3
61 5
59 3
63 5
63 5
63 5
61 5
61 3
58 5
61 3
59 5
59 8
59 5
59 3
61 5
61 3
59 5
59 3
58 5
58 3
59 5
59 3
66 5
66 5
66 10
66 5
68 3
70 5
66 5
66 10
63 5
63 3
66 5
66 3
64 5
64 11
63 5
63 3
61 5
61 3
63 5
63 3
64 5
64 3
66 5
66 3
63 5
63 8
59 5
59 8
56 5
56 7
56 5
56 3
56 3
58 5
58 3
59 5
59 3
56 5
59 5
59 5
61 5
63 3
64 5
64 3
63 5
63 3
61 5
59 5
59 5
58 5
58 3
59 5
61 3
72 5
63 3
72 5
54 5
54 10
56 5
56 3
58 5
58 3
59 5
59 3
56 5
59 5
59 5
61 5
63 3
64 5
64 3
63 5
63 3
61 5
59 5
59 5
66 5
66 3
64 3
72 5
63 5
61 5
61 3
59 5
59 3
59 3
58 3
72 5
56 5
58 5
58 3
66 3
66 5
66 3
66 5
66 3
66 5
68 3
63 5
66 5
72 5
54 5
54 3
54 5
54 3
54 5
54 3
72 5
54 5
54 3
54 5
54 3
52 5
52 3
51 5
51 3
49 5
49 3
47 5
47 3
49 5
49 3
51 5
51 3
51 5
42 3
42 5
42 8
44 3
44 3
44 3
44 5
44 3
47 5
44 5
44 5
72 7
54 5
54 3
54 5
54 3
52 5
52 3
51 5
51 3
49 5
49 3
51 5
51 3
52 5
52 3
51 5
51 3
51 3
72 3
52 5
52 3
52 3
52 3
72 3
52 3
54 5
54 3
54 3
72 3
54 5
54 3
56 3
58 3
72 3
58 3
72 7
54 5
54 3
54 5
54 3
52 5
52 3
51 5
51 3
49 5
49 3
47 5
47 3
49 5
49 3
51 5
51 3
51 5
42 3
42 5
42 11
42 5
42 3
42 5
42 3
47 5
47 3
72 3
49 5
49 13
54 5
54 3
52 5
52 3
51 5
51 3
55 5
55 8
54 5
54 7
52 5
52 3
52 3
54 5
54 3
55 5
55 3
57 5
57 3
59 5
59 8
59 5
59 3
61 5
58 5
58 12
56 5
54 3
52 5
52 8
52 5
51 3
52 5
54 5
54 10
54 3
56 3
54 3
51 5
54 3
72 3
35 3
54 5
72 3
54 5
54 5
72 3
35 3
54 5
72 3
54 5
54 5
54 5
35 3
E
S
L
208 0
72 3
208 0
72 3
208 0
72 3
199 0
72 7
208 0
72 3
208 0
72 3
208 0
72 3
199 0
72 5
199 0
72 8
199 0
72 7
208 0
72 3
208 0
72 3
208 0
72 3
199 0
72 7
208 0
72 3
208 0
72 3
208 0
72 3
199 0
72 5
208 0
72 8
199 0
72 7
208 0
72 7
199 0
72 7
208 0
72 3
199 0
72 3
208 0
72 3
199 0
72 3
208 0
72 3
199 0
72 3
208 0
72 3
208 0
72 3
208 0
72 3
208 0
72 5
208 0
72 3
208 0
72 3
208 0
72 3
208 0
72 3
199 0
72 5
208 0
72 3
208 0
72 7
208 0
72 5
208 0
72 3
208 0
72 3
208 0
72 3
208 0
72 3
199 0
72 5
208 0
72 3
208 0
72 3
208 0
72 3
208 0
72 3
208 0
72 5
208 0
72 3
208 0
72 3
208 0
72 3
208 0
72 3
199 0
72 5
208 0
72 3
208 0
72 7
208 0
72 5
208 0
72 3
208 0
72 3
208 0
72 3
208 0
72 3
199 0
72 5
208 0
72 3
208 0
72 3
208 0
72 3
208 0
72 3
208 0
72 5
208 0
72 3
208 0
72 3
208 0
72 3
208 0
72 3
199 0
72 5
208 0
72 3
208 0
72 7
208 0
72 5
208 0
72 3
208 0
72 3
208 0
72 3
208 0
72 3
199 0
72 5
208 0
72 3
208 0
72 3
208 0
72 3
208 0
72 3
208 0
72 5
208 0
72 3
208 0
72 3
208 0
72 3
208 0
72 3
199 0
72 5
208 0
72 3
208 0
72 3
208 0
72 3
208 0
72 3
199 0
72 5
208 0
72 3
199 0
72 5
199 0
72 5
199 0
72 3
199 0
72 3
208 0
72 3
208 0
72 3
208 0
72 3
208 0
72 5
208 0
72 3
208 0
72 3
208 0
72 3
208 0
72 3
199 0
72 5
208 0
72 3
208 0
72 7
208 0
72 5
208 0
72 3
208 0
72 3
208 0
72 3
208 0
72 3
199 0
72 5
208 0
72 3
208 0
72 3
208 0
72 3
208 0
72 3
208 0
72 5
208 0
72 3
208 0
72 3
208 0
72 3
208 0
72 3
199 0
72 5
208 0
72 3
208 0
72 7
208 0
72 5
208 0
72 3
208 0
72 3
208 0
72 3
208 0
72 3
199 0
72 5
208 0
72 3
208 0
72 3
208 0
72 3
208 0
72 3
208 0
72 5
208 0
72 3
208 0
72 3
208 0
72 3
208 0
72 3
199 0
72 5
208 0
72 3
208 0
72 7
208 0
72 5
208 0
72 3
208 0
72 3
208 0
72 3
208 0
72 3
199 0
72 5
208 0
72 3
208 0
72 3
208 0
72 3
208 0
72 3
208 0
72 5
208 0
72 3
208 0
72 3
208 0
72 3
208 0
72 3
199 0
72 5
208 0
72 3
199 0
72 7
208 0
72 5
208 0
72 3
208 0
72 3
208 0
72 3
208 0
72 3
199 0
72 3
199 0
72 3
199 0
72 3
199 0
72 10
208 0
72 7
208 0
72 3
208 0
72 7
199 0
72 10
208 0
72 7
208 0
72 3
199 0
72 7
199 0
72 10
208 0
72 7
208 0
72 3
208 0
72 7
199 0
72 10
208 0
72 7
208 0
72 3
199 0
72 7
199 0
72 10
208 0
72 7
208 0
72 3
208 0
72 7
199 0
72 10
208 0
72 7
208 0
72 3
199 0
72 7
199 0
72 10
208 0
72 7
208 0
72 3
208 0
72 7
199 0
72 10
208 0
72 3
199 0
72 3
199 0
72 3
199 0
72 3
199 0
72 3
208 0
72 3
208 0
72 3
208 0
72 7
208 0
72 7
199 0
72 7
208 0
72 7
208 0
72 3
208 0
72 3
208 0
72 3
199 0
72 7
199 0
72 5
208 0
72 3
208 0
72 7
208 0
72 7
208 0
72 7
199 0
72 7
208 0
72 7
208 0
72 3
208 0
72 3
208 0
72 3
199 0
72 7
199 0
72 5
208 0
72 3
208 0
72 7
208 0
72 7
208 0
72 7
199 0
72 7
208 0
72 7
208 0
72 3
208 0
72 3
208 0
72 3
199 0
72 7
199 0
72 5
208 0
72 3
208 0
72 7
208 0
72 7
208 0
72 7
199 0
72 7
208 0
72 7
208 0
72 3
208 0
72 3
208 0
72 3
199 0
72 7
199 0
72 5
208 0
72 3
208 0
72 7
208 0
72 3
199 0
72 3
208 0
72 3
208 0
72 3
199 0
72 3
208 0
72 3
199 0
72 3
199 0
72 3
199 0
72 3
199 0
72 3
199 0
72 3
199 0
72 3
208 0
72 7
208 0
72 7
208 0
72 7
208 0
72 7
208 0
72 7
199 0
72 7
208 0
72 7
199 0
72 7
208 0
72 7
199 0
72 7
208 0
72 5
199 0
72 3
199 0
72 7
208 0
72 7
199 0
72 7
208 0
72 7
199 0
72 7
208 0
72 7
199 0
72 7
208 0
72 5
199 0
72 3
199 0
72 7
208 0
72 7
199 0
72 7
208 0
72 7
199 0
72 7
208 0
72 7
199 0
72 7
208 0
72 5
199 0
72 3
199 0
72 7
208 0
72 7
199 0
72 7
208 0
72 7
199 0
72 7
208 0
72 7
199 0
72 7
208 0
72 3
208 0
72 3
208 0
72 3
199 0
72 7
208 0
72 7
199 0
72 7
208 0
72 7
199 0
72 7
208 0
72 7
199 0
72 7
208 0
72 5
199 0
72 3
199 0
72 7
208 0
72 7
199 0
72 7
208 0
72 7
199 0
72 7
208 0
72 7
199 0
72 7
208 0
72 5
199 0
72 3
199 0
72 7
208 0
72 7
199 0
72 7
208 0
72 5
199 0
72 3
199 0
72 7
208 0
72 3
208 0
72 3
208 0
72 3
199 0
72 7
199 0
72 5
199 0
72 8
208 0
72 7
199 0
72 7
208 0
72 5
199 0
72 3
199 0
72 7
208 0
72 3
208 0
72 3
208 0
72 3
199 0
72 7
199 0
72 5
199 0
72 8
208 0
72 7
199 0
72 7
208 0
72 3
208 0
72 3
208 0
72 3
199 0
72 7
208 0
72 7
199 0
72 7
199 0
72 3
199 0
72 3
199 0
72 3
199 0
72 3
199 0
72 3
199 0
72 3
208 0
72 7
199 0
72 7
208 0
72 3
208 0
72 3
208 0
72 3
199 0
72 7
199 0
72 3
208 0
72 3
208 0
72 3
199 0
72 3
208 0
72 3
208 0
72 3
199 0
72 3
208 0
72 3
208 0
72 3
199 0
72 3
199 0
72 3
199 0
72 3
208 0
72 5
208 0
72 3
199 0
72 7
208 0
72 5
199 0
72 7
208 0
72 3
199 0
72 7
208 0
72 5
199 0
72 8
199 7
208 0
72 3
208 0
72 3
208 0
72 3
208 0
72 5
208 0
72 3
208 0
72 3
208 0
72 3
208 0
72 3
199 0
72 5
208 0
72 3
208 0
72 7
208 0
72 5
208 0
72 3
208 0
72 3
208 0
72 3
208 0
72 3
199 0
72 5
208 0
72 3
208 0
72 3
208 0
72 3
208 0
72 3
208 0
72 5
208 0
72 3
208 0
72 3
208 0
72 3
208 0
72 3
199 0
72 5
208 0
72 3
208 0
72 7
208 0
72 5
208 0
72 3
208 0
72 3
208 0
72 3
208 0
72 3
199 0
72 5
208 0
72 3
208 0
72 3
208 0
72 3
208 0
72 3
208 0
72 5
208 0
72 3
208 0
72 3
208 0
72 3
208 0
72 3
199 0
72 5
208 0
72 3
208 0
72 7
208 0
72 5
208 0
72 3
208 0
72 3
208 0
72 3
208 0
72 3
199 0
72 5
208 0
72 3
208 0
72 3
208 0
72 3
208 0
72 3
208 0
72 5
208 0
72 3
208 0
72 3
208 0
72 3
208 0
72 3
199 0
72 5
208 0
72 3
208 0
72 3
208 0
72 3
208 0
72 3
199 0
72 5
208 0
72 3
199 0
72 5
199 0
72 5
199 0
72 3
199 0
72 3
208 0
72 3
208 0
72 3
208 0
72 3
208 0
72 5
208 0
72 3
208 0
72 3
208 0
72 3
208 0
72 3
199 0
72 5
208 0
72 3
208 0
72 7
208 0
72 5
208 0
72 3
208 0
72 3
208 0
72 3
208 0
72 3
199 0
72 5
208 0
72 3
208 0
72 3
208 0
72 3
208 0
72 3
208 0
72 5
208 0
72 3
208 0
72 3
208 0
72 3
208 0
72 3
199 0
72 5
208 0
72 3
208 0
72 7
208 0
72 5
208 0
72 3
208 0
72 3
208 0
72 3
208 0
72 3
199 0
72 5
208 0
72 3
208 0
72 3
208 0
72 3
208 0
72 3
208 0
72 5
208 0
72 3
208 0
72 3
208 0
72 3
208 0
72 3
199 0
72 5
208 0
72 3
208 0
72 7
208 0
72 5
208 0
72 3
208 0
72 3
208 0
72 3
208 0
72 3
199 0
72 5
208 0
72 3
208 0
72 3
208 0
72 3
208 0
72 3
208 0
72 5
208 0
72 3
208 0
72 3
208 0
72 3
208 0
72 3
199 0
72 5
208 0
72 3
199 0
72 7
208 0
72 5
208 0
72 3
208 0
72 3
208 0
72 3
208 0
72 3
199 0
72 3
199 0
72 3
199 0
72 3
199 0
72 10
208 0
72 7
208 0
72 3
208 0
72 7
199 0
72 10
208 0
72 7
208 0
72 3
199 0
72 7
199 0
72 10
208 0
72 7
208 0
72 3
208 0
72 7
199 0
72 10
208 0
72 7
208 0
72 3
199 0
72 7
199 0
72 10
208 0
72 7
208 0
72 3
208 0
72 7
199 0
72 10
208 0
72 7
208 0
72 3
199 0
72 7
199 0
72 10
208 0
72 7
208 0
72 3
208 0
72 7
199 0
72 10
208 0
72 3
199 0
72 3
199 0
72 3
199 0
72 3
199 0
72 3
208 0
72 3
208 0
72 3
208 0
72 7
208 0
72 7
199 0
72 7
208 0
72 7
208 0
72 3
208 0
72 3
208 0
72 3
199 0
72 7
199 0
72 5
208 0
72 3
208 0
72 7
208 0
72 7
208 0
72 7
199 0
72 7
208 0
72 7
208 0
72 3
208 0
72 3
208 0
72 3
199 0
72 7
199 0
72 5
208 0
72 3
208 0
72 7
208 0
72 7
208 0
72 7
199 0
72 7
208 0
72 7
208 0
72 3
208 0
72 3
208 0
72 3
199 0
72 7
199 0
72 5
208 0
72 3
208 0
72 7
208 0
72 7
208 0
72 7
199 0
72 7
208 0
72 7
208 0
72 3
208 0
72 3
208 0
72 3
199 0
72 7
199 0
72 5
208 0
72 3
208 0
72 7
208 0
72 3
199 0
72 3
208 0
72 3
208 0
72 3
199 0
72 3
208 0
72 3
199 0
72 3
199 0
72 3
199 0
72 3
199 0
72 3
199 0
72 3
199 0
72 3
208 0
72 7
208 0
72 7
208 0
72 7
208 0
72 7
208 0
72 7
199 0
72 7
208 0
72 7
199 0
72 7
208 0
72 7
199 0
72 7
208 0
72 5
199 0
72 3
199 0
72 7
208 0
72 7
199 0
72 7
208 0
72 7
199 0
72 7
208 0
72 7
199 0
72 7
208 0
72 5
199 0
72 3
199 0
72 7
208 0
72 7
199 0
72 7
208 0
72 7
199 0
72 7
208 0
72 7
199 0
72 7
208 0
72 5
199 0
72 3
199 0
72 7
208 0
72 7
199 0
72 7
208 0
72 7
199 0
72 7
208 0
72 7
199 0
72 7
208 0
72 3
208 0
72 3
208 0
72 3
199 0
72 7
208 0
72 7
199 0
72 7
208 0
72 7
199 0
72 7
208 0
72 7
199 0
72 7
208 0
72 5
199 0
72 3
199 0
72 7
208 0
72 7
199 0
72 7
208 0
72 7
199 0
72 7
208 0
72 7
199 0
72 7
208 0
72 5
199 0
72 3
199 0
72 7
208 0
72 7
199 0
72 7
208 0
72 5
199 0
72 3
199 0
72 7
208 0
72 3
208 0
72 3
208 0
72 3
199 0
72 7
199 0
72 5
199 0
72 8
208 0
72 7
199 0
72 7
208 0
72 5
199 0
72 3
199 0
72 7
208 0
72 3
208 0
72 3
208 0
72 3
199 0
72 7
199 0
72 5
199 0
72 8
208 0
72 7
199 0
72 7
208 0
72 3
208 0
72 3
208 0
72 3
199 0
72 7
208 0
72 7
199 0
72 7
199 0
72 3
199 0
72 3
199 0
72 3
199 0
72 3
199 0
72 3
199 0
72 3
208 0
72 7
199 0
72 7
208 0
72 3
208 0
72 3
208 0
72 3
199 0
72 7
199 0
72 3
208 0
72 3
208 0
72 3
199 0
72 3
208 0
72 3
208 0
72 3
199 0
72 3
208 0
72 3
208 0
72 3
199 0
72 3
199 0
72 3
199 0
72 3
208 0
72 5
208 0
72 3
199 0
72 7
208 0
72 5
199 0
72 7
208 0
72 3
199 0
72 7
208 0
72 5
199 0
72 8
199 7
E
X
