minor
S
H
72 14
48 5
72 0
50 2
72 2
51 2
50 2
72 2
46 2
72 2
53 2
72 2
51 5
72 0
53 2
72 2
55 2
53 2
52 2
53 2
55 2
56 2
58 2
60 5
72 0
61 2
72 2
63 2
61 2
72 2
58 2
72 2
65 2
72 4
58 2
61 2
60 2
61 2
65 2
63 2
72 2
60 2
72 2
68 2
72 6
66 2
65 2
63 2
61 2
60 2
61 2
60 2
58 2
56 2
54 2
72 4
64 2
63 2
61 2
59 2
58 2
59 2
58 2
56 2
54 2
52 2
72 14
48 5
72 0
50 2
72 2
51 2
50 2
72 2
46 2
72 2
53 2
72 2
51 5
72 0
53 2
72 2
55 2
53 2
52 2
53 2
55 2
56 2
58 2
60 5
72 0
61 2
72 2
63 2
61 2
72 2
58 2
72 2
65 2
72 4
58 2
61 2
60 2
61 2
65 2
63 2
62 2
63 2
65 2
66 2
70 2
47 2
51 2
49 2
44 2
47 2
46 2
44 2
49 2
56 2
54 2
49 2
45 2
44 2
42 2
44 2
38 2
72 14
198 2
72 2
198 2
198 2
72 2
198 2
210 2
72 2
210 2
72 2
210 2
72 2
198 2
72 2
198 2
198 2
72 2
198 2
117 2
72 2
117 2
72 2
117 2
72 2
198 2
72 2
198 2
198 2
72 2
198 2
210 2
72 2
210 2
72 2
210 2
72 2
198 2
72 2
198 2
198 2
72 2
198 2
117 2
72 2
117 2
72 2
117 2
72 2
198 2
72 2
198 2
198 2
72 2
198 2
210 2
72 2
210 2
72 2
210 2
72 2
198 2
72 2
198 2
198 2
72 2
198 2
117 2
72 2
117 2
72 2
117 2
72 2
198 2
72 2
198 2
198 2
72 2
198 2
210 2
72 2
210 2
72 2
210 2
72 2
198 2
72 2
198 2
198 2
72 2
198 2
117 2
72 2
117 2
72 2
117 2
72 14
61 2
59 2
57 2
56 2
54 2
52 2
49 2
47 2
45 2
44 2
42 2
72 10
43 2
42 2
40 2
38 2
40 2
44 2
72 13
55 2
53 2
51 2
50 2
48 2
46 2
44 2
43 2
41 2
39 2
38 2
39 2
72 9
49 2
48 2
46 2
44 2
46 2
49 2
72 14
48 5
72 0
50 2
72 2
51 2
50 2
72 2
46 2
72 2
53 2
72 2
51 5
72 0
53 2
72 2
55 2
53 2
52 2
53 2
55 2
56 2
58 2
60 5
72 0
61 2
72 2
63 2
61 2
72 2
58 2
72 2
65 2
72 4
58 2
61 2
60 2
61 2
65 2
63 2
72 2
60 2
72 2
68 2
72 6
66 2
65 2
63 2
61 2
60 2
61 2
60 2
58 2
56 2
54 2
72 4
64 2
63 2
61 2
59 2
58 2
59 2
58 2
56 2
54 2
52 2
72 14
48 5
72 0
50 2
72 2
51 2
50 2
72 2
46 2
72 2
53 2
72 2
51 5
72 0
53 2
72 2
55 2
53 2
52 2
53 2
55 2
56 2
58 2
60 5
72 0
61 2
72 2
63 2
61 2
72 2
58 2
72 2
65 2
72 4
58 2
61 2
60 2
61 2
65 2
63 2
62 2
63 2
65 2
66 2
70 2
47 2
51 2
49 2
44 2
47 2
46 2
44 2
49 2
56 2
54 2
49 2
45 2
44 2
42 2
44 2
38 2
72 14
198 2
72 2
198 2
198 2
72 2
198 2
210 2
72 2
210 2
72 2
210 2
72 2
198 2
72 2
198 2
198 2
72 2
198 2
117 2
72 2
117 2
72 2
117 2
72 2
198 2
72 2
198 2
198 2
72 2
198 2
210 2
72 2
210 2
72 2
210 2
72 2
198 2
72 2
198 2
198 2
72 2
198 2
117 2
72 2
117 2
72 2
117 2
72 2
198 2
72 2
198 2
198 2
72 2
198 2
210 2
72 2
210 2
72 2
210 2
72 2
198 2
72 2
198 2
198 2
72 2
198 2
117 2
72 2
117 2
72 2
117 2
72 2
198 2
72 2
198 2
198 2
72 2
198 2
210 2
72 2
210 2
72 2
210 2
72 2
198 2
72 2
198 2
198 2
72 2
198 2
117 2
72 2
117 2
72 2
117 2
72 14
61 2
59 2
57 2
56 2
54 2
52 2
49 2
47 2
45 2
44 2
42 2
72 10
43 2
42 2
40 2
38 2
40 2
44 2
72 13
55 2
53 2
51 2
50 2
48 2
46 2
44 2
43 2
41 2
39 2
38 2
39 2
72 9
49 2
48 2
46 2
44 2
46 2
49 2
E
S
H
36 5
72 0
36 2
72 2
36 2
36 2
72 2
36 2
72 2
36 2
72 2
137 5
72 0
137 2
72 2
137 2
137 2
72 2
137 2
72 2
137 2
72 2
1289 5
72 0
1289 2
72 2
1289 2
1289 2
72 2
1289 2
72 2
1289 2
72 2
1289 5
72 0
1289 2
72 2
1289 2
1289 2
72 2
1289 2
72 2
1289 2
72 2
48 5
72 0
50 2
72 2
51 2
50 2
72 2
46 2
72 2
53 2
72 2
51 5
72 0
53 2
72 2
55 2
53 2
72 2
50 2
72 2
58 2
72 2
36 5
72 0
38 2
72 2
39 2
38 2
72 2
34 2
72 2
41 2
72 2
39 5
72 0
41 2
72 2
43 2
41 2
40 2
41 2
43 2
44 2
46 2
48 5
72 0
49 2
72 2
51 2
49 2
72 2
46 2
72 2
53 2
72 4
46 2
49 2
48 2
49 2
53 2
51 2
72 2
48 2
72 2
56 2
72 6
54 2
53 2
51 2
49 2
48 2
49 2
48 2
46 2
44 2
42 2
72 4
52 2
51 2
49 2
47 2
46 2
47 2
46 2
44 2
42 2
40 2
72 14
36 5
72 0
38 2
72 2
39 2
38 2
72 2
34 2
72 2
41 2
72 2
39 5
72 0
41 2
72 2
43 2
41 2
40 2
41 2
43 2
44 2
46 2
48 5
72 0
49 2
72 2
51 2
49 2
72 2
46 2
72 2
53 2
72 4
58 2
61 2
60 2
61 2
65 2
63 2
62 2
63 2
65 2
66 2
70 2
72 7
47 2
46 2
44 2
49 2
56 2
54 2
49 2
72 2
44 2
42 2
44 2
38 2
72 14
153 8
72 10
57 2
56 2
54 2
52 2
50 2
49 2
47 2
45 2
43 2
42 2
45 2
47 2
72 14
48 2
46 2
44 2
43 2
41 2
44 2
51 2
50 2
48 2
46 2
44 2
43 2
41 2
39 2
37 2
36 2
37 2
41 2
36 5
72 0
38 2
72 2
39 2
38 2
72 2
41 2
72 2
39 2
72 2
36 2
72 2
39 2
72 2
38 2
72 2
41 2
72 2
44 2
72 2
43 2
72 2
36 5
72 0
38 2
72 2
39 2
38 2
72 2
41 2
72 2
39 2
72 2
185 2
72 2
188 2
72 2
187 2
72 2
106 2
72 2
109 2
72 2
108 2
72 2
48 5
72 0
50 2
72 2
51 2
50 2
72 2
46 2
72 2
53 2
72 2
51 5
72 0
53 2
72 2
55 2
53 2
72 2
50 2
72 2
58 2
72 2
36 5
72 0
38 2
72 2
39 2
38 2
72 2
34 2
72 2
41 2
72 2
39 5
72 0
41 2
72 2
43 2
41 2
40 2
41 2
43 2
44 2
46 2
48 5
72 0
49 2
72 2
51 2
49 2
72 2
46 2
72 2
53 2
72 4
46 2
49 2
48 2
49 2
53 2
51 2
72 2
48 2
72 2
56 2
72 6
54 2
53 2
51 2
49 2
48 2
49 2
48 2
46 2
44 2
42 2
72 4
52 2
51 2
49 2
47 2
46 2
47 2
46 2
44 2
42 2
40 2
72 14
36 5
72 0
38 2
72 2
39 2
38 2
72 2
34 2
72 2
41 2
72 2
39 5
72 0
41 2
72 2
43 2
41 2
40 2
41 2
43 2
44 2
46 2
48 5
72 0
49 2
72 2
51 2
49 2
72 2
46 2
72 2
53 2
72 4
58 2
61 2
60 2
61 2
65 2
63 2
62 2
63 2
65 2
66 2
70 2
72 7
47 2
46 2
44 2
49 2
56 2
54 2
49 2
72 2
44 2
42 2
44 2
38 2
72 14
153 8
72 10
57 2
56 2
54 2
52 2
50 2
49 2
47 2
45 2
43 2
42 2
45 2
47 2
72 14
48 2
46 2
44 2
43 2
41 2
44 2
51 2
50 2
48 2
46 2
44 2
43 2
41 2
39 2
37 2
36 2
37 2
41 2
36 5
72 0
38 2
72 2
39 2
38 2
72 2
41 2
72 2
39 2
72 2
36 2
72 2
39 2
72 2
38 2
72 2
41 2
72 2
44 2
72 2
43 2
72 2
36 5
72 0
38 2
72 2
39 2
38 2
72 2
41 2
72 2
39 2
72 2
185 2
72 2
188 2
72 2
187 2
72 2
106 2
72 2
109 2
72 2
108 2
E
S
H
72 12
137 5
72 0
137 2
72 2
137 2
137 2
72 2
137 2
72 2
137 2
72 2
1289 5
72 0
1289 2
72 2
1289 2
1289 2
72 2
1289 2
72 2
1289 2
72 2
1289 5
72 0
1289 2
72 2
1289 2
1289 2
72 2
1289 2
72 2
1289 2
72 2
36 5
72 0
38 2
72 2
39 2
38 2
72 2
34 2
72 2
41 2
72 2
39 5
72 0
41 2
72 2
43 2
41 2
72 2
38 2
72 2
46 2
72 14
174 8
72 1
173 7
183 4
183 8
72 1
181 7
176 4
179 12
72 2
153 12
72 14
24 5
72 0
26 2
72 2
27 2
26 2
72 2
22 2
72 2
29 2
72 2
27 5
72 0
29 2
72 2
31 2
29 2
72 2
26 2
72 2
34 2
72 2
24 5
72 0
26 2
72 2
27 2
26 2
72 2
22 2
72 2
29 2
72 2
27 5
72 0
29 2
72 2
31 2
29 2
28 2
29 2
31 2
32 2
34 2
174 8
72 1
173 7
183 4
183 8
72 1
181 7
176 4
72 14
52 8
72 1
57 2
56 2
54 2
52 2
51 2
54 2
72 12
42 5
72 0
44 2
72 2
45 2
44 2
72 2
40 2
72 2
47 2
72 2
45 5
72 0
47 2
72 2
49 2
47 2
72 2
44 2
72 2
52 2
72 14
36 2
72 2
39 2
72 2
38 2
72 2
41 2
72 2
44 2
72 2
43 2
72 2
39 5
72 0
41 2
72 2
43 2
41 2
72 2
44 2
72 2
43 2
72 2
51 2
72 2
55 2
72 2
53 2
72 2
56 2
72 2
60 2
72 2
58 2
72 2
36 5
72 0
38 2
72 2
39 2
38 2
72 2
34 2
72 2
41 2
72 2
39 5
72 0
41 2
72 2
43 2
41 2
72 2
38 2
72 2
46 2
72 14
174 8
72 1
173 7
183 4
183 8
72 1
181 7
176 4
179 12
72 2
153 12
72 14
24 5
72 0
26 2
72 2
27 2
26 2
72 2
22 2
72 2
29 2
72 2
27 5
72 0
29 2
72 2
31 2
29 2
72 2
26 2
72 2
34 2
72 2
24 5
72 0
26 2
72 2
27 2
26 2
72 2
22 2
72 2
29 2
72 2
27 5
72 0
29 2
72 2
31 2
29 2
28 2
29 2
31 2
32 2
34 2
174 8
72 1
173 7
183 4
183 8
72 1
181 7
176 4
72 14
52 8
72 1
57 2
56 2
54 2
52 2
51 2
54 2
72 12
42 5
72 0
44 2
72 2
45 2
44 2
72 2
40 2
72 2
47 2
72 2
45 5
72 0
47 2
72 2
49 2
47 2
72 2
44 2
72 2
52 2
72 14
36 2
72 2
39 2
72 2
38 2
72 2
41 2
72 2
44 2
72 2
43 2
72 2
39 5
72 0
41 2
72 2
43 2
41 2
72 2
44 2
72 2
43 2
72 2
51 2
72 2
55 2
72 2
53 2
72 2
56 2
72 2
60 2
72 2
58 2
E
S
H
72 13
1289 5
72 0
1289 2
72 2
1289 2
1289 2
72 2
1289 2
72 2
1289 2
72 2
1289 5
72 0
1289 2
72 2
1289 2
1289 2
72 2
1289 2
72 2
1289 2
72 2
36 5
72 0
38 2
72 2
39 2
38 2
72 2
34 2
72 2
41 2
72 2
39 5
72 0
41 2
72 2
43 2
41 2
72 2
38 2
72 2
46 2
72 14
174 8
72 1
173 7
183 4
183 8
72 1
181 7
176 4
179 12
72 2
153 12
72 14
153 8
72 13
42 5
72 0
44 2
72 2
45 2
44 2
72 2
40 2
72 2
47 2
72 2
45 5
72 0
47 2
72 2
49 2
47 2
72 2
44 2
72 2
52 2
72 14
36 5
72 0
38 2
72 2
39 2
38 2
72 2
41 2
72 2
39 2
72 2
137 2
72 2
188 2
72 2
163 2
72 2
202 2
72 2
109 2
72 2
228 2
72 2
36 5
72 0
38 2
72 2
39 2
38 2
72 2
34 2
72 2
41 2
72 2
39 5
72 0
41 2
72 2
43 2
41 2
72 2
38 2
72 2
46 2
72 14
174 8
72 1
173 7
183 4
183 8
72 1
181 7
176 4
179 12
72 2
153 12
72 14
153 8
72 13
42 5
72 0
44 2
72 2
45 2
44 2
72 2
40 2
72 2
47 2
72 2
45 5
72 0
47 2
72 2
49 2
47 2
72 2
44 2
72 2
52 2
72 14
48 5
72 0
50 2
72 2
51 2
50 2
72 2
53 2
72 2
51 2
72 2
137 2
72 2
188 2
72 2
163 2
72 2
202 2
72 2
109 2
72 2
228 2
E
S
L
72 14
23 8
72 1
23 2
23 2
23 2
23 2
23 2
23 2
23 2
23 2
23 2
28 8
72 1
28 2
28 2
28 2
28 2
28 2
28 2
28 2
28 2
28 2
72 14
21 2
21 2
21 2
21 8
72 8
21 2
21 2
21 2
26 8
72 14
27 8
72 1
24 8
72 14
23 8
72 1
23 2
23 2
23 2
23 2
23 2
23 2
23 2
23 2
23 2
28 8
72 1
28 2
28 2
28 2
28 2
28 2
28 2
28 2
28 2
28 2
72 14
21 2
21 2
21 2
21 8
72 8
21 2
21 2
21 2
26 8
72 14
27 8
72 1
24 8
E
S
H
56 4
56 2
57 4
56 2
56 2
56 2
56 2
56 2
57 4
56 4
56 2
57 4
56 2
56 2
56 2
56 2
56 2
57 4
56 4
56 2
57 4
56 2
56 2
56 2
56 2
56 2
57 4
56 4
56 2
57 4
56 2
56 2
56 2
56 2
56 2
57 4
56 4
56 2
57 4
56 2
56 2
56 2
56 2
56 2
57 4
56 4
56 2
57 4
56 2
56 2
56 2
56 2
56 2
57 4
56 4
56 2
57 4
56 2
56 2
56 2
56 2
56 2
57 4
56 4
56 2
57 4
56 2
56 2
56 2
56 2
56 2
57 4
56 4
56 2
57 4
56 2
56 2
56 2
56 2
56 2
57 4
56 4
56 2
57 4
56 2
56 2
56 2
56 2
56 2
57 4
72 14
56 4
56 2
57 4
56 2
56 2
56 2
56 2
56 2
57 4
56 4
56 2
57 4
56 2
56 2
56 2
56 2
56 2
57 4
72 13
56 4
56 2
57 4
56 2
56 2
56 2
56 2
56 2
57 4
56 4
56 2
57 4
56 2
56 2
56 2
56 2
56 2
57 4
56 4
56 2
57 4
56 2
56 2
56 2
56 2
56 2
57 4
56 4
56 2
57 4
56 2
56 2
56 2
56 2
56 2
57 4
56 4
56 2
57 4
56 2
56 2
56 2
56 2
56 2
57 4
56 4
56 2
57 4
56 2
56 2
56 2
56 2
56 2
57 4
56 4
56 2
57 4
56 2
56 2
56 2
56 2
56 2
57 4
56 4
56 2
57 4
56 2
56 2
56 2
56 2
56 2
57 4
56 4
56 2
57 4
56 2
56 2
56 2
56 2
56 2
57 4
56 4
56 2
57 4
56 2
56 2
56 2
56 2
56 2
57 4
56 4
56 2
57 4
56 2
56 2
56 2
56 2
56 2
57 4
56 4
56 2
57 4
56 2
56 2
56 2
56 2
56 2
57 4
56 4
56 2
57 4
56 2
56 2
56 2
56 2
56 2
57 4
56 4
56 2
57 4
56 2
56 2
56 2
56 2
56 2
57 4
56 4
56 2
57 4
56 2
56 2
56 2
56 2
56 2
57 4
56 4
56 2
57 4
56 2
56 2
56 2
56 2
56 2
57 4
56 4
56 2
57 4
56 2
56 2
56 2
56 2
56 2
57 4
56 4
56 2
57 4
56 2
56 2
56 2
56 2
56 2
57 4
56 4
56 2
57 4
56 2
56 2
56 2
56 2
56 2
57 4
56 4
56 2
57 4
56 2
56 2
56 2
56 2
56 2
57 4
72 14
56 4
56 2
57 4
56 2
56 2
56 2
56 2
56 2
57 4
56 4
56 2
57 4
56 2
56 2
56 2
56 2
56 2
57 4
56 4
56 2
57 4
56 2
56 2
56 2
56 2
56 2
57 4
56 4
56 2
57 4
56 2
56 2
56 2
56 2
56 2
57 4
56 4
56 2
57 4
56 2
56 2
56 2
56 2
56 2
57 4
56 4
56 2
57 4
56 2
56 2
56 2
56 2
56 2
57 4
72 14
56 4
56 2
57 4
56 2
56 2
56 2
56 2
56 2
57 4
56 4
56 2
57 4
56 2
56 2
56 2
56 2
56 2
57 4
72 13
56 4
56 2
57 4
56 2
56 2
56 2
56 2
56 2
57 4
56 4
56 2
57 4
56 2
56 2
56 2
56 2
56 2
57 4
56 4
56 2
57 4
56 2
56 2
56 2
56 2
56 2
57 4
56 4
56 2
57 4
56 2
56 2
56 2
56 2
56 2
57 4
56 4
56 2
57 4
56 2
56 2
56 2
56 2
56 2
57 4
56 4
56 2
57 4
56 2
56 2
56 2
56 2
56 2
57 4
56 4
56 2
57 4
56 2
56 2
56 2
56 2
56 2
57 4
56 4
56 2
57 4
56 2
56 2
56 2
56 2
56 2
57 4
56 4
56 2
57 4
56 2
56 2
56 2
56 2
56 2
57 4
56 4
56 2
57 4
56 2
56 2
56 2
56 2
56 2
57 4
56 4
56 2
57 4
56 2
56 2
56 2
56 2
56 2
57 4
56 4
56 2
57 4
56 2
56 2
56 2
56 2
56 2
57 4
56 4
56 2
57 4
56 2
56 2
56 2
56 2
56 2
57 4
56 4
56 2
57 4
56 2
56 2
56 2
56 2
56 2
57 4
56 4
56 2
57 4
56 2
56 2
56 2
56 2
56 2
57 4
56 4
56 2
57 4
56 2
56 2
56 2
56 2
56 2
57 4
56 4
56 2
57 4
56 2
56 2
56 2
56 2
56 2
57 4
56 4
56 2
57 4
56 2
56 2
56 2
56 2
56 2
57 4
56 4
56 2
57 4
56 2
56 2
56 2
56 2
56 2
57 4
56 4
56 2
57 4
56 2
56 2
56 2
56 2
56 2
57 4
E
S
L
72 14
24 2
19 2
12 2
24 4
12 2
22 4
29 4
22 4
20 2
15 2
8 2
32 4
8 2
10 4
17 4
22 4
24 2
19 2
12 2
24 4
12 2
22 4
29 4
22 4
8 2
3 2
15 2
20 4
15 2
10 4
17 4
10 4
6 2
13 4
18 4
13 2
6 4
13 4
18 4
3 2
10 4
15 4
10 2
3 4
10 4
15 4
11 12
72 2
16 12
72 14
24 2
19 2
12 2
24 4
12 2
22 4
29 4
22 4
20 2
15 2
8 2
32 4
8 2
10 4
17 4
22 4
24 2
19 2
12 2
24 4
12 2
22 4
29 4
22 4
8 2
3 2
15 2
20 4
15 2
10 4
17 4
10 4
6 2
13 4
18 4
13 2
6 4
13 4
18 4
3 2
10 4
15 4
10 2
3 4
10 4
15 4
11 12
72 2
16 12
E
S
H
24 5
72 0
24 2
72 2
24 2
24 2
72 2
24 2
72 2
24 2
72 2
24 5
72 0
24 2
72 2
24 2
24 2
72 2
24 2
72 2
24 2
72 2
24 5
72 0
24 2
72 2
24 2
24 2
72 2
24 2
72 2
24 2
72 2
24 5
72 0
24 2
72 2
24 2
24 2
72 2
24 2
72 2
24 2
72 14
44 5
72 0
44 2
72 2
44 2
44 2
72 2
42 2
72 2
42 2
72 4
42 2
42 2
42 2
42 2
42 2
42 2
72 2
42 2
72 2
42 2
72 6
58 2
56 2
54 2
53 2
51 2
53 2
51 2
49 2
48 2
46 2
72 4
56 2
54 2
52 2
51 2
49 2
51 2
49 2
47 2
46 2
44 2
72 14
44 5
72 0
44 2
72 2
44 2
44 2
72 2
42 2
72 2
42 2
72 4
42 2
42 2
42 2
42 2
42 2
42 2
72 2
42 2
72 2
42 2
72 14
44 5
72 0
44 2
72 2
44 2
44 2
72 2
42 2
72 2
42 2
72 4
42 2
42 2
42 2
42 2
42 2
42 2
72 2
42 2
72 2
42 2
72 6
58 2
56 2
54 2
53 2
51 2
53 2
51 2
49 2
48 2
46 2
72 4
56 2
54 2
52 2
51 2
49 2
51 2
49 2
47 2
46 2
44 2
72 14
44 5
72 0
44 2
72 2
44 2
44 2
72 2
42 2
72 2
42 2
72 4
42 2
42 2
42 2
42 2
42 2
42 2
72 2
42 2
72 2
42 2
E
S
L
12 5
72 0
12 2
72 2
12 2
12 2
72 2
12 2
72 2
12 2
72 2
12 5
72 0
12 2
72 2
12 2
12 2
72 2
12 2
72 2
12 2
72 2
12 5
72 0
12 2
72 2
12 2
12 2
72 2
12 2
72 2
12 2
72 2
12 5
72 0
12 2
72 2
12 2
12 2
72 2
12 2
72 2
12 2
72 14
39 5
72 0
41 2
72 2
43 2
41 2
72 2
38 2
72 2
46 2
72 2
48 5
72 0
50 2
72 2
51 2
50 2
49 2
50 2
51 2
53 2
55 2
60 5
72 0
61 2
72 2
63 2
61 2
72 2
58 2
72 2
65 2
72 4
58 2
61 2
60 2
61 2
65 2
63 2
72 2
60 2
72 2
68 2
72 6
66 2
65 2
63 2
61 2
60 2
61 2
60 2
58 2
56 2
54 2
72 4
64 2
63 2
61 2
59 2
58 2
59 2
58 2
56 2
54 2
52 2
72 14
36 5
72 0
38 2
72 2
39 2
38 2
72 2
34 2
72 2
41 2
72 2
39 5
72 0
41 2
72 2
43 2
41 2
72 2
38 2
72 2
46 2
72 2
39 5
72 0
41 2
72 2
43 2
41 2
72 2
38 2
72 2
46 2
72 2
48 5
72 0
50 2
72 2
51 2
50 2
49 2
50 2
51 2
53 2
55 2
60 5
72 0
61 2
72 2
63 2
61 2
72 2
58 2
72 2
65 2
72 4
58 2
61 2
60 2
61 2
65 2
63 2
62 2
63 2
65 2
66 2
70 2
1828 7
729 7
258 5
72 0
415 8
72 14
46 8
72 1
47 8
72 1
48 8
72 1
47 8
72 1
45 8
72 1
47 8
72 1
46 8
72 1
42 8
72 1
39 8
72 1
48 8
72 1
49 8
72 1
47 8
72 1
46 8
72 1
44 8
72 1
42 8
72 1
39 8
72 14
37 0
72 1
38 0
72 0
39 0
40 0
72 2
41 0
42 0
72 2
43 0
72 0
44 0
72 1
46 0
72 1
48 0
72 0
49 0
51 0
72 2
52 8
72 1
54 8
72 1
211 8
72 1
235 8
72 1
49 11
47 4
45 8
72 1
43 8
72 1
137 8
72 1
163 8
72 1
188 8
72 1
162 8
72 14
39 5
72 0
41 2
72 2
43 2
41 2
72 2
38 2
72 2
46 2
72 2
48 5
72 0
50 2
72 2
51 2
50 2
49 2
50 2
51 2
53 2
55 2
60 5
72 0
61 2
72 2
63 2
61 2
72 2
58 2
72 2
65 2
72 4
58 2
61 2
60 2
61 2
65 2
63 2
72 2
60 2
72 2
68 2
72 6
66 2
65 2
63 2
61 2
60 2
61 2
60 2
58 2
56 2
54 2
72 4
64 2
63 2
61 2
59 2
58 2
59 2
58 2
56 2
54 2
52 2
72 14
36 5
72 0
38 2
72 2
39 2
38 2
72 2
34 2
72 2
41 2
72 2
39 5
72 0
41 2
72 2
43 2
41 2
72 2
38 2
72 2
46 2
72 2
39 5
72 0
41 2
72 2
43 2
41 2
72 2
38 2
72 2
46 2
72 2
48 5
72 0
50 2
72 2
51 2
50 2
49 2
50 2
51 2
53 2
55 2
60 5
72 0
61 2
72 2
63 2
61 2
72 2
58 2
72 2
65 2
72 4
58 2
61 2
60 2
61 2
65 2
63 2
62 2
63 2
65 2
66 2
70 2
1828 7
729 7
258 5
72 0
415 8
72 14
46 8
72 1
47 8
72 1
48 8
72 1
47 8
72 1
45 8
72 1
47 8
72 1
46 8
72 1
42 8
72 1
39 8
72 1
48 8
72 1
49 8
72 1
47 8
72 1
46 8
72 1
44 8
72 1
42 8
72 1
39 8
72 14
37 0
72 1
38 0
72 0
39 0
40 0
72 2
41 0
42 0
72 2
43 0
72 0
44 0
72 1
46 0
72 1
48 0
72 0
49 0
51 0
72 2
52 8
72 1
54 8
72 1
211 8
72 1
235 8
72 1
49 11
47 4
45 8
72 1
43 8
72 1
137 8
72 1
163 8
72 1
188 8
72 1
162 8
E
X
