major
S
L
72 14
208 4
208 4
201 4
20 4
208 4
208 4
201 4
20 4
208 4
208 4
201 4
20 4
208 4
208 4
201 4
20 4
208 4
208 4
201 4
20 4
208 4
208 4
201 4
20 4
208 4
208 4
201 4
20 4
208 4
208 4
201 4
20 4
208 4
208 4
201 4
20 4
208 4
208 4
201 4
20 4
208 4
208 4
201 4
20 4
208 4
208 4
201 4
20 4
208 4
208 4
201 4
20 4
208 4
208 4
201 4
20 4
208 4
208 4
201 4
20 4
208 4
208 4
201 4
20 4
208 4
208 4
201 4
20 4
208 4
208 4
201 4
20 4
208 4
208 4
201 4
20 4
208 4
208 4
201 4
20 4
208 4
208 4
201 4
20 4
208 4
208 4
201 4
20 4
208 4
208 4
201 4
20 4
208 4
208 4
201 4
20 4
208 4
208 4
201 4
20 4
208 4
208 4
201 4
20 4
208 4
208 4
201 4
20 4
208 4
208 4
201 4
20 4
208 4
208 4
201 4
20 4
208 4
208 4
201 4
20 4
208 4
208 4
201 4
20 4
208 4
208 4
201 4
20 4
208 4
208 4
201 4
20 4
208 4
208 4
201 4
20 4
208 4
208 4
201 4
20 4
208 4
208 4
201 4
20 4
208 4
208 4
201 4
20 4
208 4
208 4
201 4
20 4
208 4
208 4
201 4
20 4
208 4
208 4
201 4
20 4
208 4
208 4
201 4
20 4
208 4
208 4
201 4
20 4
208 4
208 4
201 4
20 4
208 4
208 4
201 4
20 4
208 4
208 4
201 4
20 4
208 4
208 4
201 4
20 4
208 4
208 4
201 4
20 4
208 4
208 4
201 4
20 4
208 4
208 4
201 4
20 4
208 4
208 4
201 4
20 4
208 4
208 4
201 4
20 4
208 4
208 4
201 4
20 4
208 4
208 4
201 4
20 4
208 4
208 4
201 4
20 4
208 4
208 4
201 4
20 4
208 4
208 4
201 4
20 4
208 4
208 4
201 4
20 4
208 4
208 4
201 4
20 4
208 4
208 4
201 4
20 4
208 4
208 4
201 4
20 4
208 4
208 4
201 4
20 4
208 4
208 4
201 4
20 4
208 4
208 4
201 4
20 4
208 4
208 4
201 4
20 4
208 4
208 4
201 4
20 4
208 4
208 4
201 4
20 4
208 4
208 4
201 4
20 4
208 4
208 4
201 4
20 4
208 4
208 4
201 4
20 4
208 4
208 4
201 4
20 4
208 4
208 4
201 4
20 4
208 4
208 4
201 4
20 4
208 4
208 4
201 4
20 4
208 4
208 4
201 4
20 4
208 4
208 4
201 4
20 4
208 4
208 4
201 4
20 4
208 4
208 4
201 4
20 4
208 4
208 4
201 4
20 4
208 4
208 4
201 4
20 4
208 4
208 4
201 4
20 4
208 4
208 4
201 4
20 4
208 4
208 4
201 4
20 4
208 4
208 4
201 4
20 4
208 4
208 4
201 4
20 4
208 4
208 4
201 4
20 4
208 4
208 4
201 4
20 4
208 4
208 4
201 4
20 4
208 4
208 4
201 4
20 4
208 4
208 4
201 4
20 4
208 4
208 4
201 4
20 4
208 4
208 4
201 4
20 4
208 4
208 4
201 4
20 4
208 4
208 4
201 4
20 4
208 4
208 4
201 4
20 4
208 4
208 4
201 4
20 4
208 4
208 4
201 4
20 4
208 4
208 4
201 4
20 4
208 4
208 4
201 4
20 4
208 4
208 4
201 4
20 4
208 4
208 4
201 4
20 4
208 4
208 4
201 4
20 4
208 4
208 4
201 4
20 4
208 4
208 4
201 4
20 4
208 4
208 4
201 4
20 4
208 4
208 4
201 4
20 4
208 4
208 4
201 4
20 4
208 4
208 4
201 4
20 4
208 4
208 4
201 4
20 4
208 4
208 4
201 4
20 4
208 4
208 4
201 4
20 4
208 4
208 4
201 4
20 4
208 4
208 4
201 4
20 4
208 4
208 4
201 4
20 4
208 4
208 4
201 4
20 4
208 4
208 4
201 4
20 4
208 4
208 4
201 4
20 4
E
S
L
24 4
24 4
24 4
24 4
24 4
24 4
24 4
24 4
19 4
19 4
19 4
19 4
19 4
19 4
19 4
19 4
21 4
21 4
21 4
21 4
21 4
21 4
21 4
21 4
17 4
17 4
17 4
17 4
17 4
17 4
17 4
17 4
24 4
24 4
24 4
24 4
24 4
24 4
24 4
24 4
19 4
19 4
19 4
19 4
19 4
19 4
19 4
19 4
21 4
21 4
21 4
21 4
21 4
21 4
21 4
21 4
17 4
17 4
17 4
17 4
17 4
17 4
17 4
17 4
24 4
24 4
24 4
24 4
24 4
24 4
24 4
24 4
19 4
19 4
19 4
19 4
19 4
19 4
19 4
19 4
21 4
21 4
21 4
21 4
21 4
21 4
21 4
21 4
17 4
17 4
17 4
17 4
17 4
17 4
17 4
17 4
24 4
24 4
24 4
24 4
24 4
24 4
24 4
24 4
19 4
19 4
19 4
19 4
19 4
19 4
19 4
19 4
21 4
21 4
21 4
21 4
21 4
21 4
21 4
21 4
17 4
17 4
17 4
17 4
17 4
17 4
17 4
17 4
24 4
24 4
24 4
24 4
24 4
24 4
24 4
24 4
19 4
19 4
19 4
19 4
19 4
19 4
19 4
19 4
21 4
21 4
21 4
21 4
21 4
21 4
21 4
21 4
17 4
17 4
17 4
17 4
17 4
17 4
17 4
17 4
24 4
24 4
24 4
24 4
24 4
24 4
24 4
24 4
19 4
19 4
19 4
19 4
19 4
19 4
19 4
19 4
21 4
21 4
21 4
21 4
21 4
21 4
21 4
21 4
17 4
17 4
17 4
17 4
17 4
17 4
17 4
17 4
24 4
24 4
24 4
24 4
24 4
24 4
24 4
24 4
19 4
19 4
19 4
19 4
19 4
19 4
19 4
19 4
21 4
21 4
21 4
21 4
21 4
21 4
21 4
21 4
17 4
17 4
17 4
17 4
17 4
17 4
17 4
17 4
24 4
24 4
24 4
24 4
24 4
24 4
24 4
24 4
19 4
19 4
19 4
19 4
19 4
19 4
19 4
19 4
21 4
21 4
21 4
21 4
21 4
21 4
21 4
21 4
17 4
17 4
17 4
17 4
17 4
17 4
17 4
17 4
24 4
24 4
24 4
24 4
24 4
24 4
24 4
24 4
19 4
19 4
19 4
19 4
19 4
19 4
19 4
19 4
21 4
21 4
21 4
21 4
21 4
21 4
21 4
21 4
17 4
17 4
17 4
17 4
17 4
17 4
17 4
17 4
24 4
24 4
24 4
24 4
24 4
24 4
24 4
24 4
19 4
19 4
19 4
19 4
19 4
19 4
19 4
19 4
21 4
21 4
21 4
21 4
21 4
21 4
21 4
21 4
17 4
17 4
17 4
17 4
17 4
17 4
17 4
17 4
24 4
24 4
24 4
24 4
24 4
24 4
24 4
24 4
19 4
19 4
19 4
19 4
19 4
19 4
19 4
19 4
21 4
21 4
21 4
21 4
21 4
21 4
21 4
21 4
17 4
17 4
17 4
17 4
17 4
17 4
17 4
17 4
17 4
17 4
17 4
17 4
17 4
17 4
17 4
17 4
24 4
24 4
24 4
24 4
24 4
24 4
24 4
24 4
19 4
19 4
19 4
19 4
19 4
19 4
19 4
19 4
21 4
21 4
21 4
21 4
21 4
21 4
21 4
21 4
17 4
17 4
17 4
17 4
17 4
17 4
17 4
17 4
24 4
24 4
24 4
24 4
24 4
24 4
24 4
24 4
19 4
19 4
19 4
19 4
19 4
19 4
19 4
19 4
21 4
21 4
21 4
21 4
21 4
21 4
21 4
21 4
17 4
17 4
17 4
17 4
17 4
17 4
17 4
17 4
24 4
24 4
24 4
24 4
24 4
24 4
24 4
24 4
24 4
24 4
24 4
24 4
24 4
24 4
24 4
24 4
19 4
19 4
19 4
19 4
19 4
19 4
19 4
19 4
21 4
21 4
21 4
21 4
21 4
21 4
21 4
21 4
17 4
17 4
17 4
17 4
17 4
17 4
17 4
17 4
24 4
24 4
24 4
24 4
24 4
24 4
24 4
24 4
19 4
19 4
19 4
19 4
19 4
19 4
19 4
19 4
21 4
21 4
21 4
21 4
21 4
21 4
21 4
21 4
17 4
17 4
17 4
17 4
17 4
17 4
17 4
17 4
24 4
24 4
24 4
24 4
24 4
24 4
24 4
24 4
19 4
19 4
19 4
19 4
19 4
19 4
19 4
19 4
21 4
21 4
21 4
21 4
21 4
21 4
21 4
21 4
17 4
17 4
17 4
17 4
17 4
17 4
17 4
17 4
24 4
24 4
24 4
24 4
24 4
24 4
24 4
24 4
19 4
19 4
19 4
19 4
19 4
19 4
19 4
19 4
21 4
21 4
21 4
21 4
21 4
21 4
21 4
21 4
17 4
17 4
17 4
17 4
17 4
17 4
17 12
72 2
1157 13
E
S
L
72 14
31 4
36 4
31 4
36 4
31 4
40 6
72 6
31 4
35 4
31 4
38 4
31 4
35 6
72 6
33 4
36 4
33 4
40 4
33 4
36 4
33 4
41 4
33 4
40 4
33 4
38 4
33 4
40 6
72 6
31 4
36 4
31 4
36 4
31 4
40 6
72 6
31 4
35 4
31 4
38 4
31 4
35 6
72 6
33 4
36 4
33 4
40 4
33 4
36 4
33 4
41 4
33 4
40 4
33 4
38 4
33 4
40 6
72 2
36 6
72 14
31 4
36 4
31 4
36 4
31 4
40 6
72 6
31 4
35 4
31 4
38 4
31 4
35 6
72 6
33 4
36 4
33 4
40 4
33 4
36 4
33 4
41 4
33 4
40 4
33 4
38 4
33 4
40 6
72 6
31 4
36 4
31 4
36 4
31 4
40 6
72 6
31 4
35 4
31 4
38 4
31 4
35 6
72 6
33 4
36 4
33 4
40 4
33 4
36 4
33 4
41 4
33 4
40 4
33 4
38 4
33 4
40 6
72 2
36 6
72 14
36 6
72 14
48 10
72 2
43 6
72 2
43 6
72 2
43 10
72 2
45 6
72 2
45 6
72 2
45 10
72 2
41 6
72 2
41 6
72 2
41 10
72 2
48 6
72 2
48 6
72 2
48 10
72 2
43 6
72 2
43 6
72 2
43 10
72 2
45 6
72 2
45 6
72 2
45 10
72 2
41 6
72 2
41 6
72 2
41 10
72 2
48 6
72 2
48 6
72 2
48 13
E
S
L
72 14
38 6
72 2
40 6
72 2
36 6
72 2
28 6
72 2
33 6
72 2
36 6
72 2
38 6
72 2
38 6
72 2
40 6
72 2
36 6
72 14
38 6
72 2
40 6
72 2
36 6
72 2
28 6
72 2
33 6
72 2
43 6
72 2
43 4
43 4
43 4
43 4
45 4
45 4
43 4
43 13
72 14
31 4
36 4
31 4
36 4
31 4
40 6
72 6
31 4
35 4
31 4
38 4
31 4
35 6
72 6
33 4
36 4
33 4
40 4
33 4
36 4
33 4
41 4
33 4
40 4
33 4
38 4
33 4
40 6
72 6
31 4
36 4
31 4
36 4
31 4
40 6
72 6
31 4
35 4
31 4
38 4
31 4
35 6
72 6
33 4
36 4
33 4
40 4
33 4
36 4
33 4
41 4
33 4
40 4
33 4
38 4
33 4
40 6
72 13
35 6
72 8
38 6
72 2
40 6
72 2
36 6
72 2
28 6
72 2
33 6
72 2
36 6
72 2
38 6
72 2
38 6
72 2
40 6
72 2
36 6
72 13
35 6
72 11
38 6
72 2
40 6
72 2
36 6
72 2
28 6
72 2
33 6
72 2
43 6
72 2
43 6
72 2
43 6
72 2
45 6
72 2
43 13
72 2
48 13
72 2
43 13
72 2
45 13
72 2
41 13
72 2
48 13
72 2
43 13
72 2
45 13
72 2
41 13
72 2
48 13
72 6
31 4
36 4
31 4
36 4
31 4
40 6
72 6
31 4
35 4
31 4
38 4
31 4
35 6
72 6
33 4
36 4
33 4
40 4
33 4
36 4
33 4
41 4
33 4
40 4
33 4
38 4
33 4
40 6
72 6
31 4
36 4
31 4
36 4
31 4
40 6
72 6
31 4
35 4
31 4
38 4
31 4
35 6
72 6
33 4
36 4
33 4
40 4
33 4
36 4
33 4
41 4
33 4
40 4
33 4
38 4
33 4
40 6
72 2
36 13
E
S
L
48 13
72 2
43 13
72 2
45 13
72 2
41 13
72 2
48 13
72 2
43 13
72 2
45 13
72 2
41 13
72 2
48 13
72 2
43 13
72 2
45 13
72 2
41 13
72 2
48 13
72 2
43 13
72 2
45 13
72 2
41 13
72 2
48 13
72 2
43 13
72 2
45 13
72 2
41 13
72 2
48 13
72 2
43 13
72 2
45 13
72 2
41 13
72 2
48 13
72 2
43 13
72 2
45 13
72 2
41 13
72 2
48 13
72 2
43 13
72 2
45 13
72 2
41 13
72 2
48 13
72 2
43 13
72 2
45 13
72 2
41 13
72 2
48 13
72 2
43 13
72 2
45 13
72 2
41 13
72 2
48 13
72 2
43 13
72 2
45 13
72 2
41 13
72 2
41 13
72 6
31 4
36 4
31 4
36 4
31 4
40 6
72 6
31 4
35 4
31 4
38 4
31 4
35 6
72 6
33 4
36 4
33 4
40 4
33 4
36 4
33 4
41 4
33 4
40 4
33 4
38 4
33 4
40 6
72 6
31 4
36 4
31 4
36 4
31 4
40 6
72 6
31 4
35 4
31 4
38 4
31 4
35 6
72 6
33 4
36 4
33 4
40 4
33 4
36 4
33 4
41 4
33 4
40 4
33 4
38 4
33 4
40 6
72 2
36 6
72 13
31 4
36 4
31 4
36 4
31 4
40 6
72 6
31 4
35 4
31 4
38 4
31 4
35 6
72 6
33 4
36 4
33 4
40 4
33 4
36 4
33 4
41 4
33 4
40 4
33 4
38 4
33 4
40 6
72 6
31 4
36 4
31 4
36 4
31 4
40 6
72 6
31 4
35 4
31 4
38 4
31 4
35 6
72 6
33 4
36 4
33 4
40 4
33 4
36 4
33 4
41 4
33 4
40 4
33 4
38 4
33 4
40 6
72 2
36 14
72 14
1157 13
E
S
H
72 14
1459 13
72 2
528 13
72 2
1157 13
72 2
686 13
72 2
1459 13
72 2
528 13
72 2
1157 13
72 2
686 13
72 2
1773 14
E
X
