minor
S
H
185 7
72 7
46 7
72 7
541 7
72 7
852 7
72 7
185 7
72 7
58 7
72 7
171 7
72 7
46 7
72 7
185 7
72 7
46 7
72 7
541 7
72 7
852 7
72 7
185 7
72 7
58 7
72 7
171 7
72 7
46 7
72 7
185 7
72 7
46 7
72 7
541 7
72 7
852 7
72 7
185 7
72 7
58 7
72 7
171 7
72 7
46 7
72 7
185 7
72 7
46 7
72 7
541 7
72 7
852 7
72 7
185 7
72 7
58 7
72 7
171 7
72 7
46 7
72 7
185 7
72 7
46 7
72 7
541 7
72 7
852 7
72 7
185 7
72 7
58 7
72 7
171 7
72 7
46 7
72 14
185 7
72 7
46 7
72 7
541 7
72 7
852 7
72 7
185 7
72 7
58 7
72 7
171 7
72 7
46 7
72 7
185 7
72 7
46 7
72 7
541 7
72 7
852 7
72 7
185 7
72 7
58 7
72 7
171 7
72 7
46 7
72 14
185 7
72 7
46 7
72 7
541 7
72 7
852 7
72 7
185 7
72 7
58 7
72 7
171 7
72 7
46 7
72 7
185 7
72 7
46 7
72 7
541 7
72 7
852 7
72 7
185 7
72 7
58 7
72 7
171 7
72 7
46 7
72 7
185 7
72 7
46 7
72 7
541 7
72 7
852 7
72 7
185 7
72 7
58 7
72 7
171 7
72 7
46 7
72 7
185 7
72 7
46 7
72 7
541 7
72 7
852 7
72 7
185 7
72 7
58 7
72 7
171 7
72 7
46 7
72 7
185 7
72 7
46 7
72 7
541 7
72 7
852 7
72 7
185 7
72 7
58 7
72 7
171 7
72 7
46 7
72 13
185 7
72 7
46 7
72 7
541 7
72 7
852 7
72 7
185 7
72 7
58 7
72 7
171 7
72 7
46 7
72 7
185 7
72 7
46 7
72 7
541 7
72 7
852 7
72 7
185 7
72 7
58 7
72 7
171 7
72 7
46 7
72 7
185 7
72 7
46 7
72 7
541 7
72 7
852 7
72 7
185 7
72 7
58 7
72 7
171 7
72 7
46 7
72 7
185 7
72 7
46 7
72 7
541 7
72 7
852 7
72 7
185 7
72 7
58 7
72 7
171 7
72 7
46 7
72 7
185 7
72 7
46 7
72 7
541 7
72 7
852 7
72 7
185 7
72 7
58 7
72 7
171 7
72 7
46 7
72 7
185 7
72 7
46 7
72 7
541 7
72 7
852 7
72 7
185 7
72 7
58 7
72 7
171 7
72 7
46 7
E
S
H
72 14
60 2
55 2
51 2
48 2
60 2
55 2
51 2
48 2
58 2
53 2
50 2
46 2
58 2
53 2
50 2
46 2
56 2
51 2
48 2
44 2
56 2
51 2
48 2
44 2
58 2
53 2
50 2
46 2
58 2
50 2
53 2
46 2
60 2
55 2
51 2
48 2
60 2
55 2
51 2
48 2
58 2
53 2
50 2
46 2
58 2
53 2
50 2
46 2
62 2
58 2
55 2
50 2
62 2
58 2
55 2
50 2
62 2
58 2
55 2
50 2
62 2
58 2
55 2
58 2
60 2
55 2
51 2
48 2
60 2
55 2
51 2
48 2
58 2
53 2
50 2
46 2
58 2
53 2
50 2
46 2
56 2
51 2
48 2
44 2
56 2
51 2
48 2
44 2
58 2
53 2
50 2
46 2
58 2
50 2
53 2
46 2
60 2
55 2
51 2
48 2
60 2
55 2
51 2
48 2
58 2
53 2
50 2
46 2
58 2
53 2
50 2
46 2
62 2
58 2
55 2
50 2
62 2
58 2
55 2
50 2
62 2
58 2
55 2
50 2
62 2
58 2
55 2
58 2
72 14
60 2
55 2
51 2
48 2
60 2
55 2
51 2
48 2
58 2
53 2
50 2
46 2
58 2
53 2
50 2
46 2
56 2
51 2
48 2
44 2
56 2
51 2
48 2
44 2
58 2
53 2
50 2
46 2
58 2
50 2
53 2
46 2
60 2
55 2
51 2
48 2
60 2
55 2
51 2
48 2
58 2
53 2
50 2
46 2
58 2
53 2
50 2
46 2
62 2
58 2
55 2
50 2
62 2
58 2
55 2
50 2
62 2
58 2
55 2
50 2
62 2
58 2
55 2
50 2
62 2
58 2
55 2
50 2
62 2
58 2
55 2
50 2
62 2
58 2
55 2
50 2
62 2
58 2
55 2
50 2
72 14
60 2
55 2
51 2
48 2
60 2
55 2
51 2
48 2
58 2
53 2
50 2
46 2
58 2
53 2
50 2
46 2
56 2
51 2
48 2
44 2
56 2
51 2
48 2
44 2
58 2
53 2
50 2
46 2
58 2
50 2
53 2
46 2
60 2
55 2
51 2
48 2
60 2
55 2
51 2
48 2
58 2
53 2
50 2
46 2
58 2
53 2
50 2
46 2
62 2
58 2
55 2
50 2
62 2
58 2
55 2
50 2
62 2
58 2
55 2
50 2
62 2
58 2
55 2
58 2
60 2
55 2
51 2
48 2
60 2
55 2
51 2
48 2
58 2
53 2
50 2
46 2
58 2
53 2
50 2
46 2
56 2
51 2
48 2
44 2
56 2
51 2
48 2
44 2
58 2
53 2
50 2
46 2
58 2
50 2
53 2
46 2
60 2
55 2
51 2
48 2
60 2
55 2
51 2
48 2
58 2
53 2
50 2
46 2
58 2
53 2
50 2
46 2
62 2
58 2
55 2
50 2
62 2
58 2
55 2
50 2
62 2
58 2
55 2
50 2
62 2
58 2
55 2
58 2
72 14
60 2
55 2
51 2
48 2
60 2
55 2
51 2
48 2
58 2
53 2
50 2
46 2
58 2
53 2
50 2
46 2
56 2
51 2
48 2
44 2
56 2
51 2
48 2
44 2
58 2
53 2
50 2
46 2
58 2
50 2
53 2
46 2
60 2
55 2
51 2
48 2
60 2
55 2
51 2
48 2
58 2
53 2
50 2
46 2
58 2
53 2
50 2
46 2
62 2
58 2
55 2
50 2
62 2
58 2
55 2
50 2
62 2
58 2
55 2
50 2
62 2
58 2
55 2
58 2
60 2
55 2
51 2
48 2
60 2
55 2
51 2
48 2
58 2
53 2
50 2
46 2
58 2
53 2
50 2
46 2
56 2
51 2
48 2
44 2
56 2
51 2
48 2
44 2
58 2
53 2
50 2
46 2
58 2
50 2
53 2
46 2
60 2
55 2
51 2
48 2
60 2
55 2
51 2
48 2
58 2
53 2
50 2
46 2
58 2
53 2
50 2
46 2
62 2
58 2
55 2
50 2
62 2
58 2
55 2
50 2
62 2
58 2
55 2
50 2
62 2
58 2
55 2
58 2
60 2
55 2
51 2
48 2
60 2
55 2
51 2
48 2
58 2
53 2
50 2
46 2
58 2
53 2
50 2
46 2
56 2
51 2
48 2
44 2
56 2
51 2
48 2
44 2
58 2
53 2
50 2
46 2
58 2
50 2
53 2
46 2
60 2
55 2
51 2
48 2
60 2
55 2
51 2
48 2
58 2
53 2
50 2
46 2
58 2
53 2
50 2
46 2
62 2
58 2
55 2
50 2
62 2
58 2
55 2
50 2
62 2
58 2
55 2
50 2
62 2
58 2
55 2
58 2
62 2
58 2
55 2
50 2
62 2
58 2
55 2
50 2
62 2
58 2
55 2
50 2
62 2
58 2
55 2
58 2
60 2
55 2
51 2
48 2
60 2
55 2
51 2
48 2
58 2
53 2
50 2
46 2
58 2
53 2
50 2
46 2
56 2
51 2
48 2
44 2
56 2
51 2
48 2
44 2
58 2
53 2
50 2
46 2
58 2
50 2
53 2
46 2
60 2
55 2
51 2
48 2
60 2
55 2
51 2
48 2
58 2
53 2
50 2
46 2
58 2
53 2
50 2
46 2
62 2
58 2
55 2
50 2
62 2
58 2
55 2
50 2
62 2
58 2
55 2
50 2
62 2
58 2
55 2
58 2
60 2
55 2
51 2
48 2
60 2
55 2
51 2
48 2
58 2
53 2
50 2
46 2
58 2
53 2
50 2
46 2
56 2
51 2
48 2
44 2
56 2
51 2
48 2
44 2
58 2
53 2
50 2
46 2
58 2
50 2
53 2
46 2
60 2
55 2
51 2
48 2
60 2
55 2
51 2
48 2
58 2
53 2
50 2
46 2
58 2
53 2
50 2
46 2
62 2
58 2
55 2
50 2
62 2
58 2
55 2
50 2
62 2
58 2
55 2
50 2
62 2
58 2
55 2
58 2
60 2
55 2
51 2
48 2
60 2
55 2
51 2
48 2
58 2
53 2
50 2
46 2
58 2
53 2
50 2
46 2
56 2
51 2
48 2
44 2
56 2
51 2
48 2
44 2
58 2
53 2
50 2
46 2
58 2
50 2
53 2
46 2
60 2
55 2
51 2
48 2
60 2
55 2
51 2
48 2
58 2
53 2
50 2
46 2
58 2
53 2
50 2
46 2
62 2
58 2
55 2
50 2
62 2
58 2
55 2
50 2
62 2
58 2
55 2
50 2
62 2
58 2
55 2
58 2
60 2
55 2
51 2
48 2
60 2
55 2
51 2
48 2
58 2
53 2
50 2
46 2
58 2
53 2
50 2
46 2
56 2
51 2
48 2
44 2
56 2
51 2
48 2
44 2
58 2
53 2
50 2
46 2
58 2
50 2
53 2
46 2
60 2
55 2
51 2
48 2
60 2
55 2
51 2
48 2
58 2
53 2
50 2
46 2
58 2
53 2
50 2
46 2
62 2
58 2
55 2
50 2
62 2
58 2
55 2
50 2
62 2
58 2
55 2
50 2
62 2
58 2
55 2
58 2
E
S
H
72 14
48 7
60 7
58 11
50 7
51 7
53 7
46 11
48 7
60 7
58 11
50 13
48 7
60 7
58 11
50 7
51 7
53 7
46 11
48 7
60 7
58 11
50 13
72 14
48 7
60 7
58 11
50 7
51 7
53 7
46 11
48 7
60 7
58 11
50 13
48 7
60 7
58 11
50 7
51 7
53 7
46 11
48 7
60 7
58 11
50 13
72 14
48 7
60 7
58 11
50 7
51 7
53 7
46 11
48 7
60 7
58 11
50 13
48 7
60 7
58 11
50 7
51 7
53 7
46 11
48 7
60 7
58 11
50 12
72 13
48 7
60 7
58 11
50 7
51 7
53 7
46 11
48 7
60 7
58 11
50 13
48 7
60 7
58 11
50 7
51 7
53 7
46 11
48 7
60 7
58 11
50 13
48 7
60 7
58 11
50 7
51 7
53 7
46 11
48 7
60 7
58 11
50 13
48 7
60 7
58 11
50 7
51 7
53 7
46 11
48 7
60 7
58 11
50 13
48 7
60 7
58 11
50 7
51 7
53 7
46 11
48 7
60 7
58 11
50 13
48 7
60 7
58 11
50 7
51 7
53 7
46 11
48 7
60 7
58 11
50 13
E
S
H
72 14
135 13
72 14
60 13
60 13
72 13
60 13
72 13
60 7
72 12
60 13
60 13
60 13
60 13
72 13
60 13
60 13
72 13
60 7
72 12
60 7
72 12
135 13
60 13
60 13
60 13
60 13
72 13
60 7
72 12
60 7
72 12
60 13
E
S
L
72 14
12 2
72 2
12 2
72 4
12 2
72 2
12 2
10 2
72 2
10 2
72 4
10 2
72 2
10 2
8 2
72 2
8 2
72 4
8 2
72 2
8 2
7 2
72 2
7 2
72 4
7 2
72 2
7 2
12 2
72 2
12 2
72 4
12 2
72 2
10 2
15 2
72 2
15 2
72 4
15 2
72 2
15 2
14 2
72 2
14 2
72 4
14 2
72 2
14 2
72 4
14 2
72 4
10 2
72 2
10 2
12 2
72 2
12 2
72 4
12 2
72 2
12 2
10 2
72 2
10 2
72 4
10 2
72 2
10 2
8 2
72 2
8 2
72 4
8 2
72 2
8 2
7 2
72 2
7 2
72 4
7 2
72 2
7 2
12 2
72 2
12 2
72 4
12 2
72 2
10 2
15 2
72 2
15 2
72 4
15 2
72 2
15 2
14 2
72 2
14 2
72 4
14 2
72 2
14 2
14 2
72 2
14 2
72 4
10 2
72 2
10 2
12 2
72 2
12 2
72 4
12 2
72 2
12 2
10 2
72 2
10 2
72 4
10 2
72 2
10 2
8 2
72 2
8 2
72 4
8 2
72 2
8 2
7 2
72 2
7 2
72 4
7 2
72 2
7 2
12 2
72 2
12 2
72 4
12 2
72 2
10 2
15 2
72 2
15 2
72 4
15 2
72 2
15 2
14 2
72 2
14 2
72 4
14 2
72 2
14 2
14 2
72 2
14 2
72 4
10 2
72 2
10 2
12 2
72 2
12 2
72 4
12 2
72 2
12 2
10 2
72 2
10 2
72 4
10 2
72 2
10 2
8 2
72 2
8 2
72 4
8 2
72 2
8 2
7 2
72 2
7 2
72 4
7 2
72 2
7 2
12 2
72 2
12 2
72 4
12 2
72 2
10 2
15 2
72 2
15 2
72 4
15 2
72 2
15 2
14 2
72 2
14 2
72 4
14 2
72 2
14 2
14 2
72 2
14 2
72 4
10 2
72 2
10 2
12 2
72 2
12 2
12 2
12 2
72 2
12 2
72 2
8 2
72 2
8 2
8 2
8 2
72 2
8 2
72 2
10 2
72 2
10 2
72 2
10 7
10 2
10 2
7 2
72 2
7 2
72 2
7 7
7 2
7 2
12 2
72 2
12 2
72 2
12 2
72 2
12 2
72 2
8 2
72 2
8 2
8 2
8 2
72 2
8 2
72 2
10 2
72 2
10 2
10 2
72 4
10 2
72 2
10 2
72 2
10 2
10 2
72 4
10 2
72 2
12 2
72 2
12 2
72 2
12 7
12 2
12 2
8 2
72 2
8 2
72 2
8 2
72 2
8 2
8 2
10 2
72 2
10 2
10 2
72 4
10 2
10 2
7 2
72 2
7 2
7 2
72 4
7 2
7 2
12 2
72 2
12 2
12 2
72 4
12 2
72 2
8 2
72 2
8 2
72 2
8 7
8 2
8 2
10 2
72 2
10 2
72 2
10 7
10 2
10 2
72 4
10 2
72 2
10 2
72 2
10 2
72 2
12 2
72 2
12 2
72 4
12 2
72 2
12 2
10 2
72 2
10 2
72 4
10 2
72 2
10 2
8 2
72 2
8 2
72 4
8 2
72 2
8 2
7 2
72 2
7 2
72 4
7 2
72 2
7 2
12 2
72 2
12 2
72 4
12 2
72 2
10 2
15 2
72 2
15 2
72 4
15 2
72 2
15 2
14 2
72 2
14 2
72 4
14 2
72 2
14 2
14 2
72 2
14 2
72 4
10 2
72 2
10 2
12 13
12 13
72 13
14 13
12 13
72 13
12 14
14 13
72 4
12 2
72 2
12 2
72 2
12 2
72 2
8 2
72 2
8 2
8 2
8 2
72 2
8 2
8 2
10 2
72 2
10 2
72 2
10 7
10 2
10 2
7 2
72 2
7 2
72 2
7 7
7 2
12 2
72 2
12 2
12 2
12 2
72 2
12 2
72 2
8 2
72 2
8 2
8 2
8 2
72 2
8 2
72 2
10 2
72 2
10 2
10 2
10 2
72 2
10 2
10 2
72 4
10 2
72 2
10 2
72 2
10 2
72 2
12 2
72 2
12 2
72 2
12 7
12 2
12 2
8 2
72 2
8 2
72 2
8 7
8 2
8 2
10 2
72 2
10 2
10 2
72 4
10 2
72 2
7 2
72 2
7 2
7 2
7 2
72 2
7 2
72 2
12 2
72 2
12 2
12 2
72 4
12 2
72 2
8 2
72 2
8 2
72 2
8 2
72 2
8 2
8 2
10 2
72 2
10 2
72 2
10 2
72 2
10 2
10 2
10 2
72 2
10 2
10 2
72 4
10 2
10 2
12 2
72 2
12 2
72 2
12 2
72 2
12 2
12 2
8 2
72 2
8 2
8 2
72 4
8 2
72 2
10 2
72 2
10 2
10 2
10 2
72 2
10 2
72 2
7 2
72 2
7 2
7 2
7 2
72 2
7 2
7 2
12 2
72 2
12 2
12 2
12 2
72 2
12 2
72 2
8 2
72 2
8 2
72 2
8 7
8 2
10 2
72 2
10 2
10 2
72 4
10 2
10 2
72 4
10 2
72 2
10 7
10 2
10 2
E
S
H
72 14
59 2
72 13
59 2
72 13
59 2
72 13
59 2
72 13
59 2
72 13
59 2
72 13
59 2
72 13
59 2
72 13
59 2
72 13
59 2
72 13
59 2
72 13
59 2
72 13
59 2
72 13
59 2
72 13
59 2
72 13
59 2
72 13
59 2
72 13
59 2
72 13
59 2
72 13
59 2
72 13
59 2
72 13
59 2
72 13
59 2
72 13
59 2
72 13
59 2
72 13
59 2
72 13
59 2
72 13
59 2
72 13
59 2
72 13
59 2
72 13
59 2
72 13
59 2
72 13
59 2
72 13
59 2
72 13
59 2
72 13
59 2
72 13
59 2
72 13
59 2
72 13
59 2
72 13
59 2
72 13
59 2
72 13
59 2
72 13
59 2
72 13
59 2
72 13
59 2
72 13
59 2
72 13
59 2
72 13
59 2
72 13
59 2
72 13
59 2
72 13
59 2
72 13
59 2
72 13
59 2
72 13
59 2
72 13
59 2
72 13
59 2
72 13
59 2
72 13
59 2
72 13
59 2
72 13
59 2
72 13
59 2
72 13
59 2
72 13
59 2
72 13
59 2
E
S
H
72 14
60 7
60 7
70 11
62 7
63 7
65 7
58 11
60 7
60 7
70 11
62 13
60 7
60 7
70 11
62 7
63 7
65 7
58 11
60 7
60 7
70 11
62 13
72 14
60 7
60 7
70 11
62 7
63 7
65 7
58 11
60 7
60 7
70 11
62 13
60 7
60 7
70 11
62 7
63 7
65 7
58 11
60 7
60 7
70 11
62 13
72 14
60 7
60 7
70 11
62 7
63 7
65 7
58 11
60 7
60 7
70 11
62 13
60 7
60 7
70 11
62 7
63 7
65 7
58 11
60 7
60 7
70 11
62 12
72 13
60 7
60 7
70 11
62 7
63 7
65 7
58 11
60 7
60 7
70 11
62 13
60 7
60 7
70 11
62 7
63 7
65 7
58 11
60 7
60 7
70 11
62 13
60 7
60 7
70 11
62 7
63 7
65 7
58 11
60 7
60 7
70 11
62 13
60 7
60 7
70 11
62 7
63 7
65 7
58 11
60 7
60 7
70 11
62 13
60 7
60 7
70 11
62 7
63 7
65 7
58 11
60 7
60 7
70 11
62 13
60 7
60 7
70 11
62 7
63 7
65 7
58 11
60 7
60 7
70 11
62 13
E
S
H
72 14
60 2
55 2
51 2
48 2
60 2
55 2
51 2
48 2
58 2
53 2
50 2
46 2
58 2
53 2
50 2
46 2
56 2
51 2
48 2
44 2
56 2
51 2
48 2
44 2
58 2
53 2
50 2
46 2
58 2
50 2
53 2
46 2
60 2
55 2
51 2
48 2
60 2
55 2
51 2
48 2
58 2
53 2
50 2
46 2
58 2
53 2
50 2
46 2
62 2
58 2
55 2
50 2
62 2
58 2
55 2
50 2
62 2
58 2
55 2
50 2
62 2
58 2
55 2
58 2
60 2
55 2
51 2
48 2
60 2
55 2
51 2
48 2
58 2
53 2
50 2
46 2
58 2
53 2
50 2
46 2
56 2
51 2
48 2
44 2
56 2
51 2
48 2
44 2
58 2
53 2
50 2
46 2
58 2
50 2
53 2
46 2
60 2
55 2
51 2
48 2
60 2
55 2
51 2
48 2
58 2
53 2
50 2
46 2
58 2
53 2
50 2
46 2
62 2
58 2
55 2
50 2
62 2
58 2
55 2
50 2
62 2
58 2
55 2
50 2
62 2
58 2
55 2
58 2
72 14
60 2
55 2
51 2
48 2
60 2
55 2
51 2
48 2
58 2
53 2
50 2
46 2
58 2
53 2
50 2
46 2
56 2
51 2
48 2
44 2
56 2
51 2
48 2
44 2
58 2
53 2
50 2
46 2
58 2
50 2
53 2
46 2
60 2
55 2
51 2
48 2
60 2
55 2
51 2
48 2
58 2
53 2
50 2
46 2
58 2
53 2
50 2
46 2
62 2
58 2
55 2
50 2
62 2
58 2
55 2
50 2
62 2
58 2
55 2
50 2
62 2
58 2
55 2
50 2
62 2
58 2
55 2
50 2
62 2
58 2
55 2
50 2
62 2
58 2
55 2
50 2
62 2
58 2
55 2
50 2
72 14
60 2
55 2
51 2
48 2
60 2
55 2
51 2
48 2
58 2
53 2
50 2
46 2
58 2
53 2
50 2
46 2
56 2
51 2
48 2
44 2
56 2
51 2
48 2
44 2
58 2
53 2
50 2
46 2
58 2
50 2
53 2
46 2
60 2
55 2
51 2
48 2
60 2
55 2
51 2
48 2
58 2
53 2
50 2
46 2
58 2
53 2
50 2
46 2
62 2
58 2
55 2
50 2
62 2
58 2
55 2
50 2
62 2
58 2
55 2
50 2
62 2
58 2
55 2
58 2
60 2
55 2
51 2
48 2
60 2
55 2
51 2
48 2
58 2
53 2
50 2
46 2
58 2
53 2
50 2
46 2
56 2
51 2
48 2
44 2
56 2
51 2
48 2
44 2
58 2
53 2
50 2
46 2
58 2
50 2
53 2
46 2
60 2
55 2
51 2
48 2
60 2
55 2
51 2
48 2
58 2
53 2
50 2
46 2
58 2
53 2
50 2
46 2
62 2
58 2
55 2
50 2
62 2
58 2
55 2
50 2
62 2
58 2
55 2
50 2
62 2
58 2
55 2
58 2
72 14
60 2
55 2
51 2
48 2
60 2
55 2
51 2
48 2
58 2
53 2
50 2
46 2
58 2
53 2
50 2
46 2
56 2
51 2
48 2
44 2
56 2
51 2
48 2
44 2
58 2
53 2
50 2
46 2
58 2
50 2
53 2
46 2
60 2
55 2
51 2
48 2
60 2
55 2
51 2
48 2
58 2
53 2
50 2
46 2
58 2
53 2
50 2
46 2
62 2
58 2
55 2
50 2
62 2
58 2
55 2
50 2
62 2
58 2
55 2
50 2
62 2
58 2
55 2
58 2
60 2
55 2
51 2
48 2
60 2
55 2
51 2
48 2
58 2
53 2
50 2
46 2
58 2
53 2
50 2
46 2
56 2
51 2
48 2
44 2
56 2
51 2
48 2
44 2
58 2
53 2
50 2
46 2
58 2
50 2
53 2
46 2
60 2
55 2
51 2
48 2
60 2
55 2
51 2
48 2
58 2
53 2
50 2
46 2
58 2
53 2
50 2
46 2
62 2
58 2
55 2
50 2
62 2
58 2
55 2
50 2
62 2
58 2
55 2
50 2
62 2
58 2
55 2
58 2
60 2
55 2
51 2
48 2
60 2
55 2
51 2
48 2
58 2
53 2
50 2
46 2
58 2
53 2
50 2
46 2
56 2
51 2
48 2
44 2
56 2
51 2
48 2
44 2
58 2
53 2
50 2
46 2
58 2
50 2
53 2
46 2
60 2
55 2
51 2
48 2
60 2
55 2
51 2
48 2
58 2
53 2
50 2
46 2
58 2
53 2
50 2
46 2
62 2
58 2
55 2
50 2
62 2
58 2
55 2
50 2
62 2
58 2
55 2
50 2
62 2
58 2
55 2
58 2
62 2
58 2
55 2
50 2
62 2
58 2
55 2
50 2
62 2
58 2
55 2
50 2
62 2
58 2
55 2
58 2
60 2
55 2
51 2
48 2
60 2
55 2
51 2
48 2
58 2
53 2
50 2
46 2
58 2
53 2
50 2
46 2
56 2
51 2
48 2
44 2
56 2
51 2
48 2
44 2
58 2
53 2
50 2
46 2
58 2
50 2
53 2
46 2
60 2
55 2
51 2
48 2
60 2
55 2
51 2
48 2
58 2
53 2
50 2
46 2
58 2
53 2
50 2
46 2
62 2
58 2
55 2
50 2
62 2
58 2
55 2
50 2
62 2
58 2
55 2
50 2
62 2
58 2
55 2
58 2
60 2
55 2
51 2
48 2
60 2
55 2
51 2
48 2
58 2
53 2
50 2
46 2
58 2
53 2
50 2
46 2
56 2
51 2
48 2
44 2
56 2
51 2
48 2
44 2
58 2
53 2
50 2
46 2
58 2
50 2
53 2
46 2
60 2
55 2
51 2
48 2
60 2
55 2
51 2
48 2
58 2
53 2
50 2
46 2
58 2
53 2
50 2
46 2
62 2
58 2
55 2
50 2
62 2
58 2
55 2
50 2
62 2
58 2
55 2
50 2
62 2
58 2
55 2
58 2
60 2
55 2
51 2
48 2
60 2
55 2
51 2
48 2
58 2
53 2
50 2
46 2
58 2
53 2
50 2
46 2
56 2
51 2
48 2
44 2
56 2
51 2
48 2
44 2
58 2
53 2
50 2
46 2
58 2
50 2
53 2
46 2
60 2
55 2
51 2
48 2
60 2
55 2
51 2
48 2
58 2
53 2
50 2
46 2
58 2
53 2
50 2
46 2
62 2
58 2
55 2
50 2
62 2
58 2
55 2
50 2
62 2
58 2
55 2
50 2
62 2
58 2
55 2
58 2
60 2
55 2
51 2
48 2
60 2
55 2
51 2
48 2
58 2
53 2
50 2
46 2
58 2
53 2
50 2
46 2
56 2
51 2
48 2
44 2
56 2
51 2
48 2
44 2
58 2
53 2
50 2
46 2
58 2
50 2
53 2
46 2
60 2
55 2
51 2
48 2
60 2
55 2
51 2
48 2
58 2
53 2
50 2
46 2
58 2
53 2
50 2
46 2
62 2
58 2
55 2
50 2
62 2
58 2
55 2
50 2
62 2
58 2
55 2
50 2
62 2
58 2
55 2
58 2
E
X
