major
S
H
36 4
38 4
40 4
41 7
40 4
36 4
38 4
40 4
41 7
40 4
36 4
38 4
40 4
41 7
40 4
43 11
40 7
41 7
38 7
40 7
41 4
40 4
41 11
40 2
41 2
43 4
41 2
40 2
41 4
40 2
38 2
36 4
43 11
36 4
38 4
40 4
41 7
40 4
36 4
38 4
40 4
41 7
40 4
36 4
38 4
40 4
41 7
40 4
43 11
40 7
41 7
38 7
40 7
41 4
40 4
41 11
40 2
41 2
43 4
41 2
40 2
41 4
40 2
38 2
36 4
43 11
E
S
H
36 4
38 4
40 4
41 7
40 4
36 4
38 4
40 4
41 7
40 4
36 4
38 4
40 4
41 7
40 4
43 11
40 7
41 7
38 7
40 7
41 4
40 4
41 11
40 2
41 2
43 4
41 2
40 2
41 4
40 2
38 2
36 4
43 11
36 4
38 4
40 4
41 7
40 4
36 4
38 4
40 4
41 7
40 4
36 4
38 4
40 4
41 7
40 4
43 11
40 7
41 7
38 7
40 7
41 4
40 4
41 11
40 2
41 2
43 4
41 2
40 2
41 4
40 2
38 2
36 4
43 11
E
S
H
36 4
38 4
40 4
41 7
40 4
36 4
38 4
40 4
41 7
40 4
36 4
38 4
40 4
41 7
40 4
43 11
40 7
41 7
38 7
40 7
41 4
40 4
41 11
40 2
41 2
43 4
41 2
40 2
41 4
40 2
38 2
36 4
43 11
36 4
38 4
40 4
41 7
40 4
36 4
38 4
40 4
41 7
40 4
36 4
38 4
40 4
41 7
40 4
43 11
40 7
41 7
38 7
40 7
41 4
40 4
41 11
40 2
41 2
43 4
41 2
40 2
41 4
40 2
38 2
36 4
43 11
E
X
