major
S
H
72 14
45 2
44 2
45 2
42 2
44 4
42 2
40 2
42 2
72 2
38 2
72 2
40 2
72 2
45 2
44 2
45 2
44 2
45 2
42 2
44 4
42 2
40 2
42 13
72 14
45 2
43 2
45 2
41 2
43 4
41 2
40 2
41 2
72 2
38 2
72 2
40 2
72 2
45 2
43 2
45 2
43 2
45 2
41 2
43 4
41 2
40 2
41 14
72 14
43 7
43 7
43 7
42 4
40 4
39 4
40 4
42 4
39 4
35 7
37 4
39 4
43 7
43 7
43 7
42 4
40 4
45 7
42 7
38 11
47 7
47 7
47 7
45 4
43 4
42 4
43 4
45 4
42 4
38 7
40 4
42 4
43 7
40 7
39 9
40 4
40 14
45 2
44 2
45 2
42 2
44 4
42 2
40 2
42 2
72 2
38 2
72 2
40 2
72 2
45 2
44 2
45 2
44 2
45 2
42 2
44 4
42 2
40 2
42 13
72 14
45 2
43 2
45 2
41 2
43 4
41 2
40 2
41 2
72 2
38 2
72 2
40 2
72 2
45 2
43 2
45 2
43 2
45 2
41 2
43 4
41 2
40 2
41 14
72 14
43 7
43 7
43 7
42 4
40 4
39 4
40 4
42 4
39 4
35 7
37 4
39 4
43 7
43 7
43 7
42 4
40 4
45 7
42 7
38 11
47 7
47 7
47 7
45 4
43 4
42 4
43 4
45 4
42 4
38 7
40 4
42 4
43 7
40 7
39 9
40 4
40 14
E
S
H
72 14
45 2
44 2
45 2
42 2
44 4
42 2
40 2
42 2
72 2
38 2
72 2
40 2
72 2
45 2
44 2
45 2
44 2
45 2
42 2
44 4
42 2
40 2
42 13
72 14
45 2
43 2
45 2
41 2
43 4
41 2
40 2
41 2
72 2
38 2
72 2
40 2
72 2
45 2
43 2
45 2
43 2
45 2
41 2
43 4
41 2
40 2
41 14
72 14
43 7
43 7
43 7
42 4
40 4
39 4
40 4
42 4
39 4
35 7
37 4
39 4
43 7
43 7
43 7
42 4
40 4
45 7
42 7
38 11
47 7
47 7
47 7
45 4
43 4
42 4
43 4
45 4
42 4
38 7
40 4
42 4
43 7
40 7
39 9
40 4
40 14
45 2
44 2
45 2
42 2
44 4
42 2
40 2
42 2
72 2
38 2
72 2
40 2
72 2
45 2
44 2
45 2
44 2
45 2
42 2
44 4
42 2
40 2
42 13
72 14
45 2
43 2
45 2
41 2
43 4
41 2
40 2
41 2
72 2
38 2
72 2
40 2
72 2
45 2
43 2
45 2
43 2
45 2
41 2
43 4
41 2
40 2
41 14
72 14
43 7
43 7
43 7
42 4
40 4
39 4
40 4
42 4
39 4
35 7
37 4
39 4
43 7
43 7
43 7
42 4
40 4
45 7
42 7
38 11
47 7
47 7
47 7
45 4
43 4
42 4
43 4
45 4
42 4
38 7
40 4
42 4
43 7
40 7
39 9
40 4
40 14
E
S
L
72 14
9 2
72 2
21 2
21 2
9 2
72 2
21 2
9 2
9 2
72 2
21 2
9 2
9 2
72 2
21 2
21 2
9 2
72 2
21 2
21 2
9 2
72 2
21 2
9 2
9 2
72 2
21 2
9 2
9 2
72 2
21 2
21 2
9 2
72 2
21 2
21 2
9 2
72 2
21 2
9 2
9 2
72 2
21 2
9 2
9 2
72 2
21 2
21 2
9 2
72 2
21 2
21 2
9 2
72 2
21 2
9 2
9 2
72 2
21 2
9 2
9 2
72 2
21 2
21 2
9 2
72 2
21 2
21 2
9 2
72 2
21 2
9 2
9 2
72 2
21 2
9 2
9 2
72 2
21 2
21 2
9 2
72 2
21 2
21 2
9 2
72 2
21 2
9 2
9 2
72 2
21 2
9 2
9 2
72 2
21 2
21 2
9 2
72 2
21 2
21 2
9 2
72 2
21 2
9 2
9 2
72 2
21 2
9 2
9 2
72 2
21 2
21 2
9 2
72 2
21 2
21 2
9 2
72 2
21 2
9 2
9 2
72 2
21 2
9 2
9 2
72 2
21 2
21 2
9 2
72 2
21 2
21 2
9 2
72 2
21 2
9 2
9 2
72 2
21 2
9 2
9 2
72 2
21 2
21 2
9 2
72 2
21 2
21 2
9 2
72 2
21 2
9 2
9 2
72 2
21 2
9 2
9 2
72 2
21 2
21 2
9 2
72 2
21 2
21 2
9 2
72 2
21 2
9 2
9 2
72 2
21 2
9 2
9 2
72 2
21 2
21 2
9 2
72 2
21 2
21 2
9 2
72 2
21 2
9 2
9 2
72 2
21 2
9 2
9 2
72 2
21 2
21 2
9 2
72 2
21 2
21 2
9 2
72 2
21 2
9 2
9 2
72 2
21 2
9 2
9 2
72 2
21 2
21 2
9 2
72 2
21 2
21 2
9 2
72 2
21 2
9 2
10 2
72 2
22 2
10 2
10 2
72 2
22 2
22 2
10 2
72 2
22 2
22 2
10 2
72 2
22 2
10 2
10 2
72 2
22 2
10 2
10 2
72 2
22 2
22 2
10 2
72 2
22 2
22 2
10 2
72 2
22 2
72 2
9 2
72 2
21 2
21 2
9 2
72 2
21 2
9 2
9 2
72 2
21 2
9 2
9 2
72 2
21 2
21 2
9 2
72 2
21 2
21 2
9 2
72 2
21 2
9 2
9 2
72 2
21 2
9 2
9 2
72 2
21 2
21 2
9 2
72 2
21 2
21 2
9 2
72 2
21 2
9 2
9 2
72 2
21 2
9 2
9 2
72 2
21 2
21 2
9 2
72 2
21 2
21 2
9 2
72 2
21 2
9 2
9 2
72 2
21 2
9 2
9 2
72 2
21 2
21 2
9 2
72 2
21 2
21 2
9 2
72 2
21 2
9 2
9 2
72 2
21 2
9 2
9 2
72 2
21 2
21 2
72 4
16 2
16 2
72 4
16 2
16 2
72 4
16 2
16 2
72 4
16 2
16 2
72 4
11 2
11 2
72 4
11 2
11 2
72 4
11 2
11 2
72 4
11 2
11 2
72 4
16 2
16 2
72 4
16 2
16 2
72 4
16 2
16 2
72 4
16 2
16 2
72 4
14 2
14 2
72 4
14 2
14 2
72 4
14 2
14 2
72 4
14 2
14 2
72 4
19 2
19 2
72 4
19 2
19 2
72 4
19 2
19 2
72 4
19 2
19 2
72 4
14 2
14 2
72 4
14 2
14 2
72 4
14 2
14 2
72 4
14 2
14 2
72 4
12 2
12 2
72 4
12 2
12 2
72 4
11 2
11 2
72 4
11 2
11 2
72 4
16 2
16 2
72 4
16 2
16 2
72 4
16 2
16 2
72 4
16 2
16 2
72 4
16 2
16 2
72 4
16 2
16 2
72 4
16 2
16 2
72 4
16 2
16 2
72 14
9 2
72 2
21 2
21 2
9 2
72 2
21 2
9 2
9 2
72 2
21 2
9 2
9 2
72 2
21 2
21 2
9 2
72 2
21 2
21 2
9 2
72 2
21 2
9 2
9 2
72 2
21 2
9 2
9 2
72 2
21 2
21 2
9 2
72 2
21 2
21 2
9 2
72 2
21 2
9 2
9 2
72 2
21 2
9 2
9 2
72 2
21 2
21 2
9 2
72 2
21 2
21 2
9 2
72 2
21 2
9 2
9 2
72 2
21 2
9 2
9 2
72 2
21 2
21 2
9 2
72 2
21 2
21 2
9 2
72 2
21 2
9 2
9 2
72 2
21 2
9 2
9 2
72 2
21 2
21 2
9 2
72 2
21 2
21 2
9 2
72 2
21 2
9 2
9 2
72 2
21 2
9 2
9 2
72 2
21 2
21 2
9 2
72 2
21 2
21 2
9 2
72 2
21 2
9 2
9 2
72 2
21 2
9 2
9 2
72 2
21 2
21 2
9 2
72 2
21 2
21 2
9 2
72 2
21 2
9 2
9 2
72 2
21 2
9 2
9 2
72 2
21 2
21 2
9 2
72 2
21 2
21 2
9 2
72 2
21 2
9 2
9 2
72 2
21 2
9 2
9 2
72 2
21 2
21 2
9 2
72 2
21 2
21 2
9 2
72 2
21 2
9 2
9 2
72 2
21 2
9 2
9 2
72 2
21 2
21 2
9 2
72 2
21 2
21 2
9 2
72 2
21 2
9 2
9 2
72 2
21 2
9 2
9 2
72 2
21 2
21 2
9 2
72 2
21 2
21 2
9 2
72 2
21 2
9 2
9 2
72 2
21 2
9 2
9 2
72 2
21 2
21 2
9 2
72 2
21 2
21 2
9 2
72 2
21 2
9 2
9 2
72 2
21 2
9 2
9 2
72 2
21 2
21 2
9 2
72 2
21 2
21 2
9 2
72 2
21 2
9 2
10 2
72 2
22 2
10 2
10 2
72 2
22 2
22 2
10 2
72 2
22 2
22 2
10 2
72 2
22 2
10 2
10 2
72 2
22 2
10 2
10 2
72 2
22 2
22 2
10 2
72 2
22 2
22 2
10 2
72 2
22 2
72 2
9 2
72 2
21 2
21 2
9 2
72 2
21 2
9 2
9 2
72 2
21 2
9 2
9 2
72 2
21 2
21 2
9 2
72 2
21 2
21 2
9 2
72 2
21 2
9 2
9 2
72 2
21 2
9 2
9 2
72 2
21 2
21 2
9 2
72 2
21 2
21 2
9 2
72 2
21 2
9 2
9 2
72 2
21 2
9 2
9 2
72 2
21 2
21 2
9 2
72 2
21 2
21 2
9 2
72 2
21 2
9 2
9 2
72 2
21 2
9 2
9 2
72 2
21 2
21 2
9 2
72 2
21 2
21 2
9 2
72 2
21 2
9 2
9 2
72 2
21 2
9 2
9 2
72 2
21 2
21 2
72 4
16 2
16 2
72 4
16 2
16 2
72 4
16 2
16 2
72 4
16 2
16 2
72 4
11 2
11 2
72 4
11 2
11 2
72 4
11 2
11 2
72 4
11 2
11 2
72 4
16 2
16 2
72 4
16 2
16 2
72 4
16 2
16 2
72 4
16 2
16 2
72 4
14 2
14 2
72 4
14 2
14 2
72 4
14 2
14 2
72 4
14 2
14 2
72 4
19 2
19 2
72 4
19 2
19 2
72 4
19 2
19 2
72 4
19 2
19 2
72 4
14 2
14 2
72 4
14 2
14 2
72 4
14 2
14 2
72 4
14 2
14 2
72 4
12 2
12 2
72 4
12 2
12 2
72 4
11 2
11 2
72 4
11 2
11 2
72 4
16 2
16 2
72 4
16 2
16 2
72 4
16 2
16 2
72 4
16 2
16 2
72 4
16 2
16 2
72 4
16 2
16 2
72 4
16 2
16 2
72 4
16 2
16 2
E
S
H
72 14
153 2
72 8
153 2
72 2
153 2
72 10
153 2
72 8
153 2
72 2
153 2
72 10
153 2
72 8
153 2
72 2
153 2
72 10
153 2
72 8
153 2
72 2
153 2
72 10
153 2
72 8
153 2
72 2
153 2
72 10
153 2
72 8
153 2
72 2
153 2
72 10
153 2
72 8
153 2
72 2
153 2
72 10
153 2
72 8
153 2
72 2
153 2
72 10
153 2
72 8
153 2
72 2
153 2
72 10
153 2
72 8
153 2
72 2
153 2
72 10
153 2
72 8
153 2
72 2
153 2
72 10
153 2
72 14
153 2
72 8
153 2
72 2
153 2
72 10
153 2
72 8
153 2
72 2
153 2
72 10
153 2
72 8
153 2
72 2
153 2
72 10
153 2
72 8
153 2
72 2
153 2
72 10
153 2
72 8
153 2
72 2
153 2
72 10
52 2
72 8
52 2
72 2
52 2
72 10
47 2
72 8
47 2
72 2
47 2
72 10
52 2
72 8
52 2
72 2
52 2
72 10
50 2
72 8
50 2
72 2
50 2
72 10
62 2
72 8
62 2
72 2
62 2
72 10
50 2
72 8
50 2
72 2
50 2
72 10
48 2
72 8
48 2
72 2
47 2
72 14
153 2
72 8
153 2
72 2
153 2
72 10
153 2
72 8
153 2
72 2
153 2
72 10
153 2
72 8
153 2
72 2
153 2
72 10
153 2
72 8
153 2
72 2
153 2
72 10
153 2
72 8
153 2
72 2
153 2
72 10
153 2
72 8
153 2
72 2
153 2
72 10
153 2
72 8
153 2
72 2
153 2
72 10
153 2
72 8
153 2
72 2
153 2
72 10
153 2
72 8
153 2
72 2
153 2
72 10
153 2
72 8
153 2
72 2
153 2
72 10
153 2
72 8
153 2
72 2
153 2
72 10
153 2
72 14
153 2
72 8
153 2
72 2
153 2
72 10
153 2
72 8
153 2
72 2
153 2
72 10
153 2
72 8
153 2
72 2
153 2
72 10
153 2
72 8
153 2
72 2
153 2
72 10
153 2
72 8
153 2
72 2
153 2
72 10
52 2
72 8
52 2
72 2
52 2
72 10
47 2
72 8
47 2
72 2
47 2
72 10
52 2
72 8
52 2
72 2
52 2
72 10
50 2
72 8
50 2
72 2
50 2
72 10
62 2
72 8
62 2
72 2
62 2
72 10
50 2
72 8
50 2
72 2
50 2
72 10
48 2
72 8
48 2
72 2
47 2
E
S
H
72 14
153 2
72 8
153 2
72 2
153 2
72 10
153 2
72 8
153 2
72 2
153 2
72 10
153 2
72 8
153 2
72 2
153 2
72 10
153 2
72 8
153 2
72 2
153 2
72 10
153 2
72 8
153 2
72 2
153 2
72 10
153 2
72 8
153 2
72 2
153 2
72 10
153 2
72 8
153 2
72 2
153 2
72 10
153 2
72 8
153 2
72 2
153 2
72 10
153 2
72 8
153 2
72 2
153 2
72 10
153 2
72 8
153 2
72 2
153 2
72 10
153 2
72 8
153 2
72 2
153 2
72 10
153 2
72 14
153 2
72 8
153 2
72 2
153 2
72 10
153 2
72 8
153 2
72 2
153 2
72 10
153 2
72 8
153 2
72 2
153 2
72 10
153 2
72 8
153 2
72 2
153 2
72 10
153 2
72 8
153 2
72 2
153 2
72 10
52 2
72 8
52 2
72 2
52 2
72 10
47 2
72 8
47 2
72 2
47 2
72 10
52 2
72 8
52 2
72 2
52 2
72 10
50 2
72 8
50 2
72 2
50 2
72 10
62 2
72 8
62 2
72 2
62 2
72 10
50 2
72 8
50 2
72 2
50 2
72 10
48 2
72 8
48 2
72 2
47 2
72 14
153 2
72 8
153 2
72 2
153 2
72 10
153 2
72 8
153 2
72 2
153 2
72 10
153 2
72 8
153 2
72 2
153 2
72 10
153 2
72 8
153 2
72 2
153 2
72 10
153 2
72 8
153 2
72 2
153 2
72 10
153 2
72 8
153 2
72 2
153 2
72 10
153 2
72 8
153 2
72 2
153 2
72 10
153 2
72 8
153 2
72 2
153 2
72 10
153 2
72 8
153 2
72 2
153 2
72 10
153 2
72 8
153 2
72 2
153 2
72 10
153 2
72 8
153 2
72 2
153 2
72 10
153 2
72 14
153 2
72 8
153 2
72 2
153 2
72 10
153 2
72 8
153 2
72 2
153 2
72 10
153 2
72 8
153 2
72 2
153 2
72 10
153 2
72 8
153 2
72 2
153 2
72 10
153 2
72 8
153 2
72 2
153 2
72 10
52 2
72 8
52 2
72 2
52 2
72 10
47 2
72 8
47 2
72 2
47 2
72 10
52 2
72 8
52 2
72 2
52 2
72 10
50 2
72 8
50 2
72 2
50 2
72 10
62 2
72 8
62 2
72 2
62 2
72 10
50 2
72 8
50 2
72 2
50 2
72 10
48 2
72 8
48 2
72 2
47 2
E
S
L
72 14
21 2
33 2
21 2
33 2
21 2
33 2
21 2
33 2
21 2
33 2
21 2
33 2
21 2
33 2
21 2
33 2
21 2
33 2
21 2
33 2
21 2
33 2
21 2
33 2
21 2
33 2
21 2
33 2
21 2
33 2
21 2
33 2
21 2
33 2
21 2
33 2
21 2
33 2
21 2
33 2
21 2
33 2
21 2
33 2
21 2
33 2
21 2
33 2
21 2
33 2
21 2
33 2
21 2
33 2
21 2
33 2
21 2
33 2
21 2
33 2
21 2
33 2
21 2
33 2
21 2
33 2
21 2
33 2
21 2
33 2
21 2
33 2
21 2
33 2
21 2
33 2
21 2
33 2
21 2
33 2
21 2
33 2
21 2
33 2
21 2
33 2
21 2
33 2
21 2
33 2
21 2
33 2
21 2
33 2
21 2
33 2
21 2
33 2
21 2
33 2
21 2
33 2
21 2
33 2
21 2
33 2
21 2
33 2
21 2
33 2
21 2
33 2
21 2
33 2
21 2
33 2
21 2
33 2
21 2
33 2
21 2
33 2
21 2
33 2
21 2
33 2
21 2
33 2
21 2
33 2
21 2
33 2
21 2
33 2
21 2
33 2
21 2
33 2
21 2
33 2
21 2
33 2
21 2
33 2
21 2
33 2
21 2
33 2
21 2
33 2
21 2
33 2
21 2
33 2
21 2
33 2
21 2
33 2
21 2
33 2
21 2
33 2
21 2
33 2
21 2
33 2
21 2
33 2
21 2
33 2
21 2
33 2
21 2
33 2
21 2
33 2
21 2
33 2
21 2
33 2
21 2
33 2
21 2
33 2
22 2
34 2
22 2
34 2
22 2
34 2
22 2
34 2
22 2
34 2
22 2
34 2
22 2
34 2
22 2
34 2
22 2
34 2
22 2
34 2
22 2
34 2
22 2
34 2
22 2
34 2
22 2
34 2
22 2
34 2
22 2
34 2
21 2
33 2
21 2
33 2
21 2
33 2
21 2
33 2
21 2
33 2
21 2
33 2
21 2
33 2
21 2
33 2
21 2
33 2
21 2
33 2
21 2
33 2
21 2
33 2
21 2
33 2
21 2
33 2
21 2
33 2
21 2
33 2
21 2
33 2
21 2
33 2
21 2
33 2
21 2
33 2
21 2
33 2
21 2
33 2
21 2
33 2
21 2
33 2
21 2
33 2
21 2
33 2
21 2
33 2
21 2
33 2
21 2
33 2
21 2
33 2
21 2
33 2
21 2
33 2
21 2
33 2
21 2
33 2
21 2
33 2
21 2
33 2
21 2
33 2
21 2
33 2
21 2
33 2
21 2
33 2
19 2
31 2
19 2
31 2
19 2
31 2
19 2
31 2
19 2
31 2
19 2
31 2
19 2
31 2
19 2
31 2
18 2
30 2
18 2
30 2
18 2
30 2
18 2
30 2
18 2
30 2
18 2
30 2
18 2
30 2
18 2
30 2
19 2
31 2
19 2
31 2
19 2
31 2
19 2
31 2
19 2
31 2
19 2
31 2
19 2
31 2
19 2
31 2
21 2
33 2
21 2
33 2
21 2
33 2
21 2
33 2
21 2
33 2
21 2
33 2
21 2
33 2
21 2
33 2
23 2
35 2
23 2
35 2
23 2
35 2
23 2
35 2
23 2
35 2
23 2
35 2
23 2
35 2
23 2
35 2
18 2
30 2
18 2
30 2
18 2
30 2
18 2
30 2
18 2
30 2
18 2
30 2
18 2
30 2
18 2
30 2
19 2
31 2
19 2
31 2
19 2
31 2
19 2
31 2
72 14
21 2
33 2
21 2
33 2
21 2
33 2
21 2
33 2
21 2
33 2
21 2
33 2
21 2
33 2
21 2
33 2
21 2
33 2
21 2
33 2
21 2
33 2
21 2
33 2
21 2
33 2
21 2
33 2
21 2
33 2
21 2
33 2
21 2
33 2
21 2
33 2
21 2
33 2
21 2
33 2
21 2
33 2
21 2
33 2
21 2
33 2
21 2
33 2
21 2
33 2
21 2
33 2
21 2
33 2
21 2
33 2
21 2
33 2
21 2
33 2
21 2
33 2
21 2
33 2
21 2
33 2
21 2
33 2
21 2
33 2
21 2
33 2
21 2
33 2
21 2
33 2
21 2
33 2
21 2
33 2
21 2
33 2
21 2
33 2
21 2
33 2
21 2
33 2
21 2
33 2
21 2
33 2
21 2
33 2
21 2
33 2
21 2
33 2
21 2
33 2
21 2
33 2
21 2
33 2
21 2
33 2
21 2
33 2
21 2
33 2
21 2
33 2
21 2
33 2
21 2
33 2
21 2
33 2
21 2
33 2
21 2
33 2
21 2
33 2
21 2
33 2
21 2
33 2
21 2
33 2
21 2
33 2
21 2
33 2
21 2
33 2
21 2
33 2
21 2
33 2
21 2
33 2
21 2
33 2
21 2
33 2
21 2
33 2
21 2
33 2
21 2
33 2
21 2
33 2
21 2
33 2
21 2
33 2
21 2
33 2
21 2
33 2
21 2
33 2
21 2
33 2
21 2
33 2
21 2
33 2
21 2
33 2
21 2
33 2
21 2
33 2
21 2
33 2
21 2
33 2
21 2
33 2
21 2
33 2
22 2
34 2
22 2
34 2
22 2
34 2
22 2
34 2
22 2
34 2
22 2
34 2
22 2
34 2
22 2
34 2
22 2
34 2
22 2
34 2
22 2
34 2
22 2
34 2
22 2
34 2
22 2
34 2
22 2
34 2
22 2
34 2
21 2
33 2
21 2
33 2
21 2
33 2
21 2
33 2
21 2
33 2
21 2
33 2
21 2
33 2
21 2
33 2
21 2
33 2
21 2
33 2
21 2
33 2
21 2
33 2
21 2
33 2
21 2
33 2
21 2
33 2
21 2
33 2
21 2
33 2
21 2
33 2
21 2
33 2
21 2
33 2
21 2
33 2
21 2
33 2
21 2
33 2
21 2
33 2
21 2
33 2
21 2
33 2
21 2
33 2
21 2
33 2
21 2
33 2
21 2
33 2
21 2
33 2
21 2
33 2
21 2
33 2
21 2
33 2
21 2
33 2
21 2
33 2
21 2
33 2
21 2
33 2
21 2
33 2
21 2
33 2
19 2
31 2
19 2
31 2
19 2
31 2
19 2
31 2
19 2
31 2
19 2
31 2
19 2
31 2
19 2
31 2
18 2
30 2
18 2
30 2
18 2
30 2
18 2
30 2
18 2
30 2
18 2
30 2
18 2
30 2
18 2
30 2
19 2
31 2
19 2
31 2
19 2
31 2
19 2
31 2
19 2
31 2
19 2
31 2
19 2
31 2
19 2
31 2
21 2
33 2
21 2
33 2
21 2
33 2
21 2
33 2
21 2
33 2
21 2
33 2
21 2
33 2
21 2
33 2
23 2
35 2
23 2
35 2
23 2
35 2
23 2
35 2
23 2
35 2
23 2
35 2
23 2
35 2
23 2
35 2
18 2
30 2
18 2
30 2
18 2
30 2
18 2
30 2
18 2
30 2
18 2
30 2
18 2
30 2
18 2
30 2
19 2
31 2
19 2
31 2
19 2
31 2
19 2
31 2
E
S
H
72 14
153 2
140 2
153 2
72 2
101 4
127 2
153 2
179 2
72 2
153 2
140 2
153 2
72 2
101 4
140 2
72 2
153 4
179 4
153 2
140 2
153 13
40 2
72 2
38 2
40 2
72 2
38 2
38 2
38 2
72 2
38 2
40 2
72 2
38 2
40 2
72 4
40 2
72 2
38 2
40 2
72 2
38 2
38 2
38 2
72 2
38 2
40 2
72 2
38 2
40 2
72 14
153 2
140 2
153 2
72 2
101 4
127 2
153 2
179 2
72 2
153 2
140 2
153 2
72 2
101 4
140 2
72 2
153 4
179 4
153 2
140 2
153 13
40 2
72 2
38 2
40 2
72 2
38 2
38 2
38 2
72 2
38 2
40 2
72 2
38 2
40 2
72 4
40 2
72 2
38 2
40 2
72 2
38 2
38 2
38 2
72 2
38 2
40 2
72 2
38 2
40 2
72 14
153 2
140 2
153 2
72 2
101 4
127 2
153 2
179 2
72 2
153 2
140 2
153 2
72 2
101 4
140 2
72 2
153 4
179 4
153 2
140 2
153 13
40 2
72 2
38 2
40 2
72 2
38 2
38 2
38 2
72 2
38 2
40 2
72 2
38 2
40 2
72 4
40 2
72 2
38 2
40 2
72 2
38 2
38 2
38 2
72 2
38 2
40 2
72 2
38 2
40 2
72 14
153 2
140 2
153 2
72 2
101 4
127 2
153 2
179 2
72 2
153 2
140 2
153 2
72 2
101 4
140 2
72 2
153 4
179 4
153 2
140 2
153 13
40 2
72 2
38 2
40 2
72 2
38 2
38 2
38 2
72 2
38 2
40 2
72 2
38 2
40 2
72 4
40 2
72 2
38 2
40 2
72 2
38 2
38 2
38 2
72 2
38 2
40 2
72 2
38 2
40 2
E
S
H
72 14
153 2
140 2
153 2
72 2
101 4
127 2
153 2
179 2
72 2
153 2
140 2
153 2
72 2
101 4
140 2
72 2
153 4
179 4
153 2
140 2
153 13
213 2
72 2
187 2
213 2
72 2
151 2
151 2
151 2
72 2
151 2
213 2
72 2
187 2
213 2
72 4
213 2
72 2
187 2
213 2
72 2
151 2
151 2
151 2
72 2
151 2
213 2
72 2
187 2
213 2
72 14
153 2
140 2
153 2
72 2
101 4
127 2
153 2
179 2
72 2
153 2
140 2
153 2
72 2
101 4
140 2
72 2
153 4
179 4
153 2
140 2
153 13
213 2
72 2
187 2
213 2
72 2
151 2
151 2
151 2
72 2
151 2
213 2
72 2
187 2
213 2
72 4
213 2
72 2
187 2
213 2
72 2
151 2
151 2
151 2
72 2
151 2
213 2
72 2
187 2
213 2
72 14
153 2
140 2
153 2
72 2
101 4
127 2
153 2
179 2
72 2
153 2
140 2
153 2
72 2
101 4
140 2
72 2
153 4
179 4
153 2
140 2
153 13
213 2
72 2
187 2
213 2
72 2
151 2
151 2
151 2
72 2
151 2
213 2
72 2
187 2
213 2
72 4
213 2
72 2
187 2
213 2
72 2
151 2
151 2
151 2
72 2
151 2
213 2
72 2
187 2
213 2
72 14
153 2
140 2
153 2
72 2
101 4
127 2
153 2
179 2
72 2
153 2
140 2
153 2
72 2
101 4
140 2
72 2
153 4
179 4
153 2
140 2
153 13
213 2
72 2
187 2
213 2
72 2
151 2
151 2
151 2
72 2
151 2
213 2
72 2
187 2
213 2
72 4
213 2
72 2
187 2
213 2
72 2
151 2
151 2
151 2
72 2
151 2
213 2
72 2
187 2
213 2
E
S
H
72 14
45 2
72 2
43 2
45 2
72 2
40 2
40 2
40 2
72 2
40 2
45 2
72 2
43 2
45 2
72 4
45 2
72 2
43 2
45 2
72 2
40 2
40 2
40 2
72 2
40 2
45 2
72 2
43 2
45 2
72 14
45 2
72 2
43 2
45 2
72 2
40 2
40 2
40 2
72 2
40 2
45 2
72 2
43 2
45 2
72 4
45 2
72 2
43 2
45 2
72 2
40 2
40 2
40 2
72 2
40 2
45 2
72 2
43 2
45 2
72 14
45 2
72 2
43 2
45 2
72 2
40 2
40 2
40 2
72 2
40 2
45 2
72 2
43 2
45 2
72 4
45 2
72 2
43 2
45 2
72 2
40 2
40 2
40 2
72 2
40 2
45 2
72 2
43 2
45 2
72 14
45 2
72 2
43 2
45 2
72 2
40 2
40 2
40 2
72 2
40 2
45 2
72 2
43 2
45 2
72 4
45 2
72 2
43 2
45 2
72 2
40 2
40 2
40 2
72 2
40 2
45 2
72 2
43 2
45 2
E
S
L
72 14
14 4
72 4
16 4
72 4
17 4
72 4
16 4
72 4
14 4
72 4
12 4
72 4
10 4
72 4
10 4
72 4
10 4
72 4
10 4
72 4
10 4
72 4
10 4
72 4
10 4
72 4
10 4
72 14
16 4
72 4
16 4
72 4
16 4
72 4
16 4
72 4
11 4
72 4
11 4
72 4
11 4
72 4
11 4
72 4
16 4
72 4
16 4
72 4
16 4
72 4
16 4
72 4
14 4
72 4
14 4
72 4
14 4
72 4
14 4
72 4
7 4
72 4
7 4
72 4
7 4
72 4
7 4
72 4
14 4
72 4
14 4
72 4
14 4
72 4
14 4
72 4
12 4
72 4
12 4
72 4
11 4
72 4
11 4
72 4
16 4
72 4
16 4
72 4
16 4
72 4
16 4
72 4
16 4
72 4
16 4
72 4
16 4
72 4
16 4
72 14
14 4
72 4
16 4
72 4
17 4
72 4
16 4
72 4
14 4
72 4
12 4
72 4
10 4
72 4
10 4
72 4
10 4
72 4
10 4
72 4
10 4
72 4
10 4
72 4
10 4
72 4
10 4
72 14
16 4
72 4
16 4
72 4
16 4
72 4
16 4
72 4
11 4
72 4
11 4
72 4
11 4
72 4
11 4
72 4
16 4
72 4
16 4
72 4
16 4
72 4
16 4
72 4
14 4
72 4
14 4
72 4
14 4
72 4
14 4
72 4
7 4
72 4
7 4
72 4
7 4
72 4
7 4
72 4
14 4
72 4
14 4
72 4
14 4
72 4
14 4
72 4
12 4
72 4
12 4
72 4
11 4
72 4
11 4
72 4
16 4
72 4
16 4
72 4
16 4
72 4
16 4
72 4
16 4
72 4
16 4
72 4
16 4
72 4
16 4
E
S
H
72 14
43 7
43 7
43 7
42 4
40 4
39 4
40 4
42 4
39 4
35 7
37 4
39 4
43 7
43 7
43 7
42 4
40 4
45 7
42 7
38 11
47 7
47 7
47 7
45 4
43 4
42 4
43 4
45 4
42 4
38 7
40 4
42 4
43 7
40 7
39 9
40 4
40 14
72 14
43 7
43 7
43 7
42 4
40 4
39 4
40 4
42 4
39 4
35 7
37 4
39 4
43 7
43 7
43 7
42 4
40 4
45 7
42 7
38 11
47 7
47 7
47 7
45 4
43 4
42 4
43 4
45 4
42 4
38 7
40 4
42 4
43 7
40 7
39 9
40 4
40 14
E
S
H
72 14
55 0
72 4
55 0
72 4
55 0
72 4
55 0
72 4
55 0
72 4
55 0
72 4
55 0
72 4
55 0
72 13
55 0
72 4
55 0
72 4
55 0
72 4
55 0
72 4
55 0
72 4
55 0
72 4
55 0
72 4
55 0
72 4
50 0
72 4
50 0
72 4
50 0
72 4
50 0
72 4
50 0
72 4
50 0
72 4
50 0
72 4
50 0
72 13
54 0
72 4
54 0
72 4
54 0
72 4
54 0
72 4
54 0
72 4
54 0
72 4
54 0
72 4
54 0
72 4
52 0
72 4
52 0
72 4
52 0
72 4
52 0
72 4
51 0
72 4
51 0
72 4
51 0
72 4
51 0
72 2
71 0
72 2
68 0
72 4
68 0
72 4
68 0
72 4
68 0
72 2
71 0
72 2
68 0
72 4
68 0
72 4
68 0
72 4
68 0
72 2
71 0
72 2
68 0
72 4
68 0
72 4
68 0
72 4
68 0
72 2
71 0
72 2
68 0
72 4
68 0
72 4
68 0
72 4
68 0
72 14
55 0
72 4
55 0
72 4
55 0
72 4
55 0
72 4
55 0
72 4
55 0
72 4
55 0
72 4
55 0
72 13
55 0
72 4
55 0
72 4
55 0
72 4
55 0
72 4
55 0
72 4
55 0
72 4
55 0
72 4
55 0
72 4
50 0
72 4
50 0
72 4
50 0
72 4
50 0
72 4
50 0
72 4
50 0
72 4
50 0
72 4
50 0
72 13
54 0
72 4
54 0
72 4
54 0
72 4
54 0
72 4
54 0
72 4
54 0
72 4
54 0
72 4
54 0
72 4
52 0
72 4
52 0
72 4
52 0
72 4
52 0
72 4
51 0
72 4
51 0
72 4
51 0
72 4
51 0
72 2
71 0
72 2
68 0
72 4
68 0
72 4
68 0
72 4
68 0
72 2
71 0
72 2
68 0
72 4
68 0
72 4
68 0
72 4
68 0
72 2
71 0
72 2
68 0
72 4
68 0
72 4
68 0
72 4
68 0
72 2
71 0
72 2
68 0
72 4
68 0
72 4
68 0
72 4
68 0
E
X
