major
S
L
72 14
19 4
21 4
23 4
24 4
24 4
24 4
24 4
24 4
23 4
21 4
19 7
19 4
19 4
19 4
19 4
19 4
21 4
23 4
24 4
24 4
24 4
24 4
24 4
23 4
21 4
19 12
19 4
19 4
19 4
24 4
24 4
24 4
24 4
24 4
23 4
21 4
19 7
19 4
19 4
19 4
19 4
19 4
21 4
23 4
24 4
24 4
24 4
24 4
24 4
23 4
21 4
19 13
21 13
19 4
21 4
19 7
17 4
17 9
17 14
19 13
17 4
19 4
17 7
19 4
21 9
21 11
23 9
23 11
24 9
24 7
24 4
24 4
24 4
24 9
24 7
24 4
24 4
24 4
17 9
17 7
17 4
17 4
17 4
19 9
19 7
19 4
21 4
23 4
24 9
24 7
24 4
24 4
24 4
24 9
24 7
24 4
24 4
24 4
17 9
17 7
17 4
17 4
17 4
19 9
19 7
19 9
16 12
17 4
19 4
16 9
17 9
19 7
21 9
21 11
23 9
23 7
23 9
16 12
17 4
19 4
16 9
17 9
19 7
21 9
21 11
23 9
23 7
19 4
21 4
23 4
24 9
24 11
24 4
24 9
24 11
24 4
17 9
17 11
17 4
19 9
19 11
19 4
24 9
24 11
24 4
24 9
24 11
24 4
17 9
17 11
17 4
19 9
19 7
19 4
21 4
23 4
24 4
24 4
24 4
24 4
24 4
23 4
21 4
19 7
19 4
19 4
19 4
19 4
19 4
21 4
23 4
24 4
24 4
24 4
24 4
24 4
23 4
21 4
19 12
19 4
19 4
19 4
24 4
24 4
24 4
24 4
24 4
23 4
21 4
19 7
19 4
19 4
19 4
19 4
19 4
21 4
23 4
24 4
24 4
24 4
24 4
24 4
23 4
21 4
19 13
21 13
19 4
21 4
19 7
17 4
17 9
17 14
19 13
17 4
19 4
17 7
19 4
21 9
21 11
23 9
23 11
24 9
24 7
24 4
24 4
24 4
24 9
24 7
24 4
24 4
24 4
17 9
17 7
17 4
17 4
17 4
19 9
19 7
19 4
21 4
23 4
24 9
24 7
24 4
24 4
24 4
24 9
24 7
24 4
24 4
24 4
17 9
17 7
17 4
17 4
17 4
19 9
19 7
19 9
16 12
17 4
19 4
16 9
17 9
19 7
21 9
21 11
23 9
23 7
23 9
16 12
17 4
19 4
16 9
17 9
19 7
21 9
21 11
23 9
23 7
19 4
21 4
23 4
24 9
24 11
24 4
24 9
24 11
24 4
17 9
17 11
17 4
19 9
19 11
19 4
24 9
24 11
24 4
24 9
24 11
24 4
17 9
17 11
17 4
19 9
19 7
19 4
21 4
23 4
24 4
24 4
24 4
24 4
24 4
23 4
21 4
19 7
19 4
19 4
19 4
19 4
19 4
21 4
23 4
24 4
24 4
24 4
24 4
24 4
23 4
21 4
19 12
19 4
19 4
19 4
24 4
24 4
24 4
24 4
24 4
23 4
21 4
19 7
19 4
19 4
19 4
19 4
19 4
21 4
23 4
24 4
24 4
24 4
24 4
24 4
23 4
21 4
19 13
21 13
19 4
21 4
19 7
17 4
17 9
17 14
19 13
17 4
19 4
17 7
19 4
21 9
21 11
23 9
23 11
24 9
24 7
24 4
24 4
24 4
24 9
24 7
24 4
24 4
24 4
17 9
17 7
17 4
17 4
17 4
19 9
19 7
19 4
21 4
23 4
24 9
24 7
24 4
24 4
24 4
24 9
24 7
24 4
24 4
24 4
17 9
17 7
17 4
17 4
17 4
19 9
19 7
19 9
16 12
17 4
19 4
16 9
17 9
19 7
21 9
21 11
23 9
23 7
23 9
16 12
17 4
19 4
16 9
17 9
19 7
21 9
21 11
23 9
23 7
19 4
21 4
23 4
24 9
24 11
24 4
24 9
24 11
24 4
17 9
17 11
17 4
19 9
19 11
19 4
24 9
24 11
24 4
24 9
24 11
24 4
17 9
17 11
17 4
19 9
19 7
19 4
21 4
23 4
24 4
24 4
24 4
24 4
24 4
23 4
21 4
19 7
19 4
19 4
19 4
19 4
19 4
21 4
23 4
24 4
24 4
24 4
24 4
24 4
23 4
21 4
19 12
E
S
H
72 14
149 12
136 13
149 12
136 13
149 12
136 13
149 12
136 13
110 14
214 14
240 14
214 9
214 11
240 13
108 14
214 13
240 13
108 14
214 13
240 13
40 13
240 9
189 9
149 7
214 9
214 11
149 7
136 7
110 7
240 7
40 13
240 9
189 9
149 7
214 9
214 11
240 9
240 11
108 14
214 13
240 13
108 14
214 13
240 13
149 12
136 13
149 12
136 13
149 12
136 13
149 12
136 13
110 14
214 14
240 14
214 9
214 11
240 13
108 14
214 13
240 13
108 14
214 13
240 13
40 13
240 9
189 9
149 7
214 9
214 11
149 7
136 7
110 7
240 7
40 13
240 9
189 9
149 7
214 9
214 11
240 9
240 11
108 14
214 13
240 13
108 14
214 13
240 13
149 12
136 13
149 12
136 13
149 12
136 13
149 12
136 13
110 14
214 14
240 14
214 9
214 11
240 13
108 14
214 13
240 13
108 14
214 13
240 13
40 13
240 9
189 9
149 7
214 9
214 11
149 7
136 7
110 7
240 7
40 13
240 9
189 9
149 7
214 9
214 11
240 9
240 11
108 14
214 13
240 13
108 14
214 13
240 13
149 12
136 13
149 12
136 12
E
S
H
72 14
214 4
214 4
214 4
214 7
110 7
240 7
110 4
240 12
72 14
214 4
214 4
214 4
214 7
110 7
136 4
110 4
240 4
214 7
240 4
214 4
189 12
72 14
149 7
136 7
110 7
240 11
72 14
214 9
214 11
240 9
240 12
72 14
214 4
240 4
110 4
110 7
240 7
214 7
189 11
72 14
214 9
214 11
240 9
149 9
189 11
72 14
214 4
214 4
214 4
214 7
110 7
240 7
110 4
240 12
72 14
214 4
214 4
214 4
214 7
110 7
136 4
110 4
240 4
214 7
240 4
214 4
189 12
72 14
149 7
136 7
110 7
240 12
72 13
214 9
214 11
240 9
240 12
72 14
214 4
240 4
110 4
110 7
240 7
214 7
189 12
72 13
214 9
214 11
240 9
149 9
189 11
72 14
214 4
214 4
214 4
214 7
110 7
240 7
110 4
240 11
72 14
214 4
214 4
214 4
214 7
110 7
136 4
110 4
240 4
214 7
240 4
214 4
189 12
72 14
149 7
136 7
110 7
240 11
72 14
214 9
214 11
240 9
240 12
72 14
214 4
240 4
110 4
110 7
240 7
214 7
189 11
72 14
214 9
214 11
240 9
149 9
189 11
E
S
L
72 14
19 4
21 4
23 4
24 4
24 4
24 4
24 4
24 4
24 4
24 4
19 7
19 4
19 4
19 4
19 4
19 4
21 4
19 4
24 4
24 4
24 4
24 4
24 4
24 4
24 4
19 7
19 4
19 4
19 4
19 4
19 4
19 4
19 4
24 4
24 4
24 4
24 4
24 4
24 4
24 4
19 7
19 4
19 4
19 4
19 4
19 4
21 4
19 4
24 4
24 4
24 4
24 4
24 4
24 4
24 4
19 11
19 11
21 7
21 4
21 7
21 4
21 4
21 4
21 7
21 4
21 7
21 4
21 4
21 4
17 7
17 4
17 7
17 4
17 4
17 4
17 7
17 4
17 7
16 4
17 4
16 4
19 7
19 4
19 7
19 4
19 4
19 4
19 7
19 4
19 7
19 4
19 4
19 4
21 7
21 4
21 7
21 4
21 4
21 4
23 7
23 4
23 7
19 4
21 4
23 4
24 7
24 4
24 7
24 4
24 4
24 4
24 7
24 4
24 7
24 4
24 4
24 4
21 7
21 4
21 7
21 4
21 4
21 4
23 7
23 4
23 7
19 4
21 4
23 4
24 7
24 4
24 7
24 4
24 4
24 4
24 7
24 4
24 7
24 4
24 4
24 4
21 7
21 4
21 7
21 4
21 4
21 4
23 7
23 4
23 7
21 4
19 4
17 4
16 7
17 4
16 7
17 4
16 4
17 4
16 7
17 4
16 7
17 4
16 4
19 4
21 9
21 11
24 4
23 4
21 4
19 7
21 4
19 7
16 7
17 4
16 7
17 4
16 4
17 4
16 7
17 4
16 7
17 4
16 4
19 4
21 9
21 11
23 11
19 4
21 4
23 4
24 7
24 4
24 7
24 4
24 4
24 4
24 7
24 4
24 7
24 4
24 4
24 4
21 7
21 4
21 7
21 4
21 4
21 4
23 7
23 4
23 7
19 4
21 4
23 4
24 7
24 4
24 7
24 4
24 4
24 4
24 7
24 4
24 7
24 4
24 4
24 4
17 7
17 4
17 7
17 4
17 4
17 4
19 7
19 4
19 7
19 4
21 4
23 4
24 4
24 4
24 4
24 4
24 4
24 4
24 4
19 7
19 4
19 4
19 4
19 4
19 4
21 4
19 4
24 4
24 4
24 4
24 4
24 4
24 4
24 4
19 7
19 4
19 4
19 4
19 4
19 4
19 4
19 4
24 4
24 4
24 4
24 4
24 4
24 4
24 4
19 7
19 4
19 4
19 4
19 4
19 4
21 4
19 4
24 4
24 4
24 4
24 4
24 4
24 4
24 4
19 11
19 11
21 7
21 4
21 7
21 4
21 4
21 4
21 7
21 4
21 7
21 4
21 4
21 4
17 7
17 4
17 7
17 4
17 4
17 4
17 7
17 4
17 7
16 4
17 4
16 4
19 7
19 4
19 7
19 4
19 4
19 4
19 7
19 4
19 7
19 4
19 4
19 4
21 7
21 4
21 7
21 4
21 4
21 4
23 7
23 4
23 7
19 4
21 4
23 4
24 7
24 4
24 7
24 4
24 4
24 4
24 7
24 4
24 7
24 4
24 4
24 4
21 7
21 4
21 7
21 4
21 4
21 4
23 7
23 4
23 7
19 4
21 4
23 4
24 7
24 4
24 7
24 4
24 4
24 4
24 7
24 4
24 7
24 4
24 4
24 4
21 7
21 4
21 7
21 4
21 4
21 4
23 7
23 4
23 7
21 4
19 4
17 4
16 7
17 4
16 7
17 4
16 4
17 4
16 7
17 4
16 7
17 4
16 4
19 4
21 9
21 11
24 4
23 4
21 4
19 7
21 4
19 7
16 7
17 4
16 7
17 4
16 4
17 4
16 7
17 4
16 7
17 4
16 4
19 4
21 9
21 11
23 11
19 4
21 4
23 4
24 7
24 4
24 7
24 4
24 4
24 4
24 7
24 4
24 7
24 4
24 4
24 4
21 7
21 4
21 7
21 4
21 4
21 4
23 7
23 4
23 7
19 4
21 4
23 4
24 7
24 4
24 7
24 4
24 4
24 4
24 7
24 4
24 7
24 4
24 4
24 4
17 7
17 4
17 7
17 4
17 4
17 4
19 7
19 4
19 7
19 4
21 4
23 4
24 4
24 4
24 4
24 4
24 4
24 4
24 4
19 7
19 4
19 4
19 4
19 4
19 4
21 4
19 4
24 4
24 4
24 4
24 4
24 4
24 4
24 4
19 7
19 4
19 4
19 4
19 4
19 4
19 4
19 4
24 4
24 4
24 4
24 4
24 4
24 4
24 4
19 7
19 4
19 4
19 4
19 4
19 4
21 4
19 4
24 4
24 4
24 4
24 4
24 4
24 4
24 4
19 11
19 11
21 7
21 4
21 7
21 4
21 4
21 4
21 7
21 4
21 7
21 4
21 4
21 4
17 7
17 4
17 7
17 4
17 4
17 4
17 7
17 4
17 7
16 4
17 4
16 4
19 7
19 4
19 7
19 4
19 4
19 4
19 7
19 4
19 7
19 4
19 4
19 4
21 7
21 4
21 7
21 4
21 4
21 4
23 7
23 4
23 7
19 4
21 4
23 4
24 7
24 4
24 7
24 4
24 4
24 4
24 7
24 4
24 7
24 4
24 4
24 4
21 7
21 4
21 7
21 4
21 4
21 4
23 7
23 4
23 7
19 4
21 4
23 4
24 7
24 4
24 7
24 4
24 4
24 4
24 7
24 4
24 7
24 4
24 4
24 4
21 7
21 4
21 7
21 4
21 4
21 4
23 7
23 4
23 7
21 4
19 4
17 4
16 7
17 4
16 7
17 4
16 4
17 4
16 7
17 4
16 7
17 4
16 4
19 4
21 9
21 11
24 4
23 4
21 4
19 7
21 4
19 7
16 7
17 4
16 7
17 4
16 4
17 4
16 7
17 4
16 7
17 4
16 4
19 4
21 9
21 11
23 11
19 4
21 4
23 4
24 7
24 4
24 7
24 4
24 4
24 4
24 7
24 4
24 7
24 4
24 4
24 4
21 7
21 4
21 7
21 4
21 4
21 4
23 7
23 4
23 7
19 4
21 4
23 4
24 7
24 4
24 7
24 4
24 4
24 4
24 7
24 4
24 7
24 4
24 4
24 4
17 7
17 4
17 7
17 4
17 4
17 4
19 7
19 4
19 7
19 4
21 4
23 4
24 4
24 4
24 4
24 4
24 4
24 4
24 4
19 7
19 4
19 4
19 4
19 4
19 4
21 4
19 4
24 4
24 4
24 4
24 4
24 4
24 4
24 4
19 7
19 4
19 4
19 4
19 4
E
X
