major
S
L
72 12
72 14
26 3
72 0
26 3
28 3
26 3
72 0
29 3
72 1
26 3
31 3
72 1
26 3
33 3
26 3
34 3
72 1
33 3
33 3
72 1
31 3
29 3
72 1
24 3
26 3
72 0
26 3
28 3
72 1
26 3
72 1
29 3
26 3
72 0
31 3
26 3
33 3
72 0
26 3
72 1
36 3
34 3
72 1
33 3
31 3
72 0
29 3
24 3
72 1
26 3
26 3
72 1
28 3
26 3
72 1
29 3
26 3
72 0
31 3
26 3
72 1
33 3
26 3
72 1
34 3
72 0
33 3
33 3
31 3
72 0
29 3
72 1
24 3
38 3
72 1
38 3
26 3
72 0
38 3
38 3
26 3
72 0
38 3
72 1
38 3
26 3
72 14
57 3
72 0
56 3
58 3
72 1
57 6
51 3
72 0
53 3
52 6
47 3
72 4
48 6
44 3
72 0
46 3
45 3
E
S
L
72 13
14 3
72 8
14 3
72 8
14 3
72 8
14 3
72 8
14 3
72 7
14 3
72 8
14 3
72 8
14 3
72 8
14 3
72 8
14 3
72 8
14 3
72 7
14 3
72 8
14 3
72 8
14 3
72 7
14 3
72 8
14 3
72 8
14 3
72 8
14 3
72 8
14 3
72 8
14 3
72 8
14 3
72 8
14 3
72 8
14 3
72 8
14 3
72 8
14 3
72 8
14 3
72 7
14 3
72 8
14 3
72 8
14 3
72 8
14 3
72 8
14 3
72 8
14 3
72 8
14 3
72 8
14 3
72 7
14 3
72 8
14 3
72 8
14 3
72 7
14 3
72 8
14 3
72 8
14 3
72 8
14 3
72 8
14 3
72 8
14 3
72 8
14 3
72 8
14 3
72 8
14 3
72 8
14 3
72 8
14 3
72 8
14 3
72 7
14 3
72 8
14 3
72 8
14 3
72 8
14 3
72 8
14 3
72 8
14 3
72 7
14 3
72 8
14 3
72 8
14 3
72 7
14 3
72 8
14 3
72 8
33 12
E
S
L
72 13
14 3
72 1
26 3
21 3
72 1
26 3
14 3
72 1
26 3
20 3
72 0
26 3
14 3
72 1
26 3
72 1
22 3
26 3
72 0
14 3
26 3
21 3
72 0
26 3
72 1
14 3
26 3
72 1
21 3
26 3
14 3
26 3
72 1
20 3
26 3
72 1
14 3
26 3
72 1
22 3
26 3
72 0
14 3
26 3
72 1
21 3
72 1
26 3
14 3
72 0
26 3
21 3
26 3
72 0
14 3
72 1
26 3
20 3
72 1
26 3
14 3
26 3
22 3
72 1
26 3
14 3
72 1
26 3
21 3
72 1
26 3
14 3
72 0
26 3
21 3
72 1
26 3
72 1
14 3
26 3
72 0
20 3
26 3
14 3
72 0
26 3
72 1
22 3
26 3
72 1
14 3
26 3
72 0
21 3
26 3
72 1
14 3
26 3
72 1
21 3
26 3
72 1
14 3
26 3
72 0
20 3
26 3
72 1
14 3
26 3
72 1
22 3
72 0
26 3
14 3
26 3
72 0
21 3
72 1
26 3
14 3
72 1
26 3
21 3
72 0
26 3
14 3
26 3
72 0
20 3
72 1
26 3
14 3
72 1
26 3
22 3
72 0
26 3
14 3
72 1
26 3
21 3
72 1
26 3
72 0
14 3
26 3
21 3
72 0
26 3
72 1
14 3
26 3
72 1
20 3
26 3
72 0
14 3
26 3
22 3
72 0
26 3
72 1
14 3
26 3
72 1
21 3
26 3
72 0
14 3
26 3
72 1
21 3
26 3
72 1
14 3
72 0
26 3
20 3
26 3
72 0
14 3
72 1
26 3
22 3
72 1
26 3
14 3
72 0
26 3
21 3
26 3
72 0
14 3
72 1
26 3
21 3
72 1
26 3
14 3
72 0
26 3
20 3
72 1
26 3
14 3
72 1
26 3
72 0
22 3
26 3
14 3
72 0
26 3
21 3
72 1
26 3
72 1
14 3
26 3
72 0
21 3
26 3
14 3
72 0
26 3
72 1
20 3
26 3
72 1
14 3
26 3
22 3
26 3
72 1
14 3
26 3
72 1
21 3
72 0
26 3
72 14
52 3
72 7
48 3
72 3
49 3
72 5
45 3
E
S
H
33 13
33 13
72 2
33 13
72 14
31 3
43 3
72 0
38 3
43 3
72 1
31 3
72 1
43 3
37 3
72 0
43 3
31 3
43 3
72 0
39 3
72 1
43 3
31 3
72 1
43 3
38 3
43 3
31 3
72 1
43 3
38 3
72 1
43 3
31 3
72 1
43 3
37 3
72 0
43 3
31 3
72 1
43 3
72 1
39 3
43 3
72 0
31 3
43 3
38 3
72 0
43 3
72 1
31 3
43 3
72 1
38 3
43 3
31 3
43 3
72 1
37 3
43 3
72 1
31 3
43 3
72 1
39 3
43 3
72 0
31 3
43 3
72 1
38 3
72 1
43 3
31 3
72 0
43 3
38 3
43 3
72 0
31 3
72 1
43 3
37 3
72 1
43 3
31 3
43 3
39 3
72 1
43 3
31 3
72 1
43 3
38 3
72 1
43 3
E
S
L
72 14
26 3
72 8
26 3
72 8
26 3
72 7
26 3
72 8
26 3
72 8
26 3
72 8
26 3
72 8
26 3
72 1
26 2
26 2
72 6
26 3
72 8
26 3
72 8
26 3
72 8
26 3
72 8
26 3
72 8
26 3
72 8
26 3
72 7
26 3
26 2
26 2
72 6
26 3
72 8
26 3
72 8
26 3
72 8
26 3
72 1
26 2
26 2
72 5
26 3
72 8
26 3
72 8
26 3
72 7
26 3
72 1
26 2
26 2
72 6
26 3
72 8
26 3
72 7
26 3
72 8
26 3
72 8
26 3
72 8
26 3
72 8
26 3
72 8
26 3
26 2
72 0
26 2
72 4
26 3
72 8
26 3
72 8
26 3
72 7
26 3
72 1
26 2
26 2
72 5
26 3
72 8
26 3
72 7
26 3
72 8
26 3
72 0
26 2
26 2
72 6
26 3
72 8
26 3
72 8
26 3
72 8
26 3
26 2
72 0
26 2
72 4
26 3
72 8
26 3
72 8
26 3
72 7
26 3
72 0
26 2
26 2
72 6
26 3
72 8
26 3
72 8
26 3
72 8
26 3
72 1
26 2
26 2
72 6
26 3
72 8
26 3
72 8
26 3
72 8
26 3
72 1
26 2
26 2
72 2
26 3
72 4
26 3
72 4
26 3
72 4
26 3
72 4
26 3
72 4
26 3
72 4
26 3
72 4
26 3
E
X
