major
S
L
25 2
72 2
25 2
72 2
35 2
72 2
25 2
72 2
34 2
72 2
33 7
25 4
25 2
72 2
25 2
72 2
35 2
72 2
25 2
72 2
34 2
72 2
33 2
72 2
32 2
72 2
35 2
72 2
25 2
72 2
25 2
72 2
35 2
72 2
25 2
72 2
34 2
72 2
33 7
25 4
25 2
72 2
25 2
72 2
35 2
72 2
25 2
72 2
34 2
72 2
33 2
72 2
32 2
72 2
35 2
72 2
28 2
72 2
28 2
72 2
38 2
72 2
28 2
72 2
37 2
72 2
36 7
28 4
28 2
72 2
28 2
72 2
38 2
72 2
28 2
72 2
37 2
72 2
36 2
72 2
35 2
72 2
26 2
72 2
28 2
72 2
28 2
72 2
38 2
72 2
28 2
72 2
37 2
72 2
36 7
28 4
28 2
72 2
28 2
72 2
38 2
72 2
28 2
72 2
37 2
72 2
36 2
72 2
35 2
72 2
26 2
72 2
38 13
37 13
40 13
39 13
42 13
43 13
44 13
45 13
25 2
72 2
25 2
72 2
35 2
72 2
25 2
72 2
34 2
72 2
33 7
25 4
25 2
72 2
25 2
72 2
35 2
72 2
25 2
72 2
34 2
72 2
33 2
72 2
32 2
72 2
35 2
72 2
25 2
72 2
25 2
72 2
35 2
72 2
25 2
72 2
34 2
72 2
33 7
25 4
25 2
72 2
25 2
72 2
35 2
72 2
25 2
72 2
34 2
72 2
33 2
72 2
32 2
72 2
35 2
72 2
28 2
72 2
28 2
72 2
38 2
72 2
28 2
72 2
37 2
72 2
36 7
28 4
28 2
72 2
28 2
72 2
38 2
72 2
28 2
72 2
37 2
72 2
36 2
72 2
35 2
72 2
26 2
72 2
28 2
72 2
28 2
72 2
38 2
72 2
28 2
72 2
37 2
72 2
36 7
28 4
28 2
72 2
28 2
72 2
38 2
72 2
28 2
72 2
37 2
72 2
36 2
72 2
35 2
72 2
26 2
72 2
38 13
37 13
40 13
39 13
42 13
43 13
44 13
45 13
E
S
H
43 2
72 2
43 6
72 2
42 2
72 2
42 6
72 2
41 2
72 2
41 11
40 2
72 2
40 2
72 2
41 2
72 2
42 2
72 2
43 2
72 2
43 6
72 2
42 2
72 2
42 6
72 2
41 2
72 2
41 11
40 2
72 2
40 2
72 2
41 2
72 2
42 2
72 2
46 2
72 2
46 6
72 2
45 2
72 2
45 6
72 2
44 2
72 2
44 11
43 2
72 2
43 2
72 2
44 2
72 2
45 2
72 2
46 2
72 2
46 6
72 2
45 2
72 2
45 6
72 2
44 2
72 2
44 11
43 2
72 2
43 2
72 2
44 2
72 2
45 2
72 2
48 2
72 2
48 2
72 2
48 2
72 2
36 6
72 2
36 4
48 2
72 2
48 2
72 2
47 2
72 2
47 2
72 2
47 2
72 2
47 6
72 2
47 4
46 4
47 4
50 2
72 2
50 2
72 2
50 2
72 2
38 6
72 2
38 4
50 2
72 2
50 2
72 2
49 2
72 2
49 2
72 2
49 2
72 2
49 6
72 2
49 4
48 4
49 4
72 4
52 4
51 4
47 4
46 4
47 4
48 4
49 4
72 4
54 4
53 4
49 4
48 4
49 4
50 4
51 4
72 4
56 2
72 2
56 6
72 6
57 2
72 2
57 6
72 6
58 2
72 2
58 6
72 6
59 2
72 2
59 6
72 2
43 2
72 2
43 6
72 2
42 2
72 2
42 6
72 2
41 2
72 2
41 11
40 2
72 2
40 2
72 2
41 2
72 2
42 2
72 2
43 2
72 2
43 6
72 2
42 2
72 2
42 6
72 2
41 2
72 2
41 11
40 2
72 2
40 2
72 2
41 2
72 2
42 2
72 2
46 2
72 2
46 6
72 2
45 2
72 2
45 6
72 2
44 2
72 2
44 11
43 2
72 2
43 2
72 2
44 2
72 2
45 2
72 2
46 2
72 2
46 6
72 2
45 2
72 2
45 6
72 2
44 2
72 2
44 11
43 2
72 2
43 2
72 2
44 2
72 2
45 2
72 2
48 2
72 2
48 2
72 2
48 2
72 2
36 6
72 2
36 4
48 2
72 2
48 2
72 2
47 2
72 2
47 2
72 2
47 2
72 2
47 6
72 2
47 4
46 4
47 4
50 2
72 2
50 2
72 2
50 2
72 2
38 6
72 2
38 4
50 2
72 2
50 2
72 2
49 2
72 2
49 2
72 2
49 2
72 2
49 6
72 2
49 4
48 4
49 4
72 4
52 4
51 4
47 4
46 4
47 4
48 4
49 4
72 4
54 4
53 4
49 4
48 4
49 4
50 4
51 4
72 4
56 2
72 2
56 6
72 6
57 2
72 2
57 6
72 6
58 2
72 2
58 6
72 6
59 2
72 2
59 6
E
S
H
39 2
72 2
39 6
72 2
38 2
72 2
38 6
72 2
37 2
72 2
37 11
36 2
72 2
36 2
72 2
37 2
72 2
38 2
72 2
39 2
72 2
39 6
72 2
38 2
72 2
38 6
72 2
37 2
72 2
37 11
36 2
72 2
36 2
72 2
37 2
72 2
38 2
72 2
42 2
72 2
42 6
72 2
41 2
72 2
41 6
72 2
40 2
72 2
40 11
39 2
72 2
39 2
72 2
40 2
72 2
41 2
72 2
42 2
72 2
42 6
72 2
41 2
72 2
41 6
72 2
40 2
72 2
40 11
39 2
72 2
39 2
72 2
40 2
72 2
41 2
72 2
44 2
72 2
44 2
72 2
44 2
72 2
36 6
72 2
36 4
44 2
72 2
44 2
72 2
43 2
72 2
43 2
72 2
43 2
72 2
43 6
72 2
43 4
42 4
43 4
46 2
72 2
46 2
72 2
46 2
72 2
38 6
72 2
38 4
46 2
72 2
46 2
72 2
45 2
72 2
45 2
72 2
45 2
72 2
45 6
72 2
45 4
44 4
45 4
72 4
49 4
48 4
44 4
43 4
44 4
45 4
46 4
72 4
51 4
50 4
46 4
45 4
46 4
47 4
48 4
72 4
53 2
72 2
53 6
72 6
54 2
72 2
54 6
72 6
55 2
72 2
55 6
72 6
56 2
72 2
56 6
72 2
39 2
72 2
39 6
72 2
38 2
72 2
38 6
72 2
37 2
72 2
37 11
36 2
72 2
36 2
72 2
37 2
72 2
38 2
72 2
39 2
72 2
39 6
72 2
38 2
72 2
38 6
72 2
37 2
72 2
37 11
36 2
72 2
36 2
72 2
37 2
72 2
38 2
72 2
42 2
72 2
42 6
72 2
41 2
72 2
41 6
72 2
40 2
72 2
40 11
39 2
72 2
39 2
72 2
40 2
72 2
41 2
72 2
42 2
72 2
42 6
72 2
41 2
72 2
41 6
72 2
40 2
72 2
40 11
39 2
72 2
39 2
72 2
40 2
72 2
41 2
72 2
44 2
72 2
44 2
72 2
44 2
72 2
36 6
72 2
36 4
44 2
72 2
44 2
72 2
43 2
72 2
43 2
72 2
43 2
72 2
43 6
72 2
43 4
42 4
43 4
46 2
72 2
46 2
72 2
46 2
72 2
38 6
72 2
38 4
46 2
72 2
46 2
72 2
45 2
72 2
45 2
72 2
45 2
72 2
45 6
72 2
45 4
44 4
45 4
72 4
49 4
48 4
44 4
43 4
44 4
45 4
46 4
72 4
51 4
50 4
46 4
45 4
46 4
47 4
48 4
72 4
53 2
72 2
53 6
72 6
54 2
72 2
54 6
72 6
55 2
72 2
55 6
72 6
56 2
72 2
56 6
E
S
L
11 0
72 4
11 0
72 4
14 0
72 4
11 0
72 4
11 0
72 4
11 0
72 4
14 0
72 4
11 0
72 4
11 0
72 4
11 0
72 4
14 0
72 4
11 0
72 4
11 0
72 4
11 0
72 4
14 0
72 4
14 0
72 4
11 0
72 4
11 0
72 4
14 0
72 4
11 0
72 4
11 0
72 4
11 0
72 4
14 0
72 4
11 0
72 4
11 0
72 4
11 0
72 4
14 0
72 4
11 0
72 4
11 0
72 4
11 0
72 4
14 0
72 4
14 0
72 4
11 0
72 4
11 0
72 4
14 0
72 4
11 0
72 4
11 0
72 4
11 0
72 4
14 0
72 4
11 0
72 4
11 0
72 4
11 0
72 4
14 0
72 4
11 0
72 4
11 0
72 4
11 0
72 4
14 0
72 4
14 0
72 4
11 0
72 4
11 0
72 4
14 0
72 4
11 0
72 4
11 0
72 4
11 0
72 4
14 0
72 4
11 0
72 4
11 0
72 4
11 0
72 4
14 0
72 4
11 0
72 4
11 0
72 4
11 0
72 4
14 0
72 4
14 0
72 4
11 0
72 4
11 0
72 4
14 0
72 4
11 0
72 4
11 0
72 4
11 0
72 4
14 0
72 4
11 0
72 4
11 0
72 4
11 0
72 4
14 0
72 4
11 0
72 4
11 0
72 4
11 0
72 4
14 0
72 4
14 0
72 4
11 0
72 4
11 0
72 4
14 0
72 4
11 0
72 4
11 0
72 4
11 0
72 4
14 0
72 4
11 0
72 4
11 0
72 4
11 0
72 4
14 0
72 4
11 0
72 4
11 0
72 4
11 0
72 4
14 0
72 4
14 0
72 4
11 0
72 4
11 0
72 4
14 0
72 4
11 0
72 4
11 0
72 4
11 0
72 4
14 0
72 4
11 0
72 4
11 0
72 4
11 0
72 4
14 0
72 4
11 0
72 4
11 0
72 4
11 0
72 4
14 0
72 4
14 0
72 4
11 0
72 4
11 0
72 4
14 0
72 4
11 0
72 4
11 0
72 4
11 0
72 4
14 0
72 4
11 0
72 4
11 0
72 4
11 0
72 4
14 0
72 4
11 0
72 4
11 0
72 4
11 0
72 4
14 0
72 4
14 0
72 4
11 0
72 4
11 0
72 4
14 0
72 4
11 0
72 4
11 0
72 4
11 0
72 4
14 0
72 4
11 0
72 4
11 0
72 4
11 0
72 4
14 0
72 4
11 0
72 4
11 0
72 4
11 0
72 4
14 0
72 4
14 0
72 4
11 0
72 4
11 0
72 4
14 0
72 4
11 0
72 4
11 0
72 4
11 0
72 4
14 0
72 4
11 0
72 4
11 0
72 4
11 0
72 4
14 0
72 4
11 0
72 4
11 0
72 4
11 0
72 4
14 0
72 4
14 0
72 4
11 0
72 4
11 0
72 4
14 0
72 4
11 0
72 4
11 0
72 4
11 0
72 4
14 0
72 4
11 0
72 4
11 0
72 4
11 0
72 4
14 0
72 4
11 0
72 4
11 0
72 4
11 0
72 4
14 0
72 4
14 0
72 4
11 0
72 4
11 0
72 4
14 0
72 4
11 0
72 4
11 0
72 4
11 0
72 4
14 0
72 4
11 0
72 4
11 0
72 4
11 0
72 4
14 0
72 4
11 0
72 4
11 0
72 4
11 0
72 4
14 0
72 4
14 0
72 4
11 0
72 4
11 0
72 4
14 0
72 4
11 0
72 4
11 0
72 4
11 0
72 4
14 0
72 4
11 0
72 4
11 0
72 4
11 0
72 4
14 0
72 4
11 0
72 4
11 0
72 4
11 0
72 4
14 0
72 4
14 0
72 4
11 0
72 4
11 0
72 4
14 0
72 4
11 0
72 4
11 0
72 4
11 0
72 4
14 0
72 4
11 0
72 4
11 0
72 4
11 0
72 4
14 0
72 4
11 0
72 4
11 0
72 4
11 0
72 4
14 0
72 4
14 0
72 4
11 0
72 4
11 0
72 4
14 0
72 4
11 0
72 4
11 0
72 4
11 0
72 4
14 0
72 4
11 0
72 4
11 0
72 4
11 0
72 4
14 0
72 4
11 0
72 4
11 0
72 4
11 0
72 4
14 0
72 4
14 0
72 4
11 0
72 4
11 0
72 4
14 0
72 4
11 0
72 4
11 0
72 4
11 0
72 4
14 0
72 4
11 0
72 4
11 0
72 4
11 0
72 4
14 0
72 4
11 0
72 4
11 0
72 4
11 0
72 4
14 0
72 4
14 0
E
X
