minor
S
H
72 8
72 12
1140 13
1612 4
1142 4
72 4
1612 4
1142 4
72 4
1612 4
1144 4
72 14
51 4
48 4
72 9
46 4
48 2
72 2
51 7
48 4
72 9
53 4
55 4
72 4
51 2
50 2
48 4
72 9
43 4
51 2
72 2
48 7
46 2
72 2
48 7
46 2
72 2
48 7
46 2
72 2
53 4
51 4
72 9
53 4
51 4
72 4
48 4
51 4
72 4
48 4
51 4
53 4
54 4
55 4
58 4
55 4
72 11
58 4
55 4
72 11
58 4
55 3
72 1
19 4
22 4
147 4
108 4
72 9
226 4
108 2
72 2
147 7
108 4
72 9
161 4
187 4
72 4
147 2
134 2
108 4
72 9
187 4
147 2
72 2
108 7
226 2
72 2
108 7
226 2
72 2
108 7
226 2
72 2
161 4
147 4
72 9
161 4
147 4
72 4
108 4
147 4
72 4
108 4
147 4
161 4
174 4
187 4
226 4
187 4
72 11
226 4
187 4
72 11
226 4
187 3
72 5
226 4
44 2
72 2
44 2
72 2
44 2
72 2
46 2
72 2
48 2
72 2
48 2
72 2
46 2
72 2
44 2
72 2
43 4
43 3
72 5
39 11
44 2
72 2
44 2
72 2
44 2
72 2
46 2
72 2
48 2
72 2
48 2
72 2
50 2
72 2
48 2
72 2
50 4
51 4
72 4
51 10
72 2
48 2
46 2
44 2
72 2
44 2
72 2
44 2
72 2
46 2
72 2
48 2
72 2
48 2
72 2
46 2
72 2
44 2
72 2
41 4
43 3
72 5
39 11
36 2
39 2
44 2
72 2
44 2
72 2
44 2
72 2
46 2
72 2
44 2
72 2
44 2
72 2
41 2
72 2
38 2
72 2
38 4
39 2
72 2
36 4
31 11
50 9
48 2
50 2
46 7
57 6
53 2
51 6
53 2
55 11
48 3
49 3
50 9
48 2
50 2
46 5
57 5
53 7
60 11
72 0
52 4
72 1
55 4
72 1
60 8
72 1
58 2
56 2
55 4
72 1
53 4
72 1
55 4
72 1
58 8
72 1
56 2
55 2
53 4
72 1
51 4
72 1
53 4
72 1
50 5
72 0
55 2
55 12
1612 4
1142 4
72 4
1612 4
1142 4
72 4
1612 4
1144 4
51 4
48 4
72 9
46 4
48 2
72 2
51 7
48 4
72 9
53 4
55 4
72 4
51 2
50 2
48 4
72 9
43 4
51 2
72 2
48 7
46 2
72 2
48 7
46 2
72 2
48 7
46 2
E
S
H
72 8
72 14
57 0
72 2
57 0
72 12
54 0
72 4
57 0
72 2
57 0
72 13
57 0
72 2
57 0
72 12
54 0
72 4
57 0
72 2
57 0
72 13
57 0
72 2
57 0
72 12
54 0
72 4
57 0
72 2
57 0
72 13
57 0
72 2
57 0
72 12
54 0
72 4
57 0
72 2
57 0
72 13
57 0
72 2
57 0
72 12
54 0
72 4
57 0
72 2
57 0
72 13
57 0
72 2
57 0
72 12
54 0
72 4
57 0
72 2
57 0
72 13
57 0
72 2
57 0
72 12
54 0
72 4
57 0
72 2
57 0
72 13
57 0
72 2
57 0
72 12
54 0
72 4
57 0
72 2
57 0
72 13
57 0
72 2
57 0
72 13
48 2
72 2
48 2
72 2
48 2
72 2
50 2
72 2
51 2
72 2
51 2
72 2
50 2
72 2
48 2
72 2
46 4
48 3
72 5
43 11
48 2
72 2
48 2
72 2
48 2
72 2
50 2
72 2
51 2
72 2
51 2
72 2
53 2
72 2
51 2
72 2
53 4
55 3
72 5
55 10
72 2
51 2
50 2
48 2
72 2
48 2
72 2
48 2
72 2
50 2
72 2
51 2
72 2
51 2
72 2
50 2
72 2
48 2
72 2
46 4
48 3
72 5
43 11
39 2
43 2
48 2
72 2
48 2
72 2
48 2
72 2
50 2
72 2
48 2
72 2
48 2
72 2
46 2
72 2
43 2
72 2
41 4
43 2
72 2
39 4
36 11
72 14
57 0
72 2
57 0
72 12
54 0
72 4
57 0
72 2
57 0
72 13
57 0
72 2
57 0
72 12
54 0
72 4
57 0
72 2
57 0
E
S
L
72 8
72 14
7 4
19 4
72 4
7 4
19 4
72 4
7 4
19 4
12 4
12 4
7 4
10 4
12 4
12 4
7 4
10 4
12 4
12 4
7 4
10 4
12 4
12 4
7 4
10 4
12 4
12 4
7 4
10 4
12 4
12 4
7 4
10 4
12 4
12 4
7 4
10 4
12 4
12 4
7 4
12 4
10 4
10 4
5 4
8 4
10 4
10 4
5 4
8 4
10 4
10 4
5 4
8 4
10 4
10 4
5 4
10 4
8 4
8 4
3 4
7 4
8 4
8 4
3 4
7 4
8 4
8 4
3 4
7 4
8 4
8 4
3 4
8 4
7 4
7 4
7 4
7 4
7 4
14 4
7 4
7 4
14 4
7 4
7 4
7 4
19 4
7 4
19 4
7 4
12 4
12 4
7 4
10 4
12 4
12 4
7 4
10 4
12 4
12 4
7 4
10 4
12 4
12 4
7 4
12 4
10 4
10 4
5 4
8 4
10 4
10 4
5 4
8 4
10 4
10 4
5 4
8 4
10 4
10 4
5 4
10 4
8 4
8 4
3 4
7 4
8 4
8 4
3 4
7 4
8 4
8 4
3 4
7 4
8 4
8 4
3 4
8 4
7 4
7 4
7 4
7 4
7 4
14 4
7 4
7 4
14 4
7 4
7 4
7 4
19 4
7 4
19 4
7 4
8 4
8 4
20 4
8 4
10 4
10 4
22 4
10 4
12 4
12 4
24 4
12 4
12 4
12 4
24 4
22 4
8 4
8 4
20 4
8 4
10 4
10 4
22 4
10 4
12 4
12 4
24 4
12 4
12 4
12 4
24 4
22 4
8 4
8 4
20 4
8 4
10 4
10 4
22 4
10 4
12 4
12 4
24 4
12 4
12 4
12 4
24 4
22 4
8 4
8 4
20 4
8 4
10 4
10 4
22 4
10 4
12 4
12 4
24 4
12 4
12 4
12 4
72 7
7 4
19 2
19 2
7 4
19 2
19 2
7 4
19 2
19 2
7 4
19 2
19 2
5 4
17 2
17 2
5 4
17 2
17 2
5 4
17 2
17 2
5 4
17 2
17 2
7 4
19 2
19 2
7 4
19 2
19 2
7 4
19 2
19 2
7 4
19 2
19 2
12 4
24 2
24 2
12 4
24 2
24 2
12 4
24 2
24 2
12 4
24 2
24 2
5 4
17 2
17 2
5 4
17 2
17 2
10 4
22 2
22 2
10 4
22 2
22 2
3 4
15 2
15 2
3 4
15 2
15 2
8 4
20 2
20 2
8 4
20 2
20 2
7 4
19 2
19 2
7 4
19 2
19 2
7 4
19 2
19 2
7 4
19 2
19 2
7 4
19 4
72 4
7 4
19 4
72 4
7 4
19 4
12 4
12 4
7 4
10 4
12 4
12 4
7 4
10 4
12 4
12 4
7 4
10 4
12 4
12 4
7 4
12 4
10 4
10 4
5 4
8 4
10 4
10 4
5 4
8 4
10 4
10 4
5 4
8 4
10 4
10 4
5 4
10 4
E
S
H
72 8
72 14
63 2
63 2
60 2
60 2
72 14
63 2
63 2
60 2
60 2
72 14
67 2
67 2
60 2
60 2
72 14
67 2
67 2
127 2
127 2
55 2
55 2
72 9
65 2
65 2
244 2
244 2
53 2
53 2
72 12
63 2
63 2
60 2
60 2
72 14
63 2
63 2
60 2
60 2
72 14
67 2
67 2
60 2
60 2
72 14
67 2
67 2
127 2
127 2
55 2
55 2
72 9
65 2
65 2
244 2
244 2
53 2
53 2
72 14
63 2
63 2
60 2
60 2
72 14
63 2
63 2
60 2
60 2
E
S
H
72 8
72 14
188 0
72 2
137 0
72 6
188 0
72 2
137 0
72 6
188 0
72 2
137 0
72 6
188 0
72 2
137 0
72 6
188 0
72 2
137 0
72 6
188 0
72 2
137 0
72 6
188 0
72 2
137 0
72 6
188 0
72 2
137 0
72 2
43 2
36 2
39 2
36 2
43 2
36 2
39 2
36 2
43 2
36 2
39 2
36 2
43 2
36 2
39 2
36 2
43 2
36 2
39 2
36 2
43 2
36 2
39 2
36 2
43 2
36 2
39 2
36 2
43 2
36 2
39 2
36 2
43 2
36 2
39 2
36 2
43 2
36 2
39 2
36 2
43 2
36 2
39 2
36 2
43 2
36 2
39 2
36 2
43 2
36 2
39 2
36 2
43 2
36 2
39 2
36 2
43 2
36 2
39 2
36 2
43 2
36 2
39 2
36 2
44 2
36 2
39 2
36 2
44 2
36 2
39 2
36 2
44 2
36 2
39 2
36 2
44 2
36 2
39 2
36 2
44 2
36 2
39 2
36 2
44 2
36 2
39 2
36 2
44 2
36 2
39 2
36 2
44 2
36 2
39 2
36 2
43 2
35 2
38 2
35 2
43 2
31 2
38 2
35 2
43 2
31 2
38 2
35 2
43 2
31 2
38 2
35 2
43 2
31 2
38 2
35 2
43 2
31 2
38 2
35 2
43 2
31 2
38 2
35 2
43 2
31 2
38 2
35 2
43 2
36 2
39 2
36 2
43 2
36 2
39 2
36 2
43 2
36 2
39 2
36 2
43 2
36 2
39 2
36 2
43 2
36 2
39 2
36 2
43 2
36 2
39 2
36 2
43 2
36 2
39 2
36 2
43 2
36 2
39 2
36 2
43 2
36 2
39 2
36 2
43 2
36 2
39 2
36 2
43 2
36 2
39 2
36 2
43 2
36 2
39 2
36 2
43 2
36 2
39 2
36 2
43 2
36 2
39 2
36 2
43 2
36 2
39 2
36 2
43 2
36 2
39 2
36 2
44 2
36 2
39 2
36 2
44 2
36 2
39 2
36 2
44 2
36 2
39 2
36 2
44 2
36 2
39 2
36 2
44 2
36 2
39 2
36 2
44 2
36 2
39 2
36 2
44 2
36 2
39 2
36 2
44 2
36 2
39 2
36 2
43 2
35 2
38 2
35 2
43 2
31 2
38 2
35 2
43 2
31 2
38 2
35 2
43 2
31 2
38 2
35 2
43 2
31 2
38 2
35 2
43 2
31 2
38 2
35 2
43 2
31 2
38 2
35 2
43 2
31 2
38 2
35 2
43 2
39 2
36 2
32 2
43 2
39 2
36 2
32 2
41 2
39 2
36 2
32 2
41 2
39 2
36 2
32 2
39 2
36 2
31 2
72 12
43 2
39 2
36 2
32 2
43 2
39 2
36 2
32 2
41 2
39 2
36 2
32 2
41 2
39 2
36 2
32 2
39 2
36 2
31 2
72 12
43 2
39 2
36 2
32 2
43 2
39 2
36 2
32 2
41 2
39 2
36 2
32 2
41 2
39 2
36 2
32 2
39 2
36 2
31 2
72 12
43 2
39 2
36 2
32 2
43 2
39 2
36 2
32 2
41 2
39 2
36 2
32 2
41 2
39 2
36 2
32 2
39 2
36 2
31 2
72 12
31 2
228 2
214 2
163 2
31 2
228 2
214 2
163 2
31 2
228 2
214 2
163 2
31 2
228 2
214 2
163 2
29 2
202 2
188 2
137 2
29 2
202 2
188 2
137 2
29 2
202 2
188 2
137 2
29 2
202 2
188 2
137 2
31 2
228 2
214 2
163 2
31 2
228 2
214 2
163 2
31 2
228 2
214 2
163 2
31 2
228 2
214 2
163 2
36 2
108 2
108 2
189 2
36 2
108 2
108 2
189 2
36 2
108 2
108 2
189 2
36 2
108 2
108 2
189 2
109 2
137 2
188 2
137 2
109 2
137 2
188 2
137 2
199 2
226 2
133 2
226 2
199 2
226 2
133 2
226 2
147 2
187 2
228 2
187 2
147 2
187 2
228 2
187 2
109 2
145 2
161 2
145 2
109 2
145 2
161 2
145 2
132 2
161 2
132 2
161 2
132 2
161 2
132 2
161 2
132 2
161 2
132 2
161 2
132 2
161 2
132 2
161 2
72 13
43 2
36 2
39 2
36 2
43 2
36 2
39 2
36 2
43 2
36 2
39 2
36 2
43 2
36 2
39 2
36 2
43 2
36 2
39 2
36 2
43 2
36 2
39 2
36 2
43 2
36 2
39 2
36 2
43 2
36 2
39 2
36 2
43 2
36 2
39 2
36 2
43 2
36 2
39 2
36 2
43 2
36 2
39 2
36 2
43 2
36 2
39 2
36 2
43 2
36 2
39 2
36 2
43 2
36 2
39 2
36 2
43 2
36 2
39 2
36 2
43 2
36 2
39 2
36 2
E
S
L
72 8
72 12
16 0
72 2
16 0
72 2
16 0
72 2
16 0
72 2
16 0
72 2
16 0
72 2
16 0
72 2
16 0
72 2
16 0
72 2
16 0
72 2
16 0
72 2
16 0
72 2
16 0
72 2
16 0
72 2
16 0
72 2
16 0
72 2
16 0
72 4
16 0
72 6
16 0
72 1
16 0
72 4
16 0
72 4
11 0
72 4
16 0
72 4
16 0
72 4
11 0
72 2
18 0
72 2
177 0
72 2
177 0
72 2
11 0
72 2
18 0
72 2
177 0
72 2
177 0
72 2
11 0
72 2
18 0
72 2
177 0
72 2
177 0
72 2
184 0
72 2
18 0
72 2
177 0
72 2
16 0
72 2
11 0
72 2
18 0
72 2
177 0
72 2
177 0
72 2
11 0
72 2
18 0
72 2
177 0
72 2
177 0
72 2
11 0
72 2
18 0
72 2
177 0
72 2
177 0
72 2
184 0
72 2
18 0
72 2
177 0
72 2
16 0
72 2
11 0
72 2
18 0
72 2
177 0
72 2
177 0
72 2
11 0
72 2
18 0
72 2
177 0
72 2
177 0
72 2
11 0
72 2
18 0
72 2
177 0
72 2
177 0
72 2
184 0
72 2
18 0
72 2
177 0
72 2
16 0
72 2
11 0
72 2
18 0
72 2
177 0
72 2
177 0
72 2
11 0
72 2
18 0
72 2
177 0
72 2
177 0
72 2
11 0
72 2
18 0
72 2
177 0
72 2
177 0
72 2
184 0
72 2
18 0
72 2
177 0
72 2
16 0
72 2
11 0
72 2
18 0
72 2
177 0
72 2
177 0
72 2
11 0
72 2
18 0
72 2
177 0
72 2
177 0
72 2
11 0
72 2
18 0
72 2
177 0
72 2
177 0
72 2
184 0
72 2
18 0
72 2
177 0
72 2
16 0
72 2
11 0
72 2
18 0
72 2
177 0
72 2
177 0
72 2
11 0
72 2
18 0
72 2
177 0
72 2
177 0
72 2
11 0
72 2
18 0
72 2
177 0
72 2
177 0
72 2
184 0
72 2
18 0
72 2
177 0
72 2
16 0
72 2
11 0
72 2
18 0
72 2
177 0
72 2
177 0
72 2
11 0
72 2
18 0
72 2
177 0
72 2
177 0
72 2
11 0
72 2
18 0
72 2
177 0
72 2
177 0
72 2
184 0
72 2
18 0
72 2
177 0
72 2
16 0
72 2
11 0
72 2
18 0
72 2
177 0
72 2
177 0
72 2
11 0
72 2
18 0
72 2
177 0
72 2
177 0
72 2
11 0
72 2
18 0
72 2
177 0
72 2
177 0
72 2
184 0
72 2
18 0
72 2
177 0
72 2
16 0
72 2
11 0
72 2
18 0
72 2
177 0
72 2
177 0
72 2
11 0
72 2
18 0
72 2
177 0
72 2
177 0
72 2
11 0
72 2
18 0
72 2
177 0
72 2
177 0
72 2
184 0
72 2
18 0
72 2
177 0
72 2
16 0
72 2
11 0
72 2
18 0
72 2
177 0
72 2
177 0
72 2
11 0
72 2
18 0
72 2
177 0
72 2
177 0
72 2
11 0
72 2
18 0
72 2
177 0
72 2
177 0
72 2
184 0
72 2
18 0
72 2
177 0
72 2
16 0
72 2
11 0
72 2
18 0
72 2
177 0
72 2
177 0
72 2
11 0
72 2
18 0
72 2
177 0
72 2
177 0
72 2
11 0
72 2
18 0
72 2
177 0
72 2
177 0
72 2
184 0
72 2
18 0
72 2
177 0
72 2
16 0
72 2
11 0
72 2
18 0
72 2
177 0
72 2
177 0
72 2
11 0
72 2
18 0
72 2
177 0
72 2
177 0
72 2
11 0
72 2
18 0
72 2
177 0
72 2
177 0
72 2
184 0
72 2
18 0
72 2
177 0
72 2
16 0
72 2
11 0
72 2
18 0
72 2
177 0
72 2
177 0
72 2
11 0
72 2
18 0
72 2
177 0
72 2
177 0
72 2
11 0
72 2
18 0
72 2
177 0
72 2
177 0
72 2
184 0
72 2
18 0
72 2
177 0
72 2
16 0
72 2
11 0
72 2
18 0
72 2
177 0
72 2
177 0
72 2
11 0
72 2
18 0
72 2
177 0
72 2
177 0
72 2
11 0
72 2
18 0
72 2
177 0
72 2
177 0
72 2
184 0
72 2
18 0
72 2
177 0
72 2
16 0
72 2
11 0
72 2
18 0
72 2
177 0
72 2
177 0
72 2
11 0
72 2
18 0
72 2
177 0
72 2
177 0
72 2
11 0
72 2
18 0
72 2
177 0
72 2
177 0
72 2
184 0
72 2
18 0
72 2
177 0
72 2
16 0
72 2
11 0
72 2
18 0
72 2
177 0
72 2
177 0
72 2
11 0
72 2
18 0
72 2
177 0
72 2
177 0
72 2
11 0
72 2
18 0
72 2
177 0
72 2
177 0
72 2
184 0
72 2
18 0
72 2
177 0
72 2
16 0
72 2
11 0
72 2
18 0
72 2
177 0
72 2
177 0
72 2
11 0
72 2
18 0
72 2
177 0
72 2
177 0
72 2
11 0
72 2
18 0
72 2
177 0
72 2
177 0
72 2
184 0
72 2
18 0
72 2
177 0
72 2
16 0
72 2
11 0
72 2
18 0
72 2
177 0
72 2
177 0
72 2
11 0
72 2
18 0
72 2
177 0
72 2
177 0
72 2
11 0
72 2
18 0
72 2
177 0
72 2
177 0
72 2
16 0
72 2
16 0
72 2
16 0
72 2
16 0
72 2
11 0
72 2
11 0
72 2
16 0
72 2
16 0
72 2
16 0
72 2
16 0
72 2
16 0
72 2
16 0
72 2
160 0
72 2
11 0
72 2
16 0
72 2
16 0
72 2
16 0
72 2
16 0
72 2
16 0
72 2
16 0
72 2
11 0
72 2
11 0
72 2
16 0
72 2
16 0
72 2
16 0
72 2
16 0
72 2
16 0
72 2
16 0
72 2
160 0
72 2
11 0
72 2
16 0
72 2
16 0
72 2
16 0
72 2
16 0
72 2
16 0
72 2
16 0
72 2
11 0
72 2
11 0
72 2
16 0
72 2
16 0
72 2
16 0
72 2
16 0
72 2
16 0
72 2
16 0
72 2
160 0
72 2
11 0
72 2
16 0
72 2
16 0
72 2
16 0
72 2
16 0
72 2
16 0
72 2
16 0
72 2
11 0
72 2
11 0
72 2
16 0
72 2
16 0
72 2
16 0
72 2
16 0
72 2
16 0
72 2
16 0
72 2
160 0
72 2
11 0
72 2
16 0
72 2
16 0
72 2
16 0
72 2
16 0
72 2
16 0
72 2
16 0
72 2
11 0
72 2
11 0
72 2
16 0
72 2
16 0
72 2
16 0
72 2
16 0
72 2
16 0
72 2
16 0
72 2
160 0
72 2
11 0
72 2
16 0
72 2
16 0
72 2
16 0
72 2
16 0
72 2
16 0
72 2
16 0
72 2
11 0
72 2
11 0
72 2
16 0
72 2
16 0
72 2
16 0
72 2
16 0
72 2
16 0
72 2
16 0
72 2
160 0
72 2
11 0
72 2
16 0
72 2
16 0
72 2
16 0
72 2
16 0
72 2
16 0
72 2
16 0
72 2
11 0
72 2
11 0
72 2
16 0
72 2
16 0
72 2
16 0
72 2
16 0
72 2
16 0
72 2
16 0
72 2
160 0
72 2
11 0
72 2
16 0
72 2
16 0
72 2
16 0
72 2
16 0
72 2
16 0
72 2
16 0
72 2
11 0
72 2
11 0
72 2
16 0
72 2
16 0
72 2
16 0
72 2
16 0
72 2
16 0
72 2
16 0
72 2
160 0
72 2
11 0
72 2
16 0
72 2
16 0
72 2
16 0
72 2
16 0
72 2
16 0
72 2
16 0
72 2
11 0
72 4
18 0
72 2
18 0
72 2
16 0
72 4
18 0
72 2
18 0
72 2
11 0
72 4
18 0
72 2
18 0
72 2
16 0
72 4
18 0
72 2
18 0
72 2
11 0
72 4
18 0
72 2
18 0
72 2
16 0
72 4
18 0
72 2
18 0
72 2
11 0
72 4
18 0
72 2
18 0
72 2
16 0
72 4
18 0
72 2
18 0
72 2
11 0
72 4
18 0
72 2
18 0
72 2
16 0
72 4
18 0
72 2
18 0
72 2
11 0
72 4
18 0
72 2
18 0
72 2
16 0
72 4
18 0
72 2
18 0
72 2
11 0
72 4
18 0
72 2
18 0
72 2
16 0
72 4
18 0
72 2
18 0
72 2
11 0
72 4
18 0
72 2
18 0
72 2
16 0
72 4
18 0
72 2
18 0
72 2
11 0
72 4
18 0
72 2
18 0
72 2
16 0
72 4
18 0
72 2
18 0
72 2
11 0
72 4
18 0
72 2
18 0
72 2
16 0
72 4
18 0
72 2
18 0
72 2
11 0
72 4
18 0
72 2
18 0
72 2
16 0
72 4
18 0
72 2
18 0
72 2
11 0
72 4
18 0
72 2
18 0
72 2
16 0
72 4
18 0
72 2
18 0
72 2
16 0
72 2
16 0
72 2
16 0
72 2
16 0
72 2
16 0
72 2
16 0
72 2
16 0
72 2
16 0
72 2
16 0
72 2
16 0
72 2
16 0
72 2
16 0
72 2
16 0
72 2
16 0
72 2
16 0
72 2
16 0
72 2
16 0
72 4
16 0
72 6
16 0
72 1
16 0
72 4
16 0
72 4
11 0
72 4
16 0
72 4
16 0
72 4
11 0
72 2
18 0
72 2
177 0
72 2
177 0
72 2
11 0
72 2
18 0
72 2
177 0
72 2
177 0
72 2
11 0
72 2
18 0
72 2
177 0
72 2
177 0
72 2
184 0
72 2
18 0
72 2
177 0
72 2
16 0
72 2
11 0
72 2
18 0
72 2
177 0
72 2
177 0
72 2
11 0
72 2
18 0
72 2
177 0
72 2
177 0
72 2
11 0
72 2
18 0
72 2
177 0
72 2
177 0
72 2
184 0
72 2
18 0
72 2
177 0
72 2
16 0
72 2
11 0
72 2
18 0
72 2
177 0
72 2
177 0
72 2
11 0
72 2
18 0
72 2
177 0
72 2
177 0
72 2
11 0
72 2
18 0
72 2
177 0
72 2
177 0
72 2
184 0
72 2
18 0
72 2
177 0
72 2
16 0
72 2
11 0
72 2
18 0
72 2
177 0
72 2
177 0
72 2
11 0
72 2
18 0
72 2
177 0
72 2
177 0
72 2
11 0
72 2
18 0
72 2
177 0
72 2
177 0
72 2
184 0
72 2
18 0
72 2
177 0
72 2
16 0
E
S
L
72 8
72 14
26 0
72 2
26 0
72 2
26 0
72 2
24 0
72 14
26 0
72 2
26 0
72 2
24 0
72 2
24 0
E
X
