minor
S
H
35 9
38 4
37 7
38 9
35 4
34 4
30 4
35 9
38 4
37 7
38 9
35 4
34 4
30 4
35 4
38 4
32 4
38 4
41 4
47 4
38 4
41 4
35 4
38 4
41 4
44 4
41 4
47 4
38 4
41 4
47 4
50 4
23 13
23 6
E
S
H
72 4
54 4
52 4
54 4
49 7
50 4
46 7
47 4
49 4
50 4
47 4
54 4
52 4
54 4
49 7
50 4
46 7
47 4
49 4
50 4
47 4
50 4
53 4
56 4
59 4
62 4
50 4
53 4
56 4
59 4
62 4
65 4
53 4
56 4
59 4
62 4
65 4
68 4
71 13
E
S
H
72 7
54 4
52 4
54 4
49 7
50 4
46 7
47 4
49 4
50 4
47 4
54 4
52 4
54 4
49 7
50 4
46 7
47 4
49 4
50 4
47 4
50 4
53 4
56 4
59 4
62 4
50 4
53 4
56 4
59 4
62 4
65 4
53 4
56 4
59 4
62 4
65 4
65 13
E
X
