major
S
H
37 4
49 4
51 4
49 4
53 4
54 2
53 2
49 6
72 2
37 4
49 4
51 4
49 4
53 4
54 2
53 2
49 6
72 2
37 4
49 4
51 4
49 4
53 4
54 2
53 2
49 6
72 2
37 4
49 4
51 4
49 4
53 4
54 2
53 2
49 6
72 2
37 4
49 4
51 4
49 4
53 4
54 2
53 2
49 6
72 2
37 4
49 4
51 4
49 4
53 4
54 2
53 2
49 6
72 2
37 4
49 4
51 4
49 4
53 4
54 2
53 2
49 6
72 2
37 4
49 4
51 4
49 4
53 4
54 2
53 2
49 6
72 2
37 4
49 4
51 4
49 4
53 4
54 2
53 2
49 6
72 2
37 4
49 4
51 4
49 4
53 4
54 2
53 2
49 6
72 2
37 4
49 4
51 4
49 4
53 4
54 2
53 2
49 6
72 2
37 4
49 4
51 4
49 4
53 4
54 2
53 2
49 6
72 2
37 4
49 4
51 4
49 4
53 4
54 2
53 2
49 6
72 2
37 4
49 4
51 4
49 4
53 4
54 2
53 2
49 6
72 14
56 2
54 2
53 4
53 2
56 2
61 4
49 4
51 2
53 2
51 0
72 1
53 0
72 0
51 0
53 0
72 2
49 4
44 4
41 2
44 2
49 2
41 2
53 2
51 2
49 0
72 1
51 0
72 0
49 2
41 4
41 2
44 2
49 4
51 4
54 4
56 2
54 2
53 4
51 0
72 1
53 0
72 0
51 2
42 2
46 2
49 2
53 2
54 4
53 4
51 2
49 2
51 2
53 2
54 2
53 2
51 2
49 2
53 2
54 2
53 0
72 1
54 0
72 0
51 2
49 6
72 2
46 2
49 2
54 2
46 2
58 2
53 2
49 2
46 2
61 2
58 2
54 2
53 2
49 4
48 0
72 1
49 0
72 0
48 0
49 0
72 2
46 4
44 2
46 2
48 2
49 2
51 2
46 2
49 2
48 2
46 2
48 2
44 2
51 2
49 2
48 2
49 0
51 0
72 2
49 2
44 2
51 2
49 2
44 2
46 2
41 2
53 2
51 2
49 2
48 2
49 4
48 0
72 1
49 0
72 0
48 2
49 2
48 2
44 2
49 2
48 2
44 2
46 2
41 2
53 2
51 2
49 2
48 2
49 4
56 2
54 2
53 4
53 2
56 2
61 4
49 4
51 2
53 2
51 0
72 1
53 0
72 0
51 0
53 0
72 2
49 4
44 4
41 2
44 2
49 2
41 2
53 2
51 2
49 0
72 1
51 0
72 0
49 2
41 4
41 2
44 2
49 4
51 4
54 4
56 2
54 2
53 4
51 0
72 1
53 0
72 0
51 2
42 2
46 2
49 2
53 2
54 4
53 4
51 2
49 2
51 2
53 2
54 2
53 2
51 2
49 2
53 2
54 2
53 0
72 1
54 0
72 0
51 2
49 6
72 2
46 2
49 2
54 2
46 2
58 2
53 2
49 2
46 2
61 2
58 2
54 2
53 2
49 4
48 0
72 1
49 0
72 0
48 0
49 0
72 2
46 4
44 2
46 2
48 2
49 2
51 2
46 2
49 2
48 2
46 2
48 2
44 2
51 2
49 2
48 2
49 0
51 0
72 2
49 2
44 2
51 2
49 2
44 2
46 2
41 2
53 2
51 2
49 2
48 2
49 4
48 0
72 1
49 0
72 0
48 2
49 2
48 2
44 2
49 2
48 2
44 2
46 2
41 2
53 2
51 2
49 2
48 2
49 6
72 14
37 4
49 4
51 4
49 4
53 4
54 2
53 2
49 6
72 2
37 4
49 4
51 4
49 4
53 4
54 2
53 2
49 6
72 2
37 4
49 4
51 4
49 4
53 4
54 2
53 2
49 6
72 2
37 4
49 4
51 4
49 4
53 4
54 2
53 2
49 6
72 2
37 4
49 4
51 4
49 4
53 4
54 2
53 2
49 6
72 2
37 4
49 4
51 4
49 4
53 4
54 2
53 2
49 6
72 2
37 4
49 4
51 4
49 4
53 4
54 2
53 2
49 6
72 2
37 4
49 4
51 4
49 4
53 4
54 2
53 2
49 6
72 2
37 4
49 4
51 4
49 4
53 4
54 2
53 2
49 6
72 2
37 4
49 4
51 4
49 4
53 4
54 2
53 2
49 6
72 2
37 4
49 4
51 4
49 4
53 4
54 2
53 2
49 6
72 2
37 4
49 4
51 4
49 4
53 4
54 2
53 2
49 6
72 2
37 4
49 4
51 4
49 4
53 4
54 2
53 2
49 6
72 2
37 4
49 4
51 4
49 4
53 4
54 2
53 2
49 6
72 14
56 2
54 2
53 4
53 2
56 2
61 4
49 4
51 2
53 2
51 0
72 1
53 0
72 0
51 0
53 0
72 2
49 4
44 4
41 2
44 2
49 2
41 2
53 2
51 2
49 0
72 1
51 0
72 0
49 2
41 4
41 2
44 2
49 4
51 4
54 4
56 2
54 2
53 4
51 0
72 1
53 0
72 0
51 2
42 2
46 2
49 2
53 2
54 4
53 4
51 2
49 2
51 2
53 2
54 2
53 2
51 2
49 2
53 2
54 2
53 0
72 1
54 0
72 0
51 2
49 6
72 2
46 2
49 2
54 2
46 2
58 2
53 2
49 2
46 2
61 2
58 2
54 2
53 2
49 4
48 0
72 1
49 0
72 0
48 0
49 0
72 2
46 4
44 2
46 2
48 2
49 2
51 2
46 2
49 2
48 2
46 2
48 2
44 2
51 2
49 2
48 2
49 0
51 0
72 2
49 2
44 2
51 2
49 2
44 2
46 2
41 2
53 2
51 2
49 2
48 2
49 4
48 0
72 1
49 0
72 0
48 2
49 2
48 2
44 2
49 2
48 2
44 2
46 2
41 2
53 2
51 2
49 2
48 2
49 4
56 2
54 2
53 4
53 2
56 2
61 4
49 4
51 2
53 2
51 0
72 1
53 0
72 0
51 0
53 0
72 2
49 4
44 4
41 2
44 2
49 2
41 2
53 2
51 2
49 0
72 1
51 0
72 0
49 2
41 4
41 2
44 2
49 4
51 4
54 4
56 2
54 2
53 4
51 0
72 1
53 0
72 0
51 2
42 2
46 2
49 2
53 2
54 4
53 4
51 2
49 2
51 2
53 2
54 2
53 2
51 2
49 2
53 2
54 2
53 0
72 1
54 0
72 0
51 2
49 6
72 2
46 2
49 2
54 2
46 2
58 2
53 2
49 2
46 2
61 2
58 2
54 2
53 2
49 4
48 0
72 1
49 0
72 0
48 0
49 0
72 2
46 4
44 2
46 2
48 2
49 2
51 2
46 2
49 2
48 2
46 2
48 2
44 2
51 2
49 2
48 2
49 0
51 0
72 2
49 2
44 2
51 2
49 2
44 2
46 2
41 2
53 2
51 2
49 2
48 2
49 4
48 0
72 1
49 0
72 0
48 2
49 2
48 2
44 2
49 2
48 2
44 2
46 2
41 2
53 2
51 2
49 2
48 2
49 6
E
S
H
37 4
49 4
72 11
49 4
44 4
37 4
49 4
72 11
49 4
44 4
37 4
49 4
72 11
49 4
44 4
37 4
49 4
72 11
49 4
44 4
37 4
49 4
72 11
49 4
44 4
37 4
49 4
72 11
49 4
44 4
37 4
49 4
72 11
49 4
44 4
37 4
49 4
72 11
49 4
44 4
37 4
49 4
72 11
49 4
44 4
37 4
49 4
72 11
49 4
44 4
37 4
49 4
72 11
49 4
44 4
37 4
49 4
72 11
49 4
44 4
37 4
49 4
72 11
49 4
44 4
37 4
49 4
72 11
49 4
44 4
72 14
37 4
49 4
72 11
49 4
44 4
37 4
49 4
72 11
49 4
44 4
37 4
49 4
72 11
49 4
44 4
37 4
49 4
72 11
49 4
44 4
37 4
49 4
72 11
49 4
44 4
37 4
49 4
72 11
49 4
44 4
37 4
49 4
72 11
49 4
44 4
37 4
49 4
72 11
49 4
44 4
37 4
49 4
72 11
49 4
44 4
37 4
49 4
72 11
49 4
44 4
37 4
49 4
72 11
49 4
44 4
37 4
49 4
72 11
49 4
44 4
37 4
49 4
72 11
49 4
44 4
37 4
49 4
72 11
49 4
44 4
E
S
H
72 14
56 2
54 2
53 4
53 2
56 2
61 4
49 4
51 2
53 2
51 0
72 1
53 0
72 0
51 0
49 5
72 0
44 4
46 2
48 2
49 2
44 2
42 2
44 2
46 2
41 2
39 4
39 2
41 2
37 4
56 2
54 2
53 4
53 2
56 2
61 4
49 4
51 2
53 2
51 0
72 1
53 0
72 0
51 0
49 5
72 0
44 4
46 2
48 2
49 2
44 2
42 2
44 2
46 2
41 2
39 4
39 2
41 2
37 6
72 14
56 2
54 2
53 4
53 2
56 2
61 4
49 4
51 2
53 2
51 0
72 1
53 0
72 0
51 0
49 5
72 0
44 4
46 2
48 2
49 2
44 2
42 2
44 2
46 2
41 2
39 4
39 2
41 2
37 4
56 2
54 2
53 4
53 2
56 2
61 4
49 4
51 2
53 2
51 0
72 1
53 0
72 0
51 0
49 5
72 0
44 4
46 2
48 2
49 2
44 2
42 2
44 2
46 2
41 2
39 4
39 2
41 2
37 6
72 14
37 2
42 2
37 2
49 4
37 2
42 2
37 2
37 2
42 2
37 2
49 4
37 2
42 2
37 2
37 2
42 2
37 2
49 4
37 2
42 2
37 2
37 2
42 2
37 2
49 4
37 2
42 2
37 2
37 2
42 2
37 2
48 4
37 2
42 2
37 2
37 2
42 2
37 2
48 4
37 2
42 2
37 2
37 2
42 2
37 2
48 4
37 2
42 2
37 2
37 2
42 2
37 2
48 4
37 2
42 2
37 2
37 2
42 2
37 2
49 4
37 2
42 2
37 2
37 2
42 2
37 2
49 4
37 2
42 2
37 2
37 2
42 2
37 2
49 4
37 2
42 2
37 2
37 2
42 2
37 2
48 4
37 2
42 2
37 2
37 2
42 2
37 2
48 4
37 2
42 2
37 2
37 2
42 2
37 2
48 4
37 2
42 2
37 2
37 2
42 2
37 2
48 4
37 2
42 2
37 2
63 2
56 2
53 2
49 2
44 2
39 2
56 2
54 2
53 4
53 2
56 2
61 4
49 4
51 2
53 2
51 0
72 1
53 0
72 0
51 0
53 0
72 2
49 4
44 4
41 2
44 2
49 2
41 2
53 2
51 2
49 0
72 1
51 0
72 0
49 2
41 4
41 2
44 2
49 4
51 4
54 4
56 2
54 2
53 4
51 0
72 1
53 0
72 0
51 2
42 2
46 2
49 2
53 2
54 4
53 4
51 2
49 2
51 2
53 2
54 2
53 2
51 2
49 2
53 2
54 2
53 0
72 1
54 0
72 0
51 2
49 6
72 2
46 2
49 2
54 2
46 2
58 2
53 2
49 2
46 2
61 2
58 2
54 2
53 2
49 4
48 0
72 1
49 0
72 0
48 0
49 0
72 2
46 4
44 2
46 2
48 2
49 2
51 2
46 2
49 2
48 2
46 2
48 2
44 2
51 2
49 2
48 2
49 0
51 0
72 2
49 2
44 2
51 2
49 2
44 2
46 2
41 2
53 2
51 2
49 2
48 2
49 4
48 0
72 1
49 0
72 0
48 2
49 2
48 2
44 2
49 2
48 2
44 2
46 2
41 2
53 2
51 2
49 2
48 2
49 4
56 2
54 2
53 4
53 2
56 2
61 4
49 4
51 2
53 2
51 0
72 1
53 0
72 0
51 0
53 0
72 2
49 4
44 4
41 2
44 2
49 2
41 2
53 2
51 2
49 0
72 1
51 0
72 0
49 2
41 4
41 2
44 2
49 4
51 4
54 4
56 2
54 2
53 4
51 0
72 1
53 0
72 0
51 2
42 2
46 2
49 2
53 2
54 4
53 4
51 2
49 2
51 2
53 2
54 2
53 2
51 2
49 2
53 2
54 2
53 0
72 1
54 0
72 0
51 2
49 6
72 2
46 2
49 2
54 2
46 2
58 2
53 2
49 2
46 2
61 2
58 2
54 2
53 2
49 4
48 0
72 1
49 0
72 0
48 0
49 0
72 2
46 4
44 2
46 2
48 2
49 2
51 2
46 2
49 2
48 2
46 2
48 2
44 2
51 2
49 2
48 2
49 0
51 0
72 2
49 2
44 2
51 2
49 2
44 2
46 2
41 2
53 2
51 2
49 2
48 2
49 4
48 0
72 1
49 0
72 0
48 2
49 2
48 2
44 2
49 2
48 2
44 2
46 2
41 2
53 2
51 2
49 2
48 2
49 6
72 13
44 0
46 0
72 2
49 6
44 6
72 2
46 6
72 2
48 6
72 13
44 0
46 0
72 2
49 6
44 6
72 2
46 6
72 2
48 6
72 14
56 2
54 2
53 4
53 2
56 2
61 4
49 4
51 2
53 2
51 0
72 1
53 0
72 0
51 0
49 5
72 0
44 4
46 2
48 2
49 2
44 2
42 2
44 2
46 2
41 2
39 4
39 2
41 2
37 4
56 2
54 2
53 4
53 2
56 2
61 4
49 4
51 2
53 2
51 0
72 1
53 0
72 0
51 0
49 5
72 0
44 4
46 2
48 2
49 2
44 2
42 2
44 2
46 2
41 2
39 4
39 2
41 2
37 6
72 14
56 2
54 2
53 4
53 2
56 2
61 4
49 4
51 2
53 2
51 0
72 1
53 0
72 0
51 0
49 5
72 0
44 4
46 2
48 2
49 2
44 2
42 2
44 2
46 2
41 2
39 4
39 2
41 2
37 4
56 2
54 2
53 4
53 2
56 2
61 4
49 4
51 2
53 2
51 0
72 1
53 0
72 0
51 0
49 5
72 0
44 4
46 2
48 2
49 2
44 2
42 2
44 2
46 2
41 2
39 4
39 2
41 2
37 6
72 14
37 2
42 2
37 2
49 4
37 2
42 2
37 2
37 2
42 2
37 2
49 4
37 2
42 2
37 2
37 2
42 2
37 2
49 4
37 2
42 2
37 2
37 2
42 2
37 2
49 4
37 2
42 2
37 2
37 2
42 2
37 2
48 4
37 2
42 2
37 2
37 2
42 2
37 2
48 4
37 2
42 2
37 2
37 2
42 2
37 2
48 4
37 2
42 2
37 2
37 2
42 2
37 2
48 4
37 2
42 2
37 2
37 2
42 2
37 2
49 4
37 2
42 2
37 2
37 2
42 2
37 2
49 4
37 2
42 2
37 2
37 2
42 2
37 2
49 4
37 2
42 2
37 2
37 2
42 2
37 2
48 4
37 2
42 2
37 2
37 2
42 2
37 2
48 4
37 2
42 2
37 2
37 2
42 2
37 2
48 4
37 2
42 2
37 2
37 2
42 2
37 2
48 4
37 2
42 2
37 2
63 2
56 2
53 2
49 2
44 2
39 2
56 2
54 2
53 4
53 2
56 2
61 4
49 4
51 2
53 2
51 0
72 1
53 0
72 0
51 0
53 0
72 2
49 4
44 4
41 2
44 2
49 2
41 2
53 2
51 2
49 0
72 1
51 0
72 0
49 2
41 4
41 2
44 2
49 4
51 4
54 4
56 2
54 2
53 4
51 0
72 1
53 0
72 0
51 2
42 2
46 2
49 2
53 2
54 4
53 4
51 2
49 2
51 2
53 2
54 2
53 2
51 2
49 2
53 2
54 2
53 0
72 1
54 0
72 0
51 2
49 6
72 2
46 2
49 2
54 2
46 2
58 2
53 2
49 2
46 2
61 2
58 2
54 2
53 2
49 4
48 0
72 1
49 0
72 0
48 0
49 0
72 2
46 4
44 2
46 2
48 2
49 2
51 2
46 2
49 2
48 2
46 2
48 2
44 2
51 2
49 2
48 2
49 0
51 0
72 2
49 2
44 2
51 2
49 2
44 2
46 2
41 2
53 2
51 2
49 2
48 2
49 4
48 0
72 1
49 0
72 0
48 2
49 2
48 2
44 2
49 2
48 2
44 2
46 2
41 2
53 2
51 2
49 2
48 2
49 4
56 2
54 2
53 4
53 2
56 2
61 4
49 4
51 2
53 2
51 0
72 1
53 0
72 0
51 0
53 0
72 2
49 4
44 4
41 2
44 2
49 2
41 2
53 2
51 2
49 0
72 1
51 0
72 0
49 2
41 4
41 2
44 2
49 4
51 4
54 4
56 2
54 2
53 4
51 0
72 1
53 0
72 0
51 2
42 2
46 2
49 2
53 2
54 4
53 4
51 2
49 2
51 2
53 2
54 2
53 2
51 2
49 2
53 2
54 2
53 0
72 1
54 0
72 0
51 2
49 6
72 2
46 2
49 2
54 2
46 2
58 2
53 2
49 2
46 2
61 2
58 2
54 2
53 2
49 4
48 0
72 1
49 0
72 0
48 0
49 0
72 2
46 4
44 2
46 2
48 2
49 2
51 2
46 2
49 2
48 2
46 2
48 2
44 2
51 2
49 2
48 2
49 0
51 0
72 2
49 2
44 2
51 2
49 2
44 2
46 2
41 2
53 2
51 2
49 2
48 2
49 4
48 0
72 1
49 0
72 0
48 2
49 2
48 2
44 2
49 2
48 2
44 2
46 2
41 2
53 2
51 2
49 2
48 2
49 6
72 13
44 0
46 0
72 2
49 6
44 6
72 2
46 6
72 2
48 6
72 13
44 0
46 0
72 2
49 6
44 6
72 2
46 6
72 2
48 6
E
S
H
72 14
41 4
41 4
42 2
42 4
42 2
44 4
44 4
42 4
42 4
41 4
41 4
42 2
42 4
42 2
44 4
44 4
42 4
42 4
72 14
41 4
41 4
42 2
42 4
42 2
44 4
44 4
42 4
42 4
41 4
41 4
42 2
42 4
42 2
44 4
44 4
42 4
42 4
123 2
72 2
123 2
72 2
123 2
123 2
72 2
123 2
123 2
72 2
123 2
72 2
123 2
72 2
123 2
72 2
227 2
72 2
227 2
72 2
227 2
227 2
72 2
227 2
227 2
72 2
227 2
72 2
227 2
72 2
227 2
72 2
137 2
72 2
137 2
72 2
137 2
137 2
72 2
137 2
137 2
72 2
137 2
72 2
137 2
72 2
137 2
72 2
137 2
72 2
137 2
72 2
137 2
137 2
72 2
137 2
137 2
72 2
137 2
72 2
137 2
72 2
137 2
72 2
123 2
72 2
123 2
72 2
123 2
123 2
72 2
123 2
123 2
72 2
123 2
72 2
123 2
72 2
123 2
72 2
227 2
72 2
227 2
72 2
227 2
227 2
72 2
227 2
227 2
72 2
227 2
72 2
227 2
72 2
227 2
72 2
109 2
72 2
109 2
72 2
109 2
109 2
72 2
109 2
109 2
72 2
109 2
72 2
109 2
72 2
109 2
72 2
137 2
72 2
137 2
72 2
137 2
137 2
72 2
137 2
137 2
72 2
137 2
72 2
137 2
72 2
137 2
72 2
41 2
72 2
41 2
72 2
42 2
42 2
72 2
42 2
44 2
72 2
44 2
72 2
42 2
72 2
42 2
72 2
41 2
72 2
41 2
72 2
42 2
42 2
72 2
42 2
44 2
72 2
44 2
72 2
42 2
72 2
42 2
72 2
41 2
72 2
41 2
72 2
42 2
42 2
72 2
42 2
44 2
72 2
44 2
72 2
42 2
72 2
42 2
72 2
41 2
72 2
41 2
72 2
42 2
42 2
72 2
42 2
44 2
72 2
44 2
72 2
42 2
72 2
42 2
72 2
41 2
72 2
41 2
72 2
42 2
42 2
72 2
42 2
44 2
72 2
44 2
72 2
42 2
72 2
42 2
72 2
41 2
72 2
41 2
72 2
42 2
42 2
72 2
42 2
44 2
72 2
44 2
72 2
42 2
72 2
42 2
72 2
41 2
72 2
41 2
72 2
42 2
42 2
72 2
42 2
44 2
72 2
44 2
72 2
42 2
72 2
42 2
72 2
41 2
72 2
41 2
72 2
42 2
42 2
72 2
42 2
44 2
72 2
44 2
72 2
42 2
72 2
42 2
72 2
41 2
72 2
41 2
72 2
42 2
42 2
72 2
42 2
44 2
72 2
44 2
72 2
42 2
72 2
42 2
72 2
41 2
72 2
41 2
72 2
42 2
42 2
72 2
42 2
44 2
72 2
44 2
72 2
42 2
72 2
42 2
72 2
41 2
72 2
41 2
72 2
42 2
42 2
72 2
42 2
44 2
72 2
44 2
72 2
42 2
72 2
42 2
72 2
41 2
72 2
41 2
72 2
42 2
42 2
72 2
42 2
44 2
72 2
44 2
72 2
42 2
72 2
42 2
72 2
41 2
72 2
41 2
72 2
42 2
42 2
72 2
42 2
44 2
72 2
44 2
72 2
42 2
72 2
42 2
72 2
41 2
72 2
41 2
72 2
42 2
42 2
72 2
42 2
44 2
72 2
44 2
72 2
42 2
72 2
42 2
72 2
41 2
72 2
41 2
72 2
42 2
42 2
72 2
42 2
44 2
72 2
44 2
72 2
42 2
72 2
42 2
72 2
41 2
72 2
41 2
72 2
42 2
42 2
72 2
42 2
44 2
72 2
44 2
72 2
42 2
72 2
42 2
72 2
346 13
72 2
346 13
72 2
346 13
72 2
346 13
72 14
41 4
41 4
42 2
42 4
42 2
44 4
44 4
42 4
42 4
41 4
41 4
42 2
42 4
42 2
44 4
44 4
42 4
42 4
72 14
41 4
41 4
42 2
42 4
42 2
44 4
44 4
42 4
42 4
41 4
41 4
42 2
42 4
42 2
44 4
44 4
42 4
42 4
123 2
72 2
123 2
72 2
123 2
123 2
72 2
123 2
123 2
72 2
123 2
72 2
123 2
72 2
123 2
72 2
227 2
72 2
227 2
72 2
227 2
227 2
72 2
227 2
227 2
72 2
227 2
72 2
227 2
72 2
227 2
72 2
137 2
72 2
137 2
72 2
137 2
137 2
72 2
137 2
137 2
72 2
137 2
72 2
137 2
72 2
137 2
72 2
137 2
72 2
137 2
72 2
137 2
137 2
72 2
137 2
137 2
72 2
137 2
72 2
137 2
72 2
137 2
72 2
123 2
72 2
123 2
72 2
123 2
123 2
72 2
123 2
123 2
72 2
123 2
72 2
123 2
72 2
123 2
72 2
227 2
72 2
227 2
72 2
227 2
227 2
72 2
227 2
227 2
72 2
227 2
72 2
227 2
72 2
227 2
72 2
109 2
72 2
109 2
72 2
109 2
109 2
72 2
109 2
109 2
72 2
109 2
72 2
109 2
72 2
109 2
72 2
137 2
72 2
137 2
72 2
137 2
137 2
72 2
137 2
137 2
72 2
137 2
72 2
137 2
72 2
137 2
72 2
41 2
72 2
41 2
72 2
42 2
42 2
72 2
42 2
44 2
72 2
44 2
72 2
42 2
72 2
42 2
72 2
41 2
72 2
41 2
72 2
42 2
42 2
72 2
42 2
44 2
72 2
44 2
72 2
42 2
72 2
42 2
72 2
41 2
72 2
41 2
72 2
42 2
42 2
72 2
42 2
44 2
72 2
44 2
72 2
42 2
72 2
42 2
72 2
41 2
72 2
41 2
72 2
42 2
42 2
72 2
42 2
44 2
72 2
44 2
72 2
42 2
72 2
42 2
72 2
41 2
72 2
41 2
72 2
42 2
42 2
72 2
42 2
44 2
72 2
44 2
72 2
42 2
72 2
42 2
72 2
41 2
72 2
41 2
72 2
42 2
42 2
72 2
42 2
44 2
72 2
44 2
72 2
42 2
72 2
42 2
72 2
41 2
72 2
41 2
72 2
42 2
42 2
72 2
42 2
44 2
72 2
44 2
72 2
42 2
72 2
42 2
72 2
41 2
72 2
41 2
72 2
42 2
42 2
72 2
42 2
44 2
72 2
44 2
72 2
42 2
72 2
42 2
72 2
41 2
72 2
41 2
72 2
42 2
42 2
72 2
42 2
44 2
72 2
44 2
72 2
42 2
72 2
42 2
72 2
41 2
72 2
41 2
72 2
42 2
42 2
72 2
42 2
44 2
72 2
44 2
72 2
42 2
72 2
42 2
72 2
41 2
72 2
41 2
72 2
42 2
42 2
72 2
42 2
44 2
72 2
44 2
72 2
42 2
72 2
42 2
72 2
41 2
72 2
41 2
72 2
42 2
42 2
72 2
42 2
44 2
72 2
44 2
72 2
42 2
72 2
42 2
72 2
41 2
72 2
41 2
72 2
42 2
42 2
72 2
42 2
44 2
72 2
44 2
72 2
42 2
72 2
42 2
72 2
41 2
72 2
41 2
72 2
42 2
42 2
72 2
42 2
44 2
72 2
44 2
72 2
42 2
72 2
42 2
72 2
41 2
72 2
41 2
72 2
42 2
42 2
72 2
42 2
44 2
72 2
44 2
72 2
42 2
72 2
42 2
72 2
41 2
72 2
41 2
72 2
42 2
42 2
72 2
42 2
44 2
72 2
44 2
72 2
42 2
72 2
42 2
72 2
346 13
72 2
346 13
72 2
346 13
72 2
346 13
E
S
H
72 14
37 6
72 12
37 4
37 6
72 12
37 6
72 12
37 4
37 6
72 12
37 6
72 12
37 4
37 6
72 14
37 6
72 12
37 4
37 6
72 12
37 6
72 12
37 4
37 6
72 12
37 6
72 12
37 4
37 6
E
S
H
49 13
72 2
49 13
72 2
49 13
72 2
49 13
72 2
49 13
72 2
49 13
72 2
49 13
72 2
49 13
72 2
49 13
72 2
49 13
72 2
49 13
72 2
49 13
72 2
49 13
72 2
49 13
72 14
49 6
72 2
44 6
72 2
46 6
72 2
48 6
72 2
49 13
72 2
49 6
72 2
44 6
72 2
46 6
72 2
48 6
72 2
49 13
72 2
49 13
72 2
49 13
72 2
49 13
72 2
49 13
72 2
49 13
72 2
49 13
72 2
49 13
72 2
49 13
72 2
49 13
72 2
49 13
72 2
49 13
72 2
49 13
72 2
49 13
72 2
49 13
72 14
49 6
72 2
44 6
72 2
46 6
72 2
48 6
72 2
49 13
72 2
49 6
72 2
44 6
72 2
46 6
72 2
48 6
72 2
49 13
E
S
H
72 14
51 0
72 0
53 0
72 1
54 0
72 1
56 0
72 0
58 0
60 0
72 2
61 12
72 2
60 6
72 2
58 10
72 2
65 10
72 2
63 6
60 6
56 13
54 0
72 1
56 0
72 0
58 0
60 0
72 2
61 12
72 2
60 6
72 2
58 10
72 2
56 6
72 2
58 6
72 2
60 12
72 2
61 6
72 2
63 13
72 14
51 0
72 0
53 0
72 1
54 0
72 1
56 0
72 0
58 0
60 0
72 2
61 12
72 2
60 6
72 2
58 10
72 2
65 10
72 2
63 6
60 6
56 13
54 0
72 1
56 0
72 0
58 0
60 0
72 2
61 12
72 2
60 6
72 2
58 10
72 2
56 6
72 2
58 6
72 2
60 12
72 2
61 6
72 2
63 13
E
S
H
72 14
49 12
72 2
48 6
72 2
46 10
72 2
53 10
72 2
51 6
48 6
44 13
42 0
72 1
44 0
72 0
46 0
48 0
72 2
49 12
72 2
48 6
72 2
46 10
72 2
44 6
72 2
46 6
72 2
48 12
72 2
49 6
72 2
51 13
72 2
162 14
72 2
174 14
72 2
226 14
72 2
118 14
72 2
162 14
72 2
174 14
72 2
226 14
72 2
118 14
72 14
49 12
72 2
48 6
72 2
46 10
72 2
53 10
72 2
51 6
48 6
44 13
42 0
72 1
44 0
72 0
46 0
48 0
72 2
49 12
72 2
48 6
72 2
46 10
72 2
44 6
72 2
46 6
72 2
48 12
72 2
49 6
72 2
51 13
72 2
162 14
72 2
174 14
72 2
226 14
72 2
118 14
72 2
162 14
72 2
174 14
72 2
226 14
72 2
118 14
E
S
L
72 14
30 10
72 11
30 10
72 2
173 6
72 2
173 6
72 2
173 6
72 2
173 6
72 2
173 6
72 2
173 6
72 2
173 6
72 2
30 6
72 2
173 6
72 2
173 6
72 2
173 6
72 2
173 6
72 2
173 6
72 2
173 6
72 2
173 6
72 2
30 6
72 11
30 10
72 2
15 2
15 4
15 2
15 2
15 2
15 2
15 2
15 2
15 2
15 2
15 2
15 2
15 2
15 4
12 6
72 2
15 6
72 2
12 6
72 2
15 6
72 2
12 6
72 2
15 6
72 2
12 6
72 2
15 6
72 2
12 6
72 2
15 6
72 2
12 6
72 2
15 6
72 2
12 6
72 2
15 6
12 4
15 2
12 4
15 6
72 2
12 6
72 2
15 6
72 2
12 6
72 2
15 6
72 2
12 6
72 2
15 6
72 2
12 6
72 2
15 6
72 2
12 6
72 2
15 6
72 2
12 6
72 2
15 6
72 2
12 6
72 2
15 6
72 2
12 2
15 2
15 2
15 4
15 2
15 4
12 6
72 2
30 6
72 2
12 6
72 2
15 6
72 2
12 6
72 2
30 6
72 2
12 6
72 2
15 6
72 2
12 6
72 2
30 6
72 2
12 6
72 2
15 6
72 2
12 6
72 2
30 6
72 2
12 6
72 2
15 6
72 2
12 6
72 2
30 6
72 2
12 6
72 2
15 6
72 2
12 6
72 2
30 6
72 2
12 6
72 2
15 6
72 2
12 6
72 2
30 6
72 2
12 6
72 2
15 6
72 2
12 6
72 2
30 6
72 2
12 6
72 2
15 6
72 2
12 6
72 2
30 6
72 2
12 6
72 2
15 6
72 2
12 6
72 2
30 6
72 2
12 6
72 2
15 6
72 2
12 6
72 2
30 6
72 2
12 6
72 2
15 6
72 2
12 6
72 2
30 6
72 2
12 6
72 2
15 6
72 2
12 6
72 2
30 6
72 2
12 6
72 2
15 6
72 2
12 6
72 2
30 6
72 2
12 6
72 2
15 6
72 2
12 6
72 2
30 6
72 2
12 6
72 2
15 6
72 2
12 6
72 2
30 6
72 2
12 6
72 2
15 6
72 14
30 10
72 11
30 10
72 2
173 6
72 2
173 6
72 2
173 6
72 2
173 6
72 2
173 6
72 2
173 6
72 2
173 6
72 2
30 6
72 2
173 6
72 2
173 6
72 2
173 6
72 2
173 6
72 2
173 6
72 2
173 6
72 2
173 6
72 2
30 6
72 11
30 10
72 2
15 2
15 4
15 2
15 2
15 2
15 2
15 2
15 2
15 2
15 2
15 2
15 2
15 2
15 4
12 6
72 2
15 6
72 2
12 6
72 2
15 6
72 2
12 6
72 2
15 6
72 2
12 6
72 2
15 6
72 2
12 6
72 2
15 6
72 2
12 6
72 2
15 6
72 2
12 6
72 2
15 6
12 4
15 2
12 4
15 6
72 2
12 6
72 2
15 6
72 2
12 6
72 2
15 6
72 2
12 6
72 2
15 6
72 2
12 6
72 2
15 6
72 2
12 6
72 2
15 6
72 2
12 6
72 2
15 6
72 2
12 6
72 2
15 6
72 2
12 2
15 2
15 2
15 4
15 2
15 4
12 6
72 2
30 6
72 2
12 6
72 2
15 6
72 2
12 6
72 2
30 6
72 2
12 6
72 2
15 6
72 2
12 6
72 2
30 6
72 2
12 6
72 2
15 6
72 2
12 6
72 2
30 6
72 2
12 6
72 2
15 6
72 2
12 6
72 2
30 6
72 2
12 6
72 2
15 6
72 2
12 6
72 2
30 6
72 2
12 6
72 2
15 6
72 2
12 6
72 2
30 6
72 2
12 6
72 2
15 6
72 2
12 6
72 2
30 6
72 2
12 6
72 2
15 6
72 2
12 6
72 2
30 6
72 2
12 6
72 2
15 6
72 2
12 6
72 2
30 6
72 2
12 6
72 2
15 6
72 2
12 6
72 2
30 6
72 2
12 6
72 2
15 6
72 2
12 6
72 2
30 6
72 2
12 6
72 2
15 6
72 2
12 6
72 2
30 6
72 2
12 6
72 2
15 6
72 2
12 6
72 2
30 6
72 2
12 6
72 2
15 6
72 2
12 6
72 2
30 6
72 2
12 6
72 2
15 6
72 2
12 6
72 2
30 6
72 2
12 6
72 2
15 6
E
S
H
72 14
44 0
46 0
72 2
49 6
44 6
72 2
46 6
72 2
48 6
72 2
44 0
46 0
72 2
49 6
44 6
72 2
46 6
72 2
48 6
72 2
44 0
46 0
72 2
49 6
44 6
72 2
46 6
72 2
48 6
72 2
44 0
46 0
72 2
49 6
44 6
72 2
46 6
72 2
48 6
72 14
44 0
46 0
72 2
49 6
44 6
72 2
46 6
72 2
48 6
72 2
44 0
46 0
72 2
49 6
44 6
72 2
46 6
72 2
48 6
72 2
44 0
46 0
72 2
49 6
44 6
72 2
46 6
72 2
48 6
72 2
44 0
46 0
72 2
49 6
44 6
72 2
46 6
72 2
48 6
E
X
