minor
S
L
72 14
7 3
72 1
10 2
72 2
12 2
72 2
7 2
10 2
72 3
12 2
72 1
7 2
10 3
72 1
12 3
72 1
7 2
72 2
10 3
72 1
12 3
72 1
7 2
10 3
72 2
12 3
72 0
7 0
72 2
10 3
72 5
7 2
72 2
10 2
72 2
12 3
72 1
7 2
10 3
72 2
12 3
72 0
7 0
72 2
10 3
72 1
12 2
72 2
7 2
72 2
10 2
72 2
12 3
72 1
7 2
10 3
72 2
12 3
72 6
12 3
72 1
7 2
72 2
10 3
72 1
12 3
72 1
7 2
10 3
72 2
12 3
72 0
7 2
10 3
72 1
12 3
72 1
7 2
72 2
10 3
72 1
12 3
72 1
7 2
10 3
72 2
12 3
72 0
10 0
72 2
15 4
12 2
72 2
7 2
72 2
10 2
72 2
12 3
72 1
7 2
10 2
72 3
12 3
72 0
7 2
72 4
12 3
72 1
7 2
72 2
10 2
72 2
12 3
72 1
7 2
10 2
72 3
12 3
72 3
15 3
72 1
12 3
72 4
18 0
72 1
17 2
72 2
15 2
72 2
12 3
72 1
10 3
72 1
12 3
72 1
15 3
72 1
12 3
72 4
18 0
72 1
17 3
72 1
15 3
72 1
12 3
72 1
10 4
72 4
11 4
72 14
7 3
72 1
10 2
72 2
12 2
72 2
7 2
10 2
72 3
12 2
72 1
7 2
10 3
72 1
12 3
72 1
7 2
72 2
10 3
72 1
12 3
72 1
7 2
10 3
72 2
12 3
72 0
7 0
72 2
10 3
72 1
12 3
72 1
7 2
72 2
10 2
72 2
12 3
72 1
7 2
10 3
72 2
12 3
72 0
7 0
72 2
10 3
72 1
12 2
72 2
7 2
72 2
10 2
72 2
12 3
72 1
7 2
10 3
72 2
12 3
72 6
12 3
72 1
7 2
72 2
10 3
72 1
12 3
72 1
7 2
10 3
72 2
12 3
72 0
7 2
10 3
72 1
12 3
72 1
7 2
72 2
10 3
72 1
12 3
72 1
7 2
10 3
72 2
12 3
72 0
7 0
72 2
15 4
72 4
7 2
72 2
10 2
72 2
12 3
72 1
7 2
10 2
72 3
12 3
72 3
10 3
72 1
12 3
72 1
7 2
72 6
12 3
72 1
7 2
10 2
72 3
12 3
72 3
15 3
72 1
12 3
72 4
18 0
72 1
17 2
72 2
15 2
72 2
12 3
72 1
10 3
72 1
12 3
72 1
15 3
72 1
12 3
72 4
18 0
72 1
17 3
72 1
15 3
72 1
12 3
72 1
10 4
72 4
11 4
72 14
7 3
72 1
10 2
72 2
12 2
72 2
7 2
10 2
72 3
12 2
72 1
7 2
10 3
72 1
12 3
72 1
7 2
72 2
10 3
72 1
12 3
72 1
7 2
10 3
72 2
12 3
72 0
7 0
72 2
10 3
72 1
12 3
72 1
7 2
72 2
10 2
72 2
12 3
72 1
7 2
10 3
72 2
12 3
72 0
7 0
72 2
10 3
72 1
12 2
72 2
7 2
72 2
10 2
72 2
12 3
72 1
7 2
10 3
72 2
12 3
72 6
12 3
72 1
7 2
72 2
10 3
72 1
12 3
72 1
7 2
10 3
72 2
12 3
72 0
7 2
10 3
72 1
12 3
72 1
7 2
72 2
10 3
72 1
12 3
72 1
7 2
10 3
72 2
12 3
72 0
7 0
72 2
15 4
72 4
7 2
72 2
10 2
72 2
12 3
72 1
7 2
10 2
72 3
12 3
72 3
10 3
72 1
12 3
72 1
7 2
72 6
12 3
72 1
7 2
10 2
72 3
12 3
72 3
15 3
72 1
12 3
72 4
18 0
72 1
17 2
72 2
15 2
72 2
12 3
72 1
10 3
72 1
12 3
72 1
15 3
72 1
12 3
72 4
18 0
72 1
17 3
72 1
15 3
72 1
12 3
72 1
10 4
72 4
11 4
72 14
7 3
72 1
10 2
72 2
12 2
72 2
7 2
10 2
72 3
12 2
72 1
7 2
10 3
72 1
12 3
72 1
7 2
72 2
10 3
72 1
12 3
72 1
7 2
10 3
72 2
12 3
72 0
7 0
72 2
10 3
72 1
12 3
72 1
7 2
72 2
10 2
72 2
12 3
72 1
7 2
10 3
72 2
12 3
72 0
7 0
72 2
10 3
72 1
12 2
72 2
7 2
72 2
10 2
72 2
12 3
72 1
7 2
10 3
72 2
12 3
72 6
12 3
72 1
7 2
72 2
10 3
72 1
12 3
72 1
7 2
10 3
72 2
12 3
72 0
7 2
10 3
72 1
12 3
72 1
7 2
72 2
10 3
72 1
12 3
72 1
7 2
10 3
72 2
12 3
72 0
7 0
72 2
15 4
72 4
7 2
72 2
10 2
72 2
12 3
72 1
7 2
10 2
72 3
12 3
72 3
10 3
72 1
12 3
E
S
H
34 0
12 0
15 0
34 0
34 0
22 0
22 0
27 0
33 0
24 0
36 2
27 0
15 0
24 3
22 2
36 0
34 0
22 0
34 0
22 0
36 0
24 0
36 0
24 0
36 2
27 0
24 2
22 2
33 2
31 2
36 0
34 0
22 0
34 0
22 0
36 0
24 0
36 0
24 0
36 2
27 0
24 2
22 2
33 2
31 2
36 0
34 0
22 0
34 0
22 0
36 0
24 0
36 0
24 0
36 2
E
S
L
72 14
36 0
72 11
27 0
72 11
27 0
72 11
36 0
72 11
29 0
72 5
29 2
72 2
27 2
72 7
22 2
72 4
29 2
72 2
27 2
72 8
33 2
72 2
27 2
72 14
18 0
72 1
17 2
72 2
15 2
72 2
12 2
72 2
10 3
72 1
11 2
12 2
72 3
15 2
72 1
12 2
72 3
18 0
72 1
17 2
72 2
15 2
72 2
12 2
72 6
5 2
72 2
6 2
72 2
6 2
72 2
7 2
72 13
5 2
72 1
5 0
72 4
5 0
72 1
6 2
72 2
7 2
72 10
24 2
72 0
24 2
22 2
24 0
72 4
24 0
72 4
22 0
72 2
24 3
72 1
22 2
72 8
24 2
72 0
24 2
22 0
72 1
24 2
72 3
27 2
72 1
24 0
72 2
29 3
72 1
27 2
72 2
24 2
72 6
24 2
72 0
24 2
72 14
19 2
22 2
72 14
34 0
72 4
24 0
72 8
22 0
72 3
27 0
72 11
27 0
72 10
22 0
72 3
34 0
72 11
33 0
72 5
29 2
72 11
24 0
72 1
36 0
72 14
18 0
72 1
17 2
72 2
15 2
72 2
12 2
72 2
10 3
72 1
11 2
12 2
72 3
15 2
72 1
12 2
72 3
18 0
72 1
17 2
72 2
15 2
72 2
12 2
72 6
5 2
72 2
6 2
72 2
6 2
72 2
7 2
72 13
5 2
72 1
5 0
72 4
5 0
72 1
6 2
72 2
7 2
72 10
24 2
72 0
24 2
22 2
24 0
72 4
24 0
72 4
22 0
72 2
24 3
72 1
22 2
72 8
24 2
72 0
24 2
22 0
72 1
24 2
72 3
27 2
72 1
24 0
72 2
29 3
72 1
27 2
72 2
24 2
72 6
24 2
72 0
24 2
72 14
19 2
22 2
72 14
34 0
72 4
24 0
72 8
22 0
72 3
27 0
72 11
27 0
72 10
22 0
72 3
34 0
72 11
33 0
72 5
29 2
72 11
24 0
72 1
36 0
72 14
18 0
72 1
17 2
72 2
15 2
72 2
12 2
72 2
10 3
72 1
11 2
12 2
72 3
15 2
72 1
12 2
72 3
18 0
72 1
17 2
72 2
15 2
72 2
12 2
72 6
5 2
72 2
6 2
72 2
6 2
72 2
7 2
72 13
5 2
72 1
5 0
72 4
5 0
72 1
6 2
72 2
7 2
72 10
24 2
72 0
24 2
22 2
24 0
72 4
24 0
72 4
22 0
72 2
24 3
72 1
22 2
72 8
24 2
72 0
24 2
22 0
72 1
24 2
72 3
27 2
72 1
24 0
72 2
29 3
72 1
27 2
72 2
24 2
72 6
24 2
72 0
24 2
72 14
19 2
22 2
72 14
34 0
72 4
24 0
72 8
22 0
72 3
27 0
72 11
27 0
72 10
22 0
72 3
34 0
72 11
33 0
72 5
29 2
E
S
L
72 14
29 0
72 4
22 0
72 9
36 0
72 11
36 0
72 9
27 0
72 4
34 0
72 11
36 0
72 13
29 0
72 4
31 0
72 14
22 2
24 2
72 3
27 2
72 1
24 0
72 2
29 3
72 1
27 2
72 11
10 2
72 0
12 2
15 2
12 2
17 2
72 0
15 2
12 2
15 2
17 2
72 14
34 0
72 4
22 0
72 9
34 0
72 11
36 0
72 4
24 0
72 7
24 0
72 4
27 0
72 11
29 0
72 8
27 2
72 7
22 2
72 4
29 2
72 2
27 2
72 8
29 2
72 2
27 2
72 14
22 2
24 2
72 3
27 2
72 1
24 0
72 2
29 3
72 1
27 2
72 11
10 2
72 0
12 2
15 2
12 2
17 2
72 0
15 2
12 2
15 2
17 2
72 14
34 0
72 4
22 0
72 9
34 0
72 11
36 0
72 4
24 0
72 7
24 0
72 4
27 0
72 11
29 0
72 8
27 2
72 7
22 2
72 4
29 2
72 2
27 2
72 8
29 2
72 2
27 2
72 14
22 2
24 2
72 3
27 2
72 1
24 0
72 2
29 3
72 1
27 2
72 11
10 2
72 0
12 2
15 2
12 2
17 2
72 0
15 2
12 2
15 2
17 2
72 14
34 0
72 4
22 0
72 9
34 0
72 11
36 0
72 4
24 0
72 7
24 0
72 4
27 0
72 11
29 0
72 8
27 2
E
S
H
72 14
45 3
72 1
36 3
72 1
45 3
72 1
36 2
72 4
39 2
24 0
72 4
39 2
72 2
36 0
72 6
27 0
72 5
34 3
72 1
33 0
72 12
41 0
72 8
39 3
72 11
31 2
72 1
46 0
72 2
24 3
72 1
45 2
72 2
27 3
34 0
72 1
27 0
72 2
27 0
72 2
43 3
27 0
72 1
45 3
72 1
46 3
72 4
48 2
72 11
46 3
72 1
45 2
72 2
41 3
72 4
24 0
72 2
46 0
45 0
72 2
41 0
72 2
36 2
72 14
38 2
31 2
72 14
31 2
41 0
42 2
72 0
39 2
72 4
45 3
72 1
36 2
72 4
39 2
27 0
72 4
39 2
72 2
36 0
72 6
27 0
72 5
34 2
72 2
36 2
72 4
39 2
72 9
41 2
72 2
39 2
36 2
72 3
12 2
72 1
24 0
72 2
36 3
72 1
41 2
72 2
34 3
72 1
36 3
72 4
39 2
72 1
19 0
72 4
19 2
72 6
39 0
72 5
33 2
72 2
34 2
72 2
43 2
72 2
45 2
24 0
72 11
46 3
72 1
41 2
72 2
41 2
72 4
24 0
72 2
46 2
45 2
41 2
72 12
46 2
72 2
24 2
72 0
24 0
72 1
34 0
72 4
36 0
72 3
42 0
72 1
24 0
72 2
34 0
72 4
36 0
72 8
36 0
72 6
24 0
72 1
34 0
72 4
36 0
72 4
33 3
72 1
34 3
72 8
33 2
31 2
72 14
31 2
41 0
42 2
72 0
39 2
72 4
45 3
72 1
36 2
72 4
39 2
27 0
72 4
39 2
72 2
36 0
72 6
27 0
72 5
34 2
72 2
36 2
72 4
39 2
72 9
41 2
72 2
39 2
36 2
72 3
12 2
72 1
24 0
72 2
36 3
72 1
41 2
72 2
34 3
72 1
36 3
72 4
39 2
72 1
19 0
72 4
19 2
72 6
39 0
72 5
33 2
72 2
34 2
72 2
43 2
72 2
45 2
24 0
72 11
46 3
72 1
41 2
72 2
41 2
72 4
24 0
72 2
46 2
45 2
41 2
72 12
46 2
72 2
24 2
72 0
24 0
72 1
34 0
72 4
36 0
72 3
42 0
72 1
24 0
72 2
34 0
72 4
36 0
72 8
36 0
72 6
24 0
72 1
34 0
72 4
36 0
72 4
33 3
72 1
34 3
72 8
33 2
31 2
72 14
31 2
41 0
42 2
72 0
39 2
72 4
45 3
72 1
36 2
72 4
39 2
27 0
72 4
39 2
72 2
36 0
72 6
27 0
72 5
34 2
72 2
36 2
72 4
39 2
72 9
41 2
72 2
39 2
36 2
72 3
12 2
72 1
24 0
72 2
36 3
72 1
41 2
72 2
34 3
72 1
36 3
72 4
39 2
72 1
19 0
72 4
19 2
72 6
39 0
72 5
33 2
72 2
34 2
72 2
43 2
72 2
45 2
24 0
72 11
46 3
72 1
41 2
72 2
41 2
72 4
24 0
72 2
46 2
45 2
41 2
72 12
46 2
72 2
24 2
72 0
24 0
72 1
34 0
72 4
36 0
72 3
42 0
72 1
24 0
72 2
34 0
72 4
36 0
72 8
36 0
E
S
L
72 14
41 2
72 13
24 3
72 1
31 3
72 1
24 0
72 3
34 3
24 0
72 0
19 0
72 2
41 0
42 0
72 2
41 0
72 0
39 0
72 1
36 2
72 2
46 0
72 3
34 0
72 1
45 3
72 10
41 3
72 1
34 3
72 1
36 2
72 4
39 0
72 7
46 2
72 6
39 2
27 0
72 4
15 3
72 1
39 3
72 1
39 3
72 1
41 3
43 2
72 8
36 0
72 5
39 3
72 5
46 3
72 14
41 2
36 3
72 1
39 3
72 1
45 2
72 2
24 2
72 0
34 2
31 0
72 4
34 2
72 2
34 2
72 2
24 0
72 3
34 0
72 4
17 0
72 2
39 2
72 2
31 2
72 2
24 0
72 3
34 2
24 0
72 1
19 0
72 2
41 0
42 0
72 2
41 0
72 0
39 0
72 1
36 2
72 2
46 2
72 0
34 2
45 3
72 13
46 0
72 1
45 2
72 2
15 3
34 0
72 1
27 0
72 2
27 0
72 2
43 2
72 0
27 0
72 1
45 2
72 2
46 2
72 11
39 0
72 5
41 3
72 1
45 2
72 14
38 2
36 2
72 14
41 2
36 3
72 1
39 3
72 1
45 2
72 2
24 2
72 0
34 2
31 0
72 4
34 2
72 2
34 2
72 2
24 0
72 3
34 0
72 4
17 0
72 2
39 2
72 2
31 2
72 2
24 0
72 3
34 2
24 0
72 1
19 0
72 2
41 0
42 0
72 2
41 0
72 0
39 0
72 1
36 2
72 2
46 2
72 0
34 2
45 3
72 13
46 0
72 1
45 2
72 2
15 3
34 0
72 1
27 0
72 2
27 0
72 2
43 2
72 0
27 0
72 1
45 2
72 2
46 2
72 11
39 0
72 5
41 3
72 1
45 2
72 14
38 2
36 2
72 14
41 2
36 3
72 1
39 3
72 1
45 2
72 2
24 2
72 0
34 2
31 0
72 4
34 2
72 2
34 2
72 2
24 0
72 3
34 0
72 4
17 0
72 2
39 2
72 2
31 2
72 2
24 0
72 3
34 2
24 0
72 1
19 0
72 2
41 0
42 0
72 2
41 0
72 0
39 0
72 1
36 2
72 2
46 2
72 0
34 2
45 3
72 13
46 0
72 1
45 2
72 2
15 3
34 0
72 1
27 0
72 2
27 0
72 2
43 2
72 0
27 0
72 1
45 2
72 2
46 2
72 11
39 0
72 5
41 3
72 1
45 2
E
S
H
72 14
43 2
72 14
46 2
72 2
46 2
72 2
24 2
72 0
24 0
72 1
34 0
72 4
36 0
72 3
42 0
72 1
24 0
72 2
34 2
72 3
36 0
72 4
24 0
72 2
34 3
72 1
36 0
72 6
24 0
72 1
34 0
72 4
36 0
72 4
33 3
72 1
34 3
72 14
45 2
72 13
12 2
72 2
33 0
72 12
41 2
72 12
31 0
72 12
39 0
72 4
43 0
72 8
48 2
72 11
39 3
72 5
46 2
72 6
41 2
72 12
46 2
72 14
36 3
72 1
31 2
72 14
45 2
72 13
12 2
72 2
33 0
72 12
41 2
72 12
31 0
72 12
39 0
72 4
43 0
72 8
48 2
72 11
39 3
72 5
46 2
72 6
41 2
72 12
46 2
72 14
36 3
72 1
31 2
72 14
45 2
72 13
12 2
72 2
33 0
72 12
41 2
72 12
31 0
72 12
39 0
72 4
43 0
72 8
48 2
72 11
39 3
72 5
46 2
72 6
41 2
72 12
46 2
E
S
H
72 14
41 0
42 2
72 0
39 2
72 4
39 3
72 1
45 2
72 2
24 2
72 0
34 2
31 0
72 4
34 2
72 2
34 2
72 2
24 0
72 3
34 2
72 1
19 0
72 2
39 3
72 1
36 2
72 4
39 2
72 9
41 3
72 1
39 2
36 0
72 4
12 2
72 1
24 0
72 2
36 2
72 2
45 2
72 2
39 3
72 1
39 3
72 1
24 0
72 3
34 0
72 4
19 0
72 4
19 2
41 3
72 1
43 2
72 0
31 3
72 3
33 2
72 2
34 2
72 2
43 2
72 2
45 2
24 2
72 8
39 0
72 5
41 3
72 1
41 2
72 2
39 3
72 5
41 2
72 0
39 0
72 11
39 0
72 14
36 3
72 1
31 3
72 8
33 2
36 2
72 14
39 3
72 1
45 2
72 2
39 3
72 1
39 2
72 2
24 0
72 3
34 0
72 4
46 0
72 2
12 3
72 1
41 3
72 1
43 3
32 0
72 1
24 0
72 4
15 3
72 1
39 0
72 4
39 2
72 2
41 2
43 2
72 8
36 0
72 10
39 2
72 7
39 0
72 1
36 0
72 10
39 0
72 13
24 0
72 2
34 3
72 14
39 3
72 1
45 2
72 2
39 3
72 1
39 2
72 2
24 0
72 3
34 0
72 4
46 0
72 2
12 3
72 1
41 3
72 1
43 3
32 0
72 1
24 0
72 4
15 3
72 1
39 0
72 4
39 2
72 2
41 2
43 2
72 8
36 0
72 10
39 2
72 7
39 0
72 1
36 0
72 10
39 0
72 13
24 0
72 2
34 3
72 14
39 3
72 1
45 2
72 2
39 3
72 1
39 2
72 2
24 0
72 3
34 0
72 4
46 0
72 2
12 3
72 1
41 3
72 1
43 3
32 0
72 1
24 0
72 4
15 3
72 1
39 0
72 4
39 2
72 2
41 2
43 2
72 8
36 0
72 10
39 2
72 7
39 0
72 1
36 0
72 10
39 0
72 13
24 0
72 2
34 3
E
S
L
72 14
11 2
72 12
11 0
72 7
11 2
72 10
11 0
72 2
11 0
72 12
11 0
72 2
11 0
72 6
11 0
72 2
11 0
72 12
11 0
72 2
11 0
72 10
11 2
11 2
72 9
11 0
72 2
11 0
72 10
11 2
11 2
72 9
11 0
72 2
11 0
72 10
11 0
72 2
11 0
72 8
11 0
72 3
11 0
72 5
11 0
72 3
11 0
72 12
11 0
72 2
11 0
72 6
11 0
72 11
11 0
72 2
11 0
72 2
11 0
72 4
11 2
72 13
11 0
72 2
11 2
72 3
11 2
72 12
11 0
72 2
11 0
72 2
4 0
72 3
4 0
72 8
11 0
72 2
11 0
72 2
4 0
72 3
4 0
72 1
6 0
72 6
11 0
72 1
11 0
72 6
4 0
72 1
4 0
72 6
11 0
72 1
11 0
72 4
4 0
72 3
4 0
72 1
6 2
72 4
11 0
72 1
11 0
72 2
11 0
72 2
4 2
72 7
11 0
72 1
11 0
72 2
11 0
72 2
4 0
72 3
4 0
72 1
6 0
72 6
11 0
72 4
11 0
72 2
4 2
72 7
11 0
72 1
11 0
72 2
11 0
72 2
4 0
72 3
4 0
72 1
5 0
72 2
5 0
72 4
11 0
72 1
11 0
72 2
11 0
72 2
4 2
72 7
11 0
72 1
11 0
72 2
11 0
72 2
4 0
72 3
4 0
72 1
5 0
72 7
11 0
72 2
11 0
72 2
4 0
72 3
4 0
72 1
5 2
72 4
11 2
72 1
11 0
72 2
4 2
72 0
4 0
72 1
5 2
72 14
11 0
72 7
11 2
72 12
11 0
72 7
11 2
72 10
11 0
72 2
11 0
72 12
11 0
72 2
11 0
72 6
11 0
72 2
11 0
72 12
11 0
72 2
11 0
72 10
11 2
11 2
72 9
11 0
72 2
11 0
72 10
11 2
11 2
72 9
11 0
72 2
11 0
72 10
11 0
72 2
11 0
72 8
11 0
72 3
11 0
72 5
11 0
72 3
11 0
72 12
11 0
72 2
11 0
72 6
11 0
72 11
11 0
72 2
11 0
72 2
11 0
72 4
11 2
72 13
11 0
72 2
11 2
72 3
11 2
72 12
11 0
72 2
11 0
72 2
4 0
72 3
4 0
72 8
11 0
72 2
11 0
72 2
4 0
72 3
4 0
72 1
6 0
72 6
11 0
72 1
11 0
72 6
4 0
72 1
4 0
72 6
11 0
72 1
11 0
72 4
4 0
72 3
4 0
72 1
6 2
72 4
11 0
72 1
11 0
72 2
11 0
72 2
4 2
72 7
11 0
72 1
11 0
72 2
11 0
72 2
4 0
72 3
4 0
72 1
6 0
72 6
11 0
72 4
11 0
72 2
4 2
72 7
11 0
72 1
11 0
72 2
11 0
72 2
4 0
72 3
4 0
72 1
5 0
72 2
5 0
72 4
11 0
72 1
11 0
72 2
11 0
72 2
4 2
72 7
11 0
72 1
11 0
72 2
11 0
72 2
4 0
72 3
4 0
72 1
5 0
72 7
11 0
72 2
11 0
72 2
4 0
72 3
4 0
72 1
5 2
72 4
11 2
72 1
11 0
72 2
4 2
72 0
4 0
72 1
5 2
72 14
11 0
72 7
11 2
72 12
11 0
72 7
11 2
72 10
11 0
72 2
11 0
72 12
11 0
72 2
11 0
72 6
11 0
72 2
11 0
72 12
11 0
72 2
11 0
72 10
11 2
11 2
72 9
11 0
72 2
11 0
72 10
11 2
11 2
72 9
11 0
72 2
11 0
72 10
11 0
72 2
11 0
72 8
11 0
72 3
11 0
72 5
11 0
72 3
11 0
72 12
11 0
72 2
11 0
72 6
11 0
72 11
11 0
72 2
11 0
72 2
11 0
72 4
11 2
72 13
11 0
72 2
11 2
72 3
11 2
72 12
11 0
72 2
11 0
72 2
4 0
72 3
4 0
72 8
11 0
72 2
11 0
72 2
4 0
72 3
4 0
72 1
6 0
72 6
11 0
72 1
11 0
72 6
4 0
72 1
4 0
72 6
11 0
72 1
11 0
72 4
4 0
72 3
4 0
72 1
6 2
72 4
11 0
72 1
11 0
72 2
11 0
72 2
4 2
72 7
11 0
72 1
11 0
72 2
11 0
72 2
4 0
72 3
4 0
72 1
6 0
72 6
11 0
72 4
11 0
72 2
4 2
72 7
11 0
72 1
11 0
72 2
11 0
72 2
4 0
72 3
4 0
72 1
5 0
72 2
5 0
72 4
11 0
72 1
11 0
72 2
11 0
72 2
4 2
72 7
11 0
72 1
11 0
72 2
11 0
72 2
4 0
72 3
4 0
72 1
5 0
72 7
11 0
72 2
11 0
72 2
4 0
72 3
4 0
72 1
5 2
72 4
11 2
72 1
11 0
72 2
4 2
72 0
4 0
72 1
5 2
72 14
11 0
72 7
11 2
72 12
11 0
72 7
11 2
72 10
11 0
72 2
11 0
72 12
11 0
72 2
11 0
72 6
11 0
72 2
11 0
72 12
11 0
72 2
11 0
72 10
11 2
11 2
72 9
11 0
72 2
11 0
72 10
11 2
11 2
72 9
11 0
72 2
11 0
72 10
11 0
72 2
11 0
72 8
11 0
72 3
11 0
72 5
11 0
72 3
11 0
72 12
11 0
72 2
11 0
72 6
11 0
72 11
11 0
72 2
11 0
72 2
11 0
72 4
11 2
72 13
11 0
72 2
11 2
72 3
11 2
E
S
L
12 0
12 0
14 0
12 0
11 2
58 0
12 0
14 0
12 0
12 0
14 0
12 0
58 0
11 2
14 0
11 2
12 0
12 0
14 0
58 0
12 0
58 0
221 0
14 0
58 0
58 0
12 0
12 0
14 0
58 0
12 0
58 0
11 2
58 0
14 0
58 0
58 0
12 0
12 0
14 0
12 0
12 0
14 0
12 0
12 0
14 0
12 0
11 2
14 0
12 0
12 0
14 0
12 0
11 2
14 0
12 0
12 0
14 0
11 2
30 0
30 0
30 0
30 0
30 0
30 0
12 0
12 0
14 0
12 0
11 2
14 0
12 0
12 0
14 0
12 0
12 0
12 0
14 0
12 0
12 0
12 0
14 0
12 0
12 0
14 0
12 0
12 0
14 0
12 0
30 0
30 0
30 0
12 0
14 0
12 0
12 0
16 0
12 0
14 0
12 0
16 0
12 0
14 0
11 2
12 0
14 0
12 0
14 0
12 0
14 0
12 0
31 0
14 0
31 0
16 0
16 0
16 0
16 0
16 0
14 0
16 0
16 0
16 0
16 0
16 0
14 0
12 0
12 0
12 0
14 0
12 0
12 0
12 0
12 0
12 0
14 0
12 0
11 2
58 0
12 0
14 0
12 0
12 0
14 0
12 0
58 0
11 2
14 0
11 2
12 0
12 0
14 0
58 0
12 0
58 0
221 0
14 0
58 0
58 0
12 0
12 0
14 0
58 0
12 0
58 0
11 2
58 0
14 0
58 0
58 0
12 0
12 0
14 0
12 0
12 0
14 0
12 0
12 0
14 0
12 0
11 2
14 0
12 0
12 0
14 0
12 0
11 2
14 0
12 0
12 0
14 0
11 2
30 0
30 0
30 0
30 0
30 0
30 0
12 0
12 0
14 0
12 0
11 2
14 0
12 0
12 0
14 0
12 0
12 0
12 0
14 0
12 0
12 0
12 0
14 0
12 0
12 0
14 0
12 0
12 0
14 0
12 0
30 0
30 0
30 0
12 0
14 0
12 0
12 0
16 0
12 0
14 0
12 0
16 0
12 0
14 0
11 2
12 0
14 0
12 0
14 0
12 0
14 0
12 0
31 0
14 0
31 0
16 0
16 0
16 0
16 0
16 0
14 0
16 0
16 0
16 0
16 0
16 0
14 0
12 0
12 0
12 0
14 0
12 0
12 0
12 0
12 0
12 0
14 0
12 0
11 2
58 0
12 0
14 0
12 0
12 0
14 0
12 0
58 0
11 2
14 0
11 2
12 0
12 0
14 0
58 0
12 0
58 0
221 0
14 0
58 0
58 0
12 0
12 0
14 0
58 0
12 0
58 0
11 2
58 0
14 0
58 0
58 0
12 0
12 0
14 0
12 0
12 0
14 0
12 0
12 0
14 0
12 0
11 2
14 0
12 0
12 0
14 0
12 0
11 2
14 0
12 0
12 0
14 0
11 2
30 0
30 0
30 0
30 0
30 0
30 0
12 0
12 0
14 0
12 0
11 2
14 0
12 0
12 0
14 0
12 0
12 0
12 0
14 0
12 0
12 0
12 0
14 0
12 0
12 0
14 0
12 0
12 0
14 0
12 0
30 0
30 0
30 0
12 0
14 0
12 0
12 0
16 0
12 0
14 0
12 0
16 0
12 0
14 0
11 2
12 0
14 0
12 0
14 0
12 0
14 0
12 0
31 0
14 0
31 0
16 0
16 0
16 0
16 0
16 0
14 0
16 0
16 0
16 0
16 0
16 0
14 0
12 0
12 0
12 0
14 0
12 0
12 0
12 0
12 0
12 0
14 0
12 0
11 2
58 0
12 0
14 0
12 0
12 0
14 0
12 0
58 0
11 2
14 0
11 2
12 0
12 0
14 0
58 0
12 0
58 0
221 0
14 0
58 0
58 0
12 0
12 0
14 0
58 0
12 0
58 0
11 2
58 0
14 0
58 0
58 0
12 0
12 0
14 0
12 0
12 0
14 0
12 0
12 0
14 0
12 0
11 2
14 0
12 0
12 0
14 0
12 0
11 2
14 0
12 0
12 0
14 0
11 2
30 0
30 0
30 0
30 0
30 0
30 0
12 0
12 0
14 0
12 0
11 2
14 0
12 0
12 0
14 0
12 0
12 0
12 0
14 0
12 0
12 0
12 0
14 0
12 0
12 0
14 0
E
S
H
72 14
43 3
45 2
72 14
50 2
43 2
72 14
51 2
50 2
72 14
53 12
72 3
51 0
72 1
48 2
72 2
48 4
72 12
43 3
45 0
72 1
54 2
72 0
51 0
72 1
53 12
72 13
50 2
43 2
66 2
72 0
63 0
72 1
65 12
72 0
63 2
60 2
72 2
60 3
72 1
63 2
72 12
53 0
72 2
65 2
72 0
63 2
60 2
72 2
63 11
72 3
43 0
72 1
48 2
72 2
46 3
72 14
53 12
72 3
51 0
72 1
48 2
72 2
48 4
72 12
43 3
45 0
72 1
54 2
72 0
51 0
72 1
53 12
72 13
50 2
43 2
66 2
72 0
63 0
72 1
65 12
72 0
63 2
60 2
72 2
60 3
72 1
63 2
72 12
53 0
72 2
65 2
72 0
63 2
60 2
72 2
63 11
72 3
43 0
72 1
48 2
72 2
46 3
72 14
53 12
72 3
51 0
72 1
48 2
72 2
48 4
72 12
43 3
45 0
72 1
54 2
72 0
51 0
72 1
53 12
72 13
50 2
43 2
66 2
72 0
63 0
72 1
65 12
72 0
63 2
60 2
72 2
60 3
72 1
63 2
72 12
53 0
72 2
65 2
72 0
63 2
60 2
72 2
63 11
72 3
43 0
72 1
48 2
E
S
H
72 14
51 2
50 2
72 14
43 2
72 4
39 2
72 14
43 2
39 2
72 14
53 2
72 12
48 3
72 1
48 4
72 11
43 2
72 4
39 2
72 11
48 3
72 1
48 3
72 13
43 2
39 2
72 12
60 2
58 3
72 1
58 3
72 10
48 4
72 14
53 2
72 12
48 3
72 1
48 4
72 11
43 2
72 4
39 2
72 11
48 3
72 1
48 3
72 13
43 2
39 2
72 12
60 2
58 3
72 1
58 3
72 10
48 4
72 14
53 2
72 12
48 3
72 1
48 4
72 11
43 2
72 4
39 2
72 11
48 3
72 1
48 3
72 13
43 2
39 2
72 12
60 2
58 3
E
S
H
72 14
48 2
53 2
72 14
53 2
72 14
48 2
50 2
72 12
51 2
72 14
51 2
50 2
72 14
48 3
72 14
48 2
50 2
72 12
51 2
72 14
51 2
50 2
72 14
48 3
72 14
48 2
50 2
72 12
51 2
72 14
51 2
50 2
E
S
L
72 14
72 12
10 3
72 14
12 2
72 0
12 2
10 2
12 0
72 4
12 2
72 1
10 0
72 2
12 3
72 1
10 2
72 8
12 2
72 0
12 2
72 1
12 0
72 4
15 0
72 5
17 4
72 4
12 3
72 5
12 2
72 0
12 2
72 1
12 0
72 4
15 0
72 4
12 0
72 2
17 3
72 1
15 2
72 11
10 2
72 0
12 2
72 1
10 0
72 2
17 3
15 2
12 3
72 4
19 2
72 14
72 14
7 2
72 13
72 11
12 3
72 3
12 2
72 14
12 2
72 0
12 2
10 2
12 0
72 4
12 2
72 1
10 0
72 2
12 3
72 1
10 2
72 8
12 2
72 0
12 2
72 1
12 0
72 4
15 0
72 5
17 4
72 4
12 3
72 5
12 2
72 0
12 2
72 1
12 0
72 4
15 0
72 4
12 0
72 2
17 3
72 1
15 2
72 11
10 2
72 0
12 2
72 1
10 0
72 2
17 3
15 2
12 3
72 4
19 2
72 14
72 14
7 2
72 13
72 11
12 3
72 3
12 2
72 14
12 2
72 0
12 2
10 2
12 0
72 4
12 2
72 1
10 0
72 2
12 3
72 1
10 2
72 8
12 2
72 0
12 2
72 1
12 0
72 4
15 0
72 5
17 4
72 4
12 3
72 5
12 2
72 0
12 2
72 1
12 0
72 4
15 0
72 4
12 0
72 2
17 3
72 1
15 2
72 11
10 2
72 0
12 2
72 1
10 0
72 2
17 3
15 2
12 3
72 4
19 2
72 14
72 14
7 2
E
S
L
72 14
72 13
10 2
72 10
15 2
72 10
10 2
72 13
15 3
72 7
15 0
72 2
17 2
72 2
22 2
72 14
72 4
12 3
72 4
18 0
72 1
17 2
72 2
15 2
72 2
12 3
72 1
10 3
72 1
12 3
72 1
15 3
72 1
12 3
72 4
18 0
72 1
17 3
72 1
15 3
72 1
12 3
72 1
10 4
72 4
11 4
72 6
18 0
72 1
17 2
72 2
15 2
72 2
12 2
72 2
10 3
72 1
11 2
12 2
72 3
15 2
72 1
12 2
72 3
18 0
72 1
17 2
72 2
15 2
72 2
12 2
72 6
5 2
72 2
6 2
72 2
6 2
72 2
7 2
72 13
5 2
72 1
5 0
72 4
5 0
72 1
6 2
72 2
7 2
72 10
72 13
10 2
72 10
15 2
72 10
10 2
72 13
15 3
72 7
15 0
72 2
17 2
72 2
22 2
72 14
72 4
12 3
72 4
18 0
72 1
17 2
72 2
15 2
72 2
12 3
72 1
10 3
72 1
12 3
72 1
15 3
72 1
12 3
72 4
18 0
72 1
17 3
72 1
15 3
72 1
12 3
72 1
10 4
72 4
11 4
72 6
18 0
72 1
17 2
72 2
15 2
72 2
12 2
72 2
10 3
72 1
11 2
12 2
72 3
15 2
72 1
12 2
72 3
18 0
72 1
17 2
72 2
15 2
72 2
12 2
72 6
5 2
72 2
6 2
72 2
6 2
72 2
7 2
72 13
5 2
72 1
5 0
72 4
5 0
72 1
6 2
72 2
7 2
72 10
72 13
10 2
72 10
15 2
72 10
10 2
72 13
15 3
72 7
15 0
72 2
17 2
72 2
22 2
E
S
H
72 14
62 0
72 1
62 0
72 6
62 0
72 7
62 0
72 1
62 0
72 10
62 0
72 1
62 0
72 6
62 0
72 7
62 0
72 1
62 0
72 10
62 0
72 1
62 0
72 6
62 0
72 7
62 0
72 1
62 0
72 6
62 0
72 1
62 0
72 6
62 0
72 7
62 0
72 1
62 0
72 6
62 0
72 1
62 0
72 6
62 0
72 1
62 0
72 6
62 0
72 7
62 0
72 1
62 0
72 6
62 0
72 1
62 0
72 6
62 0
72 1
62 0
72 6
62 0
72 7
62 0
72 1
62 0
72 6
62 0
72 1
62 0
72 6
62 0
72 1
62 0
72 6
62 0
72 7
62 0
72 1
62 0
72 6
62 0
72 1
62 0
72 6
62 0
72 1
62 0
72 6
62 0
72 7
62 0
72 1
62 0
72 6
62 0
72 1
62 0
72 14
62 0
72 1
62 0
72 6
62 0
72 7
62 0
72 1
62 0
72 10
62 0
72 1
62 0
72 6
62 0
72 7
62 0
72 1
62 0
72 10
62 0
72 1
62 0
72 6
62 0
72 7
62 0
72 1
62 0
72 6
62 0
72 1
62 0
72 6
62 0
72 7
62 0
72 1
62 0
72 6
62 0
72 1
62 0
72 6
62 0
72 1
62 0
72 6
62 0
72 7
62 0
72 1
62 0
72 6
62 0
72 1
62 0
72 6
62 0
72 1
62 0
72 6
62 0
72 7
62 0
72 1
62 0
72 6
62 0
72 1
62 0
72 6
62 0
72 1
62 0
72 6
62 0
72 8
62 0
72 6
62 0
72 1
62 0
72 6
62 0
72 1
62 0
72 6
62 0
72 7
62 0
72 1
62 0
72 6
62 0
72 1
62 0
72 14
62 0
72 1
62 0
72 6
62 0
72 7
62 0
72 1
62 0
72 10
62 0
72 1
62 0
72 6
62 0
72 7
62 0
72 1
62 0
72 10
62 0
72 1
62 0
72 6
62 0
72 7
62 0
72 1
62 0
72 6
62 0
72 1
62 0
72 6
62 0
72 7
62 0
72 1
62 0
72 6
62 0
72 1
62 0
72 6
62 0
72 1
62 0
72 6
62 0
72 7
62 0
72 1
62 0
72 6
62 0
72 1
62 0
72 6
62 0
72 1
62 0
72 6
62 0
72 7
62 0
72 1
62 0
72 6
62 0
72 1
62 0
72 6
62 0
72 1
62 0
72 6
62 0
72 8
62 0
72 6
62 0
72 1
62 0
72 6
62 0
72 1
62 0
72 6
62 0
72 7
62 0
72 1
62 0
72 6
62 0
72 1
62 0
72 14
62 0
72 1
62 0
72 6
62 0
72 7
62 0
72 1
62 0
72 10
62 0
72 1
62 0
72 6
62 0
72 7
62 0
72 1
62 0
72 10
62 0
72 1
62 0
72 6
62 0
72 7
62 0
72 1
62 0
72 6
62 0
72 1
62 0
72 6
62 0
72 7
62 0
72 1
62 0
72 6
62 0
72 1
62 0
72 6
62 0
72 1
62 0
72 6
62 0
72 7
62 0
72 1
62 0
72 6
62 0
72 1
62 0
72 6
62 0
72 1
62 0
72 6
62 0
72 7
62 0
72 1
62 0
72 6
62 0
72 1
62 0
72 6
62 0
72 1
62 0
72 6
62 0
72 8
62 0
72 6
62 0
72 1
62 0
E
X
