minor
S
L
19 7
22 7
18 11
19 7
22 7
18 11
19 7
21 7
22 7
27 7
25 11
26 11
19 7
22 7
18 11
19 7
22 7
18 11
19 7
21 7
22 7
27 7
25 11
26 11
39 2
27 2
38 2
26 2
36 2
24 2
34 2
22 2
33 2
21 2
34 2
22 2
36 2
24 2
38 2
26 2
39 2
27 2
38 2
26 2
36 2
24 2
34 2
22 2
33 2
21 2
34 2
22 2
36 2
24 2
38 2
26 2
39 2
27 2
38 2
26 2
36 2
24 2
34 2
22 2
33 2
21 2
34 2
22 2
36 2
24 2
38 2
26 2
39 2
27 2
38 2
26 2
36 2
24 2
34 2
22 2
33 2
21 2
34 2
22 2
36 2
24 2
38 2
26 2
31 7
26 7
31 7
34 7
33 7
30 7
27 7
26 7
27 7
31 7
34 7
38 7
36 7
34 7
33 7
38 7
31 7
26 7
31 7
34 7
33 7
30 7
27 7
26 7
27 7
31 7
34 7
38 7
36 7
34 7
33 7
38 7
19 7
22 7
18 11
19 7
22 7
18 11
19 7
21 7
22 7
27 7
25 11
26 11
19 7
22 7
18 11
19 7
22 7
18 11
19 7
21 7
22 7
27 7
25 11
26 11
39 2
27 2
38 2
26 2
36 2
24 2
34 2
22 2
33 2
21 2
34 2
22 2
36 2
24 2
38 2
26 2
39 2
27 2
38 2
26 2
36 2
24 2
34 2
22 2
33 2
21 2
34 2
22 2
36 2
24 2
38 2
26 2
39 2
27 2
38 2
26 2
36 2
24 2
34 2
22 2
33 2
21 2
34 2
22 2
36 2
24 2
38 2
26 2
39 2
27 2
38 2
26 2
36 2
24 2
34 2
22 2
33 2
21 2
34 2
22 2
36 2
24 2
38 2
26 2
31 7
26 7
31 7
34 7
33 7
30 7
27 7
26 7
27 7
31 7
34 7
38 7
36 7
34 7
33 7
38 7
31 7
26 7
31 7
34 7
33 7
30 7
27 7
26 7
27 7
31 7
34 7
38 7
36 7
34 7
33 7
38 7
E
S
H
43 7
46 7
42 11
43 7
46 7
42 11
43 7
45 7
46 7
51 7
49 11
50 11
43 7
46 7
42 11
43 7
46 7
42 11
43 7
45 7
46 7
51 7
49 11
50 11
51 2
55 2
58 2
60 2
61 2
62 2
58 2
55 2
54 2
57 2
50 2
48 2
46 2
45 2
44 2
45 2
51 2
50 2
51 2
55 2
50 2
54 2
57 2
62 2
60 2
58 2
57 2
55 2
54 2
57 2
50 4
51 2
55 2
58 2
60 2
61 2
62 2
58 2
55 2
54 2
57 2
50 2
48 2
46 2
45 2
44 2
45 2
51 2
50 2
51 2
55 2
50 2
54 2
57 2
62 2
60 2
58 2
57 2
55 2
54 2
57 2
50 4
63 2
62 2
61 2
62 2
63 2
62 2
61 2
62 2
63 2
62 2
61 2
62 2
63 2
62 2
61 2
62 2
63 2
62 2
61 2
62 2
63 2
62 2
61 2
62 2
63 2
62 2
61 2
62 2
63 2
62 2
61 2
62 2
63 2
62 2
61 2
62 2
63 2
62 2
61 2
62 2
63 2
62 2
61 2
62 2
63 2
62 2
61 2
62 2
63 2
62 2
61 2
62 2
63 2
62 2
61 2
62 2
63 2
62 2
61 2
62 2
63 2
62 2
61 2
62 2
63 2
62 2
61 2
62 2
63 2
62 2
61 2
62 2
63 2
62 2
61 2
62 2
63 2
62 2
61 2
62 2
63 2
62 2
61 2
62 2
63 2
62 2
61 2
62 2
63 2
62 2
61 2
62 2
63 2
62 2
61 2
62 2
63 2
62 2
61 2
62 2
63 2
62 2
61 2
62 2
63 2
62 2
61 2
62 2
63 2
62 2
61 2
62 2
63 2
62 2
61 2
62 2
63 2
62 2
61 2
62 2
63 2
62 2
61 2
62 2
63 2
62 2
61 2
62 2
43 7
46 7
42 11
43 7
46 7
42 11
43 7
45 7
46 7
51 7
49 11
50 11
43 7
46 7
42 11
43 7
46 7
42 11
43 7
45 7
46 7
51 7
49 11
50 11
51 2
55 2
58 2
60 2
61 2
62 2
58 2
55 2
54 2
57 2
50 2
48 2
46 2
45 2
44 2
45 2
51 2
50 2
51 2
55 2
50 2
54 2
57 2
62 2
60 2
58 2
57 2
55 2
54 2
57 2
50 4
51 2
55 2
58 2
60 2
61 2
62 2
58 2
55 2
54 2
57 2
50 2
48 2
46 2
45 2
44 2
45 2
51 2
50 2
51 2
55 2
50 2
54 2
57 2
62 2
60 2
58 2
57 2
55 2
54 2
57 2
50 4
63 2
62 2
61 2
62 2
63 2
62 2
61 2
62 2
63 2
62 2
61 2
62 2
63 2
62 2
61 2
62 2
63 2
62 2
61 2
62 2
63 2
62 2
61 2
62 2
63 2
62 2
61 2
62 2
63 2
62 2
61 2
62 2
63 2
62 2
61 2
62 2
63 2
62 2
61 2
62 2
63 2
62 2
61 2
62 2
63 2
62 2
61 2
62 2
63 2
62 2
61 2
62 2
63 2
62 2
61 2
62 2
63 2
62 2
61 2
62 2
63 2
62 2
61 2
62 2
63 2
62 2
61 2
62 2
63 2
62 2
61 2
62 2
63 2
62 2
61 2
62 2
63 2
62 2
61 2
62 2
63 2
62 2
61 2
62 2
63 2
62 2
61 2
62 2
63 2
62 2
61 2
62 2
63 2
62 2
61 2
62 2
63 2
62 2
61 2
62 2
63 2
62 2
61 2
62 2
63 2
62 2
61 2
62 2
63 2
62 2
61 2
62 2
63 2
62 2
61 2
62 2
63 2
62 2
61 2
62 2
63 2
62 2
61 2
62 2
63 2
62 2
61 2
62 2
E
S
L
72 14
24 7
72 12
24 7
72 12
24 7
72 12
24 7
72 12
24 7
72 14
24 7
72 14
24 7
72 14
24 7
72 14
24 7
72 14
24 7
72 12
24 7
72 12
24 7
72 12
24 7
72 12
24 7
72 14
24 7
72 14
24 7
72 14
24 7
72 14
24 7
E
S
L
72 14
12 0
72 2
12 0
72 10
12 0
72 2
12 0
72 10
12 0
72 2
12 0
72 6
12 0
72 2
12 0
72 12
12 0
72 2
12 0
72 10
12 0
72 2
12 0
72 10
12 0
72 2
12 0
72 6
12 0
72 2
12 0
72 12
12 0
72 11
12 0
72 2
12 0
72 10
12 0
72 11
12 0
72 7
12 0
72 7
12 0
72 11
12 0
72 2
12 0
72 10
12 0
72 11
12 0
72 7
12 0
72 7
12 0
72 11
12 0
72 2
12 0
72 10
12 0
72 11
12 0
72 7
12 0
72 7
12 0
72 11
12 0
72 2
12 0
72 10
12 0
72 11
12 0
72 7
12 0
72 14
12 0
72 2
12 0
72 10
12 0
72 2
12 0
72 10
12 0
72 2
12 0
72 6
12 0
72 2
12 0
72 12
12 0
72 2
12 0
72 10
12 0
72 2
12 0
72 10
12 0
72 2
12 0
72 6
12 0
72 2
12 0
72 12
12 0
72 11
12 0
72 2
12 0
72 10
12 0
72 11
12 0
72 7
12 0
72 7
12 0
72 11
12 0
72 2
12 0
72 10
12 0
72 11
12 0
72 7
12 0
72 7
12 0
72 11
12 0
72 2
12 0
72 10
12 0
72 11
12 0
72 7
12 0
72 7
12 0
72 11
12 0
72 2
12 0
72 10
12 0
72 11
12 0
72 7
12 0
E
X
