minor
S
H
72 7
200 2
72 0
200 2
72 0
200 2
72 0
241 2
72 0
241 2
72 0
241 2
72 0
227 2
72 0
227 2
72 0
123 2
72 7
148 2
72 0
148 2
72 0
148 2
72 0
123 2
72 0
123 2
72 0
123 2
72 0
176 2
72 0
176 2
72 0
227 2
72 14
145 2
121 2
145 4
157 4
176 13
72 4
145 2
121 2
145 4
157 4
176 4
150 4
148 4
123 4
148 14
72 14
157 11
145 11
121 11
121 13
72 11
59 2
58 2
56 2
54 2
56 2
54 2
52 2
51 2
49 2
47 2
46 2
44 2
46 2
44 2
42 2
40 2
39 2
40 2
39 2
37 2
39 2
37 2
35 2
34 2
32 2
72 14
145 2
121 2
145 4
157 4
176 13
72 4
145 2
121 2
145 4
157 4
176 4
150 4
148 4
123 4
148 14
72 14
145 2
121 2
145 4
157 4
176 13
72 4
145 2
121 2
145 4
157 4
176 4
150 4
148 4
123 4
148 14
56 2
54 2
52 2
51 2
54 2
52 2
51 2
49 2
52 2
51 2
49 2
47 2
51 2
49 2
47 2
46 2
49 2
47 2
46 2
44 2
47 2
46 2
44 2
42 2
51 14
54 14
57 14
72 14
145 2
121 2
145 4
157 4
176 13
72 4
145 2
121 2
145 4
157 4
176 4
150 4
148 4
123 4
148 14
72 14
157 11
145 11
121 11
121 13
72 11
59 2
58 2
56 2
54 2
56 2
54 2
52 2
51 2
49 2
47 2
46 2
44 2
46 2
44 2
42 2
40 2
39 2
40 2
39 2
37 2
39 2
37 2
35 2
34 2
32 2
72 14
145 2
121 2
145 4
157 4
176 13
72 4
145 2
121 2
145 4
157 4
176 4
150 4
148 4
123 4
148 14
72 14
145 2
121 2
145 4
157 4
176 13
72 4
145 2
121 2
145 4
157 4
176 4
150 4
148 4
123 4
148 14
56 2
54 2
52 2
51 2
54 2
52 2
51 2
49 2
52 2
51 2
49 2
47 2
51 2
49 2
47 2
46 2
49 2
47 2
46 2
44 2
47 2
46 2
44 2
42 2
51 14
54 14
57 14
E
S
H
72 7
200 2
72 0
200 2
72 0
200 2
72 0
241 2
72 0
241 2
72 0
241 2
72 0
227 2
72 0
227 2
72 0
123 2
72 7
148 2
72 0
148 2
72 0
148 2
72 0
123 2
72 0
123 2
72 0
123 2
72 0
176 2
72 0
176 2
72 0
227 2
72 14
140 2
140 2
140 2
72 4
140 2
140 13
72 14
39 2
39 12
72 7
200 2
72 0
200 2
72 0
200 2
72 0
200 7
200 2
72 0
200 2
72 0
200 2
72 14
140 2
140 2
140 2
72 4
140 2
140 13
72 14
140 2
140 2
140 2
72 4
140 2
140 13
72 14
201 2
72 0
201 2
72 0
201 2
72 0
188 2
72 0
188 2
72 0
188 2
72 0
224 2
72 0
116 2
72 0
188 2
72 7
201 2
72 0
201 2
72 0
201 2
72 0
188 2
72 0
188 2
72 0
188 2
72 0
224 2
72 0
116 2
72 0
188 2
72 7
240 2
72 0
240 2
72 0
240 2
72 0
227 2
72 0
227 2
72 0
227 2
72 0
119 2
72 0
155 2
72 0
227 2
72 7
240 2
72 0
240 2
72 0
240 2
72 0
227 2
72 0
227 2
72 0
227 2
72 0
119 2
72 0
155 2
72 0
227 2
72 7
135 2
72 0
135 2
72 0
135 2
72 0
122 2
72 0
122 2
72 0
122 2
72 0
158 2
72 0
194 2
72 0
122 2
72 7
135 2
72 0
135 2
72 0
135 2
72 0
122 2
72 0
122 2
72 0
122 2
72 0
158 2
72 0
194 2
72 0
122 2
72 14
140 2
140 2
140 2
72 4
140 2
140 13
72 14
39 2
39 12
72 7
200 2
72 0
200 2
72 0
200 2
72 0
200 7
200 2
72 0
200 2
72 0
200 2
72 14
140 2
140 2
140 2
72 4
140 2
140 13
72 14
140 2
140 2
140 2
72 4
140 2
140 13
72 14
201 2
72 0
201 2
72 0
201 2
72 0
188 2
72 0
188 2
72 0
188 2
72 0
224 2
72 0
116 2
72 0
188 2
72 7
201 2
72 0
201 2
72 0
201 2
72 0
188 2
72 0
188 2
72 0
188 2
72 0
224 2
72 0
116 2
72 0
188 2
72 7
240 2
72 0
240 2
72 0
240 2
72 0
227 2
72 0
227 2
72 0
227 2
72 0
119 2
72 0
155 2
72 0
227 2
72 7
240 2
72 0
240 2
72 0
240 2
72 0
227 2
72 0
227 2
72 0
227 2
72 0
119 2
72 0
155 2
72 0
227 2
72 7
135 2
72 0
135 2
72 0
135 2
72 0
122 2
72 0
122 2
72 0
122 2
72 0
158 2
72 0
194 2
72 0
122 2
72 7
135 2
72 0
135 2
72 0
135 2
72 0
122 2
72 0
122 2
72 0
122 2
72 0
158 2
72 0
194 2
72 0
122 2
E
S
L
25 3
72 1
20 2
20 2
25 6
72 8
20 2
20 2
20 2
20 2
20 2
20 2
25 3
72 1
20 3
72 11
20 2
20 2
20 2
20 2
20 2
20 2
20 3
72 1
15 2
15 2
15 3
72 1
21 3
72 1
15 2
15 2
15 3
72 1
18 3
72 1
15 3
72 1
20 3
72 1
15 3
72 1
15 3
72 1
15 3
72 1
20 3
72 1
15 2
15 2
15 3
72 1
20 3
72 1
15 2
15 2
15 3
72 1
21 3
72 1
15 3
72 1
18 3
72 1
15 3
72 1
15 3
72 1
15 3
72 1
20 3
72 1
15 2
15 2
15 3
72 1
21 3
72 1
15 2
15 2
15 3
72 1
18 3
72 1
15 3
72 1
20 3
72 1
15 3
72 1
15 3
72 1
15 3
72 1
21 3
72 1
15 2
15 2
15 3
72 1
21 3
72 1
15 2
15 2
15 3
72 1
21 3
72 1
15 3
72 1
28 3
72 1
15 3
72 1
27 3
72 1
15 3
72 1
20 3
72 1
15 2
15 2
15 3
72 1
21 3
72 1
15 2
15 2
15 3
72 1
18 3
72 1
15 3
72 1
20 3
72 1
15 3
72 1
15 3
72 1
15 3
72 1
20 3
72 1
15 2
15 2
15 3
72 1
20 3
72 1
15 2
15 2
15 3
72 1
21 3
72 1
15 3
72 1
28 3
72 1
15 3
72 1
27 3
72 1
15 3
72 1
15 6
72 14
20 3
72 1
15 2
15 2
15 3
72 1
21 3
72 1
15 2
15 2
15 3
72 1
18 3
72 1
15 3
72 1
20 3
72 1
15 3
72 1
15 3
72 1
15 3
72 1
20 3
72 1
15 2
15 2
15 3
72 1
20 3
72 1
15 2
15 2
15 3
72 1
21 3
72 1
15 3
72 1
18 3
72 1
15 3
72 1
15 3
72 1
15 3
72 1
20 3
72 1
15 2
15 2
15 3
72 1
21 3
72 1
15 2
15 2
15 3
72 1
18 3
72 1
15 3
72 1
20 3
72 1
15 3
72 1
15 3
72 1
15 3
72 1
21 3
72 1
15 2
15 2
15 3
72 1
21 3
72 1
15 2
15 2
15 3
72 1
21 3
72 1
15 3
72 1
28 3
72 1
15 3
72 1
27 3
72 1
15 3
72 1
20 3
72 1
15 2
15 2
15 3
72 1
21 3
72 1
15 2
15 2
15 3
72 1
18 3
72 1
15 3
72 1
20 3
72 1
15 3
72 1
15 3
72 1
15 3
72 1
20 3
72 1
15 2
15 2
15 3
72 1
20 3
72 1
15 2
15 2
15 3
72 1
21 3
72 1
15 3
72 1
28 3
72 1
15 3
72 1
27 3
72 1
15 3
72 1
20 3
72 1
15 2
15 2
15 3
72 1
21 3
72 1
15 2
15 2
15 3
72 1
18 3
72 1
15 3
72 1
20 3
72 1
15 3
72 1
15 3
72 1
15 3
72 1
21 3
72 1
15 2
15 2
15 3
72 1
21 3
72 1
15 2
15 2
15 3
72 1
21 3
72 1
15 3
72 1
28 3
72 1
15 3
72 1
27 3
72 1
15 3
72 1
20 3
72 1
15 2
15 2
15 3
72 1
21 3
72 1
15 2
15 2
15 3
72 1
18 3
72 1
15 3
72 1
20 3
72 1
15 3
72 1
15 3
72 1
15 3
72 1
20 3
72 1
15 2
15 2
15 3
72 1
20 3
72 1
15 2
15 2
15 3
72 1
21 3
72 1
15 3
72 1
28 3
72 1
15 3
72 1
27 3
72 1
15 3
72 1
25 3
72 1
20 2
20 2
25 8
72 2
20 2
20 2
25 3
72 1
20 3
72 1
25 3
72 1
20 3
72 1
25 8
72 2
20 2
20 2
25 3
72 1
20 3
72 1
28 3
72 1
23 2
23 2
28 8
72 2
23 2
23 2
28 3
72 1
23 3
72 1
28 3
72 1
23 3
72 1
28 8
72 2
23 2
23 2
28 3
72 1
23 3
72 1
31 3
72 1
26 2
26 2
31 8
72 2
26 2
26 2
31 3
72 1
26 3
72 1
31 3
72 1
26 3
72 1
31 8
72 2
26 2
26 2
31 3
72 1
26 3
72 1
20 3
72 1
15 2
15 2
15 3
72 1
20 3
72 1
15 2
15 2
15 3
72 1
20 3
72 1
15 3
72 1
20 3
72 1
15 3
72 1
20 3
72 1
15 3
72 1
20 3
72 1
15 2
15 2
15 3
72 1
20 3
72 1
15 2
15 2
15 3
72 1
21 3
72 1
15 3
72 1
18 3
72 1
15 3
72 1
15 3
72 1
15 3
72 1
20 3
72 1
15 2
15 2
15 3
72 1
21 3
72 1
15 2
15 2
15 3
72 1
18 3
72 1
15 3
72 1
20 3
72 1
15 3
72 1
15 3
72 1
15 3
72 1
21 3
72 1
15 2
15 2
15 3
72 1
21 3
72 1
15 2
15 2
15 3
72 1
21 3
72 1
15 3
72 1
28 3
72 1
15 3
72 1
27 3
72 1
15 3
72 1
20 3
72 1
15 2
15 2
15 3
72 1
21 3
72 1
15 2
15 2
15 3
72 1
18 3
72 1
15 3
72 1
20 3
72 1
15 3
72 1
15 3
72 1
15 3
72 1
20 3
72 1
15 2
15 2
15 3
72 1
20 3
72 1
15 2
15 2
15 3
72 1
21 3
72 1
15 3
72 1
28 3
72 1
15 3
72 1
27 3
72 1
15 3
72 1
15 6
72 14
20 3
72 1
15 2
15 2
15 3
72 1
21 3
72 1
15 2
15 2
15 3
72 1
18 3
72 1
15 3
72 1
20 3
72 1
15 3
72 1
15 3
72 1
15 3
72 1
20 3
72 1
15 2
15 2
15 3
72 1
20 3
72 1
15 2
15 2
15 3
72 1
21 3
72 1
15 3
72 1
18 3
72 1
15 3
72 1
15 3
72 1
15 3
72 1
20 3
72 1
15 2
15 2
15 3
72 1
21 3
72 1
15 2
15 2
15 3
72 1
18 3
72 1
15 3
72 1
20 3
72 1
15 3
72 1
15 3
72 1
15 3
72 1
21 3
72 1
15 2
15 2
15 3
72 1
21 3
72 1
15 2
15 2
15 3
72 1
21 3
72 1
15 3
72 1
28 3
72 1
15 3
72 1
27 3
72 1
15 3
72 1
20 3
72 1
15 2
15 2
15 3
72 1
21 3
72 1
15 2
15 2
15 3
72 1
18 3
72 1
15 3
72 1
20 3
72 1
15 3
72 1
15 3
72 1
15 3
72 1
20 3
72 1
15 2
15 2
15 3
72 1
20 3
72 1
15 2
15 2
15 3
72 1
21 3
72 1
15 3
72 1
28 3
72 1
15 3
72 1
27 3
72 1
15 3
72 1
20 3
72 1
15 2
15 2
15 3
72 1
21 3
72 1
15 2
15 2
15 3
72 1
18 3
72 1
15 3
72 1
20 3
72 1
15 3
72 1
15 3
72 1
15 3
72 1
21 3
72 1
15 2
15 2
15 3
72 1
21 3
72 1
15 2
15 2
15 3
72 1
21 3
72 1
15 3
72 1
28 3
72 1
15 3
72 1
27 3
72 1
15 3
72 1
20 3
72 1
15 2
15 2
15 3
72 1
21 3
72 1
15 2
15 2
15 3
72 1
18 3
72 1
15 3
72 1
20 3
72 1
15 3
72 1
15 3
72 1
15 3
72 1
20 3
72 1
15 2
15 2
15 3
72 1
20 3
72 1
15 2
15 2
15 3
72 1
21 3
72 1
15 3
72 1
28 3
72 1
15 3
72 1
27 3
72 1
15 3
72 1
25 3
72 1
20 2
20 2
25 8
72 2
20 2
20 2
25 3
72 1
20 3
72 1
25 3
72 1
20 3
72 1
25 8
72 2
20 2
20 2
25 3
72 1
20 3
72 1
28 3
72 1
23 2
23 2
28 8
72 2
23 2
23 2
28 3
72 1
23 3
72 1
28 3
72 1
23 3
72 1
28 8
72 2
23 2
23 2
28 3
72 1
23 3
72 1
31 3
72 1
26 2
26 2
31 8
72 2
26 2
26 2
31 3
72 1
26 3
72 1
31 3
72 1
26 3
72 1
31 8
72 2
26 2
26 2
31 3
72 1
26 3
72 1
20 3
72 1
15 2
15 2
15 3
72 1
20 3
72 1
15 2
15 2
15 3
72 1
20 3
72 1
15 3
72 1
20 3
72 1
15 3
72 1
20 3
72 1
15 3
72 1
20 3
72 1
15 2
15 2
15 3
72 1
20 3
72 1
15 2
15 2
15 3
72 1
21 3
72 1
15 3
72 1
18 3
72 1
15 3
72 1
15 3
72 1
15 3
E
S
L
210 6
72 12
210 6
72 12
1413 3
72 1
16 2
16 2
16 3
72 1
16 3
72 1
16 2
16 2
16 3
72 1
16 3
72 1
16 3
72 1
16 3
72 1
16 2
16 2
16 2
16 3
72 1
16 3
72 1
16 3
72 1
16 2
16 2
16 3
72 1
16 3
72 1
16 2
16 2
16 3
72 1
16 3
72 1
16 3
72 1
16 3
72 1
16 2
16 2
16 2
16 3
72 1
16 3
72 1
16 3
72 1
16 2
16 2
16 3
72 1
16 3
72 1
16 2
16 2
16 3
72 1
16 3
72 1
16 3
72 1
16 3
72 1
16 2
16 2
16 2
16 3
72 1
16 3
72 1
16 3
72 1
16 2
16 2
16 3
72 1
16 3
72 1
16 2
16 2
16 3
72 1
16 3
72 1
16 3
72 1
16 3
72 1
16 2
16 2
16 2
16 3
72 1
16 3
72 1
16 3
72 1
16 2
16 2
16 3
72 1
16 3
72 1
16 2
16 2
16 3
72 1
16 3
72 1
16 3
72 1
16 3
72 1
16 2
16 2
16 2
16 3
72 1
16 3
72 1
16 3
72 1
16 2
16 2
16 3
72 1
16 3
72 1
16 2
16 2
16 3
72 1
16 3
72 1
16 3
72 1
16 3
72 1
16 2
16 2
16 2
16 3
72 1
16 3
72 1
210 6
72 14
16 3
72 1
16 2
16 2
1413 3
72 1
16 3
72 1
16 2
16 2
16 3
72 1
16 3
72 1
16 3
72 1
16 3
72 1
16 2
16 2
16 2
16 3
72 1
16 3
72 1
16 3
72 1
16 2
16 2
16 3
72 1
16 3
72 1
16 2
16 2
16 3
72 1
16 3
72 1
16 3
72 1
16 3
72 1
16 2
16 2
16 2
16 3
72 1
16 3
72 1
16 3
72 1
16 2
16 2
16 3
72 1
16 3
72 1
16 2
16 2
16 3
72 1
16 3
72 1
16 3
72 1
16 3
72 1
16 2
16 2
16 2
16 3
72 1
16 3
72 1
16 3
72 1
16 2
16 2
16 3
72 1
16 3
72 1
16 2
16 2
16 3
72 1
16 3
72 1
16 3
72 1
16 3
72 1
16 2
16 2
16 2
16 3
72 1
16 3
72 1
16 3
72 1
16 2
16 2
16 3
72 1
16 3
72 1
16 2
16 2
16 3
72 1
16 3
72 1
16 3
72 1
16 3
72 1
16 2
16 2
16 2
16 3
72 1
16 3
72 1
16 3
72 1
16 2
16 2
16 3
72 1
16 3
72 1
16 2
16 2
16 3
72 1
16 3
72 1
16 3
72 1
16 3
72 1
16 2
16 2
16 2
16 3
72 1
16 3
72 1
16 3
72 1
16 2
16 2
16 3
72 1
16 3
72 1
16 2
16 2
16 3
72 1
16 3
72 1
16 3
72 1
16 3
72 1
16 2
16 2
16 2
16 3
72 1
16 3
72 1
16 3
72 1
16 2
16 2
16 3
72 1
16 3
72 1
16 2
16 2
16 3
72 1
16 3
72 1
16 3
72 1
16 3
72 1
16 2
16 2
16 2
16 3
72 1
16 3
72 1
16 3
72 1
16 2
16 2
16 3
72 1
16 3
72 1
16 2
16 2
16 3
72 1
16 3
72 1
16 3
72 1
16 3
72 1
16 2
16 2
16 2
16 3
72 1
16 3
72 1
16 3
72 1
16 2
16 2
16 3
72 1
16 3
72 1
16 2
16 2
16 3
72 1
16 3
72 1
16 3
72 1
16 3
72 1
16 2
16 2
16 2
16 3
72 1
16 3
72 1
210 6
72 12
210 6
72 12
210 6
72 12
210 6
72 12
210 6
72 12
210 6
72 12
1413 3
72 1
16 2
16 2
16 3
72 1
16 3
72 1
16 2
16 2
16 3
72 1
16 3
72 1
16 3
72 1
16 3
72 1
16 2
16 2
16 2
16 3
72 1
16 3
72 1
16 3
72 1
16 2
16 2
16 3
72 1
16 3
72 1
16 2
16 2
16 3
72 1
16 3
72 1
16 3
72 1
16 3
72 1
16 2
16 2
16 2
16 3
72 1
16 3
72 1
16 3
72 1
16 2
16 2
16 3
72 1
16 3
72 1
16 2
16 2
16 3
72 1
16 3
72 1
16 3
72 1
16 3
72 1
16 2
16 2
16 2
16 3
72 1
16 3
72 1
16 3
72 1
16 2
16 2
16 3
72 1
16 3
72 1
16 2
16 2
16 3
72 1
16 3
72 1
16 3
72 1
16 3
72 1
16 2
16 2
16 2
16 3
72 1
16 3
72 1
16 3
72 1
16 2
16 2
16 3
72 1
16 3
72 1
16 2
16 2
16 3
72 1
16 3
72 1
16 3
72 1
16 3
72 1
16 2
16 2
16 2
16 3
72 1
16 3
72 1
16 3
72 1
16 2
16 2
16 3
72 1
16 3
72 1
16 2
16 2
16 3
72 1
16 3
72 1
16 3
72 1
16 3
72 1
16 2
16 2
16 2
16 3
72 1
16 3
72 1
210 6
72 14
16 3
72 1
16 2
16 2
1413 3
72 1
16 3
72 1
16 2
16 2
16 3
72 1
16 3
72 1
16 3
72 1
16 3
72 1
16 2
16 2
16 2
16 3
72 1
16 3
72 1
16 3
72 1
16 2
16 2
16 3
72 1
16 3
72 1
16 2
16 2
16 3
72 1
16 3
72 1
16 3
72 1
16 3
72 1
16 2
16 2
16 2
16 3
72 1
16 3
72 1
16 3
72 1
16 2
16 2
16 3
72 1
16 3
72 1
16 2
16 2
16 3
72 1
16 3
72 1
16 3
72 1
16 3
72 1
16 2
16 2
16 2
16 3
72 1
16 3
72 1
16 3
72 1
16 2
16 2
16 3
72 1
16 3
72 1
16 2
16 2
16 3
72 1
16 3
72 1
16 3
72 1
16 3
72 1
16 2
16 2
16 2
16 3
72 1
16 3
72 1
16 3
72 1
16 2
16 2
16 3
72 1
16 3
72 1
16 2
16 2
16 3
72 1
16 3
72 1
16 3
72 1
16 3
72 1
16 2
16 2
16 2
16 3
72 1
16 3
72 1
16 3
72 1
16 2
16 2
16 3
72 1
16 3
72 1
16 2
16 2
16 3
72 1
16 3
72 1
16 3
72 1
16 3
72 1
16 2
16 2
16 2
16 3
72 1
16 3
72 1
16 3
72 1
16 2
16 2
16 3
72 1
16 3
72 1
16 2
16 2
16 3
72 1
16 3
72 1
16 3
72 1
16 3
72 1
16 2
16 2
16 2
16 3
72 1
16 3
72 1
16 3
72 1
16 2
16 2
16 3
72 1
16 3
72 1
16 2
16 2
16 3
72 1
16 3
72 1
16 3
72 1
16 3
72 1
16 2
16 2
16 2
16 3
72 1
16 3
72 1
16 3
72 1
16 2
16 2
16 3
72 1
16 3
72 1
16 2
16 2
16 3
72 1
16 3
72 1
16 3
72 1
16 3
72 1
16 2
16 2
16 2
16 3
72 1
16 3
72 1
16 3
72 1
16 2
16 2
16 3
72 1
16 3
72 1
16 2
16 2
16 3
72 1
16 3
72 1
16 3
72 1
16 3
72 1
16 2
16 2
16 2
16 3
72 1
16 3
72 1
210 6
72 12
210 6
72 12
210 6
72 12
210 6
72 12
210 6
72 12
210 6
72 12
1413 3
72 1
16 2
16 2
16 3
72 1
16 3
72 1
16 2
16 2
16 3
72 1
16 3
72 1
16 3
72 1
16 3
72 1
16 2
16 2
16 2
16 3
72 1
16 3
72 1
16 3
72 1
16 2
16 2
16 3
72 1
16 3
72 1
16 2
16 2
16 3
72 1
16 3
72 1
16 3
72 1
16 3
72 1
16 2
16 2
16 2
16 3
72 1
16 3
E
S
L
72 14
20 3
72 8
21 3
72 8
18 3
72 5
20 3
72 5
15 3
72 5
20 3
72 8
20 3
72 8
21 3
72 5
18 3
72 5
15 3
72 5
20 3
72 8
21 3
72 8
18 3
72 5
20 3
72 5
15 3
72 5
21 3
72 8
21 3
72 8
21 3
72 5
28 3
72 5
27 3
72 5
20 3
72 8
21 3
72 8
18 3
72 5
20 3
72 5
15 3
72 5
20 3
72 8
20 3
72 8
21 3
72 5
28 3
72 5
27 3
72 5
15 14
15 2
72 2
20 2
72 2
10 2
72 2
13 2
72 2
15 2
72 2
19 2
72 2
20 2
72 2
25 2
72 2
27 2
72 2
31 2
72 13
3 13
15 7
18 7
19 7
20 3
72 8
21 3
72 8
18 3
72 5
20 3
72 5
15 3
72 5
20 3
72 8
20 3
72 8
21 3
72 5
18 3
72 5
15 3
72 5
20 3
72 8
21 3
72 8
18 3
72 5
20 3
72 5
15 3
72 5
21 3
72 8
21 3
72 8
21 3
72 5
28 3
72 5
27 3
72 5
20 3
72 8
21 3
72 8
18 3
72 5
20 3
72 5
15 3
72 5
20 3
72 8
20 3
72 8
21 3
72 5
28 3
72 5
27 3
72 5
20 3
72 8
21 3
72 8
18 3
72 5
20 3
72 5
15 3
72 5
21 3
72 8
21 3
72 8
21 3
72 5
28 3
72 5
27 3
72 5
20 3
72 8
21 3
72 8
18 3
72 5
20 3
72 5
15 3
72 5
20 3
72 8
20 3
72 8
21 3
72 5
28 3
72 5
27 3
72 5
25 3
72 12
25 3
72 1
25 3
72 5
25 3
72 11
25 3
72 1
28 3
72 12
28 3
72 1
28 3
72 5
28 3
72 11
28 3
72 1
31 3
72 12
31 3
72 1
31 3
72 5
31 3
72 11
31 3
72 1
20 3
72 8
20 3
72 8
20 3
72 5
20 3
72 5
20 3
72 5
20 3
72 8
20 3
72 8
21 3
72 5
18 3
72 5
15 3
72 5
20 3
72 8
21 3
72 8
18 3
72 5
20 3
72 5
15 3
72 5
21 3
72 8
21 3
72 8
21 3
72 5
28 3
72 5
27 3
72 5
20 3
72 8
21 3
72 8
18 3
72 5
20 3
72 5
15 3
72 5
20 3
72 8
20 3
72 8
21 3
72 5
28 3
72 5
27 3
72 5
15 14
15 2
72 2
20 2
72 2
10 2
72 2
13 2
72 2
15 2
72 2
19 2
72 2
20 2
72 2
25 2
72 2
27 2
72 2
31 2
72 13
3 13
15 7
18 7
19 7
20 3
72 8
21 3
72 8
18 3
72 5
20 3
72 5
15 3
72 5
20 3
72 8
20 3
72 8
21 3
72 5
18 3
72 5
15 3
72 5
20 3
72 8
21 3
72 8
18 3
72 5
20 3
72 5
15 3
72 5
21 3
72 8
21 3
72 8
21 3
72 5
28 3
72 5
27 3
72 5
20 3
72 8
21 3
72 8
18 3
72 5
20 3
72 5
15 3
72 5
20 3
72 8
20 3
72 8
21 3
72 5
28 3
72 5
27 3
72 5
20 3
72 8
21 3
72 8
18 3
72 5
20 3
72 5
15 3
72 5
21 3
72 8
21 3
72 8
21 3
72 5
28 3
72 5
27 3
72 5
20 3
72 8
21 3
72 8
18 3
72 5
20 3
72 5
15 3
72 5
20 3
72 8
20 3
72 8
21 3
72 5
28 3
72 5
27 3
72 5
25 3
72 12
25 3
72 1
25 3
72 5
25 3
72 11
25 3
72 1
28 3
72 12
28 3
72 1
28 3
72 5
28 3
72 11
28 3
72 1
31 3
72 12
31 3
72 1
31 3
72 5
31 3
72 11
31 3
72 1
20 3
72 8
20 3
72 8
20 3
72 5
20 3
72 5
20 3
72 5
20 3
72 8
20 3
72 8
21 3
72 5
18 3
72 5
15 3
E
S
L
72 14
20 3
72 8
21 3
72 8
18 3
72 5
20 3
72 5
15 3
72 5
20 3
72 8
20 3
72 8
21 3
72 5
18 3
72 5
15 3
72 5
20 3
72 8
21 3
72 8
18 3
72 5
20 3
72 5
15 3
72 5
21 3
72 8
21 3
72 8
21 3
72 5
28 3
72 5
27 3
72 5
20 3
72 8
21 3
72 8
18 3
72 5
20 3
72 5
15 3
72 5
20 3
72 8
20 3
72 8
21 3
72 5
28 3
72 5
27 3
72 5
15 14
15 2
72 2
20 2
72 14
15 13
27 7
30 7
31 7
20 3
72 8
21 3
72 8
18 3
72 5
20 3
72 5
15 3
72 5
20 3
72 8
20 3
72 8
21 3
72 5
18 3
72 5
15 3
72 5
20 3
72 8
21 3
72 8
18 3
72 5
20 3
72 5
15 3
72 5
21 3
72 8
21 3
72 8
21 3
72 5
28 3
72 5
27 3
72 5
20 3
72 8
21 3
72 8
18 3
72 5
20 3
72 5
15 3
72 5
20 3
72 8
20 3
72 8
21 3
72 5
28 3
72 5
27 3
72 5
20 3
72 8
21 3
72 8
18 3
72 5
20 3
72 5
15 3
72 5
21 3
72 8
21 3
72 8
21 3
72 5
28 3
72 5
27 3
72 5
20 3
72 8
21 3
72 8
18 3
72 5
20 3
72 5
15 3
72 5
20 3
72 8
20 3
72 8
21 3
72 5
28 3
72 5
27 3
72 5
25 14
28 14
31 14
20 3
72 8
20 3
72 8
20 3
72 5
20 3
72 5
20 3
72 5
20 3
72 8
20 3
72 8
21 3
72 5
18 3
72 5
15 3
72 5
20 3
72 8
21 3
72 8
18 3
72 5
20 3
72 5
15 3
72 5
21 3
72 8
21 3
72 8
21 3
72 5
28 3
72 5
27 3
72 5
20 3
72 8
21 3
72 8
18 3
72 5
20 3
72 5
15 3
72 5
20 3
72 8
20 3
72 8
21 3
72 5
28 3
72 5
27 3
72 5
15 14
15 2
72 2
20 2
72 14
15 13
27 7
30 7
31 7
20 3
72 8
21 3
72 8
18 3
72 5
20 3
72 5
15 3
72 5
20 3
72 8
20 3
72 8
21 3
72 5
18 3
72 5
15 3
72 5
20 3
72 8
21 3
72 8
18 3
72 5
20 3
72 5
15 3
72 5
21 3
72 8
21 3
72 8
21 3
72 5
28 3
72 5
27 3
72 5
20 3
72 8
21 3
72 8
18 3
72 5
20 3
72 5
15 3
72 5
20 3
72 8
20 3
72 8
21 3
72 5
28 3
72 5
27 3
72 5
20 3
72 8
21 3
72 8
18 3
72 5
20 3
72 5
15 3
72 5
21 3
72 8
21 3
72 8
21 3
72 5
28 3
72 5
27 3
72 5
20 3
72 8
21 3
72 8
18 3
72 5
20 3
72 5
15 3
72 5
20 3
72 8
20 3
72 8
21 3
72 5
28 3
72 5
27 3
72 5
25 14
28 14
31 14
20 3
72 8
20 3
72 8
20 3
72 5
20 3
72 5
20 3
72 5
20 3
72 8
20 3
72 8
21 3
72 5
18 3
72 5
15 3
E
S
H
72 14
145 14
72 14
157 11
145 11
121 11
72 14
145 14
72 14
32 13
72 14
145 14
72 14
157 11
145 11
121 11
72 14
145 14
72 14
32 13
72 14
145 14
E
S
H
72 14
44 2
44 2
44 3
72 1
47 2
46 2
44 3
72 1
51 2
46 2
44 3
72 1
52 2
51 2
121 2
51 2
54 2
52 2
145 2
52 2
56 2
54 2
157 2
51 2
49 2
47 2
44 2
46 2
47 2
49 2
47 2
72 2
51 11
72 14
49 2
47 2
46 2
44 2
46 2
44 2
42 2
40 2
39 2
40 2
39 2
37 2
39 2
37 2
35 2
34 2
32 2
72 14
44 2
44 2
44 3
72 1
47 2
46 2
44 3
72 1
51 2
46 2
44 3
72 1
52 2
51 2
121 2
51 2
54 2
52 2
145 2
52 2
56 2
54 2
157 2
51 2
49 2
47 2
44 2
46 2
47 2
49 2
47 2
72 2
51 11
72 14
44 2
44 2
44 3
72 1
47 2
46 2
44 3
72 1
51 2
46 2
44 3
72 1
52 2
51 2
121 2
51 2
54 2
52 2
145 2
52 2
56 2
54 2
157 2
51 2
49 2
47 2
44 2
46 2
47 2
49 2
47 2
72 2
51 11
72 14
44 2
44 2
44 3
72 1
47 2
46 2
44 3
72 1
51 2
46 2
44 3
72 1
52 2
51 2
121 2
51 2
54 2
52 2
145 2
52 2
56 2
54 2
157 2
51 2
49 2
47 2
44 2
46 2
47 2
49 2
47 2
72 2
51 11
72 14
49 2
47 2
46 2
44 2
46 2
44 2
42 2
40 2
39 2
40 2
39 2
37 2
39 2
37 2
35 2
34 2
32 2
72 14
44 2
44 2
44 3
72 1
47 2
46 2
44 3
72 1
51 2
46 2
44 3
72 1
52 2
51 2
121 2
51 2
54 2
52 2
145 2
52 2
56 2
54 2
157 2
51 2
49 2
47 2
44 2
46 2
47 2
49 2
47 2
72 2
51 11
72 14
44 2
44 2
44 3
72 1
47 2
46 2
44 3
72 1
51 2
46 2
44 3
72 1
52 2
51 2
121 2
51 2
54 2
52 2
145 2
52 2
56 2
54 2
157 2
51 2
49 2
47 2
44 2
46 2
47 2
49 2
47 2
72 2
51 11
E
S
H
72 14
44 2
44 2
44 3
72 1
47 2
46 2
44 3
72 1
51 2
46 2
44 3
72 1
52 2
51 2
121 2
51 2
54 2
52 2
145 2
52 2
56 2
54 2
157 2
51 2
49 2
47 2
44 2
46 2
47 2
49 2
47 2
72 2
51 13
72 14
44 2
44 2
44 3
72 1
47 2
46 2
44 3
72 1
51 2
46 2
44 3
72 1
52 2
51 2
121 2
51 2
54 2
52 2
145 2
52 2
56 2
54 2
157 2
51 2
49 2
47 2
44 2
46 2
47 2
49 2
47 2
72 2
51 13
72 14
44 2
44 2
44 3
72 1
47 2
46 2
44 3
72 1
51 2
46 2
44 3
72 1
52 2
51 2
121 2
51 2
54 2
52 2
145 2
52 2
56 2
54 2
157 2
51 2
49 2
47 2
44 2
46 2
47 2
49 2
47 2
72 2
51 13
72 14
44 2
44 2
44 3
72 1
47 2
46 2
44 3
72 1
51 2
46 2
44 3
72 1
52 2
51 2
121 2
51 2
54 2
52 2
145 2
52 2
56 2
54 2
157 2
51 2
49 2
47 2
44 2
46 2
47 2
49 2
47 2
72 2
51 13
72 14
44 2
44 2
44 3
72 1
47 2
46 2
44 3
72 1
51 2
46 2
44 3
72 1
52 2
51 2
121 2
51 2
54 2
52 2
145 2
52 2
56 2
54 2
157 2
51 2
49 2
47 2
44 2
46 2
47 2
49 2
47 2
72 2
51 13
72 14
44 2
44 2
44 3
72 1
47 2
46 2
44 3
72 1
51 2
46 2
44 3
72 1
52 2
51 2
121 2
51 2
54 2
52 2
145 2
52 2
56 2
54 2
157 2
51 2
49 2
47 2
44 2
46 2
47 2
49 2
47 2
72 2
51 13
E
S
L
72 14
18 6
72 2
18 3
72 1
18 3
72 1
18 2
18 5
72 0
18 3
72 1
18 3
72 1
18 6
72 2
18 3
72 1
18 3
72 1
18 6
72 2
18 3
72 1
18 3
72 1
18 2
18 5
72 0
18 3
72 1
18 3
72 1
18 6
72 2
18 3
72 1
18 3
72 1
18 6
72 2
18 3
72 1
18 3
72 1
18 2
18 5
72 0
18 3
72 1
18 3
72 1
18 6
72 2
18 3
72 1
18 3
72 1
18 6
72 2
18 3
72 1
18 3
72 1
18 2
18 5
72 0
18 3
72 1
18 3
72 1
18 6
72 2
18 3
72 1
18 3
72 1
18 6
72 2
18 3
72 1
18 3
72 1
18 2
18 5
72 0
18 3
72 1
18 3
72 1
18 6
72 2
18 3
72 1
18 3
72 1
18 6
72 2
18 3
72 1
18 3
72 1
18 2
18 5
72 0
18 3
72 1
18 3
72 1
18 6
72 2
18 3
72 1
18 3
72 14
18 6
72 2
18 3
72 1
18 3
72 1
18 2
18 5
72 0
18 3
72 1
18 3
72 1
18 6
72 2
18 3
72 1
18 3
72 1
18 6
72 2
18 3
72 1
18 3
72 1
18 2
18 5
72 0
18 3
72 1
18 3
72 1
18 6
72 2
18 3
72 1
18 3
72 1
18 6
72 2
18 3
72 1
18 3
72 1
18 2
18 5
72 0
18 3
72 1
18 3
72 1
18 6
72 2
18 3
72 1
18 3
72 1
18 6
72 2
18 3
72 1
18 3
72 1
18 2
18 5
72 0
18 3
72 1
18 3
72 1
18 6
72 2
18 3
72 1
18 3
72 1
18 6
72 2
18 3
72 1
18 3
72 1
18 2
18 5
72 0
18 3
72 1
18 3
72 1
18 6
72 2
18 3
72 1
18 3
72 1
18 6
72 2
18 3
72 1
18 3
72 1
18 2
18 5
72 0
18 3
72 1
18 3
72 1
18 6
72 2
18 3
72 1
18 3
72 1
18 6
72 2
18 3
72 1
18 3
72 1
18 2
18 5
72 0
18 3
72 1
18 3
72 1
18 6
72 2
18 3
72 1
18 3
72 1
18 6
72 2
18 3
72 1
18 3
72 1
18 2
18 5
72 0
18 3
72 1
18 3
72 1
18 6
72 2
18 3
72 1
18 3
72 1
18 6
72 2
18 3
72 1
18 3
72 1
18 2
18 5
72 0
18 3
72 1
18 3
72 1
18 6
72 2
18 3
72 1
18 3
72 1
18 6
72 2
18 3
72 1
18 3
72 1
18 2
18 5
72 0
18 3
72 1
18 3
72 1
18 6
72 2
18 3
72 1
18 3
72 14
18 6
72 2
18 3
72 1
18 3
72 1
18 2
18 5
72 0
18 3
72 1
18 3
72 1
18 6
72 2
18 3
72 1
18 3
72 1
18 6
72 2
18 3
72 1
18 3
72 1
18 2
18 5
72 0
18 3
72 1
18 3
72 1
18 6
72 2
18 3
72 1
18 3
72 1
18 6
72 2
18 3
72 1
18 3
72 1
18 2
18 5
72 0
18 3
72 1
18 3
72 1
18 6
72 2
18 3
72 1
18 3
72 1
18 6
72 2
18 3
72 1
18 3
72 1
18 2
18 5
72 0
18 3
72 1
18 3
72 1
18 6
72 2
18 3
72 1
18 3
72 1
18 6
72 2
18 3
72 1
18 3
72 1
18 2
18 5
72 0
18 3
72 1
18 3
72 1
18 6
72 2
18 3
72 1
18 3
72 1
18 6
72 2
18 3
72 1
18 3
72 1
18 2
18 5
72 0
18 3
72 1
18 3
72 1
18 6
72 2
18 3
72 1
18 3
72 14
18 6
72 2
18 3
72 1
18 3
72 1
18 2
18 5
72 0
18 3
72 1
18 3
72 1
18 6
72 2
18 3
72 1
18 3
72 1
18 6
72 2
18 3
72 1
18 3
72 1
18 2
18 5
72 0
18 3
72 1
18 3
72 1
18 6
72 2
18 3
72 1
18 3
72 1
18 6
72 2
18 3
72 1
18 3
72 1
18 2
18 5
72 0
18 3
72 1
18 3
72 1
18 6
72 2
18 3
72 1
18 3
72 1
18 6
72 2
18 3
72 1
18 3
72 1
18 2
18 5
72 0
18 3
72 1
18 3
72 1
18 6
72 2
18 3
72 1
18 3
72 1
18 6
72 2
18 3
72 1
18 3
72 1
18 2
18 5
72 0
18 3
72 1
18 3
72 1
18 6
72 2
18 3
72 1
18 3
72 1
18 6
72 2
18 3
72 1
18 3
72 1
18 2
18 5
72 0
18 3
72 1
18 3
72 1
18 6
72 2
18 3
72 1
18 3
72 1
18 6
72 2
18 3
72 1
18 3
72 1
18 2
18 5
72 0
18 3
72 1
18 3
72 1
18 6
72 2
18 3
72 1
18 3
72 1
18 6
72 2
18 3
72 1
18 3
72 1
18 2
18 5
72 0
18 3
72 1
18 3
72 1
18 6
72 2
18 3
72 1
18 3
72 1
18 6
72 2
18 3
72 1
18 3
72 1
18 2
18 5
72 0
18 3
72 1
18 3
72 1
18 6
72 2
18 3
72 1
18 3
72 1
18 6
72 2
18 3
72 1
18 3
72 1
18 2
18 5
72 0
18 3
72 1
18 3
72 1
18 6
72 2
18 3
72 1
18 3
72 14
18 6
72 2
18 3
72 1
18 3
72 1
18 2
18 5
72 0
18 3
72 1
18 3
72 1
18 6
72 2
18 3
72 1
18 3
72 1
18 6
72 2
18 3
72 1
18 3
72 1
18 2
18 5
72 0
18 3
72 1
18 3
72 1
18 6
72 2
18 3
72 1
18 3
E
S
L
72 14
51 0
49 0
72 2
47 0
72 0
46 0
72 1
44 0
72 1
42 0
72 0
40 0
39 0
72 2
37 0
35 0
72 2
34 0
72 0
32 0
72 1
30 0
72 1
28 0
72 0
27 0
25 0
72 14
51 0
49 0
72 2
47 0
72 0
46 0
72 1
44 0
72 1
42 0
72 0
40 0
39 0
72 2
37 0
35 0
72 2
34 0
72 0
32 0
72 1
30 0
72 1
28 0
72 0
27 0
25 0
E
S
H
72 14
63 2
64 2
63 2
61 2
63 2
61 2
59 2
58 2
59 2
58 2
56 2
54 2
56 2
54 2
52 2
51 2
49 2
47 2
46 2
44 2
46 2
44 2
42 2
40 2
39 2
40 2
39 2
37 2
51 2
54 2
56 2
63 2
64 2
66 2
68 3
72 14
66 13
72 14
63 2
64 2
63 2
61 2
63 2
61 2
59 2
58 2
59 2
58 2
56 2
54 2
56 2
54 2
52 2
51 2
49 2
47 2
46 2
44 2
46 2
44 2
42 2
40 2
39 2
40 2
39 2
37 2
51 2
54 2
56 2
63 2
64 2
66 2
68 3
72 14
66 13
E
S
L
72 14
241 2
72 6
241 2
72 2
228 2
72 2
241 2
72 6
241 2
72 6
241 2
72 2
123 2
72 2
241 2
72 6
241 2
72 6
241 2
72 2
228 2
72 2
241 2
72 6
241 2
72 6
241 2
72 2
123 2
72 2
241 2
72 6
241 2
72 6
241 2
72 2
228 2
72 2
241 2
72 6
241 2
72 6
241 2
72 2
123 2
72 2
241 2
72 6
150 2
72 6
150 2
72 2
148 2
72 2
150 2
72 6
150 2
72 6
150 2
72 2
176 2
72 2
150 2
72 6
241 2
72 6
241 2
72 2
228 2
72 2
241 2
72 6
241 2
72 6
241 2
72 2
123 2
72 2
241 2
72 6
241 2
72 6
241 2
72 2
228 2
72 2
241 2
72 6
241 2
72 6
241 2
72 2
123 2
72 2
241 2
72 14
241 2
72 6
241 2
72 2
228 2
72 2
241 2
72 6
241 2
72 6
241 2
72 2
123 2
72 2
241 2
72 6
241 2
72 6
241 2
72 2
228 2
72 2
241 2
72 6
241 2
72 6
241 2
72 2
123 2
72 2
241 2
72 6
241 2
72 6
241 2
72 2
228 2
72 2
241 2
72 6
241 2
72 6
241 2
72 2
123 2
72 2
241 2
72 6
150 2
72 6
150 2
72 2
137 2
72 2
150 2
72 6
150 2
72 6
150 2
72 2
176 2
72 2
150 2
72 6
241 2
72 6
241 2
72 2
228 2
72 2
241 2
72 6
241 2
72 6
241 2
72 2
123 2
72 2
241 2
72 6
241 2
72 6
241 2
72 2
228 2
72 2
241 2
72 6
241 2
72 6
241 2
72 2
123 2
72 2
241 2
72 6
241 2
72 6
241 2
72 2
228 2
72 2
241 2
72 6
241 2
72 6
241 2
72 2
123 2
72 2
241 2
72 6
150 2
72 6
150 2
72 2
137 2
72 2
150 2
72 6
150 2
72 6
150 2
72 2
176 2
72 2
150 2
72 6
241 2
72 6
241 2
72 2
228 2
72 2
241 2
72 6
241 2
72 6
241 2
72 2
123 2
72 2
241 2
72 6
241 2
72 6
241 2
72 2
228 2
72 2
241 2
72 6
241 2
72 6
241 2
72 2
123 2
72 2
241 2
72 14
241 2
72 6
241 2
72 2
228 2
72 2
241 2
72 6
241 2
72 6
241 2
72 2
123 2
72 2
241 2
72 6
150 2
72 6
150 2
72 2
148 2
72 2
150 2
72 6
150 2
72 6
150 2
72 2
176 2
72 2
150 2
72 6
241 2
72 6
241 2
72 2
228 2
72 2
241 2
72 6
241 2
72 6
241 2
72 2
123 2
72 2
241 2
72 6
241 2
72 6
241 2
72 2
228 2
72 2
241 2
72 6
241 2
72 6
241 2
72 2
123 2
72 2
241 2
72 14
241 2
72 6
241 2
72 2
228 2
72 2
241 2
72 6
241 2
72 6
241 2
72 2
123 2
72 2
241 2
72 6
241 2
72 6
241 2
72 2
228 2
72 2
241 2
72 6
241 2
72 6
241 2
72 2
123 2
72 2
241 2
72 6
241 2
72 6
241 2
72 2
228 2
72 2
241 2
72 6
241 2
72 6
241 2
72 2
123 2
72 2
241 2
72 6
150 2
72 6
150 2
72 2
137 2
72 2
150 2
72 6
150 2
72 6
150 2
72 2
176 2
72 2
150 2
72 6
241 2
72 6
241 2
72 2
228 2
72 2
241 2
72 6
241 2
72 6
241 2
72 2
123 2
72 2
241 2
72 6
241 2
72 6
241 2
72 2
228 2
72 2
241 2
72 6
241 2
72 6
241 2
72 2
123 2
72 2
241 2
72 6
241 2
72 6
241 2
72 2
228 2
72 2
241 2
72 6
241 2
72 6
241 2
72 2
123 2
72 2
241 2
72 6
150 2
72 6
150 2
72 2
137 2
72 2
150 2
72 6
150 2
72 6
150 2
72 2
176 2
72 2
150 2
72 6
241 2
72 6
241 2
72 2
228 2
72 2
241 2
72 6
241 2
72 6
241 2
72 2
123 2
72 2
241 2
72 6
241 2
72 6
241 2
72 2
228 2
72 2
241 2
72 6
241 2
72 6
241 2
72 2
123 2
72 2
241 2
E
X
