major
S
H
60 4
67 4
60 4
64 4
60 4
64 4
67 9
64 7
60 4
65 9
64 7
60 4
69 9
71 9
60 4
67 4
60 4
64 4
60 4
64 4
67 9
67 7
60 4
69 9
71 9
60 9
62 9
67 14
72 14
27 9
32 7
24 4
27 9
32 7
36 4
38 9
35 9
38 9
35 9
36 9
39 7
32 4
36 9
37 4
39 4
44 4
42 9
30 4
34 4
37 4
41 4
37 4
34 4
29 4
32 4
37 14
44 9
35 7
44 4
46 4
42 4
46 4
47 4
44 4
47 4
39 7
41 4
43 7
41 4
39 12
37 13
44 9
35 7
44 4
46 4
42 4
46 4
47 4
44 4
47 4
39 7
41 4
43 7
41 4
39 12
46 12
48 9
46 9
44 12
37 12
44 9
46 7
44 4
43 12
41 9
39 9
37 9
39 9
72 2
40 2
41 2
72 0
40 2
72 0
41 2
40 2
41 2
72 0
40 2
72 0
41 2
40 2
41 2
72 0
40 2
72 0
41 2
40 2
41 2
72 0
40 2
41 3
72 1
44 2
41 2
72 0
44 2
72 0
41 2
44 2
41 2
72 0
44 2
72 0
41 2
44 2
41 2
72 0
44 2
72 0
41 2
44 2
41 2
72 0
44 2
41 2
72 2
40 12
72 13
40 2
41 2
72 0
40 2
72 0
41 2
40 2
41 2
72 0
40 2
72 0
41 2
40 2
41 2
72 0
40 2
72 0
41 2
40 2
41 2
72 0
40 2
41 3
72 1
44 2
41 2
72 0
44 2
72 0
41 2
44 2
41 2
72 0
44 2
72 0
41 2
44 2
41 2
72 0
44 2
72 0
41 2
44 2
41 2
72 0
44 2
41 2
72 2
40 12
72 13
34 9
37 0
38 0
72 2
40 2
41 2
41 7
38 7
40 12
72 6
72 11
56 2
61 0
72 4
56 0
72 2
61 0
56 0
72 2
61 0
56 0
72 0
61 0
72 1
56 0
72 1
61 0
72 0
56 0
61 0
72 2
72 14
69 2
64 2
72 2
61 2
72 2
64 2
72 2
61 2
69 2
64 2
72 2
61 2
72 2
64 2
72 2
61 2
52 2
54 2
55 2
56 2
57 2
59 2
60 2
61 2
52 2
54 0
55 0
72 0
52 0
72 1
57 0
72 1
58 0
72 0
59 0
72 2
60 0
64 2
72 6
44 4
49 2
50 2
50 2
52 4
59 0
72 2
52 2
59 2
52 0
59 0
72 0
52 0
72 1
57 0
72 1
50 0
72 0
57 0
72 2
50 0
57 0
72 2
50 0
57 0
72 0
50 0
72 8
45 4
54 4
52 4
49 2
45 0
49 0
72 0
45 0
72 1
47 0
72 1
43 0
72 0
47 0
72 2
43 0
47 0
72 2
43 0
47 0
72 0
43 0
72 5
44 4
49 2
50 2
50 2
52 4
59 0
72 2
52 2
59 2
52 0
59 0
72 0
52 0
72 1
57 0
72 1
50 0
72 0
57 0
72 2
50 0
57 0
72 2
50 0
57 0
72 0
50 0
72 8
45 4
54 4
52 4
49 2
45 0
49 0
72 0
45 0
72 1
47 0
72 1
43 0
72 0
47 0
72 2
43 0
47 0
72 2
43 0
47 0
72 0
43 0
72 5
54 2
54 4
52 2
54 4
56 4
57 7
61 7
57 11
52 11
57 3
57 2
72 0
57 2
72 0
57 4
57 4
57 2
57 2
72 9
43 4
43 4
43 4
47 7
38 4
43 12
43 4
43 4
43 4
47 7
38 4
43 12
48 9
47 9
45 9
43 9
43 4
43 4
43 4
47 7
38 4
43 12
43 4
43 4
43 4
47 7
38 4
43 12
43 4
43 4
43 4
47 7
38 4
43 12
45 9
43 9
42 9
40 9
43 9
42 9
40 9
42 9
52 9
57 7
57 4
57 12
37 9
38 9
37 9
72 9
72 14
27 9
32 7
24 4
27 9
32 7
36 4
38 9
35 9
38 9
35 9
36 9
39 7
32 4
36 9
37 4
39 4
44 4
42 9
30 4
34 4
37 4
41 4
37 4
34 4
29 4
32 4
37 14
44 9
35 7
44 4
46 4
42 4
46 4
47 4
44 4
47 4
39 7
41 4
43 7
41 4
39 12
37 13
44 9
35 7
44 4
46 4
42 4
46 4
47 4
44 4
47 4
39 7
41 4
43 7
41 4
39 12
46 12
48 9
46 9
44 12
37 12
44 9
46 7
44 4
43 12
41 9
39 9
37 9
39 9
72 2
40 2
41 2
72 0
40 2
72 0
41 2
40 2
41 2
72 0
40 2
72 0
41 2
40 2
41 2
72 0
40 2
72 0
41 2
40 2
41 2
72 0
40 2
41 3
72 1
44 2
41 2
72 0
44 2
72 0
41 2
44 2
41 2
72 0
44 2
72 0
41 2
44 2
41 2
72 0
44 2
72 0
41 2
44 2
41 2
72 0
44 2
41 2
72 2
40 12
72 13
40 2
41 2
72 0
40 2
72 0
41 2
40 2
41 2
72 0
40 2
72 0
41 2
40 2
41 2
72 0
40 2
72 0
41 2
40 2
41 2
72 0
40 2
41 3
72 1
44 2
41 2
72 0
44 2
72 0
41 2
44 2
41 2
72 0
44 2
72 0
41 2
44 2
41 2
72 0
44 2
72 0
41 2
44 2
41 2
72 0
44 2
41 2
72 2
40 12
72 13
34 9
37 0
38 0
72 2
40 2
41 2
41 7
38 7
40 12
72 6
72 11
56 2
61 0
72 4
56 0
72 2
61 0
56 0
72 2
61 0
56 0
72 0
61 0
72 1
56 0
72 1
61 0
72 0
56 0
61 0
72 2
72 14
69 2
64 2
72 2
61 2
72 2
64 2
72 2
61 2
69 2
64 2
72 2
61 2
72 2
64 2
72 2
61 2
52 2
54 2
55 2
56 2
57 2
59 2
60 2
61 2
52 2
54 0
55 0
72 0
52 0
72 1
57 0
72 1
58 0
72 0
59 0
72 2
60 0
64 2
72 6
44 4
49 2
50 2
50 2
52 4
59 0
72 2
52 2
59 2
52 0
59 0
72 0
52 0
72 1
57 0
72 1
50 0
72 0
57 0
72 2
50 0
57 0
72 2
50 0
57 0
72 0
50 0
72 8
45 4
54 4
52 4
49 2
45 0
49 0
72 0
45 0
72 1
47 0
72 1
43 0
72 0
47 0
72 2
43 0
47 0
72 2
43 0
47 0
72 0
43 0
72 5
44 4
49 2
50 2
50 2
52 4
59 0
72 2
52 2
59 2
52 0
59 0
72 0
52 0
72 1
57 0
72 1
50 0
72 0
57 0
72 2
50 0
57 0
72 2
50 0
57 0
72 0
50 0
72 8
45 4
54 4
52 4
49 2
45 0
49 0
72 0
45 0
72 1
47 0
72 1
43 0
72 0
47 0
72 2
43 0
47 0
72 2
43 0
47 0
72 0
43 0
72 5
54 2
54 4
52 2
54 4
56 4
57 7
61 7
57 11
52 11
57 3
57 2
72 0
57 2
72 0
57 4
57 4
57 2
57 2
72 9
43 4
43 4
43 4
47 7
38 4
43 12
43 4
43 4
43 4
47 7
38 4
43 12
48 9
47 9
45 9
43 9
43 4
43 4
43 4
47 7
38 4
43 12
43 4
43 4
43 4
47 7
38 4
43 12
43 4
43 4
43 4
47 7
38 4
43 12
45 9
43 9
42 9
40 9
43 9
42 9
40 9
42 9
52 9
57 7
57 4
57 12
37 9
38 9
37 9
72 14
27 9
32 7
24 4
27 9
32 7
36 4
38 9
E
S
H
72 14
64 4
60 4
64 4
67 4
64 4
67 4
60 9
67 7
64 4
65 4
60 4
65 4
67 4
65 4
67 4
68 4
65 4
68 7
65 4
68 4
65 9
64 9
62 9
64 9
65 9
64 9
62 9
64 9
65 9
64 9
62 9
64 9
65 9
64 9
62 9
64 9
60 4
55 4
60 4
64 4
60 4
64 4
67 9
64 7
60 4
65 9
64 7
62 4
60 9
62 9
55 4
50 4
55 4
59 4
55 4
59 4
62 9
59 7
55 4
57 9
59 9
62 9
64 9
48 4
52 4
55 4
48 4
55 4
52 4
51 4
55 4
58 4
48 4
58 4
55 4
53 4
57 4
48 4
57 4
53 4
50 4
49 4
53 4
55 4
56 4
55 4
53 4
52 13
72 13
72 14
40 2
41 2
40 2
41 2
40 2
41 2
40 2
41 2
40 2
41 2
40 2
41 2
40 2
41 2
40 2
41 2
44 2
41 2
44 2
41 2
44 2
41 2
44 2
41 2
44 2
41 2
44 2
41 2
44 2
41 2
44 2
41 2
40 12
72 13
40 2
41 2
40 2
41 2
40 2
41 2
40 2
41 2
40 2
41 2
40 2
41 2
40 2
41 2
40 2
41 2
44 2
41 2
44 2
41 2
44 2
41 2
44 2
41 2
44 2
41 2
44 2
41 2
44 2
41 2
44 2
41 2
40 12
72 13
34 9
37 0
72 1
38 0
72 0
40 0
72 2
41 2
41 7
38 7
40 12
72 7
54 4
58 3
72 1
49 0
51 4
47 11
57 9
56 2
55 2
54 11
55 11
58 7
57 6
55 2
57 11
33 9
30 4
31 11
34 7
33 6
31 2
57 9
56 2
55 2
54 11
55 11
58 7
57 6
55 2
57 11
45 11
39 5
43 5
45 5
46 5
50 5
51 5
54 9
50 4
45 9
42 4
43 2
39 2
43 2
46 2
51 2
46 2
51 2
55 2
58 2
55 2
58 2
63 2
67 4
63 4
62 11
50 7
45 7
33 4
34 2
38 2
39 2
43 2
45 2
46 2
50 2
51 2
55 2
57 2
58 7
54 9
50 4
45 9
42 4
43 2
39 2
43 2
46 2
51 2
46 2
51 2
55 2
58 2
55 2
58 2
63 2
67 4
63 4
62 11
50 7
45 7
33 4
34 2
38 2
39 2
43 2
45 2
46 2
50 2
51 2
55 2
57 2
58 7
54 4
54 2
55 2
57 4
54 4
54 2
55 2
57 4
54 4
57 4
55 4
55 2
57 2
58 4
55 4
58 2
57 2
58 4
63 4
58 4
54 4
54 2
55 2
57 4
54 4
54 2
55 2
57 4
54 4
57 4
55 4
55 2
57 2
58 4
55 4
58 2
57 2
58 4
63 4
58 4
61 2
59 2
72 2
52 2
72 2
59 2
72 2
52 2
61 2
59 2
72 2
52 2
72 2
59 2
72 2
57 2
44 2
45 2
46 2
47 2
49 2
50 2
51 2
52 2
56 2
57 0
58 0
72 0
59 0
72 1
60 0
72 1
61 0
72 0
62 0
72 2
63 0
64 2
72 6
28 7
40 11
42 7
44 7
45 11
38 11
40 11
42 7
44 7
45 11
38 11
43 11
57 2
52 2
49 2
45 2
40 2
42 2
40 2
42 2
40 2
42 2
40 2
42 2
45 2
47 2
45 2
47 2
45 2
47 2
45 2
47 2
54 3
54 2
72 0
54 2
72 0
54 4
54 4
54 2
54 2
72 9
38 9
43 7
35 4
38 9
35 4
36 4
38 4
38 13
35 4
36 4
38 4
31 12
36 12
35 12
36 9
38 9
28 13
40 4
31 4
40 4
38 13
38 4
31 4
38 4
36 13
31 4
36 4
40 4
38 9
36 9
38 9
41 9
51 9
56 7
56 4
56 12
33 4
30 4
33 4
34 4
33 4
32 4
33 9
72 9
72 14
40 2
41 2
40 2
41 2
40 2
41 2
40 2
41 2
40 2
41 2
40 2
41 2
40 2
41 2
40 2
41 2
44 2
41 2
44 2
41 2
44 2
41 2
44 2
41 2
44 2
41 2
44 2
41 2
44 2
41 2
44 2
41 2
40 12
72 13
40 2
41 2
40 2
41 2
40 2
41 2
40 2
41 2
40 2
41 2
40 2
41 2
40 2
41 2
40 2
41 2
44 2
41 2
44 2
41 2
44 2
41 2
44 2
41 2
44 2
41 2
44 2
41 2
44 2
41 2
44 2
41 2
40 12
72 13
34 9
37 0
72 1
38 0
72 0
40 0
72 2
41 2
41 7
38 7
40 12
72 7
54 4
58 3
72 1
49 0
51 4
47 11
57 9
56 2
55 2
54 11
55 11
58 7
57 6
55 2
57 11
33 9
30 4
31 11
34 7
33 6
31 2
57 9
56 2
55 2
54 11
55 11
58 7
57 6
55 2
57 11
45 11
39 5
43 5
45 5
46 5
50 5
51 5
54 9
50 4
45 9
42 4
43 2
39 2
43 2
46 2
51 2
46 2
51 2
55 2
58 2
55 2
58 2
63 2
67 4
63 4
62 11
50 7
45 7
33 4
34 2
38 2
39 2
43 2
45 2
46 2
50 2
51 2
55 2
57 2
58 7
54 9
50 4
45 9
42 4
43 2
39 2
43 2
46 2
51 2
46 2
51 2
55 2
58 2
55 2
58 2
63 2
67 4
63 4
62 11
50 7
45 7
33 4
34 2
38 2
39 2
43 2
45 2
46 2
50 2
51 2
55 2
57 2
58 7
54 4
54 2
55 2
57 4
54 4
54 2
55 2
57 4
54 4
57 4
55 4
55 2
57 2
58 4
55 4
58 2
57 2
58 4
63 4
58 4
54 4
54 2
55 2
57 4
54 4
54 2
55 2
57 4
54 4
57 4
55 4
55 2
57 2
58 4
55 4
58 2
57 2
58 4
63 4
58 4
61 2
59 2
72 2
52 2
72 2
59 2
72 2
52 2
61 2
59 2
72 2
52 2
72 2
59 2
72 2
57 2
44 2
45 2
46 2
47 2
49 2
50 2
51 2
52 2
56 2
57 0
58 0
72 0
59 0
72 1
60 0
72 1
61 0
72 0
62 0
72 2
63 0
64 2
72 6
28 7
40 11
42 7
44 7
45 11
38 11
40 11
42 7
44 7
45 11
38 11
43 11
57 2
52 2
49 2
45 2
40 2
42 2
40 2
42 2
40 2
42 2
40 2
42 2
45 2
47 2
45 2
47 2
45 2
47 2
45 2
47 2
54 3
54 2
72 0
54 2
72 0
54 4
54 4
54 2
54 2
72 9
38 9
43 7
35 4
38 9
35 4
36 4
38 4
38 13
35 4
36 4
38 4
31 12
36 12
35 12
36 9
38 9
28 13
40 4
31 4
40 4
38 13
38 4
31 4
38 4
36 13
31 4
36 4
40 4
38 9
36 9
38 9
41 9
51 9
56 7
56 4
56 12
33 4
30 4
33 4
34 4
33 4
32 4
33 9
E
S
L
13 11
13 4
13 11
13 4
13 11
13 4
13 11
13 4
13 11
13 4
13 11
13 4
13 11
13 4
13 11
13 4
13 11
13 4
13 11
13 4
13 11
13 4
13 11
13 4
13 11
13 4
13 11
13 4
13 11
13 4
13 11
13 4
13 4
13 4
13 4
13 9
13 4
13 4
13 4
13 9
13 4
13 4
13 4
13 9
13 4
13 4
13 4
13 9
13 4
13 4
13 4
13 9
13 4
13 4
13 4
13 9
13 4
13 4
13 4
13 9
13 4
13 4
13 4
13 9
13 4
13 4
13 4
13 9
13 4
13 4
13 4
13 9
13 4
13 4
13 4
13 9
13 4
13 4
13 4
13 9
13 4
13 4
13 4
13 9
13 4
13 4
13 4
13 9
13 4
13 4
13 4
13 9
13 4
13 4
13 4
13 9
13 9
13 9
13 9
13 4
13 4
13 4
13 9
13 9
13 9
13 4
13 4
13 4
13 9
13 9
13 9
13 4
13 4
13 4
13 9
13 9
13 9
13 4
13 4
13 4
13 9
13 9
13 9
13 4
13 4
13 4
13 9
13 9
13 9
13 4
13 4
13 4
13 9
13 9
13 9
13 4
13 4
13 4
13 9
13 9
13 9
13 4
13 4
13 4
13 9
13 9
13 9
13 4
13 4
13 4
13 9
13 9
13 9
13 4
13 4
13 4
13 7
13 4
4 9
13 7
13 4
4 9
13 7
13 4
4 9
13 7
13 4
4 9
13 7
13 4
4 9
13 7
13 4
4 9
13 7
13 4
4 9
13 7
13 4
4 9
13 7
13 7
13 4
13 4
13 7
13 7
13 7
13 4
13 4
13 7
13 7
13 7
13 4
13 4
13 7
13 7
13 7
13 4
13 4
13 7
13 7
13 7
13 4
13 4
13 7
13 7
13 7
13 4
13 4
13 7
13 7
13 7
13 4
13 4
13 7
13 7
13 7
13 4
13 4
13 7
13 7
13 7
13 4
13 4
13 7
13 7
13 7
13 4
13 4
13 7
13 4
13 4
13 4
13 4
13 4
72 9
13 7
13 4
13 4
13 4
13 4
13 7
13 7
13 4
13 4
13 4
13 4
13 7
13 7
13 4
13 4
13 4
13 4
13 7
13 7
13 4
13 4
13 4
13 4
13 7
13 7
13 4
13 4
13 4
13 4
13 7
13 7
13 4
13 4
13 4
13 4
13 7
13 7
13 4
13 4
13 4
13 4
13 7
13 7
13 4
13 4
13 4
13 4
13 7
13 4
13 2
13 2
13 4
13 2
13 2
13 4
13 2
13 2
13 4
13 2
13 2
13 4
13 2
13 2
13 4
13 2
13 2
13 4
13 2
13 2
13 4
13 2
13 2
13 4
13 2
13 2
13 4
13 2
13 2
13 4
13 2
13 2
13 4
13 2
13 2
13 4
13 2
13 2
13 4
13 2
13 2
13 4
13 2
13 2
13 4
13 2
13 2
13 4
13 2
13 2
13 4
13 2
13 2
13 4
13 2
13 2
13 4
13 2
13 2
13 4
13 2
13 2
13 4
13 2
13 2
13 4
13 2
13 2
13 4
13 2
13 2
13 4
13 2
13 2
13 4
13 2
13 2
13 4
13 2
13 2
13 4
13 2
13 2
13 4
13 2
13 2
13 4
13 2
13 2
13 4
13 2
13 2
13 4
13 2
13 2
13 4
13 4
13 4
13 4
13 4
13 4
13 4
13 4
13 4
13 4
13 4
13 4
13 4
13 4
13 4
13 4
13 4
13 4
13 4
13 4
13 4
13 4
13 4
13 4
13 4
13 4
13 4
13 4
13 4
13 4
13 4
13 4
13 6
13 2
13 5
72 0
13 2
13 6
13 2
13 6
13 2
13 6
13 2
13 6
13 2
13 6
13 2
13 6
13 2
13 6
13 2
13 6
13 2
13 6
13 2
13 5
72 0
13 2
13 6
13 2
13 6
13 2
13 6
13 2
13 6
13 2
13 6
13 2
13 6
13 2
13 6
13 2
13 6
13 2
13 6
13 2
13 6
13 2
13 6
13 2
13 6
13 2
13 6
13 2
13 6
13 2
13 6
13 2
13 6
13 2
13 6
13 2
13 6
13 2
13 6
13 2
13 6
13 2
13 6
13 2
13 6
13 2
13 6
13 2
13 6
72 2
13 9
13 9
13 4
13 4
13 4
13 9
13 9
13 9
13 4
13 4
13 4
13 9
13 9
13 9
13 4
13 4
13 4
13 9
13 9
13 9
13 4
13 4
13 4
13 9
13 9
13 9
13 4
13 4
13 4
13 9
13 9
13 9
13 4
13 4
13 4
13 9
13 9
13 9
13 4
13 4
13 4
13 9
13 9
13 9
13 4
13 4
13 4
13 9
72 14
13 9
13 9
13 9
13 4
13 4
13 4
13 9
13 9
13 9
13 4
13 4
13 4
13 9
13 9
13 9
13 4
13 4
13 4
13 9
13 9
13 9
13 4
13 4
13 4
13 9
13 9
13 9
13 4
13 4
13 4
13 9
13 9
13 9
13 4
13 4
13 4
13 9
13 9
13 9
13 4
13 4
13 4
13 9
13 9
13 9
13 4
13 4
13 4
13 9
13 9
13 9
13 4
13 4
13 4
13 9
13 9
13 9
13 4
13 4
13 4
13 9
13 9
13 9
13 4
13 4
13 4
13 9
13 9
13 9
13 4
13 4
13 4
13 7
13 4
4 9
13 7
13 4
4 9
13 7
13 4
4 9
13 7
13 4
4 9
13 7
13 4
4 9
13 7
13 4
4 9
13 7
13 4
4 9
13 7
13 4
4 9
13 7
13 7
13 4
13 4
13 7
13 7
13 7
13 4
13 4
13 7
13 7
13 7
13 4
13 4
13 7
13 7
13 7
13 4
13 4
13 7
13 7
13 7
13 4
13 4
13 7
13 7
13 7
13 4
13 4
13 7
13 7
13 7
13 4
13 4
13 7
13 7
13 7
13 4
13 4
13 7
13 7
13 7
13 4
13 4
13 7
13 7
13 7
13 4
13 4
13 7
13 4
13 4
13 4
13 4
13 4
72 9
13 7
13 4
13 4
13 4
13 4
13 7
13 7
13 4
13 4
13 4
13 4
13 7
13 7
13 4
13 4
13 4
13 4
13 7
13 7
13 4
13 4
13 4
13 4
13 7
13 7
13 4
13 4
13 4
13 4
13 7
13 7
13 4
13 4
13 4
13 4
13 7
13 7
13 4
13 4
13 4
13 4
13 7
13 7
13 4
13 4
13 4
13 4
13 7
13 4
13 2
13 2
13 4
13 2
13 2
13 4
13 2
13 2
13 4
13 2
13 2
13 4
13 2
13 2
13 4
13 2
13 2
13 4
13 2
13 2
13 4
13 2
13 2
13 4
13 2
13 2
13 4
13 2
13 2
13 4
13 2
13 2
13 4
13 2
13 2
13 4
13 2
13 2
13 4
13 2
13 2
13 4
13 2
13 2
13 4
13 2
13 2
13 4
13 2
13 2
13 4
13 2
13 2
13 4
13 2
13 2
13 4
13 2
13 2
13 4
13 2
13 2
13 4
13 2
13 2
13 4
13 2
13 2
13 4
13 2
13 2
13 4
13 2
13 2
13 4
13 2
13 2
13 4
13 2
13 2
13 4
13 2
13 2
13 4
13 2
13 2
13 4
13 2
13 2
13 4
13 2
13 2
13 4
13 2
13 2
13 4
13 4
13 4
13 4
13 4
13 4
13 4
13 4
13 4
13 4
13 4
13 4
13 4
13 4
13 4
13 4
13 4
13 4
13 4
13 4
13 4
13 4
13 4
13 4
13 4
13 4
13 4
13 4
13 4
13 4
13 4
13 4
13 6
13 2
13 6
13 2
13 6
13 2
13 6
13 2
13 6
13 2
13 6
13 2
13 6
13 2
13 6
13 2
13 6
13 2
13 6
13 2
13 6
13 2
13 6
13 2
13 6
13 2
13 6
13 2
13 6
13 2
13 6
13 2
13 6
13 2
13 6
13 2
13 6
13 2
13 6
13 2
13 6
13 2
13 6
13 2
13 6
13 2
13 6
13 2
13 6
13 2
13 6
13 2
13 6
13 2
13 6
13 2
13 6
13 2
13 6
13 2
13 6
13 2
13 6
13 2
13 6
13 2
13 5
72 0
13 2
13 6
13 2
13 6
72 2
13 9
13 9
13 4
13 4
13 4
13 9
13 9
13 9
13 4
13 4
13 4
13 9
13 9
13 9
13 4
13 4
13 4
13 9
13 9
13 9
13 4
13 4
13 4
13 9
13 9
13 9
13 4
13 4
13 4
13 9
13 9
13 9
13 4
13 4
13 4
13 9
13 9
13 9
13 4
13 4
13 4
13 9
13 9
13 9
13 4
13 4
13 4
13 9
72 14
13 9
13 9
13 9
13 4
13 4
13 4
13 9
13 9
13 9
13 4
13 4
13 4
13 9
13 9
13 9
13 4
13 4
13 4
E
S
L
72 14
60 13
58 13
57 13
56 13
24 13
43 11
43 4
41 9
44 9
24 13
41 9
43 9
44 12
48 14
12 13
32 9
36 7
27 4
32 9
36 7
39 4
43 12
41 12
39 9
44 7
36 4
39 9
32 4
44 4
36 4
46 12
49 12
44 7
44 4
46 9
48 9
49 9
51 13
47 4
51 4
48 13
44 7
44 4
46 9
48 9
49 9
51 13
47 4
51 4
48 13
44 4
48 4
49 4
51 13
49 7
48 4
49 12
44 9
46 9
48 9
49 7
48 4
46 9
44 9
44 9
43 9
41 9
43 9
21 2
72 2
28 2
72 2
21 2
72 2
28 2
72 2
21 2
72 2
28 2
72 2
21 2
72 2
28 2
72 2
21 2
72 2
28 2
72 2
21 2
72 2
28 2
72 2
21 2
72 2
28 2
72 2
21 2
72 2
28 2
72 2
21 2
72 2
28 2
72 2
21 2
72 2
28 2
72 2
21 2
72 2
28 2
72 2
21 2
72 2
28 2
72 2
21 2
72 2
28 2
72 2
21 2
72 2
28 2
72 2
21 2
72 2
28 2
72 2
21 2
72 2
28 2
72 2
21 2
72 2
28 2
72 2
21 2
72 2
28 2
72 2
21 2
72 2
28 2
72 2
21 2
72 2
28 2
72 2
21 2
72 2
28 2
72 2
21 2
72 2
28 2
72 2
21 2
72 2
28 2
72 2
21 2
72 2
28 2
72 2
21 2
72 2
28 2
72 2
21 2
72 2
28 2
72 2
21 2
72 2
28 2
72 2
21 2
72 2
28 2
72 2
21 2
72 2
28 2
72 2
21 2
72 2
28 2
72 2
21 2
72 2
28 2
72 2
21 2
72 2
28 2
72 2
21 2
72 2
28 2
72 2
21 2
72 2
28 2
72 2
21 2
72 2
28 2
72 2
21 2
72 2
28 2
72 2
21 2
72 2
28 2
72 2
21 2
72 2
28 2
72 2
21 2
72 2
28 2
72 2
21 2
72 2
28 2
72 2
49 4
54 3
72 1
46 0
42 4
39 11
72 1
26 4
33 4
26 4
33 4
26 4
33 4
26 4
33 4
27 4
34 4
27 4
34 4
27 4
34 4
27 4
34 4
26 4
33 4
26 4
33 4
26 4
33 4
26 4
33 4
27 4
34 4
27 4
34 4
27 4
34 4
27 4
34 4
26 4
33 4
26 4
33 4
26 4
33 4
26 4
33 4
27 4
34 4
27 4
34 4
27 4
34 4
27 4
34 4
26 4
33 4
26 4
33 4
26 4
33 4
26 4
33 4
27 4
34 4
27 4
34 4
27 4
34 4
27 4
34 4
14 6
21 2
26 4
21 4
14 2
14 4
21 2
26 4
21 4
15 6
22 2
27 4
22 4
15 2
15 4
21 2
26 4
21 4
14 6
21 2
26 4
21 4
14 2
14 4
21 2
26 4
21 4
15 6
22 2
27 4
22 4
15 2
15 4
21 2
26 4
21 4
14 6
21 2
26 4
21 4
14 2
14 4
21 2
26 4
21 4
15 6
22 2
27 4
22 4
15 2
15 4
21 2
26 4
21 4
14 6
21 2
26 4
21 4
14 2
14 4
21 2
26 4
21 4
15 6
22 2
27 4
22 4
15 2
15 4
21 2
26 4
21 4
14 6
21 2
26 4
21 4
14 2
14 4
21 2
26 4
21 4
15 6
22 2
27 4
22 4
15 2
15 4
21 2
26 4
21 4
14 6
21 2
26 4
21 4
14 2
14 4
21 2
26 4
21 4
15 6
22 2
27 4
22 4
15 2
15 4
21 2
26 4
21 4
21 7
72 7
19 7
72 13
16 4
21 4
49 4
13 4
45 4
11 4
50 4
18 4
50 4
14 4
50 4
13 4
52 4
19 4
47 4
16 4
44 4
21 4
49 4
13 4
45 4
11 4
50 4
16 4
50 4
13 4
52 4
19 4
47 4
16 4
44 4
14 4
72 2
14 2
14 2
13 2
14 4
16 4
18 7
72 2
19 2
19 2
19 2
19 3
14 6
26 2
26 2
14 4
26 2
26 2
13 4
25 2
25 2
13 4
25 3
25 3
16 3
16 4
16 4
16 2
16 2
72 9
19 9
19 9
17 9
17 9
19 9
17 9
16 9
16 9
19 9
17 9
16 9
16 9
16 9
16 9
14 9
14 9
14 9
14 9
12 9
12 9
12 9
11 9
11 9
11 9
9 9
11 9
12 9
13 9
14 9
14 4
14 4
14 4
14 4
14 4
14 4
72 9
33 7
45 2
45 2
45 6
45 6
33 7
45 2
45 2
45 6
45 6
16 9
22 9
21 9
9 9
72 14
32 9
36 7
27 4
32 9
36 7
39 4
43 12
41 12
39 9
44 7
36 4
39 9
32 4
44 4
36 4
46 12
49 12
44 7
44 4
46 9
48 9
49 9
51 13
47 4
51 4
48 13
44 7
44 4
46 9
48 9
49 9
51 13
47 4
51 4
48 13
44 4
48 4
49 4
51 13
49 7
48 4
49 12
44 9
46 9
48 9
49 7
48 4
46 9
44 9
44 9
43 9
41 9
43 9
21 2
72 2
28 2
72 2
21 2
72 2
28 2
72 2
21 2
72 2
28 2
72 2
21 2
72 2
28 2
72 2
21 2
72 2
28 2
72 2
21 2
72 2
28 2
72 2
21 2
72 2
28 2
72 2
21 2
72 2
28 2
72 2
21 2
72 2
28 2
72 2
21 2
72 2
28 2
72 2
21 2
72 2
28 2
72 2
21 2
72 2
28 2
72 2
21 2
72 2
28 2
72 2
21 2
72 2
28 2
72 2
21 2
72 2
28 2
72 2
21 2
72 2
28 2
72 2
21 2
72 2
28 2
72 2
21 2
72 2
28 2
72 2
21 2
72 2
28 2
72 2
21 2
72 2
28 2
72 2
21 2
72 2
28 2
72 2
21 2
72 2
28 2
72 2
21 2
72 2
28 2
72 2
21 2
72 2
28 2
72 2
21 2
72 2
28 2
72 2
21 2
72 2
28 2
72 2
21 2
72 2
28 2
72 2
21 2
72 2
28 2
72 2
21 2
72 2
28 2
72 2
21 2
72 2
28 2
72 2
21 2
72 2
28 2
72 2
21 2
72 2
28 2
72 2
21 2
72 2
28 2
72 2
21 2
72 2
28 2
72 2
21 2
72 2
28 2
72 2
21 2
72 2
28 2
72 2
21 2
72 2
28 2
72 2
21 2
72 2
28 2
72 2
21 2
72 2
28 2
72 2
21 2
72 2
28 2
72 2
49 4
54 3
72 1
46 0
42 4
39 11
72 1
26 4
33 4
26 4
33 4
26 4
33 4
26 4
33 4
27 4
34 4
27 4
34 4
27 4
34 4
27 4
34 4
26 4
33 4
26 4
33 4
26 4
33 4
26 4
33 4
27 4
34 4
27 4
34 4
27 4
34 4
27 4
34 4
26 4
33 4
26 4
33 4
26 4
33 4
26 4
33 4
27 4
34 4
27 4
34 4
27 4
34 4
27 4
34 4
26 4
33 4
26 4
33 4
26 4
33 4
26 4
33 4
27 4
34 4
27 4
34 4
27 4
34 4
27 4
34 4
14 6
21 2
26 4
21 4
14 2
14 4
21 2
26 4
21 4
15 6
22 2
27 4
22 4
15 2
15 4
21 2
26 4
21 4
14 6
21 2
26 4
21 4
14 2
14 4
21 2
26 4
21 4
15 6
22 2
27 4
22 4
15 2
15 4
21 2
26 4
21 4
14 6
21 2
26 4
21 4
14 2
14 4
21 2
26 4
21 4
15 6
22 2
27 4
22 4
15 2
15 4
21 2
26 4
21 4
14 6
21 2
26 4
21 4
14 2
14 4
21 2
26 4
21 4
15 6
22 2
27 4
22 4
15 2
15 4
21 2
26 4
21 4
14 6
21 2
26 4
21 4
14 2
14 4
21 2
26 4
21 4
15 6
22 2
27 4
22 4
15 2
15 4
21 2
26 4
21 4
14 6
21 2
26 4
21 4
14 2
14 4
21 2
26 4
21 4
15 6
22 2
27 4
22 4
15 2
15 4
21 2
26 4
21 4
21 7
72 7
19 7
72 13
16 4
21 4
49 4
13 4
45 4
11 4
50 4
18 4
50 4
14 4
50 4
13 4
52 4
19 4
47 4
16 4
44 4
21 4
49 4
13 4
45 4
11 4
50 4
16 4
50 4
13 4
52 4
19 4
47 4
16 4
44 4
14 4
72 2
14 2
14 2
13 2
14 4
16 4
18 7
72 2
19 2
19 2
19 2
19 3
14 6
26 2
26 2
14 4
26 2
26 2
13 4
25 2
25 2
13 4
25 3
25 3
16 3
16 4
16 4
16 2
16 2
72 9
19 9
19 9
17 9
17 9
19 9
17 9
16 9
16 9
19 9
17 9
16 9
16 9
16 9
16 9
14 9
14 9
14 9
14 9
12 9
12 9
12 9
11 9
11 9
11 9
9 9
11 9
12 9
13 9
14 9
14 4
14 4
14 4
14 4
14 4
14 4
72 9
33 7
45 2
45 2
45 6
45 6
33 7
45 2
45 2
45 6
45 6
16 9
22 9
21 9
9 9
72 14
32 9
36 7
27 4
32 9
36 7
39 4
43 12
E
S
L
72 14
12 13
17 9
17 7
16 4
14 9
19 9
12 13
29 7
29 4
17 9
32 4
29 4
24 4
20 9
12 11
12 4
15 11
15 4
14 11
14 4
12 11
12 4
12 11
12 4
12 11
12 4
12 11
12 4
12 11
12 4
20 4
20 4
20 4
20 9
20 4
20 4
20 4
20 9
20 4
20 4
20 4
20 9
20 4
20 4
20 4
20 9
20 4
20 4
20 4
20 9
20 4
20 4
20 4
20 9
20 4
20 4
20 4
20 9
20 4
20 4
20 4
20 9
32 7
32 4
31 9
30 9
29 9
16 4
16 4
16 4
16 9
16 4
16 4
16 4
16 9
20 4
20 4
20 4
20 9
20 4
20 4
20 4
20 9
32 7
32 4
31 9
30 9
29 9
16 4
16 4
16 4
16 9
16 4
16 4
16 4
16 9
20 4
20 4
20 4
20 9
20 4
20 4
20 4
20 9
18 9
18 7
18 4
18 9
18 7
18 4
17 9
17 7
17 4
17 9
17 7
17 4
15 9
15 7
15 4
15 9
15 7
15 4
13 9
13 7
13 4
13 9
13 7
13 4
72 14
18 4
16 4
11 4
20 11
72 14
42 9
40 4
38 7
72 13
42 9
38 4
34 11
31 11
31 7
30 6
28 2
30 11
29 11
31 5
34 5
36 5
38 5
41 5
43 5
45 9
42 4
38 9
39 4
36 4
43 9
46 7
55 7
42 7
45 13
45 7
42 9
33 4
38 9
39 4
36 4
43 9
46 7
55 7
42 7
45 13
45 7
38 4
38 2
40 2
42 4
38 4
38 2
40 2
42 4
38 4
42 4
39 4
39 2
41 2
43 4
39 4
43 2
41 2
43 4
46 4
43 4
38 4
38 2
40 2
42 4
38 4
38 2
40 2
42 4
38 4
42 4
39 4
39 2
41 2
43 4
39 4
43 2
41 2
43 4
46 4
43 4
72 14
21 4
21 4
21 4
21 9
21 4
21 4
21 4
21 9
21 4
21 4
21 4
21 9
21 4
21 4
21 4
21 9
20 4
20 4
20 4
20 9
20 4
20 4
20 4
20 9
20 4
20 4
20 4
20 9
20 4
20 4
20 4
20 9
20 4
20 4
20 4
20 9
20 4
20 4
20 4
20 9
20 4
20 4
20 4
20 9
20 4
20 4
20 4
20 9
32 7
32 4
31 9
30 9
29 9
16 4
16 4
16 4
16 9
16 4
16 4
16 4
16 9
20 4
20 4
20 4
20 9
20 4
20 4
20 4
20 9
32 7
32 4
31 9
30 9
29 9
16 4
16 4
16 4
16 9
16 4
16 4
16 4
16 9
20 4
20 4
20 4
20 9
20 4
20 4
20 4
20 9
18 9
18 7
18 4
18 9
18 7
18 4
17 9
17 7
17 4
17 9
17 7
17 4
15 9
15 7
15 4
15 9
15 7
15 4
13 9
13 7
13 4
13 9
13 7
13 4
72 14
18 4
16 4
11 4
20 11
72 14
42 9
40 4
38 7
72 13
42 9
38 4
34 11
31 11
31 7
30 6
28 2
30 11
29 11
31 5
34 5
36 5
38 5
41 5
43 5
45 9
42 4
38 9
39 4
36 4
43 9
46 7
55 7
42 7
45 13
45 7
42 9
33 4
38 9
39 4
36 4
43 9
46 7
55 7
42 7
45 13
45 7
38 4
38 2
40 2
42 4
38 4
38 2
40 2
42 4
38 4
42 4
39 4
39 2
41 2
43 4
39 4
43 2
41 2
43 4
46 4
43 4
38 4
38 2
40 2
42 4
38 4
38 2
40 2
42 4
38 4
42 4
39 4
39 2
41 2
43 4
39 4
43 2
41 2
43 4
46 4
43 4
72 14
21 4
21 4
21 4
21 9
21 4
21 4
21 4
21 9
21 4
21 4
21 4
21 9
21 4
21 4
21 4
21 9
20 4
20 4
20 4
20 9
20 4
20 4
20 4
20 9
E
X
