major
S
H
72 13
45 3
72 1
45 3
72 5
45 4
50 4
49 4
72 4
47 4
45 4
E
S
H
72 13
69 3
72 1
69 4
72 4
69 4
62 4
61 4
72 4
71 4
69 4
E
S
H
72 14
47 4
72 4
49 4
72 4
50 4
72 4
52 4
72 4
45 7
72 7
50 7
72 7
55 4
72 4
54 4
72 4
52 4
49 4
72 7
50 4
E
S
H
72 14
59 4
72 4
61 4
72 4
62 4
72 4
64 4
72 4
57 7
72 7
62 7
72 7
67 4
72 4
66 4
72 4
64 4
61 4
72 7
62 4
E
S
H
72 14
240 4
72 9
240 4
72 9
215 4
72 9
239 4
72 9
240 4
72 7
122 4
72 7
134 4
72 9
134 8
E
S
H
72 13
45 2
72 2
45 2
72 6
45 2
72 2
50 2
72 2
49 2
72 6
47 2
72 2
45 2
72 13
47 4
72 4
49 4
72 4
50 4
72 4
52 4
72 4
45 7
72 7
50 7
72 7
55 4
72 4
54 4
72 4
52 4
49 4
72 7
50 4
E
S
H
72 14
59 4
72 4
61 4
72 4
62 4
72 4
64 4
72 4
57 8
72 6
62 8
72 6
67 4
72 4
66 4
72 4
64 4
61 4
72 7
62 4
E
S
H
72 14
244 4
72 4
114 4
72 4
127 4
72 4
153 4
72 4
218 9
72 4
127 10
72 3
192 4
72 4
179 4
72 4
153 4
114 7
72 4
127 5
72 8
60 8
E
S
H
72 14
47 4
72 4
49 4
72 4
50 4
72 4
52 4
72 4
45 9
72 4
50 10
72 3
55 4
72 4
54 4
72 4
52 4
49 7
72 4
50 4
72 9
50 9
E
S
H
72 14
59 4
72 4
61 4
72 4
62 4
72 4
64 4
72 4
57 7
72 7
62 7
72 7
67 4
72 4
66 4
72 4
64 4
61 4
72 7
62 4
E
S
H
72 13
69 2
72 2
69 2
72 6
69 2
72 2
62 2
72 2
61 2
72 6
71 2
72 2
69 2
72 13
59 4
72 4
61 4
72 4
62 4
72 4
64 4
72 4
57 7
72 7
62 7
72 7
67 4
72 4
66 4
72 4
64 4
61 4
72 7
62 4
E
X
