minor
S
L
72 7
21 13
72 11
21 13
72 11
21 13
72 11
21 13
72 11
26 13
72 11
24 13
72 11
21 13
72 11
21 14
28 14
28 4
31 4
33 13
38 11
37 7
40 14
72 14
38 4
37 4
31 14
28 4
31 4
33 13
40 11
38 7
37 7
31 11
33 13
72 14
21 13
72 11
21 13
72 11
21 13
72 11
21 13
72 11
26 13
72 11
24 13
72 11
21 13
72 11
21 14
28 14
28 4
31 4
33 13
38 11
37 7
40 14
72 14
38 4
37 4
31 14
28 4
31 4
33 13
40 11
38 7
37 7
31 11
33 13
E
S
H
72 11
28 7
31 7
38 7
40 7
38 7
31 12
28 7
31 7
38 7
40 7
38 7
31 12
28 7
31 7
38 7
40 7
38 7
31 12
28 7
31 7
38 7
40 7
38 7
31 12
28 7
31 7
38 7
40 7
38 7
31 12
28 7
31 7
38 7
40 7
38 7
31 12
28 7
31 7
38 7
40 7
38 7
31 12
28 7
31 7
38 7
40 7
38 7
31 7
9 7
21 7
28 7
31 7
38 7
40 7
38 7
31 7
9 7
21 7
28 7
31 7
38 7
40 7
38 7
31 7
9 7
21 7
28 7
31 7
38 7
40 7
38 7
31 7
9 7
21 7
28 7
31 7
38 7
40 7
38 7
31 7
49 7
26 7
28 7
31 7
38 7
40 7
38 7
31 7
61 7
24 7
28 7
31 7
38 7
40 7
38 7
31 7
9 7
21 7
28 7
31 7
38 7
40 7
38 7
31 7
9 7
21 7
28 7
31 7
38 7
40 7
38 7
31 7
72 11
28 7
31 7
38 7
40 7
38 7
31 12
28 7
31 7
38 7
40 7
38 7
31 12
28 7
31 7
38 7
40 7
38 7
31 12
28 7
31 7
38 7
40 7
38 7
31 12
28 7
31 7
38 7
40 7
38 7
31 12
28 7
31 7
38 7
40 7
38 7
31 12
28 7
31 7
38 7
40 7
38 7
31 12
28 7
31 7
38 7
40 7
38 7
31 7
9 7
21 7
28 7
31 7
38 7
40 7
38 7
31 7
9 7
21 7
28 7
31 7
38 7
40 7
38 7
31 7
9 7
21 7
28 7
31 7
38 7
40 7
38 7
31 7
9 7
21 7
28 7
31 7
38 7
40 7
38 7
31 7
49 7
26 7
28 7
31 7
38 7
40 7
38 7
31 7
61 7
24 7
28 7
31 7
38 7
40 7
38 7
31 7
9 7
21 7
28 7
31 7
38 7
40 7
38 7
31 7
9 7
21 7
28 7
31 7
38 7
40 7
38 7
31 7
E
S
L
72 7
9 13
72 11
9 13
72 11
9 13
72 11
9 13
72 11
14 13
72 11
12 13
72 11
9 13
72 11
9 14
16 14
16 4
19 4
21 13
26 11
25 7
28 14
72 14
26 4
25 4
19 14
16 4
19 4
21 13
28 11
26 7
25 7
19 11
21 13
72 14
9 13
72 11
9 13
72 11
9 13
72 11
9 13
72 11
14 13
72 11
12 13
72 11
9 13
72 11
9 14
16 14
16 4
19 4
21 13
26 11
25 7
28 14
72 14
26 4
25 4
19 14
16 4
19 4
21 13
28 11
26 7
25 7
19 11
21 13
E
S
L
72 11
16 7
19 7
26 7
28 7
26 7
19 12
16 7
19 7
26 7
28 7
26 7
19 12
16 7
19 7
26 7
28 7
26 7
19 12
16 7
19 7
26 7
28 7
26 7
19 12
16 7
19 7
26 7
28 7
26 7
19 12
16 7
19 7
26 7
28 7
26 7
19 12
16 7
19 7
26 7
28 7
26 7
19 12
16 7
19 7
26 7
28 7
26 7
19 7
9 7
9 7
16 7
19 7
26 7
28 7
26 7
19 7
9 7
9 7
16 7
19 7
26 7
28 7
26 7
19 7
9 7
9 7
16 7
19 7
26 7
28 7
26 7
19 7
9 7
9 7
16 7
19 7
26 7
28 7
26 7
19 7
2 7
14 7
16 7
19 7
26 7
28 7
26 7
19 7
0 7
12 7
16 7
19 7
26 7
28 7
26 7
19 7
9 7
9 7
16 7
19 7
26 7
28 7
26 7
19 7
9 7
9 7
16 7
19 7
26 7
28 7
26 7
19 7
72 11
16 7
19 7
26 7
28 7
26 7
19 12
16 7
19 7
26 7
28 7
26 7
19 12
16 7
19 7
26 7
28 7
26 7
19 12
16 7
19 7
26 7
28 7
26 7
19 12
16 7
19 7
26 7
28 7
26 7
19 12
16 7
19 7
26 7
28 7
26 7
19 12
16 7
19 7
26 7
28 7
26 7
19 12
16 7
19 7
26 7
28 7
26 7
19 7
9 7
9 7
16 7
19 7
26 7
28 7
26 7
19 7
9 7
9 7
16 7
19 7
26 7
28 7
26 7
19 7
9 7
9 7
16 7
19 7
26 7
28 7
26 7
19 7
9 7
9 7
16 7
19 7
26 7
28 7
26 7
19 7
2 7
14 7
16 7
19 7
26 7
28 7
26 7
19 7
0 7
12 7
16 7
19 7
26 7
28 7
26 7
19 7
9 7
9 7
16 7
19 7
26 7
28 7
26 7
19 7
9 7
9 7
16 7
19 7
26 7
28 7
26 7
19 7
E
S
L
172 2
72 10
14 2
72 10
172 2
72 10
14 2
72 10
172 2
72 10
14 2
72 10
172 2
72 10
14 2
72 10
172 2
72 10
14 2
72 10
172 2
72 10
14 2
72 10
172 2
72 10
14 2
72 10
172 2
72 10
14 2
72 10
172 2
72 10
14 2
72 10
172 2
72 10
14 2
72 10
172 2
72 10
14 2
72 10
172 2
72 10
14 2
72 10
172 2
72 10
14 2
72 10
172 2
72 10
14 2
72 10
172 2
72 10
14 2
72 10
172 2
72 10
14 2
72 10
172 2
72 10
14 2
72 10
172 2
72 10
14 2
72 10
172 2
72 10
14 2
72 10
172 2
72 10
14 2
72 10
172 2
72 10
14 2
72 10
172 2
72 10
14 2
72 10
172 2
72 10
14 2
72 10
172 2
72 10
14 2
72 10
172 2
72 10
14 2
72 10
172 2
72 10
14 2
72 10
172 2
72 10
14 2
72 10
172 2
72 10
14 2
72 10
172 2
72 10
14 2
72 10
172 2
72 10
14 2
72 10
172 2
72 10
14 2
72 10
172 2
72 10
14 11
172 2
72 10
14 2
72 10
172 2
72 10
14 2
72 10
172 2
72 10
14 2
72 10
172 2
72 10
14 2
72 10
172 2
72 10
14 2
72 10
172 2
72 10
14 2
72 10
172 2
72 10
14 2
72 10
172 2
72 10
14 2
72 10
172 2
72 10
14 2
72 10
172 2
72 10
14 2
72 10
172 2
72 10
14 2
72 10
172 2
72 10
14 2
72 10
172 2
72 10
14 2
72 10
172 2
72 10
14 2
72 10
172 2
72 10
14 2
72 10
172 2
72 10
14 2
72 10
172 2
72 10
14 2
72 10
172 2
72 10
14 2
72 10
172 2
72 10
14 2
72 10
172 2
72 10
14 2
72 10
172 2
72 10
14 2
72 10
172 2
72 10
14 2
72 10
172 2
72 10
14 2
72 10
172 2
72 10
14 2
72 10
172 2
72 10
14 2
72 10
172 2
72 10
14 2
72 10
172 2
72 10
14 2
72 10
172 2
72 10
14 2
72 10
172 2
72 10
14 2
72 10
172 2
72 10
14 2
72 10
172 2
72 10
14 2
72 10
172 2
72 10
14 11
E
X
