minor
S
H
31 11
34 7
37 7
36 2
36 2
72 4
36 2
36 2
72 4
36 2
36 2
72 4
36 2
36 2
37 4
36 2
36 2
72 4
36 2
36 2
72 4
36 2
36 2
72 4
36 2
36 2
39 4
36 2
36 2
72 4
36 2
36 2
72 4
36 2
36 2
72 4
36 2
36 2
37 4
34 2
34 2
72 4
34 2
34 2
72 4
34 2
34 2
72 4
34 2
34 2
35 4
36 2
36 2
72 4
36 2
36 2
72 4
36 2
36 2
72 4
36 2
36 2
37 4
36 2
36 2
72 4
36 2
36 2
72 4
36 2
36 2
72 4
36 2
36 2
39 4
36 2
36 2
72 4
36 2
36 2
72 4
36 2
36 2
72 4
36 2
36 2
37 4
34 2
34 0
72 6
34 2
34 2
72 4
34 2
34 2
72 4
34 2
72 2
35 4
31 11
28 4
31 2
72 4
36 2
34 4
38 8
37 0
38 0
72 2
41 2
72 2
38 2
72 2
29 2
34 6
31 11
28 4
31 2
72 4
36 2
39 11
72 11
34 2
32 2
31 12
28 2
29 2
32 9
34 7
72 14
38 9
36 7
72 12
36 4
38 4
39 12
72 13
35 4
36 12
72 13
36 2
72 2
37 2
72 6
39 2
72 14
36 2
72 2
37 2
72 6
39 2
72 14
34 13
38 13
36 13
72 13
34 13
38 13
36 13
72 13
36 2
72 2
37 2
72 6
39 2
72 14
36 2
72 2
37 2
72 6
39 2
E
S
H
38 11
43 7
44 7
43 2
72 6
43 2
72 6
43 2
72 6
43 2
72 2
44 4
43 2
72 6
43 2
72 6
43 2
72 6
43 2
72 2
46 4
43 2
72 6
43 2
72 6
43 2
72 6
43 2
72 2
44 4
41 2
72 6
41 2
72 6
41 2
72 6
41 2
72 2
42 4
43 2
72 6
43 2
72 6
43 2
72 6
43 2
72 2
44 4
43 2
72 6
43 2
72 6
43 2
72 6
43 2
72 2
46 4
43 2
72 6
43 2
72 6
43 2
72 6
43 2
72 2
44 4
41 2
72 6
41 2
72 6
41 2
72 6
41 2
72 2
42 4
43 11
36 4
43 2
72 4
48 2
46 11
50 2
53 2
46 2
48 2
41 2
46 2
38 2
41 2
48 2
46 2
44 2
46 2
43 9
36 4
43 2
72 4
50 2
51 11
53 11
52 2
50 2
101 9
231 11
205 11
58 2
50 2
53 2
44 2
38 2
41 2
44 2
48 2
72 4
28 2
72 2
24 2
72 2
28 2
72 2
29 4
28 2
72 2
26 2
72 2
24 4
72 4
22 2
72 2
17 2
72 2
22 2
72 2
26 4
24 2
72 2
22 2
72 2
26 4
72 4
31 2
72 2
28 2
72 2
31 2
72 2
36 4
34 2
72 2
31 2
72 2
29 4
72 4
28 2
72 2
24 2
72 2
29 2
72 2
36 4
31 2
72 2
40 4
36 2
72 6
28 2
72 2
24 2
72 2
28 2
72 2
36 4
28 2
72 2
26 2
72 2
24 2
72 6
22 2
72 2
17 2
72 2
22 2
72 2
29 4
26 2
72 2
34 4
29 2
72 2
36 2
72 2
31 2
72 6
31 2
72 6
31 2
72 2
28 2
72 2
31 2
72 2
40 2
72 2
36 2
72 6
36 2
72 6
36 2
72 2
35 4
36 4
34 2
72 13
37 2
72 2
38 12
29 2
72 2
30 12
225 2
72 2
238 12
55 2
72 2
56 2
72 6
58 2
72 2
72 11
11 0
72 4
12 4
72 12
55 0
72 4
56 2
72 6
58 2
72 14
29 13
34 13
31 13
36 13
41 13
46 13
43 13
48 13
55 2
72 2
56 2
72 6
58 2
72 14
55 2
72 2
56 2
72 6
58 2
72 14
43 2
72 2
41 2
72 4
43 4
72 2
43 2
72 2
44 2
72 6
44 4
43 2
72 2
41 2
72 4
43 4
72 2
43 2
72 2
46 2
72 4
46 4
72 2
43 2
72 2
41 2
72 4
43 4
72 2
43 2
72 2
44 2
72 6
44 4
43 2
72 2
41 2
72 4
43 4
72 2
43 2
72 2
43 2
72 6
46 4
48 2
72 2
46 2
72 4
48 4
72 2
48 2
72 2
49 2
72 4
49 4
72 2
48 2
72 2
46 2
72 4
48 4
72 2
48 2
72 2
51 2
72 4
51 4
72 2
48 2
72 2
46 2
72 4
48 4
72 2
48 2
72 2
49 2
72 4
49 4
72 2
48 2
72 2
46 2
72 4
48 4
72 2
48 2
72 2
51 2
72 6
51 4
43 2
72 2
44 2
72 4
46 4
72 2
46 2
72 2
47 2
72 4
49 4
72 2
43 2
72 2
44 2
72 4
46 4
72 2
46 2
72 2
47 2
72 4
49 4
72 2
43 2
72 0
44 2
72 0
46 2
72 0
46 2
72 0
47 2
72 0
49 2
72 0
37 2
72 0
38 2
72 0
40 2
72 0
40 2
72 0
41 2
72 0
43 2
72 0
43 2
72 0
44 2
72 0
46 2
72 0
46 2
72 0
47 2
72 0
49 2
72 0
48 2
72 0
49 2
72 0
51 2
72 0
49 2
72 0
50 2
72 0
52 2
72 0
53 14
53 14
53 14
53 14
41 12
41 2
72 0
38 2
72 0
41 2
72 0
46 13
43 12
43 2
72 0
40 2
72 0
43 2
72 0
43 2
72 0
48 13
41 2
72 6
41 2
72 6
41 2
72 6
41 2
72 2
42 4
41 2
72 6
41 2
72 6
41 2
72 6
41 2
72 2
44 4
43 2
72 6
43 2
72 6
43 2
72 6
43 2
72 2
44 4
43 2
72 6
43 2
72 6
43 2
72 6
43 2
72 2
41 4
E
S
H
72 13
36 4
72 9
25 4
72 9
36 4
72 4
48 4
72 4
27 4
72 4
36 4
72 4
48 4
72 4
36 4
72 4
32 4
72 4
34 0
72 7
29 4
72 12
36 4
72 9
25 4
72 9
36 4
72 9
27 4
72 4
36 4
72 9
36 4
72 4
32 4
72 4
34 0
72 7
34 4
72 4
25 4
72 9
28 4
72 4
31 4
72 4
28 4
72 11
26 4
72 4
29 4
72 11
28 4
72 4
31 4
72 4
36 4
72 4
32 2
32 2
72 4
27 2
27 2
72 4
34 3
34 2
72 4
29 2
29 2
72 4
40 4
72 4
36 4
72 4
31 4
72 4
28 4
72 4
32 4
72 4
28 4
72 14
36 4
72 14
36 4
72 14
36 4
72 9
37 4
72 9
36 4
72 4
36 4
72 4
27 4
72 9
36 4
72 9
37 4
72 9
36 4
72 4
36 4
72 4
27 4
72 4
29 4
72 4
41 4
72 4
29 4
72 4
42 4
72 4
29 4
72 4
41 4
72 4
41 4
72 4
32 4
72 4
29 4
72 4
41 4
72 4
29 4
72 4
42 4
72 4
29 4
72 4
41 4
72 4
41 4
72 11
36 4
72 4
25 4
72 4
37 4
72 9
36 4
72 4
37 4
72 4
27 4
72 9
36 4
72 4
25 4
72 4
37 4
72 9
37 4
72 4
39 4
72 4
41 4
72 7
36 4
72 14
36 4
72 14
36 4
72 14
36 4
72 14
26 4
72 12
26 4
72 12
28 4
72 12
28 4
72 4
31 4
28 4
E
S
L
72 12
10 7
12 4
24 4
12 4
72 4
12 4
24 4
12 4
72 4
12 4
24 4
12 4
72 4
12 4
72 4
12 4
72 4
12 4
72 4
22 4
72 4
19 4
72 4
15 4
72 4
10 4
22 4
10 4
72 4
10 4
22 4
10 4
23 4
12 4
24 4
12 4
72 4
12 4
24 4
12 4
72 4
12 4
24 4
12 4
72 4
12 4
24 4
12 4
72 4
12 4
72 4
12 4
24 4
12 4
72 4
12 4
72 4
10 4
22 4
10 4
72 4
10 4
72 4
19 4
22 4
12 4
72 4
12 4
72 4
12 4
72 4
12 4
24 4
10 4
22 4
10 4
72 4
10 4
72 4
15 4
19 4
12 4
24 4
12 4
72 4
12 4
72 4
12 4
72 4
15 4
72 4
20 4
72 4
17 4
72 4
22 4
72 4
12 4
72 4
12 4
72 4
10 4
72 4
14 4
72 4
12 4
72 4
12 4
72 4
12 4
24 4
12 4
19 4
10 4
22 2
22 2
10 4
22 2
22 2
10 4
22 2
22 2
10 4
22 2
22 2
10 4
17 4
10 4
17 4
10 4
17 4
14 4
22 4
12 4
24 2
24 2
12 4
24 2
24 2
12 4
24 2
24 2
22 2
22 2
19 2
19 2
17 4
10 4
12 2
19 2
19 4
12 2
12 2
24 2
22 2
19 2
17 2
16 2
19 2
10 4
22 2
22 2
10 4
22 2
22 2
10 4
22 2
22 2
10 4
22 2
22 2
10 4
17 4
10 4
17 4
10 4
17 4
14 4
17 2
22 2
12 4
24 2
24 2
12 4
24 2
24 2
12 4
24 2
24 2
22 2
22 2
19 2
19 2
17 4
10 4
12 2
19 2
19 4
15 4
17 4
10 4
11 4
12 4
20 4
12 4
20 4
12 4
20 4
12 4
20 4
12 4
21 4
12 4
21 4
12 4
21 4
12 4
21 4
12 4
22 4
12 4
22 4
12 4
22 4
12 4
22 4
12 4
23 4
18 4
23 4
21 4
17 4
12 4
19 4
12 4
13 4
72 4
15 4
72 13
12 4
13 4
72 4
15 4
72 13
10 4
17 4
10 4
17 4
10 4
17 4
10 4
17 4
10 4
22 4
10 4
22 4
10 4
22 4
10 4
22 4
12 4
19 4
12 4
19 4
12 4
19 4
12 4
19 4
12 4
24 4
12 4
24 4
12 4
24 4
12 4
24 4
10 4
17 4
10 4
17 4
10 4
17 4
10 4
17 4
10 4
22 4
10 4
22 4
10 4
22 4
10 4
22 4
12 4
19 4
12 4
19 4
12 4
19 4
12 4
19 4
12 4
24 4
12 4
24 4
12 4
24 4
12 4
24 4
12 4
13 4
24 4
15 4
72 13
12 4
13 4
24 4
15 4
72 13
12 4
24 4
12 4
72 4
12 4
24 4
12 4
72 4
12 4
24 4
12 4
72 4
12 4
72 4
12 4
72 4
12 4
24 4
12 4
72 4
12 4
24 4
12 4
72 4
12 4
24 4
12 4
72 4
12 4
72 4
12 4
72 4
17 4
72 4
17 4
72 4
17 4
72 4
17 4
72 4
17 4
72 4
17 4
72 4
17 4
72 4
17 4
72 4
17 4
72 4
17 4
72 4
17 4
72 4
17 4
72 4
17 4
72 4
17 4
72 4
17 4
72 4
17 4
72 4
12 4
24 4
12 4
72 4
13 4
72 4
13 4
72 4
12 4
24 4
12 4
72 4
13 4
72 4
13 4
72 4
12 4
24 4
12 4
72 4
13 4
72 4
13 4
72 4
12 4
24 4
13 4
72 4
15 4
72 4
17 4
11 4
12 4
13 4
72 4
13 4
72 13
12 4
13 4
72 4
12 4
72 13
12 4
13 4
72 4
13 4
12 4
13 4
72 13
12 4
13 4
72 4
12 4
11 4
12 4
72 13
10 4
14 4
17 4
22 4
72 4
22 4
17 4
22 4
17 4
14 4
17 4
22 4
72 4
22 4
17 4
22 4
12 4
16 4
19 4
24 4
72 4
24 4
19 4
24 4
19 4
16 4
19 4
24 4
72 4
24 4
72 7
10 4
22 4
10 4
22 2
22 2
10 4
22 2
22 2
10 4
22 4
10 4
22 4
10 4
22 2
22 2
10 4
22 2
22 2
10 4
22 4
12 4
24 4
12 4
24 2
24 2
12 4
24 2
24 2
12 4
24 4
12 4
24 4
12 4
24 2
24 2
12 4
24 2
24 2
12 4
24 4
E
S
H
34 11
38 7
41 7
39 2
72 6
39 2
72 6
39 2
72 6
39 2
72 2
40 4
39 2
72 6
39 2
72 6
39 2
72 6
39 2
72 2
42 4
39 2
72 6
39 2
72 6
39 2
72 6
39 2
72 2
40 4
37 2
72 6
37 2
72 6
37 2
72 6
37 2
72 2
38 4
39 2
72 6
39 2
72 6
39 2
72 6
39 2
72 2
40 4
39 2
72 6
39 2
72 6
39 2
72 6
39 2
72 2
42 4
39 2
72 6
39 2
72 6
39 2
72 6
39 2
72 2
40 4
37 2
72 6
37 2
72 6
37 2
72 6
37 2
72 2
38 4
40 11
36 4
40 2
72 4
48 2
46 4
44 12
40 11
36 4
40 2
72 4
43 2
48 11
50 11
48 2
46 2
43 9
41 11
40 2
41 2
44 9
46 11
34 9
36 9
38 7
41 9
40 9
38 7
36 9
38 9
40 7
43 9
41 9
40 7
43 9
40 9
43 7
41 9
40 9
41 7
43 4
40 7
38 9
40 7
48 4
43 7
41 9
40 4
42 4
43 4
44 12
46 4
47 12
40 4
41 12
51 2
72 2
52 12
51 2
72 2
52 2
72 6
53 2
72 11
11 0
72 4
108 9
72 11
51 2
72 2
52 2
72 6
54 2
72 14
40 13
48 13
46 13
50 13
52 13
55 13
51 2
72 2
52 2
72 6
54 2
72 14
51 2
72 2
52 2
72 6
54 2
72 14
39 2
72 2
37 2
72 4
39 4
72 2
39 2
72 2
40 2
72 6
40 4
39 2
72 2
37 2
72 4
39 4
72 2
39 2
72 2
42 2
72 4
42 4
72 2
39 2
72 2
37 2
72 4
39 4
72 2
39 2
72 2
40 2
72 6
40 4
39 2
72 2
37 2
72 4
39 4
72 2
39 2
72 2
39 2
72 6
42 4
44 2
72 2
42 2
72 4
44 4
72 2
44 2
72 2
45 2
72 4
45 4
72 2
44 2
72 2
42 2
72 4
44 4
72 2
44 2
72 2
47 2
72 4
47 4
72 2
44 2
72 2
42 2
72 4
44 4
72 2
44 2
72 2
45 2
72 4
45 4
72 2
44 2
72 2
42 2
72 4
44 4
72 2
44 2
72 2
47 2
72 6
47 4
39 2
72 2
40 2
72 4
42 4
72 2
42 2
72 2
43 2
72 4
45 4
72 2
39 2
72 2
40 2
72 4
42 4
72 2
42 2
72 2
43 2
72 4
45 4
72 2
39 2
72 0
40 2
72 0
42 2
72 0
42 2
72 0
43 2
72 0
45 2
72 0
33 2
72 0
34 2
72 0
36 2
72 0
36 2
72 0
37 2
72 0
39 2
72 0
39 2
72 0
40 2
72 0
42 2
72 0
42 2
72 0
43 2
72 0
45 2
72 0
44 2
72 0
45 2
72 0
47 2
72 0
45 2
72 0
46 2
72 0
48 2
72 0
49 14
48 14
49 14
48 14
38 12
38 2
72 0
34 2
72 0
38 2
72 0
41 13
40 12
40 2
72 0
36 2
72 0
40 2
72 0
40 2
72 0
43 13
38 2
72 6
38 2
72 6
38 2
72 6
38 2
72 2
39 4
38 2
72 6
38 2
72 6
38 2
72 6
38 2
72 2
41 4
40 2
72 6
40 2
72 6
40 2
72 6
40 2
72 2
41 4
40 2
72 6
40 2
72 6
40 2
72 6
40 2
72 2
38 4
E
S
H
41 11
46 7
47 7
46 2
46 2
46 2
46 2
47 4
46 2
46 2
46 2
46 2
49 4
46 2
46 2
46 2
46 2
47 4
44 2
44 2
44 2
44 2
45 4
46 2
46 2
46 2
46 2
47 4
46 2
46 2
46 2
46 2
49 4
46 2
46 2
46 2
46 2
47 4
44 2
44 2
44 2
44 2
45 4
60 11
55 4
60 2
67 2
65 13
60 11
55 4
60 2
67 2
68 11
70 11
67 2
65 2
64 12
60 2
62 2
64 11
51 0
52 6
53 5
52 6
50 2
48 2
46 13
50 7
48 5
50 6
52 2
53 2
52 13
51 0
52 6
53 5
52 5
50 3
48 3
46 13
51 0
50 7
48 4
43 12
53 0
52 4
48 11
37 4
34 4
36 2
44 2
47 2
46 2
36 2
44 2
47 2
46 2
36 2
44 2
47 2
46 2
36 2
44 2
47 2
46 2
39 2
47 2
50 2
49 2
39 2
47 2
50 2
49 2
39 2
47 2
50 2
49 2
39 2
47 2
50 2
49 2
42 2
50 2
53 2
52 2
42 2
50 2
53 2
52 2
42 2
50 2
53 2
52 2
42 2
50 2
53 2
52 2
46 2
54 2
57 2
56 2
46 2
54 2
57 2
56 2
46 2
54 2
57 2
56 2
46 2
54 2
57 2
56 2
46 2
47 2
48 2
46 2
47 2
49 2
46 2
47 2
49 2
46 2
47 2
49 2
46 2
44 2
46 4
46 2
47 2
47 4
46 2
44 2
46 4
46 2
49 2
49 4
46 2
44 2
46 4
46 2
47 2
47 4
46 2
44 2
46 4
46 2
46 2
49 4
51 2
49 2
51 4
51 2
52 2
52 4
51 2
49 2
51 4
51 2
54 2
54 4
51 2
49 2
51 4
51 2
52 2
52 4
51 2
49 2
51 4
51 2
54 2
54 4
46 2
47 2
49 4
49 2
50 2
52 4
46 2
47 2
49 4
49 2
50 2
52 4
46 2
47 2
49 2
49 2
50 2
52 2
40 2
41 2
43 2
43 2
44 2
46 2
46 2
47 2
49 2
49 2
50 2
52 2
51 2
52 2
54 2
52 2
53 2
55 2
44 14
44 14
44 14
44 14
231 12
231 2
166 2
231 2
127 13
101 12
101 2
192 2
101 2
101 2
153 13
E
S
L
72 14
10 2
10 2
22 4
17 0
17 0
72 2
22 2
15 2
11 2
12 2
12 2
22 4
18 4
14 4
21 4
19 4
12 2
19 2
14 4
12 2
24 2
12 4
23 4
12 2
12 2
12 2
12 2
12 2
12 2
17 4
22 4
12 2
12 2
12 2
12 2
12 2
24 2
12 2
24 2
12 2
22 4
12 2
18 4
22 4
10 2
22 0
72 4
22 2
8 7
20 4
15 4
7 2
10 4
11 2
12 4
22 0
72 4
24 0
72 4
19 4
9 2
10 2
10 2
10 2
10 2
22 2
10 2
10 2
10 2
72 2
20 4
10 2
15 4
10 2
9 3
22 0
72 1
10 2
22 2
15 4
20 4
12 3
72 4
22 2
72 2
24 2
19 4
9 2
10 2
10 2
10 2
10 2
22 2
10 2
22 2
10 2
72 2
20 4
10 2
15 4
10 2
9 2
72 0
22 0
72 1
10 2
22 2
15 4
20 4
12 2
12 2
12 2
12 2
12 2
24 2
12 2
24 2
72 4
17 4
14 4
7 4
12 4
19 4
8 2
20 2
8 4
16 4
19 4
24 4
12 4
10 4
46 4
50 2
72 2
53 4
58 2
72 2
53 2
72 2
50 2
72 2
58 4
72 4
58 2
62 2
65 2
72 2
62 2
65 2
70 0
60 0
72 2
70 0
72 0
60 0
72 1
70 0
72 1
60 0
72 0
70 0
60 0
72 2
70 0
60 0
72 2
70 0
72 0
60 0
72 1
70 0
72 1
60 0
72 0
70 0
60 0
72 6
48 4
52 2
72 2
55 4
60 2
72 2
55 2
72 2
52 2
72 2
60 4
72 4
60 2
64 2
67 2
72 2
64 2
67 2
60 0
62 0
72 2
60 0
72 0
62 0
72 1
60 0
72 1
62 0
72 0
60 0
62 0
72 2
60 0
62 0
72 2
60 0
72 0
62 0
72 1
60 0
72 1
62 0
72 0
60 0
62 0
72 6
46 4
50 2
72 2
53 4
58 2
72 2
53 4
62 2
72 2
58 2
72 2
65 5
64 5
62 3
60 3
70 0
60 0
72 2
70 0
72 0
60 0
72 1
70 0
72 1
60 0
72 0
70 0
60 0
72 2
70 0
60 0
72 2
70 0
72 0
60 0
72 1
70 0
72 1
60 0
72 0
70 0
60 0
72 2
189 2
176 2
189 7
189 7
189 4
163 4
150 4
106 2
237 2
108 4
72 4
108 7
108 4
236 4
106 4
72 14
72 14
48 4
60 4
72 13
72 14
72 4
46 2
58 2
50 2
62 2
53 2
65 2
58 2
70 2
53 2
65 2
50 2
62 2
53 2
65 2
72 4
34 4
38 4
41 4
46 4
50 4
53 4
58 4
72 4
48 2
60 2
52 2
64 2
55 2
67 2
60 2
60 2
55 2
67 2
52 2
64 2
55 2
67 2
72 4
36 4
40 4
43 4
48 4
52 4
55 4
60 4
72 14
12 2
12 2
23 4
17 4
10 4
12 2
12 2
12 2
12 2
17 4
22 4
12 2
12 2
22 4
12 2
20 4
12 2
17 4
10 4
15 4
10 4
12 2
12 2
23 4
17 4
10 4
12 2
12 2
12 2
12 2
17 4
22 4
12 2
12 2
22 4
12 2
20 4
12 2
17 4
10 4
15 4
10 4
17 2
17 2
28 4
22 4
15 4
17 2
17 2
17 2
17 2
22 4
27 4
17 2
17 2
27 4
17 2
25 4
17 2
22 4
15 4
19 4
15 4
17 2
17 2
28 4
22 4
15 4
17 2
17 2
17 2
17 2
22 4
27 4
17 2
17 2
27 4
17 2
25 4
17 2
22 4
15 4
19 4
15 4
12 2
12 2
22 4
17 4
11 4
72 4
13 4
13 2
13 2
12 2
15 2
12 2
12 2
22 4
17 4
11 4
72 4
13 4
13 2
13 2
12 2
15 2
12 2
24 2
12 2
24 2
12 7
13 2
25 2
13 4
25 4
22 4
12 4
24 0
72 4
13 4
25 0
72 4
15 4
27 0
72 4
17 4
29 0
72 14
72 4
70 2
72 2
65 2
72 2
70 2
72 2
65 2
72 2
62 2
72 2
65 2
72 2
70 2
72 2
65 2
72 2
62 2
72 2
58 2
72 2
62 2
72 2
65 2
72 2
70 2
72 2
65 2
72 2
62 2
72 6
60 2
72 2
67 2
72 2
60 2
72 2
67 2
72 2
64 2
72 2
67 2
72 2
60 2
72 2
67 2
72 2
64 2
72 2
60 2
72 2
64 2
72 2
67 2
72 2
60 2
72 2
67 2
72 2
64 2
72 14
22 4
17 4
12 4
17 4
E
S
L
72 14
72 14
72 14
72 14
72 11
24 4
36 6
72 14
72 14
72 14
E
S
H
192 11
231 7
114 7
192 7
192 7
179 4
192 7
192 7
231 4
101 7
101 7
101 7
101 7
231 4
231 4
231 2
231 6
231 2
231 6
101 4
101 9
101 4
114 4
101 4
101 9
101 4
140 4
101 9
101 4
244 4
231 4
231 4
231 4
231 2
244 4
36 0
24 11
140 11
101 13
101 13
101 13
E
S
L
72 14
72 14
12 4
13 4
72 4
15 4
72 13
12 4
13 4
72 4
15 4
72 14
12 4
13 4
72 4
15 4
72 13
12 4
13 4
72 4
15 4
E
S
L
18 0
72 7
18 0
72 7
18 0
72 7
18 0
72 7
18 2
18 2
22 4
18 2
18 2
22 4
18 2
18 2
22 4
18 2
18 2
22 4
18 2
18 2
22 4
18 2
18 2
22 4
18 2
18 2
22 4
18 2
18 2
22 2
22 2
18 2
18 2
22 4
18 2
18 2
22 4
18 2
18 2
22 4
18 2
18 2
22 4
18 2
18 2
22 4
18 2
18 2
22 4
18 0
72 4
22 4
18 0
72 4
22 2
22 2
18 2
18 2
22 4
18 2
18 2
22 4
18 2
18 2
22 4
18 2
18 2
22 4
18 2
18 2
22 4
18 2
18 2
22 4
18 2
18 2
22 4
18 2
18 2
22 2
22 2
18 2
18 2
22 4
18 2
18 2
22 4
18 2
18 2
22 4
18 2
18 2
22 4
18 2
18 0
72 6
18 2
18 0
72 6
18 2
18 2
22 4
18 2
18 0
72 6
18 2
18 2
22 4
18 2
18 2
22 4
18 2
18 2
22 4
18 2
18 2
22 4
18 2
18 2
22 4
18 2
18 2
22 4
18 2
18 2
22 4
18 2
18 2
22 2
22 2
18 2
18 2
22 4
18 2
18 2
22 4
18 2
18 2
22 4
18 2
18 2
22 4
18 2
18 2
22 4
18 2
18 2
22 4
18 2
18 2
22 4
18 2
18 2
22 2
22 2
18 2
18 2
22 4
18 2
18 2
22 4
18 2
18 2
22 4
18 2
18 2
22 4
18 2
18 2
22 4
18 2
18 2
22 4
18 2
18 2
22 4
18 2
18 2
22 2
22 2
18 2
18 2
22 4
18 2
18 2
22 4
18 2
18 2
22 4
18 2
18 2
22 4
18 2
18 2
22 4
18 2
18 2
22 4
18 2
18 2
22 4
18 2
18 2
22 2
22 2
18 2
18 2
22 4
18 2
18 2
22 4
18 2
18 2
22 4
18 2
18 2
22 4
18 2
18 2
22 4
18 2
18 2
22 4
18 2
18 2
22 4
18 2
18 2
22 2
22 2
18 2
18 2
22 4
18 2
18 2
22 4
18 2
18 2
22 4
18 2
18 2
22 4
18 2
18 2
22 4
18 2
18 2
22 4
18 2
18 2
22 4
18 2
18 2
22 2
22 2
18 2
18 2
22 4
18 2
18 2
22 4
18 2
18 2
22 4
18 2
18 2
22 4
18 2
18 2
22 4
18 2
18 2
22 4
18 2
18 2
22 4
18 2
18 2
22 2
22 2
18 2
18 2
22 4
18 2
18 2
22 4
18 2
18 2
22 4
18 2
18 2
22 4
18 2
18 2
22 4
18 2
18 2
22 4
18 2
18 2
22 4
18 2
18 2
22 2
22 2
18 2
18 2
22 4
18 2
18 2
22 4
18 2
18 2
22 4
18 2
18 2
22 4
18 2
18 2
22 4
18 2
18 2
22 4
18 2
18 2
22 4
18 2
18 2
22 2
22 2
18 2
18 2
22 4
18 2
18 2
22 4
18 2
18 2
22 4
18 2
18 2
22 4
18 2
18 2
22 4
18 2
18 2
22 4
18 2
18 2
22 4
18 2
18 2
22 2
22 2
18 2
18 2
22 4
18 2
18 2
22 4
18 2
18 2
22 4
18 2
18 2
22 4
18 2
18 2
22 4
18 2
18 2
22 4
18 2
18 2
22 4
18 2
18 2
22 2
22 2
18 2
18 2
22 4
18 2
18 2
22 4
18 2
18 2
22 4
18 2
18 2
22 4
18 2
18 2
22 4
18 2
18 2
22 4
18 2
18 2
22 4
18 2
18 2
22 2
22 2
18 2
18 2
22 4
18 2
18 2
22 4
18 2
18 2
22 4
18 2
18 2
22 4
18 2
18 2
22 4
18 2
18 2
22 4
18 2
18 2
22 4
18 2
18 2
22 2
22 2
18 2
18 2
22 4
18 2
18 2
22 4
18 2
18 2
22 4
18 2
18 2
22 4
18 2
18 2
22 4
18 2
18 2
22 4
18 2
18 2
22 4
18 2
18 2
22 2
22 2
18 2
18 2
22 4
18 2
18 2
22 4
18 2
18 2
22 4
18 2
18 2
22 4
18 2
18 2
22 4
18 2
18 2
22 4
18 2
18 2
22 4
18 2
18 2
22 2
22 2
18 2
18 2
22 4
18 2
18 2
22 4
18 2
18 2
22 4
18 2
18 2
22 4
18 2
18 2
22 4
18 2
18 2
22 4
18 2
18 2
22 4
18 2
18 2
22 2
22 2
18 2
18 2
22 4
18 2
18 2
22 4
18 2
18 2
22 4
18 2
18 2
22 4
18 2
18 2
22 4
18 2
18 2
22 4
18 2
18 2
22 4
18 2
18 2
22 2
22 2
18 2
18 2
22 4
18 2
18 2
22 4
18 2
18 2
22 4
18 2
18 2
22 4
18 2
18 2
22 4
18 2
18 2
22 4
18 2
18 2
22 4
18 2
18 2
22 2
22 2
18 2
18 2
22 4
18 2
18 2
22 4
18 2
18 2
22 4
18 2
18 2
22 4
18 2
18 2
22 4
18 2
18 2
22 4
18 2
18 2
22 4
18 2
18 2
22 2
22 2
18 2
18 2
22 4
18 2
18 2
22 4
18 2
18 2
22 4
18 2
18 2
22 4
18 2
18 2
22 4
18 2
18 2
22 4
18 2
18 2
22 4
18 2
18 2
22 2
22 2
18 2
18 2
22 4
18 2
18 2
22 4
18 2
18 2
22 4
18 2
18 2
22 4
18 2
18 2
22 4
18 2
18 2
22 4
18 2
18 2
22 4
18 2
18 2
22 2
22 2
18 2
18 2
22 4
18 2
18 2
22 4
18 2
18 2
22 4
18 2
18 2
22 4
18 2
18 2
22 4
18 2
18 2
22 4
18 2
18 2
22 4
18 2
18 2
22 2
22 2
18 2
18 2
22 4
18 2
18 2
22 4
18 2
18 2
22 4
18 2
18 2
22 4
18 2
18 2
22 4
18 2
18 2
22 4
18 2
18 2
22 4
18 2
18 2
22 2
22 2
18 2
18 2
22 4
18 2
18 2
22 4
18 2
18 2
22 4
18 2
18 2
22 4
18 2
18 2
22 4
18 2
18 2
22 4
18 2
18 2
22 4
18 2
18 2
22 2
22 2
18 2
18 2
22 4
18 2
18 2
22 4
18 2
18 2
22 4
18 2
18 2
22 4
18 2
18 2
22 4
18 2
18 2
22 4
18 2
18 2
22 4
18 2
18 2
22 2
22 2
18 2
18 2
22 4
18 2
18 2
22 4
18 2
18 2
22 4
18 2
18 2
22 4
18 2
18 2
22 4
18 2
18 2
22 4
18 2
18 2
22 4
18 2
18 2
22 2
22 2
18 2
18 2
22 4
18 2
18 2
22 4
18 2
18 2
22 4
18 2
18 2
22 4
18 2
18 2
22 4
18 2
18 2
22 4
18 2
18 2
22 4
18 2
18 2
22 2
22 2
72 14
22 4
72 4
22 4
72 4
22 4
72 4
22 2
72 2
22 2
72 2
18 2
18 2
22 4
18 2
18 2
22 4
18 2
18 2
22 4
18 2
18 2
22 4
18 2
18 2
22 4
18 2
18 2
22 4
18 2
18 2
22 4
18 2
18 2
22 2
22 2
18 2
18 2
22 4
18 2
18 2
22 4
18 2
18 2
22 4
18 2
18 2
22 4
18 2
18 2
22 4
18 2
18 2
22 4
18 2
18 2
22 4
18 2
18 2
22 2
22 2
E
S
L
72 13
25 9
72 11
33 9
72 11
25 9
72 14
25 9
72 11
25 9
72 14
25 12
72 14
162 2
29 2
29 4
72 2
29 6
29 4
72 2
29 4
72 2
29 4
29 2
29 2
29 4
72 2
29 6
29 4
72 2
29 4
72 2
29 2
29 2
29 2
29 2
29 4
72 2
29 6
29 4
72 2
29 4
72 2
29 4
29 2
29 2
29 4
72 2
29 6
29 4
72 2
29 4
72 2
29 2
29 2
29 2
29 2
29 4
72 2
29 6
29 4
72 2
29 4
72 2
29 4
29 2
29 2
29 4
72 2
29 6
29 4
72 2
29 4
72 2
29 2
29 2
29 2
29 2
29 4
72 2
29 6
29 4
72 2
29 4
72 2
29 4
29 2
29 2
29 4
72 2
29 6
29 4
72 2
29 4
72 2
29 2
29 2
25 13
72 14
33 10
72 2
25 10
72 14
25 6
72 11
25 7
72 14
33 2
25 2
33 4
25 10
72 14
33 7
25 7
210 9
72 14
114 7
114 7
114 7
114 7
114 7
114 7
114 7
114 7
33 0
25 13
72 12
114 7
114 7
114 7
114 7
114 7
114 7
114 7
114 7
25 0
33 13
E
S
L
72 12
16 4
16 0
72 1
16 0
72 0
16 0
16 0
72 2
16 4
16 2
16 2
16 4
16 2
16 2
16 4
16 2
16 2
16 4
16 2
16 2
16 4
16 2
16 2
16 4
16 2
16 2
16 4
16 2
16 2
16 2
16 2
16 2
16 2
16 4
16 2
16 2
16 4
16 2
16 2
16 4
16 2
16 2
16 4
16 4
16 4
16 2
16 2
16 4
16 2
16 2
16 4
16 2
16 2
16 2
16 2
16 4
16 4
16 2
16 2
16 4
16 2
16 2
16 4
16 2
16 2
16 4
16 4
16 4
16 2
16 2
16 4
16 2
16 2
16 4
16 2
16 2
16 4
16 4
16 4
16 2
16 2
16 4
16 2
16 2
16 4
16 2
16 2
16 4
16 2
16 2
16 0
72 4
16 0
72 4
16 2
1120 2
16 2
72 2
16 2
1120 4
12 2
16 2
1120 2
16 2
16 2
16 4
16 2
16 2
16 4
16 2
16 2
16 4
16 2
16 2
16 4
16 2
16 2
16 4
16 2
16 2
16 4
16 2
16 2
16 4
16 2
16 2
16 2
16 2
16 2
16 2
16 4
16 2
16 2
16 4
16 2
16 2
16 4
16 2
16 2
16 4
16 2
16 2
16 4
16 2
16 2
16 4
16 2
16 2
16 4
16 2
16 2
16 2
16 2
16 2
16 2
16 4
16 2
16 2
16 4
16 2
16 2
16 4
16 2
16 2
16 4
16 2
16 2
16 4
16 2
16 2
16 4
16 2
16 2
16 4
16 2
16 2
16 2
16 2
16 2
16 2
16 4
16 2
16 2
16 4
16 2
16 2
16 4
16 2
16 2
16 2
16 2
16 4
16 4
16 2
16 2
16 4
16 2
16 2
16 4
16 2
16 2
16 2
16 2
16 2
16 2
16 4
16 2
16 2
16 4
16 2
16 2
16 4
16 2
16 2
16 2
16 2
16 4
16 4
16 2
16 2
16 4
16 2
16 2
16 4
16 2
16 2
16 2
16 2
16 2
16 2
16 4
16 2
16 2
16 4
16 2
16 2
16 4
16 2
16 2
16 4
16 2
16 2
16 4
16 2
16 2
16 4
16 2
16 2
16 4
16 2
16 2
16 2
16 2
16 2
16 2
16 4
16 2
16 2
16 4
16 2
16 2
16 4
16 2
16 2
16 4
16 2
16 2
16 4
16 2
16 2
16 4
16 2
16 2
16 4
16 2
16 2
16 2
16 2
16 4
16 4
16 2
16 2
16 4
16 2
16 2
16 4
16 2
16 2
16 4
16 2
16 2
16 4
16 2
16 2
16 4
16 2
16 2
16 4
16 2
16 2
16 2
16 2
16 2
16 2
16 4
16 2
16 2
16 4
16 2
16 2
16 4
16 2
16 2
16 4
16 2
16 2
189 4
16 2
16 2
189 4
16 2
16 2
189 4
16 2
16 2
189 2
16 2
189 2
16 2
189 4
16 2
16 2
16 4
16 2
16 2
16 4
16 2
16 2
16 4
16 2
16 2
16 4
16 2
16 2
16 4
16 0
72 1
16 0
72 0
16 0
16 0
72 2
16 0
16 0
72 2
16 0
72 0
16 0
72 1
16 4
16 2
16 2
16 2
16 2
1173 0
72 4
16 2
16 2
16 0
72 4
16 2
16 2
16 0
72 4
16 2
16 2
16 0
72 4
16 2
16 2
16 2
16 0
72 0
16 2
16 2
16 3
16 2
1173 6
16 2
72 2
1173 0
72 4
16 2
16 2
16 2
16 2
16 4
16 2
16 2
16 4
16 2
16 2
16 4
16 2
16 2
16 4
16 2
16 2
16 4
16 2
16 2
16 4
16 2
16 2
16 4
16 2
16 2
16 2
16 2
16 2
16 2
16 4
16 2
16 2
16 4
16 2
16 2
16 4
16 2
16 2
16 4
16 2
16 2
16 4
16 2
16 2
16 4
16 2
16 2
16 4
16 2
16 2
16 2
16 2
16 2
16 2
16 4
16 2
16 2
16 4
16 2
16 2
16 4
16 2
16 2
16 4
16 2
16 2
16 4
16 2
16 2
16 4
16 2
16 2
16 4
16 2
16 2
16 2
16 2
16 2
16 2
16 4
16 2
16 2
16 4
16 2
16 2
16 4
16 2
16 2
16 4
16 2
16 2
16 4
16 2
16 2
16 4
16 2
16 2
16 4
16 2
16 2
16 2
16 2
16 2
16 2
16 4
16 2
16 2
16 4
16 2
16 2
16 4
16 2
16 2
16 4
16 2
16 2
16 2
16 2
16 2
16 2
16 2
16 2
72 4
16 2
16 2
16 4
16 2
16 2
16 2
16 2
16 2
16 2
16 4
16 2
16 2
16 4
16 2
16 2
16 2
16 2
16 2
16 2
16 4
16 2
16 2
16 4
16 2
16 2
16 2
16 2
16 0
72 1
16 0
72 0
16 0
16 0
72 2
16 2
16 2
16 0
72 1
16 0
72 0
16 0
16 0
72 2
16 2
16 2
16 0
72 1
16 0
72 0
16 0
16 0
72 2
16 4
16 2
16 2
16 4
16 2
16 2
16 4
16 2
16 2
16 4
16 2
16 2
16 4
16 2
16 2
16 4
16 2
16 2
16 4
16 2
16 2
16 2
16 2
16 2
16 2
16 4
16 2
16 2
16 4
16 2
16 2
16 4
16 2
16 2
16 4
16 2
16 2
16 4
16 2
16 2
16 4
16 2
16 2
16 4
16 2
16 2
16 2
16 2
16 2
16 2
16 4
16 2
16 2
16 4
16 2
16 2
16 4
16 2
16 2
16 4
16 2
16 2
16 4
16 2
16 2
16 4
16 2
16 2
16 4
16 2
16 2
16 2
16 2
16 2
16 2
16 4
16 2
16 2
16 4
16 2
16 2
16 4
16 2
16 2
16 4
16 2
16 2
16 4
16 2
16 2
16 4
16 2
16 2
16 4
16 2
16 2
16 2
16 2
16 2
16 2
16 4
16 2
16 2
16 4
16 2
16 2
16 4
16 2
16 2
16 4
16 2
16 2
16 4
16 2
16 2
16 4
16 2
16 2
16 4
16 2
16 2
16 2
16 2
16 2
16 2
16 4
16 2
16 2
16 4
16 2
16 2
16 4
16 2
16 2
16 3
16 3
16 3
16 5
16 3
16 3
16 3
16 3
189 3
189 3
189 3
16 3
165 5
1173 4
16 2
16 2
16 4
16 2
16 2
16 4
16 2
16 2
16 4
16 2
16 2
16 4
16 2
16 2
16 4
16 2
16 2
16 4
16 2
16 2
16 2
16 2
16 2
16 2
16 4
16 2
16 2
16 4
16 2
16 2
16 4
16 2
16 2
16 4
16 2
16 2
16 4
16 2
16 2
16 4
16 2
16 2
16 4
16 2
16 2
16 2
16 2
16 2
16 2
16 4
16 2
16 2
16 4
16 2
16 2
16 4
16 2
16 2
16 4
16 2
16 2
16 4
16 2
16 2
16 4
16 2
16 2
16 4
16 2
16 2
16 2
16 2
16 2
16 2
16 4
16 2
16 2
16 4
16 2
16 2
16 4
16 2
16 2
16 4
16 2
16 2
16 4
16 2
16 2
16 4
16 2
16 2
16 4
16 2
16 2
16 2
16 2
16 2
16 2
16 0
72 4
16 2
16 2
16 0
72 4
16 2
16 2
16 0
72 4
16 2
16 2
16 0
72 4
16 2
16 2
16 0
72 4
16 2
16 2
16 0
72 4
16 2
16 2
16 0
72 4
16 2
16 2
16 2
16 2
16 2
16 2
16 0
72 4
16 2
16 2
16 0
72 4
16 2
16 2
16 0
72 4
16 2
16 2
16 0
72 4
16 2
16 2
16 0
72 4
16 2
16 2
16 0
72 4
16 2
16 2
16 0
72 4
16 2
16 2
16 2
16 2
16 2
16 2
16 4
16 2
16 2
16 4
16 2
16 2
16 4
16 2
16 2
16 4
16 2
16 2
16 4
16 2
16 2
16 4
16 2
16 2
16 4
16 2
16 2
16 2
16 2
16 2
16 2
16 4
16 2
16 2
16 4
16 2
16 2
16 4
16 2
16 2
16 4
16 2
16 2
16 4
16 2
16 2
16 4
16 2
16 2
16 4
16 2
16 2
16 2
16 2
16 2
16 2
E
S
L
72 13
161 7
161 7
161 7
161 7
161 7
161 7
161 7
161 7
161 7
161 7
161 7
161 7
161 7
161 7
161 7
161 4
161 4
161 7
161 7
161 7
161 4
161 4
161 7
161 7
161 7
161 4
161 4
161 7
161 7
161 7
161 7
161 7
161 7
161 7
161 4
161 4
161 7
161 7
161 7
161 7
161 7
161 7
161 7
161 7
161 7
161 7
161 7
161 7
161 7
161 7
161 7
161 7
161 7
161 7
161 7
161 7
161 7
161 7
161 7
161 7
161 7
161 7
161 7
161 7
161 7
161 7
161 7
161 7
161 7
161 7
161 7
161 7
161 7
161 7
161 7
161 7
161 7
161 7
161 7
161 7
161 7
161 7
161 7
161 7
161 7
161 7
161 7
161 7
161 7
161 7
161 7
161 7
161 7
161 7
161 7
161 7
161 7
161 7
161 7
161 7
161 7
161 7
161 7
161 7
161 7
161 7
161 7
161 7
161 7
161 7
161 7
161 7
161 7
161 7
161 2
161 2
161 4
161 2
161 2
161 2
161 2
161 7
161 7
161 7
161 7
161 7
161 7
161 7
161 2
161 2
161 2
161 2
161 7
161 7
161 7
161 7
161 7
161 7
161 7
161 7
161 7
161 7
161 7
161 7
161 7
161 7
161 7
161 7
161 7
161 7
161 7
161 7
161 7
161 7
161 7
161 7
161 7
161 7
161 7
161 7
161 7
161 7
161 7
161 7
161 7
161 7
161 7
161 7
161 7
161 7
161 7
161 7
161 7
161 7
161 7
161 7
161 7
161 7
161 7
161 7
161 7
161 7
161 7
161 7
161 7
161 7
161 7
161 7
161 7
161 7
161 7
161 7
161 7
161 7
161 7
161 7
161 7
161 7
161 7
161 7
161 7
161 7
161 7
161 7
161 7
161 7
161 7
161 7
161 7
161 7
161 7
161 7
161 7
161 7
161 7
161 7
161 7
161 7
161 7
161 7
161 7
161 7
161 7
161 7
161 5
161 3
161 3
72 3
161 3
161 3
161 3
161 3
161 3
161 3
161 3
161 7
161 7
161 7
161 7
161 7
161 7
161 7
161 7
161 7
161 7
161 7
161 7
161 7
161 7
161 7
161 7
161 7
161 7
161 7
161 7
161 7
161 7
161 7
161 7
161 7
161 7
161 7
161 7
161 7
161 7
161 7
161 7
72 14
161 4
161 4
161 7
161 7
161 7
161 7
161 7
161 7
161 7
161 7
161 7
161 7
161 7
161 7
161 7
161 7
161 7
161 7
E
S
L
72 13
23 4
23 4
23 2
72 6
24 2
24 2
72 4
24 2
72 6
24 2
72 6
24 2
24 2
72 4
24 2
72 7
20 2
72 2
20 2
24 2
72 6
24 2
72 6
24 2
24 2
72 4
24 2
72 6
24 2
72 6
24 2
24 0
72 6
24 2
72 6
24 2
72 6
24 2
72 6
24 2
72 6
24 2
24 2
72 4
24 2
72 6
24 2
72 6
24 4
72 4
24 2
72 7
20 2
72 2
20 2
24 2
72 6
24 2
72 6
24 2
24 2
72 4
24 2
72 6
24 2
72 6
22 2
72 6
24 2
72 10
24 2
72 6
24 2
72 6
24 2
24 2
72 4
24 2
72 6
22 2
72 6
22 2
22 2
72 4
22 2
72 6
22 2
72 6
24 2
72 6
24 2
72 6
24 2
24 2
72 4
24 2
72 6
20 2
72 6
20 2
72 6
22 2
72 6
22 2
72 6
24 2
72 6
24 2
72 6
24 2
24 2
72 4
24 2
72 6
24 2
72 6
24 2
24 2
72 4
24 2
24 2
72 4
24 2
72 14
24 2
72 6
24 2
72 6
24 2
24 2
72 4
24 2
72 6
24 2
72 6
24 2
72 6
24 2
24 2
72 4
24 2
72 6
24 2
72 6
24 2
72 6
24 2
24 2
72 4
24 2
72 6
24 2
72 6
24 2
72 6
24 2
24 2
72 4
24 2
72 6
24 4
72 4
24 4
72 4
24 2
24 2
72 4
24 4
72 4
24 4
72 4
24 4
72 2
36 0
36 0
72 2
101 2
101 2
24 4
101 4
24 4
24 4
72 4
24 4
72 4
24 2
24 2
72 4
24 4
72 4
101 2
101 0
72 0
101 2
24 4
24 2
36 6
28 0
28 0
72 2
28 0
72 0
28 0
72 1
22 4
101 2
101 2
24 4
72 14
24 4
72 4
24 4
72 4
24 2
24 2
72 4
24 4
72 4
24 4
72 4
24 4
72 4
24 2
24 2
72 4
24 4
72 4
24 4
72 4
24 4
72 4
24 2
24 2
72 4
24 4
72 4
24 4
72 4
24 4
72 4
24 2
24 2
72 4
24 2
25 2
24 2
22 2
24 4
72 4
24 4
72 4
24 2
24 2
72 4
24 4
72 4
24 4
72 4
24 2
24 2
72 4
24 4
72 6
20 2
72 2
20 2
24 4
72 4
24 4
72 4
24 2
24 2
72 4
24 4
72 4
24 4
72 4
24 2
24 2
72 4
24 4
72 6
20 2
72 2
20 2
29 4
24 4
29 4
24 4
29 2
29 2
24 4
29 4
24 4
29 4
24 4
29 2
29 2
24 4
29 4
24 4
24 2
25 2
24 2
25 2
29 4
24 4
29 4
24 4
29 2
29 2
24 4
29 4
24 4
29 4
24 4
29 2
29 2
24 4
29 4
24 4
24 2
25 2
24 2
25 2
24 4
72 4
24 4
72 4
24 2
24 2
72 4
24 4
72 4
24 4
72 4
24 2
24 2
72 4
24 4
72 6
20 2
72 2
20 2
24 4
72 4
24 4
72 4
24 2
24 2
72 4
24 4
72 4
24 3
29 3
24 3
72 3
24 3
72 5
24 3
72 8
29 7
24 4
72 4
24 2
24 2
72 4
24 4
72 4
24 4
72 4
24 4
72 4
24 2
24 2
72 4
24 4
72 4
24 4
72 4
24 4
72 4
24 2
24 2
72 4
24 4
72 4
24 4
72 4
24 4
72 4
24 2
24 2
72 4
24 2
25 2
24 2
22 2
24 4
72 4
24 4
72 4
24 2
24 2
72 4
24 4
72 4
24 4
72 4
24 4
72 4
24 2
24 2
72 4
24 4
72 4
24 4
72 4
24 4
72 4
24 2
24 2
72 4
24 4
72 4
24 4
72 4
24 4
72 4
24 2
24 2
72 4
24 2
25 2
24 2
22 2
22 4
72 4
22 4
72 4
22 2
22 2
72 4
22 4
72 4
22 4
72 4
22 4
72 4
22 2
22 2
72 4
22 4
72 4
24 4
72 4
24 4
72 4
24 2
24 2
72 4
24 4
72 4
24 4
72 4
24 4
72 4
24 2
24 2
72 4
24 2
25 2
24 2
22 2
22 4
72 4
22 4
72 4
22 2
22 2
72 4
22 4
72 4
22 4
72 4
22 4
72 4
22 2
22 2
72 4
22 4
72 4
24 4
72 4
24 4
72 4
24 2
24 2
72 4
24 4
72 4
24 4
72 4
24 4
72 4
24 2
24 2
72 4
24 2
25 2
24 2
22 2
E
S
L
72 12
18 2
18 2
72 9
19 2
72 6
19 2
72 6
19 2
72 6
19 2
72 6
19 2
72 6
19 2
72 2
19 2
72 2
19 2
72 6
19 2
72 6
19 2
72 6
19 2
72 6
19 2
72 6
19 2
72 6
19 2
72 6
19 2
72 6
19 2
19 2
72 4
19 2
72 6
19 2
72 6
19 2
72 6
19 2
72 6
19 2
72 6
19 2
72 6
19 2
72 2
19 2
72 2
19 2
72 6
19 2
72 6
19 2
72 6
19 2
72 6
19 2
72 6
19 2
72 4
17 6
72 4
19 2
72 2
19 0
19 0
72 2
19 0
72 0
19 0
72 1
19 0
72 1
19 0
72 0
19 0
19 0
72 6
19 2
72 6
19 2
72 6
19 2
72 6
19 2
72 6
17 2
72 6
17 2
72 6
17 2
72 6
17 2
17 2
72 4
19 2
72 6
19 2
72 6
19 2
72 6
19 2
72 6
15 2
72 6
15 2
72 6
17 2
72 6
17 2
72 6
19 2
72 6
19 2
72 6
19 2
72 6
19 2
72 6
19 2
72 6
19 2
72 6
19 2
72 6
19 2
72 14
15 2
72 6
15 2
72 6
15 2
72 6
15 2
72 6
18 2
72 6
18 2
72 6
18 2
72 6
18 2
72 6
17 2
72 6
17 2
72 6
17 2
72 6
17 2
72 6
16 2
72 6
16 2
72 6
16 2
72 6
16 2
72 6
17 4
72 4
17 4
72 4
17 4
72 4
17 4
72 4
16 4
72 4
16 2
72 6
16 4
72 4
16 4
72 4
17 4
72 4
17 4
72 4
17 4
72 4
16 4
72 4
12 4
12 2
16 6
16 0
16 0
72 2
16 0
72 0
16 0
72 1
10 4
72 4
12 4
72 14
17 4
72 4
17 4
72 4
17 4
72 4
17 4
72 4
16 4
72 4
16 4
72 4
16 4
72 4
16 4
72 4
17 4
72 4
17 4
72 4
17 4
72 4
17 4
72 4
16 4
72 4
16 4
72 4
16 4
72 9
19 4
72 4
19 4
72 4
19 4
72 4
19 4
72 4
19 4
72 4
19 4
72 4
19 4
19 2
72 2
19 2
72 6
19 4
72 4
19 4
72 4
19 4
72 4
19 4
72 4
19 4
72 4
19 4
72 4
19 4
19 2
72 2
19 2
72 14
19 4
72 4
19 4
72 4
19 4
72 4
19 4
72 4
19 4
72 4
19 4
72 4
19 4
19 2
72 2
19 2
72 6
19 4
72 4
19 4
72 4
19 4
72 4
19 4
72 7
19 3
72 3
19 3
19 3
72 3
19 3
17 2
17 0
72 0
17 2
17 2
17 0
17 2
17 7
72 4
17 4
72 4
17 4
72 4
17 4
72 4
17 4
72 4
17 4
72 4
17 4
72 4
17 4
72 4
17 4
72 4
17 4
72 4
17 4
72 4
17 4
72 4
17 4
72 4
17 4
72 4
17 4
72 9
17 4
72 4
17 4
72 4
17 4
72 4
17 4
72 4
17 4
72 4
17 4
72 4
17 4
72 4
17 4
72 4
17 4
72 4
17 4
72 4
17 4
72 4
17 4
72 4
17 4
72 4
17 4
72 4
17 4
72 9
17 4
72 4
17 4
72 4
17 4
72 4
17 4
72 4
14 4
72 4
14 4
72 4
14 4
72 4
14 4
72 4
19 4
72 4
19 4
72 4
19 4
72 4
19 4
72 4
16 4
72 4
16 4
72 4
16 4
72 9
17 4
72 4
17 4
72 4
17 4
72 4
17 4
72 4
16 4
72 4
16 4
72 4
16 4
72 4
16 4
72 4
19 4
72 4
19 4
72 4
19 4
72 4
19 4
72 4
19 4
72 4
19 4
72 4
19 4
E
X
