major
S
H
55 5
55 3
53 3
52 3
53 3
55 5
55 3
53 3
52 3
53 3
55 5
55 3
53 5
52 3
53 11
53 5
53 3
52 3
50 3
52 3
53 5
53 3
52 3
50 3
52 3
53 5
53 3
52 5
50 3
52 11
55 5
55 3
53 3
52 3
53 3
55 5
55 3
53 3
52 3
53 3
55 5
55 3
55 5
60 3
59 11
62 5
62 3
60 5
59 3
60 5
55 3
52 5
55 3
53 5
53 3
52 5
50 3
48 11
55 5
55 3
53 3
52 3
53 3
55 5
55 3
53 3
52 3
53 3
55 5
55 3
53 5
52 3
53 11
53 5
53 3
52 3
50 3
52 3
53 5
53 3
52 3
50 3
52 3
53 5
53 3
52 5
50 3
52 11
55 5
55 3
53 3
52 3
53 3
55 5
55 3
53 3
52 3
53 3
55 5
55 3
55 5
60 3
59 11
62 5
62 3
60 5
59 3
60 5
55 3
52 5
55 3
53 5
53 3
52 5
50 3
48 11
E
S
H
36 5
36 3
31 5
31 3
36 5
36 3
31 5
31 3
36 5
36 3
31 5
31 3
35 11
35 5
35 3
31 5
31 3
35 5
35 3
31 5
31 3
35 5
35 3
31 5
35 3
36 11
36 5
36 3
31 5
31 3
36 5
36 3
31 5
31 3
36 5
36 3
31 5
36 3
38 11
41 3
40 3
38 3
36 3
35 3
33 3
31 5
31 3
36 5
36 3
35 5
35 3
38 5
38 3
36 11
36 5
36 3
31 5
31 3
36 5
36 3
31 5
31 3
36 5
36 3
31 5
31 3
35 11
35 5
35 3
31 5
31 3
35 5
35 3
31 5
31 3
35 5
35 3
31 5
35 3
36 11
36 5
36 3
31 5
31 3
36 5
36 3
31 5
31 3
36 5
36 3
31 5
36 3
38 11
41 3
40 3
38 3
36 3
35 3
33 3
31 5
31 3
36 5
36 3
35 5
35 3
38 5
38 3
36 11
E
S
H
52 5
52 3
50 3
48 3
50 3
52 5
52 3
50 3
48 3
50 3
52 5
52 3
50 5
48 3
50 11
50 5
50 3
48 3
47 3
48 3
50 5
50 3
48 3
47 3
48 3
50 5
50 3
48 5
47 3
48 11
52 5
52 3
50 3
48 3
50 3
52 5
52 3
50 3
48 3
50 3
52 5
52 3
52 5
57 3
55 11
59 5
59 3
57 5
55 3
57 5
52 3
48 5
52 3
50 5
50 3
48 5
47 3
43 11
52 5
52 3
50 3
48 3
50 3
52 5
52 3
50 3
48 3
50 3
52 5
52 3
50 5
48 3
50 11
50 5
50 3
48 3
47 3
48 3
50 5
50 3
48 3
47 3
48 3
50 5
50 3
48 5
47 3
48 11
52 5
52 3
50 3
48 3
50 3
52 5
52 3
50 3
48 3
50 3
52 5
52 3
52 5
57 3
55 11
59 5
59 3
57 5
55 3
57 5
52 3
48 5
52 3
50 5
50 3
48 5
47 3
43 11
E
S
L
20 0
72 3
20 0
72 3
20 0
72 3
14 0
72 5
20 0
72 3
20 0
72 3
20 0
72 3
20 0
72 3
14 0
72 5
20 0
72 3
20 0
72 3
20 0
72 3
20 0
72 3
14 0
72 5
20 0
72 3
14 0
72 5
20 0
72 3
20 0
72 5
20 0
72 3
20 0
72 3
20 0
72 3
20 0
72 3
14 0
72 5
20 0
72 3
20 0
72 3
20 0
72 3
20 0
72 3
14 0
72 5
20 0
72 3
20 0
72 3
20 0
72 3
20 0
72 3
14 0
72 5
20 0
72 3
14 0
72 5
20 0
72 3
20 0
72 5
20 0
72 3
20 0
72 3
20 0
72 3
20 0
72 3
14 0
72 5
20 0
72 3
20 0
72 3
20 0
72 3
20 0
72 3
14 0
72 5
20 0
72 3
20 0
72 3
20 0
72 3
20 0
72 3
14 0
72 5
20 0
72 3
14 0
72 5
20 0
72 3
20 0
72 5
20 0
72 3
20 0
72 3
20 0
72 3
20 0
72 3
14 0
72 5
20 0
72 3
20 0
72 3
20 0
72 3
20 0
72 3
14 0
72 5
20 0
72 3
20 0
72 3
20 0
72 3
20 0
72 3
14 0
72 5
20 0
72 3
14 0
72 5
20 0
72 3
20 0
72 5
20 0
72 3
20 0
72 3
20 0
72 3
20 0
72 3
14 0
72 5
20 0
72 3
20 0
72 3
20 0
72 3
20 0
72 3
14 0
72 5
20 0
72 3
20 0
72 3
20 0
72 3
20 0
72 3
14 0
72 5
20 0
72 3
14 0
72 5
20 0
72 3
20 0
72 5
20 0
72 3
20 0
72 3
20 0
72 3
20 0
72 3
14 0
72 5
20 0
72 3
20 0
72 3
20 0
72 3
20 0
72 3
14 0
72 5
20 0
72 3
20 0
72 3
20 0
72 3
20 0
72 3
14 0
72 5
20 0
72 3
14 0
72 5
20 0
72 3
20 0
72 5
20 0
72 3
20 0
72 3
20 0
72 3
20 0
72 3
14 0
72 5
20 0
72 3
20 0
72 3
20 0
72 3
20 0
72 3
14 0
72 5
20 0
72 3
20 0
72 3
20 0
72 3
20 0
72 3
14 0
72 5
20 0
72 3
14 0
72 5
20 0
72 3
20 0
72 5
20 0
72 3
20 0
72 3
20 0
72 3
20 0
72 3
14 0
72 5
20 0
72 3
20 0
72 3
20 0
72 3
20 0
72 3
14 0
72 5
20 0
72 3
20 0
72 3
20 0
72 3
20 0
72 3
14 0
72 5
20 0
72 3
14 0
72 5
20 0
72 3
20 0
72 5
20 0
E
X
