major
S
H
45 0
47 0
72 2
48 0
72 0
50 0
72 1
52 0
72 1
53 0
72 0
55 0
56 0
72 2
57 3
72 1
48 3
72 1
56 3
72 1
47 3
72 1
57 3
72 1
48 3
72 1
50 3
72 1
52 3
72 1
53 3
72 1
55 3
72 1
57 3
72 1
60 3
72 1
59 3
72 8
59 3
72 1
60 3
72 5
48 3
72 5
62 3
72 1
60 3
72 1
58 3
72 1
57 3
72 1
55 3
72 1
57 3
72 1
58 3
72 1
59 3
72 1
60 2
59 2
60 2
59 2
60 3
72 5
48 2
47 2
48 2
47 2
48 3
72 5
58 3
72 1
57 3
72 1
55 3
72 1
54 3
72 1
55 3
72 1
57 3
72 1
58 3
72 1
61 3
72 1
60 3
72 3
60 3
58 3
56 3
58 3
62 3
72 3
62 3
60 3
58 3
60 3
64 3
72 13
44 3
72 1
43 3
72 1
44 3
72 1
46 3
72 1
48 3
72 1
50 3
72 1
51 3
72 8
51 3
72 1
50 3
72 1
51 3
72 1
55 2
72 2
53 2
72 2
48 3
72 13
53 2
52 2
50 2
48 2
46 3
72 13
46 2
45 2
46 2
48 2
50 3
72 8
45 3
72 1
46 3
72 1
48 3
72 1
50 3
72 1
57 3
72 1
55 3
72 1
53 3
72 1
51 3
72 1
50 3
72 1
44 3
72 1
43 3
72 1
44 3
72 1
46 3
72 1
48 3
72 1
50 3
72 1
51 3
72 8
51 3
72 1
50 3
72 1
51 3
72 1
55 2
72 2
53 2
72 2
48 3
72 13
53 2
52 2
50 2
48 2
47 3
72 10
56 2
55 2
53 2
51 2
50 3
72 5
50 3
72 1
51 3
72 1
51 3
72 1
53 3
72 1
53 3
72 1
55 3
72 1
55 3
72 1
57 3
72 1
57 3
72 1
58 3
72 1
58 3
72 1
60 3
72 1
60 2
58 2
57 2
55 2
57 2
72 2
53 2
72 2
50 3
72 10
53 2
72 2
50 2
72 2
46 3
72 8
50 2
51 2
50 3
72 11
48 2
50 2
52 3
72 5
53 3
72 5
55 3
72 5
44 3
72 1
43 3
72 1
44 3
72 1
46 3
72 1
48 3
72 1
50 3
72 1
51 3
72 8
51 3
72 1
50 3
72 1
51 3
72 1
55 2
72 2
53 2
72 2
48 3
72 13
53 2
52 2
50 2
48 2
46 3
72 13
46 2
45 2
46 2
48 2
50 3
72 8
45 3
72 1
46 3
72 1
48 3
72 1
50 3
72 1
57 3
72 1
55 3
72 1
53 3
72 1
51 3
72 1
50 3
72 1
44 3
72 1
43 3
72 1
44 3
72 1
46 3
72 1
48 3
72 1
50 3
72 1
51 3
72 8
51 3
72 1
50 3
72 1
51 3
72 1
55 2
72 2
53 2
72 2
48 3
72 13
53 2
52 2
50 2
48 2
47 3
72 10
56 2
55 2
53 2
51 2
50 3
72 5
50 3
72 1
51 3
72 1
51 3
72 1
53 3
72 1
53 3
72 1
55 3
72 1
55 3
72 1
57 3
72 1
57 3
72 1
58 3
72 1
58 3
72 1
60 3
72 1
60 2
58 2
57 2
55 2
57 2
72 2
53 2
72 2
50 3
72 10
53 2
72 2
50 2
72 2
46 3
72 8
50 2
51 2
50 3
72 11
48 2
50 2
52 3
72 5
53 3
72 5
55 3
E
S
H
72 8
57 3
72 1
48 2
72 2
56 3
72 1
47 2
72 2
57 3
72 1
48 3
72 1
50 3
72 1
52 3
72 1
53 3
72 1
55 3
72 1
57 3
72 1
60 3
72 1
59 8
72 1
59 3
72 1
60 3
72 5
48 3
72 5
62 3
72 1
60 3
72 1
58 3
72 1
57 3
72 1
55 3
72 1
57 3
72 1
58 3
72 1
59 3
72 1
60 2
59 2
60 2
59 2
60 7
48 2
47 2
48 2
47 2
48 7
58 3
72 1
57 3
72 1
55 3
72 1
54 3
72 1
55 3
72 1
57 3
72 1
58 3
72 1
61 3
72 1
60 4
72 2
60 3
58 3
56 3
72 1
58 3
62 4
72 2
62 3
60 3
58 3
72 1
60 3
64 13
72 2
44 3
72 1
43 3
72 1
44 3
72 1
46 3
72 1
48 3
72 1
50 3
72 1
51 8
72 1
51 3
72 1
50 3
72 1
51 3
72 8
48 13
72 7
53 2
52 2
50 2
48 2
46 12
72 7
46 2
45 2
46 2
48 2
50 8
72 1
45 3
72 1
46 3
72 1
48 3
72 1
50 3
72 1
57 3
72 1
55 3
72 1
53 3
72 1
51 3
72 1
50 3
72 1
44 3
72 1
43 3
72 1
44 3
72 1
46 3
72 1
48 3
72 1
50 3
72 1
51 9
51 3
72 1
50 3
72 1
51 3
72 8
48 13
72 7
53 2
52 2
50 2
48 2
47 10
72 2
56 2
55 2
53 2
51 2
50 6
72 2
50 3
72 1
51 3
72 1
51 3
72 1
53 3
72 1
53 3
72 1
55 3
72 1
55 3
72 1
57 3
72 1
57 3
72 1
58 3
72 1
58 3
72 1
60 3
72 1
60 2
58 2
57 2
55 2
72 7
50 11
72 7
46 8
72 1
50 2
51 2
50 11
72 1
48 2
50 2
52 6
72 2
53 6
72 2
55 6
72 2
44 3
72 1
43 3
72 1
44 3
72 1
46 3
72 1
48 3
72 1
50 3
72 1
51 8
72 1
51 3
72 1
50 3
72 1
51 3
72 8
48 13
72 7
53 2
52 2
50 2
48 2
46 12
72 7
46 2
45 2
46 2
48 2
50 8
72 1
45 3
72 1
46 3
72 1
48 3
72 1
50 3
72 1
57 3
72 1
55 3
72 1
53 3
72 1
51 3
72 1
50 3
72 1
44 3
72 1
43 3
72 1
44 3
72 1
46 3
72 1
48 3
72 1
50 3
72 1
51 9
51 3
72 1
50 3
72 1
51 3
72 8
48 13
72 7
53 2
52 2
50 2
48 2
47 10
72 2
56 2
55 2
53 2
51 2
50 6
72 2
50 3
72 1
51 3
72 1
51 3
72 1
53 3
72 1
53 3
72 1
55 3
72 1
55 3
72 1
57 3
72 1
57 3
72 1
58 3
72 1
58 3
72 1
60 3
72 1
60 2
58 2
57 2
55 2
72 7
50 11
72 7
46 8
72 1
50 2
51 2
50 11
72 1
48 2
50 2
52 6
72 2
53 6
72 2
55 6
E
S
H
72 7
29 2
31 2
33 2
34 2
35 2
36 2
38 2
40 2
41 4
36 4
35 4
36 4
33 4
24 4
29 4
33 4
32 2
31 2
29 2
28 2
26 2
28 2
29 2
31 2
33 4
31 4
29 4
28 4
34 4
33 4
31 4
29 4
28 4
29 4
31 4
32 4
33 2
32 2
31 2
30 2
29 4
72 4
28 2
27 2
26 2
25 2
24 4
72 4
31 2
30 2
29 2
28 2
27 2
26 2
25 2
24 2
25 4
28 4
31 3
37 3
43 3
52 3
44 3
52 3
44 3
52 3
44 3
54 3
46 3
54 3
46 3
54 3
46 3
56 3
46 3
72 0
48 4
72 0
56 4
72 1
46 6
48 8
29 4
28 4
29 4
31 4
32 2
31 2
29 2
27 2
29 4
32 4
36 4
41 4
36 4
32 4
29 4
32 4
36 4
41 4
36 4
32 2
31 2
29 4
32 4
36 4
41 4
39 2
38 2
36 2
34 2
31 4
30 4
31 4
33 4
34 4
33 2
29 2
31 4
33 4
34 4
36 4
38 2
40 2
38 2
40 2
31 4
34 4
38 4
41 4
43 4
45 4
46 4
41 4
40 4
38 4
36 4
34 2
33 2
29 2
31 2
29 2
28 2
29 2
36 2
34 2
32 2
31 2
28 2
26 2
28 2
29 4
32 4
36 4
41 4
36 4
32 4
29 4
32 4
36 4
41 4
36 4
32 2
31 2
29 4
32 4
36 4
41 4
39 2
38 2
36 2
34 2
32 4
35 4
38 4
41 4
38 4
32 4
35 4
38 4
41 4
44 4
41 4
39 2
38 2
36 4
31 4
33 4
34 4
34 4
36 4
41 4
39 4
38 4
36 4
33 4
36 4
34 4
38 4
41 4
45 4
41 4
38 4
34 4
38 4
41 4
43 4
38 2
39 2
38 2
36 2
34 4
38 2
39 2
38 4
34 4
41 4
38 4
36 7
38 7
40 7
29 4
28 4
29 4
31 4
32 2
31 2
29 2
27 2
29 4
32 4
36 4
41 4
36 4
32 4
29 4
32 4
36 4
41 4
36 4
32 2
31 2
29 4
32 4
36 4
41 4
39 2
38 2
36 2
34 2
31 4
30 4
31 4
33 4
34 4
33 2
29 2
31 4
33 4
34 4
36 4
38 2
40 2
38 2
40 2
31 4
34 4
38 4
41 4
43 4
45 4
46 4
41 4
40 4
38 4
36 4
34 2
33 2
29 2
31 2
29 2
28 2
29 2
36 2
34 2
32 2
31 2
28 2
26 2
28 2
29 4
32 4
36 4
41 4
36 4
32 4
29 4
32 4
36 4
41 4
36 4
32 2
31 2
29 4
32 4
36 4
41 4
39 2
38 2
36 2
34 2
32 4
35 4
38 4
41 4
38 4
32 4
35 4
38 4
41 4
44 4
41 4
39 2
38 2
36 4
31 4
33 4
34 4
34 4
36 4
41 4
39 4
38 4
36 4
33 4
36 4
34 4
38 4
41 4
45 4
41 4
38 4
34 4
38 4
41 4
43 4
38 2
39 2
38 2
36 2
34 4
38 2
39 2
38 4
34 4
41 4
38 4
36 7
38 7
40 7
E
S
L
72 14
20 0
72 4
20 0
72 4
20 0
72 7
14 0
72 4
20 0
72 2
20 0
72 2
20 0
72 4
20 0
72 4
20 0
72 7
14 0
72 4
20 0
72 2
20 0
72 2
20 0
72 4
20 0
72 4
20 0
72 7
14 0
72 4
20 0
72 2
20 0
72 2
20 0
72 4
20 0
72 4
20 0
72 7
14 0
72 4
20 0
72 2
20 0
72 2
20 0
72 4
20 0
72 4
20 0
72 7
14 0
72 4
20 0
72 2
20 0
72 2
20 0
72 4
20 0
72 4
20 0
72 7
14 0
72 4
20 0
72 2
20 0
72 2
20 0
72 4
20 0
72 4
20 0
72 7
14 0
72 4
20 0
72 2
20 0
72 2
20 0
72 4
20 0
72 4
20 0
72 7
14 0
72 4
20 0
72 2
20 0
72 2
20 0
72 4
20 0
72 4
20 0
72 7
14 0
72 4
20 0
72 2
20 0
72 2
20 0
72 4
20 0
72 4
20 0
72 7
14 0
72 4
20 0
72 2
20 0
72 2
20 0
72 4
20 0
72 4
20 0
72 7
14 0
72 4
20 0
72 2
20 0
72 2
20 0
72 4
20 0
72 4
20 0
72 7
14 0
72 4
20 0
72 2
20 0
72 2
20 0
72 4
20 0
72 4
20 0
72 7
14 0
72 4
20 0
72 2
20 0
72 2
20 0
72 4
20 0
72 4
20 0
72 7
14 0
72 4
20 0
72 2
20 0
72 2
20 0
72 4
20 0
72 4
20 0
72 7
14 0
72 4
20 0
72 2
20 0
72 2
20 0
72 4
20 0
72 4
20 0
72 7
14 0
72 4
20 0
72 2
20 0
72 2
20 0
72 4
20 0
72 4
20 0
72 7
14 0
72 4
20 0
72 2
20 0
72 2
20 0
72 4
20 0
72 4
20 0
72 7
14 0
72 4
20 0
72 2
20 0
72 2
20 0
72 4
20 0
72 4
20 0
72 7
14 0
72 4
20 0
72 2
20 0
72 2
20 0
72 4
20 0
72 4
20 0
72 7
14 0
72 4
20 0
72 2
20 0
72 2
20 0
72 4
20 0
72 4
20 0
72 7
14 0
72 4
20 0
72 2
20 0
72 2
20 0
72 4
20 0
72 4
20 0
72 7
14 0
72 4
20 0
72 2
20 0
72 2
20 0
72 4
20 0
72 4
20 0
72 7
14 0
72 4
20 0
72 2
20 0
72 2
20 0
72 4
20 0
72 4
20 0
72 7
14 0
72 4
20 0
72 2
20 0
72 2
20 0
72 4
20 0
72 4
20 0
72 7
14 0
72 4
20 0
72 2
20 0
72 2
20 0
72 4
20 0
72 4
20 0
72 7
14 0
72 4
20 0
72 2
20 0
72 2
20 0
72 4
20 0
72 4
20 0
72 7
14 0
72 4
20 0
72 2
20 0
72 2
20 0
72 4
20 0
72 4
20 0
72 7
14 0
72 4
20 0
72 2
20 0
72 2
20 0
72 4
20 0
72 4
20 0
72 7
14 0
72 4
20 0
72 2
20 0
72 2
20 0
72 4
20 0
72 4
20 0
72 7
14 0
72 4
20 0
72 2
20 0
72 2
20 0
72 4
20 0
72 4
20 0
72 7
14 0
72 4
20 0
72 2
20 0
72 2
20 0
72 4
20 0
72 4
20 0
72 7
14 0
72 4
20 0
72 2
20 0
72 2
20 0
72 4
20 0
72 4
20 0
72 7
14 0
72 4
20 0
72 2
20 0
72 2
20 0
72 4
20 0
72 4
20 0
72 7
14 0
72 4
20 0
72 2
20 0
72 2
20 0
72 4
20 0
72 4
20 0
72 7
14 0
72 4
20 0
72 2
20 0
72 2
20 0
72 4
20 0
72 4
20 0
72 7
14 0
72 4
20 0
72 2
20 0
72 2
20 0
72 4
20 0
72 4
20 0
72 7
14 0
72 4
20 0
72 2
20 0
72 2
20 0
72 4
20 0
72 4
20 0
72 7
14 0
72 4
20 0
72 2
20 0
72 2
20 0
72 4
20 0
72 4
20 0
72 7
14 0
72 4
20 0
72 2
20 0
72 2
20 0
72 4
20 0
72 4
20 0
72 7
14 0
72 4
20 0
72 2
20 0
E
X
