minor
S
H
44 8
72 8
44 3
72 1
45 3
72 1
47 3
72 1
44 8
72 10
40 3
72 1
40 3
72 1
42 3
72 1
40 8
72 10
37 2
40 2
40 5
72 3
42 5
72 3
44 3
72 1
42 3
72 1
40 3
72 1
42 3
72 1
44 8
72 8
44 3
72 1
45 3
72 1
47 3
72 1
44 8
72 10
40 3
72 1
40 3
72 1
42 3
72 1
40 8
72 10
37 2
40 2
42 4
72 2
44 3
72 4
40 3
72 1
42 5
72 3
44 5
72 14
35 11
72 11
44 8
72 8
44 3
72 1
45 3
72 1
47 3
72 1
44 8
72 10
40 3
72 1
40 3
72 1
42 3
72 1
40 8
72 10
37 2
40 2
40 5
72 3
42 5
72 3
44 3
72 1
42 3
72 1
40 3
72 1
42 3
72 1
44 8
72 8
44 3
72 1
45 3
72 1
47 3
72 1
44 8
72 10
40 3
72 1
40 3
72 1
42 3
72 1
40 8
72 10
37 2
40 2
42 4
72 2
44 3
72 4
40 3
72 1
42 5
72 3
44 5
72 14
35 11
E
S
H
72 14
43 2
38 2
43 5
72 3
47 3
72 1
45 4
72 2
43 2
43 3
72 4
45 2
45 12
72 8
43 2
38 2
43 5
72 3
47 3
72 1
45 3
72 1
45 3
72 1
50 3
72 1
48 2
45 2
47 12
72 8
43 2
38 2
43 5
72 3
47 3
72 1
45 4
72 2
43 2
43 3
72 4
45 2
45 12
72 8
43 2
38 2
43 5
72 3
47 3
72 1
45 3
72 1
45 3
72 1
50 3
72 4
52 2
47 12
72 14
43 2
38 2
43 5
72 3
47 3
72 1
45 4
72 2
43 2
43 3
72 4
45 2
45 12
72 8
43 2
38 2
43 5
72 3
47 3
72 1
45 3
72 1
45 3
72 1
50 3
72 1
48 2
45 2
47 12
72 8
43 2
38 2
43 5
72 3
47 3
72 1
45 4
72 2
43 2
43 3
72 4
45 2
45 12
72 8
43 2
38 2
43 5
72 3
47 3
72 1
45 3
72 1
45 3
72 1
50 3
72 4
52 2
47 12
E
S
H
72 13
35 3
37 2
40 2
40 2
37 2
35 2
40 3
72 1
40 2
40 2
72 13
35 3
37 2
44 3
72 1
42 3
72 1
40 3
72 1
42 3
72 13
35 3
37 2
40 2
40 2
37 2
35 2
40 3
72 1
40 2
40 2
72 9
35 2
40 2
42 3
72 1
44 3
72 1
42 3
72 14
35 3
37 2
40 2
40 2
37 2
35 2
40 3
72 1
40 2
40 2
72 13
35 3
37 2
44 3
72 1
42 3
72 1
40 3
72 1
42 3
72 13
35 3
37 2
40 2
40 2
37 2
35 2
40 3
72 1
40 2
40 2
72 9
35 2
40 2
42 3
72 1
44 3
72 1
42 3
E
S
L
28 7
72 4
28 3
72 1
28 3
72 8
23 2
25 2
72 4
28 5
72 3
28 3
72 1
28 3
72 10
25 5
72 7
25 2
25 3
72 8
25 3
72 1
25 3
72 1
23 5
72 3
23 3
72 1
23 3
72 1
23 3
72 1
23 3
72 1
23 3
72 1
28 7
72 4
28 3
72 1
28 3
72 8
23 2
25 2
72 4
28 5
72 3
28 3
72 1
28 3
72 10
25 5
72 7
25 2
25 3
72 8
25 2
26 2
26 3
72 5
26 3
72 1
26 3
72 1
26 3
72 5
28 3
72 1
30 3
72 1
31 3
72 1
31 3
72 1
31 3
72 1
31 2
31 2
30 3
72 1
30 3
72 1
30 3
72 1
30 2
30 2
28 3
72 1
28 3
72 1
28 3
72 1
28 2
28 2
26 3
72 1
26 3
72 1
26 3
72 1
26 2
26 2
24 3
72 1
24 3
72 1
24 3
72 1
24 2
24 2
23 3
72 1
23 3
72 1
23 3
72 1
23 2
23 2
26 3
72 1
26 3
72 1
26 3
72 1
26 2
26 2
26 3
72 1
26 3
72 1
26 3
72 1
28 2
30 2
31 3
72 1
31 3
72 1
31 3
72 1
31 2
31 2
30 3
72 1
30 3
72 1
30 3
72 1
30 2
30 2
28 3
72 1
28 3
72 1
28 3
72 1
28 2
28 2
26 3
72 1
26 3
72 1
26 3
72 1
26 2
26 2
24 3
72 1
24 3
72 1
24 3
72 1
24 2
24 2
26 3
72 1
26 3
72 1
26 3
72 1
26 2
26 2
28 3
72 1
28 3
72 1
28 3
72 1
28 2
28 2
28 3
72 1
28 3
72 1
28 3
72 1
28 2
28 2
23 7
72 6
23 2
30 2
27 2
23 5
72 6
28 7
72 4
28 3
72 1
28 3
72 8
23 2
25 2
72 4
28 5
72 3
28 3
72 1
28 3
72 10
25 5
72 7
25 2
25 3
72 8
25 3
72 1
25 3
72 1
23 5
72 3
23 3
72 1
23 3
72 1
23 3
72 1
23 3
72 1
23 3
72 1
28 7
72 4
28 3
72 1
28 3
72 8
23 2
25 2
72 4
28 5
72 3
28 3
72 1
28 3
72 10
25 5
72 7
25 2
25 3
72 8
25 2
26 2
26 3
72 5
26 3
72 1
26 3
72 1
26 3
72 5
28 3
72 1
30 3
72 1
31 3
72 1
31 3
72 1
31 3
72 1
31 2
31 2
30 3
72 1
30 3
72 1
30 3
72 1
30 2
30 2
28 3
72 1
28 3
72 1
28 3
72 1
28 2
28 2
26 3
72 1
26 3
72 1
26 3
72 1
26 2
26 2
24 3
72 1
24 3
72 1
24 3
72 1
24 2
24 2
23 3
72 1
23 3
72 1
23 3
72 1
23 2
23 2
26 3
72 1
26 3
72 1
26 3
72 1
26 2
26 2
26 3
72 1
26 3
72 1
26 3
72 1
28 2
30 2
31 3
72 1
31 3
72 1
31 3
72 1
31 2
31 2
30 3
72 1
30 3
72 1
30 3
72 1
30 2
30 2
28 3
72 1
28 3
72 1
28 3
72 1
28 2
28 2
26 3
72 1
26 3
72 1
26 3
72 1
26 2
26 2
24 3
72 1
24 3
72 1
24 3
72 1
24 2
24 2
26 3
72 1
26 3
72 1
26 3
72 1
26 2
26 2
28 3
72 1
28 3
72 1
28 3
72 1
28 2
28 2
28 3
72 1
28 3
72 1
28 3
72 1
28 2
28 2
23 7
72 6
23 2
30 2
27 2
23 5
E
S
L
19 5
72 3
16 4
72 2
19 2
72 4
19 3
72 1
16 3
72 1
19 3
72 1
19 5
72 3
16 4
72 2
19 2
72 4
19 3
72 1
16 3
72 1
19 3
72 1
19 5
72 3
16 4
72 2
19 2
72 4
19 3
72 1
16 3
72 1
19 3
72 1
19 5
72 3
16 4
72 2
19 2
72 4
19 3
72 1
16 3
72 1
19 3
72 1
19 5
72 3
16 4
72 2
19 2
72 4
19 3
72 1
16 3
72 1
19 3
72 1
19 5
72 3
16 4
72 2
19 2
72 4
19 3
72 1
16 3
72 1
19 3
72 1
19 5
72 3
16 4
72 2
19 2
72 4
19 3
72 1
16 3
72 1
19 3
72 1
19 5
72 3
16 4
72 2
19 2
72 4
19 3
72 1
16 3
72 1
19 3
72 1
19 5
72 3
16 4
72 2
19 2
72 4
19 3
72 1
16 3
72 1
19 3
72 1
19 5
72 3
16 4
72 2
19 2
72 4
19 3
72 1
16 3
72 1
19 3
72 1
19 5
72 3
16 4
72 2
19 2
72 4
19 3
72 1
16 3
72 1
19 3
72 1
19 5
72 3
16 4
72 2
19 2
72 4
19 3
72 1
16 3
72 1
19 3
72 1
19 5
72 3
16 4
72 2
19 2
72 4
19 3
72 1
16 3
72 1
19 3
72 1
19 5
72 3
16 4
72 2
19 2
72 4
19 3
72 1
16 3
72 1
19 3
72 1
19 5
72 3
16 4
72 2
19 2
72 4
19 3
72 1
16 3
72 1
19 3
72 1
19 5
72 3
16 4
72 2
19 2
72 4
19 3
72 1
16 3
72 1
19 3
72 1
19 5
72 3
16 4
72 2
19 2
72 4
19 3
72 1
16 3
72 1
19 3
72 1
19 5
72 3
16 4
72 2
19 2
72 4
19 3
72 1
16 3
72 1
19 3
72 1
19 5
72 3
16 4
72 2
19 2
72 4
19 3
72 1
16 3
72 1
19 3
72 1
19 5
72 3
16 4
72 2
19 2
72 4
19 3
72 1
16 3
72 1
19 3
72 1
19 5
72 3
16 4
72 2
19 2
72 4
19 3
72 1
16 3
72 1
19 3
72 1
19 5
72 3
16 4
72 2
19 2
72 4
19 3
72 1
16 3
72 1
19 3
72 1
19 5
72 3
16 4
72 2
19 2
72 4
19 3
72 1
16 3
72 1
19 3
72 1
19 5
72 3
16 4
72 2
19 2
72 4
19 3
72 1
16 3
72 1
19 3
72 1
19 5
72 3
16 4
72 2
19 2
72 4
19 3
72 1
16 3
72 1
19 3
72 1
19 5
72 3
16 4
72 2
19 2
72 4
19 3
72 1
16 3
72 1
19 3
72 1
19 5
72 3
16 4
72 2
19 2
72 4
19 3
72 1
16 3
72 1
19 3
72 1
19 5
72 3
16 4
72 2
19 2
72 4
19 3
72 1
16 3
72 1
19 3
72 1
19 5
72 3
16 4
72 2
19 2
72 4
19 3
72 1
16 3
72 1
19 3
72 1
19 5
72 3
16 4
72 2
19 2
72 4
19 3
72 1
16 3
72 1
19 3
72 1
19 5
72 3
16 4
72 2
19 2
72 4
19 3
72 1
16 3
72 1
19 3
72 1
19 5
72 3
16 4
72 2
19 2
72 4
19 3
72 1
16 3
72 1
19 3
72 1
19 5
72 3
16 4
72 2
19 2
72 4
19 3
72 1
16 3
72 1
19 3
72 1
19 5
72 3
16 4
72 2
19 2
72 4
19 3
72 1
16 3
72 1
19 3
E
S
L
72 4
35 5
72 3
35 5
72 3
35 5
72 3
35 5
72 3
35 5
72 3
35 5
72 3
35 5
72 3
35 5
72 3
35 5
72 3
35 5
72 3
35 5
72 3
35 5
72 3
35 5
72 3
35 5
72 3
35 5
72 3
35 5
72 3
35 5
72 3
35 5
72 3
35 5
72 3
35 5
72 3
35 5
72 3
35 5
72 3
35 5
72 3
35 5
72 3
35 5
72 3
35 5
72 3
35 5
72 3
35 5
72 3
35 5
72 3
35 5
72 3
35 5
72 3
35 5
72 3
35 5
72 3
35 5
72 3
35 5
72 3
35 5
72 3
35 5
72 3
35 5
72 3
35 5
72 3
35 5
72 3
35 5
72 3
35 5
72 3
35 5
72 3
35 5
72 3
35 5
72 3
35 5
72 3
35 5
72 3
35 5
72 3
35 5
72 3
35 5
72 3
35 5
72 3
35 5
72 3
35 5
72 3
35 5
72 3
35 5
72 3
35 5
72 3
35 5
72 3
35 5
72 3
35 5
72 3
35 5
72 3
35 5
72 3
35 5
72 3
35 5
72 3
35 5
72 3
35 5
72 3
35 5
72 3
35 5
72 3
35 5
72 3
35 5
72 3
35 5
72 3
35 5
72 3
35 5
72 3
35 5
72 3
35 5
72 3
35 5
72 3
35 5
72 3
35 5
72 3
35 5
72 3
35 5
72 3
35 5
72 3
35 5
72 3
35 5
72 3
35 5
72 3
35 5
72 3
35 5
72 3
35 5
72 3
35 5
72 3
35 5
72 3
35 5
72 3
35 5
72 3
35 5
72 3
35 5
72 3
35 5
72 3
35 5
72 3
35 5
72 3
35 5
72 3
35 5
72 3
35 5
72 3
35 5
72 3
35 5
72 3
35 5
72 3
35 5
72 3
35 5
72 3
35 5
72 3
35 5
72 3
35 5
72 3
35 5
72 3
35 5
72 3
35 5
72 3
35 5
72 3
35 5
72 3
35 5
72 3
35 5
72 3
35 5
72 3
35 5
72 3
35 5
72 3
35 5
72 3
35 5
72 3
35 5
72 3
35 5
72 3
35 5
72 3
35 5
72 3
35 5
72 3
35 5
72 3
35 5
72 3
35 5
72 3
35 5
72 3
35 5
72 3
35 5
72 3
35 5
72 3
35 5
72 3
35 5
72 3
35 5
72 3
35 5
72 3
35 5
72 3
35 5
E
X
