major
S
L
72 14
16 14
72 4
16 14
72 4
28 12
31 7
30 13
28 7
31 7
30 7
27 7
36 7
35 7
27 7
28 12
31 7
30 13
28 7
31 7
30 7
33 7
31 7
36 7
35 7
35 12
36 7
33 13
36 7
35 7
33 7
38 7
36 7
35 7
36 7
35 12
36 7
33 13
36 7
35 7
33 7
40 7
38 7
36 7
35 7
35 14
72 4
28 12
31 7
30 13
28 7
31 7
30 7
27 7
36 7
35 7
27 7
28 12
31 7
30 13
28 7
31 7
30 7
33 7
31 7
36 7
35 7
35 12
36 7
33 13
36 7
35 7
33 7
38 7
36 7
35 7
36 7
35 12
36 7
33 13
36 7
35 7
33 7
40 7
38 7
36 7
35 7
35 14
72 14
60 2
60 2
134 2
134 2
134 2
134 2
168 2
168 2
72 14
60 2
60 2
134 2
134 2
134 2
134 2
168 2
168 2
72 14
60 2
60 2
134 2
134 2
134 2
134 2
168 2
168 2
72 14
60 2
60 2
134 2
134 2
134 2
134 2
168 2
168 2
72 14
25 12
28 7
27 13
25 7
28 7
27 7
24 7
33 7
32 7
24 7
25 12
28 7
27 13
25 7
28 7
27 7
30 7
28 7
33 7
32 7
32 12
33 7
30 13
33 7
32 7
30 7
35 7
33 7
32 7
33 7
32 12
33 7
30 13
33 7
32 7
30 7
37 7
35 7
33 7
32 7
32 14
E
S
L
16 2
17 2
16 2
19 2
16 2
21 2
16 2
23 2
16 2
17 2
16 2
19 2
16 2
21 2
16 2
23 2
16 2
17 2
16 2
19 2
16 2
21 2
16 2
23 2
16 2
17 2
16 2
19 2
16 2
21 2
16 2
23 2
16 2
17 2
16 2
19 2
16 2
21 2
16 2
23 2
16 2
17 2
16 2
19 2
16 2
21 2
16 2
23 2
16 2
17 2
16 2
19 2
16 2
21 2
16 2
23 2
16 2
17 2
16 2
19 2
16 2
21 2
16 2
23 2
16 2
17 2
16 2
19 2
16 2
21 2
16 2
23 2
16 2
17 2
16 2
19 2
16 2
21 2
16 2
23 2
16 2
17 2
16 2
19 2
16 2
21 2
16 2
23 2
16 2
17 2
16 2
19 2
16 2
21 2
16 2
23 2
16 2
17 2
16 2
19 2
16 2
21 2
16 2
23 2
16 2
17 2
16 2
19 2
16 2
21 2
16 2
23 2
16 2
17 2
16 2
19 2
16 2
21 2
16 2
23 2
16 2
17 2
16 2
19 2
16 2
21 2
16 2
23 2
16 2
17 2
16 2
19 2
16 2
21 2
16 2
23 2
16 2
17 2
16 2
19 2
16 2
21 2
16 2
23 2
16 2
17 2
16 2
19 2
16 2
21 2
16 2
23 2
16 2
17 2
16 2
19 2
16 2
21 2
16 2
23 2
16 2
17 2
16 2
19 2
16 2
21 2
16 2
23 2
16 2
17 2
16 2
19 2
16 2
21 2
16 2
23 2
16 2
17 2
16 2
19 2
16 2
21 2
16 2
23 2
16 2
17 2
16 2
19 2
16 2
21 2
16 2
23 2
16 2
17 2
16 2
19 2
16 2
21 2
16 2
23 2
16 2
17 2
16 2
19 2
16 2
21 2
16 2
23 2
16 2
17 2
16 2
19 2
16 2
21 2
16 2
23 2
16 2
17 2
16 2
19 2
16 2
21 2
16 2
23 2
16 2
17 2
16 2
19 2
16 2
21 2
16 2
23 2
16 2
17 2
16 2
19 2
16 2
21 2
16 2
23 2
16 2
17 2
16 2
19 2
16 2
21 2
16 2
23 2
16 2
17 2
16 2
19 2
16 2
21 2
16 2
23 2
16 2
17 2
16 2
19 2
16 2
21 2
16 2
23 2
16 2
17 2
16 2
19 2
16 2
21 2
16 2
23 2
16 2
17 2
16 2
19 2
16 2
21 2
16 2
23 2
16 2
17 2
16 2
19 2
16 2
21 2
16 2
23 2
17 2
19 2
17 2
21 2
17 2
23 2
17 2
24 2
17 2
19 2
17 2
21 2
17 2
23 2
17 2
24 2
17 2
19 2
17 2
21 2
17 2
23 2
17 2
24 2
17 2
19 2
17 2
21 2
17 2
23 2
17 2
24 2
17 2
19 2
17 2
21 2
17 2
23 2
17 2
24 2
17 2
19 2
17 2
21 2
17 2
23 2
17 2
24 2
17 2
19 2
17 2
21 2
17 2
23 2
17 2
24 2
17 2
19 2
17 2
21 2
17 2
23 2
17 2
24 2
17 2
19 2
17 2
21 2
17 2
23 2
17 2
24 2
17 2
19 2
17 2
21 2
17 2
23 2
17 2
24 2
17 2
19 2
17 2
21 2
17 2
23 2
17 2
24 2
17 2
19 2
17 2
21 2
17 2
23 2
17 2
24 2
17 2
19 2
17 2
21 2
17 2
23 2
17 2
24 2
17 2
19 2
17 2
21 2
17 2
23 2
17 2
24 2
17 2
19 2
17 2
21 2
17 2
23 2
17 2
24 2
17 2
19 2
17 2
21 2
17 2
23 2
17 2
24 2
16 2
17 2
16 2
19 2
16 2
21 2
16 2
23 2
16 2
17 2
16 2
19 2
16 2
21 2
16 2
23 2
16 2
17 2
16 2
19 2
16 2
21 2
16 2
23 2
16 2
17 2
16 2
19 2
16 2
21 2
16 2
23 2
16 2
17 2
16 2
19 2
16 2
21 2
16 2
23 2
16 2
17 2
16 2
19 2
16 2
21 2
16 2
23 2
16 2
17 2
16 2
19 2
16 2
21 2
16 2
23 2
16 2
17 2
16 2
19 2
16 2
21 2
16 2
23 2
16 2
17 2
16 2
19 2
16 2
21 2
16 2
23 2
16 2
17 2
16 2
19 2
16 2
21 2
16 2
23 2
16 2
17 2
16 2
19 2
16 2
21 2
16 2
23 2
16 2
17 2
16 2
19 2
16 2
21 2
16 2
23 2
16 2
17 2
16 2
19 2
16 2
21 2
16 2
23 2
16 2
17 2
16 2
19 2
16 2
21 2
16 2
23 2
16 2
17 2
16 2
19 2
16 2
21 2
16 2
23 2
16 2
17 2
16 2
19 2
16 2
21 2
16 2
23 2
16 2
17 2
16 2
19 2
16 2
21 2
16 2
23 2
16 2
17 2
16 2
19 2
16 2
21 2
16 2
23 2
16 2
17 2
16 2
19 2
16 2
21 2
16 2
23 2
16 2
17 2
16 2
19 2
16 2
21 2
16 2
23 2
16 2
17 2
16 2
19 2
16 2
21 2
16 2
23 2
16 2
17 2
16 2
19 2
16 2
21 2
16 2
23 2
16 2
17 2
16 2
19 2
16 2
21 2
16 2
23 2
16 2
17 2
16 2
19 2
16 2
21 2
16 2
23 2
17 2
19 2
17 2
21 2
17 2
23 2
17 2
24 2
17 2
19 2
17 2
21 2
17 2
23 2
17 2
24 2
17 2
19 2
17 2
21 2
17 2
23 2
17 2
24 2
17 2
19 2
17 2
21 2
17 2
23 2
17 2
24 2
17 2
19 2
17 2
21 2
17 2
23 2
17 2
24 2
17 2
19 2
17 2
21 2
17 2
23 2
17 2
24 2
17 2
19 2
17 2
21 2
17 2
23 2
17 2
24 2
17 2
19 2
17 2
21 2
17 2
23 2
17 2
24 2
17 2
19 2
17 2
21 2
17 2
23 2
17 2
24 2
17 2
19 2
17 2
21 2
17 2
23 2
17 2
24 2
17 2
19 2
17 2
21 2
17 2
23 2
17 2
24 2
17 2
19 2
17 2
21 2
17 2
23 2
17 2
24 2
17 2
19 2
17 2
21 2
17 2
23 2
17 2
24 2
17 2
19 2
17 2
21 2
17 2
23 2
17 2
24 2
17 2
19 2
17 2
21 2
17 2
23 2
17 2
24 2
17 2
19 2
17 2
21 2
17 2
23 2
17 2
24 2
16 2
17 2
16 2
19 2
16 2
21 2
16 2
23 2
16 2
17 2
16 2
19 2
16 2
21 2
16 2
23 2
16 2
17 2
16 2
19 2
16 2
21 2
16 2
23 2
16 2
17 2
16 2
19 2
16 2
21 2
16 2
23 2
16 2
17 2
16 2
19 2
16 2
21 2
16 2
23 2
16 2
17 2
16 2
19 2
16 2
21 2
16 2
23 2
16 2
17 2
16 2
19 2
16 2
21 2
16 2
23 2
16 2
17 2
16 2
19 2
16 2
21 2
16 2
23 2
17 2
19 2
17 2
21 2
17 2
23 2
17 2
24 2
17 2
19 2
17 2
21 2
17 2
23 2
17 2
24 2
17 2
19 2
17 2
21 2
17 2
23 2
17 2
24 2
17 2
19 2
17 2
21 2
17 2
23 2
17 2
24 2
17 2
19 2
17 2
21 2
17 2
23 2
17 2
24 2
17 2
19 2
17 2
21 2
17 2
23 2
17 2
24 2
17 2
19 2
17 2
21 2
17 2
23 2
17 2
24 2
17 2
19 2
17 2
21 2
17 2
23 2
17 2
24 2
14 2
16 2
14 2
17 2
14 2
19 2
14 2
21 2
14 2
16 2
14 2
17 2
14 2
19 2
14 2
21 2
14 2
16 2
14 2
17 2
14 2
19 2
14 2
21 2
14 2
16 2
14 2
17 2
14 2
19 2
14 2
21 2
14 2
16 2
14 2
17 2
14 2
19 2
14 2
21 2
14 2
16 2
14 2
17 2
14 2
19 2
14 2
21 2
14 2
16 2
14 2
17 2
14 2
19 2
14 2
21 2
14 2
16 2
14 2
17 2
14 2
19 2
14 2
21 2
17 2
19 2
17 2
21 2
17 2
23 2
17 2
24 2
17 2
19 2
17 2
21 2
17 2
23 2
17 2
24 2
17 2
19 2
17 2
21 2
17 2
23 2
17 2
24 2
17 2
19 2
17 2
21 2
17 2
23 2
17 2
24 2
17 2
19 2
17 2
21 2
17 2
23 2
17 2
24 2
17 2
19 2
17 2
21 2
17 2
23 2
17 2
24 2
17 2
19 2
17 2
21 2
17 2
23 2
17 2
24 2
17 2
19 2
17 2
21 2
17 2
23 2
17 2
24 2
20 2
21 2
20 2
22 2
20 2
24 2
20 2
27 2
20 2
21 2
20 2
22 2
20 2
24 2
20 2
27 2
20 2
21 2
20 2
22 2
20 2
24 2
20 2
27 2
20 2
21 2
20 2
22 2
20 2
24 2
20 2
27 2
20 2
21 2
20 2
22 2
20 2
24 2
20 2
27 2
20 2
21 2
20 2
22 2
20 2
24 2
20 2
27 2
20 2
21 2
20 2
22 2
20 2
24 2
20 2
27 2
20 2
21 2
20 2
22 2
20 2
24 2
20 2
27 2
13 2
15 2
13 2
16 2
13 2
18 2
13 2
20 2
13 2
15 2
13 2
16 2
13 2
18 2
13 2
20 2
13 2
15 2
13 2
16 2
13 2
18 2
13 2
20 2
13 2
15 2
13 2
16 2
13 2
18 2
13 2
20 2
13 2
15 2
13 2
16 2
13 2
18 2
13 2
20 2
13 2
15 2
13 2
16 2
13 2
18 2
13 2
20 2
13 2
15 2
13 2
16 2
13 2
18 2
13 2
20 2
13 2
15 2
13 2
16 2
13 2
18 2
13 2
20 2
13 2
15 2
13 2
16 2
13 2
18 2
13 2
20 2
13 2
15 2
13 2
16 2
13 2
18 2
13 2
20 2
13 2
15 2
13 2
16 2
13 2
18 2
13 2
20 2
13 2
15 2
13 2
16 2
13 2
18 2
13 2
20 2
13 2
15 2
13 2
16 2
13 2
18 2
13 2
20 2
13 2
15 2
13 2
16 2
13 2
18 2
13 2
20 2
13 2
15 2
13 2
16 2
13 2
18 2
13 2
20 2
13 2
15 2
13 2
16 2
13 2
18 2
13 2
20 2
14 2
16 2
14 2
18 2
14 2
20 2
14 2
20 2
14 2
16 2
14 2
18 2
14 2
20 2
14 2
20 2
14 2
16 2
14 2
18 2
14 2
20 2
14 2
20 2
14 2
16 2
14 2
18 2
14 2
20 2
14 2
20 2
14 2
16 2
14 2
18 2
14 2
20 2
14 2
20 2
14 2
16 2
14 2
18 2
14 2
20 2
14 2
20 2
14 2
16 2
14 2
18 2
14 2
20 2
14 2
20 2
14 2
16 2
14 2
18 2
14 2
20 2
14 2
20 2
14 2
16 2
14 2
18 2
14 2
20 2
14 2
20 2
14 2
16 2
14 2
18 2
14 2
20 2
14 2
20 2
14 2
16 2
14 2
18 2
14 2
20 2
14 2
20 2
14 2
16 2
14 2
18 2
14 2
20 2
14 2
20 2
14 2
16 2
14 2
18 2
14 2
20 2
14 2
20 2
14 2
16 2
14 2
18 2
14 2
20 2
14 2
20 2
14 2
16 2
14 2
18 2
14 2
20 2
14 2
20 2
14 2
16 2
14 2
18 2
14 2
20 2
14 2
20 2
13 2
15 2
13 2
16 2
13 2
18 2
13 2
20 2
13 2
15 2
13 2
16 2
13 2
18 2
13 2
20 2
13 2
15 2
13 2
16 2
13 2
18 2
13 2
20 2
13 2
15 2
13 2
16 2
13 2
18 2
13 2
20 2
13 2
15 2
13 2
16 2
13 2
18 2
13 2
20 2
13 2
15 2
13 2
16 2
13 2
18 2
13 2
20 2
13 2
15 2
13 2
16 2
13 2
18 2
13 2
20 2
13 2
15 2
13 2
16 2
13 2
18 2
13 2
20 2
13 2
E
S
L
72 14
23 12
26 7
25 13
23 7
26 7
25 7
23 7
31 7
30 7
23 7
23 12
26 7
25 13
23 7
26 7
25 7
28 7
26 7
31 7
30 7
31 12
33 7
29 13
33 7
31 7
29 7
35 7
33 7
31 7
33 7
31 12
33 7
29 13
33 7
31 7
29 7
35 7
33 7
31 7
33 7
29 12
72 13
28 12
72 14
31 12
33 7
29 12
24 7
29 7
33 7
31 7
29 7
35 7
33 7
31 7
33 7
31 12
24 7
29 13
33 7
31 7
29 7
35 7
33 7
31 7
33 7
29 12
72 12
31 7
29 4
28 12
72 13
17 14
72 4
14 14
72 4
17 14
72 4
20 14
72 4
24 14
72 4
25 12
72 4
25 12
28 7
27 13
24 8
25 8
72 1
27 8
28 13
30 11
28 7
30 4
32 12
72 13
28 12
30 7
26 13
30 7
28 7
26 7
32 7
30 7
28 7
30 7
28 12
30 7
26 13
30 7
28 7
26 7
32 7
30 7
28 7
30 7
27 12
72 13
25 12
E
S
L
72 14
28 4
28 2
28 4
28 2
28 4
28 4
28 4
72 7
28 4
28 2
28 4
28 2
28 4
28 4
28 4
72 7
28 4
28 2
28 4
28 2
28 4
28 4
28 4
72 7
28 4
28 2
28 4
28 2
28 4
28 4
28 4
72 7
28 4
28 2
28 4
28 2
28 4
28 4
28 4
72 7
28 4
28 2
28 4
28 2
28 4
28 4
28 4
72 7
28 4
28 2
28 4
28 2
28 4
28 4
28 4
72 7
28 4
28 2
28 4
28 2
28 4
28 4
28 4
72 7
28 4
28 2
28 4
28 2
28 4
28 4
28 4
72 7
28 4
28 2
28 4
28 2
28 4
28 4
28 4
72 7
28 4
28 2
28 4
28 2
28 4
28 4
28 4
72 7
28 4
28 2
28 4
28 2
28 4
28 4
28 4
72 7
28 4
28 2
28 4
28 2
28 4
28 4
28 4
72 7
28 4
28 2
28 4
28 2
28 4
28 4
28 4
72 7
28 4
28 2
28 4
28 2
28 4
28 4
28 4
72 7
28 4
28 2
28 4
28 2
28 4
28 4
28 4
72 7
29 4
29 2
29 4
29 2
29 4
29 4
29 4
72 7
29 4
29 2
29 4
29 2
29 4
29 4
29 4
72 7
29 4
29 2
29 4
29 2
29 4
29 4
29 4
72 7
29 4
29 2
29 4
29 2
29 4
29 4
29 4
72 7
29 4
29 2
29 4
29 2
29 4
29 4
29 4
72 7
29 4
29 2
29 4
29 2
29 4
29 4
29 4
72 7
29 4
29 2
29 4
29 2
29 4
29 4
29 4
72 7
29 4
29 2
29 4
29 2
29 4
29 4
29 4
72 7
28 4
28 2
28 4
28 2
28 4
28 4
28 4
72 7
28 4
28 2
28 4
28 2
28 4
28 4
28 4
72 7
28 4
28 2
28 4
28 2
28 4
28 4
28 4
72 7
28 4
28 2
28 4
28 2
28 4
28 4
28 4
72 7
28 4
28 2
28 4
28 2
28 4
28 4
28 4
72 7
28 4
28 2
28 4
28 2
28 4
28 4
28 4
72 7
28 4
28 2
28 4
28 2
28 4
28 4
28 4
72 7
28 4
28 2
28 4
28 2
28 4
28 4
28 4
72 7
28 4
28 2
28 4
28 2
28 4
28 4
28 4
72 7
28 4
28 2
28 4
28 2
28 4
28 4
28 4
72 7
28 4
28 2
28 4
28 2
28 4
28 4
28 4
72 7
28 4
28 2
28 4
28 2
28 4
28 4
28 4
72 7
29 4
29 2
29 4
29 2
29 4
29 4
29 4
72 7
29 4
29 2
29 4
29 2
29 4
29 4
29 4
72 7
29 4
29 2
29 4
29 2
29 4
29 4
29 4
72 7
29 4
29 2
29 4
29 2
29 4
29 4
29 4
72 7
29 4
29 2
29 4
29 2
29 4
29 4
29 4
72 7
29 4
29 2
29 4
29 2
29 4
29 4
29 4
72 7
29 4
29 2
29 4
29 2
29 4
29 4
29 4
72 7
29 4
29 2
29 4
29 2
29 4
29 4
29 4
72 7
28 4
28 2
28 4
28 2
28 4
28 4
28 4
72 7
28 4
28 2
28 4
28 2
28 4
28 4
28 4
72 7
28 4
28 2
28 4
28 2
28 4
28 4
28 4
72 7
28 4
28 2
28 4
28 2
28 4
28 4
28 4
72 7
29 4
29 2
29 4
29 2
29 4
29 4
29 4
72 7
29 4
29 2
29 4
29 2
29 4
29 4
29 4
72 7
29 4
29 2
29 4
29 2
29 4
29 4
29 4
72 7
29 4
29 2
29 4
29 2
29 4
29 4
29 4
72 7
26 4
26 2
26 4
26 2
26 4
26 4
26 4
72 7
26 4
26 2
26 4
26 2
26 4
26 4
26 4
72 7
26 4
26 2
26 4
26 2
26 4
26 4
26 4
72 7
26 4
26 2
26 4
26 2
26 4
26 4
26 4
72 7
29 4
29 2
29 4
29 2
29 4
29 4
29 4
72 7
29 4
29 2
29 4
29 2
29 4
29 4
29 4
72 7
29 4
29 2
29 4
29 2
29 4
29 4
29 4
72 7
29 4
29 2
29 4
29 2
29 4
29 4
29 4
72 7
32 4
32 2
32 4
32 2
32 4
32 4
32 4
72 7
32 4
32 2
32 4
32 2
32 4
32 4
32 4
72 7
32 4
32 2
32 4
32 2
32 4
32 4
32 4
72 7
32 4
32 2
32 4
32 2
32 4
32 4
32 4
72 7
37 4
37 2
37 4
37 2
37 4
37 4
37 4
72 7
37 4
37 2
37 4
37 2
37 4
37 4
37 4
72 7
37 4
37 2
37 4
37 2
37 4
37 4
37 4
72 7
37 4
37 2
37 4
37 2
37 4
37 4
37 4
72 7
37 4
37 2
37 4
37 2
37 4
37 4
37 4
72 7
37 4
37 2
37 4
37 2
37 4
37 4
37 4
72 7
37 4
37 2
37 4
37 2
37 4
37 4
37 4
72 7
37 4
37 2
37 4
37 2
37 4
37 4
37 4
72 7
38 4
38 2
38 4
38 2
38 4
38 4
38 4
72 7
38 4
38 2
38 4
38 2
38 4
38 4
38 4
72 7
38 4
38 2
38 4
38 2
38 4
38 4
38 4
72 7
38 4
38 2
38 4
38 2
38 4
38 4
38 4
72 7
38 4
38 2
38 4
38 2
38 4
38 4
38 4
72 7
38 4
38 2
38 4
38 2
38 4
38 4
38 4
72 7
38 4
38 2
38 4
38 2
38 4
38 4
38 4
72 7
38 4
38 2
38 4
38 2
38 4
38 4
38 4
72 7
37 4
37 2
37 4
37 2
37 4
37 4
37 4
72 7
37 4
37 2
37 4
37 2
37 4
37 4
37 4
72 7
37 4
37 2
37 4
37 2
37 4
37 4
37 4
72 7
37 4
37 2
37 4
37 2
37 4
37 4
37 4
E
S
L
72 14
16 14
72 4
16 14
72 4
28 12
31 7
30 13
28 7
31 7
30 7
27 7
36 7
35 7
27 7
28 12
31 7
30 13
28 7
31 7
30 7
33 7
31 7
36 7
35 7
35 12
36 7
33 13
36 7
35 7
33 7
38 7
36 7
35 7
36 7
35 12
36 7
33 13
36 7
35 7
33 7
40 7
38 7
36 7
35 7
35 14
72 5
28 12
31 7
30 13
28 7
31 7
30 7
27 7
36 7
35 7
27 7
28 12
31 7
30 13
28 7
31 7
30 7
33 7
31 7
36 7
35 7
35 12
36 7
33 13
36 7
35 7
33 7
38 7
36 7
35 7
36 7
35 12
36 7
33 13
36 7
35 7
33 7
40 7
38 7
36 7
35 7
35 14
72 14
60 2
72 0
60 2
134 2
134 2
72 0
134 2
72 0
134 2
168 2
168 2
72 14
60 2
72 0
60 2
134 2
134 2
72 0
134 2
72 0
134 2
168 2
168 2
72 14
60 2
72 0
60 2
134 2
134 2
72 0
134 2
72 0
134 2
168 2
168 2
72 14
60 2
72 0
60 2
134 2
134 2
72 0
134 2
72 0
134 2
168 2
168 2
72 14
25 12
28 7
27 13
25 7
28 7
27 7
24 7
33 7
32 7
24 7
25 12
28 7
27 13
25 7
28 7
27 7
30 7
28 7
33 7
32 7
32 12
33 7
30 13
33 7
32 7
30 7
35 7
33 7
32 7
33 7
32 12
33 7
30 13
33 7
32 7
30 7
37 7
35 7
33 7
32 7
32 14
E
S
L
28 2
29 2
28 2
31 2
28 2
33 2
28 2
35 2
28 2
29 2
28 2
31 2
28 2
33 2
28 2
35 2
28 2
29 2
28 2
31 2
28 2
33 2
28 2
35 2
28 2
29 2
28 2
31 2
28 2
33 2
28 2
35 2
28 2
29 2
28 2
31 2
28 2
33 2
28 2
35 2
28 2
29 2
28 2
31 2
28 2
33 2
28 2
35 2
28 2
29 2
28 2
31 2
28 2
33 2
28 2
35 2
28 2
29 2
28 2
31 2
28 2
33 2
28 2
35 2
28 2
29 2
28 2
31 2
28 2
33 2
28 2
35 2
28 2
29 2
28 2
31 2
28 2
33 2
28 2
35 2
28 2
29 2
28 2
31 2
28 2
33 2
28 2
35 2
28 2
29 2
28 2
31 2
28 2
33 2
28 2
35 2
28 2
29 2
28 2
31 2
28 2
33 2
28 2
35 2
28 2
29 2
28 2
31 2
28 2
33 2
28 2
35 2
28 2
29 2
28 2
31 2
28 2
33 2
28 2
35 2
28 2
29 2
28 2
31 2
28 2
33 2
28 2
35 2
28 2
29 2
28 2
31 2
28 2
33 2
28 2
35 2
28 2
29 2
28 2
31 2
28 2
33 2
28 2
35 2
28 2
29 2
28 2
31 2
28 2
33 2
28 2
35 2
28 2
29 2
28 2
31 2
28 2
33 2
28 2
35 2
28 2
72 14
40 5
72 0
43 5
45 5
72 0
47 7
50 7
49 12
45 7
47 13
39 8
40 8
72 1
42 8
43 13
45 11
43 7
45 4
47 13
55 13
E
S
H
72 14
28 12
31 7
30 13
28 7
31 7
30 7
27 7
36 7
35 7
27 7
28 12
31 7
30 13
28 7
31 7
30 7
33 7
31 7
36 7
35 7
35 12
36 7
33 13
36 7
35 7
33 7
38 7
36 7
35 7
36 7
35 12
36 7
33 13
36 7
35 7
33 7
40 7
38 7
36 7
35 7
35 14
72 4
40 5
72 0
43 5
45 5
72 0
47 7
50 7
49 12
45 7
47 13
39 8
40 8
72 1
42 8
43 13
45 11
43 7
45 4
47 13
55 13
43 12
45 7
41 12
36 7
41 7
45 7
43 7
41 7
47 7
45 7
43 7
45 7
43 12
36 7
41 13
45 7
43 7
41 7
47 7
45 7
43 7
45 7
41 12
72 12
43 7
41 4
40 12
72 14
25 2
28 2
32 2
28 2
32 2
37 2
40 2
37 2
40 2
44 2
49 2
44 2
49 2
52 2
56 2
52 2
25 2
28 2
32 2
28 2
32 2
37 2
40 2
37 2
40 2
44 2
49 2
44 2
49 2
52 2
56 2
52 2
25 2
28 2
32 2
28 2
32 2
37 2
40 2
37 2
40 2
44 2
49 2
44 2
49 2
52 2
56 2
52 2
25 2
28 2
32 2
28 2
32 2
37 2
40 2
37 2
40 2
44 2
49 2
44 2
49 2
52 2
56 2
52 2
25 2
28 2
32 2
28 2
32 2
37 2
40 2
37 2
40 2
44 2
49 2
44 2
49 2
52 2
56 2
52 2
25 2
28 2
32 2
28 2
32 2
37 2
40 2
37 2
40 2
44 2
49 2
44 2
49 2
52 2
56 2
52 2
25 2
28 2
32 2
28 2
32 2
37 2
40 2
37 2
40 2
44 2
49 2
44 2
49 2
52 2
56 2
52 2
25 2
28 2
32 2
28 2
32 2
37 2
40 2
37 2
40 2
44 2
49 2
44 2
49 2
52 2
56 2
52 2
26 2
30 2
33 2
30 2
33 2
38 2
42 2
38 2
42 2
45 2
50 2
45 2
50 2
54 2
57 2
54 2
26 2
30 2
33 2
30 2
33 2
38 2
42 2
38 2
42 2
45 2
50 2
45 2
50 2
54 2
57 2
54 2
26 2
30 2
33 2
30 2
33 2
38 2
42 2
38 2
42 2
45 2
50 2
45 2
50 2
54 2
57 2
54 2
26 2
30 2
33 2
30 2
33 2
38 2
42 2
38 2
42 2
45 2
50 2
45 2
50 2
54 2
57 2
54 2
26 2
30 2
33 2
30 2
33 2
38 2
42 2
38 2
42 2
45 2
50 2
45 2
50 2
54 2
57 2
54 2
26 2
30 2
33 2
30 2
33 2
38 2
42 2
38 2
42 2
45 2
50 2
45 2
50 2
54 2
57 2
54 2
26 2
30 2
33 2
30 2
33 2
38 2
42 2
38 2
42 2
45 2
50 2
45 2
50 2
54 2
57 2
54 2
26 2
30 2
33 2
30 2
33 2
38 2
42 2
38 2
42 2
45 2
50 2
45 2
50 2
54 2
57 2
54 2
25 2
28 2
32 2
28 2
32 2
37 2
40 2
37 2
40 2
44 2
49 2
44 2
49 2
52 2
56 2
52 2
25 2
28 2
32 2
28 2
32 2
37 2
40 2
37 2
40 2
44 2
49 2
44 2
49 2
52 2
56 2
52 2
25 2
28 2
32 2
28 2
32 2
37 2
40 2
37 2
40 2
44 2
49 2
44 2
49 2
52 2
56 2
52 2
25 2
28 2
32 2
28 2
32 2
37 2
40 2
37 2
40 2
44 2
49 2
44 2
49 2
52 2
56 2
52 2
E
X
