minor
S
H
60 6
72 2
55 11
60 4
54 12
72 2
51 6
72 2
60 6
72 2
55 11
60 4
54 10
72 2
48 4
51 4
48 4
51 4
60 6
72 2
55 11
60 4
54 12
72 2
51 6
72 2
60 6
72 2
55 11
60 4
54 10
72 2
48 4
51 4
48 4
51 4
72 14
60 6
72 2
55 11
60 4
54 12
72 2
51 6
72 2
60 6
72 2
55 11
60 4
54 10
72 2
48 4
51 4
48 4
51 4
60 6
72 2
55 11
60 4
54 12
72 2
51 6
72 2
60 6
72 2
55 11
60 4
54 10
72 2
48 4
51 4
48 4
51 4
E
S
H
60 6
72 2
55 11
60 4
54 12
72 2
51 6
72 2
60 6
72 2
55 11
60 4
54 10
72 2
48 4
51 4
48 4
51 4
60 6
72 2
55 11
60 4
54 12
72 2
51 6
72 2
60 6
72 2
55 11
60 4
54 10
72 2
48 4
51 4
48 4
51 4
55 4
54 4
55 12
72 2
54 4
55 4
54 4
55 4
46 6
72 2
48 6
72 2
55 4
54 4
55 12
54 4
55 4
54 4
46 6
72 2
48 6
72 2
55 4
54 4
55 12
54 4
55 4
54 4
58 6
72 2
48 6
72 2
55 4
54 4
55 6
72 2
51 11
48 4
51 4
48 4
51 6
72 2
48 6
72 14
60 6
72 2
55 11
60 4
54 12
72 2
51 6
72 2
60 6
72 2
55 11
60 4
54 10
72 2
48 4
51 4
48 4
51 4
60 6
72 2
55 11
60 4
54 12
72 2
51 6
72 2
60 6
72 2
55 11
60 4
54 10
72 2
48 4
51 4
48 4
51 4
55 4
54 4
55 12
72 2
54 4
55 4
54 4
55 4
46 6
72 2
48 6
72 2
55 4
54 4
55 12
54 4
55 4
54 4
46 6
72 2
48 6
72 2
55 4
54 4
55 12
54 4
55 4
54 4
58 6
72 2
48 6
72 2
55 4
54 4
55 6
72 2
51 11
48 4
51 4
48 4
51 6
72 2
48 6
E
S
H
60 6
72 2
55 11
60 4
54 12
72 2
51 6
72 2
60 6
72 2
55 11
60 4
54 10
72 2
48 4
51 4
48 4
51 4
60 6
72 2
55 11
60 4
54 12
72 2
51 6
72 2
60 6
72 2
55 11
60 4
54 10
72 2
48 4
51 4
48 4
51 4
55 4
54 4
55 12
72 2
54 4
55 4
54 4
55 4
46 6
72 2
48 6
72 2
55 4
54 4
55 12
54 4
55 4
54 4
46 6
72 2
48 6
72 2
55 4
54 4
55 12
54 4
55 4
54 4
58 6
72 2
48 6
72 2
55 4
54 4
55 6
72 2
51 11
48 4
51 4
48 4
51 6
72 2
48 6
72 2
55 2
72 2
48 2
54 2
72 2
51 2
48 2
72 2
55 2
72 2
48 2
54 2
72 2
51 2
48 2
72 2
55 2
72 2
48 2
54 2
72 2
51 2
48 2
72 2
48 2
51 2
48 2
58 2
72 2
51 2
48 2
72 2
55 2
72 2
48 2
54 2
72 2
51 2
48 2
72 2
55 2
72 2
48 2
54 2
72 2
51 2
48 2
72 2
55 2
72 2
48 2
54 2
72 2
51 2
48 2
72 2
48 2
51 2
48 2
58 2
72 2
51 2
48 2
72 2
55 2
72 2
48 2
54 2
72 2
51 2
48 2
72 2
55 2
72 2
48 2
54 2
72 2
51 2
48 2
72 2
55 2
72 2
48 2
54 2
72 2
51 2
48 2
72 2
48 2
51 2
48 2
58 2
72 2
51 2
48 2
72 2
55 2
72 2
48 2
54 2
72 2
51 2
48 2
72 2
55 2
72 2
48 2
54 2
72 2
51 2
48 2
72 2
55 2
72 2
48 2
54 2
72 2
51 2
48 2
72 2
48 2
51 2
48 2
58 2
72 2
51 2
48 2
72 2
60 6
72 2
55 11
60 4
54 12
72 2
51 6
72 2
60 6
72 2
55 11
60 4
54 10
72 2
48 4
51 4
48 4
51 4
60 6
72 2
55 11
60 4
54 12
72 2
51 6
72 2
60 6
72 2
55 11
60 4
54 10
72 2
48 4
51 4
48 4
51 4
55 4
54 4
55 12
72 2
54 4
55 4
54 4
55 4
46 6
72 2
48 6
72 2
55 4
54 4
55 12
54 4
55 4
54 4
46 6
72 2
48 6
72 2
55 4
54 4
55 12
54 4
55 4
54 4
58 6
72 2
48 6
72 2
55 4
54 4
55 6
72 2
51 11
48 4
51 4
48 4
51 6
72 2
48 6
72 2
55 2
72 2
48 2
54 2
72 2
51 2
48 2
72 2
55 2
72 2
48 2
54 2
72 2
51 2
48 2
72 2
55 2
72 2
48 2
54 2
72 2
51 2
48 2
72 2
48 2
51 2
48 2
58 2
72 2
51 2
48 2
72 2
55 2
72 2
48 2
54 2
72 2
51 2
48 2
72 2
55 2
72 2
48 2
54 2
72 2
51 2
48 2
72 2
55 2
72 2
48 2
54 2
72 2
51 2
48 2
72 2
48 2
51 2
48 2
58 2
72 2
51 2
48 2
72 2
55 2
72 2
48 2
54 2
72 2
51 2
48 2
72 2
55 2
72 2
48 2
54 2
72 2
51 2
48 2
72 2
55 2
72 2
48 2
54 2
72 2
51 2
48 2
72 2
48 2
51 2
48 2
58 2
72 2
51 2
48 2
72 2
55 2
72 2
48 2
54 2
72 2
51 2
48 2
72 2
55 2
72 2
48 2
54 2
72 2
51 2
48 2
72 2
55 2
72 2
48 2
54 2
72 2
51 2
48 2
72 2
48 2
51 2
48 2
58 2
72 2
51 2
48 2
E
S
H
72 14
43 2
72 2
36 2
42 2
72 2
39 2
36 2
72 2
43 2
72 2
36 2
42 2
72 2
39 2
36 2
72 2
43 2
72 2
36 2
42 2
72 2
39 2
36 2
72 2
36 2
39 2
36 2
46 2
72 2
39 2
36 2
72 2
43 2
72 2
36 2
42 2
72 2
39 2
36 2
72 2
43 2
72 2
36 2
42 2
72 2
39 2
36 2
72 2
43 2
72 2
36 2
42 2
72 2
39 2
36 2
72 2
36 2
39 2
36 2
46 2
72 2
39 2
36 2
72 2
43 2
72 2
36 2
42 2
72 2
39 2
36 2
72 2
43 2
72 2
36 2
42 2
72 2
39 2
36 2
72 2
43 2
72 2
36 2
42 2
72 2
39 2
36 2
72 2
36 2
39 2
36 2
46 2
72 2
39 2
36 2
72 2
43 2
72 2
36 2
42 2
72 2
39 2
36 2
72 2
43 2
72 2
36 2
42 2
72 2
39 2
36 2
72 2
43 2
72 2
36 2
42 2
72 2
39 2
36 2
72 2
36 2
39 2
36 2
46 2
72 2
39 2
36 2
72 14
43 2
72 2
36 2
42 2
72 2
39 2
36 2
72 2
43 2
72 2
36 2
42 2
72 2
39 2
36 2
72 2
43 2
72 2
36 2
42 2
72 2
39 2
36 2
72 2
36 2
39 2
36 2
46 2
72 2
39 2
36 2
72 2
43 2
72 2
36 2
42 2
72 2
39 2
36 2
72 2
43 2
72 2
36 2
42 2
72 2
39 2
36 2
72 2
43 2
72 2
36 2
42 2
72 2
39 2
36 2
72 2
36 2
39 2
36 2
46 2
72 2
39 2
36 2
72 2
43 2
72 2
36 2
42 2
72 2
39 2
36 2
72 2
43 2
72 2
36 2
42 2
72 2
39 2
36 2
72 2
43 2
72 2
36 2
42 2
72 2
39 2
36 2
72 2
36 2
39 2
36 2
46 2
72 2
39 2
36 2
72 2
43 2
72 2
36 2
42 2
72 2
39 2
36 2
72 2
43 2
72 2
36 2
42 2
72 2
39 2
36 2
72 2
43 2
72 2
36 2
42 2
72 2
39 2
36 2
72 2
36 2
39 2
36 2
46 2
72 2
39 2
36 2
E
S
H
72 14
43 4
42 4
43 12
72 2
42 4
43 4
42 4
43 4
34 6
72 2
36 6
72 2
43 4
42 4
43 12
42 4
43 4
42 4
34 6
72 2
36 6
72 2
43 4
42 4
43 12
42 4
43 4
42 4
46 6
72 2
36 6
72 2
43 4
42 4
43 6
72 2
39 11
36 4
39 4
36 4
39 6
72 2
36 6
72 2
43 2
72 2
36 2
42 2
72 2
39 2
36 2
72 2
43 2
72 2
36 2
42 2
72 2
39 2
36 2
72 2
43 2
72 2
36 2
42 2
72 2
39 2
36 2
72 2
36 2
39 2
36 2
46 2
72 2
39 2
36 2
72 2
43 2
72 2
36 2
42 2
72 2
39 2
36 2
72 2
43 2
72 2
36 2
42 2
72 2
39 2
36 2
72 2
43 2
72 2
36 2
42 2
72 2
39 2
36 2
72 2
36 2
39 2
36 2
46 2
72 2
39 2
36 2
72 2
43 2
72 2
36 2
42 2
72 2
39 2
36 2
72 2
43 2
72 2
36 2
42 2
72 2
39 2
36 2
72 2
43 2
72 2
36 2
42 2
72 2
39 2
36 2
72 2
36 2
39 2
36 2
46 2
72 2
39 2
36 2
72 2
43 2
72 2
36 2
42 2
72 2
39 2
36 2
72 2
43 2
72 2
36 2
42 2
72 2
39 2
36 2
72 2
43 2
72 2
36 2
42 2
72 2
39 2
36 2
72 2
36 2
39 2
36 2
46 2
72 2
39 2
36 2
72 14
43 4
42 4
43 12
72 2
42 4
43 4
42 4
43 4
34 6
72 2
36 6
72 2
43 4
42 4
43 12
42 4
43 4
42 4
34 6
72 2
36 6
72 2
43 4
42 4
43 12
42 4
43 4
42 4
46 6
72 2
36 6
72 2
43 4
42 4
43 6
72 2
39 11
36 4
39 4
36 4
39 6
72 2
36 6
72 2
43 2
72 2
36 2
42 2
72 2
39 2
36 2
72 2
43 2
72 2
36 2
42 2
72 2
39 2
36 2
72 2
43 2
72 2
36 2
42 2
72 2
39 2
36 2
72 2
36 2
39 2
36 2
46 2
72 2
39 2
36 2
72 2
43 2
72 2
36 2
42 2
72 2
39 2
36 2
72 2
43 2
72 2
36 2
42 2
72 2
39 2
36 2
72 2
43 2
72 2
36 2
42 2
72 2
39 2
36 2
72 2
36 2
39 2
36 2
46 2
72 2
39 2
36 2
72 2
43 2
72 2
36 2
42 2
72 2
39 2
36 2
72 2
43 2
72 2
36 2
42 2
72 2
39 2
36 2
72 2
43 2
72 2
36 2
42 2
72 2
39 2
36 2
72 2
36 2
39 2
36 2
46 2
72 2
39 2
36 2
72 2
43 2
72 2
36 2
42 2
72 2
39 2
36 2
72 2
43 2
72 2
36 2
42 2
72 2
39 2
36 2
72 2
43 2
72 2
36 2
42 2
72 2
39 2
36 2
72 2
36 2
39 2
36 2
46 2
72 2
39 2
36 2
E
S
L
24 12
72 2
22 6
72 2
19 12
72 2
15 6
72 2
18 8
72 1
15 4
12 6
72 2
15 6
72 2
18 6
72 2
19 12
72 2
24 13
72 2
22 6
72 2
19 12
72 2
12 6
72 2
15 6
72 2
18 6
72 2
19 6
72 2
12 4
15 6
72 2
18 6
72 2
19 4
18 4
19 4
72 14
12 2
72 2
101 2
72 6
101 2
72 2
12 2
72 2
101 2
72 6
101 2
72 2
12 2
72 2
101 2
72 6
101 2
72 2
12 2
72 2
101 2
72 6
101 2
72 2
12 2
72 2
101 2
72 6
101 2
72 2
12 2
72 2
101 2
72 6
101 2
72 2
12 2
72 2
101 2
72 6
101 2
72 2
12 2
72 2
101 2
72 6
101 4
12 4
101 4
72 4
101 4
12 4
101 4
72 4
101 4
12 4
101 4
72 4
101 4
12 4
101 4
72 4
101 4
12 4
101 4
72 4
101 4
12 4
101 4
72 4
101 4
12 4
101 4
72 4
101 4
12 4
101 4
72 4
101 4
24 12
72 2
22 6
72 2
19 12
72 2
15 6
72 2
18 8
72 1
15 4
12 6
72 2
15 6
72 2
18 6
72 2
19 12
72 2
24 13
72 2
22 6
72 2
19 12
72 2
12 6
72 2
15 6
72 2
18 6
72 2
19 6
72 2
12 4
15 6
72 2
18 6
72 2
19 4
18 4
19 4
72 14
12 2
72 2
101 2
72 6
101 2
72 2
12 2
72 2
101 2
72 6
101 2
72 2
12 2
72 2
101 2
72 6
101 2
72 2
12 2
72 2
101 2
72 6
101 2
72 2
12 2
72 2
101 2
72 6
101 2
72 2
12 2
72 2
101 2
72 6
101 2
72 2
12 2
72 2
101 2
72 6
101 2
72 2
12 2
72 2
101 2
72 6
101 4
12 4
101 4
72 4
101 4
12 4
101 4
72 4
101 4
12 4
101 4
72 4
101 4
12 4
101 4
72 4
101 4
12 4
101 4
72 4
101 4
12 4
101 4
72 4
101 4
12 4
101 4
72 4
101 4
12 4
101 4
72 4
101 4
E
S
L
24 12
72 2
22 6
72 2
19 12
72 2
15 6
72 2
18 8
72 1
15 4
12 6
72 2
15 6
72 2
18 6
72 2
19 12
72 2
24 13
72 2
22 6
72 2
19 12
72 2
12 6
72 2
15 6
72 2
18 6
72 2
19 6
72 2
12 4
15 6
72 2
18 6
72 2
19 4
18 4
19 4
12 2
72 2
101 2
72 6
101 2
72 2
12 2
72 2
101 2
72 6
101 2
72 2
12 2
72 2
101 2
72 6
101 2
72 2
12 2
72 2
101 2
72 6
101 2
72 2
12 2
72 2
101 2
72 6
101 2
72 2
12 2
72 2
101 2
72 6
101 2
72 2
12 2
72 2
101 2
72 6
101 2
72 2
12 2
72 2
101 2
72 6
101 2
72 2
12 2
72 2
101 2
72 6
101 2
72 2
12 2
72 2
101 2
72 6
101 2
72 2
12 2
72 2
101 2
72 6
101 2
72 2
12 2
72 2
101 2
72 6
101 2
72 2
12 2
72 2
101 2
72 6
101 2
72 2
12 2
72 2
101 2
72 6
101 2
72 2
12 2
72 2
101 2
72 6
101 2
72 2
12 2
72 2
101 2
72 6
101 2
72 14
12 2
72 2
101 2
72 6
101 2
72 2
12 2
72 2
101 2
72 6
101 2
72 2
12 2
72 2
101 2
72 6
101 2
72 2
12 2
72 2
101 2
72 6
101 2
72 2
12 2
72 2
101 2
72 6
101 2
72 2
12 2
72 2
101 2
72 6
101 2
72 2
12 2
72 2
101 2
72 6
101 2
72 2
12 2
72 2
101 2
72 6
101 2
72 2
24 12
72 2
22 6
72 2
19 12
72 2
15 6
72 2
18 8
72 1
15 4
12 6
72 2
15 6
72 2
18 6
72 2
19 12
72 2
24 13
72 2
22 6
72 2
19 12
72 2
12 6
72 2
15 6
72 2
18 6
72 2
19 6
72 2
12 4
15 6
72 2
18 6
72 2
19 4
18 4
19 4
12 2
72 2
101 2
72 6
101 2
72 2
12 2
72 2
101 2
72 6
101 2
72 2
12 2
72 2
101 2
72 6
101 2
72 2
12 2
72 2
101 2
72 6
101 2
72 2
12 2
72 2
101 2
72 6
101 2
72 2
12 2
72 2
101 2
72 6
101 2
72 2
12 2
72 2
101 2
72 6
101 2
72 2
12 2
72 2
101 2
72 6
101 2
72 2
12 2
72 2
101 2
72 6
101 2
72 2
12 2
72 2
101 2
72 6
101 2
72 2
12 2
72 2
101 2
72 6
101 2
72 2
12 2
72 2
101 2
72 6
101 2
72 2
12 2
72 2
101 2
72 6
101 2
72 2
12 2
72 2
101 2
72 6
101 2
72 2
12 2
72 2
101 2
72 6
101 2
72 2
12 2
72 2
101 2
72 6
101 2
72 14
12 2
72 2
101 2
72 6
101 2
72 2
12 2
72 2
101 2
72 6
101 2
72 2
12 2
72 2
101 2
72 6
101 2
72 2
12 2
72 2
101 2
72 6
101 2
72 2
12 2
72 2
101 2
72 6
101 2
72 2
12 2
72 2
101 2
72 6
101 2
72 2
12 2
72 2
101 2
72 6
101 2
72 2
12 2
72 2
101 2
72 6
101 2
E
S
L
72 14
101 4
12 4
101 4
72 4
101 4
12 4
101 4
72 4
101 4
12 4
101 4
72 4
101 4
12 4
101 4
72 4
101 4
12 4
101 4
72 4
101 4
12 4
101 4
72 4
101 4
12 4
101 4
72 4
101 4
12 4
101 4
72 4
101 4
72 14
101 4
12 4
101 4
72 4
101 4
12 4
101 4
72 4
101 4
12 4
101 4
72 4
101 4
12 4
101 4
72 4
101 4
12 4
101 4
72 4
101 4
12 4
101 4
72 4
101 4
12 4
101 4
72 4
101 4
12 4
101 4
72 4
101 4
E
S
L
12 2
72 2
101 2
72 6
101 2
72 2
12 2
72 2
101 2
72 6
101 2
72 2
12 2
72 2
101 2
72 6
101 2
72 2
12 2
72 2
101 2
72 6
101 2
72 2
12 2
72 2
101 2
72 6
101 2
72 2
12 2
72 2
101 2
72 6
101 2
72 2
12 2
72 2
101 2
72 6
101 2
72 2
12 2
72 2
101 2
72 6
101 2
72 2
12 2
72 2
101 2
72 6
101 2
72 2
12 2
72 2
101 2
72 6
101 2
72 2
12 2
72 2
101 2
72 6
101 2
72 2
12 2
72 2
101 2
72 6
101 2
72 2
12 2
72 2
101 2
72 6
101 2
72 2
12 2
72 2
101 2
72 6
101 2
72 2
12 2
72 2
101 2
72 6
101 2
72 2
12 2
72 2
101 2
72 6
101 2
72 2
12 2
72 2
101 2
72 6
101 2
72 2
12 2
72 2
101 2
72 6
101 2
72 2
12 2
72 2
101 2
72 6
101 2
72 2
12 2
72 2
101 2
72 6
101 2
72 2
12 2
72 2
101 2
72 6
101 2
72 2
12 2
72 2
101 2
72 6
101 2
72 2
12 2
72 2
101 2
72 6
101 2
72 2
12 2
72 2
101 2
72 6
101 2
72 2
12 2
72 2
101 2
72 6
101 2
72 2
12 2
72 2
101 2
72 6
101 2
72 2
12 2
72 2
101 2
72 6
101 2
72 2
12 2
72 2
101 2
72 6
101 2
72 2
12 2
72 2
101 2
72 6
101 2
72 2
12 2
72 2
101 2
72 6
101 2
72 2
12 2
72 2
101 2
72 6
101 2
72 2
12 2
72 2
101 2
72 6
101 2
72 2
12 2
72 2
101 2
72 6
101 2
72 2
12 2
72 2
101 2
72 6
101 2
72 2
12 2
72 2
101 2
72 6
101 2
72 2
12 2
72 2
101 2
72 6
101 2
72 2
12 2
72 2
101 2
72 6
101 2
72 2
12 2
72 2
101 2
72 6
101 2
72 2
12 2
72 2
101 2
72 6
101 2
72 2
12 2
72 2
101 2
72 6
101 2
72 2
12 2
72 2
101 2
72 6
101 2
72 2
12 2
72 2
101 2
72 6
101 2
72 2
12 2
72 2
101 2
72 6
101 2
72 2
12 2
72 2
101 2
72 6
101 2
72 2
12 2
72 2
101 2
72 6
101 2
72 2
12 2
72 2
101 2
72 6
101 2
72 2
12 2
72 2
101 2
72 6
101 2
72 2
12 2
72 2
101 2
72 6
101 2
72 2
12 2
72 2
101 2
72 6
101 2
72 2
12 2
72 2
101 2
72 6
101 2
72 2
12 2
72 2
101 2
72 6
101 2
72 2
12 2
72 2
101 2
72 6
101 2
72 2
12 2
72 2
101 2
72 6
101 2
72 2
12 2
72 2
101 2
72 6
101 2
72 2
12 2
72 2
101 2
72 6
101 2
72 2
12 2
72 2
101 2
72 6
101 2
72 2
12 2
72 2
101 2
72 6
101 2
72 2
12 2
72 2
101 2
72 6
101 2
72 2
12 2
72 2
101 2
72 6
101 2
72 2
12 2
72 2
101 2
72 6
101 2
72 2
12 2
72 2
101 2
72 6
101 2
72 2
12 2
72 2
101 2
72 6
101 2
72 2
12 2
72 2
101 2
72 6
101 2
72 2
12 2
72 2
101 2
72 6
101 2
72 2
12 2
72 2
101 2
72 6
101 2
72 2
12 2
72 2
101 2
72 6
101 2
72 2
12 2
72 2
101 2
72 6
101 2
72 2
12 2
72 2
101 2
72 6
101 2
72 2
12 2
72 2
101 2
72 6
101 2
72 2
12 2
72 2
101 2
72 6
101 2
72 2
12 2
72 2
101 2
72 6
101 2
72 2
12 2
72 2
101 2
72 6
101 2
72 2
12 2
72 2
101 2
72 6
101 2
72 2
12 2
72 2
101 2
72 6
101 2
72 2
12 2
72 2
101 2
72 6
101 2
72 2
12 2
72 2
101 2
72 6
101 2
72 2
12 2
72 2
101 2
72 6
101 2
72 2
12 2
72 2
101 2
72 6
101 2
72 2
12 2
72 2
101 2
72 6
101 2
72 2
12 2
72 2
101 2
72 6
101 2
72 2
12 2
72 2
101 2
72 6
101 2
72 2
12 2
72 2
101 2
72 6
101 2
72 2
12 2
72 2
101 2
72 6
101 2
72 2
12 2
72 2
101 2
72 6
101 2
72 2
12 2
72 2
101 2
72 6
101 2
72 2
12 2
72 2
101 2
72 6
101 2
72 2
12 2
72 2
101 2
72 6
101 2
72 2
12 2
72 2
101 2
72 6
101 2
72 2
12 2
72 2
101 2
72 6
101 2
72 2
12 2
72 2
101 2
72 6
101 2
72 2
12 2
72 2
101 2
72 6
101 2
72 2
12 2
72 2
101 2
72 6
101 2
72 2
12 2
72 2
101 2
72 6
101 2
72 2
12 2
72 2
101 2
72 6
101 2
72 2
12 2
72 2
101 2
72 6
101 2
72 2
12 2
72 2
101 2
72 6
101 2
E
S
L
112 4
112 4
16 4
112 4
112 4
112 4
16 4
112 4
112 4
112 4
16 4
112 4
112 4
112 4
16 4
112 4
112 4
112 4
16 4
112 4
112 4
112 4
16 4
112 4
112 4
112 4
16 4
112 4
112 4
112 4
16 4
112 4
112 4
112 4
16 4
112 4
112 4
112 4
16 4
112 4
112 4
112 4
16 4
112 4
112 4
112 4
16 4
112 4
112 4
112 4
16 4
112 4
112 4
112 4
16 4
112 4
112 4
112 4
16 4
112 4
112 4
112 4
16 4
112 4
976 4
976 4
177 4
976 4
976 4
976 4
177 4
976 4
976 4
976 4
177 4
976 4
976 4
976 4
177 4
976 4
976 4
976 4
177 4
976 4
976 4
976 4
177 4
976 4
976 4
976 4
177 4
976 4
976 4
976 4
177 4
976 4
976 4
976 4
177 4
976 4
976 4
976 4
177 4
976 4
976 4
976 4
177 4
976 4
976 4
976 4
177 4
976 4
976 4
976 4
177 4
976 4
976 4
976 4
177 4
976 4
976 4
976 4
177 4
976 4
976 4
976 4
177 4
976 4
976 4
976 4
177 4
976 4
976 4
976 4
177 4
976 4
976 4
976 4
177 4
976 4
976 4
976 4
177 4
976 4
976 4
976 4
177 4
976 4
976 4
976 4
177 4
976 4
976 4
976 4
177 4
976 4
976 4
976 4
177 4
976 4
976 4
976 4
177 4
976 4
976 4
976 4
177 4
976 4
976 4
976 4
177 4
976 4
976 4
976 4
177 4
976 4
976 4
976 4
177 4
976 4
976 4
976 4
177 4
976 4
976 4
976 4
177 4
976 4
976 4
976 4
177 4
976 4
112 4
112 4
16 4
112 4
112 4
112 4
16 4
112 4
112 4
112 4
16 4
112 4
112 4
112 4
16 4
112 4
112 4
112 4
16 4
112 4
112 4
112 4
16 4
112 4
112 4
112 4
16 4
112 4
112 4
112 4
16 4
112 4
112 4
112 4
16 4
112 4
112 4
112 4
16 4
112 4
112 4
112 4
16 4
112 4
112 4
112 4
16 4
112 4
112 4
112 4
16 4
112 4
112 4
112 4
16 4
112 4
112 4
112 4
16 4
112 4
112 4
112 4
16 4
112 4
976 4
976 4
177 4
976 4
976 4
976 4
177 4
976 4
976 4
976 4
177 4
976 4
976 4
976 4
177 4
976 4
976 4
976 4
177 4
976 4
976 4
976 4
177 4
976 4
976 4
976 4
177 4
976 4
976 4
976 4
177 4
976 4
976 4
976 4
177 4
976 4
976 4
976 4
177 4
976 4
976 4
976 4
177 4
976 4
976 4
976 4
177 4
976 4
976 4
976 4
177 4
976 4
976 4
976 4
177 4
976 4
976 4
976 4
177 4
976 4
976 4
976 4
177 4
976 4
976 4
976 4
177 4
976 4
976 4
976 4
177 4
976 4
976 4
976 4
177 4
976 4
976 4
976 4
177 4
976 4
976 4
976 4
177 4
976 4
976 4
976 4
177 4
976 4
976 4
976 4
177 4
976 4
976 4
976 4
177 4
976 4
976 4
976 4
177 4
976 4
976 4
976 4
177 4
976 4
976 4
976 4
177 4
976 4
976 4
976 4
177 4
976 4
976 4
976 4
177 4
976 4
976 4
976 4
177 4
976 4
976 4
976 4
177 4
976 4
976 4
976 4
177 4
976 4
E
X
