major
S
H
54 4
56 4
58 4
58 0
72 1
61 6
72 0
58 4
63 7
54 4
56 4
58 4
58 0
72 1
61 6
72 0
58 7
56 4
54 4
53 4
51 4
51 0
72 1
53 3
72 6
63 0
58 0
72 2
63 0
58 0
72 4
51 4
53 4
54 4
56 4
58 4
59 4
61 2
59 2
61 2
59 2
61 2
59 2
61 2
59 2
72 0
56 6
57 0
72 2
58 4
58 0
72 1
61 6
72 0
58 4
63 7
54 4
56 4
58 4
58 0
72 1
61 6
72 0
58 4
63 0
65 3
72 1
63 4
61 4
58 4
56 4
58 2
56 2
58 2
56 2
58 2
56 2
58 4
56 4
54 4
51 4
53 4
49 4
51 2
49 2
51 2
49 2
51 2
49 2
72 7
49 4
53 4
51 4
61 2
49 3
61 2
49 3
61 2
49 6
63 2
51 3
63 2
51 3
63 2
51 6
61 2
49 3
61 2
49 3
61 2
49 6
63 2
51 3
63 2
51 3
63 2
51 6
64 2
52 3
64 2
52 3
64 2
52 6
66 2
54 3
66 2
54 3
66 2
54 3
61 2
49 7
51 3
52 3
54 3
57 3
60 3
63 3
61 3
57 3
55 3
54 3
61 2
49 3
61 2
49 3
61 2
49 6
63 2
51 3
63 2
51 3
63 2
51 6
61 2
49 3
61 2
49 3
61 2
49 6
63 2
51 3
63 2
51 3
63 2
51 6
64 2
52 3
64 2
52 3
64 2
52 6
66 2
54 3
66 2
54 3
66 2
54 3
68 2
56 6
72 0
68 2
56 3
68 2
56 6
70 2
58 3
70 2
58 3
70 2
58 3
68 2
56 8
72 11
53 0
72 1
54 6
72 0
53 4
54 7
53 7
54 4
56 4
58 4
58 0
72 1
61 6
72 0
58 4
63 7
54 4
56 4
58 4
58 0
72 1
61 6
72 0
58 7
56 4
54 4
53 4
51 4
51 0
72 1
53 3
72 6
63 0
58 0
72 2
63 0
58 0
72 4
51 4
53 4
54 4
56 4
58 4
59 4
61 2
59 2
61 2
59 2
61 2
59 2
61 2
59 2
72 0
56 6
57 0
72 2
58 4
58 0
72 1
61 6
72 0
58 4
63 7
54 4
56 4
58 4
58 0
72 1
61 6
72 0
58 4
63 0
65 3
72 1
63 4
61 4
58 4
56 4
58 2
56 2
58 2
56 2
58 2
56 2
58 4
56 4
54 4
51 4
53 4
49 4
51 2
49 2
51 2
49 2
51 2
49 2
72 7
49 4
53 4
51 4
61 2
49 3
61 2
49 3
61 2
49 6
63 2
51 3
63 2
51 3
63 2
51 6
61 2
49 3
61 2
49 3
61 2
49 6
63 2
51 3
63 2
51 3
63 2
51 6
64 2
52 3
64 2
52 3
64 2
52 6
66 2
54 3
66 2
54 3
66 2
54 3
61 2
49 7
51 3
52 3
54 3
57 3
60 3
63 3
61 3
57 3
55 3
54 3
61 2
49 3
61 2
49 3
61 2
49 6
63 2
51 3
63 2
51 3
63 2
51 6
61 2
49 3
61 2
49 3
61 2
49 6
63 2
51 3
63 2
51 3
63 2
51 6
64 2
52 3
64 2
52 3
64 2
52 6
66 2
54 3
66 2
54 3
66 2
54 3
68 2
56 6
72 0
68 2
56 3
68 2
56 6
70 2
58 3
70 2
58 3
70 2
58 3
68 2
56 8
72 11
53 0
72 1
54 6
72 0
53 4
54 7
53 7
E
S
H
72 7
42 7
46 7
41 7
46 7
39 7
42 7
37 7
42 7
36 7
42 0
46 3
72 1
39 7
46 4
36 7
37 7
42 0
44 3
72 1
37 7
32 4
37 6
39 0
41 0
72 2
42 7
46 7
41 7
46 7
39 7
42 7
37 7
42 7
36 7
42 0
46 3
72 1
42 4
36 4
37 4
39 7
37 7
32 7
25 4
32 4
37 4
41 4
40 7
42 4
37 7
37 4
37 4
39 4
40 7
42 4
37 7
37 4
42 7
44 7
42 4
40 7
39 4
40 4
37 7
39 0
72 1
40 3
39 4
37 4
30 4
33 4
37 4
39 4
40 7
42 4
37 7
37 4
37 4
39 4
40 7
42 4
37 7
37 4
42 7
42 0
44 6
72 2
42 4
40 7
42 4
44 4
44 0
72 1
46 6
72 4
44 7
42 7
41 7
39 7
42 7
34 7
36 4
37 7
72 4
32 7
25 7
72 7
42 7
46 7
41 7
46 7
39 7
42 7
37 7
42 7
36 7
42 0
46 3
72 1
39 7
46 4
36 7
37 7
42 0
44 3
72 1
37 7
32 4
37 6
39 0
41 0
72 2
42 7
46 7
41 7
46 7
39 7
42 7
37 7
42 7
36 7
42 0
46 3
72 1
42 4
36 4
37 4
39 7
37 7
32 7
25 4
32 4
37 4
41 4
40 7
42 4
37 7
37 4
37 4
39 4
40 7
42 4
37 7
37 4
42 7
44 7
42 4
40 7
39 4
40 4
37 7
39 0
72 1
40 3
39 4
37 4
30 4
33 4
37 4
39 4
40 7
42 4
37 7
37 4
37 4
39 4
40 7
42 4
37 7
37 4
42 7
42 0
44 6
72 2
42 4
40 7
42 4
44 4
44 0
72 1
46 6
72 4
44 7
42 7
41 7
39 7
42 7
34 7
36 4
37 7
72 4
32 7
25 7
E
S
H
61 7
72 7
49 7
72 7
49 7
72 7
46 7
72 7
46 7
72 4
48 4
49 4
48 4
46 4
48 4
49 4
46 4
44 4
72 4
54 4
47 2
54 2
47 2
54 2
47 2
54 2
47 2
54 2
72 0
53 7
72 7
49 7
72 7
49 7
72 7
46 7
72 7
46 7
72 4
60 4
61 4
63 4
65 2
63 2
65 2
63 2
65 2
63 2
66 7
68 4
65 4
61 4
56 4
49 4
72 4
44 7
57 2
45 3
57 2
45 3
57 2
45 6
57 2
45 3
57 2
45 3
57 2
45 6
57 2
45 3
57 2
45 3
57 2
45 6
57 2
45 3
57 2
45 3
57 2
45 6
58 2
46 3
58 2
46 3
58 2
46 6
58 2
46 3
58 2
46 3
58 2
46 3
58 2
46 7
52 3
54 3
57 3
60 3
66 3
64 3
63 3
61 3
60 3
57 3
57 2
45 3
57 2
45 3
57 2
45 6
57 2
45 3
57 2
45 3
57 2
45 6
57 2
45 3
57 2
45 3
57 2
45 6
57 2
45 3
57 2
45 3
57 2
45 6
58 2
46 3
58 2
46 3
58 2
46 6
58 2
46 3
58 2
46 3
58 2
46 3
60 2
48 6
72 0
60 2
48 3
60 2
48 6
61 2
49 3
61 2
49 3
61 2
49 3
60 2
48 8
44 7
72 4
44 4
44 4
47 8
49 2
47 2
45 7
44 7
61 7
72 7
49 7
72 7
49 7
72 7
46 7
72 7
46 7
72 4
48 4
49 4
48 4
46 4
48 4
49 4
46 4
44 4
72 4
54 4
47 2
54 2
47 2
54 2
47 2
54 2
47 2
54 2
72 0
53 7
72 7
49 7
72 7
49 7
72 7
46 7
72 7
46 7
72 4
60 4
61 4
63 4
65 2
63 2
65 2
63 2
65 2
63 2
66 7
68 4
65 4
61 4
56 4
49 4
72 4
44 7
57 2
45 3
57 2
45 3
57 2
45 6
57 2
45 3
57 2
45 3
57 2
45 6
57 2
45 3
57 2
45 3
57 2
45 6
57 2
45 3
57 2
45 3
57 2
45 6
58 2
46 3
58 2
46 3
58 2
46 6
58 2
46 3
58 2
46 3
58 2
46 3
58 2
46 7
52 3
54 3
57 3
60 3
66 3
64 3
63 3
61 3
60 3
57 3
57 2
45 3
57 2
45 3
57 2
45 6
57 2
45 3
57 2
45 3
57 2
45 6
57 2
45 3
57 2
45 3
57 2
45 6
57 2
45 3
57 2
45 3
57 2
45 6
58 2
46 3
58 2
46 3
58 2
46 6
58 2
46 3
58 2
46 3
58 2
46 3
60 2
48 6
72 0
60 2
48 3
60 2
48 6
61 2
49 3
61 2
49 3
61 2
49 3
60 2
48 8
44 7
72 4
44 4
44 4
47 8
49 2
47 2
45 7
44 7
E
S
L
22 0
72 7
20 0
72 7
22 0
72 4
20 0
72 4
20 0
72 4
20 0
72 4
22 0
72 7
20 0
72 7
22 0
72 4
20 0
72 4
20 0
72 4
20 0
72 4
22 0
72 7
20 0
72 7
22 0
72 4
20 0
72 4
20 0
72 4
20 0
72 4
22 0
72 7
20 0
72 7
22 0
72 4
20 0
72 4
20 0
72 4
20 0
72 4
22 0
72 4
22 0
72 4
22 0
72 7
22 0
72 4
20 0
72 4
20 0
72 4
20 0
72 4
22 0
72 7
20 0
72 7
22 0
72 4
20 0
72 4
20 0
72 4
20 0
72 4
22 0
72 7
20 0
72 7
22 0
72 4
20 0
72 4
20 0
72 4
20 0
72 4
22 0
72 7
22 0
72 4
20 0
72 4
22 0
72 4
20 0
72 4
22 0
72 4
20 0
72 1
20 0
72 0
20 0
72 2
20 0
72 2
20 0
72 0
20 0
72 1
20 0
72 4
22 0
72 4
20 0
72 4
22 0
72 4
20 0
72 4
20 0
72 4
22 0
72 4
20 0
72 4
20 0
72 4
22 0
72 4
20 0
72 4
22 0
72 4
20 0
72 4
20 0
72 4
22 0
72 4
20 0
72 4
20 0
72 4
22 0
72 4
20 0
72 4
22 0
72 4
20 0
72 4
20 0
72 4
22 0
72 4
20 0
72 4
20 0
72 4
22 0
72 4
20 0
72 4
22 0
72 4
20 0
72 4
20 0
72 4
20 0
72 4
20 0
72 3
20 0
72 3
20 0
72 3
22 0
72 4
20 0
72 4
22 0
72 4
20 0
72 4
20 0
72 4
22 0
72 4
20 0
72 4
20 0
72 4
22 0
72 4
20 0
72 4
22 0
72 4
20 0
72 4
20 0
72 4
22 0
72 4
20 0
72 4
20 0
72 4
22 0
72 4
20 0
72 4
22 0
72 4
20 0
72 4
20 0
72 4
22 0
72 4
20 0
72 4
20 0
72 4
20 0
72 4
20 0
72 4
22 0
72 4
20 0
72 4
22 0
72 4
20 0
72 4
22 0
72 4
20 0
72 1
20 0
72 0
20 0
72 2
22 0
72 4
20 0
72 4
22 0
72 4
20 0
72 4
22 0
72 4
20 0
72 4
22 0
72 4
20 0
72 4
22 0
72 4
20 0
72 4
22 0
72 7
22 0
72 7
22 0
72 7
20 0
72 7
22 0
72 4
20 0
72 4
20 0
72 4
20 0
72 4
22 0
72 7
20 0
72 7
22 0
72 4
20 0
72 4
20 0
72 4
20 0
72 4
22 0
72 7
20 0
72 7
22 0
72 4
20 0
72 4
20 0
72 4
20 0
72 4
22 0
72 7
20 0
72 7
22 0
72 4
20 0
72 4
20 0
72 4
20 0
72 4
22 0
72 4
22 0
72 4
22 0
72 7
22 0
72 4
20 0
72 4
20 0
72 4
20 0
72 4
22 0
72 7
20 0
72 7
22 0
72 4
20 0
72 4
20 0
72 4
20 0
72 4
22 0
72 7
20 0
72 7
22 0
72 4
20 0
72 4
20 0
72 4
20 0
72 4
22 0
72 7
22 0
72 4
20 0
72 4
22 0
72 4
20 0
72 4
22 0
72 4
20 0
72 1
20 0
72 0
20 0
72 2
20 0
72 2
20 0
72 0
20 0
72 1
20 0
72 4
22 0
72 4
20 0
72 4
22 0
72 4
20 0
72 4
20 0
72 4
22 0
72 4
20 0
72 4
20 0
72 4
22 0
72 4
20 0
72 4
22 0
72 4
20 0
72 4
20 0
72 4
22 0
72 4
20 0
72 4
20 0
72 4
22 0
72 4
20 0
72 4
22 0
72 4
20 0
72 4
20 0
72 4
22 0
72 4
20 0
72 4
20 0
72 4
22 0
72 4
20 0
72 4
22 0
72 4
20 0
72 4
20 0
72 4
20 0
72 4
20 0
72 3
20 0
72 3
20 0
72 3
22 0
72 4
20 0
72 4
22 0
72 4
20 0
72 4
20 0
72 4
22 0
72 4
20 0
72 4
20 0
72 4
22 0
72 4
20 0
72 4
22 0
72 4
20 0
72 4
20 0
72 4
22 0
72 4
20 0
72 4
20 0
72 4
22 0
72 4
20 0
72 4
22 0
72 4
20 0
72 4
20 0
72 4
22 0
72 4
20 0
72 4
20 0
72 4
20 0
72 4
20 0
72 4
22 0
72 4
20 0
72 4
22 0
72 4
20 0
72 4
22 0
72 4
20 0
72 1
20 0
72 0
20 0
72 2
22 0
72 4
20 0
72 4
22 0
72 4
20 0
72 4
22 0
72 4
20 0
72 4
22 0
72 4
20 0
72 4
22 0
72 4
20 0
72 4
22 0
72 7
22 0
E
X
