major
S
H
59 4
54 2
56 4
51 4
54 4
49 4
52 2
51 4
47 4
49 6
56 9
72 6
61 2
59 2
58 2
56 2
54 4
58 2
56 4
54 4
52 4
51 6
49 4
46 4
47 9
72 8
54 2
59 4
58 4
59 4
54 2
56 4
51 4
54 4
49 4
52 2
51 4
47 4
49 6
56 9
72 6
61 2
59 2
58 2
56 2
54 4
58 2
56 4
54 4
52 4
51 6
49 4
46 4
47 9
72 6
54 6
56 4
58 4
56 4
52 2
56 9
56 2
58 2
59 2
61 2
59 2
58 2
56 2
54 9
72 8
54 6
53 4
52 4
49 2
52 9
52 2
54 2
56 2
58 2
56 2
54 2
52 2
51 9
72 11
56 4
52 2
56 9
56 2
58 2
59 2
61 2
59 2
58 2
56 2
54 9
72 8
54 6
53 4
52 4
49 2
52 9
52 2
54 2
56 2
58 2
56 2
54 2
52 2
59 4
59 2
59 4
59 4
59 2
59 9
72 4
59 4
54 2
56 4
51 4
54 4
49 4
52 2
51 4
47 4
49 6
56 9
72 6
61 2
59 2
58 2
56 2
54 4
58 2
56 4
54 4
52 4
51 6
49 4
46 4
47 9
72 8
54 2
59 4
58 4
59 4
54 2
56 4
51 4
54 4
49 4
52 2
51 4
47 4
49 6
56 9
72 6
61 2
59 2
58 2
56 2
54 4
58 2
56 4
54 4
52 4
51 6
49 4
46 4
47 9
72 6
54 6
56 4
58 4
56 4
52 2
56 9
56 2
58 2
59 2
61 2
59 2
58 2
56 2
54 9
72 8
54 6
53 4
52 4
49 2
52 9
52 2
54 2
56 2
58 2
56 2
54 2
52 2
51 9
72 11
56 4
52 2
56 9
56 2
58 2
59 2
61 2
59 2
58 2
56 2
54 9
72 8
54 6
53 4
52 4
49 2
52 9
52 2
54 2
56 2
58 2
56 2
54 2
52 2
59 4
59 2
59 4
59 4
59 2
59 9
E
S
H
35 6
30 2
30 6
28 2
28 6
27 2
27 4
26 4
25 6
32 2
32 6
37 2
37 6
32 2
32 4
31 4
30 6
37 2
37 6
42 2
42 6
40 2
40 4
37 4
39 6
37 2
37 6
35 2
35 6
30 2
30 4
34 4
35 6
30 2
30 6
28 2
28 6
27 2
27 4
26 4
25 6
32 2
32 6
37 2
37 6
32 2
32 4
31 4
30 6
37 2
37 6
42 2
42 6
40 2
40 4
37 4
35 6
30 2
30 6
34 4
35 4
35 2
35 4
34 4
32 4
35 2
32 2
35 2
32 4
32 4
37 4
37 2
35 4
34 4
30 6
37 2
37 6
30 2
42 6
30 2
30 4
29 4
28 4
32 2
28 2
32 2
28 4
28 4
34 4
37 2
35 4
30 4
39 7
40 7
42 4
39 4
40 4
42 4
32 4
35 2
32 2
35 2
32 4
32 4
37 4
37 2
35 4
34 4
30 6
37 2
37 6
30 2
42 6
30 2
30 4
29 4
28 4
32 2
28 2
32 2
28 4
28 4
34 4
37 2
35 4
30 4
35 4
35 2
35 4
35 4
35 2
35 2
30 4
30 2
32 4
34 4
35 6
30 2
30 6
28 2
28 6
27 2
27 4
26 4
25 6
32 2
32 6
37 2
37 6
32 2
32 4
31 4
30 6
37 2
37 6
42 2
42 6
40 2
40 4
37 4
39 6
37 2
37 6
35 2
35 6
30 2
30 4
34 4
35 6
30 2
30 6
28 2
28 6
27 2
27 4
26 4
25 6
32 2
32 6
37 2
37 6
32 2
32 4
31 4
30 6
37 2
37 6
42 2
42 6
40 2
40 4
37 4
35 6
30 2
30 6
34 4
35 4
35 2
35 4
34 4
32 4
35 2
32 2
35 2
32 4
32 4
37 4
37 2
35 4
34 4
30 6
37 2
37 6
30 2
42 6
30 2
30 4
29 4
28 4
32 2
28 2
32 2
28 4
28 4
34 4
37 2
35 4
30 4
39 7
40 7
42 4
39 4
40 4
42 4
32 4
35 2
32 2
35 2
32 4
32 4
37 4
37 2
35 4
34 4
30 6
37 2
37 6
30 2
42 6
30 2
30 4
29 4
28 4
32 2
28 2
32 2
28 4
28 4
34 4
37 2
35 4
30 4
35 4
35 2
35 4
35 4
35 2
35 2
30 4
30 2
32 4
34 4
E
S
H
54 4
51 2
52 4
47 4
51 4
44 4
49 2
42 4
43 4
44 6
52 9
52 2
51 2
52 2
54 2
52 2
51 2
50 2
49 4
54 2
52 4
51 4
49 4
47 6
46 4
42 4
42 11
63 2
61 2
59 2
49 2
49 4
46 4
54 4
51 2
52 4
47 4
51 4
44 4
49 2
42 4
43 4
44 6
52 9
52 2
51 2
52 2
54 2
52 2
51 2
50 2
49 4
54 2
52 4
51 4
49 4
47 6
46 4
42 4
59 11
72 2
51 6
51 4
54 4
52 4
47 2
52 9
52 2
51 2
49 2
52 2
51 2
49 2
47 2
42 0
54 0
72 2
42 0
72 0
54 0
72 1
42 0
72 1
54 0
72 0
42 0
54 0
72 2
40 0
52 0
72 2
40 0
72 0
52 0
72 1
40 0
72 1
52 0
72 0
40 0
52 0
72 2
39 0
51 0
72 2
39 0
72 0
51 0
72 1
39 0
72 1
51 0
72 0
49 6
48 4
47 4
44 2
47 9
44 2
42 2
44 2
47 2
46 2
42 2
46 2
51 0
63 0
72 2
51 0
72 0
63 0
72 1
51 0
72 1
63 0
72 0
51 0
63 0
72 2
49 0
61 0
72 2
49 0
72 0
61 0
72 1
49 0
72 1
61 0
72 0
49 0
61 0
72 2
47 0
59 0
72 2
47 0
72 0
59 0
72 1
47 0
72 1
59 0
72 0
47 0
59 0
72 8
52 4
47 2
52 9
52 2
51 2
49 2
52 2
51 2
49 2
47 2
42 0
54 0
72 2
42 0
72 0
54 0
72 1
42 0
72 1
54 0
72 0
42 0
54 0
72 2
40 0
52 0
72 2
40 0
72 0
52 0
72 1
40 0
72 1
52 0
72 0
40 0
52 0
72 2
39 0
51 0
72 2
39 0
72 0
51 0
72 1
39 0
72 1
51 0
72 0
49 6
48 4
47 4
44 2
47 9
44 2
42 2
44 2
47 2
46 2
42 2
46 2
54 4
54 2
54 4
54 4
54 2
54 11
54 4
51 2
52 4
47 4
51 4
44 4
49 2
42 4
43 4
44 6
52 9
52 2
51 2
52 2
54 2
52 2
51 2
50 2
49 4
54 2
52 4
51 4
49 4
47 6
46 4
42 4
42 11
63 2
61 2
59 2
49 2
49 4
46 4
54 4
51 2
52 4
47 4
51 4
44 4
49 2
42 4
43 4
44 6
52 9
52 2
51 2
52 2
54 2
52 2
51 2
50 2
49 4
54 2
52 4
51 4
49 4
47 6
46 4
42 4
59 11
72 2
51 6
51 4
54 4
52 4
47 2
52 9
52 2
51 2
49 2
52 2
51 2
49 2
47 2
42 0
54 0
72 2
42 0
72 0
54 0
72 1
42 0
72 1
54 0
72 0
42 0
54 0
72 2
40 0
52 0
72 2
40 0
72 0
52 0
72 1
40 0
72 1
52 0
72 0
40 0
52 0
72 2
39 0
51 0
72 2
39 0
72 0
51 0
72 1
39 0
72 1
51 0
72 0
49 6
48 4
47 4
44 2
47 9
44 2
42 2
44 2
47 2
46 2
42 2
46 2
51 0
63 0
72 2
51 0
72 0
63 0
72 1
51 0
72 1
63 0
72 0
51 0
63 0
72 2
49 0
61 0
72 2
49 0
72 0
61 0
72 1
49 0
72 1
61 0
72 0
49 0
61 0
72 2
47 0
59 0
72 2
47 0
72 0
59 0
72 1
47 0
72 1
59 0
72 0
47 0
59 0
72 8
52 4
47 2
52 9
52 2
51 2
49 2
52 2
51 2
49 2
47 2
42 0
54 0
72 2
42 0
72 0
54 0
72 1
42 0
72 1
54 0
72 0
42 0
54 0
72 2
40 0
52 0
72 2
40 0
72 0
52 0
72 1
40 0
72 1
52 0
72 0
40 0
52 0
72 2
39 0
51 0
72 2
39 0
72 0
51 0
72 1
39 0
72 1
51 0
72 0
49 6
48 4
47 4
44 2
47 9
44 2
42 2
44 2
47 2
46 2
42 2
46 2
54 4
54 2
54 4
54 4
54 2
54 11
E
S
L
22 0
72 2
20 0
72 2
20 0
72 2
20 0
72 2
22 0
72 2
20 0
72 2
20 0
72 2
20 0
72 2
22 0
72 2
20 0
72 2
20 0
72 2
20 0
72 2
22 0
72 2
20 0
72 2
20 0
72 2
20 0
72 2
22 0
72 2
20 0
72 2
20 0
72 2
20 0
72 2
22 0
72 2
20 0
72 2
20 0
72 2
20 0
72 2
22 0
72 2
20 0
72 2
20 0
72 2
20 0
72 2
22 0
72 2
20 0
72 2
20 0
72 2
20 0
72 2
22 0
72 2
20 0
72 2
20 0
72 2
20 0
72 2
22 0
72 2
20 0
72 2
20 0
72 2
20 0
72 2
22 0
72 2
20 0
72 2
20 0
72 2
20 0
72 2
22 0
72 2
20 0
72 2
20 0
72 2
20 0
72 2
22 0
72 2
20 0
72 2
20 0
72 2
20 0
72 2
22 0
72 2
20 0
72 2
20 0
72 2
20 0
72 2
22 0
72 2
20 0
72 2
20 0
72 2
20 0
72 2
22 0
72 4
22 0
72 4
22 0
72 2
20 0
72 2
20 0
72 2
20 0
72 2
22 0
72 2
20 0
72 2
20 0
72 2
20 0
72 2
22 0
72 2
20 0
72 2
20 0
72 2
20 0
72 2
22 0
72 2
20 0
72 2
20 0
72 2
20 0
72 2
22 0
72 2
20 0
72 2
20 0
72 2
20 0
72 2
22 0
72 2
20 0
72 2
20 0
72 2
20 0
72 2
22 0
72 2
20 0
72 2
20 0
72 2
20 0
72 2
22 0
72 2
20 0
72 2
20 0
72 2
20 0
72 2
22 0
72 2
20 0
72 2
20 0
72 2
20 0
72 2
22 0
72 2
20 0
72 2
20 0
72 2
20 0
72 2
22 0
72 2
20 0
72 2
20 0
72 2
20 0
72 2
22 0
72 2
20 0
72 2
20 0
72 2
20 0
72 2
20 0
72 4
20 0
72 6
20 0
72 6
20 0
72 6
20 0
72 2
20 0
72 4
20 0
72 4
22 0
72 2
20 0
72 2
20 0
72 2
20 0
72 2
22 0
72 2
20 0
72 2
20 0
72 2
20 0
72 2
22 0
72 2
20 0
72 2
20 0
72 2
20 0
72 2
22 0
72 2
20 0
72 2
20 0
72 2
20 0
72 2
22 0
72 2
20 0
72 2
20 0
72 2
20 0
72 2
22 0
72 2
20 0
72 2
20 0
72 2
20 0
72 2
22 0
72 2
20 0
72 2
20 0
72 2
20 0
72 2
20 0
72 4
20 0
72 4
22 0
72 2
20 0
72 2
20 0
72 2
20 0
72 2
22 0
72 2
20 0
72 2
20 0
72 2
20 0
72 2
22 0
72 2
20 0
72 2
20 0
72 2
20 0
72 2
22 0
72 2
20 0
72 2
20 0
72 2
20 0
72 2
22 0
72 2
20 0
72 2
20 0
72 2
20 0
72 2
22 0
72 2
20 0
72 2
20 0
72 2
20 0
72 2
22 0
72 2
20 0
72 2
20 0
72 2
20 0
72 2
20 0
72 4
20 0
72 4
22 0
72 2
20 0
72 2
20 0
72 2
20 0
72 2
22 0
72 2
20 0
72 2
20 0
72 2
20 0
72 2
22 0
72 2
20 0
72 2
20 0
72 2
20 0
72 2
22 0
72 2
20 0
72 2
20 0
72 2
20 0
72 2
22 0
72 2
20 0
72 2
20 0
72 2
20 0
72 2
22 0
72 2
20 0
72 2
20 0
72 2
20 0
72 2
22 0
72 2
20 0
72 2
20 0
72 2
20 0
72 2
20 0
72 4
20 0
72 4
22 0
72 2
20 0
72 2
20 0
72 2
20 0
72 2
22 0
72 2
20 0
72 2
20 0
72 2
20 0
72 2
22 0
72 2
20 0
72 2
20 0
72 2
20 0
72 2
22 0
72 2
20 0
72 2
20 0
72 2
20 0
72 2
20 0
72 4
20 0
72 2
20 0
72 4
20 0
72 4
20 0
72 2
20 0
72 6
20 0
72 2
20 0
72 4
20 0
72 4
22 0
72 2
20 0
72 2
20 0
72 2
20 0
72 2
22 0
72 2
20 0
72 2
20 0
72 2
20 0
72 2
22 0
72 2
20 0
72 2
20 0
72 2
20 0
72 2
22 0
72 2
20 0
72 2
20 0
72 2
20 0
72 2
22 0
72 2
20 0
72 2
20 0
72 2
20 0
72 2
22 0
72 2
20 0
72 2
20 0
72 2
20 0
72 2
22 0
72 2
20 0
72 2
20 0
72 2
20 0
72 2
22 0
72 2
20 0
72 2
20 0
72 2
20 0
72 2
22 0
72 2
20 0
72 2
20 0
72 2
20 0
72 2
22 0
72 2
20 0
72 2
20 0
72 2
20 0
72 2
22 0
72 2
20 0
72 2
20 0
72 2
20 0
72 2
22 0
72 2
20 0
72 2
20 0
72 2
20 0
72 2
22 0
72 2
20 0
72 2
20 0
72 2
20 0
72 2
22 0
72 2
20 0
72 2
20 0
72 2
20 0
72 2
22 0
72 2
20 0
72 2
20 0
72 2
20 0
72 2
22 0
72 4
22 0
72 4
22 0
72 2
20 0
72 2
20 0
72 2
20 0
72 2
22 0
72 2
20 0
72 2
20 0
72 2
20 0
72 2
22 0
72 2
20 0
72 2
20 0
72 2
20 0
72 2
22 0
72 2
20 0
72 2
20 0
72 2
20 0
72 2
22 0
72 2
20 0
72 2
20 0
72 2
20 0
72 2
22 0
72 2
20 0
72 2
20 0
72 2
20 0
72 2
22 0
72 2
20 0
72 2
20 0
72 2
20 0
72 2
22 0
72 2
20 0
72 2
20 0
72 2
20 0
72 2
22 0
72 2
20 0
72 2
20 0
72 2
20 0
72 2
22 0
72 2
20 0
72 2
20 0
72 2
20 0
72 2
22 0
72 2
20 0
72 2
20 0
72 2
20 0
72 2
22 0
72 2
20 0
72 2
20 0
72 2
20 0
72 2
20 0
72 4
20 0
72 6
20 0
72 6
20 0
72 6
20 0
72 2
20 0
72 4
20 0
72 4
22 0
72 2
20 0
72 2
20 0
72 2
20 0
72 2
22 0
72 2
20 0
72 2
20 0
72 2
20 0
72 2
22 0
72 2
20 0
72 2
20 0
72 2
20 0
72 2
22 0
72 2
20 0
72 2
20 0
72 2
20 0
72 2
22 0
72 2
20 0
72 2
20 0
72 2
20 0
72 2
22 0
72 2
20 0
72 2
20 0
72 2
20 0
72 2
22 0
72 2
20 0
72 2
20 0
72 2
20 0
72 2
20 0
72 4
20 0
72 4
22 0
72 2
20 0
72 2
20 0
72 2
20 0
72 2
22 0
72 2
20 0
72 2
20 0
72 2
20 0
72 2
22 0
72 2
20 0
72 2
20 0
72 2
20 0
72 2
22 0
72 2
20 0
72 2
20 0
72 2
20 0
72 2
22 0
72 2
20 0
72 2
20 0
72 2
20 0
72 2
22 0
72 2
20 0
72 2
20 0
72 2
20 0
72 2
22 0
72 2
20 0
72 2
20 0
72 2
20 0
72 2
20 0
72 4
20 0
72 4
22 0
72 2
20 0
72 2
20 0
72 2
20 0
72 2
22 0
72 2
20 0
72 2
20 0
72 2
20 0
72 2
22 0
72 2
20 0
72 2
20 0
72 2
20 0
72 2
22 0
72 2
20 0
72 2
20 0
72 2
20 0
72 2
22 0
72 2
20 0
72 2
20 0
72 2
20 0
72 2
22 0
72 2
20 0
72 2
20 0
72 2
20 0
72 2
22 0
72 2
20 0
72 2
20 0
72 2
20 0
72 2
20 0
72 4
20 0
72 4
22 0
72 2
20 0
72 2
20 0
72 2
20 0
72 2
22 0
72 2
20 0
72 2
20 0
72 2
20 0
72 2
22 0
72 2
20 0
72 2
20 0
72 2
20 0
72 2
22 0
72 2
20 0
72 2
20 0
72 2
20 0
72 2
20 0
72 4
20 0
72 2
20 0
72 4
20 0
72 4
20 0
72 2
20 0
72 6
20 0
72 2
20 0
72 4
20 0
E
X
