major
S
H
475 12
72 4
36 0
72 1
38 0
72 0
41 2
684 12
38 4
40 4
852 4
43 4
40 7
38 9
36 4
132 13
475 12
72 4
36 0
72 1
38 0
72 0
41 2
684 12
38 4
40 4
854 4
43 4
40 7
38 9
36 4
132 12
72 6
36 0
38 0
72 2
192 12
41 2
43 2
46 4
209 12
43 4
45 4
1625 4
48 4
45 7
43 9
41 4
192 12
72 6
41 2
192 7
36 7
38 9
72 2
41 2
192 7
36 7
38 9
72 2
36 2
132 11
35 11
475 12
72 4
36 0
72 1
38 0
72 0
41 2
684 12
38 4
40 4
852 4
43 4
40 7
38 9
36 4
132 13
475 12
72 4
36 0
72 1
38 0
72 0
41 2
684 12
38 4
40 4
854 4
43 4
40 7
38 9
36 4
132 12
72 6
36 0
38 0
72 2
192 12
41 2
43 2
46 4
209 12
43 4
45 4
1625 4
48 4
45 7
43 9
41 4
192 12
72 6
41 2
192 7
36 7
38 9
72 2
41 2
192 7
36 7
38 9
72 2
36 2
475 13
E
X
