minor
S
H
72 14
53 4
60 4
58 4
63 11
61 4
60 4
58 2
60 2
62 13
72 14
53 4
60 4
61 4
63 11
65 4
63 4
61 4
60 13
72 13
60 7
61 7
63 11
61 7
60 7
58 13
72 14
53 11
61 7
60 11
61 4
63 4
72 7
53 7
61 7
60 11
61 4
63 4
65 11
63 4
61 4
60 11
58 7
72 7
65 7
63 4
61 4
60 11
58 7
53 11
61 7
60 11
61 4
63 4
72 7
53 7
61 7
60 11
61 4
63 4
58 13
60 11
61 13
63 11
58 13
72 14
53 11
61 7
60 11
61 4
63 4
72 7
53 7
61 7
60 11
61 4
63 4
65 11
63 4
61 4
60 11
58 7
72 7
65 7
63 4
61 4
60 11
58 7
53 11
61 7
60 11
61 4
63 4
72 7
53 7
61 7
60 11
61 4
63 4
58 13
60 11
61 13
63 11
58 13
72 14
53 11
61 7
60 11
61 4
63 4
72 7
53 7
61 7
60 11
61 4
63 4
65 11
63 4
61 4
60 11
58 7
72 7
65 7
63 4
61 4
60 11
58 7
53 11
61 7
60 11
61 4
63 4
72 7
53 7
61 7
60 11
61 4
63 4
58 13
60 11
61 13
63 11
58 13
E
S
L
72 14
226 2
72 0
226 2
72 0
226 2
72 0
202 3
72 1
370 3
72 8
226 2
72 0
226 2
72 0
226 2
72 0
202 3
72 1
370 3
72 8
843 2
72 0
543 2
72 0
370 2
72 0
543 3
72 1
202 3
72 8
202 2
72 0
202 2
72 0
202 2
72 0
370 3
72 1
541 3
72 8
226 2
72 0
226 2
72 0
226 2
72 0
202 3
72 1
370 3
72 8
226 2
72 0
226 2
72 0
226 2
72 0
202 3
72 1
370 3
72 8
843 2
72 0
543 2
72 0
370 2
72 0
543 3
72 1
202 3
72 8
202 2
72 0
202 2
72 0
202 2
72 0
370 3
72 1
541 3
72 8
226 2
72 0
226 2
72 0
226 2
72 0
202 3
72 1
370 3
72 8
226 2
72 0
226 2
72 0
226 2
72 0
202 3
72 1
370 3
72 8
843 2
72 0
543 2
72 0
370 2
72 0
543 3
72 1
202 3
72 8
202 2
72 0
202 2
72 0
202 2
72 0
370 3
72 1
541 3
72 8
121 2
72 0
121 2
72 0
121 2
72 0
673 3
72 1
697 3
72 8
121 2
72 0
121 2
72 0
121 2
72 0
673 3
72 1
697 3
72 8
1302 2
72 0
1002 2
72 0
697 2
72 0
1002 3
72 1
673 3
72 8
673 2
72 0
673 2
72 0
673 2
72 0
697 3
72 1
1012 3
72 8
161 2
72 0
161 2
72 0
161 2
72 0
1145 3
72 1
1313 3
72 8
161 2
72 0
161 2
72 0
161 2
72 0
1145 3
72 1
1313 3
72 8
202 2
72 0
1630 2
72 0
1313 2
72 0
1630 3
72 1
1145 3
72 8
1145 2
72 0
1145 2
72 0
1145 2
72 0
1313 3
72 1
1628 3
72 8
121 2
72 0
121 2
72 0
121 2
72 0
673 3
72 1
697 3
72 8
121 2
72 0
121 2
72 0
121 2
72 0
673 3
72 1
697 3
72 8
1302 2
72 0
1002 2
72 0
697 2
72 0
1002 3
72 1
673 3
72 8
673 2
72 0
673 2
72 0
673 2
72 0
697 3
72 1
1012 3
72 8
226 2
72 0
226 2
72 0
226 2
72 0
202 3
72 1
370 3
72 8
147 2
72 0
147 2
72 0
147 2
72 0
843 3
72 1
1011 3
72 8
226 2
72 0
226 2
72 0
226 2
72 0
202 3
72 1
370 3
72 8
147 2
72 0
147 2
72 0
147 2
72 0
843 3
72 1
1011 3
72 8
121 2
72 0
121 2
72 0
121 2
72 0
553 3
72 1
841 3
72 8
174 2
72 0
174 2
72 0
174 2
72 0
1326 3
72 1
1614 3
72 8
121 2
72 0
121 2
72 0
121 2
72 0
553 3
72 1
841 3
72 8
174 2
72 0
174 2
72 0
174 2
72 0
1326 3
72 1
1614 3
72 8
226 2
72 0
226 2
72 0
226 2
72 0
202 3
72 1
370 3
72 8
147 2
72 0
147 2
72 0
147 2
72 0
843 3
72 1
1011 3
72 8
226 2
72 0
226 2
72 0
226 2
72 0
202 3
72 1
370 3
72 8
147 2
72 0
147 2
72 0
147 2
72 0
843 3
72 1
1011 3
72 8
174 2
72 0
174 2
72 0
174 2
72 0
1326 3
72 1
1614 3
72 8
174 2
72 0
174 2
72 0
174 2
72 0
1326 3
72 1
1614 3
72 8
200 2
72 0
200 2
72 0
200 2
72 0
1640 3
72 1
200 3
72 8
200 2
72 0
200 2
72 0
200 2
72 0
1640 3
72 1
200 3
72 8
226 2
72 0
226 2
72 0
226 2
72 0
202 3
72 1
370 3
72 8
226 2
72 0
226 2
72 0
226 2
72 0
202 3
72 1
370 3
72 8
843 2
72 0
543 2
72 0
370 2
72 0
543 3
72 1
202 3
72 8
202 2
72 0
202 2
72 0
202 2
72 0
370 3
72 1
541 3
72 8
226 2
72 0
226 2
72 0
226 2
72 0
202 3
72 1
370 3
72 8
226 2
72 0
226 2
72 0
226 2
72 0
202 3
72 1
370 3
72 8
843 2
72 0
543 2
72 0
370 2
72 0
543 3
72 1
202 3
72 8
202 2
72 0
202 2
72 0
202 2
72 0
370 3
72 1
541 3
72 8
226 2
72 0
226 2
72 0
226 2
72 0
202 3
72 1
370 3
72 8
226 2
72 0
226 2
72 0
226 2
72 0
202 3
72 1
370 3
72 8
843 2
72 0
543 2
72 0
370 2
72 0
543 3
72 1
202 3
72 8
202 2
72 0
202 2
72 0
202 2
72 0
370 3
72 1
541 3
72 8
121 2
72 0
121 2
72 0
121 2
72 0
673 3
72 1
697 3
72 8
121 2
72 0
121 2
72 0
121 2
72 0
673 3
72 1
697 3
72 8
1302 2
72 0
1002 2
72 0
697 2
72 0
1002 3
72 1
673 3
72 8
673 2
72 0
673 2
72 0
673 2
72 0
697 3
72 1
1012 3
72 8
161 2
72 0
161 2
72 0
161 2
72 0
1145 3
72 1
1313 3
72 8
161 2
72 0
161 2
72 0
161 2
72 0
1145 3
72 1
1313 3
72 8
202 2
72 0
1630 2
72 0
1313 2
72 0
1630 3
72 1
1145 3
72 8
1145 2
72 0
1145 2
72 0
1145 2
72 0
1313 3
72 1
1628 3
72 8
121 2
72 0
121 2
72 0
121 2
72 0
673 3
72 1
697 3
72 8
121 2
72 0
121 2
72 0
121 2
72 0
673 3
72 1
697 3
72 8
1302 2
72 0
1002 2
72 0
697 2
72 0
1002 3
72 1
673 3
72 8
673 2
72 0
673 2
72 0
673 2
72 0
697 3
72 1
1012 3
72 8
226 2
72 0
226 2
72 0
226 2
72 0
202 3
72 1
370 3
72 8
147 2
72 0
147 2
72 0
147 2
72 0
843 3
72 1
1011 3
72 8
226 2
72 0
226 2
72 0
226 2
72 0
202 3
72 1
370 3
72 8
147 2
72 0
147 2
72 0
147 2
72 0
843 3
72 1
1011 3
72 8
121 2
72 0
121 2
72 0
121 2
72 0
553 3
72 1
841 3
72 8
174 2
72 0
174 2
72 0
174 2
72 0
1326 3
72 1
1614 3
72 8
121 2
72 0
121 2
72 0
121 2
72 0
553 3
72 1
841 3
72 8
174 2
72 0
174 2
72 0
174 2
72 0
1326 3
72 1
1614 3
72 8
226 2
72 0
226 2
72 0
226 2
72 0
202 3
72 1
370 3
72 8
147 2
72 0
147 2
72 0
147 2
72 0
843 3
72 1
1011 3
72 8
226 2
72 0
226 2
72 0
226 2
72 0
202 3
72 1
370 3
72 8
147 2
72 0
147 2
72 0
147 2
72 0
843 3
72 1
1011 3
72 8
174 2
72 0
174 2
72 0
174 2
72 0
1326 3
72 1
1614 3
72 8
174 2
72 0
174 2
72 0
174 2
72 0
1326 3
72 1
1614 3
72 8
200 2
72 0
200 2
72 0
200 2
72 0
1640 3
72 1
200 3
72 8
200 2
72 0
200 2
72 0
200 2
72 0
1640 3
72 1
200 3
72 8
226 2
72 0
226 2
72 0
226 2
72 0
202 3
72 1
370 3
72 8
226 2
72 0
226 2
72 0
226 2
72 0
202 3
72 1
370 3
72 8
843 2
72 0
543 2
72 0
370 2
72 0
543 3
72 1
202 3
72 8
202 2
72 0
202 2
72 0
202 2
72 0
370 3
72 1
541 3
72 8
226 2
72 0
226 2
72 0
226 2
72 0
202 3
72 1
370 3
72 8
226 2
72 0
226 2
72 0
226 2
72 0
202 3
72 1
370 3
72 8
843 2
72 0
543 2
72 0
370 2
72 0
543 3
72 1
202 3
72 8
202 2
72 0
202 2
72 0
202 2
72 0
370 3
72 1
541 3
72 8
226 2
72 0
226 2
72 0
226 2
72 0
202 3
72 1
370 3
72 8
226 2
72 0
226 2
72 0
226 2
72 0
202 3
72 1
370 3
72 8
843 2
72 0
543 2
72 0
370 2
72 0
543 3
72 1
202 3
72 8
202 2
72 0
202 2
72 0
202 2
72 0
370 3
72 1
541 3
72 8
121 2
72 0
121 2
72 0
121 2
72 0
673 3
72 1
697 3
72 8
121 2
72 0
121 2
72 0
121 2
72 0
673 3
72 1
697 3
72 8
1302 2
72 0
1002 2
72 0
697 2
72 0
1002 3
72 1
673 3
72 8
673 2
72 0
673 2
72 0
673 2
72 0
697 3
72 1
1012 3
72 8
161 2
72 0
161 2
72 0
161 2
72 0
1145 3
72 1
1313 3
72 8
161 2
72 0
161 2
72 0
161 2
72 0
1145 3
72 1
1313 3
72 8
202 2
72 0
1630 2
72 0
1313 2
72 0
1630 3
72 1
1145 3
72 8
1145 2
72 0
1145 2
72 0
1145 2
72 0
1313 3
72 1
1628 3
72 8
121 2
72 0
121 2
72 0
121 2
72 0
673 3
72 1
697 3
72 8
121 2
72 0
121 2
72 0
121 2
72 0
673 3
72 1
697 3
72 8
1302 2
72 0
1002 2
72 0
697 2
72 0
1002 3
72 1
673 3
72 8
673 2
72 0
673 2
72 0
673 2
72 0
697 3
72 1
1012 3
72 8
226 2
72 0
226 2
72 0
226 2
72 0
202 3
72 1
370 3
72 8
147 2
72 0
147 2
72 0
147 2
72 0
843 3
72 1
1011 3
72 8
226 2
72 0
226 2
72 0
226 2
72 0
202 3
72 1
370 3
72 8
147 2
72 0
147 2
72 0
147 2
72 0
843 3
72 1
1011 3
72 8
121 2
72 0
121 2
72 0
121 2
72 0
553 3
72 1
841 3
72 8
174 2
72 0
174 2
72 0
174 2
72 0
1326 3
72 1
1614 3
72 8
121 2
72 0
121 2
72 0
121 2
72 0
553 3
72 1
841 3
72 8
174 2
72 0
174 2
72 0
174 2
72 0
1326 3
72 1
1614 3
72 8
226 2
72 0
226 2
72 0
226 2
72 0
202 3
72 1
370 3
72 8
147 2
72 0
147 2
72 0
147 2
72 0
843 3
72 1
1011 3
72 8
226 2
72 0
226 2
72 0
226 2
72 0
202 3
72 1
370 3
72 8
147 2
72 0
147 2
72 0
147 2
72 0
843 3
72 1
1011 3
72 8
174 2
72 0
174 2
72 0
174 2
72 0
1326 3
72 1
1614 3
72 8
174 2
72 0
174 2
72 0
174 2
72 0
1326 3
72 1
1614 3
72 8
200 2
72 0
200 2
72 0
200 2
72 0
1640 3
72 1
200 3
72 8
200 2
72 0
200 2
72 0
200 2
72 0
1640 3
72 1
200 3
72 8
226 2
72 0
226 2
72 0
226 2
72 0
202 3
72 1
370 3
72 8
226 2
72 0
226 2
72 0
226 2
72 0
202 3
72 1
370 3
72 8
843 2
72 0
543 2
72 0
370 2
72 0
543 3
72 1
202 3
72 8
202 2
72 0
202 2
72 0
202 2
72 0
370 3
72 1
541 3
72 8
226 2
72 0
226 2
72 0
226 2
72 0
202 3
72 1
370 3
72 8
226 2
72 0
226 2
72 0
226 2
72 0
202 3
72 1
370 3
72 8
843 2
72 0
543 2
72 0
370 2
72 0
543 3
72 1
202 3
72 8
202 2
72 0
202 2
72 0
202 2
72 0
370 3
72 1
541 3
E
S
H
72 14
48 13
49 7
51 13
53 7
55 7
56 13
72 14
53 13
55 7
56 13
58 7
60 7
61 13
72 14
48 13
49 7
51 13
53 7
55 7
56 13
72 14
53 13
55 7
56 13
58 7
60 7
61 13
72 14
48 13
49 7
51 13
53 7
55 7
56 13
72 14
53 13
55 7
56 13
58 7
60 7
61 13
E
S
H
72 14
109 13
123 7
137 13
162 7
188 7
201 14
161 13
188 7
202 13
228 7
109 7
121 14
72 14
109 13
123 7
137 13
162 7
188 7
201 14
161 13
188 7
202 13
228 7
109 7
121 14
72 14
109 13
123 7
137 13
162 7
188 7
201 14
161 13
188 7
202 13
228 7
109 7
121 14
E
S
L
72 14
178 0
72 1
178 0
72 0
178 0
178 0
72 2
231 11
231 7
231 11
166 2
166 2
166 2
166 2
231 11
231 7
231 11
166 2
166 2
166 2
166 2
231 11
231 7
231 11
166 2
166 2
166 2
166 2
231 11
231 7
231 11
166 2
166 2
166 2
166 2
231 11
231 7
231 11
166 2
166 2
166 2
166 2
231 11
231 7
231 11
166 2
166 2
166 2
166 2
114 11
114 7
114 11
205 2
205 2
205 2
205 2
114 11
114 7
114 11
205 2
205 2
205 2
205 2
166 11
166 7
166 11
101 2
101 2
101 2
101 2
166 11
166 7
166 11
101 2
101 2
101 2
101 2
114 11
114 7
114 11
205 2
205 2
205 2
205 2
114 11
114 7
114 11
205 2
205 2
205 2
205 2
231 11
231 7
140 11
140 4
140 4
231 11
231 7
140 11
140 4
140 4
114 11
114 7
179 11
179 4
179 4
114 11
114 7
179 11
179 4
179 4
231 11
231 7
140 11
140 4
140 4
231 11
231 7
140 11
140 4
140 4
179 11
179 7
179 11
179 4
179 4
205 11
205 7
205 11
205 4
205 4
231 11
231 7
231 11
166 2
166 2
166 2
166 2
231 11
231 7
231 11
166 2
166 2
166 2
166 2
231 11
231 7
231 11
166 2
166 2
166 2
166 2
231 11
231 7
231 11
166 2
166 2
166 2
166 2
231 11
231 7
231 11
166 2
166 2
166 2
166 2
231 11
231 7
231 11
166 2
166 2
166 2
166 2
114 11
114 7
114 11
205 2
205 2
205 2
205 2
114 11
114 7
114 11
205 2
205 2
205 2
205 2
166 11
166 7
166 11
101 2
101 2
101 2
101 2
166 11
166 7
166 11
101 2
101 2
101 2
101 2
114 11
114 7
114 11
205 2
205 2
205 2
205 2
114 11
114 7
114 11
205 2
205 2
205 2
205 2
231 11
231 7
140 11
140 4
140 4
231 11
231 7
140 11
140 4
140 4
114 11
114 7
179 11
179 4
179 4
114 11
114 7
179 11
179 4
179 4
231 11
231 7
140 11
140 4
140 4
231 11
231 7
140 11
140 4
140 4
179 11
179 7
179 11
179 4
179 4
205 11
205 7
205 11
205 4
205 4
231 11
231 7
231 11
166 2
166 2
166 2
166 2
231 11
231 7
231 11
166 2
166 2
166 2
166 2
231 11
231 7
231 11
166 2
166 2
166 2
166 2
231 11
231 7
231 11
166 2
166 2
166 2
166 2
231 11
231 7
231 11
166 2
166 2
166 2
166 2
231 11
231 7
231 11
166 2
166 2
166 2
166 2
114 11
114 7
114 11
205 2
205 2
205 2
205 2
114 11
114 7
114 11
205 2
205 2
205 2
205 2
166 11
166 7
166 11
101 2
101 2
101 2
101 2
166 11
166 7
166 11
101 2
101 2
101 2
101 2
114 11
114 7
114 11
205 2
205 2
205 2
205 2
114 11
114 7
114 11
205 2
205 2
205 2
205 2
231 11
231 7
140 11
140 4
140 4
231 11
231 7
140 11
140 4
140 4
114 11
114 7
179 11
179 4
179 4
114 11
114 7
179 11
179 4
179 4
231 11
231 7
140 11
140 4
140 4
231 11
231 7
140 11
140 4
140 4
179 11
179 7
179 11
179 4
179 4
205 11
205 7
205 11
205 4
205 4
231 11
231 7
231 11
166 2
166 2
166 2
166 2
231 11
231 7
231 11
166 2
166 2
166 2
166 2
231 11
231 7
231 11
166 2
166 2
166 2
166 2
231 11
231 7
231 11
166 2
166 2
166 2
166 2
E
X
