major
S
L
32 4
32 4
44 4
32 4
25 4
25 4
37 4
25 4
27 4
27 4
39 4
27 4
25 4
25 4
37 4
25 4
32 4
32 4
44 4
32 4
25 4
25 4
37 4
25 4
27 4
27 4
39 4
27 4
25 4
25 4
37 4
25 4
32 4
32 4
44 4
32 4
25 4
25 4
37 4
25 4
27 4
27 4
39 4
27 4
25 4
25 4
37 4
25 4
32 4
32 4
44 4
32 4
25 4
25 4
37 4
25 4
27 4
27 4
39 4
27 4
25 4
25 4
37 4
25 4
32 4
32 4
44 4
32 4
25 4
25 4
37 4
25 4
27 4
27 4
39 4
27 4
25 4
25 4
37 4
25 4
32 4
32 4
44 4
32 4
25 4
25 4
37 4
25 4
27 4
27 4
39 4
27 4
25 4
25 4
37 4
25 4
32 4
32 4
44 4
32 4
25 4
25 4
37 4
25 4
27 4
27 4
39 4
27 4
25 4
25 4
37 4
25 4
32 4
32 4
44 4
32 4
25 4
25 4
37 4
25 4
27 4
27 4
39 4
27 4
25 4
25 4
37 4
25 4
32 4
32 4
44 4
32 4
25 4
25 4
37 4
25 4
27 4
27 4
39 4
27 4
25 4
25 4
37 4
25 4
32 4
32 4
44 4
32 4
25 4
25 4
37 4
25 4
27 4
27 4
39 4
27 4
25 4
25 4
37 4
25 4
22 4
22 4
34 4
22 4
27 4
27 4
39 4
27 4
29 4
29 4
41 4
29 4
27 4
27 4
39 4
27 4
22 4
22 4
34 4
22 4
27 4
27 4
39 4
27 4
29 4
29 4
41 4
29 4
27 4
27 4
39 4
27 4
22 4
22 4
34 4
22 4
27 4
27 4
39 4
27 4
29 4
29 4
41 4
29 4
27 4
27 4
39 4
27 4
22 4
22 4
34 4
22 4
27 4
27 4
39 4
27 4
29 4
29 4
41 4
29 4
27 4
27 4
39 4
27 4
32 4
32 4
44 4
32 4
25 4
25 4
37 4
25 4
27 4
27 4
39 4
27 4
25 4
25 4
37 4
25 4
32 4
32 4
44 4
32 4
25 4
25 4
37 4
25 4
27 4
27 4
39 4
27 4
25 4
25 4
37 4
25 4
32 4
32 4
44 4
32 4
25 4
25 4
37 4
25 4
27 4
27 4
39 4
27 4
25 4
25 4
37 4
25 4
32 4
32 4
44 4
32 4
25 4
25 4
37 4
25 4
27 4
27 4
39 4
27 4
25 4
25 4
37 4
25 4
32 4
32 4
44 4
32 4
25 4
25 4
37 4
25 4
27 4
27 4
39 4
27 4
25 4
25 4
37 4
25 4
32 4
32 4
44 4
32 4
25 4
25 4
37 4
25 4
27 4
27 4
39 4
27 4
25 4
25 4
37 4
25 4
32 4
32 4
44 4
32 4
25 4
25 4
37 4
25 4
27 4
27 4
39 4
27 4
25 4
25 4
37 4
25 4
32 4
32 4
44 4
32 4
25 4
25 4
37 4
25 4
27 4
27 4
39 4
27 4
25 4
25 4
37 4
25 4
22 4
22 4
34 4
22 4
27 4
27 4
39 4
27 4
29 4
29 4
41 4
29 4
27 4
27 4
39 4
27 4
22 4
22 4
34 4
22 4
27 4
27 4
39 4
27 4
29 4
29 4
41 4
29 4
27 4
27 4
39 4
27 4
22 4
22 4
34 4
22 4
27 4
27 4
39 4
27 4
29 4
29 4
41 4
29 4
27 4
27 4
39 4
27 4
22 4
22 4
34 4
22 4
27 4
27 4
39 4
27 4
29 4
29 4
41 4
29 4
27 4
27 4
39 4
27 4
E
S
H
48 4
49 4
51 4
56 4
72 13
60 4
61 4
60 4
56 4
48 4
49 4
51 4
56 4
72 13
60 4
61 4
60 4
56 4
48 11
44 9
46 12
39 4
48 4
49 4
48 11
44 9
46 7
56 4
72 4
56 4
55 4
53 4
51 4
49 4
48 11
44 9
46 12
39 4
48 4
49 4
48 4
49 4
48 7
48 4
46 4
44 4
46 13
48 4
49 4
48 7
48 4
49 4
48 4
44 4
46 4
48 4
46 4
43 4
44 4
46 4
48 4
51 4
48 4
49 4
48 7
48 4
49 4
48 4
44 4
46 4
48 4
46 4
43 4
44 4
43 4
41 4
37 4
48 4
49 4
51 4
56 4
48 4
49 4
51 4
48 4
46 4
48 4
46 4
43 4
44 4
46 4
48 4
51 4
56 4
58 4
56 4
51 4
48 4
49 4
48 4
44 4
46 4
48 4
46 4
43 4
44 4
46 4
48 4
51 4
50 9
50 4
50 4
48 4
46 4
48 12
41 4
50 4
51 4
50 11
46 9
48 13
50 4
51 4
50 7
50 4
51 4
50 7
48 4
50 4
48 4
45 4
46 4
48 4
50 4
53 4
50 4
51 4
50 7
50 4
51 4
50 4
46 4
48 4
50 4
48 4
45 4
46 4
48 4
50 4
53 4
48 11
44 9
46 12
39 4
48 4
49 4
48 11
44 9
46 7
56 4
72 4
56 4
55 4
53 4
51 4
49 4
48 11
44 9
46 12
39 4
48 4
49 4
48 4
49 4
48 7
48 4
46 4
44 4
46 13
48 4
49 4
48 7
48 4
49 4
48 4
44 4
46 4
48 4
46 4
43 4
44 4
46 4
48 4
51 4
48 4
49 4
48 7
48 4
49 4
48 4
44 4
46 4
48 4
46 4
43 4
44 4
43 4
41 4
37 4
48 4
49 4
51 4
56 4
48 4
49 4
51 4
48 4
46 4
48 4
46 4
43 4
44 4
46 4
48 4
51 4
56 4
58 4
56 4
51 4
48 4
49 4
48 4
44 4
46 4
48 4
46 4
43 4
44 4
46 4
48 4
51 4
50 9
50 4
50 4
48 4
46 4
48 12
41 4
50 4
51 4
50 11
46 9
48 13
50 4
51 4
50 7
50 4
51 4
50 7
48 4
50 4
48 4
45 4
46 4
48 4
50 4
53 4
50 4
51 4
50 7
50 4
51 4
50 4
46 4
48 4
50 4
48 4
45 4
46 4
48 4
50 4
53 4
E
S
H
72 14
48 0
60 0
72 2
48 0
72 0
60 0
72 1
49 0
72 1
61 0
72 0
49 0
61 0
72 2
51 0
63 0
72 2
51 0
72 0
63 0
72 1
56 0
72 1
68 0
72 0
56 0
68 0
72 13
60 0
60 0
72 2
60 0
72 0
60 0
72 1
61 0
72 1
61 0
72 0
61 0
61 0
72 2
60 0
60 0
72 2
60 0
72 0
60 0
72 1
56 0
72 1
68 0
72 0
56 0
68 0
72 2
48 0
60 0
72 2
48 0
72 0
60 0
72 1
49 0
72 1
61 0
72 0
49 0
61 0
72 2
51 0
63 0
72 2
51 0
72 0
63 0
72 1
56 0
72 1
68 0
72 0
56 0
68 0
72 13
60 0
60 0
72 2
60 0
72 0
60 0
72 1
61 0
72 1
61 0
72 0
61 0
61 0
72 2
60 0
60 0
72 2
60 0
72 0
60 0
72 1
56 0
72 1
68 0
72 0
56 0
68 0
72 2
48 0
60 0
72 2
48 0
72 0
60 0
72 1
49 0
72 1
61 0
72 0
49 0
61 0
72 2
51 0
63 0
72 2
51 0
72 0
63 0
72 1
56 0
72 1
68 0
72 0
56 0
68 0
72 13
60 0
60 0
72 2
60 0
72 0
60 0
72 1
61 0
72 1
61 0
72 0
61 0
61 0
72 2
60 0
60 0
72 2
60 0
72 0
60 0
72 1
56 0
72 1
68 0
72 0
56 0
68 0
72 2
48 0
60 0
72 2
48 0
72 0
60 0
72 1
49 0
72 1
61 0
72 0
49 0
61 0
72 2
51 0
63 0
72 2
51 0
72 0
63 0
72 1
56 0
72 1
68 0
72 0
56 0
68 0
72 12
56 0
72 1
68 0
72 0
56 0
68 0
72 6
56 0
72 1
68 0
72 0
56 0
68 0
72 2
55 0
67 0
72 2
55 0
72 0
67 0
72 1
53 0
72 1
65 0
72 0
53 0
65 0
72 2
51 0
63 0
72 2
51 0
72 0
63 0
72 1
49 0
72 1
61 0
72 0
49 0
61 0
72 2
48 0
60 0
72 2
48 0
72 0
60 0
72 1
49 0
72 1
61 0
72 0
49 0
61 0
72 2
51 0
63 0
72 2
51 0
72 0
63 0
72 1
56 0
72 1
68 0
72 0
56 0
68 0
72 13
60 0
60 0
72 2
60 0
72 0
60 0
72 1
61 0
72 1
61 0
72 0
61 0
61 0
72 2
60 0
60 0
72 2
60 0
72 0
60 0
72 1
56 0
72 1
68 0
72 0
56 0
68 0
72 2
48 0
60 0
72 2
48 0
72 0
60 0
72 1
49 0
72 1
61 0
72 0
49 0
61 0
72 2
51 0
63 0
72 2
51 0
72 0
63 0
72 1
56 0
72 1
68 0
72 0
56 0
68 0
72 13
60 0
60 0
72 2
60 0
72 0
60 0
72 1
61 0
72 1
61 0
72 0
61 0
61 0
72 2
60 0
60 0
72 2
60 0
72 0
60 0
72 1
56 0
72 1
68 0
72 0
56 0
68 0
72 2
48 0
60 0
72 2
48 0
72 0
60 0
72 1
49 0
72 1
61 0
72 0
49 0
61 0
72 2
51 0
63 0
72 2
51 0
72 0
63 0
72 1
56 0
72 1
68 0
72 0
56 0
68 0
72 13
60 0
60 0
72 2
60 0
72 0
60 0
72 1
61 0
72 1
61 0
72 0
61 0
61 0
72 2
60 0
60 0
72 2
60 0
72 0
60 0
72 1
56 0
72 1
68 0
72 0
56 0
68 0
72 2
48 0
60 0
72 2
48 0
72 0
60 0
72 1
49 0
72 1
61 0
72 0
49 0
61 0
72 2
51 0
63 0
72 2
51 0
72 0
63 0
72 1
56 0
72 1
68 0
72 0
56 0
68 0
72 12
56 0
72 1
68 0
72 0
56 0
68 0
72 6
56 0
72 1
68 0
72 0
56 0
68 0
72 2
55 0
67 0
72 2
55 0
72 0
67 0
72 1
53 0
72 1
65 0
72 0
53 0
65 0
72 2
51 0
63 0
72 2
51 0
72 0
63 0
72 1
49 0
72 1
61 0
72 0
49 0
61 0
72 2
50 0
62 0
72 2
50 0
72 0
62 0
72 1
51 0
72 1
63 0
72 0
51 0
63 0
72 2
53 0
65 0
72 2
53 0
72 0
65 0
72 1
58 0
72 1
70 0
72 0
58 0
70 0
72 6
58 0
72 1
70 0
72 0
58 0
70 0
72 2
57 0
69 0
72 2
57 0
72 0
69 0
72 1
55 0
72 1
67 0
72 0
55 0
67 0
72 2
53 0
65 0
72 2
53 0
72 0
65 0
72 1
51 0
72 1
63 0
72 0
51 0
63 0
72 2
50 0
62 0
72 2
50 0
72 0
62 0
72 1
48 0
72 1
60 0
72 0
48 0
60 0
72 2
46 0
58 0
72 2
46 0
72 0
58 0
72 1
45 0
72 1
57 0
72 0
45 0
57 0
72 2
43 0
55 0
72 2
43 0
72 0
55 0
72 1
41 0
72 1
53 0
72 0
41 0
53 0
72 2
50 0
62 0
72 2
50 0
72 0
62 0
72 1
51 0
72 1
63 0
72 0
51 0
63 0
72 2
53 0
65 0
72 2
53 0
72 0
65 0
72 1
58 0
72 1
70 0
72 0
58 0
70 0
72 12
58 0
72 1
70 0
72 0
58 0
70 0
72 6
58 0
72 1
70 0
72 0
58 0
70 0
72 2
57 0
69 0
72 2
57 0
72 0
69 0
72 1
55 0
72 1
67 0
72 0
55 0
67 0
72 2
53 0
65 0
72 2
53 0
72 0
65 0
72 1
51 0
72 1
63 0
72 0
51 0
63 0
72 2
50 0
62 0
72 2
50 0
72 0
62 0
72 1
51 0
72 1
63 0
72 0
51 0
63 0
72 2
53 0
65 0
72 2
53 0
72 0
65 0
72 1
58 0
72 1
70 0
72 0
58 0
70 0
72 12
58 0
72 1
70 0
72 0
58 0
70 0
72 2
57 0
69 0
72 2
57 0
72 0
69 0
72 1
55 0
72 1
67 0
72 0
55 0
67 0
72 2
53 0
65 0
72 2
53 0
72 0
65 0
72 1
51 0
72 1
63 0
72 0
51 0
63 0
72 2
50 0
62 0
72 2
50 0
72 0
62 0
72 1
48 0
72 1
60 0
72 0
48 0
60 0
72 2
50 0
62 0
72 2
50 0
72 0
62 0
72 1
51 0
72 1
63 0
72 0
51 0
63 0
72 2
53 0
65 0
72 2
53 0
72 0
65 0
72 1
58 0
72 1
70 0
72 0
58 0
70 0
72 12
58 0
72 1
70 0
72 0
58 0
70 0
72 6
58 0
72 1
70 0
72 0
58 0
70 0
72 2
57 0
69 0
72 2
57 0
72 0
69 0
72 1
55 0
72 1
67 0
72 0
55 0
67 0
72 2
53 0
65 0
72 2
53 0
72 0
65 0
72 1
51 0
72 1
63 0
72 0
51 0
63 0
72 2
48 0
60 0
72 2
48 0
72 0
60 0
72 1
49 0
72 1
61 0
72 0
49 0
61 0
72 2
51 0
63 0
72 2
51 0
72 0
63 0
72 1
56 0
72 1
68 0
72 0
56 0
68 0
72 13
60 0
60 0
72 2
60 0
72 0
60 0
72 1
61 0
72 1
61 0
72 0
61 0
61 0
72 2
60 0
60 0
72 2
60 0
72 0
60 0
72 1
56 0
72 1
68 0
72 0
56 0
68 0
72 2
48 0
60 0
72 2
48 0
72 0
60 0
72 1
49 0
72 1
61 0
72 0
49 0
61 0
72 2
51 0
63 0
72 2
51 0
72 0
63 0
72 1
56 0
72 1
68 0
72 0
56 0
68 0
72 13
60 0
60 0
72 2
60 0
72 0
60 0
72 1
61 0
72 1
61 0
72 0
61 0
61 0
72 2
60 0
60 0
72 2
60 0
72 0
60 0
72 1
56 0
72 1
68 0
72 0
56 0
68 0
72 2
48 0
60 0
72 2
48 0
72 0
60 0
72 1
49 0
72 1
61 0
72 0
49 0
61 0
72 2
51 0
63 0
72 2
51 0
72 0
63 0
72 1
56 0
72 1
68 0
72 0
56 0
68 0
72 13
60 0
60 0
72 2
60 0
72 0
60 0
72 1
61 0
72 1
61 0
72 0
61 0
61 0
72 2
60 0
60 0
72 2
60 0
72 0
60 0
72 1
56 0
72 1
68 0
72 0
56 0
68 0
72 2
48 0
60 0
72 2
48 0
72 0
60 0
72 1
49 0
72 1
61 0
72 0
49 0
61 0
72 2
51 0
63 0
72 2
51 0
72 0
63 0
72 1
56 0
72 1
68 0
72 0
56 0
68 0
72 12
56 0
72 1
68 0
72 0
56 0
68 0
72 6
56 0
72 1
68 0
72 0
56 0
68 0
72 2
55 0
67 0
72 2
55 0
72 0
67 0
72 1
53 0
72 1
65 0
72 0
53 0
65 0
72 2
51 0
63 0
72 2
51 0
72 0
63 0
72 1
49 0
72 1
61 0
72 0
49 0
61 0
72 2
48 0
60 0
72 2
48 0
72 0
60 0
72 1
49 0
72 1
61 0
72 0
49 0
61 0
72 2
51 0
63 0
72 2
51 0
72 0
63 0
72 1
56 0
72 1
68 0
72 0
56 0
68 0
72 13
60 0
60 0
72 2
60 0
72 0
60 0
72 1
61 0
72 1
61 0
72 0
61 0
61 0
72 2
60 0
60 0
72 2
60 0
72 0
60 0
72 1
56 0
72 1
68 0
72 0
56 0
68 0
72 2
48 0
60 0
72 2
48 0
72 0
60 0
72 1
49 0
72 1
61 0
72 0
49 0
61 0
72 2
51 0
63 0
72 2
51 0
72 0
63 0
72 1
56 0
72 1
68 0
72 0
56 0
68 0
72 13
60 0
60 0
72 2
60 0
72 0
60 0
72 1
61 0
72 1
61 0
72 0
61 0
61 0
72 2
60 0
60 0
72 2
60 0
72 0
60 0
72 1
56 0
72 1
68 0
72 0
56 0
68 0
72 2
48 0
60 0
72 2
48 0
72 0
60 0
72 1
49 0
72 1
61 0
72 0
49 0
61 0
72 2
51 0
63 0
72 2
51 0
72 0
63 0
72 1
56 0
72 1
68 0
72 0
56 0
68 0
72 13
60 0
60 0
72 2
60 0
72 0
60 0
72 1
61 0
72 1
61 0
72 0
61 0
61 0
72 2
60 0
60 0
72 2
60 0
72 0
60 0
72 1
56 0
72 1
68 0
72 0
56 0
68 0
72 2
48 0
60 0
72 2
48 0
72 0
60 0
72 1
49 0
72 1
61 0
72 0
49 0
61 0
72 2
51 0
63 0
72 2
51 0
72 0
63 0
72 1
56 0
72 1
68 0
72 0
56 0
68 0
72 12
56 0
72 1
68 0
72 0
56 0
68 0
72 6
56 0
72 1
68 0
72 0
56 0
68 0
72 2
55 0
67 0
72 2
55 0
72 0
67 0
72 1
53 0
72 1
65 0
72 0
53 0
65 0
72 2
51 0
63 0
72 2
51 0
72 0
63 0
72 1
49 0
72 1
61 0
72 0
49 0
61 0
72 2
50 0
62 0
72 2
50 0
72 0
62 0
72 1
51 0
72 1
63 0
72 0
51 0
63 0
72 2
53 0
65 0
72 2
53 0
72 0
65 0
72 1
58 0
72 1
70 0
72 0
58 0
70 0
72 6
58 0
72 1
70 0
72 0
58 0
70 0
72 2
57 0
69 0
72 2
57 0
72 0
69 0
72 1
55 0
72 1
67 0
72 0
55 0
67 0
72 2
53 0
65 0
72 2
53 0
72 0
65 0
72 1
51 0
72 1
63 0
72 0
51 0
63 0
72 2
50 0
62 0
72 2
50 0
72 0
62 0
72 1
48 0
72 1
60 0
72 0
48 0
60 0
72 2
46 0
58 0
72 2
46 0
72 0
58 0
72 1
45 0
72 1
57 0
72 0
45 0
57 0
72 2
43 0
55 0
72 2
43 0
72 0
55 0
72 1
41 0
72 1
53 0
72 0
41 0
53 0
72 2
50 0
62 0
72 2
50 0
72 0
62 0
72 1
51 0
72 1
63 0
72 0
51 0
63 0
72 2
53 0
65 0
72 2
53 0
72 0
65 0
72 1
58 0
72 1
70 0
72 0
58 0
70 0
72 12
58 0
72 1
70 0
72 0
58 0
70 0
72 6
58 0
72 1
70 0
72 0
58 0
70 0
72 2
57 0
69 0
72 2
57 0
72 0
69 0
72 1
55 0
72 1
67 0
72 0
55 0
67 0
72 2
53 0
65 0
72 2
53 0
72 0
65 0
72 1
51 0
72 1
63 0
72 0
51 0
63 0
72 2
50 0
62 0
72 2
50 0
72 0
62 0
72 1
51 0
72 1
63 0
72 0
51 0
63 0
72 2
53 0
65 0
72 2
53 0
72 0
65 0
72 1
58 0
72 1
70 0
72 0
58 0
70 0
72 12
58 0
72 1
70 0
72 0
58 0
70 0
72 2
57 0
69 0
72 2
57 0
72 0
69 0
72 1
55 0
72 1
67 0
72 0
55 0
67 0
72 2
53 0
65 0
72 2
53 0
72 0
65 0
72 1
51 0
72 1
63 0
72 0
51 0
63 0
72 2
50 0
62 0
72 2
50 0
72 0
62 0
72 1
48 0
72 1
60 0
72 0
48 0
60 0
72 2
50 0
62 0
72 2
50 0
72 0
62 0
72 1
51 0
72 1
63 0
72 0
51 0
63 0
72 2
53 0
65 0
72 2
53 0
72 0
65 0
72 1
58 0
72 1
70 0
72 0
58 0
70 0
72 12
58 0
72 1
70 0
72 0
58 0
70 0
72 6
58 0
72 1
70 0
72 0
58 0
70 0
72 2
57 0
69 0
72 2
57 0
72 0
69 0
72 1
55 0
72 1
67 0
72 0
55 0
67 0
72 2
53 0
65 0
72 2
53 0
72 0
65 0
72 1
51 0
72 1
63 0
72 0
51 0
63 0
E
X
