major
S
H
72 14
33 9
72 9
36 9
72 9
38 12
72 9
36 9
38 9
41 9
38 9
36 9
38 9
36 9
38 9
36 9
33 9
31 9
29 9
72 9
31 9
72 9
26 12
72 9
29 9
31 9
33 9
36 9
33 6
31 6
29 9
31 9
33 9
72 9
36 9
72 9
38 12
72 9
36 9
38 9
41 9
38 9
36 9
38 9
36 9
38 9
36 9
33 9
31 9
29 9
72 9
31 9
72 9
26 12
72 9
29 9
31 9
33 9
36 9
33 6
31 6
33 9
38 9
36 9
72 9
33 9
31 9
29 9
72 13
36 9
36 9
33 9
31 9
29 9
72 14
33 9
72 9
36 9
72 9
38 12
72 9
36 9
38 9
41 9
38 9
36 9
38 9
36 9
38 9
36 9
33 9
31 9
29 9
72 9
31 9
72 9
26 12
72 9
29 9
31 9
33 9
36 9
33 6
31 6
29 9
31 9
33 9
72 9
36 9
72 9
38 12
72 9
36 9
38 9
41 9
38 9
36 9
38 9
36 9
38 9
36 9
33 9
31 9
29 9
72 9
31 9
72 9
26 12
72 9
29 9
31 9
33 9
36 9
33 6
31 6
33 9
38 9
36 9
72 9
33 9
31 9
29 9
72 13
36 9
36 9
33 9
31 9
29 9
E
S
L
72 14
21 9
72 9
24 9
72 9
26 11
72 11
24 9
26 9
29 9
26 9
24 9
26 9
24 9
26 9
24 9
21 9
19 9
17 9
72 9
19 9
72 9
14 11
72 11
17 9
19 9
21 9
24 9
21 6
19 6
17 9
19 9
21 9
72 9
24 9
72 9
26 11
72 11
24 9
26 9
29 9
26 9
24 9
26 9
24 9
26 9
24 9
21 9
19 9
17 9
72 9
19 9
72 9
14 11
72 11
17 9
19 9
21 9
24 9
21 6
19 6
21 9
26 9
24 9
72 9
21 9
19 9
17 9
72 13
24 12
21 9
19 9
17 9
72 14
21 9
72 9
24 9
72 9
26 11
72 11
24 9
26 9
29 9
26 9
24 9
26 9
24 9
26 9
24 9
21 9
19 9
17 9
72 9
19 9
72 9
14 11
72 11
17 9
19 9
21 9
24 9
21 6
19 6
17 9
19 9
21 9
72 9
24 9
72 9
26 11
72 11
24 9
26 9
29 9
26 9
24 9
26 9
24 9
26 9
24 9
21 9
19 9
17 9
72 9
19 9
72 9
14 11
72 11
17 9
19 9
21 9
24 9
21 6
19 6
21 9
26 9
24 9
72 9
21 9
19 9
17 9
72 13
24 9
24 9
21 9
19 9
17 9
E
X
