minor
S
H
72 9
72 14
57 2
69 2
72 6
64 2
64 2
72 6
64 3
64 3
72 5
62 2
62 2
72 2
64 2
64 2
72 0
66 3
66 3
72 8
67 2
67 2
72 0
66 3
66 3
72 1
64 2
64 2
72 0
62 2
62 2
72 6
64 3
64 3
72 13
60 2
60 2
72 2
62 2
62 2
72 0
64 2
64 2
72 2
62 2
62 2
72 0
60 2
60 2
72 10
60 2
60 2
72 2
62 2
62 2
72 0
64 2
64 2
72 2
62 2
62 2
72 0
60 2
60 2
72 10
60 2
60 2
72 2
59 2
71 2
72 0
57 2
69 2
72 2
55 2
67 2
72 0
57 3
69 3
72 8
55 0
72 1
67 0
72 3
57 2
69 2
72 13
57 2
69 2
72 6
64 2
64 2
72 6
64 3
64 3
72 5
62 2
62 2
72 2
64 2
64 2
72 0
66 3
66 3
72 8
67 2
67 2
72 0
66 3
66 3
72 1
64 2
64 2
72 0
62 2
62 2
72 6
64 3
64 3
72 13
60 2
60 2
72 2
62 2
62 2
72 0
64 2
64 2
72 2
62 2
62 2
72 0
60 2
60 2
72 10
60 2
60 2
72 2
62 2
62 2
72 0
64 2
64 2
72 2
62 2
62 2
72 0
60 2
60 2
72 10
60 2
60 2
72 2
59 2
71 2
72 0
57 2
69 2
72 2
55 2
67 2
72 0
57 3
69 3
72 8
55 0
72 1
67 0
72 3
57 2
69 2
72 13
64 2
64 2
72 6
67 2
67 2
72 6
66 4
66 4
72 7
64 2
64 2
72 0
62 3
62 3
72 13
66 3
66 3
72 5
69 3
69 3
72 5
64 4
64 4
72 13
64 3
64 3
72 5
67 2
67 2
72 6
66 4
66 4
72 7
64 3
64 3
62 2
62 2
72 13
66 3
66 3
72 5
69 3
69 3
72 5
64 3
64 3
72 13
60 3
60 3
72 5
64 3
64 3
72 5
62 3
62 3
72 8
60 2
60 2
72 0
58 3
70 3
72 13
62 3
62 3
72 5
65 3
65 3
72 5
60 3
60 3
72 13
57 3
69 3
72 5
60 3
60 3
72 5
59 3
71 3
72 8
57 2
69 2
72 0
55 2
67 2
72 13
59 2
71 2
72 2
60 2
60 2
72 13
67 3
67 3
72 14
57 2
69 2
72 6
64 2
64 2
72 6
64 3
64 3
72 5
62 2
62 2
72 2
64 2
64 2
72 0
66 3
66 3
72 8
67 2
67 2
72 0
66 3
66 3
72 1
64 2
64 2
72 0
62 2
62 2
72 6
64 3
64 3
72 13
60 2
60 2
72 2
62 2
62 2
72 0
64 2
64 2
72 2
62 2
62 2
72 0
60 2
60 2
72 10
60 2
60 2
72 2
62 2
62 2
72 0
64 2
64 2
72 2
62 2
62 2
72 0
60 2
60 2
72 10
60 2
60 2
72 2
59 2
71 2
72 0
57 2
69 2
72 2
55 2
67 2
72 0
57 3
69 3
72 8
55 0
72 1
67 0
72 3
57 2
69 2
72 13
57 2
69 2
72 6
64 2
64 2
72 6
64 3
64 3
72 5
62 2
62 2
72 2
64 2
64 2
72 0
66 3
66 3
72 8
67 2
67 2
72 0
66 3
66 3
72 1
64 2
64 2
72 0
62 2
62 2
72 6
64 3
64 3
72 13
60 2
60 2
72 2
62 2
62 2
72 0
64 2
64 2
72 2
62 2
62 2
72 0
60 2
60 2
72 10
60 2
60 2
72 2
62 2
62 2
72 0
64 2
64 2
72 2
62 2
62 2
72 0
60 2
60 2
72 10
60 2
60 2
72 2
59 2
71 2
72 0
57 2
69 2
72 2
55 2
67 2
72 0
57 3
69 3
72 8
55 0
72 1
67 0
72 3
57 2
69 2
72 13
64 2
64 2
72 6
67 2
67 2
72 6
66 4
66 4
72 7
64 2
64 2
72 0
62 3
62 3
72 13
66 3
66 3
72 5
69 3
69 3
72 5
64 4
64 4
72 13
64 3
64 3
72 5
67 2
67 2
72 6
66 4
66 4
72 7
64 3
64 3
62 2
62 2
72 13
66 3
66 3
72 5
69 3
69 3
72 5
64 3
64 3
72 13
60 3
60 3
72 5
64 3
64 3
72 5
62 3
62 3
72 8
60 2
60 2
72 0
58 3
70 3
72 13
62 3
62 3
72 5
65 3
65 3
72 5
60 3
60 3
72 13
57 3
69 3
72 5
60 3
60 3
72 5
59 3
71 3
72 8
57 2
69 2
72 0
55 2
67 2
72 13
59 2
71 2
72 2
60 2
60 2
72 13
67 3
67 3
E
S
H
72 9
72 14
57 2
69 2
72 6
64 2
64 2
72 6
64 3
64 3
72 5
62 2
62 2
72 2
64 2
64 2
72 0
66 3
66 3
72 8
67 2
67 2
72 0
66 3
66 3
72 1
64 2
64 2
72 0
62 2
62 2
72 6
64 3
64 3
72 13
60 2
60 2
72 2
62 2
62 2
72 0
64 2
64 2
72 2
62 2
62 2
72 0
60 2
60 2
72 10
60 2
60 2
72 2
62 2
62 2
72 0
64 2
64 2
72 2
62 2
62 2
72 0
60 2
60 2
72 10
60 2
60 2
72 2
59 2
71 2
72 0
57 2
69 2
72 2
55 2
67 2
72 0
57 3
69 3
72 8
55 0
72 1
67 0
72 3
57 2
69 2
72 13
57 2
69 2
72 6
64 2
64 2
72 6
64 3
64 3
72 5
62 2
62 2
72 2
64 2
64 2
72 0
66 3
66 3
72 8
67 2
67 2
72 0
66 3
66 3
72 1
64 2
64 2
72 0
62 2
62 2
72 6
64 3
64 3
72 13
60 2
60 2
72 2
62 2
62 2
72 0
64 2
64 2
72 2
62 2
62 2
72 0
60 2
60 2
72 10
60 2
60 2
72 2
62 2
62 2
72 0
64 2
64 2
72 2
62 2
62 2
72 0
60 2
60 2
72 10
60 2
60 2
72 2
59 2
71 2
72 0
57 2
69 2
72 2
55 2
67 2
72 0
57 3
69 3
72 8
55 0
72 1
67 0
72 3
57 2
69 2
72 13
64 2
64 2
72 6
67 2
67 2
72 6
66 4
66 4
72 7
64 2
64 2
72 0
62 3
62 3
72 13
66 3
66 3
72 5
69 3
69 3
72 5
64 4
64 4
72 13
64 3
64 3
72 5
67 2
67 2
72 6
66 4
66 4
72 7
64 3
64 3
62 2
62 2
72 13
66 3
66 3
72 5
69 3
69 3
72 5
64 3
64 3
72 13
60 3
60 3
72 5
64 3
64 3
72 5
62 3
62 3
72 8
60 2
60 2
72 0
58 3
70 3
72 13
62 3
62 3
72 5
65 3
65 3
72 5
60 3
60 3
72 13
57 3
69 3
72 5
60 3
60 3
72 5
59 3
71 3
72 8
57 2
69 2
72 0
55 2
67 2
72 13
59 2
71 2
72 2
60 2
60 2
72 13
67 3
67 3
72 14
57 2
69 2
72 6
64 2
64 2
72 6
64 3
64 3
72 5
62 2
62 2
72 2
64 2
64 2
72 0
66 3
66 3
72 8
67 2
67 2
72 0
66 3
66 3
72 1
64 2
64 2
72 0
62 2
62 2
72 6
64 3
64 3
72 13
60 2
60 2
72 2
62 2
62 2
72 0
64 2
64 2
72 2
62 2
62 2
72 0
60 2
60 2
72 10
60 2
60 2
72 2
62 2
62 2
72 0
64 2
64 2
72 2
62 2
62 2
72 0
60 2
60 2
72 10
60 2
60 2
72 2
59 2
71 2
72 0
57 2
69 2
72 2
55 2
67 2
72 0
57 3
69 3
72 8
55 0
72 1
67 0
72 3
57 2
69 2
72 13
57 2
69 2
72 6
64 2
64 2
72 6
64 3
64 3
72 5
62 2
62 2
72 2
64 2
64 2
72 0
66 3
66 3
72 8
67 2
67 2
72 0
66 3
66 3
72 1
64 2
64 2
72 0
62 2
62 2
72 6
64 3
64 3
72 13
60 2
60 2
72 2
62 2
62 2
72 0
64 2
64 2
72 2
62 2
62 2
72 0
60 2
60 2
72 10
60 2
60 2
72 2
62 2
62 2
72 0
64 2
64 2
72 2
62 2
62 2
72 0
60 2
60 2
72 10
60 2
60 2
72 2
59 2
71 2
72 0
57 2
69 2
72 2
55 2
67 2
72 0
57 3
69 3
72 8
55 0
72 1
67 0
72 3
57 2
69 2
72 13
64 2
64 2
72 6
67 2
67 2
72 6
66 4
66 4
72 7
64 2
64 2
72 0
62 3
62 3
72 13
66 3
66 3
72 5
69 3
69 3
72 5
64 4
64 4
72 13
64 3
64 3
72 5
67 2
67 2
72 6
66 4
66 4
72 7
64 3
64 3
62 2
62 2
72 13
66 3
66 3
72 5
69 3
69 3
72 5
64 3
64 3
72 13
60 3
60 3
72 5
64 3
64 3
72 5
62 3
62 3
72 8
60 2
60 2
72 0
58 3
70 3
72 13
62 3
62 3
72 5
65 3
65 3
72 5
60 3
60 3
72 13
57 3
69 3
72 5
60 3
60 3
72 5
59 3
71 3
72 8
57 2
69 2
72 0
55 2
67 2
72 13
59 2
71 2
72 2
60 2
60 2
72 13
67 3
67 3
E
S
L
72 11
72 11
9 4
72 14
9 6
72 14
4 4
72 4
9 4
72 14
9 5
72 14
5 5
72 12
7 5
72 12
9 5
72 14
9 5
72 14
9 5
72 14
5 6
72 12
7 4
72 12
9 5
72 14
14 4
72 4
21 4
72 4
26 4
72 13
9 5
72 3
16 5
72 3
21 5
72 13
14 4
72 4
21 4
72 4
26 4
72 13
9 5
72 3
16 5
72 3
21 5
72 13
10 5
72 3
17 5
72 3
22 5
72 13
5 5
72 3
12 5
72 3
17 5
72 13
7 6
72 2
14 6
72 14
7 6
72 12
19 6
72 12
9 5
72 12
9 5
72 12
9 4
72 14
4 4
72 4
9 4
72 12
9 4
72 12
9 4
72 12
9 4
72 12
5 4
72 12
7 5
72 12
9 4
72 12
9 4
72 12
9 5
72 12
9 5
72 12
9 5
72 12
9 5
72 12
5 5
72 12
7 5
72 12
9 5
72 12
9 5
72 12
14 4
72 4
21 4
72 4
26 4
72 13
9 5
72 3
16 5
72 3
21 5
72 13
14 4
72 4
21 4
72 4
26 4
72 13
9 5
72 3
16 5
72 3
21 5
72 13
10 5
72 3
17 5
72 3
22 5
72 13
5 5
72 3
12 5
72 3
17 5
72 13
7 6
72 2
14 6
72 14
7 6
72 12
19 6
72 12
9 5
72 12
9 5
72 12
9 7
72 14
14 5
72 14
12 5
72 14
10 6
72 14
10 5
72 14
9 5
72 14
9 5
72 14
4 3
72 5
9 4
72 14
9 4
72 14
4 3
72 5
9 4
E
S
H
72 9
72 14
995 4
45 4
995 4
45 4
995 4
45 4
995 4
45 4
995 4
45 4
995 4
45 4
995 4
45 4
995 4
45 4
684 4
43 4
684 4
43 4
684 4
43 4
684 4
43 4
684 4
43 4
684 4
43 4
684 4
43 4
684 4
43 4
514 4
41 4
511 4
41 4
511 4
41 4
514 4
41 4
514 4
41 4
514 4
41 4
514 4
41 4
511 4
41 4
511 4
41 4
511 4
41 4
511 4
41 4
514 4
41 4
511 4
41 4
514 4
41 4
511 4
41 4
511 4
41 4
E
S
L
72 11
72 11
21 12
72 13
21 12
72 13
21 12
72 13
21 12
72 13
21 12
72 13
21 12
72 13
21 12
72 13
21 12
72 13
21 12
72 13
21 12
72 13
21 12
72 13
21 12
72 13
21 12
72 13
21 12
72 13
21 12
72 13
21 12
72 13
21 12
72 13
21 12
72 13
21 12
72 13
21 12
72 13
21 12
72 13
21 12
72 13
21 12
72 13
21 12
72 13
21 12
72 13
21 12
72 13
21 12
72 13
21 12
72 13
21 12
72 13
21 12
72 13
21 12
72 13
21 12
72 13
21 12
72 13
21 12
72 13
21 12
72 13
21 12
72 13
21 12
72 13
21 12
72 14
21 12
72 13
21 12
72 13
21 12
72 13
21 12
E
X
