minor
S
L
72 9
72 11
17 8
72 6
23 2
72 2
24 2
72 2
23 2
72 2
24 2
72 2
17 9
72 4
23 2
72 2
24 2
72 2
23 2
72 2
24 2
72 2
17 9
72 4
23 2
72 2
24 2
72 2
23 2
72 2
24 0
72 4
17 8
72 5
23 2
72 2
24 2
72 2
23 2
72 2
24 2
72 2
17 8
72 5
23 2
72 2
24 2
72 2
23 2
72 2
24 2
72 2
17 8
72 5
23 2
72 2
24 2
72 2
23 2
72 2
24 2
72 2
17 8
72 5
23 2
72 2
24 2
72 2
23 2
72 2
24 2
72 2
17 8
72 5
23 2
72 2
24 2
72 2
23 2
72 2
24 2
72 2
17 8
72 5
23 2
72 2
24 2
72 2
23 2
72 2
24 2
72 2
17 8
72 5
23 2
72 2
24 2
72 2
23 2
72 2
24 2
72 2
17 9
72 4
23 2
72 2
24 2
72 2
23 2
72 2
24 2
72 2
17 8
72 6
23 2
72 2
24 2
72 2
23 2
72 2
24 2
72 2
19 8
72 6
25 2
72 2
26 2
72 2
25 2
72 2
26 2
72 2
19 8
72 5
25 2
72 2
26 2
72 2
25 2
72 2
26 2
72 2
19 9
72 4
25 2
72 2
26 2
72 2
25 2
72 2
26 2
72 2
19 8
72 6
25 2
72 2
26 2
72 2
25 2
72 2
26 2
72 2
17 9
72 4
23 2
72 2
24 2
72 2
23 2
72 2
24 0
72 4
17 8
72 5
23 2
72 2
24 2
72 2
23 2
72 2
24 0
72 4
17 9
72 4
23 2
72 2
24 2
72 2
23 2
72 2
24 2
72 2
17 9
72 4
23 2
72 2
24 2
72 2
23 2
72 2
24 0
72 4
17 8
72 5
23 2
72 2
24 2
72 2
23 2
72 2
24 2
72 2
17 8
72 5
23 2
72 2
24 2
72 2
23 2
72 2
24 2
72 2
17 8
72 5
23 2
72 2
24 2
72 2
23 2
72 2
24 2
72 2
17 8
72 6
23 2
72 2
24 2
72 2
23 2
72 2
24 2
72 2
17 8
72 6
23 2
72 2
24 2
72 2
23 2
72 2
24 2
72 2
17 7
72 7
23 2
72 2
24 2
72 2
23 2
72 2
24 2
72 2
17 8
72 5
23 2
72 2
24 2
72 2
23 2
72 2
24 2
72 2
17 8
72 6
23 2
72 2
24 2
72 2
23 2
72 2
24 2
72 2
17 8
72 6
23 2
72 2
24 2
72 2
23 2
72 2
24 2
72 2
17 9
72 4
23 2
72 2
24 2
72 2
23 2
72 2
24 2
72 2
17 8
72 5
23 2
72 2
24 2
72 2
23 2
72 2
24 2
72 2
17 8
72 6
23 2
72 2
24 2
72 2
23 2
72 2
24 2
72 2
19 8
72 5
25 3
72 1
26 2
72 2
25 2
72 2
26 2
72 2
19 8
72 6
25 2
72 2
26 2
72 2
25 2
72 2
26 2
72 2
19 8
72 6
25 2
72 2
26 2
72 2
25 2
72 2
26 2
72 2
19 8
72 5
25 2
72 2
26 2
72 2
25 2
72 2
26 2
72 2
17 8
72 5
23 2
72 2
24 0
72 4
23 2
72 2
24 0
72 4
17 8
72 5
23 2
72 2
24 2
72 2
23 2
72 2
24 2
72 2
17 8
72 5
23 2
72 2
24 2
72 2
23 2
72 2
24 2
72 2
17 8
72 5
23 2
72 2
24 2
72 2
23 2
72 2
24 2
E
S
H
72 9
72 12
216 0
72 13
216 0
72 13
216 0
72 13
216 0
72 13
216 0
72 13
216 0
72 13
216 0
72 13
216 0
72 13
216 0
72 13
216 0
72 13
216 0
72 13
216 0
72 13
530 0
72 13
530 0
72 13
530 0
72 13
530 0
72 13
216 0
72 13
216 0
72 13
216 0
72 13
216 0
72 13
216 0
72 13
216 0
72 13
216 0
72 13
216 0
72 13
216 0
72 13
216 0
72 13
216 0
72 13
216 0
72 13
216 0
72 13
216 0
72 13
216 0
72 13
216 0
72 13
530 0
72 13
530 0
72 13
530 0
72 13
530 0
72 13
216 0
72 13
216 0
72 13
216 0
72 13
216 0
72 12
166 0
72 2
101 0
72 2
166 0
72 11
166 4
101 0
E
S
L
72 11
72 11
21 12
72 6
21 12
72 6
21 12
72 6
21 12
72 6
21 12
72 6
21 12
72 6
21 12
72 6
21 12
72 6
21 12
72 6
21 12
72 6
21 12
72 6
21 12
72 6
21 12
72 6
21 12
72 6
21 12
72 6
21 12
72 6
21 12
72 6
21 12
72 6
21 12
72 6
21 12
72 6
21 12
72 6
21 12
72 6
21 12
72 6
21 12
72 6
21 12
72 6
21 12
72 6
21 12
72 6
21 12
72 6
21 12
72 6
21 12
72 6
21 12
72 6
21 12
72 6
21 12
72 6
21 12
72 6
21 12
72 6
21 12
72 6
21 12
72 6
21 12
72 6
21 12
72 6
21 12
72 6
21 2
72 4
21 2
72 4
21 2
72 6
21 2
72 6
21 2
E
X
