major
S
H
19 13
31 12
43 12
136 11
14 13
26 12
38 12
45 11
48 8
52 6
72 1
19 13
31 12
43 12
136 11
14 13
26 12
38 12
45 11
48 8
52 6
72 1
19 13
31 12
43 12
47 11
50 8
72 2
14 13
26 12
38 12
45 11
48 8
52 6
72 1
19 13
31 12
43 12
136 11
14 13
26 12
38 12
52 11
48 8
45 7
41 3
19 13
31 12
43 12
136 11
14 13
26 12
38 12
45 11
48 8
52 6
72 1
19 13
31 12
43 12
136 11
14 13
26 12
38 12
45 11
48 8
52 6
72 1
19 13
31 12
43 12
47 11
50 8
72 2
14 13
26 12
38 12
45 11
48 8
52 6
72 1
19 13
31 12
43 12
136 11
14 13
26 12
38 12
52 11
48 8
45 7
41 3
19 13
31 12
43 12
136 11
14 13
26 12
38 12
45 11
48 8
52 6
72 1
19 13
31 12
43 12
136 11
14 13
26 12
38 12
45 11
48 8
52 6
72 1
19 13
31 12
43 12
47 11
50 8
72 2
14 13
26 12
38 12
45 11
48 8
52 6
72 1
19 13
31 12
43 12
136 11
14 13
26 12
38 12
52 11
48 8
45 7
41 3
19 13
31 12
43 12
136 11
14 13
26 12
38 12
45 11
48 8
52 6
72 1
19 13
31 12
43 12
136 11
14 13
26 12
38 12
45 11
48 8
52 6
72 1
19 13
31 12
43 12
47 11
50 8
72 2
14 13
26 12
38 12
45 11
48 8
52 6
72 1
19 13
31 12
43 12
136 11
14 13
26 12
38 12
52 11
48 8
45 7
41 3
19 13
31 12
43 12
136 11
14 13
26 12
38 12
45 11
48 8
52 6
72 1
19 13
31 12
43 12
136 11
14 13
26 12
38 12
45 11
48 8
52 6
72 1
19 13
31 12
43 12
47 11
50 8
72 2
14 13
26 12
38 12
45 11
48 8
52 6
72 1
19 13
31 12
43 12
136 11
14 13
26 12
38 12
52 11
48 8
45 7
41 3
19 13
31 12
43 12
136 11
14 13
26 12
38 12
45 11
48 8
52 6
72 1
19 13
31 12
43 12
136 11
14 13
26 12
38 12
45 11
48 8
52 6
72 1
19 13
31 12
43 12
47 11
50 8
72 2
14 13
26 12
38 12
45 11
48 8
52 6
72 1
19 13
31 12
43 12
136 11
14 13
26 12
38 12
52 11
48 8
45 7
41 3
19 13
31 12
43 12
136 11
14 13
26 12
38 12
45 11
48 8
52 6
72 1
19 13
31 12
43 12
136 11
14 13
26 12
38 12
45 11
48 8
52 6
72 1
19 13
31 12
43 12
47 11
50 8
72 2
14 13
26 12
38 12
45 11
48 8
52 6
72 1
19 13
31 12
43 12
136 11
14 13
26 12
38 12
52 11
48 8
45 7
41 3
19 13
31 12
43 12
136 11
14 13
26 12
38 12
45 11
48 8
52 6
72 1
19 13
31 12
43 12
136 11
14 13
26 12
38 12
45 11
48 8
52 6
72 1
19 13
31 12
43 12
47 11
50 8
72 2
14 13
26 12
38 12
45 11
48 8
52 6
72 1
19 13
31 12
43 12
136 11
14 13
26 12
38 12
52 11
48 8
45 7
41 3
19 13
31 12
43 12
136 11
14 13
26 12
38 12
45 11
48 8
52 6
72 1
19 13
31 12
43 12
136 11
14 13
26 12
38 12
45 11
48 8
52 6
72 1
19 13
31 12
43 12
47 11
50 8
72 2
14 13
26 12
38 12
45 11
48 8
52 6
72 1
19 13
31 12
43 12
136 11
14 13
26 12
38 12
52 11
48 8
45 7
41 3
19 13
31 12
43 12
136 11
14 13
26 12
38 12
45 11
48 8
52 6
72 1
19 13
31 12
43 12
136 11
14 13
26 12
38 12
45 11
48 8
52 6
72 1
19 13
31 12
43 12
47 11
50 8
72 2
14 13
26 12
38 12
45 11
48 8
52 6
72 1
19 13
31 12
43 12
136 11
14 13
26 12
38 12
52 11
48 8
45 7
41 3
E
S
L
19 13
14 13
19 13
14 13
19 13
14 13
19 13
14 13
19 13
14 13
19 13
14 13
19 13
14 13
19 13
14 13
19 13
14 13
19 13
14 13
19 13
14 13
19 13
14 13
19 13
14 13
19 13
14 13
19 13
14 13
19 13
14 13
19 13
14 13
19 13
14 13
19 13
14 13
19 13
14 13
19 13
14 13
19 13
14 13
19 13
14 13
19 13
14 13
19 13
14 13
19 13
14 13
19 13
14 13
19 13
14 13
19 13
14 13
19 13
14 13
19 13
14 13
19 13
14 13
19 13
14 13
19 13
14 13
19 13
14 13
19 13
14 13
19 13
14 13
19 13
14 13
19 13
14 13
19 13
14 13
E
S
H
72 14
38 4
38 4
47 4
47 4
45 4
47 13
47 2
45 2
43 4
45 4
47 7
43 12
42 0
72 1
41 0
72 0
40 0
72 12
38 4
38 4
47 4
47 4
45 4
47 13
47 2
45 2
43 4
45 4
52 7
50 12
49 0
72 1
48 0
72 0
47 0
72 12
38 4
38 4
47 4
47 4
45 4
47 13
47 2
45 2
43 4
45 4
47 7
43 12
42 0
72 1
41 0
72 0
40 0
72 12
38 4
38 4
47 4
47 4
45 4
47 13
47 2
45 2
43 4
45 4
52 7
50 12
49 0
72 1
48 0
72 0
47 0
72 10
57 4
59 4
62 4
62 4
62 3
59 5
72 0
59 11
72 1
55 2
54 2
52 3
52 3
72 0
50 2
55 3
52 3
72 0
52 10
72 1
50 3
47 3
47 3
50 3
47 13
40 2
42 2
72 0
43 3
47 3
50 3
52 3
52 3
50 3
52 12
52 4
55 4
57 2
72 2
58 2
59 4
58 0
72 0
57 0
72 1
55 2
72 2
57 3
55 3
52 3
72 2
52 2
72 2
52 2
55 2
52 10
72 4
50 2
52 2
50 4
47 2
50 2
47 12
46 0
45 0
72 2
44 0
43 4
43 2
45 2
47 6
47 2
45 2
43 4
43 2
45 2
47 4
72 2
47 12
45 4
43 4
43 2
45 2
43 13
72 2
47 2
50 6
52 4
72 0
50 2
52 11
72 2
55 4
55 2
72 2
55 2
57 12
72 0
55 3
52 2
72 0
57 7
59 7
72 2
57 3
72 4
55 6
52 4
72 0
52 3
50 3
52 12
72 14
38 4
38 4
47 4
47 4
45 4
47 13
47 2
45 2
43 4
45 4
47 7
43 12
42 0
72 1
41 0
72 0
40 0
72 12
38 4
38 4
47 4
47 4
45 4
47 13
47 2
45 2
43 4
45 4
52 7
50 12
49 0
72 1
48 0
72 0
47 0
72 12
38 4
38 4
47 4
47 4
45 4
47 13
47 2
45 2
43 4
45 4
47 7
43 12
42 0
72 1
41 0
72 0
40 0
72 12
38 4
38 4
47 4
47 4
45 4
47 13
47 2
45 2
43 4
45 4
52 7
50 12
49 0
72 1
48 0
72 0
47 0
72 10
57 4
59 4
62 4
62 4
62 3
59 5
72 0
59 11
72 1
55 2
54 2
52 3
52 3
72 0
50 2
55 3
52 3
72 0
52 10
72 1
50 3
47 3
47 3
50 3
47 13
40 2
42 2
72 0
43 3
47 3
50 3
52 3
52 3
50 3
52 12
52 4
55 4
57 2
72 2
58 2
59 4
58 0
72 0
57 0
72 1
55 2
72 2
57 3
55 3
52 3
72 2
52 2
72 2
52 2
55 2
52 10
72 4
50 2
52 2
50 4
47 2
50 2
47 12
46 0
45 0
72 2
44 0
43 4
43 2
45 2
47 6
47 2
45 2
43 4
43 2
45 2
47 4
72 2
47 12
45 4
43 4
43 2
45 2
43 13
72 2
47 2
50 6
52 4
72 0
50 2
52 11
72 2
55 4
55 2
72 2
55 2
57 12
72 0
55 3
52 2
72 0
57 7
59 7
72 2
57 3
72 4
55 6
52 4
72 0
52 3
50 3
52 12
E
S
H
72 7
59 6
72 12
57 6
72 12
59 6
72 12
57 6
72 12
59 6
72 12
57 6
72 12
59 6
72 12
57 6
72 12
59 6
72 12
57 6
72 12
59 6
72 12
57 6
72 12
59 6
72 12
57 6
72 12
59 6
72 12
57 6
72 12
59 6
72 12
57 6
72 12
59 6
72 12
57 6
72 12
59 6
72 12
57 6
72 12
59 6
72 12
57 6
72 12
59 6
72 12
57 6
72 12
59 6
72 12
57 6
72 12
59 6
72 12
57 6
72 12
59 6
72 12
57 6
72 12
59 6
72 12
57 6
72 12
59 6
72 12
57 6
72 12
59 6
72 12
57 6
72 12
59 6
72 12
57 6
72 12
59 6
72 12
57 6
72 12
59 6
72 12
57 6
72 12
59 6
72 12
57 6
72 12
59 6
72 12
57 6
72 12
59 6
72 12
57 6
72 12
59 6
72 12
57 6
72 12
59 6
72 12
57 6
72 12
59 6
72 12
57 6
72 12
59 6
72 12
57 6
72 12
59 6
72 12
57 6
72 12
59 6
72 12
57 6
72 12
59 6
72 12
57 6
72 12
59 6
72 12
57 6
72 12
59 6
72 12
57 6
72 12
59 6
72 12
57 6
72 12
59 6
72 12
57 6
72 12
59 6
72 12
57 6
72 12
59 6
72 12
57 6
72 12
59 6
72 12
57 6
72 12
59 6
72 12
57 6
E
S
H
72 14
187 3
72 1
240 3
72 1
136 3
72 12
161 3
72 1
214 3
72 1
214 3
72 5
214 3
72 10
187 3
72 1
240 3
72 1
136 3
72 12
161 3
72 1
214 3
72 1
110 3
72 1
149 3
72 11
187 3
72 1
240 3
72 1
136 3
72 12
161 3
72 1
214 3
72 1
214 3
72 5
214 3
72 10
187 3
72 1
240 3
72 1
136 3
72 12
161 3
72 1
214 3
72 1
110 3
72 1
149 3
72 11
187 3
72 1
240 3
72 1
136 3
72 12
161 3
72 1
214 3
72 1
214 3
72 5
214 3
72 10
187 3
72 1
240 3
72 1
136 3
72 12
161 3
72 1
214 3
72 1
110 3
72 1
149 3
72 11
187 3
72 1
240 3
72 1
136 3
72 12
161 3
72 1
214 3
72 1
214 3
72 5
214 3
72 10
187 3
72 1
240 3
72 1
136 3
72 12
161 3
72 1
214 3
72 1
110 3
72 1
149 3
72 11
187 3
72 1
240 3
72 1
136 3
72 12
161 3
72 1
214 3
72 1
214 3
72 5
214 3
72 10
187 3
72 1
240 3
72 1
136 3
72 12
161 3
72 1
214 3
72 1
110 3
72 1
149 3
72 11
187 3
72 1
240 3
72 1
136 3
72 12
161 3
72 1
214 3
72 1
214 3
72 5
214 3
72 10
187 3
72 1
240 3
72 1
136 3
72 12
161 3
72 1
214 3
72 1
110 3
72 1
149 3
72 11
187 3
72 1
240 3
72 1
136 3
72 12
161 3
72 1
214 3
72 1
214 3
72 5
214 3
72 10
187 3
72 1
240 3
72 1
136 3
72 12
161 3
72 1
214 3
72 1
110 3
72 1
149 3
72 11
187 3
72 1
240 3
72 1
136 3
72 12
161 3
72 1
214 3
72 1
214 3
72 5
214 3
72 10
187 3
72 1
240 3
72 1
136 3
72 12
161 3
72 1
214 3
72 1
110 3
72 1
149 3
72 14
187 3
72 1
240 3
72 1
136 3
72 12
161 3
72 1
214 3
72 1
214 3
72 5
214 3
72 10
187 3
72 1
240 3
72 1
136 3
72 12
161 3
72 1
214 3
72 1
110 3
72 1
149 3
72 11
187 3
72 1
240 3
72 1
136 3
72 12
161 3
72 1
214 3
72 1
214 3
72 5
214 3
72 10
187 3
72 1
240 3
72 1
136 3
72 12
161 3
72 1
214 3
72 1
110 3
72 1
149 3
72 11
187 3
72 1
240 3
72 1
136 3
72 12
161 3
72 1
214 3
72 1
214 3
72 5
214 3
72 10
187 3
72 1
240 3
72 1
136 3
72 12
161 3
72 1
214 3
72 1
110 3
72 1
149 3
72 11
187 3
72 1
240 3
72 1
136 3
72 12
161 3
72 1
214 3
72 1
214 3
72 5
214 3
72 10
187 3
72 1
240 3
72 1
136 3
72 12
161 3
72 1
214 3
72 1
110 3
72 1
149 3
72 11
187 3
72 1
240 3
72 1
136 3
72 12
161 3
72 1
214 3
72 1
214 3
72 5
214 3
72 10
187 3
72 1
240 3
72 1
136 3
72 12
161 3
72 1
214 3
72 1
110 3
72 1
149 3
72 11
187 3
72 1
240 3
72 1
136 3
72 12
161 3
72 1
214 3
72 1
214 3
72 5
214 3
72 10
187 3
72 1
240 3
72 1
136 3
72 12
161 3
72 1
214 3
72 1
110 3
72 1
149 3
72 11
187 3
72 1
240 3
72 1
136 3
72 12
161 3
72 1
214 3
72 1
214 3
72 5
214 3
72 10
187 3
72 1
240 3
72 1
136 3
72 12
161 3
72 1
214 3
72 1
110 3
72 1
149 3
72 11
187 3
72 1
240 3
72 1
136 3
72 12
161 3
72 1
214 3
72 1
214 3
72 5
214 3
72 10
187 3
72 1
240 3
72 1
136 3
72 12
161 3
72 1
214 3
72 1
110 3
72 1
149 3
E
X
