major
S
L
686 13
72 14
1445 13
72 14
166 13
72 14
1109 13
72 14
1445 13
72 14
166 13
72 14
1109 13
72 14
1445 13
E
S
H
72 13
502 2
72 13
189 2
72 13
1603 2
72 13
1445 2
72 13
502 2
72 13
189 2
72 13
1603 2
72 14
502 2
72 13
189 2
72 13
1603 2
72 13
1445 2
72 13
502 2
72 13
189 2
72 13
1603 2
72 14
1628 2
72 13
1459 2
72 13
1314 2
72 13
1145 2
72 13
1143 2
72 13
1445 2
72 13
1459 2
72 14
502 2
72 13
189 2
72 13
1603 2
72 13
1445 2
72 13
502 2
72 13
189 2
72 13
1603 2
72 14
502 2
72 13
189 2
72 13
1603 2
72 13
1445 2
72 13
502 2
72 13
189 2
72 13
1603 2
72 14
1628 2
72 13
1459 2
72 13
1314 2
72 13
1145 2
72 13
1143 2
72 13
1445 2
72 13
1459 2
72 14
502 2
72 13
189 2
72 13
1603 2
72 13
1445 2
72 13
502 2
72 13
189 2
72 13
1603 2
E
S
H
72 13
502 13
189 13
1603 13
1445 13
502 13
189 13
1603 13
72 13
502 13
189 13
1603 13
1445 13
502 13
189 13
1603 13
72 13
1628 13
1459 13
1314 13
1145 13
1143 13
1445 13
1459 13
72 13
502 13
189 13
1603 13
1445 13
502 13
189 13
1603 13
72 13
502 13
189 13
1603 13
1445 13
502 13
189 13
1603 13
72 13
1628 13
1459 13
1314 13
1145 13
1143 13
1445 13
1459 13
72 13
502 13
189 13
1603 13
1445 13
502 13
189 13
1603 13
E
S
L
72 14
231 13
218 13
192 13
166 13
231 13
218 13
192 13
72 13
140 13
127 13
114 13
101 13
192 13
218 13
218 13
72 13
231 13
218 13
192 13
166 13
231 13
218 13
192 13
72 13
231 13
218 13
192 13
166 13
231 13
218 13
192 13
72 13
140 13
127 13
114 13
101 13
192 13
218 13
218 13
72 13
231 13
218 13
192 13
166 13
231 13
218 13
192 13
E
S
H
72 13
69 7
62 7
62 4
64 4
65 4
67 4
69 13
69 7
62 7
62 4
64 4
65 4
67 4
69 13
69 7
62 7
62 4
64 4
65 4
67 4
62 4
60 12
69 7
62 7
62 4
64 4
65 4
67 4
69 13
69 7
62 7
62 4
64 4
65 4
67 4
69 13
69 7
62 7
62 4
64 4
65 4
67 4
69 13
69 7
62 7
62 4
64 4
65 4
67 4
62 4
60 12
69 7
62 7
62 4
64 4
65 4
67 4
69 13
72 14
69 7
62 7
62 4
64 4
65 4
67 4
69 13
69 7
62 7
62 4
64 4
65 4
67 4
69 13
69 7
62 7
62 4
64 4
65 4
67 4
62 4
60 12
69 7
62 7
62 4
64 4
65 4
67 4
69 13
69 7
62 7
62 4
64 4
65 4
67 4
69 13
69 7
62 7
62 4
64 4
65 4
67 4
69 13
69 7
62 7
62 4
64 4
65 4
67 4
62 4
60 12
69 7
62 7
62 4
64 4
65 4
67 4
69 13
72 14
69 7
62 7
62 4
64 4
65 4
67 4
69 13
69 7
62 7
62 4
64 4
65 4
67 4
69 13
69 7
62 7
62 4
64 4
65 4
67 4
62 4
60 12
69 7
62 7
62 4
64 4
65 4
67 4
69 13
E
S
L
72 13
38 4
40 4
41 4
45 11
33 4
36 4
40 4
43 11
31 4
34 4
38 4
41 11
29 4
33 4
36 4
40 4
41 4
40 4
36 4
33 4
34 4
38 4
41 4
45 11
33 4
36 4
40 4
43 7
36 4
34 4
33 4
31 4
34 4
38 4
41 11
29 4
33 4
36 4
40 11
38 4
40 4
41 4
45 11
33 4
36 4
40 4
43 11
31 4
34 4
38 4
41 11
29 4
33 4
36 4
40 4
41 4
40 4
36 4
33 4
34 4
38 4
41 4
45 11
33 4
36 4
40 4
43 7
36 4
34 4
33 4
31 4
34 4
38 4
41 11
29 4
33 4
36 4
40 11
72 14
38 4
40 4
41 4
45 11
33 4
36 4
40 4
43 11
31 4
34 4
38 4
41 11
29 4
33 4
36 4
40 4
41 4
40 4
36 4
33 4
34 4
38 4
41 4
45 11
33 4
36 4
40 4
43 7
36 4
34 4
33 4
31 4
34 4
38 4
41 11
29 4
33 4
36 4
40 11
38 4
40 4
41 4
45 11
33 4
36 4
40 4
43 11
31 4
34 4
38 4
41 11
29 4
33 4
36 4
40 4
41 4
40 4
36 4
33 4
34 4
38 4
41 4
45 11
33 4
36 4
40 4
43 7
36 4
34 4
33 4
31 4
34 4
38 4
41 11
29 4
33 4
36 4
40 11
72 14
38 4
40 4
41 4
45 11
33 4
36 4
40 4
43 11
31 4
34 4
38 4
41 11
29 4
33 4
36 4
40 4
41 4
40 4
36 4
33 4
34 4
38 4
41 4
45 11
33 4
36 4
40 4
43 7
36 4
34 4
33 4
31 4
34 4
38 4
41 11
29 4
33 4
36 4
40 11
E
S
H
72 14
58 11
51 7
62 7
57 11
53 4
55 4
57 4
56 11
49 7
60 7
55 12
56 4
55 4
53 4
46 4
50 4
52 4
53 7
55 7
57 4
48 4
50 4
52 4
53 7
55 4
53 2
55 2
57 12
53 2
55 2
57 9
58 2
57 2
55 11
72 14
58 11
51 7
62 7
57 11
53 4
55 4
57 4
56 11
49 7
60 7
55 12
56 4
55 4
53 4
46 4
50 4
52 4
53 7
55 7
57 4
48 4
50 4
52 4
53 7
55 4
53 2
55 2
57 12
53 2
55 2
57 9
58 2
57 2
55 11
E
S
H
72 14
228 13
214 7
163 7
188 7
214 7
202 13
188 7
137 7
163 7
228 7
228 13
110 13
134 7
228 7
214 7
163 7
163 11
189 11
72 14
228 13
214 7
163 7
188 7
214 7
202 13
188 7
137 7
163 7
228 7
228 13
110 13
134 7
228 7
214 7
163 7
163 11
189 11
E
S
L
72 14
108 3
72 1
240 3
72 1
7 3
72 1
108 3
72 1
240 3
72 1
7 3
72 1
7 3
72 1
7 3
72 1
108 3
72 1
240 3
72 1
7 3
72 1
108 3
72 1
240 3
72 1
7 3
72 1
7 3
72 1
7 3
72 1
108 3
72 1
240 3
72 1
7 3
72 1
108 3
72 1
240 3
72 1
7 3
72 1
7 3
72 1
7 3
72 1
108 3
72 1
240 3
72 1
7 3
72 1
108 3
72 1
240 3
72 1
7 3
72 1
7 3
72 1
7 3
72 1
108 3
72 1
240 3
72 1
7 3
72 1
108 3
72 1
240 3
72 1
7 3
72 1
7 3
72 1
7 3
72 1
108 3
72 1
240 3
72 1
7 3
72 1
108 3
72 1
240 3
72 1
7 3
72 1
7 3
72 1
7 3
72 1
108 3
72 1
240 3
72 1
7 3
72 1
108 3
72 1
240 3
72 1
7 3
72 1
7 3
72 1
7 3
72 1
108 3
72 1
240 3
72 1
7 3
72 1
108 3
72 1
240 3
72 1
7 3
72 1
7 3
72 1
7 3
72 1
108 3
72 1
240 3
72 1
7 3
72 1
108 3
72 1
240 3
72 1
7 3
72 1
7 3
72 1
7 3
72 1
108 3
72 1
240 3
72 1
7 3
72 1
108 3
72 1
240 3
72 1
7 3
72 1
7 3
72 1
7 3
72 1
108 3
72 1
240 3
72 1
7 3
72 1
108 3
72 1
240 3
72 1
7 3
72 1
7 3
72 1
7 3
72 1
108 3
72 1
240 3
72 1
7 3
72 1
108 3
72 1
240 3
72 1
7 3
72 1
7 3
72 1
7 3
72 1
108 3
72 1
240 3
72 1
7 3
72 1
108 3
72 1
240 3
72 1
7 3
72 1
7 3
72 1
7 3
72 1
108 3
72 1
240 3
72 1
7 3
72 1
108 3
72 1
240 3
72 1
7 3
72 1
7 3
72 1
7 3
72 1
108 3
72 1
240 3
72 1
7 3
72 1
108 3
72 1
240 3
72 1
7 3
72 1
7 3
72 1
7 3
72 1
108 3
72 1
240 3
72 1
7 3
72 1
108 3
72 1
240 3
72 1
7 3
72 1
7 3
72 1
7 3
72 1
108 3
72 1
240 3
72 1
7 3
72 1
108 3
72 1
240 3
72 1
7 3
72 1
7 3
72 1
7 3
72 1
108 3
72 1
240 3
72 1
7 3
72 1
108 3
72 1
240 3
72 1
7 3
72 1
7 3
72 1
7 3
72 1
108 3
72 1
240 3
72 1
7 3
72 1
108 3
72 1
240 3
72 1
7 3
72 1
7 3
72 1
7 3
72 1
108 3
72 1
240 3
72 1
7 3
72 1
108 3
72 1
240 3
72 1
7 3
72 1
7 3
72 1
7 3
72 1
108 3
72 1
240 3
72 1
7 3
72 1
108 3
72 1
240 3
72 1
7 3
72 1
7 3
72 1
7 3
72 1
108 3
72 1
240 3
72 1
7 3
72 1
108 3
72 1
240 3
72 1
7 3
72 1
7 3
72 1
7 3
72 1
108 3
72 1
240 3
72 1
7 3
72 1
108 3
72 1
240 3
72 1
7 3
72 1
7 3
72 1
7 3
72 1
108 3
72 1
240 3
72 1
7 3
72 1
108 3
72 1
240 3
72 1
7 3
72 1
7 3
72 1
7 3
72 1
108 3
72 1
240 3
72 1
7 3
72 1
108 3
72 1
240 3
72 1
7 3
72 1
7 3
72 1
7 3
72 1
108 3
72 1
240 3
72 1
7 3
72 1
108 3
72 1
240 3
72 1
7 3
72 1
7 3
72 1
7 3
72 1
108 3
72 1
240 3
72 1
7 3
72 1
108 3
72 1
240 3
72 1
7 3
72 1
7 3
72 1
7 3
72 1
108 3
72 1
240 3
72 1
7 3
72 1
108 3
72 1
240 3
72 1
7 3
72 1
7 3
72 1
7 3
72 1
108 3
72 1
240 3
72 1
7 3
72 1
108 3
72 1
240 3
72 1
7 3
72 1
7 3
72 1
7 3
72 1
108 3
72 1
240 3
72 1
7 3
72 1
108 3
72 1
240 3
72 1
7 3
72 1
7 3
72 1
7 3
72 1
108 3
72 1
240 3
72 1
7 3
72 1
108 3
72 1
240 3
72 1
7 3
72 1
7 3
72 1
7 3
72 1
108 3
72 1
240 3
72 1
7 3
72 1
108 3
72 1
240 3
72 1
7 3
72 1
7 3
72 1
7 3
72 1
108 3
72 1
240 3
72 1
7 3
72 1
108 3
72 1
240 3
72 1
7 3
72 1
7 3
72 1
7 3
72 1
108 3
72 1
240 3
72 1
7 3
72 1
108 3
72 1
240 3
72 1
7 3
72 1
7 3
72 1
7 3
72 1
108 3
72 1
240 3
72 1
7 3
72 1
108 3
72 1
240 3
72 1
7 3
72 1
7 3
72 1
7 3
72 1
108 3
72 1
240 3
72 1
7 3
72 1
108 3
72 1
240 3
72 1
7 3
72 1
7 3
72 1
7 3
72 1
108 3
72 1
240 3
72 1
7 3
72 1
108 3
72 1
240 3
72 1
7 3
72 1
7 3
72 1
7 3
72 1
108 3
72 1
240 3
72 1
7 3
72 1
108 3
72 1
240 3
72 1
7 3
72 1
7 3
72 1
7 3
72 1
108 3
72 1
240 3
72 1
7 3
72 1
108 3
72 1
240 3
72 1
7 3
72 1
7 3
72 1
7 3
72 1
108 3
72 1
240 3
72 1
7 3
72 1
108 3
72 1
240 3
72 1
7 3
72 1
7 3
72 1
7 3
72 1
108 3
72 1
240 3
72 1
7 3
72 1
108 3
72 1
240 3
72 1
7 3
72 1
7 3
72 1
7 3
72 1
108 3
72 1
240 3
72 1
7 3
72 1
108 3
72 1
240 3
72 1
7 3
72 1
7 3
72 1
7 3
72 1
108 3
72 1
240 3
72 1
7 3
72 1
108 3
72 1
240 3
72 1
7 3
72 1
7 3
72 1
7 3
72 1
108 3
72 1
240 3
72 1
7 3
72 1
108 3
72 1
240 3
72 1
7 3
72 1
7 3
72 1
7 3
72 1
108 3
72 1
240 3
72 1
7 3
72 1
108 3
72 1
240 3
72 1
7 3
72 1
7 3
72 1
7 3
72 1
108 3
72 1
240 3
72 1
7 3
72 1
108 3
72 1
240 3
72 1
7 3
72 1
7 3
72 1
7 3
72 1
108 3
72 1
240 3
72 1
7 3
72 1
108 3
72 1
240 3
72 1
7 3
72 1
7 3
72 1
7 3
72 1
108 3
72 1
240 3
72 1
7 3
72 1
108 3
72 1
240 3
72 1
7 3
72 1
7 3
72 1
7 3
E
X
