major
S
H
72 12
214 2
227 2
240 2
110 2
135 2
148 2
149 4
72 14
240 2
110 2
136 2
149 7
72 14
240 2
110 2
136 2
149 7
72 14
214 2
227 2
240 2
110 2
135 2
148 2
149 4
72 14
240 2
110 2
136 2
149 7
72 14
240 2
110 2
136 2
149 7
72 14
214 2
227 2
240 2
110 2
135 2
148 2
149 4
72 14
240 2
110 2
136 2
149 7
72 14
240 2
110 2
136 2
149 7
72 14
214 2
227 2
240 2
110 2
135 2
148 2
149 4
72 14
240 2
110 2
136 2
149 7
72 14
240 2
110 2
136 2
149 7
72 14
214 2
227 2
240 2
110 2
135 2
148 2
149 4
E
S
L
72 14
34 11
28 7
34 7
37 11
33 11
41 11
33 11
35 13
34 11
31 7
34 7
33 11
37 11
36 13
29 7
36 7
35 14
72 14
34 11
28 7
34 7
37 11
33 11
41 11
33 11
35 13
34 11
31 7
34 7
33 11
37 11
36 13
29 7
36 7
35 14
E
S
H
72 14
36 4
43 4
41 4
48 4
47 4
43 4
53 7
52 7
48 7
43 9
72 4
36 4
43 4
41 4
48 4
47 4
43 4
53 7
52 7
55 11
72 4
36 4
43 4
41 4
48 4
47 4
43 4
53 7
52 7
48 7
43 9
214 4
110 4
163 4
149 4
72 4
110 4
136 13
72 4
101 4
192 4
166 4
101 4
244 4
192 4
166 7
153 7
101 7
192 9
72 4
101 4
192 4
166 4
101 4
244 4
192 4
166 7
153 7
192 11
72 4
101 4
192 4
166 4
101 4
244 4
192 4
166 7
153 7
101 7
192 9
218 4
101 4
166 4
153 4
72 4
163 4
196 13
72 14
36 4
43 4
41 4
48 4
47 4
43 4
53 7
52 7
48 7
43 9
72 4
36 4
43 4
41 4
48 4
47 4
43 4
53 7
52 7
55 11
72 4
36 4
43 4
41 4
48 4
47 4
43 4
53 7
52 7
48 7
43 9
214 4
110 4
163 4
149 4
72 4
110 4
136 13
72 4
101 4
192 4
166 4
101 4
244 4
192 4
166 7
153 7
101 7
192 9
72 4
101 4
192 4
166 4
101 4
244 4
192 4
166 7
153 7
192 11
72 4
101 4
192 4
166 4
101 4
244 4
192 4
166 7
153 7
101 7
192 9
218 4
101 4
166 4
153 4
72 4
130 4
105 13
72 14
36 4
43 4
41 4
48 4
47 4
43 4
53 7
52 7
48 7
43 9
72 4
36 4
43 4
41 4
48 4
47 4
43 4
53 7
52 7
55 11
72 4
36 4
43 4
41 4
48 4
47 4
43 4
53 7
52 7
48 7
43 9
214 4
110 4
163 4
149 4
72 4
110 4
136 13
72 4
101 4
192 4
166 4
101 4
244 4
192 4
166 7
153 7
101 7
192 9
72 4
101 4
192 4
166 4
101 4
244 4
192 4
166 7
153 7
192 11
72 4
101 4
192 4
166 4
101 4
244 4
192 4
166 7
153 7
101 7
192 9
218 4
101 4
166 4
153 4
72 4
163 4
196 13
72 14
36 4
43 4
41 4
48 4
47 4
43 4
53 7
52 7
48 7
43 9
72 4
36 4
43 4
41 4
48 4
47 4
43 4
53 7
52 7
55 11
72 4
36 4
43 4
41 4
48 4
47 4
43 4
53 7
52 7
48 7
43 9
214 4
110 4
163 4
149 4
72 4
110 4
136 13
72 4
101 4
192 4
166 4
101 4
244 4
192 4
166 7
153 7
101 7
192 9
72 4
101 4
192 4
166 4
101 4
244 4
192 4
166 7
153 7
192 11
72 4
101 4
192 4
166 4
101 4
244 4
192 4
166 7
153 7
101 7
192 9
218 4
101 4
166 4
153 4
72 4
130 4
105 13
E
S
L
72 14
31 2
33 2
34 2
35 2
36 7
72 14
31 2
33 2
34 2
35 2
36 7
72 14
31 2
33 2
34 2
35 2
36 7
72 14
31 2
33 2
34 2
35 2
36 7
E
S
L
72 13
185 2
72 2
185 2
72 2
185 2
72 2
185 2
72 2
185 2
72 2
185 2
72 2
185 2
72 2
185 2
72 2
185 2
72 2
185 2
72 2
185 2
72 2
185 2
72 2
185 2
72 2
185 2
72 2
185 2
72 2
185 2
72 2
185 2
72 2
185 2
72 2
185 2
72 2
185 2
72 2
185 2
72 2
185 2
72 2
185 2
72 2
185 2
72 2
185 2
72 2
185 2
72 2
185 2
72 2
185 2
72 2
185 2
72 2
185 2
72 2
185 2
72 2
185 2
72 2
185 2
72 2
185 2
72 2
185 2
72 2
185 2
72 2
185 2
72 2
185 2
72 2
185 2
72 2
185 2
72 2
185 2
72 2
185 2
72 2
185 2
72 2
185 2
72 2
185 2
72 2
185 2
72 2
185 2
72 2
185 2
72 2
185 2
72 2
185 2
72 2
185 2
72 2
185 2
72 2
185 2
72 2
185 2
72 2
185 2
72 2
185 2
72 2
185 2
72 2
185 2
72 2
185 2
72 2
185 2
72 2
185 2
72 2
185 2
72 2
185 2
72 2
185 2
72 2
185 2
72 2
185 2
72 2
185 2
72 2
185 2
72 2
185 2
72 2
185 2
72 2
185 2
72 2
185 2
72 2
185 2
72 2
185 2
72 2
185 2
72 2
185 2
72 2
185 2
72 2
185 2
72 2
185 2
72 2
185 2
72 2
185 2
72 2
185 2
72 2
185 2
72 2
185 2
72 2
185 2
72 2
185 2
72 2
185 2
72 2
185 2
72 2
185 2
72 2
185 2
72 2
185 2
72 2
185 2
72 2
185 2
72 2
185 2
72 2
185 2
72 2
185 2
72 2
185 2
72 2
185 2
72 2
185 2
72 2
185 2
72 2
185 2
72 2
185 2
72 2
185 2
72 2
185 2
72 2
185 2
72 2
185 2
72 2
185 2
72 2
185 2
72 2
185 2
72 2
185 2
72 2
185 2
72 2
185 2
72 2
185 2
72 2
185 2
72 2
185 2
72 2
185 2
72 2
185 2
72 2
185 2
72 2
185 2
72 2
185 2
72 2
185 2
72 2
185 2
72 2
185 2
72 2
185 2
72 2
185 2
72 2
185 2
72 2
185 2
72 2
185 2
72 2
185 2
72 2
185 2
72 2
185 2
72 2
185 2
72 2
185 2
72 2
185 2
72 2
185 2
72 2
185 2
72 2
185 2
72 2
185 2
72 2
185 2
72 2
185 2
72 2
185 2
72 2
185 2
72 2
185 2
72 2
185 2
72 2
106 2
72 2
106 2
72 2
106 2
72 2
106 2
72 2
106 2
72 2
106 2
72 2
106 2
72 2
132 2
72 2
132 2
72 2
132 2
72 2
132 2
72 2
132 2
72 2
132 2
72 2
132 2
72 2
132 2
72 2
132 2
72 2
225 2
72 2
225 2
72 2
225 2
72 2
225 2
72 2
225 2
72 2
225 2
72 2
225 2
72 2
225 2
72 2
210 2
72 2
210 2
72 2
210 2
72 2
210 2
72 2
210 2
72 2
210 2
72 2
210 2
72 2
210 2
72 2
211 2
72 2
211 2
72 2
211 2
72 2
211 2
72 2
211 2
72 2
211 2
72 2
211 2
72 2
211 2
72 2
235 2
72 2
235 2
72 2
235 2
72 2
235 2
72 2
235 2
72 2
235 2
72 2
235 2
72 2
235 2
72 2
225 2
72 2
225 2
72 2
225 2
72 2
225 2
72 2
225 2
72 2
225 2
72 2
225 2
72 2
225 2
72 2
210 2
72 2
210 2
72 2
210 2
72 2
210 2
72 2
210 2
72 2
210 2
72 2
210 2
72 2
210 2
72 2
211 2
72 2
211 2
72 2
211 2
72 2
211 2
72 2
211 2
72 2
211 2
72 2
211 2
72 2
211 2
72 2
211 2
72 2
211 2
72 2
211 2
72 2
211 2
72 2
211 2
72 2
211 2
72 2
211 2
72 2
211 2
72 2
235 2
72 2
235 2
72 2
235 2
72 2
235 2
72 2
235 2
72 2
235 2
72 2
235 2
72 2
235 2
72 2
235 2
72 2
235 2
72 2
235 2
72 2
235 2
72 2
235 2
72 2
235 2
72 2
235 2
72 2
235 2
72 2
185 2
72 2
185 2
72 2
185 2
72 2
185 2
72 2
185 2
72 2
185 2
72 2
185 2
72 2
185 2
72 2
185 2
72 2
185 2
72 2
185 2
72 2
185 2
72 2
185 2
72 2
185 2
72 2
185 2
72 2
185 2
72 2
185 2
72 2
185 2
72 2
185 2
72 2
185 2
72 2
185 2
72 2
185 2
72 2
185 2
72 2
185 2
72 2
185 2
72 2
185 2
72 2
185 2
72 2
185 2
72 2
185 2
72 2
185 2
72 2
185 2
72 2
185 2
72 2
185 2
72 2
185 2
72 2
185 2
72 2
185 2
72 2
185 2
72 2
185 2
72 2
185 2
72 2
185 2
72 2
185 2
72 2
185 2
72 2
185 2
72 2
185 2
72 2
185 2
72 2
185 2
72 2
185 2
72 2
185 2
72 2
185 2
72 2
185 2
72 2
185 2
72 2
185 2
72 2
185 2
72 2
185 2
72 2
185 2
72 2
185 2
72 2
185 2
72 2
185 2
72 2
185 2
72 2
185 2
72 2
185 2
72 2
185 2
72 2
185 2
72 2
185 2
72 2
185 2
72 2
185 2
72 2
185 2
72 2
185 2
72 2
185 2
72 2
185 2
72 2
185 2
72 2
185 2
72 2
185 2
72 2
185 2
72 2
185 2
72 2
185 2
72 2
185 2
72 2
185 2
72 2
185 2
72 2
185 2
72 2
185 2
72 2
185 2
72 2
185 2
72 2
185 2
72 2
185 2
72 2
185 2
72 2
185 2
72 2
185 2
72 2
185 2
72 2
185 2
72 2
185 2
72 2
185 2
72 2
185 2
72 2
185 2
72 2
185 2
72 2
185 2
72 2
185 2
72 2
185 2
72 2
185 2
72 2
185 2
72 2
185 2
72 2
185 2
72 2
185 2
72 2
185 2
72 2
185 2
72 2
185 2
72 2
185 2
72 2
185 2
72 2
185 2
72 2
185 2
72 2
185 2
72 2
185 2
72 2
106 2
72 2
106 2
72 2
106 2
72 2
132 2
72 2
132 2
72 2
132 2
72 2
185 2
72 2
185 2
72 2
185 2
72 2
185 2
72 2
185 2
72 2
185 2
72 2
185 2
72 2
185 2
72 2
185 2
72 2
185 2
72 2
185 2
72 2
185 2
72 2
185 2
72 2
185 2
72 2
185 2
72 2
185 2
72 2
185 2
72 2
185 2
72 2
185 2
72 2
185 2
72 2
185 2
72 2
185 2
72 2
185 2
72 2
185 2
72 2
185 2
72 2
185 2
72 2
185 2
72 2
185 2
72 2
185 2
72 2
185 2
72 2
185 2
72 2
185 2
72 2
185 2
72 2
185 2
72 2
185 2
72 2
185 2
72 2
185 2
72 2
185 2
72 2
185 2
72 2
185 2
72 2
185 2
72 2
185 2
72 2
185 2
72 2
185 2
72 2
185 2
72 2
185 2
72 2
185 2
72 2
185 2
72 2
185 2
72 2
185 2
72 2
185 2
72 2
185 2
72 2
185 2
72 2
185 2
72 2
185 2
72 2
185 2
72 2
185 2
72 2
185 2
72 2
185 2
72 2
185 2
72 2
185 2
72 2
185 2
72 2
185 2
72 2
185 2
72 2
185 2
72 2
185 2
72 2
185 2
72 2
185 2
72 2
185 2
72 2
185 2
72 2
185 2
72 2
185 2
72 2
185 2
72 2
185 2
72 2
185 2
72 2
185 2
72 2
185 2
72 2
185 2
72 2
185 2
72 2
185 2
72 2
185 2
72 2
185 2
72 2
185 2
72 2
185 2
72 2
185 2
72 2
185 2
72 2
185 2
72 2
185 2
72 2
185 2
72 2
185 2
72 2
185 2
72 2
185 2
72 2
185 2
72 2
185 2
72 2
185 2
72 2
185 2
72 2
185 2
72 2
185 2
72 2
185 2
72 2
185 2
72 2
185 2
72 2
185 2
72 2
185 2
72 2
185 2
72 2
185 2
72 2
185 2
72 2
185 2
72 2
185 2
72 2
185 2
72 2
185 2
72 2
185 2
72 2
185 2
72 2
185 2
72 2
185 2
72 2
185 2
72 2
185 2
72 2
185 2
72 2
185 2
72 2
185 2
72 2
185 2
72 2
185 2
72 2
185 2
72 2
185 2
72 2
185 2
72 2
185 2
72 2
185 2
72 2
185 2
72 2
185 2
72 2
185 2
72 2
185 2
72 2
185 2
72 2
185 2
72 2
185 2
72 2
185 2
72 2
185 2
72 2
185 2
72 2
185 2
72 2
185 2
72 2
185 2
72 2
185 2
72 2
185 2
72 2
185 2
72 2
185 2
72 2
185 2
72 2
185 2
72 2
185 2
72 2
185 2
72 2
185 2
72 2
185 2
72 2
185 2
72 2
185 2
72 2
185 2
72 2
185 2
72 2
185 2
72 2
106 2
72 2
106 2
72 2
106 2
72 2
106 2
72 2
106 2
72 2
106 2
72 2
106 2
72 2
132 2
72 2
132 2
72 2
132 2
72 2
132 2
72 2
132 2
72 2
132 2
72 2
132 2
72 2
132 2
72 2
132 2
72 2
225 2
72 2
225 2
72 2
225 2
72 2
225 2
72 2
225 2
72 2
225 2
72 2
225 2
72 2
225 2
72 2
210 2
72 2
210 2
72 2
210 2
72 2
210 2
72 2
210 2
72 2
210 2
72 2
210 2
72 2
210 2
72 2
211 2
72 2
211 2
72 2
211 2
72 2
211 2
72 2
211 2
72 2
211 2
72 2
211 2
72 2
211 2
72 2
235 2
72 2
235 2
72 2
235 2
72 2
235 2
72 2
235 2
72 2
235 2
72 2
235 2
72 2
235 2
72 2
225 2
72 2
225 2
72 2
225 2
72 2
225 2
72 2
225 2
72 2
225 2
72 2
225 2
72 2
225 2
72 2
210 2
72 2
210 2
72 2
210 2
72 2
210 2
72 2
210 2
72 2
210 2
72 2
210 2
72 2
210 2
72 2
211 2
72 2
211 2
72 2
211 2
72 2
211 2
72 2
211 2
72 2
211 2
72 2
211 2
72 2
211 2
72 2
211 2
72 2
211 2
72 2
211 2
72 2
211 2
72 2
211 2
72 2
211 2
72 2
211 2
72 2
211 2
72 2
235 2
72 2
235 2
72 2
235 2
72 2
235 2
72 2
235 2
72 2
235 2
72 2
235 2
72 2
235 2
72 2
235 2
72 2
235 2
72 2
235 2
72 2
235 2
72 2
235 2
72 2
235 2
72 2
235 2
72 2
235 2
72 2
185 2
72 2
185 2
72 2
185 2
72 2
185 2
72 2
185 2
72 2
185 2
72 2
185 2
72 2
185 2
72 2
185 2
72 2
185 2
72 2
185 2
72 2
185 2
72 2
185 2
72 2
185 2
72 2
185 2
72 2
185 2
72 2
185 2
72 2
185 2
72 2
185 2
72 2
185 2
72 2
185 2
72 2
185 2
72 2
185 2
72 2
185 2
72 2
185 2
72 2
185 2
72 2
185 2
72 2
185 2
72 2
185 2
72 2
185 2
72 2
185 2
72 2
185 2
72 2
185 2
72 2
185 2
72 2
185 2
72 2
185 2
72 2
185 2
72 2
185 2
72 2
185 2
72 2
185 2
72 2
185 2
72 2
185 2
72 2
185 2
72 2
185 2
72 2
185 2
72 2
185 2
72 2
185 2
72 2
185 2
72 2
185 2
72 2
185 2
72 2
185 2
72 2
185 2
72 2
185 2
72 2
185 2
72 2
185 2
72 2
185 2
72 2
185 2
72 2
185 2
72 2
185 2
72 2
185 2
72 2
185 2
72 2
185 2
72 2
185 2
72 2
185 2
72 2
185 2
72 2
185 2
72 2
185 2
72 2
185 2
72 2
185 2
72 2
185 2
72 2
185 2
72 2
185 2
72 2
185 2
72 2
185 2
72 2
185 2
72 2
185 2
72 2
185 2
72 2
185 2
72 2
185 2
72 2
185 2
72 2
185 2
72 2
185 2
72 2
185 2
72 2
185 2
72 2
185 2
72 2
185 2
72 2
185 2
72 2
185 2
72 2
185 2
72 2
185 2
72 2
185 2
72 2
185 2
72 2
185 2
72 2
185 2
72 2
185 2
72 2
185 2
72 2
185 2
72 2
185 2
72 2
185 2
72 2
185 2
72 2
185 2
72 2
185 2
72 2
185 2
72 2
185 2
72 2
185 2
72 2
185 2
72 2
185 2
72 2
185 2
72 2
185 2
72 2
185 2
72 2
185 2
72 2
185 2
72 2
106 2
72 2
106 2
72 2
106 2
72 2
132 2
72 2
132 2
72 2
132 2
72 2
185 2
72 2
185 2
72 2
185 2
72 2
185 2
72 2
185 2
72 2
185 2
72 2
185 2
72 2
185 2
72 2
185 2
72 2
185 2
72 2
185 2
72 2
185 2
72 2
185 2
72 2
185 2
72 2
185 2
72 2
185 2
72 2
185 2
72 2
185 2
72 2
185 2
72 2
185 2
72 2
185 2
72 2
185 2
72 2
185 2
72 2
185 2
72 2
185 2
72 2
185 2
72 2
185 2
72 2
185 2
72 2
185 2
72 2
185 2
72 2
185 2
72 2
185 2
72 2
185 2
72 2
185 2
72 2
185 2
72 2
185 2
72 2
185 2
72 2
185 2
72 2
185 2
72 2
185 2
72 2
185 2
72 2
185 2
72 2
185 2
72 2
185 2
72 2
185 2
72 2
185 2
72 2
185 2
72 2
185 2
72 2
185 2
72 2
185 2
72 2
185 2
72 2
185 2
72 2
185 2
72 2
185 2
72 2
185 2
72 2
185 2
72 2
185 2
72 2
185 2
E
S
H
72 14
64 2
63 2
62 2
61 2
60 2
71 2
70 2
69 2
68 2
67 2
66 2
65 2
64 2
63 2
62 2
61 2
72 14
64 2
63 2
62 2
61 2
60 2
71 2
70 2
69 2
68 2
67 2
66 2
65 2
64 2
63 2
62 2
61 2
E
S
L
72 12
101 0
72 2
101 0
72 0
101 0
72 1
101 0
72 1
101 0
72 0
101 0
72 2
101 4
72 11
101 4
72 9
101 4
72 9
101 4
101 0
72 2
101 0
72 0
101 0
72 1
101 0
72 1
101 0
72 0
101 0
72 2
101 4
72 11
101 4
72 9
101 4
72 7
101 7
101 0
72 2
101 0
72 0
101 0
72 1
101 0
72 1
101 0
72 0
101 0
72 2
101 4
72 11
101 4
72 9
101 4
72 9
101 4
101 7
101 7
101 7
101 7
101 7
101 7
101 4
72 10
101 4
72 9
101 4
72 7
101 7
101 7
101 7
101 7
101 7
101 7
101 7
101 4
72 10
101 4
72 9
101 4
72 9
101 4
101 7
101 7
101 7
101 7
101 7
101 7
101 4
72 10
101 4
72 9
101 4
72 7
101 7
101 7
101 7
101 7
101 7
101 7
101 7
101 4
72 10
101 4
72 9
101 4
72 9
101 4
101 7
101 7
101 7
101 7
101 7
101 7
101 4
72 10
101 4
72 9
101 4
72 7
101 7
101 7
101 7
101 7
101 7
101 7
101 7
101 4
72 10
101 4
72 9
101 4
72 9
101 4
101 7
101 7
101 7
101 7
101 7
101 7
166 4
72 10
166 4
72 9
192 4
72 7
192 7
153 0
72 2
153 0
72 0
153 0
72 1
153 0
72 1
153 0
72 0
153 0
72 2
153 7
72 9
153 4
231 4
153 4
218 7
72 9
153 4
218 4
153 4
127 7
72 12
192 7
72 11
153 0
72 2
153 0
72 0
153 0
72 1
153 0
72 1
153 0
72 0
153 0
72 2
153 7
72 9
153 4
231 4
153 4
218 7
72 9
153 4
218 4
153 4
127 7
72 14
192 7
72 12
192 0
72 2
192 0
72 2
192 0
72 2
192 0
72 2
192 0
72 2
192 0
72 2
192 0
72 2
192 0
72 2
192 0
72 2
192 0
72 2
192 0
72 2
192 0
72 2
192 0
72 2
192 0
72 2
192 0
72 2
192 0
72 2
101 4
72 11
101 4
72 9
101 4
72 9
101 4
101 0
72 2
101 0
72 0
101 0
72 1
101 0
72 1
101 0
72 0
101 0
72 2
101 4
72 11
101 4
72 9
101 4
72 7
101 7
101 0
72 2
101 0
72 0
101 0
72 1
101 0
72 1
101 0
72 0
101 0
72 2
101 4
72 11
101 4
72 9
101 4
72 9
101 4
101 0
72 2
101 0
72 0
101 0
72 1
101 0
72 1
101 0
72 0
101 0
72 2
101 4
72 11
101 4
72 9
101 4
72 7
101 7
101 0
72 2
101 0
72 0
101 0
72 1
101 0
72 1
101 0
72 0
101 0
72 2
101 4
72 11
101 4
72 9
101 4
72 9
101 4
101 0
72 2
101 0
72 0
101 0
72 1
101 0
72 1
101 0
72 0
101 0
72 2
101 4
72 11
101 4
72 9
101 4
72 7
101 7
101 0
72 2
101 0
72 0
101 0
72 1
101 0
72 1
101 0
72 0
101 0
72 2
101 4
72 11
101 4
72 9
101 4
72 9
101 4
101 0
72 2
101 0
72 0
101 0
72 1
101 0
72 1
101 0
72 0
101 0
72 2
101 4
72 11
101 4
72 9
101 4
72 7
101 7
101 0
72 2
101 0
72 0
101 0
72 1
101 0
72 1
101 0
72 0
101 0
72 2
101 4
72 11
101 4
72 9
101 4
72 9
101 4
101 0
72 2
101 0
72 0
101 0
72 1
101 0
72 1
101 0
72 0
101 0
72 2
101 4
72 11
101 4
72 9
101 4
72 7
101 7
101 0
72 2
101 0
72 0
101 0
72 1
101 0
72 1
101 0
72 0
101 0
72 2
101 4
72 11
101 4
72 9
101 4
72 9
101 4
101 7
101 7
101 7
101 7
101 7
101 7
101 4
72 10
101 4
72 9
101 4
72 7
101 7
101 7
101 7
101 7
101 7
101 7
101 7
101 4
72 10
101 4
72 9
101 4
72 9
101 4
101 7
101 7
101 7
101 7
101 7
101 7
101 4
72 10
101 4
72 9
101 4
72 7
101 7
101 7
101 7
101 7
101 7
101 7
101 7
101 4
72 10
101 4
72 9
101 4
72 9
101 4
101 7
101 7
101 7
101 7
101 7
101 7
101 4
72 10
101 4
72 9
101 4
72 7
101 7
101 7
101 7
101 7
101 7
101 7
101 7
101 4
72 10
101 4
72 9
101 4
72 9
101 4
101 7
101 7
101 7
101 7
101 7
101 7
166 4
72 10
166 4
72 9
192 4
72 7
192 7
153 0
72 2
153 0
72 0
153 0
72 1
153 0
72 1
153 0
72 0
153 0
72 2
153 7
72 9
153 4
231 4
153 4
218 7
72 9
153 4
218 4
153 4
127 7
72 12
192 7
72 11
153 0
72 2
153 0
72 0
153 0
72 1
153 0
72 1
153 0
72 0
153 0
72 2
153 7
72 9
153 4
231 4
153 4
218 7
72 9
153 4
218 4
153 4
127 7
72 14
192 7
72 12
192 0
72 2
192 0
72 2
192 0
72 2
192 0
72 2
192 0
72 2
192 0
72 2
192 0
72 2
192 0
72 2
192 0
72 2
192 0
72 2
192 0
72 2
192 0
72 2
192 0
72 2
192 0
72 2
192 0
72 2
192 0
72 2
101 4
72 11
101 4
72 9
101 4
72 9
101 4
101 0
72 2
101 0
72 0
101 0
72 1
101 0
72 1
101 0
72 0
101 0
72 2
101 4
72 11
101 4
72 9
101 4
72 7
101 7
101 0
72 2
101 0
72 0
101 0
72 1
101 0
72 1
101 0
72 0
101 0
72 2
101 4
72 11
101 4
72 9
101 4
72 9
101 4
101 0
72 2
101 0
72 0
101 0
72 1
101 0
72 1
101 0
72 0
101 0
72 2
101 4
72 11
101 4
72 9
101 4
72 7
101 7
101 0
72 2
101 0
72 0
101 0
72 1
101 0
72 1
101 0
72 0
101 0
72 2
101 4
72 11
101 4
72 9
101 4
72 9
101 4
101 0
72 2
101 0
72 0
101 0
72 1
101 0
72 1
101 0
72 0
101 0
72 2
101 4
72 11
101 4
72 9
101 4
72 7
101 7
101 0
72 2
101 0
72 0
101 0
72 1
101 0
72 1
101 0
72 0
101 0
72 2
101 4
72 11
101 4
72 9
101 4
72 9
101 4
101 0
72 2
101 0
72 0
101 0
72 1
101 0
72 1
101 0
72 0
101 0
72 2
101 4
72 11
101 4
72 9
101 4
72 7
101 7
101 0
72 2
101 0
72 0
101 0
72 1
101 0
72 1
101 0
72 0
101 0
72 2
101 4
72 11
101 4
72 9
101 4
72 9
101 4
101 0
72 2
101 0
72 0
101 0
72 1
101 0
72 1
101 0
72 0
101 0
72 2
101 4
72 11
101 4
72 9
101 4
72 7
101 7
101 0
72 2
101 0
72 0
101 0
72 1
101 0
72 1
101 0
72 0
101 0
72 2
101 4
72 11
101 4
72 9
101 4
72 9
101 4
101 7
101 7
101 7
101 7
101 7
101 7
E
S
H
72 12
214 2
227 2
240 2
110 2
135 2
148 2
149 4
72 14
240 2
110 2
136 2
149 7
72 14
240 2
110 2
136 2
149 7
72 14
214 2
227 2
240 2
110 2
135 2
148 2
149 4
72 14
240 2
110 2
136 2
149 7
72 14
240 2
110 2
136 2
149 7
72 14
214 2
227 2
240 2
110 2
135 2
148 2
149 4
72 14
240 2
110 2
136 2
149 7
72 14
240 2
110 2
136 2
149 7
72 14
214 2
227 2
240 2
110 2
135 2
148 2
149 4
72 14
240 2
110 2
136 2
149 7
72 14
240 2
110 2
136 2
149 7
72 14
214 2
227 2
240 2
110 2
135 2
148 2
149 4
E
X
