minor
S
H
49 9
50 4
42 11
41 7
49 7
50 6
49 6
47 4
47 9
49 4
45 12
45 7
47 7
49 7
50 9
52 4
47 12
47 7
49 7
50 7
54 12
56 4
54 4
52 13
59 9
57 11
59 9
57 11
59 9
57 12
57 7
56 7
57 7
64 9
62 11
64 9
62 11
64 9
62 7
62 4
64 4
66 4
68 7
71 7
68 6
69 6
71 4
59 9
57 11
59 9
57 11
59 9
57 12
57 7
59 7
61 7
62 9
66 7
66 4
68 4
69 4
68 9
71 7
68 4
69 4
71 4
69 7
68 7
66 7
68 7
69 7
68 7
66 7
68 7
69 11
57 11
E
S
L
33 13
32 13
30 13
28 13
35 13
34 13
33 13
28 7
40 4
28 4
28 4
28 4
40 4
28 4
33 7
45 4
33 4
33 4
33 4
45 4
33 4
32 7
44 4
32 4
32 4
32 4
44 4
32 4
30 7
42 4
30 4
30 4
30 4
42 4
30 4
28 7
40 4
28 4
28 4
28 4
40 4
28 4
26 7
38 4
26 4
26 4
26 4
38 4
26 4
25 7
37 4
25 4
25 4
25 4
37 4
25 4
23 7
35 4
23 4
23 4
23 4
35 4
23 4
28 7
40 4
28 4
28 4
28 4
40 4
28 4
33 7
45 4
33 4
33 4
33 4
45 4
33 4
32 7
44 4
32 4
32 4
32 4
44 4
32 4
30 7
42 4
30 4
30 4
30 4
42 4
30 4
28 7
40 4
28 4
28 4
28 4
40 4
28 4
26 7
38 4
26 4
26 4
26 4
38 4
26 4
28 7
40 4
28 4
28 4
28 4
40 4
28 4
45 4
72 4
44 4
72 4
42 4
72 4
44 4
72 4
45 4
72 4
44 4
72 4
42 4
72 4
44 4
72 4
45 4
72 9
33 4
E
S
H
44 12
38 7
37 11
35 7
40 7
37 11
42 11
72 7
42 12
42 12
41 7
42 7
42 11
47 7
50 11
45 7
42 7
44 11
44 4
45 4
47 4
49 9
49 11
49 9
49 11
49 9
49 12
49 7
49 7
49 7
54 9
54 11
54 9
54 11
54 9
54 7
54 4
62 4
62 4
59 7
62 7
59 6
61 6
62 4
49 9
49 7
45 4
49 4
52 4
49 9
49 7
44 4
49 4
52 4
49 9
49 7
42 4
45 4
49 4
72 4
40 4
45 4
49 4
72 4
49 4
50 4
52 4
54 4
53 4
54 4
50 4
45 4
50 4
52 4
54 4
52 4
50 4
47 4
44 4
40 4
47 4
50 4
52 4
72 2
49 2
52 2
57 2
72 2
49 2
52 2
57 2
72 2
49 2
52 2
57 2
72 2
49 2
52 2
57 2
72 2
49 2
52 2
57 2
72 2
49 2
52 2
57 2
72 2
49 2
52 2
57 2
72 2
49 2
52 2
56 2
61 11
49 11
E
S
L
72 14
11 2
72 6
14 2
72 2
11 2
72 2
11 2
72 2
14 2
72 2
14 2
72 2
14 2
72 2
11 2
72 2
20 2
72 2
14 2
72 2
11 2
72 2
11 2
72 2
20 2
72 2
14 2
72 2
11 2
72 2
11 2
72 2
20 2
72 2
14 2
72 2
11 2
72 2
11 2
72 2
20 2
72 2
14 2
72 2
11 2
72 2
11 2
72 2
20 2
72 2
14 2
72 2
11 2
72 2
11 2
72 2
20 2
72 2
14 2
72 2
11 2
72 2
11 2
72 2
20 2
72 2
14 2
72 2
11 2
72 2
11 2
72 2
20 2
72 2
14 2
72 2
14 2
72 2
11 2
72 2
20 2
72 2
14 2
72 2
11 2
72 2
11 2
72 2
20 2
72 2
14 2
72 2
11 2
72 2
11 2
72 2
20 2
72 2
14 2
72 2
11 2
72 2
11 2
72 2
20 2
72 2
14 2
72 2
11 2
72 2
11 2
72 2
20 2
72 2
14 2
72 2
11 2
72 2
11 2
72 2
20 2
72 2
14 2
72 2
11 2
72 2
11 2
72 2
20 2
72 2
14 2
72 2
11 2
72 2
11 2
72 2
20 2
72 2
14 2
72 2
14 2
72 2
11 2
72 2
20 2
72 2
14 2
72 2
11 2
72 2
11 2
72 2
20 2
72 2
14 2
72 2
11 2
72 2
11 2
72 2
20 2
72 2
14 2
72 2
11 2
72 2
11 2
72 2
20 2
72 2
14 2
72 2
11 2
72 2
11 2
72 2
20 2
72 2
14 2
72 2
11 2
72 2
11 2
72 2
20 2
72 2
14 2
72 2
11 2
72 2
11 2
72 2
20 2
72 2
14 2
72 2
11 2
72 2
11 2
72 2
20 2
72 2
14 2
72 2
14 2
72 2
11 2
72 2
20 2
72 2
14 2
72 2
11 2
72 2
11 2
72 2
20 2
72 2
14 2
72 2
11 2
72 2
11 2
72 2
20 2
72 2
14 2
72 2
11 2
72 2
11 2
72 2
14 2
72 2
14 2
72 2
14 2
72 2
11 2
72 13
20 2
72 13
11 13
E
X
