minor
S
H
45 13
72 2
44 13
72 2
47 12
72 2
48 4
47 4
45 13
72 14
33 4
35 4
36 4
38 4
47 6
72 2
47 4
45 4
47 6
72 2
47 4
45 4
47 6
72 2
47 4
45 4
47 4
45 4
40 4
36 4
43 6
72 2
45 4
41 14
72 2
45 6
72 2
45 4
43 4
45 6
72 2
45 4
43 4
45 6
72 2
45 4
43 4
45 6
72 2
47 6
72 2
41 8
72 1
40 13
72 2
33 4
35 4
36 4
38 4
47 6
72 2
47 4
45 4
47 6
72 2
47 4
45 4
47 6
72 2
47 4
45 4
47 4
45 4
40 4
36 4
43 6
72 2
45 4
41 14
72 2
45 12
72 2
47 6
72 2
44 12
72 2
47 6
72 2
47 8
72 1
45 14
72 14
33 4
35 4
36 4
38 4
47 6
72 2
47 4
45 4
47 6
72 2
47 4
45 4
47 6
72 2
47 4
45 4
47 4
45 4
40 4
36 4
43 6
72 2
45 4
41 14
72 2
45 6
72 2
45 4
43 4
45 6
72 2
45 4
43 4
45 6
72 2
45 4
43 4
45 6
72 2
47 6
72 2
41 8
72 1
40 13
72 2
33 4
35 4
36 4
38 4
47 6
72 2
47 4
45 4
47 6
72 2
47 4
45 4
47 6
72 2
47 4
45 4
47 4
45 4
40 4
36 4
43 6
72 2
45 4
41 14
72 2
45 12
72 2
47 6
72 2
44 12
72 2
47 6
72 2
47 8
72 1
45 14
E
S
L
11 4
11 4
17 4
17 4
14 4
14 4
17 4
17 4
16 4
16 4
23 4
23 4
20 4
20 4
23 4
23 4
9 4
9 4
16 4
16 4
12 4
12 4
16 4
16 4
9 4
9 4
16 4
16 4
12 4
12 4
16 4
16 4
9 6
72 6
9 4
7 6
72 6
7 4
5 6
72 6
5 4
7 6
72 6
7 4
9 6
72 6
9 4
7 6
72 6
7 4
5 6
72 6
5 4
7 6
72 6
7 4
9 6
72 6
9 4
7 6
72 6
7 4
5 6
72 6
5 4
7 6
72 6
7 4
9 6
72 6
9 4
7 6
72 6
7 4
5 6
72 6
5 4
7 6
72 6
7 4
9 4
9 4
16 4
16 4
14 4
14 4
16 4
16 4
9 4
9 4
16 4
16 4
14 4
14 4
16 4
16 4
14 4
14 4
21 4
21 4
17 4
17 4
21 4
21 4
14 4
14 4
21 4
21 4
17 4
17 4
21 4
21 4
7 4
7 4
14 4
14 4
11 4
11 4
14 4
14 4
7 4
7 4
14 4
14 4
11 4
11 4
14 4
14 4
12 4
12 4
19 4
19 4
16 4
16 4
19 4
19 4
11 4
11 4
17 4
17 4
14 4
14 4
11 4
11 4
9 4
9 4
16 4
16 4
14 4
14 4
16 4
16 4
9 4
9 4
16 4
16 4
14 4
14 4
16 4
16 4
14 4
14 4
21 4
21 4
17 4
17 4
21 4
21 4
14 4
14 4
21 4
21 4
17 4
17 4
21 4
21 4
11 4
11 4
17 4
17 4
14 4
14 4
17 4
17 4
16 4
16 4
23 4
23 4
20 4
20 4
23 4
23 4
9 4
9 4
16 4
16 4
12 4
12 4
16 4
16 4
9 4
9 4
16 4
16 4
12 4
12 4
16 4
16 4
9 6
72 6
9 4
7 6
72 6
7 4
5 6
72 6
5 4
7 6
72 6
7 4
9 6
72 6
9 4
7 6
72 6
7 4
5 6
72 6
5 4
7 6
72 6
7 4
9 4
9 4
16 4
16 4
14 4
14 4
16 4
16 4
9 4
9 4
16 4
16 4
14 4
14 4
16 4
16 4
14 4
14 4
21 4
21 4
17 4
17 4
21 4
21 4
14 4
14 4
21 4
21 4
17 4
17 4
21 4
21 4
7 4
7 4
14 4
14 4
11 4
11 4
14 4
14 4
7 4
7 4
14 4
14 4
11 4
11 4
14 4
14 4
12 4
12 4
19 4
19 4
16 4
16 4
19 4
19 4
11 4
11 4
17 4
17 4
14 4
14 4
11 4
11 4
9 4
9 4
16 4
16 4
14 4
14 4
16 4
16 4
9 4
9 4
16 4
16 4
14 4
14 4
16 4
16 4
14 4
14 4
21 4
21 4
17 4
17 4
21 4
21 4
14 4
14 4
21 4
21 4
17 4
17 4
21 4
21 4
11 4
11 4
17 4
17 4
14 4
14 4
17 4
17 4
16 4
16 4
23 4
23 4
20 4
20 4
23 4
23 4
9 4
9 4
16 4
16 4
12 4
12 4
16 4
16 4
9 4
9 4
16 4
16 4
12 4
12 4
16 4
16 4
9 6
72 6
9 4
7 6
72 6
7 4
5 6
72 6
5 4
7 6
72 6
7 4
9 6
72 6
9 4
7 6
72 6
7 4
5 6
72 6
5 4
7 6
72 6
7 4
9 6
E
S
L
72 14
9 6
72 6
9 4
7 6
72 6
7 4
5 6
72 6
5 4
7 6
72 6
7 4
9 6
72 6
9 4
7 6
72 6
7 4
5 6
72 6
5 4
7 6
72 6
7 4
9 6
72 6
9 4
7 6
72 6
7 4
5 6
72 6
5 4
7 6
72 6
7 4
9 6
72 6
9 4
7 6
72 6
7 4
5 6
72 6
5 4
7 6
72 6
7 4
9 4
9 4
16 4
16 4
14 4
14 4
16 4
16 4
9 4
9 4
16 4
16 4
14 4
14 4
16 4
16 4
14 4
14 4
21 4
21 4
17 4
17 4
21 4
21 4
14 4
14 4
21 4
21 4
17 4
17 4
21 4
21 4
7 4
7 4
14 4
14 4
11 4
11 4
14 4
14 4
7 4
7 4
14 4
14 4
11 4
11 4
14 4
14 4
12 4
12 4
19 4
19 4
16 4
16 4
19 4
19 4
11 4
11 4
17 4
17 4
14 4
14 4
11 4
11 4
9 4
9 4
16 4
16 4
14 4
14 4
16 4
16 4
9 4
9 4
16 4
16 4
14 4
14 4
16 4
16 4
14 4
14 4
21 4
21 4
17 4
17 4
21 4
21 4
14 4
14 4
21 4
21 4
17 4
17 4
21 4
21 4
11 4
11 4
17 4
17 4
14 4
14 4
17 4
17 4
16 4
16 4
23 4
23 4
20 4
20 4
23 4
23 4
9 4
9 4
16 4
16 4
12 4
12 4
16 4
16 4
9 4
9 4
16 4
16 4
12 4
12 4
16 4
16 4
9 6
72 6
9 4
7 6
72 6
7 4
5 6
72 6
5 4
7 6
72 6
7 4
9 6
72 6
9 4
7 6
72 6
7 4
5 6
72 6
5 4
7 6
72 6
7 4
9 4
9 4
16 4
16 4
14 4
14 4
16 4
16 4
9 4
9 4
16 4
16 4
14 4
14 4
16 4
16 4
14 4
14 4
21 4
21 4
17 4
17 4
21 4
21 4
14 4
14 4
21 4
21 4
17 4
17 4
21 4
21 4
7 4
7 4
14 4
14 4
11 4
11 4
14 4
14 4
7 4
7 4
14 4
14 4
11 4
11 4
14 4
14 4
12 4
12 4
19 4
19 4
16 4
16 4
19 4
19 4
11 4
11 4
17 4
17 4
14 4
14 4
11 4
11 4
9 4
9 4
16 4
16 4
14 4
14 4
16 4
16 4
9 4
9 4
16 4
16 4
14 4
14 4
16 4
16 4
14 4
14 4
21 4
21 4
17 4
17 4
21 4
21 4
14 4
14 4
21 4
21 4
17 4
17 4
21 4
21 4
11 4
11 4
17 4
17 4
14 4
14 4
17 4
17 4
16 4
16 4
23 4
23 4
20 4
20 4
23 4
23 4
9 4
9 4
16 4
16 4
12 4
12 4
16 4
16 4
9 4
9 4
16 4
16 4
12 4
12 4
16 4
16 4
9 6
72 6
9 4
7 6
72 6
7 4
5 6
72 6
5 4
7 6
72 6
7 4
9 6
72 6
9 4
7 6
72 6
7 4
5 6
72 6
5 4
7 6
72 6
7 4
9 6
E
S
H
72 14
28 2
28 2
28 6
72 11
47 6
72 2
47 4
45 4
47 6
72 2
47 4
45 4
47 6
72 2
47 4
45 4
47 4
45 4
40 4
36 4
43 6
72 2
45 4
41 14
72 2
45 6
72 2
45 4
43 4
45 6
72 2
45 4
43 4
45 6
72 2
45 4
43 4
45 6
72 2
47 6
72 2
41 8
72 1
40 13
72 2
33 4
35 4
36 4
38 4
47 6
72 2
47 4
45 4
47 6
72 2
47 4
45 4
47 6
72 2
47 4
45 4
47 4
45 4
40 4
36 4
43 6
72 2
45 4
41 14
72 2
45 12
72 2
47 6
72 2
44 12
72 2
47 6
72 2
47 8
72 1
45 14
72 14
33 4
35 4
36 4
38 4
47 6
72 2
47 4
45 4
47 6
72 2
47 4
45 4
47 6
72 2
47 4
45 4
47 4
45 4
40 4
36 4
43 6
72 2
45 4
41 14
72 2
45 6
72 2
45 4
43 4
45 6
72 2
45 4
43 4
45 6
72 2
45 4
43 4
45 6
72 2
47 6
72 2
41 8
72 1
40 13
72 2
33 4
35 4
36 4
38 4
47 6
72 2
47 4
45 4
47 6
72 2
47 4
45 4
47 6
72 2
47 4
45 4
47 4
45 4
40 4
36 4
43 6
72 2
45 4
41 14
72 2
45 12
72 2
47 6
72 2
44 12
72 2
47 6
72 2
47 8
72 1
45 14
E
S
H
110 13
72 2
241 13
72 2
240 13
72 2
110 13
72 14
65 2
62 2
57 2
53 2
62 2
57 2
53 2
50 2
57 2
53 2
50 2
45 2
53 2
50 2
45 2
41 13
72 14
57 4
60 2
57 2
60 4
57 4
59 4
55 4
50 4
59 4
53 4
57 2
53 2
57 4
53 4
55 4
57 4
59 4
55 4
57 4
60 2
57 2
60 4
57 4
59 4
55 4
50 4
59 4
53 4
57 2
53 2
57 4
53 4
55 4
57 4
59 4
55 4
72 14
65 2
62 2
57 2
53 2
62 2
57 2
53 2
50 2
57 2
53 2
50 2
45 2
53 2
50 2
45 2
41 13
72 14
65 7
65 4
62 6
72 2
59 4
56 8
72 14
65 2
62 2
57 2
53 2
62 2
57 2
53 2
50 2
57 2
53 2
50 2
45 2
53 2
50 2
45 2
41 13
72 14
57 4
60 2
57 2
60 4
57 4
59 4
55 4
50 4
59 4
53 4
57 2
53 2
57 4
53 4
55 4
57 4
59 4
55 4
57 4
60 2
57 2
60 4
57 4
59 4
55 4
50 4
59 4
53 4
57 2
53 2
57 4
53 4
55 4
57 4
59 4
55 4
57 4
60 2
57 2
60 4
57 4
59 4
55 4
50 4
59 4
53 4
57 2
53 2
57 4
53 4
55 4
57 4
59 4
55 4
57 4
60 2
57 2
60 4
57 4
59 4
55 4
50 4
59 4
53 4
57 2
53 2
57 4
53 4
55 4
57 4
59 4
55 4
57 4
60 2
57 2
60 4
57 4
59 4
55 4
50 4
59 4
53 4
57 2
53 2
57 4
53 4
55 4
57 4
59 4
55 4
57 4
60 2
57 2
60 4
57 4
59 4
55 4
50 4
59 4
53 4
57 2
53 2
57 4
53 4
55 4
57 4
59 4
55 4
57 4
60 2
57 2
60 4
57 4
59 4
55 4
50 4
59 4
53 4
57 2
53 2
57 4
53 4
55 4
57 4
59 4
55 4
57 4
60 2
57 2
60 4
57 4
59 4
55 4
50 4
59 4
53 4
57 2
53 2
57 4
53 4
55 4
57 4
59 4
55 4
E
S
L
26 4
26 4
26 4
26 4
26 4
26 4
26 4
26 4
26 4
26 4
26 4
26 4
26 4
26 4
26 4
26 4
26 4
26 4
26 4
26 4
26 4
26 4
26 4
26 4
26 4
26 4
26 4
26 4
26 4
26 4
26 4
26 4
26 4
26 4
26 4
26 4
26 4
26 4
26 4
26 4
26 4
26 4
26 4
26 4
26 4
26 4
26 4
26 4
26 4
26 4
26 4
26 4
26 4
26 4
26 4
26 4
26 4
26 4
26 4
26 4
26 4
26 4
26 4
26 4
26 4
26 4
26 4
26 4
26 4
26 4
26 4
26 4
26 4
26 4
26 4
26 4
26 4
26 4
26 4
26 4
26 4
26 4
26 4
26 4
26 4
26 4
26 4
26 4
26 4
26 4
26 4
26 4
26 4
26 4
26 4
26 4
26 4
26 4
26 4
26 4
26 4
26 4
26 4
26 4
26 4
26 4
26 4
26 4
26 4
26 4
26 4
26 4
26 4
26 4
26 4
26 4
26 4
26 4
26 4
26 4
26 4
26 4
26 4
26 4
26 4
26 4
26 4
26 4
26 4
26 4
26 4
26 4
26 4
26 4
26 4
26 4
26 4
26 4
26 4
26 4
26 4
26 4
26 4
26 4
26 4
26 4
26 4
26 4
26 4
26 4
26 4
26 4
26 4
26 4
26 4
26 4
26 4
26 4
26 4
26 4
26 4
26 4
26 4
26 4
26 4
26 4
26 4
26 4
26 4
26 4
26 4
26 4
26 4
26 4
26 4
26 4
26 4
26 4
26 4
26 4
26 4
26 4
26 4
26 4
26 4
26 4
26 4
26 4
26 4
26 4
26 4
26 4
26 4
26 4
26 4
26 4
26 4
26 4
26 4
26 4
26 4
26 4
26 4
26 4
26 4
26 4
26 4
26 4
26 4
26 4
26 4
26 4
26 4
26 4
26 4
26 4
26 4
26 4
26 4
26 4
26 4
26 4
26 4
26 4
26 4
26 4
26 4
26 4
26 4
26 4
26 4
26 4
26 4
26 4
26 4
26 4
26 4
26 4
26 4
26 4
26 4
26 4
26 4
26 4
26 4
26 4
26 4
26 4
26 4
26 4
26 4
26 4
26 4
26 4
26 4
26 4
26 4
26 4
26 4
26 4
26 4
26 4
26 4
26 4
26 4
26 4
26 4
26 4
26 4
26 4
26 4
26 4
26 4
26 4
26 4
26 4
26 4
26 4
26 4
26 4
26 4
26 4
26 4
26 4
26 4
26 4
26 4
26 4
26 4
26 4
26 4
26 4
26 4
26 4
26 4
26 4
26 4
26 4
26 4
26 4
26 4
26 4
26 4
26 4
26 4
26 4
26 4
26 4
26 4
26 4
26 4
26 4
26 4
26 4
26 4
26 4
26 4
26 4
26 4
26 4
26 4
26 4
26 4
26 4
26 4
26 4
26 4
26 4
26 4
26 4
26 4
26 4
26 4
26 4
26 4
26 4
26 4
26 4
26 4
26 4
26 4
26 4
26 4
26 4
26 4
26 4
26 4
26 4
26 4
26 4
26 4
26 4
26 4
26 4
26 4
26 4
26 4
26 4
26 4
26 4
26 4
26 4
26 4
26 4
26 4
26 4
26 4
26 4
26 4
26 4
26 4
26 4
26 4
26 4
26 4
26 4
26 4
26 4
26 4
26 4
26 4
26 4
26 4
26 4
26 4
26 4
26 4
26 4
26 4
26 4
26 4
26 4
26 4
26 4
26 4
26 4
26 4
26 4
26 4
26 4
26 4
26 4
26 4
26 4
26 4
26 4
26 4
26 4
26 4
26 4
26 4
26 4
26 4
26 4
26 4
26 4
26 4
26 4
26 4
26 4
26 4
26 4
26 4
26 4
26 4
26 4
26 4
26 4
26 4
26 4
26 4
26 4
26 4
26 4
26 4
26 4
26 4
26 4
26 4
26 4
26 4
26 4
26 4
26 4
26 4
26 4
26 4
26 4
E
S
L
72 7
26 6
72 8
26 6
72 8
26 6
72 8
26 6
72 8
26 6
72 8
26 6
72 8
26 6
72 8
26 6
72 8
26 6
72 8
26 6
72 8
26 6
72 8
26 6
72 8
26 6
72 8
26 6
72 8
26 6
72 8
26 6
72 8
26 6
72 8
26 6
72 8
26 6
72 8
26 6
72 8
26 6
72 8
26 6
72 8
26 6
72 8
26 6
72 8
26 6
72 8
26 6
72 8
26 6
72 8
26 6
72 8
26 6
72 8
26 6
72 8
26 6
72 8
26 6
72 8
26 6
72 8
26 6
72 8
26 6
72 8
26 6
72 8
26 6
72 8
26 6
72 8
26 6
72 8
26 6
72 8
26 6
72 8
26 6
72 8
26 6
72 8
26 6
72 8
26 6
72 8
26 6
72 8
26 6
72 8
26 6
72 8
26 6
72 8
26 6
72 8
26 6
72 8
26 6
72 8
26 6
72 8
26 6
72 8
26 6
72 8
26 6
72 8
26 6
72 8
26 6
72 8
26 6
72 8
26 6
72 8
26 6
72 8
26 6
72 8
26 6
72 8
26 6
72 8
26 6
72 8
26 6
72 8
26 6
72 8
26 6
72 8
26 6
72 8
26 6
72 8
26 6
72 8
26 6
72 8
26 6
72 8
26 6
72 8
26 6
72 8
26 6
72 8
26 6
72 8
26 6
72 8
26 6
72 8
26 6
72 8
26 6
72 8
26 6
72 8
26 6
72 8
26 6
72 8
26 6
72 8
26 6
72 8
26 6
72 8
26 6
72 8
26 6
72 8
26 6
72 8
26 6
72 8
26 6
72 8
26 6
72 8
26 6
72 8
26 6
72 8
26 6
72 8
26 6
72 8
26 6
72 8
26 6
72 8
26 6
72 8
26 6
72 8
26 6
72 8
26 6
72 8
26 6
72 8
26 6
72 8
26 6
72 8
26 6
72 8
26 6
72 8
26 6
72 8
26 6
72 8
26 6
72 8
26 6
E
X
