minor
S
H
60 4
60 4
58 4
58 4
57 4
57 4
56 4
55 4
65 4
65 4
63 4
63 4
62 4
62 4
61 4
61 4
60 4
60 4
58 4
58 4
57 4
57 4
56 4
55 4
65 4
65 4
63 4
63 4
62 4
62 4
61 4
61 4
60 4
60 4
58 4
58 4
57 4
57 4
56 4
55 4
65 4
65 4
63 4
63 4
62 4
62 4
61 4
61 4
60 4
60 4
58 4
58 4
57 4
57 4
56 4
55 4
65 4
65 4
63 4
63 4
62 4
62 4
61 4
61 4
72 14
60 4
60 4
58 4
58 4
57 4
57 4
56 4
55 4
65 4
65 4
63 4
63 4
62 4
62 4
61 4
61 4
60 4
60 4
58 4
58 4
57 4
57 4
56 4
55 4
65 4
65 4
63 4
63 4
62 4
62 4
61 4
61 4
60 4
60 4
58 4
58 4
57 4
57 4
56 4
55 4
65 4
65 4
63 4
63 4
62 4
62 4
61 4
61 4
60 4
60 4
58 4
58 4
57 4
57 4
56 4
55 4
65 4
65 4
63 4
63 4
62 4
62 4
61 4
61 4
72 14
60 4
60 4
58 4
58 4
57 4
57 4
56 4
55 4
65 4
65 4
63 4
63 4
62 4
62 4
61 4
61 4
60 4
60 4
58 4
58 4
57 4
57 4
56 4
55 4
65 4
65 4
63 4
63 4
62 4
62 4
61 4
61 4
60 4
60 4
58 4
58 4
57 4
57 4
56 4
55 4
65 4
65 4
63 4
63 4
62 4
62 4
61 4
61 4
60 4
60 4
58 4
58 4
57 4
57 4
56 4
55 4
65 4
65 4
63 4
63 4
62 4
62 4
61 4
61 4
72 14
60 4
60 4
58 4
58 4
57 4
57 4
56 4
55 4
65 4
65 4
63 4
63 4
62 4
62 4
61 4
61 4
60 4
60 4
58 4
58 4
57 4
57 4
56 4
55 4
65 4
65 4
63 4
63 4
62 4
62 4
61 4
61 4
60 4
60 4
58 4
58 4
57 4
57 4
56 4
55 4
65 4
65 4
63 4
63 4
62 4
62 4
61 4
61 4
60 4
60 4
58 4
58 4
57 4
57 4
56 4
55 4
65 4
65 4
63 4
63 4
62 4
62 4
61 4
61 4
E
S
L
12 4
72 4
12 4
10 4
72 4
14 4
15 4
16 4
17 4
72 4
17 4
15 4
72 4
9 4
10 4
11 4
12 4
72 4
12 4
10 4
72 4
14 4
15 4
16 4
17 4
72 4
17 4
15 4
72 4
9 4
10 4
11 4
12 4
72 4
12 4
10 4
72 4
14 4
15 4
16 4
17 4
72 4
17 4
15 4
72 4
9 4
10 4
11 4
12 4
72 4
12 4
10 4
72 4
14 4
15 4
16 4
17 4
72 4
17 4
15 4
72 4
9 4
10 4
11 4
12 4
12 4
14 4
14 4
15 4
15 4
16 4
16 4
17 4
17 4
19 4
19 4
20 4
20 4
21 4
21 4
12 4
12 4
14 4
14 4
15 4
15 4
16 4
16 4
17 4
17 4
19 4
19 4
20 4
20 4
21 4
21 4
24 4
24 4
22 4
22 4
21 4
21 4
20 4
19 4
29 4
29 4
27 4
27 4
26 4
26 4
25 4
25 4
24 4
24 4
22 4
22 4
21 4
21 4
20 4
19 4
29 4
29 4
27 4
27 4
26 4
26 4
25 4
25 4
12 4
72 4
12 4
10 4
72 4
14 4
15 4
16 4
17 4
72 4
17 4
15 4
72 4
9 4
10 4
11 4
12 4
72 4
12 4
10 4
72 4
14 4
15 4
16 4
17 4
72 4
17 4
15 4
72 4
9 4
10 4
11 4
12 4
72 4
12 4
10 4
72 4
14 4
15 4
16 4
17 4
72 4
17 4
15 4
72 4
9 4
10 4
11 4
12 4
72 4
12 4
10 4
72 4
14 4
15 4
16 4
17 4
72 4
17 4
15 4
72 4
9 4
10 4
11 4
12 4
12 4
14 4
14 4
15 4
15 4
16 4
16 4
17 4
17 4
19 4
19 4
20 4
20 4
21 4
21 4
12 4
12 4
14 4
14 4
15 4
15 4
16 4
16 4
17 4
17 4
19 4
19 4
20 4
20 4
21 4
72 4
24 4
24 4
22 4
22 4
21 4
21 4
20 4
19 4
29 4
29 4
27 4
27 4
26 4
26 4
25 4
25 4
24 4
24 4
22 4
22 4
21 4
21 4
20 4
19 4
29 4
29 4
27 4
27 4
26 4
26 4
25 4
25 4
12 4
72 4
12 4
10 4
72 4
14 4
15 4
16 4
17 4
72 4
17 4
15 4
72 4
9 4
10 4
11 4
12 4
72 4
12 4
10 4
72 4
14 4
15 4
16 4
17 4
72 4
17 4
15 4
72 4
9 4
10 4
11 4
12 4
72 4
12 4
10 4
72 4
14 4
15 4
16 4
17 4
72 4
17 4
15 4
72 4
9 4
10 4
11 4
12 4
72 4
12 4
10 4
72 4
14 4
15 4
16 4
17 4
72 4
17 4
15 4
72 4
9 4
10 4
11 4
12 4
12 4
14 4
14 4
15 4
15 4
16 4
16 4
17 4
17 4
19 4
19 4
20 4
20 4
21 4
21 4
12 4
12 4
14 4
14 4
15 4
15 4
16 4
16 4
17 4
17 4
19 4
19 4
20 4
20 4
21 4
21 4
24 4
24 4
22 4
22 4
21 4
21 4
20 4
19 4
29 4
29 4
27 4
27 4
26 4
26 4
25 4
25 4
24 4
24 4
22 4
22 4
21 4
21 4
20 4
19 4
29 4
29 4
27 4
27 4
26 4
26 4
25 4
25 4
12 4
72 4
12 4
10 4
72 4
14 4
15 4
16 4
17 4
72 4
17 4
15 4
72 4
9 4
10 4
11 4
12 4
72 4
12 4
10 4
72 4
14 4
15 4
16 4
17 4
72 4
17 4
15 4
72 4
9 4
10 4
11 4
12 4
72 4
12 4
10 4
72 4
14 4
15 4
16 4
17 4
72 4
17 4
15 4
72 4
9 4
10 4
11 4
12 4
72 4
12 4
10 4
72 4
14 4
15 4
16 4
17 4
72 4
17 4
15 4
72 4
9 4
10 4
11 4
12 4
12 4
14 4
72 4
15 4
15 4
16 4
72 4
17 4
17 4
19 4
72 4
20 4
20 4
21 4
72 4
12 4
12 4
14 4
72 4
15 4
15 4
16 4
72 4
17 4
17 4
19 4
72 4
20 4
20 4
21 4
72 4
24 4
24 4
22 4
72 4
21 4
21 4
20 4
19 4
29 4
29 4
27 4
72 4
26 4
26 4
25 4
72 4
24 4
24 4
22 4
72 4
21 4
72 4
20 4
19 4
29 4
72 4
27 4
72 4
26 4
72 4
25 4
25 4
E
S
H
72 14
55 0
72 2
55 0
72 2
60 0
72 2
60 0
72 2
55 0
72 2
55 0
72 2
58 0
72 2
58 0
72 2
55 0
72 2
55 0
72 6
60 0
72 2
60 0
72 6
55 0
72 2
55 0
72 2
60 0
72 2
60 7
55 0
55 0
58 0
58 0
72 2
55 7
55 0
55 0
55 0
55 0
72 7
55 0
72 2
55 0
72 2
60 0
72 2
60 0
72 2
55 0
72 2
55 0
72 2
58 0
72 2
58 0
72 2
55 0
72 2
55 0
72 6
60 0
72 2
60 0
72 6
55 0
72 2
55 0
72 2
60 0
72 2
60 7
55 0
55 0
58 0
58 0
72 2
55 7
55 0
55 0
55 0
55 0
72 7
53 0
72 2
53 0
72 2
59 0
72 2
59 0
72 2
53 0
72 2
53 0
72 2
60 0
72 2
60 0
72 2
53 0
72 2
53 0
72 6
59 0
72 2
59 0
72 6
53 0
72 2
53 0
72 2
59 0
72 2
59 0
72 2
53 0
72 2
53 0
72 2
60 0
72 2
60 0
72 2
53 7
53 0
53 0
53 0
53 0
72 7
55 0
72 2
55 0
72 2
60 0
72 2
60 0
72 2
55 0
72 2
55 0
72 2
58 0
72 2
58 0
72 2
55 0
72 2
55 0
72 6
60 0
72 2
60 0
72 6
55 0
72 2
55 0
72 2
60 0
72 2
60 7
55 0
55 0
58 0
58 0
72 2
55 7
55 0
55 0
55 0
55 0
72 14
55 0
72 2
55 0
72 2
60 0
72 2
60 0
72 2
55 0
72 2
55 0
72 2
58 0
72 2
58 0
72 2
55 0
72 2
55 0
72 6
60 0
72 2
60 0
72 6
55 0
72 2
55 0
72 2
60 0
72 2
60 7
55 0
55 0
58 0
58 0
72 2
55 7
55 0
55 0
55 0
55 0
72 7
55 0
72 2
55 0
72 2
60 0
72 2
60 0
72 2
55 0
72 2
55 0
72 2
58 0
72 2
58 0
72 2
55 0
72 2
55 0
72 6
60 0
72 2
60 0
72 6
55 0
72 2
55 0
72 2
60 0
72 2
60 7
55 0
55 0
58 0
58 0
72 2
55 7
55 0
55 0
55 0
55 0
72 7
53 0
72 2
53 0
72 2
59 0
72 2
59 0
72 2
53 0
72 2
53 0
72 2
60 0
72 2
60 0
72 2
53 0
72 2
53 0
72 6
59 0
72 2
59 0
72 6
53 0
72 2
53 0
72 2
59 0
72 2
59 0
72 2
53 0
72 2
53 0
72 2
60 0
72 2
60 0
72 2
53 7
53 0
53 0
53 0
53 0
72 7
55 0
72 2
55 0
72 2
60 0
72 2
60 0
72 2
55 0
72 2
55 0
72 2
58 0
72 2
58 0
72 2
55 0
72 2
55 0
72 6
60 0
72 2
60 0
72 6
55 0
72 2
55 0
72 2
60 0
72 2
60 7
55 0
55 0
58 0
58 0
72 2
55 7
55 0
55 0
55 0
55 0
72 14
55 0
72 2
55 0
72 2
60 0
72 2
60 0
72 2
55 0
72 2
55 0
72 2
58 0
72 2
58 0
72 2
55 0
72 2
55 0
72 6
60 0
72 2
60 0
72 6
55 0
72 2
55 0
72 2
60 0
72 2
60 7
55 0
55 0
58 0
58 0
72 2
55 7
55 0
55 0
55 0
55 0
72 7
55 0
72 2
55 0
72 2
60 0
72 2
60 0
72 2
55 0
72 2
55 0
72 2
58 0
72 2
58 0
72 2
55 0
72 2
55 0
72 6
60 0
72 2
60 0
72 6
55 0
72 2
55 0
72 2
60 0
72 2
60 7
55 0
55 0
58 0
58 0
72 2
55 7
55 0
55 0
55 0
55 0
72 7
53 0
72 2
53 0
72 2
59 0
72 2
59 0
72 2
53 0
72 2
53 0
72 2
60 0
72 2
60 0
72 2
53 0
72 2
53 0
72 6
59 0
72 2
59 0
72 6
53 0
72 2
53 0
72 2
59 0
72 2
59 0
72 2
53 0
72 2
53 0
72 2
60 0
72 2
60 0
72 2
53 7
53 0
53 0
53 0
53 0
72 7
55 0
72 2
55 0
72 2
60 0
72 2
60 0
72 2
55 0
72 2
55 0
72 2
58 0
72 2
58 0
72 2
55 0
72 2
55 0
72 6
60 0
72 2
60 0
72 6
55 0
72 2
55 0
72 2
60 0
72 2
60 7
55 0
55 0
58 0
58 0
72 2
55 7
55 0
55 0
55 0
55 0
72 14
55 0
72 2
55 0
72 2
60 0
72 2
60 0
72 2
55 0
72 2
55 0
72 2
58 0
72 2
58 0
72 2
55 0
72 2
55 0
72 6
60 0
72 2
60 0
72 6
55 0
72 2
55 0
72 2
60 0
72 2
60 7
55 0
55 0
58 0
58 0
72 2
55 7
55 0
55 0
55 0
55 0
72 7
55 0
72 2
55 0
72 2
60 0
72 2
60 0
72 2
55 0
72 2
55 0
72 2
58 0
72 2
58 0
72 2
55 0
72 2
55 0
72 6
60 0
72 2
60 0
72 6
55 0
72 2
55 0
72 2
60 0
72 2
60 7
55 0
55 0
58 0
58 0
72 2
55 7
55 0
55 0
55 0
55 0
72 7
53 0
72 2
53 0
72 2
59 0
72 2
59 0
72 2
53 0
72 2
53 0
72 2
60 0
72 2
60 0
72 2
53 0
72 2
53 0
72 6
59 0
72 2
59 0
72 6
53 0
72 2
53 0
72 2
59 0
72 2
59 0
72 2
53 0
72 2
53 0
72 2
60 0
72 2
60 0
72 2
53 7
53 0
53 0
53 0
53 0
72 7
55 0
72 2
55 0
72 2
60 0
72 2
60 0
72 2
55 0
72 2
55 0
72 2
58 0
72 2
58 0
72 2
55 0
72 2
55 0
72 6
60 0
72 2
60 0
72 6
55 0
72 2
55 0
72 2
60 0
72 2
60 7
55 0
55 0
58 0
58 0
72 2
55 7
55 0
55 0
55 0
55 0
E
S
H
72 14
48 13
72 13
42 13
72 13
48 13
53 7
51 7
48 13
72 14
48 13
72 13
42 13
72 13
48 13
53 7
51 7
48 13
72 14
48 13
72 13
42 13
72 13
48 13
53 7
51 7
48 13
72 14
48 13
72 13
42 13
72 13
48 13
53 7
51 7
48 13
E
S
L
12 2
72 6
14 2
72 6
12 2
72 2
12 2
72 2
14 2
72 6
12 2
72 6
14 2
72 4
12 2
12 2
72 2
12 2
72 2
14 2
72 6
12 2
72 6
14 2
72 6
12 2
72 2
12 2
72 2
14 2
72 6
12 2
72 6
14 2
72 4
12 2
12 2
72 2
12 2
72 2
14 2
72 6
12 2
72 6
14 2
72 6
12 2
72 2
12 2
72 2
14 2
72 6
12 2
72 6
14 2
72 4
12 2
12 2
72 2
12 2
72 2
14 2
72 6
12 2
72 6
14 2
72 6
12 2
72 2
12 2
72 2
14 2
72 6
12 2
72 6
14 2
72 4
12 2
12 2
72 2
12 2
72 2
14 2
72 6
12 2
72 6
14 2
72 6
12 2
72 2
12 2
72 2
14 2
72 6
12 2
72 6
14 2
72 4
12 2
12 2
72 2
12 2
72 2
14 2
72 6
12 2
72 6
14 2
72 6
12 2
72 2
12 2
72 2
14 2
72 6
12 2
72 6
14 2
72 4
12 2
12 2
72 2
12 2
72 2
14 2
72 6
12 2
72 6
14 2
72 6
12 2
72 2
12 2
72 2
14 2
72 6
12 2
72 6
14 2
72 4
12 2
12 2
72 2
12 2
72 2
14 2
72 6
12 2
72 6
14 2
72 6
12 2
72 2
12 2
72 2
14 2
72 6
12 2
72 6
14 2
72 4
12 2
12 2
72 2
12 2
72 2
14 2
72 6
12 2
72 6
14 2
72 6
12 2
72 2
12 2
72 2
14 2
72 6
12 2
72 6
14 2
72 4
12 2
12 2
72 2
12 2
72 2
14 2
72 6
12 2
72 6
14 2
72 6
12 2
72 2
12 2
72 2
14 2
72 6
12 2
72 6
14 2
72 4
12 2
12 2
72 2
12 2
72 2
14 2
72 6
12 2
72 6
14 2
72 6
12 2
72 2
12 2
72 2
14 2
72 6
12 2
72 6
14 2
72 4
12 2
12 2
72 2
12 2
72 2
14 2
72 6
12 2
72 6
14 2
72 6
12 2
72 2
12 2
72 2
14 2
72 6
12 2
72 6
14 2
72 4
12 2
12 2
72 2
12 2
72 2
14 2
72 6
12 2
72 6
14 2
72 6
12 2
72 2
12 2
72 2
14 2
72 6
12 2
72 6
14 2
72 4
12 2
12 2
72 2
12 2
72 2
14 2
72 6
12 2
72 6
14 2
72 6
12 2
72 2
12 2
72 2
14 2
72 6
12 2
72 6
14 2
72 4
12 2
12 2
72 2
12 2
72 2
14 2
72 6
12 2
72 6
14 2
72 6
12 2
72 2
12 2
72 2
14 2
72 6
12 2
72 6
14 2
72 4
12 2
12 2
72 2
12 2
72 2
14 2
72 6
12 2
72 6
14 2
72 6
12 2
72 2
12 2
72 2
14 2
72 6
12 2
72 6
14 2
72 4
12 2
12 2
72 2
12 2
72 2
14 2
72 6
12 2
72 6
14 2
72 6
12 2
72 2
12 2
72 2
14 2
72 6
12 2
72 6
14 2
72 4
12 2
12 2
72 2
12 2
72 2
14 2
72 6
12 2
72 6
14 2
72 6
12 2
72 2
12 2
72 2
14 2
72 6
12 2
72 6
14 2
72 4
12 2
12 2
72 2
12 2
72 2
14 2
72 6
12 2
72 6
14 2
72 6
12 2
72 2
12 2
72 2
14 2
72 6
12 2
72 6
14 2
72 4
12 2
12 2
72 2
12 2
72 2
14 2
72 6
12 2
72 6
14 2
72 6
12 2
72 2
12 2
72 2
14 2
72 6
12 2
72 6
14 2
72 4
12 2
12 2
72 2
12 2
72 2
14 2
72 6
12 2
72 6
14 2
72 6
12 2
72 2
12 2
72 2
14 2
72 6
12 2
72 6
14 2
72 4
12 2
12 2
72 2
12 2
72 2
14 2
72 6
12 2
72 6
14 2
72 6
12 2
72 2
12 2
72 2
14 2
72 6
12 2
72 6
14 2
72 4
12 2
12 2
72 2
12 2
72 2
14 2
72 6
12 2
72 6
14 2
72 6
12 2
72 2
12 2
72 2
14 2
72 6
12 2
72 6
14 2
72 4
12 2
12 2
72 2
12 2
72 2
14 2
72 6
12 2
72 6
14 2
72 6
12 2
72 2
12 2
72 2
14 2
72 6
12 2
72 6
14 2
72 4
12 2
12 2
72 2
12 2
72 2
14 2
72 6
12 2
72 6
14 2
72 6
12 2
72 2
12 2
72 2
14 2
72 6
12 2
72 6
14 2
72 4
12 2
12 2
72 2
12 2
72 2
14 2
72 6
12 2
72 6
14 2
72 6
12 2
72 2
12 2
72 2
14 2
72 6
12 2
72 6
14 2
72 4
12 2
12 2
72 2
12 2
72 2
14 2
72 6
12 2
72 6
14 2
72 6
12 2
72 2
12 2
72 2
14 2
72 6
12 2
72 6
14 2
72 4
12 2
12 2
72 2
12 2
72 2
14 2
72 6
12 2
72 6
14 2
72 6
12 2
72 2
12 2
72 2
14 2
72 6
12 2
72 6
14 2
72 4
12 2
12 2
72 2
12 2
72 2
14 2
72 6
12 2
72 6
14 2
72 6
12 2
72 2
12 2
72 2
14 2
72 6
12 2
72 6
14 2
72 4
12 2
12 2
72 2
12 2
72 2
14 2
72 6
12 2
72 6
14 2
72 6
12 2
72 2
12 2
72 2
14 2
72 6
12 2
72 6
14 2
72 4
12 2
12 2
72 2
12 2
72 2
14 2
72 6
12 2
72 6
14 2
72 6
12 2
72 2
12 2
72 2
14 2
72 6
12 2
72 6
14 2
72 4
12 2
12 2
72 2
12 2
72 2
14 2
72 6
12 2
72 6
14 2
72 6
12 2
72 2
12 2
72 2
14 2
72 6
12 2
72 6
14 2
72 4
12 2
12 2
72 2
12 2
72 2
14 2
E
X
