major
S
L
72 14
127 2
153 2
218 2
192 2
166 2
153 2
166 4
127 4
218 4
153 4
101 4
192 4
127 7
101 4
127 2
153 2
218 2
192 2
166 2
153 2
166 4
127 4
218 4
192 4
127 4
192 4
218 7
218 4
127 2
153 2
218 2
192 2
166 2
153 2
166 4
127 4
218 4
153 4
101 4
192 4
127 7
101 4
231 4
166 4
231 4
101 4
127 4
166 4
140 4
231 4
140 4
166 4
192 4
218 4
127 2
153 2
218 2
192 2
166 2
153 2
166 4
127 4
218 4
153 4
101 4
192 4
127 7
101 4
127 2
153 2
218 2
192 2
166 2
153 2
166 4
127 4
218 4
192 4
127 4
192 4
218 7
218 4
127 2
153 2
218 2
192 2
166 2
153 2
166 4
127 4
218 4
153 4
101 4
192 4
127 7
101 4
34 4
29 4
34 4
36 4
38 4
41 4
39 4
34 4
39 4
41 4
43 4
45 4
415 2
72 14
211 12
72 12
115 12
72 12
38 9
26 2
33 2
38 9
72 4
40 2
72 2
36 2
72 2
31 7
33 4
26 6
21 2
33 2
36 2
38 9
72 4
36 2
72 2
38 2
72 2
39 7
41 2
39 2
38 9
45 9
72 4
48 2
72 2
43 2
72 2
40 7
43 4
41 2
72 2
45 11
43 9
46 7
45 4
72 14
51 4
53 4
55 7
51 4
48 9
51 9
26 13
72 14
32 4
72 2
32 4
72 2
36 4
32 4
36 4
32 4
72 2
32 4
72 2
36 4
41 4
39 4
127 2
153 2
218 2
192 2
166 2
153 2
166 4
127 4
218 4
153 4
101 4
192 4
127 7
101 4
127 2
153 2
218 2
192 2
166 2
153 2
166 4
127 4
218 4
192 4
127 4
192 4
218 7
218 4
127 2
153 2
218 2
192 2
166 2
153 2
166 4
127 4
218 4
153 4
101 4
192 4
127 7
101 4
231 4
166 4
231 4
101 4
127 4
166 4
140 4
231 4
140 4
166 4
192 4
218 4
127 2
153 2
218 2
192 2
166 2
153 2
166 4
127 4
218 4
153 4
101 4
192 4
127 7
101 4
127 2
153 2
218 2
192 2
166 2
153 2
166 4
127 4
218 4
192 4
127 4
192 4
218 7
218 4
127 2
153 2
218 2
192 2
166 2
153 2
166 4
127 4
218 4
153 4
101 4
192 4
127 7
101 4
34 4
29 4
34 4
36 4
38 4
41 4
39 4
34 4
39 4
41 4
43 4
45 4
415 2
72 14
211 12
72 12
115 12
72 12
38 9
26 2
33 2
38 9
72 4
40 2
72 2
36 2
72 2
31 7
33 4
26 6
21 2
33 2
36 2
38 9
72 4
36 2
72 2
38 2
72 2
39 7
41 2
39 2
38 9
45 9
72 4
48 2
72 2
43 2
72 2
40 7
43 4
41 2
72 2
45 11
43 9
46 7
45 4
72 14
51 4
53 4
55 7
51 4
48 9
51 9
26 13
72 14
32 4
72 2
32 4
72 2
36 4
32 4
36 4
32 4
72 2
32 4
72 2
36 4
41 4
39 4
127 2
153 2
218 2
192 2
166 2
153 2
166 4
127 4
218 4
153 4
101 4
192 4
127 7
101 4
127 2
153 2
218 2
192 2
166 2
153 2
166 4
127 4
218 4
192 4
127 4
192 4
218 7
218 4
127 2
153 2
218 2
192 2
166 2
153 2
166 4
127 4
218 4
153 4
101 4
192 4
127 7
101 4
231 4
166 4
231 4
101 4
127 4
166 4
140 4
231 4
140 4
166 4
192 4
218 4
127 2
153 2
218 2
192 2
166 2
153 2
166 4
127 4
218 4
153 4
101 4
192 4
127 7
101 4
127 2
153 2
218 2
192 2
166 2
153 2
166 4
127 4
218 4
192 4
127 4
192 4
218 7
218 4
127 2
153 2
218 2
192 2
166 2
153 2
166 4
127 4
218 4
153 4
101 4
192 4
127 7
101 4
34 4
29 4
34 4
36 4
38 4
41 4
39 4
34 4
39 4
41 4
43 4
45 4
E
S
L
72 13
14 3
72 1
17 2
16 2
72 2
19 2
17 2
72 2
16 3
72 1
12 3
72 1
14 3
72 1
17 2
16 2
72 2
19 2
17 2
72 2
16 3
72 1
12 3
72 1
14 3
72 1
17 2
16 2
72 2
19 2
17 2
72 2
16 3
72 1
12 3
72 1
14 3
72 1
17 2
16 2
72 2
19 2
17 2
72 2
19 2
20 2
21 4
14 3
72 1
17 2
16 2
72 2
19 2
17 2
72 2
16 3
72 1
12 3
72 1
14 3
72 1
17 2
16 2
72 2
19 2
17 2
72 2
16 3
72 1
12 3
72 1
14 3
72 1
17 2
16 2
72 2
19 2
17 2
72 2
16 3
72 1
12 3
72 1
14 3
72 1
17 2
16 2
72 2
19 2
17 2
19 2
21 2
22 2
24 4
14 2
14 2
72 2
14 2
72 2
9 2
14 2
72 2
9 4
72 2
14 2
12 2
12 2
72 2
12 4
12 2
14 7
9 4
14 2
14 2
72 2
14 2
72 2
9 2
14 2
72 2
9 4
72 2
14 2
15 2
15 2
72 2
15 4
10 2
9 2
7 2
5 2
7 2
8 2
9 2
14 2
14 2
72 2
14 2
72 2
9 2
14 2
72 2
9 4
72 2
14 2
12 2
12 2
72 2
12 4
12 2
14 4
9 4
14 4
10 2
10 2
72 2
10 2
72 2
10 2
5 4
10 4
14 4
15 2
15 2
72 2
15 2
72 2
10 2
10 2
72 2
10 4
15 4
14 2
14 2
72 2
14 2
72 2
9 2
14 2
72 2
9 4
72 2
14 2
12 2
12 2
72 2
12 4
12 2
14 7
9 4
14 2
14 2
72 2
14 2
72 2
9 2
14 2
72 2
9 4
72 2
14 2
15 2
15 2
72 2
15 4
10 2
9 2
7 2
5 2
7 2
8 2
9 2
14 2
14 2
72 2
14 2
72 2
9 2
14 2
72 2
9 4
72 2
14 2
12 2
12 2
72 2
12 4
12 2
14 4
9 4
14 4
10 2
10 2
72 2
10 2
72 2
10 2
5 4
10 4
14 4
15 2
15 2
72 2
15 2
72 2
10 2
10 2
72 2
10 4
15 4
14 3
72 1
17 2
16 2
72 2
19 2
17 2
72 2
16 3
72 1
12 3
72 1
14 3
72 1
17 2
16 2
72 2
19 2
17 2
72 2
16 3
72 1
12 3
72 1
14 3
72 1
17 2
16 2
72 2
19 2
17 2
72 2
16 3
72 1
12 3
72 1
14 3
72 1
17 2
16 2
72 2
19 2
17 4
19 2
20 2
21 4
14 3
72 1
17 2
16 2
72 2
19 2
17 2
72 2
16 3
72 1
12 3
72 1
14 3
72 1
17 2
16 2
72 2
19 2
17 2
72 2
16 3
72 1
12 3
72 1
14 3
72 1
17 2
16 2
72 2
19 2
17 2
72 2
16 3
72 1
12 3
72 1
14 3
72 1
17 2
16 2
72 2
19 2
17 2
19 2
21 2
22 2
24 4
14 2
14 2
72 2
14 2
72 2
14 2
9 2
72 2
9 2
72 4
14 2
12 2
12 2
72 2
12 2
72 2
12 2
9 4
7 4
9 2
72 2
14 2
14 2
72 2
14 2
72 2
14 2
9 2
72 2
9 2
72 4
14 2
15 2
15 2
72 2
15 2
72 2
10 2
9 2
7 2
10 2
9 2
10 2
12 2
14 2
14 2
72 2
14 2
72 2
14 2
9 2
72 2
9 2
72 4
14 2
12 2
12 2
72 2
12 2
72 2
12 2
14 4
9 4
14 4
10 2
10 2
72 2
10 2
72 2
5 2
5 2
72 2
5 2
72 2
10 4
3 2
3 2
72 2
3 2
72 2
3 2
10 2
72 2
10 2
72 2
9 2
72 2
14 4
72 2
14 4
72 2
14 4
72 7
14 4
72 2
14 4
72 2
14 4
72 4
21 4
14 4
72 2
14 4
72 2
14 4
72 7
14 4
72 2
14 4
72 2
14 4
21 4
24 4
14 4
72 2
14 4
72 2
14 4
72 7
14 4
72 2
14 4
72 2
14 4
14 4
21 4
15 4
72 2
15 4
72 2
15 4
72 4
14 4
15 4
72 2
15 2
14 2
13 2
12 2
11 2
10 2
9 2
8 2
7 2
14 4
72 2
14 4
72 2
17 4
14 4
17 4
14 4
72 2
14 4
72 2
17 4
14 2
19 2
20 2
21 2
14 4
72 2
14 4
72 2
17 4
14 4
17 4
14 4
72 2
14 4
72 2
17 4
14 2
19 2
20 2
21 2
17 4
72 2
17 4
72 2
20 4
17 4
24 4
17 4
72 2
17 4
72 2
20 4
17 2
22 2
23 2
24 2
17 4
72 2
17 4
72 2
20 4
17 4
24 4
17 4
72 2
17 4
72 2
20 4
17 2
20 2
19 2
17 2
14 2
14 2
72 2
14 2
72 2
9 2
14 2
72 2
9 4
72 2
14 2
12 2
12 2
72 2
12 4
12 2
14 7
9 4
14 2
14 2
72 2
14 2
72 2
9 2
14 2
72 2
9 4
72 2
14 2
15 2
15 2
72 2
15 4
10 2
9 2
7 2
5 2
7 2
8 2
9 2
14 2
14 2
72 2
14 2
72 2
9 2
14 2
72 2
9 4
72 2
14 2
12 2
12 2
72 2
12 4
12 2
14 4
9 4
14 4
10 2
10 2
72 2
10 2
72 2
10 2
5 4
10 4
14 4
15 2
15 2
72 2
15 2
72 2
10 2
10 2
72 2
10 4
15 4
14 2
14 2
72 2
14 2
72 2
9 2
14 2
72 2
9 4
72 2
14 2
12 2
12 2
72 2
12 4
12 2
14 7
9 4
14 2
14 2
72 2
14 2
72 2
9 2
14 2
72 2
9 4
72 2
14 2
15 2
15 2
72 2
15 4
10 2
9 2
7 2
5 2
7 2
8 2
9 2
14 2
14 2
72 2
14 2
72 2
9 2
14 2
72 2
9 4
72 2
14 2
12 2
12 2
72 2
12 4
12 2
14 4
9 4
14 4
10 2
10 2
72 2
10 2
72 2
10 2
5 4
10 4
14 4
15 2
15 2
72 2
15 2
72 2
10 2
10 2
72 2
10 4
15 4
14 3
72 1
17 2
16 2
72 2
19 2
17 2
72 2
16 3
72 1
12 3
72 1
14 3
72 1
17 2
16 2
72 2
19 2
17 2
72 2
16 3
72 1
12 3
72 1
14 3
72 1
17 2
16 2
72 2
19 2
17 2
72 2
16 3
72 1
12 3
72 1
14 3
72 1
17 2
16 2
72 2
19 2
17 4
19 2
20 2
21 4
14 3
72 1
17 2
16 2
72 2
19 2
17 2
72 2
16 3
72 1
12 3
72 1
14 3
72 1
17 2
16 2
72 2
19 2
17 2
72 2
16 3
72 1
12 3
72 1
14 3
72 1
17 2
16 2
72 2
19 2
17 2
72 2
16 3
72 1
12 3
72 1
14 3
72 1
17 2
16 2
72 2
19 2
17 2
19 2
21 2
22 2
24 4
14 2
14 2
72 2
14 2
72 2
14 2
9 2
72 2
9 2
72 4
14 2
12 2
12 2
72 2
12 2
72 2
12 2
9 4
7 4
9 2
72 2
14 2
14 2
72 2
14 2
72 2
14 2
9 2
72 2
9 2
72 4
14 2
15 2
15 2
72 2
15 2
72 2
10 2
9 2
7 2
10 2
9 2
10 2
12 2
14 2
14 2
72 2
14 2
72 2
14 2
9 2
72 2
9 2
72 4
14 2
12 2
12 2
72 2
12 2
72 2
12 2
14 4
9 4
14 4
10 2
10 2
72 2
10 2
72 2
5 2
5 2
72 2
5 2
72 2
10 4
3 2
3 2
72 2
3 2
72 2
3 2
10 2
72 2
10 2
72 2
9 2
72 2
14 4
72 2
14 4
72 2
14 4
72 7
14 4
72 2
14 4
72 2
14 4
72 4
21 4
14 4
72 2
14 4
72 2
14 4
72 7
14 4
72 2
14 4
72 2
14 4
21 4
24 4
14 4
72 2
14 4
72 2
14 4
72 7
14 4
72 2
14 4
72 2
14 4
14 4
21 4
15 4
72 2
15 4
72 2
15 4
72 4
14 4
15 4
72 2
15 2
14 2
13 2
12 2
11 2
10 2
9 2
8 2
7 2
14 4
72 2
14 4
72 2
17 4
14 4
17 4
14 4
72 2
14 4
72 2
17 4
14 2
19 2
20 2
21 2
14 4
72 2
14 4
72 2
17 4
14 4
17 4
14 4
72 2
14 4
72 2
17 4
14 2
19 2
20 2
21 2
17 4
72 2
17 4
72 2
20 4
17 4
24 4
17 4
72 2
17 4
72 2
20 4
17 2
22 2
23 2
24 2
17 4
72 2
17 4
72 2
20 4
17 4
24 4
17 4
72 2
17 4
72 2
20 4
17 2
20 2
19 2
17 2
14 2
14 2
72 2
14 2
72 2
9 2
14 2
72 2
9 4
72 2
14 2
12 2
12 2
72 2
12 4
12 2
14 7
9 4
14 2
14 2
72 2
14 2
72 2
9 2
14 2
72 2
9 4
72 2
14 2
15 2
15 2
72 2
15 4
10 2
9 2
7 2
5 2
7 2
8 2
9 2
14 2
14 2
72 2
14 2
72 2
9 2
14 2
72 2
9 4
72 2
14 2
12 2
12 2
72 2
12 4
12 2
14 4
9 4
14 4
10 2
10 2
72 2
10 2
72 2
10 2
5 4
10 4
14 4
15 2
15 2
72 2
15 2
72 2
10 2
10 2
72 2
10 4
15 4
14 2
14 2
72 2
14 2
72 2
9 2
14 2
72 2
9 4
72 2
14 2
12 2
12 2
72 2
12 4
12 2
14 7
9 4
14 2
14 2
72 2
14 2
72 2
9 2
14 2
72 2
9 4
72 2
14 2
15 2
15 2
72 2
15 4
10 2
9 2
7 2
5 2
7 2
8 2
9 2
14 2
14 2
72 2
14 2
72 2
9 2
14 2
72 2
9 4
72 2
14 2
12 2
12 2
72 2
12 4
12 2
14 4
9 4
14 4
10 2
10 2
72 2
10 2
72 2
10 2
5 4
10 4
14 4
15 2
15 2
72 2
15 2
72 2
10 2
10 2
72 2
10 4
15 4
E
S
H
72 14
101 9
72 14
60 12
101 12
72 14
101 11
72 14
101 11
72 14
101 12
72 14
101 11
72 14
101 11
72 14
101 11
72 14
101 11
72 14
101 12
72 14
101 11
72 14
101 11
72 14
101 11
E
S
H
72 14
38 9
26 2
33 2
38 9
72 4
40 2
72 2
36 2
72 2
31 7
33 4
26 6
26 2
33 2
72 0
36 2
38 9
72 4
36 2
72 2
38 2
72 2
39 7
41 2
39 2
38 9
45 9
72 4
48 2
72 2
43 2
72 2
40 7
43 4
41 2
72 2
45 11
43 9
46 7
45 4
45 9
38 7
45 4
50 12
72 4
48 4
50 4
52 7
48 4
43 11
72 2
47 4
45 9
41 7
45 4
53 12
72 4
51 4
53 4
55 7
51 4
48 9
51 9
26 13
72 14
32 4
72 2
32 4
72 2
36 4
32 4
36 4
32 4
72 2
32 4
72 2
36 4
41 4
39 4
72 14
38 9
26 2
33 2
38 9
72 4
40 2
72 2
36 2
72 2
31 7
33 4
26 6
26 2
33 2
72 0
36 2
38 9
72 4
36 2
72 2
38 2
72 2
39 7
41 2
39 2
38 9
45 9
72 4
48 2
72 2
43 2
72 2
40 7
43 4
41 2
72 2
45 11
43 9
46 7
45 4
45 9
38 7
45 4
50 12
72 4
48 4
50 4
52 7
48 4
43 11
72 2
47 4
45 9
41 7
45 4
53 12
72 4
51 4
53 4
55 7
51 4
48 9
51 9
26 13
72 14
32 4
72 2
32 4
72 2
36 4
32 4
36 4
32 4
72 2
32 4
72 2
36 4
41 4
39 4
72 14
E
S
H
72 14
127 7
127 2
218 2
127 9
72 4
153 2
72 2
101 2
72 2
192 7
218 4
231 2
72 2
166 11
72 4
140 2
166 2
192 2
140 2
166 2
192 2
140 2
166 2
140 2
127 2
72 14
127 7
127 2
218 2
127 9
72 4
153 2
72 2
101 2
72 2
192 7
218 4
231 2
72 2
166 11
72 4
140 2
166 2
192 2
140 2
166 2
192 2
140 2
166 2
140 2
127 2
72 14
E
X
