major
S
H
72 14
226 8
72 1
163 4
106 4
147 4
147 4
130 4
188 14
72 8
46 8
72 1
41 4
48 4
51 4
51 4
50 4
53 14
72 2
53 8
72 1
50 4
53 4
58 4
58 4
53 4
55 14
72 2
58 14
53 4
48 4
51 9
50 4
50 7
46 6
72 2
51 9
50 4
50 7
46 7
43 13
45 12
72 14
231 4
166 4
192 4
140 4
166 4
231 4
127 4
166 4
231 4
166 4
192 4
140 4
166 4
231 4
127 4
166 4
72 14
46 8
72 1
41 4
48 4
51 4
50 13
72 2
58 4
53 2
57 2
58 4
53 2
57 2
58 10
72 2
46 8
72 1
41 4
48 4
51 4
51 4
50 4
43 14
72 14
53 9
48 4
51 4
50 4
46 13
72 2
41 9
36 4
39 4
38 4
34 13
E
S
L
72 14
226 8
72 1
163 4
106 4
139 4
139 4
130 4
188 14
72 8
34 8
72 1
29 4
36 4
39 4
39 4
38 4
41 14
72 2
34 8
72 1
29 4
36 4
39 4
39 4
38 4
39 14
72 14
22 13
72 2
26 6
72 2
27 6
72 2
26 6
72 2
22 6
72 2
22 13
72 2
17 13
72 13
231 14
72 14
29 9
24 4
27 4
26 4
22 13
E
S
H
72 14
46 9
41 4
48 4
51 4
50 14
72 11
46 9
41 4
48 4
51 4
51 4
50 4
43 13
72 11
46 9
41 4
48 4
51 4
51 4
50 4
53 14
72 2
46 9
41 4
48 4
51 4
51 4
50 4
51 14
72 14
41 4
36 4
39 9
38 4
38 7
34 6
72 2
39 9
38 4
38 7
34 7
41 14
72 14
46 8
72 1
41 4
48 4
51 4
51 4
50 4
43 14
72 14
46 8
72 1
41 4
48 4
51 4
51 4
50 4
51 14
72 14
53 4
48 4
51 9
50 4
50 7
46 6
72 2
51 9
50 4
50 7
46 7
53 14
72 14
46 8
72 1
41 4
48 4
51 4
50 13
72 13
43 2
46 2
46 8
72 1
46 2
51 2
51 8
72 1
51 2
55 2
55 7
51 6
72 2
53 9
48 4
51 4
50 4
46 14
72 13
53 9
48 4
51 4
50 4
46 14
53 9
48 4
51 4
50 4
E
S
L
72 14
224 14
72 14
231 13
72 14
224 13
72 14
13 13
72 11
11 13
72 14
231 13
72 14
231 13
72 14
192 8
72 1
140 4
192 4
231 4
231 4
192 4
140 13
72 14
19 13
17 13
72 2
10 13
72 2
14 6
72 2
15 6
72 2
14 6
72 2
10 6
72 2
10 13
72 2
5 13
72 13
231 14
72 13
231 14
E
S
L
72 14
14 4
14 4
72 4
14 2
14 2
14 4
72 7
14 2
14 2
14 4
14 4
72 4
14 2
14 2
14 4
72 7
14 2
14 2
14 4
14 4
72 4
14 2
14 2
14 4
72 7
14 2
14 2
14 4
14 4
72 4
14 2
14 2
14 4
72 7
14 4
14 4
14 4
72 4
14 2
14 2
14 4
72 7
14 2
14 2
14 4
14 4
72 4
14 2
14 2
14 4
72 7
14 4
14 4
72 12
14 2
14 2
14 2
14 2
14 2
14 4
72 4
14 2
14 2
14 4
72 7
14 2
14 2
14 2
14 2
14 2
14 4
72 4
14 2
14 2
14 10
72 2
14 2
14 2
14 2
14 4
72 4
14 2
14 2
14 4
72 7
14 2
14 2
14 2
14 2
14 2
14 4
72 4
14 2
14 2
14 4
72 7
14 2
14 2
14 2
14 2
14 2
14 4
72 4
14 2
14 2
14 4
72 7
14 2
14 2
14 2
14 2
14 2
14 4
72 4
14 2
14 2
14 4
72 7
14 2
14 2
14 2
14 2
14 2
14 4
72 4
14 2
14 2
14 4
72 7
14 2
14 2
14 2
14 2
14 2
14 4
72 4
14 2
14 2
14 10
72 2
14 2
14 2
14 2
14 4
72 4
14 2
14 2
14 4
72 7
14 2
14 2
14 2
14 2
14 2
14 4
72 4
14 2
14 2
14 4
72 7
14 2
14 2
14 2
14 2
14 2
14 4
72 4
14 2
14 2
14 4
72 7
14 2
14 2
14 4
72 14
33 13
72 14
14 4
72 4
14 4
14 2
14 2
14 2
14 2
14 4
14 6
72 2
14 4
72 4
14 4
14 2
14 2
14 2
14 2
14 4
14 4
E
S
L
72 14
231 14
72 13
231 14
72 2
231 13
72 2
231 14
72 2
140 14
55 2
57 2
58 4
55 2
57 2
58 4
55 4
63 13
72 14
231 13
72 14
140 13
72 14
114 13
72 14
244 13
140 13
72 14
231 14
72 14
58 4
53 2
57 2
58 4
53 2
57 2
58 10
72 14
231 14
E
S
H
72 14
192 2
218 2
231 4
192 2
218 2
231 4
192 4
140 13
72 14
140 10
72 2
127 10
72 2
31 13
72 14
34 7
58 4
72 14
58 4
51 4
46 4
39 4
34 13
72 14
53 6
72 2
34 6
72 2
58 4
72 14
231 4
166 2
218 2
231 4
166 2
218 2
231 10
72 14
164 10
72 2
166 10
72 2
231 10
72 2
166 10
72 2
166 13
72 14
166 10
72 2
166 10
72 2
166 13
72 13
22 14
72 2
22 14
E
S
H
70 14
72 2
58 14
72 13
46 8
72 1
41 4
48 4
51 4
50 14
72 11
46 9
41 4
48 4
51 4
51 4
50 4
43 13
72 11
46 9
41 4
48 4
51 4
51 4
50 4
53 13
72 11
46 9
41 4
48 4
51 4
51 4
50 4
51 14
72 14
46 14
72 2
43 13
72 2
45 12
72 2
53 4
48 4
51 9
50 4
50 7
46 6
72 2
51 9
50 4
50 7
46 6
72 2
53 14
72 14
58 2
53 2
48 2
41 2
46 2
53 2
58 2
53 2
48 2
41 2
46 2
53 2
58 2
53 2
48 2
41 2
46 2
53 2
58 2
53 2
48 2
41 2
46 2
53 2
58 2
53 2
48 2
41 2
46 2
53 2
58 2
53 2
48 2
41 2
46 2
53 2
58 2
53 2
48 2
41 2
46 2
53 2
58 2
53 2
48 2
41 2
46 2
53 2
58 2
53 2
48 2
41 2
46 2
53 2
58 2
53 2
48 2
41 2
46 2
53 2
58 2
53 2
48 2
41 2
46 2
53 2
58 2
53 2
48 2
41 2
46 2
53 2
46 2
45 2
43 2
41 2
38 2
39 2
41 2
43 2
45 2
46 2
48 2
50 2
51 2
50 2
48 2
46 2
45 2
43 2
45 2
46 2
48 2
50 2
51 2
53 2
55 13
72 2
192 2
178 2
192 2
72 2
192 2
179 2
192 2
72 14
46 2
45 2
43 2
41 2
38 2
39 2
41 2
43 2
45 2
46 2
48 2
50 2
51 2
50 2
48 2
46 2
45 2
43 2
41 2
43 2
45 2
46 2
48 2
50 2
51 13
72 2
63 2
62 2
63 2
72 2
63 2
62 2
63 2
72 8
63 2
62 2
63 2
72 2
224 14
72 2
46 14
72 2
188 13
72 2
214 12
72 2
53 4
48 4
51 9
50 4
50 7
46 6
72 2
51 9
50 4
50 7
46 6
72 2
53 14
72 2
58 4
53 4
55 4
51 4
53 4
46 4
50 4
41 4
58 4
53 4
55 4
51 4
53 4
46 4
50 4
41 4
58 4
53 4
55 4
51 4
53 4
46 4
50 4
41 4
58 4
53 4
55 4
51 4
53 4
46 4
50 4
41 2
43 2
45 2
46 8
72 1
41 0
72 1
43 0
72 0
45 0
46 0
72 2
48 0
50 0
72 2
51 0
72 0
53 0
72 1
55 0
72 1
57 0
72 0
58 0
60 0
72 2
62 14
72 2
46 8
72 1
41 0
72 1
43 0
72 0
45 0
46 0
72 2
48 0
50 0
72 2
51 0
72 0
50 0
72 1
51 0
72 1
53 0
72 0
55 0
57 0
72 2
58 0
60 0
72 2
62 0
72 0
63 0
72 1
60 0
72 1
62 0
72 0
63 0
65 0
72 2
67 14
72 2
166 14
E
S
H
147 14
72 2
50 7
72 7
53 11
50 7
72 7
53 11
50 7
72 7
53 10
72 2
50 7
72 7
53 11
50 7
72 7
53 10
72 13
34 8
72 1
36 4
41 4
43 4
46 14
72 11
34 9
36 4
41 4
46 4
46 4
41 4
39 13
72 11
34 9
36 4
41 4
41 4
43 4
41 4
46 13
72 11
34 9
36 4
41 4
41 4
43 4
41 4
39 14
72 14
39 11
38 10
72 2
51 11
50 10
72 2
39 13
72 2
41 12
72 2
41 4
36 4
34 10
72 2
38 10
72 2
39 10
72 2
41 7
43 6
72 2
41 14
72 14
58 2
53 2
48 2
41 2
46 2
53 2
58 2
53 2
48 2
41 2
46 2
53 2
58 2
53 2
48 2
41 2
46 2
53 2
58 2
53 2
48 2
41 2
46 2
53 2
58 2
53 2
48 2
41 2
46 2
53 2
58 2
53 2
48 2
41 2
46 2
53 2
58 2
53 2
48 2
41 2
46 2
53 2
58 2
53 2
48 2
41 2
46 2
53 2
58 2
53 2
48 2
41 2
46 2
53 2
58 2
53 2
48 2
41 2
46 2
53 2
58 2
53 2
48 2
41 2
46 2
53 2
58 2
53 2
48 2
41 2
46 2
53 2
46 2
45 2
43 2
41 2
38 2
39 2
41 2
43 2
45 2
46 2
48 2
50 2
51 2
50 2
48 2
46 2
45 2
43 2
45 2
46 2
48 2
50 2
51 2
53 2
55 14
72 2
46 8
72 1
41 4
48 4
51 4
51 4
50 4
53 14
72 2
46 2
45 2
43 2
41 2
38 2
39 2
41 2
43 2
45 2
46 2
48 2
50 2
51 2
50 2
48 2
46 2
45 2
43 2
41 2
43 2
45 2
46 2
48 2
50 2
51 13
72 2
63 2
62 2
63 2
72 2
63 2
62 2
63 2
72 8
63 2
62 2
63 2
72 2
58 14
72 2
39 11
38 10
72 2
39 11
38 10
72 2
228 13
72 2
110 12
72 2
41 4
36 4
39 8
72 1
38 4
38 6
72 2
34 6
72 2
39 8
72 1
38 4
38 6
72 2
34 6
72 2
41 14
72 2
46 4
41 4
43 4
39 4
41 4
34 4
38 4
41 4
46 4
41 4
43 4
39 4
41 4
34 4
38 4
41 4
46 4
41 4
43 4
39 4
41 4
34 4
38 4
41 4
46 4
41 4
43 4
39 4
41 4
34 4
38 4
41 2
43 2
45 2
46 8
72 1
41 0
72 1
43 0
72 0
45 0
46 0
72 2
48 0
50 0
72 2
51 0
72 0
53 0
72 1
55 0
72 1
57 0
72 0
58 0
60 0
72 2
62 14
72 2
46 8
72 1
41 0
72 1
43 0
72 0
45 0
46 0
72 2
48 0
50 0
72 2
51 0
72 0
50 0
72 1
51 0
72 1
53 0
72 0
55 0
57 0
72 2
58 0
60 0
72 2
62 0
72 0
63 0
72 1
60 0
72 1
62 0
72 0
63 0
65 0
72 2
67 14
72 2
166 14
E
S
L
72 14
48 7
72 7
50 11
48 7
72 7
50 11
48 7
72 7
50 10
72 2
48 7
72 7
50 11
48 7
72 7
50 10
72 13
46 8
72 1
41 4
48 4
51 4
50 14
72 11
46 9
41 4
48 4
51 4
51 4
50 4
43 13
72 11
46 9
41 4
48 4
51 4
51 4
50 4
53 13
72 11
46 9
41 4
48 4
51 4
51 4
50 4
51 14
72 14
39 11
38 10
72 2
31 13
27 10
72 2
214 12
72 2
41 4
36 4
39 9
38 4
38 7
34 6
72 2
39 9
38 4
38 7
34 6
72 2
41 14
72 14
27 2
27 2
27 2
27 4
27 4
27 4
27 4
27 4
27 4
27 4
27 2
27 2
27 2
27 4
27 4
27 4
27 4
27 4
27 4
27 4
34 8
72 1
29 4
36 4
39 4
39 4
38 4
41 14
72 2
34 8
72 1
29 4
36 4
39 4
39 4
38 4
39 13
72 2
53 2
51 2
53 2
72 2
53 2
51 2
53 2
72 8
53 2
51 2
53 2
72 2
51 14
72 2
34 14
72 2
188 13
72 2
214 13
72 2
34 14
72 2
188 13
72 2
33 10
72 2
34 7
33 6
72 2
46 4
41 4
43 4
39 4
41 4
34 4
38 4
29 4
46 4
41 4
43 4
39 4
41 4
34 4
38 4
29 4
46 4
41 4
43 4
39 4
41 4
34 4
38 4
29 4
46 4
41 4
43 4
39 4
41 4
34 4
38 4
29 2
31 2
33 2
34 8
72 1
29 0
72 1
31 0
72 0
33 0
34 0
72 2
36 0
38 0
72 2
39 0
72 0
41 0
72 1
43 0
72 1
45 0
72 0
46 0
48 0
72 2
50 14
72 2
34 8
72 1
29 0
72 1
31 0
72 0
33 0
34 0
72 2
36 0
38 0
72 2
39 0
72 0
38 0
72 1
39 0
72 1
41 0
72 0
43 0
45 0
72 2
46 0
48 0
72 2
50 0
72 0
51 0
72 1
48 0
72 1
50 0
72 0
51 0
53 0
72 2
55 14
72 2
53 14
E
S
L
22 14
72 2
15 14
72 13
34 8
72 1
36 4
41 4
43 4
46 14
72 11
34 9
36 4
41 4
46 4
46 4
41 4
36 13
72 11
34 9
36 4
41 4
41 4
43 4
41 4
46 13
72 11
34 9
36 4
41 4
41 4
43 4
41 4
39 14
72 14
41 4
36 4
39 9
38 4
38 7
34 6
72 2
39 9
38 4
38 7
34 6
72 2
31 10
72 2
224 10
72 2
106 12
72 2
29 4
24 4
22 10
72 2
26 10
72 2
27 10
72 2
29 7
31 6
72 2
29 14
72 2
22 2
22 2
22 2
22 4
22 4
22 4
22 4
22 4
22 4
22 4
22 2
22 2
22 2
22 4
22 4
22 4
22 4
22 4
22 4
22 4
22 2
22 2
22 2
22 4
22 4
22 4
22 4
22 4
22 4
22 4
22 2
22 2
22 2
22 4
22 4
22 4
22 4
22 4
22 4
22 4
22 4
72 12
22 2
22 2
22 2
22 4
22 4
22 4
22 4
22 4
22 4
22 4
22 2
22 2
22 2
22 4
22 4
22 4
22 4
22 4
22 4
22 4
22 2
22 2
22 2
22 4
22 4
22 4
22 4
22 4
22 4
22 4
15 2
15 2
15 2
15 4
15 4
15 4
15 4
15 4
15 4
15 4
15 2
15 2
15 2
15 4
15 4
15 4
15 4
15 4
15 4
15 4
22 2
22 2
22 2
22 4
22 4
22 4
22 4
22 4
22 4
22 4
22 2
22 2
22 2
22 4
22 4
22 4
22 4
22 4
22 4
22 4
22 2
22 2
22 2
22 4
22 4
22 4
22 4
22 4
22 4
22 4
22 2
22 2
22 2
22 4
22 4
22 4
22 4
22 4
22 4
22 4
15 14
72 14
27 11
26 10
72 2
27 11
26 10
72 2
223 13
72 2
106 13
72 2
27 11
26 10
72 2
27 11
26 10
72 2
228 13
72 2
106 13
72 2
34 4
29 4
31 4
27 4
29 4
22 4
26 4
17 4
34 4
29 4
31 4
27 4
29 4
22 4
26 4
17 4
34 4
29 4
31 4
27 4
29 4
22 4
26 4
17 4
34 4
29 4
31 4
27 4
29 4
22 4
26 4
17 2
19 2
21 2
22 8
72 1
17 0
72 1
19 0
72 0
21 0
22 0
72 2
24 0
26 0
72 2
27 0
72 0
29 0
72 1
31 0
72 1
33 0
72 0
34 0
36 0
72 2
38 14
72 2
29 8
72 1
26 4
29 4
34 4
34 4
29 4
27 14
72 14
22 14
E
S
L
22 14
72 2
15 14
72 14
140 10
72 2
166 12
72 14
29 14
72 2
22 0
72 2
22 0
72 0
22 0
72 1
22 2
72 2
22 2
72 2
22 2
72 2
22 2
72 2
22 2
72 2
22 2
72 2
22 2
72 2
22 0
72 2
22 0
72 0
22 0
72 1
22 2
72 2
22 2
72 2
22 2
72 2
22 2
72 2
22 2
72 2
22 2
72 2
22 2
72 2
22 0
72 2
22 0
72 0
22 0
72 1
22 2
72 2
22 2
72 2
22 2
72 2
22 2
72 2
22 2
72 2
22 2
72 2
22 2
72 2
22 0
72 2
22 0
72 0
22 0
72 1
22 2
72 2
22 2
72 2
22 2
72 2
22 2
72 2
22 2
72 2
22 2
72 2
22 2
72 2
22 2
72 13
22 0
72 2
22 0
72 0
22 0
72 1
22 2
72 2
22 2
72 2
22 2
72 2
22 2
72 2
22 2
72 2
22 2
72 2
22 2
72 2
22 0
72 2
22 0
72 0
22 0
72 1
22 2
72 2
22 2
72 2
22 2
72 2
22 2
72 2
22 2
72 2
22 2
72 2
22 2
72 2
22 0
72 2
22 0
72 0
22 0
72 1
22 2
72 2
22 2
72 2
22 2
72 2
22 2
72 2
22 2
72 2
22 2
72 2
22 2
72 2
27 2
27 2
27 2
27 4
27 4
27 4
27 4
27 4
27 4
27 4
27 2
27 2
27 2
27 4
27 4
27 4
27 4
27 4
27 4
27 4
22 2
22 2
22 2
22 4
22 4
22 4
22 4
22 4
22 4
22 4
22 2
22 2
22 2
22 4
22 4
22 4
22 4
22 4
22 4
22 4
22 2
22 2
22 2
22 4
22 4
22 4
22 4
22 4
22 4
22 4
22 2
22 2
22 2
22 4
22 4
22 4
22 4
22 4
22 4
22 4
15 14
72 14
140 13
72 2
166 13
72 14
19 13
72 2
17 13
72 2
22 13
72 2
26 6
72 2
27 6
72 2
26 6
72 2
22 6
72 2
22 13
72 2
17 13
72 13
22 14
72 13
22 14
72 14
22 14
E
S
L
72 14
22 4
14 4
72 4
14 2
14 2
22 4
72 7
14 2
22 2
22 4
14 4
72 4
14 2
14 2
22 4
72 7
14 2
22 2
22 4
14 4
72 4
14 2
14 2
22 4
72 7
14 2
22 2
22 4
14 4
72 4
14 2
14 2
22 4
72 7
14 2
22 2
22 4
72 12
17 2
22 2
22 4
14 4
72 4
14 2
14 2
22 4
72 7
14 2
22 2
22 4
14 4
72 4
14 2
14 2
22 4
72 7
14 2
22 2
22 4
14 4
72 4
14 2
14 2
22 4
72 7
14 2
22 2
22 4
14 4
72 4
14 2
14 2
22 4
72 7
14 2
22 2
22 4
14 4
72 4
14 2
14 2
22 4
72 7
14 2
22 2
22 4
14 4
72 4
14 2
14 2
22 4
72 7
14 2
22 2
22 4
14 4
72 4
14 2
14 2
22 4
72 7
14 2
22 2
22 4
14 4
72 4
14 2
14 2
22 4
72 7
14 2
22 2
22 4
14 4
72 4
14 2
14 2
22 4
72 7
14 2
22 2
22 4
14 4
72 4
14 2
14 2
22 4
72 7
14 2
22 2
22 4
14 4
72 4
14 2
14 2
22 4
72 7
14 2
22 2
15 10
E
X
