minor
S
H
72 13
244 4
114 4
127 7
153 7
179 7
153 4
127 4
114 9
127 4
114 7
244 4
218 4
127 4
153 4
179 9
153 4
127 4
114 4
244 12
244 4
114 4
127 7
153 7
179 7
153 4
127 4
114 9
127 4
114 7
244 4
218 4
127 4
153 4
179 9
153 4
127 4
114 4
244 12
72 14
192 6
192 2
72 4
192 11
72 14
192 6
192 2
72 4
192 11
E
S
H
72 13
66 2
64 2
59 2
66 2
64 2
59 2
69 2
66 2
66 2
64 2
59 2
66 2
64 2
59 2
69 2
66 2
66 2
64 2
59 2
66 2
64 2
59 2
69 2
66 2
66 2
64 2
59 2
66 2
64 2
59 2
69 2
66 2
66 2
64 2
59 2
66 2
64 2
59 2
69 2
66 2
66 2
64 2
59 2
66 2
64 2
59 2
69 2
66 2
66 2
64 2
59 2
66 2
64 2
59 2
69 2
66 2
66 2
64 2
59 2
66 2
64 2
59 2
69 2
66 2
66 2
64 2
59 2
66 2
64 2
59 2
69 2
66 2
66 2
64 2
59 2
66 2
64 2
59 2
69 2
66 2
66 2
64 2
59 2
66 2
64 2
59 2
69 2
66 2
66 2
64 2
59 2
66 2
64 2
59 2
69 2
66 2
66 2
64 2
59 2
66 2
64 2
59 2
69 2
66 2
66 2
64 2
59 2
66 2
64 2
59 2
69 2
66 2
66 2
64 2
59 2
66 2
64 2
59 2
69 2
66 2
66 2
64 2
59 2
66 2
64 2
59 2
69 2
66 2
E
S
H
72 13
244 14
218 11
127 11
218 11
192 11
127 11
218 11
244 14
72 14
192 6
192 2
72 4
192 11
72 14
192 6
192 2
72 4
192 11
E
S
L
72 14
48 4
48 2
48 2
48 2
48 2
48 2
48 2
48 2
48 2
48 2
48 2
48 2
48 2
48 2
48 2
48 2
33 2
47 2
33 2
45 2
33 2
44 2
33 2
45 2
33 2
44 2
33 2
41 2
33 2
40 2
33 2
41 2
33 2
40 2
33 2
38 2
33 2
36 2
33 2
35 2
33 2
36 2
33 2
35 2
33 2
32 2
33 2
33 7
35 7
36 6
35 6
32 4
33 11
72 6
35 2
48 7
48 2
33 2
47 2
33 2
45 2
33 2
44 2
33 2
45 2
33 2
44 2
33 2
41 2
33 2
40 2
33 2
41 2
33 2
43 2
33 2
41 2
33 2
40 2
33 2
41 2
33 2
40 2
33 2
38 2
33 2
36 2
33 2
35 7
36 7
38 6
36 6
32 4
33 11
72 4
35 2
36 2
45 7
50 11
53 7
52 2
50 2
52 11
55 11
53 11
57 11
55 13
50 11
53 7
52 2
50 2
52 11
55 11
53 11
57 11
149 13
45 11
49 11
50 6
52 2
72 4
53 11
43 11
47 11
48 6
50 2
72 4
52 4
52 11
45 11
49 11
50 6
52 2
72 4
53 11
50 2
53 2
57 12
57 7
55 11
60 7
59 7
214 11
134 4
160 4
161 4
187 11
108 7
240 7
214 11
136 4
149 4
163 4
160 13
72 14
31 7
36 2
41 2
45 2
52 11
50 2
52 2
48 2
50 2
47 2
48 2
50 2
48 0
47 0
72 2
45 2
47 2
43 2
45 2
47 2
48 2
45 2
47 2
48 2
50 2
48 2
47 2
45 7
44 3
45 3
72 0
47 2
45 3
44 3
72 0
45 2
44 2
45 2
44 2
72 0
41 2
43 2
41 3
40 3
72 0
38 2
40 2
38 2
36 2
38 2
36 2
35 2
33 2
35 2
33 11
57 9
55 2
52 2
55 11
57 2
55 2
57 2
55 2
54 2
50 2
48 2
47 2
48 2
45 2
43 2
40 2
45 3
47 3
72 0
45 2
43 7
48 0
45 0
72 2
43 0
72 0
40 0
72 1
42 0
72 1
43 0
72 0
45 0
48 0
72 2
48 0
45 0
72 2
43 0
72 0
40 0
72 1
42 0
72 1
43 0
72 0
45 0
48 0
72 2
50 0
47 0
72 2
45 0
72 0
42 0
72 1
44 0
72 1
45 0
72 0
47 0
50 0
72 2
50 0
47 0
72 2
45 0
72 0
42 0
72 1
44 0
72 1
45 0
72 0
47 0
50 0
72 2
52 0
48 0
72 2
47 0
72 0
43 0
72 1
45 0
72 1
47 0
72 0
48 0
52 0
72 2
52 0
48 0
72 2
47 0
72 0
43 0
72 1
45 0
72 1
47 0
72 0
48 0
52 0
72 2
57 11
50 11
53 7
52 2
50 2
52 11
55 11
53 11
55 0
57 10
72 2
55 13
134 11
163 7
149 2
135 2
149 11
163 3
149 3
163 3
189 3
162 3
189 3
214 13
149 13
45 11
49 11
50 6
52 2
72 4
53 11
43 11
47 11
48 6
50 2
72 4
52 4
52 11
45 11
49 11
50 6
52 2
72 4
53 11
50 2
53 2
57 12
57 7
55 11
60 7
59 7
214 11
134 4
160 4
161 4
187 11
108 7
240 7
214 11
136 4
149 4
163 4
160 13
72 14
57 7
57 12
48 2
50 2
52 2
53 2
55 2
53 2
52 2
50 2
48 2
45 2
47 2
43 2
45 2
47 2
43 2
45 2
41 2
43 2
41 2
40 2
38 2
36 2
36 11
33 2
35 2
31 2
33 2
35 2
36 2
33 2
35 2
40 7
45 2
38 2
43 2
40 2
38 2
35 2
36 9
36 7
36 2
40 2
43 2
45 2
43 2
40 2
36 2
40 2
43 2
45 2
48 2
52 2
55 2
50 2
48 2
45 2
43 2
40 2
36 2
38 2
35 2
36 2
33 2
31 2
33 2
31 2
29 2
31 2
36 2
38 2
45 2
43 0
41 0
72 2
45 7
45 2
48 2
45 2
47 2
50 2
47 2
48 2
52 2
50 4
52 2
50 2
52 2
50 2
52 2
55 2
57 2
55 2
57 12
62 9
62 4
60 7
57 2
55 2
57 2
55 2
57 14
E
S
L
72 14
48 4
48 2
48 2
48 2
48 2
48 2
48 2
48 2
48 2
48 2
48 2
48 2
48 2
48 2
48 2
48 2
33 2
47 2
33 2
45 2
33 2
44 2
33 2
45 2
33 2
44 2
33 2
41 2
33 2
40 2
33 2
41 2
33 2
40 2
33 2
38 2
33 2
36 2
33 2
35 2
33 2
36 2
33 2
35 2
33 2
32 2
33 2
33 7
35 7
36 6
35 6
32 4
33 11
72 6
35 2
48 7
48 2
33 2
47 2
33 2
45 2
33 2
44 2
33 2
45 2
33 2
44 2
33 2
41 2
33 2
40 2
33 2
41 2
33 2
43 2
33 2
41 2
33 2
40 2
33 2
41 2
33 2
40 2
33 2
38 2
33 2
36 2
33 2
35 7
36 7
38 6
36 6
32 4
33 11
72 4
35 2
36 2
45 7
50 11
53 7
52 2
50 2
52 11
55 11
53 11
57 11
55 13
50 11
53 7
52 2
50 2
52 11
55 11
53 11
57 11
149 13
45 11
49 11
50 6
52 2
72 4
53 11
43 11
47 11
48 6
50 2
72 4
52 4
52 11
45 11
49 11
50 6
52 2
72 4
53 11
50 2
53 2
57 12
57 7
55 11
60 7
59 7
214 11
134 4
160 4
161 4
187 11
108 7
240 7
214 11
136 4
149 4
163 4
160 13
72 14
31 7
36 2
41 2
45 2
52 11
50 2
52 2
48 2
50 2
47 2
48 2
50 2
48 0
47 0
72 2
45 2
47 2
43 2
45 2
47 2
48 2
45 2
47 2
48 2
50 2
48 2
47 2
45 7
44 3
45 3
72 0
47 2
45 3
44 3
72 0
45 2
44 2
45 2
44 2
72 0
41 2
43 2
41 3
40 3
72 0
38 2
40 2
38 2
36 2
38 2
36 2
35 2
33 2
35 2
33 11
57 9
55 2
52 2
55 11
57 2
55 2
57 2
55 2
54 2
50 2
48 2
47 2
48 2
45 2
43 2
40 2
45 3
47 3
72 0
45 2
43 7
48 0
45 0
72 2
43 0
72 0
40 0
72 1
42 0
72 1
43 0
72 0
45 0
48 0
72 2
48 0
45 0
72 2
43 0
72 0
40 0
72 1
42 0
72 1
43 0
72 0
45 0
48 0
72 2
50 0
47 0
72 2
45 0
72 0
42 0
72 1
44 0
72 1
45 0
72 0
47 0
50 0
72 2
50 0
47 0
72 2
45 0
72 0
42 0
72 1
44 0
72 1
45 0
72 0
47 0
50 0
72 2
52 0
48 0
72 2
47 0
72 0
43 0
72 1
45 0
72 1
47 0
72 0
48 0
52 0
72 2
52 0
48 0
72 2
47 0
72 0
43 0
72 1
45 0
72 1
47 0
72 0
48 0
52 0
72 2
57 11
50 11
53 7
52 2
50 2
52 11
55 11
53 11
55 0
57 10
72 2
55 13
134 11
163 7
149 2
135 2
149 11
163 3
149 3
163 3
189 3
162 3
189 3
214 13
149 13
45 11
49 11
50 6
52 2
72 4
53 11
43 11
47 11
48 6
50 2
72 4
52 4
52 11
45 11
49 11
50 6
52 2
72 4
53 11
50 2
53 2
57 12
57 7
55 11
60 7
59 7
214 11
134 4
160 4
161 4
187 11
108 7
240 7
214 11
136 4
149 4
163 4
160 13
72 14
57 7
57 12
48 2
50 2
52 2
53 2
55 2
53 2
52 2
50 2
48 2
45 2
47 2
43 2
45 2
47 2
43 2
45 2
41 2
43 2
41 2
40 2
38 2
36 2
36 11
33 2
35 2
31 2
33 2
35 2
36 2
33 2
35 2
40 7
45 2
38 2
43 2
40 2
38 2
35 2
36 9
36 7
36 2
40 2
43 2
45 2
43 2
40 2
36 2
40 2
43 2
45 2
48 2
52 2
55 2
50 2
48 2
45 2
43 2
40 2
36 2
38 2
35 2
36 2
33 2
31 2
33 2
31 2
29 2
31 2
36 2
38 2
45 2
43 0
41 0
72 2
45 7
45 2
48 2
45 2
47 2
50 2
47 2
48 2
52 2
50 4
52 2
50 2
52 2
50 2
52 2
55 2
57 2
55 2
57 12
62 9
62 4
60 7
57 2
55 2
57 2
55 2
57 14
E
S
L
72 14
21 2
21 2
21 2
21 2
21 2
21 2
21 2
21 2
21 2
21 2
21 2
21 2
21 2
21 2
21 2
21 2
21 2
21 2
21 2
21 2
21 2
21 2
21 2
21 2
21 2
21 2
21 2
21 2
21 2
21 2
21 2
21 2
17 2
17 2
17 2
17 2
17 2
17 2
17 2
17 2
19 2
19 2
19 2
19 2
19 2
19 2
19 2
19 2
21 2
21 2
110 2
21 2
21 2
21 2
134 2
21 2
21 2
21 2
146 2
21 2
134 2
21 2
110 2
21 2
21 2
21 2
21 2
21 2
21 2
21 2
21 2
21 2
21 2
21 2
21 2
21 2
21 2
21 2
21 2
21 2
21 2
21 2
21 2
21 2
21 2
21 2
21 2
21 2
21 2
21 2
21 2
21 2
21 2
21 2
21 2
21 2
17 2
17 2
17 2
17 2
17 2
17 2
17 2
17 2
19 2
19 2
19 2
19 2
19 2
19 2
19 2
19 2
21 2
21 2
110 2
21 2
21 2
21 2
134 2
21 2
21 2
21 2
146 2
21 2
134 2
21 2
110 2
21 2
21 2
21 2
21 2
21 2
21 2
21 2
21 2
21 2
21 2
21 2
21 2
21 2
21 2
21 2
21 2
21 2
21 2
21 2
21 2
21 2
21 2
21 2
21 2
21 2
21 2
21 2
21 2
21 2
21 2
21 2
21 2
21 2
17 2
17 2
17 2
17 2
17 2
17 2
17 2
17 2
19 2
19 2
19 2
19 2
19 2
19 2
19 2
19 2
21 2
21 2
110 2
21 2
21 2
21 2
134 2
21 2
21 2
21 2
146 2
21 2
134 2
21 2
110 2
21 2
21 2
21 2
21 2
21 2
21 2
21 2
21 2
21 2
21 2
21 2
21 2
21 2
21 2
21 2
21 2
21 2
21 2
21 2
21 2
21 2
21 2
21 2
21 2
21 2
21 2
21 2
21 2
21 2
21 2
21 2
21 2
21 2
17 2
17 2
17 2
17 2
17 2
17 2
17 2
17 2
19 2
19 2
19 2
19 2
19 2
19 2
19 2
19 2
21 2
21 2
110 2
21 2
21 2
21 2
134 2
21 2
21 2
21 2
146 2
21 2
134 2
21 2
110 2
21 2
22 2
22 2
22 2
22 2
22 2
22 2
22 2
22 2
22 2
22 2
22 2
22 2
22 2
22 2
22 2
22 2
22 2
22 2
22 2
22 2
22 2
22 2
22 2
22 2
22 2
22 2
22 2
22 2
22 2
22 2
22 2
22 2
22 2
22 2
22 2
22 2
22 2
22 2
22 2
22 2
22 2
22 2
22 2
22 2
22 2
22 2
22 2
22 2
22 2
22 2
22 2
22 2
22 2
22 2
22 2
22 2
22 2
22 2
22 2
22 2
22 2
22 2
22 2
22 2
26 2
26 2
26 2
26 2
26 2
26 2
26 2
26 2
26 2
26 2
26 2
26 2
26 2
26 2
26 2
26 2
28 2
28 2
28 2
28 2
28 2
28 2
28 2
28 2
28 2
28 2
28 2
28 2
28 2
28 2
28 2
28 2
29 2
29 2
29 2
29 2
29 2
29 2
29 2
29 2
29 2
29 2
29 2
29 2
29 2
29 2
29 2
29 2
32 6
33 2
72 4
34 4
72 2
35 6
36 4
35 4
21 2
21 2
21 2
21 2
21 2
21 2
21 2
21 2
25 2
25 2
25 2
25 2
25 2
25 2
25 2
25 2
26 2
26 2
26 2
26 2
26 2
26 2
26 2
26 2
26 2
26 2
26 2
26 2
24 2
24 2
24 2
24 2
19 2
19 2
19 2
19 2
19 2
19 2
19 2
19 2
23 2
23 2
23 2
23 2
23 2
23 2
23 2
23 2
24 2
24 2
24 2
24 2
24 2
24 2
24 2
24 2
24 2
24 2
24 2
24 2
23 2
23 2
23 2
23 2
21 2
21 2
21 2
21 2
21 2
21 2
21 2
21 2
25 2
25 2
25 2
25 2
25 2
25 2
25 2
25 2
26 2
26 2
26 2
26 2
26 2
26 2
26 2
26 2
26 2
26 2
26 2
26 2
24 2
24 2
24 2
24 2
19 2
19 2
19 2
19 2
19 2
19 2
19 2
19 2
23 2
23 2
23 2
23 2
23 2
23 2
23 2
23 2
24 2
24 2
24 2
24 2
24 2
24 2
24 2
24 2
24 7
23 7
17 2
17 2
17 2
17 2
17 2
17 2
17 2
17 2
19 2
19 2
19 2
19 2
19 2
19 2
19 2
19 2
21 2
21 2
21 2
21 2
21 2
21 2
21 2
21 2
21 2
21 2
24 4
21 4
19 4
17 2
17 2
17 2
17 2
17 2
17 2
17 2
17 2
19 2
19 2
19 2
19 2
19 2
19 2
19 2
19 2
16 2
16 2
16 2
16 2
16 2
16 2
16 2
16 2
16 2
16 2
16 2
16 2
16 2
16 2
16 2
16 2
16 6
16 2
72 4
16 11
21 14
21 2
21 2
21 2
21 2
21 2
21 2
21 2
21 2
21 2
21 2
21 2
21 2
21 2
21 2
21 2
21 2
21 2
21 2
21 2
21 2
21 2
21 2
21 2
21 2
21 2
21 2
21 2
21 2
21 2
21 2
21 2
21 2
21 2
21 2
21 2
21 2
21 2
21 2
21 2
21 2
21 2
21 2
21 2
21 2
21 2
21 2
21 2
21 2
21 2
21 2
21 2
21 2
21 2
21 2
21 2
21 2
21 2
21 2
21 2
21 2
21 2
21 2
21 2
21 2
17 2
17 2
17 2
17 2
17 2
17 2
17 2
17 2
19 2
19 2
19 2
19 2
19 2
19 2
19 2
19 2
21 2
21 2
110 2
21 2
21 2
21 2
134 2
21 2
21 2
21 2
146 2
21 2
134 2
21 2
110 2
21 2
21 2
21 2
21 2
21 2
21 2
21 2
21 2
21 2
21 2
21 2
21 2
21 2
21 2
21 2
21 2
21 2
21 2
21 2
21 2
21 2
21 2
21 2
21 2
21 2
21 2
21 2
21 2
21 2
21 2
21 2
21 2
21 2
17 2
17 2
17 2
17 2
17 2
17 2
17 2
17 2
19 2
19 2
19 2
19 2
19 2
19 2
19 2
19 2
21 2
21 2
110 2
21 2
21 2
21 2
134 2
21 2
21 2
21 2
146 2
21 2
134 2
21 2
110 2
21 2
21 2
21 2
21 2
21 2
21 2
21 2
21 2
21 2
21 2
21 2
21 2
21 2
21 2
21 2
21 2
21 2
21 2
21 2
21 2
21 2
21 2
21 2
21 2
21 2
21 2
21 2
21 2
21 2
21 2
21 2
21 2
21 2
17 2
17 2
17 2
17 2
17 2
17 2
17 2
17 2
19 2
19 2
19 2
19 2
19 2
19 2
19 2
19 2
21 2
21 2
110 2
21 2
21 2
21 2
134 2
21 2
21 2
21 2
146 2
21 2
134 2
21 2
110 2
21 2
21 2
21 2
21 2
21 2
21 2
21 2
21 2
21 2
21 2
21 2
21 2
21 2
21 2
21 2
21 2
21 2
21 2
21 2
21 2
21 2
21 2
21 2
21 2
21 2
21 2
21 2
21 2
21 2
21 2
21 2
21 2
21 2
17 2
17 2
17 2
17 2
17 2
17 2
17 2
17 2
19 2
19 2
19 2
19 2
19 2
19 2
19 2
19 2
21 2
21 2
110 2
21 2
21 2
21 2
134 2
21 2
21 2
21 2
146 2
21 2
134 2
21 2
110 2
21 2
22 2
22 2
22 2
22 2
22 2
22 2
22 2
22 2
22 2
22 2
22 2
22 2
22 2
22 2
22 2
22 2
22 2
22 2
22 2
22 2
22 2
22 2
22 2
22 2
22 2
22 2
22 2
22 2
22 2
22 2
22 2
22 2
22 2
22 2
22 2
22 2
22 2
22 2
22 2
22 2
22 2
22 2
22 2
22 2
22 2
22 2
22 2
22 2
22 2
22 2
22 2
22 2
22 2
22 2
22 2
22 2
22 2
22 2
22 2
22 2
22 2
22 2
22 2
22 2
26 2
26 2
26 2
26 2
26 2
26 2
26 2
26 2
26 2
26 2
26 2
26 2
26 2
26 2
26 2
26 2
28 2
28 2
28 2
28 2
28 2
28 2
28 2
28 2
28 2
28 2
28 2
28 2
28 2
28 2
28 2
28 2
29 2
29 2
29 2
29 2
29 2
29 2
29 2
29 2
29 2
29 2
29 2
29 2
29 2
29 2
29 2
29 2
32 6
33 2
72 4
34 4
72 2
35 6
36 4
35 4
21 2
21 2
21 2
21 2
21 2
21 2
21 2
21 2
25 2
25 2
25 2
25 2
25 2
25 2
25 2
25 2
26 2
26 2
26 2
26 2
26 2
26 2
26 2
26 2
26 2
26 2
26 2
26 2
24 2
24 2
24 2
24 2
19 2
19 2
19 2
19 2
19 2
19 2
19 2
19 2
23 2
23 2
23 2
23 2
23 2
23 2
23 2
23 2
24 2
24 2
24 2
24 2
24 2
24 2
24 2
24 2
24 2
24 2
24 2
24 2
23 2
23 2
23 2
23 2
21 2
21 2
21 2
21 2
21 2
21 2
21 2
21 2
25 2
25 2
25 2
25 2
25 2
25 2
25 2
25 2
26 2
26 2
26 2
26 2
26 2
26 2
26 2
26 2
26 2
26 2
26 2
26 2
24 2
24 2
24 2
24 2
19 2
19 2
19 2
19 2
19 2
19 2
19 2
19 2
23 2
23 2
23 2
23 2
23 2
23 2
23 2
23 2
24 2
24 2
24 2
24 2
24 2
24 2
24 2
24 2
24 7
23 7
17 2
17 2
17 2
17 2
17 2
17 2
17 2
17 2
19 2
19 2
19 2
19 2
19 2
19 2
19 2
19 2
21 2
21 2
21 2
21 2
21 2
21 2
21 2
21 2
21 2
21 2
24 4
21 4
19 4
17 2
17 2
17 2
17 2
17 2
17 2
17 2
17 2
19 2
19 2
19 2
19 2
19 2
19 2
19 2
19 2
16 2
16 2
16 2
16 2
16 2
16 2
16 2
16 2
16 2
16 2
16 2
16 2
16 2
16 2
16 2
16 2
16 6
16 2
72 4
16 11
21 14
21 2
21 2
21 2
21 2
21 2
21 2
21 2
21 2
21 2
21 2
21 2
21 2
21 2
21 2
21 2
21 2
21 2
21 2
21 2
21 2
21 2
21 2
21 2
21 2
21 2
21 2
21 2
21 2
21 2
21 2
21 2
21 2
17 2
17 2
17 2
17 2
17 2
17 2
17 2
17 2
19 2
19 2
19 2
19 2
19 2
19 2
19 2
19 2
21 2
21 2
110 2
21 2
21 2
21 2
134 2
21 2
21 2
21 2
146 2
21 2
134 2
21 2
110 2
21 2
21 2
21 2
21 2
21 2
21 2
21 2
21 2
21 2
21 2
21 2
21 2
21 2
21 2
21 2
21 2
21 2
21 2
21 2
21 2
21 2
21 2
21 2
21 2
21 2
21 2
21 2
21 2
21 2
21 2
21 2
21 2
21 2
17 2
17 2
17 2
17 2
17 2
17 2
17 2
17 2
19 2
19 2
19 2
19 2
19 2
19 2
19 2
19 2
21 2
21 2
110 2
21 2
21 2
21 2
134 2
21 2
21 2
21 2
146 2
21 2
134 2
21 2
110 2
21 2
21 14
E
S
H
72 14
166 11
192 11
72 4
60 4
72 4
62 4
72 4
63 4
62 4
60 4
72 14
166 11
192 11
72 4
60 4
72 4
62 4
72 4
63 4
62 4
60 4
72 14
50 2
48 2
47 2
48 2
50 2
48 2
47 2
48 2
50 2
48 2
47 2
48 2
50 2
48 2
47 2
48 2
52 2
50 2
48 2
50 2
52 2
50 2
48 2
50 2
52 2
50 2
48 2
50 2
52 2
50 2
48 2
50 2
53 2
52 2
50 2
52 2
53 2
52 2
50 2
52 2
53 2
52 2
50 2
52 2
53 2
52 2
50 2
52 2
201 6
213 2
72 4
226 4
72 2
239 6
108 4
239 4
72 14
166 11
192 11
72 4
60 4
72 4
62 4
72 4
63 4
62 4
60 4
72 14
166 11
192 11
72 4
60 4
72 4
62 4
72 4
63 4
62 4
60 4
72 14
50 2
48 2
47 2
48 2
50 2
48 2
47 2
48 2
50 2
48 2
47 2
48 2
50 2
48 2
47 2
48 2
52 2
50 2
48 2
50 2
52 2
50 2
48 2
50 2
52 2
50 2
48 2
50 2
52 2
50 2
48 2
50 2
53 2
52 2
50 2
52 2
53 2
52 2
50 2
52 2
53 2
52 2
50 2
52 2
53 2
52 2
50 2
52 2
201 6
213 2
72 4
226 4
72 2
239 6
108 4
239 4
72 14
166 11
192 11
72 4
60 4
72 4
62 4
72 4
63 4
62 4
60 4
72 14
166 11
192 11
72 4
60 4
72 4
62 4
72 4
63 4
62 4
60 4
218 14
E
S
L
72 14
21 2
21 2
21 2
21 2
21 2
21 2
21 2
21 2
21 2
21 2
21 2
21 2
21 2
21 2
21 2
21 2
21 2
21 2
21 2
21 2
21 2
21 2
21 2
21 2
21 2
21 2
21 2
21 2
21 2
21 2
21 2
21 2
17 2
17 2
17 2
17 2
17 2
17 2
17 2
17 2
19 2
19 2
19 2
19 2
19 2
19 2
19 2
19 2
21 2
21 2
110 2
21 2
21 2
21 2
134 2
21 2
21 2
21 2
146 2
21 2
134 2
21 2
110 2
21 2
21 2
21 2
21 2
21 2
21 2
21 2
21 2
21 2
21 2
21 2
21 2
21 2
21 2
21 2
21 2
21 2
21 2
21 2
21 2
21 2
21 2
21 2
21 2
21 2
21 2
21 2
21 2
21 2
21 2
21 2
21 2
21 2
17 2
17 2
17 2
17 2
17 2
17 2
17 2
17 2
19 2
19 2
19 2
19 2
19 2
19 2
19 2
19 2
21 2
21 2
110 2
21 2
21 2
21 2
134 2
21 2
21 2
21 2
146 2
21 2
134 2
21 2
110 2
21 2
21 2
21 2
21 2
21 2
21 2
21 2
21 2
21 2
21 2
21 2
21 2
21 2
21 2
21 2
21 2
21 2
21 2
21 2
21 2
21 2
21 2
21 2
21 2
21 2
21 2
21 2
21 2
21 2
21 2
21 2
21 2
21 2
17 2
17 2
17 2
17 2
17 2
17 2
17 2
17 2
19 2
19 2
19 2
19 2
19 2
19 2
19 2
19 2
21 2
21 2
110 2
21 2
21 2
21 2
134 2
21 2
21 2
21 2
146 2
21 2
134 2
21 2
110 2
21 2
21 2
21 2
21 2
21 2
21 2
21 2
21 2
21 2
21 2
21 2
21 2
21 2
21 2
21 2
21 2
21 2
21 2
21 2
21 2
21 2
21 2
21 2
21 2
21 2
21 2
21 2
21 2
21 2
21 2
21 2
21 2
21 2
17 2
17 2
17 2
17 2
17 2
17 2
17 2
17 2
19 2
19 2
19 2
19 2
19 2
19 2
19 2
19 2
21 2
21 2
110 2
21 2
21 2
21 2
134 2
21 2
21 2
21 2
146 2
21 2
134 2
21 2
110 2
21 2
22 2
22 2
22 2
22 2
22 2
22 2
22 2
22 2
22 2
22 2
22 2
22 2
22 2
22 2
22 2
22 2
22 2
22 2
22 2
22 2
22 2
22 2
22 2
22 2
22 2
22 2
22 2
22 2
22 2
22 2
22 2
22 2
22 2
22 2
22 2
22 2
22 2
22 2
22 2
22 2
22 2
22 2
22 2
22 2
22 2
22 2
22 2
22 2
22 2
22 2
22 2
22 2
22 2
22 2
22 2
22 2
22 2
22 2
22 2
22 2
22 2
22 2
22 2
22 2
26 2
26 2
26 2
26 2
26 2
26 2
26 2
26 2
26 2
26 2
26 2
26 2
26 2
26 2
26 2
26 2
28 2
28 2
28 2
28 2
28 2
28 2
28 2
28 2
28 2
28 2
28 2
28 2
28 2
28 2
28 2
28 2
29 2
29 2
29 2
29 2
29 2
29 2
29 2
29 2
29 2
29 2
29 2
29 2
29 2
29 2
29 2
29 2
32 6
33 2
72 4
34 4
72 2
35 6
36 4
35 4
21 2
21 2
21 2
21 2
21 2
21 2
21 2
21 2
25 2
25 2
25 2
25 2
25 2
25 2
25 2
25 2
26 2
26 2
26 2
26 2
26 2
26 2
26 2
26 2
26 2
26 2
26 2
26 2
24 2
24 2
24 2
24 2
19 2
19 2
19 2
19 2
19 2
19 2
19 2
19 2
23 2
23 2
23 2
23 2
23 2
23 2
23 2
23 2
24 2
24 2
24 2
24 2
24 2
24 2
24 2
24 2
24 2
24 2
24 2
24 2
23 2
23 2
23 2
23 2
21 2
21 2
21 2
21 2
21 2
21 2
21 2
21 2
25 2
25 2
25 2
25 2
25 2
25 2
25 2
25 2
26 2
26 2
26 2
26 2
26 2
26 2
26 2
26 2
26 2
26 2
26 2
26 2
24 2
24 2
24 2
24 2
19 2
19 2
19 2
19 2
19 2
19 2
19 2
19 2
23 2
23 2
23 2
23 2
23 2
23 2
23 2
23 2
24 2
24 2
24 2
24 2
24 2
24 2
24 2
24 2
24 7
23 7
17 2
17 2
17 2
17 2
17 2
17 2
17 2
17 2
19 2
19 2
19 2
19 2
19 2
19 2
19 2
19 2
21 2
21 2
21 2
21 2
21 2
21 2
21 2
21 2
21 2
21 2
24 4
21 4
19 4
17 2
17 2
17 2
17 2
17 2
17 2
17 2
17 2
19 2
19 2
19 2
19 2
19 2
19 2
19 2
19 2
16 2
16 2
16 2
16 2
16 2
16 2
16 2
16 2
16 2
16 2
16 2
16 2
16 2
16 2
16 2
16 2
16 6
16 2
72 4
16 11
21 14
21 2
21 2
21 2
21 2
21 2
21 2
21 2
21 2
21 2
21 2
21 2
21 2
21 2
21 2
21 2
21 2
21 2
21 2
21 2
21 2
21 2
21 2
21 2
21 2
21 2
21 2
21 2
21 2
21 2
21 2
21 2
21 2
21 2
21 2
21 2
21 2
21 2
21 2
21 2
21 2
21 2
21 2
21 2
21 2
21 2
21 2
21 2
21 2
21 2
21 2
21 2
21 2
21 2
21 2
21 2
21 2
21 2
21 2
21 2
21 2
21 2
21 2
21 2
21 2
17 2
17 2
17 2
17 2
17 2
17 2
17 2
17 2
19 2
19 2
19 2
19 2
19 2
19 2
19 2
19 2
21 2
21 2
110 2
21 2
21 2
21 2
134 2
21 2
21 2
21 2
146 2
21 2
134 2
21 2
110 2
21 2
21 2
21 2
21 2
21 2
21 2
21 2
21 2
21 2
21 2
21 2
21 2
21 2
21 2
21 2
21 2
21 2
21 2
21 2
21 2
21 2
21 2
21 2
21 2
21 2
21 2
21 2
21 2
21 2
21 2
21 2
21 2
21 2
17 2
17 2
17 2
17 2
17 2
17 2
17 2
17 2
19 2
19 2
19 2
19 2
19 2
19 2
19 2
19 2
21 2
21 2
110 2
21 2
21 2
21 2
134 2
21 2
21 2
21 2
146 2
21 2
134 2
21 2
110 2
21 2
21 2
21 2
21 2
21 2
21 2
21 2
21 2
21 2
21 2
21 2
21 2
21 2
21 2
21 2
21 2
21 2
21 2
21 2
21 2
21 2
21 2
21 2
21 2
21 2
21 2
21 2
21 2
21 2
21 2
21 2
21 2
21 2
17 2
17 2
17 2
17 2
17 2
17 2
17 2
17 2
19 2
19 2
19 2
19 2
19 2
19 2
19 2
19 2
21 2
21 2
110 2
21 2
21 2
21 2
134 2
21 2
21 2
21 2
146 2
21 2
134 2
21 2
110 2
21 2
21 2
21 2
21 2
21 2
21 2
21 2
21 2
21 2
21 2
21 2
21 2
21 2
21 2
21 2
21 2
21 2
21 2
21 2
21 2
21 2
21 2
21 2
21 2
21 2
21 2
21 2
21 2
21 2
21 2
21 2
21 2
21 2
17 2
17 2
17 2
17 2
17 2
17 2
17 2
17 2
19 2
19 2
19 2
19 2
19 2
19 2
19 2
19 2
21 2
21 2
110 2
21 2
21 2
21 2
134 2
21 2
21 2
21 2
146 2
21 2
134 2
21 2
110 2
21 2
22 2
22 2
22 2
22 2
22 2
22 2
22 2
22 2
22 2
22 2
22 2
22 2
22 2
22 2
22 2
22 2
22 2
22 2
22 2
22 2
22 2
22 2
22 2
22 2
22 2
22 2
22 2
22 2
22 2
22 2
22 2
22 2
22 2
22 2
22 2
22 2
22 2
22 2
22 2
22 2
22 2
22 2
22 2
22 2
22 2
22 2
22 2
22 2
22 2
22 2
22 2
22 2
22 2
22 2
22 2
22 2
22 2
22 2
22 2
22 2
22 2
22 2
22 2
22 2
26 2
26 2
26 2
26 2
26 2
26 2
26 2
26 2
26 2
26 2
26 2
26 2
26 2
26 2
26 2
26 2
28 2
28 2
28 2
28 2
28 2
28 2
28 2
28 2
28 2
28 2
28 2
28 2
28 2
28 2
28 2
28 2
29 2
29 2
29 2
29 2
29 2
29 2
29 2
29 2
29 2
29 2
29 2
29 2
29 2
29 2
29 2
29 2
32 6
33 2
72 4
34 4
72 2
35 6
36 4
35 4
21 2
21 2
21 2
21 2
21 2
21 2
21 2
21 2
25 2
25 2
25 2
25 2
25 2
25 2
25 2
25 2
26 2
26 2
26 2
26 2
26 2
26 2
26 2
26 2
26 2
26 2
26 2
26 2
24 2
24 2
24 2
24 2
19 2
19 2
19 2
19 2
19 2
19 2
19 2
19 2
23 2
23 2
23 2
23 2
23 2
23 2
23 2
23 2
24 2
24 2
24 2
24 2
24 2
24 2
24 2
24 2
24 2
24 2
24 2
24 2
23 2
23 2
23 2
23 2
21 2
21 2
21 2
21 2
21 2
21 2
21 2
21 2
25 2
25 2
25 2
25 2
25 2
25 2
25 2
25 2
26 2
26 2
26 2
26 2
26 2
26 2
26 2
26 2
26 2
26 2
26 2
26 2
24 2
24 2
24 2
24 2
19 2
19 2
19 2
19 2
19 2
19 2
19 2
19 2
23 2
23 2
23 2
23 2
23 2
23 2
23 2
23 2
24 2
24 2
24 2
24 2
24 2
24 2
24 2
24 2
24 7
23 7
17 2
17 2
17 2
17 2
17 2
17 2
17 2
17 2
19 2
19 2
19 2
19 2
19 2
19 2
19 2
19 2
21 2
21 2
21 2
21 2
21 2
21 2
21 2
21 2
21 2
21 2
24 4
21 4
19 4
17 2
17 2
17 2
17 2
17 2
17 2
17 2
17 2
19 2
19 2
19 2
19 2
19 2
19 2
19 2
19 2
16 2
16 2
16 2
16 2
16 2
16 2
16 2
16 2
16 2
16 2
16 2
16 2
16 2
16 2
16 2
16 2
16 6
16 2
72 4
16 11
21 14
21 2
21 2
21 2
21 2
21 2
21 2
21 2
21 2
21 2
21 2
21 2
21 2
21 2
21 2
21 2
21 2
21 2
21 2
21 2
21 2
21 2
21 2
21 2
21 2
21 2
21 2
21 2
21 2
21 2
21 2
21 2
21 2
17 2
17 2
17 2
17 2
17 2
17 2
17 2
17 2
19 2
19 2
19 2
19 2
19 2
19 2
19 2
19 2
21 2
21 2
110 2
21 2
21 2
21 2
134 2
21 2
21 2
21 2
146 2
21 2
134 2
21 2
110 2
21 2
21 2
21 2
21 2
21 2
21 2
21 2
21 2
21 2
21 2
21 2
21 2
21 2
21 2
21 2
21 2
21 2
21 2
21 2
21 2
21 2
21 2
21 2
21 2
21 2
21 2
21 2
21 2
21 2
21 2
21 2
21 2
21 2
17 2
17 2
17 2
17 2
17 2
17 2
17 2
17 2
19 2
19 2
19 2
19 2
19 2
19 2
19 2
19 2
21 2
21 2
110 2
21 2
21 2
21 2
134 2
21 2
21 2
21 2
146 2
21 2
134 2
21 2
110 2
21 2
21 14
E
S
L
72 14
24 0
24 0
72 2
24 7
24 0
24 0
24 0
21 0
21 0
72 2
211 0
72 2
21 0
72 2
545 0
72 4
225 0
72 4
221 0
72 2
12 0
72 2
225 0
72 4
221 0
72 4
225 0
72 2
12 0
72 2
221 0
72 4
225 0
72 4
221 0
72 4
225 0
72 4
221 0
72 2
12 0
72 2
225 0
72 4
221 0
72 4
225 0
72 2
12 0
72 2
221 0
72 4
225 0
72 4
221 0
72 4
225 0
72 4
221 0
72 2
12 0
72 2
225 0
72 4
221 0
72 4
225 0
72 2
12 0
72 2
221 0
72 4
225 0
72 4
221 0
72 4
225 0
72 4
221 0
72 2
12 0
72 2
225 0
72 4
221 0
72 4
225 0
72 2
12 0
72 2
149 0
72 2
16 0
72 2
16 0
72 2
16 0
72 2
221 0
72 4
225 0
72 4
221 0
72 2
12 0
72 2
225 0
72 4
221 0
72 4
225 0
72 2
12 0
72 2
221 0
72 4
225 0
72 4
221 0
72 4
225 0
72 4
221 0
72 2
12 0
72 2
225 0
72 4
221 0
72 4
225 0
72 2
12 0
72 2
221 0
72 4
225 0
72 4
221 0
72 4
225 0
72 4
221 0
72 2
12 0
72 2
225 0
72 4
221 0
72 4
225 0
72 2
12 0
72 2
221 0
72 4
225 0
72 4
135 0
72 2
26 0
72 2
24 0
72 2
24 0
72 2
23 0
72 2
23 0
72 2
21 0
72 2
21 0
72 2
21 0
72 2
21 0
72 2
19 0
72 2
19 0
72 2
18 0
72 2
18 0
72 2
18 0
72 2
18 0
72 2
545 0
72 4
225 0
72 4
221 0
72 2
12 0
72 2
225 0
72 4
221 0
72 4
225 0
72 2
12 0
72 2
221 0
72 4
225 0
72 4
221 0
72 4
225 0
72 4
221 0
72 2
12 0
72 2
225 0
72 4
221 0
72 4
225 0
72 2
12 0
72 2
221 0
72 4
225 0
72 4
221 0
72 4
225 0
72 4
221 0
72 2
12 0
72 2
225 0
72 4
221 0
72 4
225 0
72 2
12 0
72 2
221 0
72 4
225 0
72 4
221 0
72 4
225 0
72 4
221 0
72 2
12 0
72 2
225 0
72 4
221 0
72 4
225 0
72 2
12 0
72 2
221 0
72 4
225 0
72 4
545 0
72 4
225 0
72 4
221 0
72 2
12 0
72 2
225 0
72 4
221 0
72 4
225 0
72 2
12 0
72 2
221 0
72 4
225 0
72 4
221 0
72 4
225 0
72 4
221 0
72 2
12 0
72 2
225 0
72 4
221 0
72 4
225 0
72 2
12 0
72 2
221 0
72 4
225 0
72 4
221 0
72 4
225 0
72 4
221 0
72 2
12 0
72 2
225 0
72 4
221 0
72 4
225 0
72 2
12 0
72 2
221 0
72 4
225 0
72 4
221 0
72 4
225 0
72 4
221 0
72 2
12 0
72 2
225 0
72 4
26 0
72 2
26 0
72 2
24 0
72 2
24 0
72 2
23 0
72 2
23 0
72 2
21 0
72 2
21 0
72 2
1125 0
72 2
12 0
72 2
12 0
72 2
12 0
72 2
1125 0
72 2
12 0
72 2
12 0
72 2
12 0
72 2
1125 0
72 2
12 0
72 2
12 0
72 2
12 0
72 2
1125 0
72 2
12 0
72 2
12 0
72 2
12 0
72 2
1125 0
72 2
12 0
72 2
12 0
72 2
12 0
72 2
1125 0
72 2
12 0
72 2
12 0
72 2
12 0
72 2
1125 0
72 2
12 0
72 2
12 0
72 2
12 0
72 2
1125 0
72 2
12 0
72 2
12 0
72 2
12 0
72 2
1125 0
72 2
12 0
72 2
12 0
72 2
12 0
72 2
1125 0
72 2
12 0
72 2
12 0
72 2
12 0
72 2
1125 0
72 2
12 0
72 2
12 0
72 2
12 0
72 2
1125 0
72 2
12 0
72 2
12 0
72 2
12 0
72 2
1125 0
72 2
12 0
72 2
12 0
72 2
12 0
72 2
1125 0
72 2
12 0
72 2
12 0
72 2
12 0
72 2
1125 0
72 2
12 0
72 2
12 0
72 2
12 0
72 2
1125 0
72 2
12 0
72 2
12 0
72 2
12 0
72 2
1125 0
72 4
12 0
72 4
1125 0
72 4
12 0
72 4
1125 0
72 4
12 0
72 4
1125 0
72 4
12 0
72 4
1125 0
72 4
12 0
72 4
1125 0
72 4
12 0
72 4
1125 0
72 4
12 0
72 4
1125 0
72 4
12 0
72 4
1125 0
72 4
12 0
72 4
1125 0
72 4
12 0
72 4
1125 0
72 4
12 0
72 4
1125 0
72 4
12 0
72 4
1121 0
72 4
16 0
72 2
1121 0
72 2
16 0
72 4
1121 0
72 4
16 0
72 2
1121 0
72 4
16 0
72 2
1121 0
72 4
16 0
72 4
545 0
72 4
225 0
72 4
221 0
72 2
12 0
72 2
225 0
72 4
221 0
72 4
225 0
72 2
12 0
72 2
221 0
72 4
225 0
72 4
221 0
72 4
225 0
72 4
221 0
72 2
12 0
72 2
225 0
72 4
221 0
72 4
225 0
72 2
12 0
72 2
221 0
72 4
225 0
72 4
221 0
72 4
225 0
72 4
221 0
72 2
12 0
72 2
225 0
72 4
221 0
72 4
225 0
72 2
12 0
72 2
221 0
72 4
225 0
72 4
221 0
72 4
225 0
72 4
221 0
72 2
12 0
72 2
225 0
72 4
221 0
72 4
225 0
72 2
12 0
72 2
149 0
72 2
16 0
72 2
16 0
72 2
16 0
72 2
221 0
72 4
225 0
72 4
221 0
72 2
12 0
72 2
225 0
72 4
221 0
72 4
225 0
72 2
12 0
72 2
221 0
72 4
225 0
72 4
221 0
72 4
225 0
72 4
221 0
72 2
12 0
72 2
225 0
72 4
221 0
72 4
225 0
72 2
12 0
72 2
221 0
72 4
225 0
72 4
221 0
72 4
225 0
72 4
221 0
72 2
12 0
72 2
225 0
72 4
221 0
72 4
225 0
72 2
12 0
72 2
221 0
72 4
225 0
72 4
221 0
72 4
225 0
72 4
221 0
72 2
12 0
72 2
225 0
72 4
243 0
72 2
24 0
72 2
243 0
72 2
21 0
72 2
243 0
72 2
24 0
72 2
243 0
72 2
21 0
72 2
545 0
72 4
225 0
72 4
221 0
72 2
12 0
72 2
225 0
72 4
221 0
72 4
225 0
72 2
12 0
72 2
221 0
72 4
225 0
72 4
221 0
72 4
225 0
72 4
221 0
72 2
12 0
72 2
225 0
72 4
221 0
72 4
225 0
72 2
12 0
72 2
221 0
72 4
225 0
72 4
221 0
72 4
225 0
72 4
221 0
72 2
12 0
72 2
225 0
72 4
221 0
72 4
225 0
72 2
12 0
72 2
221 0
72 4
225 0
72 4
221 0
72 4
225 0
72 4
221 0
72 2
12 0
72 2
225 0
72 4
221 0
72 4
369 0
72 2
12 0
72 2
12 0
72 4
16 0
72 4
369 0
72 6
1125 0
72 6
1131 0
72 9
369 0
72 7
1131 0
72 14
24 0
72 4
23 0
72 2
23 0
72 2
21 0
72 2
21 0
72 2
19 0
72 2
1131 0
72 13
225 0
72 7
225 0
72 11
225 0
72 4
545 0
72 4
225 0
72 4
221 0
72 2
12 0
72 2
225 0
72 4
221 0
72 4
225 0
72 2
12 0
72 2
221 0
72 4
225 0
72 4
221 0
72 4
225 0
72 4
221 0
72 2
12 0
72 2
225 0
72 4
221 0
72 4
225 0
72 2
12 0
72 2
221 0
72 4
225 0
72 4
221 0
72 4
225 0
72 4
221 0
72 2
12 0
72 2
225 0
72 4
221 0
72 4
225 0
72 2
12 0
72 2
221 0
72 4
225 0
72 4
221 0
72 4
225 0
72 4
221 0
72 2
12 0
72 2
225 0
72 4
221 0
72 4
225 0
72 2
12 0
72 2
149 0
72 2
16 0
72 2
16 0
72 2
16 0
72 2
221 0
72 4
225 0
72 4
221 0
72 2
12 0
72 2
225 0
72 4
221 0
72 4
225 0
72 2
12 0
72 2
221 0
72 4
225 0
72 4
221 0
72 4
225 0
72 4
221 0
72 2
12 0
72 2
225 0
72 4
221 0
72 4
225 0
72 2
12 0
72 2
221 0
72 4
225 0
72 4
221 0
72 4
225 0
72 4
221 0
72 2
12 0
72 2
225 0
72 4
221 0
72 4
225 0
72 2
12 0
72 2
221 0
72 4
225 0
72 4
135 0
72 2
26 0
72 2
24 0
72 2
24 0
72 2
23 0
72 2
23 0
72 2
21 0
72 2
21 0
72 2
21 0
72 2
21 0
72 2
19 0
72 2
19 0
72 2
18 0
72 2
18 0
72 2
18 0
72 2
18 0
72 2
545 0
72 4
225 0
72 4
221 0
72 2
12 0
72 2
225 0
72 4
221 0
72 4
225 0
72 2
12 0
72 2
221 0
72 4
225 0
72 4
221 0
72 4
225 0
72 4
221 0
72 2
12 0
72 2
225 0
72 4
221 0
72 4
225 0
72 2
12 0
72 2
221 0
72 4
225 0
72 4
221 0
72 4
225 0
72 4
221 0
72 2
12 0
72 2
225 0
72 4
221 0
72 4
225 0
72 2
12 0
72 2
221 0
72 4
225 0
72 4
221 0
72 4
225 0
72 4
221 0
72 2
12 0
72 2
225 0
72 4
221 0
72 4
225 0
72 2
12 0
72 2
221 0
72 4
225 0
72 4
545 0
72 4
225 0
72 4
221 0
72 2
12 0
72 2
225 0
72 4
221 0
72 4
225 0
72 2
12 0
72 2
221 0
72 4
225 0
72 4
221 0
72 4
225 0
72 4
221 0
72 2
12 0
72 2
225 0
72 4
221 0
72 4
225 0
72 2
12 0
72 2
221 0
72 4
225 0
72 4
221 0
72 4
225 0
72 4
221 0
72 2
12 0
72 2
225 0
72 4
221 0
72 4
225 0
72 2
12 0
72 2
221 0
72 4
225 0
72 4
221 0
72 4
225 0
72 4
221 0
72 2
12 0
72 2
225 0
72 4
26 0
72 2
26 0
72 2
24 0
72 2
24 0
72 2
23 0
72 2
23 0
72 2
21 0
72 2
21 0
72 2
1125 0
72 2
12 0
72 2
12 0
72 2
12 0
72 2
1125 0
72 2
12 0
72 2
12 0
72 2
12 0
72 2
1125 0
72 2
12 0
72 2
12 0
72 2
12 0
72 2
1125 0
72 2
12 0
72 2
12 0
72 2
12 0
72 2
1125 0
72 2
12 0
72 2
12 0
72 2
12 0
72 2
1125 0
72 2
12 0
72 2
12 0
72 2
12 0
72 2
1125 0
72 2
12 0
72 2
12 0
72 2
12 0
72 2
1125 0
72 2
12 0
72 2
12 0
72 2
12 0
72 2
1125 0
72 2
12 0
72 2
12 0
72 2
12 0
72 2
1125 0
72 2
12 0
72 2
12 0
72 2
12 0
72 2
1125 0
72 2
12 0
72 2
12 0
72 2
12 0
72 2
1125 0
72 2
12 0
72 2
12 0
72 2
12 0
72 2
1125 0
72 2
12 0
72 2
12 0
72 2
12 0
72 2
1125 0
72 2
12 0
72 2
12 0
72 2
12 0
72 2
1125 0
72 2
12 0
72 2
12 0
72 2
12 0
72 2
1125 0
72 2
12 0
72 2
12 0
72 2
12 0
72 2
1125 0
72 4
12 0
72 4
1125 0
72 4
12 0
72 4
1125 0
72 4
12 0
72 4
1125 0
72 4
12 0
72 4
1125 0
72 4
12 0
72 4
1125 0
72 4
12 0
72 4
1125 0
72 4
12 0
72 4
1125 0
72 4
12 0
72 4
1125 0
72 4
12 0
72 4
1125 0
72 4
12 0
72 4
1125 0
72 4
12 0
72 4
1125 0
72 4
12 0
72 4
1121 0
72 4
16 0
72 2
1121 0
72 2
16 0
72 4
1121 0
72 4
16 0
72 2
1121 0
72 4
16 0
72 2
1121 0
72 4
16 0
72 4
545 0
72 4
225 0
72 4
221 0
72 2
12 0
72 2
225 0
72 4
221 0
72 4
225 0
72 2
12 0
72 2
221 0
72 4
225 0
72 4
221 0
72 4
225 0
72 4
221 0
72 2
12 0
72 2
225 0
72 4
221 0
72 4
225 0
72 2
12 0
72 2
221 0
72 4
225 0
72 4
221 0
72 4
225 0
72 4
221 0
72 2
12 0
72 2
225 0
72 4
221 0
72 4
225 0
72 2
12 0
72 2
221 0
72 4
225 0
72 4
221 0
72 4
225 0
72 4
221 0
72 2
12 0
72 2
225 0
72 4
221 0
72 4
225 0
72 2
12 0
72 2
149 0
72 2
16 0
72 2
16 0
72 2
16 0
72 2
221 0
72 4
225 0
72 4
221 0
72 2
12 0
72 2
225 0
72 4
221 0
72 4
225 0
72 2
12 0
72 2
221 0
72 4
225 0
72 4
221 0
72 4
225 0
72 4
221 0
72 2
12 0
72 2
225 0
72 4
221 0
72 4
225 0
72 2
12 0
72 2
221 0
72 4
225 0
72 4
221 0
72 4
225 0
72 4
221 0
72 2
12 0
72 2
225 0
72 4
221 0
72 4
225 0
72 2
12 0
72 2
221 0
72 4
225 0
72 4
221 0
72 4
225 0
72 4
221 0
72 2
12 0
72 2
225 0
72 4
243 0
72 2
24 0
72 2
243 0
72 2
21 0
72 2
243 0
72 2
24 0
72 2
243 0
72 2
21 0
72 2
545 0
72 4
225 0
72 4
221 0
72 2
12 0
72 2
225 0
72 4
221 0
72 4
225 0
72 2
12 0
72 2
221 0
72 4
225 0
72 4
221 0
72 4
225 0
72 4
221 0
72 2
12 0
72 2
225 0
72 4
221 0
72 4
225 0
72 2
12 0
72 2
221 0
72 4
225 0
72 4
221 0
72 4
225 0
72 4
221 0
72 2
12 0
72 2
225 0
72 4
221 0
72 4
225 0
72 2
12 0
72 2
221 0
72 4
225 0
72 4
221 0
72 4
225 0
72 4
221 0
72 2
12 0
72 2
225 0
72 4
221 0
72 4
369 0
72 2
12 0
72 2
12 0
72 4
16 0
72 4
369 0
72 6
1125 0
72 6
1131 0
72 9
369 0
72 7
1131 0
72 14
545 0
72 4
225 0
72 4
221 0
72 2
12 0
72 2
225 0
72 4
221 0
72 4
225 0
72 2
12 0
72 2
221 0
72 4
225 0
72 4
221 0
72 4
225 0
72 4
221 0
72 2
12 0
72 2
225 0
72 4
221 0
72 4
225 0
72 2
12 0
72 2
221 0
72 4
225 0
72 4
221 0
72 4
225 0
72 4
221 0
72 2
12 0
72 2
225 0
72 4
221 0
72 4
225 0
72 2
12 0
72 2
221 0
72 4
225 0
72 4
221 0
72 4
225 0
72 4
221 0
72 2
12 0
72 2
225 0
72 4
221 0
72 4
225 0
72 2
12 0
72 2
149 0
72 2
16 0
72 2
16 0
72 2
16 0
72 2
221 0
72 4
225 0
72 4
221 0
72 2
12 0
72 2
225 0
72 4
221 0
72 4
225 0
72 2
12 0
72 2
221 0
72 4
225 0
72 4
221 0
72 4
225 0
72 4
221 0
72 2
12 0
72 2
225 0
72 4
221 0
72 4
225 0
72 2
12 0
72 2
221 0
72 4
225 0
72 4
221 0
72 4
225 0
72 4
221 0
72 2
12 0
72 2
225 0
72 4
221 0
72 4
225 0
72 2
12 0
72 2
221 0
72 4
225 0
72 4
26 0
72 2
26 0
72 2
24 0
72 2
24 0
72 2
24 0
72 2
23 0
72 2
23 0
72 2
23 0
72 2
21 0
72 2
21 0
72 2
21 0
72 2
19 0
72 2
19 0
72 2
19 0
72 2
17 0
72 2
17 0
72 2
369 0
E
X
