minor
S
H
53 4
51 0
48 4
51 4
48 4
56 4
48 4
55 4
53 7
48 4
50 0
51 4
48 4
56 4
53 4
56 4
58 4
60 4
58 4
56 4
53 4
51 0
48 4
51 4
48 4
56 4
48 4
55 4
53 7
63 6
61 6
60 4
58 6
56 6
58 4
60 4
58 4
56 4
58 4
53 4
51 0
48 4
51 4
48 4
56 4
48 4
55 4
53 7
48 4
50 0
51 4
48 4
56 4
53 4
56 4
58 4
60 4
58 4
56 4
53 4
51 0
48 4
51 4
48 4
56 4
48 4
55 4
53 7
63 6
61 6
60 4
58 6
56 6
58 4
60 4
58 4
56 4
58 4
53 4
51 0
48 4
51 4
48 4
56 4
48 4
55 4
53 7
48 4
50 0
51 4
48 4
56 4
53 4
56 4
58 4
60 4
58 4
56 4
53 4
51 0
48 4
51 4
48 4
56 4
48 4
55 4
53 7
63 6
61 6
60 4
58 6
56 6
58 4
60 4
58 4
56 4
58 4
E
S
H
56 4
48 4
55 4
53 4
48 4
51 4
48 4
58 4
56 4
55 4
53 4
51 4
48 4
50 0
51 4
48 4
56 4
48 4
56 4
58 4
59 0
56 4
55 4
53 4
51 4
56 4
48 4
55 4
53 4
48 4
51 4
48 4
58 4
56 4
55 4
53 4
51 4
48 4
50 0
51 4
48 4
56 4
48 4
56 4
58 4
59 0
56 4
55 4
53 4
51 4
56 4
48 4
55 4
53 4
48 4
51 4
48 4
58 4
56 4
55 4
53 4
51 4
48 4
50 0
51 4
48 4
56 4
48 4
56 4
58 4
59 0
56 4
55 4
53 4
51 4
E
S
L
17 4
17 4
17 4
17 4
72 4
17 4
17 4
17 4
15 4
15 4
15 4
15 4
72 4
15 4
15 4
15 4
10 4
10 4
10 4
10 4
72 4
10 4
10 4
10 4
12 4
12 4
24 4
12 2
12 4
12 2
12 4
24 4
12 4
17 4
17 4
17 4
17 4
72 4
17 4
17 4
17 4
15 4
15 4
15 4
15 4
72 4
15 4
15 4
15 4
10 4
10 4
10 4
10 4
72 4
10 4
10 4
10 4
12 4
12 4
24 4
12 2
12 4
12 2
12 4
24 4
12 4
17 4
17 4
17 4
17 4
72 4
17 4
17 4
17 4
15 4
15 4
15 4
15 4
72 4
15 4
15 4
15 4
10 4
10 4
10 4
10 4
72 4
10 4
10 4
10 4
12 4
12 4
24 4
12 2
12 4
12 2
12 4
24 4
12 4
17 4
17 4
17 4
17 4
72 4
17 4
17 4
17 4
15 4
15 4
15 4
15 4
72 4
15 4
15 4
15 4
10 4
10 4
10 4
10 4
72 4
10 4
10 4
10 4
12 4
12 4
24 4
12 2
12 4
12 2
12 4
24 4
12 4
17 4
17 4
17 4
17 4
72 4
17 4
17 4
17 4
15 4
15 4
15 4
15 4
72 4
15 4
15 4
15 4
10 4
10 4
10 4
10 4
72 4
10 4
10 4
10 4
12 4
12 4
24 4
12 2
12 4
12 2
12 4
24 4
12 4
17 4
17 4
17 4
17 4
72 4
17 4
17 4
17 4
15 4
15 4
15 4
15 4
72 4
15 4
15 4
15 4
10 4
10 4
10 4
10 4
72 4
10 4
10 4
10 4
12 4
12 4
24 4
12 2
12 4
12 2
12 4
24 4
12 4
E
S
H
41 4
41 4
53 4
41 2
41 4
41 2
41 4
53 2
51 2
50 2
48 2
39 4
39 4
51 4
39 2
39 4
39 2
39 4
39 4
51 4
37 4
37 2
37 2
49 4
37 4
37 4
49 2
49 2
37 4
37 4
36 4
36 2
36 2
36 4
36 2
36 2
72 2
36 4
36 4
48 2
36 2
48 2
41 4
41 4
53 4
41 2
41 4
41 2
41 4
53 2
51 2
50 2
48 2
39 4
39 4
51 4
39 2
39 4
39 2
39 4
39 4
51 4
37 4
37 2
37 2
49 4
37 4
37 4
49 2
49 2
37 4
37 4
36 4
36 2
36 2
36 4
36 2
36 2
72 2
36 4
36 4
48 2
36 2
48 2
41 4
41 4
53 4
41 2
41 4
41 2
41 4
53 2
51 2
50 2
48 2
39 4
39 4
51 4
39 2
39 4
39 2
39 4
39 4
51 4
37 4
37 2
37 2
49 4
37 4
37 4
49 2
49 2
37 4
37 4
36 4
36 2
36 2
36 4
36 2
36 2
72 2
36 4
36 4
48 2
36 2
48 2
41 4
41 4
53 4
41 2
41 4
41 2
41 4
53 2
51 2
50 2
48 2
39 4
39 4
51 4
39 2
39 4
39 2
39 4
39 4
51 4
37 4
37 2
37 2
49 4
37 4
37 4
49 2
49 2
37 4
37 4
36 4
36 2
36 2
36 4
36 2
36 2
72 2
36 4
36 4
48 2
36 2
48 2
41 4
41 4
53 4
41 2
41 4
41 2
41 4
53 2
51 2
50 2
48 2
39 4
39 4
51 4
39 2
39 4
39 2
39 4
39 4
51 4
37 4
37 2
37 2
49 4
37 4
37 4
49 2
49 2
37 4
37 4
36 4
36 2
36 2
36 4
36 2
36 2
72 2
36 4
36 4
48 2
36 2
48 2
41 4
41 4
53 4
41 2
41 4
41 2
41 4
53 2
51 2
50 2
48 2
39 4
39 4
51 4
39 2
39 4
39 2
39 4
39 4
51 4
37 4
37 2
37 2
49 4
37 4
37 4
49 2
49 2
37 4
37 4
36 4
36 2
36 2
36 4
36 2
36 2
72 2
36 4
36 4
48 2
36 2
48 2
E
X
