minor
S
H
72 4
45 7
47 4
48 7
45 13
72 7
45 7
47 4
48 7
45 13
72 7
45 7
47 4
48 7
52 12
45 7
50 9
48 9
47 7
51 4
50 4
50 4
48 7
45 4
43 4
44 4
72 7
45 7
47 4
48 7
45 13
72 7
45 7
47 4
48 7
45 13
72 7
45 7
47 4
48 7
52 12
45 7
50 9
48 9
47 7
51 4
50 4
50 4
48 7
45 4
43 4
40 13
28 7
28 4
33 4
28 4
33 4
33 4
40 4
33 4
52 4
53 4
55 4
52 12
52 4
53 4
55 4
52 4
50 7
48 4
52 9
45 9
52 7
50 9
48 9
47 7
48 7
45 4
52 11
72 7
47 9
48 7
50 4
52 11
72 4
53 4
52 4
53 7
52 11
72 9
52 4
53 4
55 4
52 12
52 4
53 4
55 4
52 4
50 7
48 4
52 9
45 9
52 7
50 4
48 11
72 4
45 4
47 4
48 12
45 4
48 4
52 9
51 7
50 7
48 4
50 4
48 4
45 11
43 4
45 4
45 7
43 4
44 4
45 7
72 9
45 7
47 4
48 7
45 13
72 7
45 7
47 4
48 7
45 13
72 7
45 7
47 4
48 7
52 12
45 7
50 9
48 9
47 7
51 4
50 4
50 4
48 7
45 4
43 4
44 4
72 7
45 7
47 4
48 7
45 13
72 7
45 7
47 4
48 7
45 13
72 7
45 7
47 4
48 7
52 12
45 7
50 9
48 9
47 7
51 4
50 4
50 4
48 7
45 4
43 4
40 13
28 7
28 4
33 4
28 4
33 4
33 4
40 4
33 4
52 4
53 4
55 4
52 12
52 4
53 4
55 4
52 4
50 7
48 4
52 9
45 9
52 7
50 9
48 9
47 7
48 7
45 4
52 11
72 7
47 9
48 7
50 4
52 11
72 4
53 4
52 4
53 7
52 11
72 9
52 4
53 4
55 4
52 12
52 4
53 4
55 4
52 4
50 7
48 4
52 9
45 9
52 7
50 4
48 11
72 4
45 4
47 4
48 12
45 4
48 4
52 9
51 7
50 7
48 4
50 4
48 4
45 11
43 4
45 4
45 7
43 4
44 4
45 7
E
S
H
72 7
45 7
47 4
48 7
45 13
72 7
45 7
47 4
48 7
45 13
72 7
45 7
47 4
48 7
52 12
45 7
50 9
48 9
47 7
51 4
50 4
50 4
48 7
45 4
43 4
44 4
72 7
45 7
47 4
48 7
45 13
72 7
45 7
47 4
48 7
45 13
72 7
45 7
47 4
48 7
52 12
45 7
50 9
48 9
47 7
51 4
50 4
50 4
48 7
45 4
43 4
40 13
28 7
28 4
33 4
28 4
33 4
33 4
40 4
33 4
52 4
53 4
55 4
52 12
52 4
53 4
55 4
52 4
50 7
48 4
52 9
45 9
52 7
50 9
48 9
47 7
48 7
45 4
52 11
72 7
47 9
48 7
50 4
52 11
72 4
53 4
52 4
53 7
52 11
72 9
52 4
53 4
55 4
52 12
52 4
53 4
55 4
52 4
50 7
48 4
52 9
45 9
52 7
50 4
48 11
72 4
45 4
47 4
48 12
45 4
48 4
52 9
51 7
50 7
48 4
50 4
48 4
45 11
43 4
45 4
45 7
43 4
44 4
45 7
72 9
45 7
47 4
48 7
45 13
72 7
45 7
47 4
48 7
45 13
72 7
45 7
47 4
48 7
52 12
45 7
50 9
48 9
47 7
51 4
50 4
50 4
48 7
45 4
43 4
44 4
72 7
45 7
47 4
48 7
45 13
72 7
45 7
47 4
48 7
45 13
72 7
45 7
47 4
48 7
52 12
45 7
50 9
48 9
47 7
51 4
50 4
50 4
48 7
45 4
43 4
40 13
28 7
28 4
33 4
28 4
33 4
33 4
40 4
33 4
52 4
53 4
55 4
52 12
52 4
53 4
55 4
52 4
50 7
48 4
52 9
45 9
52 7
50 9
48 9
47 7
48 7
45 4
52 11
72 7
47 9
48 7
50 4
52 11
72 4
53 4
52 4
53 7
52 11
72 9
52 4
53 4
55 4
52 12
52 4
53 4
55 4
52 4
50 7
48 4
52 9
45 9
52 7
50 4
48 11
72 4
45 4
47 4
48 12
45 4
48 4
52 9
51 7
50 7
48 4
50 4
48 4
45 11
43 4
45 4
45 7
43 4
44 4
45 7
E
S
H
72 9
45 7
47 4
48 7
45 13
72 7
45 7
47 4
48 7
45 13
72 7
45 7
47 4
48 7
52 12
45 7
50 9
48 9
47 7
51 4
50 4
50 4
48 7
45 4
43 4
44 4
72 7
45 7
47 4
48 7
45 13
72 7
45 7
47 4
48 7
45 13
72 7
45 7
47 4
48 7
52 12
45 7
50 9
48 9
47 7
51 4
50 4
50 4
48 7
45 4
43 4
40 13
28 7
28 4
33 4
28 4
33 4
33 4
40 4
33 4
52 4
53 4
55 4
52 12
52 4
53 4
55 4
52 4
50 7
48 4
52 9
45 9
52 7
50 9
48 9
47 7
48 7
45 4
52 11
72 7
47 9
48 7
50 4
52 11
72 4
53 4
52 4
53 7
52 11
72 9
52 4
53 4
55 4
52 12
52 4
53 4
55 4
52 4
50 7
48 4
52 9
45 9
52 7
50 4
48 11
72 4
45 4
47 4
48 12
45 4
48 4
52 9
51 7
50 7
48 4
50 4
48 4
45 11
43 4
45 4
45 7
43 4
44 4
45 7
72 9
45 7
47 4
48 7
45 13
72 7
45 7
47 4
48 7
45 13
72 7
45 7
47 4
48 7
52 12
45 7
50 9
48 9
47 7
51 4
50 4
50 4
48 7
45 4
43 4
44 4
72 7
45 7
47 4
48 7
45 13
72 7
45 7
47 4
48 7
45 13
72 7
45 7
47 4
48 7
52 12
45 7
50 9
48 9
47 7
51 4
50 4
50 4
48 7
45 4
43 4
40 13
28 7
28 4
33 4
28 4
33 4
33 4
40 4
33 4
52 4
53 4
55 4
52 12
52 4
53 4
55 4
52 4
50 7
48 4
52 9
45 9
52 7
50 9
48 9
47 7
48 7
45 4
52 11
72 7
47 9
48 7
50 4
52 11
72 4
53 4
52 4
53 7
52 11
72 9
52 4
53 4
55 4
52 12
52 4
53 4
55 4
52 4
50 7
48 4
52 9
45 9
52 7
50 4
48 11
72 4
45 4
47 4
48 12
45 4
48 4
52 9
51 7
50 7
48 4
50 4
48 4
45 11
43 4
45 4
45 7
43 4
44 4
45 7
E
S
H
72 4
40 4
40 7
40 4
40 7
36 7
36 4
36 7
36 4
36 7
38 4
40 4
40 4
40 7
40 4
40 7
36 7
36 4
36 7
36 4
36 7
38 4
40 4
40 4
40 7
40 4
40 7
36 7
36 4
36 7
36 4
36 7
35 4
35 4
35 7
35 4
35 7
36 7
36 4
36 7
38 4
38 7
38 4
40 4
40 4
40 4
40 7
40 4
40 7
36 7
36 4
36 7
36 4
36 7
38 4
40 4
40 4
40 7
40 4
40 7
36 7
36 4
36 7
36 4
36 7
38 4
40 4
40 4
40 7
40 4
40 7
36 7
36 4
36 7
36 4
36 7
35 4
35 4
35 7
35 4
35 7
36 7
36 4
36 7
38 4
38 7
40 7
40 4
40 7
40 4
40 7
40 7
40 4
40 7
40 4
40 7
40 4
40 4
40 4
40 7
40 4
40 7
39 7
39 4
39 7
39 4
39 7
38 7
38 4
38 7
38 4
38 7
36 7
36 4
36 7
36 4
36 7
36 7
36 4
36 7
36 4
36 7
38 7
38 4
38 7
38 4
38 7
40 7
40 4
40 7
40 4
40 7
40 7
40 4
40 7
40 4
40 7
40 4
40 4
40 4
40 7
40 4
40 7
39 7
39 4
39 7
39 7
38 7
38 4
38 7
38 4
38 7
36 7
36 4
36 7
36 4
36 7
36 7
36 4
36 7
36 4
36 7
38 7
38 4
38 7
38 4
38 7
40 7
40 4
40 7
40 4
38 7
40 7
38 4
39 4
40 7
40 4
40 7
72 9
40 4
40 7
40 4
40 7
36 7
36 4
36 7
36 4
36 7
38 4
40 4
40 4
40 7
40 4
40 7
36 7
36 4
36 7
36 4
36 7
38 4
40 4
40 4
40 7
40 4
40 7
36 7
36 4
36 7
36 4
36 7
35 4
35 4
35 7
35 4
35 7
36 7
36 4
36 7
38 4
38 7
38 4
40 4
40 4
40 4
40 7
40 4
40 7
36 7
36 4
36 7
36 4
36 7
38 4
40 4
40 4
40 7
40 4
40 7
36 7
36 4
36 7
36 4
36 7
38 4
40 4
40 4
40 7
40 4
40 7
36 7
36 4
36 7
36 4
36 7
35 4
35 4
35 7
35 4
35 7
36 7
36 4
36 7
38 4
38 7
40 7
40 4
40 7
40 4
40 7
40 7
40 4
40 7
40 4
40 7
40 4
40 4
40 4
40 7
40 4
40 7
39 7
39 4
39 7
39 4
39 7
38 7
38 4
38 7
38 4
38 7
36 7
36 4
36 7
36 4
36 7
36 7
36 4
36 7
36 4
36 7
38 7
38 4
38 7
38 4
38 7
40 7
40 4
40 7
40 4
40 7
40 7
40 4
40 7
40 4
40 7
40 4
40 4
40 4
40 7
40 4
40 7
39 7
39 4
39 7
39 7
38 7
38 4
38 7
38 4
38 7
36 7
36 4
36 7
36 4
36 7
36 7
36 4
36 7
36 4
36 7
38 7
38 4
38 7
38 4
38 7
40 7
40 4
40 7
40 4
38 7
40 7
38 4
39 4
40 7
40 4
40 7
E
S
L
33 4
33 4
33 4
33 4
33 4
33 4
33 4
29 7
29 4
29 4
29 4
29 4
29 4
29 4
31 4
33 4
33 4
33 4
33 4
33 4
33 4
33 4
29 7
29 4
29 4
29 4
29 4
29 4
29 4
31 4
33 4
33 4
33 4
33 4
33 4
33 4
33 4
29 7
29 4
29 4
29 4
29 4
29 4
29 4
29 4
28 4
28 4
28 4
28 4
28 4
28 4
28 4
29 7
29 4
29 4
29 4
31 4
31 4
31 4
31 4
33 4
33 4
33 4
33 4
33 4
33 4
33 4
29 7
29 4
29 4
29 4
29 4
29 4
29 4
31 4
33 4
33 4
33 4
33 4
33 4
33 4
33 4
29 7
29 4
29 4
29 4
29 4
29 4
29 4
31 4
33 4
33 4
33 4
33 4
33 4
33 4
33 4
29 7
29 4
29 4
29 4
29 4
29 4
29 4
29 4
28 4
28 4
28 4
28 4
28 4
28 4
28 4
29 7
29 4
29 4
29 4
31 4
31 4
31 4
31 4
33 4
33 4
33 4
33 4
33 4
33 4
33 4
33 7
33 4
36 4
33 4
38 4
36 4
35 4
36 4
33 4
33 4
33 4
33 4
33 4
33 4
33 4
32 7
32 4
32 4
32 4
32 4
32 4
32 4
31 7
31 4
31 4
31 4
31 4
31 4
31 4
30 7
30 4
30 4
30 4
30 4
30 4
30 4
29 7
29 4
29 4
29 4
29 4
29 4
29 4
31 7
31 4
31 4
31 4
31 4
31 4
31 4
33 7
33 4
33 4
33 4
33 4
33 4
33 4
33 7
33 4
33 4
33 4
33 4
33 4
33 4
33 4
33 4
33 4
33 4
33 4
33 4
33 4
33 4
32 7
32 4
32 4
32 4
32 4
32 4
32 4
31 7
31 4
31 4
31 4
31 4
31 4
31 4
30 7
30 4
30 4
30 4
30 4
30 4
30 4
29 7
29 4
29 4
29 4
29 4
29 4
29 4
31 7
31 4
31 4
31 4
31 4
31 4
31 4
33 7
33 4
36 4
33 4
38 4
31 4
33 4
33 7
31 4
32 4
33 7
33 4
33 4
33 4
33 4
33 4
33 4
33 4
33 4
33 4
33 4
29 7
29 4
29 4
29 4
29 4
29 4
29 4
31 4
33 4
33 4
33 4
33 4
33 4
33 4
33 4
29 7
29 4
29 4
29 4
29 4
29 4
29 4
31 4
33 4
33 4
33 4
33 4
33 4
33 4
33 4
29 7
29 4
29 4
29 4
29 4
29 4
29 4
29 4
28 4
28 4
28 4
28 4
28 4
28 4
28 4
29 7
29 4
29 4
29 4
31 4
31 4
31 4
31 4
33 4
33 4
33 4
33 4
33 4
33 4
33 4
29 7
29 4
29 4
29 4
29 4
29 4
29 4
31 4
33 4
33 4
33 4
33 4
33 4
33 4
33 4
29 7
29 4
29 4
29 4
29 4
29 4
29 4
31 4
33 4
33 4
33 4
33 4
33 4
33 4
33 4
29 7
29 4
29 4
29 4
29 4
29 4
29 4
29 4
28 4
28 4
28 4
28 4
28 4
28 4
28 4
29 7
29 4
29 4
29 4
31 4
31 4
31 4
31 4
33 4
33 4
33 4
33 4
33 4
33 4
33 4
33 7
33 4
36 4
33 4
38 4
36 4
35 4
36 4
33 4
33 4
33 4
33 4
33 4
33 4
33 4
32 7
32 4
32 4
32 4
32 4
32 4
32 4
31 7
31 4
31 4
31 4
31 4
31 4
31 4
30 7
30 4
30 4
30 4
30 4
30 4
30 4
29 7
29 4
29 4
29 4
29 4
29 4
29 4
31 7
31 4
31 4
31 4
31 4
31 4
31 4
33 7
33 4
33 4
33 4
33 4
33 4
33 4
33 7
33 4
33 4
33 4
33 4
33 4
33 4
33 4
33 4
33 4
33 4
33 4
33 4
33 4
33 4
32 7
32 4
32 4
32 4
32 4
32 4
32 4
31 7
31 4
31 4
31 4
31 4
31 4
31 4
30 7
30 4
30 4
30 4
30 4
30 4
30 4
29 7
29 4
29 4
29 4
29 4
29 4
29 4
31 7
31 4
31 4
31 4
31 4
31 4
31 4
33 7
33 4
36 4
33 4
38 4
31 4
33 4
33 7
31 4
32 4
33 7
33 4
33 4
33 4
E
S
L
218 4
218 4
218 4
218 4
218 4
218 4
218 4
166 7
166 4
166 4
166 4
166 4
166 4
166 4
192 4
218 4
218 4
218 4
218 4
218 4
218 4
218 4
166 7
166 4
166 4
166 4
166 4
166 4
166 4
192 4
218 4
218 4
218 4
218 4
218 4
218 4
218 4
166 7
166 4
166 4
166 4
166 4
166 4
166 4
166 4
153 4
153 4
153 4
153 4
153 4
153 4
153 4
166 7
166 4
166 4
166 4
192 4
192 4
192 4
192 4
218 4
218 4
218 4
218 4
218 4
218 4
218 4
166 7
166 4
166 4
166 4
166 4
166 4
166 4
192 4
218 4
218 4
218 4
218 4
218 4
218 4
218 4
166 7
166 4
166 4
166 4
166 4
166 4
166 4
192 4
218 4
218 4
218 4
218 4
218 4
218 4
218 4
166 7
166 4
166 4
166 4
166 4
166 4
166 4
166 4
153 4
153 4
153 4
153 4
153 4
153 4
153 4
166 7
166 4
166 4
166 4
192 4
192 4
192 4
192 4
218 4
218 4
218 4
218 4
218 4
218 4
218 4
218 7
218 4
101 4
218 4
127 4
101 4
244 4
101 4
218 4
218 4
218 4
218 4
218 4
218 4
218 4
205 7
205 4
205 4
205 4
205 4
205 4
205 4
192 7
192 4
192 4
192 4
192 4
192 4
192 4
179 7
179 4
179 4
179 4
179 4
179 4
179 4
166 7
166 4
166 4
166 4
166 4
166 4
166 4
192 7
192 4
192 4
192 4
192 4
192 4
192 4
218 7
218 4
218 4
218 4
218 4
218 4
218 4
218 7
218 4
218 4
218 4
218 4
218 4
218 4
218 4
218 4
218 4
218 4
218 4
218 4
218 4
218 4
205 7
205 4
205 4
205 4
205 4
205 4
205 4
192 7
192 4
192 4
192 4
192 4
192 4
192 4
179 7
179 4
179 4
179 4
179 4
179 4
179 4
166 7
166 4
166 4
166 4
166 4
166 4
166 4
192 7
192 4
192 4
192 4
192 4
192 4
192 4
218 7
218 4
101 4
218 4
127 4
192 4
218 4
218 7
192 4
205 4
218 7
218 4
218 4
218 4
218 4
218 4
218 4
218 4
218 4
218 4
218 4
166 7
166 4
166 4
166 4
166 4
166 4
166 4
192 4
218 4
218 4
218 4
218 4
218 4
218 4
218 4
166 7
166 4
166 4
166 4
166 4
166 4
166 4
192 4
218 4
218 4
218 4
218 4
218 4
218 4
218 4
166 7
166 4
166 4
166 4
166 4
166 4
166 4
166 4
153 4
153 4
153 4
153 4
153 4
153 4
153 4
166 7
166 4
166 4
166 4
192 4
192 4
192 4
192 4
218 4
218 4
218 4
218 4
218 4
218 4
218 4
166 7
166 4
166 4
166 4
166 4
166 4
166 4
192 4
218 4
218 4
218 4
218 4
218 4
218 4
218 4
166 7
166 4
166 4
166 4
166 4
166 4
166 4
192 4
218 4
218 4
218 4
218 4
218 4
218 4
218 4
166 7
166 4
166 4
166 4
166 4
166 4
166 4
166 4
153 4
153 4
153 4
153 4
153 4
153 4
153 4
166 7
166 4
166 4
166 4
192 4
192 4
192 4
192 4
218 4
218 4
218 4
218 4
218 4
218 4
218 4
218 7
218 4
101 4
218 4
127 4
101 4
244 4
101 4
218 4
218 4
218 4
218 4
218 4
218 4
218 4
205 7
205 4
205 4
205 4
205 4
205 4
205 4
192 7
192 4
192 4
192 4
192 4
192 4
192 4
179 7
179 4
179 4
179 4
179 4
179 4
179 4
166 7
166 4
166 4
166 4
166 4
166 4
166 4
192 7
192 4
192 4
192 4
192 4
192 4
192 4
218 7
218 4
218 4
218 4
218 4
218 4
218 4
218 7
218 4
218 4
218 4
218 4
218 4
218 4
218 4
218 4
218 4
218 4
218 4
218 4
218 4
218 4
205 7
205 4
205 4
205 4
205 4
205 4
205 4
192 7
192 4
192 4
192 4
192 4
192 4
192 4
179 7
179 4
179 4
179 4
179 4
179 4
179 4
166 7
166 4
166 4
166 4
166 4
166 4
166 4
192 7
192 4
192 4
192 4
192 4
192 4
192 4
218 7
218 4
101 4
218 4
127 4
192 4
218 4
218 7
192 4
205 4
218 7
218 4
218 4
218 4
E
S
L
197 4
20 4
20 4
20 4
1277 4
20 4
20 4
20 4
197 4
20 4
197 4
197 4
1277 4
20 4
20 4
20 4
197 4
20 4
20 4
20 4
1277 4
20 4
20 4
20 4
197 4
20 4
197 4
197 4
1277 4
20 4
20 4
20 4
197 4
20 4
20 4
20 4
1277 4
20 4
20 4
20 4
197 4
20 4
197 4
197 4
1277 4
20 4
20 4
20 4
197 4
20 4
20 4
20 4
1277 4
20 4
20 4
20 4
197 4
20 4
197 4
197 4
1277 4
20 4
20 4
20 4
197 4
20 4
20 4
20 4
1277 4
20 4
20 4
20 4
197 4
20 4
197 4
197 4
1277 4
20 4
20 4
20 4
197 4
20 4
20 4
20 4
1277 4
20 4
20 4
20 4
197 4
20 4
197 4
197 4
1277 4
20 4
20 4
20 4
197 4
20 4
20 4
20 4
1277 4
20 4
20 4
20 4
197 4
20 4
197 4
197 4
1277 4
20 4
20 4
20 4
197 4
20 4
20 4
20 4
1277 4
20 4
20 4
20 4
197 4
20 4
197 4
197 4
1277 4
20 4
20 4
20 4
197 4
20 4
20 4
20 4
1277 4
20 4
20 4
20 4
197 4
20 4
197 4
197 4
1277 4
20 4
20 4
20 4
197 4
20 4
20 4
20 4
1277 4
20 4
20 4
20 4
197 4
20 4
197 4
197 4
1277 4
20 4
20 4
20 4
197 4
20 4
20 4
20 4
1277 4
20 4
20 4
20 4
197 4
20 4
197 4
197 4
1277 4
20 4
20 4
20 4
197 4
20 4
20 4
20 4
1277 4
20 4
20 4
20 4
197 4
20 4
197 4
197 4
1277 4
20 4
20 4
20 4
197 4
20 4
20 4
20 4
1277 4
20 4
20 4
20 4
197 4
20 4
197 4
197 4
1277 4
20 4
20 4
20 4
197 4
20 4
20 4
20 4
1277 4
20 4
20 4
20 4
197 4
20 4
197 4
197 4
1277 4
20 4
20 4
20 4
197 4
20 4
20 4
20 4
1277 4
20 4
20 4
20 4
197 4
20 4
197 4
197 4
1277 4
20 4
20 4
20 4
197 4
20 4
20 4
20 4
1277 4
20 4
20 4
20 4
197 4
20 4
197 4
197 4
1277 4
20 4
20 4
20 4
197 4
20 4
20 4
20 4
1277 4
20 4
20 4
20 4
197 4
20 4
197 4
197 4
1277 4
20 4
20 4
20 4
197 4
20 4
20 4
20 4
1277 4
20 4
20 4
20 4
197 4
20 4
197 4
197 4
1277 4
20 4
20 4
20 4
197 4
20 4
20 4
20 4
1277 4
20 4
20 4
20 4
197 4
20 4
197 4
197 4
1277 4
20 4
20 4
20 4
197 4
20 4
20 4
20 4
1277 4
20 4
20 4
20 4
197 4
20 4
197 4
197 4
1277 4
20 4
20 4
20 4
197 4
20 4
20 4
20 4
1277 4
20 4
20 4
20 4
197 4
20 4
197 4
197 4
1277 4
20 4
20 4
20 4
197 4
20 4
20 4
20 4
1277 4
20 4
20 4
20 4
197 4
20 4
197 4
197 4
1277 4
20 4
20 4
20 4
197 4
20 4
20 4
20 4
1277 4
20 4
20 4
20 4
197 4
20 4
197 4
197 4
1277 4
20 4
20 4
20 4
197 4
20 4
20 4
20 4
1277 4
20 4
20 4
20 4
197 4
20 4
197 4
197 4
1277 4
20 4
20 4
20 4
197 4
20 4
20 4
20 4
1277 4
20 4
20 4
20 4
197 4
20 4
197 4
197 4
1277 4
20 4
20 4
20 4
197 4
20 4
20 4
20 4
1277 4
20 4
20 4
20 4
197 4
20 4
197 4
197 4
1277 4
20 4
20 4
20 4
197 4
20 4
20 4
20 4
1277 4
20 4
20 4
20 4
197 4
20 4
197 4
197 4
1277 4
20 4
20 4
20 4
197 4
20 4
20 4
20 4
1277 4
20 4
20 4
20 4
197 4
20 4
197 4
197 4
1277 4
20 4
20 4
20 4
197 4
20 4
20 4
20 4
1277 4
20 4
20 4
20 4
197 4
20 4
197 4
197 4
1277 4
20 4
20 4
20 4
197 4
20 4
20 4
20 4
1277 4
20 4
20 4
20 4
197 4
20 4
197 4
197 4
1277 4
20 4
20 4
20 4
197 4
20 4
20 4
20 4
1277 4
20 4
20 4
20 4
197 4
20 4
197 4
197 4
1277 4
20 4
20 4
20 4
197 4
20 4
20 4
20 4
1277 4
20 4
20 4
20 4
197 4
20 4
197 4
197 4
1277 4
20 4
20 4
20 4
197 4
20 4
20 4
20 4
1277 4
20 4
20 4
20 4
197 4
20 4
197 4
197 4
1277 4
20 4
20 4
20 4
197 4
20 4
20 4
20 4
1277 4
20 4
20 4
20 4
197 4
20 4
197 4
197 4
1277 4
20 4
20 4
20 4
E
S
L
36 13
33 13
36 13
33 13
36 13
33 13
32 13
33 13
36 13
33 13
36 13
33 13
36 13
33 13
32 13
33 13
36 14
35 13
33 14
35 13
36 14
35 13
33 14
35 13
33 14
35 13
36 14
35 13
36 13
33 13
36 13
33 13
36 13
33 13
32 13
33 13
36 13
33 13
36 13
33 13
36 13
33 13
32 13
33 13
36 14
35 13
33 14
35 13
36 14
35 13
33 14
35 13
33 14
35 13
36 14
35 13
E
S
L
36 13
33 13
36 13
33 13
36 13
33 13
32 13
33 13
36 13
33 13
36 13
33 13
36 13
33 13
32 13
33 13
36 14
35 13
33 14
35 13
36 14
35 13
33 14
35 13
33 14
35 13
36 14
35 13
36 13
33 13
36 13
33 13
36 13
33 13
32 13
33 13
36 13
33 13
36 13
33 13
36 13
33 13
32 13
33 13
36 14
35 13
33 14
35 13
36 14
35 13
33 14
35 13
33 14
35 13
36 14
35 13
E
S
L
36 13
33 13
36 13
33 13
36 13
33 13
32 13
33 13
36 13
33 13
36 13
33 13
36 13
33 13
32 13
33 13
36 14
35 13
33 14
35 13
36 14
35 13
33 14
35 13
33 14
35 13
36 14
35 13
36 13
33 13
36 13
33 13
36 13
33 13
32 13
33 13
36 13
33 13
36 13
33 13
36 13
33 13
32 13
33 13
36 14
35 13
33 14
35 13
36 14
35 13
33 14
35 13
33 14
35 13
36 14
35 13
E
X
