minor
S
H
72 13
56 13
55 5
51 10
46 5
48 7
53 8
72 2
53 5
51 5
48 5
44 10
41 5
44 7
48 8
72 2
49 5
48 5
44 5
41 10
37 5
41 7
44 7
43 7
48 12
49 5
48 9
72 2
48 3
50 3
52 3
53 3
55 3
56 5
55 5
51 10
46 5
48 7
53 8
72 2
53 5
51 5
48 5
44 8
72 2
41 5
44 7
48 8
72 2
49 5
48 5
44 5
41 8
72 2
37 5
41 7
44 7
43 6
72 2
43 12
41 12
48 5
43 12
41 12
51 6
43 12
41 12
72 8
56 13
55 5
51 10
46 5
48 7
53 8
72 2
53 5
51 5
48 5
44 10
41 5
44 7
48 8
72 2
49 5
48 5
44 5
41 10
37 5
41 7
44 7
43 7
48 12
49 5
48 9
72 2
48 3
50 3
52 3
53 3
55 3
56 5
55 5
51 10
46 5
48 7
53 8
72 2
53 5
51 5
48 5
44 8
72 2
41 5
44 7
48 8
72 2
49 5
48 5
44 5
41 8
72 2
37 5
41 7
44 7
43 6
72 2
43 12
41 12
48 5
43 12
41 12
51 6
43 12
41 12
E
S
L
72 13
72 12
36 12
72 2
32 7
31 10
72 2
32 12
72 12
32 12
72 2
34 12
72 2
32 12
72 2
31 12
72 2
36 12
72 2
32 7
31 10
72 2
32 12
72 12
32 12
72 2
31 12
34 7
72 2
34 12
32 12
72 2
34 12
32 12
72 2
34 12
32 12
72 13
36 12
72 2
32 7
31 10
72 2
32 12
72 12
32 12
72 2
34 12
72 2
32 12
72 2
31 12
72 2
36 12
72 2
32 7
31 10
72 2
32 12
72 12
32 12
72 2
31 12
34 7
72 2
34 12
32 12
72 2
34 12
32 12
72 2
34 12
32 12
E
S
L
72 13
72 12
29 12
72 2
25 12
72 2
24 12
72 2
29 6
72 2
29 5
72 0
29 5
72 4
22 12
72 2
27 12
72 2
28 7
29 10
72 2
29 7
28 10
72 2
29 12
72 2
25 12
72 2
24 12
72 2
29 6
72 2
29 5
72 0
29 5
72 4
22 12
72 2
24 12
72 2
25 13
72 2
25 13
72 2
25 13
72 13
29 12
72 2
25 12
72 2
24 12
72 2
29 6
72 2
29 5
72 0
29 5
72 4
22 12
72 2
27 12
72 2
28 7
29 10
72 2
29 7
28 10
72 2
29 12
72 2
25 12
72 2
24 12
72 2
29 6
72 2
29 5
72 0
29 5
72 4
22 12
72 2
24 12
72 2
25 13
72 2
25 13
72 2
25 13
E
S
L
72 13
72 12
17 12
72 2
13 12
72 2
12 12
72 2
17 12
72 2
10 12
72 2
15 12
72 2
8 6
72 2
8 10
72 2
7 6
72 2
7 10
72 2
17 12
72 2
13 12
72 2
12 12
72 2
17 12
72 2
10 12
72 2
12 12
72 2
1 13
72 2
1 13
72 2
1 13
72 13
17 12
72 2
13 12
72 2
12 12
72 2
17 12
72 2
10 12
72 2
15 12
72 2
8 6
72 2
8 10
72 2
7 6
72 2
7 10
72 2
17 12
72 2
13 12
72 2
12 12
72 2
17 12
72 2
10 12
72 2
12 12
72 2
1 13
72 2
1 13
72 2
1 13
E
X
