minor
S
L
72 12
20 2
22 2
24 2
26 2
29 4
32 4
32 9
29 4
72 4
32 9
29 4
72 4
32 9
29 4
72 4
32 9
29 4
72 4
32 9
29 4
72 4
32 9
29 4
72 4
32 11
72 14
41 2
45 11
72 2
41 2
45 4
44 2
72 11
41 2
43 2
72 9
43 2
46 2
45 2
72 8
41 2
45 2
44 2
72 10
38 2
40 2
42 7
41 4
40 4
39 2
38 2
36 2
39 2
38 2
36 2
34 2
33 2
34 2
33 2
32 2
33 2
31 2
33 2
30 2
33 2
34 2
33 2
31 2
29 2
26 7
72 11
26 2
30 2
29 2
26 2
24 2
28 2
26 2
25 2
22 2
29 2
28 2
26 2
24 2
22 2
28 2
26 2
31 2
33 2
36 2
38 2
36 2
33 2
31 2
30 2
31 2
33 2
29 2
31 2
28 2
32 2
30 2
31 2
29 2
31 2
32 2
34 2
42 2
43 2
42 2
43 2
42 2
43 2
42 2
43 2
42 2
43 2
42 2
43 2
42 7
40 2
41 2
40 2
41 2
40 7
72 11
31 2
33 2
34 2
36 2
40 4
43 7
72 11
26 4
72 9
26 2
28 2
30 2
31 2
38 4
36 7
38 4
36 7
41 4
40 2
39 2
38 2
36 2
34 2
33 2
43 2
42 2
41 2
40 2
39 2
38 2
37 2
36 2
45 2
44 2
43 2
42 2
41 2
42 2
43 2
44 2
45 2
48 2
50 2
52 2
53 2
52 2
48 2
45 2
48 2
46 2
48 2
50 2
48 2
51 2
48 4
47 11
E
S
L
72 14
26 4
26 4
26 4
26 4
26 4
26 7
72 4
26 4
26 4
26 4
26 4
26 4
26 7
72 4
26 4
26 4
26 4
26 4
26 4
26 7
72 4
26 4
26 4
26 4
26 4
26 4
26 7
72 4
26 4
26 4
26 4
26 4
26 4
26 7
72 4
26 4
26 4
26 4
26 4
26 4
26 7
72 4
26 4
26 4
26 4
26 4
26 4
26 7
72 4
26 4
26 4
26 4
26 4
26 4
26 7
72 4
26 4
26 4
26 4
26 4
26 4
26 7
72 4
26 4
26 4
26 4
26 4
26 4
26 7
72 4
26 4
26 4
26 4
26 4
26 4
26 7
72 4
26 4
26 4
26 4
26 4
26 4
26 7
72 4
26 4
26 4
26 4
26 4
26 4
26 7
72 4
26 4
26 4
26 4
26 4
26 4
26 7
72 4
26 4
26 4
26 4
26 4
26 4
26 7
72 4
26 4
26 4
26 4
26 4
26 4
26 7
72 4
26 4
26 4
26 4
26 4
26 4
26 7
72 4
26 4
26 4
26 4
26 4
26 4
26 7
72 4
26 4
26 4
26 4
26 4
26 4
26 7
72 4
26 4
26 4
26 4
26 4
26 4
26 7
72 4
26 4
26 4
26 4
26 4
26 4
26 7
72 4
26 4
26 4
26 4
26 4
26 4
26 7
72 4
26 4
26 4
26 4
26 4
26 4
26 7
72 4
26 4
26 4
26 4
26 4
26 4
26 7
72 4
26 4
26 4
26 4
26 4
26 4
26 7
72 4
26 4
26 4
26 4
26 4
26 4
26 7
72 4
26 4
26 4
26 4
26 4
26 4
26 7
72 4
26 4
26 4
26 4
26 4
26 4
26 7
72 4
E
S
H
72 14
38 13
40 11
41 13
38 11
46 14
45 14
72 14
E
S
L
72 14
101 2
72 8
101 2
72 14
101 2
72 8
101 2
72 11
101 2
72 8
101 2
72 11
101 2
72 8
101 2
72 11
101 2
72 8
101 2
72 11
101 2
72 8
101 2
72 11
101 2
72 8
101 2
72 11
101 2
72 8
101 2
72 11
101 2
72 8
101 2
72 11
101 2
72 8
101 2
72 11
101 2
72 8
101 2
72 11
101 2
72 8
101 2
72 11
101 2
72 8
101 2
72 11
101 2
72 8
101 2
72 11
101 2
72 8
101 2
72 11
101 2
72 8
101 2
72 11
101 2
72 8
101 2
72 11
E
S
H
72 14
101 2
72 8
101 2
72 14
101 2
72 8
101 2
72 11
101 2
72 8
101 2
72 11
101 2
72 8
101 2
72 11
101 2
72 8
101 2
72 11
101 2
72 8
101 2
72 11
101 2
72 8
101 2
72 11
101 2
72 8
101 2
72 11
101 2
72 8
101 2
72 11
101 2
72 8
101 2
72 11
101 2
72 8
101 2
72 11
101 2
72 8
101 2
72 11
101 2
72 8
101 2
72 11
101 2
72 8
101 2
72 11
101 2
72 8
101 2
72 11
101 2
72 8
101 2
72 11
101 2
72 8
101 2
72 11
E
S
L
72 14
166 2
72 2
179 2
72 2
127 2
72 12
166 2
166 2
179 7
72 11
166 2
72 2
179 2
72 2
127 2
72 12
166 2
166 2
179 7
72 11
166 2
72 2
179 2
72 2
127 2
72 12
166 2
166 2
179 7
72 11
166 2
72 2
179 2
72 2
127 2
72 12
166 2
166 2
179 7
72 11
166 2
72 2
179 2
72 2
127 2
72 12
166 2
166 2
179 7
72 11
166 2
72 2
179 2
72 2
127 2
72 12
166 2
166 2
179 7
72 11
166 2
72 2
179 2
72 2
127 2
72 12
166 2
166 2
179 7
72 11
166 2
72 2
179 2
72 2
127 2
72 12
166 2
166 2
179 7
E
S
L
72 14
134 12
72 4
134 12
72 4
134 12
72 4
134 12
72 4
134 12
72 4
134 12
72 4
134 12
72 4
134 12
72 4
134 12
72 4
134 12
72 4
134 12
72 4
134 12
72 4
134 12
72 4
134 12
72 4
134 12
72 4
134 12
72 4
134 12
72 4
134 12
72 4
134 12
72 4
134 12
72 4
134 12
72 4
134 12
72 4
134 12
72 4
134 12
72 4
134 12
72 4
134 12
72 4
134 12
72 4
134 12
72 4
E
X
