major
S
H
72 14
42 2
72 0
43 2
45 2
47 2
72 0
49 2
72 0
50 2
52 2
50 9
72 1
52 2
54 3
52 7
57 7
54 7
52 7
50 11
72 5
50 4
52 4
72 1
54 4
52 4
72 1
54 4
55 4
72 1
57 4
57 12
72 6
57 7
72 5
57 3
59 2
60 4
72 1
59 3
59 4
72 1
57 4
55 6
55 6
72 1
53 4
52 10
72 2
53 4
72 1
55 4
57 4
72 1
59 3
60 8
72 4
60 4
59 12
72 9
40 5
72 0
203 0
242 0
72 2
126 0
52 11
54 11
72 5
50 4
49 4
72 1
50 4
47 5
72 3
40 7
52 8
72 3
50 4
50 4
72 1
49 2
52 8
72 6
40 4
72 0
42 0
72 1
44 0
72 1
45 0
72 0
47 0
49 0
72 2
50 0
52 9
72 1
52 3
52 4
72 1
50 4
49 3
72 3
46 3
47 9
72 1
47 2
49 3
50 9
72 4
49 6
47 6
72 1
49 4
50 9
72 1
47 4
49 14
E
S
L
355 11
215 11
26 4
72 1
33 4
42 4
72 1
174 4
72 13
1776 11
239 11
19 4
72 1
35 4
42 4
72 1
175 4
72 13
26 4
72 1
33 2
72 0
37 2
72 4
33 7
42 7
33 7
37 7
33 7
28 4
35 2
72 0
40 2
72 4
35 4
43 4
72 1
35 4
40 4
72 1
35 4
21 4
72 1
33 4
37 4
72 1
33 7
40 4
33 4
37 4
72 1
33 4
26 4
72 1
33 4
38 4
72 1
33 4
42 4
72 1
33 4
38 4
72 1
33 4
23 4
72 1
30 4
146 4
72 1
30 4
28 4
72 1
35 4
189 4
72 1
28 4
21 4
72 1
28 4
1239 7
532 4
72 1
30 4
175 4
72 1
30 4
16 4
72 1
28 4
35 4
72 1
31 4
40 4
72 1
31 4
35 4
72 1
31 4
21 4
72 1
33 4
37 4
72 1
33 4
40 4
72 1
33 4
37 4
72 1
33 4
19 4
72 1
31 4
136 4
72 1
31 4
21 4
72 1
33 4
150 4
72 1
33 4
18 4
72 1
33 4
150 4
72 1
33 4
23 4
72 1
35 4
175 4
72 1
35 4
19 4
72 1
31 4
136 4
72 1
31 4
21 4
72 1
33 4
150 4
72 1
33 4
26 4
72 1
33 4
174 4
72 1
33 4
26 4
72 1
33 4
174 4
72 1
33 4
26 4
72 1
33 4
161 4
72 1
33 4
19 4
72 1
31 4
163 4
72 1
31 4
16 4
72 1
28 4
136 4
72 1
28 4
21 4
72 1
33 4
150 4
72 1
33 4
17 4
72 1
33 4
161 4
72 1
33 4
29 4
72 1
33 4
161 4
72 1
33 4
19 4
72 1
35 4
187 4
72 1
35 4
813 10
817 10
21 4
72 1
28 4
122 4
72 1
28 4
21 4
72 1
28 4
122 4
72 1
28 4
23 4
72 1
30 4
136 4
72 1
30 4
23 4
72 1
30 4
136 4
72 1
30 4
16 4
72 1
32 4
136 4
72 1
32 4
28 4
72 1
32 4
136 4
72 1
32 4
21 4
72 1
28 4
122 4
72 1
28 4
21 4
72 1
28 4
121 4
72 1
28 4
18 4
72 1
30 4
123 4
72 1
30 4
18 4
72 1
30 4
123 4
72 1
30 4
23 4
72 1
30 4
136 4
72 1
30 4
17 4
72 1
29 4
134 4
72 1
29 4
16 4
72 1
28 4
122 4
72 1
28 4
16 4
72 1
28 4
133 4
72 1
28 4
26 4
72 1
33 4
174 4
72 1
33 4
26 4
72 1
33 4
174 4
72 1
33 4
1430 13
174 13
45 13
E
S
L
14 14
9 7
7 14
72 5
9 4
14 12
72 5
14 4
16 12
72 5
11 2
10 2
9 12
72 5
9 4
14 12
72 5
14 4
11 11
16 11
9 7
10 7
11 11
4 12
72 5
4 4
9 12
72 5
9 4
7 11
9 11
6 11
11 7
9 7
7 11
9 11
14 13
14 11
7 11
16 11
9 11
5 11
5 11
7 11
4 7
16 7
9 8
72 3
9 0
72 0
16 2
9 8
72 4
9 2
10 2
11 8
72 3
11 0
72 0
18 2
11 8
72 3
11 4
16 8
72 3
11 0
72 0
11 2
4 9
72 1
6 2
8 2
9 8
72 3
16 0
72 0
16 2
21 6
20 6
72 1
16 4
18 8
72 3
18 0
72 0
13 2
6 8
72 3
6 4
11 11
17 11
16 8
72 3
16 0
72 0
11 2
16 11
14 12
72 1
9 0
72 0
9 2
14 13
E
S
H
72 13
59 7
72 14
59 7
72 14
59 7
72 14
59 7
72 14
59 7
72 14
59 7
72 14
59 7
72 14
59 7
72 14
59 7
72 14
59 7
72 14
59 7
72 14
59 7
72 14
59 7
72 14
59 7
E
S
H
72 13
69 0
72 2
68 0
72 0
67 0
72 1
66 0
72 1
65 0
72 0
64 0
63 0
72 2
62 0
61 0
72 2
60 0
72 0
59 0
72 1
58 0
72 1
57 0
72 0
56 0
55 0
72 2
54 0
53 0
72 2
52 0
72 0
51 0
72 1
50 0
72 1
49 0
72 0
48 0
47 0
72 2
46 0
45 0
72 2
44 0
72 0
43 0
72 1
42 0
72 1
41 0
72 0
40 0
39 0
72 2
38 0
72 13
71 0
72 2
70 0
72 0
69 0
72 1
68 0
72 1
67 0
72 0
66 0
65 0
72 2
64 0
63 0
72 2
62 0
72 0
61 0
72 1
60 0
72 1
59 0
72 0
58 0
57 0
72 2
56 0
55 0
72 2
54 0
72 0
53 0
72 1
52 0
72 1
51 0
72 0
50 0
49 0
72 2
48 0
47 0
72 2
46 0
72 0
45 0
72 1
44 0
72 1
43 0
72 0
42 0
41 0
72 2
40 0
72 14
28 2
72 0
35 2
40 2
44 2
47 2
50 2
52 2
56 2
59 2
62 2
64 2
68 2
71 2
64 2
72 14
38 2
45 2
49 2
50 2
54 2
57 2
61 2
66 2
45 2
49 2
50 2
54 2
57 2
61 2
66 2
69 2
61 2
69 2
66 2
61 2
69 2
66 2
61 2
57 2
66 2
61 2
57 2
54 2
61 2
57 2
54 2
49 2
57 2
54 2
49 2
45 2
42 12
E
S
H
72 12
51 7
72 12
51 7
72 12
51 7
72 12
51 7
72 12
51 7
72 12
51 7
72 12
51 7
72 12
51 7
72 12
51 7
72 12
51 7
72 12
51 7
72 12
51 7
72 12
51 7
72 12
51 7
72 12
51 7
72 12
51 7
72 12
51 7
72 12
51 7
72 12
51 7
72 12
51 7
72 12
51 7
72 12
51 7
72 12
51 7
72 12
51 7
72 12
51 7
72 12
51 7
72 12
51 7
72 12
51 7
72 12
51 7
E
X
