minor
S
H
72 14
45 5
72 0
43 3
72 1
41 4
45 2
45 3
72 10
45 5
72 0
43 3
72 1
41 2
45 5
72 10
45 5
72 0
43 3
72 1
41 2
72 2
43 4
43 3
72 9
41 5
72 0
40 2
72 2
40 2
72 2
45 6
72 10
45 4
43 4
41 4
45 3
72 1
41 4
72 8
45 4
72 2
43 4
41 2
45 6
72 10
45 4
72 2
43 3
72 1
41 2
72 2
43 6
72 10
41 4
40 2
72 2
40 2
72 2
43 3
41 2
40 4
40 4
72 11
45 3
72 1
46 0
72 2
46 2
46 8
72 10
43 3
72 1
45 7
45 2
45 7
72 11
45 3
72 1
46 0
72 2
46 0
72 2
46 8
72 8
46 3
72 1
43 2
72 2
45 7
72 11
41 3
72 1
43 2
43 2
43 9
72 4
43 2
72 2
43 2
72 2
43 2
72 2
41 0
72 2
41 2
41 8
72 10
41 4
43 2
43 2
43 9
72 4
43 3
72 1
45 2
72 2
46 2
72 2
45 8
72 12
40 4
41 3
72 1
45 3
72 1
43 4
41 4
40 3
72 1
37 3
72 1
38 5
72 14
45 5
72 0
43 3
72 1
41 4
45 2
45 3
72 10
45 5
72 0
43 3
72 1
41 2
45 5
72 10
45 5
72 0
43 3
72 1
41 2
72 2
43 4
43 3
72 9
41 5
72 0
40 2
72 2
40 2
72 2
45 6
72 10
45 4
43 4
41 4
45 3
72 1
41 4
72 8
45 4
72 2
43 4
41 2
45 6
72 10
45 4
72 2
43 3
72 1
41 2
72 2
43 6
72 10
41 4
40 2
72 2
40 2
72 2
43 3
41 2
40 4
40 4
72 11
45 3
72 1
46 0
72 2
46 2
46 8
72 10
43 3
72 1
45 7
45 2
45 7
72 11
45 3
72 1
46 0
72 2
46 0
72 2
46 8
72 8
46 3
72 1
43 2
72 2
45 7
72 11
41 3
72 1
43 2
43 2
43 9
72 4
43 2
72 2
43 2
72 2
43 2
72 2
41 0
72 2
41 2
41 8
72 10
41 4
43 2
43 2
43 9
72 4
43 3
72 1
45 2
72 2
46 2
72 2
45 8
72 12
40 4
41 3
72 1
45 3
72 1
43 4
41 4
40 3
72 1
37 3
72 1
38 6
72 14
46 2
46 2
46 9
72 9
43 3
72 1
45 0
72 2
45 2
45 11
72 7
45 0
72 4
46 0
72 2
46 0
72 2
46 11
72 4
46 2
46 2
43 2
72 2
45 6
72 10
41 2
72 2
41 2
72 2
41 2
72 2
43 2
43 2
43 11
72 4
43 3
72 1
43 3
72 1
41 2
41 2
41 6
72 11
41 3
72 1
43 2
43 2
43 9
72 4
43 3
72 1
45 2
72 2
46 3
72 1
45 10
72 12
40 4
41 3
72 1
45 4
43 4
41 4
40 4
37 4
38 7
72 14
45 4
43 4
41 4
40 4
37 3
72 1
38 6
72 14
45 4
43 4
41 4
40 4
37 4
38 6
72 14
45 4
43 4
41 4
40 4
37 3
72 1
38 7
72 14
45 4
43 4
41 4
40 3
72 1
37 2
72 2
38 6
E
S
L
26 0
26 2
14 0
14 2
21 2
21 0
24 2
21 2
26 0
26 2
14 0
14 2
21 2
24 2
21 2
24 0
24 2
12 0
12 2
14 2
14 2
19 2
14 2
16 0
16 2
21 0
21 2
21 2
21 2
24 2
21 2
26 0
26 2
14 0
14 2
21 2
21 2
24 2
21 2
26 0
26 2
14 0
14 2
21 0
24 2
21 2
24 0
24 2
12 0
12 2
14 2
14 2
19 2
14 2
16 0
16 2
21 0
21 2
21 2
21 0
24 2
21 2
26 0
26 2
14 0
14 2
21 2
21 2
24 2
21 2
26 0
26 2
14 0
14 2
21 2
24 2
21 2
24 0
24 2
12 0
12 2
14 2
14 2
19 2
14 2
16 0
16 2
21 0
21 2
21 2
21 0
24 2
21 2
26 0
26 2
14 0
14 2
21 2
21 0
24 2
21 2
26 0
26 2
14 0
14 2
21 0
24 2
21 2
24 0
24 2
12 0
12 2
14 0
14 2
19 2
14 2
16 0
16 2
21 0
21 2
21 2
21 2
24 2
21 2
22 2
22 2
22 0
22 2
22 2
24 2
22 2
26 0
26 2
26 2
14 2
14 2
14 2
16 3
17 3
22 2
22 0
22 0
22 2
22 2
24 2
22 0
26 2
26 2
26 2
14 2
14 2
14 2
16 3
17 4
27 2
27 2
15 0
15 2
15 2
27 2
15 2
26 2
26 2
26 2
14 2
14 2
14 2
26 4
14 2
16 2
16 2
16 2
28 2
28 2
28 2
16 2
28 2
21 2
21 2
21 2
21 2
21 2
21 2
21 2
21 2
26 0
26 2
14 0
14 2
21 0
21 2
24 2
21 2
26 0
26 2
14 0
14 2
21 2
24 2
21 2
24 0
24 2
12 0
12 2
14 2
14 2
19 2
14 2
16 0
16 2
21 0
21 2
21 2
21 2
24 2
21 2
26 0
26 2
14 0
14 2
21 2
21 2
24 2
21 2
26 2
26 2
14 0
14 2
21 2
24 2
21 2
24 0
24 2
12 0
12 2
14 2
14 2
19 2
14 2
16 0
16 2
21 0
21 2
21 2
21 0
24 2
21 2
26 0
26 2
14 0
14 2
21 2
21 2
24 2
21 2
26 0
26 2
14 0
14 2
21 0
24 2
21 2
24 0
24 2
12 0
12 2
14 2
14 2
19 2
14 2
16 0
16 2
21 0
21 2
21 2
21 2
24 2
21 2
22 2
22 2
22 0
22 2
22 2
24 2
22 0
26 0
26 2
26 2
14 2
14 2
14 2
16 3
17 4
22 2
22 2
22 0
22 2
22 0
24 2
22 2
26 2
26 2
26 2
14 2
14 2
14 2
16 3
17 3
27 0
27 2
15 0
15 3
15 0
27 2
15 2
26 2
26 2
26 2
14 2
14 2
14 2
26 3
14 2
16 2
16 2
16 2
28 2
28 2
28 2
16 2
28 2
21 2
21 2
21 2
21 2
21 2
21 2
21 2
21 2
26 0
26 2
14 0
14 2
21 2
21 2
24 2
21 2
26 0
26 2
14 0
14 2
21 0
24 2
21 2
24 0
24 2
12 0
12 2
14 2
14 2
19 2
14 2
16 0
16 2
21 0
21 2
21 2
21 2
24 2
21 2
26 0
26 2
14 2
14 2
21 2
21 0
24 2
21 2
26 0
26 2
14 0
14 2
21 2
24 2
21 2
24 0
24 2
12 0
12 2
14 2
14 2
19 2
14 2
16 0
16 2
21 0
21 2
21 2
21 2
24 2
21 2
14 14
26 0
26 2
14 0
14 2
21 2
21 2
24 2
21 2
26 0
26 2
14 0
14 2
21 0
24 2
21 2
24 0
24 2
12 0
12 2
14 2
14 2
19 2
14 2
16 0
16 2
21 0
21 2
21 2
21 0
24 2
21 2
26 0
26 2
14 0
14 2
21 2
21 2
24 2
21 2
26 0
26 2
14 0
14 2
21 2
24 2
21 2
24 0
24 2
12 0
12 2
14 0
14 2
19 2
14 2
16 0
16 2
21 0
21 2
21 2
21 2
24 2
21 2
22 2
22 2
22 0
22 2
22 0
24 2
22 2
26 0
26 2
26 2
14 2
14 2
14 2
16 3
17 4
22 2
22 2
22 0
22 2
22 2
24 2
22 2
26 2
26 2
26 2
14 2
14 2
14 2
16 3
17 4
27 2
27 2
15 0
15 2
15 2
27 2
15 2
26 2
26 2
26 2
14 2
14 2
14 2
26 3
14 2
16 2
16 2
16 2
28 2
28 2
28 2
16 2
28 2
21 2
21 2
21 2
21 2
21 2
21 2
21 2
21 2
26 0
26 2
14 0
14 2
21 2
21 2
24 2
21 2
26 0
26 2
14 0
14 2
21 2
24 2
21 2
24 0
24 2
12 2
12 2
14 2
14 2
19 2
14 2
16 0
16 2
21 0
21 2
21 2
21 2
24 2
21 2
26 0
26 2
14 0
14 2
21 2
21 2
24 2
21 2
26 0
26 2
14 0
14 2
21 2
24 2
21 2
24 0
24 2
12 0
12 2
14 0
14 2
19 2
14 2
16 0
16 2
21 0
21 2
21 2
21 2
24 2
21 2
26 0
26 2
14 0
14 2
21 2
21 0
24 2
21 2
26 0
26 2
14 0
14 2
21 2
24 2
21 2
24 2
24 2
12 0
12 2
14 2
14 0
19 2
14 2
16 0
16 2
21 0
21 2
21 2
21 0
24 2
21 2
26 0
26 2
14 0
14 2
21 2
21 2
24 2
21 2
26 2
26 2
14 0
14 2
21 0
24 2
21 2
24 0
24 2
12 0
12 2
14 2
14 2
19 2
14 2
16 0
16 2
21 0
21 2
21 2
21 2
24 2
21 2
21 12
26 0
26 2
14 0
14 2
21 2
21 0
24 2
21 2
26 0
26 2
14 0
14 2
21 2
24 2
21 2
24 2
24 2
12 0
12 2
14 2
14 2
19 2
14 2
16 0
16 2
21 0
21 2
21 2
21 0
24 2
21 2
E
X
