minor
S
H
36 7
39 7
38 7
39 7
36 7
39 7
38 7
39 7
36 7
39 7
38 7
39 7
36 7
39 7
38 7
39 7
36 7
39 7
38 7
39 7
36 7
39 7
38 7
39 7
36 7
39 7
38 7
39 7
36 7
39 7
38 7
39 7
36 7
39 7
38 7
39 7
36 7
39 7
38 7
39 7
36 7
39 7
38 7
39 7
36 7
39 7
38 7
39 7
36 7
39 7
38 7
39 7
36 7
39 7
38 7
39 7
36 7
39 7
38 7
39 7
36 7
39 7
38 7
39 7
36 7
39 7
38 7
39 7
36 7
39 7
38 7
39 7
36 7
39 7
38 7
39 7
36 7
39 7
38 7
39 7
36 7
39 7
38 7
39 7
36 7
39 7
38 7
39 7
36 7
39 7
38 7
39 7
36 7
39 7
38 7
39 7
36 7
39 7
38 7
39 7
36 7
39 7
38 7
39 7
36 7
39 7
38 7
39 7
36 7
39 7
38 7
39 7
36 7
39 7
38 7
39 7
36 7
39 7
38 7
39 7
36 7
39 7
38 7
39 7
36 7
39 7
38 7
39 7
36 7
39 7
38 7
39 7
36 7
39 7
38 7
39 7
36 7
39 7
38 7
39 7
36 7
39 7
38 7
39 7
36 7
39 7
38 7
39 7
36 7
39 7
38 7
39 7
36 7
39 7
38 7
39 7
36 7
39 7
38 7
39 7
36 7
39 7
38 7
39 7
36 7
39 7
38 7
39 7
36 7
39 7
38 7
39 7
36 7
39 7
38 7
39 7
36 7
39 7
38 7
39 7
36 7
39 7
38 7
39 7
36 7
39 7
38 7
39 7
36 7
39 7
38 7
39 7
36 7
39 7
38 7
39 7
36 7
39 7
38 7
39 7
36 7
39 7
38 7
39 7
36 7
39 7
38 7
39 7
36 7
39 7
38 7
39 7
36 7
39 7
38 7
39 7
36 7
39 7
38 7
39 7
36 7
39 7
38 7
39 7
36 7
39 7
38 7
39 7
36 7
39 7
38 7
39 7
36 7
39 7
38 7
39 7
36 7
39 7
38 7
39 7
36 7
39 7
38 7
39 7
36 7
39 7
38 7
39 7
36 7
39 7
38 7
39 7
36 7
39 7
38 7
39 7
36 7
39 7
38 7
39 7
36 7
39 7
38 7
39 7
36 7
39 7
38 7
39 7
36 7
39 7
38 7
39 7
36 7
39 7
38 7
39 7
36 7
39 7
38 7
39 7
36 7
39 7
38 7
39 7
36 7
39 7
38 7
39 7
36 7
39 7
38 7
39 7
36 7
39 7
38 7
39 7
36 7
39 7
38 7
39 7
36 7
39 7
38 7
39 7
36 7
39 7
38 7
39 7
36 7
39 7
38 7
39 7
36 7
39 7
38 7
39 7
36 7
39 7
38 7
39 7
E
S
H
72 4
188 14
72 14
228 14
72 14
214 14
72 14
188 14
72 14
188 14
72 14
228 14
72 14
214 14
72 14
188 14
72 14
188 14
72 14
228 14
72 14
214 14
72 14
188 14
72 14
188 14
72 14
228 14
72 14
214 14
72 14
188 14
72 14
188 14
72 14
228 14
72 14
214 14
72 14
188 14
E
S
L
101 14
101 14
101 14
101 14
101 14
101 14
101 14
101 14
101 14
101 14
101 14
101 14
101 14
101 14
101 14
101 14
101 14
101 14
101 14
101 14
101 14
101 14
101 14
101 14
101 14
101 14
101 14
101 14
101 14
101 14
101 14
101 14
101 14
101 14
101 14
101 14
101 14
101 14
101 14
101 14
E
S
L
72 13
0 7
0 7
72 14
0 7
0 7
72 14
0 7
0 7
72 14
0 7
0 7
72 14
0 7
0 7
72 14
0 7
0 7
72 14
0 7
0 7
72 14
0 7
0 7
72 14
0 7
0 7
72 14
0 7
0 7
72 14
0 7
0 7
72 14
0 7
0 7
72 14
0 7
0 7
72 14
0 7
0 7
72 14
0 7
0 7
72 14
0 7
0 7
72 14
0 7
0 7
72 14
0 7
0 7
72 14
0 7
0 7
72 14
0 7
0 7
72 14
0 7
0 7
72 14
0 7
0 7
72 14
0 7
0 7
72 14
0 7
0 7
72 14
0 7
0 7
72 14
0 7
0 7
72 14
0 7
0 7
72 14
0 7
0 7
72 14
0 7
0 7
72 14
0 7
0 7
72 14
0 7
0 7
72 14
0 7
0 7
72 14
0 7
0 7
72 14
0 7
0 7
72 14
0 7
0 7
72 14
0 7
0 7
72 14
0 7
0 7
72 14
0 7
0 7
72 14
0 7
0 7
72 14
0 7
0 7
E
S
L
9 2
72 2
9 2
72 14
9 2
72 2
9 2
72 14
9 2
72 2
9 2
72 14
9 2
72 2
9 2
72 14
9 2
72 2
9 2
72 14
9 2
72 2
9 2
72 14
9 2
72 2
9 2
72 14
9 2
72 2
9 2
72 14
9 2
72 2
9 2
72 14
9 2
72 2
9 2
72 14
9 2
72 2
9 2
72 14
9 2
72 2
9 2
72 14
9 2
72 2
9 2
72 14
9 2
72 2
9 2
72 14
9 2
72 2
9 2
72 14
9 2
72 2
9 2
72 14
9 2
72 2
9 2
72 14
9 2
72 2
9 2
72 14
9 2
72 2
9 2
72 14
9 2
72 2
9 2
72 14
9 2
72 2
9 2
72 14
9 2
72 2
9 2
72 14
9 2
72 2
9 2
72 14
9 2
72 2
9 2
72 14
9 2
72 2
9 2
72 14
9 2
72 2
9 2
72 14
9 2
72 2
9 2
72 14
9 2
72 2
9 2
72 14
9 2
72 2
9 2
72 14
9 2
72 2
9 2
72 14
9 2
72 2
9 2
72 14
9 2
72 2
9 2
72 14
9 2
72 2
9 2
72 14
9 2
72 2
9 2
72 14
9 2
72 2
9 2
72 14
9 2
72 2
9 2
72 14
9 2
72 2
9 2
72 14
9 2
72 2
9 2
72 14
9 2
72 2
9 2
72 14
9 2
72 2
9 2
E
S
H
72 14
48 0
47 0
72 2
45 0
72 0
43 0
72 1
41 0
72 1
40 7
72 14
48 0
47 0
72 2
45 0
72 0
43 0
72 1
41 0
72 1
40 7
72 14
48 0
47 0
72 2
45 0
72 0
43 0
72 1
41 0
72 1
40 7
72 14
48 0
47 0
72 2
45 0
72 0
43 0
72 1
41 0
72 1
40 7
72 14
48 0
47 0
72 2
45 0
72 0
43 0
72 1
41 0
72 1
40 7
72 14
48 0
47 0
72 2
45 0
72 0
43 0
72 1
41 0
72 1
40 7
72 14
48 0
47 0
72 2
45 0
72 0
43 0
72 1
41 0
72 1
40 7
72 14
48 0
47 0
72 2
45 0
72 0
43 0
72 1
41 0
72 1
40 7
72 14
48 0
47 0
72 2
45 0
72 0
43 0
72 1
41 0
72 1
40 7
72 14
48 0
47 0
72 2
45 0
72 0
43 0
72 1
41 0
72 1
40 7
E
X
