minor
S
H
72 13
677 12
72 4
991 12
72 4
1305 14
677 12
72 4
991 12
72 4
1305 14
725 12
72 4
463 12
72 4
777 14
725 12
72 4
463 12
72 4
1785 14
136 2
72 4
136 2
72 4
136 2
72 4
136 2
72 4
136 2
72 2
136 2
72 2
1733 9
991 11
1305 13
1733 9
991 11
1305 13
1733 9
991 11
1305 13
1733 9
991 11
1785 14
1109 8
72 2
1423 10
72 2
1737 13
72 4
1109 8
72 2
1423 10
72 2
1737 13
72 4
1109 8
72 2
1423 10
72 2
1737 13
72 4
1109 8
72 2
1423 10
72 2
1737 14
72 14
E
S
H
72 14
64 2
62 2
57 2
52 2
50 2
45 2
72 14
64 0
59 0
72 2
56 0
72 0
52 0
72 1
47 0
72 1
44 0
72 0
40 0
35 0
72 2
40 0
72 2
42 0
72 0
44 0
72 1
45 0
72 1
47 0
72 0
50 0
72 2
52 2
59 2
52 2
59 2
72 4
52 2
59 2
64 2
72 6
59 2
52 2
69 2
72 6
68 2
66 2
68 2
72 8
66 2
64 2
66 2
72 2
64 2
59 2
59 2
57 2
52 2
57 2
72 4
59 2
57 2
52 2
57 2
72 7
57 2
72 6
57 2
56 2
59 2
72 10
62 2
59 2
57 2
50 2
52 2
59 2
52 2
59 2
72 4
52 2
59 2
64 2
72 6
59 2
52 2
69 2
72 6
68 2
66 2
68 2
72 8
66 2
64 2
66 2
72 2
64 2
59 2
59 2
57 2
52 2
57 2
72 4
59 2
57 2
52 2
57 2
72 7
57 2
72 6
56 2
56 2
56 2
72 10
62 2
59 2
57 2
50 2
64 2
62 2
59 2
57 2
52 2
50 2
47 2
45 2
40 2
38 2
35 2
33 2
28 2
26 2
23 2
21 2
72 6
52 2
52 0
72 2
50 0
72 0
45 0
72 1
38 0
72 1
33 0
72 0
50 0
45 0
72 2
62 0
57 0
72 2
64 0
72 0
62 0
72 5
41 0
48 0
72 2
53 0
72 0
60 0
72 1
65 0
72 4
43 0
50 0
72 2
55 0
72 0
62 0
72 1
69 0
72 8
41 0
72 0
48 0
53 0
72 2
60 0
65 0
72 5
43 0
72 0
50 0
55 0
72 2
62 0
69 0
72 8
41 0
72 0
48 0
72 1
53 0
72 1
60 0
72 0
65 0
72 4
43 0
72 0
50 0
72 1
55 0
72 1
62 0
72 0
69 0
72 14
E
S
H
72 13
35 4
40 2
72 8
38 2
72 10
35 4
40 2
72 8
38 2
72 10
35 4
40 2
72 8
38 2
72 10
35 4
40 2
72 8
38 2
72 10
35 4
40 2
72 8
38 2
72 10
35 4
40 2
72 8
38 2
72 10
35 4
40 2
72 8
38 2
72 10
35 4
40 2
72 8
38 2
72 10
35 4
40 2
72 8
38 2
72 10
35 4
40 2
72 8
38 2
72 10
35 4
40 2
72 8
38 2
72 10
35 4
40 2
72 8
38 2
72 10
35 4
40 2
72 8
38 2
72 10
35 4
40 2
72 8
38 2
72 10
35 4
40 2
72 8
38 2
72 10
35 4
40 2
72 8
38 2
72 8
136 2
72 4
136 2
72 4
136 2
72 4
136 2
72 4
136 2
72 2
136 2
72 14
36 2
72 2
47 2
72 8
38 2
72 2
47 2
72 2
16 2
72 4
23 2
40 2
72 2
47 2
72 6
16 2
72 2
40 2
23 2
47 2
72 8
36 2
72 2
47 2
72 8
38 2
72 2
47 2
72 2
16 2
72 4
23 2
40 2
72 2
47 2
72 6
16 2
72 2
40 2
23 2
47 2
72 8
36 2
72 2
47 2
72 8
38 2
72 2
47 2
72 2
16 2
72 4
23 2
40 2
72 2
47 2
72 6
16 2
72 2
40 2
23 2
47 2
72 8
36 2
72 2
47 2
72 8
38 2
72 2
47 2
72 2
16 2
72 4
23 2
40 2
72 2
47 2
72 6
16 2
72 2
40 2
23 2
47 2
72 2
16 2
72 6
38 2
72 2
45 2
72 8
38 2
72 2
45 2
72 2
14 4
23 4
72 14
E
S
H
72 14
239 2
72 4
239 2
72 2
239 2
72 2
239 2
213 2
72 2
213 6
160 2
72 2
239 2
213 2
72 2
213 6
160 2
72 2
215 2
201 2
72 2
201 6
160 2
72 6
160 2
72 2
160 2
72 2
174 2
72 2
189 2
149 2
72 2
240 6
189 2
149 2
72 2
240 6
213 2
72 2
213 7
237 2
72 2
107 4
237 4
72 2
237 4
72 2
237 2
72 2
237 2
72 2
239 2
213 2
72 2
213 6
160 2
72 2
239 2
213 2
72 2
213 6
160 2
72 2
215 2
201 2
72 2
201 6
160 2
72 6
160 2
72 2
160 2
72 2
174 2
72 2
189 2
149 2
72 2
240 6
189 2
149 2
72 2
240 6
213 2
72 2
213 6
72 2
208 2
72 2
208 12
72 14
E
S
H
71 0
71 0
72 2
71 0
72 0
71 0
72 1
71 0
72 1
71 0
72 0
71 0
71 0
72 2
71 0
71 0
72 2
71 0
72 0
71 0
72 1
71 0
72 1
71 0
72 0
71 0
71 0
72 2
71 0
71 0
72 2
71 0
72 0
71 0
72 1
71 0
72 1
71 0
72 0
71 0
71 0
72 2
71 0
71 0
72 2
71 0
72 0
71 0
72 1
71 0
72 1
71 0
72 0
71 0
71 0
72 14
71 0
71 0
72 2
71 0
72 0
71 0
72 1
71 0
72 1
71 0
72 0
71 0
71 0
72 2
71 0
71 0
72 2
71 0
72 0
71 0
72 1
71 0
72 1
71 0
72 0
71 0
71 0
72 13
71 0
72 1
71 0
72 0
71 0
71 0
72 14
62 0
62 0
72 2
62 0
72 0
62 0
72 1
62 0
72 1
62 0
72 0
62 0
62 0
72 2
62 0
62 0
72 2
62 0
72 0
62 0
72 1
62 0
72 1
62 0
72 0
62 0
62 0
72 2
62 0
62 0
72 2
62 0
72 0
62 0
72 1
62 0
72 1
62 0
72 0
62 0
62 0
72 2
62 0
62 0
72 2
62 0
72 0
62 0
72 1
62 0
72 1
62 0
72 0
62 0
62 0
72 13
69 2
72 6
68 2
66 2
68 2
72 8
66 2
64 2
66 2
72 2
64 2
59 2
72 12
57 2
72 6
57 2
56 2
59 2
72 14
69 2
72 6
68 2
66 2
68 2
72 8
66 2
64 2
66 2
72 2
64 2
59 2
72 12
57 2
72 6
56 2
56 2
56 2
72 14
E
S
H
72 13
677 12
72 4
991 12
72 4
1305 14
677 12
72 4
991 12
72 4
1305 14
725 12
72 4
463 12
72 4
777 14
725 12
72 4
463 12
72 4
1785 14
72 13
1733 9
991 11
1305 13
1733 9
991 11
1305 13
1733 9
991 11
1305 13
1733 9
991 11
1785 14
1109 8
72 2
1423 10
72 2
1737 13
72 4
1109 8
72 2
1423 10
72 2
1737 13
72 4
1109 8
72 2
1423 10
72 2
1737 13
72 4
1109 8
72 2
1423 10
72 2
1737 14
72 14
E
S
L
72 14
244 12
153 7
244 6
218 6
153 6
244 8
218 8
205 7
153 13
72 13
12 9
14 11
16 13
12 9
14 11
16 13
12 9
14 11
16 13
12 9
14 11
16 14
72 13
4 2
72 4
11 2
72 9
4 2
72 4
11 2
72 13
4 2
72 4
11 2
72 9
4 2
72 4
11 2
72 13
4 2
72 4
11 2
72 9
4 2
72 4
11 2
72 13
4 2
72 4
11 2
72 9
4 2
72 4
11 2
72 4
4 2
72 13
415 2
72 2
1828 2
72 14
E
S
L
72 14
12 4
12 4
12 4
14 4
14 4
14 4
14 4
16 4
16 4
4 4
16 4
4 4
14 4
4 4
16 4
4 4
12 4
12 4
12 4
14 4
14 4
14 4
14 4
16 4
11 4
4 4
11 4
4 4
9 4
4 4
7 4
4 4
12 4
12 4
12 4
14 4
14 4
14 4
14 4
16 4
16 4
4 4
16 4
4 4
14 4
4 4
16 4
4 4
12 4
12 4
12 4
14 4
14 4
14 4
14 4
16 4
11 4
4 4
11 4
4 4
9 4
4 4
7 4
4 4
72 14
4 2
72 4
11 2
72 9
4 2
72 4
11 2
72 13
4 2
72 4
11 2
72 9
4 2
72 4
11 2
72 13
4 2
72 4
11 2
72 9
4 2
72 4
11 2
72 13
4 2
72 4
11 2
72 9
4 2
72 4
11 2
72 4
4 2
72 13
2 4
11 4
72 14
E
X
