minor
S
H
62 2
72 2
65 2
72 2
57 2
72 2
55 2
72 2
69 2
72 2
43 2
72 2
57 2
72 2
67 2
72 2
55 2
72 2
50 2
72 2
69 2
72 2
67 2
72 2
60 2
72 2
55 2
72 2
65 2
72 6
62 2
72 2
65 2
72 2
57 2
72 2
55 2
72 2
69 2
72 2
43 2
72 2
57 2
72 2
67 2
72 2
55 2
72 2
50 2
72 2
69 2
72 2
67 2
72 2
60 2
72 2
55 2
72 2
65 2
72 14
62 2
72 2
65 2
72 2
50 2
72 2
53 2
72 2
69 2
72 2
55 2
72 2
62 2
72 2
65 2
72 2
55 2
72 2
65 2
72 2
69 2
72 2
65 2
72 2
62 2
72 2
55 2
72 2
50 2
72 6
62 2
72 2
65 2
72 2
50 2
72 2
53 2
72 2
69 2
72 2
55 2
72 2
62 2
72 2
65 2
72 2
55 2
72 2
65 2
72 2
69 2
72 2
65 2
72 2
62 2
72 2
55 2
72 10
36 9
39 4
46 4
45 4
43 9
45 9
41 7
38 11
38 4
36 4
38 4
41 9
72 13
39 9
43 4
46 4
45 4
43 6
72 2
41 7
45 7
48 7
50 13
72 13
36 9
39 4
46 4
45 4
43 9
45 9
41 7
38 11
38 4
36 4
38 4
41 9
72 13
39 9
43 4
46 4
45 4
48 11
41 11
49 11
43 11
50 11
45 11
46 4
45 4
46 4
41 4
72 7
53 11
51 4
49 4
48 5
46 5
41 5
43 13
55 2
72 2
57 2
72 2
62 2
72 2
65 2
72 2
45 8
72 14
62 2
72 2
65 2
72 2
50 2
72 2
53 2
72 2
69 2
72 2
55 2
72 2
62 2
72 2
65 2
72 2
55 2
72 2
65 2
72 2
69 2
72 2
65 2
72 2
62 2
72 2
55 2
72 2
50 2
72 6
62 2
72 2
65 2
72 2
50 2
72 2
53 2
72 2
69 2
72 2
55 2
72 2
62 2
72 2
65 2
72 2
55 2
72 2
65 2
72 2
69 2
72 2
65 2
72 2
62 2
72 2
55 2
72 10
36 9
39 4
46 4
45 4
43 9
45 9
41 7
38 11
38 4
36 4
38 4
41 9
72 13
39 9
43 4
46 4
45 4
43 6
72 2
41 7
45 7
48 7
50 13
72 13
36 9
39 4
46 4
45 4
43 9
45 9
41 7
38 11
38 4
36 4
38 4
41 9
72 13
39 9
43 4
46 4
45 4
48 11
41 11
49 11
43 11
50 11
45 11
46 4
45 4
46 4
41 4
72 7
53 11
51 4
49 4
48 5
46 5
41 5
43 13
55 2
72 2
57 2
72 2
62 2
72 2
65 2
72 2
45 8
E
S
L
72 14
15 9
72 4
15 4
17 4
21 4
24 4
15 11
72 7
14 4
14 4
72 7
7 4
7 4
72 4
14 7
14 4
17 4
9 4
19 4
19 4
19 4
19 9
14 4
7 4
7 4
7 4
72 4
19 4
19 9
14 4
10 7
22 4
17 7
17 4
10 4
10 4
12 7
72 4
17 11
5 4
5 7
12 4
17 7
17 4
17 2
72 2
12 11
14 11
14 4
14 4
14 10
72 2
14 4
72 4
7 4
7 4
72 4
14 7
14 4
17 4
9 4
19 4
19 4
19 4
19 9
14 4
7 4
7 4
7 4
72 4
19 4
19 9
14 4
10 7
17 4
17 7
14 4
17 4
21 4
12 7
24 4
14 10
72 2
14 6
72 2
24 4
21 4
29 4
24 4
14 6
72 2
14 4
12 7
24 4
14 10
72 2
14 6
72 2
14 4
14 2
72 2
14 7
14 4
17 4
22 4
72 7
15 7
15 4
15 4
72 7
14 6
72 6
14 9
14 4
14 4
7 4
72 4
7 4
17 4
14 4
19 4
29 4
21 4
7 4
21 4
14 4
24 4
17 4
31 4
14 4
26 4
7 4
19 4
14 4
17 4
24 4
14 4
29 4
21 4
7 4
21 4
14 4
24 4
17 4
31 4
14 4
26 4
12 7
72 4
12 9
72 4
12 4
17 7
72 4
17 7
12 4
17 2
72 2
17 4
10 7
72 4
10 7
12 4
14 4
17 4
19 7
72 4
19 7
14 4
17 4
14 4
12 7
72 4
12 9
72 4
12 4
17 7
72 4
17 7
12 4
17 2
72 2
17 4
19 7
72 4
19 7
14 4
19 2
72 2
19 4
17 7
72 4
17 4
26 4
17 4
19 4
14 4
12 7
72 4
12 9
72 4
12 4
17 7
72 4
17 7
12 4
17 2
72 2
17 4
10 7
72 4
10 7
12 4
14 4
17 4
19 7
72 4
19 7
14 4
17 4
14 4
12 7
72 4
12 9
72 4
12 4
14 7
72 4
14 9
72 4
14 4
15 7
72 4
15 9
72 4
15 4
17 7
72 4
17 4
72 4
17 4
17 4
17 4
19 4
19 4
19 4
17 4
72 7
15 10
72 8
14 5
14 5
14 5
19 9
19 4
19 4
19 7
19 4
19 4
72 11
14 7
72 4
7 4
7 4
72 4
14 7
14 4
17 4
9 4
19 4
19 4
19 4
19 9
14 4
7 4
7 4
7 4
72 4
19 4
19 9
14 4
10 7
22 4
17 7
17 4
10 4
10 4
12 7
72 4
17 11
5 4
5 7
12 4
17 7
17 4
17 2
72 2
12 11
14 11
14 4
14 4
14 10
72 2
14 4
72 4
7 4
7 4
72 4
14 7
14 4
17 4
9 4
19 4
19 4
19 4
19 9
14 4
7 4
7 4
7 4
72 4
19 4
19 9
14 4
10 7
17 4
17 7
14 4
17 4
21 4
12 7
24 4
14 10
72 2
14 6
72 2
24 4
21 4
29 4
24 4
14 6
72 2
14 4
12 7
24 4
14 10
72 2
14 6
72 2
14 4
14 2
72 2
14 7
14 4
17 4
22 4
72 7
15 7
15 4
15 4
72 7
14 6
72 6
14 9
14 4
14 4
7 4
72 4
7 4
17 4
14 4
19 4
29 4
21 4
7 4
21 4
14 4
24 4
17 4
31 4
14 4
26 4
7 4
19 4
14 4
17 4
24 4
14 4
29 4
21 4
7 4
21 4
14 4
24 4
17 4
31 4
14 4
26 4
12 7
72 4
12 9
72 4
12 4
17 7
72 4
17 7
12 4
17 2
72 2
17 4
10 7
72 4
10 7
12 4
14 4
17 4
19 7
72 4
19 7
14 4
17 4
14 4
12 7
72 4
12 9
72 4
12 4
17 7
72 4
17 7
12 4
17 2
72 2
17 4
19 7
72 4
19 7
14 4
19 2
72 2
19 4
17 7
72 4
17 4
26 4
17 4
19 4
14 4
12 7
72 4
12 9
72 4
12 4
17 7
72 4
17 7
12 4
17 2
72 2
17 4
10 7
72 4
10 7
12 4
14 4
17 4
19 7
72 4
19 7
14 4
17 4
14 4
12 7
72 4
12 9
72 4
12 4
14 7
72 4
14 9
72 4
14 4
15 7
72 4
15 9
72 4
15 4
17 7
72 4
17 4
72 4
17 4
17 4
17 4
19 4
19 4
19 4
17 4
72 7
15 10
72 8
14 5
14 5
14 5
19 9
19 4
19 4
19 7
19 4
19 4
72 11
14 7
E
S
H
72 14
57 4
51 4
48 4
45 4
39 4
38 4
36 12
57 4
57 4
72 11
31 4
36 4
34 4
33 4
34 4
41 11
72 2
38 4
36 4
38 4
45 11
72 2
41 4
38 4
41 4
50 11
45 11
72 4
43 4
39 4
41 4
36 13
72 4
36 4
39 4
41 4
43 7
39 4
41 4
45 11
72 4
48 4
72 4
48 7
46 4
50 4
72 9
31 4
36 4
34 4
33 4
34 4
41 11
72 2
38 4
36 4
38 4
45 11
72 2
41 4
38 4
41 4
50 11
45 11
72 4
43 4
39 4
41 4
45 12
72 4
36 4
72 4
36 4
38 4
41 4
43 4
39 4
41 4
48 11
72 9
50 6
72 2
50 4
48 4
46 4
72 7
44 4
72 4
46 4
49 4
72 7
43 4
72 7
45 4
72 7
53 4
72 14
31 4
36 4
34 4
33 4
34 4
41 11
72 2
38 4
36 4
38 4
45 11
72 2
41 4
38 4
41 4
50 11
45 11
72 4
43 4
39 4
41 4
36 13
72 4
36 4
39 4
41 4
43 7
39 4
41 4
45 11
72 4
48 4
72 4
48 7
46 4
50 4
72 9
31 4
36 4
34 4
33 4
34 4
41 11
72 2
38 4
36 4
38 4
45 11
72 2
41 4
38 4
41 4
50 11
45 11
72 4
43 4
39 4
41 4
45 12
72 4
36 4
72 4
36 4
38 4
41 4
43 4
39 4
41 4
48 11
72 9
50 6
72 2
50 4
48 4
46 4
72 7
44 4
72 4
46 4
49 4
72 7
43 4
72 7
45 4
72 7
53 4
E
S
H
72 14
51 4
48 4
45 4
39 4
36 4
36 4
33 12
45 4
45 4
72 14
34 4
33 4
34 4
41 11
72 2
38 4
34 4
38 4
46 11
41 11
72 4
34 12
34 9
33 7
31 7
72 4
39 7
36 4
38 4
41 11
72 4
45 4
72 4
45 7
43 4
46 4
72 14
34 4
33 4
34 4
41 11
72 2
38 4
34 4
38 4
46 11
41 11
72 4
34 9
36 12
72 4
33 7
33 4
29 4
33 4
34 9
45 12
72 4
45 7
45 4
41 4
38 4
72 7
37 7
37 4
41 7
72 4
36 4
72 7
36 4
72 7
45 4
72 9
50 2
72 2
38 2
72 2
43 2
72 2
31 2
72 2
43 2
72 2
50 2
72 6
50 2
72 2
43 2
72 2
50 2
72 2
31 2
72 2
43 2
72 2
55 2
72 2
43 2
72 8
50 2
72 2
38 2
72 2
43 2
72 2
31 2
72 2
43 2
72 2
50 2
72 6
50 2
72 2
43 2
72 2
50 2
72 2
31 2
72 2
43 2
72 2
55 2
72 2
43 2
72 14
50 2
72 2
53 2
72 2
55 2
72 2
62 2
72 14
34 4
33 4
34 4
41 11
72 2
38 4
34 4
38 4
46 11
41 11
72 4
34 12
34 9
33 7
31 7
72 4
39 7
36 4
38 4
41 11
72 4
45 4
72 4
45 7
43 4
46 4
72 14
34 4
33 4
34 4
41 11
72 2
38 4
34 4
38 4
46 11
41 11
72 4
34 9
36 12
72 4
33 7
33 4
29 4
33 4
34 9
45 12
72 4
45 7
45 4
41 4
38 4
72 7
37 7
37 4
41 7
72 4
36 4
72 7
36 4
72 7
45 4
72 9
50 2
72 2
38 2
72 2
43 2
72 2
31 2
72 2
43 2
72 2
50 2
72 6
50 2
72 2
43 2
72 2
50 2
72 2
31 2
72 2
43 2
72 2
55 2
72 2
43 2
72 8
50 2
72 2
38 2
72 2
43 2
72 2
31 2
72 2
43 2
72 2
50 2
72 6
50 2
72 2
43 2
72 2
50 2
72 2
31 2
72 2
43 2
72 2
55 2
72 2
43 2
E
S
H
43 2
72 2
48 2
72 2
45 2
72 2
50 2
72 2
55 2
72 10
43 2
72 2
50 2
72 2
45 2
72 2
53 2
72 2
48 2
72 2
57 2
72 6
60 2
72 2
43 2
72 2
48 2
72 2
45 2
72 2
50 2
72 2
55 2
72 2
48 2
72 2
43 2
72 2
45 2
72 2
43 2
72 2
50 2
72 2
45 2
72 2
53 2
72 2
48 2
72 2
57 2
72 6
60 2
E
S
H
72 4
67 2
72 6
67 2
72 6
67 2
72 6
63 2
72 6
67 2
72 6
67 2
72 6
67 2
72 6
67 2
72 6
67 2
72 6
67 2
72 6
67 2
72 6
63 2
72 14
67 2
67 2
67 2
72 12
67 2
67 2
67 2
72 12
67 2
67 2
67 2
72 12
67 2
67 2
67 2
72 14
67 2
67 2
67 2
72 12
67 2
67 2
67 2
72 12
67 2
67 2
67 2
72 12
67 2
67 2
67 2
E
S
H
72 14
47 2
47 2
72 14
46 2
46 2
E
X
