minor
S
H
72 14
39 2
44 2
48 2
51 2
39 2
44 2
48 2
51 2
39 2
44 2
48 2
51 2
39 2
44 2
48 2
51 2
39 2
44 2
48 2
51 2
39 2
44 2
48 2
51 2
39 2
44 2
48 2
51 2
39 2
44 2
48 2
51 2
41 2
46 2
50 2
53 2
41 2
46 2
50 2
53 2
41 2
46 2
50 2
53 2
41 2
46 2
50 2
53 2
41 2
46 2
50 2
53 2
41 2
46 2
50 2
53 2
41 2
46 2
50 2
53 2
41 2
46 2
50 2
53 2
39 2
44 2
48 2
51 2
39 2
44 2
48 2
51 2
39 2
44 2
48 2
51 2
39 2
44 2
48 2
51 2
39 2
44 2
48 2
51 2
39 2
44 2
48 2
51 2
39 2
44 2
48 2
51 2
39 2
44 2
48 2
51 2
41 2
46 2
50 2
53 2
41 2
46 2
50 2
53 2
41 2
46 2
50 2
53 2
41 2
46 2
50 2
53 2
43 2
47 2
50 2
55 2
43 2
47 2
E
S
L
72 14
185 14
185 14
72 7
185 7
72 7
185 7
72 7
185 7
72 7
185 4
185 4
72 7
185 7
72 7
185 7
72 7
185 7
72 7
171 7
137 13
72 7
137 9
137 9
163 13
72 7
163 9
163 9
137 13
72 7
137 9
137 9
26 11
26 5
22 5
26 5
240 2
136 2
187 2
240 2
136 2
187 2
240 2
136 2
238 2
132 2
172 2
235 2
136 2
163 2
238 2
136 2
51 12
50 7
41 4
46 4
53 4
72 4
50 4
72 4
50 4
51 12
48 13
51 12
50 7
41 4
46 4
53 4
72 4
50 4
72 4
50 4
48 14
E
S
H
72 2
26 2
29 2
34 2
38 2
29 2
34 2
38 2
41 2
34 2
38 2
41 2
46 2
38 2
41 2
46 2
72 14
44 11
44 4
48 4
72 4
48 4
51 2
48 2
48 2
51 2
44 2
48 2
51 2
56 2
51 11
46 11
46 4
50 7
58 9
56 7
55 7
53 7
44 11
44 4
48 4
72 4
48 4
51 2
48 2
48 2
51 2
44 2
48 2
51 2
56 2
51 9
19 2
22 2
26 2
29 2
19 2
22 2
26 2
29 2
19 2
22 2
26 2
29 2
19 2
22 2
26 2
29 2
E
S
L
72 14
185 14
185 14
72 7
185 7
72 7
185 7
72 7
185 7
72 7
185 4
185 4
72 7
185 7
72 7
185 7
72 7
185 7
72 7
171 7
137 13
72 7
137 9
137 9
163 13
72 7
163 9
163 9
137 13
72 7
137 9
137 9
26 11
26 5
22 5
26 5
240 2
136 2
187 2
240 2
136 2
187 2
240 2
136 2
238 2
132 2
172 2
235 2
136 2
163 2
238 2
136 2
51 12
50 7
41 4
46 4
53 4
72 4
50 4
72 4
50 4
51 12
48 13
51 12
50 7
41 4
46 4
53 4
72 4
50 4
72 4
50 4
48 14
E
S
H
72 2
26 2
29 2
34 2
38 2
29 2
34 2
38 2
41 2
34 2
38 2
41 2
46 2
38 2
41 2
46 2
72 14
44 11
44 4
48 4
72 4
48 4
51 2
48 2
48 2
51 2
44 2
48 2
51 2
56 2
51 11
46 11
46 4
50 7
58 9
56 7
55 7
53 7
44 11
44 4
48 4
72 4
48 4
51 2
48 2
48 2
51 2
44 2
48 2
51 2
56 2
51 9
19 2
22 2
26 2
29 2
19 2
22 2
26 2
29 2
19 2
22 2
26 2
29 2
19 2
22 2
26 2
29 2
E
S
L
72 13
10 4
12 4
72 4
12 4
72 7
10 4
12 4
72 4
12 4
72 4
10 4
12 4
15 4
72 7
10 4
12 4
72 4
12 4
72 7
10 4
12 4
72 4
12 4
72 4
10 4
12 4
15 4
72 7
5 4
10 4
72 4
10 4
72 7
5 4
10 4
72 4
10 4
72 4
5 4
10 4
15 4
72 7
5 4
10 4
72 4
10 4
72 7
5 4
10 4
72 4
10 4
72 4
5 4
10 4
15 4
72 7
10 4
12 4
72 4
12 4
72 7
10 4
12 4
72 4
12 4
72 4
10 4
12 4
15 4
72 7
10 4
12 4
72 4
12 4
72 7
10 4
12 4
72 4
12 4
72 4
10 4
12 4
15 4
72 7
5 4
10 4
72 4
10 4
72 7
5 4
10 4
72 4
10 4
72 4
5 4
10 4
15 4
72 7
5 4
10 4
72 4
10 4
72 7
5 4
10 4
72 4
10 4
72 4
5 4
10 4
15 4
72 7
12 7
72 14
0 7
72 7
0 7
72 7
0 7
72 7
0 4
0 4
72 7
0 7
72 7
0 7
72 7
0 7
72 7
0 4
0 4
72 7
0 7
72 7
0 7
72 7
0 7
72 7
0 4
0 4
72 7
0 7
72 7
0 7
72 7
0 7
0 4
12 4
10 4
10 4
8 4
8 2
8 2
8 4
8 2
8 2
8 4
8 2
8 2
8 4
8 2
8 2
8 4
8 2
8 2
8 4
8 2
8 2
8 4
8 2
8 2
8 4
8 2
8 2
10 4
10 2
10 2
10 4
10 2
10 2
10 4
10 2
10 2
10 4
10 2
10 2
10 4
10 2
10 2
10 4
10 2
10 2
10 4
10 2
10 2
10 4
10 2
10 2
8 4
8 2
8 2
8 4
8 2
8 2
8 4
8 2
8 2
8 4
8 2
8 2
8 4
8 2
8 2
8 4
8 2
8 2
8 4
8 2
8 2
8 4
8 2
8 2
10 4
10 2
10 2
10 4
10 2
10 2
10 4
10 2
10 2
10 4
10 2
10 2
11 4
11 2
11 2
11 4
11 2
11 2
11 4
11 2
11 2
11 4
11 2
11 2
12 4
12 2
12 2
12 4
12 2
12 2
12 4
12 2
12 2
12 4
12 2
12 2
12 4
12 2
12 2
12 4
12 2
12 2
12 4
12 2
12 2
12 4
12 2
12 2
12 4
12 2
12 2
12 4
12 2
12 2
12 4
12 2
12 2
12 4
12 2
12 2
12 4
12 2
12 2
12 4
12 2
12 2
12 4
12 2
12 2
12 4
12 2
12 2
12 4
12 2
12 2
12 4
12 2
12 2
12 4
12 2
12 2
12 4
12 2
12 2
12 4
12 2
12 2
12 4
12 2
12 2
12 4
12 2
12 2
12 4
12 2
12 2
12 4
12 4
14 4
16 4
72 4
12 4
14 4
16 4
72 4
12 4
14 4
16 4
72 4
12 4
14 4
16 13
12 4
12 4
E
X
