minor
S
L
72 14
2 4
4 9
6 13
4 12
6 4
10 4
11 12
11 4
13 11
13 7
8 7
6 12
1 4
6 4
4 12
4 4
3 4
2 13
1 13
2 2
2 2
2 2
2 2
72 2
2 2
72 2
2 2
72 2
2 2
72 2
2 2
2 7
4 2
4 2
4 2
4 2
72 2
4 2
72 2
4 2
72 2
4 2
72 2
4 2
4 7
6 7
8 7
9 7
11 7
1 4
72 2
1 4
72 2
1 4
72 2
1 4
72 2
8 7
6 4
6 2
6 2
6 4
6 2
6 2
6 4
6 2
6 2
6 4
6 2
6 2
6 4
6 2
6 2
6 4
6 2
6 2
6 4
6 2
6 2
6 4
6 2
6 2
6 4
6 2
6 2
6 4
6 2
6 2
6 4
6 2
6 2
6 4
6 2
6 2
6 4
6 2
6 2
6 4
6 2
6 2
6 4
6 2
6 2
6 4
6 2
6 2
9 4
9 2
9 2
9 4
9 2
9 2
9 4
9 2
9 2
9 4
9 2
9 2
11 4
11 2
11 2
11 4
11 2
11 2
11 4
11 2
11 2
11 4
11 2
11 2
1 4
1 2
1 2
1 4
1 2
1 2
1 4
1 2
1 2
1 4
1 2
1 2
1 4
1 2
1 2
1 4
1 2
1 2
1 4
1 2
1 2
1 4
1 2
1 2
9 4
9 2
9 2
9 4
9 2
9 2
9 4
9 2
9 2
9 4
9 2
9 2
11 4
11 2
11 2
11 4
11 2
11 2
11 4
11 2
11 2
11 4
11 2
11 2
13 4
13 2
13 2
13 4
13 2
13 2
13 4
13 2
13 2
13 4
13 2
13 2
13 4
13 2
13 2
13 4
13 2
13 2
11 4
11 2
11 2
11 4
11 2
11 2
9 4
9 2
9 2
9 4
9 2
9 2
9 4
9 2
9 2
9 4
9 2
9 2
11 4
11 2
11 2
11 4
11 2
11 2
11 4
11 2
11 2
11 4
11 2
11 2
1 4
1 2
1 2
1 4
1 2
1 2
1 4
1 2
1 2
1 4
1 2
1 2
1 4
1 2
1 2
1 4
1 2
1 2
1 4
1 2
1 2
1 7
6 4
6 2
6 2
6 4
6 2
6 2
6 4
6 2
6 2
6 4
6 2
6 2
6 4
6 2
6 2
6 4
6 2
6 2
6 4
6 2
6 2
6 4
6 2
6 2
6 4
6 2
6 2
6 4
6 2
6 2
6 4
6 2
6 2
6 4
6 2
6 2
6 4
6 2
6 2
6 4
6 2
6 2
6 4
6 2
6 2
6 4
6 2
6 2
9 4
9 2
9 2
9 4
9 2
9 2
9 4
9 2
9 2
9 4
9 2
9 2
11 4
11 2
11 2
11 4
11 2
11 2
11 4
11 2
11 2
11 4
11 2
11 2
1 4
1 2
1 2
1 4
1 2
1 2
1 4
1 2
1 2
1 4
1 2
1 2
1 4
1 2
1 2
1 4
1 2
1 2
1 4
1 2
1 2
1 4
1 2
1 2
9 4
9 2
9 2
9 4
9 2
9 2
9 4
9 2
9 2
9 4
9 2
9 2
11 4
11 2
11 2
11 4
11 2
11 2
11 4
11 2
11 2
11 4
11 2
11 2
13 4
13 2
13 2
13 4
13 2
13 2
13 4
13 2
13 2
13 4
13 2
13 2
13 4
13 2
13 2
13 4
13 2
13 2
11 4
11 2
11 2
11 4
11 2
11 2
9 4
9 2
9 2
9 4
9 2
9 2
9 4
9 2
9 2
9 4
9 2
9 2
11 4
11 2
11 2
11 4
11 2
11 2
11 4
11 2
11 2
11 4
11 2
11 2
1 4
1 2
1 2
1 4
1 2
1 2
1 4
1 2
1 2
1 4
1 2
1 2
1 4
1 2
1 2
1 4
1 2
1 2
1 4
1 2
1 2
1 7
E
S
L
72 14
2 4
4 9
6 13
4 12
6 4
10 4
11 12
11 4
13 11
13 7
8 7
6 12
1 4
6 4
4 12
4 4
3 4
2 13
1 13
2 2
2 2
2 2
2 2
72 2
2 2
72 2
2 2
72 2
2 2
72 2
2 2
2 7
4 2
4 2
4 2
4 2
72 2
4 2
72 2
4 2
72 2
4 2
72 2
4 2
4 7
6 7
8 7
9 7
11 7
1 4
72 2
1 4
72 2
1 4
72 2
1 4
72 2
8 7
6 4
6 2
6 2
6 4
6 2
6 2
6 4
6 2
6 2
6 4
6 2
6 2
6 4
6 2
6 2
6 4
6 2
6 2
6 4
6 2
6 2
6 4
6 2
6 2
6 4
6 2
6 2
6 4
6 2
6 2
6 4
6 2
6 2
6 4
6 2
6 2
6 4
6 2
6 2
6 4
6 2
6 2
6 4
6 2
6 2
6 4
6 2
6 2
9 4
9 2
9 2
9 4
9 2
9 2
9 4
9 2
9 2
9 4
9 2
9 2
11 4
11 2
11 2
11 4
11 2
11 2
11 4
11 2
11 2
11 4
11 2
11 2
1 4
1 2
1 2
1 4
1 2
1 2
1 4
1 2
1 2
1 4
1 2
1 2
1 4
1 2
1 2
1 4
1 2
1 2
1 4
1 2
1 2
1 4
1 2
1 2
9 4
9 2
9 2
9 4
9 2
9 2
9 4
9 2
9 2
9 4
9 2
9 2
11 4
11 2
11 2
11 4
11 2
11 2
11 4
11 2
11 2
11 4
11 2
11 2
13 4
13 2
13 2
13 4
13 2
13 2
13 4
13 2
13 2
13 4
13 2
13 2
13 4
13 2
13 2
13 4
13 2
13 2
11 4
11 2
11 2
11 4
11 2
11 2
9 4
9 2
9 2
9 4
9 2
9 2
9 4
9 2
9 2
9 4
9 2
9 2
11 4
11 2
11 2
11 4
11 2
11 2
11 4
11 2
11 2
11 4
11 2
11 2
1 4
1 2
1 2
1 4
1 2
1 2
1 4
1 2
1 2
1 4
1 2
1 2
1 4
1 2
1 2
1 4
1 2
1 2
1 4
1 2
1 2
1 7
6 4
6 2
6 2
6 4
6 2
6 2
6 4
6 2
6 2
6 4
6 2
6 2
6 4
6 2
6 2
6 4
6 2
6 2
6 4
6 2
6 2
6 4
6 2
6 2
6 4
6 2
6 2
6 4
6 2
6 2
6 4
6 2
6 2
6 4
6 2
6 2
6 4
6 2
6 2
6 4
6 2
6 2
6 4
6 2
6 2
6 4
6 2
6 2
9 4
9 2
9 2
9 4
9 2
9 2
9 4
9 2
9 2
9 4
9 2
9 2
11 4
11 2
11 2
11 4
11 2
11 2
11 4
11 2
11 2
11 4
11 2
11 2
1 4
1 2
1 2
1 4
1 2
1 2
1 4
1 2
1 2
1 4
1 2
1 2
1 4
1 2
1 2
1 4
1 2
1 2
1 4
1 2
1 2
1 4
1 2
1 2
9 4
9 2
9 2
9 4
9 2
9 2
9 4
9 2
9 2
9 4
9 2
9 2
11 4
11 2
11 2
11 4
11 2
11 2
11 4
11 2
11 2
11 4
11 2
11 2
13 4
13 2
13 2
13 4
13 2
13 2
13 4
13 2
13 2
13 4
13 2
13 2
13 4
13 2
13 2
13 4
13 2
13 2
11 4
11 2
11 2
11 4
11 2
11 2
9 4
9 2
9 2
9 4
9 2
9 2
9 4
9 2
9 2
9 4
9 2
9 2
11 4
11 2
11 2
11 4
11 2
11 2
11 4
11 2
11 2
11 4
11 2
11 2
1 4
1 2
1 2
1 4
1 2
1 2
1 4
1 2
1 2
1 4
1 2
1 2
1 4
1 2
1 2
1 4
1 2
1 2
1 4
1 2
1 2
1 7
E
S
L
72 14
198 13
499 2
499 2
499 2
499 2
72 2
499 2
72 2
499 2
72 2
499 2
72 2
499 2
499 4
499 4
813 2
813 2
813 2
813 2
72 2
813 2
72 2
813 2
72 2
813 2
72 2
813 2
813 4
813 4
983 7
1297 7
1454 7
1768 7
342 13
983 4
983 2
983 2
983 4
983 2
983 2
983 4
983 2
983 2
983 4
983 2
983 2
983 4
983 2
983 2
983 4
983 2
983 2
983 4
983 2
983 2
983 4
983 2
983 2
983 4
983 2
983 2
983 4
983 2
983 2
983 4
983 2
983 2
983 4
983 2
983 2
983 4
983 2
983 2
983 4
983 2
983 2
983 4
983 2
983 2
983 4
983 2
983 2
1454 4
1454 2
1454 2
1454 4
1454 2
1454 2
1454 4
1454 2
1454 2
1454 4
1454 2
1454 2
1768 4
1768 2
1768 2
1768 4
1768 2
1768 2
1768 4
1768 2
1768 2
1768 4
1768 2
1768 2
342 4
342 2
342 2
342 4
342 2
342 2
342 4
342 2
342 2
342 4
342 2
342 2
342 4
342 2
342 2
342 4
342 2
342 2
342 4
342 2
342 2
342 4
342 2
342 2
1454 4
1454 2
1454 2
1454 4
1454 2
1454 2
1454 4
1454 2
1454 2
1454 4
1454 2
1454 2
1768 4
1768 2
1768 2
1768 4
1768 2
1768 2
1768 4
1768 2
1768 2
1768 4
1768 2
1768 2
342 4
342 2
342 2
342 4
342 2
342 2
342 4
342 2
342 2
342 4
342 2
342 2
342 4
342 2
342 2
342 4
342 2
342 2
1768 4
1768 2
1768 2
1768 4
1768 2
1768 2
1454 4
1454 2
1454 2
1454 4
1454 2
1454 2
1454 4
1454 2
1454 2
1454 4
1454 2
1454 2
1768 4
1768 2
1768 2
1768 4
1768 2
1768 2
1768 4
1768 2
1768 2
1768 4
1768 2
1768 2
342 4
342 2
342 2
342 4
342 2
342 2
342 4
342 2
342 2
342 4
342 2
342 2
342 4
342 2
342 2
342 4
342 2
342 2
342 4
342 2
342 2
342 7
983 4
983 2
983 2
983 4
983 2
983 2
983 4
983 2
983 2
983 4
983 2
983 2
983 4
983 2
983 2
983 4
983 2
983 2
983 4
983 2
983 2
983 4
983 2
983 2
983 4
983 2
983 2
983 4
983 2
983 2
983 4
983 2
983 2
983 4
983 2
983 2
983 4
983 2
983 2
983 4
983 2
983 2
983 4
983 2
983 2
983 4
983 2
983 2
1454 4
1454 2
1454 2
1454 4
1454 2
1454 2
1454 4
1454 2
1454 2
1454 4
1454 2
1454 2
1768 4
1768 2
1768 2
1768 4
1768 2
1768 2
1768 4
1768 2
1768 2
1768 4
1768 2
1768 2
342 4
342 2
342 2
342 4
342 2
342 2
342 4
342 2
342 2
342 4
342 2
342 2
342 4
342 2
342 2
342 4
342 2
342 2
342 4
342 2
342 2
342 4
342 2
342 2
1454 4
1454 2
1454 2
1454 4
1454 2
1454 2
1454 4
1454 2
1454 2
1454 4
1454 2
1454 2
1768 4
1768 2
1768 2
1768 4
1768 2
1768 2
1768 4
1768 2
1768 2
1768 4
1768 2
1768 2
342 4
342 2
342 2
342 4
342 2
342 2
342 4
342 2
342 2
342 4
342 2
342 2
342 4
342 2
342 2
342 4
342 2
342 2
1768 4
1768 2
1768 2
1768 4
1768 2
1768 2
1454 4
1454 2
1454 2
1454 4
1454 2
1454 2
1454 4
1454 2
1454 2
1454 4
1454 2
1454 2
1768 4
1768 2
1768 2
1768 4
1768 2
1768 2
1768 4
1768 2
1768 2
1768 4
1768 2
1768 2
342 4
342 2
342 2
342 4
342 2
342 2
342 4
342 2
342 2
342 4
342 2
342 2
342 4
342 2
342 2
342 4
342 2
342 2
342 4
342 2
342 2
342 7
E
S
L
72 14
198 13
499 2
499 2
499 2
499 2
72 2
499 2
72 2
499 2
72 2
499 2
72 2
499 2
499 4
499 4
813 2
813 2
813 2
813 2
72 2
813 2
72 2
813 2
72 2
813 2
72 2
813 2
813 4
813 4
983 7
1297 7
1454 7
1768 7
342 13
983 4
983 2
983 2
983 4
983 2
983 2
983 4
983 2
983 2
983 4
983 2
983 2
983 4
983 2
983 2
983 4
983 2
983 2
983 4
983 2
983 2
983 4
983 2
983 2
983 4
983 2
983 2
983 4
983 2
983 2
983 4
983 2
983 2
983 4
983 2
983 2
983 4
983 2
983 2
983 4
983 2
983 2
983 4
983 2
983 2
983 4
983 2
983 2
1454 4
1454 2
1454 2
1454 4
1454 2
1454 2
1454 4
1454 2
1454 2
1454 4
1454 2
1454 2
1768 4
1768 2
1768 2
1768 4
1768 2
1768 2
1768 4
1768 2
1768 2
1768 4
1768 2
1768 2
342 4
342 2
342 2
342 4
342 2
342 2
342 4
342 2
342 2
342 4
342 2
342 2
342 4
342 2
342 2
342 4
342 2
342 2
342 4
342 2
342 2
342 4
342 2
342 2
1454 4
1454 2
1454 2
1454 4
1454 2
1454 2
1454 4
1454 2
1454 2
1454 4
1454 2
1454 2
1768 4
1768 2
1768 2
1768 4
1768 2
1768 2
1768 4
1768 2
1768 2
1768 4
1768 2
1768 2
342 4
342 2
342 2
342 4
342 2
342 2
342 4
342 2
342 2
342 4
342 2
342 2
342 4
342 2
342 2
342 4
342 2
342 2
1768 4
1768 2
1768 2
1768 4
1768 2
1768 2
1454 4
1454 2
1454 2
1454 4
1454 2
1454 2
1454 4
1454 2
1454 2
1454 4
1454 2
1454 2
1768 4
1768 2
1768 2
1768 4
1768 2
1768 2
1768 4
1768 2
1768 2
1768 4
1768 2
1768 2
342 4
342 2
342 2
342 4
342 2
342 2
342 4
342 2
342 2
342 4
342 2
342 2
342 4
342 2
342 2
342 4
342 2
342 2
342 4
342 2
342 2
342 7
983 4
983 2
983 2
983 4
983 2
983 2
983 4
983 2
983 2
983 4
983 2
983 2
983 4
983 2
983 2
983 4
983 2
983 2
983 4
983 2
983 2
983 4
983 2
983 2
983 4
983 2
983 2
983 4
983 2
983 2
983 4
983 2
983 2
983 4
983 2
983 2
983 4
983 2
983 2
983 4
983 2
983 2
983 4
983 2
983 2
983 4
983 2
983 2
1454 4
1454 2
1454 2
1454 4
1454 2
1454 2
1454 4
1454 2
1454 2
1454 4
1454 2
1454 2
1768 4
1768 2
1768 2
1768 4
1768 2
1768 2
1768 4
1768 2
1768 2
1768 4
1768 2
1768 2
342 4
342 2
342 2
342 4
342 2
342 2
342 4
342 2
342 2
342 4
342 2
342 2
342 4
342 2
342 2
342 4
342 2
342 2
342 4
342 2
342 2
342 4
342 2
342 2
1454 4
1454 2
1454 2
1454 4
1454 2
1454 2
1454 4
1454 2
1454 2
1454 4
1454 2
1454 2
1768 4
1768 2
1768 2
1768 4
1768 2
1768 2
1768 4
1768 2
1768 2
1768 4
1768 2
1768 2
342 4
342 2
342 2
342 4
342 2
342 2
342 4
342 2
342 2
342 4
342 2
342 2
342 4
342 2
342 2
342 4
342 2
342 2
1768 4
1768 2
1768 2
1768 4
1768 2
1768 2
1454 4
1454 2
1454 2
1454 4
1454 2
1454 2
1454 4
1454 2
1454 2
1454 4
1454 2
1454 2
1768 4
1768 2
1768 2
1768 4
1768 2
1768 2
1768 4
1768 2
1768 2
1768 4
1768 2
1768 2
342 4
342 2
342 2
342 4
342 2
342 2
342 4
342 2
342 2
342 4
342 2
342 2
342 4
342 2
342 2
342 4
342 2
342 2
342 4
342 2
342 2
342 7
E
S
H
72 14
37 4
25 4
41 4
29 4
44 4
32 4
49 4
37 4
42 4
47 4
49 4
42 4
52 4
42 4
51 4
42 4
47 4
52 4
42 4
51 4
42 4
49 4
42 4
47 4
42 4
47 4
49 4
42 4
52 4
42 4
51 4
42 4
47 4
52 4
42 4
51 4
42 4
49 4
42 4
47 4
40 4
33 4
37 4
33 4
40 4
33 4
37 4
33 4
40 4
33 4
37 4
33 4
40 4
33 4
37 4
33 4
42 4
37 4
40 4
37 4
42 4
37 4
40 4
37 4
42 4
37 4
40 4
37 4
42 4
37 4
40 4
37 4
49 13
47 13
52 13
51 11
47 11
44 13
42 13
37 14
42 4
47 4
49 4
42 4
52 4
42 4
51 4
42 4
47 4
52 4
42 4
51 4
42 4
49 4
42 4
47 4
42 4
47 4
49 4
42 4
52 4
42 4
51 4
42 4
47 4
52 4
42 4
51 4
42 4
49 4
42 4
47 4
40 4
33 4
37 4
33 4
40 4
33 4
37 4
33 4
40 4
33 4
37 4
33 4
40 4
33 4
37 4
33 4
42 4
37 4
40 4
37 4
42 4
37 4
40 4
37 4
42 4
37 4
40 4
37 4
42 4
37 4
40 4
37 4
49 13
47 13
52 13
51 11
47 11
44 13
42 13
37 14
E
S
H
72 14
37 4
25 4
41 4
29 4
44 4
32 4
49 4
37 4
42 4
47 4
49 4
42 4
52 4
42 4
51 4
42 4
47 4
52 4
42 4
51 4
42 4
49 4
42 4
47 4
42 4
47 4
49 4
42 4
52 4
42 4
51 4
42 4
47 4
52 4
42 4
51 4
42 4
49 4
42 4
47 4
40 4
33 4
37 4
33 4
40 4
33 4
37 4
33 4
40 4
33 4
37 4
33 4
40 4
33 4
37 4
33 4
42 4
37 4
40 4
37 4
42 4
37 4
40 4
37 4
42 4
37 4
40 4
37 4
42 4
37 4
40 4
37 4
49 13
47 13
52 13
51 11
47 11
44 13
42 13
37 14
42 4
47 4
49 4
42 4
52 4
42 4
51 4
42 4
47 4
52 4
42 4
51 4
42 4
49 4
42 4
47 4
42 4
47 4
49 4
42 4
52 4
42 4
51 4
42 4
47 4
52 4
42 4
51 4
42 4
49 4
42 4
47 4
40 4
33 4
37 4
33 4
40 4
33 4
37 4
33 4
40 4
33 4
37 4
33 4
40 4
33 4
37 4
33 4
42 4
37 4
40 4
37 4
42 4
37 4
40 4
37 4
42 4
37 4
40 4
37 4
42 4
37 4
40 4
37 4
49 13
47 13
52 13
51 11
47 11
44 13
42 13
37 14
E
S
L
72 14
12 2
72 2
22 2
72 8
12 2
72 10
20 2
72 10
12 2
72 10
20 2
72 8
12 2
72 2
12 2
72 10
20 2
72 8
12 2
72 2
12 2
72 10
20 2
72 6
12 2
72 6
12 2
72 10
20 2
72 8
12 2
72 2
12 2
72 10
20 2
72 8
12 2
72 2
12 2
72 10
20 2
72 10
12 2
72 10
20 2
72 10
256 2
16 2
16 2
1408 2
72 2
14 2
72 2
1120 2
72 2
14 2
14 2
16 2
1408 2
72 2
701 2
72 2
256 2
16 2
16 2
1408 2
72 2
14 2
72 2
1120 2
72 2
14 2
14 2
16 2
1408 2
72 2
701 2
72 2
1552 2
72 2
18 2
18 2
1552 2
72 2
18 2
18 2
1552 2
72 2
18 2
18 2
1552 2
72 2
173 2
173 2
688 2
12 2
14 2
11 2
1159 2
112 2
160 2
151 2
211 2
160 2
14 2
151 2
1447 2
112 2
242 2
216 2
1408 2
72 2
18 2
18 2
701 2
72 2
18 2
18 2
1552 2
72 2
18 2
18 2
701 2
72 2
18 2
18 2
1552 2
72 2
18 2
18 2
701 2
72 2
18 2
18 2
1552 2
72 2
18 2
18 2
701 2
72 2
18 2
18 2
1552 2
72 2
18 2
18 2
701 2
72 2
18 2
18 2
1552 2
72 2
18 2
18 2
701 2
72 2
18 2
18 2
1552 2
72 2
18 2
18 2
701 2
72 2
18 2
18 2
1552 2
72 2
18 2
18 2
701 2
72 2
18 2
18 2
1552 2
72 2
18 2
18 2
701 2
72 2
18 2
18 2
1552 2
72 2
18 2
18 2
701 2
72 2
18 2
18 2
1552 2
72 2
18 2
18 2
701 2
72 2
18 2
18 2
1552 2
72 2
18 2
18 2
701 2
72 2
18 2
18 2
1552 2
72 2
18 2
18 2
701 2
72 2
18 2
18 2
1552 2
72 2
18 2
18 2
701 2
72 2
18 2
18 2
1552 2
72 2
18 2
18 2
701 2
72 2
18 2
18 2
1552 2
72 2
18 2
18 2
701 2
72 2
18 2
18 2
1408 2
72 2
18 2
18 2
701 2
72 2
18 2
18 2
1552 2
72 2
18 2
18 2
701 2
72 2
18 2
18 2
1552 2
72 2
18 2
18 2
701 2
72 2
18 2
18 2
1552 2
72 2
18 2
18 2
701 2
72 2
18 2
18 2
1552 2
72 2
18 2
18 2
701 2
72 2
18 2
18 2
1552 2
72 2
18 2
18 2
701 2
72 2
18 2
18 2
1552 2
72 2
18 2
18 2
701 2
72 2
18 2
18 2
1552 2
72 2
18 2
18 2
701 2
72 2
18 2
18 2
1552 2
72 2
18 2
18 2
701 2
72 2
18 2
18 2
1552 2
72 2
18 2
18 2
701 2
72 2
18 2
18 2
1552 2
72 2
18 2
18 2
701 2
72 2
18 2
18 2
1552 2
72 2
18 2
18 2
701 2
72 2
18 2
18 2
1552 2
72 2
18 2
18 2
701 2
72 2
18 2
18 2
1552 2
72 2
18 2
177 2
701 2
72 2
1015 2
18 2
1447 2
151 2
16 2
151 2
1447 2
151 2
151 2
16 2
1408 2
125 2
233 2
72 2
1696 2
1481 2
216 2
1169 2
1408 2
72 2
18 2
18 2
701 2
72 2
18 2
18 2
1552 2
72 2
18 2
18 2
701 2
72 2
18 2
18 2
1552 2
72 2
18 2
18 2
701 2
72 2
18 2
18 2
1552 2
72 2
18 2
18 2
701 2
72 2
18 2
18 2
1552 2
72 2
18 2
18 2
701 2
72 2
18 2
18 2
1552 2
72 2
18 2
18 2
701 2
72 2
18 2
18 2
1552 2
72 2
18 2
18 2
701 2
72 2
18 2
18 2
1552 2
72 2
18 2
18 2
701 2
72 2
18 2
18 2
1552 2
72 2
18 2
18 2
701 2
72 2
18 2
18 2
1552 2
72 2
18 2
18 2
701 2
72 2
18 2
18 2
1552 2
72 2
18 2
18 2
701 2
72 2
18 2
18 2
1552 2
72 2
18 2
18 2
701 2
72 2
18 2
18 2
1552 2
72 2
18 2
18 2
701 2
72 2
18 2
18 2
1552 2
72 2
18 2
18 2
701 2
72 2
18 2
18 2
1552 2
72 2
18 2
18 2
701 2
72 2
18 2
18 2
1552 2
72 2
18 2
18 2
701 2
72 2
18 2
18 2
1408 2
72 2
18 2
18 2
701 2
72 2
18 2
18 2
1552 2
72 2
18 2
18 2
701 2
72 2
18 2
18 2
1552 2
72 2
18 2
18 2
701 2
72 2
18 2
18 2
1552 2
72 2
18 2
18 2
701 2
72 2
18 2
18 2
1552 2
72 2
18 2
18 2
701 2
72 2
18 2
18 2
1552 2
72 2
18 2
18 2
701 2
72 2
18 2
18 2
1552 2
72 2
18 2
18 2
701 2
72 2
18 2
18 2
1552 2
72 2
18 2
18 2
701 2
72 2
18 2
18 2
1552 2
72 2
18 2
18 2
701 2
72 2
18 2
18 2
1552 2
72 2
18 2
18 2
701 2
72 2
18 2
18 2
1552 2
72 2
18 2
18 2
701 2
72 2
18 2
18 2
1552 2
72 2
18 2
18 2
701 2
72 2
18 2
18 2
1552 2
72 2
18 2
18 2
701 2
72 2
18 2
18 2
1552 2
72 2
18 2
177 2
701 2
72 2
1015 2
18 2
1447 2
151 2
16 2
151 2
1447 2
151 2
151 2
16 2
1408 2
125 2
233 2
72 2
1696 2
1481 2
216 2
1169 2
E
S
L
72 14
35 13
E
X
