minor
S
L
7 6
7 2
7 2
72 2
7 2
72 6
7 4
7 2
5 2
7 2
10 2
5 6
5 2
5 2
72 2
5 2
72 6
5 4
5 2
3 2
5 2
7 2
3 6
3 2
3 2
72 2
3 2
72 6
3 2
72 6
3 2
72 2
3 6
3 2
3 2
72 2
3 2
72 2
5 4
7 4
10 4
9 4
7 6
7 2
7 2
72 2
7 2
72 6
7 4
7 2
5 2
7 2
10 2
5 6
5 2
5 2
72 2
5 2
72 6
5 4
5 2
3 2
5 2
7 2
3 6
3 2
3 2
72 2
3 2
72 6
3 2
72 6
3 2
72 2
3 6
3 2
3 2
72 2
3 2
72 2
5 4
7 4
10 4
9 4
7 6
7 2
72 4
7 2
7 2
72 4
7 2
9 6
5 4
7 6
7 2
72 4
7 2
7 2
72 4
7 2
9 6
5 4
5 6
5 2
72 4
5 2
5 2
72 4
3 2
5 6
0 4
5 6
5 2
72 4
5 2
5 2
72 4
3 2
5 4
5 2
7 2
12 2
7 6
7 2
72 4
7 2
7 2
72 4
7 2
9 6
5 4
7 6
7 2
72 4
7 2
7 2
72 4
7 2
9 6
5 4
5 6
5 2
72 4
5 2
5 2
72 4
3 2
5 6
0 4
5 6
5 2
72 4
5 2
5 2
72 4
3 2
5 4
5 2
7 2
12 2
8 6
8 2
72 4
8 2
8 2
72 4
3 2
8 6
8 4
10 6
10 2
72 4
10 2
10 2
72 4
5 2
10 6
10 4
12 6
12 2
72 4
12 2
12 2
72 4
7 2
12 6
12 4
12 6
12 2
72 4
12 2
12 2
72 4
7 2
12 6
12 4
8 6
8 2
72 4
8 2
8 2
72 4
3 2
8 6
8 4
1 6
1 2
72 4
1 2
1 2
72 4
8 2
1 6
1 4
2 6
2 2
72 4
2 2
2 2
72 4
9 2
2 6
2 4
7 2
6 2
7 2
2 2
72 2
2 2
72 4
7 2
72 10
0 9
7 9
0 4
12 4
72 4
12 7
10 4
72 4
10 2
12 2
0 2
72 2
12 4
10 9
5 9
10 4
10 4
72 4
10 7
8 4
72 4
8 2
10 2
10 2
72 2
10 4
8 9
8 4
72 4
3 7
8 4
5 9
5 4
72 4
3 2
5 6
12 4
14 9
14 4
72 4
8 7
14 4
7 9
7 4
72 4
7 2
7 4
5 4
10 2
0 9
7 9
0 4
12 4
72 4
12 7
10 4
72 4
10 2
12 2
0 2
72 2
12 4
10 9
5 9
10 4
10 4
72 4
10 7
8 4
72 4
8 2
10 2
10 2
72 2
10 4
8 9
8 7
3 7
7 4
7 9
7 7
1 7
6 4
6 9
6 7
0 7
5 2
6 2
6 9
6 7
0 7
5 2
6 2
14 9
14 7
9 7
12 2
14 2
14 9
14 7
9 9
7 6
7 2
7 2
72 2
7 2
72 6
7 4
7 2
5 2
7 2
10 2
5 6
5 2
5 2
72 2
5 2
72 6
5 4
5 2
3 2
5 2
7 2
3 6
3 2
3 2
72 2
3 2
72 6
3 2
72 6
3 2
72 2
3 6
3 2
3 2
72 2
3 2
72 2
5 4
7 4
10 4
9 4
7 6
7 2
7 2
72 2
7 2
72 6
7 4
7 2
5 2
7 2
10 2
5 6
5 2
5 2
72 2
5 2
72 6
5 4
5 2
3 2
5 2
7 2
3 6
3 2
3 2
72 2
3 2
72 6
3 2
72 6
3 2
72 2
3 6
3 2
3 2
72 2
3 2
72 2
5 4
7 4
10 4
9 4
7 6
7 2
72 4
7 2
7 2
72 4
7 2
9 6
5 4
7 6
7 2
72 4
7 2
7 2
72 4
7 2
9 6
5 4
5 6
5 2
72 4
5 2
5 2
72 4
3 2
5 6
0 4
5 6
5 2
72 4
5 2
5 2
72 4
3 2
5 4
5 2
7 2
12 2
7 6
7 2
72 4
7 2
7 2
72 4
7 2
9 6
5 4
7 6
7 2
72 4
7 2
7 2
72 4
7 2
9 6
5 4
5 6
5 2
72 4
5 2
5 2
72 4
3 2
5 6
0 4
5 6
5 2
72 4
5 2
5 2
72 4
3 2
5 4
5 2
7 2
12 2
8 6
8 2
72 4
8 2
8 2
72 4
3 2
8 6
8 4
10 6
10 2
72 4
10 2
10 2
72 4
5 2
10 6
10 4
12 6
12 2
72 4
12 2
12 2
72 4
7 2
12 6
12 4
12 6
12 2
72 4
12 2
12 2
72 4
7 2
12 6
12 4
8 6
8 2
72 4
8 2
8 2
72 4
3 2
8 6
8 4
1 6
1 2
72 4
1 2
1 2
72 4
8 2
1 6
1 4
2 6
2 2
72 4
2 2
2 2
72 4
9 2
2 6
2 4
7 2
6 2
7 2
2 2
72 2
2 2
72 4
7 2
72 10
0 9
7 9
0 4
12 4
72 4
12 7
10 4
72 4
10 2
12 2
0 2
72 2
12 4
10 9
5 9
10 4
10 4
72 4
10 7
8 4
72 4
8 2
10 2
10 2
72 2
10 4
8 9
8 4
72 4
3 7
8 4
5 9
5 4
72 4
3 2
5 6
12 4
14 9
14 4
72 4
8 7
14 4
7 9
7 4
72 4
7 2
7 4
5 4
10 2
0 9
7 9
0 4
12 4
72 4
12 7
10 4
72 4
10 2
12 2
0 2
72 2
12 4
10 9
5 9
10 4
10 4
72 4
10 7
8 4
72 4
8 2
10 2
10 2
72 2
10 4
8 9
8 7
3 7
7 4
7 9
7 7
1 7
6 4
6 9
6 7
0 7
5 2
6 2
6 9
6 7
0 7
5 2
6 2
14 9
14 7
9 7
12 2
14 2
14 9
14 7
9 9
7 6
7 2
7 2
72 2
7 2
72 6
7 4
7 2
5 2
7 2
10 2
5 6
5 2
5 2
72 2
5 2
72 6
5 4
5 2
3 2
5 2
7 2
3 6
3 2
3 2
72 2
3 2
72 6
3 2
72 6
3 2
72 2
3 6
3 2
3 2
72 2
3 2
72 2
5 4
7 4
10 4
9 4
7 6
7 2
7 2
72 2
7 2
72 6
7 4
7 2
5 2
7 2
10 2
5 6
5 2
5 2
72 2
5 2
72 6
5 4
5 2
3 2
5 2
7 2
3 6
3 2
3 2
72 2
3 2
72 6
3 2
72 6
3 2
72 2
3 6
3 2
3 2
72 2
3 2
72 2
5 4
7 4
10 4
9 4
E
S
L
7 6
7 2
7 2
72 2
7 2
72 6
7 4
7 2
5 2
7 2
10 2
5 6
5 2
5 2
72 2
5 2
72 6
5 4
5 2
3 2
5 2
7 2
3 6
3 2
3 2
72 2
3 2
72 6
3 2
72 6
3 2
72 2
3 6
3 2
3 2
72 2
3 2
72 2
5 4
7 4
10 4
9 4
7 6
7 2
7 2
72 2
7 2
72 6
7 4
7 2
5 2
7 2
10 2
5 6
5 2
5 2
72 2
5 2
72 6
5 4
5 2
3 2
5 2
7 2
3 6
3 2
3 2
72 2
3 2
72 6
3 2
72 6
3 2
72 2
3 6
3 2
3 2
72 2
3 2
72 2
5 4
7 4
10 4
9 4
7 6
7 2
72 4
7 2
7 2
72 4
7 2
9 6
5 4
7 6
7 2
72 4
7 2
7 2
72 4
7 2
9 6
5 4
5 6
5 2
72 4
5 2
5 2
72 4
3 2
5 6
0 4
5 6
5 2
72 4
5 2
5 2
72 4
3 2
5 4
5 2
7 2
12 2
7 6
7 2
72 4
7 2
7 2
72 4
7 2
9 6
5 4
7 6
7 2
72 4
7 2
7 2
72 4
7 2
9 6
5 4
5 6
5 2
72 4
5 2
5 2
72 4
3 2
5 6
0 4
5 6
5 2
72 4
5 2
5 2
72 4
3 2
5 4
5 2
7 2
12 2
8 6
8 2
72 4
8 2
8 2
72 4
3 2
8 6
8 4
10 6
10 2
72 4
10 2
10 2
72 4
5 2
10 6
10 4
12 6
12 2
72 4
12 2
12 2
72 4
7 2
12 6
12 4
12 6
12 2
72 4
12 2
12 2
72 4
7 2
12 6
12 4
8 6
8 2
72 4
8 2
8 2
72 4
3 2
8 6
8 4
1 6
1 2
72 4
1 2
1 2
72 4
8 2
1 6
1 4
2 6
2 2
72 4
2 2
2 2
72 4
9 2
2 6
2 4
7 2
6 2
7 2
2 2
72 2
2 2
72 4
7 2
72 10
0 9
7 9
0 4
12 4
72 4
12 7
10 4
72 4
10 2
12 2
0 2
72 2
12 4
10 9
5 9
10 4
10 4
72 4
10 7
8 4
72 4
8 2
10 2
10 2
72 2
10 4
8 9
8 4
72 4
3 7
8 4
5 9
5 4
72 4
3 2
5 6
12 4
14 9
14 4
72 4
8 7
14 4
7 9
7 4
72 4
7 2
7 4
5 4
10 2
0 9
7 9
0 4
12 4
72 4
12 7
10 4
72 4
10 2
12 2
0 2
72 2
12 4
10 9
5 9
10 4
10 4
72 4
10 7
8 4
72 4
8 2
10 2
10 2
72 2
10 4
8 9
8 7
3 7
7 4
7 9
7 7
1 7
6 4
6 9
6 7
0 7
5 2
6 2
6 9
6 7
0 7
5 2
6 2
14 9
14 7
9 7
12 2
14 2
14 9
14 7
9 9
7 6
7 2
7 2
72 2
7 2
72 6
7 4
7 2
5 2
7 2
10 2
5 6
5 2
5 2
72 2
5 2
72 6
5 4
5 2
3 2
5 2
7 2
3 6
3 2
3 2
72 2
3 2
72 6
3 2
72 6
3 2
72 2
3 6
3 2
3 2
72 2
3 2
72 2
5 4
7 4
10 4
9 4
7 6
7 2
7 2
72 2
7 2
72 6
7 4
7 2
5 2
7 2
10 2
5 6
5 2
5 2
72 2
5 2
72 6
5 4
5 2
3 2
5 2
7 2
3 6
3 2
3 2
72 2
3 2
72 6
3 2
72 6
3 2
72 2
3 6
3 2
3 2
72 2
3 2
72 2
5 4
7 4
10 4
9 4
7 6
7 2
72 4
7 2
7 2
72 4
7 2
9 6
5 4
7 6
7 2
72 4
7 2
7 2
72 4
7 2
9 6
5 4
5 6
5 2
72 4
5 2
5 2
72 4
3 2
5 6
0 4
5 6
5 2
72 4
5 2
5 2
72 4
3 2
5 4
5 2
7 2
12 2
7 6
7 2
72 4
7 2
7 2
72 4
7 2
9 6
5 4
7 6
7 2
72 4
7 2
7 2
72 4
7 2
9 6
5 4
5 6
5 2
72 4
5 2
5 2
72 4
3 2
5 6
0 4
5 6
5 2
72 4
5 2
5 2
72 4
3 2
5 4
5 2
7 2
12 2
8 6
8 2
72 4
8 2
8 2
72 4
3 2
8 6
8 4
10 6
10 2
72 4
10 2
10 2
72 4
5 2
10 6
10 4
12 6
12 2
72 4
12 2
12 2
72 4
7 2
12 6
12 4
12 6
12 2
72 4
12 2
12 2
72 4
7 2
12 6
12 4
8 6
8 2
72 4
8 2
8 2
72 4
3 2
8 6
8 4
1 6
1 2
72 4
1 2
1 2
72 4
8 2
1 6
1 4
2 6
2 2
72 4
2 2
2 2
72 4
9 2
2 6
2 4
7 2
6 2
7 2
2 2
72 2
2 2
72 4
7 2
72 10
0 9
7 9
0 4
12 4
72 4
12 7
10 4
72 4
10 2
12 2
0 2
72 2
12 4
10 9
5 9
10 4
10 4
72 4
10 7
8 4
72 4
8 2
10 2
10 2
72 2
10 4
8 9
8 4
72 4
3 7
8 4
5 9
5 4
72 4
3 2
5 6
12 4
14 9
14 4
72 4
8 7
14 4
7 9
7 4
72 4
7 2
7 4
5 4
10 2
0 9
7 9
0 4
12 4
72 4
12 7
10 4
72 4
10 2
12 2
0 2
72 2
12 4
10 9
5 9
10 4
10 4
72 4
10 7
8 4
72 4
8 2
10 2
10 2
72 2
10 4
8 9
8 7
3 7
7 4
7 9
7 7
1 7
6 4
6 9
6 7
0 7
5 2
6 2
6 9
6 7
0 7
5 2
6 2
14 9
14 7
9 7
12 2
14 2
14 9
14 7
9 9
7 6
7 2
7 2
72 2
7 2
72 6
7 4
7 2
5 2
7 2
10 2
5 6
5 2
5 2
72 2
5 2
72 6
5 4
5 2
3 2
5 2
7 2
3 6
3 2
3 2
72 2
3 2
72 6
3 2
72 6
3 2
72 2
3 6
3 2
3 2
72 2
3 2
72 2
5 4
7 4
10 4
9 4
7 6
7 2
7 2
72 2
7 2
72 6
7 4
7 2
5 2
7 2
10 2
5 6
5 2
5 2
72 2
5 2
72 6
5 4
5 2
3 2
5 2
7 2
3 6
3 2
3 2
72 2
3 2
72 6
3 2
72 6
3 2
72 2
3 6
3 2
3 2
72 2
3 2
72 2
5 4
7 4
10 4
9 4
E
S
H
43 2
43 2
41 4
43 2
41 4
43 2
72 2
38 2
41 2
43 2
46 2
72 2
45 2
46 2
43 2
43 2
41 4
43 2
41 4
43 2
72 2
38 2
41 2
43 2
46 2
72 2
45 2
46 2
43 2
43 2
41 4
43 2
41 4
43 2
72 2
38 2
41 2
43 2
46 2
72 2
45 2
46 2
43 6
39 6
43 4
41 7
46 4
45 4
43 2
43 2
41 4
43 2
41 4
43 2
72 2
38 2
41 2
43 2
46 2
72 2
45 2
46 2
43 2
43 2
41 4
43 2
41 4
43 2
72 2
38 2
41 2
43 2
46 2
72 2
45 2
46 2
43 2
43 2
41 4
43 2
41 4
43 2
72 2
38 2
41 2
43 2
46 2
72 2
45 2
46 2
43 6
39 6
43 4
41 7
46 4
45 4
43 9
50 11
43 7
45 7
46 7
48 7
46 9
45 4
72 7
41 13
72 12
43 7
46 7
48 7
50 7
53 7
50 9
48 13
72 4
51 11
50 4
72 4
51 12
53 4
72 4
50 13
50 7
48 7
51 7
53 7
55 11
53 4
51 4
53 11
51 11
51 11
53 4
51 4
50 12
72 4
50 7
51 13
51 7
50 7
48 7
55 7
50 14
72 4
53 13
53 7
51 7
50 7
51 7
51 11
50 7
51 4
50 11
48 7
50 7
51 13
51 7
50 7
48 7
55 7
50 13
72 4
51 4
50 4
48 11
72 4
50 4
48 4
46 11
72 4
43 4
46 4
48 14
62 0
60 0
72 2
58 0
57 0
72 0
55 0
53 0
72 1
52 0
50 0
72 1
48 0
72 0
46 0
45 0
72 2
43 0
43 2
43 2
41 4
43 2
41 4
43 2
72 2
38 2
41 2
43 2
46 2
72 2
45 2
46 2
43 2
43 2
41 4
43 2
41 4
43 2
72 2
38 2
41 2
43 2
46 2
72 2
45 2
46 2
43 2
43 2
41 4
43 2
41 4
43 2
72 2
38 2
41 2
43 2
46 2
72 2
45 2
46 2
43 6
39 6
43 4
41 7
46 4
45 4
43 2
43 2
41 4
43 2
41 4
43 2
72 2
38 2
41 2
43 2
46 2
72 2
45 2
46 2
43 2
43 2
41 4
43 2
41 4
43 2
72 2
38 2
41 2
43 2
46 2
72 2
45 2
46 2
43 2
43 2
41 4
43 2
41 4
43 2
72 2
38 2
41 2
43 2
46 2
72 2
45 2
46 2
43 6
39 6
43 4
41 7
46 4
45 4
43 9
50 11
43 7
45 7
46 7
48 7
46 9
45 4
72 7
41 13
72 12
43 7
46 7
48 7
50 7
53 7
50 9
48 13
72 4
51 11
50 4
72 4
51 12
53 4
72 4
50 13
50 7
48 7
51 7
53 7
55 11
53 4
51 4
53 11
51 11
51 11
53 4
51 4
50 12
72 4
50 7
51 13
51 7
50 7
48 7
55 7
50 14
72 4
53 13
53 7
51 7
50 7
51 7
51 11
50 7
51 4
50 11
48 7
50 7
51 13
51 7
50 7
48 7
55 7
50 13
72 4
51 4
50 4
48 11
72 4
50 4
48 4
46 11
72 4
43 4
46 4
48 14
62 0
60 0
72 2
58 0
57 0
72 0
55 0
53 0
72 1
52 0
50 0
72 1
48 0
72 0
46 0
45 0
72 2
43 0
43 2
43 2
41 4
43 2
41 4
43 2
72 2
38 2
41 2
43 2
46 2
72 2
45 2
46 2
43 2
43 2
41 4
43 2
41 4
43 2
72 2
38 2
41 2
43 2
46 2
72 2
45 2
46 2
43 2
43 2
41 4
43 2
41 4
43 2
72 2
38 2
41 2
43 2
46 2
72 2
45 2
46 2
43 6
39 6
43 4
41 7
46 4
45 4
43 2
43 2
41 4
43 2
41 4
43 2
72 2
38 2
41 2
43 2
46 2
72 2
45 2
46 2
43 2
43 2
41 4
43 2
41 4
43 2
72 2
38 2
41 2
43 2
46 2
72 2
45 2
46 2
43 2
43 2
41 4
43 2
41 4
43 2
72 2
38 2
41 2
43 2
46 2
72 2
45 2
46 2
43 6
39 6
43 4
41 7
46 4
45 4
E
S
H
72 4
43 2
43 2
41 4
43 2
41 4
43 2
72 2
38 2
41 2
43 2
46 2
72 2
45 2
46 2
43 2
43 2
41 4
43 2
41 4
43 2
72 2
38 2
41 2
43 2
46 2
72 2
45 2
46 2
43 2
43 2
41 4
43 2
41 4
43 2
72 2
38 2
41 2
43 2
46 2
72 2
45 2
46 2
43 6
39 6
43 4
41 7
46 4
45 4
43 2
43 2
41 4
43 2
41 4
43 2
72 2
38 2
41 2
43 2
46 2
72 2
45 2
46 2
43 2
43 2
41 4
43 2
41 4
43 2
72 2
38 2
41 2
43 2
46 2
72 2
45 2
46 2
43 2
43 2
41 4
43 2
41 4
43 2
72 2
38 2
41 2
43 2
46 2
72 2
45 2
46 2
43 6
39 6
43 4
41 7
46 4
45 4
43 9
50 11
43 7
45 7
46 7
48 7
46 9
45 4
72 7
41 13
72 12
43 7
46 7
48 7
50 7
53 7
50 9
48 13
72 4
51 11
50 4
72 4
51 12
53 4
72 4
50 13
50 7
48 7
51 7
53 7
55 11
53 4
51 4
53 11
51 11
51 11
53 4
51 4
50 12
72 4
50 7
51 13
51 7
50 7
48 7
55 7
50 14
72 4
53 13
53 7
51 7
50 7
51 7
51 11
50 7
51 4
50 11
48 7
50 7
51 13
51 7
50 7
48 7
55 7
50 13
72 4
51 4
50 4
48 11
72 4
50 4
48 4
46 11
72 4
43 4
46 4
48 14
62 0
60 0
72 1
58 0
72 0
57 0
55 0
72 2
53 0
52 0
50 0
72 2
48 0
46 0
72 0
45 0
43 0
72 1
43 2
43 2
41 4
43 2
41 4
43 2
72 2
38 2
41 2
43 2
46 2
72 2
45 2
46 2
43 2
43 2
41 4
43 2
41 4
43 2
72 2
38 2
41 2
43 2
46 2
72 2
45 2
46 2
43 2
43 2
41 4
43 2
41 4
43 2
72 2
38 2
41 2
43 2
46 2
72 2
45 2
46 2
43 6
39 6
43 4
41 7
46 4
45 4
43 2
43 2
41 4
43 2
41 4
43 2
72 2
38 2
41 2
43 2
46 2
72 2
45 2
46 2
43 2
43 2
41 4
43 2
41 4
43 2
72 2
38 2
41 2
43 2
46 2
72 2
45 2
46 2
43 2
43 2
41 4
43 2
41 4
43 2
72 2
38 2
41 2
43 2
46 2
72 2
45 2
46 2
43 6
39 6
43 4
41 7
46 4
45 4
43 9
50 11
43 7
45 7
46 7
48 7
46 9
45 4
72 7
41 13
72 12
43 7
46 7
48 7
50 7
53 7
50 9
48 13
72 4
51 11
50 4
72 4
51 12
53 4
72 4
50 13
50 7
48 7
51 7
53 7
55 11
53 4
51 4
53 11
51 11
51 11
53 4
51 4
50 12
72 4
50 7
51 13
51 7
50 7
48 7
55 7
50 14
72 4
53 13
53 7
51 7
50 7
51 7
51 11
50 7
51 4
50 11
48 7
50 7
51 13
51 7
50 7
48 7
55 7
50 13
72 4
51 4
50 4
48 11
72 4
50 4
48 4
46 11
72 4
43 4
46 4
48 14
62 0
60 0
72 1
58 0
72 0
57 0
55 0
72 2
53 0
52 0
50 0
72 2
48 0
46 0
72 0
45 0
43 0
72 1
43 2
43 2
41 4
43 2
41 4
43 2
72 2
38 2
41 2
43 2
46 2
72 2
45 2
46 2
43 2
43 2
41 4
43 2
41 4
43 2
72 2
38 2
41 2
43 2
46 2
72 2
45 2
46 2
43 2
43 2
41 4
43 2
41 4
43 2
72 2
38 2
41 2
43 2
46 2
72 2
45 2
46 2
43 6
39 6
43 4
41 7
46 4
45 4
43 2
43 2
41 4
43 2
41 4
43 2
72 2
38 2
41 2
43 2
46 2
72 2
45 2
46 2
43 2
43 2
41 4
43 2
41 4
43 2
72 2
38 2
41 2
43 2
46 2
72 2
45 2
46 2
43 2
43 2
41 4
43 2
41 4
43 2
72 2
38 2
41 2
43 2
46 2
72 2
45 2
46 2
43 6
39 6
43 4
41 7
46 4
E
S
L
34 2
34 2
33 4
34 2
33 4
34 2
72 2
31 2
34 2
36 2
43 2
72 2
41 2
43 2
34 2
34 2
33 4
34 2
33 4
34 2
72 2
31 2
34 2
36 2
43 2
72 2
41 2
43 2
34 2
34 2
33 4
34 2
33 4
34 2
72 2
31 2
34 2
36 2
43 2
72 2
41 2
43 2
34 6
31 6
34 4
33 7
38 4
36 4
34 2
34 2
33 4
34 2
33 4
34 2
72 2
31 2
34 2
36 2
43 2
72 2
41 2
43 2
34 2
34 2
33 4
34 2
33 4
34 2
72 2
31 2
34 2
36 2
43 2
72 2
41 2
43 2
34 2
34 2
33 4
34 2
33 4
34 2
72 2
31 2
34 2
36 2
43 2
72 2
41 2
43 2
34 6
31 6
34 4
33 7
38 4
36 4
31 2
31 2
29 2
72 2
31 2
72 2
29 2
31 2
72 2
31 2
72 2
38 2
43 2
72 2
31 2
72 2
31 2
31 2
29 2
72 2
31 2
72 2
29 2
31 2
72 2
31 2
72 2
38 2
43 2
72 2
31 2
72 2
31 2
31 2
29 2
72 2
31 2
72 2
29 2
31 2
72 2
31 2
72 2
36 2
41 2
72 2
31 2
72 2
31 2
31 2
29 2
72 2
31 2
72 2
29 2
31 2
72 2
31 2
72 2
36 2
41 2
72 2
31 2
72 2
31 2
31 2
29 2
72 2
31 2
72 2
29 2
31 2
72 2
31 2
72 2
38 2
43 2
72 2
31 2
72 2
31 7
33 7
34 7
38 7
34 9
33 13
72 4
36 2
36 2
72 4
27 7
32 6
27 6
36 7
72 4
29 7
36 7
29 7
34 13
46 7
45 7
48 7
50 7
51 11
51 4
49 4
48 4
49 11
48 11
47 11
47 4
45 4
48 4
47 12
72 4
47 7
43 13
43 7
41 7
39 7
46 7
43 9
41 7
43 4
51 4
50 7
48 4
50 4
41 11
72 4
44 13
44 7
43 7
41 7
48 7
48 11
47 7
48 4
47 11
45 7
47 7
48 13
55 7
53 7
51 7
58 7
55 9
53 7
55 4
63 4
62 7
60 4
62 4
53 7
48 4
46 4
44 11
72 4
46 4
44 4
43 11
72 4
39 4
43 4
42 11
39 9
41 7
42 9
44 9
42 7
43 7
33 7
38 7
43 7
42 7
45 7
38 2
42 2
45 2
50 2
42 2
45 2
50 2
54 2
34 2
34 2
33 4
34 2
33 4
34 2
72 2
31 2
34 2
36 2
43 2
72 2
41 2
43 2
34 2
34 2
33 4
34 2
33 4
34 2
72 2
31 2
34 2
36 2
43 2
72 2
41 2
43 2
34 2
34 2
33 4
34 2
33 4
34 2
72 2
31 2
34 2
36 2
43 2
72 2
41 2
43 2
34 6
31 6
34 4
33 7
38 4
36 4
34 2
34 2
33 4
34 2
33 4
34 2
72 2
31 2
34 2
36 2
43 2
72 2
41 2
43 2
34 2
34 2
33 4
34 2
33 4
34 2
72 2
31 2
34 2
36 2
43 2
72 2
41 2
43 2
34 2
34 2
33 4
34 2
33 4
34 2
72 2
31 2
34 2
36 2
43 2
72 2
41 2
43 2
34 6
31 6
34 4
33 7
38 4
36 4
31 2
31 2
29 2
72 2
31 2
72 2
29 2
31 2
72 2
31 2
72 2
38 2
43 2
72 2
31 2
72 2
31 2
31 2
29 2
72 2
31 2
72 2
29 2
31 2
72 2
31 2
72 2
38 2
43 2
72 2
31 2
72 2
31 2
31 2
29 2
72 2
31 2
72 2
29 2
31 2
72 2
31 2
72 2
36 2
41 2
72 2
31 2
72 2
31 2
31 2
29 2
72 2
31 2
72 2
29 2
31 2
72 2
31 2
72 2
36 2
41 2
72 2
31 2
72 2
31 2
31 2
29 2
72 2
31 2
72 2
29 2
31 2
72 2
31 2
72 2
38 2
43 2
72 2
31 2
72 2
31 7
33 7
34 7
38 7
34 9
33 13
72 4
36 2
36 2
72 4
27 7
32 6
27 6
36 7
72 4
29 7
36 7
29 7
34 13
46 7
45 7
48 7
50 7
51 11
51 4
49 4
48 4
49 11
48 11
47 11
47 4
45 4
48 4
47 12
72 4
47 7
43 13
43 7
41 7
39 7
46 7
43 9
41 7
43 4
51 4
50 7
48 4
50 4
41 11
72 4
44 13
44 7
43 7
41 7
48 7
48 11
47 7
48 4
47 11
45 7
47 7
48 13
55 7
53 7
51 7
58 7
55 9
53 7
55 4
63 4
62 7
60 4
62 4
53 7
48 4
46 4
44 11
72 4
46 4
44 4
43 11
72 4
39 4
43 4
42 11
39 9
41 7
42 9
44 9
42 7
43 7
33 7
38 7
43 7
42 7
45 7
38 2
42 2
45 2
50 2
42 2
45 2
50 2
54 2
34 2
34 2
33 4
34 2
33 4
34 2
72 2
31 2
34 2
36 2
43 2
72 2
41 2
43 2
34 2
34 2
33 4
34 2
33 4
34 2
72 2
31 2
34 2
36 2
43 2
72 2
41 2
43 2
34 2
34 2
33 4
34 2
33 4
34 2
72 2
31 2
34 2
36 2
43 2
72 2
41 2
43 2
34 6
31 6
34 4
33 7
38 4
36 4
34 2
34 2
33 4
34 2
33 4
34 2
72 2
31 2
34 2
36 2
43 2
72 2
41 2
43 2
34 2
34 2
33 4
34 2
33 4
34 2
72 2
31 2
34 2
36 2
43 2
72 2
41 2
43 2
34 2
34 2
33 4
34 2
33 4
34 2
72 2
31 2
34 2
36 2
43 2
72 2
41 2
43 2
34 6
31 6
34 4
33 7
38 4
36 4
E
S
L
72 4
34 2
34 2
33 4
34 2
33 4
34 2
72 2
31 2
34 2
36 2
43 2
72 2
41 2
43 2
34 2
34 2
33 4
34 2
33 4
34 2
72 2
31 2
34 2
36 2
43 2
72 2
41 2
43 2
34 2
34 2
33 4
34 2
33 4
34 2
72 2
31 2
34 2
36 2
43 2
72 2
41 2
43 2
34 6
31 6
34 4
33 7
38 4
36 4
34 2
34 2
33 4
34 2
33 4
34 2
72 2
31 2
34 2
36 2
43 2
72 2
41 2
43 2
34 2
34 2
33 4
34 2
33 4
34 2
72 2
31 2
34 2
36 2
43 2
72 2
41 2
43 2
34 2
34 2
33 4
34 2
33 4
34 2
72 2
31 2
34 2
36 2
43 2
72 2
41 2
43 2
34 6
31 6
34 4
33 7
38 4
36 4
31 2
31 2
29 2
72 2
31 2
72 2
29 2
31 2
72 2
31 2
72 2
38 2
43 2
72 2
31 2
72 2
31 2
31 2
29 2
72 2
31 2
72 2
29 2
31 2
72 2
31 2
72 2
38 2
43 2
72 2
31 2
72 2
31 2
31 2
29 2
72 2
31 2
72 2
29 2
31 2
72 2
31 2
72 2
36 2
41 2
72 2
31 2
72 2
31 2
31 2
29 2
72 2
31 2
72 2
29 2
31 2
72 2
31 2
72 2
36 2
41 2
72 2
31 2
72 2
31 2
31 2
29 2
72 2
31 2
72 2
29 2
31 2
72 2
31 2
72 2
38 2
43 2
72 2
31 2
72 2
31 7
33 7
34 7
38 7
34 9
33 13
72 4
36 2
36 2
72 4
27 7
32 6
27 6
36 7
72 4
29 7
36 7
29 7
34 13
46 7
45 7
48 7
50 7
51 11
51 4
49 4
48 4
49 11
48 11
47 11
47 4
45 4
48 4
47 12
72 4
47 7
43 13
43 7
41 7
39 7
46 7
43 9
41 7
43 4
51 4
50 7
48 4
50 4
41 11
72 4
44 13
44 7
43 7
41 7
48 7
48 11
47 7
48 4
47 11
45 7
47 7
48 13
55 7
53 7
51 7
58 7
55 9
53 7
55 4
63 4
62 7
60 4
62 4
53 7
48 4
46 4
44 11
72 4
46 4
44 4
43 11
72 4
39 4
43 4
42 11
39 9
41 7
42 9
44 9
42 7
43 7
33 7
38 7
43 7
42 7
45 7
38 2
42 2
45 2
50 2
42 2
45 2
50 2
54 2
34 2
34 2
33 4
34 2
33 4
34 2
72 2
31 2
34 2
36 2
43 2
72 2
41 2
43 2
34 2
34 2
33 4
34 2
33 4
34 2
72 2
31 2
34 2
36 2
43 2
72 2
41 2
43 2
34 2
34 2
33 4
34 2
33 4
34 2
72 2
31 2
34 2
36 2
43 2
72 2
41 2
43 2
34 6
31 6
34 4
33 7
38 4
36 4
34 2
34 2
33 4
34 2
33 4
34 2
72 2
31 2
34 2
36 2
43 2
72 2
41 2
43 2
34 2
34 2
33 4
34 2
33 4
34 2
72 2
31 2
34 2
36 2
43 2
72 2
41 2
43 2
34 2
34 2
33 4
34 2
33 4
34 2
72 2
31 2
34 2
36 2
43 2
72 2
41 2
43 2
34 6
31 6
34 4
33 7
38 4
36 4
31 2
31 2
29 2
72 2
31 2
72 2
29 2
31 2
72 2
31 2
72 2
38 2
43 2
72 2
31 2
72 2
31 2
31 2
29 2
72 2
31 2
72 2
29 2
31 2
72 2
31 2
72 2
38 2
43 2
72 2
31 2
72 2
31 2
31 2
29 2
72 2
31 2
72 2
29 2
31 2
72 2
31 2
72 2
36 2
41 2
72 2
31 2
72 2
31 2
31 2
29 2
72 2
31 2
72 2
29 2
31 2
72 2
31 2
72 2
36 2
41 2
72 2
31 2
72 2
31 2
31 2
29 2
72 2
31 2
72 2
29 2
31 2
72 2
31 2
72 2
38 2
43 2
72 2
31 2
72 2
31 7
33 7
34 7
38 7
34 9
33 13
72 4
36 2
36 2
72 4
27 7
32 6
27 6
36 7
72 4
29 7
36 7
29 7
34 13
46 7
45 7
48 7
50 7
51 11
51 4
49 4
48 4
49 11
48 11
47 11
47 4
45 4
48 4
47 12
72 4
47 7
43 13
43 7
41 7
39 7
46 7
43 9
41 7
43 4
51 4
50 7
48 4
50 4
41 11
72 4
44 13
44 7
43 7
41 7
48 7
48 11
47 7
48 4
47 11
45 7
47 7
48 13
55 7
53 7
51 7
58 7
55 9
53 7
55 4
63 4
62 7
60 4
62 4
53 7
48 4
46 4
44 11
72 4
46 4
44 4
43 11
72 4
39 4
43 4
42 11
39 9
41 7
42 9
44 9
42 7
43 7
33 7
38 7
43 7
42 7
45 7
38 2
42 2
45 2
50 2
42 2
45 2
50 2
54 2
34 2
34 2
33 4
34 2
33 4
34 2
72 2
31 2
34 2
36 2
43 2
72 2
41 2
43 2
34 2
34 2
33 4
34 2
33 4
34 2
72 2
31 2
34 2
36 2
43 2
72 2
41 2
43 2
34 2
34 2
33 4
34 2
33 4
34 2
72 2
31 2
34 2
36 2
43 2
72 2
41 2
43 2
34 6
31 6
34 4
33 7
38 4
36 4
34 2
34 2
33 4
34 2
33 4
34 2
72 2
31 2
34 2
36 2
43 2
72 2
41 2
43 2
34 2
34 2
33 4
34 2
33 4
34 2
72 2
31 2
34 2
36 2
43 2
72 2
41 2
43 2
34 2
34 2
33 4
34 2
33 4
34 2
72 2
31 2
34 2
36 2
43 2
72 2
41 2
43 2
34 6
31 6
34 4
33 7
38 4
E
S
H
72 14
36 2
41 2
38 2
46 2
50 2
46 2
53 2
58 2
53 2
50 2
53 2
58 2
65 2
58 2
53 2
50 2
53 2
50 2
53 2
58 2
62 2
58 2
62 2
65 2
60 2
58 2
53 2
50 2
48 2
46 2
41 2
38 2
72 14
48 2
39 2
43 2
48 2
51 2
43 2
48 2
51 2
55 2
51 2
55 2
60 2
63 2
60 2
55 2
51 2
72 14
53 2
44 2
48 2
53 2
56 2
48 2
53 2
56 2
60 2
56 2
60 2
65 2
68 2
65 2
60 2
56 2
72 14
43 2
45 2
47 2
50 2
53 2
55 2
59 2
62 2
60 2
51 2
55 2
60 2
63 2
55 2
60 2
63 2
67 2
63 2
67 2
60 2
63 2
60 2
67 2
63 2
72 14
36 2
41 2
38 2
46 2
50 2
46 2
53 2
58 2
53 2
50 2
53 2
58 2
65 2
58 2
53 2
50 2
53 2
50 2
53 2
58 2
62 2
58 2
62 2
65 2
60 2
58 2
53 2
50 2
48 2
46 2
41 2
38 2
72 14
48 2
39 2
43 2
48 2
51 2
43 2
48 2
51 2
55 2
51 2
55 2
60 2
63 2
60 2
55 2
51 2
72 14
53 2
44 2
48 2
53 2
56 2
48 2
53 2
56 2
60 2
56 2
60 2
65 2
68 2
65 2
60 2
56 2
72 14
43 2
45 2
47 2
50 2
53 2
55 2
59 2
62 2
60 2
51 2
55 2
60 2
63 2
55 2
60 2
63 2
67 2
63 2
67 2
60 2
63 2
60 2
67 2
63 2
E
S
H
72 14
36 2
41 2
38 2
46 2
50 2
46 2
53 2
58 2
53 2
50 2
53 2
58 2
65 2
58 2
53 2
50 2
53 2
50 2
53 2
58 2
62 2
58 2
62 2
65 2
60 2
58 2
53 2
50 2
48 2
46 2
41 2
38 2
72 14
48 2
39 2
43 2
48 2
51 2
43 2
48 2
51 2
55 2
51 2
55 2
60 2
63 2
60 2
55 2
51 2
72 14
53 2
44 2
48 2
53 2
56 2
48 2
53 2
56 2
60 2
56 2
60 2
65 2
68 2
65 2
60 2
56 2
72 14
43 2
45 2
47 2
50 2
53 2
55 2
59 2
62 2
60 2
51 2
55 2
60 2
63 2
55 2
60 2
63 2
67 2
63 2
67 2
60 2
63 2
60 2
67 2
63 2
72 14
36 2
41 2
38 2
46 2
50 2
46 2
53 2
58 2
53 2
50 2
53 2
58 2
65 2
58 2
53 2
50 2
53 2
50 2
53 2
58 2
62 2
58 2
62 2
65 2
60 2
58 2
53 2
50 2
48 2
46 2
41 2
38 2
72 14
48 2
39 2
43 2
48 2
51 2
43 2
48 2
51 2
55 2
51 2
55 2
60 2
63 2
60 2
55 2
51 2
72 14
53 2
44 2
48 2
53 2
56 2
48 2
53 2
56 2
60 2
56 2
60 2
65 2
68 2
65 2
60 2
56 2
72 14
43 2
45 2
47 2
50 2
53 2
55 2
59 2
62 2
60 2
51 2
55 2
60 2
63 2
55 2
60 2
63 2
67 2
63 2
67 2
60 2
63 2
60 2
67 2
63 2
E
S
L
976 2
20 2
20 2
1303 2
1264 2
20 2
20 2
20 2
976 2
20 2
20 2
20 2
1264 2
20 2
22 2
20 2
976 2
20 2
20 2
1303 2
1264 2
20 2
20 2
20 2
976 2
20 2
20 2
20 2
1264 2
20 2
22 2
20 2
976 2
20 2
20 2
1303 2
1264 2
20 2
20 2
20 2
976 2
20 2
20 2
20 2
1264 2
20 2
22 2
20 2
976 2
20 2
20 2
1303 2
1264 2
20 2
20 2
20 2
976 2
20 2
20 2
20 2
1264 2
20 2
22 2
20 2
976 2
20 2
20 2
1303 2
1264 2
20 2
20 2
20 2
976 2
20 2
20 2
20 2
1264 2
20 2
22 2
20 2
976 2
20 2
20 2
1303 2
1264 2
20 2
20 2
20 2
976 2
20 2
20 2
20 2
1264 2
20 2
22 2
20 2
976 2
20 2
20 2
1303 2
1264 2
20 2
20 2
20 2
976 2
20 2
20 2
20 2
1264 2
20 2
22 2
20 2
976 2
20 2
20 2
1303 2
1264 2
20 2
20 2
20 2
976 2
20 2
20 2
20 2
1264 2
20 2
1591 2
1303 2
976 2
20 2
20 2
20 2
1303 2
20 2
1264 2
1264 2
18 2
20 2
20 2
22 2
1303 2
20 2
20 2
20 2
976 2
20 2
20 2
20 2
1303 2
20 2
1264 2
1264 2
18 2
20 2
20 2
22 2
1303 2
20 2
20 2
20 2
976 2
20 2
20 2
20 2
1303 2
20 2
1264 2
1264 2
18 2
20 2
20 2
22 2
1303 2
20 2
20 2
20 2
976 2
20 2
20 2
20 2
1303 2
20 2
1264 2
1264 2
18 2
20 2
20 2
22 2
1303 2
20 2
20 2
20 2
976 2
20 2
20 2
20 2
1303 2
20 2
1264 2
1264 2
18 2
20 2
20 2
22 2
1303 2
20 2
20 2
20 2
976 2
20 2
20 2
20 2
1303 2
20 2
1264 2
1264 2
18 2
20 2
20 2
22 2
1303 2
20 2
20 2
20 2
976 2
20 2
20 2
20 2
1303 2
20 2
1264 2
1264 2
18 2
20 2
20 2
22 2
1303 2
20 2
20 2
20 2
976 2
20 2
20 2
20 2
1303 2
20 2
1264 2
1264 2
18 2
397 2
20 2
243 2
1303 2
20 2
1500 2
1342 2
976 2
20 2
20 2
20 2
1303 2
20 2
1264 2
1264 2
18 2
20 2
20 2
22 2
1303 2
20 2
20 2
20 2
976 2
20 2
20 2
20 2
1303 2
20 2
1264 2
1264 2
18 2
20 2
20 2
22 2
1303 2
20 2
20 2
20 2
976 2
20 2
20 2
20 2
1303 2
20 2
1264 2
1264 2
18 2
20 2
20 2
22 2
1303 2
20 2
20 2
20 2
976 2
20 2
20 2
20 2
1303 2
20 2
1264 2
1264 2
18 2
20 2
20 2
22 2
1303 2
20 2
20 2
20 2
976 2
20 2
20 2
20 2
1303 2
20 2
1264 2
1264 2
18 2
20 2
20 2
22 2
1303 2
20 2
20 2
20 2
976 2
20 2
20 2
20 2
1303 2
20 2
1264 2
1264 2
18 2
20 2
20 2
22 2
1303 2
20 2
20 2
20 2
976 2
20 2
20 2
20 2
1303 2
20 2
1264 2
1264 2
18 2
20 2
20 2
22 2
1303 2
20 2
20 2
20 2
976 2
20 2
1264 2
1303 2
22 2
1303 2
20 2
20 2
295 2
72 6
112 2
112 2
216 2
216 2
1408 2
20 2
20 2
20 2
1303 2
20 2
20 2
20 2
18 2
20 2
1264 2
20 2
1303 2
20 2
20 2
20 2
976 2
20 2
20 2
20 2
1303 2
20 2
20 2
20 2
18 2
20 2
1264 2
20 2
1303 2
20 2
20 2
20 2
976 2
20 2
20 2
20 2
1303 2
20 2
20 2
20 2
18 2
20 2
1264 2
20 2
1303 2
20 2
20 2
20 2
976 2
20 2
20 2
20 2
1303 2
20 2
20 2
20 2
18 2
20 2
1264 2
20 2
1303 2
20 2
20 2
20 2
976 2
20 2
20 2
20 2
1303 2
20 2
20 2
20 2
18 2
20 2
1264 2
20 2
1303 2
20 2
20 2
20 2
976 2
20 2
20 2
20 2
1303 2
20 2
20 2
20 2
18 2
20 2
1264 2
20 2
1303 2
20 2
20 2
20 2
976 2
20 2
20 2
20 2
1303 2
20 2
20 2
20 2
18 2
20 2
1264 2
20 2
1303 2
20 2
20 2
20 2
976 2
20 2
20 2
20 2
1303 2
20 2
20 2
20 2
1015 2
241 2
1801 2
1264 2
1303 2
1500 2
1342 2
20 2
976 2
20 2
20 2
20 2
1303 2
20 2
20 2
20 2
18 2
20 2
1264 2
20 2
1303 2
20 2
20 2
20 2
976 2
20 2
20 2
20 2
1303 2
20 2
20 2
20 2
18 2
20 2
1264 2
20 2
1303 2
20 2
20 2
20 2
976 2
20 2
20 2
20 2
1303 2
20 2
20 2
20 2
18 2
20 2
1264 2
20 2
1303 2
20 2
20 2
20 2
976 2
20 2
20 2
20 2
1303 2
20 2
20 2
20 2
18 2
20 2
1264 2
20 2
1303 2
20 2
20 2
20 2
976 2
20 2
20 2
20 2
1303 2
20 2
1264 2
20 2
18 2
20 2
1303 2
20 2
20 2
20 2
20 2
20 2
976 2
20 2
20 2
20 2
1303 2
20 2
1264 2
20 2
18 2
20 2
1303 2
20 2
20 2
20 2
20 2
20 2
976 2
20 2
20 2
20 2
1303 2
20 2
20 2
20 2
18 2
20 2
1264 2
20 2
1303 2
20 2
20 2
20 2
976 2
20 2
20 2
20 2
1303 2
20 2
20 2
20 2
18 2
20 2
1264 2
20 2
1303 2
20 2
20 2
20 2
976 2
20 2
20 2
20 2
1303 2
20 2
20 2
20 2
18 2
20 2
1264 2
20 2
1303 2
20 2
20 2
20 2
976 2
20 2
20 2
20 2
1303 2
20 2
20 2
20 2
1015 2
1303 2
1303 2
1303 2
1264 2
1264 2
1264 2
1264 2
976 2
20 2
20 2
1303 2
1264 2
20 2
20 2
20 2
976 2
20 2
20 2
20 2
1264 2
20 2
22 2
20 2
976 2
20 2
20 2
1303 2
1264 2
20 2
20 2
20 2
976 2
20 2
20 2
20 2
1264 2
20 2
22 2
20 2
976 2
20 2
20 2
1303 2
1264 2
20 2
20 2
20 2
976 2
20 2
20 2
20 2
1264 2
20 2
22 2
20 2
976 2
20 2
20 2
1303 2
1264 2
20 2
20 2
20 2
976 2
20 2
20 2
20 2
1264 2
20 2
22 2
20 2
976 2
20 2
20 2
1303 2
1264 2
20 2
20 2
20 2
976 2
20 2
20 2
20 2
1264 2
20 2
22 2
20 2
976 2
20 2
20 2
1303 2
1264 2
20 2
20 2
20 2
976 2
20 2
20 2
20 2
1264 2
20 2
22 2
20 2
976 2
20 2
20 2
1303 2
1264 2
20 2
20 2
20 2
976 2
20 2
20 2
20 2
1264 2
20 2
22 2
20 2
976 2
20 2
20 2
1303 2
1264 2
20 2
20 2
20 2
976 2
20 2
20 2
20 2
1264 2
20 2
1591 2
1303 2
976 2
20 2
20 2
20 2
1303 2
20 2
1264 2
1264 2
18 2
20 2
20 2
22 2
1303 2
20 2
20 2
20 2
976 2
20 2
20 2
20 2
1303 2
20 2
1264 2
1264 2
18 2
20 2
20 2
22 2
1303 2
20 2
20 2
20 2
976 2
20 2
20 2
20 2
1303 2
20 2
1264 2
1264 2
18 2
20 2
20 2
22 2
1303 2
20 2
20 2
20 2
976 2
20 2
20 2
20 2
1303 2
20 2
1264 2
1264 2
18 2
20 2
20 2
22 2
1303 2
20 2
20 2
20 2
976 2
20 2
20 2
20 2
1303 2
20 2
1264 2
1264 2
18 2
20 2
20 2
22 2
1303 2
20 2
20 2
20 2
976 2
20 2
20 2
20 2
1303 2
20 2
1264 2
1264 2
18 2
20 2
20 2
22 2
1303 2
20 2
20 2
20 2
976 2
20 2
20 2
20 2
1303 2
20 2
1264 2
1264 2
18 2
20 2
20 2
22 2
1303 2
20 2
20 2
20 2
976 2
20 2
20 2
20 2
1303 2
20 2
1264 2
1264 2
18 2
397 2
20 2
243 2
1303 2
20 2
1500 2
1342 2
976 2
20 2
20 2
20 2
1303 2
20 2
1264 2
1264 2
18 2
20 2
20 2
22 2
1303 2
20 2
20 2
20 2
976 2
20 2
20 2
20 2
1303 2
20 2
1264 2
1264 2
18 2
20 2
20 2
22 2
1303 2
20 2
20 2
20 2
976 2
20 2
20 2
20 2
1303 2
20 2
1264 2
1264 2
18 2
20 2
20 2
22 2
1303 2
20 2
20 2
20 2
976 2
20 2
20 2
20 2
1303 2
20 2
1264 2
1264 2
18 2
20 2
20 2
22 2
1303 2
20 2
20 2
20 2
976 2
20 2
20 2
20 2
1303 2
20 2
1264 2
1264 2
18 2
20 2
20 2
22 2
1303 2
20 2
20 2
20 2
976 2
20 2
20 2
20 2
1303 2
20 2
1264 2
1264 2
18 2
20 2
20 2
22 2
1303 2
20 2
20 2
20 2
976 2
20 2
20 2
20 2
1303 2
20 2
1264 2
1264 2
18 2
20 2
20 2
22 2
1303 2
20 2
20 2
20 2
976 2
20 2
1264 2
1303 2
22 2
1303 2
20 2
20 2
295 2
72 6
112 2
112 2
216 2
216 2
1408 2
20 2
20 2
20 2
1303 2
20 2
20 2
20 2
18 2
20 2
1264 2
20 2
1303 2
20 2
20 2
20 2
976 2
20 2
20 2
20 2
1303 2
20 2
20 2
20 2
18 2
20 2
1264 2
20 2
1303 2
20 2
20 2
20 2
976 2
20 2
20 2
20 2
1303 2
20 2
20 2
20 2
18 2
20 2
1264 2
20 2
1303 2
20 2
20 2
20 2
976 2
20 2
20 2
20 2
1303 2
20 2
20 2
20 2
18 2
20 2
1264 2
20 2
1303 2
20 2
20 2
20 2
976 2
20 2
20 2
20 2
1303 2
20 2
20 2
20 2
18 2
20 2
1264 2
20 2
1303 2
20 2
20 2
20 2
976 2
20 2
20 2
20 2
1303 2
20 2
20 2
20 2
18 2
20 2
1264 2
20 2
1303 2
20 2
20 2
20 2
976 2
20 2
20 2
20 2
1303 2
20 2
20 2
20 2
18 2
20 2
1264 2
20 2
1303 2
20 2
20 2
20 2
976 2
20 2
20 2
20 2
1303 2
20 2
20 2
20 2
1015 2
241 2
1801 2
1264 2
1303 2
1500 2
1342 2
20 2
976 2
20 2
20 2
20 2
1303 2
20 2
20 2
20 2
18 2
20 2
1264 2
20 2
1303 2
20 2
20 2
20 2
976 2
20 2
20 2
20 2
1303 2
20 2
20 2
20 2
18 2
20 2
1264 2
20 2
1303 2
20 2
20 2
20 2
976 2
20 2
20 2
20 2
1303 2
20 2
20 2
20 2
18 2
20 2
1264 2
20 2
1303 2
20 2
20 2
20 2
976 2
20 2
20 2
20 2
1303 2
20 2
20 2
20 2
18 2
20 2
1264 2
20 2
1303 2
20 2
20 2
20 2
976 2
20 2
20 2
20 2
1303 2
20 2
1264 2
20 2
18 2
20 2
1303 2
20 2
20 2
20 2
20 2
20 2
976 2
20 2
20 2
20 2
1303 2
20 2
1264 2
20 2
18 2
20 2
1303 2
20 2
20 2
20 2
20 2
20 2
976 2
20 2
20 2
20 2
1303 2
20 2
20 2
20 2
18 2
20 2
1264 2
20 2
1303 2
20 2
20 2
20 2
976 2
20 2
20 2
20 2
1303 2
20 2
20 2
20 2
18 2
20 2
1264 2
20 2
1303 2
20 2
20 2
20 2
976 2
20 2
20 2
20 2
1303 2
20 2
20 2
20 2
18 2
20 2
1264 2
20 2
1303 2
20 2
20 2
20 2
976 2
20 2
20 2
20 2
1303 2
20 2
20 2
20 2
1015 2
1303 2
1303 2
1303 2
1264 2
1264 2
1264 2
1264 2
976 2
20 2
20 2
1303 2
1264 2
20 2
20 2
20 2
976 2
20 2
20 2
20 2
1264 2
20 2
22 2
20 2
976 2
20 2
20 2
1303 2
1264 2
20 2
20 2
20 2
976 2
20 2
20 2
20 2
1264 2
20 2
22 2
20 2
976 2
20 2
20 2
1303 2
1264 2
20 2
20 2
20 2
976 2
20 2
20 2
20 2
1264 2
20 2
22 2
20 2
976 2
20 2
20 2
1303 2
1264 2
20 2
20 2
20 2
976 2
20 2
20 2
20 2
1264 2
20 2
22 2
20 2
976 2
20 2
20 2
1303 2
1264 2
20 2
20 2
20 2
976 2
20 2
20 2
20 2
1264 2
20 2
22 2
20 2
976 2
20 2
20 2
1303 2
1264 2
20 2
20 2
20 2
976 2
20 2
20 2
20 2
1264 2
20 2
22 2
20 2
976 2
20 2
20 2
1303 2
1264 2
20 2
20 2
20 2
976 2
20 2
20 2
20 2
1264 2
20 2
22 2
20 2
976 2
20 2
20 2
1303 2
1264 2
20 2
20 2
20 2
976 2
20 2
20 2
20 2
1264 2
20 2
1591 2
1303 2
E
S
H
72 14
36 2
41 2
38 2
46 2
50 2
46 2
53 2
58 2
53 2
50 2
53 2
58 2
65 2
58 2
53 2
50 2
53 2
50 2
53 2
58 2
62 2
58 2
62 2
65 2
60 2
58 2
53 2
50 2
48 2
46 2
41 2
38 2
72 14
48 2
39 2
43 2
48 2
51 2
43 2
48 2
51 2
55 2
51 2
55 2
60 2
63 2
60 2
55 2
51 2
72 14
53 2
44 2
48 2
53 2
56 2
48 2
53 2
56 2
60 2
56 2
60 2
65 2
68 2
65 2
60 2
56 2
72 14
43 2
45 2
47 2
50 2
53 2
55 2
59 2
62 2
60 2
51 2
55 2
60 2
63 2
55 2
60 2
63 2
67 2
63 2
67 2
60 2
63 2
60 2
67 2
63 2
72 14
36 2
41 2
38 2
46 2
50 2
46 2
53 2
58 2
53 2
50 2
53 2
58 2
65 2
58 2
53 2
50 2
53 2
50 2
53 2
58 2
62 2
58 2
62 2
65 2
60 2
58 2
53 2
50 2
48 2
46 2
41 2
38 2
72 14
48 2
39 2
43 2
48 2
51 2
43 2
48 2
51 2
55 2
51 2
55 2
60 2
63 2
60 2
55 2
51 2
72 14
53 2
44 2
48 2
53 2
56 2
48 2
53 2
56 2
60 2
56 2
60 2
65 2
68 2
65 2
60 2
56 2
72 14
43 2
45 2
47 2
50 2
53 2
55 2
59 2
62 2
60 2
51 2
55 2
60 2
63 2
55 2
60 2
63 2
67 2
63 2
67 2
60 2
63 2
60 2
67 2
63 2
E
S
H
72 14
36 2
41 2
38 2
46 2
50 2
46 2
53 2
58 2
53 2
50 2
53 2
58 2
65 2
58 2
53 2
50 2
53 2
50 2
53 2
58 2
62 2
58 2
62 2
65 2
60 2
58 2
53 2
50 2
48 2
46 2
41 2
38 2
72 14
48 2
39 2
43 2
48 2
51 2
43 2
48 2
51 2
55 2
51 2
55 2
60 2
63 2
60 2
55 2
51 2
72 14
53 2
44 2
48 2
53 2
56 2
48 2
53 2
56 2
60 2
56 2
60 2
65 2
68 2
65 2
60 2
56 2
72 14
43 2
45 2
47 2
50 2
53 2
55 2
59 2
62 2
60 2
51 2
55 2
60 2
63 2
55 2
60 2
63 2
67 2
63 2
67 2
60 2
63 2
60 2
67 2
63 2
72 14
36 2
41 2
38 2
46 2
50 2
46 2
53 2
58 2
53 2
50 2
53 2
58 2
65 2
58 2
53 2
50 2
53 2
50 2
53 2
58 2
62 2
58 2
62 2
65 2
60 2
58 2
53 2
50 2
48 2
46 2
41 2
38 2
72 14
48 2
39 2
43 2
48 2
51 2
43 2
48 2
51 2
55 2
51 2
55 2
60 2
63 2
60 2
55 2
51 2
72 14
53 2
44 2
48 2
53 2
56 2
48 2
53 2
56 2
60 2
56 2
60 2
65 2
68 2
65 2
60 2
56 2
72 14
43 2
45 2
47 2
50 2
53 2
55 2
59 2
62 2
60 2
51 2
55 2
60 2
63 2
55 2
60 2
63 2
67 2
63 2
67 2
60 2
63 2
60 2
67 2
63 2
E
S
H
72 14
192 2
166 2
192 2
205 2
72 2
205 2
72 4
192 2
72 14
192 2
166 2
192 2
205 2
72 2
205 2
72 4
192 2
E
X
