minor
S
H
72 14
46 6
72 2
44 2
72 2
43 2
72 2
44 6
72 2
43 2
72 2
41 2
72 2
43 6
72 2
41 2
72 2
39 2
72 2
41 4
39 4
37 4
36 4
35 7
72 4
34 9
72 14
41 4
46 4
44 4
48 7
72 4
46 2
44 2
46 7
41 2
72 2
44 7
72 7
43 2
41 2
43 4
41 4
39 4
41 7
72 7
48 2
46 2
48 7
41 2
72 2
51 7
49 4
48 4
46 4
45 4
46 4
48 4
41 4
53 6
72 6
51 2
72 2
51 4
49 4
48 4
49 7
48 4
46 4
44 7
72 4
46 4
48 7
72 4
46 4
39 7
43 4
44 4
46 4
49 7
72 4
48 7
41 4
46 4
44 4
48 7
72 14
46 6
72 2
44 2
72 2
43 2
72 2
44 6
72 2
43 2
72 2
41 2
72 2
43 6
72 2
41 2
72 2
39 2
72 2
41 4
39 4
37 4
36 4
35 7
72 4
34 9
72 14
41 4
46 4
44 4
48 7
72 4
46 2
44 2
46 7
41 2
72 2
44 7
72 7
43 2
41 2
43 4
41 4
39 4
41 7
72 7
48 2
46 2
48 7
41 2
72 2
51 7
49 4
48 4
46 4
45 4
46 4
48 4
41 4
53 6
72 6
51 2
72 2
51 4
49 4
48 4
49 7
48 4
46 4
44 7
72 4
46 4
48 7
72 4
46 4
39 7
43 4
44 4
46 4
49 7
72 4
48 7
41 4
46 4
44 4
E
S
L
72 13
10 6
72 2
10 2
72 2
10 4
72 4
17 4
17 4
72 4
10 6
72 2
10 2
72 2
10 4
72 4
17 4
17 4
72 4
10 6
72 2
10 2
72 2
10 4
72 4
17 4
17 4
72 4
10 6
72 2
10 2
72 2
10 4
72 4
17 4
17 4
72 4
10 6
72 2
10 2
72 2
10 4
72 4
17 4
17 4
72 4
10 6
72 2
10 2
72 2
10 4
72 4
17 4
17 4
72 4
10 6
72 2
10 2
72 2
10 4
72 4
17 4
17 4
72 4
10 6
72 2
10 2
72 2
10 4
72 4
17 4
17 4
72 4
10 6
72 2
10 2
72 2
10 4
72 4
17 4
17 4
72 4
10 6
72 2
10 2
72 2
10 4
72 4
17 4
17 4
72 4
10 6
72 2
10 2
72 2
10 4
72 4
17 4
17 4
72 4
10 6
72 2
10 2
72 2
10 4
72 4
17 4
17 4
72 4
16 7
15 2
72 2
14 7
13 4
12 4
11 4
18 7
17 2
72 2
16 7
15 4
14 4
13 4
16 7
15 2
72 2
14 7
13 4
12 4
11 4
18 7
72 4
17 4
16 4
15 4
14 4
13 4
10 12
72 4
10 4
13 12
72 4
13 4
15 12
72 4
15 4
17 12
72 4
17 4
10 12
72 4
10 4
13 12
72 4
13 4
15 12
72 4
15 4
17 12
72 4
17 4
10 6
72 2
10 2
72 2
10 4
72 4
17 4
17 4
72 4
10 6
72 2
10 2
72 2
10 4
72 4
17 4
17 4
72 4
10 6
72 2
10 2
72 2
10 4
72 4
17 4
17 4
72 4
10 6
72 2
10 2
72 2
10 4
72 4
17 4
17 4
72 4
10 6
72 2
10 2
72 2
10 4
72 4
17 4
17 4
72 4
10 6
72 2
10 2
72 2
10 4
72 4
17 4
17 4
72 4
10 6
72 2
10 2
72 2
10 4
72 4
17 4
17 4
72 4
10 6
72 2
10 2
72 2
10 4
72 4
17 4
17 4
72 4
10 6
72 2
10 2
72 2
10 4
72 4
17 4
17 4
72 4
10 6
72 2
10 2
72 2
10 4
72 4
17 4
17 4
72 4
10 6
72 2
10 2
72 2
10 4
72 4
17 4
17 4
72 4
10 6
72 2
10 2
72 2
10 4
72 4
17 4
17 4
72 4
16 7
15 2
72 2
14 7
13 4
12 4
11 4
18 7
17 2
72 2
16 7
15 4
14 4
13 4
16 7
15 2
72 2
14 7
13 4
12 4
11 4
18 7
72 4
17 4
16 4
15 4
14 4
13 4
10 12
72 4
10 4
13 12
72 4
13 4
15 12
72 4
15 4
17 12
72 4
17 4
10 12
72 4
10 4
13 12
72 4
13 4
15 12
72 4
15 4
17 12
72 4
17 4
E
S
L
72 12
21 2
23 2
22 6
72 2
22 2
72 2
22 4
72 4
29 4
29 4
72 4
22 6
72 2
22 2
72 2
22 4
72 4
29 4
29 4
72 4
22 6
72 2
22 2
72 2
22 4
72 4
29 4
29 4
72 4
22 6
72 2
22 2
72 2
22 4
72 4
29 4
29 4
72 4
22 6
72 2
22 2
72 2
22 4
72 4
29 4
29 4
72 4
22 6
72 2
22 2
72 2
22 4
72 4
29 4
29 4
72 4
22 6
72 2
22 2
72 2
22 4
72 4
29 4
29 4
72 4
22 6
72 2
22 2
72 2
22 4
72 4
29 4
29 4
72 4
22 6
72 2
22 2
72 2
22 4
72 4
29 4
29 4
72 4
22 6
72 2
22 2
72 2
22 4
72 4
29 4
29 4
72 4
22 6
72 2
22 2
72 2
22 4
72 4
29 4
29 4
72 4
22 6
72 2
22 2
72 2
22 4
72 4
29 4
29 4
72 4
28 7
27 2
72 2
26 7
25 4
24 4
23 4
30 7
29 2
72 2
28 7
27 4
26 4
25 4
28 7
27 2
72 2
26 7
25 4
24 4
23 4
30 7
29 2
72 2
28 7
27 4
26 4
25 4
22 9
22 4
22 7
72 4
22 4
25 9
25 4
25 9
25 4
27 9
27 4
27 9
27 4
29 9
29 4
29 9
29 4
22 9
22 4
22 7
72 4
22 4
25 9
25 4
25 9
25 4
27 9
27 4
27 9
27 4
29 9
29 4
29 9
29 4
22 6
72 2
22 2
72 2
22 4
72 4
29 4
29 4
72 4
22 6
72 2
22 2
72 2
22 4
72 4
29 4
29 4
72 4
22 6
72 2
22 2
72 2
22 4
72 4
29 4
29 4
72 4
22 6
72 2
22 2
72 2
22 4
72 4
29 4
29 4
72 4
22 6
72 2
22 2
72 2
22 4
72 4
29 4
29 4
72 4
22 6
72 2
22 2
72 2
22 4
72 4
29 4
29 4
72 4
22 6
72 2
22 2
72 2
22 4
72 4
29 4
29 4
72 4
22 6
72 2
22 2
72 2
22 4
72 4
29 4
29 4
72 4
22 6
72 2
22 2
72 2
22 4
72 4
29 4
29 4
72 4
22 6
72 2
22 2
72 2
22 4
72 4
29 4
29 4
72 4
22 6
72 2
22 2
72 2
22 4
72 4
29 4
29 4
72 4
22 6
72 2
22 2
72 2
22 4
72 4
29 4
29 4
72 4
28 7
27 2
72 2
26 7
25 4
24 4
23 4
30 7
29 2
72 2
28 7
27 4
26 4
25 4
28 7
27 2
72 2
26 7
25 4
24 4
23 4
30 7
29 2
72 2
28 7
27 4
26 4
25 4
22 9
22 4
22 7
72 4
22 4
25 9
25 4
25 9
25 4
27 9
27 4
27 9
27 4
29 9
29 4
29 9
29 4
22 9
22 4
22 7
72 4
22 4
25 9
25 4
25 9
25 4
27 9
27 4
27 9
27 4
29 9
29 4
29 9
29 4
E
S
L
72 12
110 2
136 2
24 4
237 4
21 4
19 4
72 4
24 2
24 2
105 4
24 4
24 4
237 4
21 4
19 4
72 4
24 2
24 2
105 4
24 4
24 4
237 4
21 4
19 4
72 4
24 2
24 2
105 4
24 4
24 4
237 4
21 4
19 4
72 4
24 2
24 2
105 4
24 4
24 7
110 4
16 4
24 4
72 4
110 4
16 4
24 7
110 4
16 4
24 4
72 4
110 4
16 4
24 7
110 4
16 4
24 4
72 4
110 4
16 4
24 7
110 4
16 4
24 4
72 4
110 4
16 4
24 7
110 4
16 4
24 4
72 4
110 4
16 4
24 7
110 4
16 4
24 4
72 4
110 4
16 4
24 7
110 4
16 4
24 4
72 4
110 4
16 4
24 7
110 4
16 4
24 4
72 4
110 4
16 4
24 7
110 2
213 2
26 4
72 4
242 2
105 2
24 4
237 4
24 7
110 2
213 2
26 4
72 4
242 2
105 2
24 4
237 4
24 7
110 2
213 2
26 4
72 4
242 2
105 2
24 4
237 4
24 7
110 2
213 2
26 4
72 4
242 2
105 2
24 4
237 4
110 4
24 4
105 4
21 4
72 4
21 2
21 2
16 4
134 4
110 4
24 4
105 4
21 4
72 4
21 2
21 2
16 4
134 4
110 4
24 4
105 4
21 4
72 4
21 2
21 2
16 4
134 4
110 4
24 4
105 4
21 4
72 4
21 2
21 2
16 4
134 4
110 4
24 4
105 4
21 4
72 4
21 2
21 2
16 4
134 4
110 4
24 4
105 4
21 4
72 4
21 2
21 2
16 4
134 4
110 4
24 4
105 4
21 4
72 4
21 2
21 2
16 4
134 4
110 4
24 4
105 4
21 4
72 4
21 2
21 2
16 4
134 4
24 4
237 4
21 4
19 4
72 4
24 2
24 2
105 4
24 4
24 4
237 4
21 4
19 4
72 4
24 2
24 2
105 4
24 4
24 4
237 4
21 4
19 4
72 4
24 2
24 2
105 4
24 4
24 4
237 4
21 4
19 4
72 4
24 2
24 2
105 4
24 4
24 7
110 4
16 4
24 4
72 4
110 4
16 4
24 7
110 4
16 4
24 4
72 4
110 4
16 4
24 7
110 4
16 4
24 4
72 4
110 4
16 4
24 7
110 4
16 4
24 4
72 4
110 4
16 4
24 7
110 4
16 4
24 4
72 4
110 4
16 4
24 7
110 4
16 4
24 4
72 4
110 4
16 4
24 7
110 4
16 4
24 4
72 4
110 4
16 4
24 7
110 4
16 4
24 4
72 4
110 4
16 4
24 7
110 2
213 2
26 4
72 4
242 2
105 2
24 4
237 4
24 7
110 2
213 2
26 4
72 4
242 2
105 2
24 4
237 4
24 7
110 2
213 2
26 4
72 4
242 2
105 2
24 4
237 4
24 7
110 2
213 2
26 4
72 4
242 2
105 2
24 4
237 4
110 4
24 4
105 4
21 4
72 4
21 2
21 2
16 4
134 4
110 4
24 4
105 4
21 4
72 4
21 2
21 2
16 4
134 4
110 4
24 4
105 4
21 4
72 4
21 2
21 2
16 4
134 4
110 4
24 4
105 4
21 4
72 4
21 2
21 2
16 4
134 4
110 4
24 4
105 4
21 4
72 4
21 2
21 2
16 4
134 4
110 4
24 4
105 4
21 4
72 4
21 2
21 2
16 4
134 4
110 4
24 4
105 4
21 4
72 4
21 2
21 2
16 4
134 4
110 4
24 4
105 4
21 4
72 4
21 2
21 2
16 4
134 4
E
S
H
72 14
46 6
72 2
44 2
72 2
43 2
72 2
44 6
72 2
43 2
72 2
41 2
72 2
43 6
72 2
41 2
72 2
39 2
72 2
41 4
39 4
37 4
36 4
35 7
72 4
34 9
72 14
41 4
46 4
44 4
48 7
72 4
46 2
44 2
46 7
41 2
72 2
44 7
72 7
43 2
41 2
43 4
41 4
39 4
41 7
72 7
48 2
46 2
48 7
41 2
72 2
51 7
49 4
48 4
46 4
45 4
46 4
48 4
41 4
53 6
72 6
51 2
72 2
51 4
49 4
48 4
49 7
48 4
46 4
44 7
72 4
46 4
48 7
72 4
46 4
39 7
43 4
44 4
46 4
49 7
72 4
48 7
41 4
46 4
44 4
48 7
72 14
46 6
72 2
44 2
72 2
43 2
72 2
44 6
72 2
43 2
72 2
41 2
72 2
43 6
72 2
41 2
72 2
39 2
72 2
41 4
39 4
37 4
36 4
35 7
72 4
34 9
72 14
41 4
46 4
44 4
48 7
72 4
46 2
44 2
46 7
41 2
72 2
44 7
72 7
43 2
41 2
43 4
41 4
39 4
41 7
72 7
48 2
46 2
48 7
41 2
72 2
51 7
49 4
48 4
46 4
45 4
46 4
48 4
41 4
53 6
72 6
51 2
72 2
51 4
49 4
48 4
49 7
48 4
46 4
44 7
72 4
46 4
48 7
72 4
46 4
39 7
43 4
44 4
46 4
49 7
72 4
48 7
41 4
46 4
44 4
E
S
H
72 13
46 4
53 4
54 4
53 4
72 7
61 4
58 4
72 14
58 4
59 4
58 4
57 4
72 7
66 4
72 7
65 4
72 14
46 4
53 4
54 4
53 4
72 7
61 4
58 4
72 13
46 4
53 4
54 4
53 4
72 7
61 4
58 4
72 14
58 4
59 4
58 4
57 4
72 7
66 4
72 7
65 4
72 4
40 2
41 2
42 2
43 2
44 2
44 2
45 2
46 2
47 2
49 2
50 2
51 2
52 2
53 2
54 2
55 2
41 2
42 2
43 2
44 2
45 2
45 2
46 2
47 2
48 2
50 2
51 2
52 2
53 2
54 2
55 2
56 2
42 2
43 2
44 2
45 2
46 2
46 2
47 2
48 2
49 2
51 2
52 2
53 2
54 2
55 2
56 2
57 2
43 2
44 2
45 2
46 2
47 2
47 2
48 2
49 2
50 2
52 2
53 2
54 2
55 2
56 2
57 2
58 2
72 14
46 4
53 4
54 4
53 4
72 7
61 4
58 4
72 14
58 4
59 4
58 4
57 4
72 7
66 4
72 7
65 4
72 14
46 4
53 4
54 4
53 4
72 7
61 4
58 4
72 13
46 4
53 4
54 4
53 4
72 7
61 4
58 4
72 14
58 4
59 4
58 4
57 4
72 7
66 4
72 7
65 4
72 4
40 2
41 2
42 2
43 2
44 2
44 2
45 2
46 2
47 2
49 2
50 2
51 2
52 2
53 2
54 2
55 2
41 2
42 2
43 2
44 2
45 2
45 2
46 2
47 2
48 2
50 2
51 2
52 2
53 2
54 2
55 2
56 2
42 2
43 2
44 2
45 2
46 2
46 2
47 2
48 2
49 2
51 2
52 2
53 2
54 2
55 2
56 2
57 2
43 2
44 2
45 2
46 2
47 2
47 2
48 2
49 2
50 2
52 2
53 2
54 2
55 2
56 2
57 2
58 2
E
S
H
72 13
49 13
49 13
49 13
49 13
49 13
49 13
49 13
49 13
49 13
49 13
49 13
49 13
72 14
49 13
49 13
49 13
49 13
49 13
49 13
49 13
49 13
49 13
49 13
49 13
49 13
E
X
