major
S
L
72 7
13 9
72 2
13 2
13 9
72 2
13 2
13 9
72 2
13 2
13 7
12 7
10 9
72 2
10 2
15 9
72 2
15 2
8 9
72 2
8 2
8 9
72 2
8 2
13 9
72 2
13 2
13 9
72 2
13 2
13 9
72 2
13 2
13 7
12 7
10 9
72 2
10 2
15 9
72 2
15 2
8 9
72 2
8 2
8 9
72 2
8 2
13 9
72 2
13 2
13 9
72 2
13 2
13 9
72 2
13 2
13 7
12 7
10 9
72 2
10 2
15 9
72 2
15 2
8 9
72 2
8 2
8 9
72 2
8 2
13 9
72 2
13 2
13 9
72 2
13 2
13 9
72 2
13 2
13 7
12 7
10 9
72 2
10 2
15 9
72 2
15 2
E
S
L
72 8
32 2
37 2
32 2
41 2
37 2
32 2
37 2
72 2
31 2
34 2
31 2
39 2
34 2
31 2
34 2
72 2
30 2
33 2
30 2
37 2
33 2
30 2
33 2
72 2
29 2
32 2
29 2
36 2
32 2
27 2
32 2
72 2
29 2
34 2
29 2
37 2
34 2
29 2
34 2
72 2
31 2
34 2
31 2
39 2
34 2
31 2
34 2
72 2
32 2
37 2
32 2
39 2
37 2
32 2
37 2
72 2
32 2
36 2
32 2
39 2
36 2
32 2
36 2
72 2
32 2
37 2
32 2
41 2
37 2
32 2
37 2
72 2
31 2
34 2
31 2
39 2
34 2
31 2
34 2
72 2
30 2
33 2
30 2
37 2
33 2
30 2
33 2
72 2
29 2
32 2
29 2
36 2
32 2
27 2
32 2
72 2
29 2
34 2
29 2
37 2
34 2
29 2
34 2
72 2
31 2
34 2
31 2
39 2
34 2
31 2
34 2
72 2
32 2
37 2
32 2
39 2
37 2
32 2
37 2
72 2
32 2
36 2
32 2
39 2
36 2
32 2
36 2
72 2
32 2
37 2
32 2
41 2
37 2
32 2
37 2
72 2
31 2
34 2
31 2
39 2
34 2
31 2
34 2
72 2
30 2
33 2
30 2
37 2
33 2
30 2
33 2
72 2
29 2
32 2
29 2
36 2
32 2
27 2
32 2
72 2
29 2
34 2
29 2
37 2
34 2
29 2
34 2
72 2
31 2
34 2
31 2
39 2
34 2
31 2
34 2
72 2
32 2
37 2
32 2
39 2
37 2
32 2
37 2
72 2
32 2
36 2
32 2
39 2
36 2
32 2
36 2
72 2
32 2
37 2
32 2
41 2
37 2
32 2
37 2
72 2
31 2
34 2
31 2
39 2
34 2
31 2
34 2
72 2
30 2
33 2
30 2
37 2
33 2
30 2
33 2
72 2
29 2
32 2
29 2
36 2
32 2
27 2
32 2
72 2
29 2
34 2
29 2
37 2
34 2
29 2
34 2
72 2
31 2
34 2
31 2
39 2
34 2
31 2
34 2
E
S
L
72 10
32 2
37 2
32 2
72 0
41 2
72 0
37 2
32 2
37 2
72 4
31 2
34 2
31 2
72 0
39 2
72 0
34 2
31 2
34 2
72 4
30 2
33 2
30 2
72 0
37 2
72 0
33 2
30 2
33 2
72 4
29 2
32 2
29 2
72 0
36 2
72 0
32 2
27 2
32 2
72 4
29 2
34 2
29 2
72 0
37 2
72 0
34 2
29 2
34 2
72 4
31 2
34 2
31 2
72 0
39 2
72 0
34 2
31 2
34 2
72 4
32 2
37 2
32 2
72 0
39 2
72 0
37 2
32 2
37 2
72 4
32 2
36 2
32 2
72 0
39 2
72 0
36 2
32 2
36 2
72 4
32 2
37 2
32 2
72 0
41 2
72 0
37 2
32 2
37 2
72 4
31 2
34 2
31 2
72 0
39 2
72 0
34 2
31 2
34 2
72 4
30 2
33 2
30 2
72 0
37 2
72 0
33 2
30 2
33 2
72 4
29 2
32 2
29 2
72 0
36 2
72 0
32 2
27 2
32 2
72 4
29 2
34 2
29 2
72 0
37 2
72 0
34 2
29 2
34 2
72 4
31 2
34 2
31 2
72 0
39 2
72 0
34 2
31 2
34 2
72 4
32 2
37 2
32 2
72 0
39 2
72 0
37 2
32 2
37 2
72 4
32 2
36 2
32 2
72 0
39 2
72 0
36 2
32 2
36 2
72 4
32 2
37 2
32 2
72 0
41 2
72 0
37 2
32 2
37 2
72 4
31 2
34 2
31 2
72 0
39 2
72 0
34 2
31 2
34 2
72 4
30 2
33 2
30 2
72 0
37 2
72 0
33 2
30 2
33 2
72 4
29 2
32 2
29 2
72 0
36 2
72 0
32 2
27 2
32 2
72 4
29 2
34 2
29 2
72 0
37 2
72 0
34 2
29 2
34 2
72 4
31 2
34 2
31 2
72 0
39 2
72 0
34 2
31 2
34 2
72 4
32 2
37 2
32 2
72 0
39 2
72 0
37 2
32 2
37 2
72 4
32 2
36 2
32 2
72 0
39 2
72 0
36 2
32 2
36 2
72 4
32 2
37 2
32 2
72 0
41 2
72 0
37 2
32 2
37 2
72 4
31 2
34 2
31 2
72 0
39 2
72 0
34 2
31 2
34 2
72 4
30 2
33 2
30 2
72 0
37 2
72 0
33 2
30 2
33 2
72 4
29 2
32 2
29 2
72 0
36 2
72 0
32 2
27 2
32 2
72 4
29 2
34 2
29 2
72 0
37 2
72 0
34 2
29 2
34 2
72 4
31 2
34 2
31 2
72 0
39 2
72 0
34 2
31 0
E
S
H
72 7
49 5
72 0
44 5
72 0
53 4
53 5
72 0
51 2
51 7
49 5
72 0
45 5
72 0
54 4
54 4
53 4
51 4
53 4
49 8
46 2
48 2
49 2
53 4
51 4
46 4
46 2
48 2
49 8
51 4
49 2
48 11
49 5
72 0
44 5
72 0
53 4
53 5
72 0
51 2
51 7
49 5
72 0
45 5
72 0
54 4
54 4
53 4
51 4
53 4
49 8
46 2
48 2
49 2
53 4
51 4
46 4
46 2
48 2
49 8
51 4
49 2
48 11
49 5
72 0
44 5
72 0
53 4
53 5
72 0
51 2
51 7
49 5
72 0
45 5
72 0
54 4
54 4
53 4
51 4
53 4
49 8
46 2
48 2
49 2
53 4
51 4
46 4
46 2
48 2
49 8
51 4
49 2
48 11
49 5
72 0
44 5
72 0
53 4
53 5
72 0
51 2
51 7
49 5
72 0
45 5
72 0
54 4
54 4
53 4
51 4
53 4
49 8
46 2
48 2
49 2
53 4
51 4
46 4
46 2
48 2
E
S
H
72 8
49 5
44 5
72 0
53 4
72 0
53 5
51 2
72 0
51 7
49 5
45 5
72 0
54 4
72 0
54 4
53 4
72 0
51 4
53 4
72 0
49 8
72 0
46 2
48 2
49 2
72 0
53 4
51 4
72 0
46 4
46 2
48 2
72 0
49 8
72 0
51 4
49 2
72 0
48 11
49 5
44 5
72 0
53 4
72 0
53 5
51 2
72 0
51 7
49 5
45 5
72 0
54 4
72 0
54 4
53 4
72 0
51 4
53 4
72 0
49 8
72 0
46 2
48 2
49 2
72 0
53 4
51 4
72 0
46 4
46 2
48 2
72 0
49 8
72 0
51 4
49 2
72 0
48 11
49 5
44 5
72 0
53 4
72 0
53 5
51 2
72 0
51 7
49 5
45 5
72 0
54 4
72 0
54 4
53 4
72 0
51 4
53 4
72 0
49 8
72 0
46 2
48 2
49 2
72 0
53 4
51 4
72 0
46 4
46 2
48 2
72 0
49 8
72 0
51 4
49 2
72 0
48 11
49 5
44 5
72 0
53 4
72 0
53 5
51 2
72 0
51 7
49 5
45 5
72 0
54 4
72 0
54 4
53 4
72 0
51 4
53 4
72 0
49 8
72 0
46 2
48 2
49 2
72 0
53 4
51 4
72 0
46 4
46 0
E
S
L
72 7
841 11
1146 11
986 11
841 7
541 7
843 11
1155 11
1290 11
541 11
841 11
552 11
359 11
346 7
541 7
843 11
660 11
553 11
1289 11
841 11
1146 11
986 11
841 7
541 7
843 11
1155 11
1290 11
541 11
841 11
552 11
359 11
346 7
541 7
843 11
660 11
E
S
L
72 7
616 0
72 2
27 0
72 2
143 0
72 2
27 0
72 2
609 0
72 2
588 0
72 2
609 0
72 2
588 0
72 2
616 0
72 2
27 0
72 2
143 0
72 2
148 0
72 2
719 0
72 2
588 0
72 2
1020 0
72 2
588 0
72 2
616 0
72 2
27 0
72 2
143 0
72 2
27 0
72 2
609 0
72 2
588 0
72 2
609 0
72 2
588 0
72 2
616 0
72 2
27 0
72 2
616 0
72 2
27 0
72 2
719 0
72 2
588 0
72 2
1020 0
72 2
588 0
72 2
616 0
72 2
27 0
72 2
143 0
72 2
27 0
72 2
609 0
72 2
588 0
72 2
609 0
72 2
588 0
72 2
616 0
72 2
27 0
72 2
143 0
72 2
148 0
72 2
719 0
72 2
588 0
72 2
1020 0
72 2
588 0
72 2
616 0
72 2
27 0
72 2
143 0
72 2
27 0
72 2
609 0
72 2
588 0
72 2
609 0
72 2
588 0
72 2
616 0
72 2
27 0
72 2
616 0
72 2
27 0
72 2
719 0
72 2
588 0
72 2
1020 0
72 2
588 0
72 2
616 0
72 2
27 0
72 2
143 0
72 2
27 0
72 2
609 0
72 2
588 0
72 2
609 0
72 2
588 0
72 2
616 0
72 2
27 0
72 2
143 0
72 2
148 0
72 2
719 0
72 2
588 0
72 2
1020 0
72 2
588 0
72 2
616 0
72 2
27 0
72 2
143 0
72 2
27 0
72 2
609 0
72 2
588 0
72 2
609 0
72 2
588 0
72 2
616 0
72 2
27 0
72 2
616 0
72 2
27 0
72 2
719 0
72 2
588 0
72 2
1020 0
72 2
588 0
72 2
616 0
72 2
27 0
72 2
143 0
72 2
27 0
72 2
609 0
72 2
588 0
72 2
609 0
72 2
588 0
72 2
616 0
72 2
27 0
72 2
143 0
72 2
148 0
72 2
719 0
72 2
588 0
72 2
1020 0
72 2
588 0
72 2
616 0
72 2
27 0
72 2
143 0
72 2
27 0
72 2
609 0
72 2
588 0
72 2
609 0
72 2
588 0
72 2
616 0
72 2
27 0
72 2
616 0
72 2
27 0
72 2
719 0
72 2
588 0
72 2
1020 0
72 2
588 0
72 2
616 0
72 2
27 0
72 2
143 0
72 2
27 0
72 2
609 0
72 2
588 0
72 2
609 0
72 2
588 0
72 2
616 0
72 2
27 0
72 2
143 0
72 2
148 0
72 2
719 0
72 2
588 0
72 2
1020 0
72 2
588 0
72 2
616 0
72 2
27 0
72 2
143 0
72 2
27 0
72 2
609 0
72 2
588 0
72 2
609 0
72 2
588 0
72 2
616 0
72 2
27 0
72 2
616 0
72 2
27 0
72 2
719 0
72 2
588 0
72 2
1020 0
72 2
588 0
72 2
616 0
72 2
27 0
72 2
143 0
72 2
27 0
72 2
609 0
72 2
588 0
72 2
609 0
72 2
588 0
72 2
616 0
72 2
27 0
72 2
143 0
72 2
148 0
72 2
719 0
72 2
588 0
72 2
1020 0
72 2
588 0
72 2
616 0
72 2
27 0
72 2
143 0
72 2
27 0
72 2
609 0
72 2
588 0
72 2
609 0
72 2
588 0
72 2
616 0
72 2
27 0
72 2
616 0
72 2
27 0
72 2
719 0
72 2
588 0
72 2
1020 0
72 2
588 0
72 2
616 0
72 2
27 0
72 2
143 0
72 2
27 0
72 2
609 0
72 2
588 0
72 2
588 0
72 2
588 0
72 2
616 0
72 2
27 0
72 2
143 0
72 2
148 0
72 2
753 0
72 2
588 0
72 2
1020 0
72 2
588 0
72 2
616 0
72 2
27 0
72 2
143 0
72 2
27 0
72 2
612 0
72 2
588 0
72 2
609 0
72 2
588 0
72 2
616 0
72 2
27 0
72 2
616 0
72 2
27 0
72 2
732 0
72 2
588 0
72 2
1020 0
72 2
588 0
72 2
616 0
72 2
27 0
72 2
143 0
72 2
27 0
72 2
612 0
72 2
588 0
72 2
588 0
72 2
588 0
72 2
616 0
72 2
27 0
72 2
143 0
72 2
148 0
72 2
753 0
72 2
588 0
72 2
1020 0
72 2
588 0
E
X
