minor
S
L
24 0
72 2
24 0
72 2
24 0
72 2
24 0
72 2
27 4
24 4
72 7
24 0
72 2
24 0
72 2
24 0
72 2
24 0
72 2
27 4
24 4
72 11
24 2
24 2
24 2
24 2
27 4
24 4
72 7
24 2
24 2
24 2
24 2
27 4
24 4
72 11
24 2
24 2
24 2
24 2
27 4
24 4
72 7
24 2
24 2
24 2
24 2
27 4
24 4
72 11
24 2
24 2
24 2
24 2
27 4
24 4
72 7
24 2
24 2
24 2
24 2
27 4
24 4
72 11
24 2
24 2
24 2
24 2
27 4
24 4
72 7
24 2
24 2
24 2
24 2
27 4
24 4
72 11
24 2
24 2
24 2
24 2
27 4
24 4
72 7
24 2
24 2
24 2
24 2
27 4
24 4
72 11
24 2
24 2
24 2
24 2
27 4
24 4
72 7
24 2
24 2
24 2
24 2
27 4
24 4
72 11
24 2
24 2
24 2
24 2
27 4
24 4
72 7
24 2
24 2
24 2
24 2
27 4
24 4
72 11
24 2
24 2
24 2
24 2
27 4
24 4
72 7
24 2
24 2
24 2
24 2
27 4
24 4
72 11
24 2
24 2
24 2
24 2
27 4
24 4
72 7
24 2
24 2
24 2
24 2
27 4
24 4
72 11
24 2
24 2
24 2
24 2
27 4
24 4
72 7
24 2
24 2
24 2
24 2
27 4
24 4
72 11
24 2
24 2
24 2
24 2
27 4
24 4
72 7
24 2
24 2
24 2
24 2
27 4
24 4
72 11
24 2
24 2
24 2
24 2
27 4
24 4
72 7
24 2
24 2
24 2
24 2
27 4
24 4
72 11
24 2
24 2
24 2
24 2
27 4
24 4
72 7
24 2
24 2
24 2
24 2
27 4
24 4
72 11
24 2
24 2
24 2
24 2
27 4
24 4
72 7
24 2
24 2
24 2
24 2
27 4
24 4
72 11
24 2
24 2
24 2
24 2
27 4
24 4
72 7
24 2
24 2
24 2
24 2
27 4
24 4
E
S
H
72 11
108 4
108 4
72 7
72 12
72 11
108 4
108 4
72 7
72 12
72 11
108 4
108 4
72 7
72 12
72 11
108 4
108 4
72 7
72 12
108 11
72 11
72 12
72 13
72 14
108 4
108 4
72 13
108 4
108 4
72 13
108 4
108 4
72 13
108 4
108 4
72 13
185 13
E
S
H
72 13
72 12
72 13
72 12
72 13
72 12
72 13
72 12
36 9
38 7
39 7
38 7
36 4
38 9
34 4
36 9
43 7
41 7
39 7
38 4
35 11
36 9
38 7
39 7
38 7
36 4
38 9
34 4
36 9
43 7
46 7
48 7
50 4
51 11
72 14
36 9
38 7
39 7
38 7
36 4
38 9
34 4
36 9
43 7
41 7
39 7
38 4
35 11
36 9
38 7
39 7
38 7
36 4
38 9
34 4
36 9
43 7
46 7
48 7
50 4
51 11
E
S
L
72 13
72 9
34 6
31 6
72 13
29 4
29 2
31 2
26 2
27 2
24 13
72 7
34 11
29 4
29 2
31 2
26 2
27 2
24 13
72 14
29 4
29 2
31 2
26 2
27 2
24 13
72 9
29 4
29 2
31 2
26 2
27 2
24 13
72 9
29 4
29 2
31 2
26 2
27 2
24 13
72 9
29 4
29 2
31 2
26 2
27 2
72 13
29 4
29 2
31 2
26 2
27 2
24 13
72 9
29 4
29 2
31 2
26 2
27 2
24 13
72 9
29 4
29 2
31 2
26 2
27 2
24 13
72 14
29 4
29 2
31 2
26 2
27 2
24 13
72 9
29 4
29 2
31 2
26 2
27 2
24 13
72 9
29 4
29 2
31 2
26 2
27 2
24 13
72 9
29 4
29 2
31 2
26 2
27 2
E
S
H
72 14
1671 11
22 9
72 14
1671 9
101 13
E
S
H
72 13
60 0
60 0
72 2
60 0
72 0
60 0
72 1
55 0
72 1
55 0
72 0
55 0
55 0
72 2
60 0
60 0
72 2
60 0
72 0
60 0
72 1
55 0
72 1
55 0
72 0
55 0
55 0
72 2
60 0
60 0
72 2
60 0
72 0
60 0
72 1
55 0
72 1
55 0
72 0
55 0
55 0
72 2
60 0
60 0
72 2
60 0
72 0
60 0
72 1
55 0
72 1
55 0
72 0
55 0
55 0
72 2
60 0
60 0
72 2
60 0
72 0
60 0
72 1
55 0
72 1
55 0
72 0
55 0
55 0
72 2
60 0
60 0
72 2
60 0
72 0
60 0
72 1
55 0
72 1
55 0
72 0
55 0
55 0
72 2
60 0
60 0
72 2
60 0
72 0
60 0
72 1
60 0
72 1
55 0
72 0
55 0
55 0
72 2
55 0
60 0
72 2
60 0
72 0
60 0
72 1
60 0
72 1
55 0
72 0
55 0
55 0
72 2
55 0
60 0
72 2
60 0
72 0
60 0
72 1
60 0
72 1
55 0
72 0
55 0
55 0
72 2
55 0
60 0
72 2
60 0
72 0
60 0
72 1
60 0
72 1
55 0
72 0
55 0
55 0
72 2
55 0
60 0
72 2
60 0
72 0
60 0
72 1
60 0
72 1
55 0
72 0
55 0
55 0
72 2
55 0
60 0
72 2
60 0
72 0
60 0
72 1
60 0
72 1
55 0
72 0
55 0
55 0
72 2
55 0
60 0
72 2
60 0
72 0
60 0
72 1
60 0
72 1
55 0
72 0
55 0
55 0
72 2
55 0
60 0
72 2
60 0
72 0
60 0
72 1
60 0
72 1
55 0
72 0
55 0
55 0
72 2
55 0
60 0
72 2
60 0
72 0
60 0
72 1
60 0
72 1
55 0
72 0
55 0
55 0
72 2
55 0
60 0
72 2
60 0
72 0
60 0
72 1
60 0
72 1
55 0
72 0
55 0
55 0
72 2
55 0
60 0
72 2
60 0
72 0
60 0
72 1
60 0
72 1
55 0
72 0
55 0
55 0
72 2
55 0
60 0
72 2
60 0
72 0
60 0
72 1
60 0
72 1
55 0
72 0
55 0
55 0
72 2
55 0
60 0
72 2
60 0
72 0
60 0
72 1
60 0
72 1
55 0
72 0
55 0
55 0
72 2
55 0
60 0
72 2
60 0
72 0
60 0
72 1
60 0
72 1
55 0
72 0
55 0
55 0
72 2
55 0
60 0
72 2
60 0
72 0
60 0
72 1
60 0
72 1
55 0
72 0
55 0
55 0
72 2
55 0
60 0
72 2
60 0
72 0
60 0
72 1
60 0
72 1
55 0
72 0
55 0
55 0
72 2
55 0
72 11
60 0
60 0
72 2
60 0
72 0
60 0
72 1
55 0
72 1
55 0
72 0
55 0
55 0
72 2
60 0
60 0
72 2
60 0
72 0
60 0
72 1
55 0
72 1
55 0
72 0
55 0
55 0
72 2
60 0
60 0
72 2
60 0
72 0
60 0
72 1
55 0
72 1
55 0
72 0
55 0
55 0
72 2
60 0
60 0
72 2
60 0
72 0
60 0
72 1
55 0
72 1
55 0
72 0
55 0
55 0
72 2
60 0
60 0
72 2
60 0
72 0
60 0
72 1
55 0
72 1
55 0
72 0
55 0
55 0
72 2
60 0
60 0
72 2
60 0
72 0
60 0
72 1
55 0
72 1
55 0
72 0
55 0
55 0
72 2
60 0
60 0
72 2
60 0
72 0
60 0
72 1
108 0
72 1
55 0
72 0
55 0
55 0
72 2
108 0
60 0
72 2
60 0
72 0
60 0
72 1
108 0
72 1
55 0
72 0
55 0
55 0
72 2
108 0
60 0
72 2
60 0
72 0
60 0
72 1
108 0
72 1
55 0
72 0
55 0
55 0
72 2
108 0
60 0
72 2
60 0
72 0
60 0
72 1
108 0
72 1
55 0
72 0
55 0
55 0
72 2
108 0
60 0
72 2
60 0
72 0
60 0
72 1
108 0
72 1
55 0
72 0
55 0
55 0
72 2
108 0
60 0
72 2
60 0
72 0
60 0
72 1
108 0
72 1
55 0
72 0
55 0
55 0
72 2
108 0
60 0
72 2
60 0
72 0
60 0
72 1
108 0
72 1
55 0
72 0
55 0
55 0
72 2
108 0
60 0
72 2
60 0
72 0
60 0
72 1
108 0
72 1
55 0
72 0
55 0
55 0
72 2
108 0
60 0
72 2
60 0
72 0
60 0
72 1
108 0
72 1
55 0
72 0
55 0
55 0
72 2
108 0
60 0
72 2
60 0
72 0
60 0
72 1
108 0
72 1
55 0
72 0
55 0
55 0
72 2
108 0
60 0
72 2
60 0
72 0
60 0
72 1
108 0
72 1
55 0
72 0
55 0
55 0
72 2
108 0
60 0
72 2
60 0
72 0
60 0
72 1
108 0
72 1
55 0
72 0
55 0
55 0
72 2
108 0
60 0
72 2
60 0
72 0
60 0
72 1
108 0
72 1
55 0
72 0
55 0
55 0
72 2
108 0
60 0
72 2
60 0
72 0
60 0
72 1
108 0
72 1
55 0
72 0
55 0
55 0
72 2
108 0
60 0
72 2
60 0
72 0
60 0
72 1
108 0
72 1
55 0
72 0
55 0
55 0
72 2
108 0
60 0
72 2
60 0
72 0
60 0
72 1
108 0
72 1
55 0
72 0
55 0
55 0
72 2
108 0
60 0
72 2
60 0
72 0
60 0
72 1
55 0
72 1
55 0
72 0
55 0
55 0
72 2
60 0
60 0
72 2
60 0
72 0
60 0
72 1
55 0
72 1
55 0
72 0
55 0
55 0
72 2
60 0
60 0
72 2
60 0
72 0
60 0
72 1
55 0
72 1
55 0
72 0
55 0
55 0
72 2
60 0
60 0
72 2
60 0
72 0
60 0
72 1
55 0
72 1
55 0
72 0
55 0
55 0
72 2
60 0
60 0
72 2
60 0
72 0
60 0
72 1
55 0
72 1
55 0
72 0
55 0
55 0
72 2
60 0
60 0
72 2
60 0
72 0
60 0
72 1
55 0
72 1
55 0
72 0
55 0
55 0
72 2
60 0
60 0
72 2
60 0
72 0
60 0
72 1
55 0
72 1
55 0
72 0
55 0
55 0
72 2
60 0
60 0
72 2
60 0
72 0
60 0
72 1
55 0
72 1
55 0
72 0
55 0
55 0
72 2
60 0
60 0
72 2
60 0
72 0
60 0
72 1
55 0
72 1
55 0
72 0
55 0
55 0
72 2
60 0
60 0
72 2
60 0
72 0
60 0
72 1
55 0
72 1
55 0
72 0
55 0
55 0
72 2
60 0
60 0
72 2
60 0
72 0
60 0
72 1
55 0
72 1
55 0
72 0
55 0
55 0
72 2
60 0
60 0
72 2
60 0
72 0
60 0
72 1
55 0
72 1
55 0
72 0
55 0
55 0
72 2
60 0
60 0
72 2
60 0
72 0
60 0
72 1
55 0
72 1
55 0
72 0
55 0
55 0
72 2
60 0
60 0
72 2
60 0
72 0
60 0
72 1
55 0
72 1
55 0
72 0
55 0
55 0
72 2
60 0
60 0
72 2
60 0
72 0
60 0
72 1
55 0
72 1
55 0
72 0
55 0
55 0
72 2
60 0
60 0
72 2
60 0
72 0
60 0
72 1
55 0
72 1
55 0
72 0
55 0
55 0
72 2
60 0
60 0
72 2
60 0
72 0
60 0
72 1
108 0
72 1
55 0
72 0
55 0
55 0
72 2
108 0
60 0
72 2
60 0
72 0
60 0
72 1
108 0
72 1
55 0
72 0
55 0
55 0
72 2
108 0
60 0
72 2
60 0
72 0
60 0
72 1
108 0
72 1
55 0
72 0
55 0
55 0
72 2
108 0
60 0
72 2
60 0
72 0
60 0
72 1
108 0
72 1
55 0
72 0
55 0
55 0
72 2
108 0
60 0
72 2
60 0
72 0
60 0
72 1
108 0
72 1
55 0
72 0
55 0
55 0
72 2
108 0
60 0
72 2
60 0
72 0
60 0
72 1
108 0
72 1
55 0
72 0
55 0
55 0
72 2
108 0
60 0
72 2
60 0
72 0
60 0
72 1
108 0
72 1
55 0
72 0
55 0
55 0
72 2
108 0
60 0
72 2
60 0
72 0
60 0
72 1
108 0
72 1
55 0
72 0
55 0
55 0
72 2
108 0
60 0
72 2
60 0
72 0
60 0
72 1
108 0
72 1
55 0
72 0
55 0
55 0
72 2
108 0
60 0
72 2
60 0
72 0
60 0
72 1
108 0
72 1
55 0
72 0
55 0
55 0
72 2
108 0
60 0
72 2
60 0
72 0
60 0
72 1
108 0
72 1
55 0
72 0
55 0
55 0
72 2
108 0
60 0
72 2
60 0
72 0
60 0
72 1
108 0
72 1
55 0
72 0
55 0
55 0
72 2
108 0
60 0
72 2
60 0
72 0
60 0
72 1
108 0
72 1
55 0
72 0
55 0
55 0
72 2
55 0
60 0
72 2
60 0
72 0
60 0
72 1
60 0
72 1
55 0
72 0
55 0
55 0
72 2
108 0
60 0
72 2
60 0
72 0
60 0
72 1
108 0
72 1
55 0
72 0
55 0
55 0
72 2
108 0
60 0
72 2
60 0
72 0
60 0
72 1
108 0
72 1
55 0
72 0
55 0
55 0
72 11
108 0
60 0
72 2
60 0
72 0
60 0
72 1
55 0
72 1
55 0
72 0
55 0
55 0
72 2
60 0
60 0
72 2
60 0
72 0
60 0
72 1
55 0
72 1
55 0
72 0
55 0
55 0
72 2
60 0
60 0
72 2
60 0
72 0
60 0
72 1
55 0
72 1
55 0
72 0
55 0
55 0
72 2
60 0
60 0
72 2
60 0
72 0
60 0
72 1
55 0
72 1
55 0
72 0
55 0
55 0
72 2
60 0
60 0
72 2
60 0
72 0
60 0
72 1
108 0
72 1
55 0
72 0
55 0
55 0
72 2
108 0
60 0
72 2
60 0
72 0
60 0
72 1
108 0
72 1
55 0
72 0
55 0
55 0
72 2
108 0
60 0
72 2
60 0
72 0
60 0
72 1
108 0
72 1
55 0
72 0
55 0
55 0
72 2
108 0
60 0
72 2
60 0
72 0
60 0
72 1
108 0
72 1
55 0
72 0
55 0
55 0
72 2
108 0
60 0
72 2
60 0
72 0
60 0
72 1
108 0
72 1
55 0
72 0
55 0
55 0
72 2
108 0
60 0
72 2
60 0
72 0
60 0
72 1
108 0
72 1
55 0
72 0
55 0
55 0
72 2
108 0
60 0
72 2
60 0
72 0
60 0
72 1
108 0
72 1
55 0
72 0
55 0
55 0
72 2
108 0
60 0
72 2
60 0
72 0
60 0
72 1
108 0
72 1
55 0
72 0
55 0
55 0
72 2
108 0
60 0
72 2
60 0
72 0
60 0
72 1
108 0
72 1
55 0
72 0
55 0
55 0
72 2
108 0
60 0
72 2
60 0
72 0
60 0
72 1
108 0
72 1
55 0
72 0
55 0
55 0
72 2
108 0
60 0
72 2
60 0
72 0
60 0
72 1
108 0
72 1
55 0
72 0
55 0
55 0
72 2
108 0
60 0
72 2
60 0
72 0
60 0
72 1
108 0
72 1
55 0
72 0
55 0
55 0
72 2
108 0
60 0
72 2
60 0
72 0
60 0
72 1
108 0
72 1
55 0
72 0
55 0
55 0
72 2
108 0
60 0
72 2
60 0
72 0
60 0
72 1
108 0
72 1
55 0
72 0
55 0
55 0
72 2
108 0
60 0
72 2
60 0
72 0
60 0
72 1
108 0
72 1
55 0
72 0
55 0
55 0
72 2
108 0
60 0
72 2
60 0
72 0
60 0
72 1
108 0
72 1
55 0
72 0
55 0
55 0
72 2
108 0
60 0
72 2
60 0
72 0
60 0
72 1
55 0
72 1
55 0
72 0
55 0
55 0
72 2
60 0
60 0
72 2
60 0
72 0
60 0
72 1
55 0
72 1
55 0
72 0
55 0
55 0
72 2
60 0
60 0
72 2
60 0
72 0
60 0
72 1
55 0
72 1
55 0
72 0
55 0
55 0
72 2
60 0
60 0
72 2
60 0
72 0
60 0
72 1
55 0
72 1
55 0
72 0
55 0
55 0
72 2
60 0
60 0
72 2
60 0
72 0
60 0
72 1
55 0
72 1
55 0
72 0
55 0
55 0
72 2
60 0
60 0
72 2
60 0
72 0
60 0
72 1
55 0
72 1
55 0
72 0
55 0
55 0
72 2
60 0
60 0
72 2
60 0
72 0
60 0
72 1
55 0
72 1
55 0
72 0
55 0
55 0
72 2
60 0
60 0
72 2
60 0
72 0
60 0
72 1
55 0
72 1
55 0
72 0
55 0
55 0
E
S
H
72 11
108 4
108 4
72 13
108 4
108 4
72 13
108 4
108 4
72 13
108 4
108 4
72 13
108 11
72 14
108 4
108 4
72 13
108 4
108 4
72 13
108 4
108 4
72 13
108 4
108 4
72 13
185 13
E
S
H
72 11
108 4
108 4
72 13
108 4
108 4
72 13
108 4
108 4
72 13
108 4
108 4
72 13
108 11
72 14
108 4
108 4
72 13
108 4
108 4
72 13
108 4
108 4
72 13
108 4
108 4
72 13
185 13
E
S
H
72 14
36 9
38 7
39 7
38 7
36 4
38 9
34 4
36 9
43 7
41 7
39 7
38 4
35 11
36 9
38 7
39 7
38 7
36 4
38 9
34 4
36 9
43 7
46 7
48 7
50 4
51 11
72 14
36 9
38 7
39 7
38 7
36 4
38 9
34 4
36 9
43 7
41 7
39 7
38 4
35 11
36 9
38 7
39 7
38 7
36 4
38 9
34 4
36 9
43 7
46 7
48 7
50 4
51 11
E
S
H
72 11
108 4
108 4
72 13
108 4
108 4
72 13
108 4
108 4
72 13
108 4
108 4
72 13
108 11
72 14
108 4
108 4
72 13
108 4
108 4
72 13
108 4
108 4
72 13
108 4
108 4
72 13
185 13
E
S
H
72 11
108 4
108 4
72 13
108 4
108 4
72 13
108 4
108 4
72 13
108 4
108 4
72 13
108 11
72 14
108 4
108 4
72 13
108 4
108 4
72 13
108 4
108 4
72 13
108 4
108 4
72 13
185 13
E
X
