minor
S
H
43 12
72 6
41 3
72 1
39 12
72 6
38 3
72 1
36 12
72 7
38 12
72 7
43 12
72 6
41 3
72 1
39 12
72 6
38 3
72 1
36 12
72 7
38 12
72 14
43 13
72 2
39 13
72 2
36 13
72 2
38 13
72 2
46 13
72 2
51 13
72 2
48 13
72 2
45 10
72 2
46 7
45 7
55 12
53 4
51 12
53 2
55 2
48 13
72 2
51 4
72 4
50 11
55 2
53 2
55 12
72 2
55 3
57 3
58 3
55 12
55 2
57 2
58 2
60 10
72 2
57 10
72 2
58 2
57 2
55 12
58 2
57 2
55 12
58 2
57 2
55 12
72 2
54 4
55 10
E
S
L
55 12
72 6
53 3
72 1
51 12
72 6
50 3
72 1
48 12
72 7
50 12
72 7
55 12
72 6
53 3
72 1
51 12
72 6
50 3
72 1
48 12
72 7
50 12
72 7
19 11
72 8
17 3
72 1
15 11
72 8
14 3
72 1
12 12
72 7
14 12
72 7
19 11
72 8
17 3
72 1
15 11
72 8
14 3
72 1
12 11
72 7
10 2
12 2
14 10
72 4
18 4
72 2
19 4
72 2
21 3
72 1
19 11
72 8
17 3
72 1
15 11
72 8
14 3
72 1
12 12
72 7
14 9
72 6
21 2
24 2
21 2
22 2
21 2
19 2
17 2
19 3
72 1
19 3
72 1
19 3
72 1
19 3
72 1
19 3
72 1
19 3
72 1
19 3
72 1
17 3
72 1
15 3
72 1
15 3
72 1
15 3
72 1
15 3
72 1
15 3
72 1
15 3
72 1
15 3
72 1
14 3
72 1
12 3
72 1
12 3
72 1
12 3
72 1
12 3
72 1
12 3
72 1
12 3
72 1
12 2
10 2
12 2
14 4
14 2
72 2
14 2
72 2
14 2
72 2
14 2
18 4
72 2
19 4
72 2
21 3
72 1
19 3
72 1
19 3
72 1
19 3
72 1
19 3
72 1
19 3
72 1
19 3
72 1
19 2
22 3
72 1
19 2
24 3
72 1
24 3
72 1
24 3
72 1
24 3
72 1
24 3
72 1
24 3
72 1
24 2
22 3
72 1
19 2
17 3
72 1
17 3
72 1
17 3
72 1
17 3
72 1
17 3
72 1
17 3
72 1
17 2
21 3
72 1
24 2
27 3
72 5
26 9
72 4
21 2
19 2
17 3
72 1
19 3
72 1
19 3
72 1
19 3
72 1
19 3
72 1
19 3
72 1
19 3
72 1
19 2
22 3
72 1
19 2
24 3
72 1
24 3
72 1
24 3
72 1
24 3
72 1
24 3
72 1
24 3
72 1
24 2
22 3
72 1
19 2
17 3
72 1
17 3
72 1
17 3
72 1
17 3
72 1
14 3
72 1
14 3
72 1
14 2
14 3
72 1
14 2
15 3
72 1
15 3
72 1
15 3
72 1
15 3
72 1
15 3
72 1
15 3
72 1
15 3
72 1
15 3
72 1
13 3
72 1
13 3
72 1
13 3
72 1
13 3
72 1
13 3
72 1
13 3
72 1
13 3
72 1
13 3
72 1
12 3
72 1
12 3
72 1
12 3
72 1
12 3
72 1
9 3
72 1
9 3
72 1
10 3
72 1
12 3
72 1
7 9
E
S
H
72 2
50 3
72 1
50 3
72 1
50 3
72 1
50 3
72 1
50 3
72 1
50 3
72 1
50 3
72 1
50 3
72 1
50 3
72 1
50 3
72 1
50 3
72 1
50 3
72 1
50 3
72 1
50 3
72 1
50 3
72 1
50 3
72 1
48 3
72 1
48 3
72 1
48 3
72 1
48 3
72 1
48 3
72 1
48 3
72 1
48 3
72 1
48 3
72 1
50 3
72 1
50 3
72 1
50 3
72 1
50 3
72 1
50 3
72 1
50 3
72 1
50 3
72 1
50 3
72 1
50 3
72 1
50 3
72 1
50 3
72 1
50 3
72 1
50 3
72 1
50 3
72 1
50 3
72 1
50 3
72 1
50 3
72 1
50 3
72 1
50 3
72 1
50 3
72 1
50 3
72 1
50 3
72 1
50 3
72 1
50 3
72 1
48 3
72 1
48 3
72 1
48 3
72 1
48 3
72 1
48 3
72 1
48 3
72 1
48 3
72 1
48 3
72 1
50 3
72 1
50 3
72 1
50 3
72 1
50 3
72 1
50 3
72 1
50 3
72 1
50 3
72 1
50 3
72 1
50 3
72 1
50 3
72 1
50 3
72 1
50 3
72 1
50 3
72 1
50 3
72 1
50 3
72 1
50 3
72 1
50 3
72 1
50 3
72 1
50 3
72 1
50 3
72 1
50 3
72 1
50 3
72 1
50 3
72 1
50 3
72 1
48 3
72 1
48 3
72 1
48 3
72 1
48 3
72 1
48 3
72 1
48 3
72 1
48 3
72 1
48 3
72 1
50 3
72 1
50 3
72 1
50 3
72 1
50 3
72 1
50 3
72 1
50 3
72 1
50 3
72 1
50 3
72 1
50 3
72 1
50 3
72 1
50 3
72 1
50 3
72 1
50 3
72 1
50 3
72 1
50 3
72 1
50 3
72 1
50 3
72 1
50 3
72 1
50 3
72 1
50 3
72 1
50 3
72 1
50 3
72 1
50 3
72 1
50 3
72 1
48 3
72 1
48 3
72 1
48 3
72 1
48 3
72 1
48 3
72 1
48 3
72 1
48 3
72 1
48 3
72 1
50 3
72 1
50 3
72 1
50 3
72 1
50 3
72 1
50 3
72 1
50 3
72 1
50 3
72 1
50 3
72 1
50 3
72 1
50 3
72 1
50 3
72 1
50 3
72 1
50 3
72 1
50 3
72 1
50 3
72 1
50 3
72 1
50 3
72 1
50 3
72 1
50 3
72 1
50 3
72 1
50 3
72 1
50 3
72 1
50 3
72 1
50 3
72 1
48 3
72 1
48 3
72 1
48 3
72 1
48 3
72 1
48 3
72 1
48 3
72 1
48 3
72 1
48 3
72 1
50 3
72 1
50 3
72 1
50 3
72 1
50 3
72 1
50 3
72 1
50 3
72 1
50 3
72 1
50 3
72 1
50 3
72 1
50 3
72 1
50 3
72 1
50 3
72 1
50 3
72 1
50 3
72 1
50 3
72 1
50 3
72 1
50 3
72 1
50 3
72 1
50 3
72 1
50 3
72 1
50 3
72 1
50 3
72 1
50 3
72 1
50 3
72 1
48 3
72 1
48 3
72 1
48 3
72 1
48 3
72 1
48 3
72 1
48 3
72 1
48 3
72 1
48 3
72 1
50 3
72 1
50 3
72 1
50 3
72 1
50 3
72 1
50 3
72 1
50 3
72 1
50 3
72 1
50 3
72 1
50 3
72 1
55 3
72 1
46 3
72 1
50 3
72 1
55 3
72 1
46 3
72 1
50 3
72 1
55 3
72 1
46 3
72 1
51 3
72 1
43 3
72 1
46 3
72 1
51 3
72 1
43 3
72 1
46 3
72 1
51 3
72 1
45 3
72 1
48 3
72 1
41 3
72 1
45 3
72 1
48 3
72 1
41 3
72 1
45 3
72 1
48 2
45 3
72 5
45 9
72 8
48 3
72 1
46 3
72 1
50 3
72 1
43 3
72 1
46 3
72 1
50 3
72 1
43 3
72 1
46 3
72 1
50 3
72 1
46 3
72 1
51 3
72 1
43 3
72 1
46 3
72 1
51 3
72 1
43 3
72 1
46 3
72 1
51 3
72 1
45 3
72 1
48 3
72 1
41 3
72 1
45 3
72 1
48 3
72 1
38 3
72 1
45 3
72 1
48 3
72 1
39 3
72 1
43 3
72 1
34 3
72 1
39 3
72 1
43 3
72 1
34 3
72 1
39 3
72 1
43 3
72 1
37 3
72 1
43 3
72 1
34 3
72 1
37 3
72 1
43 3
72 1
34 3
72 1
37 3
72 1
43 3
72 1
39 3
72 1
36 3
72 1
43 3
72 1
39 3
72 1
39 3
72 1
36 3
72 1
46 2
42 3
72 1
38 9
E
S
H
62 11
62 2
60 2
62 3
60 2
58 11
55 2
57 2
58 3
57 3
58 3
60 2
57 11
57 5
58 5
60 3
55 3
50 3
57 3
50 3
58 5
50 2
60 2
58 2
57 2
53 2
57 3
58 2
55 12
55 3
57 3
58 3
60 8
58 2
57 13
55 3
50 3
57 3
50 3
58 5
50 2
60 2
58 2
57 2
53 2
57 3
58 2
60 3
57 3
53 10
53 3
54 0
55 4
53 2
55 3
53 3
55 3
58 6
60 2
57 11
62 6
60 6
58 8
58 2
57 2
58 8
55 3
57 2
58 3
57 2
55 3
57 3
53 5
55 6
55 2
57 2
58 2
60 4
57 3
53 3
56 0
57 10
58 2
60 2
57 10
54 5
55 5
57 3
55 6
55 2
57 2
58 2
57 3
58 2
60 3
58 2
57 2
55 2
57 2
58 3
57 2
53 5
55 6
55 3
58 3
55 2
59 0
60 3
58 2
55 3
58 2
57 2
55 2
57 3
58 2
60 6
60 2
62 2
57 12
54 0
55 12
53 2
55 2
58 2
55 2
60 3
58 2
55 11
55 2
56 0
57 12
58 2
57 2
58 2
60 6
61 0
62 12
58 2
57 2
55 2
50 2
53 2
55 2
60 2
58 3
62 2
58 2
55 2
55 2
57 2
53 2
51 2
50 2
48 2
46 2
48 2
50 2
53 2
55 11
56 0
57 11
53 10
58 2
57 2
55 12
58 2
57 2
55 12
58 2
57 2
55 11
54 2
55 2
58 2
57 2
55 10
E
S
H
72 3
43 12
72 5
41 3
72 2
39 12
72 5
38 3
72 2
36 12
72 7
38 12
72 7
43 12
72 5
41 3
72 2
39 12
72 5
38 3
72 2
36 12
72 7
38 12
72 14
45 4
45 2
38 4
38 2
33 4
33 2
E
S
H
72 3
55 12
72 5
53 3
72 2
51 12
72 5
50 3
72 2
48 12
72 7
50 12
72 7
55 12
72 5
53 3
72 2
51 12
72 5
50 3
72 2
48 12
72 7
50 12
72 14
38 4
38 2
33 4
33 2
72 14
38 4
38 2
33 4
33 2
26 4
26 2
72 14
38 4
38 2
33 4
33 2
26 4
26 6
72 14
38 4
38 2
33 4
33 2
26 4
26 7
72 7
38 4
38 2
33 4
33 2
26 4
26 7
72 7
38 4
38 2
33 4
33 2
26 4
26 4
E
X
