minor
S
H
72 11
51 3
72 1
49 2
51 3
72 1
49 2
51 2
49 2
51 3
72 1
49 2
51 3
72 1
49 2
51 2
49 2
51 3
72 1
49 2
51 3
72 1
49 2
51 2
49 2
51 2
51 2
54 6
72 6
51 3
72 1
49 2
51 3
72 1
49 2
51 2
49 2
51 3
72 1
49 2
51 3
72 1
49 2
51 2
49 2
51 3
72 1
49 2
51 3
72 1
49 2
51 2
49 2
51 2
51 2
54 6
72 6
51 3
72 1
49 2
51 3
72 1
49 2
51 2
49 2
51 3
72 1
49 2
51 3
72 1
49 2
51 2
49 2
51 3
72 1
49 2
51 3
72 1
49 2
51 2
49 2
51 2
51 2
54 6
72 6
51 3
72 1
49 2
51 3
72 1
49 2
51 2
49 2
51 3
72 1
49 2
51 3
72 1
49 2
51 2
49 2
51 3
72 1
49 2
51 3
72 1
49 2
51 2
49 2
51 2
51 2
54 6
72 10
42 6
72 2
41 6
72 2
39 6
72 8
44 6
72 2
42 6
72 2
41 6
72 8
46 6
72 2
44 6
72 2
42 6
72 2
51 9
72 7
52 3
72 1
53 3
72 1
54 3
72 1
51 6
72 8
54 6
72 8
53 6
72 8
52 6
72 8
51 6
72 8
54 6
72 8
53 6
72 8
58 6
72 8
51 6
72 8
54 6
72 8
53 6
72 8
52 6
72 8
51 12
E
S
H
72 11
656 2
656 3
72 1
656 3
72 1
656 3
72 1
656 2
656 3
72 1
342 3
72 1
1768 3
72 1
1611 3
72 1
656 2
656 3
72 1
656 3
72 1
656 3
72 1
656 2
656 2
656 2
983 6
72 6
656 2
656 3
72 1
656 3
72 1
656 3
72 1
656 2
656 3
72 1
342 3
72 1
1768 3
72 1
1611 3
72 1
656 2
656 3
72 1
656 3
72 1
656 3
72 1
656 2
656 2
656 2
983 6
72 6
656 2
656 3
72 1
656 3
72 1
656 3
72 1
656 2
656 3
72 1
342 3
72 1
1768 3
72 1
1611 3
72 1
656 2
656 3
72 1
656 3
72 1
656 3
72 1
656 2
656 2
656 2
983 6
72 6
656 2
656 3
72 1
656 3
72 1
656 3
72 1
656 2
656 3
72 1
342 3
72 1
1768 3
72 1
1611 3
72 1
656 2
656 3
72 1
656 3
72 1
656 3
72 1
656 2
656 2
656 2
983 6
72 6
1611 2
1611 3
72 1
1611 3
72 1
1611 3
72 1
1611 2
1611 3
72 1
1297 3
72 1
1768 3
72 1
983 3
72 1
1611 2
1611 3
72 1
1611 3
72 1
1611 3
72 1
1611 2
1611 3
72 1
1297 3
72 1
1768 3
72 1
1611 3
72 1
1611 2
1611 3
72 1
1611 3
72 1
1611 3
72 1
1611 2
1611 3
72 1
1297 3
72 1
1768 3
72 1
983 3
72 1
1611 2
1611 3
72 1
1611 3
72 1
1611 3
72 1
1611 2
1611 3
72 1
1768 3
72 1
185 3
72 1
499 3
72 1
656 2
656 2
656 3
72 1
656 2
656 2
656 3
72 1
983 2
983 2
983 3
72 1
983 2
983 2
983 3
72 1
826 2
826 2
826 3
72 1
826 2
826 2
826 3
72 1
813 2
813 2
813 3
72 1
813 2
813 2
813 3
72 1
656 2
656 2
656 3
72 1
656 2
656 2
656 3
72 1
983 2
983 2
983 3
72 1
983 2
983 2
983 3
72 1
826 2
826 2
826 3
72 1
826 2
826 2
826 3
72 1
813 2
813 2
813 3
72 1
813 2
813 2
813 3
72 1
656 2
656 2
656 3
72 1
656 2
656 2
656 3
72 1
983 2
983 2
983 3
72 1
983 2
983 2
983 3
72 1
826 2
826 2
826 3
72 1
826 2
826 2
826 3
72 1
813 2
813 2
813 3
72 1
813 2
813 2
813 3
72 1
656 2
656 2
656 3
72 1
656 2
656 2
656 3
72 1
656 2
656 2
656 3
72 1
656 2
342 3
72 4
656 2
656 2
656 3
72 1
656 2
656 2
656 3
72 1
656 2
656 2
656 3
72 1
656 2
342 3
E
S
L
72 11
3 2
3 3
72 1
3 3
72 1
3 3
72 1
3 2
3 3
72 1
3 3
72 1
3 2
3 2
3 3
72 1
3 2
3 3
72 1
3 3
72 1
3 3
72 1
3 2
3 3
72 1
15 3
72 4
3 2
3 3
72 1
3 2
3 3
72 1
3 3
72 1
3 3
72 1
3 2
3 3
72 1
3 3
72 1
3 2
3 2
3 3
72 1
3 2
3 3
72 1
3 3
72 1
3 3
72 1
3 2
3 3
72 1
15 3
72 4
3 2
3 3
72 1
3 2
3 3
72 1
3 3
72 1
3 3
72 1
3 2
3 3
72 1
3 3
72 1
3 2
3 2
3 3
72 1
3 2
3 3
72 1
3 3
72 1
3 3
72 1
3 2
3 3
72 1
15 3
72 4
3 2
3 3
72 1
3 2
3 3
72 1
3 3
72 1
3 3
72 1
3 2
3 3
72 1
3 3
72 1
3 2
3 2
3 3
72 1
3 2
3 3
72 1
3 3
72 1
3 3
72 1
3 2
3 3
72 1
15 3
72 4
3 2
3 3
72 1
10 2
10 3
72 1
10 3
72 1
10 3
72 1
10 2
10 3
72 1
10 3
72 1
10 2
10 2
10 3
72 1
10 2
10 3
72 1
10 3
72 1
10 3
72 1
10 2
10 3
72 1
22 3
72 4
10 2
10 3
72 1
10 2
10 3
72 1
10 3
72 1
10 3
72 1
10 2
10 3
72 1
10 3
72 1
10 2
10 2
10 3
72 1
10 2
10 3
72 1
10 3
72 1
10 3
72 1
10 2
10 3
72 1
22 3
72 1
12 2
12 2
14 3
72 1
3 2
3 2
15 2
3 2
3 2
15 2
3 2
3 2
3 2
15 2
3 2
3 2
15 2
3 2
3 2
15 2
3 2
3 2
15 2
3 2
3 2
15 2
3 2
3 2
3 2
15 2
3 2
3 2
15 2
3 2
3 2
15 2
3 2
3 2
15 2
3 2
3 2
15 2
3 2
3 2
3 2
15 2
3 2
3 2
15 2
3 2
3 2
15 2
3 2
3 2
15 2
3 2
3 2
15 2
3 2
3 2
3 2
15 2
3 2
3 2
15 2
3 2
3 2
15 2
3 2
3 2
15 2
3 2
3 2
15 2
3 2
3 2
3 2
15 2
3 2
3 2
15 2
3 2
3 2
15 2
3 2
3 2
15 2
3 2
3 2
15 2
3 2
3 2
3 2
15 2
3 2
3 2
15 2
3 2
3 2
15 2
3 2
3 2
15 2
3 2
3 2
15 2
3 2
3 2
3 2
15 2
3 2
3 2
3 2
15 3
72 1
3 2
3 2
3 2
15 2
3 2
3 2
15 2
3 2
3 2
3 2
15 2
3 2
3 2
3 2
15 3
72 1
3 2
E
S
L
72 11
1611 2
1611 3
72 1
1611 3
72 1
1611 3
72 1
1611 2
1611 3
72 1
1297 3
72 1
983 3
72 1
826 3
72 1
1611 2
1611 3
72 1
1611 3
72 1
1611 3
72 1
1611 2
1611 2
1611 2
342 6
72 6
1611 2
1611 3
72 1
1611 3
72 1
1611 3
72 1
1611 2
1611 3
72 1
1297 3
72 1
983 3
72 1
826 3
72 1
1611 2
1611 3
72 1
1611 3
72 1
1611 3
72 1
1611 2
1611 2
1611 2
342 6
72 6
1611 2
1611 3
72 1
1611 3
72 1
1611 3
72 1
1611 2
1611 3
72 1
1297 3
72 1
983 3
72 1
826 3
72 1
1611 2
1611 3
72 1
1611 3
72 1
1611 3
72 1
1611 2
1611 2
1611 2
342 6
72 6
1611 2
1611 3
72 1
1611 3
72 1
1611 3
72 1
1611 2
1611 3
72 1
1297 3
72 1
983 3
72 1
826 3
72 1
1611 2
1611 3
72 1
1611 3
72 1
1611 3
72 1
1611 2
1611 2
1611 2
342 6
72 6
826 2
826 3
72 1
826 3
72 1
826 3
72 1
826 2
826 3
72 1
656 3
72 1
983 3
72 1
342 3
72 1
826 2
826 3
72 1
826 3
72 1
826 3
72 1
826 2
826 3
72 1
656 3
72 1
983 3
72 1
826 3
72 1
826 2
826 3
72 1
826 3
72 1
826 3
72 1
826 2
826 3
72 1
656 3
72 1
983 3
72 1
342 3
72 1
826 2
826 3
72 1
826 3
72 1
826 3
72 1
826 2
826 3
72 1
983 3
72 1
1140 3
72 1
1454 3
72 1
1611 2
1611 2
1611 3
72 1
1611 2
1611 2
1611 3
72 1
342 2
342 2
342 3
72 1
342 2
342 2
342 3
72 1
185 2
185 2
185 3
72 1
185 2
185 2
185 3
72 1
1768 2
1768 2
1768 3
72 1
1768 2
1768 2
1768 3
72 1
1611 2
1611 2
1611 3
72 1
1611 2
1611 2
1611 3
72 1
342 2
342 2
342 3
72 1
342 2
342 2
342 3
72 1
185 2
185 2
185 3
72 1
185 2
185 2
185 3
72 1
1768 2
1768 2
1768 3
72 1
1768 2
1768 2
1768 3
72 1
1611 2
1611 2
1611 3
72 1
1611 2
1611 2
1611 3
72 1
342 2
342 2
342 3
72 1
342 2
342 2
342 3
72 1
185 2
185 2
185 3
72 1
185 2
185 2
185 3
72 1
1768 2
1768 2
1768 3
72 1
1768 2
1768 2
1768 3
72 1
1611 2
1611 2
1611 3
72 1
1611 2
1611 2
1611 3
72 1
1611 2
1611 2
1611 3
72 1
1611 2
1297 3
72 4
1611 2
1611 2
1611 3
72 1
1611 2
1611 2
1611 3
72 1
1611 2
1611 2
1611 3
72 1
1611 2
1297 3
E
S
H
72 11
51 3
72 1
49 2
51 3
72 1
49 2
51 2
49 2
51 3
72 1
49 2
51 3
72 1
49 2
51 2
49 2
51 3
72 1
49 2
51 3
72 1
49 2
51 2
49 2
51 2
51 2
54 6
72 6
51 3
72 1
49 2
51 3
72 1
49 2
51 2
49 2
51 3
72 1
49 2
51 3
72 1
49 2
51 2
49 2
51 3
72 1
49 2
51 3
72 1
49 2
51 2
49 2
51 2
51 2
54 6
72 6
51 3
72 1
49 2
51 3
72 1
49 2
51 2
49 2
51 3
72 1
49 2
51 3
72 1
49 2
51 2
49 2
51 3
72 1
49 2
51 3
72 1
49 2
51 2
49 2
51 2
51 2
54 6
72 6
51 3
72 1
49 2
51 3
72 1
49 2
51 2
49 2
51 3
72 1
49 2
51 3
72 1
49 2
51 2
49 2
51 3
72 1
49 2
51 3
72 1
49 2
51 2
49 2
51 2
51 2
54 6
72 11
42 6
72 2
41 6
72 2
39 6
72 8
44 6
72 2
42 6
72 2
41 6
72 8
46 6
72 2
44 6
72 2
42 6
72 2
51 9
72 4
52 3
72 1
53 3
72 1
46 6
72 8
49 6
72 8
48 6
72 8
47 6
72 8
46 6
72 8
49 6
72 8
48 6
72 8
53 6
72 8
46 6
72 8
49 6
72 8
48 6
72 8
47 6
72 8
46 12
E
S
L
12 2
14 2
14 2
14 2
14 2
14 2
14 2
14 2
33 7
14 3
12 3
72 1
14 3
72 1
12 3
72 1
14 3
72 1
12 3
72 1
14 3
72 1
12 3
72 1
14 3
72 1
12 3
72 1
14 3
72 1
12 3
72 1
14 3
72 1
12 2
12 2
14 3
72 1
12 3
72 1
14 3
72 1
12 3
72 1
14 3
72 1
12 3
72 1
14 3
72 1
12 3
72 1
14 3
72 1
12 3
72 1
14 3
72 1
12 3
72 1
14 3
72 1
12 3
72 1
14 3
72 1
12 2
12 2
14 3
72 1
12 3
72 1
14 3
72 1
12 3
72 1
14 3
72 1
12 3
72 1
14 3
72 1
12 3
72 1
14 3
72 1
12 3
72 1
14 3
72 1
12 3
72 1
14 3
72 1
12 3
72 1
14 3
72 1
12 2
12 2
14 3
72 1
12 3
72 1
14 3
72 1
12 3
72 1
14 3
72 1
12 3
72 1
14 3
72 1
12 3
72 1
14 3
72 1
12 3
72 1
14 3
72 1
12 3
72 1
14 3
72 1
12 3
72 1
14 3
72 1
14 2
14 2
14 2
14 2
33 7
14 3
12 3
72 1
14 3
72 1
12 3
72 1
14 3
72 1
12 3
72 1
14 3
72 1
12 3
72 1
14 3
72 1
12 3
72 1
14 3
72 1
12 3
72 1
14 3
72 1
12 2
12 2
14 3
72 1
12 3
72 1
14 3
72 1
12 3
72 1
14 3
72 1
12 3
72 1
14 3
72 1
12 3
72 1
14 3
72 1
12 3
72 1
14 3
72 1
12 3
72 1
14 3
72 1
12 3
72 1
14 2
14 2
14 2
14 2
14 2
14 2
33 7
14 3
12 2
12 2
14 3
72 1
12 3
72 1
14 3
72 1
12 2
12 2
14 3
72 1
12 3
72 1
14 3
72 1
12 2
12 2
14 3
72 1
12 3
72 1
14 3
72 1
12 2
12 2
14 3
72 1
33 7
14 3
12 2
12 2
14 3
72 1
12 3
72 1
14 3
72 1
12 2
12 2
14 3
72 1
12 3
72 1
14 3
72 1
12 2
12 2
14 3
72 1
12 3
72 1
14 3
72 1
12 2
12 2
14 3
72 1
33 7
14 3
12 2
12 2
14 3
72 1
12 3
72 1
14 3
72 1
12 2
12 2
14 3
72 1
12 3
72 1
14 3
72 1
12 2
12 2
14 3
72 1
12 3
72 1
14 3
72 1
12 2
12 2
14 3
72 1
33 7
14 3
12 2
12 2
14 3
72 1
12 3
72 1
14 3
72 1
12 2
12 2
14 3
72 1
33 7
14 3
12 2
12 2
14 3
72 1
12 3
72 1
14 3
72 1
14 2
14 2
14 2
14 2
E
X
