minor
S
H
72 4
1611 12
72 13
50 2
50 4
49 4
50 2
72 2
50 2
43 4
46 2
43 2
49 2
50 2
72 2
53 6
72 7
38 2
41 2
43 4
72 2
46 2
72 4
43 4
72 4
46 2
43 2
41 2
42 4
72 2
43 4
72 2
46 2
72 4
43 4
72 4
46 2
43 2
48 2
49 2
72 2
41 2
43 4
72 2
46 2
72 4
43 4
72 4
46 2
43 2
41 2
42 4
72 2
43 4
72 2
43 2
72 4
43 6
72 6
41 2
42 2
72 2
43 2
E
S
L
5 12
72 14
19 2
19 4
19 4
19 2
72 2
19 2
12 4
72 2
12 4
12 4
19 4
7 2
19 4
72 2
19 2
19 4
12 4
72 2
12 2
72 4
12 2
12 4
72 2
19 2
18 2
17 2
15 2
12 2
11 2
12 4
72 2
12 2
72 4
12 2
12 4
72 2
19 2
18 2
17 2
15 2
12 2
11 2
12 4
72 2
12 2
72 4
12 2
12 4
72 2
19 2
18 2
17 2
15 2
12 2
11 2
12 4
72 2
12 2
72 4
12 6
72 6
10 2
11 2
72 2
12 2
E
S
H
72 7
656 12
72 13
47 2
47 4
46 4
47 2
72 2
47 2
39 4
43 2
39 2
46 2
47 2
72 2
47 6
72 7
35 2
38 2
185 2
185 4
185 2
72 4
185 2
185 2
72 2
185 4
185 2
185 2
185 4
185 2
185 2
185 4
185 2
72 4
185 2
185 2
72 2
185 4
185 2
185 2
185 4
185 2
185 2
185 4
185 2
72 4
185 2
185 2
72 2
185 4
185 2
185 2
185 4
185 2
656 4
72 2
656 2
72 4
656 6
72 6
499 2
656 2
72 2
656 2
E
S
L
72 9
1297 12
72 13
43 2
43 4
42 4
43 2
72 2
43 2
36 4
39 2
36 2
42 2
43 2
72 2
41 10
72 4
1140 2
1140 4
1140 2
72 4
1140 2
1140 2
72 2
1140 4
1140 2
1140 2
1140 4
1140 2
1140 2
1140 4
1140 2
72 4
1140 2
1140 2
72 2
1140 4
1140 2
1140 2
1140 4
1140 2
1140 2
1140 4
1140 2
72 4
1140 2
1140 2
72 2
1140 4
1140 2
1140 2
1140 4
1140 2
185 4
72 2
185 2
72 4
185 6
72 6
1611 2
1768 2
72 2
185 2
E
S
L
72 11
342 12
72 13
31 2
31 4
31 4
31 2
72 2
31 2
24 4
72 2
24 4
72 4
19 10
72 4
24 4
72 2
22 2
22 4
24 10
72 6
24 4
72 2
22 2
22 4
24 10
72 6
24 4
72 2
22 2
22 4
24 10
72 6
24 4
72 2
24 2
72 4
24 6
72 6
22 2
23 2
72 2
24 2
E
S
H
72 4
826 4
1611 4
656 4
1297 4
342 12
72 13
55 2
55 4
54 4
55 2
72 2
55 2
48 4
51 2
48 2
54 2
55 2
72 2
58 6
72 7
43 2
46 2
48 4
72 2
51 2
72 4
48 4
72 4
51 2
48 2
46 2
47 4
72 2
48 4
72 2
51 2
72 4
48 4
72 4
51 2
48 2
53 2
54 2
72 2
46 2
48 4
72 2
51 2
72 4
48 4
72 4
51 2
48 2
46 2
47 4
72 2
48 4
72 2
48 2
72 4
48 6
72 6
46 2
47 2
E
S
L
33 7
72 13
12 2
14 2
14 2
14 2
14 2
14 2
14 2
14 2
14 2
14 2
14 2
14 2
14 2
14 2
14 2
14 2
14 2
33 2
33 4
14 4
14 2
14 2
14 2
12 4
14 2
14 2
12 2
14 4
14 4
14 2
12 2
14 2
14 2
12 2
14 2
14 2
33 4
72 2
12 2
14 4
12 2
12 4
72 2
12 2
12 2
14 2
12 2
12 2
14 2
33 4
72 2
12 2
14 4
12 2
12 4
72 2
12 2
12 2
14 2
12 2
12 2
14 2
33 4
72 2
12 2
14 4
12 2
12 4
72 2
12 2
12 2
14 2
12 2
12 2
14 2
14 4
72 2
14 4
72 2
14 6
72 6
12 2
12 4
14 2
E
X
