minor
S
H
72 12
43 2
45 2
46 2
48 2
50 11
72 4
43 6
72 2
53 8
72 2
52 8
72 2
43 6
72 2
51 11
72 4
51 2
53 2
72 4
50 11
72 4
48 6
72 2
46 12
72 2
45 2
46 2
50 12
72 5
48 12
72 2
46 2
48 2
45 11
72 4
43 2
45 2
46 2
48 2
50 11
72 4
43 6
72 2
53 8
72 2
52 8
72 2
43 6
72 2
51 11
72 4
51 2
53 2
72 4
50 11
72 4
48 6
72 2
46 12
72 2
45 2
46 2
53 12
72 5
55 12
72 5
57 8
72 2
58 8
72 2
60 6
72 2
62 12
72 5
60 12
72 2
58 2
57 2
55 13
72 1
57 6
72 2
53 3
72 1
50 5
72 0
48 5
72 0
46 3
72 1
62 12
72 5
60 12
72 2
58 2
57 2
58 8
72 2
55 11
72 4
53 6
72 2
51 3
72 1
50 5
72 0
48 5
72 0
50 3
72 1
62 12
72 5
60 12
72 2
58 2
57 2
55 13
72 1
57 6
72 2
53 3
72 1
50 5
72 0
48 5
72 0
46 3
72 1
62 12
72 5
60 12
72 2
58 2
57 2
55 12
72 5
1140 8
72 2
1140 8
72 2
43 2
45 2
46 2
48 2
E
S
L
72 13
31 4
72 2
31 2
31 3
72 1
31 5
72 3
31 3
72 1
31 2
31 4
72 2
31 4
72 2
31 2
31 3
72 1
31 5
72 3
31 3
72 1
31 2
31 4
72 2
31 4
72 2
31 2
31 3
72 1
31 5
72 3
31 3
72 1
31 2
31 4
72 2
34 4
72 2
34 2
34 3
72 1
34 3
72 1
33 4
72 2
33 2
33 3
72 1
33 3
72 1
31 4
72 2
31 2
31 3
72 1
31 5
72 3
31 3
72 1
31 2
31 4
72 2
31 4
72 2
31 2
31 3
72 1
31 5
72 3
31 3
72 1
31 2
31 4
72 2
33 4
72 2
33 2
33 3
72 1
33 5
72 3
33 3
72 1
33 2
33 4
72 2
36 3
72 1
26 3
72 1
26 3
72 1
36 3
72 1
26 3
72 1
26 3
72 1
36 3
72 1
26 3
72 1
31 4
72 2
31 2
31 3
72 1
31 5
72 3
31 3
72 1
31 2
31 4
72 2
31 4
72 2
31 2
31 3
72 1
31 5
72 3
31 3
72 1
31 2
31 4
72 2
31 4
72 2
31 2
31 3
72 1
31 5
72 3
31 3
72 1
31 2
31 4
72 2
34 4
72 2
34 2
34 3
72 1
34 3
72 1
33 4
72 2
33 2
33 3
72 1
33 3
72 1
31 4
72 2
31 2
31 3
72 1
31 5
72 3
31 3
72 1
31 2
31 4
72 2
31 4
72 2
31 2
31 3
72 1
31 5
72 3
31 3
72 1
31 2
31 4
72 2
33 4
72 2
33 2
33 3
72 1
33 5
72 3
33 3
72 1
33 2
33 4
72 2
36 4
72 2
36 2
36 3
72 1
36 5
72 3
36 3
72 1
36 2
36 4
72 2
34 4
72 2
34 2
34 3
72 1
34 5
72 3
34 3
72 1
34 2
34 4
72 2
33 4
72 2
33 2
33 3
72 1
33 5
72 3
33 3
72 1
33 2
33 4
72 2
38 4
72 2
38 2
38 3
72 1
38 5
72 3
38 3
72 1
38 2
38 4
72 2
38 4
72 2
38 2
38 3
72 1
38 5
72 3
38 3
72 1
38 2
36 4
72 2
34 4
72 2
34 2
34 3
72 1
34 5
72 3
34 3
72 1
34 2
34 4
72 2
33 4
72 2
33 2
33 3
72 1
33 5
72 3
33 3
72 1
33 2
33 4
72 2
38 4
72 2
38 2
38 3
72 1
38 5
72 3
38 3
72 1
38 2
38 4
72 2
38 4
72 2
38 2
38 3
72 1
38 5
72 3
38 3
72 1
38 2
36 4
72 2
34 4
72 2
34 2
34 3
72 1
34 5
72 3
34 3
72 1
34 2
34 4
72 2
33 4
72 2
33 2
33 3
72 1
33 5
72 3
33 3
72 1
33 2
33 4
72 2
38 4
72 2
38 2
38 3
72 1
38 5
72 3
38 3
72 1
38 2
38 4
72 2
38 4
72 2
38 2
38 3
72 1
38 5
72 3
38 3
72 1
38 2
36 4
72 2
34 4
72 2
34 2
34 3
72 1
34 5
72 3
34 3
72 1
34 2
34 4
72 2
33 4
72 2
33 2
33 3
72 1
33 5
72 3
33 3
72 1
33 2
33 4
72 2
38 4
72 2
38 2
38 3
72 1
38 5
72 3
38 3
72 1
38 2
38 4
72 2
38 3
72 1
26 3
72 1
26 3
72 1
38 3
72 1
26 3
72 1
26 3
72 1
38 3
72 1
26 3
E
S
L
72 13
7 5
72 0
7 2
72 4
7 7
7 4
7 2
7 5
72 0
12 5
72 0
12 2
72 4
12 7
12 4
12 2
12 5
72 0
5 5
72 0
5 2
72 4
5 7
5 4
5 2
5 5
72 0
10 5
72 0
10 2
72 4
10 4
9 5
72 0
9 2
72 4
9 4
7 5
72 0
7 2
72 4
7 7
7 4
7 2
7 5
72 0
3 5
72 0
3 2
72 4
3 7
3 4
3 2
3 5
72 0
5 5
72 0
5 2
72 4
5 7
5 4
5 2
5 5
72 0
6 4
18 2
6 2
72 4
6 4
18 2
6 2
12 2
9 2
18 2
6 5
72 0
7 5
72 0
7 2
72 4
7 7
7 4
7 2
7 5
72 0
12 5
72 0
12 2
72 4
12 7
12 4
12 2
12 5
72 0
5 5
72 0
5 2
72 4
5 7
5 4
5 2
5 5
72 0
10 5
72 0
10 2
72 4
10 4
9 5
72 0
9 2
72 4
9 4
7 5
72 0
7 2
72 4
7 7
7 4
7 2
7 5
72 0
3 5
72 0
3 2
72 4
3 7
3 4
3 2
3 5
72 0
5 5
72 0
5 2
72 4
5 7
5 4
5 2
5 5
72 0
6 4
18 2
6 2
72 4
6 4
18 2
6 2
12 2
9 2
18 2
6 5
72 0
3 5
72 0
3 2
72 4
3 7
3 4
3 2
3 5
72 0
5 5
72 0
5 2
72 4
5 7
5 4
5 2
5 5
72 0
7 5
72 0
7 2
72 4
7 7
7 4
7 2
7 5
72 0
7 5
72 0
7 2
72 4
7 7
7 4
7 2
5 5
72 0
3 5
72 0
3 2
72 4
3 7
3 4
3 2
3 5
72 0
5 5
72 0
5 2
72 4
5 7
5 4
5 2
5 5
72 0
7 5
72 0
7 2
72 4
7 7
7 4
7 2
7 5
72 0
7 5
72 0
7 2
72 4
7 7
7 4
7 2
5 5
72 0
3 5
72 0
3 2
72 4
3 7
3 4
3 2
3 5
72 0
5 5
72 0
5 2
72 4
5 7
5 4
5 2
5 5
72 0
7 5
72 0
7 2
72 4
7 7
7 4
7 2
7 5
72 0
7 5
72 0
7 2
72 4
7 7
7 4
7 2
5 5
72 0
3 5
72 0
3 2
72 4
3 7
3 4
3 2
3 5
72 0
5 5
72 0
5 2
72 4
5 7
5 4
5 2
5 5
72 0
7 5
72 0
7 2
72 4
7 7
7 4
7 2
7 5
72 0
7 5
72 0
7 2
72 4
7 7
7 4
7 2
7 5
E
S
L
72 13
192 8
72 2
127 8
72 2
192 6
72 2
101 8
72 2
192 8
72 2
101 6
72 2
231 8
72 2
140 8
72 2
231 6
72 2
231 10
72 3
179 10
72 3
192 8
72 2
127 8
72 2
192 6
72 2
231 8
72 2
192 8
72 2
231 6
72 2
218 12
72 5
127 11
72 4
101 6
72 2
192 8
72 2
127 8
72 2
192 6
72 2
101 8
72 2
192 8
72 2
101 6
72 2
231 8
72 2
140 8
72 2
231 6
72 2
231 10
72 3
179 10
72 3
192 8
72 2
127 8
72 2
192 6
72 2
231 8
72 2
192 8
72 2
231 6
72 2
218 12
72 5
127 11
72 4
101 6
72 2
231 12
72 5
218 11
72 7
192 2
166 2
231 12
72 8
45 6
72 2
41 3
72 1
38 5
72 0
36 5
72 0
34 3
72 1
231 12
72 5
218 11
72 7
192 2
166 2
192 8
72 2
231 11
72 4
41 6
72 2
39 3
72 1
38 5
72 0
36 5
72 0
38 3
72 1
231 12
72 5
218 11
72 7
192 2
166 2
231 12
72 8
45 6
72 2
41 3
72 1
38 5
72 0
36 5
72 0
34 3
72 1
231 12
72 5
218 11
72 7
192 2
166 2
231 12
E
S
H
72 13
499 4
72 2
499 2
499 3
72 1
499 5
72 3
499 3
72 1
499 2
499 4
72 2
813 4
72 2
813 2
813 3
72 1
813 5
72 3
813 3
72 1
813 2
813 4
72 2
656 4
72 2
656 2
656 3
72 1
656 5
72 3
656 3
72 1
656 2
656 4
72 2
826 4
72 2
826 2
826 3
72 1
826 3
72 1
983 4
72 2
983 2
983 3
72 1
983 3
72 1
499 4
72 2
499 2
499 3
72 1
499 5
72 3
499 3
72 1
499 2
499 4
72 2
656 4
72 2
656 2
656 3
72 1
656 5
72 3
656 3
72 1
656 2
656 4
72 2
826 4
72 2
826 2
826 3
72 1
826 5
72 3
826 3
72 1
826 2
826 4
72 2
983 3
72 1
185 3
72 1
185 3
72 1
983 3
72 1
185 3
72 1
185 3
72 1
983 3
72 1
185 3
72 1
499 4
72 2
499 2
499 3
72 1
499 5
72 3
499 3
72 1
499 2
499 4
72 2
813 4
72 2
813 2
813 3
72 1
813 5
72 3
813 3
72 1
813 2
813 4
72 2
656 4
72 2
656 2
656 3
72 1
656 5
72 3
656 3
72 1
656 2
656 4
72 2
826 4
72 2
826 2
826 3
72 1
826 3
72 1
983 4
72 2
983 2
983 3
72 1
983 3
72 1
499 4
72 2
499 2
499 3
72 1
499 5
72 3
499 3
72 1
499 2
499 4
72 2
656 4
72 2
656 2
656 3
72 1
656 5
72 3
656 3
72 1
656 2
656 4
72 2
826 4
72 2
826 2
826 3
72 1
826 5
72 3
826 3
72 1
826 2
826 4
72 2
499 4
72 2
499 2
499 3
72 1
499 5
72 3
499 3
72 1
499 2
499 4
72 2
656 4
72 2
656 2
656 3
72 1
656 5
72 3
656 3
72 1
656 2
656 4
72 2
826 4
72 2
826 2
826 3
72 1
826 5
72 3
826 3
72 1
826 2
826 4
72 2
1611 4
72 2
1611 2
1611 3
72 1
1611 5
72 3
1611 3
72 1
1611 2
1611 4
72 2
1611 4
72 2
1611 2
1611 3
72 1
1611 5
72 3
1611 3
72 1
1611 2
1454 4
72 2
656 4
72 2
656 2
656 3
72 1
656 5
72 3
656 3
72 1
656 2
656 4
72 2
826 4
72 2
826 2
826 3
72 1
826 5
72 3
826 3
72 1
826 2
826 4
72 2
1611 4
72 2
1611 2
1611 3
72 1
1611 5
72 3
1611 3
72 1
1611 2
1611 4
72 2
1611 4
72 2
1611 2
1611 3
72 1
1611 5
72 3
1611 3
72 1
1611 2
1454 4
72 2
656 4
72 2
656 2
656 3
72 1
656 5
72 3
656 3
72 1
656 2
656 4
72 2
826 4
72 2
826 2
826 3
72 1
826 5
72 3
826 3
72 1
826 2
826 4
72 2
1611 4
72 2
1611 2
1611 3
72 1
1611 5
72 3
1611 3
72 1
1611 2
1611 4
72 2
1611 4
72 2
1611 2
1611 3
72 1
1611 5
72 3
1611 3
72 1
1611 2
1454 4
72 2
656 4
72 2
656 2
656 3
72 1
656 5
72 3
656 3
72 1
656 2
656 4
72 2
826 4
72 2
826 2
826 3
72 1
826 5
72 3
826 3
72 1
826 2
826 4
72 2
1611 4
72 2
1611 2
1611 3
72 1
1611 5
72 3
1611 3
72 1
1611 2
1611 4
72 2
1611 3
72 1
1611 3
72 1
1611 3
72 1
1611 3
72 1
1611 3
72 1
1611 3
72 1
1611 3
72 1
1611 3
E
S
H
72 12
43 2
45 2
46 2
48 2
50 12
72 3
43 6
72 2
53 8
72 1
52 8
72 1
43 6
72 2
51 12
72 3
51 2
53 2
72 4
50 12
72 3
48 6
72 2
46 12
72 1
45 2
46 2
50 12
72 4
48 12
72 1
46 2
48 2
45 12
72 3
43 2
45 2
46 2
48 2
50 12
72 3
43 6
72 2
53 8
72 1
52 8
72 1
43 6
72 2
51 12
72 3
51 2
53 2
72 4
50 12
72 3
48 6
72 2
46 12
72 1
45 2
46 2
53 12
72 4
55 12
72 4
57 8
72 1
58 8
72 1
60 6
72 2
62 12
72 4
60 12
72 1
58 2
57 2
55 13
57 6
72 2
53 4
50 5
72 0
48 5
72 0
46 4
62 12
72 4
60 12
72 1
58 2
57 2
58 8
72 1
55 12
72 3
53 6
72 2
51 4
50 5
72 0
48 5
72 0
50 4
62 12
72 4
60 12
72 1
58 2
57 2
55 13
57 6
72 2
53 4
50 5
72 0
48 5
72 0
46 4
62 12
72 4
60 12
72 1
58 2
57 2
55 12
72 4
1140 8
72 1
1140 8
72 1
43 2
45 2
E
X
