minor
S
L
127 11
114 11
101 11
244 11
127 11
114 11
101 11
244 11
192 11
179 11
166 11
153 11
192 11
179 11
166 11
153 11
127 11
114 11
101 11
244 11
127 11
114 11
101 11
244 11
192 11
179 11
166 11
153 11
192 11
179 11
166 11
153 11
127 11
114 11
101 11
244 11
127 11
114 11
101 11
244 11
192 11
179 11
166 11
153 11
192 11
179 11
166 11
153 11
127 11
114 11
101 11
244 11
127 11
114 11
101 11
244 11
192 11
179 11
166 11
153 11
192 11
179 11
166 11
153 11
E
S
L
127 11
114 11
101 11
244 11
127 11
114 11
101 11
244 11
192 11
179 11
166 11
153 11
192 11
179 11
166 11
153 11
127 11
114 11
101 11
244 11
127 11
114 11
101 11
244 11
192 11
179 11
166 11
153 11
192 11
179 11
166 11
153 11
127 11
114 11
101 11
244 11
127 11
114 11
101 11
244 11
192 11
179 11
166 11
153 11
192 11
179 11
166 11
153 11
127 11
114 11
101 11
244 11
127 11
114 11
101 11
244 11
192 11
179 11
166 11
153 11
192 11
179 11
166 11
153 11
E
S
H
153 2
127 2
153 2
166 2
218 2
127 2
153 2
166 2
153 2
127 2
153 2
166 2
218 2
127 2
153 2
166 2
153 2
127 2
153 2
166 2
218 2
127 2
153 2
166 2
153 2
127 2
153 2
166 2
218 2
127 2
153 2
166 2
153 2
127 2
153 2
166 2
218 2
127 2
153 2
166 2
153 2
127 2
153 2
166 2
218 2
127 2
153 2
166 2
153 2
127 2
153 2
166 2
218 2
127 2
153 2
166 2
153 2
127 2
153 2
166 2
218 2
127 2
153 2
166 2
218 2
192 2
218 2
231 2
127 2
192 2
218 2
231 2
218 2
192 2
218 2
231 2
127 2
192 2
218 2
231 2
218 2
192 2
218 2
231 2
127 2
192 2
218 2
231 2
218 2
192 2
218 2
231 2
127 2
192 2
218 2
231 2
218 2
192 2
218 2
231 2
127 2
192 2
218 2
231 2
218 2
192 2
218 2
231 2
127 2
192 2
218 2
231 2
218 2
192 2
218 2
231 2
127 2
192 2
218 2
231 2
218 2
192 2
218 2
231 2
127 2
192 2
218 2
231 2
153 2
127 2
153 2
166 2
218 2
127 2
153 2
166 2
153 2
127 2
153 2
166 2
218 2
127 2
153 2
166 2
153 2
127 2
153 2
166 2
218 2
127 2
153 2
166 2
153 2
127 2
153 2
166 2
218 2
127 2
153 2
166 2
153 2
127 2
153 2
166 2
218 2
127 2
153 2
166 2
153 2
127 2
153 2
166 2
218 2
127 2
153 2
166 2
153 2
127 2
153 2
166 2
218 2
127 2
153 2
166 2
153 2
127 2
153 2
166 2
218 2
127 2
153 2
166 2
218 2
192 2
218 2
231 2
127 2
192 2
218 2
231 2
218 2
192 2
218 2
231 2
127 2
192 2
218 2
231 2
218 2
192 2
218 2
231 2
127 2
192 2
218 2
231 2
218 2
192 2
218 2
231 2
127 2
192 2
218 2
231 2
218 2
192 2
218 2
231 2
127 2
192 2
218 2
231 2
218 2
192 2
218 2
231 2
127 2
192 2
218 2
231 2
218 2
192 2
218 2
231 2
127 2
192 2
218 2
231 2
218 2
192 2
218 2
231 2
127 2
192 2
218 2
231 2
153 2
127 2
153 2
166 2
218 2
127 2
153 2
166 2
153 2
127 2
153 2
166 2
218 2
127 2
153 2
166 2
153 2
127 2
153 2
166 2
218 2
127 2
153 2
166 2
153 2
127 2
153 2
166 2
218 2
127 2
153 2
166 2
153 2
127 2
153 2
166 2
218 2
127 2
153 2
166 2
153 2
127 2
153 2
166 2
218 2
127 2
153 2
166 2
153 2
127 2
153 2
166 2
218 2
127 2
153 2
166 2
153 2
127 2
153 2
166 2
218 2
127 2
153 2
166 2
218 2
192 2
218 2
231 2
127 2
192 2
218 2
231 2
218 2
192 2
218 2
231 2
127 2
192 2
218 2
231 2
218 2
192 2
218 2
231 2
127 2
192 2
218 2
231 2
218 2
192 2
218 2
231 2
127 2
192 2
218 2
231 2
218 2
192 2
218 2
231 2
127 2
192 2
218 2
231 2
218 2
192 2
218 2
231 2
127 2
192 2
218 2
231 2
218 2
192 2
218 2
231 2
127 2
192 2
218 2
231 2
218 2
192 2
218 2
231 2
127 2
192 2
218 2
231 2
153 2
127 2
153 2
166 2
218 2
127 2
153 2
166 2
153 2
127 2
153 2
166 2
218 2
127 2
153 2
166 2
153 2
127 2
153 2
166 2
218 2
127 2
153 2
166 2
153 2
127 2
153 2
166 2
218 2
127 2
153 2
166 2
153 2
127 2
153 2
166 2
218 2
127 2
153 2
166 2
153 2
127 2
153 2
166 2
218 2
127 2
153 2
166 2
153 2
127 2
153 2
166 2
218 2
127 2
153 2
166 2
153 2
127 2
153 2
166 2
218 2
127 2
153 2
166 2
218 2
192 2
218 2
231 2
127 2
192 2
218 2
231 2
218 2
192 2
218 2
231 2
127 2
192 2
218 2
231 2
218 2
192 2
218 2
231 2
127 2
192 2
218 2
231 2
218 2
192 2
218 2
231 2
127 2
192 2
218 2
231 2
218 2
192 2
218 2
231 2
127 2
192 2
218 2
231 2
218 2
192 2
218 2
231 2
127 2
192 2
218 2
231 2
218 2
192 2
218 2
231 2
127 2
192 2
218 2
231 2
218 2
192 2
218 2
231 2
127 2
192 2
218 2
231 2
E
S
H
45 2
45 2
45 2
50 2
41 2
41 2
41 2
41 2
45 2
45 2
45 2
50 2
41 2
41 2
41 2
41 2
45 2
45 2
45 2
50 2
41 2
41 2
41 2
41 2
45 2
45 2
45 2
50 2
41 2
41 2
41 2
41 2
45 2
45 2
45 2
50 2
41 2
41 2
41 2
41 2
45 2
45 2
45 2
50 2
41 2
41 2
41 2
41 2
45 2
45 2
45 2
50 2
41 2
41 2
41 2
41 2
45 2
45 2
45 2
50 2
41 2
41 2
41 2
41 2
50 2
50 2
50 2
55 2
46 2
46 2
46 2
46 2
50 2
50 2
50 2
55 2
46 2
46 2
46 2
46 2
50 2
50 2
50 2
55 2
46 2
46 2
46 2
46 2
50 2
50 2
50 2
55 2
46 2
46 2
46 2
46 2
50 2
50 2
50 2
55 2
46 2
46 2
46 2
46 2
50 2
50 2
50 2
55 2
46 2
46 2
46 2
46 2
50 2
50 2
50 2
55 2
46 2
46 2
46 2
46 2
50 2
50 2
50 2
55 2
46 2
46 2
46 2
46 2
45 2
45 2
45 2
50 2
41 2
41 2
41 2
41 2
45 2
45 2
45 2
50 2
41 2
41 2
41 2
41 2
45 2
45 2
45 2
50 2
41 2
41 2
41 2
41 2
45 2
45 2
45 2
50 2
41 2
41 2
41 2
41 2
45 2
45 2
45 2
50 2
41 2
41 2
41 2
41 2
45 2
45 2
45 2
50 2
41 2
41 2
41 2
41 2
45 2
45 2
45 2
50 2
41 2
41 2
41 2
41 2
45 2
45 2
45 2
50 2
41 2
41 2
41 2
41 2
50 2
50 2
50 2
55 2
46 2
46 2
46 2
46 2
50 2
50 2
50 2
55 2
46 2
46 2
46 2
46 2
50 2
50 2
50 2
55 2
46 2
46 2
46 2
46 2
50 2
50 2
50 2
55 2
46 2
46 2
46 2
46 2
50 2
50 2
50 2
55 2
46 2
46 2
46 2
46 2
50 2
50 2
50 2
55 2
46 2
46 2
46 2
46 2
50 2
50 2
50 2
55 2
46 2
46 2
46 2
46 2
50 2
50 2
50 2
55 2
46 2
46 2
46 2
46 2
45 2
45 2
45 2
50 2
41 2
41 2
41 2
41 2
45 2
45 2
45 2
50 2
41 2
41 2
41 2
41 2
45 2
45 2
45 2
50 2
41 2
41 2
41 2
41 2
45 2
45 2
45 2
50 2
41 2
41 2
41 2
41 2
45 2
45 2
45 2
50 2
41 2
41 2
41 2
41 2
45 2
45 2
45 2
50 2
41 2
41 2
41 2
41 2
45 2
45 2
45 2
50 2
41 2
41 2
41 2
41 2
45 2
45 2
45 2
50 2
41 2
41 2
41 2
41 2
50 2
50 2
50 2
55 2
46 2
46 2
46 2
46 2
50 2
50 2
50 2
55 2
46 2
46 2
46 2
46 2
50 2
50 2
50 2
55 2
46 2
46 2
46 2
46 2
50 2
50 2
50 2
55 2
46 2
46 2
46 2
46 2
50 2
50 2
50 2
55 2
46 2
46 2
46 2
46 2
50 2
50 2
50 2
55 2
46 2
46 2
46 2
46 2
50 2
50 2
50 2
55 2
46 2
46 2
46 2
46 2
50 2
50 2
50 2
55 2
46 2
46 2
46 2
46 2
45 2
45 2
45 2
50 2
41 2
41 2
41 2
41 2
45 2
45 2
45 2
50 2
41 2
41 2
41 2
41 2
45 2
45 2
45 2
50 2
41 2
41 2
41 2
41 2
45 2
45 2
45 2
50 2
41 2
41 2
41 2
41 2
45 2
45 2
45 2
50 2
41 2
41 2
41 2
41 2
45 2
45 2
45 2
50 2
41 2
41 2
41 2
41 2
45 2
45 2
45 2
50 2
41 2
41 2
41 2
41 2
45 2
45 2
45 2
50 2
41 2
41 2
41 2
41 2
50 2
50 2
50 2
55 2
46 2
46 2
46 2
46 2
50 2
50 2
50 2
55 2
46 2
46 2
46 2
46 2
50 2
50 2
50 2
55 2
46 2
46 2
46 2
46 2
50 2
50 2
50 2
55 2
46 2
46 2
46 2
46 2
50 2
50 2
50 2
55 2
46 2
46 2
46 2
46 2
50 2
50 2
50 2
55 2
46 2
46 2
46 2
46 2
50 2
50 2
50 2
55 2
46 2
46 2
46 2
46 2
50 2
50 2
50 2
55 2
46 2
46 2
46 2
46 2
E
S
L
72 14
35 2
34 2
72 2
34 2
31 2
72 2
31 2
30 2
35 2
34 2
31 2
35 2
31 2
30 2
28 2
24 2
72 14
35 2
34 2
72 2
34 2
31 2
72 2
31 2
30 2
35 2
34 2
31 2
35 2
31 2
30 2
28 2
24 2
72 14
35 2
34 2
72 2
34 2
31 2
72 2
31 2
30 2
35 2
34 2
31 2
35 2
31 2
30 2
28 2
24 2
72 14
35 2
34 2
72 2
34 2
31 2
72 2
31 2
30 2
35 2
34 2
31 2
35 2
31 2
30 2
28 2
24 2
E
S
L
12 0
E
S
L
12 4
72 7
12 4
12 4
72 9
12 4
72 7
12 4
12 4
72 9
12 4
72 7
12 4
12 4
72 9
12 4
72 7
12 4
12 4
72 9
12 4
72 7
12 4
12 4
72 9
12 4
72 7
12 4
12 4
72 9
12 4
72 7
12 4
12 4
72 9
12 4
72 7
12 4
12 4
72 9
12 4
72 7
12 4
12 4
72 9
12 4
72 7
12 4
12 4
72 9
12 4
72 7
12 4
12 4
72 9
12 4
72 7
12 4
12 4
72 9
12 4
72 7
12 4
12 4
72 9
12 4
72 7
12 4
12 4
72 9
12 4
72 7
12 4
12 4
72 9
12 4
72 7
12 4
12 4
72 9
12 4
72 7
12 4
12 4
72 9
12 4
72 7
12 4
12 4
72 9
12 4
72 7
12 4
12 4
72 9
12 4
72 7
12 4
12 4
72 9
12 4
72 7
12 4
12 4
72 9
12 4
72 7
12 4
12 4
72 9
12 4
72 7
12 4
12 4
72 9
12 4
72 7
12 4
12 4
72 9
12 4
72 7
12 4
12 4
72 9
12 4
72 7
12 4
12 4
72 9
12 4
72 7
12 4
12 4
72 9
12 4
72 7
12 4
12 4
72 9
12 4
72 7
12 4
12 4
72 9
12 4
72 7
12 4
12 4
72 9
12 4
72 7
12 4
12 4
72 9
12 4
72 7
12 4
12 4
E
S
L
72 7
16 4
72 7
16 4
72 4
16 4
72 7
16 4
72 9
16 4
16 2
16 2
72 7
16 4
72 7
16 4
72 4
16 4
72 7
16 4
72 9
16 4
16 2
16 2
72 7
16 4
72 7
16 4
72 4
16 4
72 7
16 4
72 9
16 4
16 2
16 2
72 7
16 4
72 7
16 4
72 4
16 4
72 7
16 4
72 9
16 4
16 2
16 2
72 7
16 4
72 7
16 4
72 4
16 4
72 7
16 4
72 9
16 4
16 2
16 2
72 7
16 4
72 7
16 4
72 4
16 4
72 7
16 4
72 9
16 4
16 2
16 2
72 7
16 4
72 7
16 4
72 4
16 4
72 7
16 4
72 9
16 4
16 2
16 2
72 7
16 4
72 7
16 4
72 4
16 4
72 7
16 4
72 9
16 4
16 2
16 2
72 7
16 4
72 7
16 4
72 4
16 4
72 7
16 4
72 9
16 4
16 2
16 2
72 7
16 4
72 7
16 4
72 4
16 4
72 7
16 4
72 9
16 4
16 2
16 2
72 7
16 4
72 7
16 4
72 4
16 4
72 7
16 4
72 9
16 4
16 2
16 2
72 7
16 4
72 7
16 4
72 4
16 4
72 7
16 4
72 9
16 4
16 2
16 2
72 7
16 4
72 7
16 4
72 4
16 4
72 7
16 4
72 9
16 4
16 2
16 2
72 7
16 4
72 7
16 4
72 4
16 4
72 7
16 4
72 9
16 4
16 2
16 2
72 7
16 4
72 7
16 4
72 4
16 4
72 7
16 4
72 9
16 4
16 2
16 2
72 7
16 4
72 7
16 4
72 4
16 4
72 7
16 4
72 9
16 4
16 2
16 2
E
S
L
20 4
22 4
20 4
22 4
20 4
22 4
20 4
22 4
20 4
22 4
20 4
22 4
20 4
22 4
20 4
22 4
20 4
22 4
20 4
22 4
20 4
22 4
20 4
22 4
20 4
22 4
20 4
22 4
20 4
22 4
20 4
22 4
20 4
22 4
20 4
22 4
20 4
22 4
20 4
22 4
20 4
22 4
20 4
22 4
20 4
22 4
20 4
22 4
20 4
22 4
20 4
22 4
20 4
22 4
20 4
22 4
20 4
22 4
20 4
22 4
20 4
22 4
20 4
22 4
20 4
22 4
20 4
22 4
20 4
22 4
20 4
22 4
20 4
22 4
20 4
22 4
20 4
22 4
20 4
22 4
20 4
22 4
20 4
22 4
20 4
22 4
20 4
22 4
20 4
22 4
20 4
22 4
20 4
22 4
20 4
22 4
20 4
22 4
20 4
22 4
20 4
22 4
20 4
22 4
20 4
22 4
20 4
22 4
20 4
22 4
20 4
22 4
20 4
22 4
20 4
22 4
20 4
22 4
20 4
22 4
20 4
22 4
20 4
22 4
20 4
22 4
20 4
22 4
20 4
22 4
20 4
22 4
20 4
22 4
20 4
22 4
20 4
22 4
20 4
22 4
20 4
22 4
20 4
22 4
20 4
22 4
20 4
22 4
20 4
22 4
20 4
22 4
20 4
22 4
20 4
22 4
20 4
22 4
20 4
22 4
20 4
22 4
20 4
22 4
20 4
22 4
20 4
22 4
20 4
22 4
20 4
22 4
20 4
22 4
20 4
22 4
20 4
22 4
20 4
22 4
20 4
22 4
20 4
22 4
20 4
22 4
20 4
22 4
20 4
22 4
20 4
22 4
20 4
22 4
20 4
22 4
20 4
22 4
20 4
22 4
20 4
22 4
20 4
22 4
20 4
22 4
20 4
22 4
20 4
22 4
20 4
22 4
20 4
22 4
20 4
22 4
20 4
22 4
20 4
22 4
20 4
22 4
20 4
22 4
20 4
22 4
20 4
22 4
20 4
22 4
20 4
22 4
20 4
22 4
20 4
22 4
20 4
22 4
20 4
22 4
20 4
22 4
20 4
22 4
20 4
22 4
20 4
22 4
20 4
22 4
20 4
22 4
20 4
22 4
20 4
22 4
E
X
