minor
S
L
147 2
160 2
160 2
160 2
160 2
160 2
160 2
160 2
225 2
160 2
239 2
225 7
72 2
147 2
160 2
160 2
160 2
160 2
160 2
160 2
160 2
200 2
225 2
200 2
147 7
72 2
147 2
160 2
160 2
160 2
160 2
160 2
160 2
160 2
225 2
160 2
239 2
225 7
72 2
147 2
160 2
160 2
160 2
160 2
160 2
160 2
160 2
200 2
225 2
200 2
147 7
72 2
147 2
160 2
160 2
160 2
160 2
160 2
160 2
160 2
225 2
160 2
239 2
225 7
72 2
147 2
160 2
160 2
160 2
160 2
160 2
160 2
160 2
200 2
225 2
200 2
147 7
72 2
147 2
160 2
160 2
160 2
160 2
160 2
160 2
160 2
225 2
160 2
239 2
225 7
72 2
225 3
239 3
72 0
225 2
213 3
225 3
72 0
213 2
200 3
213 3
72 0
200 2
187 3
200 3
72 0
147 2
147 2
160 2
160 2
160 2
160 2
160 2
160 2
160 2
225 2
160 2
239 2
225 7
72 2
147 2
160 2
160 2
160 2
160 2
160 2
160 2
160 2
200 2
225 2
200 2
147 7
72 2
147 2
160 2
160 2
160 2
160 2
160 2
160 2
160 2
225 2
160 2
239 2
225 7
72 2
147 2
160 2
160 2
160 2
160 2
160 2
160 2
160 2
200 2
225 2
200 2
147 7
E
S
L
699 6
72 2
22 4
22 4
22 4
22 4
22 4
22 4
699 6
72 2
22 4
22 4
22 4
22 4
22 4
22 4
699 6
72 2
22 4
22 4
22 4
22 4
22 4
22 4
699 6
72 2
22 4
22 4
22 4
22 4
22 4
22 4
699 6
72 2
22 4
22 4
22 4
22 4
22 4
22 4
699 6
72 2
22 4
22 4
22 4
22 4
22 4
22 4
699 6
72 2
22 4
22 4
22 4
22 4
22 4
22 4
699 6
72 2
699 6
72 2
699 10
72 2
699 6
72 2
22 4
22 4
22 4
22 4
22 4
22 4
699 6
72 2
22 4
22 4
22 4
22 4
22 4
22 4
699 6
72 2
22 4
22 4
22 4
22 4
22 4
22 4
699 6
72 2
699 6
72 2
699 10
E
S
L
11 6
72 2
11 2
11 6
11 6
72 2
11 4
11 4
11 6
72 2
11 2
11 6
11 6
72 2
11 4
11 4
11 6
72 2
11 2
11 6
11 6
72 2
11 4
11 4
11 6
72 2
11 2
11 6
11 6
72 2
11 4
11 4
11 6
72 2
11 2
11 6
11 6
72 2
11 4
11 4
11 6
72 2
11 2
11 6
11 6
72 2
11 4
11 4
11 6
72 2
11 2
11 6
11 6
72 2
11 4
11 4
72 3
11 3
72 0
11 2
72 3
11 3
72 0
11 2
72 3
11 3
72 0
11 2
72 7
11 6
72 2
11 2
11 6
11 6
72 2
11 4
11 4
11 6
72 2
11 2
11 6
11 6
72 2
11 4
11 4
11 6
72 2
11 2
11 6
11 6
72 2
11 4
11 4
72 3
11 3
72 0
11 2
72 3
11 3
72 0
11 2
72 3
11 3
72 0
11 2
E
S
L
29 4
16 7
16 7
16 7
16 7
16 7
16 7
16 7
16 4
29 4
16 7
16 7
16 7
16 4
29 4
16 7
16 7
16 7
16 7
16 7
16 7
16 7
16 4
29 4
16 7
16 7
16 7
16 4
29 4
16 7
16 7
16 7
16 4
16 6
72 2
16 6
72 2
16 6
72 2
24 2
24 0
72 0
23 0
72 1
23 2
21 0
21 0
72 2
29 4
16 7
16 7
16 7
16 7
16 7
16 7
16 7
16 4
29 4
16 7
16 7
16 7
16 4
16 6
72 2
16 6
72 2
16 6
72 2
24 2
24 0
72 0
23 0
72 1
23 2
21 0
21 0
E
S
L
35 4
22 7
22 7
22 7
22 7
22 7
22 7
22 7
22 4
35 4
22 7
22 7
22 7
22 4
35 4
22 7
22 7
22 7
22 7
22 7
22 7
22 7
22 4
35 4
22 7
22 7
22 7
22 4
35 4
22 7
22 7
22 7
22 4
22 6
72 2
22 6
72 2
22 6
72 8
35 4
22 7
22 7
22 7
22 7
22 7
22 7
22 7
22 4
35 4
22 7
22 7
22 7
22 4
22 6
72 2
22 6
72 2
22 6
E
S
H
72 14
40 6
47 6
40 4
46 6
45 6
43 4
45 6
43 6
40 4
38 6
72 2
39 6
72 2
40 6
47 6
40 4
46 6
45 6
43 4
52 13
72 2
47 6
52 6
40 4
46 6
45 6
43 4
45 6
43 6
52 4
45 6
72 2
46 6
72 2
47 6
52 6
40 4
46 6
45 6
43 4
51 12
52 6
E
X
