major
S
H
45 7
52 4
50 7
47 7
48 7
45 9
45 4
47 4
48 4
50 4
52 7
45 4
55 7
52 7
50 7
48 4
47 4
48 4
47 4
48 4
47 4
43 7
40 12
38 7
36 9
38 4
40 4
43 4
40 14
72 14
45 7
52 4
50 7
47 7
48 7
45 9
45 4
47 4
48 4
50 4
52 7
45 4
55 7
52 7
50 7
48 4
47 4
48 4
47 4
48 4
47 4
43 7
40 12
38 7
36 9
38 4
40 4
43 4
40 14
E
S
H
72 4
40 2
72 2
40 2
72 2
40 2
40 2
72 4
38 2
72 2
38 2
72 8
36 2
72 2
36 2
72 2
36 2
36 2
72 4
38 2
72 2
38 2
72 8
40 2
72 2
40 2
72 2
40 2
40 2
72 4
38 2
72 2
38 2
72 8
36 2
72 2
36 2
72 2
36 2
36 2
72 4
38 2
72 2
38 2
72 8
40 2
72 2
40 2
72 2
40 2
40 2
72 4
38 2
72 2
38 2
72 8
36 2
72 2
36 2
72 2
36 2
36 2
72 4
38 2
72 2
38 2
72 8
40 2
72 2
40 2
72 2
40 2
40 2
72 4
38 2
72 2
38 2
72 8
36 2
72 2
36 2
72 2
36 2
36 2
72 4
38 2
72 2
38 2
72 8
33 2
72 2
33 2
72 4
33 2
72 2
33 2
72 4
33 2
72 2
35 2
72 6
35 2
72 2
35 2
72 4
35 2
72 2
35 2
72 4
35 2
72 2
38 2
72 6
33 2
72 2
33 2
72 4
33 2
72 2
33 2
72 4
33 2
72 2
35 2
72 6
35 2
72 2
35 2
72 4
35 2
72 2
35 2
72 4
35 2
72 2
38 2
72 14
40 2
72 2
40 2
72 2
40 2
40 2
72 4
38 2
72 2
38 2
72 8
36 2
72 2
36 2
72 2
36 2
36 2
72 4
38 2
72 2
38 2
72 8
40 2
72 2
40 2
72 2
40 2
40 2
72 4
38 2
72 2
38 2
72 8
36 2
72 2
36 2
72 2
36 2
36 2
72 4
38 2
72 2
38 2
72 8
40 2
72 2
40 2
72 2
40 2
40 2
72 4
38 2
72 2
38 2
72 8
36 2
72 2
36 2
72 2
36 2
36 2
72 4
38 2
72 2
38 2
72 8
40 2
72 2
40 2
72 2
40 2
40 2
72 4
38 2
72 2
38 2
72 8
36 2
72 2
36 2
72 2
36 2
36 2
72 4
38 2
72 2
38 2
E
S
H
57 14
57 14
72 14
33 12
40 13
38 13
40 13
57 14
57 14
E
S
H
72 14
45 11
43 7
45 7
47 11
48 7
50 7
52 11
45 11
47 11
48 7
50 7
E
S
L
72 14
33 7
31 4
33 7
33 4
35 4
33 4
36 4
38 4
36 4
35 4
36 4
35 4
33 4
31 7
33 4
31 4
33 7
33 4
35 4
33 4
36 7
38 4
35 4
36 4
35 4
33 4
31 7
E
S
H
72 14
45 2
72 13
52 2
72 8
48 2
72 6
43 2
72 8
45 2
72 13
50 2
72 8
52 2
72 12
45 4
53 2
52 6
50 4
50 2
47 4
47 2
48 7
45 4
50 4
48 4
47 4
47 2
43 4
43 2
45 7
45 4
53 2
52 6
50 4
50 2
48 4
48 2
52 4
50 2
48 4
48 2
47 4
48 2
47 4
47 2
45 4
45 2
45 2
43 2
41 2
E
S
L
72 7
15 2
72 10
15 2
72 10
15 2
72 10
15 2
72 10
15 2
72 10
15 2
72 10
15 2
72 10
15 2
72 10
15 2
72 10
15 2
72 10
15 2
72 10
15 2
72 10
15 2
72 10
15 2
72 10
15 2
72 10
15 2
72 10
15 2
72 10
15 2
72 10
15 2
72 10
15 2
72 10
15 2
72 10
15 2
72 10
15 2
72 10
15 2
72 10
15 2
72 10
15 2
72 10
15 2
72 10
15 2
72 10
15 2
72 10
15 2
72 10
15 2
72 10
15 2
72 10
15 2
72 10
15 2
72 10
15 2
72 10
15 2
72 10
15 2
72 10
15 2
72 10
15 2
72 10
15 2
72 10
15 2
72 10
15 2
72 10
15 2
72 10
15 2
72 10
15 2
72 10
15 2
72 10
15 2
72 10
15 2
72 10
15 2
72 10
15 2
72 10
15 2
72 10
15 2
72 10
15 2
72 10
15 2
72 10
15 2
72 10
15 2
E
S
L
12 2
72 10
12 2
72 10
12 2
72 10
12 2
72 10
12 2
72 10
12 2
72 10
12 2
72 10
12 2
72 10
12 2
72 10
12 2
72 10
12 2
72 10
12 2
72 10
12 2
72 10
12 2
72 10
12 2
72 10
12 2
72 10
12 2
72 10
12 2
72 10
12 2
72 10
12 2
72 10
12 2
72 10
12 2
72 10
12 2
72 10
12 2
72 10
60 2
72 10
11 2
72 10
11 2
72 10
11 2
72 10
11 2
72 10
11 2
72 10
11 2
72 10
11 2
72 10
11 2
72 10
11 2
72 10
11 2
72 10
11 2
72 10
11 2
72 10
11 2
72 10
11 2
72 10
11 2
72 10
12 2
72 10
12 2
72 10
12 2
72 10
12 2
72 10
12 2
72 10
12 2
72 10
12 2
72 10
12 2
72 10
12 2
72 10
12 2
72 10
12 2
72 10
12 2
72 10
12 2
72 10
12 2
72 10
12 2
72 10
12 2
E
S
L
72 14
16 2
16 2
16 2
72 4
16 2
72 2
16 2
16 2
72 14
16 2
16 2
16 2
16 2
16 2
72 14
14 2
72 2
14 2
72 2
14 2
14 2
14 2
14 2
72 14
14 2
72 2
14 2
14 2
72 13
14 2
14 2
14 2
72 2
14 2
14 2
72 14
16 2
16 2
16 2
72 4
16 2
72 2
16 2
16 2
E
S
H
56 2
56 2
56 2
56 2
56 2
56 2
56 2
56 2
56 2
56 2
56 2
56 2
56 2
56 2
56 2
56 2
56 2
56 2
56 2
56 2
56 2
56 2
56 2
56 2
56 2
56 2
56 2
56 2
56 2
56 2
56 2
56 2
56 2
56 2
56 2
56 2
56 2
56 2
56 2
56 2
56 2
56 2
56 2
56 2
56 2
56 2
56 2
56 2
56 2
56 2
56 2
56 2
56 2
56 2
56 2
56 2
56 2
56 2
56 2
56 2
56 2
56 2
56 2
56 2
56 2
56 2
56 2
56 2
56 2
56 2
56 2
56 2
56 2
56 2
56 2
56 2
56 2
56 2
56 2
56 2
56 2
56 2
56 2
56 2
56 2
56 2
56 2
56 2
56 2
56 2
56 2
56 2
56 2
56 2
56 2
56 2
56 2
56 2
56 2
56 2
56 2
56 2
56 2
56 2
56 2
56 2
56 2
56 2
56 2
56 2
56 2
56 2
56 2
56 2
56 2
56 2
56 2
56 2
56 2
56 2
56 2
56 2
56 2
56 2
56 2
56 2
56 2
56 2
56 2
56 2
56 2
56 2
56 2
56 2
56 2
56 2
56 2
56 2
56 2
56 2
56 2
56 2
56 2
56 2
56 2
56 2
56 2
56 2
56 2
56 2
56 2
56 2
56 2
56 2
56 2
56 2
56 2
56 2
56 2
56 2
56 2
56 2
56 2
56 2
56 2
56 2
56 2
56 2
56 2
56 2
56 2
56 2
56 2
56 2
56 2
56 2
56 2
56 2
56 2
56 2
56 2
56 2
56 2
56 2
56 2
56 2
56 2
56 2
56 2
56 2
56 2
56 2
56 2
56 2
56 2
56 2
56 2
56 2
56 2
56 2
56 2
56 2
56 2
56 2
56 2
56 2
56 2
56 2
56 2
56 2
56 2
56 2
56 2
56 2
56 2
56 2
56 2
56 2
56 2
56 2
56 2
56 2
56 2
56 2
56 2
56 2
56 2
56 2
56 2
56 2
56 2
56 2
56 2
56 2
56 2
56 2
56 2
56 2
56 2
56 2
56 2
56 2
56 2
56 2
56 2
56 2
56 2
56 2
56 2
56 2
56 2
56 2
56 2
56 2
56 2
56 2
56 2
56 2
56 2
56 2
56 2
56 2
56 2
56 2
56 2
56 2
56 2
56 2
56 2
56 2
56 2
56 2
56 2
56 2
56 2
56 2
56 2
56 2
56 2
56 2
56 2
56 2
56 2
56 2
56 2
56 2
56 2
56 2
56 2
56 2
56 2
56 2
56 2
56 2
72 14
56 2
56 2
56 2
56 2
56 2
56 2
56 2
56 2
56 2
56 2
56 2
56 2
56 2
56 2
56 2
56 2
56 2
56 2
56 2
56 2
56 2
56 2
56 2
56 2
56 2
56 2
56 2
56 2
56 2
56 2
56 2
56 2
56 2
56 2
56 2
56 2
56 2
56 2
56 2
56 2
56 2
56 2
56 2
56 2
56 2
56 2
56 2
56 2
56 2
56 2
56 2
56 2
56 2
56 2
56 2
56 2
56 2
56 2
56 2
56 2
56 2
56 2
56 2
56 2
56 2
56 2
56 2
56 2
56 2
56 2
56 2
56 2
56 2
56 2
56 2
56 2
56 2
56 2
56 2
56 2
56 2
56 2
56 2
56 2
56 2
56 2
56 2
56 2
56 2
56 2
56 2
56 2
56 2
56 2
56 2
56 2
56 2
56 2
56 2
56 2
56 2
56 2
56 2
56 2
56 2
56 2
56 2
56 2
56 2
56 2
56 2
56 2
56 2
56 2
56 2
56 2
56 2
56 2
56 2
56 2
56 2
56 2
56 2
56 2
56 2
56 2
56 2
56 2
E
X
