minor
S
L
72 13
36 11
34 11
41 12
39 7
36 9
37 4
34 13
36 11
34 11
41 12
39 7
36 4
37 4
44 13
72 7
36 11
34 11
41 12
39 7
36 9
37 4
34 13
36 11
34 11
41 12
39 7
36 4
37 4
44 13
72 7
36 11
34 11
41 12
39 7
36 9
37 4
34 13
36 11
34 11
41 12
39 7
36 4
37 4
44 13
72 7
36 11
34 11
41 12
39 7
36 9
37 4
34 13
36 11
34 11
41 12
39 7
36 4
37 4
44 13
72 7
34 13
39 11
44 13
46 11
41 13
44 11
39 13
37 11
34 13
39 11
44 13
46 11
41 13
44 11
39 13
37 11
34 13
39 11
44 13
46 11
41 13
44 11
39 13
37 11
34 13
39 11
44 13
46 11
41 13
44 11
39 13
37 11
36 11
34 11
41 12
39 7
36 9
37 4
34 13
36 11
34 11
41 12
39 7
36 4
37 4
44 13
72 7
36 11
34 11
41 12
39 7
36 9
37 4
34 13
36 11
34 11
41 12
39 7
36 4
37 4
44 13
72 7
36 11
34 11
41 12
39 7
36 9
37 4
34 13
36 11
34 11
41 12
39 7
36 4
37 4
44 13
72 7
36 11
34 11
41 12
39 7
36 9
37 4
34 13
36 11
34 11
41 12
39 7
36 4
37 4
44 13
72 7
34 13
39 11
44 13
46 11
41 13
44 11
39 13
37 11
34 13
39 11
44 13
46 11
41 13
44 11
39 13
37 11
34 13
39 11
44 13
46 11
41 13
44 11
39 13
37 11
34 13
39 11
44 13
46 11
41 13
44 11
39 13
37 11
E
S
H
72 13
37 4
72 4
37 4
37 4
37 4
72 4
37 4
72 4
37 4
37 4
37 4
37 4
42 4
72 4
37 4
72 4
37 4
72 4
37 4
37 4
37 4
72 4
37 4
72 4
37 4
37 4
37 4
37 4
42 4
41 4
37 4
72 4
37 4
72 4
37 4
37 4
37 4
72 4
37 4
72 4
37 4
37 4
37 4
37 4
42 4
72 4
37 4
72 4
37 4
72 4
37 4
37 4
37 4
72 4
37 4
72 4
37 4
37 4
37 4
37 4
42 4
41 4
37 4
72 4
37 4
72 4
37 4
37 4
37 4
72 4
37 4
72 4
37 4
37 4
37 4
37 4
42 4
72 4
37 4
72 4
37 4
72 4
37 4
37 4
37 4
72 4
37 4
72 4
37 4
37 4
37 4
37 4
42 4
41 4
37 4
72 4
37 4
72 4
37 4
37 4
37 4
72 4
37 4
72 4
37 4
37 4
37 4
37 4
42 4
72 4
37 4
72 4
37 4
72 4
37 4
37 4
37 4
72 4
37 4
72 4
37 4
37 4
37 4
37 4
42 4
41 4
37 4
72 4
37 4
72 4
37 4
37 4
37 4
72 4
37 4
72 4
37 4
37 4
37 4
37 4
42 4
72 4
37 4
72 4
37 4
72 4
37 4
37 4
37 4
72 4
37 4
72 4
37 4
37 4
37 4
37 4
42 4
41 4
37 4
72 4
37 4
72 4
37 4
37 4
37 4
72 4
37 4
72 4
37 4
37 4
37 4
37 4
42 4
72 4
37 4
72 4
37 4
72 4
37 4
37 4
37 4
72 4
37 4
72 4
37 4
37 4
37 4
37 4
42 4
41 4
37 4
72 4
37 4
72 4
37 4
37 4
37 4
72 4
37 4
72 4
37 4
37 4
37 4
37 4
42 4
72 4
37 4
72 4
37 4
72 4
37 4
37 4
37 4
72 4
37 4
72 4
37 4
37 4
37 4
37 4
42 4
41 4
37 4
72 4
37 4
72 4
37 4
37 4
37 4
72 4
37 4
72 4
37 4
37 4
37 4
37 4
42 4
72 4
37 4
72 4
37 4
72 4
37 4
37 4
37 4
72 4
37 4
72 4
37 4
37 4
37 4
37 4
42 4
41 4
37 4
72 14
37 4
72 12
37 4
37 4
37 4
37 4
72 11
37 4
72 12
37 4
37 4
37 4
37 4
72 11
37 4
72 12
37 4
37 4
37 4
37 4
72 11
37 4
72 12
37 4
37 4
37 4
37 4
72 11
37 4
72 12
37 4
37 4
37 4
37 4
72 11
37 4
72 12
37 4
37 4
37 4
37 4
72 11
37 4
72 12
37 4
37 4
37 4
37 4
72 11
37 4
72 12
37 4
37 4
37 4
37 4
72 11
37 4
72 4
37 4
37 4
37 4
72 4
37 4
72 4
37 4
37 4
37 4
37 4
42 4
72 4
37 4
72 4
37 4
72 4
37 4
37 4
37 4
72 4
37 4
72 4
37 4
37 4
37 4
37 4
42 4
41 4
37 4
72 4
37 4
72 4
37 4
37 4
37 4
72 4
37 4
72 4
37 4
37 4
37 4
37 4
42 4
72 4
37 4
72 4
37 4
72 4
37 4
37 4
37 4
72 4
37 4
72 4
37 4
37 4
37 4
37 4
42 4
41 4
37 4
72 4
37 4
72 4
37 4
37 4
37 4
72 4
37 4
72 4
37 4
37 4
37 4
37 4
42 4
72 4
37 4
72 4
37 4
72 4
37 4
37 4
37 4
72 4
37 4
72 4
37 4
37 4
37 4
37 4
42 4
41 4
37 4
72 4
37 4
72 4
37 4
37 4
37 4
72 4
37 4
72 4
37 4
37 4
37 4
37 4
42 4
72 4
37 4
72 4
37 4
72 4
37 4
37 4
37 4
72 4
37 4
72 4
37 4
37 4
37 4
37 4
42 4
41 4
37 4
72 4
37 4
72 4
37 4
37 4
37 4
72 4
37 4
72 4
37 4
37 4
37 4
37 4
42 4
72 4
37 4
72 4
37 4
72 4
37 4
37 4
37 4
72 4
37 4
72 4
37 4
37 4
37 4
37 4
42 4
41 4
37 4
72 4
37 4
72 4
37 4
37 4
37 4
72 4
37 4
72 4
37 4
37 4
37 4
37 4
42 4
72 4
37 4
72 4
37 4
72 4
37 4
37 4
37 4
72 4
37 4
72 4
37 4
37 4
37 4
37 4
42 4
41 4
37 4
72 4
37 4
72 4
37 4
37 4
37 4
72 4
37 4
72 4
37 4
37 4
37 4
37 4
42 4
72 4
37 4
72 4
37 4
72 4
37 4
37 4
37 4
72 4
37 4
72 4
37 4
37 4
37 4
37 4
42 4
41 4
37 4
72 4
37 4
72 4
37 4
37 4
37 4
72 4
37 4
72 4
37 4
37 4
37 4
37 4
42 4
72 4
37 4
72 4
37 4
72 4
37 4
37 4
37 4
72 4
37 4
72 4
37 4
37 4
37 4
37 4
42 4
41 4
37 4
72 14
37 4
72 12
37 4
37 4
37 4
37 4
72 11
37 4
72 12
37 4
37 4
37 4
37 4
72 11
37 4
72 12
37 4
37 4
37 4
37 4
72 11
37 4
72 12
37 4
37 4
37 4
37 4
72 11
37 4
72 12
37 4
37 4
37 4
37 4
72 11
37 4
72 12
37 4
37 4
37 4
37 4
72 11
37 4
72 12
37 4
37 4
37 4
37 4
72 11
37 4
72 12
37 4
37 4
37 4
37 4
E
S
H
72 14
48 11
46 11
53 12
51 7
48 9
49 4
46 13
48 11
46 11
53 12
51 7
48 4
49 4
56 13
72 14
48 11
46 11
53 12
51 7
48 9
49 4
46 13
48 11
46 11
53 12
51 7
48 4
49 4
56 13
72 7
46 13
51 11
56 13
58 11
53 13
56 11
51 13
49 11
46 13
51 11
56 13
58 11
53 13
56 11
51 13
49 11
46 13
51 11
56 13
58 11
53 13
56 11
51 13
49 11
46 13
51 11
56 13
58 11
53 13
56 11
51 13
49 11
72 14
48 11
46 11
53 12
51 7
48 9
49 4
46 13
48 11
46 11
53 12
51 7
48 4
49 4
56 13
72 14
48 11
46 11
53 12
51 7
48 9
49 4
46 13
48 11
46 11
53 12
51 7
48 4
49 4
56 13
72 7
46 13
51 11
56 13
58 11
53 13
56 11
51 13
49 11
46 13
51 11
56 13
58 11
53 13
56 11
51 13
49 11
46 13
51 11
56 13
58 11
53 13
56 11
51 13
49 11
46 13
51 11
56 13
58 11
53 13
56 11
51 13
49 11
E
S
L
72 14
179 14
179 14
179 14
179 14
179 13
205 13
231 13
205 13
179 13
205 13
231 13
205 13
179 13
205 13
231 13
205 13
179 13
205 13
231 13
205 13
179 13
205 13
231 13
205 13
179 13
205 13
231 13
205 13
179 13
205 13
231 13
205 13
179 13
205 13
231 13
205 13
72 14
179 14
179 14
179 14
179 14
179 13
205 13
231 13
205 13
179 13
205 13
231 13
205 13
179 13
205 13
231 13
205 13
179 13
205 13
231 13
205 13
179 13
205 13
231 13
205 13
179 13
205 13
231 13
205 13
179 13
205 13
231 13
205 13
179 13
205 13
231 13
205 13
E
S
L
72 14
1619 3
72 1
18 3
72 1
1621 3
72 1
18 3
72 1
1619 3
72 10
1619 3
72 1
18 3
72 1
1621 3
72 1
18 3
72 1
1619 3
72 10
1619 3
72 1
18 3
72 1
1621 3
72 1
18 3
72 1
1619 3
72 10
1619 3
72 1
18 3
72 1
1621 3
72 1
18 3
72 1
1619 3
72 10
1619 3
72 1
18 3
72 1
1621 3
72 1
18 3
72 1
1619 3
72 10
1619 3
72 1
18 3
72 1
1621 3
72 1
18 3
72 1
1619 3
72 10
1619 3
72 1
18 3
72 1
1621 3
72 1
18 3
72 1
1619 3
72 10
1619 3
72 1
18 3
72 1
1621 3
72 1
18 3
72 1
1619 3
72 10
1619 3
72 1
18 3
72 1
1621 3
72 1
18 3
72 1
1619 3
72 10
1619 3
72 1
18 3
72 1
1621 3
72 1
18 3
72 1
1619 3
72 10
1619 3
72 1
18 3
72 1
1621 3
72 1
18 3
72 1
1619 3
72 10
1619 3
72 1
18 3
72 1
1621 3
72 1
18 3
72 1
1619 3
72 10
1619 3
72 1
18 3
72 1
1621 3
72 1
18 3
72 1
1619 3
72 10
1619 3
72 1
18 3
72 1
1621 3
72 1
18 3
72 1
1619 3
72 10
1619 3
72 1
18 3
72 1
1621 3
72 1
18 3
72 1
1619 3
72 10
1619 3
72 1
18 3
72 1
1621 3
72 1
18 3
72 1
1619 3
72 5
555 13
857 13
555 13
857 13
555 13
857 13
555 13
857 13
555 13
857 13
555 13
857 13
555 13
857 13
555 13
857 13
555 13
857 13
555 13
857 13
555 13
857 13
555 13
857 13
555 13
857 13
555 13
857 13
555 13
857 13
555 13
857 13
72 14
1619 3
72 1
18 3
72 1
1621 3
72 1
18 3
72 1
1619 3
72 10
1619 3
72 1
18 3
72 1
1621 3
72 1
18 3
72 1
1619 3
72 10
1619 3
72 1
18 3
72 1
1621 3
72 1
18 3
72 1
1619 3
72 10
1619 3
72 1
18 3
72 1
1621 3
72 1
18 3
72 1
1619 3
72 10
1619 3
72 1
18 3
72 1
1621 3
72 1
18 3
72 1
1619 3
72 10
1619 3
72 1
18 3
72 1
1621 3
72 1
18 3
72 1
1619 3
72 10
1619 3
72 1
18 3
72 1
1621 3
72 1
18 3
72 1
1619 3
72 10
1619 3
72 1
18 3
72 1
1621 3
72 1
18 3
72 1
1619 3
72 10
1619 3
72 1
18 3
72 1
1621 3
72 1
18 3
72 1
1619 3
72 10
1619 3
72 1
18 3
72 1
1621 3
72 1
18 3
72 1
1619 3
72 10
1619 3
72 1
18 3
72 1
1621 3
72 1
18 3
72 1
1619 3
72 10
1619 3
72 1
18 3
72 1
1621 3
72 1
18 3
72 1
1619 3
72 10
1619 3
72 1
18 3
72 1
1621 3
72 1
18 3
72 1
1619 3
72 10
1619 3
72 1
18 3
72 1
1621 3
72 1
18 3
72 1
1619 3
72 10
1619 3
72 1
18 3
72 1
1621 3
72 1
18 3
72 1
1619 3
72 10
1619 3
72 1
18 3
72 1
1621 3
72 1
18 3
72 1
1619 3
72 5
555 13
857 13
555 13
857 13
555 13
857 13
555 13
857 13
555 13
857 13
555 13
857 13
555 13
857 13
555 13
857 13
555 13
857 13
555 13
857 13
555 13
857 13
555 13
857 13
555 13
857 13
555 13
857 13
555 13
857 13
555 13
857 13
E
S
H
72 14
231 13
140 11
205 13
231 11
166 13
205 11
140 13
114 11
231 13
140 11
205 13
231 11
166 13
205 11
140 13
114 11
72 14
231 13
140 11
205 13
231 11
166 13
205 11
140 13
114 11
231 13
140 11
205 13
231 11
166 13
205 11
140 13
114 11
E
S
H
72 14
51 2
72 2
56 2
72 2
51 2
72 2
63 2
72 2
46 2
72 2
58 2
72 2
51 2
72 2
56 2
72 2
51 2
72 2
63 2
72 2
46 2
72 2
58 2
72 2
51 2
72 2
56 2
72 2
51 2
72 2
63 2
72 2
46 2
72 2
58 2
72 2
51 2
72 2
56 2
72 2
51 2
72 2
63 2
72 2
46 2
72 2
58 2
72 2
51 2
72 2
56 2
72 2
51 2
72 2
63 2
72 2
46 2
72 2
58 2
72 2
51 2
72 2
56 2
72 2
51 2
72 2
63 2
72 2
46 2
72 2
58 2
72 2
51 2
72 2
56 2
72 2
51 2
72 2
63 2
72 2
46 2
72 2
58 2
72 2
51 2
72 2
56 2
72 2
51 2
72 2
63 2
72 2
46 2
72 2
58 2
72 2
51 2
72 2
56 2
72 2
51 2
72 2
63 2
72 2
46 2
72 2
58 2
72 2
51 2
72 2
56 2
72 2
51 2
72 2
63 2
72 2
46 2
72 2
58 2
72 2
51 2
72 2
56 2
72 2
51 2
72 2
63 2
72 2
46 2
72 2
58 2
72 2
51 2
72 2
56 2
72 2
51 2
72 2
63 2
72 2
46 2
72 2
58 2
72 2
51 2
72 2
56 2
72 2
51 2
72 2
63 2
72 2
46 2
72 2
58 2
72 2
51 2
72 2
56 2
72 2
51 2
72 2
63 2
72 2
46 2
72 2
58 2
72 2
51 2
72 2
56 2
72 2
51 2
72 2
63 2
72 2
46 2
72 2
58 2
72 2
51 2
72 2
56 2
72 2
51 2
72 2
63 2
72 2
46 2
72 2
58 2
72 2
51 2
72 2
56 2
72 2
51 2
72 2
63 2
72 2
46 2
72 2
58 2
72 2
51 2
72 2
56 2
72 2
51 2
72 2
63 2
72 2
46 2
72 2
58 2
72 2
51 2
72 2
56 2
72 2
51 2
72 2
63 2
72 2
46 2
72 2
58 2
72 2
51 2
72 2
56 2
72 2
51 2
72 2
63 2
72 2
46 2
72 2
58 2
72 2
51 2
72 2
56 2
72 2
51 2
72 2
63 2
72 2
46 2
72 2
58 2
72 2
51 2
72 2
56 2
72 2
51 2
72 2
63 2
72 2
46 2
72 2
58 2
72 2
51 2
72 2
56 2
72 2
51 2
72 2
63 2
72 2
46 2
72 2
58 2
72 2
51 2
72 2
56 2
72 2
51 2
72 2
63 2
72 2
46 2
72 2
58 2
72 2
51 2
72 2
56 2
72 2
51 2
72 2
63 2
72 2
46 2
72 2
58 2
72 2
51 2
72 2
56 2
72 2
51 2
72 2
63 2
72 2
46 2
72 2
58 2
72 2
51 2
72 2
56 2
72 2
51 2
72 2
63 2
72 2
46 2
72 2
58 2
72 2
51 2
72 2
56 2
72 2
51 2
72 2
63 2
72 2
46 2
72 2
58 2
72 2
51 2
72 2
56 2
72 2
51 2
72 2
63 2
72 2
46 2
72 2
58 2
72 2
51 2
72 2
56 2
72 2
51 2
72 2
63 2
72 2
46 2
72 2
58 2
72 2
51 2
72 2
56 2
72 2
51 2
72 2
63 2
72 2
46 2
72 2
58 2
72 2
51 2
72 2
56 2
72 2
51 2
72 2
63 2
72 2
46 2
72 2
58 2
72 2
51 2
72 2
56 2
72 2
51 2
72 2
63 2
72 2
46 2
72 2
58 2
72 2
51 2
72 2
56 2
72 2
51 2
72 2
63 2
72 2
46 2
72 2
58 2
72 2
51 2
72 2
56 2
72 2
51 2
72 2
63 2
72 2
46 2
72 2
58 2
72 2
51 2
72 2
56 2
72 2
51 2
72 2
63 2
72 2
46 2
72 2
58 2
72 2
51 2
72 2
56 2
72 2
51 2
72 2
63 2
72 2
46 2
72 2
58 2
72 2
51 2
72 2
56 2
72 14
51 2
72 2
56 2
72 2
51 2
72 2
63 2
72 2
46 2
72 2
58 2
72 2
51 2
72 2
56 2
72 2
51 2
72 2
63 2
72 2
46 2
72 2
58 2
72 2
51 2
72 2
56 2
72 2
51 2
72 2
63 2
72 2
46 2
72 2
58 2
72 2
51 2
72 2
56 2
72 2
51 2
72 2
63 2
72 2
46 2
72 2
58 2
72 2
51 2
72 2
56 2
72 2
51 2
72 2
63 2
72 2
46 2
72 2
58 2
72 2
51 2
72 2
56 2
72 2
51 2
72 2
63 2
72 2
46 2
72 2
58 2
72 2
51 2
72 2
56 2
72 2
51 2
72 2
63 2
72 2
46 2
72 2
58 2
72 2
51 2
72 2
56 2
72 2
51 2
72 2
63 2
72 2
46 2
72 2
58 2
72 2
51 2
72 2
56 2
72 2
51 2
72 2
63 2
72 2
46 2
72 2
58 2
72 2
51 2
72 2
56 2
72 2
51 2
72 2
63 2
72 2
46 2
72 2
58 2
72 2
51 2
72 2
56 2
72 2
51 2
72 2
63 2
72 2
46 2
72 2
58 2
72 2
51 2
72 2
56 2
72 2
51 2
72 2
63 2
72 2
46 2
72 2
58 2
72 2
51 2
72 2
56 2
72 2
51 2
72 2
63 2
72 2
46 2
72 2
58 2
72 2
51 2
72 2
56 2
72 2
51 2
72 2
63 2
72 2
46 2
72 2
58 2
72 2
51 2
72 2
56 2
72 2
51 2
72 2
63 2
72 2
46 2
72 2
58 2
72 2
51 2
72 2
56 2
72 2
51 2
72 2
63 2
72 2
46 2
72 2
58 2
72 2
51 2
72 2
56 2
72 2
51 2
72 2
63 2
72 2
46 2
72 2
58 2
72 2
51 2
72 2
56 2
72 2
51 2
72 2
63 2
72 2
46 2
72 2
58 2
72 2
51 2
72 2
56 2
72 2
51 2
72 2
63 2
72 2
46 2
72 2
58 2
72 2
51 2
72 2
56 2
72 2
51 2
72 2
63 2
72 2
46 2
72 2
58 2
72 2
51 2
72 2
56 2
72 2
51 2
72 2
63 2
72 2
46 2
72 2
58 2
72 2
51 2
72 2
56 2
72 2
51 2
72 2
63 2
72 2
46 2
72 2
58 2
72 2
51 2
72 2
56 2
72 2
51 2
72 2
63 2
72 2
46 2
72 2
58 2
72 2
51 2
72 2
56 2
72 2
51 2
72 2
63 2
72 2
46 2
72 2
58 2
72 2
51 2
72 2
56 2
72 2
51 2
72 2
63 2
72 2
46 2
72 2
58 2
72 2
51 2
72 2
56 2
72 2
51 2
72 2
63 2
72 2
46 2
72 2
58 2
72 2
51 2
72 2
56 2
72 2
51 2
72 2
63 2
72 2
46 2
72 2
58 2
72 2
51 2
72 2
56 2
72 2
51 2
72 2
63 2
72 2
46 2
72 2
58 2
72 2
51 2
72 2
56 2
72 2
51 2
72 2
63 2
72 2
46 2
72 2
58 2
72 2
51 2
72 2
56 2
72 2
51 2
72 2
63 2
72 2
46 2
72 2
58 2
72 2
51 2
72 2
56 2
72 2
51 2
72 2
63 2
72 2
46 2
72 2
58 2
72 2
51 2
72 2
56 2
72 2
51 2
72 2
63 2
72 2
46 2
72 2
58 2
72 2
51 2
72 2
56 2
72 2
51 2
72 2
63 2
72 2
46 2
72 2
58 2
72 2
51 2
72 2
56 2
72 2
51 2
72 2
63 2
72 2
46 2
72 2
58 2
72 2
51 2
72 2
56 2
72 2
51 2
72 2
63 2
72 2
46 2
72 2
58 2
72 2
51 2
72 2
56 2
72 2
51 2
72 2
63 2
72 2
46 2
72 2
58 2
72 2
51 2
72 2
56 2
72 2
51 2
72 2
63 2
72 2
46 2
72 2
58 2
72 2
51 2
72 2
56 2
E
S
H
72 14
42 11
72 14
42 11
E
S
H
72 14
36 3
72 5
36 3
72 5
36 3
72 10
36 3
72 5
36 3
72 5
36 3
72 10
36 3
72 5
36 3
72 5
36 3
72 10
36 3
72 5
36 3
72 5
36 3
72 10
36 3
72 5
36 3
72 5
36 3
72 10
36 3
72 5
36 3
72 5
36 3
72 10
36 3
72 5
36 3
72 5
36 3
72 10
36 3
72 5
36 3
72 5
36 3
72 10
36 3
72 5
36 3
72 5
36 3
72 10
36 3
72 5
36 3
72 5
36 3
72 10
36 3
72 5
36 3
72 5
36 3
72 10
36 3
72 5
36 3
72 5
36 3
72 10
36 3
72 5
36 3
72 5
36 3
72 10
36 3
72 5
36 3
72 5
36 3
72 10
36 3
72 5
36 3
72 5
36 3
72 10
36 3
72 5
36 3
72 5
36 3
72 14
36 3
72 5
36 3
72 5
36 3
72 10
36 3
72 5
36 3
72 5
36 3
72 10
36 3
72 5
36 3
72 5
36 3
72 10
36 3
72 5
36 3
72 5
36 3
72 10
36 3
72 5
36 3
72 5
36 3
72 10
36 3
72 5
36 3
72 5
36 3
72 10
36 3
72 5
36 3
72 5
36 3
72 10
36 3
72 5
36 3
72 5
36 3
72 10
36 3
72 5
36 3
72 5
36 3
72 10
36 3
72 5
36 3
72 5
36 3
72 10
36 3
72 5
36 3
72 5
36 3
72 10
36 3
72 5
36 3
72 5
36 3
72 10
36 3
72 5
36 3
72 5
36 3
72 10
36 3
72 5
36 3
72 5
36 3
72 10
36 3
72 5
36 3
72 5
36 3
72 10
36 3
72 5
36 3
72 5
36 3
E
X
