major
S
H
72 13
218 4
244 4
101 4
192 7
244 4
101 4
166 7
244 4
101 4
153 7
244 4
101 7
218 4
244 4
101 4
192 7
244 4
101 4
166 12
72 3
192 7
72 4
218 4
244 4
101 4
192 7
244 4
101 4
166 7
244 4
101 4
153 7
244 4
101 7
218 4
244 4
101 4
192 7
127 4
153 7
153 14
72 14
149 13
136 13
110 13
240 13
149 13
136 13
110 14
136 7
72 4
218 4
244 4
101 4
192 7
244 4
101 4
166 7
244 4
101 4
153 7
244 4
101 7
218 4
244 4
101 4
192 7
244 4
101 4
166 12
72 3
192 7
72 4
218 4
244 4
101 4
192 7
244 4
101 4
166 7
244 4
101 4
153 7
244 4
101 7
218 4
244 4
101 4
192 7
127 4
153 7
153 14
72 14
149 13
136 13
110 13
240 13
149 13
136 13
110 14
136 7
E
S
L
72 13
9 4
9 4
9 4
7 4
7 4
7 4
7 4
5 4
5 4
5 4
5 4
4 4
4 4
4 4
4 4
4 4
9 4
9 4
9 4
7 4
7 4
7 4
7 4
5 4
5 4
5 4
5 4
5 4
5 4
7 4
7 4
7 4
9 4
9 4
9 4
7 4
7 4
7 4
7 4
5 4
5 4
5 4
5 4
4 4
4 4
4 4
4 4
4 4
9 4
9 4
9 4
7 4
7 4
7 4
5 4
5 4
5 4
5 4
5 4
5 4
5 4
5 4
5 4
5 4
7 4
7 4
7 4
7 4
7 4
7 4
7 4
7 4
9 4
9 4
9 4
9 4
9 4
9 4
9 4
9 4
7 4
7 4
7 4
7 4
7 4
7 4
7 4
7 4
5 4
5 4
5 4
5 4
5 4
5 4
5 4
5 4
7 4
7 4
7 4
7 4
7 4
7 4
7 4
7 4
9 4
9 4
9 4
9 4
9 4
9 4
9 4
9 4
7 4
7 4
7 4
7 4
7 4
7 4
7 4
7 4
5 4
5 4
5 4
5 4
5 4
5 4
5 4
5 4
4 4
4 4
4 4
4 4
4 4
4 4
4 4
4 4
5 4
72 4
5 4
5 4
72 4
5 4
5 4
5 4
7 4
72 4
7 4
7 4
72 4
7 4
7 4
7 4
9 4
72 4
9 4
9 4
72 4
9 4
9 4
9 4
7 4
72 4
7 4
7 4
72 4
7 4
7 4
7 4
5 4
72 4
5 4
5 4
72 4
5 4
5 4
5 4
4 4
72 4
4 4
4 4
72 4
4 4
4 4
4 4
2 4
72 4
2 4
2 4
72 4
2 4
2 4
2 4
5 5
72 0
5 5
72 0
5 5
4 5
72 8
9 4
9 4
9 4
9 4
9 4
9 4
9 4
9 4
7 4
7 4
7 4
7 4
7 4
7 4
7 4
7 4
5 4
5 4
5 4
5 4
5 4
5 4
5 4
5 4
4 4
4 4
4 4
4 4
4 4
4 4
4 4
4 4
9 4
9 4
9 4
9 4
9 4
9 4
9 4
9 4
7 4
7 4
7 4
7 4
7 4
7 4
7 4
7 4
5 4
5 4
5 4
5 4
5 4
5 4
5 4
5 4
5 4
5 4
5 4
5 4
5 4
7 7
72 4
9 4
9 4
9 4
7 4
7 4
7 4
7 4
5 4
5 4
5 4
5 4
4 4
4 4
4 4
4 4
4 4
9 4
9 4
9 4
7 4
7 4
7 4
7 4
5 4
5 4
5 4
5 4
5 4
5 4
7 4
7 4
7 4
9 4
9 4
9 4
7 4
7 4
7 4
7 4
5 4
5 4
5 4
5 4
4 4
4 4
4 4
4 4
4 4
9 4
9 4
9 4
7 4
7 4
7 4
5 4
5 4
5 4
5 4
5 4
5 4
5 4
5 4
5 4
5 4
7 4
7 4
7 4
7 4
7 4
7 4
7 4
7 4
9 4
9 4
9 4
9 4
9 4
9 4
9 4
9 4
7 4
7 4
7 4
7 4
7 4
7 4
7 4
7 4
5 4
5 4
5 4
5 4
5 4
5 4
5 4
5 4
7 4
7 4
7 4
7 4
7 4
7 4
7 4
7 4
9 4
9 4
9 4
9 4
9 4
9 4
9 4
9 4
7 4
7 4
7 4
7 4
7 4
7 4
7 4
7 4
5 4
5 4
5 4
5 4
5 4
5 4
5 4
5 4
4 4
4 4
4 4
4 4
4 4
4 4
4 4
4 4
5 4
72 4
5 4
5 4
72 4
5 4
5 4
5 4
7 4
72 4
7 4
7 4
72 4
7 4
7 4
7 4
9 4
72 4
9 4
9 4
72 4
9 4
9 4
9 4
7 4
72 4
7 4
7 4
72 4
7 4
7 4
7 4
5 4
72 4
5 4
5 4
72 4
5 4
5 4
5 4
4 4
72 4
4 4
4 4
72 4
4 4
4 4
4 4
2 4
72 4
2 4
2 4
72 4
2 4
2 4
2 4
5 5
72 0
5 5
72 0
5 5
4 5
72 8
9 4
9 4
9 4
9 4
9 4
9 4
9 4
9 4
7 4
7 4
7 4
7 4
7 4
7 4
7 4
7 4
5 4
5 4
5 4
5 4
5 4
5 4
5 4
5 4
4 4
4 4
4 4
4 4
4 4
4 4
4 4
4 4
9 4
9 4
9 4
9 4
9 4
9 4
9 4
9 4
7 4
7 4
7 4
7 4
7 4
7 4
7 4
7 4
5 4
5 4
5 4
5 4
5 4
5 4
5 4
5 4
5 4
5 4
5 4
5 4
5 4
7 7
E
S
L
72 13
218 2
72 2
218 2
72 2
218 2
72 2
192 5
72 3
192 2
72 2
192 2
72 2
166 5
72 3
166 2
72 2
166 2
72 2
153 5
72 3
153 2
72 2
153 2
72 2
153 2
72 2
218 2
72 2
218 2
72 2
218 2
72 2
192 5
72 3
192 2
72 2
192 2
72 2
166 5
72 3
166 2
72 2
166 2
72 2
166 2
72 2
166 2
72 2
192 7
72 4
218 2
72 2
218 2
72 2
218 2
72 2
192 5
72 3
192 2
72 2
192 2
72 2
166 5
72 3
166 2
72 2
166 2
72 2
153 5
72 3
153 2
72 2
153 2
72 2
153 2
72 2
218 2
72 2
218 2
72 2
218 2
72 2
192 5
72 3
192 2
72 2
166 3
72 1
166 3
72 1
166 3
72 1
166 3
72 1
166 3
72 1
166 3
72 1
166 3
72 1
166 3
72 1
166 3
72 1
166 3
72 1
192 3
72 1
192 3
72 1
192 3
72 1
192 3
72 1
192 3
72 1
192 3
72 1
192 3
72 1
192 3
72 1
218 7
72 4
218 7
72 4
218 7
192 7
72 4
192 7
72 4
192 7
166 7
72 4
166 7
72 4
166 7
192 7
72 4
192 7
72 4
192 7
218 7
72 4
218 7
72 4
218 7
192 7
72 4
192 7
72 4
192 7
166 7
72 4
166 7
72 4
166 7
153 7
72 4
153 7
72 4
153 7
166 4
72 4
166 4
166 4
72 4
166 4
166 4
166 4
192 4
72 4
192 4
192 4
72 4
192 4
192 4
192 4
218 4
72 4
218 4
218 4
72 4
218 4
218 4
218 4
192 4
72 4
192 4
192 4
72 4
192 4
192 4
192 4
166 4
72 4
166 4
166 4
72 4
166 4
166 4
166 4
153 4
72 4
153 4
153 4
72 4
153 4
153 4
153 4
127 4
72 4
127 4
127 4
72 4
127 4
127 4
127 4
106 4
72 2
106 4
72 2
106 4
237 4
72 9
218 4
72 4
218 4
218 4
72 4
218 4
218 4
218 4
192 4
72 4
192 4
192 4
72 4
192 4
192 4
192 4
166 4
72 4
166 4
166 4
72 4
166 4
166 4
166 4
153 4
72 4
153 4
153 4
72 4
153 4
153 4
153 4
218 4
72 4
218 4
218 4
72 4
218 4
218 4
218 4
192 4
72 4
192 4
192 4
72 4
192 4
192 4
192 4
166 4
72 4
166 4
166 4
72 4
166 4
166 4
166 4
166 4
166 4
166 4
166 4
166 4
192 4
192 4
192 4
218 2
72 2
218 2
72 2
218 2
72 2
192 5
72 3
192 2
72 2
192 2
72 2
166 5
72 3
166 2
72 2
166 2
72 2
153 5
72 3
153 2
72 2
153 2
72 2
153 2
72 2
218 2
72 2
218 2
72 2
218 2
72 2
192 5
72 3
192 2
72 2
192 2
72 2
166 5
72 3
166 2
72 2
166 2
72 2
166 2
72 2
166 2
72 2
192 7
72 4
218 2
72 2
218 2
72 2
218 2
72 2
192 5
72 3
192 2
72 2
192 2
72 2
166 5
72 3
166 2
72 2
166 2
72 2
153 5
72 3
153 2
72 2
153 2
72 2
153 2
72 2
218 2
72 2
218 2
72 2
218 2
72 2
192 5
72 3
192 2
72 2
166 3
72 1
166 3
72 1
166 3
72 1
166 3
72 1
166 3
72 1
166 3
72 1
166 3
72 1
166 3
72 1
166 3
72 1
166 3
72 1
192 3
72 1
192 3
72 1
192 3
72 1
192 3
72 1
192 3
72 1
192 3
72 1
192 3
72 1
192 3
72 1
218 7
72 4
218 7
72 4
218 7
192 7
72 4
192 7
72 4
192 7
166 7
72 4
166 7
72 4
166 7
192 7
72 4
192 7
72 4
192 7
218 7
72 4
218 7
72 4
218 7
192 7
72 4
192 7
72 4
192 7
166 7
72 4
166 7
72 4
166 7
153 7
72 4
153 7
72 4
153 7
166 4
72 4
166 4
166 4
72 4
166 4
166 4
166 4
192 4
72 4
192 4
192 4
72 4
192 4
192 4
192 4
218 4
72 4
218 4
218 4
72 4
218 4
218 4
218 4
192 4
72 4
192 4
192 4
72 4
192 4
192 4
192 4
166 4
72 4
166 4
166 4
72 4
166 4
166 4
166 4
153 4
72 4
153 4
153 4
72 4
153 4
153 4
153 4
127 4
72 4
127 4
127 4
72 4
127 4
127 4
127 4
106 4
72 2
106 4
72 2
106 4
237 4
72 9
218 4
72 4
218 4
218 4
72 4
218 4
218 4
218 4
192 4
72 4
192 4
192 4
72 4
192 4
192 4
192 4
166 4
72 4
166 4
166 4
72 4
166 4
166 4
166 4
153 4
72 4
153 4
153 4
72 4
153 4
153 4
153 4
218 4
72 4
218 4
218 4
72 4
218 4
218 4
218 4
192 4
72 4
192 4
192 4
72 4
192 4
192 4
192 4
166 4
72 4
166 4
166 4
72 4
166 4
166 4
166 4
166 4
166 4
166 4
166 4
166 4
192 4
192 4
192 4
E
S
H
72 14
45 8
72 1
47 13
72 4
48 5
72 0
47 5
72 0
48 4
45 14
72 4
110 8
72 1
136 13
72 4
163 5
72 0
149 5
72 0
136 4
110 13
240 8
72 1
189 11
72 14
48 5
72 0
47 5
72 0
48 4
72 11
48 5
72 0
47 5
72 0
48 4
72 9
45 7
72 4
50 7
101 8
72 1
244 11
72 11
48 5
72 0
47 5
72 0
48 4
72 11
48 5
72 0
47 5
72 0
48 4
214 8
72 1
110 8
72 1
161 13
72 14
45 8
72 1
47 13
72 4
48 5
72 0
47 5
72 0
48 4
45 14
72 4
110 8
72 1
136 13
72 4
163 5
72 0
149 5
72 0
136 4
110 13
240 8
72 1
189 11
72 14
48 5
72 0
47 5
72 0
48 4
72 11
48 5
72 0
47 5
72 0
48 4
72 9
45 7
72 4
50 7
101 8
72 1
244 11
72 11
48 5
72 0
47 5
72 0
48 4
72 11
48 5
72 0
47 5
72 0
48 4
214 8
72 1
110 8
72 1
161 13
E
S
L
72 13
31 7
72 7
29 7
72 7
28 7
72 12
31 7
72 7
29 12
72 3
31 7
72 11
31 7
72 7
29 7
72 7
28 7
72 4
36 7
72 9
31 7
38 4
40 7
40 14
72 14
31 7
72 7
29 7
72 7
28 7
72 12
31 7
72 7
29 12
72 3
31 7
72 11
31 7
72 7
29 7
72 7
28 7
72 4
36 7
72 9
31 7
38 4
40 7
40 14
E
S
H
72 14
29 7
33 7
36 7
40 5
72 0
38 5
40 5
72 0
43 5
41 7
40 4
72 2
40 13
38 7
35 7
36 7
33 7
36 7
31 4
29 13
28 8
72 1
31 11
72 4
33 12
29 4
33 4
38 4
36 5
72 0
36 5
72 0
36 5
35 5
72 14
29 7
33 7
36 7
40 5
72 0
38 5
40 5
72 0
43 5
41 7
40 4
72 2
40 13
38 7
35 7
36 7
33 7
36 7
31 4
29 13
28 8
72 1
31 11
72 4
33 12
29 4
33 4
38 4
36 5
72 0
36 5
72 0
36 5
35 5
E
S
H
72 14
29 7
33 7
36 7
40 5
72 0
38 5
40 5
72 0
43 5
41 7
40 4
72 2
40 13
38 7
35 7
36 7
33 7
36 7
31 4
29 13
28 8
72 1
31 11
72 4
33 12
29 4
33 4
38 4
36 5
72 0
36 5
72 0
36 5
35 5
72 14
29 7
33 7
36 7
40 5
72 0
38 5
40 5
72 0
43 5
41 7
40 4
72 2
40 13
38 7
35 7
36 7
33 7
36 7
31 4
29 13
28 8
72 1
31 11
72 4
33 12
29 4
33 4
38 4
36 5
72 0
36 5
72 0
36 5
35 5
E
X
