major
S
L
23 0
24 6
72 6
23 0
72 1
24 6
72 0
19 4
21 4
19 4
23 0
24 6
72 6
23 0
72 1
24 6
72 0
17 9
23 0
24 6
72 6
23 0
72 1
24 6
72 0
19 4
21 4
19 4
23 0
24 6
72 6
23 0
72 1
24 6
72 0
17 9
23 0
24 6
72 6
23 0
72 1
24 6
72 0
19 4
21 4
19 4
23 0
24 6
72 6
23 0
72 1
24 6
72 0
17 9
23 0
24 6
72 6
23 0
72 1
24 6
72 0
19 4
21 4
19 4
23 0
24 6
72 6
23 0
72 1
24 6
72 0
17 4
16 4
14 4
11 0
12 6
72 6
11 0
72 1
12 6
72 4
18 0
19 6
72 2
11 0
12 6
72 6
11 0
72 1
12 6
72 0
19 4
17 4
16 4
13 0
14 6
72 6
11 0
72 1
12 6
72 4
11 4
9 4
18 0
19 6
72 6
18 0
72 1
19 6
72 4
13 0
14 6
72 2
16 0
17 6
72 6
11 0
72 1
12 6
72 4
16 0
17 6
72 2
12 7
72 4
12 7
16 4
19 4
16 4
14 7
72 4
14 4
16 7
72 4
16 4
17 7
72 4
17 4
19 7
7 4
8 4
9 4
72 7
7 4
16 4
72 7
9 4
7 4
72 7
7 4
14 4
72 4
11 4
72 4
12 4
72 7
9 4
16 4
72 7
9 4
7 4
72 7
7 4
14 4
72 4
16 4
72 4
17 4
72 7
17 4
16 4
72 4
14 4
72 4
12 4
72 7
12 4
7 4
72 4
12 4
72 4
14 4
72 7
14 4
9 4
72 4
14 4
72 4
16 4
72 9
14 4
72 9
13 4
72 9
11 4
72 9
9 4
72 7
9 4
72 4
9 4
11 4
13 4
14 4
72 7
14 4
72 4
14 4
13 4
11 4
9 4
72 7
9 4
72 4
11 4
13 4
14 4
16 4
72 7
9 4
16 4
14 4
13 4
11 4
9 4
72 7
9 4
72 4
9 4
11 4
13 4
14 4
72 7
14 4
72 4
14 4
13 4
11 4
9 4
72 7
16 4
6 4
72 4
11 4
72 4
9 4
72 9
7 4
72 9
11 0
12 6
72 6
11 0
72 1
12 6
72 4
18 0
19 6
72 2
11 0
12 6
72 6
11 0
72 1
12 6
72 0
19 4
17 4
16 4
13 0
14 6
72 6
11 0
72 1
12 6
72 4
11 4
9 4
18 0
19 6
72 6
18 0
72 1
19 6
72 4
13 0
14 6
72 2
16 0
17 6
72 6
11 0
72 1
12 6
72 4
16 0
17 6
72 2
12 7
72 4
12 7
16 4
19 4
16 4
14 7
72 4
14 4
16 7
72 4
16 4
17 7
72 4
17 4
19 7
7 4
8 4
9 4
72 7
7 4
16 4
72 7
9 4
7 4
72 7
7 4
14 4
72 4
11 4
72 4
12 4
72 7
9 4
16 4
72 7
9 4
7 4
72 7
7 4
14 4
72 4
16 4
72 4
17 4
72 7
17 4
16 4
72 4
14 4
72 4
12 4
72 7
12 4
7 4
72 4
12 4
72 4
14 4
72 7
14 4
9 4
72 4
14 4
72 4
16 4
72 9
14 4
72 9
13 4
72 9
11 4
72 9
9 4
72 7
9 4
72 4
9 4
11 4
13 4
14 4
72 7
14 4
72 4
14 4
13 4
11 4
9 4
72 7
9 4
72 4
11 4
13 4
14 4
16 4
72 7
9 4
16 4
14 4
13 4
11 4
9 4
72 7
9 4
72 4
9 4
11 4
13 4
14 4
72 7
14 4
72 4
14 4
13 4
11 4
9 4
72 7
16 4
6 4
72 4
11 4
72 4
9 4
72 9
7 4
E
S
L
55 13
53 6
52 6
50 4
52 13
48 6
47 6
45 4
43 13
41 6
40 6
38 4
40 13
43 12
43 4
43 4
48 7
48 4
48 4
50 7
48 4
50 4
53 7
52 4
50 4
52 7
48 7
45 9
52 4
50 9
48 4
47 9
50 4
43 7
43 4
43 4
50 7
50 4
52 4
53 7
52 4
50 4
55 7
52 7
50 7
48 7
50 11
52 11
53 11
55 11
57 11
52 7
57 7
55 7
53 7
52 7
50 7
57 11
52 7
57 7
59 11
52 11
53 11
48 7
57 7
55 7
52 7
50 7
48 7
50 11
48 9
50 4
52 14
33 2
72 2
33 2
72 2
40 2
72 2
33 2
72 2
40 2
72 2
33 2
72 2
40 2
72 2
33 2
72 6
33 2
72 2
40 2
72 2
33 2
72 2
40 0
42 2
72 2
40 2
72 2
38 2
72 2
40 2
72 6
33 2
72 2
40 2
72 2
33 2
72 2
40 2
72 2
33 2
72 2
40 2
72 2
33 2
72 2
35 2
72 11
35 0
72 1
37 2
72 0
35 2
72 2
33 2
72 6
33 2
72 2
40 2
72 2
33 2
72 2
40 2
72 2
33 2
72 2
40 2
72 2
33 2
72 6
33 2
72 2
40 2
72 2
33 2
72 2
40 0
42 2
72 2
40 2
72 2
38 2
72 2
40 2
72 6
33 2
72 2
40 2
72 2
33 2
72 2
35 2
72 2
33 2
72 2
35 7
33 4
72 11
43 4
43 4
48 7
48 4
48 4
50 7
48 4
50 4
53 7
52 4
50 4
52 7
48 7
45 9
52 4
50 9
48 4
47 9
50 4
43 7
43 4
43 4
50 7
50 4
52 4
53 7
52 4
50 4
55 7
52 7
50 7
48 7
50 11
52 11
53 11
55 11
57 11
52 7
57 7
55 7
53 7
52 7
50 7
57 11
52 7
57 7
59 11
52 11
53 11
48 7
57 7
55 7
52 7
50 7
48 7
50 11
48 9
50 4
52 14
33 2
72 2
33 2
72 2
40 2
72 2
33 2
72 2
40 2
72 2
33 2
72 2
40 2
72 2
33 2
72 6
33 2
72 2
40 2
72 2
33 2
72 2
40 0
42 2
72 2
40 2
72 2
38 2
72 2
40 2
72 6
33 2
72 2
40 2
72 2
33 2
72 2
40 2
72 2
33 2
72 2
40 2
72 2
33 2
72 2
35 2
72 11
35 0
72 1
37 2
72 0
35 2
72 2
33 2
72 6
33 2
72 2
40 2
72 2
33 2
72 2
40 2
72 2
33 2
72 2
40 2
72 2
33 2
72 6
33 2
72 2
40 2
72 2
33 2
72 2
40 0
42 2
72 2
40 2
72 2
38 2
72 2
40 2
72 6
33 2
72 2
40 2
72 2
33 2
72 2
35 2
72 2
33 2
72 2
35 7
33 4
72 11
43 4
43 4
E
S
H
55 13
53 6
52 6
50 4
52 13
48 6
47 6
45 4
43 13
41 6
40 6
38 4
40 13
43 12
72 14
40 4
43 4
45 7
48 7
47 7
48 7
50 7
48 7
47 7
43 7
45 7
48 7
47 7
48 7
50 7
48 7
47 7
43 7
41 4
40 4
41 4
40 4
41 4
40 4
41 7
40 4
38 4
40 4
38 4
40 4
38 4
40 7
41 4
40 4
41 4
40 4
41 4
40 4
41 7
40 4
47 4
52 4
40 4
47 4
52 4
40 4
47 4
52 4
40 4
47 4
52 4
40 4
72 14
40 4
43 4
45 7
48 7
47 7
48 7
50 7
48 7
47 7
43 7
45 7
48 7
47 7
48 7
50 7
48 7
47 7
43 7
41 4
40 4
41 4
40 4
41 4
40 4
41 7
40 4
38 4
40 4
38 4
40 4
38 4
40 7
41 4
40 4
41 4
40 4
41 4
40 4
41 7
40 4
47 4
52 4
40 4
47 4
52 4
40 4
47 4
52 4
40 4
47 4
52 4
40 4
E
S
H
24 2
72 2
31 2
72 2
33 2
72 2
31 2
72 2
36 2
72 2
31 2
72 2
33 2
72 2
31 2
72 2
24 2
72 2
29 2
72 2
33 2
72 2
29 2
72 2
41 2
72 2
29 2
40 2
72 2
29 2
36 2
72 2
24 2
72 2
31 2
72 2
33 2
72 2
31 2
72 2
36 2
72 2
31 2
72 2
33 2
72 2
31 2
72 2
24 2
72 2
29 2
72 2
33 2
72 2
29 2
72 2
41 2
72 2
29 2
40 2
72 2
29 2
36 2
72 2
24 2
72 2
31 2
72 2
33 2
72 2
31 2
72 2
36 2
72 2
31 2
72 2
33 2
72 2
31 2
72 2
24 2
72 2
29 2
72 2
33 2
72 2
29 2
72 2
41 2
72 2
29 2
40 2
72 2
29 2
36 2
72 2
24 2
72 2
31 2
72 2
33 2
72 2
31 2
72 2
36 2
72 2
31 2
72 2
33 2
72 2
31 2
72 2
48 2
41 2
36 2
29 2
48 2
41 2
36 2
29 2
48 2
41 2
36 2
29 2
48 2
41 2
36 2
29 2
24 2
72 2
31 2
72 2
33 2
72 2
40 7
31 2
72 2
33 2
72 2
40 7
31 2
72 2
33 2
72 2
40 7
31 2
72 2
33 2
72 2
40 4
26 2
72 2
29 2
72 2
33 2
72 2
38 7
33 2
72 2
29 2
72 2
36 7
33 2
72 2
29 2
72 2
35 7
33 2
72 2
38 2
72 2
31 2
72 2
29 2
72 2
31 2
72 2
33 2
72 2
40 7
29 2
72 2
33 2
72 2
40 7
31 2
72 2
33 2
72 2
40 7
31 2
72 2
33 2
72 2
40 4
38 2
72 2
33 2
72 2
29 2
72 2
26 2
72 2
40 2
72 2
35 2
72 2
31 2
72 2
28 2
72 2
41 2
72 2
36 2
72 2
33 2
72 2
29 2
72 2
43 2
72 2
38 2
72 2
35 2
72 2
31 2
72 2
33 2
72 2
40 2
72 2
48 2
72 2
40 2
72 2
47 2
72 2
45 2
72 2
43 2
72 2
40 2
72 2
31 2
72 2
38 2
72 2
47 2
72 2
38 2
72 2
45 2
72 2
43 2
72 2
43 0
41 0
72 2
43 2
38 2
72 2
33 2
72 2
40 2
72 2
48 2
72 2
40 2
72 2
47 2
72 2
45 2
72 2
43 2
72 2
40 2
72 2
31 2
72 2
38 2
72 2
47 2
72 2
38 2
72 2
45 2
72 2
43 2
72 2
26 2
72 2
28 2
72 2
29 2
72 2
36 2
72 2
41 2
72 2
48 11
28 2
72 2
36 2
72 2
40 2
72 2
47 11
47 0
48 2
72 2
47 2
72 2
43 2
72 2
40 2
72 2
38 2
72 2
36 2
72 2
35 2
72 2
31 2
72 2
40 2
72 2
47 2
72 2
44 2
72 2
40 2
72 2
38 2
72 2
47 2
72 2
44 2
72 2
38 2
72 2
37 2
72 2
47 2
72 2
44 2
72 2
37 2
72 2
35 2
72 2
47 2
72 2
44 2
72 2
35 2
72 2
33 2
72 2
40 2
72 2
45 2
72 2
40 2
72 2
44 2
72 2
40 2
72 2
45 2
72 2
40 2
72 2
33 2
72 2
38 2
72 2
45 2
72 2
38 2
72 2
44 2
72 2
38 2
72 2
42 2
72 2
38 2
72 2
33 2
72 2
40 2
72 2
45 2
72 2
40 2
72 2
44 2
72 2
40 2
72 2
45 2
72 2
40 2
72 2
33 2
72 2
38 2
72 2
45 2
72 2
38 2
72 2
44 2
72 2
38 2
72 2
42 2
72 2
38 2
72 2
33 2
72 2
40 2
72 2
45 2
72 2
40 2
72 2
44 2
72 2
40 2
72 2
45 2
72 2
40 2
72 2
33 2
72 2
38 2
72 2
45 2
72 2
38 2
72 2
44 2
72 2
38 2
72 2
42 2
72 2
38 2
72 2
33 2
72 2
40 2
72 2
45 2
72 2
40 2
72 2
38 2
72 2
35 2
72 2
31 2
72 2
35 2
72 2
33 2
72 12
43 7
24 2
72 2
31 2
72 2
33 2
72 2
40 7
31 2
72 2
33 2
72 2
40 7
31 2
72 2
33 2
72 2
40 7
31 2
72 2
33 2
72 2
40 4
26 2
72 2
29 2
72 2
33 2
72 2
38 7
33 2
72 2
29 2
72 2
36 7
33 2
72 2
29 2
72 2
35 7
33 2
72 2
38 2
72 2
31 2
72 2
29 2
72 2
31 2
72 2
33 2
72 2
40 7
29 2
72 2
33 2
72 2
40 7
31 2
72 2
33 2
72 2
40 7
31 2
72 2
33 2
72 2
40 4
38 2
72 2
33 2
72 2
29 2
72 2
26 2
72 2
40 2
72 2
35 2
72 2
31 2
72 2
28 2
72 2
41 2
72 2
36 2
72 2
33 2
72 2
29 2
72 2
43 2
72 2
38 2
72 2
35 2
72 2
31 2
72 2
33 2
72 2
40 2
72 2
48 2
72 2
40 2
72 2
47 2
72 2
45 2
72 2
43 2
72 2
40 2
72 2
31 2
72 2
38 2
72 2
47 2
72 2
38 2
72 2
45 2
72 2
43 2
72 2
43 0
41 0
72 2
43 2
38 2
72 2
33 2
72 2
40 2
72 2
48 2
72 2
40 2
72 2
47 2
72 2
45 2
72 2
43 2
72 2
40 2
72 2
31 2
72 2
38 2
72 2
47 2
72 2
38 2
72 2
45 2
72 2
43 2
72 2
26 2
72 2
28 2
72 2
29 2
72 2
36 2
72 2
41 2
72 2
48 11
28 2
72 2
36 2
72 2
40 2
72 2
47 11
47 0
48 2
72 2
47 2
72 2
43 2
72 2
40 2
72 2
38 2
72 2
36 2
72 2
35 2
72 2
31 2
72 2
40 2
72 2
47 2
72 2
44 2
72 2
40 2
72 2
38 2
72 2
47 2
72 2
44 2
72 2
38 2
72 2
37 2
72 2
47 2
72 2
44 2
72 2
37 2
72 2
35 2
72 2
47 2
72 2
44 2
72 2
35 2
72 2
33 2
72 2
40 2
72 2
45 2
72 2
40 2
72 2
44 2
72 2
40 2
72 2
45 2
72 2
40 2
72 2
33 2
72 2
38 2
72 2
45 2
72 2
38 2
72 2
44 2
72 2
38 2
72 2
42 2
72 2
38 2
72 2
33 2
72 2
40 2
72 2
45 2
72 2
40 2
72 2
44 2
72 2
40 2
72 2
45 2
72 2
40 2
72 2
33 2
72 2
38 2
72 2
45 2
72 2
38 2
72 2
44 2
72 2
38 2
72 2
42 2
72 2
38 2
72 2
33 2
72 2
40 2
72 2
45 2
72 2
40 2
72 2
44 2
72 2
40 2
72 2
45 2
72 2
40 2
72 2
33 2
72 2
38 2
72 2
45 2
72 2
38 2
72 2
44 2
72 2
38 2
72 2
42 2
72 2
38 2
72 2
33 2
72 2
40 2
72 2
45 2
72 2
40 2
72 2
38 2
72 2
35 2
72 2
31 2
72 2
35 2
72 2
33 2
72 12
43 7
E
S
H
39 0
72 6
38 0
72 2
128 0
72 4
39 0
72 4
38 0
72 4
27 0
72 4
39 0
72 2
39 0
72 2
140 0
72 2
39 0
72 2
39 0
72 6
38 0
72 2
128 0
72 4
39 0
72 4
38 0
72 4
27 0
72 4
39 0
72 2
39 0
72 2
140 0
72 2
39 0
72 2
39 0
72 6
38 0
72 2
128 0
72 4
39 0
72 4
38 0
72 4
27 0
72 4
39 0
72 2
39 0
72 2
140 0
72 2
39 0
72 2
39 0
72 6
38 0
72 2
128 0
72 4
39 0
72 4
38 0
72 4
27 0
72 4
39 0
72 2
39 0
72 2
140 0
72 2
39 0
72 2
39 0
72 6
38 0
72 2
128 0
72 4
39 0
72 4
38 0
72 4
27 0
72 4
39 0
72 2
39 0
72 2
140 0
72 2
39 0
72 2
39 0
72 6
38 0
72 2
128 0
72 4
39 0
72 4
38 0
72 4
27 0
72 4
39 0
72 2
39 0
72 2
140 0
72 2
39 0
72 2
39 0
72 6
38 0
72 2
128 0
72 4
39 0
72 4
38 0
72 4
27 0
72 4
39 0
72 2
39 0
72 2
140 0
72 2
39 0
72 2
39 0
72 6
38 0
72 2
128 0
72 4
39 0
72 4
38 0
72 4
27 0
72 4
139 0
72 2
137 0
72 2
140 0
72 2
39 0
72 2
148 0
72 6
38 0
72 2
128 0
72 4
148 0
72 4
38 0
72 4
27 0
72 4
139 0
72 2
39 0
72 2
140 0
72 2
39 0
72 2
148 0
72 6
38 0
72 2
128 0
72 4
148 0
72 4
38 0
72 4
27 0
72 4
139 0
72 2
39 0
72 2
140 0
72 2
39 0
72 2
148 0
72 6
38 0
72 2
128 0
72 4
148 0
72 4
38 0
72 4
27 0
72 4
139 0
72 2
39 0
72 2
140 0
72 2
39 0
72 2
148 0
72 6
38 0
72 2
128 0
72 4
148 0
72 4
38 0
72 4
27 0
72 4
139 0
72 2
39 0
72 2
140 0
72 2
39 0
72 2
148 0
72 6
38 0
72 2
128 0
72 4
148 0
72 4
38 0
72 4
27 0
72 4
139 0
72 2
39 0
72 2
140 0
72 2
39 0
72 2
148 0
72 6
38 0
72 2
128 0
72 4
148 0
72 4
38 0
72 4
27 0
72 4
139 0
72 2
39 0
72 2
140 0
72 2
39 0
72 2
148 0
72 6
38 0
72 2
128 0
72 4
39 0
72 4
136 0
72 4
27 0
72 4
139 0
72 2
39 0
72 2
140 0
72 2
39 0
72 2
148 0
72 6
38 0
72 2
128 0
72 4
39 0
72 4
136 0
72 4
27 0
72 4
139 0
72 2
39 0
72 2
140 0
72 2
39 0
72 2
148 0
72 6
38 0
72 2
128 0
72 4
148 0
72 4
38 0
72 4
27 0
72 4
139 0
72 2
39 0
72 2
140 0
72 2
39 0
72 2
148 0
72 6
38 0
72 2
128 0
72 4
148 0
72 4
38 0
72 4
27 0
72 4
139 0
72 2
39 0
72 2
140 0
72 2
39 0
72 2
148 0
72 6
38 0
72 2
128 0
72 4
148 0
72 4
38 0
72 4
27 0
72 4
139 0
72 2
39 0
72 2
140 0
72 2
39 0
72 2
148 0
72 6
38 0
72 2
128 0
72 4
148 0
72 4
38 0
72 4
27 0
72 2
26 0
72 2
137 0
72 2
39 0
72 2
140 0
72 2
39 0
72 2
148 0
72 6
38 0
72 2
128 0
72 4
148 0
72 4
38 0
72 4
27 0
72 4
139 0
72 2
39 0
72 2
140 0
72 2
39 0
72 2
148 0
72 6
38 0
72 2
128 0
72 4
148 0
72 4
38 0
72 4
27 0
72 4
139 0
72 2
39 0
72 2
140 0
72 2
39 0
72 2
148 0
72 6
38 0
72 2
128 0
72 4
148 0
72 4
38 0
72 4
27 0
72 4
139 0
72 2
39 0
72 2
140 0
72 2
39 0
72 2
148 0
72 6
38 0
72 2
128 0
72 4
39 0
72 4
136 0
72 4
27 0
72 4
139 0
72 2
39 0
72 2
140 0
72 2
39 0
72 2
148 0
72 6
38 0
72 2
128 0
72 4
39 0
72 4
136 0
72 4
27 0
72 4
139 0
72 2
39 0
72 2
140 0
72 2
39 0
72 2
148 0
72 6
38 0
72 2
27 0
72 4
148 0
72 4
38 0
72 4
27 0
72 4
139 0
72 2
39 0
72 2
140 0
72 2
39 0
72 2
148 0
72 6
38 0
72 2
27 0
72 4
148 0
72 4
38 0
72 4
27 0
72 4
139 0
72 2
39 0
72 2
140 0
72 2
39 0
72 2
148 0
72 6
38 0
72 2
27 0
72 4
148 0
72 4
38 0
72 4
27 0
72 4
139 0
72 2
39 0
72 2
140 0
72 2
39 0
72 2
148 0
72 6
38 0
72 2
27 0
72 4
148 0
72 4
38 0
72 4
27 0
72 4
139 0
72 2
39 0
72 2
140 0
72 2
39 0
72 2
148 0
72 6
38 0
72 2
27 0
72 4
148 0
72 4
38 0
72 4
27 0
72 4
139 0
72 2
39 0
72 2
140 0
72 2
39 0
72 2
148 0
72 6
38 0
72 2
27 0
72 4
148 0
72 4
38 0
72 4
27 0
72 4
139 0
72 2
39 0
72 2
140 0
72 2
39 0
72 2
148 0
72 6
38 0
72 2
128 0
72 4
39 0
72 4
136 0
72 4
27 0
72 4
139 0
72 2
39 0
72 2
140 0
72 2
39 0
72 2
148 0
72 6
38 0
72 2
128 0
72 4
39 0
72 4
136 0
72 4
27 0
72 4
139 0
72 2
39 0
72 2
140 0
72 2
39 0
72 2
148 0
72 6
38 0
72 2
128 0
72 4
148 0
72 4
38 0
72 4
27 0
72 4
139 0
72 2
39 0
72 2
140 0
72 2
39 0
72 2
148 0
72 6
38 0
72 2
128 0
72 4
148 0
72 4
38 0
72 4
27 0
72 4
139 0
72 2
39 0
72 2
140 0
72 2
39 0
72 2
148 0
72 6
38 0
72 2
128 0
72 4
148 0
72 4
38 0
72 4
27 0
72 4
139 0
72 2
39 0
72 2
140 0
72 2
39 0
72 2
148 0
72 6
38 0
72 2
128 0
72 4
148 0
72 4
38 0
72 4
27 0
72 4
139 0
72 2
39 0
72 2
140 0
72 2
39 0
72 2
148 0
72 6
38 0
72 2
128 0
72 4
148 0
72 4
38 0
72 4
27 0
72 4
139 0
72 2
39 0
72 2
140 0
72 2
39 0
72 2
148 0
72 6
38 0
72 2
128 0
72 4
148 0
72 4
38 0
72 4
27 0
72 4
139 0
72 2
39 0
72 2
140 0
72 2
39 0
72 2
148 0
72 6
38 0
72 2
128 0
72 4
39 0
72 4
136 0
72 4
27 0
72 4
139 0
72 2
39 0
72 2
140 0
72 2
39 0
72 2
148 0
72 6
38 0
72 2
128 0
72 4
39 0
72 4
136 0
72 4
27 0
72 4
139 0
72 2
39 0
72 2
140 0
72 2
39 0
72 2
148 0
72 6
38 0
72 2
128 0
72 4
148 0
72 4
38 0
72 4
27 0
72 4
139 0
72 2
39 0
72 2
140 0
72 2
39 0
72 2
148 0
72 6
38 0
72 2
128 0
72 4
148 0
72 4
38 0
72 4
27 0
72 4
139 0
72 2
39 0
72 2
140 0
72 2
39 0
72 2
148 0
72 6
38 0
72 2
128 0
72 4
148 0
72 4
38 0
72 4
27 0
72 4
139 0
72 2
39 0
72 2
140 0
72 2
39 0
72 2
148 0
72 6
38 0
72 2
128 0
72 4
148 0
72 4
38 0
72 4
27 0
72 2
26 0
72 2
137 0
72 2
39 0
72 2
140 0
72 2
39 0
72 2
148 0
72 6
38 0
72 2
128 0
72 4
148 0
72 4
38 0
72 4
27 0
72 4
139 0
72 2
39 0
72 2
140 0
72 2
39 0
72 2
148 0
72 6
38 0
72 2
128 0
72 4
148 0
72 4
38 0
72 4
27 0
72 4
139 0
72 2
39 0
72 2
140 0
72 2
39 0
72 2
148 0
72 6
38 0
72 2
128 0
72 4
148 0
72 4
38 0
72 4
27 0
72 4
139 0
72 2
39 0
72 2
140 0
72 2
39 0
72 2
148 0
72 6
38 0
72 2
128 0
72 4
39 0
72 4
136 0
72 4
27 0
72 4
139 0
72 2
39 0
72 2
140 0
72 2
39 0
72 2
148 0
72 6
38 0
72 2
128 0
72 4
39 0
72 4
136 0
72 4
27 0
72 4
139 0
72 2
39 0
72 2
140 0
72 2
39 0
72 2
148 0
72 6
38 0
72 2
27 0
72 4
148 0
72 4
38 0
72 4
27 0
72 4
139 0
72 2
39 0
72 2
140 0
72 2
39 0
72 2
148 0
72 6
38 0
72 2
27 0
72 4
148 0
72 4
38 0
72 4
27 0
72 4
139 0
72 2
39 0
72 2
140 0
72 2
39 0
72 2
148 0
72 6
38 0
72 2
27 0
72 4
148 0
72 4
38 0
72 4
27 0
72 4
139 0
72 2
39 0
72 2
140 0
72 2
39 0
72 2
148 0
72 6
38 0
72 2
27 0
72 4
148 0
72 4
38 0
72 4
27 0
72 4
139 0
72 2
39 0
72 2
140 0
72 2
39 0
72 2
148 0
72 6
38 0
72 2
27 0
72 4
148 0
72 4
38 0
72 4
27 0
72 4
139 0
72 2
39 0
72 2
140 0
72 2
39 0
72 2
148 0
72 6
38 0
72 2
27 0
72 4
148 0
72 4
38 0
72 4
27 0
72 4
139 0
72 2
39 0
72 2
140 0
72 2
39 0
72 2
148 0
72 6
38 0
72 2
128 0
72 4
39 0
72 4
136 0
72 4
27 0
72 4
139 0
72 2
39 0
72 2
140 0
72 2
39 0
72 2
148 0
72 6
38 0
72 2
128 0
72 4
39 0
72 4
136 0
72 4
27 0
72 4
139 0
72 2
39 0
72 2
140 0
72 2
39 0
E
X
