minor
S
L
22 13
22 13
23 13
23 13
22 13
22 13
23 13
23 13
22 13
20 12
23 11
22 13
22 13
22 13
20 12
23 11
22 13
22 13
22 4
22 4
23 13
21 12
24 11
27 13
28 12
24 9
24 2
72 2
23 13
23 13
22 13
22 13
23 13
23 13
22 13
22 13
23 13
23 13
22 13
20 12
23 11
22 13
22 13
22 13
20 12
23 11
22 13
22 13
22 4
22 4
23 13
21 12
24 11
27 13
28 12
24 9
24 2
72 2
23 13
23 13
E
S
L
29 13
29 13
30 13
30 13
29 13
29 13
30 13
30 13
29 13
27 12
30 11
29 13
29 13
29 13
27 12
30 11
29 13
29 13
29 4
29 4
30 13
28 12
31 11
34 13
35 12
31 9
31 2
72 2
30 13
30 13
29 13
29 13
30 13
30 13
29 13
29 13
30 13
30 13
29 13
27 12
30 11
29 13
29 13
29 13
27 12
30 11
29 13
29 13
29 4
29 4
30 13
28 12
31 11
34 13
35 12
31 9
31 2
72 2
30 13
30 13
E
S
H
41 7
39 4
41 4
38 6
38 2
44 7
41 7
41 7
39 4
41 4
38 6
38 2
44 7
41 7
34 4
35 4
38 4
39 4
41 12
72 2
42 7
44 4
46 4
39 12
72 2
41 7
39 4
41 4
38 6
38 2
44 7
41 7
41 7
39 4
41 4
38 6
38 2
44 7
41 7
34 4
35 4
38 4
39 4
41 12
72 2
42 7
44 4
46 4
39 12
72 2
38 12
72 2
38 7
39 4
41 4
38 13
34 7
35 4
34 13
32 4
34 4
34 4
72 4
32 4
34 12
38 12
72 2
38 4
72 1
39 4
72 1
41 4
72 1
44 12
72 2
42 3
44 3
42 3
41 4
39 4
41 4
41 4
72 4
39 4
41 12
72 2
34 4
34 4
72 4
32 4
34 12
72 2
39 12
72 2
39 7
40 4
42 4
45 10
72 2
36 7
43 3
45 3
43 3
42 4
40 4
42 13
72 2
40 4
42 4
43 2
45 2
43 12
72 3
42 4
40 4
42 4
42 4
72 4
40 4
42 12
72 2
30 4
30 4
72 4
28 4
30 12
72 2
41 7
39 4
41 4
38 6
38 2
44 7
41 7
41 7
39 4
41 4
38 6
38 2
44 7
41 7
34 4
35 4
38 4
39 4
41 12
72 2
42 7
44 4
46 4
39 12
72 2
41 7
39 4
41 4
38 6
38 2
44 7
41 7
41 7
39 4
41 4
38 6
38 2
44 7
41 7
34 4
35 4
38 4
39 4
41 12
72 2
42 7
44 4
46 4
39 12
72 2
38 12
72 2
38 7
39 4
41 4
38 13
34 7
35 4
34 13
32 4
34 4
34 4
72 4
32 4
34 12
38 12
72 2
38 4
72 1
39 4
72 1
41 4
72 1
44 12
72 2
42 3
44 3
42 3
41 4
39 4
41 4
41 4
72 4
39 4
41 12
72 2
34 4
34 4
72 4
32 4
34 12
72 2
39 12
72 2
39 7
40 4
42 4
45 10
72 2
36 7
43 3
45 3
43 3
42 4
40 4
42 13
72 2
40 4
42 4
43 2
45 2
43 12
72 3
42 4
40 4
42 4
42 4
72 4
40 4
42 12
72 2
30 4
30 4
72 4
28 4
30 12
E
S
L
38 7
35 4
38 4
34 6
34 2
41 7
38 7
38 7
35 4
38 4
34 6
34 2
41 7
38 7
30 4
32 4
34 4
35 4
38 12
72 2
39 7
41 4
42 4
35 12
72 2
38 7
35 4
38 4
34 6
34 2
41 7
38 7
38 7
35 4
38 4
34 6
34 2
41 7
38 7
30 4
32 4
34 4
35 4
38 12
72 2
39 7
41 4
42 4
35 12
72 2
34 12
72 2
34 7
35 4
38 4
34 12
35 7
30 7
32 4
29 13
27 4
29 4
29 4
72 4
27 4
29 12
34 12
72 2
34 4
72 1
35 4
72 1
38 4
72 1
39 12
72 2
39 3
41 3
39 3
38 4
35 4
34 4
34 4
72 4
32 4
34 12
72 2
29 4
29 4
72 4
27 4
29 12
72 2
35 12
72 2
35 7
36 4
39 4
40 10
72 2
33 7
40 3
42 3
40 3
39 4
37 4
39 13
72 2
37 4
39 4
40 2
42 2
40 12
72 3
39 4
37 4
35 4
35 4
72 4
33 4
35 12
72 2
23 4
23 4
72 4
24 4
23 12
72 2
38 7
35 4
38 4
34 6
34 2
41 7
38 7
38 7
35 4
38 4
34 6
34 2
41 7
38 7
30 4
32 4
34 4
35 4
38 12
72 2
39 7
41 4
42 4
35 12
72 2
38 7
35 4
38 4
34 6
34 2
41 7
38 7
38 7
35 4
38 4
34 6
34 2
41 7
38 7
30 4
32 4
34 4
35 4
38 12
72 2
39 7
41 4
42 4
35 12
72 2
34 12
72 2
34 7
35 4
38 4
34 12
35 7
30 7
32 4
29 13
27 4
29 4
29 4
72 4
27 4
29 12
34 12
72 2
34 4
72 1
35 4
72 1
38 4
72 1
39 12
72 2
39 3
41 3
39 3
38 4
35 4
34 4
34 4
72 4
32 4
34 12
72 2
29 4
29 4
72 4
27 4
29 12
72 2
35 12
72 2
35 7
36 4
39 4
40 10
72 2
33 7
40 3
42 3
40 3
39 4
37 4
39 13
72 2
37 4
39 4
40 2
42 2
40 12
72 3
39 4
37 4
35 4
35 4
72 4
33 4
35 12
72 2
23 4
23 4
72 4
24 4
23 12
E
S
H
53 7
51 4
53 4
50 6
50 2
56 7
53 7
53 7
51 4
53 4
50 6
50 2
56 7
53 7
46 4
47 4
50 4
51 4
53 12
72 2
54 7
56 4
58 4
51 12
72 2
53 7
51 4
53 4
50 6
50 2
56 7
53 7
53 7
51 4
53 4
50 6
50 2
56 7
53 7
46 4
47 4
50 4
51 4
53 12
72 2
54 7
56 4
58 4
51 12
72 2
62 12
72 2
62 7
63 4
65 4
62 13
58 7
59 4
58 13
72 13
62 12
72 2
62 4
72 1
63 4
72 1
65 4
72 1
68 12
72 2
66 3
68 3
66 3
65 4
63 4
65 4
65 4
72 4
63 4
65 12
72 13
63 12
72 2
63 7
64 4
66 4
69 10
72 2
60 7
67 3
69 3
67 3
66 4
64 4
66 13
72 2
64 4
66 4
67 2
69 2
67 12
72 3
66 4
64 4
66 4
66 4
72 4
64 4
66 12
72 2
72 13
53 7
51 4
53 4
50 6
50 2
56 7
53 7
53 7
51 4
53 4
50 6
50 2
56 7
53 7
46 4
47 4
50 4
51 4
53 12
72 2
54 7
56 4
58 4
51 12
72 2
53 7
51 4
53 4
50 6
50 2
56 7
53 7
53 7
51 4
53 4
50 6
50 2
56 7
53 7
46 4
47 4
50 4
51 4
53 12
72 2
54 7
56 4
58 4
51 12
72 2
62 12
72 2
62 7
63 4
65 4
62 13
58 7
59 4
58 13
72 13
62 12
72 2
62 4
72 1
63 4
72 1
65 4
72 1
68 12
72 2
66 3
68 3
66 3
65 4
63 4
65 4
65 4
72 4
63 4
65 12
72 13
63 12
72 2
63 7
64 4
66 4
69 10
72 2
60 7
67 3
69 3
67 3
66 4
64 4
66 13
72 2
64 4
66 4
67 2
69 2
67 12
72 3
66 4
64 4
66 4
66 4
72 4
64 4
66 12
72 2
E
S
H
46 2
72 6
46 2
72 0
46 2
72 0
46 2
72 0
46 2
72 6
46 2
72 0
46 2
72 0
46 2
72 0
46 2
72 6
46 2
72 2
46 2
72 2
46 2
72 6
46 2
72 6
46 2
72 0
46 2
72 0
46 2
72 0
46 2
72 6
46 2
72 6
46 2
72 0
46 2
72 0
46 2
72 0
46 2
72 6
46 2
72 0
46 2
72 0
46 2
72 0
46 2
72 6
46 2
72 2
46 2
72 2
46 2
72 6
46 2
72 6
46 2
72 0
46 2
72 0
46 2
72 0
46 2
72 6
46 2
72 6
46 2
72 0
46 2
72 0
46 2
72 0
46 2
72 6
46 2
72 0
46 2
72 0
46 2
72 0
46 2
72 6
46 2
72 2
46 2
72 2
46 2
72 6
46 2
72 6
46 2
72 0
46 2
72 0
46 2
72 0
46 2
72 6
46 2
72 6
46 2
72 0
46 2
72 0
46 2
72 0
46 2
72 6
46 2
72 0
46 2
72 0
46 2
72 0
46 2
72 6
46 2
72 2
46 2
72 2
46 2
72 6
46 2
72 6
46 2
72 0
46 2
72 0
46 2
72 0
46 2
72 6
46 2
72 6
46 2
72 0
46 2
72 0
46 2
72 0
46 2
72 6
46 2
72 0
46 2
72 0
46 2
72 0
46 2
72 6
46 2
72 2
46 2
72 2
46 2
72 6
46 2
72 6
46 2
72 0
46 2
72 0
46 2
72 0
46 2
72 6
46 2
72 6
46 2
72 0
46 2
72 0
46 2
72 0
46 2
72 6
46 2
72 0
46 2
72 0
46 2
72 0
46 2
72 6
46 2
72 2
46 2
72 2
46 2
72 6
46 2
72 6
46 2
72 0
46 2
72 0
46 2
72 0
46 2
72 6
46 2
72 6
46 2
72 0
46 2
72 0
46 2
72 0
46 2
72 6
46 2
72 0
46 2
72 0
46 2
72 0
46 2
72 6
46 2
72 2
46 2
72 2
46 2
72 6
46 2
72 6
46 2
72 0
46 2
72 0
46 2
72 0
46 2
72 6
46 2
72 6
46 2
72 0
46 2
72 0
46 2
72 0
46 2
72 6
46 2
72 0
46 2
72 0
46 2
72 0
46 2
72 6
46 2
72 2
46 2
72 2
46 2
72 6
46 2
72 6
46 2
72 0
46 2
72 0
46 2
72 0
46 2
72 6
47 2
72 6
47 2
72 0
47 2
72 0
47 2
72 0
47 2
72 6
47 2
72 0
47 2
72 0
47 2
72 0
47 2
72 6
47 2
72 2
47 2
72 2
47 2
72 6
47 2
72 6
47 2
72 0
47 2
72 0
47 2
72 0
47 2
72 6
47 2
72 6
47 2
72 0
47 2
72 0
47 2
72 0
47 2
72 6
47 2
72 0
47 2
72 0
47 2
72 0
47 2
72 6
47 2
72 2
47 2
72 2
47 2
72 6
47 2
72 6
47 2
72 0
47 2
72 0
47 2
72 0
47 2
72 6
47 2
72 6
47 2
72 0
47 2
72 0
47 2
72 0
47 2
72 6
47 2
72 0
47 2
72 0
47 2
72 0
47 2
72 6
47 2
72 2
47 2
72 2
47 2
72 6
47 2
72 6
47 2
72 0
47 2
72 0
47 2
72 0
47 2
72 6
46 2
72 6
46 2
72 0
46 2
72 0
46 2
72 0
46 2
72 6
46 2
72 0
46 2
72 0
46 2
72 0
46 2
72 6
46 2
72 2
46 2
72 2
46 2
72 6
46 2
72 6
46 2
72 0
46 2
72 0
46 2
72 0
46 2
72 6
46 2
72 6
46 2
72 0
46 2
72 0
46 2
72 0
46 2
72 6
46 2
72 0
46 2
72 0
46 2
72 0
46 2
72 6
46 2
72 2
46 2
72 2
46 2
72 6
46 2
72 6
46 2
72 0
46 2
72 0
46 2
72 0
46 2
72 6
46 2
72 6
46 2
72 0
46 2
72 0
46 2
72 0
46 2
72 6
46 2
72 0
46 2
72 0
46 2
72 0
46 2
72 6
46 2
72 2
46 2
72 2
46 2
72 6
46 2
72 6
46 2
72 0
46 2
72 0
46 2
72 0
46 2
72 6
46 2
72 6
46 2
72 0
46 2
72 0
46 2
72 0
46 2
72 6
46 2
72 0
46 2
72 0
46 2
72 0
46 2
72 6
46 2
72 2
46 2
72 2
46 2
72 6
46 2
72 6
46 2
72 0
46 2
72 0
46 2
72 0
46 2
72 6
46 2
72 6
46 2
72 0
46 2
72 0
46 2
72 0
46 2
72 6
46 2
72 0
46 2
72 0
46 2
72 0
46 2
72 6
46 2
72 2
46 2
72 2
46 2
72 6
46 2
72 6
46 2
72 0
46 2
72 0
46 2
72 0
46 2
72 6
46 2
72 6
46 2
72 0
46 2
72 0
46 2
72 0
46 2
72 6
46 2
72 0
46 2
72 0
46 2
72 0
46 2
72 6
46 2
72 2
46 2
72 2
46 2
72 6
46 2
72 6
46 2
72 0
46 2
72 0
46 2
72 0
46 2
72 6
46 2
72 6
46 2
72 0
46 2
72 0
46 2
72 0
46 2
72 6
46 2
72 0
46 2
72 0
46 2
72 0
46 2
72 6
46 2
72 2
46 2
72 2
46 2
72 6
46 2
72 6
46 2
72 0
46 2
72 0
46 2
72 0
46 2
72 6
46 2
72 6
46 2
72 0
46 2
72 0
46 2
72 0
46 2
72 6
46 2
72 0
46 2
72 0
46 2
72 0
46 2
72 6
46 2
72 2
46 2
72 2
46 2
72 6
46 2
72 6
46 2
72 0
46 2
72 0
46 2
72 0
46 2
72 6
47 2
72 6
47 2
72 0
47 2
72 0
47 2
72 0
47 2
72 6
47 2
72 0
47 2
72 0
47 2
72 0
47 2
72 6
47 2
72 2
47 2
72 2
47 2
72 6
47 2
72 6
47 2
72 0
47 2
72 0
47 2
72 0
47 2
72 6
47 2
72 6
47 2
72 0
47 2
72 0
47 2
72 0
47 2
72 6
47 2
72 0
47 2
72 0
47 2
72 0
47 2
72 6
47 2
72 2
47 2
72 2
47 2
72 6
47 2
72 6
47 2
72 0
47 2
72 0
47 2
72 0
47 2
72 6
47 2
72 6
47 2
72 0
47 2
72 0
47 2
72 0
47 2
72 6
47 2
72 0
47 2
72 0
47 2
72 0
47 2
72 6
47 2
72 2
47 2
72 2
47 2
72 6
47 2
72 6
47 2
72 0
47 2
72 0
47 2
72 0
47 2
E
X
