minor
S
L
15 4
72 8
15 2
15 4
72 7
10 2
12 2
72 4
15 2
72 4
15 2
72 4
15 7
72 7
8 7
72 6
8 2
8 7
72 4
10 2
12 2
72 4
10 2
72 4
10 2
72 4
10 7
10 2
10 2
12 2
14 2
15 4
72 8
15 2
15 4
72 7
10 2
12 2
72 4
15 2
72 4
15 2
72 4
15 7
14 7
12 4
72 7
12 2
72 2
12 6
12 6
12 4
72 4
13 2
72 4
13 2
72 4
13 7
15 4
17 4
18 2
72 2
18 2
72 2
18 2
72 2
18 4
17 2
72 2
17 2
72 2
17 2
72 2
17 2
17 2
15 2
72 2
15 2
72 2
15 2
72 2
15 2
15 2
13 2
72 2
13 2
72 2
13 2
72 2
13 4
11 2
72 2
11 2
72 2
11 2
72 2
11 4
10 2
72 2
10 2
72 2
10 2
10 2
10 4
8 2
72 2
8 2
8 2
8 2
8 2
8 4
13 2
72 2
13 2
72 2
13 4
15 2
17 2
18 2
72 2
18 2
72 2
18 2
72 2
18 4
17 2
72 2
17 2
72 2
17 2
72 2
17 2
17 2
15 2
72 2
15 2
72 2
15 2
72 2
15 2
15 2
13 2
72 2
13 2
72 2
13 2
72 2
13 4
11 2
72 2
11 2
72 2
11 2
72 2
11 2
11 2
13 2
72 2
13 2
72 2
13 4
13 2
72 2
15 2
72 2
15 2
72 2
15 4
15 2
15 2
15 2
72 2
15 2
72 2
15 4
15 2
17 2
10 10
17 2
22 2
17 2
10 7
10 2
12 2
15 4
72 8
15 2
15 4
72 7
10 2
12 2
72 4
15 2
72 4
15 2
72 4
15 7
72 7
8 7
72 6
8 2
8 7
72 4
10 2
12 2
72 4
10 2
72 4
10 2
72 4
10 7
10 2
10 2
12 2
14 2
15 4
72 8
15 2
15 4
72 7
10 2
12 2
72 4
15 2
72 4
15 2
72 4
15 7
14 7
12 4
72 7
12 2
72 2
12 6
12 6
12 4
72 4
13 2
72 4
13 2
72 4
13 7
15 4
17 4
18 2
72 2
18 2
72 2
18 2
72 2
18 4
17 2
72 2
17 2
72 2
17 2
72 2
17 2
17 2
15 2
72 2
15 2
72 2
15 2
72 2
15 2
15 2
13 2
72 2
13 2
72 2
13 2
72 2
13 4
11 2
72 2
11 2
72 2
11 2
72 2
11 4
10 2
72 2
10 2
72 2
10 2
10 2
10 4
8 2
72 2
8 2
8 2
8 2
8 2
8 4
13 2
72 2
13 2
72 2
13 4
15 2
17 2
18 2
72 2
18 2
72 2
18 2
72 2
18 4
17 2
72 2
17 2
72 2
17 2
72 2
17 2
17 2
15 2
72 2
15 2
72 2
15 2
72 2
15 2
15 2
13 2
72 2
13 2
72 2
13 2
72 2
13 4
11 2
72 2
11 2
72 2
11 2
72 2
11 2
11 2
13 2
72 2
13 2
72 2
13 4
13 2
72 2
15 2
72 2
15 2
72 2
15 4
15 2
15 2
15 2
72 2
15 2
72 2
15 4
15 2
17 2
10 10
17 2
22 2
17 2
10 7
10 2
12 2
E
S
H
55 11
72 4
55 4
56 6
58 2
55 11
72 4
51 7
53 6
51 11
72 4
48 2
51 2
51 7
53 7
55 4
53 4
51 4
53 4
55 11
72 4
55 4
56 6
58 2
55 11
72 4
51 7
53 6
51 11
72 4
48 2
51 2
53 6
55 6
51 4
53 7
55 7
54 2
49 2
54 2
72 6
58 4
56 2
72 4
54 2
54 6
56 2
56 12
72 4
54 2
49 2
54 2
72 6
58 4
56 2
72 2
56 4
61 4
59 2
56 2
58 12
72 4
54 2
49 2
54 2
72 6
58 4
56 2
72 4
54 2
54 6
56 2
56 12
72 4
54 2
49 2
54 2
72 6
58 4
56 2
72 2
56 4
61 6
63 2
58 12
72 13
55 11
72 4
55 4
56 6
58 2
55 11
72 4
51 7
53 6
51 11
72 4
48 2
51 2
51 7
53 7
55 4
53 4
51 4
53 4
55 11
72 4
55 4
56 6
58 2
55 11
72 4
51 7
53 6
51 11
72 4
48 2
51 2
53 6
55 6
51 4
53 7
55 7
54 2
49 2
54 2
72 6
58 4
56 2
72 4
54 2
54 6
56 2
56 12
72 4
54 2
49 2
54 2
72 6
58 4
56 2
72 2
56 4
61 4
59 2
56 2
58 12
72 4
54 2
49 2
54 2
72 6
58 4
56 2
72 4
54 2
54 6
56 2
56 12
72 4
54 2
49 2
54 2
72 6
58 4
56 2
72 2
56 4
61 6
63 2
58 12
E
S
H
46 4
72 2
46 2
72 4
46 11
72 9
34 2
36 2
39 2
39 2
36 2
34 2
39 4
36 2
34 2
53 4
72 2
46 2
72 4
48 11
72 10
34 2
43 2
43 2
41 4
39 4
41 2
39 2
53 4
72 2
46 2
72 4
46 11
72 9
34 2
36 2
39 2
39 2
36 4
39 2
41 6
53 4
72 2
46 2
72 4
34 2
36 2
39 2
41 2
43 4
41 4
36 2
34 2
53 13
61 2
72 2
54 2
72 2
61 2
72 2
54 2
72 2
61 2
72 2
54 2
72 2
61 2
72 2
54 2
72 2
61 2
72 2
54 2
72 2
61 2
72 2
54 2
72 2
61 2
72 2
54 2
72 2
61 2
72 2
54 2
72 2
61 2
72 2
54 2
72 2
61 2
72 2
54 2
72 2
61 2
72 2
54 2
72 2
61 2
72 2
54 2
72 2
61 2
72 2
54 2
72 2
61 2
72 2
54 2
72 2
61 2
72 2
54 2
72 2
61 2
72 2
54 2
72 2
61 2
72 2
54 2
72 2
61 2
72 2
54 2
72 2
61 2
72 2
54 2
72 2
61 2
72 2
54 2
72 2
61 2
72 2
54 2
72 2
61 2
72 2
54 2
72 2
61 2
72 2
54 2
72 2
61 2
72 2
54 2
72 2
61 2
72 2
54 2
72 2
61 2
72 2
54 2
72 2
61 2
72 2
54 2
72 2
61 2
72 2
54 2
72 2
58 2
72 2
51 2
72 2
58 2
72 2
51 2
34 2
43 2
43 2
41 2
46 2
39 2
51 2
41 2
38 2
58 2
72 2
51 2
72 2
58 2
72 2
51 2
72 2
58 2
72 2
50 2
72 2
58 2
72 2
50 2
72 2
46 4
72 2
46 2
72 4
46 11
72 9
34 2
36 2
39 2
39 2
36 2
34 2
39 4
36 2
34 2
53 4
72 2
46 2
72 4
48 11
72 10
34 2
43 2
43 2
41 4
39 4
41 2
39 2
53 4
72 2
46 2
72 4
46 11
72 9
34 2
36 2
39 2
39 2
36 4
39 2
41 6
53 4
72 2
46 2
72 4
34 2
36 2
39 2
41 2
43 4
41 4
36 2
34 2
53 13
61 2
72 2
54 2
72 2
61 2
72 2
54 2
72 2
61 2
72 2
54 2
72 2
61 2
72 2
54 2
72 2
61 2
72 2
54 2
72 2
61 2
72 2
54 2
72 2
61 2
72 2
54 2
72 2
61 2
72 2
54 2
72 2
61 2
72 2
54 2
72 2
61 2
72 2
54 2
72 2
61 2
72 2
54 2
72 2
61 2
72 2
54 2
72 2
61 2
72 2
54 2
72 2
61 2
72 2
54 2
72 2
61 2
72 2
54 2
72 2
61 2
72 2
54 2
72 2
61 2
72 2
54 2
72 2
61 2
72 2
54 2
72 2
61 2
72 2
54 2
72 2
61 2
72 2
54 2
72 2
61 2
72 2
54 2
72 2
61 2
72 2
54 2
72 2
61 2
72 2
54 2
72 2
61 2
72 2
54 2
72 2
61 2
72 2
54 2
72 2
61 2
72 2
54 2
72 2
61 2
72 2
54 2
72 2
61 2
72 2
54 2
72 2
58 2
72 2
51 2
72 2
58 2
72 2
51 2
34 2
43 2
43 2
41 2
46 2
39 2
51 2
41 2
38 2
58 2
72 2
51 2
72 2
58 2
72 2
51 2
72 2
58 2
72 2
50 2
72 2
58 2
72 2
50 2
E
S
H
53 4
72 2
55 2
72 4
51 11
72 13
46 4
72 2
55 2
72 4
51 11
72 13
46 4
72 2
55 2
72 4
51 11
72 13
46 4
72 2
55 2
72 12
46 13
72 2
56 2
72 2
49 2
72 2
56 2
72 2
49 2
72 2
56 2
72 2
49 2
72 2
56 2
72 2
49 2
72 2
56 2
72 2
49 2
72 2
56 2
72 2
49 2
72 2
56 2
72 2
49 2
72 2
56 2
72 2
49 2
72 2
56 2
72 2
49 2
72 2
56 2
72 2
49 2
72 2
56 2
72 2
49 2
72 2
56 2
72 2
49 2
72 2
56 2
72 2
49 2
72 2
56 2
72 2
49 2
72 2
56 2
72 2
49 2
72 2
56 2
72 2
49 2
72 2
56 2
72 2
49 2
72 2
56 2
72 2
49 2
72 2
56 2
72 2
49 2
72 2
56 2
72 2
49 2
72 2
56 2
72 2
49 2
72 2
56 2
72 2
49 2
72 2
56 2
72 2
49 2
72 2
56 2
72 2
49 2
72 2
56 2
72 2
49 2
72 2
56 2
72 2
49 2
72 2
56 2
72 2
49 2
72 2
56 2
72 2
49 2
72 2
53 2
72 2
46 2
72 2
53 2
72 2
46 2
58 2
53 2
51 4
58 4
53 2
46 2
72 2
53 2
72 2
46 2
72 2
53 2
72 2
46 2
72 2
53 2
72 2
46 2
72 2
53 2
72 2
46 2
53 4
72 2
55 2
72 4
51 11
72 13
46 4
72 2
55 2
72 4
51 11
72 13
46 4
72 2
55 2
72 4
51 11
72 13
46 4
72 2
55 2
72 12
46 13
72 2
56 2
72 2
49 2
72 2
56 2
72 2
49 2
72 2
56 2
72 2
49 2
72 2
56 2
72 2
49 2
72 2
56 2
72 2
49 2
72 2
56 2
72 2
49 2
72 2
56 2
72 2
49 2
72 2
56 2
72 2
49 2
72 2
56 2
72 2
49 2
72 2
56 2
72 2
49 2
72 2
56 2
72 2
49 2
72 2
56 2
72 2
49 2
72 2
56 2
72 2
49 2
72 2
56 2
72 2
49 2
72 2
56 2
72 2
49 2
72 2
56 2
72 2
49 2
72 2
56 2
72 2
49 2
72 2
56 2
72 2
49 2
72 2
56 2
72 2
49 2
72 2
56 2
72 2
49 2
72 2
56 2
72 2
49 2
72 2
56 2
72 2
49 2
72 2
56 2
72 2
49 2
72 2
56 2
72 2
49 2
72 2
56 2
72 2
49 2
72 2
56 2
72 2
49 2
72 2
56 2
72 2
49 2
72 2
56 2
72 2
49 2
72 2
53 2
72 2
46 2
72 2
53 2
72 2
46 2
58 2
53 2
51 4
58 4
53 2
46 2
72 2
53 2
72 2
46 2
72 2
53 2
72 2
46 2
72 2
53 2
72 2
46 2
72 2
53 2
72 2
46 2
E
S
L
11 2
72 2
27 2
72 2
14 2
72 2
27 2
11 2
11 2
72 2
148 2
72 2
14 2
72 2
27 2
72 2
11 2
72 2
27 2
72 2
14 2
72 2
27 2
11 2
11 2
72 2
148 2
72 2
14 2
72 2
27 2
72 2
11 2
72 2
27 2
72 2
14 2
72 2
27 2
11 2
11 2
72 2
148 2
72 2
14 2
72 2
27 2
72 2
11 2
72 2
27 2
72 2
14 2
72 2
27 2
11 2
11 2
72 2
148 2
72 2
14 2
72 2
27 2
72 2
11 2
72 2
27 2
72 2
14 2
72 2
27 2
11 2
11 2
72 2
148 2
72 2
14 2
72 2
27 2
72 2
11 2
72 2
27 2
72 2
14 2
72 2
27 2
11 2
11 2
72 2
148 2
72 2
14 2
72 2
27 2
72 2
11 2
72 2
27 2
72 2
14 2
72 2
27 2
11 2
11 2
72 2
148 2
72 2
14 2
72 2
27 2
72 2
11 2
72 2
27 2
72 2
26 2
26 2
148 2
19 2
14 2
72 2
148 2
14 2
14 2
11 2
139 2
72 2
11 2
72 2
27 2
72 2
14 2
72 2
27 2
11 2
11 2
72 2
148 2
72 2
14 2
72 2
27 2
72 2
11 2
72 2
27 2
72 2
14 2
72 2
27 2
11 2
11 2
72 2
148 2
72 2
14 2
72 2
27 2
72 2
11 2
72 2
27 2
72 2
14 2
72 2
27 2
11 2
11 2
72 2
148 2
72 2
14 2
72 2
27 2
72 2
11 2
72 2
27 2
11 2
14 2
72 2
148 2
11 2
11 2
72 2
148 2
72 2
14 2
72 2
27 2
72 2
11 2
72 2
27 2
72 2
14 2
72 2
27 2
11 2
11 2
72 2
148 2
72 2
14 2
72 2
27 2
72 2
11 2
72 2
27 2
72 2
14 2
72 2
27 2
11 2
11 2
72 2
148 2
72 2
14 2
72 2
27 2
72 2
11 2
72 2
27 2
72 2
14 2
72 2
27 2
11 2
11 2
72 2
148 2
72 2
14 2
72 2
27 2
72 2
11 2
72 2
139 2
26 0
72 2
24 2
11 2
148 2
11 2
23 2
11 2
146 2
11 2
21 2
72 2
147 2
72 2
11 2
72 2
27 2
11 2
14 2
72 2
148 2
11 2
11 2
72 2
148 2
72 2
14 2
72 2
27 2
72 2
11 2
72 2
27 2
72 2
14 2
72 2
27 2
11 2
11 2
72 2
148 2
72 2
14 2
72 2
27 2
72 2
11 2
72 2
27 2
72 2
14 2
72 2
27 2
11 2
11 2
72 2
148 2
72 2
14 2
72 2
27 2
72 2
11 2
72 2
27 2
72 2
14 2
72 2
27 2
11 2
11 2
72 2
148 2
72 2
14 2
72 2
27 2
72 2
11 2
72 2
27 2
72 2
14 2
72 2
27 2
11 2
11 2
72 2
148 2
72 2
14 2
72 2
27 2
72 2
11 2
72 2
27 2
72 2
14 2
72 2
27 2
11 2
11 2
72 2
148 2
72 2
14 2
72 2
27 2
72 2
11 2
72 2
27 2
72 2
14 2
72 2
27 2
11 2
11 2
72 2
148 2
72 2
14 2
72 2
27 2
72 2
11 2
72 2
27 2
72 2
14 2
72 2
27 2
11 2
11 2
72 2
148 2
72 2
14 2
72 2
27 2
72 2
11 2
72 2
27 2
72 2
26 2
26 2
148 2
19 2
14 2
72 2
148 2
14 2
14 2
11 2
139 2
72 2
11 2
72 2
27 2
72 2
14 2
72 2
27 2
11 2
11 2
72 2
148 2
72 2
14 2
72 2
27 2
72 2
11 2
72 2
27 2
72 2
14 2
72 2
27 2
11 2
11 2
72 2
148 2
72 2
14 2
72 2
27 2
72 2
11 2
72 2
27 2
72 2
14 2
72 2
27 2
11 2
11 2
72 2
148 2
72 2
14 2
72 2
27 2
72 2
11 2
72 2
27 2
11 2
14 2
72 2
148 2
11 2
11 2
72 2
148 2
72 2
14 2
72 2
27 2
72 2
11 2
72 2
27 2
72 2
14 2
72 2
27 2
11 2
11 2
72 2
148 2
72 2
14 2
72 2
27 2
72 2
11 2
72 2
27 2
72 2
14 2
72 2
27 2
11 2
11 2
72 2
148 2
72 2
14 2
72 2
27 2
72 2
11 2
72 2
27 2
72 2
14 2
72 2
27 2
11 2
11 2
72 2
148 2
72 2
14 2
72 2
27 2
72 2
11 2
72 2
139 2
26 0
72 2
24 2
11 2
148 2
11 2
23 2
11 2
146 2
11 2
21 2
72 2
147 2
72 2
11 2
72 2
27 2
11 2
14 2
72 2
148 2
11 2
11 2
72 2
148 2
72 2
14 2
72 2
27 2
E
X
