minor
S
H
36 3
41 3
72 0
40 3
36 3
72 1
36 3
43 3
72 1
41 3
72 0
40 3
36 3
41 3
72 0
40 3
36 3
72 1
36 3
43 3
72 1
41 3
72 0
40 3
38 12
31 6
31 3
72 0
36 3
40 3
72 1
43 9
36 3
41 3
72 0
40 3
36 3
72 1
36 3
43 3
72 1
41 3
72 0
40 3
36 3
41 3
72 0
40 3
36 3
72 1
36 3
43 3
72 1
41 3
72 0
40 3
39 11
41 3
72 0
43 3
41 12
72 3
36 3
41 3
72 0
40 3
36 3
72 1
36 3
43 3
72 1
41 3
72 0
40 3
36 3
41 3
72 0
40 3
36 3
72 1
36 3
43 3
72 1
41 3
72 0
40 3
38 12
31 6
31 3
72 0
36 3
40 3
72 1
43 9
36 3
41 3
72 0
40 3
36 3
72 1
36 3
43 3
72 1
41 3
72 0
40 3
36 3
41 3
72 0
40 3
36 3
72 1
36 3
43 3
72 1
41 3
72 0
40 3
39 11
41 3
72 0
43 3
41 12
E
S
L
24 7
24 3
72 1
24 9
24 7
24 3
72 1
24 9
19 7
19 3
72 1
19 9
19 7
19 3
72 1
19 9
24 7
24 3
72 1
24 9
24 7
24 3
72 1
24 9
20 7
20 3
72 1
20 9
22 7
22 3
72 1
22 9
24 7
24 3
72 1
24 9
24 7
24 3
72 1
24 9
19 7
19 3
72 1
19 9
19 7
19 3
72 1
19 9
24 7
24 3
72 1
24 9
24 7
24 3
72 1
24 9
20 7
20 3
72 1
20 9
22 7
22 3
72 1
22 9
E
S
H
72 14
34 3
72 0
36 3
38 6
29 3
41 7
72 2
38 6
36 9
38 6
39 6
39 3
38 3
72 0
39 3
36 11
41 11
34 3
72 0
36 3
38 6
29 3
41 7
72 2
38 6
36 9
38 6
39 3
72 0
34 12
38 3
72 0
36 12
E
S
H
57 3
55 3
72 0
52 3
48 3
72 1
57 3
55 3
72 1
52 3
72 0
48 3
57 3
55 3
72 0
52 3
48 3
72 1
57 3
55 3
72 1
52 3
72 0
48 3
52 3
50 3
72 0
47 3
43 3
72 1
52 3
50 3
72 1
47 3
72 0
43 3
52 3
50 3
72 0
47 3
43 3
72 1
52 3
50 3
72 1
47 3
72 0
43 3
57 3
55 3
72 0
52 3
48 3
72 1
57 3
55 3
72 1
52 3
72 0
48 3
57 3
55 3
72 0
52 3
48 3
72 1
57 3
55 3
72 1
52 3
72 0
48 3
51 11
53 3
72 0
55 3
53 12
57 3
55 3
72 0
52 3
48 3
72 1
57 3
55 3
72 1
52 3
72 0
48 3
57 3
55 3
72 0
52 3
48 3
72 1
57 3
55 3
72 1
52 3
72 0
48 3
52 3
50 3
72 0
47 3
43 3
72 1
52 3
50 3
72 1
47 3
72 0
43 3
52 3
50 3
72 0
47 3
43 3
72 1
52 3
50 3
72 1
47 3
72 0
43 3
57 3
55 3
72 0
52 3
48 3
72 1
57 3
55 3
72 1
52 3
72 0
48 3
57 3
55 3
72 0
52 3
48 3
72 1
57 3
55 3
72 1
52 3
72 0
48 3
51 11
53 3
72 0
55 3
53 12
E
S
L
173 0
72 3
173 0
72 4
177 0
72 2
197 0
72 4
173 0
72 2
18 0
72 4
177 0
72 4
20 0
72 3
173 0
72 3
173 0
72 4
177 0
72 2
197 0
72 4
173 0
72 2
18 0
72 4
177 0
72 4
20 0
72 3
173 0
72 3
173 0
72 4
177 0
72 2
197 0
72 4
173 0
72 2
18 0
72 4
177 0
72 4
20 0
72 3
173 0
72 3
173 0
72 4
177 0
72 2
197 0
72 4
173 0
72 2
18 0
72 4
177 0
72 4
20 0
72 3
173 0
72 3
173 0
72 4
177 0
72 2
197 0
72 4
173 0
72 2
18 0
72 4
177 0
72 4
20 0
72 3
173 0
72 3
173 0
72 4
177 0
72 2
197 0
72 4
173 0
72 2
18 0
72 4
177 0
72 4
20 0
72 3
173 0
72 3
173 0
72 4
177 0
72 2
197 0
72 4
173 0
72 2
18 0
72 4
177 0
72 4
20 0
72 3
173 0
72 3
173 0
72 4
177 0
72 2
197 0
72 4
173 0
72 2
18 0
72 4
177 0
72 4
20 0
72 3
173 0
72 3
173 0
72 4
177 0
72 2
197 0
72 4
173 0
72 2
18 0
72 4
177 0
72 4
20 0
72 3
173 0
72 3
173 0
72 4
177 0
72 2
197 0
72 4
173 0
72 2
18 0
72 4
177 0
72 4
20 0
72 3
173 0
72 3
173 0
72 4
177 0
72 2
197 0
72 4
173 0
72 2
18 0
72 4
177 0
72 4
20 0
72 3
173 0
72 3
173 0
72 4
177 0
72 2
197 0
72 4
173 0
72 2
18 0
72 4
177 0
72 4
20 0
72 3
173 0
72 3
173 0
72 4
177 0
72 2
197 0
72 4
173 0
72 2
18 0
72 4
177 0
72 4
20 0
72 3
173 0
72 3
173 0
72 4
177 0
72 2
197 0
72 4
173 0
72 2
18 0
72 4
177 0
72 4
20 0
72 3
173 0
72 3
173 0
72 4
177 0
72 2
197 0
72 4
173 0
72 2
18 0
72 4
177 0
72 4
20 0
72 3
173 0
72 3
173 0
72 4
177 0
72 2
197 0
72 4
173 0
72 2
18 0
72 4
177 0
72 4
20 0
72 3
173 0
72 3
173 0
72 4
177 0
72 2
197 0
72 4
173 0
72 2
18 0
72 4
177 0
72 4
20 0
72 3
173 0
72 3
173 0
72 4
177 0
72 2
197 0
72 4
173 0
72 2
18 0
72 4
177 0
72 4
20 0
72 3
173 0
72 3
173 0
72 4
177 0
72 2
197 0
72 4
173 0
72 2
18 0
72 4
177 0
72 4
20 0
72 3
173 0
72 3
173 0
72 4
177 0
72 2
197 0
72 4
173 0
72 2
18 0
72 4
177 0
72 4
20 0
72 3
173 0
72 3
173 0
72 4
177 0
72 2
197 0
72 4
173 0
72 2
18 0
72 4
177 0
72 4
20 0
72 3
173 0
72 3
173 0
72 4
177 0
72 2
197 0
72 4
173 0
72 2
18 0
72 4
177 0
72 4
20 0
72 3
173 0
72 3
173 0
72 4
177 0
72 2
197 0
72 4
173 0
72 2
18 0
72 4
177 0
72 4
20 0
72 3
173 0
72 3
173 0
72 4
177 0
72 2
197 0
72 4
173 0
72 2
18 0
72 4
177 0
72 4
20 0
E
X
