major
S
L
39 7
34 4
35 2
36 2
37 11
36 11
36 4
36 9
39 7
34 4
35 2
36 2
37 11
36 11
36 4
36 9
35 7
30 4
31 2
32 2
33 11
32 11
32 4
32 9
35 7
30 4
31 2
32 2
33 11
32 11
32 4
32 9
39 7
34 4
35 2
36 2
37 11
36 11
36 4
36 9
39 7
34 4
35 2
36 2
37 11
36 11
36 4
36 9
35 7
30 4
31 2
32 2
33 11
32 11
32 4
32 9
35 7
30 4
31 2
32 2
33 11
32 11
32 4
32 9
E
S
L
17 2
17 2
72 2
29 2
72 2
17 2
72 2
24 2
22 2
15 2
72 2
15 2
72 2
27 2
72 2
13 2
15 2
19 2
20 2
17 2
72 2
29 2
17 2
29 2
72 2
17 2
72 2
17 2
72 2
19 2
15 2
72 2
17 2
17 2
72 2
29 2
72 2
17 2
72 2
24 2
22 2
15 2
72 2
15 2
72 2
27 2
72 2
13 2
15 2
19 2
20 2
17 2
72 2
29 2
17 2
29 2
72 2
17 2
72 2
17 2
72 2
19 2
15 2
72 2
13 2
13 2
72 2
25 2
72 2
13 2
72 2
20 2
18 2
11 2
72 2
11 2
72 2
23 2
72 2
9 2
11 2
15 2
16 2
13 2
72 2
25 2
13 2
25 2
72 2
13 2
72 2
13 2
72 2
15 2
11 2
72 2
13 2
13 2
72 2
25 2
72 2
13 2
72 2
20 2
18 2
11 2
72 2
11 2
72 2
23 2
72 2
9 2
11 2
15 2
16 2
13 2
72 2
25 2
13 2
25 2
72 2
13 2
72 2
13 2
72 2
15 2
11 2
72 2
17 2
17 2
72 2
29 2
72 2
17 2
72 2
24 2
22 2
15 2
72 2
15 2
72 2
27 2
72 2
13 2
15 2
19 2
20 2
17 2
72 2
29 2
17 2
29 2
72 2
17 2
72 2
17 2
72 2
19 2
15 2
72 2
17 2
17 2
72 2
29 2
72 2
17 2
72 2
24 2
22 2
15 2
72 2
15 2
72 2
27 2
72 2
13 2
15 2
19 2
20 2
17 2
72 2
29 2
17 2
29 2
72 2
17 2
72 2
17 2
72 2
19 2
15 2
72 2
13 2
13 2
72 2
25 2
72 2
13 2
72 2
20 2
18 2
11 2
72 2
11 2
72 2
23 2
72 2
9 2
11 2
15 2
16 2
13 2
72 2
25 2
13 2
25 2
72 2
13 2
72 2
13 2
72 2
15 2
11 2
72 2
13 2
13 2
72 2
25 2
72 2
13 2
72 2
20 2
18 2
11 2
72 2
11 2
72 2
23 2
72 2
9 2
11 2
15 2
16 2
13 2
72 2
25 2
13 2
25 2
72 2
13 2
72 2
13 2
72 2
15 2
11 2
E
S
H
53 2
48 2
55 2
53 2
60 2
58 2
55 2
58 2
60 2
61 2
63 2
65 2
68 2
65 2
58 2
53 2
51 2
46 2
53 2
48 2
60 2
48 2
58 2
49 2
60 2
72 2
51 2
72 2
61 2
53 2
72 2
55 2
53 2
48 2
55 2
53 2
60 2
58 2
55 2
58 2
60 2
61 2
63 2
65 2
68 2
65 2
58 2
53 2
51 2
46 2
53 2
48 2
60 2
48 2
58 2
49 2
60 2
72 2
51 2
72 2
61 2
53 2
72 2
55 2
49 2
44 2
51 2
49 2
56 2
54 2
51 2
54 2
56 2
57 2
59 2
61 2
64 2
61 2
54 2
49 2
47 2
42 2
49 2
44 2
56 2
44 2
54 2
45 2
56 2
72 2
47 2
72 2
57 2
49 2
72 2
51 2
49 2
44 2
51 2
49 2
56 2
54 2
51 2
54 2
56 2
57 2
59 2
61 2
64 2
61 2
54 2
49 2
47 2
42 2
49 2
44 2
56 2
44 2
54 2
45 2
56 2
72 2
47 2
72 2
57 2
49 2
72 2
51 2
53 2
48 2
55 2
53 2
60 2
58 2
55 2
58 2
60 2
61 2
63 2
65 2
68 2
65 2
58 2
53 2
51 2
46 2
53 2
48 2
60 2
48 2
58 2
49 2
60 2
72 2
51 2
72 2
61 2
53 2
72 2
55 2
53 2
48 2
55 2
53 2
60 2
58 2
55 2
58 2
60 2
61 2
63 2
65 2
68 2
65 2
58 2
53 2
51 2
46 2
53 2
48 2
60 2
48 2
58 2
49 2
60 2
72 2
51 2
72 2
61 2
53 2
72 2
55 2
49 2
44 2
51 2
49 2
56 2
54 2
51 2
54 2
56 2
57 2
59 2
61 2
64 2
61 2
54 2
49 2
47 2
42 2
49 2
44 2
56 2
44 2
54 2
45 2
56 2
72 2
47 2
72 2
57 2
49 2
72 2
51 2
49 2
44 2
51 2
49 2
56 2
54 2
51 2
54 2
56 2
57 2
59 2
61 2
64 2
61 2
54 2
49 2
47 2
42 2
49 2
44 2
56 2
44 2
54 2
45 2
56 2
72 2
47 2
72 2
57 2
49 2
72 2
51 2
E
S
L
17 11
15 11
17 11
22 4
17 9
17 11
15 11
17 11
22 4
17 9
13 11
15 11
18 11
18 4
18 9
13 11
15 11
18 11
18 4
18 9
17 11
15 11
17 11
22 4
17 9
17 11
15 11
17 11
22 4
17 9
13 11
15 11
18 11
18 4
18 9
13 11
15 11
18 11
18 4
18 9
E
S
L
31 11
32 11
27 11
27 4
27 9
31 11
32 11
27 11
27 4
27 9
27 11
28 11
23 11
23 4
23 9
27 11
28 11
23 11
23 4
23 9
31 11
32 11
27 11
27 4
27 9
31 11
32 11
27 11
27 4
27 9
27 11
28 11
23 11
23 4
23 9
27 11
28 11
23 11
23 4
23 9
E
S
H
51 7
46 4
47 2
48 2
49 11
48 11
48 4
48 9
51 7
46 4
47 2
48 2
49 11
48 11
48 4
48 9
47 7
42 4
43 2
44 2
45 11
44 11
44 4
44 9
47 7
42 4
43 2
44 2
45 11
44 11
44 4
44 9
51 7
46 4
47 2
48 2
49 11
48 11
48 4
48 9
51 7
46 4
47 2
48 2
49 11
48 11
48 4
48 9
47 7
42 4
43 2
44 2
45 11
44 11
44 4
44 9
47 7
42 4
43 2
44 2
45 11
44 11
44 4
44 9
E
S
H
51 0
51 0
72 2
51 0
72 0
51 0
72 1
51 0
72 1
51 0
72 0
51 0
51 0
72 2
46 0
46 0
72 2
46 0
72 0
46 0
72 1
47 0
72 1
47 0
72 0
48 0
48 0
72 2
49 0
49 0
72 2
49 0
72 0
49 0
72 1
49 0
72 1
49 0
72 0
49 0
49 0
72 2
49 0
49 0
72 2
49 0
72 0
49 0
72 1
49 0
72 1
49 0
72 0
49 0
49 0
72 2
48 0
48 0
72 2
48 0
72 0
48 0
72 1
48 0
72 1
48 0
72 0
48 0
48 0
72 2
48 0
48 0
72 2
48 0
72 0
48 0
72 1
48 0
72 1
48 0
72 0
48 0
48 0
72 2
48 0
48 0
72 2
48 0
72 0
48 0
72 1
48 0
72 1
48 0
72 0
48 0
48 0
72 2
48 0
48 0
72 2
48 0
72 0
48 0
72 1
48 0
72 1
48 0
72 0
48 0
48 0
72 2
51 0
51 0
72 2
51 0
72 0
51 0
72 1
51 0
72 1
51 0
72 0
51 0
51 0
72 2
46 0
46 0
72 2
46 0
72 0
46 0
72 1
47 0
72 1
47 0
72 0
48 0
48 0
72 2
49 0
49 0
72 2
49 0
72 0
49 0
72 1
49 0
72 1
49 0
72 0
49 0
49 0
72 2
49 0
49 0
72 2
49 0
72 0
49 0
72 1
49 0
72 1
49 0
72 0
49 0
49 0
72 2
48 0
48 0
72 2
48 0
72 0
48 0
72 1
48 0
72 1
48 0
72 0
48 0
48 0
72 2
48 0
48 0
72 2
48 0
72 0
48 0
72 1
48 0
72 1
48 0
72 0
48 0
48 0
72 2
48 0
48 0
72 2
48 0
72 0
48 0
72 1
48 0
72 1
48 0
72 0
48 0
48 0
72 2
48 0
48 0
72 2
48 0
72 0
48 0
72 1
48 0
72 1
48 0
72 0
48 0
48 0
72 2
47 0
47 0
72 2
47 0
72 0
47 0
72 1
47 0
72 1
47 0
72 0
47 0
47 0
72 2
42 0
42 0
72 2
42 0
72 0
42 0
72 1
43 0
72 1
43 0
72 0
44 0
44 0
72 2
45 0
45 0
72 2
45 0
72 0
45 0
72 1
45 0
72 1
45 0
72 0
45 0
45 0
72 2
45 0
45 0
72 2
45 0
72 0
45 0
72 1
45 0
72 1
45 0
72 0
45 0
45 0
72 2
44 0
44 0
72 2
44 0
72 0
44 0
72 1
44 0
72 1
44 0
72 0
44 0
44 0
72 2
44 0
44 0
72 2
44 0
72 0
44 0
72 1
44 0
72 1
44 0
72 0
44 0
44 0
72 2
44 0
44 0
72 2
44 0
72 0
44 0
72 1
44 0
72 1
44 0
72 0
44 0
44 0
72 2
44 0
44 0
72 2
44 0
72 0
44 0
72 1
44 0
72 1
44 0
72 0
44 0
44 0
72 2
47 0
47 0
72 2
47 0
72 0
47 0
72 1
47 0
72 1
47 0
72 0
47 0
47 0
72 2
42 0
42 0
72 2
42 0
72 0
42 0
72 1
43 0
72 1
43 0
72 0
44 0
44 0
72 2
45 0
45 0
72 2
45 0
72 0
45 0
72 1
45 0
72 1
45 0
72 0
45 0
45 0
72 2
45 0
45 0
72 2
45 0
72 0
45 0
72 1
45 0
72 1
45 0
72 0
45 0
45 0
72 2
44 0
44 0
72 2
44 0
72 0
44 0
72 1
44 0
72 1
44 0
72 0
44 0
44 0
72 2
44 0
44 0
72 2
44 0
72 0
44 0
72 1
44 0
72 1
44 0
72 0
44 0
44 0
72 2
44 0
44 0
72 2
44 0
72 0
44 0
72 1
44 0
72 1
44 0
72 0
44 0
44 0
72 2
44 0
44 0
72 2
44 0
72 0
44 0
72 1
44 0
72 1
44 0
72 0
44 0
44 0
72 2
51 0
51 0
72 2
51 0
72 0
51 0
72 1
51 0
72 1
51 0
72 0
51 0
51 0
72 2
46 0
46 0
72 2
46 0
72 0
46 0
72 1
47 0
72 1
47 0
72 0
48 0
48 0
72 2
49 0
49 0
72 2
49 0
72 0
49 0
72 1
49 0
72 1
49 0
72 0
49 0
49 0
72 2
49 0
49 0
72 2
49 0
72 0
49 0
72 1
49 0
72 1
49 0
72 0
49 0
49 0
72 2
48 0
48 0
72 2
48 0
72 0
48 0
72 1
48 0
72 1
48 0
72 0
48 0
48 0
72 2
48 0
48 0
72 2
48 0
72 0
48 0
72 1
48 0
72 1
48 0
72 0
48 0
48 0
72 2
48 0
48 0
72 2
48 0
72 0
48 0
72 1
48 0
72 1
48 0
72 0
48 0
48 0
72 2
48 0
48 0
72 2
48 0
72 0
48 0
72 1
48 0
72 1
48 0
72 0
48 0
48 0
72 2
51 0
51 0
72 2
51 0
72 0
51 0
72 1
51 0
72 1
51 0
72 0
51 0
51 0
72 2
46 0
46 0
72 2
46 0
72 0
46 0
72 1
47 0
72 1
47 0
72 0
48 0
48 0
72 2
49 0
49 0
72 2
49 0
72 0
49 0
72 1
49 0
72 1
49 0
72 0
49 0
49 0
72 2
49 0
49 0
72 2
49 0
72 0
49 0
72 1
49 0
72 1
49 0
72 0
49 0
49 0
72 2
48 0
48 0
72 2
48 0
72 0
48 0
72 1
48 0
72 1
48 0
72 0
48 0
48 0
72 2
48 0
48 0
72 2
48 0
72 0
48 0
72 1
48 0
72 1
48 0
72 0
48 0
48 0
72 2
48 0
48 0
72 2
48 0
72 0
48 0
72 1
48 0
72 1
48 0
72 0
48 0
48 0
72 2
48 0
48 0
72 2
48 0
72 0
48 0
72 1
48 0
72 1
48 0
72 0
48 0
48 0
72 2
47 0
47 0
72 2
47 0
72 0
47 0
72 1
47 0
72 1
47 0
72 0
47 0
47 0
72 2
42 0
42 0
72 2
42 0
72 0
42 0
72 1
43 0
72 1
43 0
72 0
44 0
44 0
72 2
45 0
45 0
72 2
45 0
72 0
45 0
72 1
45 0
72 1
45 0
72 0
45 0
45 0
72 2
45 0
45 0
72 2
45 0
72 0
45 0
72 1
45 0
72 1
45 0
72 0
45 0
45 0
72 2
44 0
44 0
72 2
44 0
72 0
44 0
72 1
44 0
72 1
44 0
72 0
44 0
44 0
72 2
44 0
44 0
72 2
44 0
72 0
44 0
72 1
44 0
72 1
44 0
72 0
44 0
44 0
72 2
44 0
44 0
72 2
44 0
72 0
44 0
72 1
44 0
72 1
44 0
72 0
44 0
44 0
72 2
44 0
44 0
72 2
44 0
72 0
44 0
72 1
44 0
72 1
44 0
72 0
44 0
44 0
72 2
47 0
47 0
72 2
47 0
72 0
47 0
72 1
47 0
72 1
47 0
72 0
47 0
47 0
72 2
42 0
42 0
72 2
42 0
72 0
42 0
72 1
43 0
72 1
43 0
72 0
44 0
44 0
72 2
45 0
45 0
72 2
45 0
72 0
45 0
72 1
45 0
72 1
45 0
72 0
45 0
45 0
72 2
45 0
45 0
72 2
45 0
72 0
45 0
72 1
45 0
72 1
45 0
72 0
45 0
45 0
72 2
44 0
44 0
72 2
44 0
72 0
44 0
72 1
44 0
72 1
44 0
72 0
44 0
44 0
72 2
44 0
44 0
72 2
44 0
72 0
44 0
72 1
44 0
72 1
44 0
72 0
44 0
44 0
72 2
44 0
44 0
72 2
44 0
72 0
44 0
72 1
44 0
72 1
44 0
72 0
44 0
44 0
72 2
44 0
44 0
72 2
44 0
72 0
44 0
72 1
44 0
72 1
44 0
72 0
44 0
44 0
E
S
H
41 2
36 2
43 2
41 2
48 2
46 2
43 2
46 2
48 2
49 2
51 2
53 2
56 2
53 2
46 2
41 2
39 2
34 2
41 2
36 2
48 2
36 2
46 2
37 2
48 2
72 2
39 2
72 2
49 2
41 2
72 2
43 2
41 2
36 2
43 2
41 2
48 2
46 2
43 2
46 2
48 2
49 2
51 2
53 2
56 2
53 2
46 2
41 2
39 2
34 2
41 2
36 2
48 2
36 2
46 2
37 2
48 2
72 2
39 2
72 2
49 2
41 2
72 2
43 2
37 2
32 2
39 2
37 2
44 2
42 2
39 2
42 2
44 2
45 2
47 2
49 2
52 2
49 2
42 2
37 2
35 2
30 2
37 2
32 2
44 2
32 2
42 2
33 2
44 2
72 2
35 2
72 2
45 2
37 2
72 2
39 2
37 2
32 2
39 2
37 2
44 2
42 2
39 2
42 2
44 2
45 2
47 2
49 2
52 2
49 2
42 2
37 2
35 2
30 2
37 2
32 2
44 2
32 2
42 2
33 2
44 2
72 2
35 2
72 2
45 2
37 2
72 2
39 2
41 2
36 2
43 2
41 2
48 2
46 2
43 2
46 2
48 2
49 2
51 2
53 2
56 2
53 2
46 2
41 2
39 2
34 2
41 2
36 2
48 2
36 2
46 2
37 2
48 2
72 2
39 2
72 2
49 2
41 2
72 2
43 2
41 2
36 2
43 2
41 2
48 2
46 2
43 2
46 2
48 2
49 2
51 2
53 2
56 2
53 2
46 2
41 2
39 2
34 2
41 2
36 2
48 2
36 2
46 2
37 2
48 2
72 2
39 2
72 2
49 2
41 2
72 2
43 2
37 2
32 2
39 2
37 2
44 2
42 2
39 2
42 2
44 2
45 2
47 2
49 2
52 2
49 2
42 2
37 2
35 2
30 2
37 2
32 2
44 2
32 2
42 2
33 2
44 2
72 2
35 2
72 2
45 2
37 2
72 2
39 2
37 2
32 2
39 2
37 2
44 2
42 2
39 2
42 2
44 2
45 2
47 2
49 2
52 2
49 2
42 2
37 2
35 2
30 2
37 2
32 2
44 2
32 2
42 2
33 2
44 2
72 2
35 2
72 2
45 2
37 2
72 2
39 2
E
S
L
208 0
72 2
208 0
72 2
20 0
72 2
208 0
72 2
20 0
72 2
199 0
72 2
20 0
72 2
208 0
72 2
208 0
72 2
20 0
72 2
20 0
72 2
208 0
72 2
20 0
72 2
20 0
72 2
20 0
72 2
208 0
72 2
20 0
72 2
20 0
72 2
20 0
72 2
20 0
72 2
20 0
72 2
20 0
72 2
20 0
72 2
20 0
72 2
208 0
72 2
20 0
72 2
199 0
72 2
20 0
72 2
20 0
72 2
199 0
72 2
199 0
72 2
199 0
72 2
208 0
72 2
208 0
72 2
20 0
72 2
208 0
72 2
20 0
72 2
199 0
72 2
20 0
72 2
208 0
72 2
208 0
72 2
20 0
72 2
20 0
72 2
208 0
72 2
20 0
72 2
20 0
72 2
20 0
72 2
208 0
72 2
20 0
72 2
20 0
72 2
20 0
72 2
20 0
72 2
20 0
72 2
20 0
72 2
20 0
72 2
20 0
72 2
208 0
72 2
20 0
72 2
199 0
72 2
20 0
72 2
20 0
72 2
199 0
72 2
199 0
72 2
199 0
72 2
208 0
72 2
208 0
72 2
20 0
72 2
208 0
72 2
20 0
72 2
199 0
72 2
20 0
72 2
208 0
72 2
208 0
72 2
20 0
72 2
20 0
72 2
208 0
72 2
20 0
72 2
20 0
72 2
20 0
72 2
208 0
72 2
20 0
72 2
20 0
72 2
20 0
72 2
20 0
72 2
20 0
72 2
20 0
72 2
20 0
72 2
20 0
72 2
208 0
72 2
20 0
72 2
199 0
72 2
20 0
72 2
20 0
72 2
199 0
72 2
199 0
72 2
199 0
72 2
208 0
72 2
208 0
72 2
20 0
72 2
208 0
72 2
20 0
72 2
199 0
72 2
20 0
72 2
208 0
72 2
208 0
72 2
20 0
72 2
20 0
72 2
208 0
72 2
20 0
72 2
20 0
72 2
20 0
72 2
208 0
72 2
20 0
72 2
20 0
72 2
20 0
72 2
20 0
72 2
20 0
72 2
20 0
72 2
20 0
72 2
20 0
72 2
208 0
72 2
20 0
72 2
199 0
72 2
20 0
72 2
20 0
72 2
199 0
72 2
199 0
72 2
199 0
72 2
208 0
72 2
208 0
72 2
20 0
72 2
208 0
72 2
20 0
72 2
199 0
72 2
20 0
72 2
208 0
72 2
208 0
72 2
20 0
72 2
20 0
72 2
208 0
72 2
20 0
72 2
20 0
72 2
20 0
72 2
208 0
72 2
20 0
72 2
20 0
72 2
20 0
72 2
20 0
72 2
20 0
72 2
20 0
72 2
20 0
72 2
20 0
72 2
208 0
72 2
20 0
72 2
199 0
72 2
20 0
72 2
20 0
72 2
199 0
72 2
199 0
72 2
199 0
72 2
208 0
72 2
208 0
72 2
20 0
72 2
208 0
72 2
20 0
72 2
199 0
72 2
20 0
72 2
208 0
72 2
208 0
72 2
20 0
72 2
20 0
72 2
208 0
72 2
20 0
72 2
20 0
72 2
20 0
72 2
208 0
72 2
20 0
72 2
20 0
72 2
20 0
72 2
20 0
72 2
20 0
72 2
20 0
72 2
20 0
72 2
20 0
72 2
208 0
72 2
20 0
72 2
199 0
72 2
20 0
72 2
20 0
72 2
199 0
72 2
199 0
72 2
199 0
72 2
208 0
72 2
208 0
72 2
20 0
72 2
208 0
72 2
20 0
72 2
199 0
72 2
20 0
72 2
208 0
72 2
208 0
72 2
20 0
72 2
20 0
72 2
208 0
72 2
20 0
72 2
20 0
72 2
20 0
72 2
208 0
72 2
20 0
72 2
20 0
72 2
20 0
72 2
20 0
72 2
20 0
72 2
20 0
72 2
20 0
72 2
20 0
72 2
208 0
72 2
20 0
72 2
199 0
72 2
20 0
72 2
20 0
72 2
199 0
72 2
199 0
72 2
199 0
72 2
208 0
72 2
208 0
72 2
20 0
72 2
208 0
72 2
20 0
72 2
199 0
72 2
20 0
72 2
208 0
72 2
208 0
72 2
20 0
72 2
20 0
72 2
208 0
72 2
20 0
72 2
20 0
72 2
20 0
72 2
208 0
72 2
20 0
72 2
20 0
72 2
20 0
72 2
20 0
72 2
20 0
72 2
20 0
72 2
20 0
72 2
20 0
72 2
208 0
72 2
20 0
72 2
199 0
72 2
20 0
72 2
20 0
72 2
199 0
72 2
199 0
72 2
199 0
E
X
