minor
S
H
44 12
42 3
44 3
49 3
44 13
72 7
42 7
39 7
35 7
37 13
44 12
42 3
44 3
49 3
44 13
72 7
47 7
49 7
51 7
54 13
54 12
44 3
46 3
48 3
52 12
42 7
48 12
49 4
51 4
49 11
47 7
42 7
45 13
44 11
52 5
46 5
48 5
49 13
51 4
52 4
54 6
51 6
47 4
49 13
51 4
52 4
54 6
51 6
47 4
56 11
37 6
39 6
40 4
72 4
30 4
32 4
33 4
35 8
40 2
39 2
37 10
35 4
33 6
42 6
40 4
39 6
37 6
39 4
44 6
42 6
40 4
39 6
37 6
36 4
37 8
39 2
40 2
42 2
44 3
49 3
44 3
47 3
49 3
51 3
54 6
51 6
47 4
72 2
44 2
49 2
44 2
72 2
44 2
47 2
42 2
45 6
37 4
39 2
40 2
42 2
47 6
45 6
37 4
39 2
40 2
42 2
45 2
49 2
42 2
44 2
47 2
51 2
49 2
48 2
45 2
44 3
42 3
39 3
25 6
27 6
28 4
30 6
32 6
35 4
37 11
72 11
25 6
27 6
28 4
30 6
32 6
35 4
37 11
72 11
49 6
49 6
49 4
51 6
51 6
51 4
52 6
52 6
52 4
54 6
54 6
56 4
61 11
59 11
61 11
54 9
51 4
49 12
E
S
L
72 14
13 7
18 3
20 3
23 3
25 11
13 7
18 3
20 3
23 3
25 11
11 7
18 3
20 3
23 3
25 11
11 7
18 3
20 3
23 3
27 11
8 7
15 3
16 3
18 3
20 11
8 7
15 3
16 3
18 3
20 11
8 7
15 3
18 3
20 3
23 11
9 7
13 3
18 3
20 3
21 11
8 7
12 3
15 3
18 3
20 11
8 7
12 3
15 3
18 3
20 11
13 2
72 2
25 2
13 2
13 2
13 2
25 2
13 2
11 2
72 2
23 2
11 2
11 2
11 2
23 2
11 2
9 2
72 2
21 2
9 2
9 2
9 2
21 2
9 2
11 2
72 2
23 2
11 2
11 2
11 2
23 2
11 2
13 2
72 2
25 2
13 2
13 2
13 2
25 2
13 2
11 2
72 2
23 2
11 2
11 2
11 2
23 2
11 2
9 2
72 2
21 2
9 2
9 2
9 2
21 2
9 2
11 2
72 2
23 2
11 2
11 2
11 2
23 2
11 2
4 2
72 2
16 2
4 2
4 2
4 2
16 2
4 2
9 2
72 2
21 2
9 2
9 2
9 2
21 2
9 2
11 2
72 2
23 2
11 2
11 2
11 2
23 2
11 2
13 2
72 2
25 2
13 2
13 2
13 2
25 2
13 2
13 2
72 2
25 2
13 2
13 2
13 2
25 2
13 2
9 2
72 2
21 2
9 2
9 2
9 2
21 2
9 2
11 2
72 2
23 2
11 2
11 2
11 2
23 2
11 2
8 2
72 2
20 2
8 2
8 2
8 2
20 2
8 2
8 2
72 2
20 2
8 2
8 2
8 2
20 2
8 2
13 2
72 2
25 2
13 2
13 2
13 2
25 2
13 2
13 2
72 2
25 2
13 2
13 2
13 2
25 2
13 2
11 2
72 2
23 2
11 2
11 2
11 2
23 2
11 2
11 2
72 2
23 2
11 2
11 2
11 2
23 2
11 2
9 2
72 2
21 2
9 2
9 2
9 2
21 2
9 2
9 2
72 2
21 2
9 2
9 2
9 2
21 2
9 2
8 2
72 2
20 2
8 2
8 2
8 2
20 2
8 2
8 2
72 2
20 2
8 2
8 2
8 2
20 2
8 2
13 2
72 2
25 2
13 2
13 2
13 2
25 2
13 2
11 2
72 2
23 2
11 2
11 2
11 2
23 2
11 2
9 2
72 2
21 2
9 2
9 2
9 2
21 2
9 2
8 2
72 2
20 2
8 2
8 2
8 2
20 2
8 2
13 2
72 2
25 2
13 2
13 2
13 2
25 2
13 2
11 2
72 2
23 2
11 2
11 2
11 2
23 2
11 2
9 2
72 2
21 2
9 2
9 2
9 2
21 2
9 2
8 2
72 2
20 2
8 2
8 2
8 2
20 2
8 2
13 6
13 6
13 4
11 6
11 6
11 4
9 6
9 6
9 4
11 6
11 6
11 4
13 6
13 6
13 4
11 6
11 6
11 4
9 6
9 6
9 4
8 6
6 6
4 4
1 7
1 11
E
S
H
44 12
42 3
44 3
49 3
44 13
72 7
42 7
39 7
35 7
37 13
44 13
44 13
42 13
42 13
39 13
39 13
39 13
37 13
39 13
37 13
28 11
27 11
25 11
27 6
28 6
30 4
32 11
30 11
28 11
30 6
32 6
33 4
23 6
27 6
28 4
45 11
72 4
39 4
40 4
42 4
44 8
45 2
44 2
37 11
45 11
72 4
39 4
40 4
42 4
47 6
44 6
47 4
39 6
36 6
44 4
37 2
44 2
42 2
44 2
40 2
44 2
39 2
44 2
37 2
44 2
42 2
44 2
40 2
44 2
39 2
44 2
35 2
42 2
40 2
42 2
39 2
42 2
37 2
42 2
35 2
42 2
40 2
42 2
39 2
42 2
37 2
42 2
33 2
40 2
39 2
40 2
37 2
40 2
35 2
40 2
33 2
40 2
39 2
40 2
37 2
40 2
35 2
33 2
32 2
39 2
37 2
39 2
35 2
39 2
33 2
39 2
32 2
33 2
35 2
37 2
39 2
40 2
42 2
44 2
61 6
54 6
56 4
59 6
54 6
56 4
61 6
54 6
56 4
59 6
54 6
59 4
61 6
54 6
56 4
59 6
54 6
56 4
61 6
54 6
56 4
51 6
48 6
56 4
28 6
28 6
28 4
30 6
30 6
30 4
32 6
32 6
32 4
33 6
33 6
35 4
49 6
49 6
49 4
51 6
51 6
51 4
52 6
52 6
52 4
54 6
54 6
56 4
37 7
E
S
H
44 12
42 3
44 3
49 3
44 13
72 7
42 7
39 7
35 7
37 13
37 13
37 13
35 13
35 13
33 13
32 13
30 13
32 13
32 13
30 13
25 11
23 11
21 11
23 6
25 6
27 4
28 11
27 11
25 11
27 6
28 6
30 4
32 11
37 11
72 4
35 4
37 4
39 4
40 8
42 2
40 2
32 11
37 11
72 4
30 4
32 4
33 4
39 6
36 6
39 4
30 6
39 6
36 4
37 8
72 0
39 2
72 0
40 2
42 2
44 3
72 1
49 3
44 3
47 3
72 1
49 3
51 3
54 6
51 6
72 1
47 4
72 1
44 2
72 0
49 2
44 2
72 3
44 2
72 0
47 2
42 2
45 6
37 4
72 0
39 2
72 0
40 2
42 2
47 6
45 6
72 1
37 4
39 2
72 0
40 2
72 0
42 2
45 2
49 2
72 0
42 2
72 0
44 2
47 2
51 2
72 0
49 2
72 0
48 2
45 2
44 3
72 1
42 3
39 2
56 6
51 6
52 4
54 6
51 6
52 4
56 6
51 6
52 4
56 6
51 6
52 4
54 6
51 6
52 4
54 6
51 6
52 4
56 6
51 6
52 4
56 6
51 6
48 4
32 6
32 6
32 4
35 6
35 6
35 4
37 6
37 6
37 4
37 6
37 6
39 4
44 11
42 11
44 11
48 9
48 4
40 12
E
S
H
72 2
44 12
42 3
44 3
72 1
49 3
44 13
72 7
42 7
39 7
35 7
37 13
44 12
42 3
44 3
72 1
49 3
44 13
72 7
47 7
49 7
51 7
54 13
54 12
44 3
46 3
72 1
48 3
52 12
42 7
48 12
49 4
51 4
49 11
47 7
42 7
45 13
44 11
52 5
72 0
46 5
48 5
72 0
49 13
51 4
52 4
54 6
51 6
47 4
49 13
51 4
52 4
54 6
51 6
47 4
56 11
37 6
39 6
40 4
72 4
30 4
32 4
33 4
35 8
40 2
39 2
37 10
35 4
33 6
42 6
40 4
39 6
37 6
39 4
44 6
42 6
40 4
39 6
37 6
36 4
37 8
39 2
40 2
42 2
44 3
49 3
72 1
44 3
47 3
49 3
72 1
51 3
54 6
51 6
47 4
72 2
44 2
49 2
44 2
72 2
44 2
47 2
42 2
45 6
37 4
39 2
40 2
42 2
47 6
45 6
37 4
39 2
40 2
42 2
45 2
49 2
42 2
44 2
47 2
51 2
49 2
48 2
45 2
44 3
42 3
72 1
39 3
25 6
27 6
28 4
30 6
32 6
35 4
37 11
72 11
25 6
27 6
28 4
30 6
32 6
35 4
37 11
72 11
49 6
49 6
49 4
51 6
51 6
51 4
52 6
52 6
52 4
54 6
54 6
56 4
61 11
59 11
61 11
54 9
51 4
49 12
E
S
H
56 12
54 3
56 3
61 3
56 13
72 7
54 7
51 7
47 7
49 13
56 12
54 3
56 3
61 3
56 13
72 7
59 7
61 7
63 7
66 13
66 12
56 3
58 3
60 3
64 12
54 7
60 12
61 4
63 4
61 11
59 7
54 7
57 13
56 11
64 5
58 5
60 5
61 13
63 4
64 4
66 6
63 6
59 4
61 13
63 4
64 4
66 6
63 6
59 4
68 11
49 6
51 6
52 4
72 4
42 4
44 4
45 4
47 8
52 2
51 2
49 10
47 4
45 6
54 6
52 4
51 6
49 6
51 4
56 6
54 6
52 4
51 6
49 6
48 4
49 8
51 2
52 2
54 2
56 3
61 3
56 3
59 3
61 3
63 3
66 6
63 6
59 4
72 2
56 2
61 2
56 2
72 2
56 2
59 2
54 2
57 6
49 4
51 2
52 2
54 2
59 6
57 6
49 4
51 2
52 2
54 2
57 2
61 2
54 2
56 2
59 2
63 2
61 2
60 2
57 2
56 3
54 3
51 3
37 6
39 6
40 4
42 6
44 6
47 4
49 11
72 11
37 6
39 6
40 4
42 6
44 6
47 4
49 11
72 11
61 11
63 11
64 11
66 9
68 4
61 11
71 11
61 11
66 9
63 4
61 12
E
S
H
56 12
54 3
72 1
56 3
61 3
56 13
72 7
54 7
51 7
47 7
49 13
56 12
54 3
72 1
56 3
61 3
56 13
72 7
59 7
61 7
63 7
66 13
66 12
56 3
72 1
58 3
60 3
64 12
54 7
60 12
61 4
72 1
63 4
61 11
59 7
54 7
57 13
56 11
64 5
72 0
58 5
72 0
60 5
72 0
61 13
63 4
64 4
66 6
63 6
59 4
61 13
63 4
64 4
66 6
63 6
59 4
68 11
49 6
51 6
52 4
72 4
42 4
44 4
45 4
47 8
52 2
51 2
49 10
47 4
45 6
54 6
52 4
51 6
49 6
51 4
56 6
54 6
52 4
51 6
49 6
48 4
49 8
51 2
52 2
54 2
56 3
61 3
72 1
56 3
59 3
61 3
72 1
63 3
66 6
63 6
59 4
72 2
56 2
61 2
56 2
72 2
56 2
59 2
54 2
57 6
49 4
51 2
52 2
54 2
59 6
57 6
49 4
51 2
52 2
54 2
57 2
61 2
54 2
56 2
59 2
63 2
61 2
60 2
57 2
56 3
54 3
72 1
51 3
37 6
39 6
40 4
42 6
44 6
47 4
49 11
72 11
37 6
39 6
40 4
42 6
44 6
47 4
49 11
72 11
61 11
63 11
64 11
66 9
68 4
61 11
71 10
61 11
66 9
72 1
63 4
61 12
E
S
H
56 12
54 3
56 3
61 3
56 13
72 7
54 7
51 7
47 7
49 13
56 12
54 3
56 3
61 3
56 13
72 7
59 7
61 7
63 7
66 13
66 12
56 3
58 3
60 3
64 12
54 7
60 12
61 4
63 4
61 11
59 7
54 7
57 13
56 11
64 5
58 5
60 5
61 13
63 4
64 4
66 6
63 6
59 4
61 13
63 4
64 4
66 6
63 6
59 4
68 11
49 6
51 6
52 4
72 4
42 4
44 4
45 4
47 8
52 2
51 2
49 10
47 4
45 6
54 6
52 4
51 6
49 6
51 4
56 6
54 6
52 4
51 6
49 6
48 4
49 8
51 2
52 2
54 2
56 3
61 3
56 3
59 3
61 3
63 3
66 6
63 6
59 4
72 2
56 2
61 2
56 2
72 2
56 2
59 2
54 2
57 6
49 4
51 2
52 2
54 2
59 6
57 6
49 4
51 2
52 2
54 2
57 2
61 2
54 2
56 2
59 2
63 2
61 2
60 2
57 2
56 3
54 3
51 3
37 6
39 6
40 4
42 6
44 6
47 4
49 11
72 11
37 6
39 6
40 4
42 6
44 6
47 4
49 11
72 11
61 11
63 11
64 11
66 9
68 4
61 11
71 11
61 11
66 9
63 4
61 12
E
S
L
11 0
30 0
115 0
11 0
11 0
11 0
115 0
11 0
11 0
30 0
115 0
11 0
11 0
11 0
115 0
11 0
11 0
30 0
115 0
11 0
11 0
11 0
115 0
11 0
11 0
30 0
115 0
11 0
11 0
11 0
115 0
11 0
11 0
30 0
115 0
11 0
11 0
11 0
115 0
11 0
11 0
30 0
115 0
11 0
11 0
11 0
115 0
11 0
11 0
30 0
115 0
11 0
11 0
11 0
115 0
11 0
11 0
30 0
115 0
11 0
11 0
11 0
115 0
11 0
11 0
30 0
115 0
11 0
11 0
11 0
115 0
11 0
11 0
30 0
115 0
11 0
11 0
11 0
115 0
11 0
11 0
30 0
115 0
11 0
11 0
11 0
115 0
11 0
11 0
30 0
115 0
11 0
11 0
11 0
115 0
11 0
11 0
30 0
115 0
11 0
11 0
11 0
115 0
11 0
11 0
30 0
115 0
11 0
11 0
11 0
115 0
11 0
11 0
30 0
115 0
11 0
11 0
11 0
115 0
11 0
115 0
115 0
115 0
24 0
24 0
24 0
23 0
23 0
23 0
21 0
19 0
11 0
30 0
115 0
11 0
11 0
11 0
115 0
11 0
11 0
30 0
115 0
11 0
11 0
11 0
115 0
11 0
11 0
30 0
115 0
11 0
11 0
11 0
115 0
11 0
11 0
30 0
115 0
11 0
11 0
11 0
115 0
11 0
11 0
30 0
115 0
11 0
11 0
11 0
115 0
11 0
11 0
30 0
115 0
11 0
11 0
11 0
115 0
11 0
11 0
30 0
115 0
11 0
11 0
11 0
115 0
11 0
24 0
24 0
24 0
23 0
23 0
23 0
21 0
19 0
11 0
30 0
115 0
11 0
11 0
11 0
115 0
11 0
11 0
30 0
115 0
11 0
11 0
11 0
115 0
11 0
11 0
30 0
115 0
11 0
11 0
11 0
115 0
11 0
11 0
30 0
115 0
11 0
11 0
11 0
115 0
11 0
11 0
30 0
115 0
11 0
11 0
11 0
115 0
11 0
11 0
30 0
115 0
11 0
11 0
11 0
115 0
11 0
11 0
30 0
115 0
11 0
11 0
11 0
115 0
11 0
24 0
23 0
19 0
11 0
115 0
115 0
11 0
115 0
115 0
11 0
115 0
115 0
11 0
115 0
115 0
11 0
115 0
115 0
11 0
115 0
115 0
11 0
115 0
115 0
24 0
23 0
19 0
104 0
3 0
12 11
E
X
