minor
S
H
40 4
41 4
40 4
42 4
40 4
43 4
40 4
44 4
40 4
45 4
40 4
47 4
48 4
50 2
48 2
47 4
45 4
47 12
48 2
50 2
48 2
47 12
47 2
48 2
50 4
72 7
59 2
60 2
62 4
72 7
47 2
48 2
50 4
53 4
52 4
50 4
48 4
47 4
48 4
50 4
52 12
53 2
55 2
53 2
52 12
52 2
48 2
44 2
40 4
41 4
40 4
42 4
40 4
43 4
40 4
44 4
40 4
45 4
40 4
47 4
48 4
50 2
48 2
47 4
45 4
47 12
48 2
50 2
48 2
47 12
47 2
48 2
50 4
72 7
59 2
60 2
62 4
72 7
47 2
48 2
50 4
53 4
52 4
50 4
48 4
50 2
48 2
47 4
48 2
47 2
45 13
57 7
56 7
55 9
59 2
60 2
62 4
72 7
47 2
48 2
50 4
72 7
59 2
60 2
62 4
65 4
64 4
62 4
60 12
59 2
60 2
62 2
64 12
64 2
63 2
64 4
72 7
52 2
51 2
52 4
72 7
64 2
63 2
64 4
65 4
68 4
65 4
64 4
62 4
60 4
59 4
60 12
59 2
60 2
59 2
57 13
57 8
52 2
53 2
55 2
57 8
52 2
53 2
55 2
57 8
52 2
53 2
55 2
53 7
52 4
51 4
52 4
53 4
52 4
51 4
52 4
56 2
59 2
62 2
60 2
59 2
60 2
57 12
52 2
48 2
44 2
40 4
41 4
40 4
42 4
40 4
43 4
40 4
44 4
40 4
45 4
40 4
47 4
48 4
50 2
48 2
47 4
45 4
47 12
48 2
50 2
48 2
47 12
47 2
48 2
50 4
72 7
59 2
60 2
62 4
72 7
47 2
48 2
50 4
53 4
52 4
50 4
48 4
47 4
48 4
50 4
52 12
53 2
55 2
53 2
52 12
52 2
48 2
44 2
40 4
41 4
40 4
42 4
40 4
43 4
40 4
44 4
40 4
45 4
40 4
47 4
48 4
50 2
48 2
47 4
45 4
47 12
48 2
50 2
48 2
47 12
47 2
48 2
50 4
72 7
59 2
60 2
62 4
72 7
47 2
48 2
50 4
53 4
52 4
50 4
48 4
50 2
48 2
47 4
48 2
47 2
45 13
57 7
56 7
55 9
59 2
60 2
62 4
72 7
47 2
48 2
50 4
72 7
59 2
60 2
62 4
65 4
64 4
62 4
60 12
59 2
60 2
62 2
64 12
64 2
63 2
64 4
72 7
52 2
51 2
52 4
72 7
64 2
63 2
64 4
65 4
68 4
65 4
64 4
62 4
60 4
59 4
60 12
59 2
60 2
59 2
57 13
57 8
52 2
53 2
55 2
57 8
52 2
53 2
55 2
57 8
52 2
53 2
55 2
53 7
52 4
51 4
52 4
53 4
52 4
51 4
52 4
56 2
59 2
62 2
60 2
59 2
60 2
57 12
52 2
48 2
44 2
E
S
L
21 4
28 4
21 4
28 4
21 4
28 4
21 4
28 4
21 4
28 4
21 4
28 4
21 4
28 4
21 4
28 4
16 4
23 4
16 4
23 4
16 4
23 4
16 4
23 4
16 4
23 4
16 4
23 4
16 4
23 4
16 4
23 4
16 4
23 4
16 4
23 4
16 4
23 4
16 4
23 4
16 4
23 4
16 4
23 4
16 4
23 4
16 4
23 4
21 4
28 4
21 4
28 4
21 4
28 4
21 4
28 4
21 4
28 4
21 4
28 4
21 4
28 4
21 4
28 4
21 4
28 4
21 4
28 4
21 4
28 4
21 4
28 4
21 4
28 4
21 4
28 4
21 4
28 4
21 4
28 4
16 4
23 4
16 4
23 4
16 4
23 4
16 4
23 4
16 4
23 4
16 4
23 4
16 4
23 4
16 4
23 4
16 4
23 4
16 4
23 4
16 4
23 4
16 4
23 4
16 4
23 4
16 4
23 4
16 4
23 4
16 4
23 4
21 4
28 4
21 4
28 4
21 4
28 4
21 4
28 4
21 4
28 4
21 4
28 4
21 4
28 4
21 4
28 4
19 4
26 4
19 4
26 4
19 4
26 4
19 4
26 4
19 4
26 4
19 4
26 4
19 4
26 4
19 4
26 4
21 4
28 4
21 4
28 4
21 4
28 4
21 4
28 4
21 4
28 4
21 4
28 4
21 4
28 4
21 4
28 4
20 4
28 4
20 4
28 4
20 4
28 4
20 4
28 4
20 4
28 4
20 4
28 4
20 4
28 4
20 4
28 4
21 4
28 4
21 4
28 4
21 4
28 4
21 4
28 4
21 4
28 4
21 4
28 4
21 4
28 4
21 4
28 4
26 4
33 4
26 4
33 4
26 4
33 4
26 4
33 4
28 4
33 4
28 4
33 4
28 4
33 4
28 4
33 4
28 4
35 4
28 4
32 4
28 4
35 4
28 4
32 4
21 4
28 4
21 4
28 4
21 11
21 4
28 4
21 4
28 4
21 4
28 4
21 4
28 4
21 4
28 4
21 4
28 4
21 4
28 4
21 4
28 4
16 4
23 4
16 4
23 4
16 4
23 4
16 4
23 4
16 4
23 4
16 4
23 4
16 4
23 4
16 4
23 4
16 4
23 4
16 4
23 4
16 4
23 4
16 4
23 4
16 4
23 4
16 4
23 4
16 4
23 4
16 4
23 4
21 4
28 4
21 4
28 4
21 4
28 4
21 4
28 4
21 4
28 4
21 4
28 4
21 4
28 4
21 4
28 4
21 4
28 4
21 4
28 4
21 4
28 4
21 4
28 4
21 4
28 4
21 4
28 4
21 4
28 4
21 4
28 4
16 4
23 4
16 4
23 4
16 4
23 4
16 4
23 4
16 4
23 4
16 4
23 4
16 4
23 4
16 4
23 4
16 4
23 4
16 4
23 4
16 4
23 4
16 4
23 4
16 4
23 4
16 4
23 4
16 4
23 4
16 4
23 4
21 4
28 4
21 4
28 4
21 4
28 4
21 4
28 4
21 4
28 4
21 4
28 4
21 4
28 4
21 4
28 4
19 4
26 4
19 4
26 4
19 4
26 4
19 4
26 4
19 4
26 4
19 4
26 4
19 4
26 4
19 4
26 4
21 4
28 4
21 4
28 4
21 4
28 4
21 4
28 4
21 4
28 4
21 4
28 4
21 4
28 4
21 4
28 4
20 4
28 4
20 4
28 4
20 4
28 4
20 4
28 4
20 4
28 4
20 4
28 4
20 4
28 4
20 4
28 4
21 4
28 4
21 4
28 4
21 4
28 4
21 4
28 4
21 4
28 4
21 4
28 4
21 4
28 4
21 4
28 4
26 4
33 4
26 4
33 4
26 4
33 4
26 4
33 4
28 4
33 4
28 4
33 4
28 4
33 4
28 4
33 4
28 4
35 4
28 4
32 4
28 4
35 4
28 4
32 4
21 4
28 4
21 4
28 4
21 11
E
S
L
28 7
33 4
32 4
33 7
35 7
36 7
38 4
36 4
35 7
33 7
35 9
40 2
36 2
32 2
28 12
40 2
36 2
32 2
28 9
40 2
39 2
40 4
72 7
28 2
27 2
28 4
72 7
40 2
39 2
40 7
28 7
32 7
33 4
35 4
36 7
33 4
35 4
36 7
38 7
40 7
41 4
39 4
40 11
28 7
33 4
32 4
33 7
35 7
36 7
38 4
36 4
35 7
33 7
35 9
40 2
36 2
32 2
28 12
40 2
36 2
32 2
28 9
40 2
39 2
40 4
72 7
28 2
27 2
28 4
72 7
40 2
39 2
40 7
28 7
30 7
32 7
33 11
41 7
38 7
40 11
36 7
35 7
31 11
35 7
38 7
43 7
31 7
35 7
32 7
33 7
36 4
35 4
36 7
38 7
40 7
41 4
39 4
40 11
28 11
32 7
35 7
40 11
42 7
44 7
45 9
40 4
36 11
33 9
28 4
24 7
23 4
24 2
28 2
33 9
24 2
28 2
33 9
24 2
28 2
33 9
26 2
28 2
33 7
32 7
28 11
36 7
35 7
33 12
52 2
48 2
44 2
28 7
33 4
32 4
33 7
35 7
36 7
38 4
36 4
35 7
33 7
35 9
40 2
36 2
32 2
28 12
40 2
36 2
32 2
28 9
40 2
39 2
40 4
72 7
28 2
27 2
28 4
72 7
40 2
39 2
40 7
28 7
32 7
33 4
35 4
36 7
33 4
35 4
36 7
38 7
40 7
41 4
39 4
40 11
28 7
33 4
32 4
33 7
35 7
36 7
38 4
36 4
35 7
33 7
35 9
40 2
36 2
32 2
28 12
40 2
36 2
32 2
28 9
40 2
39 2
40 4
72 7
28 2
27 2
28 4
72 7
40 2
39 2
40 7
28 7
30 7
32 7
33 11
41 7
38 7
40 11
36 7
35 7
31 11
35 7
38 7
43 7
31 7
35 7
32 7
33 7
36 4
35 4
36 7
38 7
40 7
41 4
39 4
40 11
28 11
32 7
35 7
40 11
42 7
44 7
45 9
40 4
36 11
33 9
28 4
24 7
23 4
24 2
28 2
33 9
24 2
28 2
33 9
24 2
28 2
33 9
26 2
28 2
33 7
32 7
28 11
36 7
35 7
33 12
52 2
48 2
44 2
E
S
H
40 4
41 4
40 4
42 4
40 4
43 4
40 4
44 4
40 4
45 4
40 4
47 4
48 4
50 2
48 2
47 4
45 4
47 12
48 2
50 2
48 2
47 12
47 2
48 2
50 4
72 7
59 2
60 2
62 4
72 7
47 2
48 2
50 4
53 4
52 4
50 4
48 4
47 4
48 4
50 4
52 12
53 2
55 2
53 2
52 12
52 2
48 2
44 2
40 4
41 4
40 4
42 4
40 4
43 4
40 4
44 4
40 4
45 4
40 4
47 4
48 4
50 2
48 2
47 4
45 4
47 12
48 2
50 2
48 2
47 12
47 2
48 2
50 4
72 7
59 2
60 2
62 4
72 7
47 2
48 2
50 4
53 4
52 4
50 4
48 4
50 2
48 2
47 4
48 2
47 2
45 13
57 7
56 7
55 9
59 2
60 2
62 4
72 7
47 2
48 2
50 4
72 7
59 2
60 2
62 4
65 4
64 4
62 4
60 12
59 2
60 2
62 2
64 12
64 2
63 2
64 4
72 7
52 2
51 2
52 4
72 7
64 2
63 2
64 4
65 4
68 4
65 4
64 4
62 4
60 4
59 4
60 12
59 2
60 2
59 2
57 13
57 8
52 2
53 2
55 2
57 8
52 2
53 2
55 2
57 8
52 2
53 2
55 2
53 7
52 4
51 4
52 4
53 4
52 4
51 4
52 4
56 2
59 2
62 2
60 2
59 2
60 2
57 12
52 2
48 2
44 2
40 4
41 4
40 4
42 4
40 4
43 4
40 4
44 4
40 4
45 4
40 4
47 4
48 4
50 2
48 2
47 4
45 4
47 12
48 2
50 2
48 2
47 12
47 2
48 2
50 4
72 7
59 2
60 2
62 4
72 7
47 2
48 2
50 4
53 4
52 4
50 4
48 4
47 4
48 4
50 4
52 12
53 2
55 2
53 2
52 12
52 2
48 2
44 2
40 4
41 4
40 4
42 4
40 4
43 4
40 4
44 4
40 4
45 4
40 4
47 4
48 4
50 2
48 2
47 4
45 4
47 12
48 2
50 2
48 2
47 12
47 2
48 2
50 4
72 7
59 2
60 2
62 4
72 7
47 2
48 2
50 4
53 4
52 4
50 4
48 4
50 2
48 2
47 4
48 2
47 2
45 13
57 7
56 7
55 9
59 2
60 2
62 4
72 7
47 2
48 2
50 4
72 7
59 2
60 2
62 4
65 4
64 4
62 4
60 12
59 2
60 2
62 2
64 12
64 2
63 2
64 4
72 7
52 2
51 2
52 4
72 7
64 2
63 2
64 4
65 4
68 4
65 4
64 4
62 4
60 4
59 4
60 12
59 2
60 2
59 2
57 13
57 8
52 2
53 2
55 2
57 8
52 2
53 2
55 2
57 8
52 2
53 2
55 2
53 7
52 4
51 4
52 4
53 4
52 4
51 4
52 4
56 2
59 2
62 2
60 2
59 2
60 2
57 12
52 2
48 2
44 2
E
S
L
28 7
33 4
32 4
33 7
35 7
36 7
38 4
36 4
35 7
33 7
35 9
40 2
36 2
32 2
28 12
40 2
36 2
32 2
28 9
40 2
39 2
40 4
72 7
28 2
27 2
28 4
72 7
40 2
39 2
40 7
28 7
32 7
33 4
35 4
36 7
33 4
35 4
36 7
38 7
40 7
41 4
39 4
40 11
28 7
33 4
32 4
33 7
35 7
36 7
38 4
36 4
35 7
33 7
35 9
40 2
36 2
32 2
28 12
40 2
36 2
32 2
28 9
40 2
39 2
40 4
72 7
28 2
27 2
28 4
72 7
40 2
39 2
40 7
28 7
30 7
32 7
33 11
41 7
38 7
40 11
36 7
35 7
31 11
35 7
38 7
43 7
31 7
35 7
32 7
33 7
36 4
35 4
36 7
38 7
40 7
41 4
39 4
40 11
28 11
32 7
35 7
40 11
42 7
44 7
45 9
40 4
36 11
33 9
28 4
24 7
23 4
24 2
28 2
33 9
24 2
28 2
33 9
24 2
28 2
33 9
26 2
28 2
33 7
32 7
28 11
36 7
35 7
33 12
52 2
48 2
44 2
28 7
33 4
32 4
33 7
35 7
36 7
38 4
36 4
35 7
33 7
35 9
40 2
36 2
32 2
28 12
40 2
36 2
32 2
28 9
40 2
39 2
40 4
72 7
28 2
27 2
28 4
72 7
40 2
39 2
40 7
28 7
32 7
33 4
35 4
36 7
33 4
35 4
36 7
38 7
40 7
41 4
39 4
40 11
28 7
33 4
32 4
33 7
35 7
36 7
38 4
36 4
35 7
33 7
35 9
40 2
36 2
32 2
28 12
40 2
36 2
32 2
28 9
40 2
39 2
40 4
72 7
28 2
27 2
28 4
72 7
40 2
39 2
40 7
28 7
30 7
32 7
33 11
41 7
38 7
40 11
36 7
35 7
31 11
35 7
38 7
43 7
31 7
35 7
32 7
33 7
36 4
35 4
36 7
38 7
40 7
41 4
39 4
40 11
28 11
32 7
35 7
40 11
42 7
44 7
45 9
40 4
36 11
33 9
28 4
24 7
23 4
24 2
28 2
33 9
24 2
28 2
33 9
24 2
28 2
33 9
26 2
28 2
33 7
32 7
28 11
36 7
35 7
33 12
52 2
48 2
44 2
E
S
L
1315 0
72 7
27 0
72 4
139 0
72 7
27 0
72 4
595 0
72 7
1315 0
72 7
27 0
72 4
139 0
72 7
27 0
72 4
595 0
72 7
1315 0
72 7
27 0
72 4
139 0
72 7
27 0
72 4
595 0
72 7
1315 0
72 7
27 0
72 4
139 0
72 7
27 0
72 4
595 0
72 7
1315 0
72 7
27 0
72 4
139 0
72 7
27 0
72 4
595 0
72 7
1315 0
72 7
27 0
72 4
139 0
72 7
27 0
72 4
595 0
72 7
1315 0
72 7
27 0
72 4
139 0
72 7
27 0
72 4
595 0
72 7
1315 0
72 7
27 0
72 4
139 0
72 7
27 0
72 4
595 0
72 7
1315 0
72 7
27 0
72 4
139 0
72 7
27 0
72 4
595 0
72 7
1315 0
72 7
27 0
72 4
139 0
72 7
27 0
72 4
595 0
72 7
1315 0
72 7
27 0
72 4
139 0
72 7
27 0
72 4
595 0
72 7
1315 0
72 7
27 0
72 4
139 0
72 7
27 0
72 4
595 0
72 7
1315 0
72 7
27 0
72 4
139 0
72 7
27 0
72 4
595 0
72 7
1315 0
72 7
27 0
72 4
139 0
72 7
27 0
72 4
595 0
72 7
1315 0
72 7
27 0
72 4
139 0
72 7
27 0
72 4
595 0
72 7
1315 0
72 7
1315 0
72 12
1315 0
72 9
163 0
72 7
27 0
72 4
1315 0
72 7
1315 0
72 9
163 0
72 7
27 0
72 4
1315 0
72 7
1315 0
72 9
163 0
72 7
27 0
72 4
1315 0
72 7
1315 0
72 9
163 0
72 7
27 0
72 4
1315 0
72 7
1315 0
72 9
163 0
72 7
27 0
72 4
1315 0
72 7
1315 0
72 9
163 0
72 7
27 0
72 4
1315 0
72 7
1315 0
72 9
163 0
72 7
27 0
72 4
1315 0
72 7
1315 0
72 9
163 0
72 7
27 0
72 4
1315 0
72 7
14 0
72 9
27 0
72 4
14 0
72 9
27 0
72 4
14 0
72 9
27 0
72 4
14 0
72 4
1315 0
72 9
202 0
72 9
202 0
72 7
27 0
72 4
1315 0
72 4
27 0
72 4
1315 0
72 7
27 0
72 4
139 0
72 7
27 0
72 4
595 0
72 7
1315 0
72 7
27 0
72 4
139 0
72 7
27 0
72 4
595 0
72 7
1315 0
72 7
27 0
72 4
139 0
72 7
27 0
72 4
595 0
72 7
1315 0
72 7
27 0
72 4
139 0
72 7
27 0
72 4
595 0
72 7
1315 0
72 7
27 0
72 4
139 0
72 7
27 0
72 4
595 0
72 7
1315 0
72 7
27 0
72 4
139 0
72 7
27 0
72 4
595 0
72 7
1315 0
72 7
27 0
72 4
139 0
72 7
27 0
72 4
595 0
72 7
1315 0
72 7
27 0
72 4
139 0
72 7
27 0
72 4
595 0
72 7
1315 0
72 7
27 0
72 4
139 0
72 7
27 0
72 4
595 0
72 7
1315 0
72 7
27 0
72 4
139 0
72 7
27 0
72 4
595 0
72 7
1315 0
72 7
27 0
72 4
139 0
72 7
27 0
72 4
595 0
72 7
1315 0
72 7
27 0
72 4
139 0
72 7
27 0
72 4
595 0
72 7
1315 0
72 7
27 0
72 4
139 0
72 7
27 0
72 4
595 0
72 7
1315 0
72 7
27 0
72 4
139 0
72 7
27 0
72 4
595 0
72 7
1315 0
72 7
27 0
72 4
139 0
72 7
27 0
72 4
595 0
72 7
1315 0
72 7
27 0
72 4
139 0
72 7
27 0
72 4
595 0
72 7
1315 0
72 7
1315 0
72 12
1315 0
72 9
163 0
72 7
27 0
72 4
1315 0
72 7
1315 0
72 9
163 0
72 7
27 0
72 4
1315 0
72 7
1315 0
72 9
163 0
72 7
27 0
72 4
1315 0
72 7
1315 0
72 9
163 0
72 7
27 0
72 4
1315 0
72 7
1315 0
72 9
163 0
72 7
27 0
72 4
1315 0
72 7
1315 0
72 9
163 0
72 7
27 0
72 4
1315 0
72 7
1315 0
72 9
163 0
72 7
27 0
72 4
1315 0
72 7
1315 0
72 9
163 0
72 7
27 0
72 4
1315 0
72 7
14 0
72 9
27 0
72 4
14 0
72 9
27 0
72 4
14 0
72 9
27 0
72 4
14 0
72 4
1315 0
72 9
202 0
72 9
202 0
72 7
27 0
72 4
1315 0
72 4
27 0
72 4
1315 0
72 7
27 0
72 4
139 0
72 7
27 0
72 4
595 0
E
X
