minor
S
H
153 7
153 6
153 4
153 6
166 4
127 4
72 2
153 6
153 6
153 6
153 4
166 4
127 4
153 7
153 6
153 4
153 6
166 4
127 4
72 2
153 6
153 6
153 6
153 4
166 4
127 4
153 7
153 6
153 4
153 6
166 4
127 4
72 2
153 6
153 6
153 6
153 4
166 4
127 4
153 7
153 6
153 4
153 6
166 4
127 4
72 2
153 6
153 6
153 6
153 4
166 4
127 4
153 7
153 6
153 4
153 6
166 4
127 4
72 2
153 6
153 6
153 6
153 4
166 4
127 4
153 7
153 6
153 4
153 6
166 4
127 4
72 2
153 6
153 6
153 6
153 4
166 4
127 4
153 7
153 6
153 4
153 6
166 4
127 4
72 2
153 6
153 6
153 6
153 4
166 4
127 4
72 2
153 6
153 6
153 6
153 4
166 4
127 4
153 7
153 6
153 4
153 6
166 4
127 4
72 2
153 6
153 6
153 6
153 4
166 4
127 4
72 14
47 9
52 9
54 9
55 9
57 7
59 7
60 4
59 2
57 2
55 9
57 4
54 4
52 4
52 0
54 0
72 2
52 6
51 12
52 9
52 9
52 7
60 13
50 9
50 9
50 7
59 13
48 9
48 9
57 7
47 9
47 9
55 7
55 9
57 2
55 2
54 7
52 7
59 13
72 2
153 6
153 6
153 6
153 4
166 4
127 4
153 7
153 6
153 4
153 6
166 4
127 4
72 2
153 6
153 6
153 6
153 4
166 4
127 4
153 7
153 6
153 4
153 6
166 4
127 4
72 2
153 6
153 6
153 6
153 4
166 4
127 4
153 7
153 6
153 4
153 6
166 4
127 4
52 9
52 9
52 7
60 13
50 9
50 9
50 7
59 13
48 9
48 9
57 7
47 9
47 9
55 7
55 9
57 2
55 2
54 7
52 7
59 14
72 2
52 2
51 2
52 2
51 2
52 2
51 2
52 2
51 2
52 2
51 2
52 2
53 2
52 2
51 2
52 2
72 2
52 2
51 2
52 2
51 2
52 2
51 2
52 2
51 2
52 2
51 2
52 2
53 2
52 2
51 2
52 2
72 2
52 2
51 2
52 2
51 2
52 2
51 2
52 2
51 2
52 2
51 2
52 2
53 2
52 2
51 2
52 2
72 2
52 2
51 2
52 2
51 2
52 2
51 2
52 2
51 2
52 2
51 2
52 2
53 2
52 2
51 2
52 2
72 2
52 2
51 2
52 2
51 2
52 2
51 2
52 2
51 2
52 2
51 2
52 2
53 2
52 2
51 2
52 2
72 2
52 2
51 2
52 2
51 2
52 2
51 2
52 2
51 2
52 2
51 2
52 2
53 2
52 2
51 2
52 2
72 2
52 2
51 2
52 2
51 2
52 2
51 2
52 2
51 2
52 2
51 2
52 2
53 2
52 2
51 2
52 2
72 2
52 2
51 2
52 2
51 2
52 2
51 2
52 2
51 2
52 2
51 2
52 2
51 2
52 2
51 2
52 2
51 2
52 2
51 2
52 2
51 2
52 2
51 2
52 2
72 13
153 7
153 6
153 4
153 6
166 4
127 4
72 2
153 6
153 6
153 6
153 4
166 4
127 4
153 7
153 6
153 4
153 6
166 4
127 4
72 2
153 6
153 6
153 6
153 4
166 4
127 4
153 7
153 6
153 4
153 6
166 4
127 4
72 2
153 6
153 6
153 6
153 4
166 4
127 4
153 7
153 6
153 4
153 6
166 4
127 4
72 2
153 6
153 6
153 6
153 4
166 4
127 4
153 7
153 6
153 4
153 6
166 4
127 4
72 2
153 6
153 6
153 6
153 4
166 4
127 4
153 7
153 6
153 4
153 6
166 4
127 4
72 2
153 6
153 6
153 6
153 4
166 4
127 4
153 7
153 6
153 4
153 6
166 4
127 4
72 2
153 6
153 6
153 6
153 4
166 4
127 4
72 2
153 6
153 6
153 6
153 4
166 4
127 4
153 7
153 6
153 4
153 6
166 4
127 4
72 2
153 6
153 6
153 6
153 4
166 4
127 4
72 14
47 9
52 9
54 9
55 9
57 7
59 7
60 4
59 2
57 2
55 9
57 4
54 4
52 4
52 0
54 0
72 2
52 6
51 12
52 9
52 9
52 7
60 13
50 9
50 9
50 7
59 13
48 9
48 9
57 7
47 9
47 9
55 7
55 9
57 2
55 2
54 7
52 7
59 13
72 2
153 6
153 6
153 6
153 4
166 4
127 4
153 7
153 6
153 4
153 6
166 4
127 4
72 2
153 6
153 6
153 6
153 4
166 4
127 4
153 7
153 6
153 4
153 6
166 4
127 4
72 2
153 6
153 6
153 6
153 4
166 4
127 4
153 7
153 6
153 4
153 6
166 4
127 4
52 9
52 9
52 7
60 13
50 9
50 9
50 7
59 13
48 9
48 9
57 7
47 9
47 9
55 7
55 9
57 2
55 2
54 7
52 7
59 14
72 2
52 2
51 2
52 2
51 2
52 2
51 2
52 2
51 2
52 2
51 2
52 2
53 2
52 2
51 2
52 2
72 2
52 2
51 2
52 2
51 2
52 2
51 2
52 2
51 2
52 2
51 2
52 2
53 2
52 2
51 2
52 2
72 2
52 2
51 2
52 2
51 2
52 2
51 2
52 2
51 2
52 2
51 2
52 2
53 2
52 2
51 2
52 2
72 2
52 2
51 2
52 2
51 2
52 2
51 2
52 2
51 2
52 2
51 2
52 2
53 2
52 2
51 2
52 2
72 2
52 2
51 2
52 2
51 2
52 2
51 2
52 2
51 2
52 2
51 2
52 2
53 2
52 2
51 2
52 2
72 2
52 2
51 2
52 2
51 2
52 2
51 2
52 2
51 2
52 2
51 2
52 2
53 2
52 2
51 2
52 2
72 2
52 2
51 2
52 2
51 2
52 2
51 2
52 2
51 2
52 2
51 2
52 2
53 2
52 2
51 2
52 2
72 2
52 2
51 2
52 2
51 2
52 2
51 2
52 2
51 2
52 2
51 2
52 2
51 2
52 2
51 2
52 2
51 2
52 2
51 2
52 2
51 2
52 2
51 2
52 2
72 13
153 7
153 6
153 4
153 6
166 4
127 4
72 2
153 6
153 6
153 6
153 4
166 4
127 4
153 7
153 6
153 4
153 6
166 4
127 4
72 2
153 6
153 6
153 6
153 4
166 4
127 4
153 7
153 6
153 4
153 6
166 4
127 4
72 2
153 6
153 6
153 6
153 4
166 4
127 4
153 7
153 6
153 4
153 6
166 4
127 4
72 2
153 6
153 6
153 6
153 4
166 4
127 4
153 7
153 6
153 4
153 6
166 4
127 4
72 2
153 6
153 6
153 6
153 4
166 4
127 4
153 7
153 6
153 4
153 6
166 4
127 4
72 2
153 6
153 6
153 6
153 4
166 4
127 4
153 7
153 6
153 4
153 6
166 4
127 4
72 2
153 6
153 6
153 6
153 4
166 4
127 4
72 2
153 6
153 6
153 6
153 4
166 4
127 4
153 7
153 6
153 4
153 6
166 4
127 4
72 2
153 6
153 6
153 6
153 4
166 4
127 4
E
S
H
72 14
40 2
35 2
43 2
35 2
45 2
35 2
47 2
35 2
48 2
35 2
47 2
35 2
45 2
35 2
47 2
35 2
43 2
35 2
52 2
35 2
50 2
35 2
48 2
35 2
47 2
35 2
48 2
35 2
45 2
35 2
47 2
35 2
43 2
35 2
48 2
35 2
47 2
35 2
45 2
35 2
43 2
35 2
45 2
35 2
41 2
35 2
43 2
35 2
52 2
47 2
55 2
47 2
57 2
47 2
59 2
47 2
60 2
47 2
59 2
47 2
57 2
47 2
59 2
47 2
55 2
47 2
64 2
47 2
62 2
47 2
60 2
47 2
59 2
47 2
60 2
47 2
57 2
47 2
59 2
47 2
55 2
47 2
60 2
47 2
59 2
47 2
57 2
47 2
55 2
47 2
57 2
47 2
53 2
47 2
55 2
47 2
72 4
55 2
72 2
57 2
72 2
59 2
72 2
60 2
72 2
59 2
72 2
57 2
72 2
59 2
72 2
55 2
72 2
64 2
72 2
62 2
72 2
60 2
72 2
59 2
72 2
60 2
72 2
57 2
72 2
59 2
72 2
55 2
72 2
60 2
72 2
59 2
72 2
57 2
72 2
55 2
72 2
57 2
72 2
53 2
72 2
55 2
72 14
35 9
40 9
42 9
43 9
45 7
47 7
48 4
47 2
45 2
43 9
45 4
42 4
40 4
40 0
42 0
72 2
40 6
39 12
40 9
40 9
40 7
48 13
38 9
38 9
38 7
47 13
36 9
36 9
45 7
35 9
35 9
43 7
43 9
45 2
43 2
42 7
40 7
47 13
52 2
47 2
55 2
47 2
57 2
47 2
59 2
47 2
60 2
47 2
59 2
47 2
57 2
47 2
59 2
47 2
55 2
47 2
64 2
47 2
62 2
47 2
60 2
47 2
59 2
47 2
60 2
47 2
57 2
47 2
59 2
47 2
55 2
47 2
60 2
47 2
59 2
47 2
57 2
47 2
55 2
47 2
57 2
47 2
53 2
47 2
55 2
47 2
72 4
55 2
72 2
57 2
72 2
59 2
72 2
60 2
72 2
59 2
72 2
57 2
72 2
59 2
72 2
55 2
72 2
64 2
72 2
62 2
72 2
60 2
72 2
59 2
72 2
60 2
72 2
57 2
72 2
59 2
72 2
55 2
72 2
60 2
72 2
59 2
72 2
57 2
72 2
55 2
72 2
57 2
72 2
53 2
72 2
55 2
72 2
40 9
40 9
40 7
48 13
38 9
38 9
38 7
47 13
36 9
36 9
45 7
35 9
35 9
43 7
43 9
45 2
43 2
42 7
40 7
47 14
52 13
201 13
213 13
176 13
1773 13
525 13
213 13
1403 14
72 14
52 2
47 2
55 2
47 2
57 2
47 2
59 2
47 2
60 2
47 2
59 2
47 2
57 2
47 2
59 2
47 2
55 2
47 2
64 2
47 2
62 2
47 2
60 2
47 2
59 2
47 2
60 2
47 2
57 2
47 2
59 2
47 2
55 2
47 2
60 2
47 2
59 2
47 2
57 2
47 2
55 2
47 2
57 2
47 2
53 2
47 2
55 2
47 2
72 4
55 2
72 2
57 2
72 2
59 2
72 2
60 2
72 2
59 2
72 2
57 2
72 2
59 2
72 2
55 2
72 2
64 2
72 2
62 2
72 2
60 2
72 2
59 2
72 2
60 2
72 2
57 2
72 2
59 2
72 2
55 2
72 2
60 2
72 2
59 2
72 2
57 2
72 2
55 2
72 2
57 2
72 2
53 2
72 2
55 2
72 14
35 9
40 9
42 9
43 9
45 7
47 7
48 4
47 2
45 2
43 9
45 4
42 4
40 4
40 0
42 0
72 2
40 6
39 12
40 9
40 9
40 7
48 13
38 9
38 9
38 7
47 13
36 9
36 9
45 7
35 9
35 9
43 7
43 9
45 2
43 2
42 7
40 7
47 13
52 2
47 2
55 2
47 2
57 2
47 2
59 2
47 2
60 2
47 2
59 2
47 2
57 2
47 2
59 2
47 2
55 2
47 2
64 2
47 2
62 2
47 2
60 2
47 2
59 2
47 2
60 2
47 2
57 2
47 2
59 2
47 2
55 2
47 2
60 2
47 2
59 2
47 2
57 2
47 2
55 2
47 2
57 2
47 2
53 2
47 2
55 2
47 2
72 4
55 2
72 2
57 2
72 2
59 2
72 2
60 2
72 2
59 2
72 2
57 2
72 2
59 2
72 2
55 2
72 2
64 2
72 2
62 2
72 2
60 2
72 2
59 2
72 2
60 2
72 2
57 2
72 2
59 2
72 2
55 2
72 2
60 2
72 2
59 2
72 2
57 2
72 2
55 2
72 2
57 2
72 2
53 2
72 2
55 2
72 2
40 9
40 9
40 7
48 13
38 9
38 9
38 7
47 13
36 9
36 9
45 7
35 9
35 9
43 7
43 9
45 2
43 2
42 7
40 7
47 14
52 13
201 13
213 13
176 13
1773 13
525 13
213 13
1403 14
72 14
40 2
35 2
43 2
35 2
45 2
35 2
47 2
35 2
48 2
35 2
47 2
35 2
45 2
35 2
47 2
35 2
43 2
35 2
52 2
35 2
50 2
35 2
48 2
35 2
47 2
35 2
48 2
35 2
45 2
35 2
47 2
35 2
43 2
35 2
48 2
35 2
47 2
35 2
45 2
35 2
43 2
35 2
45 2
35 2
41 2
35 2
43 2
35 2
52 2
47 2
55 2
47 2
57 2
47 2
59 2
47 2
60 2
47 2
59 2
47 2
57 2
47 2
59 2
47 2
55 2
47 2
64 2
47 2
62 2
47 2
60 2
47 2
59 2
47 2
60 2
47 2
57 2
47 2
59 2
47 2
55 2
47 2
60 2
47 2
59 2
47 2
57 2
47 2
55 2
47 2
57 2
47 2
53 2
47 2
55 2
47 2
72 4
55 2
72 2
57 2
72 2
59 2
72 2
60 2
72 2
59 2
72 2
57 2
72 2
59 2
72 2
55 2
72 2
64 2
72 2
62 2
72 2
60 2
72 2
59 2
72 2
60 2
72 2
57 2
72 2
59 2
72 2
55 2
72 2
60 2
72 2
59 2
72 2
57 2
72 2
55 2
72 2
57 2
72 2
53 2
72 2
55 2
E
S
L
35 7
35 6
35 4
35 6
36 4
33 4
72 2
35 6
35 6
35 4
72 2
35 4
36 4
33 4
35 7
35 6
35 4
35 6
36 4
33 4
72 2
35 6
35 6
35 4
72 2
35 4
36 4
33 4
35 7
35 6
35 4
35 6
36 4
33 4
72 2
35 6
35 6
35 4
72 2
35 4
36 4
33 4
35 7
35 6
35 4
35 6
36 4
33 4
72 2
35 6
35 6
35 4
72 2
35 4
36 4
33 4
35 7
35 6
35 4
35 6
36 4
33 4
72 2
35 6
35 6
35 4
72 2
35 4
36 4
33 4
35 7
35 6
35 4
35 6
36 4
33 4
72 2
35 6
35 6
35 4
72 2
35 4
36 4
33 4
72 2
35 6
35 6
35 4
72 2
35 4
36 4
33 4
72 2
35 6
35 6
35 4
72 2
35 4
36 4
33 4
72 2
35 6
35 6
35 4
72 2
35 4
36 4
33 4
35 7
35 6
35 4
35 6
36 4
33 4
72 2
35 6
35 6
35 4
72 2
35 4
36 4
33 4
72 14
35 6
35 6
35 4
72 2
35 4
36 4
33 4
35 7
35 6
35 4
35 6
36 4
33 4
72 2
35 6
35 6
35 4
72 2
35 4
36 4
33 4
35 7
35 6
35 4
35 6
36 4
33 4
72 2
35 6
35 6
35 4
72 2
35 4
36 4
33 4
72 2
35 6
35 6
35 4
72 2
35 4
36 4
33 4
72 14
35 7
35 6
35 4
35 6
36 4
33 4
72 2
35 6
35 6
35 4
72 2
35 4
36 4
33 4
35 7
35 6
35 4
35 6
36 4
33 4
72 2
35 6
35 6
35 4
72 2
35 4
36 4
33 4
35 7
35 6
35 4
35 6
36 4
33 4
72 2
35 6
35 6
35 4
72 2
35 4
36 4
33 4
35 7
35 6
35 4
35 6
36 4
33 4
72 2
35 6
35 6
35 4
72 2
35 4
36 4
33 4
35 7
35 6
35 4
35 6
36 4
33 4
72 2
35 6
35 6
35 4
72 2
35 4
36 4
33 4
35 7
35 6
35 4
35 6
36 4
33 4
72 2
35 6
35 6
35 4
72 2
35 4
36 4
33 4
72 2
35 6
35 6
35 4
72 2
35 4
36 4
33 4
72 2
35 6
35 6
35 4
72 2
35 4
36 4
33 4
72 2
35 6
35 6
35 4
72 2
35 4
36 4
33 4
35 7
35 6
35 4
35 6
36 4
33 4
72 2
35 6
35 6
35 4
72 2
35 4
36 4
33 4
72 14
35 6
35 6
35 4
72 2
35 4
36 4
33 4
35 7
35 6
35 4
35 6
36 4
33 4
72 2
35 6
35 6
35 4
72 2
35 4
36 4
33 4
35 7
35 6
35 4
35 6
36 4
33 4
72 2
35 6
35 6
35 4
72 2
35 4
36 4
33 4
72 2
35 6
35 6
35 4
72 2
35 4
36 4
33 4
72 14
35 7
35 6
35 4
35 6
36 4
33 4
72 2
35 6
35 6
35 4
72 2
35 4
36 4
33 4
35 7
35 6
35 4
35 6
36 4
33 4
72 2
35 6
35 6
35 4
72 2
35 4
36 4
33 4
35 7
35 6
35 4
35 6
36 4
33 4
72 2
35 6
35 6
35 4
72 2
35 4
36 4
33 4
35 7
35 6
35 4
35 6
36 4
33 4
72 2
35 6
35 6
35 4
72 2
35 4
36 4
33 4
35 7
35 6
35 4
35 6
36 4
33 4
72 2
35 6
35 6
35 4
72 2
35 4
36 4
33 4
35 7
35 6
35 4
35 6
36 4
33 4
72 2
35 6
35 6
35 4
72 2
35 4
36 4
33 4
72 2
35 6
35 6
35 4
72 2
35 4
36 4
33 4
72 2
35 6
35 6
35 4
72 2
35 4
36 4
33 4
72 2
35 6
35 6
35 4
72 2
35 4
36 4
33 4
35 7
35 6
35 4
35 6
36 4
33 4
72 2
35 6
35 6
35 4
72 2
35 4
36 4
33 4
E
S
L
72 14
40 2
35 2
43 2
35 2
45 2
35 2
47 2
35 2
48 2
35 2
47 2
35 2
45 2
35 2
47 2
35 2
43 2
35 2
52 2
35 2
50 2
35 2
48 2
35 2
47 2
35 2
48 2
35 2
45 2
35 2
47 2
35 2
43 2
35 2
48 2
35 2
47 2
35 2
45 2
35 2
43 2
35 2
45 2
35 2
41 2
35 2
43 2
35 2
40 2
35 2
43 2
35 2
45 2
35 2
47 2
35 2
48 2
35 2
47 2
35 2
45 2
35 2
47 2
35 2
43 2
35 2
52 2
35 2
50 2
35 2
48 2
35 2
47 2
35 2
48 2
35 2
45 2
35 2
47 2
35 2
43 2
35 2
48 2
35 2
47 2
35 2
45 2
35 2
43 2
35 2
45 2
35 2
41 2
35 2
43 2
35 2
72 14
69 2
67 2
69 2
64 2
69 2
60 2
69 2
57 2
60 2
64 2
69 2
60 2
71 2
60 2
69 4
72 13
67 2
66 2
67 2
62 2
67 2
59 2
67 2
55 2
59 2
62 2
67 2
71 2
69 2
71 2
67 4
72 14
69 2
67 2
69 2
64 2
69 2
60 2
69 2
57 2
60 2
64 2
69 2
60 2
71 2
60 2
69 4
72 13
67 2
66 2
67 2
62 2
67 2
59 2
67 2
55 2
59 2
62 2
67 2
71 2
69 2
71 2
67 4
72 14
40 2
35 2
43 2
35 2
45 2
35 2
47 2
35 2
48 2
35 2
47 2
35 2
45 2
35 2
47 2
35 2
43 2
35 2
52 2
35 2
50 2
35 2
48 2
35 2
47 2
35 2
48 2
35 2
45 2
35 2
47 2
35 2
43 2
35 2
48 2
35 2
47 2
35 2
45 2
35 2
43 2
35 2
45 2
35 2
41 2
35 2
43 2
35 2
40 2
35 2
43 2
35 2
45 2
35 2
47 2
35 2
48 2
35 2
47 2
35 2
45 2
35 2
47 2
35 2
43 2
35 2
52 2
35 2
50 2
35 2
48 2
35 2
47 2
35 2
48 2
35 2
45 2
35 2
47 2
35 2
43 2
35 2
48 2
35 2
47 2
35 2
45 2
35 2
43 2
35 2
45 2
35 2
41 2
35 2
43 2
35 2
72 13
69 2
67 2
69 2
64 2
69 2
60 2
69 2
57 2
60 2
64 2
69 2
60 2
71 2
60 2
69 4
72 13
67 2
66 2
67 2
62 2
67 2
59 2
67 2
55 2
59 2
62 2
67 2
71 2
69 2
71 2
67 4
72 14
40 2
35 2
43 2
35 2
45 2
35 2
47 2
35 2
48 2
35 2
47 2
35 2
45 2
35 2
47 2
35 2
43 2
35 2
52 2
35 2
50 2
35 2
48 2
35 2
47 2
35 2
48 2
35 2
45 2
35 2
47 2
35 2
43 2
35 2
48 2
35 2
47 2
35 2
45 2
35 2
43 2
35 2
45 2
35 2
41 2
35 2
43 2
35 2
40 2
35 2
43 2
35 2
45 2
35 2
47 2
35 2
48 2
35 2
47 2
35 2
45 2
35 2
47 2
35 2
43 2
35 2
52 2
35 2
50 2
35 2
48 2
35 2
47 2
35 2
48 2
35 2
45 2
35 2
47 2
35 2
43 2
35 2
48 2
35 2
47 2
35 2
45 2
35 2
43 2
35 2
45 2
35 2
41 2
35 2
43 2
35 2
40 2
35 2
43 2
35 2
45 2
35 2
47 2
35 2
48 2
35 2
47 2
35 2
45 2
35 2
47 2
35 2
43 2
35 2
52 2
35 2
50 2
35 2
48 2
35 2
47 2
35 2
48 2
35 2
45 2
35 2
47 2
35 2
43 2
35 2
48 2
35 2
47 2
35 2
45 2
35 2
43 2
35 2
45 2
35 2
41 2
35 2
43 2
35 2
72 14
69 2
67 2
69 2
64 2
69 2
60 2
69 2
57 2
60 2
64 2
69 2
60 2
71 2
60 2
69 4
72 13
67 2
66 2
67 2
62 2
67 2
59 2
67 2
55 2
59 2
62 2
67 2
71 2
69 2
71 2
67 4
72 14
69 2
67 2
69 2
64 2
69 2
60 2
69 2
57 2
60 2
64 2
69 2
60 2
71 2
60 2
69 4
72 13
67 2
66 2
67 2
62 2
67 2
59 2
67 2
55 2
59 2
62 2
67 2
71 2
69 2
71 2
67 4
72 14
40 2
35 2
43 2
35 2
45 2
35 2
47 2
35 2
48 2
35 2
47 2
35 2
45 2
35 2
47 2
35 2
43 2
35 2
52 2
35 2
50 2
35 2
48 2
35 2
47 2
35 2
48 2
35 2
45 2
35 2
47 2
35 2
43 2
35 2
48 2
35 2
47 2
35 2
45 2
35 2
43 2
35 2
45 2
35 2
41 2
35 2
43 2
35 2
40 2
35 2
43 2
35 2
45 2
35 2
47 2
35 2
48 2
35 2
47 2
35 2
45 2
35 2
47 2
35 2
43 2
35 2
52 2
35 2
50 2
35 2
48 2
35 2
47 2
35 2
48 2
35 2
45 2
35 2
47 2
35 2
43 2
35 2
48 2
35 2
47 2
35 2
45 2
35 2
43 2
35 2
45 2
35 2
41 2
35 2
43 2
35 2
72 13
69 2
67 2
69 2
64 2
69 2
60 2
69 2
57 2
60 2
64 2
69 2
60 2
71 2
60 2
69 4
72 13
67 2
66 2
67 2
62 2
67 2
59 2
67 2
55 2
59 2
62 2
67 2
71 2
69 2
71 2
67 4
72 14
40 2
35 2
43 2
35 2
45 2
35 2
47 2
35 2
48 2
35 2
47 2
35 2
45 2
35 2
47 2
35 2
43 2
35 2
52 2
35 2
50 2
35 2
48 2
35 2
47 2
35 2
48 2
35 2
45 2
35 2
47 2
35 2
43 2
35 2
48 2
35 2
47 2
35 2
45 2
35 2
43 2
35 2
45 2
35 2
41 2
35 2
43 2
35 2
40 2
35 2
43 2
35 2
45 2
35 2
47 2
35 2
48 2
35 2
47 2
35 2
45 2
35 2
47 2
35 2
43 2
35 2
52 2
35 2
50 2
35 2
48 2
35 2
47 2
35 2
48 2
35 2
45 2
35 2
47 2
35 2
43 2
35 2
48 2
35 2
47 2
35 2
45 2
35 2
43 2
35 2
45 2
35 2
41 2
35 2
43 2
35 2
72 14
69 2
67 2
69 2
64 2
69 2
60 2
69 2
57 2
60 2
64 2
69 2
60 2
71 2
60 2
69 4
72 13
67 2
66 2
67 2
62 2
67 2
59 2
67 2
55 2
59 2
62 2
67 2
71 2
69 2
71 2
67 4
E
S
H
72 14
40 14
40 14
40 14
59 2
55 2
52 2
48 2
47 2
43 2
40 2
36 2
72 14
40 14
40 14
72 14
40 13
201 13
213 13
176 13
237 13
201 13
213 13
1010 14
72 14
40 14
40 14
40 14
59 2
55 2
52 2
48 2
47 2
43 2
40 2
36 2
72 14
40 14
40 14
72 14
40 13
201 13
213 13
176 13
237 13
201 13
213 13
1010 14
72 14
40 14
40 14
40 14
E
S
L
4 12
72 4
4 4
4 12
72 4
4 4
4 12
72 4
4 4
4 12
72 4
4 4
4 9
72 2
4 2
4 2
72 2
4 7
4 2
72 2
4 9
72 2
4 2
4 2
72 2
4 7
4 2
72 2
4 9
72 2
4 2
4 2
72 2
4 7
4 2
72 2
4 9
72 2
4 2
4 2
72 2
4 7
4 2
72 2
4 9
72 2
4 2
4 2
72 2
4 7
4 2
72 2
4 9
72 2
4 2
4 2
72 2
4 7
4 2
72 2
4 9
72 2
4 2
4 2
72 2
4 7
4 2
72 2
4 9
72 2
4 2
4 2
72 2
4 7
4 2
72 2
4 9
72 2
4 2
4 2
72 2
4 7
4 2
72 2
4 9
72 2
4 2
4 2
72 2
4 7
4 2
72 2
4 9
72 2
4 2
4 2
72 2
4 7
4 2
72 2
4 9
72 2
4 2
4 2
72 2
4 7
4 2
72 2
4 9
72 2
4 2
4 2
72 2
4 7
4 2
72 2
4 4
4 4
4 4
7 4
7 4
7 4
11 4
11 4
11 4
4 4
4 4
4 4
6 4
6 4
7 4
7 4
9 4
9 4
9 4
9 4
9 4
9 4
10 4
10 4
11 4
11 4
11 4
11 4
11 4
11 4
11 4
9 4
8 4
8 4
8 4
8 4
8 4
8 4
8 4
8 4
9 4
9 4
9 4
9 4
9 4
9 4
9 4
9 4
14 4
14 4
14 4
14 4
14 4
14 4
14 4
14 4
7 4
7 4
7 4
7 4
7 4
7 4
7 4
7 4
4 4
4 4
4 4
4 4
4 4
4 4
7 4
7 4
3 4
3 4
3 4
3 4
3 4
3 4
4 4
4 4
12 4
12 4
12 4
12 4
12 4
12 4
12 4
12 4
11 4
11 4
11 4
11 4
11 4
11 4
11 4
11 4
4 4
4 4
4 4
7 4
7 4
7 4
11 4
11 4
11 4
4 4
4 4
4 4
6 4
6 4
7 4
7 4
9 4
9 4
9 4
9 4
9 4
9 4
10 4
10 4
11 4
11 4
11 4
11 4
11 4
11 4
11 4
9 4
8 4
8 4
8 4
8 4
8 4
8 4
8 4
8 4
9 4
9 4
9 4
9 4
9 4
9 4
9 4
9 4
14 4
14 4
14 4
14 4
14 4
14 4
14 4
14 4
7 4
7 4
7 4
7 4
7 4
7 4
7 4
7 4
4 4
4 4
4 4
4 4
4 4
4 4
6 4
6 4
3 4
3 4
3 4
3 4
3 4
3 4
4 4
4 4
12 4
12 4
12 4
12 4
12 4
12 4
12 4
12 4
11 4
11 4
11 4
11 4
11 4
11 4
11 4
11 4
4 9
72 2
4 2
4 2
72 2
4 7
4 2
72 2
4 9
72 2
4 2
4 2
72 2
4 7
4 2
72 2
4 9
72 2
4 2
4 2
72 2
4 7
4 2
72 2
4 9
72 2
4 2
4 2
72 2
4 7
4 2
72 2
4 9
72 2
4 2
4 2
72 2
4 7
4 2
72 2
4 9
72 2
4 2
4 2
72 2
4 7
4 2
72 2
8 4
8 4
8 4
8 4
8 4
8 4
8 4
8 4
9 4
9 4
9 4
9 4
9 4
9 4
9 4
9 4
14 4
14 4
14 4
14 4
14 4
14 4
14 4
14 4
7 4
7 4
7 4
7 4
7 4
7 4
7 4
7 4
4 4
4 4
4 4
4 4
4 4
4 4
6 4
6 4
3 4
3 4
3 4
3 4
3 4
3 4
4 4
4 4
12 4
12 4
12 4
12 4
12 4
12 4
12 4
12 4
11 4
11 4
11 4
11 4
11 4
11 4
11 4
11 4
11 4
11 4
11 4
11 4
11 4
11 4
11 4
11 4
4 4
4 4
4 4
4 4
4 4
4 4
4 4
4 4
4 4
4 4
4 4
4 4
4 4
4 4
4 4
4 4
4 4
4 4
4 4
4 4
4 4
4 4
4 4
4 4
4 4
4 4
4 4
4 4
4 4
4 4
4 4
4 4
4 4
4 4
4 4
4 4
4 4
4 4
4 4
4 4
4 4
4 4
4 4
4 4
4 4
4 4
4 4
4 4
4 4
4 4
4 4
4 4
4 4
4 4
4 4
4 4
4 4
4 4
4 4
4 4
4 4
4 4
4 4
4 4
4 4
4 4
4 4
4 4
4 4
4 4
4 4
4 4
4 4
4 4
4 4
4 4
4 4
4 4
4 4
4 4
4 12
72 4
4 4
4 12
72 4
4 4
4 12
72 4
4 4
4 12
72 4
4 4
4 9
72 2
4 2
4 2
72 2
4 7
4 2
72 2
4 9
72 2
4 2
4 2
72 2
4 7
4 2
72 2
4 9
72 2
4 2
4 2
72 2
4 7
4 2
72 2
4 9
72 2
4 2
4 2
72 2
4 7
4 2
72 2
4 9
72 2
4 2
4 2
72 2
4 7
4 2
72 2
4 9
72 2
4 2
4 2
72 2
4 7
4 2
72 2
4 9
72 2
4 2
4 2
72 2
4 7
4 2
72 2
4 9
72 2
4 2
4 2
72 2
4 7
4 2
72 2
4 9
72 2
4 2
4 2
72 2
4 7
4 2
72 2
4 9
72 2
4 2
4 2
72 2
4 7
4 2
72 2
4 9
72 2
4 2
4 2
72 2
4 7
4 2
72 2
4 9
72 2
4 2
4 2
72 2
4 7
4 2
72 2
4 9
72 2
4 2
4 2
72 2
4 7
4 2
72 2
4 4
4 4
4 4
7 4
7 4
7 4
11 4
11 4
11 4
4 4
4 4
4 4
6 4
6 4
7 4
7 4
9 4
9 4
9 4
9 4
9 4
9 4
10 4
10 4
11 4
11 4
11 4
11 4
11 4
11 4
11 4
9 4
8 4
8 4
8 4
8 4
8 4
8 4
8 4
8 4
9 4
9 4
9 4
9 4
9 4
9 4
9 4
9 4
14 4
14 4
14 4
14 4
14 4
14 4
14 4
14 4
7 4
7 4
7 4
7 4
7 4
7 4
7 4
7 4
4 4
4 4
4 4
4 4
4 4
4 4
7 4
7 4
3 4
3 4
3 4
3 4
3 4
3 4
4 4
4 4
12 4
12 4
12 4
12 4
12 4
12 4
12 4
12 4
11 4
11 4
11 4
11 4
11 4
11 4
11 4
11 4
4 4
4 4
4 4
7 4
7 4
7 4
11 4
11 4
11 4
4 4
4 4
4 4
6 4
6 4
7 4
7 4
9 4
9 4
9 4
9 4
9 4
9 4
10 4
10 4
11 4
11 4
11 4
11 4
11 4
11 4
11 4
9 4
8 4
8 4
8 4
8 4
8 4
8 4
8 4
8 4
9 4
9 4
9 4
9 4
9 4
9 4
9 4
9 4
14 4
14 4
14 4
14 4
14 4
14 4
14 4
14 4
7 4
7 4
7 4
7 4
7 4
7 4
7 4
7 4
4 4
4 4
4 4
4 4
4 4
4 4
6 4
6 4
3 4
3 4
3 4
3 4
3 4
3 4
4 4
4 4
12 4
12 4
12 4
12 4
12 4
12 4
12 4
12 4
11 4
11 4
11 4
11 4
11 4
11 4
11 4
11 4
4 9
72 2
4 2
4 2
72 2
4 7
4 2
72 2
4 9
72 2
4 2
4 2
72 2
4 7
4 2
72 2
4 9
72 2
4 2
4 2
72 2
4 7
4 2
72 2
4 9
72 2
4 2
4 2
72 2
4 7
4 2
72 2
4 9
72 2
4 2
4 2
72 2
4 7
4 2
72 2
4 9
72 2
4 2
4 2
72 2
4 7
4 2
72 2
8 4
8 4
8 4
8 4
8 4
8 4
8 4
8 4
9 4
9 4
9 4
9 4
9 4
9 4
9 4
9 4
14 4
14 4
14 4
14 4
14 4
14 4
14 4
14 4
7 4
7 4
7 4
7 4
7 4
7 4
7 4
7 4
4 4
4 4
4 4
4 4
4 4
4 4
6 4
6 4
3 4
3 4
3 4
3 4
3 4
3 4
4 4
4 4
12 4
12 4
12 4
12 4
12 4
12 4
12 4
12 4
11 4
11 4
11 4
11 4
11 4
11 4
11 4
11 4
11 4
11 4
11 4
11 4
11 4
11 4
11 4
11 4
4 4
4 4
4 4
4 4
4 4
4 4
4 4
4 4
4 4
4 4
4 4
4 4
4 4
4 4
4 4
4 4
4 4
4 4
4 4
4 4
4 4
4 4
4 4
4 4
4 4
4 4
4 4
4 4
4 4
4 4
4 4
4 4
4 4
4 4
4 4
4 4
4 4
4 4
4 4
4 4
4 4
4 4
4 4
4 4
4 4
4 4
4 4
4 4
4 4
4 4
4 4
4 4
4 4
4 4
4 4
4 4
4 4
4 4
4 4
4 4
4 4
4 4
4 4
4 4
4 4
4 4
4 4
4 4
4 4
4 4
4 4
4 4
4 4
4 4
4 4
4 4
4 4
4 4
4 4
4 4
4 12
72 4
4 4
4 12
72 4
4 4
4 12
72 4
4 4
4 12
72 4
4 4
4 9
72 2
4 2
4 2
72 2
4 7
4 2
72 2
4 9
72 2
4 2
4 2
72 2
4 7
4 2
72 2
4 9
72 2
4 2
4 2
72 2
4 7
4 2
72 2
4 9
72 2
4 2
4 2
72 2
4 7
4 2
72 2
4 9
72 2
4 2
4 2
72 2
4 7
4 2
72 2
4 9
72 2
4 2
4 2
72 2
4 7
4 2
72 2
4 9
72 2
4 2
4 2
72 2
4 7
4 2
72 2
4 9
72 2
4 2
4 2
72 2
4 7
4 2
72 2
4 9
72 2
4 2
4 2
72 2
4 7
4 2
72 2
4 9
72 2
4 2
4 2
72 2
4 7
4 2
72 2
4 9
72 2
4 2
4 2
72 2
4 7
4 2
72 2
4 9
72 2
4 2
4 2
72 2
4 7
4 2
72 2
4 9
72 2
4 2
4 2
72 2
4 7
4 2
72 2
4 4
4 4
4 4
7 4
7 4
7 4
11 4
11 4
11 4
4 4
4 4
4 4
6 4
6 4
7 4
7 4
9 4
9 4
9 4
9 4
9 4
9 4
10 4
10 4
11 4
11 4
11 4
11 4
11 4
11 4
11 4
9 4
8 4
8 4
8 4
8 4
8 4
8 4
8 4
8 4
9 4
9 4
9 4
9 4
9 4
9 4
9 4
9 4
14 4
14 4
14 4
14 4
14 4
14 4
14 4
14 4
7 4
7 4
7 4
7 4
7 4
7 4
7 4
7 4
4 4
4 4
4 4
4 4
4 4
4 4
7 4
7 4
3 4
3 4
3 4
3 4
3 4
3 4
4 4
4 4
E
S
L
21 7
72 11
21 4
21 7
72 11
21 4
21 4
72 12
21 4
21 4
72 4
21 4
72 4
21 4
72 4
21 4
72 4
21 2
72 6
21 2
72 4
21 2
21 2
72 2
21 2
72 2
21 2
72 6
21 2
72 6
21 2
72 4
21 2
21 2
72 2
21 2
72 2
21 2
72 6
21 2
72 6
21 2
72 4
21 2
21 2
72 2
21 2
72 2
21 2
72 6
21 2
72 6
21 2
72 4
21 2
21 2
72 2
21 2
72 2
21 2
72 6
21 2
72 6
21 2
72 4
21 2
21 2
72 2
21 2
72 2
21 2
72 6
21 2
72 6
21 2
72 4
21 2
21 2
72 2
21 2
72 2
21 2
72 6
21 2
72 6
21 2
72 4
21 2
21 2
72 2
21 2
72 2
21 2
72 6
21 2
72 6
21 2
72 4
21 2
21 2
72 2
21 2
72 2
21 2
72 6
21 2
72 6
21 2
72 4
21 2
21 2
72 2
21 2
72 2
21 2
72 6
21 2
72 6
21 2
72 4
21 2
21 2
72 2
21 2
72 2
21 2
72 6
21 2
72 6
21 2
72 4
21 2
21 2
72 2
21 2
72 2
21 2
72 6
21 2
72 6
21 2
72 4
21 2
21 2
72 2
21 2
72 2
21 2
72 6
21 2
72 6
21 2
72 4
21 2
21 2
72 2
21 2
72 2
21 2
72 6
21 2
72 6
21 2
72 6
21 2
72 6
21 2
72 6
21 2
72 6
21 2
72 6
21 2
72 6
21 2
72 6
21 2
72 6
21 2
72 6
21 2
72 6
21 2
72 6
21 2
72 6
21 2
72 6
21 2
72 6
21 2
72 2
21 2
72 2
21 2
72 6
21 2
72 6
21 2
72 6
21 2
72 6
21 2
72 6
21 2
72 6
21 2
72 6
21 2
72 6
21 2
72 6
21 2
72 6
21 2
72 6
21 2
72 6
21 2
72 6
21 2
72 6
21 2
72 6
21 2
72 2
21 2
72 2
21 2
72 6
21 2
72 6
21 2
72 6
21 2
72 6
21 2
72 6
21 2
72 6
21 2
72 6
21 2
72 6
21 2
72 6
21 2
72 6
21 2
72 6
21 2
72 6
21 2
72 6
21 2
72 6
21 2
72 6
21 2
72 2
21 2
72 2
21 2
72 6
21 2
72 6
21 2
72 6
21 2
72 6
21 2
72 6
21 2
72 6
21 2
72 6
21 2
72 6
21 2
72 6
21 2
72 6
21 2
72 6
21 2
72 6
21 2
72 6
21 2
72 6
21 2
72 6
21 2
72 2
21 2
72 2
21 2
72 6
21 2
72 6
21 2
72 6
21 2
72 6
21 2
72 6
21 2
72 6
21 2
72 6
21 2
72 6
21 2
72 6
21 2
72 6
21 2
72 6
21 2
72 6
21 2
72 6
21 2
72 6
21 2
72 6
21 2
72 2
21 0
72 4
21 2
72 6
21 2
72 6
21 2
72 6
21 2
72 6
21 2
72 6
21 2
72 6
21 2
72 6
21 2
72 6
21 2
72 6
21 2
72 6
21 2
72 6
21 2
72 6
21 2
72 6
21 2
72 6
21 2
72 6
21 2
72 6
21 2
72 6
21 2
72 4
21 2
21 2
72 2
21 2
72 2
21 2
72 6
21 2
72 6
21 2
72 4
21 2
21 2
72 2
21 2
72 2
21 2
72 6
21 2
72 6
21 2
72 4
21 2
21 2
72 2
21 2
72 2
21 2
72 6
21 2
72 6
21 2
72 4
21 2
21 2
72 2
21 2
72 2
21 2
72 6
21 2
72 6
21 2
72 4
21 2
21 2
72 2
21 2
72 2
21 2
72 6
21 2
72 6
21 2
72 4
21 2
21 2
72 2
21 2
72 2
21 2
72 6
21 2
72 6
21 2
72 6
21 2
72 6
21 2
72 6
21 2
72 6
21 2
72 6
21 2
72 6
21 2
72 6
21 2
72 6
21 2
72 6
21 2
72 6
21 2
72 6
21 2
72 6
21 2
72 6
21 2
72 6
21 2
72 6
21 2
72 6
21 2
72 6
21 2
72 6
21 2
72 6
21 2
72 6
21 2
72 6
21 2
72 6
21 2
72 6
21 2
72 6
21 2
72 6
21 2
72 6
21 2
72 6
21 2
72 6
21 2
72 6
21 2
72 6
21 2
72 6
21 2
72 6
21 2
72 6
21 2
72 6
21 2
72 6
21 2
72 6
21 2
72 4
21 2
21 2
72 2
21 2
72 2
21 2
72 6
21 2
72 6
21 2
72 4
21 2
21 2
72 2
21 2
72 2
21 2
72 6
21 2
72 6
21 2
72 4
21 2
21 2
72 2
21 2
72 2
21 2
72 6
21 2
72 6
21 2
72 4
21 2
21 2
72 2
21 2
72 2
21 2
72 6
21 2
72 6
21 2
72 4
21 2
21 2
72 2
21 2
72 2
21 2
72 6
21 2
72 6
21 2
72 4
21 2
21 2
72 2
21 2
72 2
21 2
72 6
21 2
72 6
21 2
72 4
21 2
21 2
72 2
21 2
72 2
21 2
72 6
21 2
72 6
21 2
72 4
21 2
21 2
72 2
21 2
72 2
21 2
72 6
21 2
72 6
21 2
72 4
21 2
21 2
72 2
21 2
72 2
21 2
72 6
21 2
72 6
21 2
72 4
21 2
21 2
72 2
21 2
72 2
21 2
72 6
21 7
72 11
21 4
21 7
72 11
21 4
21 4
72 12
21 4
21 4
72 4
21 4
72 4
21 4
72 4
21 4
72 4
21 2
72 6
21 2
72 4
21 2
21 2
72 2
21 2
72 2
21 2
72 6
21 2
72 6
21 2
72 4
21 2
21 2
72 2
21 2
72 2
21 2
72 6
21 2
72 6
21 2
72 4
21 2
21 2
72 2
21 2
72 2
21 2
72 6
21 2
72 6
21 2
72 4
21 2
21 2
72 2
21 2
72 2
21 2
72 6
21 2
72 6
21 2
72 4
21 2
21 2
72 2
21 2
72 2
21 2
72 6
21 2
72 6
21 2
72 4
21 2
21 2
72 2
21 2
72 2
21 2
72 6
21 2
72 6
21 2
72 4
21 2
21 2
72 2
21 2
72 2
21 2
72 6
21 2
72 6
21 2
72 4
21 2
21 2
72 2
21 2
72 2
21 2
72 6
21 2
72 6
21 2
72 4
21 2
21 2
72 2
21 2
72 2
21 2
72 6
21 2
72 6
21 2
72 4
21 2
21 2
72 2
21 2
72 2
21 2
72 6
21 2
72 6
21 2
72 4
21 2
21 2
72 2
21 2
72 2
21 2
72 6
21 2
72 6
21 2
72 4
21 2
21 2
72 2
21 2
72 2
21 2
72 6
21 2
72 6
21 2
72 4
21 2
21 2
72 2
21 2
72 2
21 2
72 6
21 2
72 6
21 2
72 6
21 2
72 6
21 2
72 6
21 2
72 6
21 2
72 6
21 2
72 6
21 2
72 6
21 2
72 6
21 2
72 6
21 2
72 6
21 2
72 6
21 2
72 6
21 2
72 6
21 2
72 6
21 2
72 2
21 2
72 2
21 2
72 6
21 2
72 6
21 2
72 6
21 2
72 6
21 2
72 6
21 2
72 6
21 2
72 6
21 2
72 6
21 2
72 6
21 2
72 6
21 2
72 6
21 2
72 6
21 2
72 6
21 2
72 6
21 2
72 6
21 2
72 2
21 2
72 2
21 2
72 6
21 2
72 6
21 2
72 6
21 2
72 6
21 2
72 6
21 2
72 6
21 2
72 6
21 2
72 6
21 2
72 6
21 2
72 6
21 2
72 6
21 2
72 6
21 2
72 6
21 2
72 6
21 2
72 6
21 2
72 6
21 2
72 6
21 2
72 6
21 2
72 6
21 2
72 6
21 2
72 6
21 2
72 6
21 2
72 6
21 2
72 6
21 2
72 6
21 2
72 6
21 2
72 6
21 2
72 6
21 2
72 6
21 2
72 6
21 2
72 6
21 2
72 6
21 2
72 6
21 2
72 6
21 2
72 6
21 2
72 6
21 2
72 6
21 2
72 6
21 2
72 6
21 2
72 6
21 2
72 6
21 2
72 6
21 2
72 6
21 2
72 6
21 2
72 6
21 2
72 6
21 2
72 6
21 2
72 6
21 2
72 6
21 2
72 6
21 2
72 6
21 2
72 6
21 2
72 6
21 2
72 6
21 2
72 6
21 2
72 6
21 2
72 6
21 2
72 6
21 2
72 6
21 2
72 6
21 2
72 6
21 2
72 6
21 2
72 6
21 2
72 6
21 2
72 6
21 2
72 4
21 2
21 2
72 2
21 2
72 2
21 2
72 6
21 2
72 6
21 2
72 4
21 2
21 2
72 2
21 2
72 2
21 2
72 6
21 2
72 6
21 2
72 4
21 2
21 2
72 2
21 2
72 2
21 2
72 6
21 2
72 6
21 2
72 4
21 2
21 2
72 2
21 2
72 2
21 2
72 6
21 2
72 6
21 2
72 4
21 2
21 2
72 2
21 2
72 2
21 2
72 6
21 2
72 6
21 2
72 4
21 2
21 2
72 2
21 2
72 2
21 2
72 6
21 2
72 6
21 2
72 6
21 2
72 6
21 2
72 6
21 2
72 6
21 2
72 6
21 2
72 6
21 2
72 6
21 2
72 6
21 2
72 6
21 2
72 6
21 2
72 6
21 2
72 6
21 2
72 6
21 2
72 6
21 2
72 6
21 2
72 6
21 2
72 6
21 2
72 6
21 2
72 6
21 2
72 6
21 2
72 6
21 2
72 6
21 2
72 6
21 2
72 6
21 2
72 6
21 2
72 6
21 2
72 6
21 2
72 6
21 2
72 6
21 2
72 6
21 2
72 6
21 2
72 6
21 2
72 6
21 2
72 6
21 2
72 6
21 2
72 6
21 2
72 4
21 2
21 2
72 2
21 2
72 2
21 2
72 6
21 2
72 6
21 2
72 4
21 2
21 2
72 2
21 2
72 2
21 2
72 6
21 2
72 6
21 2
72 4
21 2
21 2
72 2
21 2
72 2
21 2
72 6
21 2
72 6
21 2
72 4
21 2
21 2
72 2
21 2
72 2
21 2
72 6
21 2
72 6
21 2
72 4
21 2
21 2
72 2
21 2
72 2
21 2
72 6
21 2
72 6
21 2
72 4
21 2
21 2
72 2
21 2
72 2
21 2
72 6
21 2
72 6
21 2
72 4
21 2
21 2
72 2
21 2
72 2
21 2
72 6
21 2
72 6
21 2
72 4
21 2
21 2
72 2
21 2
72 2
21 2
72 6
21 2
72 6
21 2
72 4
21 2
21 2
72 2
21 2
72 2
21 2
72 6
21 2
72 6
21 2
72 4
21 2
21 2
72 2
21 2
72 2
21 2
72 6
21 7
72 11
21 4
21 7
72 11
21 4
21 4
72 12
21 4
21 4
72 4
21 4
72 4
21 4
72 4
21 4
72 4
21 2
72 6
21 2
72 4
21 2
21 2
72 2
21 2
72 2
21 2
72 6
21 2
72 6
21 2
72 4
21 2
21 2
72 2
21 2
72 2
21 2
72 6
21 2
72 6
21 2
72 4
21 2
21 2
72 2
21 2
72 2
21 2
72 6
21 2
72 6
21 2
72 4
21 2
21 2
72 2
21 2
72 2
21 2
72 6
21 2
72 6
21 2
72 4
21 2
21 2
72 2
21 2
72 2
21 2
72 6
21 2
72 6
21 2
72 4
21 2
21 2
72 2
21 2
72 2
21 2
72 6
21 2
72 6
21 2
72 4
21 2
21 2
72 2
21 2
72 2
21 2
72 6
21 2
72 6
21 2
72 4
21 2
21 2
72 2
21 2
72 2
21 2
72 6
21 2
72 6
21 2
72 4
21 2
21 2
72 2
21 2
72 2
21 2
72 6
21 2
72 6
21 2
72 4
21 2
21 2
72 2
21 2
72 2
21 2
72 6
21 2
72 6
21 2
72 4
21 2
21 2
72 2
21 2
72 2
21 2
72 6
21 2
72 6
21 2
72 4
21 2
21 2
72 2
21 2
72 2
21 2
72 6
21 2
72 6
21 2
72 4
21 2
21 2
72 2
21 2
72 2
21 2
72 6
21 2
72 6
21 2
72 6
21 2
72 6
21 2
72 6
21 2
72 6
21 2
72 6
21 2
72 6
21 2
72 6
21 2
72 6
21 2
72 6
21 2
72 6
21 2
72 6
21 2
72 6
21 2
72 6
21 2
72 6
21 2
72 2
21 2
72 2
21 2
72 6
21 2
72 6
21 2
72 6
21 2
72 6
21 2
72 6
21 2
72 6
21 2
72 6
21 2
72 6
21 2
72 6
21 2
72 6
21 2
72 6
21 2
72 6
21 2
72 6
21 2
72 6
21 2
72 6
21 2
72 2
21 2
72 2
21 2
72 6
21 2
72 6
21 2
72 6
21 2
72 6
21 2
72 6
21 2
72 6
21 2
72 6
21 2
E
S
H
72 14
110 3
149 3
213 3
110 3
149 3
213 3
110 3
149 3
213 3
110 3
213 3
149 3
110 3
213 3
149 3
110 3
213 3
110 3
72 14
110 3
149 3
213 3
110 3
149 3
213 3
110 3
149 3
213 3
110 3
213 3
149 3
110 3
213 3
149 3
110 3
213 3
110 3
E
S
H
72 14
110 3
149 3
72 0
213 3
110 3
149 3
72 0
213 3
110 3
149 3
72 0
213 3
110 3
213 3
72 0
149 3
110 3
213 3
72 0
149 3
110 3
213 3
72 0
110 3
72 14
110 3
149 3
72 0
213 3
110 3
149 3
72 0
213 3
110 3
149 3
72 0
213 3
110 3
213 3
72 0
149 3
110 3
213 3
72 0
149 3
110 3
213 3
72 0
110 3
E
X
