minor
S
H
39 4
38 4
39 4
41 4
39 13
72 4
41 4
43 4
41 7
36 4
36 13
72 4
31 0
32 0
72 2
33 0
72 0
34 0
72 1
35 0
72 1
36 0
72 0
37 0
38 0
72 2
39 4
38 4
39 4
41 4
39 13
72 4
41 4
43 4
41 8
72 2
48 13
72 4
43 0
44 0
72 2
45 0
72 0
46 0
72 1
47 0
72 1
48 0
72 0
49 0
50 0
72 2
51 2
50 4
48 5
72 0
46 4
48 10
72 2
46 5
72 0
46 5
72 0
48 11
72 4
51 2
50 4
48 5
72 0
46 4
48 10
72 2
46 5
72 0
46 5
72 0
48 11
72 4
50 13
51 11
53 11
55 14
72 14
35 2
36 2
37 2
38 2
39 4
38 4
39 4
41 4
39 13
72 4
41 4
43 4
41 7
36 4
36 13
72 4
31 0
32 0
72 2
33 0
72 0
34 0
72 1
35 0
72 1
36 0
72 0
37 0
38 0
72 2
39 4
38 4
39 4
41 4
39 13
72 4
41 4
43 4
41 8
72 2
48 13
72 4
43 0
44 0
72 2
45 0
72 0
46 0
72 1
47 0
72 1
48 0
72 0
49 0
50 0
72 2
51 2
50 4
48 5
72 0
46 4
48 10
72 2
46 5
72 0
46 5
72 0
48 11
72 4
51 2
50 4
48 5
72 0
46 4
48 10
72 2
46 5
72 0
46 5
72 0
48 11
72 4
50 13
51 11
53 11
55 14
72 14
35 2
36 2
37 2
38 2
E
S
H
72 4
39 4
38 4
39 4
41 4
39 13
72 4
41 4
43 4
41 7
36 4
36 13
72 4
31 0
72 1
32 0
72 0
33 0
34 0
72 2
35 0
36 0
72 2
37 0
72 0
38 0
72 1
39 4
38 4
39 4
41 4
39 13
72 4
41 4
43 4
41 8
72 2
48 13
72 4
43 0
72 1
44 0
72 0
45 0
46 0
72 2
47 0
48 0
72 2
49 0
72 0
50 0
72 1
51 2
50 4
48 5
72 0
46 4
48 10
72 2
46 5
72 0
46 5
72 0
48 11
72 4
51 2
50 4
48 5
72 0
46 4
48 10
72 2
46 5
72 0
46 5
72 0
48 11
72 4
50 13
51 11
53 11
55 14
72 14
35 2
36 2
37 2
38 2
39 4
38 4
39 4
41 4
39 13
72 4
41 4
43 4
41 7
36 4
36 13
72 4
31 0
72 1
32 0
72 0
33 0
34 0
72 2
35 0
36 0
72 2
37 0
72 0
38 0
72 1
39 4
38 4
39 4
41 4
39 13
72 4
41 4
43 4
41 8
72 2
48 13
72 4
43 0
72 1
44 0
72 0
45 0
46 0
72 2
47 0
48 0
72 2
49 0
72 0
50 0
72 1
51 2
50 4
48 5
72 0
46 4
48 10
72 2
46 5
72 0
46 5
72 0
48 11
72 4
51 2
50 4
48 5
72 0
46 4
48 10
72 2
46 5
72 0
46 5
72 0
48 11
72 4
50 13
51 11
53 11
55 14
72 14
35 2
36 2
E
S
H
72 14
51 14
72 2
53 4
55 4
53 14
72 2
55 2
54 2
53 2
52 2
51 14
72 2
53 4
55 4
53 14
72 14
51 14
72 2
53 4
55 4
53 14
72 2
55 2
54 2
53 2
52 2
51 14
72 2
53 4
55 4
53 14
72 8
E
S
H
72 14
51 14
72 2
53 4
55 4
53 14
72 2
55 2
54 2
53 2
52 2
51 14
72 2
53 4
55 4
53 14
72 14
51 14
72 2
53 4
55 4
53 14
72 2
55 2
54 2
53 2
52 2
51 14
72 2
53 4
55 4
53 14
72 6
E
S
H
36 2
36 2
43 2
43 2
39 2
39 2
43 2
43 2
36 2
36 2
43 2
43 2
39 2
39 2
43 2
43 2
36 2
36 2
43 2
43 2
39 2
39 2
43 2
43 2
36 2
36 2
43 2
43 2
39 2
39 2
43 2
43 2
38 2
38 2
45 2
45 2
41 2
41 2
45 2
45 2
38 2
38 2
45 2
45 2
41 2
41 2
45 2
45 2
37 2
37 2
44 2
44 2
41 2
41 2
44 2
44 2
37 2
37 2
44 2
44 2
41 2
41 2
44 2
44 2
36 2
36 2
43 2
43 2
39 2
39 2
43 2
43 2
36 2
36 2
43 2
43 2
39 2
39 2
43 2
43 2
36 2
36 2
43 2
43 2
39 2
39 2
43 2
43 2
36 2
36 2
43 2
43 2
39 2
39 2
43 2
43 2
38 2
38 2
45 2
45 2
41 2
41 2
45 2
45 2
38 2
38 2
45 2
45 2
41 2
41 2
45 2
45 2
37 2
37 2
44 2
44 2
41 2
41 2
44 2
44 2
37 2
37 2
44 2
44 2
41 2
41 2
44 2
44 2
36 2
36 2
43 2
43 2
39 2
39 2
43 2
43 2
36 2
36 2
43 2
43 2
39 2
39 2
43 2
43 2
38 2
38 2
43 2
43 2
41 2
41 2
43 2
43 2
39 2
39 2
48 2
48 2
43 2
43 2
48 2
48 2
39 2
39 2
48 2
48 2
44 2
44 2
48 2
48 2
39 2
39 2
48 2
48 2
44 2
44 2
48 2
48 2
39 2
39 2
48 2
48 2
44 2
44 2
48 2
48 2
39 2
39 2
48 2
48 2
44 2
44 2
48 2
48 2
44 13
46 11
50 11
51 13
53 13
36 2
36 2
43 2
43 2
39 2
39 2
43 2
43 2
36 2
36 2
43 2
43 2
39 2
39 2
43 2
43 2
36 2
36 2
43 2
43 2
39 2
39 2
43 2
43 2
36 2
36 2
43 2
43 2
39 2
39 2
43 2
43 2
38 2
38 2
45 2
45 2
41 2
41 2
45 2
45 2
38 2
38 2
45 2
45 2
41 2
41 2
45 2
45 2
37 2
37 2
44 2
44 2
41 2
41 2
44 2
44 2
37 2
37 2
44 2
44 2
41 2
41 2
44 2
44 2
36 2
36 2
43 2
43 2
39 2
39 2
43 2
43 2
36 2
36 2
43 2
43 2
39 2
39 2
43 2
43 2
36 2
36 2
43 2
43 2
39 2
39 2
43 2
43 2
36 2
36 2
43 2
43 2
39 2
39 2
43 2
43 2
38 2
38 2
45 2
45 2
41 2
41 2
45 2
45 2
38 2
38 2
45 2
45 2
41 2
41 2
45 2
45 2
37 2
37 2
44 2
44 2
41 2
41 2
44 2
44 2
37 2
37 2
44 2
44 2
41 2
41 2
44 2
44 2
36 2
36 2
43 2
43 2
39 2
39 2
43 2
43 2
36 2
36 2
43 2
43 2
39 2
39 2
43 2
43 2
36 2
36 2
43 2
43 2
39 2
39 2
43 2
43 2
36 2
36 2
43 2
43 2
39 2
39 2
43 2
43 2
38 2
38 2
45 2
45 2
41 2
41 2
45 2
45 2
38 2
38 2
45 2
45 2
41 2
41 2
45 2
45 2
37 2
37 2
44 2
44 2
41 2
41 2
44 2
44 2
37 2
37 2
44 2
44 2
41 2
41 2
44 2
44 2
36 2
36 2
43 2
43 2
39 2
39 2
43 2
43 2
36 2
36 2
43 2
43 2
39 2
39 2
43 2
43 2
36 2
36 2
43 2
43 2
39 2
39 2
43 2
43 2
36 2
36 2
43 2
43 2
39 2
39 2
43 2
43 2
38 2
38 2
45 2
45 2
41 2
41 2
45 2
45 2
38 2
38 2
45 2
45 2
41 2
41 2
45 2
45 2
37 2
37 2
44 2
44 2
41 2
41 2
44 2
44 2
37 2
37 2
44 2
44 2
41 2
41 2
44 2
44 2
36 2
36 2
43 2
43 2
39 2
39 2
43 2
43 2
36 2
36 2
43 2
43 2
39 2
39 2
43 2
43 2
38 2
38 2
43 2
43 2
41 2
41 2
43 2
43 2
39 2
39 2
48 2
48 2
43 2
43 2
48 2
48 2
39 2
39 2
48 2
48 2
44 2
44 2
48 2
48 2
39 2
39 2
48 2
48 2
44 2
44 2
48 2
48 2
39 2
39 2
48 2
48 2
44 2
44 2
48 2
48 2
39 2
39 2
48 2
48 2
44 2
44 2
48 2
48 2
44 13
46 11
50 11
51 13
53 13
36 2
36 2
43 2
43 2
39 2
39 2
43 2
43 2
36 2
36 2
43 2
43 2
39 2
39 2
43 2
43 2
36 2
36 2
43 2
43 2
39 2
39 2
43 2
43 2
36 2
36 2
43 2
43 2
39 2
39 2
43 2
43 2
38 2
38 2
45 2
45 2
41 2
41 2
45 2
45 2
38 2
38 2
45 2
45 2
41 2
41 2
45 2
45 2
37 2
37 2
44 2
44 2
41 2
41 2
44 2
44 2
37 2
37 2
44 2
44 2
41 2
41 2
44 2
44 2
36 2
36 2
43 2
43 2
39 2
39 2
43 2
43 2
36 2
36 2
43 2
43 2
39 2
39 2
43 2
43 2
36 2
36 2
43 2
43 2
39 2
39 2
43 2
43 2
36 2
36 2
43 2
43 2
39 2
39 2
43 2
43 2
38 2
38 2
45 2
45 2
41 2
41 2
45 2
45 2
38 2
38 2
45 2
45 2
41 2
41 2
45 2
45 2
37 2
37 2
44 2
44 2
41 2
41 2
44 2
44 2
37 2
37 2
44 2
44 2
41 2
41 2
44 2
44 2
E
S
H
48 11
72 4
46 4
45 4
43 8
72 2
36 11
72 4
38 11
72 4
41 4
43 4
44 8
72 2
46 8
72 2
42 2
43 2
44 2
45 2
46 2
47 2
48 11
72 4
46 4
45 4
43 8
72 2
36 11
72 4
38 11
72 4
41 4
43 4
44 8
72 2
46 8
72 2
38 0
39 0
72 2
40 0
72 0
41 0
72 1
42 0
72 1
43 0
72 0
44 0
45 0
72 2
46 2
45 4
43 5
72 0
41 4
43 10
72 2
41 5
72 0
41 5
72 0
43 11
72 4
48 2
46 4
43 5
72 0
41 4
43 10
72 2
41 5
72 0
41 5
72 0
43 11
72 4
39 11
72 2
36 4
38 4
39 4
41 11
46 11
48 11
72 2
44 4
46 4
48 4
50 13
48 11
72 4
46 4
45 4
43 8
72 2
36 11
72 4
38 11
72 4
41 4
43 4
44 8
72 2
46 11
72 4
48 11
72 4
46 4
45 4
43 8
72 2
36 11
72 4
38 11
72 4
41 4
43 4
44 8
72 2
46 8
72 2
42 2
43 2
44 2
45 2
46 2
47 2
48 11
72 4
46 4
45 4
43 8
72 2
36 11
72 4
38 11
72 4
41 4
43 4
44 8
72 2
46 8
72 2
42 2
43 2
44 2
45 2
46 2
47 2
48 11
72 4
46 4
45 4
43 8
72 2
36 11
72 4
38 11
72 4
41 4
43 4
44 8
72 2
46 8
72 2
38 0
39 0
72 2
40 0
72 0
41 0
72 1
42 0
72 1
43 0
72 0
44 0
45 0
72 2
46 2
45 4
43 5
72 0
41 4
43 10
72 2
41 5
72 0
41 5
72 0
43 11
72 4
48 2
46 4
43 5
72 0
41 4
43 10
72 2
41 5
72 0
41 5
72 0
43 11
72 4
39 11
72 2
36 4
38 4
39 4
41 11
46 11
48 11
72 2
44 4
46 4
48 4
50 13
48 11
72 4
46 4
45 4
43 8
72 2
36 11
72 4
38 11
72 4
41 4
43 4
44 8
72 2
46 11
72 4
48 11
72 4
46 4
45 4
43 8
72 2
36 11
72 4
38 11
72 4
41 4
43 4
44 8
72 2
46 8
72 2
42 2
43 2
44 2
45 2
46 2
47 2
E
S
L
12 11
72 2
19 4
26 4
25 4
24 8
72 2
19 6
72 2
12 4
19 4
24 4
14 8
72 2
14 6
72 2
21 4
26 4
14 4
13 8
72 2
13 6
72 2
20 4
25 4
13 4
12 11
72 2
19 4
26 4
25 4
24 8
72 2
19 6
72 2
12 4
19 4
24 4
14 8
72 2
14 6
72 2
21 4
26 4
14 4
13 8
72 2
13 6
72 2
20 4
25 4
13 4
12 2
19 4
24 6
12 6
72 2
12 2
12 2
19 4
24 4
26 4
72 2
26 4
72 2
27 6
72 2
27 2
27 2
26 2
26 2
24 2
22 2
20 2
27 4
32 6
20 6
72 2
20 2
20 2
27 4
20 4
20 4
72 2
27 4
72 2
32 6
72 2
20 4
20 2
32 2
19 2
31 2
29 4
24 6
72 2
17 6
72 2
24 4
29 4
17 4
19 4
19 6
72 2
26 6
72 2
31 4
26 4
19 4
20 4
20 6
72 2
27 6
72 2
32 4
27 4
20 4
22 4
22 6
72 2
29 6
72 2
34 4
29 4
22 4
12 11
72 2
19 4
26 4
25 4
24 8
72 2
19 6
72 2
12 4
19 4
24 4
14 8
72 2
14 6
72 2
21 4
26 4
14 4
13 8
72 2
13 6
72 2
20 4
25 4
13 4
12 11
72 2
19 4
26 4
25 4
24 8
72 2
19 6
72 2
12 4
19 4
24 4
14 8
72 2
14 6
72 2
21 4
26 4
14 4
13 8
72 2
13 6
72 2
20 4
25 4
13 4
12 11
72 2
19 4
26 4
25 4
24 8
72 2
19 6
72 2
12 4
19 4
24 4
14 8
72 2
14 6
72 2
21 4
26 4
14 4
13 8
72 2
13 6
72 2
20 4
25 4
13 4
12 11
72 2
19 4
26 4
25 4
24 8
72 2
19 6
72 2
12 4
19 4
24 4
14 8
72 2
14 6
72 2
21 4
26 4
14 4
13 8
72 2
13 6
72 2
20 4
25 4
13 4
12 2
19 4
24 6
12 6
72 2
12 2
12 2
19 4
24 4
26 4
72 2
26 4
72 2
27 6
72 2
27 2
27 2
26 2
26 2
24 2
22 2
20 2
27 4
32 6
20 6
72 2
20 2
20 2
27 4
20 4
20 4
72 2
27 4
72 2
32 6
72 2
20 4
20 2
32 2
19 2
31 2
29 4
24 6
72 2
17 6
72 2
24 4
29 4
17 4
19 4
19 6
72 2
26 6
72 2
31 4
26 4
19 4
20 4
20 6
72 2
27 6
72 2
32 4
27 4
20 4
22 4
22 6
72 2
29 6
72 2
34 4
29 4
22 4
12 11
72 2
19 4
26 4
25 4
24 8
72 2
19 6
72 2
12 4
19 4
24 4
14 8
72 2
14 6
72 2
21 4
26 4
14 4
13 8
72 2
13 6
72 2
20 4
25 4
13 4
12 11
72 2
19 4
26 4
25 4
24 8
72 2
19 6
72 2
12 4
19 4
24 4
14 8
72 2
14 6
72 2
21 4
26 4
14 4
13 8
72 2
13 6
72 2
20 4
25 4
13 4
E
X
