major
S
L
11 9
18 12
16 9
9 11
11 9
18 12
16 9
23 11
11 9
18 12
16 9
9 11
11 9
18 12
16 9
23 11
11 9
18 12
16 9
9 11
11 9
18 12
16 9
23 11
11 9
18 12
16 9
9 11
11 9
18 12
16 9
23 11
11 9
18 12
16 9
9 11
11 9
18 12
16 9
23 11
11 6
72 2
11 6
72 12
11 6
72 11
12 6
72 2
12 6
72 12
14 6
72 8
12 6
72 2
11 6
72 2
11 6
72 12
11 6
72 11
12 6
72 2
12 6
72 12
14 6
72 8
16 6
72 2
18 12
72 10
6 6
72 2
8 6
72 2
9 6
72 2
11 9
18 12
16 9
9 11
11 9
18 12
16 9
23 11
11 9
18 12
16 9
9 11
11 9
18 12
16 9
9 11
11 9
18 12
16 9
9 11
11 9
18 12
16 9
23 11
11 9
18 12
16 9
9 11
11 9
18 12
16 9
13 3
72 1
11 3
72 1
9 6
72 2
11 9
18 12
16 9
9 11
11 9
18 12
16 9
23 11
11 9
18 12
16 9
9 11
11 9
18 12
16 9
23 11
11 9
18 12
16 9
9 11
11 9
18 12
16 9
23 11
11 9
18 12
16 9
9 11
11 9
18 12
16 9
23 11
11 9
18 12
16 9
9 11
11 9
18 12
16 9
23 11
11 6
72 2
11 6
72 12
11 6
72 11
12 6
72 2
12 6
72 12
14 6
72 8
12 6
72 2
11 6
72 2
11 6
72 12
11 6
72 11
12 6
72 2
12 6
72 12
14 6
72 8
16 6
72 2
18 12
72 10
6 6
72 2
8 6
72 2
9 6
72 2
11 9
18 12
16 9
9 11
11 9
18 12
16 9
23 11
11 9
18 12
16 9
9 11
11 9
18 12
16 9
9 11
11 9
18 12
16 9
9 11
11 9
18 12
16 9
23 11
11 9
18 12
16 9
9 11
11 9
18 12
16 9
13 3
72 1
11 3
72 1
9 6
E
S
H
72 14
179 6
72 2
205 4
218 4
72 4
244 3
72 8
179 6
72 2
205 4
218 4
72 4
244 3
72 8
179 6
72 2
205 4
218 4
72 4
244 3
72 13
218 6
72 2
244 4
114 4
72 4
127 3
72 8
218 6
72 2
244 4
114 4
72 4
127 3
72 8
218 6
72 2
153 4
127 4
72 4
114 3
72 13
179 6
72 2
205 4
218 4
72 4
244 3
72 8
179 6
72 2
205 4
218 4
72 4
244 3
72 8
179 6
72 2
205 4
218 4
72 4
244 3
72 13
218 6
72 2
244 4
114 4
72 4
127 3
72 8
218 6
72 2
244 4
114 4
72 4
127 3
72 8
218 6
72 2
153 4
127 4
72 4
114 3
72 14
127 4
114 4
127 4
114 4
72 14
244 9
218 7
205 7
72 4
179 9
153 7
179 7
179 4
153 4
179 4
72 14
244 9
218 7
205 7
72 4
179 4
205 7
218 7
244 4
114 4
127 4
114 4
244 7
72 14
244 9
218 7
205 7
72 4
179 9
153 7
179 7
179 4
153 4
179 4
72 14
244 9
218 7
205 7
72 4
179 4
205 7
218 7
244 4
114 4
127 4
114 4
244 7
72 14
179 6
72 2
205 4
218 4
72 4
244 3
72 8
179 6
72 2
205 4
218 4
72 4
244 3
72 8
179 6
72 2
205 4
218 4
72 4
244 3
72 13
218 6
72 2
244 4
114 4
72 4
127 3
72 8
218 6
72 2
244 4
114 4
72 4
127 3
72 8
218 6
72 2
153 4
127 4
72 4
114 3
72 13
179 6
72 2
205 4
218 4
72 4
244 3
72 8
179 6
72 2
205 4
218 4
72 4
244 3
72 8
179 6
72 2
205 4
218 4
72 4
244 3
72 13
218 6
72 2
244 4
114 4
72 4
127 3
72 8
218 6
72 2
244 4
114 4
72 4
127 3
72 8
218 6
72 2
153 4
127 4
72 4
114 3
72 14
127 4
114 4
127 4
114 4
72 14
244 9
218 7
205 7
72 4
179 9
153 7
179 7
179 4
153 4
179 4
72 14
244 9
218 7
205 7
72 4
179 4
205 7
218 7
244 4
114 4
127 4
114 4
244 7
72 14
244 9
218 7
205 7
72 4
179 9
153 7
179 7
179 4
153 4
179 4
72 14
244 9
218 7
205 7
72 4
179 4
205 7
218 7
244 4
114 4
127 4
114 4
244 7
E
S
H
72 14
215 3
72 1
241 3
72 1
215 3
72 1
241 3
72 1
241 3
72 5
215 3
72 1
241 3
72 1
215 3
72 1
241 3
72 1
241 3
72 14
122 3
72 1
136 3
72 1
122 3
72 1
136 3
72 1
136 3
72 5
122 3
72 5
215 3
72 1
241 3
72 1
215 3
72 14
150 6
72 2
213 6
72 2
122 6
72 2
241 3
72 1
241 3
72 14
54 3
72 1
56 3
72 1
57 3
72 1
59 3
72 1
54 6
72 2
52 3
72 14
215 3
72 1
241 3
72 1
215 3
72 1
241 3
72 1
241 3
72 5
215 3
72 1
241 3
72 1
215 3
72 1
241 3
72 1
241 3
72 14
122 3
72 1
136 3
72 1
122 3
72 1
136 3
72 1
136 3
72 5
122 3
72 5
215 3
72 1
241 3
72 1
215 3
72 14
150 6
72 2
213 6
72 2
122 6
72 2
241 3
72 1
241 3
72 14
54 3
72 1
56 3
72 1
57 3
72 1
59 3
72 1
54 6
72 2
52 3
E
S
L
72 14
59 11
54 9
47 11
42 11
35 11
72 14
35 10
38 10
42 10
47 10
50 10
54 10
72 14
57 7
61 7
57 7
56 14
72 14
59 11
54 9
47 11
42 11
35 11
72 14
35 10
38 10
42 10
47 10
50 10
54 10
72 14
57 7
61 7
57 7
56 14
E
S
H
72 14
136 7
122 4
136 4
72 4
136 4
72 7
136 7
122 4
136 4
72 4
149 4
72 7
149 7
136 4
149 4
72 4
213 4
72 7
213 7
189 4
149 4
72 4
175 4
72 7
136 4
136 4
122 4
136 4
72 4
136 4
72 7
136 7
122 4
136 4
72 4
149 4
72 7
149 7
136 4
149 4
72 4
213 4
72 7
213 7
189 4
149 4
72 7
54 14
42 7
45 7
47 7
49 13
72 14
136 7
122 4
136 4
72 4
136 4
72 7
136 7
122 4
136 4
72 4
149 4
72 7
149 7
136 4
149 4
72 4
213 4
72 7
213 7
189 4
149 4
72 4
175 4
72 7
136 4
136 4
122 4
136 4
72 4
136 4
72 7
136 7
122 4
136 4
72 4
149 4
72 7
149 7
136 4
149 4
72 4
213 4
72 7
213 7
189 4
149 4
72 7
54 14
42 7
45 7
47 7
49 13
E
S
H
72 14
47 3
72 1
52 2
54 2
59 2
57 2
54 2
50 2
47 3
72 1
52 2
54 2
59 2
57 2
54 2
50 2
47 3
72 1
52 2
54 2
59 2
57 2
54 2
50 2
72 14
47 3
72 1
52 2
54 2
59 2
57 2
54 2
50 2
47 3
72 1
52 2
54 2
59 2
57 2
54 2
50 2
47 3
72 1
52 2
54 2
59 2
57 2
54 2
50 2
E
S
L
23 3
72 1
23 3
72 1
28 3
72 1
30 3
72 5
35 3
72 1
30 6
72 2
23 3
72 1
23 3
72 1
28 3
72 1
30 3
72 5
35 3
72 1
30 6
72 2
23 3
72 1
23 3
72 1
28 3
72 1
30 3
72 5
35 3
72 1
30 6
72 2
23 3
72 1
23 3
72 1
28 3
72 1
30 3
72 5
35 3
72 1
30 6
72 2
23 3
72 1
23 3
72 1
28 3
72 1
30 3
72 5
35 3
72 1
30 6
72 2
23 3
72 1
23 3
72 1
28 3
72 1
30 3
72 5
35 3
72 1
30 6
72 2
23 3
72 1
23 3
72 1
28 3
72 1
30 3
72 5
35 3
72 1
30 6
72 2
23 3
72 1
23 3
72 1
28 3
72 1
30 3
72 5
35 3
72 1
30 6
72 2
23 3
72 1
23 3
72 1
28 3
72 1
30 3
72 5
35 3
72 1
30 6
72 2
23 3
72 1
23 3
72 1
28 3
72 1
30 3
72 5
35 3
72 1
30 6
72 2
23 3
72 1
23 3
72 1
28 3
72 1
30 3
72 5
35 3
72 1
30 6
72 2
23 3
72 1
23 3
72 1
28 3
72 1
30 3
72 5
35 3
72 1
30 6
72 2
23 3
72 1
23 3
72 1
28 3
72 1
30 3
72 5
35 3
72 1
30 6
72 2
23 3
72 1
23 3
72 1
28 3
72 1
30 3
72 5
35 3
72 1
30 6
72 2
23 3
72 1
23 3
72 1
28 3
72 1
30 3
72 5
35 3
72 1
30 6
72 2
23 3
72 1
23 3
72 1
28 3
72 1
30 3
72 5
35 3
72 1
30 6
72 2
23 3
72 1
23 3
72 1
28 3
72 1
30 3
72 5
35 3
72 1
30 6
72 2
23 3
72 1
23 3
72 1
28 3
72 1
30 3
72 5
35 3
72 1
30 6
72 2
23 3
72 1
23 3
72 1
28 3
72 1
30 3
72 5
35 3
72 1
30 6
72 2
23 3
72 1
23 3
72 1
28 3
72 1
30 3
72 5
35 3
72 1
30 6
72 2
23 3
72 1
23 3
72 1
28 3
72 1
30 3
72 5
35 3
72 1
30 6
72 2
23 3
72 1
23 3
72 1
28 3
72 1
30 3
72 5
35 3
72 1
30 6
72 2
24 3
72 1
24 3
72 1
30 3
72 1
31 3
72 5
36 3
72 1
31 6
72 2
24 3
72 1
24 3
72 1
30 3
72 1
31 3
72 5
36 3
72 1
31 6
72 2
23 3
72 1
23 3
72 1
28 3
72 1
30 3
72 5
35 3
72 1
30 6
72 2
23 3
72 1
23 3
72 1
28 3
72 1
30 3
72 5
35 3
72 1
30 6
72 2
24 3
72 1
24 3
72 1
30 3
72 1
31 3
72 5
36 3
72 1
31 6
72 2
24 3
72 1
24 3
72 1
30 3
72 1
31 3
72 5
36 3
72 1
31 6
72 2
30 3
72 1
30 3
72 1
35 3
72 1
37 3
72 5
42 3
72 1
37 3
72 1
30 3
72 13
23 3
72 1
23 3
72 1
28 3
72 1
30 3
72 5
35 3
72 1
30 6
72 2
23 3
72 1
23 3
72 1
28 3
72 1
30 3
72 5
35 3
72 1
30 6
72 2
23 3
72 1
23 3
72 1
28 3
72 1
30 3
72 5
35 3
72 1
30 6
72 2
23 3
72 1
23 3
72 1
28 3
72 1
30 3
72 5
35 3
72 1
30 6
72 2
23 3
72 1
23 3
72 1
28 3
72 1
30 3
72 5
35 3
72 1
30 6
72 2
23 3
72 1
23 3
72 1
28 3
72 1
30 3
72 5
35 3
72 1
30 6
72 2
23 3
72 1
23 3
72 1
28 3
72 1
30 3
72 5
35 3
72 1
30 6
72 2
23 3
72 1
23 3
72 1
28 3
72 1
30 3
72 5
35 3
72 1
30 6
72 2
23 3
72 1
23 3
72 1
28 3
72 1
30 3
72 5
35 3
72 1
30 6
72 2
23 3
72 1
23 3
72 1
28 3
72 1
30 3
72 5
35 3
72 1
30 6
72 2
23 3
72 1
23 3
72 1
28 3
72 1
30 3
72 5
35 3
72 1
30 6
72 2
23 3
72 1
23 3
72 1
28 3
72 1
30 3
72 5
35 3
72 1
30 6
72 2
23 3
72 1
23 3
72 1
28 3
72 1
30 3
72 5
35 3
72 1
30 6
72 2
23 3
72 1
23 3
72 1
28 3
72 1
30 3
72 5
35 3
72 1
30 6
72 2
23 3
72 1
23 3
72 1
28 3
72 1
30 3
72 5
35 3
72 1
30 6
72 2
23 3
72 1
23 3
72 1
28 3
72 1
30 3
72 5
35 3
72 1
30 6
72 2
23 3
72 1
23 3
72 1
28 3
72 1
30 3
72 5
35 3
72 1
30 6
72 2
23 3
72 1
23 3
72 1
28 3
72 1
30 3
72 5
35 3
72 1
30 6
72 2
23 3
72 1
23 3
72 1
28 3
72 1
30 3
72 5
35 3
72 1
30 6
72 2
23 3
72 1
23 3
72 1
28 3
72 1
30 3
72 5
35 3
72 1
30 6
72 2
23 3
72 1
23 3
72 1
28 3
72 1
30 3
72 5
35 3
72 1
30 6
72 2
23 3
72 1
23 3
72 1
28 3
72 1
30 3
72 5
35 3
72 1
30 6
72 2
23 3
72 1
23 3
72 1
28 3
72 1
30 3
72 5
35 3
72 1
30 6
72 2
23 3
72 1
23 3
72 1
28 3
72 1
30 3
72 5
35 3
72 1
30 6
72 2
23 3
72 1
23 3
72 1
28 3
72 1
30 3
72 5
35 3
72 1
30 6
72 2
23 3
72 1
23 3
72 1
28 3
72 1
30 3
72 5
35 3
72 1
30 6
72 2
23 3
72 1
23 3
72 1
28 3
72 1
30 3
72 5
35 3
72 1
30 6
72 2
23 3
72 1
23 3
72 1
28 3
72 1
30 3
72 5
35 3
72 1
30 6
72 2
23 3
72 1
23 3
72 1
28 3
72 1
30 3
72 5
35 3
72 1
30 6
72 2
23 3
72 1
23 3
72 1
28 3
72 1
30 3
72 5
35 3
72 1
30 6
72 2
23 3
72 1
23 3
72 1
28 3
72 1
30 3
72 5
35 3
72 1
30 6
72 2
23 3
72 1
23 3
72 1
28 3
72 1
30 3
72 5
35 3
72 1
30 6
72 2
23 3
72 1
23 3
72 1
28 3
72 1
30 3
72 5
35 3
72 1
30 6
72 2
23 3
72 1
23 3
72 1
28 3
72 1
30 3
72 5
35 3
72 1
30 6
72 2
23 3
72 1
23 3
72 1
28 3
72 1
30 3
72 5
35 3
72 1
30 6
72 2
23 3
72 1
23 3
72 1
28 3
72 1
30 3
72 5
35 3
72 1
30 6
72 2
23 3
72 1
23 3
72 1
28 3
72 1
30 3
72 5
35 3
72 1
30 6
72 2
23 3
72 1
23 3
72 1
28 3
72 1
30 3
72 5
35 3
72 1
30 6
72 2
24 3
72 1
24 3
72 1
30 3
72 1
31 3
72 5
36 3
72 1
31 6
72 2
24 3
72 1
24 3
72 1
30 3
72 1
31 3
72 5
36 3
72 1
31 6
72 2
23 3
72 1
23 3
72 1
28 3
72 1
30 3
72 5
35 3
72 1
30 6
72 2
23 3
72 1
23 3
72 1
28 3
72 1
30 3
72 5
35 3
72 1
30 6
72 2
24 3
72 1
24 3
72 1
30 3
72 1
31 3
72 5
36 3
72 1
31 6
72 2
24 3
72 1
24 3
72 1
30 3
72 1
31 3
72 5
36 3
72 1
31 6
72 2
30 3
72 1
30 3
72 1
35 3
72 1
37 3
72 5
42 3
72 1
37 3
72 1
30 3
72 13
23 3
72 1
23 3
72 1
28 3
72 1
30 3
72 5
35 3
72 1
30 6
72 2
23 3
72 1
23 3
72 1
28 3
72 1
30 3
72 5
35 3
72 1
30 6
72 2
23 3
72 1
23 3
72 1
28 3
72 1
30 3
72 5
35 3
72 1
30 6
72 2
23 3
72 1
23 3
72 1
28 3
72 1
30 3
72 5
35 3
72 1
30 6
72 2
23 3
72 1
23 3
72 1
28 3
72 1
30 3
72 5
35 3
72 1
30 6
72 2
23 3
72 1
23 3
72 1
28 3
72 1
30 3
72 5
35 3
72 1
30 6
72 2
23 3
72 1
23 3
72 1
28 3
72 1
30 3
72 5
35 3
72 1
30 6
72 2
23 3
72 1
23 3
72 1
28 3
72 1
30 3
72 5
35 3
72 1
30 6
72 2
23 3
72 1
23 3
72 1
28 3
72 1
30 3
72 5
35 3
72 1
30 6
72 2
23 3
72 1
23 3
72 1
28 3
72 1
30 3
72 5
35 3
72 1
30 6
72 2
23 3
72 1
23 3
72 1
28 3
72 1
30 3
72 5
35 3
72 1
30 6
72 2
23 3
72 1
23 3
72 1
28 3
72 1
30 3
72 5
35 3
72 1
30 6
72 2
23 3
72 1
23 3
72 1
28 3
72 1
30 3
72 5
35 3
72 1
30 6
72 2
23 3
72 1
23 3
72 1
28 3
72 1
30 3
72 5
35 3
72 1
30 6
72 2
23 3
72 1
23 3
72 1
28 3
72 1
30 3
72 5
35 3
72 1
30 6
72 2
23 3
72 1
23 3
72 1
28 3
72 1
30 3
72 5
35 3
72 1
30 6
E
S
L
20 3
72 1
20 3
72 1
20 3
72 1
20 3
72 1
20 3
72 1
20 3
72 1
20 3
72 1
20 3
72 1
20 3
72 1
20 3
72 1
20 3
72 1
20 3
72 1
20 3
72 1
20 3
72 1
20 3
72 1
20 3
72 1
20 3
72 1
20 3
72 1
20 3
72 1
20 3
72 1
20 3
72 1
20 3
72 1
20 3
72 1
20 3
72 1
20 3
72 1
20 3
72 1
20 3
72 1
20 3
72 1
20 3
72 1
20 3
72 1
20 3
72 1
20 3
72 1
20 3
72 1
20 3
72 1
20 3
72 1
20 3
72 1
20 3
72 1
20 3
72 1
20 3
72 1
20 3
72 1
20 3
72 1
20 3
72 1
20 3
72 1
20 3
72 1
20 3
72 1
20 3
72 1
20 3
72 1
20 3
72 1
20 3
72 1
20 3
72 1
20 3
72 1
20 3
72 1
20 3
72 1
20 3
72 1
20 3
72 1
20 3
72 1
20 3
72 1
20 3
72 1
20 3
72 1
20 3
72 1
20 3
72 1
20 3
72 1
20 3
72 1
20 3
72 1
20 3
72 1
20 3
72 1
20 3
72 1
20 3
72 1
20 3
72 1
20 3
72 1
20 3
72 1
20 3
72 1
20 3
72 1
20 3
72 1
20 3
72 1
20 3
72 1
20 3
72 1
20 3
72 1
20 3
72 1
20 3
72 1
20 3
72 1
20 3
72 1
20 3
72 1
20 3
72 1
20 3
72 1
20 3
72 1
20 3
72 1
20 3
72 1
20 3
72 1
20 3
72 1
20 3
72 1
20 3
72 1
20 3
72 1
20 3
72 1
20 3
72 1
20 3
72 1
20 3
72 1
20 3
72 1
20 3
72 1
20 3
72 1
20 3
72 1
20 3
72 1
20 3
72 1
20 3
72 1
20 3
72 1
20 3
72 1
20 3
72 1
20 3
72 1
20 3
72 1
20 3
72 1
20 3
72 1
20 3
72 1
20 3
72 1
20 3
72 1
20 3
72 1
20 3
72 1
20 3
72 1
20 3
72 1
20 3
72 1
20 3
72 1
20 3
72 1
20 3
72 1
20 3
72 1
20 3
72 1
20 3
72 1
20 3
72 1
20 3
72 1
20 3
72 1
20 3
72 1
20 3
72 1
20 3
72 1
20 3
72 1
20 3
72 1
20 3
72 1
20 3
72 1
20 3
72 1
20 3
72 1
20 3
72 1
20 3
72 1
20 3
72 1
20 3
72 1
20 3
72 1
20 3
72 1
20 3
72 1
20 3
72 1
20 3
72 1
20 3
72 1
20 3
72 1
20 3
72 1
20 3
72 1
20 3
72 1
20 3
72 1
20 3
72 1
20 3
72 1
20 3
72 1
20 3
72 1
20 3
72 1
20 3
72 1
20 3
72 1
20 3
72 1
20 3
72 1
20 3
72 1
20 3
72 1
20 3
72 1
20 3
72 1
20 3
72 1
20 3
72 1
20 3
72 1
20 3
72 1
20 3
72 1
20 3
72 1
20 3
72 1
20 3
72 1
20 3
72 1
20 3
72 1
20 3
72 1
20 3
72 1
20 3
72 1
20 3
72 1
20 3
72 1
20 3
72 1
20 3
72 1
20 3
72 1
20 3
72 1
20 3
72 1
20 3
72 1
20 3
72 1
20 3
72 1
20 3
72 1
20 3
72 1
20 3
72 1
20 3
72 1
20 3
72 1
20 3
72 1
20 3
72 1
20 3
72 1
20 3
72 1
20 3
72 1
20 3
72 1
20 3
72 1
20 3
72 1
20 3
72 1
20 3
72 1
20 3
72 1
20 3
72 1
20 3
72 1
20 3
72 1
20 3
72 1
20 3
72 1
20 3
72 1
20 3
72 1
20 3
72 1
20 3
72 1
20 3
72 1
20 3
72 1
20 3
72 1
20 3
72 1
20 3
72 1
20 3
72 1
20 3
72 1
20 3
72 1
20 3
72 1
20 3
72 1
20 3
72 1
20 3
72 1
20 3
72 1
20 3
72 1
20 3
72 1
20 3
72 1
20 3
72 1
20 3
72 1
20 3
72 1
20 3
72 1
20 3
72 1
20 3
72 1
20 3
72 1
20 3
72 1
20 3
72 1
20 3
72 1
20 3
72 1
20 3
72 1
20 3
72 1
20 3
72 1
20 3
72 1
20 3
72 1
20 3
72 1
20 3
72 1
20 3
72 1
20 3
72 1
20 3
72 1
20 3
72 1
20 3
72 1
20 3
72 1
20 3
72 1
20 3
72 1
20 3
72 1
20 3
72 1
20 3
72 1
20 3
72 1
20 3
72 1
20 3
72 1
20 3
72 1
20 3
72 1
20 3
72 1
20 3
72 1
20 3
72 1
20 3
72 1
20 3
72 1
20 3
72 1
20 3
72 1
20 3
72 1
20 3
72 1
20 3
72 1
20 3
72 1
20 3
72 1
20 3
72 1
20 3
72 1
20 3
72 1
20 3
72 1
20 3
72 1
20 3
72 1
20 3
72 1
20 3
72 1
20 3
72 1
20 3
72 1
20 3
72 1
20 3
72 1
20 3
72 1
20 3
72 1
20 3
72 1
20 3
72 1
20 3
72 1
20 3
72 1
20 3
72 1
20 3
72 1
20 3
72 1
20 3
72 1
20 3
72 1
20 3
72 1
20 3
72 1
20 3
72 1
20 3
72 1
20 3
72 1
20 3
72 1
20 3
72 1
20 3
72 1
20 3
72 1
20 3
72 1
20 3
72 1
20 3
72 1
20 3
72 1
20 3
72 1
20 3
72 1
20 3
72 1
20 3
72 1
20 3
72 1
20 3
72 1
20 3
72 1
20 3
72 1
20 3
72 1
20 3
72 1
20 3
72 1
20 3
72 1
20 3
72 1
20 3
72 1
20 3
72 1
20 3
72 1
20 3
72 1
20 3
72 1
20 3
72 1
20 3
72 1
20 3
72 1
20 3
72 1
20 3
72 1
20 3
72 1
20 3
72 1
20 3
72 1
20 3
72 1
20 3
72 1
20 3
72 1
20 3
72 1
20 3
72 1
20 3
72 1
20 3
72 1
20 3
72 1
20 3
72 1
20 3
72 1
20 3
72 1
20 3
72 1
20 3
72 1
20 3
72 1
20 3
72 1
20 3
72 1
20 3
72 1
20 3
72 1
20 3
72 1
20 3
72 1
20 3
72 1
20 3
72 1
20 3
72 1
20 3
72 1
20 3
72 1
20 3
72 1
20 3
72 1
20 3
72 1
20 3
72 1
20 3
72 1
20 3
72 1
20 3
72 1
20 3
72 1
20 3
72 1
20 3
72 1
20 3
72 1
20 3
72 1
20 3
72 1
20 3
72 1
20 3
72 1
20 3
72 1
20 3
72 1
20 3
72 1
20 3
72 1
20 3
72 1
20 3
72 1
20 3
72 1
20 3
72 1
20 3
72 1
20 3
72 1
20 3
72 1
20 3
72 1
20 3
72 1
20 3
72 1
20 3
72 1
20 3
72 1
20 3
72 1
20 3
72 1
20 3
72 1
20 3
72 1
20 3
72 1
20 3
72 1
20 3
72 1
20 3
72 1
20 3
72 1
20 3
72 1
20 3
72 1
20 3
72 1
20 3
72 1
20 3
72 1
20 3
72 1
20 3
72 1
20 3
72 1
20 3
72 1
20 3
72 1
20 3
72 1
20 3
72 1
20 3
72 1
20 3
72 1
20 3
72 1
20 3
72 1
20 3
72 1
20 3
72 1
20 3
72 1
20 3
72 1
20 3
72 1
20 3
72 1
20 3
72 1
20 3
72 1
20 3
72 1
20 3
72 1
20 3
72 1
20 3
72 1
20 3
72 1
20 3
72 1
20 3
72 1
20 3
72 1
20 3
72 1
20 3
72 1
20 3
72 1
20 3
72 1
20 3
72 1
20 3
72 1
20 3
72 1
20 3
72 1
20 3
72 1
20 3
72 1
20 3
72 1
20 3
72 1
20 3
72 1
20 3
72 1
20 3
72 1
20 3
72 1
20 3
72 1
20 3
72 1
20 3
72 1
20 3
72 1
20 3
72 1
20 3
72 1
20 3
72 1
20 3
72 1
20 3
72 1
20 3
72 1
20 3
72 1
20 3
72 1
20 3
72 1
20 3
72 1
20 3
72 1
20 3
72 1
20 3
72 1
20 3
72 1
20 3
72 1
20 3
72 1
20 3
72 1
20 3
72 1
20 3
72 1
20 3
72 1
20 3
72 1
20 3
72 1
20 3
72 1
20 3
72 1
20 3
72 1
20 3
72 1
20 3
72 1
20 3
72 1
20 3
72 1
20 3
72 1
20 3
72 1
20 3
72 1
20 3
72 1
20 3
72 1
20 3
72 1
20 3
72 1
20 3
72 1
20 3
72 1
20 3
72 1
20 3
72 1
20 3
72 1
20 3
72 1
20 3
72 1
20 3
72 1
20 3
72 1
20 3
72 1
20 3
72 1
20 3
72 1
20 3
72 1
20 3
72 1
20 3
72 1
20 3
72 1
20 3
72 1
20 3
72 1
20 3
72 1
20 3
72 1
20 3
72 1
20 3
72 1
20 3
72 1
20 3
72 1
20 3
72 1
20 3
72 1
20 3
72 1
20 3
72 1
20 3
72 1
20 3
72 1
20 3
72 1
20 3
72 1
20 3
72 1
20 3
72 1
20 3
72 1
20 3
72 1
20 3
72 1
20 3
72 1
20 3
72 1
20 3
72 1
20 3
72 1
20 3
72 1
20 3
72 1
20 3
72 1
20 3
72 1
20 3
72 1
20 3
72 1
20 3
72 1
20 3
72 1
20 3
72 1
20 3
72 1
20 3
72 1
20 3
72 1
20 3
72 1
20 3
72 1
20 3
72 1
20 3
72 1
20 3
72 1
20 3
72 1
20 3
72 1
20 3
72 1
20 3
72 1
20 3
72 1
20 3
72 1
20 3
72 1
20 3
72 1
20 3
72 1
20 3
72 1
20 3
72 1
20 3
72 1
20 3
72 1
20 3
72 1
20 3
72 1
20 3
72 1
20 3
72 1
20 3
72 1
20 3
72 1
20 3
72 1
20 3
72 1
20 3
72 1
20 3
72 1
20 3
72 1
20 3
72 1
20 3
72 1
20 3
72 1
20 3
72 1
20 3
72 1
20 3
72 1
20 3
72 1
20 3
72 1
20 3
72 1
20 3
72 1
20 3
72 1
20 3
72 1
20 3
72 1
20 3
72 1
20 3
72 1
20 3
72 1
20 3
72 1
20 3
72 1
20 3
72 1
20 3
72 1
20 3
72 1
20 3
72 1
20 3
72 1
20 3
72 1
20 3
72 1
20 3
72 1
20 3
72 1
20 3
72 1
20 3
72 1
20 3
72 1
20 3
72 1
20 3
72 1
20 3
72 1
20 3
72 1
20 3
72 1
20 3
72 1
20 3
72 1
20 3
72 1
20 3
72 1
20 3
72 1
20 3
72 1
20 3
72 1
20 3
72 1
20 3
72 1
20 3
72 1
20 3
72 1
20 3
72 1
20 3
72 1
20 3
72 1
20 3
72 1
20 3
72 1
20 3
72 1
20 3
72 1
20 3
72 1
20 3
72 1
20 3
72 1
20 3
72 1
20 3
72 1
20 3
72 1
20 3
72 1
20 3
72 1
20 3
72 1
20 3
72 1
20 3
72 1
20 3
72 1
20 3
72 1
20 3
72 1
20 3
72 1
20 3
72 1
20 3
72 1
20 3
72 1
20 3
72 1
20 3
72 1
20 3
72 1
20 3
72 1
20 3
72 1
20 3
72 1
20 3
72 1
20 3
72 1
20 3
72 1
20 3
72 1
20 3
72 1
20 3
72 1
20 3
72 1
20 3
72 1
20 3
72 1
20 3
72 1
20 3
72 1
20 3
72 1
20 3
72 1
20 3
72 1
20 3
72 1
20 3
72 1
20 3
72 1
20 3
72 1
20 3
72 1
20 3
72 1
20 3
72 1
20 3
72 1
20 3
72 1
20 3
72 1
20 3
72 1
20 3
72 1
20 3
72 1
20 3
72 1
20 3
72 1
20 3
72 1
20 3
72 1
20 3
72 1
20 3
72 1
20 3
72 1
20 3
72 1
20 3
72 1
20 3
72 1
20 3
72 1
20 3
72 1
20 3
72 1
20 3
72 1
20 3
72 1
20 3
72 1
20 3
72 1
20 3
72 1
20 3
72 1
20 3
72 1
20 3
72 1
20 3
72 1
20 3
72 1
20 3
72 1
20 3
72 1
20 3
72 1
20 3
72 1
20 3
72 1
20 3
72 1
20 3
72 1
20 3
72 1
20 3
72 1
20 3
72 1
20 3
72 1
20 3
72 1
20 3
72 1
20 3
72 1
20 3
72 1
20 3
72 1
20 3
72 1
20 3
72 1
20 3
72 1
20 3
72 1
20 3
72 1
20 3
72 1
20 3
72 1
20 3
72 1
20 3
72 1
20 3
72 1
20 3
72 1
20 3
72 1
20 3
72 1
20 3
72 1
20 3
72 1
20 3
72 1
20 3
72 1
20 3
72 1
20 3
72 1
20 3
72 1
20 3
E
S
L
11 3
72 1
11 6
72 2
11 6
72 6
11 6
72 6
11 3
72 1
14 3
72 1
14 3
72 8
14 3
72 1
14 3
72 1
11 3
72 1
11 6
72 2
11 6
72 6
11 6
72 6
11 3
72 1
14 3
72 1
14 3
72 8
7 2
7 2
7 2
7 2
11 3
72 1
11 6
72 2
11 6
72 6
11 6
72 6
11 3
72 1
14 3
72 1
14 3
72 8
14 3
72 1
14 3
72 1
11 3
72 1
11 6
72 2
11 6
72 6
11 6
72 6
11 3
72 1
14 3
72 1
14 3
72 8
14 3
72 1
14 3
72 1
11 3
72 1
11 6
72 2
11 6
72 6
11 6
72 6
11 3
72 1
14 3
72 1
14 3
72 8
14 3
72 1
14 3
72 1
11 3
72 1
11 6
72 2
11 6
72 6
11 6
72 6
11 3
72 1
14 3
72 1
14 3
72 8
120 2
120 2
120 2
120 2
11 3
72 1
11 6
72 2
11 6
72 6
11 6
72 6
11 3
72 1
14 3
72 1
14 3
72 8
14 3
72 1
14 3
72 1
11 3
72 1
11 6
72 2
11 6
72 6
11 6
72 6
11 3
72 1
14 3
72 1
14 3
72 8
14 3
72 1
14 3
72 1
11 3
72 1
11 6
72 2
11 6
72 6
11 6
72 6
11 3
72 1
14 3
72 1
14 3
72 8
14 3
72 1
14 3
72 1
11 3
72 1
11 6
72 2
11 6
72 6
11 6
72 6
11 3
72 1
14 3
72 1
14 3
72 8
14 3
72 1
14 3
72 1
11 3
72 1
11 6
72 2
11 6
72 6
11 6
72 6
11 3
72 1
14 3
72 1
14 3
72 8
14 3
72 1
14 3
72 1
11 3
72 1
11 6
72 2
11 6
72 6
11 6
72 6
11 3
72 1
14 3
72 1
14 3
72 8
14 3
72 1
14 3
72 1
11 3
72 1
11 6
72 2
11 6
72 6
11 6
72 6
11 3
72 1
14 3
72 1
14 3
72 8
14 3
72 1
14 3
72 1
11 3
72 1
11 6
72 2
11 6
72 6
11 6
72 6
11 3
72 1
14 3
72 1
14 3
72 8
14 3
72 1
14 3
72 1
11 3
72 1
11 6
72 2
11 6
72 6
11 6
72 6
11 3
72 1
14 3
72 1
14 3
72 8
14 3
72 1
14 3
72 1
11 3
72 1
11 6
72 2
11 6
72 6
11 6
72 6
11 3
72 1
14 3
72 1
14 3
72 8
14 3
72 1
14 3
72 1
11 3
72 1
11 6
72 2
11 6
72 6
11 6
72 6
11 3
72 1
14 3
72 1
14 3
72 8
14 3
72 1
14 3
72 1
11 3
72 1
11 6
72 2
11 6
72 6
11 6
72 6
11 3
72 1
14 3
72 1
14 3
72 8
14 3
72 1
14 3
72 1
11 3
72 1
11 6
72 2
11 6
72 6
11 6
72 6
11 3
72 1
14 3
72 1
14 3
72 8
14 3
72 1
14 3
72 1
11 3
72 1
11 6
72 2
11 6
72 6
11 6
72 6
11 3
72 1
14 3
72 1
14 3
72 8
14 3
72 1
14 3
72 1
11 3
72 1
11 6
72 2
11 6
72 6
11 6
72 6
11 3
72 1
14 3
72 1
14 3
72 8
120 2
120 2
120 2
120 2
11 3
72 1
11 6
72 2
11 6
72 6
11 6
72 6
11 3
72 1
14 3
72 1
14 3
72 8
14 3
72 1
14 3
72 1
11 3
72 1
11 6
72 2
11 6
72 6
11 6
72 6
11 3
72 1
14 3
72 1
14 3
72 8
14 3
72 1
14 3
72 1
11 3
72 1
11 6
72 2
11 6
72 6
11 6
72 6
11 3
72 1
14 3
72 1
14 3
72 8
14 3
72 1
14 3
72 1
11 3
72 1
11 6
72 2
11 6
72 6
11 6
72 6
11 3
72 1
14 3
72 1
14 3
72 8
7 2
7 2
7 2
7 2
11 3
72 1
11 6
72 2
11 6
72 6
11 6
72 6
11 3
72 1
14 3
72 1
14 3
72 8
14 3
72 1
14 3
72 1
11 3
72 1
11 6
72 2
11 6
72 6
11 6
72 6
11 3
72 1
14 3
72 1
14 3
72 8
14 3
72 1
14 3
72 1
11 3
72 1
11 6
72 2
11 6
72 6
11 6
72 6
11 3
72 1
14 3
72 1
14 3
72 8
14 3
72 1
14 3
72 1
11 3
72 1
11 6
72 2
11 6
72 6
11 6
72 6
11 3
72 1
14 3
72 1
14 3
72 8
120 2
120 2
120 2
120 2
11 3
72 1
11 6
72 2
11 6
72 6
11 6
72 6
11 3
72 1
14 3
72 1
14 3
72 8
14 3
72 1
14 3
72 1
11 3
72 1
11 6
72 2
11 6
72 6
11 6
72 6
11 3
72 1
14 3
72 1
14 3
72 8
14 3
72 1
14 3
72 1
11 3
72 1
11 6
72 2
11 6
72 6
11 6
72 6
11 3
72 1
14 3
72 1
14 3
72 8
14 3
72 1
14 3
72 1
11 3
72 1
11 6
72 2
11 6
72 6
11 6
72 6
11 3
72 1
14 3
72 1
14 3
72 8
14 3
72 1
14 3
72 1
11 3
72 1
11 6
72 2
11 6
72 6
11 6
72 6
11 3
72 1
14 3
72 1
14 3
72 8
14 3
72 1
14 3
72 1
11 3
72 1
11 6
72 2
11 6
72 6
11 6
72 6
11 3
72 1
14 3
72 1
14 3
72 8
14 3
72 1
14 3
72 1
11 3
72 1
11 6
72 2
11 6
72 6
11 6
72 6
11 3
72 1
14 3
72 1
14 3
72 8
14 3
72 1
14 3
72 1
11 3
72 1
11 6
72 2
11 6
72 6
11 6
72 6
11 3
72 1
14 3
72 1
14 3
72 8
14 3
72 1
14 3
72 1
11 3
72 1
11 6
72 2
11 6
72 6
11 6
72 6
11 3
72 1
14 3
72 1
14 3
72 8
14 3
72 1
14 3
72 1
11 3
72 1
11 6
72 2
11 6
72 6
11 6
72 6
11 3
72 1
14 3
72 1
14 3
72 8
14 3
72 1
14 3
72 1
11 3
72 1
11 6
72 2
11 6
72 6
11 6
72 6
11 3
72 1
14 3
72 1
14 3
72 8
14 3
72 1
14 3
72 1
11 3
72 1
11 6
72 2
11 6
72 6
11 6
72 6
11 3
72 1
14 3
72 1
14 3
72 8
14 3
72 1
14 3
72 1
11 3
72 1
11 6
72 2
11 6
72 6
11 6
72 6
11 3
72 1
14 3
72 1
14 3
72 8
14 3
72 1
14 3
72 1
11 3
72 1
11 6
72 2
11 6
72 6
11 6
72 6
11 3
72 1
14 3
72 1
14 3
72 8
14 3
72 1
14 3
72 1
11 3
72 1
11 6
72 2
11 6
72 6
11 6
72 6
11 3
72 1
14 3
72 1
14 3
72 8
120 2
120 2
120 2
120 2
11 3
72 1
11 6
72 2
11 6
72 6
11 6
72 6
11 3
72 1
14 3
72 1
14 3
72 8
14 3
72 1
14 3
72 1
11 3
72 1
11 6
72 2
11 6
72 6
11 6
72 6
11 3
72 1
14 3
72 1
14 3
72 8
14 3
72 1
14 3
E
X
