minor
S
H
72 14
47 4
52 4
55 4
54 4
50 4
45 4
47 4
52 4
55 4
54 4
55 4
57 4
72 13
47 4
52 4
55 4
54 4
50 4
45 4
47 4
52 4
55 4
54 4
55 4
57 4
59 4
72 14
55 4
57 7
50 4
55 7
47 12
72 14
47 4
52 4
55 4
54 4
50 4
45 4
47 4
52 4
55 4
54 4
55 4
57 4
72 13
47 4
52 4
55 4
54 4
50 4
45 4
47 4
52 4
55 4
54 4
55 4
57 4
59 4
72 14
55 4
57 7
50 4
55 7
47 12
E
S
L
72 12
14 2
11 2
14 2
12 2
16 4
14 2
11 2
14 2
12 2
16 4
72 14
53 2
53 2
52 2
50 4
52 6
14 2
11 2
14 2
12 2
16 4
14 2
11 2
14 2
12 2
16 4
72 14
213 2
213 2
213 4
158 2
158 2
158 8
14 2
11 2
14 2
12 2
16 4
14 2
11 2
14 2
12 2
16 4
72 14
53 2
53 2
52 2
50 4
52 6
14 2
11 2
14 2
12 2
16 4
14 2
11 2
14 2
12 2
16 4
72 14
213 2
213 2
213 4
158 2
158 2
158 8
14 2
11 2
14 2
12 2
16 4
14 2
11 2
14 2
12 2
16 4
72 14
53 2
53 2
52 2
50 4
52 6
14 2
11 2
14 2
12 2
16 4
14 2
11 2
14 2
12 2
16 4
72 14
213 2
213 2
213 4
158 2
158 2
158 8
14 2
11 2
14 2
12 2
16 4
14 2
11 2
14 2
12 2
16 4
72 14
53 2
53 2
52 2
50 4
52 6
14 2
11 2
14 2
12 2
16 4
14 2
11 2
14 2
12 2
16 4
72 14
213 2
213 2
213 4
158 2
158 2
158 8
72 14
14 2
11 2
14 2
12 2
16 4
14 2
11 2
14 2
12 2
16 4
72 14
53 2
53 2
52 2
50 4
52 6
14 2
11 2
14 2
12 2
16 4
14 2
11 2
14 2
12 2
16 4
72 14
213 2
213 2
213 4
158 2
158 2
158 8
14 2
11 2
14 2
12 2
16 4
14 2
11 2
14 2
12 2
16 4
72 14
53 2
53 2
52 2
50 4
52 6
14 2
11 2
14 2
12 2
16 4
14 2
11 2
14 2
12 2
16 4
72 14
213 2
213 2
213 4
158 2
158 2
158 8
14 2
11 2
14 2
12 2
16 4
14 2
11 2
14 2
12 2
16 4
72 14
53 2
53 2
52 2
50 4
52 6
14 2
11 2
14 2
12 2
16 4
14 2
11 2
14 2
12 2
16 4
72 14
213 2
213 2
213 4
158 2
158 2
158 8
14 2
11 2
14 2
12 2
16 4
14 2
11 2
14 2
12 2
16 4
72 14
53 2
53 2
52 2
50 4
52 6
14 2
11 2
14 2
12 2
16 4
14 2
11 2
14 2
12 2
16 4
72 14
213 2
213 2
213 4
158 2
158 2
158 8
E
S
H
72 12
28 3
72 4
28 2
72 4
28 2
72 2
28 0
72 2
28 3
72 4
175 3
72 4
175 2
72 4
175 2
72 2
175 0
72 2
187 3
72 4
189 3
72 4
189 2
72 4
189 2
72 2
189 0
72 2
213 3
72 4
213 3
72 4
213 2
72 4
213 2
72 2
213 0
72 2
237 3
72 4
28 3
72 4
28 2
72 4
28 2
72 2
28 0
72 2
28 3
72 4
175 3
72 4
175 2
72 4
175 2
72 2
175 0
72 2
187 3
72 4
189 3
72 4
189 2
72 4
189 2
72 2
189 0
72 2
213 3
72 4
213 3
72 4
213 2
72 4
213 2
72 2
213 0
72 2
237 3
72 4
28 3
72 4
28 2
72 4
28 2
72 2
28 0
72 2
28 3
72 4
175 3
72 4
175 2
72 4
175 2
72 2
175 0
72 2
187 3
72 4
189 3
72 4
189 2
72 4
189 2
72 2
189 0
72 2
213 3
72 4
213 3
72 4
213 2
72 4
213 2
72 2
213 0
72 2
237 3
72 4
28 3
72 4
28 2
72 4
28 2
72 2
28 0
72 2
28 3
72 4
175 3
72 4
175 2
72 4
175 2
72 2
175 0
72 2
187 3
72 4
189 3
72 4
189 2
72 4
189 2
72 2
189 0
72 2
213 3
72 4
213 3
72 4
213 2
72 4
213 2
72 2
213 0
72 2
237 3
72 4
28 3
72 4
28 2
72 4
28 2
72 2
28 0
72 2
28 3
72 4
175 3
72 4
175 2
72 4
175 2
72 2
175 0
72 2
187 3
72 4
189 3
72 4
189 2
72 4
189 2
72 2
189 0
72 2
213 3
72 4
213 3
72 4
213 2
72 4
213 2
72 2
213 0
72 2
237 3
72 4
28 3
72 4
28 2
72 4
28 2
72 2
28 0
72 2
28 3
72 4
175 3
72 4
175 2
72 4
175 2
72 2
175 0
72 2
187 3
72 4
189 3
72 4
189 2
72 4
189 2
72 2
189 0
72 2
213 3
72 4
213 3
72 4
213 2
72 4
213 2
72 2
213 0
72 2
237 3
72 4
28 3
72 4
28 2
72 4
28 2
72 2
28 0
72 2
28 3
72 4
175 3
72 4
175 2
72 4
175 2
72 2
175 0
72 2
187 3
72 4
189 3
72 4
189 2
72 4
189 2
72 2
189 0
72 2
213 3
72 4
213 3
72 4
213 2
72 4
213 2
72 2
213 0
72 2
237 3
72 4
28 3
72 4
28 2
72 4
28 2
72 2
28 0
72 2
28 3
72 4
175 3
72 4
175 2
72 4
175 2
72 2
175 0
72 2
187 3
72 4
189 3
72 4
189 2
72 4
189 2
72 2
189 0
72 2
213 3
72 4
213 3
72 4
213 2
72 4
213 2
72 2
213 0
72 2
237 3
72 4
16 9
18 9
19 9
21 9
16 9
18 9
19 9
26 9
16 9
18 9
19 9
21 9
16 9
18 9
19 9
26 7
24 4
23 7
72 13
0 13
72 13
0 13
21 11
23 7
16 12
9 11
11 7
16 12
72 14
28 3
72 4
28 2
72 4
28 2
72 2
28 0
72 2
28 3
72 4
175 3
72 4
175 2
72 4
175 2
72 2
175 0
72 2
187 3
72 4
189 3
72 4
189 2
72 4
189 2
72 2
189 0
72 2
213 3
72 4
213 3
72 4
213 2
72 4
213 2
72 2
213 0
72 2
237 3
72 4
28 3
72 4
28 2
72 4
28 2
72 2
28 0
72 2
28 3
72 4
175 3
72 4
175 2
72 4
175 2
72 2
175 0
72 2
187 3
72 4
189 3
72 4
189 2
72 4
189 2
72 2
189 0
72 2
213 3
72 4
213 3
72 4
213 2
72 4
213 2
72 2
213 0
72 2
237 3
72 4
28 3
72 4
28 2
72 4
28 2
72 2
28 0
72 2
28 3
72 4
175 3
72 4
175 2
72 4
175 2
72 2
175 0
72 2
187 3
72 4
189 3
72 4
189 2
72 4
189 2
72 2
189 0
72 2
213 3
72 4
213 3
72 4
213 2
72 4
213 2
72 2
213 0
72 2
237 3
72 4
28 3
72 4
28 2
72 4
28 2
72 2
28 0
72 2
28 3
72 4
175 3
72 4
175 2
72 4
175 2
72 2
175 0
72 2
187 3
72 4
189 3
72 4
189 2
72 4
189 2
72 2
189 0
72 2
213 3
72 4
213 3
72 4
213 2
72 4
213 2
72 2
213 0
72 2
237 3
72 4
28 3
72 4
28 2
72 4
28 2
72 2
28 0
72 2
28 3
72 4
175 3
72 4
175 2
72 4
175 2
72 2
175 0
72 2
187 3
72 4
189 3
72 4
189 2
72 4
189 2
72 2
189 0
72 2
213 3
72 4
213 3
72 4
213 2
72 4
213 2
72 2
213 0
72 2
237 3
72 4
28 3
72 4
28 2
72 4
28 2
72 2
28 0
72 2
28 3
72 4
175 3
72 4
175 2
72 4
175 2
72 2
175 0
72 2
187 3
72 4
189 3
72 4
189 2
72 4
189 2
72 2
189 0
72 2
213 3
72 4
213 3
72 4
213 2
72 4
213 2
72 2
213 0
72 2
237 3
72 4
28 3
72 4
28 2
72 4
28 2
72 2
28 0
72 2
28 3
72 4
175 3
72 4
175 2
72 4
175 2
72 2
175 0
72 2
187 3
72 4
189 3
72 4
189 2
72 4
189 2
72 2
189 0
72 2
213 3
72 4
213 3
72 4
213 2
72 4
213 2
72 2
213 0
72 2
237 3
72 4
28 3
72 4
28 2
72 4
28 2
72 2
28 0
72 2
28 3
72 4
175 3
72 4
175 2
72 4
175 2
72 2
175 0
72 2
187 3
72 4
189 3
72 4
189 2
72 4
189 2
72 2
189 0
72 2
213 3
72 4
213 3
72 4
213 2
72 4
213 2
72 2
213 0
72 2
237 3
72 4
16 9
18 9
19 9
21 9
16 9
18 9
19 9
26 9
16 9
18 9
19 9
21 9
16 9
18 9
19 9
26 7
24 4
23 7
72 13
0 13
72 13
0 13
21 11
23 7
16 12
9 11
11 7
16 12
E
S
L
72 14
239 14
72 13
239 14
72 14
239 14
72 13
239 14
E
S
H
72 12
58 4
58 4
58 4
58 4
58 4
58 4
58 4
58 4
58 4
58 4
58 4
58 4
58 4
58 4
58 4
58 4
58 4
58 4
58 4
58 4
58 4
58 4
58 4
58 4
58 4
58 4
58 4
58 4
58 4
58 4
58 4
58 4
58 4
58 4
58 4
58 4
58 4
58 4
58 4
58 4
58 4
58 4
58 4
58 4
58 4
58 4
58 4
58 4
58 4
58 4
58 4
58 4
58 4
58 4
58 4
58 4
58 4
58 4
58 4
58 4
58 4
58 4
58 4
58 4
58 4
58 4
58 4
58 4
58 4
58 4
58 4
58 4
58 4
58 4
58 4
58 4
58 4
58 4
58 4
58 4
58 4
58 4
58 4
58 4
58 4
58 4
58 4
58 4
58 4
58 4
58 4
58 4
58 4
58 4
58 4
58 4
58 4
58 4
58 4
58 4
58 4
58 4
58 4
58 4
58 4
58 4
58 4
58 4
58 4
58 4
58 4
58 4
58 4
58 4
58 4
58 4
58 4
58 4
58 4
58 4
58 4
58 4
58 4
58 4
58 4
58 4
58 4
58 4
58 4
58 4
58 4
58 4
58 4
58 4
58 4
58 4
58 4
58 4
58 4
58 4
58 4
58 4
58 4
58 4
58 4
58 4
58 4
58 4
58 4
58 4
58 4
58 4
58 4
58 4
58 4
58 4
58 4
58 4
58 4
58 4
58 4
58 4
58 4
58 4
58 4
58 4
58 4
58 4
58 4
58 4
58 4
58 4
58 4
58 4
58 4
58 4
58 4
58 4
58 4
58 4
58 4
58 4
58 4
58 4
58 4
58 4
58 4
58 4
58 4
58 4
58 4
58 4
72 14
58 4
58 4
58 4
58 4
58 4
58 4
58 4
58 4
58 4
58 4
58 4
58 4
58 4
58 4
58 4
58 4
58 4
58 4
58 4
58 4
58 4
58 4
58 4
58 4
58 4
58 4
58 4
58 4
58 4
58 4
58 4
58 4
58 4
58 4
58 4
58 4
58 4
58 4
58 4
58 4
58 4
58 4
58 4
58 4
58 4
58 4
58 4
58 4
58 4
58 4
58 4
58 4
58 4
58 4
58 4
58 4
58 4
58 4
58 4
58 4
58 4
58 4
58 4
58 4
58 4
58 4
58 4
58 4
58 4
58 4
58 4
58 4
58 4
58 4
58 4
58 4
58 4
58 4
58 4
58 4
58 4
58 4
58 4
58 4
58 4
58 4
58 4
58 4
58 4
58 4
58 4
58 4
58 4
58 4
58 4
58 4
58 4
58 4
58 4
58 4
58 4
58 4
58 4
58 4
58 4
58 4
58 4
58 4
58 4
58 4
58 4
58 4
58 4
58 4
58 4
58 4
58 4
58 4
58 4
58 4
58 4
58 4
58 4
58 4
58 4
58 4
58 4
58 4
58 4
58 4
58 4
58 4
58 4
58 4
58 4
58 4
58 4
58 4
58 4
58 4
58 4
58 4
58 4
58 4
58 4
58 4
58 4
58 4
58 4
58 4
58 4
58 4
58 4
58 4
58 4
58 4
58 4
58 4
58 4
58 4
58 4
58 4
58 4
58 4
58 4
58 4
58 4
58 4
58 4
58 4
58 4
58 4
58 4
58 4
58 4
58 4
58 4
58 4
58 4
58 4
58 4
58 4
58 4
58 4
58 4
58 4
58 4
58 4
58 4
58 4
58 4
58 4
58 4
58 4
58 4
58 4
58 4
58 4
58 4
58 4
58 4
58 4
58 4
58 4
58 4
58 4
58 4
58 4
58 4
58 4
58 4
58 4
58 4
58 4
58 4
58 4
72 14
58 4
58 4
58 4
58 4
58 4
58 4
58 4
58 4
58 4
58 4
58 4
58 4
58 4
58 4
58 4
58 4
58 4
58 4
58 4
58 4
58 4
58 4
58 4
58 4
E
S
L
72 14
26 4
26 4
26 2
26 2
26 4
28 4
72 14
28 4
28 4
26 2
26 4
28 2
28 4
72 4
28 4
28 4
72 14
26 4
26 4
26 2
26 2
26 4
28 4
72 14
28 4
28 4
26 2
26 4
28 2
28 4
72 4
28 4
28 4
72 14
26 4
26 4
26 2
26 2
26 4
28 4
72 14
28 4
28 4
26 2
26 4
28 2
28 4
72 4
28 4
28 4
72 14
26 4
26 4
26 2
26 2
26 4
28 4
72 14
28 4
28 4
26 2
26 4
28 2
28 4
28 4
72 13
35 2
35 2
35 4
28 4
72 13
38 2
38 2
38 4
28 4
72 9
35 2
35 2
35 4
28 4
72 14
38 7
36 4
35 7
72 13
24 12
72 12
35 7
72 13
24 12
72 14
21 11
23 7
16 12
72 14
26 4
26 4
26 2
26 2
26 4
28 4
72 14
28 4
28 4
26 2
26 4
28 2
28 4
72 4
28 4
28 4
72 14
26 4
26 4
26 2
26 2
26 4
28 4
72 14
28 4
28 4
26 2
26 4
28 2
28 4
72 4
28 4
28 4
72 14
26 4
26 4
26 2
26 2
26 4
28 4
72 14
28 4
28 4
26 2
26 4
28 2
28 4
72 4
28 4
28 4
72 14
26 4
26 4
26 2
26 2
26 4
28 4
72 14
28 4
28 4
26 2
26 4
28 2
28 4
28 4
72 13
35 2
35 2
35 4
28 4
72 13
38 2
38 2
38 4
28 4
72 9
35 2
35 2
35 4
28 4
72 14
38 7
36 4
35 7
72 13
24 12
72 12
35 7
72 13
24 12
72 14
21 11
23 7
16 12
E
X
