minor
S
H
72 14
28 2
72 2
30 2
72 2
33 2
72 2
37 2
72 2
40 2
72 2
44 2
72 2
45 2
72 2
46 2
47 13
72 7
47 6
39 6
30 6
72 6
47 12
44 6
39 12
37 4
39 4
40 4
39 12
37 6
37 12
72 7
49 12
45 6
42 12
72 4
39 2
40 2
41 13
42 12
72 7
47 12
44 6
39 12
37 4
39 4
40 4
39 12
37 6
37 12
72 7
49 12
45 6
42 12
72 4
39 2
40 2
41 13
42 12
72 7
49 6
47 2
72 11
49 6
47 2
72 11
52 6
51 2
72 4
47 14
45 4
44 4
42 2
44 6
49 6
47 2
72 11
49 6
47 2
72 11
52 6
51 2
72 4
47 13
56 13
49 6
47 2
72 11
49 6
47 2
72 11
52 6
51 2
72 4
47 14
45 4
44 4
42 2
44 6
49 6
47 2
72 11
49 6
47 2
72 11
52 6
51 2
72 4
56 13
54 2
52 2
51 11
52 6
51 6
49 13
51 12
47 6
49 14
52 6
51 6
49 2
47 2
49 11
72 4
52 7
54 4
51 11
49 7
47 7
49 13
52 6
51 6
49 2
47 2
49 11
72 4
51 7
52 4
54 11
54 2
56 6
59 7
61 14
64 4
63 2
61 2
64 4
63 2
61 2
64 4
63 2
61 2
64 4
63 2
61 2
64 4
63 2
61 2
64 4
63 2
61 2
64 4
63 2
61 2
64 2
66 6
64 4
63 2
61 13
59 6
56 4
54 7
56 4
52 9
49 4
52 4
54 11
52 4
51 7
49 2
47 2
49 13
72 13
47 12
44 6
39 12
37 4
39 4
40 4
39 12
37 6
37 12
72 7
49 12
45 6
42 12
72 4
39 2
40 2
41 13
42 12
72 7
47 12
44 6
39 12
37 4
39 4
40 4
39 12
37 6
37 12
72 7
49 12
45 6
42 12
72 4
39 2
40 2
41 13
42 12
72 7
49 6
47 2
72 11
49 6
47 2
72 11
52 6
51 2
72 4
47 14
45 4
44 4
42 2
44 6
49 6
47 2
72 11
49 6
47 2
72 11
52 6
51 2
72 4
47 13
56 13
49 6
47 2
72 11
49 6
47 2
72 11
52 6
51 2
72 4
47 14
45 4
44 4
42 2
44 6
49 6
47 2
72 11
49 6
47 2
72 11
52 6
51 2
72 4
56 13
54 2
52 2
51 11
52 6
51 6
49 13
51 12
47 6
49 14
52 6
51 6
49 2
47 2
49 11
72 4
52 7
54 4
51 11
49 7
47 7
49 13
52 6
51 6
49 2
47 2
49 11
72 4
51 7
52 4
54 11
54 2
56 6
59 7
61 14
64 4
63 2
61 2
64 4
63 2
61 2
64 4
63 2
61 2
64 4
63 2
61 2
64 4
63 2
61 2
64 4
63 2
61 2
64 4
63 2
61 2
64 2
66 6
64 4
63 2
61 13
59 6
56 4
54 7
56 4
52 9
49 4
52 4
54 11
52 4
51 7
49 2
47 2
49 13
72 13
47 12
45 6
47 8
40 7
45 7
50 6
47 12
45 6
47 12
72 7
47 12
45 6
47 11
40 7
50 6
47 13
45 2
43 2
45 9
43 2
42 2
43 7
42 2
40 6
47 12
45 2
40 2
47 9
45 2
40 2
45 7
50 6
47 13
50 2
52 2
50 4
47 4
45 2
47 8
72 7
45 2
47 12
40 6
45 2
47 2
45 2
47 7
40 4
45 7
50 6
47 14
38 9
36 7
38 4
40 4
42 11
45 7
40 6
38 11
39 2
40 13
42 4
43 4
45 4
47 11
40 4
45 4
47 11
45 2
40 2
45 7
50 6
47 14
52 7
59 12
57 4
52 4
59 9
57 2
52 2
57 7
62 6
59 14
72 7
59 4
57 2
52 11
59 4
57 2
52 10
59 2
57 2
52 4
57 4
62 6
59 14
62 7
64 4
59 4
66 13
63 11
59 11
61 13
52 6
51 6
49 2
47 2
49 11
72 4
52 7
54 4
51 11
49 7
47 7
49 13
52 6
51 6
49 2
47 2
49 11
72 4
51 7
52 4
54 11
54 2
56 6
59 7
61 14
64 4
63 2
61 2
64 4
63 2
61 2
64 4
63 2
61 2
64 4
63 2
61 2
64 4
63 2
61 2
64 4
63 2
61 2
64 4
63 2
61 2
64 2
66 6
64 4
63 2
61 13
59 6
56 4
54 7
56 4
52 9
49 4
52 4
54 11
52 4
51 7
49 2
47 2
49 13
72 11
52 6
51 6
49 2
47 2
49 11
72 4
52 7
54 4
51 11
49 7
47 7
49 13
52 6
51 6
49 2
47 2
49 11
72 4
51 7
52 4
54 11
54 2
56 6
59 7
61 14
64 4
63 2
61 2
64 4
63 2
61 2
64 4
63 2
61 2
64 4
63 2
61 2
64 4
63 2
61 2
64 4
63 2
61 2
64 4
63 2
61 2
64 2
66 6
64 4
63 2
61 13
59 6
56 4
54 7
56 4
52 9
49 4
52 4
54 11
52 4
51 7
49 2
47 2
49 13
72 11
52 6
51 6
49 2
47 2
49 11
72 4
52 7
54 4
51 11
49 7
47 7
49 13
52 6
51 6
49 2
47 2
49 11
72 4
51 7
52 4
54 11
54 2
56 6
59 7
61 14
E
S
H
28 3
72 4
35 2
35 3
72 4
28 2
28 3
72 4
35 2
35 3
72 4
28 2
28 3
72 4
35 2
35 2
28 2
72 2
28 2
72 7
35 3
72 5
24 3
72 4
31 2
31 3
72 4
24 2
24 3
72 4
31 2
31 3
72 4
24 2
24 3
72 4
31 2
31 2
24 2
72 2
24 2
72 7
31 3
72 5
28 3
72 4
35 2
35 3
72 4
28 2
28 3
72 4
35 2
35 3
72 4
28 2
28 3
72 4
35 2
35 2
28 2
72 2
28 2
72 7
35 3
72 5
24 3
72 4
31 2
31 3
72 4
24 2
24 3
72 4
31 2
31 3
72 4
24 2
24 3
72 4
31 2
31 2
24 2
72 2
24 2
72 7
31 3
72 7
23 2
72 2
23 2
72 2
23 2
72 2
23 2
72 2
23 2
72 2
23 2
72 2
23 2
72 2
23 2
35 2
72 14
28 3
72 4
35 2
35 3
72 4
28 2
28 3
72 4
35 2
35 3
72 4
28 2
28 3
72 4
35 2
35 3
72 4
28 2
28 3
72 4
35 2
35 3
72 1
28 3
72 1
25 3
72 4
32 2
32 3
72 4
25 2
25 3
72 4
32 2
32 3
72 4
25 2
25 3
72 4
32 2
32 3
72 4
25 2
25 3
72 4
32 2
32 3
72 1
25 3
72 1
30 3
72 4
37 2
37 3
72 4
30 2
30 3
72 4
37 2
37 3
72 4
30 2
30 3
72 4
37 2
37 3
72 4
30 2
30 3
72 4
37 2
37 3
72 1
30 3
72 1
23 3
72 4
30 2
30 3
72 4
23 2
23 3
72 4
30 2
30 3
72 4
23 2
23 3
72 4
30 2
30 3
72 4
23 2
23 3
72 4
30 2
30 3
72 1
35 3
72 1
28 3
72 4
35 2
35 3
72 4
28 2
28 3
72 4
35 2
35 3
72 4
28 2
28 3
72 4
35 2
35 3
72 4
28 2
28 3
72 4
35 2
35 3
72 1
28 3
72 1
25 3
72 4
32 2
32 3
72 4
25 2
25 3
72 4
32 2
32 3
72 4
25 2
25 3
72 4
32 2
32 3
72 4
25 2
25 3
72 4
32 2
32 3
72 1
25 3
72 1
30 3
72 4
37 2
37 3
72 4
30 2
30 3
72 4
37 2
37 3
72 4
30 2
30 3
72 4
37 2
37 3
72 4
30 2
30 3
72 4
37 2
37 3
72 1
30 3
72 1
23 3
72 4
30 2
30 3
72 4
23 2
23 3
72 4
30 2
30 3
72 4
23 2
23 3
72 4
30 2
30 3
72 4
23 2
23 3
72 4
30 2
30 3
72 1
35 3
72 1
33 3
72 4
33 3
72 11
33 3
72 4
33 3
72 11
33 3
72 4
33 3
72 4
28 3
72 13
27 2
28 2
72 4
28 2
28 2
28 2
28 2
72 4
27 3
72 4
28 2
72 7
33 3
72 4
33 3
72 11
33 3
72 4
33 3
72 11
33 3
72 4
33 3
72 4
28 3
72 13
27 2
28 2
72 4
28 3
72 4
28 3
72 4
28 3
72 10
33 3
72 4
33 3
72 11
33 3
72 4
33 3
72 11
33 3
72 4
33 3
72 4
28 3
72 13
27 2
28 2
72 4
40 2
40 2
40 2
40 2
72 4
39 3
72 4
40 2
72 7
33 3
72 4
33 3
72 11
33 3
72 4
33 3
72 11
33 3
72 4
45 3
72 4
28 3
72 13
28 3
72 5
28 3
72 4
27 3
72 4
25 3
72 12
25 3
72 4
23 3
72 12
23 3
72 4
25 3
72 11
37 3
72 11
37 2
72 2
37 2
72 2
37 2
72 2
37 2
72 11
21 3
72 4
28 3
72 4
33 3
72 1
33 3
72 4
28 5
72 0
33 3
72 1
23 3
72 4
30 3
72 4
35 3
72 1
35 3
72 4
30 5
72 0
35 3
72 1
25 3
72 4
32 3
72 4
37 3
72 1
37 3
72 4
32 5
72 0
37 3
72 1
25 3
72 4
32 3
72 4
37 3
72 1
37 3
72 4
32 5
72 0
37 3
72 1
21 3
72 4
28 3
72 4
33 3
72 1
33 3
72 4
28 5
72 0
33 3
72 1
23 3
72 4
30 3
72 4
35 3
72 1
35 3
72 4
30 5
72 0
35 3
72 1
25 3
72 4
32 3
72 4
37 3
72 1
37 3
72 4
32 5
72 0
37 3
72 1
25 3
72 4
32 3
72 4
37 3
72 1
37 3
72 4
32 5
72 0
37 3
72 1
21 3
72 4
28 3
72 4
33 3
72 1
33 3
72 4
28 5
72 0
33 3
72 1
23 3
72 4
30 3
72 4
35 3
72 1
35 3
72 4
30 5
72 0
35 3
72 1
25 3
72 4
32 3
72 4
37 3
72 1
37 3
72 4
32 5
72 0
37 3
72 1
25 3
72 4
32 3
72 4
37 3
72 1
37 3
72 4
32 5
72 0
37 3
72 1
21 3
72 4
28 3
72 4
33 3
72 1
33 3
72 4
28 5
72 0
33 3
72 1
23 3
72 4
30 3
72 4
35 3
72 1
35 3
72 4
30 5
72 0
35 3
72 1
25 3
72 4
32 3
72 4
37 3
72 1
37 3
72 4
32 5
72 0
37 3
72 4
25 3
25 3
25 3
25 3
25 3
25 3
72 10
28 3
72 4
35 2
35 3
72 4
28 2
28 3
72 4
35 2
35 3
72 4
28 2
28 3
72 4
35 2
35 3
72 4
28 2
28 3
72 4
35 2
35 3
72 1
28 3
72 1
25 3
72 4
32 2
32 3
72 4
25 2
25 3
72 4
32 2
32 3
72 4
25 2
25 3
72 4
32 2
32 3
72 4
25 2
25 3
72 4
32 2
32 3
72 1
25 3
72 1
30 3
72 4
37 2
37 3
72 4
30 2
30 3
72 4
37 2
37 3
72 4
30 2
30 3
72 4
37 2
37 3
72 4
30 2
30 3
72 4
37 2
37 3
72 1
30 3
72 1
23 3
72 4
30 2
30 3
72 4
23 2
23 3
72 4
30 2
30 3
72 4
23 2
23 3
72 4
30 2
30 3
72 4
23 2
23 3
72 4
30 2
30 3
72 1
35 3
72 1
28 3
72 4
35 2
35 3
72 4
28 2
28 3
72 4
35 2
35 3
72 4
28 2
28 3
72 4
35 2
35 3
72 4
28 2
28 3
72 4
35 2
35 3
72 1
28 3
72 1
25 3
72 4
32 2
32 3
72 4
25 2
25 3
72 4
32 2
32 3
72 4
25 2
25 3
72 4
32 2
32 3
72 4
25 2
25 3
72 4
32 2
32 3
72 1
25 3
72 1
30 3
72 4
37 2
37 3
72 4
30 2
30 3
72 4
37 2
37 3
72 4
30 2
30 3
72 4
37 2
37 3
72 4
30 2
30 3
72 4
37 2
37 3
72 1
30 3
72 1
23 3
72 4
30 2
30 3
72 4
23 2
23 3
72 4
30 2
30 3
72 4
23 2
23 3
72 4
30 2
30 3
72 4
23 2
23 3
72 4
30 2
30 3
72 1
35 3
72 1
33 3
72 4
33 3
72 11
33 3
72 4
33 3
72 11
33 3
72 4
33 3
72 4
28 3
72 13
27 2
28 2
72 4
28 2
28 2
28 2
28 2
72 4
27 3
72 4
28 2
72 7
33 3
72 4
33 3
72 11
33 3
72 4
33 3
72 11
33 3
72 4
33 3
72 4
28 3
72 13
27 2
28 2
72 4
28 3
72 4
28 3
72 4
28 3
72 10
33 3
72 4
33 3
72 11
33 3
72 4
33 3
72 11
33 3
72 4
33 3
72 4
28 3
72 13
27 2
28 2
72 4
40 2
40 2
40 2
40 2
72 4
39 3
72 4
40 2
72 7
33 3
72 4
33 3
72 11
33 3
72 4
33 3
72 11
33 3
72 4
45 3
72 4
28 3
72 13
28 3
72 5
28 3
72 4
27 3
72 4
25 3
72 12
25 3
72 4
23 3
72 12
23 3
72 4
25 3
72 11
37 3
72 11
37 2
72 2
37 2
72 2
37 2
72 2
37 2
72 11
21 3
72 4
28 3
72 4
33 3
72 1
33 3
72 4
28 5
72 0
33 3
72 1
23 3
72 4
30 3
72 4
35 3
72 1
35 3
72 4
30 5
72 0
35 3
72 1
25 3
72 4
32 3
72 4
37 3
72 1
37 3
72 4
32 5
72 0
37 3
72 1
25 3
72 4
32 3
72 4
37 3
72 1
37 3
72 4
32 5
72 0
37 3
72 1
21 3
72 4
28 3
72 4
33 3
72 1
33 3
72 4
28 5
72 0
33 3
72 1
23 3
72 4
30 3
72 4
35 3
72 1
35 3
72 4
30 5
72 0
35 3
72 1
25 3
72 4
32 3
72 4
37 3
72 1
37 3
72 4
32 5
72 0
37 3
72 1
25 3
72 4
32 3
72 4
37 3
72 1
37 3
72 4
32 5
72 0
37 3
72 1
21 3
72 4
28 3
72 4
33 3
72 1
33 3
72 4
28 5
72 0
33 3
72 1
23 3
72 4
30 3
72 4
35 3
72 1
35 3
72 4
30 5
72 0
35 3
72 1
25 3
72 4
32 3
72 4
37 3
72 1
37 3
72 4
32 5
72 0
37 3
72 1
25 3
72 4
32 3
72 4
37 3
72 1
37 3
72 4
32 5
72 0
37 3
72 1
21 3
72 4
28 3
72 4
33 3
72 1
33 3
72 4
28 5
72 0
33 3
72 1
23 3
72 4
30 3
72 4
35 3
72 1
35 3
72 4
30 5
72 0
35 3
72 1
25 3
72 4
32 3
72 4
37 3
72 1
37 3
72 4
32 5
72 0
37 3
72 4
25 3
25 3
25 3
25 3
25 3
25 3
72 10
33 3
72 4
33 3
72 12
33 3
72 4
33 3
72 12
23 3
72 4
23 3
72 12
23 3
72 4
23 3
72 12
33 3
72 4
33 3
72 12
33 3
72 4
33 3
72 12
23 3
72 4
23 3
72 12
23 3
72 4
23 3
72 12
33 3
72 4
33 3
72 12
33 3
72 4
33 3
72 12
23 3
72 4
23 3
72 12
23 3
72 4
23 3
72 12
33 3
72 4
33 3
72 12
33 3
72 4
33 3
72 12
23 3
72 4
23 3
72 12
23 3
72 4
23 3
72 12
33 3
72 4
33 3
72 12
33 3
72 4
33 3
72 12
35 3
72 4
35 3
72 12
35 3
72 4
35 3
72 12
33 3
72 4
33 3
72 12
33 3
72 4
33 3
72 12
35 3
72 4
35 3
72 12
35 3
72 4
35 3
72 12
33 3
72 4
33 3
72 12
33 3
72 4
33 3
72 12
35 3
72 4
35 3
72 12
35 3
72 4
35 3
72 12
33 3
72 4
33 3
72 12
33 3
72 4
33 3
72 12
35 3
72 4
35 3
72 12
35 3
72 4
35 3
72 12
21 3
72 4
28 3
72 4
33 3
72 1
33 3
72 4
28 5
72 0
33 3
72 1
23 3
72 4
30 3
72 4
35 3
72 1
35 3
72 4
30 5
72 0
35 3
72 1
25 3
72 4
32 3
72 4
37 3
72 1
37 3
72 4
32 5
72 0
37 3
72 1
25 3
72 4
32 3
72 4
37 3
72 1
37 3
72 4
32 5
72 0
37 3
72 1
21 3
72 4
28 3
72 4
33 3
72 1
33 3
72 4
28 5
72 0
33 3
72 1
23 3
72 4
30 3
72 4
35 3
72 1
35 3
72 4
30 5
72 0
35 3
72 1
25 3
72 4
32 3
72 4
37 3
72 1
37 3
72 4
32 5
72 0
37 3
72 1
25 3
72 4
32 3
72 4
37 3
72 1
37 3
72 4
32 5
72 0
37 3
72 1
21 3
72 4
28 3
72 4
33 3
72 1
33 3
72 4
28 5
72 0
33 3
72 1
23 3
72 4
30 3
72 4
35 3
72 1
35 3
72 4
30 5
72 0
35 3
72 1
25 3
72 4
32 3
72 4
37 3
72 1
37 3
72 4
32 5
72 0
37 3
72 1
25 3
72 4
32 3
72 4
37 3
72 1
37 3
72 4
32 5
72 0
37 3
72 1
21 3
72 4
28 3
72 4
33 3
72 1
33 3
72 4
28 5
72 0
33 3
72 1
23 3
72 4
30 3
72 4
35 3
72 1
35 3
72 4
30 5
72 0
35 3
72 1
25 3
72 4
32 3
72 4
37 3
72 1
37 3
72 4
32 5
72 0
37 3
72 1
25 3
72 4
32 3
72 4
37 3
72 1
37 3
72 4
32 5
72 0
37 3
72 1
21 3
72 4
28 3
72 4
33 3
72 1
33 3
72 4
28 5
72 0
33 3
72 1
23 3
72 4
30 3
72 4
35 3
72 1
35 3
72 4
30 5
72 0
35 3
72 1
25 3
72 4
32 3
72 4
37 3
72 1
37 3
72 4
32 5
72 0
37 3
72 1
25 3
72 4
32 3
72 4
37 3
72 1
37 3
72 4
32 5
72 0
37 3
72 1
21 3
72 4
28 3
72 4
33 3
72 1
33 3
72 4
28 5
72 0
33 3
72 1
23 3
72 4
30 3
72 4
35 3
72 1
35 3
72 4
30 5
72 0
35 3
72 1
25 3
72 4
32 3
72 4
37 3
72 1
37 3
72 4
32 5
72 0
37 3
72 1
25 3
72 4
32 3
72 4
37 3
72 1
37 3
72 4
32 5
72 0
37 3
72 1
21 3
72 4
28 3
72 4
33 3
72 1
33 3
72 4
28 5
72 0
33 3
72 1
23 3
72 4
30 3
72 4
35 3
72 1
35 3
72 4
30 5
72 0
35 3
72 1
25 3
72 4
32 3
72 4
37 3
72 1
37 3
72 4
32 5
72 0
37 3
72 1
25 3
72 4
32 3
72 4
37 3
72 1
37 3
72 4
32 5
72 0
37 3
72 1
21 3
72 4
28 3
72 4
33 3
72 1
33 3
72 4
28 5
72 0
33 3
72 1
23 3
72 4
30 3
72 4
35 3
72 1
35 3
72 4
30 5
72 0
35 3
72 1
25 3
72 4
32 3
72 4
37 3
72 1
37 3
72 4
32 5
72 0
37 3
72 1
25 3
72 4
32 3
72 4
37 3
72 1
37 3
72 4
32 5
72 0
37 3
72 1
21 3
72 4
28 3
72 4
33 3
72 1
33 3
72 4
28 5
72 0
33 3
72 1
23 3
72 4
30 3
72 4
35 3
72 1
35 3
72 4
30 5
72 0
35 3
72 1
25 3
72 4
32 3
72 4
37 3
72 1
37 3
72 4
32 5
72 0
37 3
72 1
25 3
72 4
32 3
72 4
37 3
72 1
37 3
72 4
32 5
72 0
37 3
72 1
21 3
72 4
28 3
72 4
33 3
72 1
33 3
72 4
28 5
72 0
33 3
72 1
23 3
72 4
30 3
72 4
35 3
72 1
35 3
72 4
30 5
72 0
35 3
72 1
25 3
72 4
32 3
72 4
37 3
72 1
37 3
72 4
32 5
72 0
37 3
72 1
25 3
72 4
32 3
72 4
37 3
72 1
37 3
72 4
32 5
72 0
37 3
72 1
21 3
72 4
28 3
72 4
33 3
72 1
33 3
72 4
28 5
72 0
33 3
72 1
23 3
72 4
30 3
72 4
35 3
72 1
35 3
72 4
30 5
72 0
35 3
72 1
25 3
72 4
32 3
72 4
37 3
72 1
37 3
72 4
32 5
72 0
37 3
72 1
25 3
72 4
32 3
72 4
37 3
72 1
37 3
72 4
32 5
72 0
37 3
E
S
H
47 13
47 2
47 2
72 2
47 2
72 7
49 7
50 13
50 2
50 2
72 2
50 2
72 7
48 7
47 13
47 2
47 2
72 2
47 2
72 7
49 7
50 13
50 2
50 2
72 2
50 2
72 7
48 7
72 2
44 2
72 2
44 2
72 2
44 2
72 2
44 2
72 2
44 2
72 2
44 2
72 2
44 2
72 2
44 2
47 14
47 13
51 7
47 7
47 13
51 7
47 7
45 13
47 7
49 7
45 13
45 13
47 13
51 7
47 7
47 13
51 7
47 7
45 13
47 7
49 7
45 13
45 13
47 6
47 2
72 11
47 6
47 2
72 11
47 6
47 2
72 4
47 13
72 4
59 2
59 2
59 2
59 2
72 4
59 6
59 2
72 7
47 6
47 2
72 11
47 6
47 2
72 11
47 6
47 2
72 4
47 13
72 4
59 3
72 4
59 3
72 4
59 7
72 7
47 6
47 2
72 11
47 6
47 2
72 11
47 6
47 2
72 4
47 13
72 4
59 2
59 2
59 2
59 2
72 4
59 6
59 2
72 7
47 6
47 2
72 11
47 6
47 2
72 11
47 6
47 2
72 4
47 13
47 4
72 4
47 6
46 6
45 13
47 13
49 13
72 2
61 2
72 2
61 2
72 2
61 2
72 2
61 2
72 9
49 13
47 13
47 13
49 11
47 11
49 13
47 13
47 14
47 9
49 13
47 13
47 9
49 11
47 11
72 9
49 13
47 13
49 13
72 3
49 3
49 3
49 3
49 3
49 3
49 3
72 10
47 13
51 7
47 7
47 13
51 7
47 7
45 13
47 7
49 7
45 13
45 13
47 13
51 7
47 7
47 13
51 7
47 7
45 13
47 7
49 7
45 13
45 13
47 6
47 2
72 11
47 6
47 2
72 11
47 6
47 2
72 4
47 13
72 4
59 2
59 2
59 2
59 2
72 4
59 6
59 2
72 7
47 6
47 2
72 11
47 6
47 2
72 11
47 6
47 2
72 4
47 13
72 4
59 3
72 4
59 3
72 4
59 7
72 7
47 6
47 2
72 11
47 6
47 2
72 11
47 6
47 2
72 4
47 13
72 4
59 2
59 2
59 2
59 2
72 4
59 6
59 2
72 7
47 6
47 2
72 11
47 6
47 2
72 11
47 6
47 2
72 4
47 13
47 4
72 4
47 6
46 6
45 13
47 13
49 13
72 2
61 2
72 2
61 2
72 2
61 2
72 2
61 2
72 9
49 13
47 13
47 13
49 11
47 11
49 13
47 13
47 14
47 9
49 13
47 13
47 9
49 11
47 11
72 9
49 13
47 13
49 13
72 3
49 3
49 3
49 3
49 3
49 3
49 3
72 10
47 13
45 11
50 6
45 13
45 13
47 12
45 6
47 11
48 10
45 12
50 6
45 13
47 13
45 7
47 6
45 14
47 13
45 7
47 6
45 12
72 9
57 9
57 11
47 13
45 11
50 6
45 13
45 13
47 12
45 6
47 11
48 10
45 12
50 6
45 13
47 13
45 7
47 6
45 14
47 13
45 7
47 6
45 12
72 9
57 9
57 11
49 13
47 13
47 13
49 10
47 11
49 13
47 13
47 13
49 10
47 11
49 13
47 13
47 13
49 10
47 11
49 13
47 13
47 13
49 10
47 11
49 13
47 13
47 13
49 10
47 11
49 13
47 13
47 13
49 10
47 11
49 13
47 13
47 13
49 10
47 11
49 13
47 13
47 13
49 10
47 11
49 13
47 13
47 13
49 10
47 11
49 13
47 13
47 13
49 10
47 11
49 13
47 13
47 13
49 10
47 11
E
S
L
20 0
72 2
20 0
72 2
20 0
72 2
20 0
72 2
14 0
72 4
20 0
72 2
20 0
72 2
20 0
72 2
20 0
72 2
20 0
72 2
20 0
72 2
14 0
72 4
20 0
72 2
20 0
72 2
20 0
72 2
20 0
72 2
20 0
72 2
20 0
72 2
14 0
72 2
14 0
72 4
14 0
72 6
20 0
72 2
20 0
72 2
14 0
72 7
20 0
72 2
20 0
72 2
20 0
72 2
20 0
72 2
14 0
72 4
20 0
72 2
20 0
72 2
20 0
72 2
20 0
72 2
20 0
72 2
20 0
72 2
14 0
72 4
20 0
72 2
20 0
72 2
20 0
72 2
20 0
72 2
20 0
72 2
20 0
72 2
14 0
72 2
14 0
72 4
14 0
72 6
20 0
72 2
20 0
72 2
14 0
72 7
20 0
72 2
20 0
72 2
20 0
72 2
20 0
72 2
14 0
72 4
20 0
72 2
20 0
72 2
20 0
72 2
20 0
72 2
20 0
72 2
20 0
72 2
14 0
72 4
20 0
72 2
20 0
72 2
20 0
72 2
20 0
72 2
20 0
72 2
20 0
72 2
14 0
72 2
14 0
72 4
14 0
72 6
20 0
72 2
20 0
72 2
14 0
72 7
20 0
72 2
20 0
72 2
20 0
72 2
20 0
72 2
14 0
72 4
20 0
72 2
20 0
72 2
20 0
72 2
20 0
72 2
20 0
72 2
20 0
72 2
14 0
72 4
20 0
72 2
20 0
72 2
20 0
72 2
20 0
72 2
20 0
72 2
20 0
72 2
14 0
72 2
14 0
72 4
14 0
72 6
20 0
72 2
20 0
72 2
14 0
72 8
20 0
72 4
20 0
72 4
20 0
72 4
14 0
72 2
20 0
72 2
20 0
72 4
14 0
72 2
14 0
72 2
20 0
72 2
20 0
72 2
14 0
72 11
20 0
72 2
20 0
72 2
14 0
72 4
20 0
72 2
20 0
72 2
14 0
72 4
20 0
72 2
20 0
72 2
14 0
72 4
20 0
72 2
20 0
72 2
14 0
72 4
20 0
72 2
20 0
72 2
14 0
72 4
14 0
72 4
14 0
72 4
20 0
72 4
20 0
72 2
20 0
72 2
20 0
72 4
14 0
72 2
20 0
72 2
20 0
20 0
72 2
20 0
72 4
20 0
72 2
20 0
72 4
14 0
72 2
20 0
72 2
20 0
72 4
20 0
72 2
20 0
72 2
20 0
72 4
14 0
72 2
20 0
72 2
20 0
20 0
72 2
20 0
72 4
20 0
72 2
20 0
72 4
14 0
72 2
20 0
72 2
20 0
72 4
20 0
72 2
20 0
72 2
20 0
72 4
14 0
72 2
20 0
72 2
20 0
20 0
72 2
20 0
72 4
20 0
72 2
20 0
72 4
14 0
72 2
20 0
72 2
20 0
72 4
20 0
72 2
20 0
72 2
20 0
72 4
14 0
72 2
20 0
72 2
20 0
20 0
72 2
20 0
72 4
20 0
72 2
20 0
72 4
14 0
72 2
20 0
72 2
20 0
72 4
20 0
72 2
20 0
72 2
20 0
72 4
14 0
72 2
20 0
72 2
20 0
20 0
72 2
20 0
72 4
20 0
72 2
20 0
72 4
14 0
72 2
20 0
72 2
20 0
72 4
20 0
72 2
20 0
72 2
20 0
72 4
14 0
72 2
20 0
72 2
20 0
20 0
72 2
20 0
72 4
20 0
72 2
20 0
72 4
14 0
72 2
20 0
72 2
20 0
72 4
20 0
72 2
20 0
72 2
20 0
72 4
14 0
72 2
20 0
72 2
20 0
20 0
72 2
20 0
72 4
20 0
72 2
20 0
72 4
14 0
72 2
20 0
72 2
20 0
72 4
20 0
72 2
20 0
72 2
20 0
72 4
14 0
72 2
20 0
72 2
20 0
20 0
72 2
20 0
72 4
20 0
72 2
20 0
72 4
14 0
72 2
20 0
72 2
20 0
72 4
20 0
72 2
20 0
72 2
20 0
72 4
14 0
72 2
20 0
72 2
20 0
20 0
72 2
20 0
72 4
20 0
72 2
20 0
72 4
14 0
72 2
20 0
72 2
20 0
72 4
20 0
72 2
20 0
72 2
20 0
72 4
14 0
72 2
20 0
72 2
20 0
20 0
72 2
20 0
72 4
20 0
72 2
20 0
72 4
14 0
72 2
20 0
72 2
20 0
72 4
20 0
72 2
20 0
72 2
20 0
72 4
14 0
72 2
20 0
72 2
20 0
20 0
72 2
20 0
72 4
20 0
72 2
20 0
72 4
14 0
72 2
20 0
72 2
20 0
72 4
20 0
72 2
20 0
72 2
20 0
72 4
14 0
72 2
20 0
72 2
20 0
20 0
72 2
20 0
72 4
20 0
72 2
20 0
72 4
14 0
72 2
20 0
72 2
20 0
72 4
20 0
72 2
20 0
72 2
20 0
72 4
14 0
72 2
20 0
72 2
20 0
20 0
72 2
20 0
72 4
20 0
72 2
20 0
72 4
14 0
72 2
20 0
72 2
20 0
72 4
20 0
72 2
20 0
72 2
20 0
72 4
14 0
72 2
20 0
72 2
20 0
20 0
72 2
20 0
72 4
20 0
72 2
20 0
72 4
14 0
72 2
20 0
72 2
20 0
72 4
20 0
72 2
20 0
72 2
20 0
72 4
14 0
72 2
20 0
72 2
20 0
20 0
72 2
20 0
72 4
20 0
72 2
20 0
72 4
14 0
72 2
20 0
72 2
20 0
72 4
20 0
72 2
20 0
72 2
20 0
72 4
14 0
72 2
20 0
72 2
20 0
20 0
72 2
20 0
72 4
20 0
72 2
20 0
72 4
14 0
72 2
20 0
72 2
14 0
72 6
14 0
72 4
20 0
72 2
20 0
72 2
20 0
72 2
14 0
72 4
20 0
72 2
20 0
72 2
14 0
72 6
14 0
72 4
20 0
72 2
20 0
72 2
20 0
72 2
14 0
72 4
20 0
72 2
20 0
72 2
14 0
72 6
14 0
72 2
14 0
72 7
20 0
72 2
20 0
72 2
20 0
72 2
20 0
72 2
14 0
72 4
20 0
72 2
20 0
72 2
20 0
20 0
72 2
20 0
72 0
20 0
72 1
20 0
72 1
20 0
72 0
20 0
20 0
72 2
20 0
72 2
20 0
72 2
20 0
72 2
20 0
72 2
20 0
72 2
20 0
72 2
20 0
72 2
20 0
72 2
20 0
72 2
20 0
72 2
20 0
72 2
20 0
72 2
20 0
72 2
20 0
72 2
20 0
72 2
20 0
72 2
20 0
72 2
20 0
72 2
14 0
72 2
14 0
72 2
14 0
72 6
14 0
72 4
20 0
72 2
20 0
72 2
20 0
72 2
14 0
72 4
20 0
72 2
20 0
72 2
14 0
72 6
14 0
72 4
20 0
72 2
20 0
72 2
20 0
72 2
14 0
72 4
20 0
72 2
20 0
72 2
14 0
72 6
14 0
72 2
14 0
72 7
20 0
72 2
20 0
72 2
20 0
72 2
20 0
72 2
14 0
72 4
20 0
72 2
20 0
72 2
20 0
20 0
72 2
20 0
72 0
20 0
72 1
20 0
72 1
20 0
72 0
20 0
20 0
72 2
20 0
72 2
20 0
72 2
20 0
72 2
20 0
72 2
20 0
72 2
20 0
72 2
20 0
72 2
20 0
72 2
20 0
72 2
20 0
72 2
20 0
72 2
20 0
72 2
20 0
72 2
20 0
72 2
20 0
72 2
20 0
72 2
20 0
72 2
20 0
72 2
14 0
72 2
14 0
72 2
14 0
72 6
14 0
72 4
20 0
72 2
20 0
72 2
20 0
72 2
14 0
72 4
20 0
72 2
20 0
72 2
14 0
72 6
14 0
72 4
20 0
72 2
20 0
72 2
20 0
72 2
14 0
72 4
20 0
72 2
20 0
72 2
14 0
72 6
14 0
72 2
14 0
72 7
20 0
72 2
20 0
72 2
20 0
72 2
20 0
72 2
14 0
72 4
20 0
72 2
20 0
72 2
20 0
20 0
72 2
20 0
72 0
20 0
72 1
20 0
72 1
20 0
72 0
20 0
20 0
72 2
20 0
72 2
20 0
72 2
20 0
72 2
20 0
72 2
20 0
72 2
20 0
72 2
20 0
72 2
20 0
72 2
20 0
72 2
20 0
72 2
20 0
72 2
20 0
72 2
20 0
72 2
20 0
72 2
20 0
72 2
20 0
72 2
20 0
72 2
20 0
72 2
14 0
72 2
14 0
72 2
14 0
72 6
14 0
72 4
20 0
72 2
20 0
72 2
20 0
72 2
14 0
72 4
20 0
72 2
20 0
72 2
14 0
72 6
14 0
72 4
20 0
72 2
20 0
72 2
20 0
72 2
14 0
72 4
20 0
72 2
20 0
72 2
14 0
72 6
14 0
72 2
14 0
72 7
20 0
72 2
20 0
72 2
20 0
72 2
20 0
72 2
20 0
72 2
20 0
72 2
20 0
72 2
20 0
72 2
14 0
72 4
20 0
72 2
20 0
72 2
20 0
72 2
20 0
72 2
20 0
72 2
20 0
72 2
20 0
72 2
20 0
72 2
20 0
72 2
20 0
72 2
14 0
72 4
20 0
72 2
20 0
72 2
14 0
72 6
14 0
72 6
14 0
72 4
20 0
72 2
20 0
72 2
20 0
72 2
20 0
72 2
14 0
72 4
20 0
72 2
20 0
72 2
20 0
72 2
20 0
72 2
20 0
72 2
20 0
72 2
14 0
72 4
20 0
72 2
20 0
72 2
20 0
72 2
20 0
72 2
20 0
72 2
20 0
72 2
14 0
72 4
20 0
72 2
20 0
72 2
20 0
72 2
20 0
72 2
20 0
72 2
20 0
72 2
14 0
72 4
20 0
72 2
20 0
72 2
20 0
72 2
20 0
72 2
20 0
72 2
20 0
72 2
14 0
72 4
20 0
72 2
20 0
72 2
20 0
72 2
20 0
72 2
20 0
72 2
20 0
72 2
14 0
72 4
20 0
72 2
20 0
72 2
14 0
72 2
14 0
72 4
14 0
72 4
14 0
72 4
14 0
72 7
14 0
72 2
14 0
72 2
14 0
72 2
14 0
72 2
14 0
72 2
20 0
72 2
20 0
72 4
20 0
72 2
14 0
72 4
20 0
72 2
20 0
72 2
20 0
72 2
20 0
72 2
20 0
72 2
20 0
72 2
14 0
72 4
20 0
72 2
20 0
72 2
20 0
72 2
20 0
72 4
20 0
72 2
14 0
72 4
20 0
72 2
20 0
72 2
20 0
72 2
20 0
72 2
20 0
72 2
20 0
72 2
14 0
72 4
20 0
72 2
20 0
72 2
20 0
72 2
20 0
72 4
20 0
72 2
14 0
72 4
20 0
72 2
20 0
72 2
20 0
72 2
20 0
72 2
20 0
72 2
20 0
72 2
14 0
72 4
20 0
72 2
20 0
72 2
20 0
72 2
20 0
72 4
20 0
72 2
14 0
72 4
20 0
72 2
20 0
72 2
20 0
72 2
20 0
72 2
20 0
72 2
20 0
72 2
14 0
72 4
20 0
72 2
20 0
72 2
20 0
72 2
20 0
72 4
20 0
72 2
14 0
72 4
20 0
72 2
20 0
72 2
20 0
72 2
20 0
72 2
20 0
72 2
20 0
72 2
14 0
72 4
20 0
72 2
20 0
72 2
20 0
72 2
20 0
72 4
20 0
72 2
14 0
72 4
20 0
72 2
20 0
72 2
20 0
72 2
20 0
72 2
20 0
72 2
20 0
72 2
14 0
72 4
20 0
72 2
20 0
72 2
20 0
72 2
20 0
72 4
20 0
72 2
14 0
72 4
20 0
72 2
20 0
72 2
20 0
72 2
20 0
72 2
20 0
72 2
20 0
72 2
14 0
72 4
20 0
72 2
20 0
72 2
20 0
72 2
20 0
72 4
20 0
72 2
14 0
72 4
20 0
72 2
20 0
72 2
20 0
72 2
20 0
72 2
20 0
72 2
20 0
72 2
14 0
72 4
20 0
72 2
20 0
72 2
20 0
72 2
20 0
72 4
20 0
72 2
14 0
72 4
20 0
72 2
20 0
72 2
20 0
72 2
20 0
72 2
20 0
72 2
20 0
72 2
14 0
72 4
20 0
72 2
20 0
72 2
20 0
72 2
20 0
72 4
20 0
72 2
14 0
72 4
20 0
72 2
20 0
72 2
20 0
72 2
20 0
72 2
20 0
72 2
20 0
72 2
14 0
72 4
20 0
72 2
20 0
72 2
20 0
72 2
20 0
72 4
20 0
72 2
14 0
72 4
20 0
72 2
20 0
72 2
20 0
72 2
20 0
72 2
20 0
72 2
20 0
72 2
14 0
72 4
20 0
72 2
20 0
72 2
20 0
72 2
20 0
72 4
20 0
72 2
14 0
72 4
20 0
72 2
20 0
72 2
20 0
72 2
20 0
72 2
20 0
72 2
20 0
72 2
14 0
72 4
20 0
72 2
20 0
72 2
20 0
72 2
20 0
72 4
20 0
72 2
14 0
72 4
20 0
72 2
20 0
72 2
20 0
72 2
20 0
72 2
20 0
72 2
20 0
72 2
14 0
72 4
20 0
72 2
20 0
72 2
20 0
72 2
20 0
72 4
20 0
72 2
14 0
72 4
20 0
72 2
20 0
72 2
20 0
72 2
20 0
72 2
20 0
72 2
20 0
72 2
14 0
72 4
20 0
72 2
20 0
72 2
20 0
72 2
20 0
72 4
20 0
72 2
14 0
72 4
20 0
72 2
20 0
72 2
20 0
72 2
20 0
72 2
20 0
72 2
20 0
72 2
14 0
72 4
20 0
72 2
20 0
72 4
14 0
72 3
14 0
72 3
14 0
72 3
14 0
72 3
14 0
72 3
14 0
72 5
14 0
72 8
20 0
72 4
20 0
72 2
20 0
72 2
20 0
72 4
14 0
72 2
20 0
72 2
20 0
20 0
72 2
20 0
72 4
20 0
72 2
20 0
72 4
14 0
72 2
20 0
72 2
20 0
72 4
20 0
72 2
20 0
72 2
20 0
72 4
14 0
72 2
20 0
72 2
20 0
20 0
72 2
20 0
72 4
20 0
72 2
20 0
72 4
14 0
72 2
20 0
72 2
20 0
72 4
20 0
72 2
20 0
72 2
20 0
72 4
14 0
72 2
20 0
72 2
20 0
20 0
72 2
20 0
72 4
20 0
72 2
20 0
72 4
14 0
72 2
20 0
72 2
20 0
72 4
20 0
72 2
20 0
72 2
20 0
72 4
14 0
72 2
20 0
72 2
20 0
20 0
72 2
20 0
72 4
20 0
72 2
20 0
72 4
14 0
72 2
20 0
72 2
20 0
72 4
20 0
72 2
20 0
72 2
20 0
72 4
14 0
72 2
20 0
72 2
20 0
20 0
72 2
20 0
72 4
20 0
72 2
20 0
72 4
14 0
72 2
20 0
72 2
20 0
72 4
20 0
72 2
20 0
72 2
20 0
72 4
14 0
72 2
20 0
72 2
20 0
20 0
72 2
20 0
72 4
20 0
72 2
20 0
72 4
14 0
72 2
20 0
72 2
20 0
72 4
20 0
72 2
20 0
72 2
20 0
72 4
14 0
72 2
20 0
72 2
20 0
20 0
72 2
20 0
72 4
20 0
72 2
20 0
72 4
14 0
72 2
20 0
72 2
20 0
72 4
20 0
72 2
20 0
72 2
20 0
72 4
14 0
72 2
20 0
72 2
20 0
20 0
72 2
20 0
72 4
20 0
72 2
20 0
72 4
14 0
72 2
20 0
72 2
20 0
72 4
20 0
72 2
20 0
72 2
20 0
72 4
14 0
72 2
20 0
72 2
20 0
20 0
72 2
20 0
72 4
20 0
72 2
20 0
72 4
14 0
72 2
20 0
72 2
20 0
72 4
20 0
72 2
20 0
72 2
20 0
72 4
14 0
72 2
20 0
72 2
20 0
20 0
72 2
20 0
72 4
20 0
72 2
20 0
72 4
14 0
72 2
20 0
72 2
20 0
72 4
20 0
72 2
20 0
72 2
20 0
72 4
14 0
72 2
20 0
72 2
20 0
20 0
72 2
20 0
72 4
20 0
72 2
20 0
72 4
14 0
72 2
20 0
72 2
20 0
72 4
20 0
72 2
20 0
72 2
20 0
72 4
14 0
72 2
20 0
72 2
20 0
20 0
72 2
20 0
72 4
20 0
72 2
20 0
72 4
14 0
72 2
20 0
72 2
20 0
72 4
20 0
72 2
20 0
72 2
20 0
72 4
14 0
72 2
20 0
72 2
20 0
20 0
72 2
20 0
72 4
20 0
72 2
20 0
72 4
14 0
72 2
20 0
72 2
20 0
72 4
20 0
72 2
20 0
72 2
20 0
72 4
14 0
72 2
20 0
72 2
20 0
20 0
72 2
20 0
72 4
20 0
72 2
20 0
72 4
14 0
72 2
20 0
72 2
20 0
72 4
20 0
72 2
20 0
72 2
20 0
72 4
14 0
72 2
20 0
72 2
20 0
20 0
72 2
20 0
72 4
20 0
72 2
20 0
72 4
14 0
72 2
20 0
72 2
20 0
72 4
20 0
72 2
20 0
72 2
20 0
72 4
14 0
72 2
20 0
72 2
20 0
20 0
72 2
20 0
72 4
20 0
72 2
20 0
72 4
14 0
72 2
20 0
72 2
14 0
72 6
14 0
72 4
20 0
72 2
20 0
72 2
20 0
72 2
14 0
72 4
20 0
72 2
20 0
72 2
14 0
72 6
14 0
72 4
20 0
72 2
20 0
72 2
20 0
72 2
14 0
72 4
20 0
72 2
20 0
72 2
14 0
72 6
14 0
72 2
14 0
72 7
20 0
72 2
20 0
72 2
20 0
72 2
20 0
72 2
14 0
72 4
20 0
72 2
20 0
72 2
20 0
20 0
72 2
20 0
72 0
20 0
72 1
20 0
72 1
20 0
72 0
20 0
20 0
72 2
20 0
72 2
20 0
72 2
20 0
72 2
20 0
72 2
20 0
72 2
20 0
72 2
20 0
72 2
20 0
72 2
20 0
72 2
20 0
72 2
20 0
72 2
20 0
72 2
20 0
72 2
20 0
72 2
20 0
72 2
20 0
72 2
20 0
72 2
20 0
72 2
14 0
72 2
14 0
72 2
14 0
72 6
14 0
72 4
20 0
72 2
20 0
72 2
20 0
72 2
14 0
72 4
20 0
72 2
20 0
72 2
14 0
72 6
14 0
72 4
20 0
72 2
20 0
72 2
20 0
72 2
14 0
72 4
20 0
72 2
20 0
72 2
14 0
72 6
14 0
72 2
14 0
72 7
20 0
72 2
20 0
72 2
20 0
72 2
20 0
72 2
14 0
72 4
20 0
72 2
20 0
72 2
20 0
20 0
72 2
20 0
72 0
20 0
72 1
20 0
72 1
20 0
72 0
20 0
20 0
72 2
20 0
72 2
20 0
72 2
20 0
72 2
20 0
72 2
20 0
72 2
20 0
72 2
20 0
72 2
20 0
72 2
20 0
72 2
20 0
72 2
20 0
72 2
20 0
72 2
20 0
72 2
20 0
72 2
20 0
72 2
20 0
72 2
20 0
72 2
20 0
72 2
14 0
72 2
14 0
72 2
14 0
72 6
14 0
72 4
20 0
72 2
20 0
72 2
20 0
72 2
14 0
72 4
20 0
72 2
20 0
72 2
14 0
72 6
14 0
72 4
20 0
72 2
20 0
72 2
20 0
72 2
14 0
72 4
20 0
72 2
20 0
72 2
14 0
72 6
14 0
72 2
14 0
72 7
20 0
72 2
20 0
72 2
20 0
72 2
20 0
72 2
14 0
72 4
20 0
72 2
20 0
72 2
20 0
20 0
72 2
20 0
72 0
20 0
72 1
20 0
72 1
20 0
72 0
20 0
20 0
72 2
20 0
72 2
20 0
72 2
20 0
72 2
20 0
72 2
20 0
72 2
20 0
72 2
20 0
72 2
20 0
72 2
20 0
72 2
20 0
72 2
20 0
72 2
20 0
72 2
20 0
72 2
20 0
72 2
20 0
72 2
20 0
72 2
20 0
72 2
20 0
72 2
14 0
72 2
14 0
72 2
14 0
72 6
14 0
72 4
20 0
72 2
20 0
72 2
20 0
72 2
14 0
72 4
20 0
72 2
20 0
72 2
14 0
72 6
14 0
72 4
20 0
72 2
20 0
72 2
20 0
72 2
14 0
72 4
20 0
72 2
20 0
72 2
14 0
72 6
14 0
72 2
14 0
72 7
20 0
72 2
20 0
72 2
20 0
72 2
20 0
72 2
20 0
72 2
20 0
72 2
20 0
72 2
20 0
72 2
14 0
72 4
20 0
72 2
20 0
72 2
20 0
72 2
20 0
72 2
20 0
72 2
20 0
72 2
20 0
72 2
20 0
72 2
20 0
72 2
20 0
72 2
14 0
72 4
20 0
72 2
20 0
72 2
14 0
72 6
14 0
72 6
14 0
72 4
20 0
72 2
20 0
72 2
20 0
72 2
20 0
72 2
14 0
72 4
20 0
72 2
20 0
72 2
20 0
72 2
20 0
72 2
20 0
72 2
20 0
72 2
14 0
72 4
20 0
72 2
20 0
72 2
20 0
72 2
20 0
72 2
20 0
72 2
20 0
72 2
14 0
72 4
20 0
72 2
20 0
72 2
20 0
72 2
20 0
72 2
20 0
72 2
20 0
72 2
14 0
72 4
20 0
72 2
20 0
72 2
20 0
72 2
20 0
72 2
20 0
72 2
20 0
72 2
14 0
72 4
20 0
72 2
20 0
72 2
20 0
72 2
20 0
72 2
20 0
72 2
20 0
72 2
14 0
72 4
20 0
72 2
20 0
72 2
14 0
72 2
14 0
72 4
14 0
72 4
14 0
72 4
14 0
72 7
14 0
72 2
14 0
72 2
14 0
72 2
14 0
72 2
14 0
72 2
20 0
72 2
20 0
72 4
20 0
72 2
14 0
72 4
20 0
72 2
20 0
72 2
20 0
72 2
20 0
72 2
20 0
72 2
20 0
72 2
14 0
72 4
20 0
72 2
20 0
72 2
20 0
72 2
20 0
72 4
20 0
72 2
14 0
72 4
20 0
72 2
20 0
72 2
20 0
72 2
20 0
72 2
20 0
72 2
20 0
72 2
14 0
72 4
20 0
72 2
20 0
72 2
20 0
72 2
20 0
72 4
20 0
72 2
14 0
72 4
20 0
72 2
20 0
72 2
20 0
72 2
20 0
72 2
20 0
72 2
20 0
72 2
14 0
72 4
20 0
72 2
20 0
72 2
20 0
72 2
20 0
72 4
20 0
72 2
14 0
72 4
20 0
72 2
20 0
72 2
20 0
72 2
20 0
72 2
20 0
72 2
20 0
72 2
14 0
72 4
20 0
72 2
20 0
72 2
20 0
72 2
20 0
72 4
20 0
72 2
14 0
72 4
20 0
72 2
20 0
72 2
20 0
72 2
20 0
72 2
20 0
72 2
20 0
72 2
14 0
72 4
20 0
72 2
20 0
72 2
20 0
72 2
20 0
72 4
20 0
72 2
14 0
72 4
20 0
72 2
20 0
72 2
20 0
72 2
20 0
72 2
20 0
72 2
20 0
72 2
14 0
72 4
20 0
72 2
20 0
72 2
20 0
72 2
20 0
72 4
20 0
72 2
14 0
72 4
20 0
72 2
20 0
72 2
20 0
72 2
20 0
72 2
20 0
72 2
20 0
72 2
14 0
72 4
20 0
72 2
20 0
72 2
20 0
72 2
20 0
72 4
20 0
72 2
14 0
72 4
20 0
72 2
20 0
72 2
20 0
72 2
20 0
72 2
20 0
72 2
20 0
72 2
14 0
72 4
20 0
72 2
20 0
72 2
20 0
72 2
20 0
72 4
20 0
72 2
14 0
72 4
20 0
72 2
20 0
72 2
20 0
72 2
20 0
72 2
20 0
72 2
20 0
72 2
14 0
72 4
20 0
72 2
20 0
72 2
20 0
72 2
20 0
72 4
20 0
72 2
14 0
72 4
20 0
72 2
20 0
72 2
20 0
72 2
20 0
72 2
20 0
72 2
20 0
72 2
14 0
72 4
20 0
72 2
20 0
72 2
20 0
72 2
20 0
72 4
20 0
72 2
14 0
72 4
20 0
72 2
20 0
72 2
20 0
72 2
20 0
72 2
20 0
72 2
20 0
72 2
14 0
72 4
20 0
72 2
20 0
72 2
20 0
72 2
20 0
72 4
20 0
72 2
14 0
72 4
20 0
72 2
20 0
72 2
20 0
72 2
20 0
72 2
20 0
72 2
20 0
72 2
14 0
72 4
20 0
72 2
20 0
72 2
20 0
72 2
20 0
72 4
20 0
72 2
14 0
72 4
20 0
72 2
20 0
72 2
20 0
72 2
20 0
72 2
20 0
72 2
20 0
72 2
14 0
72 4
20 0
72 2
20 0
72 2
20 0
72 2
20 0
72 4
20 0
72 2
14 0
72 4
20 0
72 2
20 0
72 2
20 0
72 2
20 0
72 2
20 0
72 2
20 0
72 2
14 0
72 4
20 0
72 2
20 0
72 2
20 0
72 2
20 0
72 4
20 0
72 2
14 0
72 4
20 0
72 2
20 0
72 2
20 0
72 2
20 0
72 2
20 0
72 2
20 0
72 2
14 0
72 4
20 0
72 2
20 0
72 4
14 0
72 3
14 0
72 3
14 0
72 3
14 0
72 3
14 0
72 3
14 0
72 5
14 0
72 8
20 0
72 2
20 0
72 2
20 0
72 4
20 0
72 2
20 0
72 2
20 0
72 2
20 0
72 2
20 0
72 2
20 0
72 2
14 0
72 4
14 0
72 4
20 0
72 2
20 0
72 2
20 0
72 2
20 0
72 2
20 0
72 4
20 0
72 2
20 0
72 2
20 0
72 2
20 0
72 2
20 0
72 2
20 0
72 2
14 0
72 4
14 0
72 4
20 0
72 2
20 0
72 2
20 0
72 2
20 0
72 2
20 0
72 4
20 0
72 2
20 0
72 2
20 0
72 2
20 0
72 2
20 0
72 2
20 0
72 2
14 0
72 4
14 0
72 4
20 0
72 2
20 0
72 2
20 0
72 2
20 0
72 2
20 0
72 4
20 0
72 2
20 0
72 2
20 0
72 2
20 0
72 2
20 0
72 2
20 0
72 2
14 0
72 4
14 0
72 4
20 0
72 2
20 0
72 2
20 0
72 2
20 0
72 2
20 0
72 4
20 0
72 2
20 0
72 2
20 0
72 2
20 0
72 2
20 0
72 2
20 0
72 2
14 0
72 4
14 0
72 4
20 0
72 2
20 0
72 2
20 0
72 2
20 0
72 2
20 0
72 4
20 0
72 2
20 0
72 2
20 0
72 2
20 0
72 2
20 0
72 2
20 0
72 2
14 0
72 4
14 0
72 4
20 0
72 2
20 0
72 2
20 0
72 2
20 0
72 2
20 0
72 4
20 0
72 2
20 0
72 2
20 0
72 2
20 0
72 2
20 0
72 2
20 0
72 2
14 0
72 4
14 0
72 4
20 0
72 2
20 0
72 2
20 0
72 2
20 0
72 2
20 0
72 4
20 0
72 2
20 0
72 2
20 0
72 2
20 0
72 2
20 0
72 2
20 0
72 2
14 0
72 4
14 0
72 4
20 0
72 2
20 0
72 2
20 0
72 2
20 0
72 2
20 0
72 4
20 0
72 2
20 0
72 2
20 0
72 2
20 0
72 2
20 0
72 2
20 0
72 2
14 0
72 4
14 0
72 4
20 0
72 2
20 0
72 2
20 0
72 2
20 0
72 2
20 0
72 4
20 0
72 2
20 0
72 2
20 0
72 2
20 0
72 2
20 0
72 2
20 0
72 2
14 0
72 4
14 0
72 4
20 0
72 2
20 0
72 2
20 0
72 2
20 0
72 2
20 0
72 4
20 0
72 2
20 0
72 2
20 0
72 2
20 0
72 2
20 0
72 2
20 0
72 2
14 0
72 4
14 0
72 4
20 0
72 2
20 0
72 2
20 0
72 2
20 0
72 2
20 0
72 4
20 0
72 2
20 0
72 2
20 0
72 2
20 0
72 2
20 0
72 2
20 0
72 2
14 0
72 4
14 0
72 4
20 0
72 2
20 0
72 2
20 0
72 2
20 0
72 2
20 0
72 4
20 0
72 2
20 0
72 2
20 0
72 2
20 0
72 2
20 0
72 2
20 0
72 2
14 0
72 4
14 0
72 4
20 0
72 2
20 0
72 2
20 0
72 2
20 0
72 2
20 0
72 4
20 0
72 2
20 0
72 2
20 0
72 2
20 0
72 2
20 0
72 2
20 0
72 2
14 0
72 4
14 0
72 4
20 0
72 2
20 0
72 2
20 0
72 2
20 0
72 2
20 0
72 4
20 0
72 2
20 0
72 2
20 0
72 2
20 0
72 2
20 0
72 2
20 0
72 2
14 0
72 4
14 0
72 4
20 0
72 2
20 0
72 2
20 0
72 2
20 0
72 2
20 0
72 4
20 0
72 2
20 0
72 2
20 0
72 2
20 0
72 2
20 0
72 2
20 0
72 2
14 0
72 4
14 0
72 4
20 0
72 2
20 0
72 2
20 0
72 2
20 0
72 2
20 0
72 4
20 0
72 2
20 0
72 2
20 0
72 2
20 0
72 2
20 0
72 2
20 0
72 2
14 0
72 4
14 0
72 4
20 0
72 2
20 0
72 2
20 0
72 2
20 0
72 2
20 0
72 4
20 0
72 2
20 0
72 2
20 0
72 2
20 0
72 2
20 0
72 2
20 0
72 2
14 0
72 4
14 0
72 4
20 0
72 2
20 0
72 2
20 0
72 2
20 0
72 2
20 0
72 4
20 0
72 2
20 0
72 2
20 0
72 2
20 0
72 2
20 0
72 2
20 0
72 2
14 0
72 4
14 0
72 4
20 0
72 2
20 0
72 2
20 0
72 2
20 0
72 2
20 0
72 4
20 0
72 2
20 0
72 2
20 0
72 2
20 0
72 2
20 0
72 2
20 0
72 2
14 0
72 4
14 0
72 4
20 0
72 2
20 0
72 2
20 0
72 2
20 0
72 2
20 0
72 4
20 0
72 2
20 0
72 2
20 0
72 2
20 0
72 2
20 0
72 2
20 0
72 2
14 0
72 4
14 0
72 4
20 0
72 2
20 0
72 2
20 0
72 2
20 0
72 2
20 0
72 4
20 0
72 2
20 0
72 2
20 0
72 2
20 0
72 2
20 0
72 2
20 0
72 2
14 0
72 4
14 0
72 4
20 0
72 2
20 0
72 2
20 0
72 2
20 0
72 2
20 0
72 4
20 0
72 2
20 0
72 2
20 0
72 2
20 0
72 2
20 0
72 2
20 0
72 2
14 0
72 4
14 0
72 4
20 0
72 2
20 0
72 2
20 0
72 2
20 0
72 2
20 0
72 4
20 0
72 2
20 0
72 2
20 0
72 2
20 0
72 2
20 0
72 2
20 0
72 2
14 0
72 4
14 0
72 4
20 0
72 2
20 0
72 2
20 0
72 2
20 0
72 2
20 0
72 4
20 0
72 2
20 0
72 2
20 0
72 2
20 0
72 2
20 0
72 2
20 0
72 2
14 0
72 4
14 0
72 4
20 0
72 2
20 0
72 2
20 0
72 2
20 0
72 2
20 0
72 4
20 0
72 2
20 0
72 2
20 0
72 2
20 0
72 2
20 0
72 2
20 0
72 2
14 0
72 4
14 0
72 4
20 0
72 2
20 0
72 2
20 0
72 2
20 0
72 2
20 0
72 4
20 0
72 2
20 0
72 2
20 0
72 2
20 0
72 2
20 0
72 2
20 0
72 2
14 0
72 4
14 0
72 4
20 0
72 2
20 0
72 2
20 0
72 2
20 0
72 2
20 0
72 4
20 0
72 2
20 0
72 2
20 0
72 2
20 0
72 2
20 0
72 2
20 0
72 2
14 0
72 4
14 0
72 4
20 0
72 2
20 0
72 2
20 0
72 2
20 0
72 2
20 0
72 4
20 0
72 2
20 0
72 2
20 0
72 2
20 0
72 2
20 0
72 2
20 0
72 2
14 0
72 4
14 0
72 4
20 0
72 2
20 0
72 2
20 0
72 2
20 0
72 2
20 0
72 4
20 0
72 2
20 0
72 2
20 0
72 2
20 0
72 2
20 0
72 2
20 0
72 2
14 0
72 4
14 0
72 4
20 0
72 2
20 0
72 2
20 0
72 2
20 0
72 2
20 0
72 4
20 0
72 2
20 0
72 2
20 0
72 2
20 0
72 2
20 0
72 2
20 0
72 2
14 0
72 4
14 0
72 4
20 0
72 2
20 0
72 2
20 0
72 2
20 0
72 2
20 0
72 4
20 0
72 2
20 0
72 2
20 0
72 2
20 0
72 2
20 0
72 2
20 0
72 2
14 0
72 4
14 0
72 4
20 0
72 2
20 0
72 2
20 0
72 4
20 0
72 2
20 0
72 2
20 0
72 4
14 0
72 2
20 0
72 2
20 0
20 0
72 2
20 0
72 4
20 0
72 2
20 0
72 4
14 0
72 2
20 0
72 2
20 0
72 4
20 0
72 2
20 0
72 2
20 0
72 4
14 0
72 2
20 0
72 2
20 0
20 0
72 2
20 0
72 4
20 0
72 2
20 0
72 4
14 0
72 2
20 0
72 2
20 0
72 4
20 0
72 2
20 0
72 2
20 0
72 4
14 0
72 2
20 0
72 2
20 0
20 0
72 2
20 0
72 4
20 0
72 2
20 0
72 4
14 0
72 2
20 0
72 2
20 0
72 4
20 0
72 2
20 0
72 2
20 0
72 4
14 0
72 2
20 0
72 2
20 0
20 0
72 2
20 0
72 4
20 0
72 2
20 0
72 4
14 0
72 2
20 0
72 2
20 0
72 4
20 0
72 2
20 0
72 2
20 0
72 4
14 0
72 2
20 0
72 2
20 0
20 0
72 2
20 0
72 4
20 0
72 2
20 0
72 4
14 0
72 2
20 0
72 2
20 0
72 4
20 0
72 2
20 0
72 2
20 0
72 4
14 0
72 2
20 0
72 2
20 0
20 0
72 2
20 0
72 4
20 0
72 2
20 0
72 4
14 0
72 2
20 0
72 2
20 0
72 4
20 0
72 2
20 0
72 2
20 0
72 4
14 0
72 2
20 0
72 2
20 0
20 0
72 2
20 0
72 4
20 0
72 2
20 0
72 4
14 0
72 2
20 0
72 2
20 0
72 4
20 0
72 2
20 0
72 2
20 0
72 4
14 0
72 2
20 0
72 2
20 0
20 0
72 2
20 0
72 4
20 0
72 2
20 0
72 4
14 0
72 2
20 0
72 2
20 0
72 4
20 0
72 2
20 0
72 2
20 0
72 4
14 0
72 2
20 0
72 2
20 0
20 0
72 2
20 0
72 4
20 0
72 2
20 0
72 4
14 0
72 2
20 0
72 2
20 0
72 4
20 0
72 2
20 0
72 2
20 0
72 4
14 0
72 2
20 0
72 2
20 0
20 0
72 2
20 0
72 4
20 0
72 2
20 0
72 4
14 0
72 2
20 0
72 2
20 0
72 4
20 0
72 2
20 0
72 2
20 0
72 4
14 0
72 2
20 0
72 2
20 0
20 0
72 2
20 0
72 4
20 0
72 2
20 0
72 4
14 0
72 2
20 0
72 2
20 0
72 4
20 0
72 2
20 0
72 2
20 0
72 4
14 0
72 2
20 0
72 2
20 0
20 0
72 2
20 0
72 4
20 0
72 2
20 0
72 4
14 0
72 2
20 0
72 2
20 0
72 4
20 0
72 2
20 0
72 2
20 0
72 4
14 0
72 2
20 0
72 2
20 0
20 0
72 2
20 0
72 4
20 0
72 2
20 0
72 4
14 0
72 2
20 0
72 2
20 0
72 4
20 0
72 2
20 0
72 2
20 0
72 4
14 0
72 2
20 0
72 2
20 0
20 0
72 2
20 0
72 4
20 0
72 2
20 0
72 4
14 0
72 2
20 0
72 2
20 0
72 4
20 0
72 2
20 0
72 2
20 0
72 4
14 0
72 2
20 0
72 2
20 0
20 0
72 2
20 0
72 4
20 0
72 2
20 0
72 4
14 0
72 2
20 0
72 2
20 0
72 4
20 0
72 2
20 0
72 2
20 0
72 4
14 0
72 2
20 0
72 2
20 0
20 0
72 2
20 0
72 4
20 0
72 2
20 0
72 4
14 0
72 2
20 0
72 2
20 0
72 4
20 0
72 2
20 0
72 2
20 0
72 4
14 0
72 2
20 0
72 2
20 0
20 0
72 2
20 0
72 4
20 0
72 2
20 0
72 4
14 0
72 2
20 0
72 2
20 0
72 4
20 0
72 2
20 0
72 2
20 0
72 4
14 0
72 2
20 0
72 2
20 0
20 0
72 2
20 0
72 4
20 0
72 2
20 0
72 4
14 0
72 2
20 0
72 2
20 0
72 4
20 0
72 2
20 0
72 2
20 0
72 4
14 0
72 2
20 0
72 2
20 0
20 0
72 2
20 0
72 4
20 0
72 2
20 0
72 4
14 0
72 2
20 0
72 2
20 0
72 4
20 0
72 2
20 0
72 2
20 0
72 4
14 0
72 2
20 0
72 2
20 0
20 0
72 2
20 0
72 4
20 0
72 2
20 0
72 4
14 0
72 2
20 0
72 2
20 0
72 4
20 0
72 2
20 0
72 2
20 0
72 4
14 0
72 2
20 0
72 2
20 0
20 0
72 2
20 0
72 4
20 0
72 2
20 0
72 4
14 0
72 2
20 0
72 2
20 0
72 4
20 0
72 2
20 0
72 2
20 0
72 4
14 0
72 2
20 0
72 2
20 0
20 0
72 2
20 0
72 4
20 0
72 2
20 0
72 4
14 0
72 2
20 0
72 2
20 0
72 4
20 0
72 2
20 0
72 2
20 0
72 4
14 0
72 2
20 0
72 2
20 0
20 0
72 2
20 0
72 4
20 0
72 2
20 0
72 4
14 0
72 2
20 0
72 2
20 0
72 4
20 0
72 2
20 0
72 2
20 0
72 4
14 0
72 2
20 0
72 2
20 0
20 0
72 2
20 0
72 4
20 0
72 2
20 0
72 4
14 0
72 2
20 0
72 2
20 0
72 4
20 0
72 2
20 0
72 2
20 0
72 4
14 0
72 2
20 0
72 2
20 0
20 0
72 2
20 0
72 4
20 0
72 2
20 0
72 4
14 0
72 2
20 0
72 2
20 0
72 4
20 0
72 2
20 0
72 2
20 0
72 4
14 0
72 2
20 0
72 2
20 0
20 0
72 2
20 0
72 4
20 0
72 2
20 0
72 4
14 0
72 2
20 0
72 2
20 0
72 4
20 0
72 2
20 0
72 2
20 0
72 4
14 0
72 2
20 0
72 2
20 0
20 0
72 2
20 0
72 4
20 0
72 2
20 0
72 4
14 0
72 2
20 0
72 2
20 0
72 4
20 0
72 2
20 0
72 2
20 0
72 4
14 0
72 2
20 0
72 2
20 0
20 0
72 2
20 0
72 4
20 0
72 2
20 0
72 4
14 0
72 2
20 0
72 2
20 0
72 4
20 0
72 2
20 0
72 2
20 0
72 4
14 0
72 2
20 0
72 2
20 0
20 0
72 2
20 0
72 4
20 0
72 2
20 0
72 4
14 0
72 2
20 0
72 2
20 0
72 4
20 0
72 2
20 0
72 2
20 0
72 4
14 0
72 2
20 0
72 2
20 0
20 0
72 2
20 0
72 4
20 0
72 2
20 0
72 4
14 0
72 2
20 0
72 2
20 0
72 4
20 0
72 2
20 0
72 2
20 0
72 4
14 0
72 2
20 0
72 2
20 0
20 0
72 2
20 0
72 4
20 0
72 2
20 0
72 4
14 0
72 2
20 0
72 2
20 0
72 4
20 0
72 2
20 0
72 2
20 0
72 4
14 0
72 2
20 0
72 2
20 0
20 0
72 2
20 0
72 4
20 0
72 2
20 0
72 4
14 0
72 2
20 0
72 2
20 0
72 4
20 0
72 2
20 0
72 2
20 0
72 4
14 0
72 2
20 0
72 2
20 0
20 0
72 2
20 0
72 4
20 0
72 2
20 0
72 4
14 0
72 2
20 0
72 2
20 0
72 4
20 0
72 2
20 0
72 2
20 0
72 4
14 0
72 2
20 0
72 2
20 0
20 0
72 2
20 0
72 4
20 0
72 2
20 0
72 4
14 0
72 2
20 0
72 2
20 0
72 4
20 0
72 2
20 0
72 2
20 0
72 4
14 0
72 2
20 0
72 2
20 0
20 0
72 2
20 0
72 4
20 0
72 2
20 0
72 4
14 0
72 2
20 0
72 2
20 0
72 4
20 0
72 2
20 0
72 2
20 0
72 4
14 0
72 2
20 0
72 2
20 0
20 0
72 2
20 0
72 4
20 0
72 2
20 0
72 4
14 0
72 2
20 0
72 2
20 0
72 4
20 0
72 2
20 0
72 2
20 0
72 4
14 0
72 2
20 0
72 2
20 0
20 0
72 2
20 0
72 4
20 0
72 2
20 0
72 4
14 0
72 2
20 0
72 2
20 0
72 4
20 0
72 2
20 0
72 2
20 0
72 4
14 0
72 2
20 0
72 2
20 0
20 0
72 2
20 0
72 4
20 0
72 2
20 0
72 4
14 0
72 2
20 0
72 2
20 0
72 4
20 0
72 2
20 0
72 2
20 0
72 4
14 0
72 2
20 0
72 2
20 0
20 0
72 2
20 0
72 4
20 0
72 2
20 0
72 4
14 0
72 2
20 0
72 2
20 0
72 4
20 0
72 2
20 0
72 2
20 0
72 4
14 0
72 2
20 0
72 2
20 0
20 0
72 2
20 0
72 4
20 0
72 2
20 0
72 4
14 0
72 2
20 0
72 2
20 0
72 4
20 0
72 2
20 0
72 2
20 0
72 4
14 0
72 2
20 0
72 2
20 0
20 0
72 2
20 0
72 4
20 0
72 2
20 0
72 4
14 0
72 2
20 0
72 2
20 0
72 4
20 0
72 2
20 0
72 2
20 0
72 4
14 0
72 2
20 0
72 2
20 0
20 0
72 2
20 0
72 4
20 0
72 2
20 0
72 4
14 0
72 2
20 0
72 2
20 0
72 4
20 0
72 2
20 0
72 2
20 0
72 4
14 0
72 2
20 0
72 2
20 0
20 0
72 2
20 0
72 4
20 0
72 2
20 0
72 4
14 0
72 2
20 0
72 2
20 0
72 4
20 0
72 2
20 0
72 2
20 0
72 4
14 0
72 2
20 0
72 2
20 0
20 0
72 2
20 0
72 4
20 0
72 2
20 0
72 4
14 0
72 2
20 0
E
X
