minor
S
H
69 12
65 12
67 12
64 12
69 14
72 14
69 7
67 11
60 7
71 4
67 12
72 7
67 11
60 7
71 4
67 12
72 7
67 11
71 7
60 4
62 12
72 7
67 11
60 6
71 6
67 13
72 14
153 9
69 9
60 7
71 12
67 4
69 13
72 13
153 9
69 9
60 7
71 13
69 14
72 14
62 2
63 2
64 5
67 3
72 4
60 9
64 2
72 2
57 6
60 2
64 11
72 6
62 2
63 2
64 5
67 3
72 4
60 9
64 2
72 2
62 6
60 2
57 11
72 6
62 2
63 2
72 0
64 5
67 3
72 4
60 9
64 2
72 2
57 6
60 2
64 11
72 6
62 2
63 2
64 5
67 3
72 4
60 9
64 2
72 2
62 6
60 2
57 11
72 6
64 2
65 2
72 0
67 9
60 11
67 7
69 2
72 2
67 11
72 4
69 4
67 2
72 2
69 2
72 2
64 6
62 3
72 4
69 4
71 6
60 5
72 0
62 4
60 7
71 7
64 4
69 2
64 3
72 4
69 9
60 7
71 2
72 2
71 2
62 2
72 2
71 2
60 11
64 4
69 2
64 3
72 4
69 9
60 7
71 2
72 2
71 2
62 2
72 2
71 2
60 11
E
S
H
69 12
65 12
67 12
64 12
69 14
72 14
69 7
67 11
60 7
71 4
67 12
72 7
67 11
60 7
71 4
67 12
72 7
67 11
71 7
60 4
62 12
72 7
67 11
60 6
71 6
67 13
72 14
153 9
69 9
60 7
71 12
67 4
69 13
72 13
153 9
69 9
60 7
71 13
69 14
E
S
H
72 14
62 2
63 2
64 5
67 3
72 4
60 9
64 2
72 2
57 6
60 2
64 11
72 6
62 2
63 2
64 5
67 3
72 4
60 9
64 2
72 2
62 6
60 2
57 11
72 6
62 2
63 2
72 0
64 5
67 3
72 4
60 9
64 2
72 2
57 6
60 2
64 11
72 6
62 2
63 2
64 5
67 3
72 4
60 9
64 2
72 2
62 6
60 2
57 11
72 6
64 2
65 2
72 0
67 9
60 11
67 7
69 2
72 2
67 11
72 4
69 4
67 2
72 2
69 2
72 2
64 6
62 3
72 4
69 4
71 6
60 5
72 0
62 4
60 7
71 7
64 4
69 2
64 3
72 4
69 9
60 7
71 2
72 2
71 2
62 2
72 2
71 2
60 11
64 4
69 2
64 3
72 4
69 9
60 7
71 2
72 2
71 2
62 2
72 2
71 2
60 11
E
S
H
57 2
59 2
57 2
59 2
57 2
59 2
57 2
59 2
57 2
59 2
57 2
59 2
53 2
55 2
53 2
55 2
53 2
55 2
53 2
55 2
53 2
55 2
53 2
55 2
55 2
57 2
55 2
57 2
55 2
57 2
55 2
57 2
55 2
57 2
55 2
57 2
52 2
53 2
52 2
53 2
52 2
53 2
52 2
52 2
53 2
52 2
53 2
52 2
57 2
72 2
60 2
59 0
72 4
55 2
72 2
57 2
72 2
55 2
72 2
57 0
72 2
52 2
72 2
50 2
72 2
57 2
72 2
60 2
59 0
72 4
55 2
72 2
57 2
72 2
55 2
72 2
57 0
72 2
52 2
72 2
50 2
72 2
57 2
72 2
60 2
59 0
72 4
55 2
72 2
57 2
72 2
55 2
72 2
57 0
72 2
52 2
72 2
50 2
72 2
57 2
72 2
60 2
59 0
72 4
55 2
72 2
57 2
72 2
55 2
72 2
57 0
72 2
52 2
72 2
50 2
72 2
57 2
72 2
60 2
59 0
72 4
55 2
72 2
57 2
72 2
55 2
72 2
57 0
72 2
52 2
72 2
50 2
72 2
57 2
72 2
60 2
59 0
72 4
55 2
72 2
57 2
72 2
55 2
72 2
57 0
72 2
52 2
72 2
50 2
72 2
57 2
72 2
60 2
59 0
72 4
55 2
72 2
57 2
72 2
55 2
72 2
57 0
72 2
52 2
72 2
50 2
72 2
57 2
72 2
60 2
59 0
72 4
55 2
72 2
57 2
72 2
55 2
72 2
57 0
72 2
52 2
72 2
50 2
72 2
57 2
72 2
60 2
59 0
72 4
55 2
72 2
57 2
72 2
55 2
72 2
57 0
72 2
52 2
72 2
50 2
72 2
57 2
72 2
60 2
59 0
72 4
55 2
72 2
57 2
72 2
55 2
72 2
57 0
72 2
52 2
72 2
50 2
72 2
57 2
72 2
60 2
59 0
72 4
55 2
72 2
57 2
72 2
55 2
72 2
57 0
72 2
52 2
72 2
50 2
72 2
57 2
72 2
60 2
59 0
72 4
55 2
72 2
57 2
72 2
55 2
72 2
57 0
72 2
52 2
72 2
50 2
72 2
57 2
72 2
60 2
59 0
72 4
55 2
72 2
57 2
72 2
55 2
72 2
57 0
72 2
52 2
72 2
50 2
72 2
57 2
72 2
60 2
59 0
72 4
55 2
72 2
57 2
72 2
55 2
72 2
57 0
72 2
52 2
72 2
50 2
72 2
57 2
72 2
60 2
59 0
72 4
55 2
72 2
57 2
72 2
55 2
72 2
57 0
72 2
52 2
72 2
50 2
72 2
57 2
72 2
60 2
59 0
72 4
55 2
72 2
57 2
72 2
55 2
72 2
57 0
72 2
52 2
72 2
50 2
72 2
57 2
72 2
60 2
59 0
72 4
55 2
72 2
57 2
72 2
55 2
72 2
57 0
72 2
52 2
72 2
50 2
72 2
57 2
72 2
60 2
59 0
72 4
55 2
72 2
57 2
72 2
55 2
72 2
57 0
72 2
52 2
72 2
50 2
72 2
57 2
72 2
60 2
59 0
72 4
55 2
72 2
57 2
72 2
55 2
72 2
57 0
72 2
52 2
72 2
50 2
72 2
57 2
72 2
60 2
59 0
72 4
55 2
72 2
57 2
72 2
55 2
72 2
57 0
72 2
52 2
72 2
50 2
72 2
57 2
72 2
60 2
59 0
72 4
55 2
72 2
57 2
72 2
55 2
72 2
57 0
72 2
52 2
72 2
50 2
72 2
57 2
72 2
60 2
59 0
72 4
55 2
72 2
57 2
72 2
55 2
72 2
57 0
72 2
52 2
72 2
50 2
72 2
57 2
72 2
60 2
59 0
72 4
55 2
72 2
57 2
72 2
55 2
72 2
57 0
72 2
52 2
72 2
50 2
72 2
57 2
72 2
60 2
59 0
72 4
55 2
72 2
57 2
72 2
55 2
72 2
57 0
72 2
52 2
72 2
50 2
72 4
57 6
57 3
72 4
57 3
72 4
57 3
72 5
57 4
72 2
53 6
53 3
72 8
55 2
72 6
55 2
72 3
57 6
57 3
72 4
57 3
72 4
57 3
72 5
57 4
72 2
53 6
53 3
72 8
55 2
72 6
55 2
72 3
57 6
57 3
72 4
57 3
72 4
57 3
72 5
57 4
72 2
53 6
53 3
72 8
55 2
72 6
55 2
72 3
57 6
57 3
72 4
57 3
72 4
57 3
72 5
57 4
72 2
53 6
53 3
72 8
55 2
72 6
55 2
72 3
57 6
57 3
72 4
57 3
72 4
57 3
72 5
57 4
72 2
53 6
53 3
72 8
55 2
72 6
55 2
72 3
57 6
57 3
72 4
57 3
72 4
57 3
72 5
57 4
72 2
53 6
53 3
72 8
55 2
72 6
55 2
72 14
57 2
72 2
60 2
59 0
72 4
55 2
72 2
57 2
72 2
55 2
72 2
57 0
72 2
52 2
72 2
50 2
72 2
57 2
72 2
60 2
59 0
72 4
55 2
72 2
57 2
72 2
55 2
72 2
57 0
72 2
52 2
72 2
50 2
72 2
57 2
72 2
60 2
59 0
72 4
55 2
72 2
57 2
72 2
55 2
72 2
57 0
72 2
52 2
72 2
50 2
72 2
57 2
72 2
60 2
59 0
72 4
55 2
72 2
57 2
72 2
55 2
72 2
57 0
72 2
52 2
72 2
50 2
E
S
L
17 12
13 12
15 12
12 12
72 14
16 7
9 5
9 12
9 6
21 12
9 5
9 12
9 6
21 12
5 6
5 12
5 6
17 12
5 6
5 12
5 6
17 12
9 6
9 11
7 6
8 4
9 6
21 12
9 6
9 11
7 6
8 4
9 6
21 12
9 6
9 11
7 6
8 4
9 6
21 12
9 6
9 11
7 6
8 4
9 6
21 12
9 6
9 12
9 6
9 12
9 6
9 11
7 6
8 4
9 13
9 6
9 12
5 6
5 8
7 11
9 6
9 12
5 6
5 8
7 11
9 6
9 12
5 6
5 8
7 11
9 6
9 12
5 6
5 8
7 11
9 6
9 12
5 6
5 8
7 11
9 6
9 12
5 6
5 8
7 11
5 2
5 2
5 2
5 2
5 4
72 11
7 2
7 2
7 2
7 2
7 4
72 4
12 7
7 7
9 2
72 2
9 2
9 6
12 4
14 2
12 6
13 4
14 2
14 6
16 4
17 2
16 6
20 7
16 7
9 2
72 2
9 2
9 6
12 4
14 2
12 6
16 2
16 2
16 2
16 2
7 2
72 2
7 2
7 2
72 2
7 2
9 11
9 2
72 2
9 2
9 6
12 4
14 2
12 6
16 2
16 2
16 2
16 2
7 2
72 2
7 2
7 2
72 2
7 2
9 11
9 6
9 11
7 6
8 4
9 6
21 12
9 6
9 11
7 6
8 4
9 6
21 12
9 6
9 11
7 6
8 4
9 6
21 12
E
S
H
72 14
21 3
72 4
21 12
21 3
72 4
21 12
21 3
72 4
21 12
21 3
72 4
21 12
72 14
50 2
51 2
52 5
55 3
72 4
48 9
52 2
72 2
45 6
48 2
52 11
72 6
50 2
51 2
52 5
55 3
72 4
48 9
52 2
72 2
50 6
48 2
45 11
72 6
50 2
51 2
72 0
52 5
55 3
72 4
48 9
52 2
72 2
45 6
48 2
52 11
72 6
50 2
51 2
52 5
55 3
72 4
48 9
52 2
72 2
50 6
48 2
45 11
72 6
52 2
53 2
72 0
55 9
48 11
55 7
57 2
72 2
55 11
72 4
57 4
55 2
72 2
57 2
72 2
64 6
62 3
72 4
57 4
59 6
60 5
72 0
62 4
60 7
59 7
52 4
45 2
52 3
72 4
45 9
48 7
47 2
72 2
47 2
50 2
72 2
47 2
48 11
52 4
45 2
52 3
72 4
45 9
48 7
47 2
72 2
47 2
50 2
72 2
47 2
48 11
E
S
L
72 14
72 14
33 2
72 2
36 2
35 0
72 4
31 2
72 2
33 2
72 2
31 2
72 2
33 0
72 2
28 4
26 2
72 2
33 2
72 2
36 2
35 0
72 4
31 2
72 2
33 2
72 2
31 2
72 2
28 0
72 2
31 4
28 2
72 2
33 2
72 2
36 2
35 0
72 4
31 4
33 2
72 2
31 2
72 2
33 0
72 2
28 4
26 2
72 2
33 2
72 2
36 2
35 0
72 4
31 4
33 2
72 2
31 2
72 2
28 0
72 2
31 4
28 2
72 2
33 2
72 2
36 2
35 0
72 4
31 2
72 2
33 2
72 2
31 2
72 2
33 0
72 2
28 4
26 2
72 2
33 2
72 2
36 2
35 0
72 4
31 2
72 2
33 2
72 2
31 2
72 2
28 0
72 2
31 4
28 2
72 2
33 2
72 2
36 2
35 0
72 4
31 4
33 2
72 2
31 2
72 2
33 0
72 2
28 4
26 2
72 2
33 2
72 2
36 2
35 0
72 4
31 2
72 2
33 2
72 2
31 2
72 2
28 0
72 2
31 4
28 2
72 2
33 2
72 2
36 2
35 0
72 4
31 2
72 2
33 2
72 2
31 2
72 2
33 0
72 2
28 4
26 2
72 2
33 2
72 2
36 2
35 0
72 4
31 2
72 2
33 2
72 2
31 2
72 2
28 0
72 2
31 4
28 2
72 2
33 2
72 2
36 2
35 0
72 4
31 2
72 2
33 2
72 2
31 2
72 2
33 0
72 2
28 4
26 2
72 2
33 2
72 2
36 2
35 0
72 4
31 2
72 2
33 2
72 2
31 2
72 2
28 0
72 2
31 4
28 2
72 11
1300 0
72 2
1445 11
72 11
1157 7
856 7
72 4
52 4
52 2
72 2
52 2
72 2
53 5
53 5
53 2
72 4
54 5
54 5
54 4
72 2
55 7
55 7
40 6
40 5
40 11
72 1
38 2
72 2
38 0
72 1
38 2
72 3
35 2
36 11
40 5
40 11
72 6
38 2
72 2
38 2
38 2
72 2
35 2
36 11
E
S
L
232 2
72 6
17 2
72 2
26 2
72 6
23 2
72 2
22 2
72 6
17 2
72 2
24 2
72 6
23 2
72 2
22 2
72 6
17 2
72 2
26 2
72 6
23 2
72 2
22 2
72 6
17 2
72 2
24 2
72 6
239 2
72 2
11 2
72 2
22 2
72 6
23 2
72 10
11 2
72 2
11 2
72 2
22 2
72 6
23 2
72 10
11 2
72 2
11 2
72 2
22 2
72 6
23 2
72 10
136 2
72 2
11 2
72 2
22 2
72 6
23 2
72 8
11 2
72 6
11 2
72 4
11 2
72 11
18 2
72 2
11 2
72 4
11 2
72 11
175 2
72 2
11 2
72 4
11 2
72 11
18 2
72 2
11 2
72 4
11 2
72 11
175 2
72 2
11 2
72 4
11 2
72 11
18 2
72 2
11 2
72 4
11 2
72 11
175 2
72 2
11 2
72 4
11 2
72 11
18 2
72 2
11 2
72 4
11 2
72 11
175 2
72 2
11 2
72 6
175 2
72 8
11 2
72 6
175 2
72 2
11 2
72 6
18 2
72 7
24 2
72 2
23 2
72 4
18 2
72 8
18 2
72 9
11 2
72 2
11 2
184 2
72 8
18 2
72 11
175 2
72 2
11 2
72 6
175 2
72 8
11 2
72 6
175 2
72 8
18 2
24 2
72 2
23 2
72 9
175 2
72 2
11 2
72 6
18 2
72 7
11 2
72 2
11 2
72 4
175 2
72 8
18 2
72 11
11 2
175 2
72 2
11 2
72 8
21 2
72 10
184 2
72 2
11 2
72 8
21 2
72 10
184 2
72 2
11 2
72 8
21 2
72 10
1000 2
72 2
11 2
72 8
23 2
72 10
184 2
72 2
1492 2
72 2
196 2
172 2
14 2
72 10
14 2
72 6
1804 2
72 2
220 2
196 2
14 2
72 8
18 2
72 2
220 2
196 2
558 2
18 2
1492 2
72 2
196 2
172 2
14 2
72 10
14 2
72 6
1804 2
72 2
220 2
196 2
14 2
72 8
18 2
72 2
220 2
196 2
558 2
18 2
1492 2
72 2
196 2
172 2
14 2
72 10
14 2
72 6
1804 2
72 2
220 2
196 2
14 2
72 8
18 2
72 2
220 2
196 2
558 2
18 2
1492 2
72 2
196 2
172 2
14 2
72 10
14 2
72 6
1804 2
72 2
220 2
196 2
14 2
72 8
18 2
72 2
220 2
196 2
558 2
18 2
1492 2
72 2
196 2
172 2
14 2
72 10
14 2
72 6
1804 2
72 2
220 2
196 2
14 2
72 8
18 2
72 2
220 2
196 2
558 2
18 2
1492 2
72 2
196 2
172 2
14 2
72 10
14 2
72 6
1804 2
72 2
220 2
196 2
14 2
72 8
18 2
72 2
220 2
196 2
558 2
18 2
172 2
172 2
172 2
172 2
856 2
72 8
11 2
11 2
856 2
172 2
844 2
72 2
172 2
172 2
172 2
172 2
856 2
72 8
11 2
11 2
856 2
172 2
844 2
72 2
172 2
72 2
172 2
172 2
14 2
72 2
172 2
72 2
172 2
172 2
72 4
856 2
72 2
172 2
172 2
72 4
172 2
72 2
856 2
172 2
72 8
856 2
856 2
856 2
856 2
856 2
172 2
72 2
172 2
172 2
14 2
72 2
172 2
72 2
172 2
172 2
72 4
14 2
11 2
556 2
11 2
172 2
172 2
172 2
856 2
172 2
72 2
856 2
72 4
11 2
11 2
11 2
11 2
172 2
868 2
868 2
172 2
72 2
172 2
172 2
14 2
72 2
172 2
72 2
172 2
172 2
72 4
14 2
11 2
556 2
11 2
172 2
172 2
172 2
856 2
172 2
72 2
856 2
72 4
11 2
11 2
11 2
11 2
172 2
868 2
868 2
1492 2
72 2
196 2
172 2
14 2
72 10
14 2
72 6
1804 2
72 2
220 2
196 2
14 2
72 8
18 2
72 2
220 2
196 2
558 2
18 2
1492 2
72 2
196 2
172 2
14 2
72 10
14 2
72 6
1804 2
72 2
220 2
196 2
14 2
72 8
18 2
72 2
220 2
196 2
558 2
18 2
11 2
72 2
22 2
72 6
23 2
72 10
11 2
72 2
11 2
72 2
22 2
72 6
23 2
72 10
11 2
72 2
11 2
72 2
22 2
72 6
23 2
72 10
11 2
E
S
H
72 14
62 2
63 2
64 5
67 3
72 4
60 9
64 2
72 2
57 6
60 2
64 11
72 6
62 2
63 2
64 5
67 3
72 4
60 9
64 2
72 2
62 6
60 2
57 11
72 6
62 2
63 2
72 0
64 5
67 3
72 4
60 9
64 2
72 2
57 6
60 2
64 11
72 6
62 2
63 2
64 5
67 3
72 4
60 9
64 2
72 2
62 6
60 2
57 11
72 6
64 2
65 2
72 0
67 9
60 11
67 7
69 2
72 2
67 11
72 4
69 4
67 2
72 2
69 2
72 2
64 6
62 3
72 4
69 4
71 6
60 5
72 0
62 4
60 7
71 7
64 4
69 2
64 3
72 4
69 9
60 7
71 2
72 2
71 2
62 2
72 2
71 2
60 11
64 4
69 2
64 3
72 4
69 9
60 7
71 2
72 2
71 2
62 2
72 2
71 2
60 11
E
S
H
57 12
53 12
55 12
52 12
57 14
72 14
57 7
55 11
60 7
59 4
55 12
72 7
55 11
60 7
59 4
55 12
72 7
55 11
59 7
60 4
62 12
72 7
55 11
60 6
59 6
55 13
72 14
153 9
57 9
60 7
59 12
55 4
57 13
72 13
153 9
57 9
60 7
59 13
57 14
72 14
50 2
51 2
52 5
55 3
72 4
48 9
52 2
72 2
45 6
48 2
52 11
72 6
50 2
51 2
52 5
55 3
72 4
48 9
52 2
72 2
50 6
48 2
45 11
72 6
50 2
51 2
72 0
52 5
55 3
72 4
48 9
52 2
72 2
45 6
48 2
52 11
72 6
50 2
51 2
52 5
55 3
72 4
48 9
52 2
72 2
50 6
48 2
45 11
72 6
52 2
53 2
72 0
55 9
48 11
55 7
57 2
72 2
55 11
72 4
57 4
55 2
72 2
57 2
72 2
64 6
62 3
72 4
57 4
59 6
60 5
72 0
62 4
60 7
59 7
64 4
57 2
64 3
72 4
57 9
60 7
59 2
72 2
59 2
62 2
72 2
59 2
60 11
64 4
57 2
64 3
72 4
57 9
60 7
59 2
72 2
59 2
62 2
72 2
59 2
60 11
E
S
L
72 14
33 2
72 2
36 2
35 0
72 4
31 2
72 2
33 2
72 2
31 2
72 2
33 0
72 2
28 4
26 2
72 2
33 2
72 2
36 2
35 0
72 4
31 2
72 2
33 2
72 2
31 2
72 2
28 0
72 2
31 4
28 2
72 2
33 2
72 2
36 2
35 0
72 4
31 4
33 2
72 2
31 2
72 2
33 0
72 2
28 4
26 2
72 2
33 2
72 2
36 2
35 0
72 4
31 4
33 2
72 2
31 2
72 2
28 0
72 2
31 4
28 2
72 2
33 2
72 2
36 2
35 0
72 4
31 2
72 2
33 2
72 2
31 2
72 2
33 0
72 2
28 4
26 2
72 2
33 2
72 2
36 2
35 0
72 4
31 2
72 2
33 2
72 2
31 2
72 2
28 0
72 2
31 4
28 2
72 2
33 2
72 2
36 2
35 0
72 4
31 4
33 2
72 2
31 2
72 2
33 0
72 2
28 4
26 2
72 2
33 2
72 2
36 2
35 0
72 4
31 2
72 2
33 2
72 2
31 2
72 2
28 0
72 2
31 4
28 2
72 2
33 2
72 2
36 2
35 0
72 4
31 2
72 2
33 2
72 2
31 2
72 2
33 0
72 2
28 4
26 2
72 2
33 2
72 2
36 2
35 0
72 4
31 2
72 2
33 2
72 2
31 2
72 2
28 0
72 2
31 4
28 2
72 2
33 2
72 2
36 2
35 0
72 4
31 2
72 2
33 2
72 2
31 2
72 2
33 0
72 2
28 4
26 2
72 2
33 2
72 2
36 2
35 0
72 4
31 2
72 2
33 2
72 2
31 2
72 2
28 0
72 2
31 4
28 2
72 11
1300 0
72 2
1445 11
72 11
1157 7
856 7
72 4
52 4
52 2
72 2
52 2
72 2
53 5
53 5
53 2
72 4
54 5
54 5
54 4
72 2
55 7
55 7
40 6
40 5
40 11
72 1
38 2
72 2
38 0
72 1
38 2
72 3
35 2
36 11
40 5
40 11
72 6
38 2
72 2
38 2
38 2
72 2
35 2
36 11
E
X
