minor
S
L
1469 4
18 2
18 2
173 4
18 2
18 2
173 4
18 2
18 2
173 4
18 2
18 2
173 4
18 2
18 2
173 4
18 2
18 2
173 4
18 2
18 2
173 4
18 2
18 2
173 4
18 2
18 2
173 4
18 2
18 2
173 4
18 2
18 2
173 4
18 2
18 2
173 4
18 2
18 2
173 4
18 2
18 2
173 4
18 2
18 2
173 4
18 2
18 2
173 4
18 2
18 2
173 4
18 2
18 2
173 4
18 2
18 2
173 4
18 2
18 2
173 4
18 2
18 2
173 4
18 2
18 2
173 4
18 2
18 2
173 4
18 2
18 2
173 4
18 2
18 2
173 4
18 2
18 2
173 4
18 2
18 2
173 4
18 2
18 2
173 4
18 2
18 2
173 4
18 2
18 2
173 4
18 2
18 2
14 2
14 2
14 2
14 2
1469 4
18 2
18 2
14 4
18 2
18 2
12 4
18 2
18 2
14 4
18 2
18 2
12 4
18 2
18 2
14 4
18 2
18 2
12 4
18 2
18 2
14 4
18 2
18 2
12 4
18 2
18 2
14 4
18 2
18 2
12 4
18 2
18 2
14 4
18 2
18 2
12 4
18 2
18 2
14 4
18 2
18 2
12 4
18 2
18 2
14 4
18 2
18 2
173 4
18 2
18 2
14 4
18 2
18 2
12 4
18 2
18 2
14 4
18 2
18 2
12 4
18 2
18 2
14 4
18 2
18 2
12 4
18 2
18 2
14 4
18 2
18 2
12 4
18 2
18 2
14 4
18 2
18 2
12 4
18 2
18 2
14 4
18 2
18 2
12 4
18 2
18 2
14 4
18 2
18 2
12 4
18 2
18 2
14 4
18 2
18 2
173 4
18 2
18 2
14 4
18 2
18 2
12 4
18 2
18 2
14 4
18 2
18 2
12 4
18 2
18 2
14 4
18 2
18 2
12 4
18 2
18 2
14 4
18 2
18 2
12 4
18 2
18 2
14 4
18 2
18 2
12 4
18 2
18 2
14 4
18 2
18 2
12 4
18 2
18 2
14 4
18 2
18 2
12 4
18 2
18 2
14 4
18 2
18 2
173 4
18 2
18 2
14 4
18 2
18 2
12 4
18 2
18 2
14 4
18 2
18 2
12 4
18 2
18 2
14 4
18 2
18 2
12 4
18 2
18 2
14 4
18 2
18 2
12 4
18 2
18 2
14 4
18 2
18 2
12 4
18 2
18 2
14 4
18 2
18 2
12 2
12 2
18 2
173 2
14 4
12 2
173 4
14 2
18 2
18 2
14 2
14 2
14 2
14 2
1469 4
18 2
18 2
173 4
18 2
18 2
173 4
18 2
18 2
173 4
18 2
18 2
173 4
18 2
18 2
173 4
18 2
18 2
173 4
18 2
18 2
173 4
18 2
18 2
173 4
18 2
18 2
173 4
18 2
18 2
173 4
18 2
18 2
173 4
18 2
18 2
173 4
18 2
18 2
173 4
18 2
18 2
173 4
18 2
18 2
173 4
18 2
18 2
173 4
18 2
18 2
173 4
18 2
18 2
173 4
18 2
18 2
173 4
18 2
18 2
173 4
18 2
18 2
173 4
18 2
18 2
173 4
18 2
18 2
173 4
18 2
18 2
173 4
18 2
18 2
173 4
18 2
18 2
173 4
18 2
18 2
173 4
18 2
18 2
173 4
18 2
18 2
173 4
18 2
18 2
173 4
18 2
18 2
14 2
14 2
14 2
14 2
1469 4
18 2
18 2
14 4
18 2
18 2
12 4
18 2
18 2
14 4
18 2
18 2
12 4
18 2
18 2
14 4
18 2
18 2
12 2
14 2
18 2
18 2
14 4
18 2
18 2
12 4
18 2
18 2
14 4
18 2
18 2
12 2
14 2
18 2
18 2
14 4
14 2
14 2
209 4
18 2
18 2
14 4
18 2
18 2
12 4
18 2
18 2
14 4
18 2
18 2
173 4
18 2
18 2
14 4
18 2
18 2
12 4
18 2
18 2
14 4
18 2
18 2
12 4
18 2
18 2
14 4
18 2
18 2
12 4
18 2
18 2
14 4
18 2
18 2
12 4
18 2
18 2
14 4
18 2
18 2
12 2
14 2
18 2
18 2
14 4
14 2
14 2
209 4
18 2
18 2
14 4
18 2
18 2
12 4
18 2
18 2
14 4
18 2
18 2
173 4
18 2
18 2
14 4
18 2
18 2
12 4
18 2
18 2
14 4
18 2
18 2
12 4
18 2
18 2
14 4
18 2
18 2
12 4
18 2
18 2
14 4
18 2
18 2
12 4
18 2
18 2
14 4
18 2
18 2
12 4
18 2
18 2
14 4
18 2
18 2
12 2
12 2
18 2
173 2
14 4
12 2
173 4
14 2
18 2
18 2
14 4
12 2
173 2
12 2
12 2
18 2
173 2
14 4
12 2
173 4
14 2
18 2
18 2
14 2
14 2
14 2
14 2
E
S
H
44 2
36 2
39 2
43 4
41 2
39 2
41 6
36 2
41 2
48 7
44 2
36 2
39 2
43 4
41 2
39 2
41 6
36 2
41 2
48 7
44 2
36 2
39 2
43 4
41 2
39 2
41 6
36 2
41 2
48 7
44 4
39 2
48 4
46 2
44 2
46 2
43 4
48 4
46 2
44 2
43 2
39 2
44 2
36 2
39 2
43 4
39 2
41 2
39 2
41 2
34 2
36 2
41 2
48 7
44 2
36 2
39 2
43 2
34 2
39 2
41 2
39 2
41 2
34 2
36 2
41 2
48 7
44 2
36 2
39 2
43 4
39 2
41 2
39 2
41 2
34 2
36 2
41 2
48 7
44 4
39 2
48 4
46 2
44 2
46 2
43 4
48 4
46 2
44 2
43 2
39 2
72 14
207 13
102 13
168 13
142 13
207 13
102 13
168 13
46 13
44 2
36 2
39 2
43 4
41 2
39 2
41 6
36 2
41 2
48 7
44 2
36 2
39 2
43 4
41 2
39 2
41 6
36 2
41 2
48 7
44 2
36 2
39 2
43 4
41 2
39 2
41 6
36 2
41 2
48 7
44 4
39 2
48 4
46 2
44 2
46 2
43 4
48 4
46 2
44 2
43 2
39 2
44 2
36 2
39 2
43 4
39 2
41 2
39 2
41 2
34 2
36 2
41 2
48 7
44 2
36 2
39 2
43 2
34 2
39 2
41 2
39 2
41 2
34 2
36 2
41 2
48 7
44 2
36 2
39 2
43 4
39 2
41 2
39 2
41 2
34 2
36 2
41 2
48 7
44 4
39 2
48 4
46 2
44 2
46 2
43 4
48 4
46 2
44 2
43 2
39 2
72 14
60 5
55 5
56 5
51 5
43 5
72 14
60 5
55 5
56 5
51 5
43 5
39 5
60 5
55 5
56 5
51 5
43 5
72 14
56 2
55 2
51 2
47 2
44 2
43 2
39 2
35 2
32 2
31 2
27 2
23 2
20 2
19 2
15 2
11 2
61 2
60 2
56 2
53 2
49 2
48 2
44 2
41 2
37 2
36 2
32 2
29 2
25 2
24 2
20 2
17 2
72 13
36 2
36 2
36 2
36 6
41 11
E
S
H
44 2
36 2
39 2
43 4
41 2
39 2
41 6
36 2
41 2
48 7
44 2
36 2
39 2
43 4
41 2
39 2
41 6
36 2
41 2
48 7
44 2
36 2
39 2
43 4
41 2
39 2
41 6
36 2
41 2
48 7
44 4
39 2
48 4
46 2
44 2
46 2
43 4
48 4
46 2
44 2
43 2
39 2
44 2
36 2
39 2
43 4
39 2
41 2
39 2
41 2
34 2
36 2
41 2
48 7
44 2
36 2
39 2
43 2
34 2
39 2
41 2
39 2
41 2
34 2
36 2
41 2
48 7
44 2
36 2
39 2
43 4
39 2
41 2
39 2
41 2
34 2
36 2
41 2
48 7
44 4
39 2
48 4
46 2
44 2
46 2
43 4
48 4
46 2
44 2
43 2
39 2
72 14
207 13
102 13
168 13
142 13
207 13
102 13
168 13
46 13
44 2
36 2
39 2
43 4
41 2
39 2
41 6
36 2
41 2
48 7
44 2
36 2
39 2
43 4
41 2
39 2
41 6
36 2
41 2
48 7
44 2
36 2
39 2
43 4
41 2
39 2
41 6
36 2
41 2
48 7
44 4
39 2
48 4
46 2
44 2
46 2
43 4
48 4
46 2
44 2
43 2
39 2
44 2
36 2
39 2
43 4
39 2
41 2
39 2
41 2
34 2
36 2
41 2
48 7
44 2
36 2
39 2
43 2
34 2
39 2
41 2
39 2
41 2
34 2
36 2
41 2
48 7
44 2
36 2
39 2
43 4
39 2
41 2
39 2
41 2
34 2
36 2
41 2
48 7
44 4
39 2
48 4
46 2
44 2
46 2
43 4
48 4
46 2
44 2
43 2
39 2
72 14
72 5
60 5
55 5
56 5
51 5
43 5
72 14
60 5
55 5
56 5
51 5
43 5
39 5
60 5
55 5
56 5
51 5
43 5
72 14
56 2
55 2
51 2
47 2
44 2
43 2
39 2
35 2
32 2
31 2
27 2
23 2
20 2
19 2
15 2
11 2
61 2
60 2
56 2
53 2
49 2
48 2
44 2
41 2
37 2
36 2
32 2
29 2
25 2
24 2
20 2
17 2
72 13
36 2
36 2
36 2
36 6
36 11
E
S
H
72 4
44 2
36 2
39 2
43 4
41 2
39 2
41 6
36 2
41 2
48 7
44 2
36 2
39 2
43 4
41 2
39 2
41 6
36 2
41 2
48 7
44 2
36 2
39 2
43 4
41 2
39 2
41 6
36 2
41 2
48 7
44 4
39 2
48 4
46 2
44 2
46 2
43 4
48 4
46 2
44 2
43 2
39 2
44 2
36 2
39 2
43 4
39 2
41 2
39 2
41 2
34 2
36 2
41 2
48 7
44 2
36 2
39 2
43 2
34 2
39 2
41 2
39 2
41 2
34 2
36 2
41 2
48 7
44 2
36 2
39 2
43 4
39 2
41 2
39 2
41 2
34 2
36 2
41 2
48 7
44 4
39 2
48 4
46 2
44 2
46 2
43 4
48 4
46 2
44 2
43 2
39 2
72 14
44 2
36 2
39 2
43 4
41 2
39 2
41 6
36 2
41 2
48 7
44 2
36 2
39 2
43 4
41 2
39 2
41 6
36 2
41 2
48 7
44 2
36 2
39 2
43 4
41 2
39 2
41 6
36 2
41 2
48 7
44 4
39 2
48 4
46 2
44 2
46 2
43 4
48 4
46 2
44 2
43 2
39 2
44 2
36 2
39 2
43 4
39 2
41 2
39 2
41 2
34 2
36 2
41 2
48 7
44 2
36 2
39 2
43 2
34 2
39 2
41 2
39 2
41 2
34 2
36 2
41 2
48 7
44 2
36 2
39 2
43 4
39 2
41 2
39 2
41 2
34 2
36 2
41 2
48 7
44 4
39 2
48 4
46 2
44 2
46 2
43 4
48 4
46 2
44 2
43 2
39 2
72 14
56 2
55 2
51 2
47 2
44 2
43 2
39 2
35 2
32 2
31 2
27 2
23 2
20 2
19 2
15 2
11 2
61 2
60 2
56 2
53 2
49 2
48 2
44 2
41 2
37 2
36 2
32 2
29 2
25 2
24 2
20 2
17 2
72 12
36 2
36 2
36 2
36 6
41 11
E
S
H
72 4
44 2
36 2
39 2
43 4
41 2
39 2
41 6
36 2
41 2
48 7
44 2
36 2
39 2
43 4
41 2
39 2
41 6
36 2
41 2
48 7
44 2
36 2
39 2
43 4
41 2
39 2
41 6
36 2
41 2
48 7
44 4
39 2
48 4
46 2
44 2
46 2
43 4
48 4
46 2
44 2
43 2
39 2
44 2
36 2
39 2
43 4
39 2
41 2
39 2
41 2
34 2
36 2
41 2
48 7
44 2
36 2
39 2
43 2
34 2
39 2
41 2
39 2
41 2
34 2
36 2
41 2
48 7
44 2
36 2
39 2
43 4
39 2
41 2
39 2
41 2
34 2
36 2
41 2
48 7
44 4
39 2
48 4
46 2
44 2
46 2
43 4
48 4
46 2
44 2
43 2
39 2
72 14
44 2
36 2
39 2
43 4
41 2
39 2
41 6
36 2
41 2
48 7
44 2
36 2
39 2
43 4
41 2
39 2
41 6
36 2
41 2
48 7
44 2
36 2
39 2
43 4
41 2
39 2
41 6
36 2
41 2
48 7
44 4
39 2
48 4
46 2
44 2
46 2
43 4
48 4
46 2
44 2
43 2
39 2
44 2
36 2
39 2
43 4
39 2
41 2
39 2
41 2
34 2
36 2
41 2
48 7
44 2
36 2
39 2
43 2
34 2
39 2
41 2
39 2
41 2
34 2
36 2
41 2
48 7
44 2
36 2
39 2
43 4
39 2
41 2
39 2
41 2
34 2
36 2
41 2
48 7
44 4
39 2
48 4
46 2
44 2
46 2
43 4
48 4
46 2
44 2
43 2
39 2
72 14
56 2
55 2
51 2
47 2
44 2
43 2
39 2
35 2
32 2
31 2
27 2
23 2
20 2
19 2
15 2
11 2
61 2
60 2
56 2
53 2
49 2
48 2
44 2
41 2
37 2
36 2
32 2
29 2
25 2
24 2
20 2
17 2
E
S
H
72 14
60 4
56 2
53 4
51 2
48 2
46 2
44 2
41 2
36 4
72 7
60 4
58 2
56 4
55 2
51 2
48 2
44 2
43 2
39 4
72 7
60 4
56 2
53 4
48 2
56 2
55 2
51 2
46 2
41 2
72 8
36 11
48 6
51 6
34 11
43 2
44 2
46 2
44 2
43 2
39 2
72 14
60 4
56 2
53 4
51 2
48 2
46 2
44 2
41 2
36 4
72 7
60 4
58 2
56 4
55 2
51 2
48 2
44 2
43 2
39 4
72 7
60 4
56 2
53 4
48 2
56 2
55 2
51 2
46 2
41 2
72 8
36 11
48 6
51 6
34 11
43 2
44 2
46 2
44 2
43 2
39 2
72 14
58 7
56 4
55 4
51 7
46 7
49 13
53 13
51 13
72 14
60 4
56 2
53 4
51 2
48 2
46 2
44 2
41 2
36 4
72 7
60 4
58 2
56 4
55 2
51 2
48 2
44 2
43 2
39 4
72 7
60 4
56 2
53 4
48 2
56 2
55 2
51 2
46 2
41 2
72 8
36 11
48 6
51 6
34 11
43 2
44 2
46 2
44 2
43 2
39 2
44 11
44 5
46 5
48 5
50 11
48 13
44 11
44 5
46 5
48 5
50 11
51 14
44 11
48 11
50 11
51 13
53 14
48 2
48 2
48 2
48 6
53 11
E
S
H
72 14
60 4
56 2
53 4
51 2
48 2
46 2
44 2
41 2
36 4
72 7
60 4
58 2
56 4
55 2
51 2
48 2
44 2
43 2
39 4
72 7
60 4
56 2
53 4
48 2
56 2
55 2
51 2
46 2
41 2
72 8
36 11
48 6
51 6
34 11
43 2
44 2
46 2
44 2
43 2
39 2
72 14
60 4
56 2
53 4
51 2
48 2
46 2
44 2
41 2
36 4
72 7
60 4
58 2
56 4
55 2
51 2
48 2
44 2
43 2
39 4
72 7
60 4
56 2
53 4
48 2
56 2
55 2
51 2
46 2
41 2
72 8
36 11
48 6
51 6
34 11
43 2
44 2
46 2
44 2
43 2
39 2
72 14
58 7
56 4
55 4
51 7
46 7
49 13
53 13
51 13
72 14
60 4
56 2
53 4
51 2
48 2
46 2
44 2
41 2
36 4
72 7
60 4
58 2
56 4
55 2
51 2
48 2
44 2
43 2
39 4
72 7
60 4
56 2
53 4
48 2
56 2
55 2
51 2
46 2
41 2
72 8
36 11
48 6
51 6
34 11
43 2
44 2
46 2
44 2
43 2
39 2
E
S
H
41 13
43 13
41 13
44 11
43 11
41 13
43 13
41 13
44 11
43 11
41 9
72 4
41 5
43 5
44 5
46 7
44 7
43 7
39 7
41 9
72 4
41 5
43 5
44 5
46 11
48 11
41 9
72 4
41 5
43 5
44 5
46 7
44 7
43 7
39 7
41 9
72 4
41 5
43 5
44 5
39 11
48 11
41 11
48 11
44 12
43 4
44 4
46 11
51 11
43 13
41 11
48 11
44 12
43 4
44 4
46 11
39 11
147 13
41 13
43 13
41 13
44 11
43 11
41 13
43 13
41 13
44 11
43 11
39 11
39 5
41 5
43 5
46 11
44 13
39 11
39 5
41 5
43 5
46 11
44 14
44 11
48 5
46 5
48 5
50 11
51 13
53 14
36 2
36 2
36 2
36 6
36 11
E
S
H
41 13
43 13
41 13
44 11
43 11
41 13
43 13
41 13
44 11
43 11
41 9
72 4
41 5
43 5
44 5
46 7
44 7
43 7
39 7
41 9
72 4
41 5
43 5
44 5
46 11
48 11
41 9
72 4
41 5
43 5
44 5
46 7
44 7
43 7
39 7
41 9
72 4
41 5
43 5
44 5
39 11
48 11
41 11
48 11
44 12
43 4
44 4
46 11
51 11
43 13
41 11
48 11
44 12
43 4
44 4
46 11
39 11
147 13
41 13
43 13
41 13
44 11
43 11
41 13
43 13
41 13
44 11
43 11
39 11
39 5
41 5
43 5
46 11
44 13
39 11
39 5
41 5
43 5
46 11
44 14
44 11
48 5
46 5
48 5
50 11
51 13
53 14
E
S
H
36 13
39 13
36 13
39 11
39 11
36 13
39 13
36 13
39 11
39 11
36 13
39 11
36 11
36 13
39 11
43 11
36 13
39 11
36 11
36 13
34 11
39 11
41 11
48 11
44 12
43 4
44 4
46 11
51 11
43 13
41 11
48 11
44 12
43 4
44 4
46 11
39 11
147 13
36 13
39 13
36 13
39 11
39 11
36 13
39 13
36 13
39 11
39 11
39 13
46 11
44 13
36 11
39 11
46 11
44 14
39 11
39 5
41 5
43 5
46 11
47 13
49 14
36 2
36 2
36 2
36 6
41 11
E
S
H
36 13
39 13
36 13
39 11
39 11
36 13
39 13
36 13
39 11
39 11
36 13
39 11
36 11
36 13
39 11
43 11
36 13
39 11
36 11
36 13
34 11
39 11
41 11
48 11
44 12
43 4
44 4
46 11
51 11
43 13
41 11
48 11
44 12
43 4
44 4
46 11
39 11
147 13
36 13
39 13
36 13
39 11
39 11
36 13
39 13
36 13
39 11
39 11
39 13
46 11
44 13
36 11
39 11
46 11
44 14
44 11
48 5
46 5
48 5
46 11
47 13
49 14
48 13
E
S
L
5 4
5 2
5 2
5 4
5 2
5 2
72 2
5 2
5 2
5 2
5 4
5 2
5 2
3 4
3 2
3 2
3 4
3 2
3 2
72 2
3 2
3 2
3 2
3 4
3 2
3 2
5 4
5 2
5 2
5 4
5 2
5 2
72 2
5 2
5 2
5 2
5 4
5 2
5 2
8 4
8 2
8 2
8 4
8 2
8 2
72 2
10 2
10 2
10 2
10 2
8 2
7 2
3 2
5 4
5 2
5 2
5 4
5 2
5 2
72 2
5 2
5 2
5 2
5 4
5 2
5 2
3 4
3 2
3 2
3 4
3 2
3 2
72 2
3 2
3 2
3 2
3 4
3 2
3 2
5 4
5 2
5 2
5 4
5 2
5 2
72 2
5 2
5 2
5 2
5 4
5 2
5 2
8 4
8 2
8 2
8 4
8 2
8 2
72 2
10 2
10 2
10 2
10 2
8 2
7 2
3 2
5 4
5 2
5 2
5 4
5 2
5 2
72 2
5 2
5 2
5 2
5 4
5 2
5 2
5 4
5 2
5 2
5 4
5 2
5 2
72 2
5 2
5 2
5 2
5 4
5 2
5 2
5 4
5 2
5 2
5 4
5 2
5 2
72 2
5 2
5 2
5 2
5 4
5 2
5 2
10 4
10 2
10 2
10 4
10 2
10 2
72 2
3 2
3 2
3 2
3 4
3 2
3 2
5 4
5 2
5 2
5 4
5 2
5 2
72 2
5 2
5 2
5 2
5 4
5 2
5 2
5 4
5 2
5 2
5 4
5 2
5 2
72 2
5 2
5 2
5 2
5 4
5 2
5 2
5 4
5 2
5 2
5 4
5 2
5 2
72 2
5 2
5 2
5 2
5 4
5 2
5 2
8 4
8 2
8 2
8 4
8 2
8 2
72 2
10 2
10 2
10 2
10 4
10 2
10 2
10 4
10 2
10 2
10 4
10 2
10 2
72 2
10 2
10 2
10 2
10 4
10 2
10 2
10 4
10 2
10 2
10 4
10 2
10 2
72 2
10 2
10 2
10 2
10 4
10 2
10 2
10 4
10 2
10 2
10 4
10 2
10 2
72 2
10 2
10 2
10 2
10 4
10 2
10 2
10 4
10 2
10 2
10 4
10 2
10 2
72 2
10 2
10 2
10 2
10 4
10 2
10 2
10 4
10 2
10 2
10 4
10 2
10 2
72 2
10 2
10 2
10 2
10 4
10 2
10 2
10 4
10 2
10 2
10 4
10 2
10 2
72 2
10 2
10 2
10 2
10 4
10 2
10 2
10 4
10 2
10 2
10 4
10 2
10 2
72 2
10 2
10 2
10 2
10 4
10 2
10 2
15 4
15 2
15 2
15 4
15 2
15 2
72 2
15 2
15 2
15 2
15 4
15 2
15 2
5 4
5 2
5 2
5 4
5 2
5 2
72 2
5 2
5 2
5 2
5 4
5 2
5 2
3 4
3 2
3 2
3 4
3 2
3 2
72 2
3 2
3 2
3 2
3 4
3 2
3 2
5 4
5 2
5 2
5 4
5 2
5 2
72 2
5 2
5 2
5 2
5 4
5 2
5 2
8 4
8 2
8 2
8 4
8 2
8 2
72 2
10 2
10 2
10 2
10 2
8 2
7 2
3 2
5 4
5 2
5 2
5 4
5 2
5 2
72 2
5 2
5 2
5 2
5 4
5 2
5 2
3 4
3 2
3 2
3 4
3 2
3 2
72 2
3 2
3 2
3 2
3 4
3 2
3 2
5 4
5 2
5 2
5 4
5 2
5 2
72 2
5 2
5 2
5 2
5 4
5 2
5 2
8 4
8 2
8 2
8 4
8 2
8 2
72 2
10 2
10 2
10 2
10 2
8 2
7 2
3 2
8 4
8 2
8 2
8 4
8 2
8 2
72 2
8 2
8 2
8 2
8 4
8 2
8 2
8 4
8 2
8 2
8 4
8 2
8 2
72 2
8 2
8 2
8 2
8 4
8 2
8 2
8 4
8 2
8 2
8 4
8 2
8 2
72 2
8 2
8 2
8 2
8 4
8 2
8 2
8 4
8 2
8 2
8 4
8 2
8 2
72 2
8 2
8 2
8 2
8 4
8 2
8 2
8 4
8 2
8 2
8 4
8 2
8 2
72 2
8 2
8 2
8 2
8 4
8 2
8 2
8 4
8 2
8 2
8 4
8 2
8 2
72 2
8 2
8 2
8 2
8 4
8 2
8 2
8 4
8 2
8 2
8 4
8 2
8 2
72 2
8 2
8 2
8 2
8 4
8 2
8 2
8 4
8 2
8 2
8 4
8 2
8 2
72 2
8 2
8 2
8 2
8 4
8 2
8 2
8 4
8 2
8 2
8 4
8 2
8 2
72 2
8 2
8 2
8 2
8 4
8 2
8 2
8 4
8 2
8 2
8 4
8 2
8 2
72 2
8 2
8 2
8 2
8 4
8 2
8 2
8 4
8 2
8 2
8 4
8 2
8 2
72 2
8 2
8 2
8 2
8 4
8 2
8 2
8 4
8 2
8 2
8 4
8 2
8 2
72 2
20 2
22 2
20 2
15 2
12 2
10 2
5 2
36 2
36 2
36 2
36 2
72 4
36 0
72 1
34 0
72 0
32 0
31 0
72 2
29 0
27 0
72 2
25 0
72 0
24 0
72 1
22 0
72 1
20 0
72 0
19 0
17 0
72 2
15 0
13 0
72 2
12 0
72 0
10 0
72 1
8 0
72 1
7 0
72 0
5 0
3 0
E
X
