major
S
H
72 14
44 3
49 3
72 1
51 3
49 3
54 3
72 4
52 7
72 1
51 3
72 3
49 3
72 3
47 5
72 0
49 3
50 2
72 0
51 13
42 3
72 1
47 3
49 3
47 3
72 1
52 3
72 4
49 7
47 3
72 3
45 3
72 3
44 5
45 3
72 1
44 5
72 0
45 6
44 13
39 3
72 1
42 3
44 3
72 1
45 3
44 3
72 4
44 7
54 3
72 4
51 3
72 3
51 5
52 3
72 0
52 3
72 4
51 3
72 4
52 10
37 3
39 3
40 3
42 3
44 5
40 3
72 1
40 3
72 4
37 3
72 1
40 10
72 1
37 5
40 5
47 6
43 3
43 3
72 4
40 3
72 4
47 10
48 7
72 0
49 8
72 0
44 3
49 3
72 1
51 3
49 3
72 1
54 3
72 1
52 7
72 2
51 3
72 3
49 3
72 3
47 5
49 3
50 2
72 0
51 13
42 3
47 3
72 0
49 3
72 1
47 3
52 3
72 4
49 7
47 3
72 4
45 3
72 3
44 5
45 3
72 0
44 5
72 0
45 5
72 0
44 13
39 3
72 0
42 3
44 3
72 1
45 3
44 3
72 4
44 7
72 1
54 3
72 2
51 3
72 4
51 5
52 3
52 3
72 4
51 3
72 4
52 10
37 3
72 0
39 3
40 3
42 3
44 6
40 3
40 3
72 4
37 3
72 4
40 10
37 5
40 5
47 5
43 3
43 3
72 3
40 3
72 4
47 3
E
S
L
72 10
8 7
72 0
20 3
72 1
20 7
8 3
72 4
8 6
20 3
20 7
8 8
72 1
20 3
20 7
8 3
72 4
8 5
15 3
20 5
3 6
8 7
72 2
20 3
20 7
8 3
72 4
8 6
20 3
20 7
8 9
20 3
72 1
20 7
8 3
72 4
32 6
30 5
27 3
26 3
25 9
16 3
16 7
15 3
72 4
15 7
72 1
22 5
15 5
20 7
15 3
72 1
15 7
20 3
72 4
15 3
20 9
22 5
23 7
72 0
18 3
72 1
18 7
16 3
72 4
16 5
23 3
28 5
16 5
21 7
72 1
16 3
16 7
21 3
72 4
21 5
72 0
28 3
72 0
33 6
21 5
15 7
21 3
72 1
21 7
20 3
72 4
8 7
10 3
72 4
12 3
72 3
13 7
72 0
20 3
20 7
72 2
13 3
72 1
13 6
72 1
20 3
25 9
18 7
72 1
20 8
21 5
72 0
21 3
72 4
16 3
72 0
21 8
21 7
23 3
72 4
24 3
72 4
26 10
15 7
72 0
22 8
72 0
16 3
16 7
72 2
15 3
72 1
15 7
72 2
22 5
15 5
20 7
15 3
72 0
15 7
20 3
72 4
15 3
20 9
72 0
22 5
23 7
18 3
18 7
72 1
16 3
72 4
16 5
72 0
23 3
28 6
16 5
21 7
72 0
16 3
16 7
72 2
21 3
72 1
21 5
72 0
28 3
72 1
33 5
21 6
15 7
21 3
72 0
21 7
20 3
72 4
8 7
72 1
10 3
72 3
12 3
72 3
13 7
20 3
20 7
72 1
13 3
72 4
13 6
20 3
25 8
72 0
18 7
20 9
72 0
21 5
21 3
72 4
16 3
72 1
21 9
21 7
23 3
72 3
24 3
72 4
26 3
72 4
14 7
16 3
72 4
18 3
72 4
19 7
26 3
26 7
72 1
19 3
72 4
19 3
72 1
26 3
72 1
26 8
72 0
19 7
26 3
26 7
24 3
72 4
24 7
72 2
25 5
28 5
29 7
24 3
72 0
17 3
24 3
72 4
24 6
31 5
72 0
29 3
36 8
72 1
17 7
24 3
24 7
72 1
22 3
72 4
22 7
24 3
72 4
26 3
72 3
15 7
22 3
22 7
15 3
72 4
15 3
72 4
22 3
22 7
72 2
16 8
23 3
23 7
72 0
16 3
72 4
16 3
72 4
23 3
23 7
72 1
15 8
22 3
22 7
72 1
15 3
72 4
15 3
72 1
22 3
72 1
22 7
16 8
72 0
23 3
23 7
16 3
72 4
28 3
72 4
25 3
23 3
72 1
22 3
20 3
72 1
15 7
22 3
27 3
72 3
22 3
72 4
15 3
72 4
27 3
72 4
22 3
15 3
14 3
72 1
15 3
72 0
16 7
23 3
28 3
72 4
23 3
72 2
16 3
72 4
28 3
72 1
25 3
72 1
23 3
22 3
72 1
20 3
15 7
72 0
22 3
27 3
72 3
22 3
72 3
15 3
72 4
27 3
72 4
22 3
15 3
72 1
14 3
15 3
72 1
16 7
23 3
28 3
72 3
23 3
72 4
16 3
72 4
28 3
72 4
25 3
23 3
22 3
72 1
20 3
15 7
72 1
22 3
27 3
72 3
22 3
72 3
15 3
72 4
27 3
72 1
22 3
72 1
15 3
14 3
15 3
72 1
16 7
72 0
23 3
28 3
72 3
23 3
72 3
16 3
72 4
28 3
72 4
25 3
23 3
72 1
22 3
20 3
72 1
15 7
22 3
27 3
72 3
22 3
72 4
15 3
72 4
27 3
72 4
22 3
15 3
14 3
72 1
15 3
16 7
72 1
23 3
28 3
72 3
23 3
72 3
16 3
72 3
28 3
72 4
25 3
72 1
23 3
22 3
20 3
72 1
15 7
22 3
72 0
27 3
72 3
22 3
72 3
15 3
72 4
27 3
72 4
22 3
15 3
72 1
14 3
15 3
72 1
16 7
23 3
28 3
72 3
23 3
72 4
16 3
72 4
28 3
72 4
25 3
23 3
22 3
72 1
20 3
15 7
72 1
22 3
27 3
72 3
22 3
72 3
15 3
72 3
27 3
72 4
22 3
72 1
15 3
14 3
15 3
72 1
16 7
23 3
72 0
28 3
72 3
23 3
72 3
16 3
72 4
28 3
72 4
25 3
23 3
72 1
22 3
20 3
15 7
72 2
22 3
27 3
72 3
22 3
72 3
15 3
72 3
27 3
72 4
22 3
15 3
14 3
72 1
15 3
16 7
72 1
23 3
28 3
72 3
23 3
72 3
16 3
72 3
28 3
72 4
25 3
72 1
23 3
22 3
72 1
20 3
15 7
72 0
22 3
27 3
72 3
22 3
72 3
15 3
72 4
27 3
72 4
22 3
72 1
15 3
14 3
72 0
15 3
16 7
23 3
28 3
72 4
23 3
72 1
16 3
E
S
L
72 10
12 2
72 0
30 3
72 1
30 2
12 2
72 2
14 4
30 2
72 2
12 2
30 2
72 2
12 2
72 0
30 2
72 0
12 2
72 0
14 4
72 1
30 3
30 2
72 0
12 2
72 1
30 3
30 2
72 2
12 2
14 4
72 2
30 2
12 2
72 2
30 2
72 1
12 2
72 0
30 2
72 0
12 2
72 0
21 3
19 3
17 6
12 2
72 2
30 3
30 2
72 2
12 2
14 4
72 2
30 2
12 2
72 2
30 2
12 2
72 1
30 2
72 0
12 2
72 0
14 4
72 1
30 3
30 3
72 0
12 2
30 3
72 1
30 2
12 2
72 2
14 4
30 2
72 2
12 2
30 2
72 2
24 6
21 5
21 3
19 3
17 2
72 0
12 2
72 1
30 3
30 2
72 2
12 2
14 7
12 2
72 2
30 2
12 2
72 2
30 2
12 2
72 1
14 5
12 5
12 2
72 0
30 3
72 0
30 2
12 2
72 2
14 7
12 2
72 2
30 2
12 2
72 1
30 2
72 0
12 2
72 0
14 7
30 2
72 1
12 2
30 3
30 2
72 1
12 2
72 2
14 7
12 2
30 2
72 2
12 2
30 2
72 1
12 2
72 0
14 5
12 4
72 1
12 2
72 1
30 3
30 2
72 2
12 2
14 7
12 2
72 2
30 2
12 2
72 2
30 2
12 2
72 1
14 7
30 2
72 0
12 2
72 0
30 3
72 0
30 2
12 2
72 2
14 7
12 2
30 2
72 2
12 2
30 2
72 2
12 2
72 0
14 5
12 5
12 2
72 0
30 3
30 2
72 1
12 2
72 2
14 7
12 2
30 2
12 2
72 2
30 2
72 1
12 2
72 0
14 7
30 2
72 0
12 2
72 0
30 3
30 2
72 2
12 2
14 7
12 2
72 2
30 2
12 2
72 2
30 2
12 2
72 1
25 5
14 5
12 2
72 0
30 3
72 0
30 2
12 2
72 2
14 4
72 2
30 2
12 2
30 2
72 2
24 5
72 0
21 6
21 3
19 3
17 2
72 0
12 2
72 0
30 3
30 2
72 1
12 2
14 7
72 2
12 2
30 2
72 2
12 2
30 2
12 2
72 2
14 5
12 4
72 1
12 2
72 0
30 3
30 2
72 2
12 2
14 7
12 2
72 2
30 2
12 2
72 2
30 2
12 2
72 1
14 7
30 2
72 0
12 2
72 0
30 3
30 2
72 0
12 2
72 2
14 7
12 2
30 2
72 2
12 2
30 2
72 2
12 2
14 5
72 0
12 5
12 2
72 0
30 3
30 2
72 1
12 2
14 7
72 2
12 2
30 2
12 2
72 2
30 2
12 2
72 2
14 7
30 2
72 0
12 2
72 0
30 3
30 2
72 0
12 2
72 1
14 7
12 2
72 2
30 2
12 2
30 2
72 2
12 2
72 1
14 5
12 4
72 1
12 2
72 0
30 3
30 2
72 0
12 2
72 0
14 7
72 1
12 2
30 2
72 2
12 2
30 2
72 2
12 2
14 7
72 0
30 2
72 0
12 2
72 0
30 3
30 2
72 1
12 2
14 7
72 2
12 2
30 2
12 2
72 2
30 2
12 2
72 2
25 5
14 5
12 2
72 0
30 3
30 2
72 0
12 2
72 1
14 5
72 0
30 2
12 2
72 2
30 2
24 5
72 0
21 5
72 0
21 3
19 3
72 0
17 2
72 0
12 2
72 0
30 3
30 2
72 0
12 2
72 0
14 7
72 1
12 2
30 2
72 2
12 2
30 2
72 2
12 2
14 7
72 0
30 2
72 0
12 2
72 0
30 3
30 2
72 1
12 2
14 7
72 2
12 2
30 2
12 2
72 2
30 2
12 2
72 2
14 5
12 5
12 2
72 0
30 3
30 2
72 0
12 2
72 1
14 7
12 2
72 2
30 2
12 2
30 2
72 2
12 2
14 7
72 1
30 2
72 0
12 2
72 0
30 3
30 2
72 0
12 2
72 0
14 7
72 1
12 2
30 2
72 2
12 2
30 2
12 2
72 2
14 5
72 0
12 4
72 1
12 2
72 0
30 3
30 2
72 0
12 2
72 0
14 7
72 2
12 2
30 2
12 2
72 2
30 2
12 2
72 2
14 7
12 5
30 3
30 2
72 0
12 2
72 0
14 7
72 0
12 2
72 2
30 2
12 2
30 2
72 2
12 2
14 7
72 1
12 4
72 1
30 3
30 2
72 0
12 2
72 0
14 7
72 1
12 2
30 2
72 2
12 2
30 2
12 2
72 2
14 7
12 4
72 2
30 3
30 2
72 0
12 2
72 0
14 7
12 2
72 2
30 2
23 2
23 2
21 3
21 3
19 3
72 1
19 3
17 3
72 1
12 2
30 3
72 0
30 2
72 0
12 3
12 3
14 3
12 2
72 2
30 2
12 2
30 2
72 2
12 2
30 2
72 2
12 3
14 7
72 1
12 2
72 0
30 3
30 2
72 0
12 3
12 3
14 3
72 0
12 2
30 2
72 2
12 2
30 2
72 2
12 2
30 2
12 3
72 1
14 7
12 2
72 1
30 3
30 2
72 0
12 3
12 3
14 3
12 2
72 1
30 2
12 2
72 2
30 2
12 2
72 2
30 2
12 3
14 7
72 2
12 2
30 3
72 0
30 2
72 0
12 3
12 3
14 3
12 2
72 0
30 2
72 1
12 2
30 2
72 2
23 2
23 2
21 3
72 1
21 3
19 3
19 3
72 1
17 3
12 2
72 2
30 3
30 2
72 0
12 3
12 3
14 3
12 2
72 0
30 2
72 0
12 2
72 1
30 2
72 2
12 2
30 2
12 3
72 1
14 7
12 2
72 1
30 3
30 2
72 0
12 3
12 3
14 3
12 2
72 1
30 2
12 2
72 2
30 2
12 2
72 2
30 2
12 3
14 7
72 2
12 2
30 3
72 0
30 2
72 0
12 3
12 3
14 3
12 2
72 0
30 2
72 1
12 2
30 2
72 2
12 2
30 2
72 2
12 3
14 7
12 2
72 2
30 3
30 2
72 1
12 3
12 3
14 3
12 2
72 0
30 2
72 0
12 2
72 1
30 2
23 2
23 2
21 3
21 3
72 1
19 3
19 3
17 3
72 1
12 2
72 1
30 3
30 2
72 0
12 3
12 3
14 3
12 2
72 0
30 2
72 0
12 2
72 2
30 2
12 2
72 2
30 2
12 3
14 7
72 2
12 2
30 3
72 0
30 2
72 0
12 3
12 3
14 3
12 2
72 0
30 2
72 1
12 2
30 2
72 2
12 2
30 2
72 2
12 3
14 7
12 2
72 2
30 3
30 2
72 1
12 3
12 3
14 3
12 2
72 0
30 2
72 0
12 2
72 1
30 2
12 2
72 2
30 2
12 3
72 1
14 7
12 2
30 3
72 1
30 2
72 0
12 3
12 3
14 3
12 2
72 0
30 2
72 0
12 2
72 0
30 2
72 1
23 2
23 2
21 3
72 1
21 3
19 3
72 1
19 3
17 3
72 1
12 7
12 3
12 2
72 0
14 2
72 0
12 5
12 5
12 6
72 1
12 2
14 7
12 7
72 1
12 3
12 2
E
S
L
72 10
72 0
35 9
35 7
34 10
34 7
33 10
33 7
32 12
35 9
35 7
34 10
72 0
34 7
33 10
72 1
33 7
32 10
33 7
34 12
42 5
72 0
40 11
39 7
35 13
72 0
38 11
42 5
72 0
42 7
41 8
40 5
42 3
72 1
40 5
72 0
42 6
40 12
37 11
40 6
40 7
72 0
39 8
39 5
40 3
72 0
40 5
72 0
39 6
40 12
37 7
72 1
39 9
40 12
40 7
42 5
72 0
43 5
72 0
45 10
45 7
72 0
46 12
72 1
42 6
40 11
39 7
72 1
35 5
39 3
72 1
46 3
44 3
72 1
46 3
44 3
72 1
46 3
47 10
38 11
42 5
72 0
42 7
41 8
72 0
40 6
42 3
72 0
40 5
72 0
42 6
40 12
37 11
40 5
72 0
40 7
72 1
39 8
39 5
40 3
40 5
72 0
39 6
40 12
37 7
72 0
39 8
72 1
40 12
40 7
42 5
43 5
72 0
45 6
43 7
42 5
72 0
40 6
38 5
40 3
38 5
72 0
40 6
38 12
38 11
72 0
41 5
40 7
72 2
37 8
43 6
45 3
43 5
45 6
43 12
36 11
39 5
72 0
38 7
36 8
72 0
34 13
72 0
34 7
35 13
35 7
72 1
34 13
34 7
35 13
35 5
37 3
72 1
35 5
72 0
34 7
34 3
34 6
34 5
72 0
34 10
34 3
72 1
33 3
34 3
72 0
35 7
35 3
35 6
35 5
72 0
35 10
35 3
37 3
72 1
35 3
34 7
72 0
34 3
34 5
34 6
34 10
34 3
72 1
33 3
34 3
72 1
35 7
35 3
35 5
35 6
35 7
35 5
72 0
37 3
35 5
72 2
34 7
34 3
34 5
72 0
34 5
34 10
72 1
34 3
33 3
34 3
72 1
35 7
72 0
35 3
35 5
35 5
35 10
35 3
72 1
37 3
35 3
72 1
34 7
34 3
34 5
34 5
72 0
34 10
34 3
33 3
72 1
34 3
72 0
35 7
35 3
35 6
35 5
35 7
72 1
35 5
72 0
37 3
35 5
72 0
34 7
72 0
34 3
34 6
34 5
34 10
34 3
72 1
33 3
34 3
72 1
35 7
35 3
35 6
35 5
72 0
35 10
35 3
37 3
72 1
35 3
34 7
72 1
34 3
34 6
34 5
34 10
72 1
34 3
33 3
34 3
72 1
35 7
72 0
35 3
35 6
35 5
35 7
35 6
37 3
72 1
35 6
34 7
34 3
34 5
34 5
34 10
72 0
34 3
33 3
72 1
34 3
35 7
72 1
35 3
35 5
35 6
35 10
72 1
35 3
37 3
72 1
35 3
34 7
72 0
34 3
34 6
E
S
L
72 10
30 9
30 7
29 10
29 7
28 10
28 7
27 12
30 9
30 7
29 10
72 0
29 7
28 10
72 1
28 7
30 10
30 7
32 12
37 5
72 2
37 11
35 7
32 13
72 0
33 11
38 5
72 0
38 7
38 8
35 5
37 3
72 1
35 5
72 0
37 6
35 12
33 11
36 5
72 0
36 7
72 0
36 8
35 5
37 3
72 0
37 5
72 0
35 6
37 12
33 7
72 1
35 9
37 12
36 7
38 5
72 0
40 5
72 0
42 10
42 7
72 0
44 12
72 1
37 6
37 11
35 7
72 1
32 5
39 3
72 1
46 3
44 3
72 1
46 3
44 3
72 1
46 3
47 10
33 11
38 5
72 0
38 7
38 8
72 0
35 6
37 3
72 0
35 5
72 0
37 6
35 12
33 11
36 5
72 0
36 7
72 1
36 8
35 5
37 3
37 5
72 0
35 6
37 12
33 7
72 0
35 8
72 1
37 12
36 7
38 5
40 5
72 0
42 6
40 7
38 5
72 0
36 6
33 5
35 3
33 5
72 0
35 6
33 12
34 11
72 0
38 5
38 7
72 2
34 9
33 5
34 3
33 5
34 6
33 12
32 11
36 5
72 0
36 7
34 8
72 0
31 13
72 0
31 7
32 13
32 7
72 1
31 13
31 7
32 13
32 5
34 3
72 1
32 5
72 0
31 7
31 3
31 6
31 5
72 0
31 10
31 3
72 1
30 3
31 3
72 0
32 7
32 3
32 6
32 5
72 0
32 10
32 3
34 3
72 1
32 3
31 7
72 0
31 3
31 5
31 6
31 10
31 3
72 1
30 3
31 3
72 1
32 7
32 3
32 5
32 6
32 7
32 5
72 0
34 3
32 6
72 1
31 7
31 3
31 6
31 5
72 0
31 10
31 3
30 3
31 3
72 1
32 7
72 0
32 3
32 5
32 6
32 10
32 3
72 1
34 3
32 3
72 1
31 7
31 3
31 5
31 6
31 10
31 3
30 3
72 1
31 3
72 0
32 7
32 3
32 6
32 5
32 7
72 1
32 5
72 0
34 3
32 5
72 0
31 7
72 0
31 3
31 6
31 5
31 10
31 3
72 1
30 3
31 3
72 1
32 7
32 3
32 6
32 5
72 0
32 10
32 3
34 3
72 1
32 3
31 7
72 1
31 3
31 6
31 5
31 10
72 1
31 3
30 3
31 3
72 1
32 7
72 0
32 3
32 6
32 5
32 7
32 6
34 3
72 1
32 6
31 7
31 3
31 5
31 5
31 10
72 0
31 3
30 3
72 1
31 3
32 7
72 1
32 3
32 5
32 6
32 10
72 1
32 3
34 3
72 1
32 3
31 7
72 0
31 3
31 6
31 5
31 10
E
S
L
72 14
32 12
72 14
27 10
27 7
28 12
31 6
72 1
31 11
30 7
72 2
30 13
30 11
33 5
72 0
33 7
32 8
32 6
33 3
72 1
32 5
72 0
33 6
32 12
30 11
30 5
72 0
30 7
72 0
30 8
30 5
32 3
72 0
32 5
72 0
30 6
32 10
25 3
27 3
28 3
30 3
28 7
72 1
30 9
32 12
31 7
33 5
72 0
35 5
72 0
38 10
39 7
72 0
40 12
72 1
31 6
31 11
30 7
72 1
30 13
30 11
33 5
72 0
33 7
32 8
72 0
32 6
33 3
72 0
32 5
72 0
33 6
32 12
30 11
30 5
72 0
30 7
72 1
30 8
30 5
32 3
32 5
72 0
30 6
32 10
25 3
72 0
27 3
28 3
30 3
28 7
72 0
30 8
72 1
32 12
31 7
33 5
35 5
72 0
38 3
E
S
H
72 10
39 9
72 0
39 7
38 10
38 7
37 10
37 7
35 11
34 3
35 3
37 3
39 8
72 1
39 3
44 3
72 1
39 3
38 10
72 0
38 3
44 3
38 3
37 10
72 1
37 3
44 3
37 3
72 1
35 10
36 7
37 9
E
S
H
72 14
47 4
72 2
47 3
45 2
72 2
45 3
43 3
72 0
43 3
42 2
72 0
42 3
43 2
43 2
42 3
42 3
72 0
43 3
43 3
72 1
42 7
72 2
42 3
72 1
38 3
72 1
38 2
40 3
72 1
40 2
41 3
72 2
41 2
43 2
43 2
41 3
41 3
43 3
72 0
43 3
45 3
72 1
45 3
43 5
72 2
43 2
72 0
41 3
41 3
72 0
40 3
40 3
40 12
72 7
40 3
36 3
72 1
36 2
38 3
72 1
38 2
39 4
39 2
41 2
41 2
39 3
39 2
72 1
41 3
41 3
72 1
43 3
43 3
72 1
41 6
41 2
39 3
72 1
39 2
38 3
72 1
38 2
38 12
72 6
38 2
38 4
72 4
38 2
72 0
39 12
72 7
39 3
39 4
72 2
39 3
72 0
38 12
72 6
38 3
72 1
38 4
72 2
38 3
39 12
72 6
39 3
72 1
39 3
39 3
41 2
41 2
39 3
39 3
72 1
38 12
72 7
38 3
38 4
72 2
38 3
39 12
72 7
39 3
72 1
39 4
72 2
39 3
38 12
72 7
38 3
38 4
72 2
38 3
72 1
39 12
72 6
39 3
39 3
72 1
39 3
41 2
41 2
39 3
72 1
39 2
38 3
72 1
38 3
46 2
72 4
43 2
72 0
41 2
72 0
39 2
72 0
38 2
72 0
39 2
72 1
41 2
72 2
43 2
45 2
46 2
72 2
48 2
50 2
51 2
72 2
53 2
72 4
61 0
72 2
60 0
72 0
59 2
72 0
61 2
72 0
58 2
72 0
56 2
72 0
54 2
72 0
53 2
72 2
51 2
49 2
72 2
47 2
39 2
42 2
72 2
46 2
44 2
72 2
42 2
41 4
72 8
34 2
72 0
41 2
72 1
39 2
46 2
72 2
41 2
72 2
39 2
72 2
46 2
72 2
41 2
72 2
39 2
72 2
46 4
72 8
34 2
72 0
41 2
72 0
39 2
72 1
46 2
72 2
41 2
72 1
39 2
72 3
46 2
72 1
41 2
72 0
39 2
72 2
46 7
72 10
46 2
72 1
48 2
50 2
72 2
51 2
46 2
72 2
48 2
50 2
72 2
51 2
49 2
72 1
51 2
72 0
52 2
72 0
54 2
72 0
51 2
72 0
52 2
72 0
54 2
72 1
56 2
52 2
72 0
54 2
56 2
54 2
56 2
58 0
72 2
56 2
58 2
72 2
60 2
62 3
72 4
62 3
72 4
62 3
72 3
62 4
72 4
62 3
72 4
62 2
62 2
72 4
62 3
72 4
63 4
72 2
63 3
72 3
63 3
72 3
63 4
72 7
63 2
62 2
72 2
63 2
65 2
72 2
63 2
62 2
62 4
72 4
62 3
72 3
62 3
72 3
62 3
72 5
62 2
72 4
62 2
72 2
62 2
72 2
62 3
72 4
63 4
72 2
63 4
72 2
63 3
72 3
63 3
72 7
63 2
72 2
62 2
63 2
72 2
65 2
63 2
72 2
62 2
62 4
72 2
62 4
72 1
62 4
72 8
62 3
72 4
62 2
62 2
72 4
62 3
72 4
63 4
E
S
L
72 14
16 14
18 14
E
X
