major
S
H
72 13
39 5
72 0
39 3
39 3
72 4
39 3
72 1
40 12
42 5
72 0
42 3
42 3
72 4
42 3
72 4
40 12
39 5
72 0
39 3
39 3
72 4
39 3
72 3
40 12
42 5
42 3
42 3
72 3
42 3
72 3
40 3
72 3
35 3
72 3
35 3
47 3
72 3
35 3
72 3
47 2
72 0
47 2
72 1
47 2
45 2
72 2
44 2
44 2
45 2
72 2
42 2
42 2
44 2
45 3
72 1
44 2
72 2
42 4
44 4
72 2
35 13
72 11
40 2
72 2
40 2
37 2
40 2
72 2
40 2
37 2
72 1
40 4
72 0
37 2
72 1
40 2
72 0
42 2
43 2
72 1
44 10
72 4
37 2
72 0
40 2
72 0
42 2
72 0
43 2
72 0
42 2
72 0
44 2
72 0
45 2
72 0
46 2
72 0
47 2
72 0
47 2
72 0
47 2
72 0
45 2
72 0
44 2
72 0
44 2
72 0
45 2
72 0
42 2
72 0
42 2
72 0
44 2
45 3
72 2
44 2
72 1
42 4
72 0
44 4
72 1
35 13
72 11
40 2
37 2
40 2
72 2
43 2
43 2
42 2
72 2
42 2
40 2
41 2
42 2
42 3
40 12
72 4
40 2
39 2
72 1
40 2
72 0
42 2
44 2
72 1
45 2
72 0
47 2
72 0
49 7
72 3
44 6
72 2
42 2
72 0
42 2
72 0
42 2
72 0
42 2
72 0
42 2
72 0
44 2
72 0
44 2
72 0
42 2
72 0
42 2
72 0
47 2
72 0
47 2
72 0
47 2
72 0
47 2
72 0
42 2
72 0
42 2
72 0
42 2
72 0
40 2
72 0
40 2
72 0
40 2
72 0
40 2
72 0
40 2
72 1
42 2
40 2
72 0
39 2
72 1
38 2
37 2
72 0
37 2
72 1
39 2
40 2
72 2
40 2
39 2
39 2
72 2
40 9
72 2
39 8
47 11
72 5
44 2
44 2
72 2
44 2
45 2
45 2
72 2
47 2
47 2
48 2
72 2
48 2
47 2
72 2
48 2
48 2
43 2
72 2
43 2
42 2
72 1
42 2
72 0
42 2
42 2
72 1
42 2
72 0
43 2
42 2
72 1
41 2
72 0
42 2
72 0
47 2
72 0
47 2
72 0
46 2
72 0
47 2
72 0
47 2
72 0
42 2
72 0
42 2
72 0
40 2
72 0
40 2
72 0
40 2
72 0
40 2
72 0
40 2
72 0
42 2
72 0
40 2
72 0
39 2
72 0
40 2
72 0
45 2
72 0
45 2
72 0
44 2
72 0
45 2
72 0
45 2
72 0
40 2
72 0
40 2
72 0
37 2
72 0
37 2
72 0
39 6
72 3
40 2
40 2
72 0
42 2
72 1
42 2
44 2
72 0
45 2
72 1
46 2
47 12
72 4
49 5
44 5
72 0
47 12
72 3
35 2
37 2
72 2
39 2
40 2
42 2
72 2
44 2
45 2
72 2
47 2
47 2
47 2
72 2
45 2
44 2
44 2
72 2
45 2
42 2
42 2
72 2
44 2
45 3
72 3
44 2
72 0
42 4
72 1
44 4
72 0
35 13
72 11
40 2
72 0
37 2
72 0
40 2
72 0
43 2
72 1
43 2
42 2
72 0
42 2
72 1
40 2
41 2
42 4
40 3
40 11
72 7
35 3
37 3
39 3
72 1
40 3
42 3
44 3
72 1
45 3
47 2
35 2
47 2
47 2
35 2
47 2
35 2
47 2
35 2
47 2
35 2
47 2
35 2
47 2
35 2
47 2
35 2
47 2
35 2
47 2
35 2
47 2
35 2
47 2
35 2
47 2
35 2
47 2
35 2
47 2
35 2
47 2
35 2
47 3
49 5
72 0
47 5
72 0
49 3
47 7
45 5
72 0
44 3
45 3
72 0
47 3
40 2
37 2
40 2
37 2
40 2
37 2
40 2
37 2
40 2
37 2
40 2
37 2
37 3
40 3
42 3
43 3
43 3
42 3
42 3
40 3
42 3
43 3
44 3
39 2
44 2
39 2
44 2
39 2
44 2
39 2
44 2
39 2
44 2
39 2
44 2
39 2
44 2
40 3
37 3
72 0
40 3
42 3
43 3
72 0
42 2
43 2
42 2
40 2
37 3
72 0
35 3
40 2
35 2
40 2
35 2
40 2
42 0
44 0
47 2
49 0
72 0
51 2
52 2
44 2
52 2
44 2
52 2
44 2
52 2
44 2
52 2
45 2
52 2
45 2
52 2
45 2
52 2
45 2
52 2
45 2
52 2
45 2
52 2
45 2
52 2
45 2
52 5
72 0
49 5
47 5
72 0
49 3
55 7
54 5
72 0
52 3
53 3
72 1
54 3
49 3
52 3
72 1
49 2
52 2
49 2
52 2
49 2
52 2
49 2
52 2
49 2
52 2
49 2
52 2
49 2
52 2
49 2
52 2
52 3
49 3
72 0
52 3
54 2
55 2
54 2
52 2
49 3
47 3
52 3
44 2
52 2
44 2
52 2
44 2
52 2
44 2
52 2
44 2
52 2
44 2
52 2
44 2
52 2
72 3
40 2
72 0
39 2
72 0
40 2
72 0
42 2
72 0
44 2
72 0
45 2
72 0
47 2
72 0
49 2
72 0
48 2
72 0
49 2
72 0
43 0
72 0
44 0
72 2
44 2
72 0
43 0
72 1
44 0
72 1
44 2
72 0
44 2
72 0
42 2
72 1
42 2
42 2
72 0
42 2
72 1
44 2
42 2
72 0
41 2
72 1
42 2
47 2
72 2
35 2
72 2
37 2
72 2
39 2
40 2
72 3
41 2
72 1
42 2
72 2
44 2
72 1
42 2
72 3
40 2
39 2
72 2
38 2
72 2
37 6
72 7
33 2
37 2
40 2
72 2
39 2
38 2
39 2
72 2
38 2
39 2
48 0
72 2
49 0
72 2
49 2
47 10
72 10
44 2
44 2
72 1
44 2
72 0
45 2
45 2
72 1
47 2
72 0
47 2
48 2
72 1
50 2
72 0
48 2
47 2
72 1
45 2
72 0
47 2
72 0
45 2
72 0
43 2
72 0
42 2
45 0
72 2
47 0
72 1
50 2
72 0
48 2
72 0
53 2
72 0
51 2
72 0
50 2
72 0
48 2
72 0
47 6
72 7
38 2
72 0
40 2
72 0
42 2
72 0
45 2
72 0
43 2
72 0
42 2
72 0
41 2
72 1
40 6
72 11
36 2
38 2
72 2
40 2
42 2
39 2
72 2
40 2
42 2
72 2
44 2
42 2
44 2
72 2
45 2
47 3
72 4
49 2
44 3
72 4
49 3
72 1
47 7
72 7
44 2
72 2
45 2
46 2
47 2
72 2
49 2
52 2
72 2
49 2
47 2
44 2
72 2
40 2
37 2
35 5
72 6
47 5
72 5
47 2
72 0
47 2
72 0
47 2
72 0
45 2
72 0
44 2
72 0
44 2
72 0
45 2
72 0
42 2
72 0
42 2
72 0
44 2
45 3
72 1
44 2
72 0
42 4
72 1
44 4
72 1
35 13
72 11
40 2
40 2
72 2
37 2
40 2
72 2
40 2
37 2
40 4
72 2
37 2
40 2
72 2
42 2
43 2
44 10
72 6
37 2
40 2
42 2
72 2
43 2
42 2
44 2
72 2
45 2
46 2
72 2
47 2
47 2
47 2
72 2
45 2
44 2
44 2
72 2
45 2
42 2
72 1
42 2
72 0
44 2
45 3
72 3
44 2
72 0
42 4
72 1
44 4
72 1
35 13
72 11
40 2
72 0
37 2
72 0
40 2
72 0
43 2
72 1
43 2
42 2
72 0
42 2
72 1
40 2
41 2
42 2
42 3
72 0
40 12
72 4
40 2
39 2
40 2
72 2
42 2
44 2
45 2
72 2
47 2
49 7
72 2
44 6
72 2
42 2
72 2
42 2
42 2
42 2
72 2
42 2
44 2
44 2
72 2
42 2
42 2
72 2
47 2
47 2
47 2
72 2
47 2
42 2
42 2
72 2
42 2
40 2
72 1
40 2
72 0
40 2
40 2
72 1
40 2
72 0
42 2
40 2
72 1
39 2
72 0
38 2
37 2
72 1
37 2
72 0
39 2
72 0
40 2
72 0
40 2
72 0
39 2
72 0
39 2
72 0
40 9
72 1
39 8
72 0
47 11
72 6
44 2
44 2
72 0
44 2
72 1
45 2
45 2
72 0
47 2
72 1
47 2
48 2
72 2
48 2
47 2
48 2
72 2
48 2
43 2
43 2
72 2
42 2
42 2
72 2
42 2
42 2
42 2
72 2
43 2
42 2
41 2
72 2
42 2
47 2
47 2
72 2
46 2
47 2
47 2
72 2
42 2
42 2
40 2
72 2
40 2
40 2
40 2
72 2
40 2
42 2
40 2
72 2
39 2
40 2
45 2
72 2
45 2
44 2
72 2
45 2
45 2
40 2
72 2
40 2
37 2
37 2
72 2
39 6
72 2
40 2
40 2
72 1
42 2
72 0
42 2
72 0
44 2
72 0
45 2
72 0
46 2
72 0
47 12
72 3
49 5
44 5
47 12
72 4
35 2
37 2
72 0
39 2
72 1
40 2
42 2
72 0
44 2
72 1
45 2
47 2
72 2
47 2
47 2
45 2
72 2
44 2
44 2
45 2
72 2
42 2
42 2
72 2
44 2
45 3
72 0
44 2
72 2
42 4
44 4
72 2
35 13
72 11
40 2
72 2
37 2
40 2
43 2
72 2
43 2
42 2
72 1
42 2
72 0
40 2
41 2
42 4
40 3
40 11
72 5
35 3
37 3
39 3
40 3
42 3
44 3
45 3
47 2
72 0
35 2
47 2
47 2
35 2
47 2
35 2
47 2
35 2
47 2
35 2
47 2
35 2
47 2
35 2
47 2
35 2
47 2
35 2
47 2
35 2
47 2
35 2
47 2
35 2
47 2
35 2
47 2
72 0
35 2
47 2
35 2
47 2
35 2
47 3
49 5
72 0
47 5
49 3
72 1
47 7
45 5
72 0
44 3
45 3
47 3
72 1
40 2
37 2
40 2
37 2
40 2
37 2
40 2
37 2
40 2
37 2
40 2
37 2
37 3
40 3
42 3
72 1
43 3
43 3
42 3
72 1
42 3
40 3
42 3
72 1
43 3
44 3
39 2
44 2
39 2
44 2
39 2
44 2
39 2
44 2
39 2
44 2
39 2
44 2
39 2
44 2
40 3
72 0
37 3
40 3
42 3
72 0
43 3
42 2
43 2
42 2
40 2
37 3
35 3
40 2
35 2
40 2
35 2
40 0
42 2
44 0
72 0
47 0
49 0
72 1
51 2
52 2
44 2
52 2
44 2
52 2
44 2
52 2
44 2
52 2
45 2
52 2
45 2
52 2
45 2
52 2
45 2
52 2
45 2
52 2
45 2
52 2
45 2
52 2
45 2
52 5
49 5
47 5
49 3
55 7
54 5
72 0
52 3
53 3
54 3
72 0
49 3
52 3
49 2
72 0
52 2
49 2
52 2
49 2
52 2
49 2
52 2
49 2
52 2
49 2
52 2
49 2
52 2
49 2
52 2
52 3
49 3
52 3
72 1
54 2
55 2
54 2
52 2
49 3
72 1
47 3
52 3
44 2
52 2
44 2
52 2
44 2
52 2
44 2
52 2
44 2
52 2
44 2
52 2
44 2
52 2
72 2
40 2
39 2
72 2
40 2
42 2
44 2
72 2
45 2
47 2
72 2
49 2
48 2
49 2
72 2
43 0
44 0
72 2
44 2
43 0
72 2
44 0
72 2
44 2
44 2
72 1
42 2
72 0
42 2
42 2
72 1
42 2
72 0
44 2
42 2
72 1
41 2
72 0
42 2
72 0
47 2
72 1
35 2
72 2
37 2
72 1
39 2
72 0
40 2
72 2
41 2
72 2
42 2
72 2
44 2
42 2
72 3
40 2
72 1
39 2
72 2
38 2
72 1
37 6
72 7
33 2
72 0
37 2
72 0
40 2
72 0
39 2
72 0
38 2
72 0
39 2
72 0
38 2
72 1
39 2
48 0
72 2
49 0
72 2
49 2
47 10
72 10
44 2
44 2
44 2
72 2
45 2
45 2
47 2
72 2
47 2
48 2
50 2
72 2
48 2
47 2
45 2
72 2
47 2
45 2
43 2
72 2
42 0
72 0
45 2
72 0
47 0
72 0
50 2
72 2
48 2
53 2
51 2
72 2
50 2
48 2
72 2
47 6
72 6
38 2
72 2
40 2
42 2
72 1
45 2
72 0
43 2
42 2
72 1
41 2
72 0
40 6
72 11
36 2
72 0
38 2
72 0
40 2
72 0
42 2
72 0
39 2
72 0
40 2
72 0
42 2
72 0
44 2
72 0
42 2
72 0
44 2
72 0
45 2
72 0
47 3
72 3
49 2
72 0
44 3
72 3
49 3
72 3
47 7
72 7
44 2
72 0
45 2
72 1
46 2
47 2
72 2
49 2
52 2
49 2
72 2
47 2
44 2
40 2
72 2
37 2
35 5
72 6
47 5
72 4
47 2
47 2
72 2
47 2
45 2
44 2
72 2
44 2
45 2
42 2
72 2
42 2
44 2
45 3
72 2
44 2
42 4
72 2
44 4
72 2
35 13
72 11
40 2
72 0
40 2
72 0
37 2
72 0
40 2
72 0
40 2
72 0
37 2
72 0
40 4
72 1
37 2
72 0
40 2
72 0
42 2
72 0
43 2
72 0
44 10
72 4
37 2
72 1
40 2
42 2
72 2
43 2
42 2
44 2
72 2
45 2
46 2
47 2
72 2
47 2
47 2
72 2
45 2
44 2
44 2
72 2
45 2
42 2
42 2
72 2
44 2
45 3
72 0
44 2
72 2
42 4
44 4
72 2
35 13
72 11
40 2
72 0
37 2
40 2
72 1
43 2
72 0
43 2
42 2
72 1
42 2
72 0
40 2
72 0
41 2
42 2
42 3
40 12
72 3
40 2
72 0
39 2
72 0
40 2
72 0
42 2
72 0
44 2
72 0
45 2
72 0
47 2
72 0
49 7
72 3
44 6
72 2
42 2
72 0
42 2
72 1
42 2
42 2
72 0
42 2
72 1
44 2
44 2
72 2
42 2
42 2
47 2
72 2
47 2
47 2
47 2
72 2
42 2
42 2
72 2
42 2
40 2
40 2
72 2
40 2
40 2
40 2
72 2
42 2
40 2
39 2
72 2
38 2
37 2
37 2
72 2
39 2
40 2
40 2
72 2
39 2
39 2
40 9
72 2
39 0
E
S
L
72 14
11 3
72 1
11 3
72 1
23 3
72 1
11 3
72 4
16 7
72 0
23 3
23 7
16 5
16 5
23 3
23 5
11 5
16 7
23 3
23 7
16 5
11 5
11 3
23 5
11 5
16 7
23 3
72 1
23 7
16 3
21 7
16 3
72 1
16 7
21 3
16 7
23 3
23 7
23 5
72 0
16 7
18 5
72 0
20 5
21 7
72 2
28 3
28 7
21 3
23 7
72 1
18 3
18 7
23 3
16 7
23 3
23 7
16 3
18 7
18 3
23 7
23 3
16 7
23 3
23 7
16 3
21 7
16 3
72 0
16 7
21 3
16 7
23 3
72 1
23 7
23 5
16 7
72 2
18 5
20 5
72 0
21 7
28 3
28 7
21 3
72 1
23 7
18 3
18 7
23 3
16 7
72 2
23 3
23 7
16 3
72 4
16 7
18 5
20 5
21 7
28 3
28 7
23 3
72 3
11 7
13 5
15 5
16 7
23 3
23 7
21 3
72 3
21 7
72 0
20 5
19 5
18 7
13 3
72 1
13 5
12 3
72 1
11 5
72 0
23 5
11 3
72 1
13 5
15 5
72 0
16 7
23 3
23 7
16 5
72 0
16 5
72 0
23 3
23 5
72 0
16 5
72 0
21 7
16 3
16 5
72 0
15 3
14 5
72 0
26 5
14 3
16 5
18 5
19 7
26 3
26 5
19 3
12 5
24 7
23 5
22 5
21 7
16 3
16 7
21 5
72 0
21 7
16 5
21 5
23 7
11 3
72 1
11 7
23 5
72 0
23 5
11 3
72 1
11 8
23 7
11 3
11 7
23 5
72 0
11 7
13 5
72 0
15 5
72 0
16 7
23 3
23 7
16 3
21 7
72 1
16 3
16 7
21 3
16 7
72 0
23 3
23 7
23 5
16 7
18 5
20 5
21 7
28 3
28 7
21 3
23 7
18 3
72 0
18 7
23 3
16 7
23 3
72 1
23 7
16 3
72 4
11 7
13 5
15 5
72 0
16 7
23 3
23 7
16 3
72 1
21 7
16 3
16 7
21 3
16 7
72 2
23 3
23 7
23 5
72 0
16 7
18 5
20 5
21 7
72 0
28 3
28 7
21 3
23 7
18 3
18 7
23 3
16 7
23 3
23 7
16 3
18 7
18 3
72 0
23 7
23 3
16 7
23 3
72 1
23 7
16 3
21 7
16 3
72 1
16 7
21 3
16 7
23 3
23 7
23 5
72 0
16 7
18 5
72 0
20 5
21 7
72 2
28 3
28 7
21 3
23 7
72 1
18 3
18 7
23 3
16 7
72 0
23 3
23 7
16 3
72 3
16 7
18 5
20 5
21 7
28 3
28 7
23 3
72 4
11 7
13 5
15 5
16 7
23 3
72 1
23 7
21 3
72 1
21 7
72 2
20 5
19 5
72 0
18 7
13 3
13 5
72 0
12 3
11 5
72 0
23 5
72 0
11 3
13 5
72 0
15 5
16 7
72 2
23 3
23 7
16 5
72 0
16 5
23 3
23 5
16 5
21 7
16 3
72 0
16 5
15 3
14 5
26 5
14 3
16 5
18 5
19 7
26 3
26 5
19 3
12 5
24 7
72 0
23 5
22 5
21 7
16 3
72 1
16 7
21 5
21 7
72 2
16 5
21 5
72 0
23 7
11 3
11 7
23 5
72 0
23 5
72 0
11 3
11 8
23 7
72 2
11 3
11 7
23 5
72 0
11 7
13 5
15 5
16 7
23 3
23 7
16 3
21 7
16 3
16 7
21 3
16 7
23 3
23 7
23 5
72 0
16 7
18 5
72 0
20 5
21 7
28 3
72 1
28 7
21 3
23 7
18 3
72 1
18 7
23 3
16 7
23 3
23 7
16 3
72 1
18 7
18 3
23 7
23 3
72 1
16 7
23 3
23 7
16 3
72 0
21 7
16 3
16 7
21 3
16 7
23 3
23 7
23 5
16 7
18 5
20 5
21 7
28 3
28 7
21 3
23 7
18 3
72 0
18 7
23 3
16 7
23 3
72 1
23 7
16 3
72 4
16 7
18 5
20 5
72 0
21 7
28 3
28 7
23 3
72 4
11 7
13 5
72 0
15 5
72 0
16 7
23 3
23 7
21 3
72 4
21 7
20 5
19 5
18 7
72 0
13 3
13 5
12 3
11 5
23 5
11 3
13 5
15 5
16 7
23 3
23 7
16 5
72 0
16 5
23 3
72 0
23 5
16 5
21 7
16 3
72 1
16 5
15 3
72 1
14 5
72 0
26 5
14 3
72 1
16 5
18 5
72 0
19 7
26 3
26 5
72 0
19 3
12 5
72 0
24 7
23 5
72 0
22 5
21 7
72 2
16 3
16 7
21 5
72 0
21 7
16 5
21 5
23 7
11 3
11 7
23 5
23 5
11 3
11 8
23 7
11 3
11 7
23 5
72 0
11 7
13 5
15 5
16 7
23 3
72 1
23 7
16 3
21 7
16 3
72 1
16 7
21 3
16 7
23 3
23 7
23 5
72 0
16 7
18 5
72 0
20 5
21 7
72 2
28 3
28 7
21 3
72 0
23 7
18 3
18 7
23 3
16 7
23 3
23 7
16 3
72 3
11 7
13 5
15 5
16 7
23 3
23 7
16 3
21 7
16 3
72 0
16 7
21 3
16 7
23 3
72 1
23 7
23 5
72 0
16 7
18 5
20 5
72 0
21 7
28 3
28 7
21 3
72 1
23 7
18 3
18 7
23 3
72 1
16 7
23 3
23 7
16 3
72 0
18 7
18 3
23 7
23 3
16 7
23 3
23 7
16 3
21 7
16 3
16 7
21 3
16 7
23 3
23 7
23 5
16 7
72 0
18 5
72 0
20 5
21 7
28 3
72 1
28 7
21 3
23 7
18 3
72 1
18 7
23 3
16 7
23 3
23 7
16 3
72 4
16 7
18 5
72 0
20 5
72 0
21 7
28 3
28 7
23 3
72 4
11 7
13 5
15 5
16 7
23 3
23 7
21 3
72 3
21 7
20 5
19 5
18 7
13 3
13 5
12 3
11 5
72 0
23 5
11 3
72 0
13 5
72 0
15 5
16 7
23 3
72 1
23 7
16 5
72 0
16 5
23 3
72 1
23 5
16 5
72 0
21 7
16 3
16 5
72 0
15 3
14 5
72 0
26 5
72 0
14 3
16 5
72 0
18 5
72 0
19 7
26 3
26 5
72 0
19 3
12 5
72 0
24 7
23 5
22 5
21 7
16 3
16 7
21 5
21 7
16 5
21 5
23 7
11 3
11 7
23 5
72 0
23 5
11 3
72 0
11 8
23 7
11 3
72 1
11 7
23 5
72 0
11 7
13 5
15 5
72 0
16 7
23 3
23 7
16 3
72 1
21 7
16 3
16 7
21 3
72 1
16 7
23 3
23 7
23 5
72 0
16 7
18 5
20 5
21 7
28 3
28 7
21 3
23 7
18 3
18 7
23 3
16 7
23 3
23 7
16 3
18 7
72 1
18 3
23 7
23 3
16 7
72 2
23 3
23 7
16 3
21 7
16 3
72 1
16 7
21 3
16 7
23 3
23 7
23 5
72 0
16 7
18 5
72 0
20 5
72 0
21 7
28 3
28 7
21 3
72 0
23 7
18 3
18 7
23 3
16 7
23 3
23 7
16 3
72 3
16 7
18 5
20 5
21 7
72 0
28 3
28 7
23 3
72 4
11 7
13 5
72 0
15 5
16 7
23 3
72 1
23 7
21 3
72 4
21 7
20 5
19 5
72 0
18 7
13 3
13 5
72 0
12 3
11 5
72 0
23 5
72 0
11 3
E
S
H
72 13
12 3
45 3
72 1
45 3
12 2
12 5
72 0
45 3
12 3
72 1
45 3
12 3
45 3
72 1
12 2
12 5
72 0
45 3
45 3
12 3
72 1
45 3
45 3
72 1
12 2
12 5
72 0
45 3
12 3
45 3
72 1
26 3
72 1
23 3
72 4
21 3
72 0
19 3
17 3
12 3
72 0
45 3
45 3
12 3
14 5
45 3
12 3
45 3
12 3
45 2
72 0
12 3
14 5
45 3
45 3
12 3
45 3
45 3
12 3
14 5
45 3
12 3
45 3
72 0
12 2
45 3
12 3
72 0
14 5
45 3
72 0
45 3
12 3
72 1
45 3
45 3
12 3
72 1
14 5
72 0
45 2
12 3
45 3
72 1
12 3
45 3
12 3
72 1
14 5
45 3
72 1
45 3
12 3
45 3
72 1
45 3
12 3
14 5
72 0
45 3
12 3
72 1
45 3
12 3
45 3
72 1
12 3
14 5
72 0
45 3
45 3
72 1
12 2
45 3
45 3
72 1
12 3
14 5
72 0
45 3
12 2
72 1
45 2
72 0
12 3
45 3
72 0
12 3
14 5
45 3
45 3
12 3
45 3
45 3
12 3
14 5
45 3
12 2
72 0
45 3
12 3
45 3
12 3
14 5
45 3
45 2
72 0
12 3
45 3
45 3
12 3
14 5
72 0
45 2
12 3
45 3
72 0
12 3
45 3
12 3
72 0
14 5
72 0
45 3
45 3
12 3
72 1
45 3
45 3
12 3
72 1
14 5
72 0
45 2
12 3
45 3
72 1
12 3
45 3
12 3
72 1
14 5
45 3
72 1
45 3
12 3
45 3
72 1
45 3
12 3
14 5
72 0
45 3
12 3
72 1
45 2
12 3
45 3
72 1
12 3
14 5
72 0
45 3
45 3
72 1
12 2
45 3
45 3
72 1
12 3
14 5
72 0
45 3
12 2
72 1
45 3
12 3
45 3
72 0
12 3
14 5
45 3
45 3
12 3
45 3
45 3
12 3
14 5
45 3
12 2
72 0
45 3
12 3
45 3
12 3
14 5
45 3
45 3
12 3
45 3
45 3
12 3
14 5
72 0
45 2
12 3
45 3
72 0
12 3
45 3
12 3
72 0
14 5
72 0
45 3
45 3
12 3
72 1
45 3
45 3
12 3
72 1
14 5
45 3
72 1
12 3
45 2
72 2
12 3
45 3
12 3
72 1
14 5
45 3
72 1
45 3
12 2
45 3
72 1
45 3
12 3
14 5
72 0
45 3
12 2
72 2
45 2
12 3
45 3
72 1
12 3
14 5
72 0
45 3
45 3
72 1
12 3
45 3
45 3
72 1
12 3
14 5
72 0
45 3
12 2
72 1
45 3
12 3
45 3
72 0
12 3
14 5
45 3
45 3
12 3
45 3
45 3
12 3
14 5
45 2
72 0
12 3
45 3
12 3
45 3
12 3
14 5
45 3
45 3
12 3
45 3
45 3
12 3
14 5
45 3
12 3
45 3
72 0
12 3
45 3
12 3
72 0
14 5
45 3
72 0
45 3
12 2
72 2
45 3
45 3
12 3
72 1
14 5
45 3
72 1
12 3
45 2
72 2
12 3
45 3
12 3
72 1
14 5
45 3
72 1
45 3
12 2
45 3
72 1
45 3
12 3
14 5
72 0
45 3
12 2
72 2
45 3
12 3
45 3
72 1
12 3
14 5
72 0
45 3
45 3
72 1
12 3
45 3
45 3
72 1
12 3
14 5
72 0
45 2
12 2
45 3
72 1
12 3
45 3
72 0
12 3
14 5
45 3
45 3
12 3
72 0
45 3
45 3
12 3
14 5
45 2
72 0
12 3
45 3
12 2
72 0
45 3
12 3
14 5
45 3
45 3
12 3
45 3
45 3
12 3
14 5
45 3
12 3
45 2
72 1
12 3
45 3
12 3
72 0
14 5
45 3
72 0
45 3
12 2
72 2
45 3
45 3
12 3
72 1
14 5
45 3
72 1
12 2
45 3
72 1
12 3
45 3
12 3
72 1
14 5
45 3
72 1
45 3
12 3
45 3
72 1
45 3
12 3
14 5
72 0
45 3
12 2
72 2
45 3
12 3
45 3
72 1
12 3
14 5
72 0
45 3
45 2
12 3
72 1
45 3
45 3
72 1
12 3
14 5
72 0
45 2
12 3
45 3
72 1
12 3
45 3
72 0
12 3
14 5
45 3
45 3
12 3
45 3
45 3
12 3
14 5
45 3
12 3
45 2
72 0
12 3
45 3
12 3
14 5
45 3
45 3
12 2
72 0
45 3
45 3
12 3
14 5
45 3
12 2
72 0
45 2
72 1
12 3
45 3
12 3
72 0
14 5
45 3
72 0
45 3
12 2
72 2
45 3
45 3
12 3
72 1
14 5
45 3
72 1
12 2
45 3
12 3
72 1
45 3
12 3
72 1
14 5
45 3
72 1
45 3
12 3
45 3
72 1
45 3
12 3
14 5
72 0
45 3
12 2
72 2
45 3
12 3
45 3
72 1
12 3
14 5
72 0
45 3
45 3
12 3
72 1
45 3
45 3
72 1
12 3
14 5
72 0
45 3
12 3
45 3
72 1
12 2
45 3
72 0
12 3
14 5
45 3
45 3
12 2
72 0
45 3
45 3
12 3
14 5
45 3
12 3
45 2
72 0
12 3
45 3
12 3
14 5
45 3
45 3
12 2
72 0
45 3
45 3
12 3
14 5
45 3
12 2
72 0
45 2
72 1
12 3
45 3
12 3
72 0
14 5
45 3
72 0
45 3
12 3
45 3
72 0
45 3
12 3
72 1
14 5
45 3
72 1
12 2
45 3
12 3
72 1
45 3
12 3
72 1
14 5
45 3
72 1
45 3
12 3
45 3
72 1
45 3
12 3
14 5
72 0
45 2
12 3
72 1
45 3
12 2
45 3
72 1
12 3
14 5
72 0
45 3
45 3
12 3
72 1
45 3
45 3
72 1
12 3
14 5
72 0
45 3
12 3
45 3
72 1
12 2
45 3
72 0
12 3
14 5
45 3
45 3
12 2
72 0
45 3
45 3
12 3
14 5
45 3
12 3
45 2
72 0
12 3
45 3
12 3
14 5
45 3
45 3
12 2
72 0
45 3
45 3
12 3
14 5
45 3
12 2
72 0
45 2
72 0
12 3
45 3
12 3
72 0
14 5
45 3
72 0
45 3
12 3
45 3
72 0
45 3
12 3
72 1
14 5
45 3
72 1
12 3
45 3
72 1
12 3
45 2
12 3
72 1
14 5
45 3
72 1
45 3
12 3
45 3
72 1
45 3
12 3
14 5
72 0
45 3
12 3
72 1
45 3
12 2
45 3
72 1
12 3
14 5
72 0
45 3
45 3
72 1
12 2
45 3
45 3
72 1
12 3
14 5
72 0
45 3
12 3
72 0
45 2
72 0
12 2
45 3
72 0
12 3
14 5
45 3
45 3
12 3
45 3
45 3
12 3
14 5
45 3
12 3
45 3
12 3
45 3
12 3
14 5
45 3
45 3
12 3
45 3
45 3
12 3
14 5
72 0
45 3
12 3
45 3
72 0
12 3
45 3
12 3
72 0
14 5
72 0
45 3
45 3
12 3
72 1
45 3
45 3
12 3
72 1
14 5
45 3
72 1
12 3
45 3
72 1
12 3
45 3
12 2
72 2
14 5
45 3
72 1
45 3
12 3
45 3
72 1
45 3
12 2
14 5
72 0
45 3
12 3
72 1
45 3
12 3
45 3
72 1
12 3
14 5
72 0
45 3
45 3
72 1
12 3
45 3
45 3
72 1
12 3
14 5
72 0
45 3
12 3
72 0
45 3
12 3
45 3
72 0
12 3
14 5
45 3
45 3
12 3
45 3
45 3
12 3
14 5
45 3
12 3
45 3
12 3
45 3
12 3
14 5
45 3
45 3
12 3
45 3
45 3
12 3
14 5
45 3
12 3
45 3
72 0
12 3
45 3
12 3
72 0
14 5
45 3
72 0
45 3
12 3
72 1
45 3
45 3
12 3
72 1
14 5
45 3
72 1
12 3
45 3
72 1
12 3
45 3
12 2
72 2
14 5
45 3
72 1
45 3
12 3
45 3
72 1
45 3
12 3
14 5
72 0
45 2
12 3
72 1
45 3
12 3
45 3
72 1
12 3
14 5
72 0
45 3
45 3
72 1
12 3
45 3
45 3
72 1
12 3
14 5
72 0
45 3
12 3
72 0
45 3
12 3
45 3
72 0
12 3
14 5
45 3
45 3
12 3
45 3
45 3
12 3
14 5
45 3
12 3
45 3
12 3
45 3
12 3
14 5
45 3
45 3
12 3
45 3
45 3
12 3
14 5
45 3
12 3
45 3
72 0
12 3
45 3
72 1
12 2
14 5
72 0
45 3
45 3
12 3
72 1
45 3
45 3
72 1
12 2
14 5
72 0
45 2
12 3
45 3
72 1
12 3
45 3
12 3
72 1
14 5
45 3
72 1
45 3
12 3
45 3
72 1
45 3
12 3
14 5
72 0
45 3
12 3
72 1
45 3
12 3
45 3
72 1
12 3
14 5
72 0
45 3
45 3
72 1
12 3
45 3
45 3
72 1
12 3
14 5
72 0
45 3
12 3
72 0
45 3
12 3
45 3
72 0
12 3
14 5
45 3
45 3
12 3
45 3
45 3
12 3
14 5
45 3
12 3
45 3
12 3
45 3
12 3
14 5
45 3
45 3
12 3
45 3
45 3
72 0
12 2
14 5
72 0
45 3
12 3
45 3
72 0
12 3
45 3
12 3
72 0
14 5
72 0
45 3
45 3
12 3
72 1
45 3
45 3
12 3
72 1
14 5
72 0
45 2
12 3
45 3
72 1
12 3
45 3
12 3
72 1
14 5
45 3
72 1
45 3
12 3
45 3
72 1
45 3
12 3
14 5
72 0
45 3
12 3
72 1
45 3
12 3
45 3
72 1
12 3
14 5
72 0
45 3
45 3
72 1
12 3
45 3
45 3
72 1
12 3
14 5
72 0
45 3
12 3
72 0
45 3
12 3
45 3
72 0
12 3
14 5
45 3
45 3
12 3
45 3
45 3
12 3
14 5
45 3
12 2
72 0
45 3
12 3
45 3
12 2
72 0
14 5
45 3
45 3
12 3
45 3
45 3
12 3
14 5
72 0
45 2
12 3
45 3
72 0
12 3
45 3
12 3
72 0
14 5
72 0
45 3
45 3
12 3
72 1
45 3
45 3
12 3
72 1
14 5
72 0
45 3
12 3
45 3
72 1
12 3
45 3
12 3
72 1
14 5
45 3
72 1
45 3
12 3
45 3
72 1
45 3
12 3
14 5
72 0
45 3
12 3
72 1
45 3
12 3
45 3
72 1
12 3
14 5
72 0
45 3
45 3
72 1
12 3
45 3
45 3
72 1
12 3
14 5
72 0
45 3
12 3
72 0
45 3
12 3
45 3
72 0
12 2
72 0
14 5
45 3
45 2
72 0
12 3
45 3
45 3
12 3
14 5
45 2
72 0
12 3
45 3
12 3
45 3
12 3
14 5
45 3
45 3
12 3
45 3
45 3
12 3
14 5
72 0
45 2
12 3
45 3
72 0
12 3
45 3
12 3
72 0
14 5
72 0
45 3
45 3
12 3
72 1
45 3
45 3
12 3
72 1
14 5
72 0
45 3
12 3
45 3
72 1
12 3
45 3
12 3
72 1
14 5
45 3
72 1
45 3
12 3
45 3
72 1
45 3
12 3
14 5
72 0
45 3
12 3
72 1
45 3
12 3
45 3
72 1
12 3
14 5
72 0
45 3
45 3
72 1
12 3
45 3
45 3
72 1
12 3
14 5
72 0
45 3
12 2
72 1
45 3
12 3
45 3
72 0
12 3
14 5
45 3
45 3
12 3
45 3
45 3
12 3
14 5
45 2
72 0
12 3
45 3
12 3
45 3
12 3
14 5
45 3
45 3
12 3
45 3
45 3
12 3
14 5
72 0
45 2
12 3
45 3
72 0
12 3
45 3
12 3
72 0
14 5
72 0
45 3
45 3
12 3
72 1
45 3
45 3
12 3
72 1
14 5
45 3
72 1
12 3
45 3
72 1
12 3
45 3
12 3
72 1
14 5
45 3
72 1
45 3
12 3
45 3
72 1
45 3
12 3
14 5
72 0
45 3
12 2
72 2
45 3
12 3
45 3
72 1
12 3
14 5
72 0
45 3
45 3
72 1
12 3
45 3
45 3
72 1
12 3
14 5
72 0
45 2
12 2
72 1
45 3
12 3
45 3
72 0
12 3
14 5
45 3
45 3
12 3
45 3
45 3
12 3
14 5
45 2
72 0
12 3
45 3
12 3
45 3
12 3
14 5
45 3
45 3
12 3
45 3
45 3
12 3
14 5
72 0
45 3
12 3
45 3
72 0
12 3
45 3
12 3
72 0
14 5
45 3
72 0
45 3
12 2
72 2
45 3
45 3
12 3
72 1
14 5
45 3
72 1
12 3
45 2
72 2
12 3
45 3
12 3
72 1
14 5
45 3
72 1
45 3
12 3
45 3
72 1
45 3
12 3
14 5
72 0
45 3
12 3
72 1
45 3
12 2
45 3
72 1
12 3
14 5
72 0
45 3
45 3
72 1
12 2
45 3
45 3
72 1
12 3
14 5
72 0
45 3
12 3
72 0
45 3
12 3
45 3
72 0
12 2
72 0
14 5
45 3
45 3
12 3
45 3
45 3
12 2
72 0
14 5
45 3
12 3
45 3
12 3
45 2
72 0
12 2
72 0
14 5
45 3
45 3
12 3
45 3
45 3
72 0
12 3
14 5
72 0
45 3
12 3
45 3
72 0
12 3
45 2
72 2
12 3
14 5
72 0
45 3
45 3
12 3
72 1
45 3
45 3
72 1
12 3
14 5
72 0
45 3
12 3
45 3
72 1
12 2
45 3
12 3
72 1
14 5
45 3
72 1
45 3
12 3
45 3
72 1
45 3
12 3
14 5
72 0
45 3
12 3
72 1
45 3
12 3
45 3
72 1
12 3
14 5
72 0
45 3
45 3
72 1
12 3
45 3
45 3
72 1
12 2
14 5
72 0
45 3
12 3
72 0
45 3
12 3
45 3
72 0
12 2
72 0
14 5
45 3
45 3
12 3
45 3
45 3
12 2
72 0
14 5
45 3
12 3
45 3
12 3
45 2
72 0
12 3
14 5
45 3
45 3
12 3
45 3
45 3
72 0
12 3
14 5
72 0
45 3
12 3
45 3
72 0
12 2
45 2
72 0
12 3
72 0
14 5
72 0
45 3
45 3
12 3
72 1
45 3
45 3
12 3
72 1
14 5
72 0
45 3
12 3
45 3
72 1
12 2
45 3
12 3
72 1
14 5
45 3
72 1
45 3
12 3
45 3
72 1
45 3
12 3
14 5
72 0
45 3
12 3
72 1
45 3
12 3
45 3
72 1
12 2
E
S
H
72 13
35 5
72 0
35 3
35 3
72 4
35 3
72 1
37 12
39 5
72 0
39 3
72 1
39 3
72 1
39 3
72 4
37 12
35 5
72 0
35 3
35 3
72 3
35 3
72 3
37 12
39 5
39 3
39 3
72 3
39 3
72 3
37 12
39 5
72 0
39 3
39 5
72 0
39 5
72 0
40 12
42 5
72 0
42 3
42 5
72 0
42 5
40 10
72 0
38 8
72 1
37 5
37 3
72 1
37 5
37 5
72 0
37 10
72 0
39 8
39 5
40 3
42 5
39 7
37 8
39 8
39 5
39 3
39 5
39 5
40 12
42 5
72 0
42 3
42 5
72 0
42 5
72 0
40 10
72 0
38 8
37 5
72 0
37 3
37 5
72 0
37 5
37 10
72 0
39 8
72 1
39 5
40 3
72 1
42 5
39 7
72 1
40 8
38 8
56 8
52 7
51 5
59 5
51 3
52 5
51 5
54 5
54 5
51 3
51 5
49 5
72 0
61 5
49 3
72 0
51 3
49 3
72 1
47 3
46 3
45 12
72 0
49 8
72 1
48 8
51 5
72 0
54 3
49 5
72 0
54 5
51 12
72 2
43 5
43 3
72 1
43 5
40 5
72 0
38 8
72 0
38 3
40 3
38 3
72 0
37 3
38 3
43 5
42 3
43 5
38 5
36 8
36 3
38 3
36 3
35 3
36 3
43 3
43 3
42 3
43 5
36 5
33 5
72 0
37 7
37 5
39 5
49 5
72 0
52 3
47 5
72 0
52 5
72 0
49 5
72 0
52 5
47 3
72 1
47 5
52 5
72 0
49 5
72 0
52 3
47 5
72 0
52 5
49 5
72 0
52 5
72 0
47 3
47 5
72 0
52 5
72 0
39 5
39 3
72 1
39 5
39 5
72 0
40 12
72 0
42 5
42 3
42 5
42 5
40 10
38 8
37 5
37 3
37 5
37 5
37 10
72 0
39 8
39 5
72 0
40 3
42 5
72 0
39 7
37 8
72 1
39 8
39 5
72 0
39 3
39 5
72 0
39 5
40 12
42 5
72 0
42 3
72 1
42 5
42 5
72 0
40 10
72 0
38 8
37 5
37 3
37 5
37 5
37 10
39 8
39 5
40 3
42 5
39 7
37 8
72 0
39 8
39 5
72 0
39 3
39 5
72 0
39 5
72 0
40 12
42 5
72 0
42 3
42 5
72 0
42 5
40 10
72 0
38 8
37 5
72 0
37 3
72 1
37 5
37 5
72 0
37 10
72 0
39 8
39 5
40 3
42 5
39 7
40 8
38 8
56 8
52 7
51 5
72 0
59 5
51 3
72 0
52 5
51 5
54 5
72 0
54 5
72 0
51 3
51 5
72 0
49 5
72 0
61 5
49 3
72 1
51 3
49 3
47 3
72 1
46 3
45 12
72 0
49 8
48 8
51 5
72 0
54 3
72 1
49 5
54 5
72 0
51 12
72 0
43 5
43 3
43 5
40 5
38 8
38 3
40 3
38 3
37 3
38 3
43 5
42 3
43 5
38 5
36 8
36 3
72 0
38 3
36 3
35 3
72 0
36 3
43 3
43 3
72 0
42 3
43 5
72 0
36 5
72 0
33 5
72 0
37 7
37 5
39 5
72 0
49 5
72 0
52 3
47 5
72 0
52 5
49 5
72 0
52 5
72 0
47 3
47 5
72 0
52 5
72 0
49 5
52 3
72 1
47 5
52 5
72 0
49 5
72 0
52 5
47 3
47 5
52 5
39 5
39 3
39 5
39 5
40 12
42 5
42 3
42 5
42 5
40 10
72 0
38 8
37 5
72 0
37 3
72 1
37 5
37 5
72 0
37 10
72 0
39 8
39 5
72 0
40 3
42 5
72 0
39 7
37 8
39 8
72 1
39 5
39 3
72 1
39 5
39 5
72 0
40 12
72 0
42 5
42 3
42 5
42 5
40 10
38 8
37 5
37 3
37 5
37 5
37 10
72 0
39 8
39 5
72 0
40 3
72 1
42 5
39 7
40 8
72 1
38 8
56 8
52 7
51 5
72 0
59 5
72 0
51 3
52 5
72 0
51 5
72 0
54 5
54 5
72 0
51 3
51 5
72 0
49 5
72 0
61 5
49 3
51 3
49 3
72 0
47 3
46 3
45 12
49 8
48 8
51 5
54 3
72 0
49 5
54 5
51 12
43 5
72 0
43 3
72 1
43 5
40 5
72 0
38 8
38 3
72 1
40 3
38 3
37 3
72 1
38 3
43 5
72 0
42 3
43 5
72 0
38 5
36 8
72 1
36 3
38 3
36 3
72 1
35 3
36 3
72 1
43 3
43 3
42 3
72 1
43 5
36 5
72 0
33 5
72 0
37 7
37 5
39 5
49 5
52 3
47 5
52 5
49 5
52 5
47 3
47 5
52 5
49 5
52 3
72 0
47 5
52 5
49 5
72 0
52 5
47 3
72 0
47 5
72 0
52 5
39 5
72 0
39 3
39 5
72 0
39 5
72 0
40 12
42 5
72 0
42 3
42 5
72 0
42 5
40 10
72 0
38 8
72 1
37 5
37 3
72 1
37 5
37 5
37 10
72 0
39 8
39 5
40 3
42 5
39 7
37 8
39 8
39 5
39 3
39 5
39 5
40 12
42 5
72 0
42 3
42 5
72 0
42 5
72 0
40 10
72 0
38 8
37 5
72 0
37 3
37 5
72 0
37 5
37 10
72 0
39 8
72 1
39 5
40 3
72 1
42 5
39 7
72 1
37 8
39 8
39 5
39 3
39 5
39 5
40 12
42 5
42 3
42 5
42 5
40 10
72 0
38 8
37 5
72 0
37 3
37 5
72 0
37 5
72 0
37 10
72 0
39 8
39 5
72 0
40 3
42 5
72 0
39 7
40 8
38 8
72 1
56 8
52 7
51 5
72 0
59 5
51 3
52 5
51 5
54 5
54 5
51 3
51 5
49 5
61 5
49 3
51 3
49 3
47 3
46 3
45 12
49 8
72 0
48 8
51 5
72 0
54 3
49 5
72 0
54 5
72 0
51 12
43 5
72 0
43 3
43 5
72 0
40 5
38 8
72 1
38 3
40 3
38 3
72 1
37 3
38 3
72 1
43 5
42 3
72 1
43 5
38 5
72 0
36 8
72 0
36 3
38 3
36 3
72 0
35 3
36 3
43 3
43 3
42 3
43 5
36 5
33 5
37 7
37 5
39 5
49 5
52 3
47 5
52 5
49 5
72 0
52 5
47 3
72 0
47 5
52 5
49 5
72 0
52 3
47 5
72 0
52 5
72 0
49 5
72 0
52 5
47 3
72 1
47 5
52 5
72 0
39 5
72 0
39 3
39 5
72 0
39 5
40 12
72 2
42 5
42 3
72 1
42 5
42 5
40 10
72 0
38 8
37 5
37 3
37 5
37 5
37 10
39 8
39 5
40 3
72 0
42 5
39 7
37 8
72 0
39 8
39 5
72 0
39 3
72 1
39 5
39 5
72 0
40 12
42 5
72 0
42 3
42 5
72 0
42 5
40 10
72 0
38 8
72 1
37 5
37 3
72 1
37 5
37 5
37 10
72 0
39 8
39 5
40 3
42 5
39 7
40 8
38 8
56 8
52 7
51 5
72 0
59 5
72 0
51 3
52 5
72 0
51 5
54 5
72 0
54 5
72 0
51 3
51 5
72 0
49 5
72 0
61 5
49 3
72 1
51 3
49 3
47 3
72 1
46 3
45 12
72 0
49 8
E
S
L
72 13
30 5
72 0
30 3
30 3
72 4
30 3
72 1
32 12
32 5
72 0
32 3
72 1
32 3
72 1
32 3
72 4
32 12
30 5
72 0
30 3
30 3
72 3
30 3
72 3
32 12
32 5
32 3
32 3
72 3
32 3
72 3
32 12
30 5
72 0
30 3
30 5
72 0
30 5
72 0
32 12
35 5
72 0
35 3
35 5
72 0
35 5
32 10
72 0
32 8
72 1
28 5
28 3
72 1
28 5
28 5
72 0
28 10
72 0
33 8
30 5
32 3
35 5
30 7
28 8
33 8
30 5
30 3
30 5
30 5
32 12
35 5
72 0
35 3
35 5
72 0
35 5
72 0
32 10
72 0
32 8
28 5
72 0
28 3
28 5
72 0
28 5
28 10
72 0
33 8
72 1
30 5
32 3
72 1
35 5
30 7
72 1
32 8
32 8
49 8
45 7
42 5
51 5
42 3
45 5
42 5
47 5
47 5
44 3
44 5
40 5
72 0
52 5
35 3
72 0
37 3
35 3
72 1
33 3
31 3
37 12
72 0
40 8
72 1
42 8
44 7
39 8
44 12
72 2
50 5
48 3
72 1
50 5
47 5
72 0
45 8
72 0
45 3
47 3
45 3
72 0
44 3
45 3
50 5
49 3
50 5
45 5
43 8
43 3
45 3
43 3
42 3
43 3
48 3
48 3
47 3
48 5
45 5
40 5
72 0
42 7
44 5
45 5
49 5
72 0
52 3
47 5
72 0
52 5
72 0
49 5
72 0
52 5
47 3
72 1
47 5
52 5
72 0
49 5
72 0
52 3
47 5
72 0
52 5
49 5
72 0
52 5
72 0
47 3
47 5
72 0
52 5
72 0
30 5
30 3
72 1
30 5
30 5
72 0
32 12
72 0
35 5
35 3
35 5
35 5
32 10
32 8
28 5
28 3
28 5
28 5
28 10
72 0
33 8
30 5
72 0
32 3
35 5
72 0
30 7
28 8
72 1
33 8
30 5
72 0
30 3
30 5
72 0
30 5
32 12
72 2
35 5
35 3
72 1
35 5
35 5
72 0
32 10
72 0
32 8
28 5
28 3
28 5
28 5
28 10
33 8
30 5
32 3
35 5
30 7
28 8
72 0
33 8
30 5
72 0
30 3
30 5
72 0
30 5
72 0
32 12
35 5
72 0
35 3
35 5
72 0
35 5
32 10
72 0
32 8
72 1
28 5
28 3
72 1
28 5
28 5
72 0
28 10
72 0
33 8
30 5
32 3
35 5
30 7
32 8
32 8
49 8
45 7
42 5
72 0
51 5
42 3
72 0
45 5
42 5
47 5
72 0
47 5
72 0
44 3
44 5
72 0
40 5
72 0
52 5
35 3
72 1
37 3
35 3
33 3
72 1
31 3
37 12
72 0
40 8
42 8
72 1
44 7
39 8
44 12
72 0
50 5
48 3
50 5
47 5
45 8
45 3
47 3
45 3
44 3
45 3
50 5
49 3
50 5
45 5
43 8
43 3
72 0
45 3
43 3
42 3
72 0
43 3
48 3
48 3
72 0
47 3
48 5
72 0
45 5
72 0
40 5
72 0
42 7
44 5
45 5
72 0
49 5
72 0
52 3
47 5
72 0
52 5
49 5
72 0
52 5
72 0
47 3
47 5
72 0
52 5
72 0
49 5
52 3
72 1
47 5
52 5
72 0
49 5
72 0
52 5
47 3
47 5
52 5
30 5
30 3
30 5
30 5
32 12
35 5
35 3
35 5
35 5
32 10
72 0
32 8
28 5
72 0
28 3
72 1
28 5
28 5
72 0
28 10
72 0
33 8
30 5
72 0
32 3
35 5
72 0
30 7
28 8
33 8
72 1
30 5
30 3
72 1
30 5
30 5
72 0
32 12
72 0
35 5
35 3
35 5
35 5
32 10
32 8
28 5
28 3
28 5
28 5
28 10
72 0
33 8
30 5
72 0
32 3
72 1
35 5
30 7
32 8
72 1
32 8
49 8
45 7
42 5
72 0
51 5
72 0
42 3
45 5
72 0
42 5
72 0
47 5
47 5
72 0
44 3
44 5
72 0
40 5
72 0
52 5
35 3
37 3
35 3
33 3
31 3
37 12
40 8
42 8
44 7
72 0
39 8
44 12
50 5
72 0
48 3
72 1
50 5
47 5
72 0
45 8
45 3
72 1
47 3
45 3
44 3
72 1
45 3
50 5
72 0
49 3
50 5
72 0
45 5
43 8
72 1
43 3
45 3
43 3
72 1
42 3
43 3
72 1
48 3
48 3
47 3
72 1
48 5
45 5
40 5
72 0
42 7
44 5
45 5
49 5
52 3
47 5
52 5
49 5
52 5
47 3
47 5
52 5
49 5
52 3
72 0
47 5
52 5
49 5
72 0
52 5
47 3
72 0
47 5
72 0
52 5
30 5
72 0
30 3
30 5
72 0
30 5
72 0
32 12
35 5
72 0
35 3
35 5
72 0
35 5
32 10
72 0
32 8
72 1
28 5
28 3
72 1
28 5
28 5
28 10
72 0
33 8
30 5
32 3
35 5
30 7
28 8
33 8
30 5
30 3
30 5
30 5
32 12
35 5
72 0
35 3
35 5
72 0
35 5
72 0
32 10
72 0
32 8
28 5
72 0
28 3
28 5
72 0
28 5
28 10
72 0
33 8
72 1
30 5
32 3
72 1
35 5
30 7
72 1
28 8
33 8
30 5
30 3
30 5
30 5
32 12
35 5
35 3
35 5
35 5
32 10
72 0
32 8
28 5
72 0
28 3
28 5
72 0
28 5
72 0
28 10
72 0
33 8
30 5
72 0
32 3
35 5
72 0
30 7
32 8
32 8
72 1
49 8
45 7
42 5
72 0
51 5
42 3
45 5
42 5
47 5
47 5
44 3
44 5
40 5
52 5
35 3
37 3
35 3
33 3
31 3
37 12
40 8
72 0
42 8
44 7
39 8
72 1
44 12
50 5
72 0
48 3
50 5
72 0
47 5
45 8
72 1
45 3
47 3
45 3
72 1
44 3
45 3
72 1
50 5
49 3
72 1
50 5
45 5
72 0
43 8
72 0
43 3
45 3
43 3
72 0
42 3
43 3
48 3
48 3
47 3
48 5
45 5
40 5
42 7
44 5
45 5
49 5
52 3
47 5
52 5
49 5
72 0
52 5
47 3
72 0
47 5
52 5
49 5
72 0
52 3
47 5
72 0
52 5
72 0
49 5
72 0
52 5
47 3
72 1
47 5
52 5
72 0
30 5
72 0
30 3
30 5
72 0
30 5
32 12
72 2
35 5
35 3
72 1
35 5
35 5
32 10
72 0
32 8
28 5
28 3
28 5
28 5
28 10
33 8
30 5
32 3
72 0
35 5
30 7
28 8
72 0
33 8
72 1
30 5
30 3
72 1
30 5
30 5
72 0
32 12
35 5
72 0
35 3
35 5
72 0
35 5
32 10
72 0
32 8
72 1
28 5
28 3
72 1
28 5
28 5
28 10
33 8
30 5
32 3
35 5
30 7
32 8
32 8
49 8
45 7
42 5
72 0
51 5
72 0
42 3
45 5
72 0
42 5
72 0
47 5
47 5
72 0
44 3
44 5
72 0
40 5
72 0
52 5
35 3
72 1
37 3
35 3
33 3
72 1
31 3
37 12
72 0
40 8
E
S
L
72 13
32 5
72 0
32 3
32 3
72 4
32 3
72 1
33 12
35 5
72 0
35 3
72 1
35 3
72 1
35 3
72 4
33 12
32 5
72 0
32 3
32 3
72 3
32 3
72 3
33 12
35 5
35 3
35 3
72 3
35 3
72 3
33 12
35 5
72 0
35 3
35 5
72 0
35 5
72 0
37 12
39 5
72 0
39 3
39 5
72 0
39 5
37 10
72 0
35 8
72 1
32 5
32 3
72 1
32 5
32 5
72 0
32 10
72 0
36 8
35 5
37 3
39 5
35 7
32 8
36 8
35 5
35 3
35 5
35 5
37 12
39 5
72 0
39 3
39 5
72 0
39 5
72 0
37 10
72 0
35 8
32 5
72 0
32 3
32 5
72 0
32 5
32 10
72 0
36 8
72 1
35 5
37 3
72 1
39 5
35 7
72 1
35 8
35 8
52 8
49 7
45 5
54 5
45 3
49 5
45 5
51 5
51 5
47 3
47 5
44 5
72 0
56 5
44 3
72 0
45 3
44 3
72 1
42 3
41 3
40 12
72 0
44 8
72 1
45 8
47 5
72 0
54 3
44 5
72 0
54 5
47 12
72 2
52 5
52 3
72 1
52 5
48 5
72 0
48 8
72 0
48 3
48 3
48 3
72 0
47 3
48 3
52 5
51 3
52 5
47 5
47 8
45 3
47 3
45 3
44 3
45 3
52 3
52 3
51 3
52 5
47 5
44 5
72 0
45 7
45 5
49 5
44 5
72 0
47 3
42 5
72 0
47 5
72 0
44 5
72 0
47 5
42 3
72 1
42 5
47 5
72 0
44 5
72 0
47 3
42 5
72 0
47 5
44 5
72 0
47 5
72 0
42 3
42 5
72 0
47 5
72 0
35 5
35 3
72 1
35 5
35 5
72 0
37 12
72 0
39 5
39 3
39 5
39 5
37 10
35 8
32 5
32 3
32 5
32 5
32 10
72 0
36 8
35 5
72 0
37 3
39 5
72 0
35 7
32 8
72 1
36 8
35 5
72 0
35 3
35 5
72 0
35 5
37 12
72 2
39 5
39 3
72 1
39 5
39 5
72 0
37 10
72 0
35 8
32 5
32 3
32 5
32 5
32 10
36 8
35 5
37 3
39 5
35 7
32 8
72 0
36 8
35 5
72 0
35 3
35 5
72 0
35 5
72 0
37 12
39 5
72 0
39 3
39 5
72 0
39 5
37 10
72 0
35 8
72 1
32 5
32 3
72 1
32 5
32 5
72 0
32 10
72 0
36 8
35 5
37 3
39 5
35 7
35 8
35 8
52 8
49 7
45 5
72 0
54 5
45 3
72 0
49 5
72 0
45 5
51 5
72 0
51 5
72 0
47 3
47 5
72 0
44 5
72 0
56 5
44 3
72 1
45 3
44 3
42 3
72 1
41 3
40 12
72 0
44 8
45 8
72 1
47 5
54 3
72 1
44 5
54 5
72 0
47 12
72 0
52 5
52 3
52 5
48 5
48 8
48 3
48 3
48 3
47 3
48 3
52 5
51 3
52 5
47 5
47 8
45 3
72 0
47 3
45 3
72 1
44 3
45 3
52 3
72 1
52 3
51 3
52 5
72 0
47 5
72 0
44 5
72 0
45 7
45 5
49 5
72 0
44 5
72 0
47 3
42 5
72 0
47 5
44 5
72 0
47 5
72 0
42 3
42 5
72 0
47 5
72 0
44 5
47 3
72 1
42 5
47 5
72 0
44 5
72 0
47 5
42 3
42 5
47 5
35 5
35 3
35 5
35 5
37 12
39 5
39 3
39 5
39 5
37 10
72 0
35 8
32 5
72 0
32 3
72 1
32 5
32 5
72 0
32 10
72 0
36 8
35 5
72 0
37 3
39 5
72 0
35 7
32 8
36 8
72 1
35 5
35 3
72 1
35 5
35 5
72 0
37 12
72 0
39 5
39 3
39 5
39 5
37 10
35 8
32 5
32 3
72 0
32 5
32 5
32 10
72 0
36 8
35 5
72 0
37 3
72 1
39 5
35 7
35 8
72 1
35 8
52 8
49 7
45 5
72 0
54 5
72 0
45 3
49 5
72 0
45 5
72 0
51 5
51 5
72 0
47 3
47 5
72 0
44 5
72 0
56 5
44 3
45 3
44 3
42 3
41 3
40 12
44 8
45 8
47 5
54 3
72 0
44 5
54 5
47 12
52 5
72 0
52 3
72 1
52 5
48 5
72 0
48 8
48 3
72 1
48 3
48 3
47 3
72 1
48 3
52 5
72 0
51 3
52 5
72 0
47 5
47 8
72 1
45 3
47 3
72 1
45 3
44 3
45 3
72 1
52 3
52 3
51 3
72 1
52 5
47 5
44 5
72 0
45 7
45 5
49 5
44 5
47 3
42 5
47 5
44 5
47 5
42 3
42 5
47 5
44 5
47 3
72 0
42 5
47 5
44 5
72 0
47 5
42 3
72 0
42 5
72 0
47 5
35 5
72 0
35 3
35 5
72 0
35 5
72 0
37 12
39 5
72 0
39 3
39 5
72 0
39 5
37 10
72 0
35 8
72 1
32 5
32 3
72 1
32 5
32 5
32 10
72 0
36 8
35 5
37 3
39 5
35 7
32 8
36 8
35 5
35 3
35 5
35 5
37 12
39 5
72 0
39 3
39 5
72 0
39 5
72 0
37 10
72 0
35 8
32 5
72 0
32 3
32 5
72 0
32 5
32 10
72 0
36 8
72 1
35 5
37 3
72 1
39 5
35 7
72 1
32 8
36 8
35 5
35 3
35 5
35 5
37 12
39 5
39 3
39 5
39 5
37 10
72 0
35 8
32 5
72 0
32 3
32 5
72 0
32 5
72 0
32 10
72 0
36 8
35 5
72 0
37 3
39 5
72 0
35 7
35 8
35 8
72 1
52 8
49 7
45 5
72 0
54 5
45 3
49 5
45 5
51 5
51 5
47 3
47 5
44 5
56 5
44 3
45 3
44 3
42 3
41 3
40 12
44 8
72 0
45 8
47 5
72 0
54 3
44 5
72 0
54 5
72 0
47 12
52 5
72 0
52 3
52 5
72 0
48 5
48 8
72 1
48 3
48 3
48 3
72 1
47 3
48 3
72 1
52 5
51 3
72 1
52 5
47 5
72 0
47 8
72 0
45 3
47 3
45 3
72 0
44 3
45 3
52 3
52 3
51 3
52 5
47 5
44 5
45 7
45 5
49 5
44 5
47 3
42 5
47 5
44 5
72 0
47 5
42 3
72 0
42 5
47 5
44 5
72 0
47 3
42 5
72 0
47 5
72 0
44 5
72 0
47 5
42 3
72 1
42 5
47 5
72 0
35 5
72 0
35 3
35 5
72 0
35 5
37 12
72 2
39 5
39 3
72 1
39 5
39 5
37 10
35 8
32 5
32 3
32 5
32 5
32 10
36 8
35 5
37 3
72 0
39 5
35 7
32 8
72 0
36 8
72 1
35 5
35 3
72 1
35 5
35 5
72 0
37 12
39 5
72 0
39 3
39 5
72 0
39 5
37 10
72 0
35 8
72 1
32 5
32 3
72 1
32 5
32 5
32 10
36 8
35 5
37 3
39 5
35 7
35 8
35 8
52 8
49 7
45 5
72 0
54 5
72 0
45 3
49 5
72 0
45 5
72 0
51 5
51 5
72 0
47 3
47 5
72 0
44 5
72 0
56 5
44 3
72 1
45 3
44 3
42 3
72 1
41 3
40 12
72 0
44 8
E
X
