minor
S
H
62 2
72 8
63 2
72 8
63 2
72 6
64 2
72 2
63 2
72 2
64 2
72 2
65 2
72 6
64 2
72 2
66 2
67 2
68 2
72 2
57 2
72 10
59 2
72 6
60 2
72 8
62 2
72 2
59 2
72 2
57 2
72 2
56 2
72 6
59 2
E
S
H
42 2
72 8
43 2
72 8
43 2
72 6
44 2
72 2
43 2
72 2
44 2
72 2
45 2
72 6
44 2
72 2
45 2
46 2
47 2
72 2
33 2
72 2
40 2
72 2
39 2
72 2
40 2
72 2
42 2
72 2
40 2
72 2
43 2
72 2
40 2
72 6
40 2
72 2
35 2
72 2
32 2
72 2
28 2
72 6
40 2
E
S
L
28 2
72 10
28 2
72 10
28 2
72 12
32 2
72 8
64 2
72 2
63 2
72 2
62 2
72 2
59 2
72 6
56 2
72 6
52 2
72 12
50 2
E
S
L
11 0
72 7
11 0
72 7
11 0
72 7
11 0
72 7
11 0
72 7
11 0
72 7
11 0
72 7
14 0
72 4
14 0
72 4
11 0
72 11
11 0
72 11
11 0
72 4
14 0
72 4
14 0
72 4
14 0
72 4
14 11
E
X
