minor
S
H
72 13
72 6
72 12
36 4
31 4
38 4
39 4
43 4
39 4
38 4
31 11
36 4
31 4
38 4
39 4
43 4
39 4
38 4
31 11
34 4
29 4
36 4
38 4
41 4
38 4
36 4
29 11
34 4
29 4
36 4
38 4
41 4
38 4
36 4
29 11
32 4
27 4
34 4
36 4
39 4
36 4
34 4
27 11
32 4
27 4
34 4
36 4
39 4
36 4
34 4
27 11
35 4
31 4
38 4
39 4
43 4
39 4
38 4
31 11
35 4
31 4
38 4
39 4
43 4
39 4
38 4
31 11
36 4
31 4
38 4
39 4
43 4
39 4
38 4
31 11
36 4
31 4
38 4
39 4
43 4
39 4
38 4
31 11
34 4
29 4
36 4
38 4
41 4
38 4
36 4
29 11
34 4
29 4
36 4
38 4
41 4
38 4
36 4
29 11
32 4
27 4
34 4
36 4
39 4
36 4
34 4
27 11
32 4
27 4
34 4
36 4
39 4
36 4
34 4
27 11
35 4
31 4
38 4
39 4
43 4
39 4
38 4
31 11
35 4
31 4
38 4
39 4
43 4
39 4
38 4
31 11
36 4
31 4
38 4
39 4
43 4
39 4
38 4
31 11
36 4
31 4
38 4
39 4
43 4
39 4
38 4
31 11
34 4
29 4
36 4
38 4
41 4
38 4
36 4
29 11
34 4
29 4
36 4
38 4
41 4
38 4
36 4
29 11
32 4
27 4
34 4
36 4
39 4
36 4
34 4
27 11
32 4
27 4
34 4
36 4
39 4
36 4
34 4
27 11
35 4
31 4
38 4
39 4
43 4
39 4
38 4
31 11
35 4
31 4
38 4
39 4
43 4
39 4
38 4
31 11
32 4
27 4
34 4
36 4
39 13
34 4
29 4
36 4
38 4
41 13
36 4
31 4
38 4
39 4
43 13
36 4
31 4
38 4
39 4
43 13
34 4
29 4
36 4
38 4
41 13
34 4
29 4
36 4
38 4
41 13
32 4
27 4
34 4
36 4
39 13
32 4
27 4
34 4
36 4
39 13
35 4
31 4
38 4
39 4
43 13
35 4
31 4
38 4
39 4
43 13
36 4
31 4
38 4
39 4
43 13
36 4
31 4
38 4
39 4
43 13
34 4
29 4
36 4
38 4
41 13
34 4
29 4
36 4
38 4
41 13
32 4
27 4
34 4
36 4
39 13
32 4
27 4
34 4
36 4
39 13
35 4
31 4
38 4
39 4
43 13
35 4
31 4
38 4
39 4
43 13
36 4
31 4
38 4
39 4
43 4
39 4
38 4
31 11
36 4
31 4
38 4
39 4
43 4
39 4
38 4
31 11
34 4
29 4
36 4
38 4
41 4
38 4
36 4
29 11
34 4
29 4
36 4
38 4
41 4
38 4
36 4
29 11
32 4
27 4
34 4
36 4
39 4
36 4
34 4
27 11
32 4
27 4
34 4
36 4
39 4
36 4
34 4
27 11
35 4
31 4
38 4
39 4
43 4
39 4
38 4
31 11
35 4
31 4
38 4
39 4
43 4
39 4
38 4
31 11
36 4
31 4
38 4
39 4
43 4
39 4
38 4
31 11
36 4
31 4
38 4
39 4
43 4
39 4
38 4
31 11
34 4
29 4
36 4
38 4
41 4
38 4
36 4
29 11
34 4
29 4
36 4
38 4
41 4
38 4
36 4
29 11
32 4
27 4
34 4
36 4
39 4
36 4
34 4
27 11
32 4
27 4
34 4
36 4
39 4
36 4
34 4
27 11
35 4
31 4
38 4
39 4
43 4
39 4
38 4
31 11
35 4
31 4
38 4
39 4
43 4
39 4
38 4
31 11
36 4
31 4
38 4
39 4
43 4
39 4
38 4
31 11
36 4
31 4
38 4
39 4
43 4
39 4
38 4
31 11
34 4
29 4
36 4
38 4
41 4
38 4
36 4
29 11
34 4
29 4
36 4
38 4
41 4
38 4
36 4
29 11
32 4
27 4
34 4
36 4
39 4
36 4
34 4
27 11
32 4
27 4
34 4
36 4
39 4
36 4
34 4
27 11
35 4
31 4
38 4
39 4
43 4
39 4
38 4
31 11
35 4
31 4
38 4
39 4
43 4
39 4
38 4
31 11
32 4
27 4
34 4
36 4
39 13
34 4
29 4
36 4
38 4
41 13
36 4
31 4
38 4
39 4
43 13
36 4
31 4
38 4
39 4
43 13
34 4
29 4
36 4
38 4
41 13
34 4
29 4
36 4
38 4
41 13
32 4
27 4
34 4
36 4
39 13
32 4
27 4
34 4
36 4
39 13
35 4
31 4
38 4
39 4
43 13
35 4
31 4
38 4
39 4
43 13
36 4
31 4
38 4
39 4
43 13
36 4
31 4
38 4
39 4
43 13
34 4
29 4
36 4
38 4
41 13
34 4
29 4
36 4
38 4
41 13
32 4
27 4
34 4
36 4
39 13
32 4
27 4
34 4
36 4
39 13
35 4
31 4
38 4
39 4
43 13
35 4
31 4
38 4
39 4
43 13
36 4
31 4
38 4
39 4
43 4
39 4
38 4
31 11
36 4
31 4
38 4
39 4
43 4
39 4
38 4
31 11
34 4
29 4
36 4
38 4
41 4
38 4
36 4
29 11
34 4
29 4
36 4
38 4
41 4
38 4
36 4
29 11
E
S
L
72 13
72 6
72 12
12 14
10 14
8 14
7 14
12 14
10 14
8 14
7 14
12 14
10 14
8 14
7 14
8 13
10 13
12 14
10 14
8 14
7 14
12 14
10 14
8 14
7 14
12 14
10 14
8 14
7 14
12 14
10 14
8 14
7 14
12 14
10 14
8 14
7 14
8 13
10 13
12 14
10 14
8 14
7 14
12 14
10 14
8 14
7 14
12 14
10 14
8 7
E
S
H
72 13
72 6
72 14
54 0
55 3
72 1
62 4
63 14
55 4
62 4
63 4
65 14
62 4
63 4
62 4
60 14
60 4
59 4
62 4
67 14
54 0
55 3
72 1
62 4
63 4
65 4
67 14
65 4
67 4
70 4
60 4
62 4
67 14
67 4
65 4
67 4
60 13
60 4
58 4
60 4
56 13
58 4
60 4
62 13
67 11
71 13
68 0
69 10
72 2
60 13
62 13
67 4
62 4
63 4
60 4
62 4
70 4
60 4
68 4
70 4
67 4
68 4
65 4
67 4
62 4
63 4
60 4
62 4
58 4
60 4
56 4
58 4
55 4
56 4
53 4
55 4
62 4
63 4
60 4
62 4
70 4
60 4
68 4
70 4
67 4
68 4
65 4
67 4
62 4
63 4
60 4
62 4
58 4
60 4
56 4
58 4
55 4
56 4
53 4
55 4
62 4
63 4
60 4
62 4
70 4
60 4
68 4
70 4
67 4
68 4
65 4
67 4
62 4
63 4
60 4
62 4
58 4
60 4
56 4
58 4
55 4
56 4
53 4
55 4
62 4
63 4
60 4
62 4
71 4
60 4
69 4
71 4
67 4
68 4
65 4
67 4
62 4
63 4
60 4
62 4
59 4
60 4
57 4
59 4
55 4
56 4
53 4
55 4
62 4
63 4
60 4
62 4
70 4
60 4
68 4
70 4
67 4
68 4
65 4
67 4
62 4
63 4
60 4
62 4
58 4
60 4
56 4
58 4
55 4
56 4
53 4
55 4
62 4
63 4
60 4
62 4
70 4
60 4
68 4
70 4
67 4
68 4
65 4
67 4
62 4
63 4
60 4
62 4
58 4
60 4
56 4
58 4
55 4
56 4
53 4
55 4
62 4
63 4
60 4
62 4
70 4
60 4
68 4
70 4
67 4
68 4
65 4
67 4
62 4
63 4
60 4
62 4
58 4
60 4
56 4
58 4
55 4
56 4
53 4
55 4
62 4
63 4
60 4
62 4
71 4
60 4
69 4
71 4
67 4
68 4
65 4
67 4
62 4
63 4
60 4
62 4
59 4
60 4
57 4
59 4
53 0
55 2
72 0
53 2
72 0
51 2
72 0
53 2
72 0
51 2
72 0
50 2
72 0
51 13
72 14
54 0
55 3
72 1
62 4
63 14
55 4
62 4
63 4
65 14
62 4
63 4
62 4
60 14
60 4
59 4
62 4
67 14
54 0
55 3
72 1
62 4
63 4
65 4
67 14
65 4
67 4
70 4
60 4
62 4
67 14
67 4
65 4
67 4
60 13
60 4
58 4
60 4
56 13
58 4
60 4
62 13
67 11
71 13
68 0
69 10
72 2
60 13
62 13
67 4
62 4
63 4
60 4
62 4
70 4
60 4
68 4
70 4
67 4
68 4
65 4
67 4
62 4
63 4
60 4
62 4
58 4
60 4
56 4
58 4
55 4
56 4
53 4
55 4
62 4
63 4
60 4
62 4
70 4
60 4
68 4
70 4
67 4
68 4
65 4
67 4
62 4
63 4
60 4
62 4
58 4
60 4
56 4
58 4
55 4
56 4
53 4
55 4
62 4
63 4
60 4
62 4
70 4
60 4
68 4
70 4
67 4
68 4
65 4
67 4
62 4
63 4
60 4
62 4
58 4
60 4
56 4
58 4
55 4
56 4
53 4
55 4
62 4
63 4
60 4
62 4
71 4
60 4
69 4
71 4
67 4
68 4
65 4
67 4
62 4
63 4
60 4
62 4
59 4
60 4
57 4
59 4
55 4
56 4
53 4
55 4
62 4
63 4
60 4
62 4
70 4
60 4
68 4
70 4
67 4
68 4
65 4
67 4
62 4
63 4
60 4
62 4
58 4
60 4
56 4
58 4
55 4
56 4
53 4
55 4
62 4
63 4
60 4
62 4
70 4
60 4
68 4
70 4
67 4
68 4
65 4
67 4
62 4
63 4
60 4
62 4
58 4
60 4
56 4
58 4
55 4
56 4
53 4
55 4
62 4
63 4
60 4
62 4
70 4
60 4
68 4
70 4
67 4
68 4
65 4
67 4
62 4
63 4
60 4
62 4
58 4
60 4
56 4
58 4
55 4
56 4
53 4
55 4
62 4
63 4
60 4
62 4
71 4
60 4
69 4
71 4
67 4
68 4
65 4
67 4
62 4
63 4
60 4
62 4
59 4
60 4
57 4
59 4
53 0
55 2
72 0
53 2
72 0
51 2
72 0
53 2
72 0
51 2
72 0
50 2
72 0
51 13
E
S
H
72 13
72 6
72 12
43 14
41 14
39 14
43 14
36 13
39 13
41 11
43 13
38 13
36 14
39 11
38 13
41 13
43 14
41 11
39 13
41 13
38 11
39 13
43 13
39 11
38 13
35 13
32 13
34 13
43 14
41 14
39 14
43 14
36 13
39 13
41 11
43 13
38 13
36 14
39 11
38 13
41 13
43 14
41 14
39 14
43 14
36 13
39 13
41 11
43 13
38 13
36 14
39 11
38 13
41 13
43 14
41 11
39 13
41 13
38 11
39 13
43 13
39 11
38 13
35 13
32 13
34 13
43 14
41 14
39 14
43 14
36 13
39 13
41 11
43 13
38 13
36 14
39 11
38 13
41 13
43 14
41 14
39 7
E
S
H
72 13
72 13
36 4
31 4
38 4
39 4
43 4
39 4
38 4
31 11
36 4
31 4
38 4
39 4
43 4
39 4
38 4
31 11
34 4
29 4
36 4
38 4
41 4
38 4
36 4
29 11
34 4
29 4
36 4
38 4
41 4
38 4
36 4
29 11
32 4
27 4
34 4
36 4
39 4
36 4
34 4
27 11
32 4
27 4
34 4
36 4
39 4
36 4
34 4
27 11
35 4
31 4
38 4
39 4
43 4
39 4
38 4
31 11
35 4
31 4
38 4
39 4
43 4
39 4
38 4
31 11
36 4
31 4
38 4
39 4
43 4
39 4
38 4
31 11
36 4
31 4
38 4
39 4
43 4
39 4
38 4
31 11
34 4
29 4
36 4
38 4
41 4
38 4
36 4
29 11
34 4
29 4
36 4
38 4
41 4
38 4
36 4
29 11
32 4
27 4
34 4
36 4
39 4
36 4
34 4
27 11
32 4
27 4
34 4
36 4
39 4
36 4
34 4
27 11
35 4
31 4
38 4
39 4
43 4
39 4
38 4
31 11
35 4
31 4
38 4
39 4
43 4
39 4
38 4
31 11
36 4
31 4
38 4
39 4
43 4
39 4
38 4
31 11
36 4
31 4
38 4
39 4
43 4
39 4
38 4
31 11
34 4
29 4
36 4
38 4
41 4
38 4
36 4
29 11
34 4
29 4
36 4
38 4
41 4
38 4
36 4
29 11
32 4
27 4
34 4
36 4
39 4
36 4
34 4
27 11
32 4
27 4
34 4
36 4
39 4
36 4
34 4
27 11
35 4
31 4
38 4
39 4
43 4
39 4
38 4
31 11
35 4
31 4
38 4
39 4
43 4
39 4
38 4
31 11
32 4
27 4
34 4
36 4
39 13
34 4
29 4
36 4
38 4
41 13
36 4
31 4
38 4
39 4
43 13
36 4
31 4
38 4
39 4
43 13
34 4
29 4
36 4
38 4
41 13
34 4
29 4
36 4
38 4
41 13
32 4
27 4
34 4
36 4
39 13
32 4
27 4
34 4
36 4
39 13
35 4
31 4
38 4
39 4
43 13
35 4
31 4
38 4
39 4
43 13
36 4
31 4
38 4
39 4
43 13
36 4
31 4
38 4
39 4
43 13
34 4
29 4
36 4
38 4
41 13
34 4
29 4
36 4
38 4
41 13
32 4
27 4
34 4
36 4
39 13
32 4
27 4
34 4
36 4
39 13
35 4
31 4
38 4
39 4
43 13
35 4
31 4
38 4
39 4
43 13
36 4
31 4
38 4
39 4
43 4
39 4
38 4
31 11
36 4
31 4
38 4
39 4
43 4
39 4
38 4
31 11
34 4
29 4
36 4
38 4
41 4
38 4
36 4
29 11
34 4
29 4
36 4
38 4
41 4
38 4
36 4
29 11
32 4
27 4
34 4
36 4
39 4
36 4
34 4
27 11
32 4
27 4
34 4
36 4
39 4
36 4
34 4
27 11
35 4
31 4
38 4
39 4
43 4
39 4
38 4
31 11
35 4
31 4
38 4
39 4
43 4
39 4
38 4
31 11
36 4
31 4
38 4
39 4
43 4
39 4
38 4
31 11
36 4
31 4
38 4
39 4
43 4
39 4
38 4
31 11
34 4
29 4
36 4
38 4
41 4
38 4
36 4
29 11
34 4
29 4
36 4
38 4
41 4
38 4
36 4
29 11
32 4
27 4
34 4
36 4
39 4
36 4
34 4
27 11
32 4
27 4
34 4
36 4
39 4
36 4
34 4
27 11
35 4
31 4
38 4
39 4
43 4
39 4
38 4
31 11
35 4
31 4
38 4
39 4
43 4
39 4
38 4
31 11
36 4
31 4
38 4
39 4
43 4
39 4
38 4
31 11
36 4
31 4
38 4
39 4
43 4
39 4
38 4
31 11
34 4
29 4
36 4
38 4
41 4
38 4
36 4
29 11
34 4
29 4
36 4
38 4
41 4
38 4
36 4
29 11
32 4
27 4
34 4
36 4
39 4
36 4
34 4
27 11
32 4
27 4
34 4
36 4
39 4
36 4
34 4
27 11
35 4
31 4
38 4
39 4
43 4
39 4
38 4
31 11
35 4
31 4
38 4
39 4
43 4
39 4
38 4
31 11
32 4
27 4
34 4
36 4
39 13
34 4
29 4
36 4
38 4
41 13
36 4
31 4
38 4
39 4
43 13
36 4
31 4
38 4
39 4
43 13
34 4
29 4
36 4
38 4
41 13
34 4
29 4
36 4
38 4
41 13
32 4
27 4
34 4
36 4
39 13
32 4
27 4
34 4
36 4
39 13
35 4
31 4
38 4
39 4
43 13
35 4
31 4
38 4
39 4
43 13
36 4
31 4
38 4
39 4
43 13
36 4
31 4
38 4
39 4
43 13
34 4
29 4
36 4
38 4
41 13
34 4
29 4
36 4
38 4
41 13
32 4
27 4
34 4
36 4
39 13
32 4
27 4
34 4
36 4
39 13
35 4
31 4
38 4
39 4
43 13
35 4
31 4
38 4
39 4
43 13
36 4
31 4
38 4
39 4
43 4
39 4
38 4
31 11
36 4
31 4
38 4
39 4
43 4
39 4
38 4
31 11
34 4
29 4
36 4
38 4
41 4
38 4
36 4
29 11
34 4
29 4
36 4
38 4
41 4
38 4
36 4
29 11
32 7
E
S
L
72 13
72 13
19 14
72 14
12 14
19 14
72 14
12 14
19 14
E
S
L
72 13
72 11
12 14
10 14
8 14
7 14
12 14
10 14
8 14
7 14
12 14
10 14
8 14
7 14
8 13
10 13
12 14
10 14
8 14
7 14
12 14
10 14
8 14
7 14
12 14
10 14
8 14
7 14
12 14
10 14
8 14
7 14
12 14
10 14
8 14
7 14
8 13
10 13
12 14
10 14
8 14
7 14
12 14
10 14
8 14
7 14
12 14
10 14
8 7
E
S
L
72 13
72 11
11 0
72 4
11 0
72 4
11 0
72 4
11 0
72 12
18 0
72 4
18 0
72 4
18 0
72 4
184 0
72 4
184 0
72 4
11 0
72 4
11 0
72 4
30 0
72 5
30 0
72 5
30 0
72 5
30 0
72 5
30 0
72 8
11 0
72 4
11 0
72 4
11 0
72 4
11 0
72 12
18 0
72 4
18 0
72 4
18 0
72 4
184 0
72 4
184 0
72 4
11 0
72 4
11 0
72 4
30 0
72 5
30 0
72 5
30 0
72 5
30 0
72 5
30 0
72 8
11 0
72 4
11 0
72 4
11 0
72 4
11 0
72 12
18 0
72 4
18 0
72 4
18 0
72 4
184 0
72 4
184 0
72 4
11 0
72 4
11 0
72 4
30 0
72 5
30 0
72 5
30 0
72 5
30 0
72 5
30 0
72 8
11 0
72 4
11 0
72 4
11 0
72 4
11 0
72 12
18 0
72 4
18 0
72 4
18 0
72 4
184 0
72 4
184 0
72 4
11 0
72 4
11 0
72 4
30 0
72 5
30 0
72 5
30 0
72 5
30 0
72 5
30 0
72 8
11 0
72 4
11 0
72 4
11 0
72 4
11 0
72 12
18 0
72 4
18 0
72 4
18 0
72 4
184 0
72 4
184 0
72 4
11 0
72 4
11 0
72 4
30 0
72 5
30 0
72 5
30 0
72 5
30 0
72 5
30 0
72 8
11 0
72 4
11 0
72 4
11 0
72 4
11 0
72 12
18 0
72 4
18 0
72 4
18 0
72 4
184 0
72 4
184 0
72 4
11 0
72 4
11 0
72 4
30 0
72 5
30 0
72 5
30 0
72 5
30 0
72 5
30 0
72 8
11 0
72 4
11 0
72 4
11 0
72 4
11 0
72 12
18 0
72 4
18 0
72 4
18 0
72 4
184 0
72 4
184 0
72 4
11 0
72 4
11 0
72 4
30 0
72 5
30 0
72 5
30 0
72 5
30 0
72 5
30 0
72 8
11 0
72 4
11 0
72 4
11 0
72 4
11 0
72 12
18 0
72 4
18 0
72 4
18 0
72 4
184 0
72 4
184 0
72 4
11 0
72 4
11 0
72 4
30 0
72 5
30 0
72 5
30 0
72 5
30 0
72 5
30 0
72 8
11 0
72 4
11 0
72 4
11 0
72 4
11 0
72 12
18 0
72 4
18 0
72 4
18 0
72 4
184 0
72 4
184 0
72 4
11 0
72 4
11 0
72 4
30 0
72 5
30 0
72 5
30 0
72 5
30 0
72 5
30 0
72 8
11 0
72 4
11 0
72 4
11 0
72 4
11 0
72 12
18 0
72 4
18 0
72 4
18 0
72 4
184 0
72 4
184 0
72 4
11 0
72 4
11 0
72 4
30 0
72 5
30 0
72 5
30 0
72 5
30 0
72 5
30 0
72 8
11 0
72 4
11 0
72 4
11 0
72 4
11 0
72 12
18 0
72 4
18 0
72 4
18 0
72 4
184 0
72 4
184 0
72 4
11 0
72 4
11 0
72 4
30 0
72 5
30 0
72 5
30 0
72 5
30 0
72 5
30 0
72 8
11 0
72 4
11 0
72 4
11 0
72 4
11 0
72 12
18 0
72 4
18 0
72 4
18 0
72 4
184 0
72 4
184 0
72 4
11 0
72 4
11 0
72 4
30 0
72 5
30 0
72 5
30 0
72 5
30 0
72 5
30 0
72 14
30 0
72 5
30 0
72 5
30 0
72 5
30 0
72 5
30 0
72 8
11 0
72 4
11 0
72 4
11 0
72 4
11 0
72 12
18 0
72 4
18 0
72 4
18 0
72 4
184 0
72 4
184 0
72 4
11 0
72 4
11 0
72 4
30 0
72 5
30 0
72 5
30 0
72 5
30 0
72 5
30 0
72 8
11 0
72 4
11 0
72 4
11 0
72 4
11 0
72 12
18 0
72 4
18 0
72 4
18 0
72 4
184 0
72 4
184 0
72 4
11 0
72 4
11 0
72 4
30 0
72 5
30 0
72 5
30 0
72 5
30 0
72 5
30 0
72 8
11 0
72 4
11 0
72 4
11 0
72 4
11 0
72 12
18 0
72 4
18 0
72 4
18 0
72 4
184 0
72 4
184 0
72 4
11 0
72 4
11 0
72 4
30 0
72 5
30 0
72 5
30 0
72 5
30 0
72 5
30 0
72 8
11 0
72 4
11 0
72 4
11 0
72 4
11 0
72 12
18 0
72 4
18 0
72 4
18 0
72 4
184 0
72 4
184 0
72 4
11 0
72 4
11 0
72 4
30 0
72 5
30 0
72 5
30 0
72 5
30 0
72 5
30 0
72 8
11 0
72 4
11 0
72 4
11 0
72 4
11 0
72 12
18 0
72 4
18 0
72 4
18 0
72 4
184 0
72 4
184 0
72 4
11 0
72 4
11 0
72 4
30 0
72 5
30 0
72 5
30 0
72 5
30 0
72 5
30 0
72 8
11 0
72 4
11 0
72 4
11 0
72 4
11 0
72 12
18 0
72 4
18 0
72 4
18 0
72 4
184 0
72 4
184 0
72 4
11 0
72 4
11 0
72 4
30 0
72 5
30 0
72 5
30 0
72 5
30 0
72 5
30 0
72 8
11 0
72 4
11 0
72 4
11 0
72 4
11 0
72 12
18 0
72 4
18 0
72 4
18 0
72 4
184 0
72 4
184 0
72 4
11 0
72 4
11 0
72 4
30 0
72 5
30 0
72 5
30 0
72 5
30 0
72 5
30 0
72 8
11 0
72 4
11 0
72 4
11 0
72 4
11 0
72 12
18 0
72 4
18 0
72 4
18 0
72 4
184 0
72 4
184 0
72 4
11 0
72 4
11 0
72 4
30 0
72 5
30 0
72 5
30 0
72 5
30 0
72 5
30 0
72 8
11 0
72 4
11 0
72 4
11 0
72 4
11 0
72 12
18 0
72 4
18 0
72 4
18 0
72 4
184 0
72 4
184 0
72 4
11 0
72 4
11 0
72 4
30 0
72 5
30 0
72 5
30 0
72 5
30 0
72 5
30 0
72 8
11 0
72 4
11 0
72 4
11 0
72 4
11 0
72 12
18 0
72 4
18 0
72 4
18 0
72 4
184 0
72 4
184 0
72 4
11 0
72 4
11 0
72 4
30 0
72 5
30 0
72 5
30 0
72 5
30 0
72 5
30 0
72 8
11 0
72 4
11 0
72 4
11 0
72 4
11 0
72 12
18 0
72 4
18 0
72 4
18 0
72 4
184 0
72 4
184 0
72 4
11 0
72 4
11 0
72 4
30 0
72 5
30 0
72 5
30 0
72 5
30 0
72 5
30 0
72 8
11 0
72 4
11 0
72 4
11 0
72 4
11 0
72 12
18 0
72 4
18 0
72 4
18 0
72 4
184 0
72 4
184 0
72 4
11 0
72 4
11 0
72 4
30 0
72 5
30 0
72 5
30 0
72 5
30 0
72 5
30 0
72 8
11 0
72 4
11 0
72 4
11 0
72 4
11 0
72 12
18 0
72 4
18 0
72 4
18 0
72 4
184 0
72 4
184 0
72 4
11 0
72 4
11 0
72 4
30 0
72 5
30 0
72 5
30 0
72 5
30 0
72 5
30 0
72 8
11 0
72 4
11 0
72 4
11 0
72 4
11 0
72 12
18 0
72 4
18 0
72 4
18 0
72 4
184 0
72 4
184 0
72 4
11 0
72 4
11 0
72 4
30 0
72 5
30 0
72 5
30 0
72 5
30 0
72 5
30 0
72 8
11 0
72 4
11 0
72 4
11 0
72 4
11 0
72 12
18 0
72 4
18 0
72 4
18 0
72 4
184 0
72 4
184 0
72 4
11 0
72 4
11 0
72 4
30 0
72 5
30 0
72 5
30 0
72 5
30 0
72 5
30 0
72 8
11 0
72 4
11 0
72 4
11 0
72 4
11 0
72 12
18 0
72 4
18 0
72 4
18 0
72 4
184 0
72 4
184 0
72 4
11 0
72 4
11 0
72 4
30 0
72 5
30 0
72 5
30 0
72 5
30 0
72 5
30 0
72 14
30 0
72 5
30 0
72 5
30 0
72 5
30 0
72 5
30 0
72 8
11 0
72 4
11 0
72 4
11 0
72 4
11 0
72 12
18 0
72 4
18 0
72 4
18 0
72 4
184 0
72 4
184 0
72 4
11 0
72 4
11 0
72 4
30 0
72 5
30 0
72 5
30 0
72 5
30 0
72 5
30 0
72 8
11 0
72 4
11 0
72 4
11 0
72 4
11 0
72 12
18 0
72 4
18 0
72 4
18 0
72 4
184 0
72 4
184 0
72 4
11 0
72 4
11 0
72 4
30 0
72 5
30 0
72 5
30 0
72 5
30 0
72 5
30 0
72 8
11 0
72 4
11 0
72 4
11 0
72 4
11 0
72 12
18 0
72 4
18 0
72 4
18 0
72 4
184 0
72 4
184 0
72 4
11 0
72 4
11 0
72 4
30 0
72 5
30 0
72 5
30 0
72 5
30 0
72 5
30 0
72 8
11 0
72 4
11 0
72 4
11 0
72 4
11 0
72 12
18 0
72 4
18 0
72 4
18 0
72 4
184 0
72 4
184 0
72 4
11 0
72 4
11 0
72 4
30 0
72 5
30 0
72 5
30 0
72 5
30 0
72 5
30 0
72 8
11 0
72 4
11 0
72 4
11 0
72 4
11 0
72 12
18 0
72 4
18 0
72 4
18 0
72 4
184 0
72 4
184 0
72 4
11 0
72 4
11 0
72 4
30 0
72 5
30 0
72 5
30 0
72 5
30 0
72 5
30 0
72 8
11 0
72 4
11 0
72 4
11 0
72 4
11 0
72 12
18 0
72 4
18 0
72 4
18 0
72 4
184 0
72 4
184 0
72 4
11 0
72 4
11 0
72 4
30 0
72 5
30 0
72 5
30 0
72 5
30 0
72 5
30 0
72 8
11 7
E
S
L
72 13
72 11
11 0
72 4
11 0
72 4
11 0
72 4
11 0
72 13
11 0
72 4
11 0
72 4
11 0
72 4
11 0
72 13
11 0
72 4
11 0
72 4
11 0
72 4
11 0
72 13
11 0
72 4
11 0
72 4
11 0
72 4
11 0
72 13
11 0
72 4
11 0
72 4
11 0
72 4
11 0
72 13
11 0
72 4
11 0
72 4
11 0
72 4
11 0
72 13
11 0
72 4
11 0
72 4
11 0
72 4
11 0
72 13
11 0
72 4
11 0
72 4
11 0
72 4
11 0
72 13
11 0
72 4
11 0
72 4
11 0
72 4
11 0
72 13
11 0
72 4
11 0
72 4
11 0
72 4
11 0
72 13
11 0
72 4
11 0
72 4
11 0
72 4
11 0
72 13
11 0
72 4
11 0
72 4
11 0
72 4
11 0
72 13
11 0
72 4
11 0
72 4
11 0
72 4
11 0
72 13
11 0
72 4
11 0
72 4
11 0
72 4
11 0
72 13
11 0
72 4
11 0
72 4
11 0
72 4
11 0
72 13
11 0
72 4
11 0
72 4
11 0
72 4
11 0
72 13
11 0
72 4
11 0
72 4
11 0
72 4
11 0
72 13
11 0
72 4
11 0
72 4
11 0
72 4
11 0
72 13
11 0
72 4
11 0
72 4
11 0
72 4
11 0
72 13
11 0
72 4
11 0
72 4
11 0
72 4
11 0
72 13
11 0
72 4
11 0
72 4
11 0
72 4
11 0
72 13
11 0
72 4
11 0
72 4
11 0
72 4
11 0
72 13
11 0
72 4
11 0
72 4
11 0
72 4
11 0
72 13
11 0
72 4
11 0
72 4
11 0
72 4
11 0
72 14
11 0
72 4
11 0
72 4
11 0
72 4
11 0
72 13
11 0
72 4
11 0
72 4
11 0
72 4
11 0
72 13
11 0
72 4
11 0
72 4
11 0
72 4
11 0
72 13
11 0
72 4
11 0
72 4
11 0
72 4
11 0
72 13
11 0
72 4
11 0
72 4
11 0
72 4
11 0
72 13
11 0
72 4
11 0
72 4
11 0
72 4
11 0
72 13
11 0
72 4
11 0
72 4
11 0
72 4
11 0
72 13
11 0
72 4
11 0
72 4
11 0
72 4
11 0
72 13
11 0
72 4
11 0
72 4
11 0
72 4
11 0
72 13
11 0
72 4
11 0
72 4
11 0
72 4
11 0
72 13
11 0
72 4
11 0
72 4
11 0
72 4
11 0
72 13
11 0
72 4
11 0
72 4
11 0
72 4
11 0
72 13
11 0
72 4
11 0
72 4
11 0
72 4
11 0
72 13
11 0
72 4
11 0
72 4
11 0
72 4
11 0
72 13
11 0
72 4
11 0
72 4
11 0
72 4
11 0
72 13
11 0
72 4
11 0
72 4
11 0
72 4
11 0
72 13
11 0
72 4
11 0
72 4
11 0
72 4
11 0
72 13
11 0
72 4
11 0
72 4
11 0
72 4
11 0
72 13
11 0
72 4
11 0
72 4
11 0
72 4
11 0
72 13
11 0
72 4
11 0
72 4
11 0
72 4
11 0
72 13
11 0
72 4
11 0
72 4
11 0
72 4
11 0
72 13
11 0
72 4
11 0
72 4
11 0
72 4
11 0
72 13
11 0
72 4
11 0
72 4
11 0
72 4
11 0
72 13
11 0
72 4
11 0
72 4
11 0
72 4
11 0
72 13
11 0
72 4
11 0
72 4
11 0
72 4
11 0
72 13
11 0
72 4
11 0
72 4
11 0
72 4
11 0
72 13
11 0
72 4
11 0
72 4
11 0
72 4
11 0
72 13
11 0
72 4
11 0
72 4
11 0
72 4
11 0
72 13
11 0
72 4
11 0
72 4
11 0
72 4
11 0
72 13
11 0
72 4
11 0
72 4
11 0
72 4
11 0
72 13
11 0
72 4
11 0
72 4
11 0
72 4
11 0
72 13
11 0
72 4
11 0
72 4
11 0
72 4
11 0
72 14
11 0
72 4
11 0
72 4
11 0
72 4
11 0
72 13
11 0
72 4
11 0
72 4
11 0
72 4
11 0
72 13
11 0
72 4
11 0
72 4
11 0
72 4
11 0
72 13
11 0
72 4
11 0
72 4
11 0
72 4
11 0
72 13
11 0
72 4
11 0
72 4
11 0
72 4
11 0
72 13
11 0
72 4
11 0
72 4
11 0
72 4
11 0
72 13
11 0
72 4
11 0
72 4
11 0
72 4
11 0
72 13
11 0
72 4
11 0
72 4
11 0
72 4
11 0
72 13
11 0
72 4
11 0
72 4
11 0
72 4
11 0
72 13
11 0
72 4
11 0
72 4
11 0
72 4
11 0
72 13
11 0
72 4
11 0
72 4
11 0
72 4
11 0
72 13
11 0
72 4
11 0
72 4
11 0
72 4
11 0
72 13
11 7
E
X
