minor
S
L
72 11
19 4
19 4
72 4
19 2
19 2
72 0
19 4
19 4
72 4
19 2
72 2
19 2
19 4
19 4
72 6
19 2
19 2
72 0
14 4
14 4
72 4
14 2
14 2
72 0
19 4
19 4
72 4
19 2
19 2
72 0
19 4
19 4
72 4
19 2
19 2
72 0
19 4
72 1
19 4
72 2
19 2
19 2
72 0
14 4
14 4
72 4
14 2
14 2
72 0
19 4
72 4
19 4
72 4
19 4
72 4
19 4
72 4
19 4
72 4
19 4
72 4
19 4
72 4
19 4
72 4
19 4
72 4
19 4
72 4
19 4
72 4
19 4
72 4
19 4
72 4
19 4
72 4
19 4
72 4
19 4
72 4
19 4
72 4
19 4
72 4
19 4
72 4
19 4
72 4
19 4
72 4
19 4
72 4
19 4
72 4
19 4
72 4
19 4
72 4
19 4
72 4
19 4
72 4
19 4
72 4
19 4
72 4
19 4
72 4
19 4
72 4
19 4
72 4
19 4
72 4
19 4
72 4
19 4
72 4
19 4
72 4
19 4
72 4
19 4
72 4
19 4
72 4
19 4
72 4
19 4
72 4
19 4
72 4
19 4
72 4
19 4
72 4
19 4
72 4
19 4
72 4
19 4
72 4
17 4
72 4
16 4
72 4
16 4
72 4
16 4
72 4
16 4
72 4
15 4
72 4
15 4
72 4
15 4
72 4
15 4
72 4
14 4
72 4
14 4
72 4
14 4
72 4
14 4
72 4
14 4
72 4
14 4
72 4
14 4
72 4
14 4
72 14
19 4
72 4
19 4
72 4
19 4
72 4
19 4
72 4
19 4
72 4
19 4
72 4
19 4
72 4
19 4
72 4
19 4
72 4
19 4
72 4
19 4
72 4
19 4
72 4
19 4
72 4
19 4
72 4
19 4
72 4
19 4
72 4
19 4
72 4
19 4
72 4
19 4
72 4
19 4
72 4
19 4
72 4
19 4
72 4
19 4
72 4
19 4
72 4
19 4
72 4
19 4
72 4
19 4
72 4
19 4
72 4
19 4
72 4
19 4
72 4
19 4
72 4
19 4
72 4
19 4
72 4
19 4
72 4
19 4
72 4
19 4
72 4
19 4
72 4
19 4
72 4
19 4
72 4
19 4
72 4
19 4
72 4
19 4
72 4
19 4
72 4
19 4
72 4
19 4
72 4
19 4
72 4
19 4
72 4
19 4
72 4
19 4
72 4
19 4
72 4
19 4
72 4
19 4
72 4
19 4
72 4
19 4
72 4
19 4
72 4
19 4
72 4
19 4
72 4
19 4
72 4
19 4
72 4
19 4
72 4
19 4
72 4
19 4
72 4
19 4
72 4
19 4
72 4
19 4
72 4
19 4
72 4
19 4
72 4
19 4
72 4
19 4
72 4
19 4
72 4
19 4
72 4
19 4
72 4
19 4
72 4
19 4
72 4
19 4
72 4
19 4
72 4
19 4
72 4
19 4
72 4
19 4
72 4
19 4
72 4
19 4
72 4
19 4
72 4
19 4
72 4
19 4
72 4
19 4
72 4
19 4
72 4
19 4
72 4
19 4
72 4
19 4
72 4
19 4
72 4
19 4
72 4
19 4
72 4
19 4
72 4
19 4
72 4
19 4
72 4
19 4
72 4
19 4
72 4
19 4
72 4
19 4
72 4
19 4
72 4
19 4
72 4
19 4
72 4
19 4
72 4
19 4
72 4
19 4
72 4
19 4
72 4
19 4
72 4
19 4
72 4
19 4
72 4
19 4
72 4
19 4
72 4
19 4
72 4
19 4
19 4
72 4
19 2
72 2
19 2
19 4
19 4
72 6
19 2
19 2
72 0
19 4
19 4
72 4
19 2
19 2
72 0
14 4
14 4
72 4
14 2
14 2
72 0
19 4
19 4
72 4
19 2
19 2
72 0
19 4
72 1
19 4
72 2
19 2
19 2
72 0
19 4
19 4
72 4
19 2
19 2
72 0
14 4
14 4
72 4
14 2
72 2
14 2
19 4
72 4
19 4
72 4
19 4
72 4
19 4
E
S
H
72 11
43 7
67 7
72 3
43 7
67 7
72 3
43 7
67 7
72 3
38 7
62 7
72 3
43 7
67 7
72 3
43 7
67 7
72 0
43 7
67 7
72 3
38 7
62 7
72 3
43 7
67 7
72 14
43 7
67 7
72 3
38 7
62 7
72 3
36 7
60 7
72 14
43 7
67 7
72 0
38 7
62 7
72 3
38 7
62 7
40 7
64 7
42 7
66 7
187 7
72 14
43 7
38 7
41 7
43 7
38 7
41 7
43 7
41 7
72 14
36 7
31 7
34 7
36 7
38 7
39 7
41 7
72 7
187 7
72 11
187 7
72 11
43 7
38 7
43 7
67 7
72 14
43 7
67 7
72 3
38 7
62 7
72 14
43 7
67 7
72 0
38 7
62 7
72 14
43 7
67 7
72 3
43 7
67 7
72 3
43 7
67 7
72 3
38 7
62 7
72 3
43 7
67 7
72 0
43 7
67 7
72 3
43 7
67 7
72 3
38 7
62 7
72 3
43 7
67 7
E
S
L
72 14
43 2
72 0
228 2
135 2
187 2
72 0
132 2
72 0
187 2
228 2
72 2
135 2
223 2
72 0
135 2
187 2
228 2
72 0
195 2
72 0
228 2
72 0
135 2
187 2
72 0
228 2
72 0
195 2
132 2
223 2
72 0
135 2
72 0
223 2
195 2
132 2
72 0
187 2
72 0
132 2
223 2
195 2
72 0
228 2
72 0
195 2
132 2
223 2
72 0
195 2
72 0
228 2
135 2
72 2
187 2
132 2
72 0
187 2
228 2
135 2
72 0
223 2
72 0
135 2
72 0
187 2
228 2
72 0
195 2
72 0
228 2
135 2
187 2
72 0
228 2
72 0
195 2
132 2
223 2
72 0
135 2
72 0
223 2
195 2
132 2
72 0
187 2
72 0
132 2
223 2
195 2
72 0
228 2
72 0
195 2
132 2
72 2
223 2
195 2
72 0
228 2
135 2
187 2
72 0
132 2
72 0
187 2
72 0
228 2
135 2
72 0
223 2
72 0
135 2
187 2
228 2
72 0
195 2
72 0
228 2
135 2
187 2
72 0
228 2
72 0
195 2
132 2
223 2
72 0
135 2
72 0
223 2
195 2
132 2
72 0
187 2
72 0
132 2
223 2
72 2
195 2
228 2
72 0
195 2
132 2
223 2
72 0
195 2
72 0
228 2
72 0
135 2
187 2
72 0
132 2
72 0
187 2
228 2
135 2
72 0
223 2
72 0
135 2
187 2
228 2
72 0
195 2
72 0
228 2
135 2
187 2
72 0
228 2
72 0
195 2
132 2
223 2
72 0
135 2
72 0
223 2
195 2
72 2
132 2
187 2
72 0
132 2
223 2
195 2
72 0
228 2
72 0
195 2
72 0
132 2
223 2
72 0
195 2
72 0
228 2
135 2
187 2
72 0
132 2
72 0
187 2
228 2
135 2
72 0
223 2
72 0
135 2
187 2
228 2
72 0
195 2
72 0
228 2
135 2
187 2
72 0
228 2
72 0
195 2
132 2
72 2
223 2
135 2
72 0
223 2
195 2
132 2
72 0
187 2
72 0
132 2
72 0
223 2
195 2
72 0
228 2
72 0
195 2
132 2
223 2
72 0
195 2
72 0
228 2
135 2
187 2
72 0
132 2
72 0
187 2
228 2
135 2
72 0
223 2
72 0
135 2
187 2
228 2
72 0
195 2
72 0
228 2
135 2
72 2
187 2
228 2
72 0
195 2
132 2
223 2
72 0
135 2
72 0
223 2
72 0
195 2
132 2
72 0
187 2
72 0
132 2
223 2
195 2
72 0
228 2
72 0
195 2
132 2
223 2
72 0
195 2
72 0
228 2
135 2
187 2
72 0
132 2
72 0
187 2
228 2
135 2
72 0
223 2
72 0
135 2
187 2
72 2
228 2
195 2
72 0
228 2
135 2
187 2
72 0
228 2
72 0
195 2
72 0
132 2
223 2
72 0
135 2
72 0
223 2
195 2
132 2
72 0
187 2
72 0
132 2
223 2
195 2
72 0
228 2
72 0
195 2
132 2
223 2
72 0
195 2
72 0
228 2
135 2
187 2
72 0
132 2
72 0
187 2
228 2
72 2
135 2
223 2
72 0
135 2
187 2
228 2
72 0
195 2
72 0
228 2
72 0
135 2
187 2
72 0
228 2
72 0
195 2
132 2
223 2
72 0
135 2
72 0
223 2
195 2
132 2
72 0
187 2
72 0
132 2
223 2
195 2
72 0
228 2
72 0
195 2
132 2
223 2
72 0
10 2
72 14
43 2
72 0
228 2
135 2
187 2
72 0
132 2
72 0
187 2
72 0
228 2
135 2
72 0
223 2
72 0
135 2
187 2
228 2
72 0
195 2
72 0
228 2
135 2
187 2
E
S
L
72 14
31 2
72 1
29 2
72 3
31 2
72 1
29 2
72 3
31 2
72 1
32 2
72 3
29 2
72 4
25 2
72 0
31 2
72 1
29 2
72 3
31 2
72 1
34 2
72 3
29 2
72 1
32 2
72 3
29 2
72 1
25 2
72 3
31 2
72 1
29 2
72 3
31 2
72 1
29 2
72 3
31 2
72 4
32 2
72 0
29 2
72 1
25 2
72 3
31 2
72 1
34 2
72 3
31 2
72 1
32 2
72 3
31 2
72 1
29 2
72 3
32 2
72 1
29 2
72 3
31 2
72 1
29 2
72 3
31 2
72 4
29 2
72 0
31 2
72 1
32 2
72 3
29 2
72 1
25 2
72 3
31 2
72 1
29 2
72 3
31 2
72 1
34 2
72 3
29 2
72 1
32 2
72 3
29 2
72 1
25 2
72 3
31 2
72 4
29 2
72 0
31 2
72 1
29 2
72 3
31 2
72 1
32 2
72 3
29 2
72 1
25 2
72 3
31 2
72 1
34 2
72 3
31 2
72 1
32 2
72 3
31 2
72 1
29 2
72 3
32 2
72 4
29 2
72 0
31 2
72 1
29 2
72 3
31 2
72 1
29 2
72 3
31 2
72 1
32 2
72 3
29 2
72 1
25 2
72 3
31 2
72 1
29 2
72 3
31 2
72 1
34 2
72 3
29 2
72 4
32 2
72 0
29 2
72 1
25 2
72 3
31 2
72 1
29 2
72 3
31 2
72 1
29 2
72 3
31 2
72 1
32 2
72 3
29 2
72 1
25 2
72 3
31 2
72 1
34 2
72 3
31 2
72 4
32 2
72 0
31 2
72 1
29 2
72 3
32 2
72 1
29 2
72 3
31 2
72 1
29 2
72 3
31 2
72 1
29 2
72 3
31 2
72 1
32 2
72 3
29 2
72 1
25 2
72 3
31 2
72 4
29 2
72 0
31 2
72 1
34 2
72 3
29 2
72 1
32 2
72 3
29 2
72 1
25 2
72 3
31 2
72 1
29 2
72 3
31 2
72 1
29 2
72 3
31 2
72 1
32 2
72 3
29 2
72 4
25 2
72 0
31 2
72 1
34 2
72 3
31 2
72 1
32 2
72 3
31 2
72 1
29 2
72 3
32 2
72 1
29 2
72 3
31 2
72 1
29 2
72 3
31 2
72 1
29 2
72 3
31 2
72 4
32 2
72 0
29 2
72 1
25 2
72 3
31 2
72 1
29 2
72 3
31 2
72 1
34 2
72 3
29 2
72 1
32 2
72 3
29 2
72 1
25 2
72 3
31 2
72 1
29 2
72 3
31 2
72 4
29 2
72 0
31 2
72 1
32 2
72 3
29 2
72 1
25 2
72 3
31 2
72 1
34 2
72 3
31 2
72 1
32 2
72 3
31 2
72 1
29 2
72 3
32 2
72 1
29 2
72 3
31 2
72 4
29 2
72 0
31 2
72 1
29 2
72 3
31 2
72 1
32 2
72 3
29 2
72 1
25 2
72 3
31 2
72 1
29 2
72 3
31 2
72 1
34 2
72 3
29 2
72 1
32 2
72 3
29 2
72 4
25 2
72 0
31 2
72 1
29 2
72 3
31 2
72 1
29 2
72 3
31 2
72 1
32 2
72 3
29 2
72 1
25 2
72 3
31 2
72 1
34 2
72 3
31 2
72 1
32 2
72 3
31 2
72 4
29 2
72 0
32 2
72 1
29 2
E
S
H
72 14
43 13
50 13
49 13
45 13
43 13
53 13
52 13
72 1
48 13
45 12
72 2
43 7
38 12
39 7
41 9
72 4
43 13
48 7
46 7
45 12
72 2
43 7
50 12
48 7
45 13
41 13
45 12
72 2
43 7
38 12
39 7
41 9
72 4
43 13
48 7
46 7
45 12
72 2
43 7
50 12
48 7
53 13
51 11
53 11
E
S
H
72 11
132 4
72 4
132 4
72 9
106 4
72 4
132 4
72 4
132 4
72 4
171 4
147 4
72 7
132 4
72 4
132 4
72 9
106 4
72 4
132 4
72 4
132 4
72 4
171 4
147 4
72 14
132 4
72 11
106 4
72 0
132 4
72 11
106 4
72 0
132 4
72 4
132 4
72 14
132 4
72 4
132 4
72 9
106 4
72 4
132 4
72 4
132 4
72 4
171 4
147 4
72 7
132 4
72 4
132 4
72 9
106 4
72 4
132 4
72 4
132 4
72 4
171 4
147 4
E
X
