minor
S
L
72 11
23 2
11 4
11 2
21 2
9 4
9 2
11 2
11 2
72 2
11 6
11 4
23 2
11 2
72 2
11 6
11 4
11 2
11 2
72 2
11 6
11 4
23 2
11 2
72 2
11 6
11 4
11 2
11 2
72 2
11 6
11 4
23 2
11 2
72 2
11 6
11 4
11 2
11 2
72 2
11 6
11 4
23 2
11 2
72 2
11 6
11 4
11 2
11 2
72 2
11 6
11 4
23 2
11 2
72 2
11 6
11 4
11 2
11 2
72 2
11 6
11 4
23 2
11 2
72 2
11 6
11 4
11 2
11 2
72 2
11 6
11 4
23 2
11 2
72 2
11 6
11 4
11 2
11 2
72 2
11 6
11 4
23 2
11 2
72 2
11 6
11 4
14 2
14 2
72 2
14 6
14 4
26 2
14 2
72 2
14 6
14 4
14 2
14 2
72 2
14 6
14 4
26 2
14 2
72 2
14 6
14 4
14 2
14 2
72 2
14 6
14 4
26 2
14 2
72 2
14 6
14 4
14 2
14 2
72 2
14 6
14 4
26 2
14 2
72 2
14 6
14 4
14 2
14 2
72 2
14 6
14 4
26 2
14 2
72 2
14 6
14 4
14 2
14 2
72 2
14 6
14 4
26 2
14 2
72 2
14 6
14 4
14 2
14 2
72 2
14 6
14 4
26 2
14 2
72 2
14 6
14 4
14 2
14 2
72 2
14 6
14 4
26 2
14 2
72 2
14 6
14 4
9 2
9 2
72 2
9 6
9 4
21 2
9 2
72 2
9 6
9 4
9 2
9 2
72 2
9 6
9 4
21 2
9 2
72 2
9 6
9 4
9 2
9 2
72 2
9 6
9 4
21 2
9 2
72 2
9 6
9 4
9 2
9 2
72 2
9 6
9 4
21 2
9 2
72 2
9 6
9 4
16 2
16 2
72 2
16 6
16 4
28 2
16 2
72 2
16 6
16 4
16 2
16 2
72 2
16 6
16 4
28 2
16 2
72 2
16 6
16 4
16 2
16 2
72 2
16 6
16 4
28 2
16 2
72 2
16 6
16 4
16 2
16 2
72 2
16 6
16 4
28 2
16 2
72 2
16 6
16 4
9 2
9 2
72 2
9 6
9 4
21 2
9 2
72 2
9 6
9 4
9 2
9 2
72 2
9 6
9 4
21 2
9 2
72 2
9 6
9 4
9 2
9 2
72 2
9 6
9 4
21 2
9 2
72 2
9 6
9 4
9 2
9 2
72 2
9 6
9 4
21 2
9 2
72 2
9 6
9 4
16 2
16 2
72 2
16 6
16 4
28 2
16 2
72 2
16 6
16 4
16 2
16 2
72 2
16 6
16 4
28 2
16 2
72 2
16 6
16 4
16 2
16 2
72 2
16 6
16 4
28 2
16 2
72 2
16 6
16 4
16 2
16 2
72 2
16 6
16 4
28 2
16 2
72 2
16 6
16 4
11 2
11 2
72 2
11 6
11 4
23 2
11 2
72 2
11 6
11 4
11 2
11 2
72 2
11 6
11 4
23 2
11 2
72 2
11 6
11 4
11 2
11 2
72 2
11 6
11 4
23 2
11 2
72 2
11 6
11 4
11 2
11 2
72 2
11 6
11 4
23 2
11 2
72 2
11 6
11 4
11 2
11 2
72 2
11 6
11 4
23 2
11 2
72 2
11 6
11 4
11 2
11 2
72 2
11 6
11 4
23 2
11 2
72 2
11 6
11 4
11 2
11 2
72 2
11 6
11 4
23 2
11 2
72 2
11 6
11 4
11 2
11 2
72 2
11 6
11 4
23 2
11 2
72 2
11 6
11 4
14 2
14 2
72 2
14 6
14 4
26 2
14 2
72 2
14 6
14 4
14 2
14 2
72 2
14 6
14 4
26 2
14 2
72 2
14 6
14 4
14 2
14 2
72 2
14 6
14 4
26 2
14 2
72 2
14 6
14 4
14 2
14 2
72 2
14 6
14 4
26 2
14 2
72 2
14 6
14 4
14 2
14 2
72 2
14 6
14 4
26 2
14 2
72 2
14 6
14 4
14 2
14 2
72 2
14 6
14 4
26 2
14 2
72 2
14 6
14 4
14 2
14 2
72 2
14 6
14 4
26 2
14 2
72 2
14 6
14 4
14 2
14 2
72 2
14 4
14 4
72 2
14 4
72 2
13 4
72 2
12 4
E
S
H
47 2
72 4
46 2
72 4
45 2
72 4
44 2
72 4
43 2
72 2
42 2
72 2
47 9
72 14
52 2
54 2
50 2
52 2
47 9
72 14
52 2
54 2
50 2
52 2
47 9
72 14
47 6
72 6
47 6
72 14
47 6
72 6
47 6
72 14
50 6
72 6
50 6
72 14
50 6
72 6
50 6
E
S
H
72 14
62 2
64 2
65 7
72 11
60 7
71 7
72 4
67 7
72 4
64 7
62 7
72 14
62 2
64 2
65 7
72 11
60 7
62 7
72 4
71 7
72 4
60 7
69 7
72 14
57 7
72 11
55 2
57 2
59 7
72 11
57 2
59 2
60 7
72 11
59 2
60 2
62 7
72 11
60 2
62 2
64 7
72 11
62 2
64 2
66 7
72 11
64 2
66 2
67 7
72 11
66 2
67 2
69 7
72 11
67 2
69 2
71 7
E
S
H
72 14
45 4
72 2
45 4
72 2
45 4
72 2
45 4
72 2
45 4
72 4
47 4
72 2
47 4
72 2
47 4
72 2
47 4
72 2
47 4
72 4
48 4
72 2
48 4
72 2
48 4
72 2
48 4
72 2
48 4
72 4
50 4
72 2
50 4
72 2
50 4
72 2
50 4
72 2
50 4
72 4
52 4
72 2
52 4
72 2
52 4
72 2
52 4
72 2
52 4
72 4
54 4
72 2
54 4
72 2
54 4
72 2
54 4
72 2
54 4
72 4
55 4
72 2
55 4
72 2
55 4
72 2
55 4
72 2
55 4
72 4
57 4
72 2
57 4
72 2
57 4
72 2
57 4
72 2
57 4
72 4
45 4
72 2
45 4
72 2
45 4
72 2
45 4
72 2
45 4
72 4
47 4
72 2
47 4
72 2
47 4
72 2
47 4
72 2
47 4
72 4
48 4
72 2
48 4
72 2
48 4
72 2
48 4
72 2
48 4
72 4
50 4
72 2
50 4
72 2
50 4
72 2
50 4
72 2
50 4
72 4
52 4
72 2
52 4
72 2
52 4
72 2
52 4
72 2
52 4
72 4
54 4
72 2
54 4
72 2
54 4
72 2
54 4
72 2
54 4
72 4
55 4
72 2
55 4
72 2
55 4
72 2
55 4
72 2
55 4
72 4
57 4
72 2
57 4
72 2
57 4
72 2
57 4
72 2
57 4
72 4
47 4
72 2
47 4
72 2
50 4
72 2
50 4
72 2
52 4
72 2
52 4
72 2
47 4
72 2
47 4
72 2
50 4
72 2
50 4
57 4
72 2
57 4
56 4
72 2
56 4
72 2
52 4
72 2
52 4
72 2
54 4
72 2
54 4
72 2
50 4
72 2
50 4
72 2
52 4
72 2
52 4
54 4
72 2
54 4
47 4
72 2
47 4
72 2
50 4
72 2
50 4
72 2
52 4
72 2
52 4
72 2
47 4
72 2
47 4
72 2
50 4
72 2
50 4
57 4
72 2
57 4
56 4
72 2
56 4
72 2
52 4
72 2
52 4
72 2
54 4
72 2
54 4
72 2
50 4
72 2
50 4
72 2
52 4
72 2
52 4
54 4
72 2
54 4
50 4
72 2
50 4
72 2
53 4
72 2
53 4
72 2
55 4
72 2
55 4
72 2
50 4
72 2
50 4
72 2
53 4
72 2
53 4
60 4
72 2
60 4
59 4
72 2
59 4
72 2
55 4
72 2
55 4
72 2
57 4
72 2
57 4
72 2
53 4
72 2
53 4
72 2
55 4
72 2
55 4
57 4
72 2
57 4
50 4
72 2
50 4
72 2
53 4
72 2
53 4
72 2
55 4
72 2
55 4
72 2
50 4
72 2
50 4
72 2
53 4
72 2
53 4
60 4
72 2
60 4
59 4
72 2
59 4
72 2
55 4
72 2
55 4
72 2
57 4
72 2
57 4
72 2
53 4
72 2
53 4
72 2
55 4
72 2
55 4
57 4
72 2
57 4
E
S
H
72 14
211 3
72 4
211 3
72 12
185 3
72 4
185 3
72 12
211 3
72 4
211 3
72 12
237 3
72 4
237 3
72 12
211 3
72 4
211 3
72 12
185 3
72 4
185 3
72 12
211 3
72 4
211 3
72 12
237 3
72 4
237 3
72 11
213 7
72 7
213 7
72 7
213 7
72 7
213 7
72 7
213 7
72 7
213 7
72 7
213 7
72 7
213 7
72 7
237 7
72 7
237 7
72 7
237 7
72 7
237 7
72 7
237 7
72 7
237 7
72 7
237 7
72 7
237 7
72 7
213 7
72 7
213 7
72 7
213 7
72 7
213 7
72 7
213 7
72 7
213 7
72 7
213 7
72 7
213 7
72 7
237 7
72 7
237 7
72 7
237 7
72 7
237 7
72 7
237 7
72 7
237 7
72 7
237 7
72 7
237 7
239 2
72 4
239 2
72 4
213 2
72 2
239 2
72 4
239 2
72 4
213 2
72 2
239 2
72 4
239 2
72 4
213 2
72 2
239 2
72 4
239 2
72 4
213 2
72 2
239 2
72 4
239 2
72 4
213 2
72 2
239 2
72 4
239 2
72 4
213 2
72 2
239 2
72 4
239 2
72 4
213 2
72 2
134 2
72 4
134 2
72 4
108 2
72 2
239 2
72 4
239 2
72 4
213 2
72 2
239 2
72 4
239 2
72 4
213 2
72 2
239 2
72 4
239 2
72 4
213 2
72 2
239 2
72 4
239 2
72 4
213 2
72 2
239 2
72 4
239 2
72 4
213 2
72 2
239 2
72 4
239 2
72 4
213 2
72 2
239 2
72 4
239 2
72 4
213 2
72 2
134 2
72 4
134 2
72 4
108 2
72 2
134 2
72 4
134 2
72 4
108 2
72 2
134 2
72 4
134 2
72 4
108 2
72 2
134 2
72 4
134 2
72 4
108 2
72 2
134 2
72 4
134 2
72 4
108 2
72 2
134 2
72 4
134 2
72 4
108 2
72 2
134 2
72 4
134 2
72 4
108 2
72 2
134 2
72 4
134 2
72 4
108 2
72 2
161 2
72 4
161 2
72 4
147 2
72 2
134 2
72 4
134 2
72 4
108 2
72 2
134 2
72 4
134 2
72 4
108 2
72 2
134 2
72 4
134 2
72 4
108 2
72 2
134 2
72 4
134 2
72 4
108 2
72 2
134 2
72 4
134 2
72 4
108 2
72 2
134 2
72 4
134 2
72 4
108 2
72 2
134 2
72 4
134 2
72 4
108 2
72 2
161 2
72 4
161 2
72 4
147 2
E
S
H
35 2
42 2
47 2
34 2
41 2
46 2
33 2
40 2
45 2
32 2
39 2
44 2
31 2
43 2
30 2
42 2
239 0
72 2
184 0
72 2
184 0
72 2
239 0
72 2
239 0
72 2
184 0
72 2
184 0
72 2
239 0
72 2
239 0
72 2
184 0
72 4
184 0
72 6
213 0
72 2
226 0
72 2
239 0
72 2
184 0
72 2
184 0
72 2
239 2
239 0
72 2
184 0
72 2
184 0
72 2
239 0
72 2
239 0
72 2
184 0
72 4
184 0
72 6
213 0
72 2
226 0
72 2
239 0
72 2
184 0
72 2
184 0
72 2
239 0
72 2
239 0
72 2
184 0
72 2
184 0
72 2
239 0
72 2
239 0
72 2
184 0
72 4
184 0
72 6
213 0
72 2
226 0
72 2
239 0
72 2
184 0
72 2
184 0
72 2
239 0
72 2
239 0
72 2
184 0
72 2
184 0
72 2
239 0
72 2
239 0
72 2
184 0
72 4
184 0
72 6
213 0
72 2
226 0
72 2
239 0
72 2
184 0
72 2
184 0
72 2
239 0
72 2
239 0
72 2
184 0
72 2
184 0
72 2
239 0
72 2
239 0
72 2
184 0
72 4
184 0
72 6
213 0
72 2
226 0
72 2
239 0
72 2
184 0
72 2
184 0
72 2
239 0
72 2
239 0
72 2
184 0
72 2
184 0
72 2
239 0
72 2
239 0
72 2
184 0
72 4
184 0
72 6
213 0
72 2
226 0
72 2
239 0
72 2
184 0
72 2
184 0
72 2
239 0
72 2
239 0
72 2
184 0
72 2
184 0
72 2
239 0
72 2
239 0
72 2
184 0
72 4
184 0
72 6
213 0
72 2
226 0
72 2
239 0
72 2
184 0
72 2
184 0
72 2
239 0
72 2
239 0
72 2
184 0
72 2
184 0
72 2
239 0
72 2
239 0
72 2
184 0
72 4
184 0
72 6
213 0
72 2
226 0
E
S
H
47 2
59 2
72 4
58 2
72 4
57 2
72 4
56 2
72 4
55 2
72 2
54 2
59 13
57 13
55 12
52 2
54 2
50 2
52 2
47 11
72 4
56 2
57 2
58 2
59 13
57 13
55 12
52 2
54 2
50 2
52 2
47 12
72 4
50 13
52 12
50 2
52 2
53 12
60 7
59 9
55 9
52 7
50 13
52 12
50 2
52 2
53 12
60 7
62 9
59 9
60 7
72 14
45 2
72 12
43 2
45 2
47 2
72 12
45 2
47 2
48 2
72 12
47 2
48 2
50 2
72 12
48 2
50 2
52 2
72 12
50 2
52 2
54 2
72 12
52 2
54 2
55 2
72 12
54 2
55 2
57 2
72 12
55 2
57 2
59 4
72 7
62 4
72 7
64 4
72 7
59 4
72 7
62 4
72 4
69 4
72 4
68 4
72 7
64 4
72 7
66 4
72 7
62 4
72 7
64 4
72 4
66 4
72 4
59 4
72 7
62 4
72 7
64 4
72 7
59 4
72 7
62 4
72 4
69 4
72 4
68 4
72 7
64 4
72 7
66 4
72 7
62 4
72 7
64 4
72 4
66 4
72 4
62 4
72 7
65 4
72 7
67 4
72 7
62 4
72 7
65 4
72 4
60 4
72 4
71 4
72 7
67 4
72 7
69 4
72 7
65 4
72 7
67 4
72 4
69 4
72 4
62 4
72 7
65 4
72 7
67 4
72 7
62 4
72 7
65 4
72 4
60 4
72 4
71 4
72 7
67 4
72 7
69 4
72 7
65 4
72 7
67 4
72 4
69 4
E
X
