minor
S
H
72 14
58 7
63 7
65 7
61 7
61 7
63 4
63 4
72 13
65 7
61 7
61 7
63 7
63 7
72 12
65 7
61 7
61 7
63 7
56 2
58 8
56 4
54 4
72 14
58 7
63 7
65 7
61 7
61 7
63 7
63 7
72 12
65 7
61 7
61 7
63 7
66 7
65 4
63 4
72 7
63 7
65 7
61 7
61 7
63 4
64 2
66 8
65 4
63 4
72 14
58 7
63 7
65 7
61 7
61 7
63 4
63 4
72 13
65 7
61 7
61 7
63 7
63 7
72 12
65 7
61 7
61 7
63 7
56 2
58 8
56 4
54 4
72 14
58 7
63 7
65 7
61 7
61 7
63 7
63 7
72 12
65 7
61 7
61 7
63 7
66 7
65 4
63 4
72 7
70 7
68 11
68 11
63 12
72 7
62 7
72 14
58 7
63 7
65 7
61 7
61 7
63 4
63 4
72 13
65 7
61 7
61 7
63 7
63 7
72 12
65 7
61 7
61 7
63 7
56 2
58 8
56 4
54 4
72 14
58 7
63 7
65 7
61 7
61 7
63 7
63 7
72 12
65 7
61 7
61 7
63 7
66 7
65 4
63 4
72 7
63 7
65 7
61 7
61 7
63 4
64 2
66 8
65 4
63 4
72 14
58 7
63 7
65 7
61 7
61 7
63 4
63 4
72 13
65 7
61 7
61 7
63 7
63 7
72 12
65 7
61 7
61 7
63 7
56 2
58 8
56 4
54 4
72 14
58 7
63 7
65 7
61 7
61 7
63 7
63 7
72 12
65 7
61 7
61 7
63 7
66 7
65 4
63 4
72 7
70 7
68 11
68 11
63 12
72 7
62 7
E
S
H
72 14
53 7
49 7
46 7
53 7
49 7
46 7
53 7
49 7
46 7
53 7
49 7
46 7
72 3
56 7
51 7
46 7
56 7
51 7
46 7
56 7
51 7
46 7
56 7
51 7
46 7
56 7
51 7
46 7
72 5
58 7
51 7
46 7
58 7
51 7
46 7
58 7
51 7
46 7
58 7
51 7
46 7
58 7
51 7
46 7
72 14
53 7
49 7
46 7
53 7
49 7
46 7
53 7
49 7
46 7
53 7
49 7
46 7
72 3
56 7
51 7
46 7
56 7
51 7
46 7
56 7
51 7
46 7
56 7
51 7
46 7
56 7
51 7
46 7
72 14
58 7
54 7
51 7
58 7
54 7
51 7
58 7
54 7
51 7
58 7
54 7
51 7
72 2
56 7
51 7
46 7
56 7
51 7
46 7
56 7
51 7
46 7
56 7
51 7
46 7
56 7
51 7
46 7
72 5
58 7
51 7
46 7
58 7
51 7
46 7
58 7
51 7
46 7
58 7
51 7
46 7
58 7
51 7
46 7
72 14
53 7
49 7
46 7
53 7
49 7
46 7
53 7
49 7
46 7
53 7
49 7
46 7
72 3
56 7
51 7
46 7
56 7
51 7
46 7
56 7
51 7
46 7
56 7
51 7
46 7
56 7
51 7
46 7
72 5
58 7
51 7
46 7
58 7
51 7
46 7
58 7
51 7
46 7
58 7
51 7
46 7
58 7
51 7
46 7
72 14
53 7
49 7
46 7
53 7
49 7
46 7
53 7
49 7
46 7
53 7
49 7
46 7
72 3
56 7
51 7
46 7
56 7
51 7
46 7
56 7
51 7
46 7
56 7
51 7
46 7
56 7
51 7
46 7
72 14
58 7
53 7
51 7
58 7
53 7
51 7
58 7
53 7
51 7
58 7
53 7
51 7
72 3
56 7
51 7
46 7
56 7
51 7
46 7
56 7
51 7
46 7
56 7
51 7
46 7
56 7
51 7
46 7
72 5
58 7
53 7
46 7
58 7
53 7
46 7
58 7
53 7
46 7
58 7
53 7
46 7
58 7
53 7
46 7
72 14
58 7
53 7
51 7
58 7
53 7
51 7
58 7
53 7
51 7
58 7
53 7
51 7
72 3
56 7
51 7
46 7
56 7
51 7
46 7
56 7
51 7
46 7
56 7
51 7
46 7
56 7
51 7
46 7
72 5
58 7
53 7
46 7
58 7
53 7
46 7
58 7
53 7
46 7
58 7
53 7
46 7
58 7
53 7
46 7
72 14
53 7
49 7
46 7
53 7
49 7
46 7
53 7
49 7
46 7
53 7
49 7
46 7
72 3
56 7
51 7
46 7
56 7
51 7
46 7
56 7
51 7
46 7
56 7
51 7
46 7
56 7
51 7
46 7
72 5
58 7
51 7
46 7
58 7
51 7
46 7
58 7
51 7
46 7
58 7
51 7
46 7
58 7
51 7
46 7
72 14
53 7
49 7
46 7
53 7
49 7
46 7
53 7
49 7
46 7
53 7
49 7
46 7
72 3
56 7
51 7
46 7
56 7
51 7
46 7
56 7
51 7
46 7
56 7
51 7
46 7
56 7
51 7
46 7
72 14
58 7
54 7
51 7
58 7
54 7
51 7
58 7
54 7
51 7
58 7
54 7
51 7
72 2
56 7
51 7
46 7
56 7
51 7
46 7
56 7
51 7
46 7
56 7
51 7
46 7
56 7
51 7
46 7
72 5
58 7
51 7
46 7
58 7
51 7
46 7
58 7
51 7
46 7
58 7
51 7
46 7
58 7
51 7
46 7
72 14
53 7
49 7
46 7
53 7
49 7
46 7
53 7
49 7
46 7
53 7
49 7
46 7
72 3
56 7
51 7
46 7
56 7
51 7
46 7
56 7
51 7
46 7
56 7
51 7
46 7
56 7
51 7
46 7
72 5
58 7
51 7
46 7
58 7
51 7
46 7
58 7
51 7
46 7
58 7
51 7
46 7
58 7
51 7
46 7
72 14
53 7
49 7
46 7
53 7
49 7
46 7
53 7
49 7
46 7
53 7
49 7
46 7
72 3
56 7
51 7
46 7
56 7
51 7
46 7
56 7
51 7
46 7
56 7
51 7
46 7
56 7
51 7
46 7
72 14
58 7
53 7
51 7
58 7
53 7
51 7
58 7
53 7
51 7
58 7
53 7
51 7
72 3
56 7
51 7
46 7
56 7
51 7
46 7
56 7
51 7
46 7
56 7
51 7
46 7
56 7
51 7
46 7
72 5
58 7
53 7
46 7
58 7
53 7
46 7
58 7
53 7
46 7
58 7
53 7
46 7
58 7
53 7
46 7
72 14
58 7
53 7
51 7
58 7
53 7
51 7
58 7
53 7
51 7
58 7
53 7
51 7
72 3
56 7
51 7
46 7
56 7
51 7
46 7
56 7
51 7
46 7
56 7
51 7
46 7
56 7
51 7
46 7
72 5
58 7
53 7
46 7
58 7
53 7
46 7
58 7
53 7
46 7
58 7
53 7
46 7
58 7
53 7
46 7
E
S
L
658 14
72 2
322 14
72 2
658 14
72 2
946 14
72 2
673 13
72 2
865 13
72 2
322 14
72 2
658 14
72 2
1011 14
72 2
867 13
72 2
1093 13
72 14
322 14
72 2
658 14
72 2
946 14
72 2
673 13
72 2
865 13
72 2
322 14
72 2
658 14
72 2
1011 14
72 2
867 13
72 14
322 14
72 2
658 14
72 2
946 14
72 2
673 13
72 2
865 13
72 2
322 14
72 2
658 14
72 2
1011 14
72 2
867 13
72 2
1093 13
72 14
322 14
72 2
658 14
72 2
946 14
72 2
673 13
72 2
865 13
72 2
322 14
72 2
658 14
72 2
1011 14
72 2
867 13
E
S
L
72 14
13 13
72 13
20 13
72 13
18 13
72 14
13 13
72 13
20 13
72 13
18 13
72 14
13 13
72 13
20 13
72 13
18 13
72 13
949 7
72 13
18 13
72 11
17 13
72 13
19 13
72 11
20 13
19 13
18 13
72 12
17 13
72 13
19 13
72 11
20 13
22 13
72 14
13 13
72 13
20 13
72 13
18 13
72 14
13 13
72 13
20 13
72 13
18 13
72 14
13 13
72 13
20 13
72 13
18 13
72 13
949 7
72 13
18 13
72 11
17 13
72 13
19 13
72 11
20 13
19 13
18 13
72 12
17 13
72 13
19 13
72 11
20 13
22 13
E
S
L
658 13
72 13
322 14
658 14
1630 14
673 13
661 13
322 14
658 14
661 14
72 2
867 13
72 2
949 13
72 14
322 14
658 14
1630 14
1105 13
865 13
322 14
658 14
661 14
72 2
865 13
72 2
1035 13
72 14
322 14
658 14
1630 14
673 13
661 13
322 14
658 14
661 14
72 2
867 13
72 2
949 13
72 14
322 14
658 14
1630 14
1105 13
865 13
322 14
658 14
661 14
72 2
865 13
72 2
1035 13
E
S
H
72 14
51 7
54 7
56 7
58 7
56 12
72 14
51 7
54 7
56 7
58 7
56 13
72 14
51 7
54 7
56 7
58 7
56 13
72 14
56 7
61 7
59 12
72 4
54 11
72 4
54 7
53 12
72 12
51 9
58 9
65 9
58 12
72 6
51 11
58 13
72 11
51 11
58 13
72 10
53 11
54 9
51 9
58 12
72 7
51 9
58 9
65 9
58 12
72 4
51 11
58 13
72 11
51 11
58 13
72 11
53 11
54 9
51 9
58 9
72 14
51 7
54 7
56 7
58 7
56 12
72 14
51 7
54 7
56 7
58 7
56 13
72 14
51 7
54 7
56 7
58 7
56 13
72 14
56 7
61 7
59 12
72 4
54 11
72 4
54 7
53 12
72 12
51 9
58 9
65 9
58 12
72 6
51 11
58 13
72 11
51 11
58 13
72 10
53 11
54 9
51 9
58 12
72 7
51 9
58 9
65 9
58 12
72 4
51 11
58 13
72 11
51 11
58 13
72 11
53 11
54 9
51 9
58 9
E
S
H
72 14
51 7
54 7
56 7
58 7
56 12
72 14
51 7
54 7
56 7
58 7
56 13
72 14
51 7
54 7
56 7
58 7
56 13
72 14
51 7
58 7
56 12
72 4
51 11
72 7
51 7
50 6
72 13
39 9
46 9
53 9
46 12
72 4
39 11
46 13
72 11
39 11
46 13
72 10
41 11
42 9
39 9
46 13
72 6
39 9
46 9
53 9
46 12
72 4
39 11
46 13
72 11
39 11
46 13
72 11
41 11
42 9
39 9
46 9
72 14
51 7
54 7
56 7
58 7
56 12
72 14
51 7
54 7
56 7
58 7
56 13
72 14
51 7
54 7
56 7
58 7
56 13
72 14
51 7
58 7
56 12
72 4
51 11
72 7
51 7
50 6
72 13
39 9
46 9
53 9
46 12
72 4
39 11
46 13
72 11
39 11
46 13
72 10
41 11
42 9
39 9
46 13
72 6
39 9
46 9
53 9
46 12
72 4
39 11
46 13
72 11
39 11
46 13
72 11
41 11
42 9
39 9
46 9
E
S
H
72 14
39 4
39 4
72 12
39 4
72 9
39 4
72 9
39 4
72 12
39 4
72 9
39 4
72 9
39 4
72 12
39 4
72 9
39 4
42 4
72 7
42 4
72 11
41 4
72 7
41 4
72 9
41 4
72 9
39 4
39 4
72 7
39 4
72 9
39 4
72 9
39 4
72 9
39 4
72 11
39 4
72 7
39 4
72 12
39 4
39 4
72 12
39 4
72 11
44 4
72 7
42 4
72 11
41 4
72 4
41 4
72 13
39 4
39 4
72 9
39 4
72 7
39 4
72 9
39 4
72 9
39 4
72 11
39 4
72 7
39 4
72 9
39 4
72 9
39 4
39 4
72 9
39 4
72 7
39 4
72 11
42 4
72 7
42 4
72 11
41 4
72 7
41 4
72 9
41 4
72 9
39 4
39 4
72 9
39 4
72 7
39 4
72 9
39 4
72 9
39 4
72 12
39 4
72 9
39 4
72 9
39 4
72 12
39 4
72 9
39 4
42 4
72 7
42 4
72 11
41 4
72 7
41 4
72 9
41 4
72 9
39 4
39 4
72 7
39 4
72 9
39 4
72 9
39 4
72 9
39 4
72 11
39 4
72 7
39 4
72 12
39 4
39 4
72 12
39 4
72 11
44 4
72 7
42 4
72 11
41 4
72 14
39 4
39 4
72 12
39 4
72 9
39 4
72 9
39 4
72 12
39 4
72 9
39 4
72 9
39 4
72 12
39 4
72 9
39 4
42 4
72 7
42 4
72 11
41 4
72 7
41 4
72 9
41 4
72 9
39 4
39 4
72 7
39 4
72 9
39 4
72 9
39 4
72 9
39 4
72 11
39 4
72 7
39 4
72 12
39 4
39 4
72 12
39 4
72 11
44 4
72 7
42 4
72 11
41 4
72 4
41 4
72 13
39 4
39 4
72 9
39 4
72 7
39 4
72 9
39 4
72 9
39 4
72 11
39 4
72 7
39 4
72 9
39 4
72 9
39 4
39 4
72 9
39 4
72 7
39 4
72 11
42 4
72 7
42 4
72 11
41 4
72 7
41 4
72 9
41 4
72 9
39 4
39 4
72 9
39 4
72 7
39 4
72 9
39 4
72 9
39 4
72 12
39 4
72 9
39 4
72 9
39 4
72 12
39 4
72 9
39 4
42 4
72 7
42 4
72 11
41 4
72 7
41 4
72 9
41 4
72 9
39 4
39 4
72 7
39 4
72 9
39 4
72 9
39 4
72 9
39 4
72 11
39 4
72 7
39 4
72 12
39 4
39 4
72 12
39 4
72 11
44 4
72 7
42 4
72 11
41 4
E
S
L
72 14
18 0
72 4
18 0
72 4
22 0
72 7
18 0
72 4
18 0
72 4
20 0
72 4
49 0
72 7
18 0
72 4
22 0
72 4
18 0
72 4
18 0
72 4
49 0
72 4
18 0
72 4
20 0
72 2
22 0
72 2
18 0
72 4
18 0
72 4
22 0
72 4
18 0
72 9
20 0
72 4
49 0
72 7
18 0
72 4
22 0
72 4
18 0
72 7
18 0
72 4
20 0
72 4
20 0
72 7
18 0
72 4
22 0
72 4
20 0
72 2
20 0
72 6
18 0
72 4
18 0
72 4
49 0
72 7
18 0
72 4
22 0
72 9
49 0
72 4
18 0
72 4
20 0
72 4
18 0
72 2
20 0
72 2
18 0
72 4
22 0
72 4
18 0
72 9
18 0
72 4
18 0
72 4
18 0
72 2
20 0
72 2
18 0
72 2
22 0
72 2
18 0
72 7
18 0
72 4
18 0
72 4
18 0
72 4
18 0
72 4
18 0
72 4
18 0
72 4
22 0
72 7
18 0
72 4
18 0
72 4
20 0
72 4
49 0
72 7
18 0
72 4
22 0
72 4
18 0
72 4
18 0
72 4
49 0
72 4
18 0
72 4
20 0
72 2
22 0
72 2
18 0
72 4
18 0
72 4
22 0
72 4
18 0
72 9
20 0
72 4
49 0
72 7
18 0
72 4
22 0
72 4
18 0
72 7
18 0
72 4
20 0
72 4
20 0
72 7
18 0
72 4
22 0
72 4
20 0
72 2
20 0
72 6
18 0
72 4
18 0
72 4
49 0
72 7
18 0
72 4
22 0
72 9
49 0
72 4
18 0
72 4
20 0
72 4
18 0
72 2
20 0
72 2
18 0
72 4
22 0
72 4
18 0
72 9
18 0
72 4
18 0
72 4
18 0
72 2
20 0
72 2
18 0
72 2
22 0
72 2
18 0
72 7
18 0
72 4
18 0
72 4
18 0
72 4
18 0
72 4
18 0
72 4
18 0
72 4
22 0
72 7
18 0
72 4
18 0
72 4
20 0
72 4
49 0
72 7
18 0
72 4
22 0
72 4
18 0
72 4
18 0
72 4
49 0
72 4
18 0
72 4
20 0
72 2
22 0
72 2
18 0
72 4
18 0
72 4
22 0
72 4
18 0
72 9
20 0
72 4
49 0
72 7
18 0
72 4
22 0
72 4
18 0
72 7
18 0
72 4
20 0
72 4
20 0
72 7
18 0
72 4
22 0
72 4
20 0
72 2
20 0
72 6
18 0
72 4
18 0
72 4
49 0
72 7
18 0
72 4
22 0
72 9
49 0
72 4
18 0
72 4
20 0
72 4
18 0
72 2
20 0
72 2
18 0
72 4
22 0
72 4
18 0
72 9
18 0
72 4
18 0
72 4
18 0
72 2
20 0
72 2
18 0
72 2
22 0
72 2
18 0
72 7
18 0
72 4
18 0
72 4
18 0
72 4
18 0
72 4
18 0
72 4
18 0
72 4
22 0
72 7
18 0
72 4
18 0
72 4
20 0
72 4
49 0
72 7
18 0
72 4
22 0
72 4
18 0
72 4
18 0
72 4
49 0
72 4
18 0
72 4
20 0
72 2
22 0
72 2
18 0
72 4
18 0
72 4
22 0
72 4
18 0
72 9
20 0
72 4
49 0
72 7
18 0
72 4
22 0
72 4
18 0
72 7
18 0
72 4
20 0
72 4
20 0
72 7
18 0
72 4
22 0
72 4
20 0
72 2
20 0
72 6
18 0
72 4
18 0
72 4
49 0
72 7
18 0
72 4
22 0
72 9
49 0
72 4
18 0
72 4
20 0
72 4
18 0
72 2
20 0
72 2
18 0
72 4
22 0
72 4
18 0
72 9
18 0
72 4
18 0
72 4
18 0
72 2
20 0
72 2
18 0
72 2
22 0
72 2
18 0
72 7
18 0
72 4
18 0
72 4
18 0
72 4
18 0
72 4
18 0
72 4
18 0
72 4
22 0
72 7
18 0
72 4
18 0
72 4
20 0
72 4
49 0
72 7
18 0
72 4
22 0
72 4
18 0
72 4
18 0
72 4
49 0
72 4
18 0
72 4
20 0
72 2
22 0
72 2
18 0
72 4
18 0
72 4
22 0
72 4
18 0
72 9
20 0
72 4
49 0
72 7
18 0
72 4
22 0
72 4
18 0
72 7
18 0
72 4
20 0
72 4
20 0
72 7
18 0
72 4
22 0
72 4
20 0
72 2
20 0
72 6
18 0
72 4
18 0
72 4
49 0
72 7
18 0
72 4
22 0
72 9
49 0
72 4
18 0
72 4
20 0
72 4
18 0
72 2
20 0
72 2
18 0
72 4
22 0
72 4
18 0
72 9
18 0
72 4
18 0
72 4
18 0
72 2
20 0
72 2
18 0
72 2
22 0
72 13
20 0
72 7
18 0
72 4
18 0
72 4
20 0
72 4
49 0
72 7
18 0
72 4
22 0
72 4
18 0
72 4
18 0
72 4
49 0
72 4
18 0
72 4
20 0
72 2
22 0
72 2
18 0
72 4
18 0
72 4
22 0
72 4
18 0
72 9
20 0
72 4
49 0
72 7
18 0
72 4
22 0
72 4
18 0
72 7
18 0
72 4
20 0
72 4
20 0
72 7
18 0
72 4
22 0
72 4
20 0
72 2
20 0
72 6
18 0
72 4
18 0
72 4
49 0
72 7
18 0
72 4
22 0
72 9
49 0
72 4
18 0
72 4
20 0
72 4
18 0
72 2
20 0
72 2
18 0
72 4
22 0
72 4
18 0
72 9
18 0
72 4
18 0
72 4
18 0
72 2
20 0
72 2
18 0
72 2
22 0
72 2
18 0
72 7
18 0
72 4
18 0
72 4
18 0
72 4
18 0
72 4
18 0
72 4
18 0
72 4
22 0
72 7
18 0
72 4
18 0
72 4
20 0
72 4
49 0
72 7
18 0
72 4
22 0
72 4
18 0
72 4
18 0
72 4
49 0
72 4
18 0
72 4
20 0
72 2
22 0
72 2
18 0
72 4
18 0
72 4
22 0
72 4
18 0
72 9
20 0
72 4
49 0
72 7
18 0
72 4
22 0
72 4
18 0
72 7
18 0
72 4
20 0
72 4
20 0
72 7
18 0
72 4
22 0
72 4
20 0
72 2
20 0
72 6
18 0
72 4
18 0
72 4
49 0
72 7
18 0
72 4
22 0
72 9
49 0
72 4
18 0
72 4
20 0
72 4
18 0
72 2
20 0
72 2
18 0
72 4
22 0
72 4
18 0
72 9
18 0
72 4
18 0
72 4
18 0
72 2
20 0
72 2
18 0
72 2
22 0
72 2
18 0
72 7
18 0
72 4
18 0
72 4
18 0
72 4
18 0
72 4
18 0
72 4
18 0
72 4
22 0
72 7
18 0
72 4
18 0
72 4
20 0
72 4
49 0
72 7
18 0
72 4
22 0
72 4
18 0
72 4
18 0
72 4
49 0
72 4
18 0
72 4
20 0
72 2
22 0
72 2
18 0
72 4
18 0
72 4
22 0
72 4
18 0
72 9
20 0
72 4
49 0
72 7
18 0
72 4
22 0
72 4
18 0
72 7
18 0
72 4
20 0
72 4
20 0
72 7
18 0
72 4
22 0
72 4
20 0
72 2
20 0
72 6
18 0
72 4
18 0
72 4
49 0
72 7
18 0
72 4
22 0
72 9
49 0
72 4
18 0
72 4
20 0
72 4
18 0
72 2
20 0
72 2
18 0
72 4
22 0
72 4
18 0
72 9
18 0
72 4
18 0
72 4
18 0
72 2
20 0
72 2
18 0
72 2
22 0
72 2
18 0
72 7
18 0
72 4
18 0
72 4
18 0
72 4
18 0
72 4
18 0
72 4
18 0
72 4
22 0
72 7
18 0
72 4
18 0
72 4
20 0
72 4
49 0
72 7
18 0
72 4
22 0
72 4
18 0
72 4
18 0
72 4
49 0
72 4
18 0
72 4
20 0
72 2
22 0
72 2
18 0
72 4
18 0
72 4
22 0
72 4
18 0
72 9
20 0
72 4
49 0
72 7
18 0
72 4
22 0
72 4
18 0
72 7
18 0
72 4
20 0
72 4
20 0
72 7
18 0
72 4
22 0
72 4
20 0
72 2
20 0
72 6
18 0
72 4
18 0
72 4
49 0
72 7
18 0
72 4
22 0
72 9
49 0
72 4
18 0
72 4
20 0
72 4
18 0
72 2
20 0
72 2
18 0
72 4
22 0
72 4
18 0
72 9
18 0
72 4
18 0
72 4
18 0
72 2
20 0
72 2
18 0
72 2
22 0
72 2
18 0
72 7
18 0
72 4
18 0
72 4
18 0
72 4
18 0
72 4
18 0
72 4
18 0
72 4
22 0
72 7
18 0
72 4
18 0
72 4
20 0
72 4
49 0
72 7
18 0
72 4
22 0
72 4
18 0
72 4
18 0
72 4
49 0
72 4
18 0
72 4
20 0
72 2
22 0
72 2
18 0
72 4
18 0
72 4
22 0
72 4
18 0
72 9
20 0
72 4
49 0
72 7
18 0
72 4
22 0
72 4
18 0
72 7
18 0
72 4
20 0
72 4
20 0
72 7
18 0
72 4
22 0
72 4
20 0
72 2
20 0
72 6
18 0
72 4
18 0
72 4
49 0
72 7
18 0
72 4
22 0
72 9
49 0
72 4
18 0
72 4
20 0
72 4
18 0
72 2
20 0
72 2
18 0
72 4
22 0
72 4
18 0
72 9
18 0
72 4
18 0
72 4
18 0
72 2
20 0
72 2
18 0
72 2
22 0
72 2
18 0
72 7
18 0
72 4
18 0
72 4
18 0
72 4
18 0
72 4
18 0
72 4
18 0
72 4
22 0
72 7
18 0
72 4
18 0
72 4
20 0
72 4
49 0
72 7
18 0
72 4
22 0
72 4
18 0
72 4
18 0
72 4
49 0
72 4
18 0
72 4
20 0
72 2
22 0
72 2
18 0
72 4
18 0
72 4
22 0
72 4
18 0
72 9
20 0
72 4
49 0
72 7
18 0
72 4
22 0
72 4
18 0
72 7
18 0
72 4
20 0
72 4
20 0
72 7
18 0
72 4
22 0
72 4
20 0
72 2
20 0
72 6
18 0
72 4
18 0
72 4
49 0
72 7
18 0
72 4
22 0
72 9
49 0
72 4
18 0
72 4
20 0
72 4
18 0
72 2
20 0
72 2
18 0
72 4
22 0
72 4
18 0
72 9
18 0
72 4
18 0
72 4
18 0
72 2
20 0
72 2
18 0
72 2
22 0
72 2
18 0
72 7
18 0
72 4
18 0
72 4
18 0
72 4
18 0
72 4
18 0
72 4
18 0
72 4
22 0
72 7
18 0
72 4
18 0
72 4
20 0
72 4
49 0
72 7
18 0
72 4
22 0
72 4
18 0
72 4
18 0
72 4
49 0
72 4
18 0
72 4
20 0
72 2
22 0
72 2
18 0
72 4
18 0
72 4
22 0
72 4
18 0
72 9
20 0
72 4
49 0
72 7
18 0
72 4
22 0
72 4
18 0
72 7
18 0
72 4
20 0
72 4
20 0
72 7
18 0
72 4
22 0
72 4
20 0
72 2
20 0
72 6
18 0
72 4
18 0
72 4
49 0
72 7
18 0
72 4
22 0
72 9
49 0
72 4
18 0
72 4
20 0
72 4
18 0
72 2
20 0
72 2
18 0
72 4
22 0
72 4
18 0
72 9
18 0
72 4
18 0
72 4
18 0
72 2
20 0
72 2
18 0
72 2
22 0
72 13
20 0
72 7
18 0
72 4
18 0
72 4
20 0
72 4
49 0
72 7
18 0
72 4
22 0
72 4
18 0
72 4
18 0
72 4
49 0
72 4
18 0
72 4
20 0
72 2
22 0
72 2
18 0
72 4
18 0
72 4
22 0
72 4
18 0
72 9
20 0
72 4
49 0
72 7
18 0
72 4
22 0
72 4
18 0
72 7
18 0
72 4
20 0
72 4
20 0
72 7
18 0
72 4
22 0
72 4
20 0
72 2
20 0
72 6
18 0
72 4
18 0
72 4
49 0
72 7
18 0
72 4
22 0
72 9
49 0
72 4
18 0
72 4
20 0
72 4
18 0
72 2
20 0
72 2
18 0
72 4
22 0
72 4
18 0
72 9
18 0
72 4
18 0
72 4
18 0
72 2
20 0
72 2
18 0
72 2
22 0
72 2
18 0
72 7
18 0
72 4
18 0
72 4
18 0
72 4
18 0
72 4
18 0
72 4
18 0
72 4
22 0
72 7
18 0
72 4
18 0
72 4
20 0
72 4
49 0
72 7
18 0
72 4
22 0
72 4
18 0
72 4
18 0
72 4
49 0
72 4
18 0
72 4
20 0
72 2
22 0
72 2
18 0
72 4
18 0
72 4
22 0
72 4
18 0
72 9
20 0
72 4
49 0
72 7
18 0
72 4
22 0
72 4
18 0
72 7
18 0
72 4
20 0
72 4
20 0
72 7
18 0
72 4
22 0
72 4
20 0
72 2
20 0
72 6
18 0
72 4
18 0
72 4
49 0
72 7
18 0
72 4
22 0
72 9
49 0
72 4
18 0
72 4
20 0
72 4
18 0
72 2
20 0
72 2
18 0
72 4
22 0
72 4
18 0
72 9
18 0
72 4
18 0
72 4
18 0
72 2
20 0
72 2
18 0
72 2
22 0
72 2
18 0
72 7
18 0
72 4
18 0
72 4
18 0
72 4
18 0
E
S
H
72 14
51 0
72 14
51 0
72 13
51 0
72 13
51 0
72 14
51 0
72 13
51 0
72 13
51 0
72 14
51 0
72 13
51 0
72 13
51 0
72 14
51 0
72 13
51 0
72 14
51 0
72 12
51 0
72 13
51 0
72 12
51 0
72 13
51 0
72 12
51 0
72 13
51 0
72 12
51 0
72 7
51 0
72 14
51 0
72 13
51 0
72 13
51 0
72 14
51 0
72 13
51 0
72 13
51 0
72 14
51 0
72 13
51 0
72 13
51 0
72 14
51 0
72 13
51 0
72 14
51 0
72 2
51 0
72 2
51 0
72 4
51 0
72 4
51 0
72 14
51 0
72 2
51 0
72 2
51 0
72 4
51 0
72 4
51 0
72 14
51 0
72 4
51 0
72 14
51 0
72 13
51 0
72 13
51 0
72 14
51 0
72 13
51 0
72 13
51 0
72 14
51 0
72 13
51 0
72 13
51 0
72 14
51 0
72 13
51 0
72 14
51 0
72 12
51 0
72 13
51 0
72 12
51 0
72 13
51 0
72 12
51 0
72 13
51 0
72 12
51 0
72 7
51 0
72 14
51 0
72 13
51 0
72 13
51 0
72 14
51 0
72 13
51 0
72 13
51 0
72 14
51 0
72 13
51 0
72 13
51 0
72 14
51 0
72 13
51 0
72 14
51 0
72 2
51 0
72 2
51 0
72 4
51 0
72 4
51 0
72 14
51 0
72 2
51 0
72 2
51 0
72 4
51 0
72 4
51 0
72 14
51 0
E
S
L
72 14
12 0
72 9
12 0
72 12
12 0
72 12
12 0
72 9
12 0
72 12
12 0
72 12
12 0
72 9
12 0
72 12
12 0
72 12
12 0
72 9
12 0
72 12
12 0
72 12
12 0
72 9
12 0
72 12
12 0
72 12
12 0
72 9
12 0
72 12
12 0
72 12
12 0
72 9
12 0
72 12
12 0
72 12
12 0
72 9
12 0
72 12
12 0
72 12
12 0
72 9
12 0
72 12
12 0
72 12
12 0
72 9
12 0
72 12
12 0
72 12
12 0
72 9
12 0
72 12
12 0
72 12
12 0
72 9
12 0
72 12
12 0
72 12
12 0
72 9
12 0
72 12
12 0
72 12
12 0
72 9
12 0
72 12
12 0
72 12
12 0
72 9
12 0
72 12
12 0
72 12
12 0
72 9
12 0
72 12
12 0
72 12
12 0
72 9
12 0
72 12
12 0
72 12
12 0
72 9
12 0
72 12
12 0
72 12
12 0
72 9
12 0
72 12
12 0
72 12
12 0
72 9
12 0
72 12
12 0
72 13
12 0
72 12
12 0
72 12
12 0
72 9
12 0
72 12
12 0
72 12
12 0
72 9
12 0
72 12
12 0
72 12
12 0
72 9
12 0
72 12
12 0
72 12
12 0
72 9
12 0
72 12
12 0
72 12
12 0
72 9
12 0
72 12
12 0
72 12
12 0
72 9
12 0
72 12
12 0
72 12
12 0
72 9
12 0
72 12
12 0
72 12
12 0
72 9
12 0
72 12
12 0
72 12
12 0
72 9
12 0
72 12
12 0
72 12
12 0
72 9
12 0
72 12
12 0
72 12
12 0
72 9
12 0
72 12
12 0
72 12
12 0
72 9
12 0
72 12
12 0
72 12
12 0
72 9
12 0
72 12
12 0
72 12
12 0
72 9
12 0
72 12
12 0
72 12
12 0
72 9
12 0
72 12
12 0
72 12
12 0
72 9
12 0
72 12
12 0
72 12
12 0
72 9
12 0
72 12
12 0
72 12
12 0
72 9
12 0
72 12
12 0
72 12
12 0
72 9
12 0
72 12
12 0
72 12
12 0
72 9
12 0
72 12
12 0
72 12
12 0
72 9
12 0
72 12
12 0
72 12
12 0
72 9
12 0
72 12
12 0
72 12
12 0
72 9
12 0
72 12
12 0
72 12
12 0
72 9
12 0
72 12
12 0
72 12
12 0
72 9
12 0
72 12
12 0
72 12
12 0
72 9
12 0
72 12
12 0
72 12
12 0
72 9
12 0
72 12
12 0
72 13
12 0
72 12
12 0
72 12
12 0
72 9
12 0
72 12
12 0
72 12
12 0
72 9
12 0
72 12
12 0
72 12
12 0
72 9
12 0
72 12
12 0
72 12
12 0
72 9
12 0
72 12
12 0
72 12
12 0
72 9
12 0
72 12
12 0
72 12
12 0
72 9
12 0
72 12
12 0
72 12
12 0
72 9
12 0
72 12
12 0
E
S
L
72 14
151 0
72 13
151 0
72 13
151 0
72 13
151 0
72 13
151 0
72 13
151 0
72 13
151 0
72 13
151 0
72 13
151 0
72 13
151 0
72 13
151 0
72 13
151 0
72 13
151 0
72 13
151 0
72 13
151 0
72 13
151 0
72 13
151 0
72 13
151 0
72 13
151 0
72 13
151 0
72 13
151 0
72 13
151 0
72 13
151 0
72 13
151 0
72 13
151 0
72 13
151 0
72 13
151 0
72 13
151 0
72 13
151 0
72 13
151 0
72 13
151 0
72 13
151 0
72 13
151 0
72 13
151 0
72 13
151 0
72 13
151 0
72 13
151 0
72 13
151 0
72 13
151 0
72 14
151 0
72 13
151 0
72 13
151 0
72 13
151 0
72 13
151 0
72 13
151 0
72 13
151 0
72 13
151 0
72 13
151 0
72 13
151 0
72 13
151 0
72 13
151 0
72 13
151 0
72 13
151 0
72 13
151 0
72 13
151 0
72 13
151 0
72 13
151 0
72 13
151 0
72 13
151 0
72 13
151 0
72 13
151 0
72 13
151 0
72 13
151 0
72 13
151 0
72 13
151 0
72 13
151 0
72 13
151 0
72 13
151 0
72 13
151 0
72 13
151 0
72 13
151 0
72 13
151 0
72 13
151 0
72 13
151 0
72 13
151 0
72 13
151 0
72 13
151 0
72 13
151 0
72 13
151 0
72 13
151 0
72 13
151 0
72 13
151 0
72 13
151 0
72 13
151 0
72 13
151 0
72 13
151 0
72 13
151 0
72 13
151 0
72 13
151 0
72 13
151 0
72 13
151 0
72 13
151 0
72 13
151 0
72 13
151 0
72 14
151 0
72 13
151 0
72 13
151 0
72 13
151 0
72 13
151 0
72 13
151 0
72 13
151 0
72 13
151 0
72 13
151 0
72 13
151 0
72 13
151 0
72 13
151 0
72 13
151 0
72 13
151 0
72 13
151 0
72 13
151 0
E
X
