major
S
L
72 14
12 5
72 8
12 5
16 5
72 11
12 5
72 8
12 5
16 5
16 5
72 8
12 5
72 8
12 5
16 5
72 11
12 5
72 8
12 5
16 5
16 5
72 8
12 5
72 8
12 5
16 5
72 11
12 5
72 8
12 5
16 5
16 5
72 8
12 5
72 8
12 5
16 5
72 11
12 5
72 8
12 5
16 5
16 5
72 8
12 5
72 8
12 5
16 5
72 11
12 5
72 8
12 5
16 5
16 5
72 8
12 5
72 8
12 5
16 5
72 11
12 5
72 8
12 5
16 5
16 5
72 8
12 5
72 8
12 5
16 5
72 11
12 5
72 8
12 5
16 5
16 5
72 8
12 5
72 8
12 5
16 5
72 11
12 5
72 8
12 5
16 5
16 5
72 8
12 5
72 8
12 5
16 5
72 11
12 5
72 8
12 5
16 5
16 5
72 8
12 5
72 8
12 5
16 5
72 11
12 5
72 8
12 5
16 5
16 5
E
S
L
72 14
5 13
72 13
0 5
5 13
72 13
0 5
5 13
72 13
0 5
5 13
72 13
0 5
5 13
72 8
9 12
72 10
9 5
7 13
72 13
2 5
7 13
72 8
0 13
72 8
5 12
3 12
2 12
72 12
7 13
72 8
12 13
72 8
5 13
E
X
