minor
S
L
10 0
72 4
10 2
72 12
10 2
72 6
10 2
72 12
10 2
72 2
10 2
72 12
10 2
72 6
10 0
72 12
10 2
72 2
10 0
72 12
10 2
72 6
10 0
72 12
10 0
72 13
10 0
72 4
10 0
72 12
10 2
72 2
10 2
72 12
10 2
72 6
10 0
72 12
10 2
72 2
10 0
72 12
10 2
72 6
10 0
72 12
10 0
72 4
10 0
72 12
10 2
72 6
10 0
72 12
10 0
72 12
10 0
72 4
10 0
72 7
10 0
72 12
10 2
72 13
10 0
72 13
10 2
72 6
10 0
72 12
10 0
72 7
10 0
72 11
10 0
72 7
10 0
72 12
10 0
72 4
10 0
72 7
10 0
72 12
10 0
72 12
10 0
72 4
10 2
72 6
10 0
72 12
10 2
72 13
10 0
72 13
10 0
72 11
10 0
72 4
10 0
72 9
10 0
72 11
10 0
72 11
10 0
72 11
10 0
72 11
10 0
72 11
10 0
72 11
10 0
72 11
10 0
72 11
10 0
72 11
10 0
72 11
10 0
72 4
10 2
72 12
10 2
72 6
10 2
72 12
10 2
72 2
10 2
72 12
10 2
72 6
10 0
72 12
10 2
72 2
10 0
72 12
10 2
72 6
10 0
72 12
10 0
72 13
10 0
72 4
10 0
72 12
10 2
72 2
10 2
72 12
10 2
72 6
10 0
72 12
10 2
72 2
10 0
72 12
10 2
72 6
10 0
72 12
10 0
72 4
10 0
72 12
10 2
72 6
10 0
72 12
10 0
72 12
10 0
72 4
10 0
72 7
10 0
72 12
10 2
72 13
10 0
72 13
10 2
72 6
10 0
72 12
10 0
72 7
10 0
72 11
10 0
72 7
10 0
72 12
10 0
72 4
10 0
72 7
10 0
72 12
10 0
72 12
10 0
72 4
10 2
72 6
10 0
72 12
10 2
72 13
10 0
72 13
10 0
72 11
10 0
72 4
10 0
72 9
10 0
72 11
10 0
72 11
10 0
72 11
10 0
72 11
10 0
72 11
10 0
72 11
10 0
72 11
10 0
72 11
10 0
72 11
10 0
72 11
10 0
72 4
10 2
72 12
10 2
72 6
10 2
72 12
10 2
72 2
10 2
72 12
10 2
72 6
10 0
72 12
10 2
72 2
10 0
72 12
10 2
72 6
10 0
72 12
10 0
72 13
10 0
72 4
10 0
72 12
10 2
72 2
10 2
72 12
10 2
72 6
10 0
72 12
10 2
72 2
10 0
72 12
10 2
72 6
10 0
72 12
10 0
72 4
10 0
72 12
10 2
72 6
10 0
72 12
10 0
72 12
10 0
72 4
10 0
72 7
10 0
72 12
10 2
72 13
10 0
72 13
10 2
72 6
10 0
72 12
10 0
72 7
10 0
72 11
10 0
72 7
10 0
72 12
10 0
72 4
10 0
72 7
10 0
72 12
10 0
72 12
10 0
72 4
10 2
72 6
10 0
72 12
10 2
72 13
10 0
72 13
10 0
72 11
10 0
72 4
10 0
72 9
10 0
72 11
10 0
72 11
10 0
72 11
10 0
72 11
10 0
72 11
10 0
72 11
10 0
72 11
10 0
72 11
10 0
72 11
10 0
72 11
10 2
72 6
10 2
72 2
10 2
72 2
10 2
72 6
10 2
72 6
10 0
72 13
10 2
72 8
10 2
72 10
10 2
72 2
10 2
72 8
10 2
72 2
10 2
72 6
10 2
72 10
10 2
72 12
10 2
72 6
10 2
72 2
10 2
72 8
10 5
72 3
10 2
72 2
10 0
72 4
10 2
72 8
10 2
72 6
10 2
72 8
10 2
72 8
10 0
72 7
10 0
72 9
10 2
72 10
10 2
72 10
10 0
72 4
10 2
72 8
10 2
72 10
10 2
72 2
10 0
72 9
10 2
72 10
10 0
72 4
10 0
72 9
10 0
72 11
10 0
72 4
10 0
72 9
10 2
72 10
10 0
72 11
10 2
72 2
10 2
72 2
10 2
72 2
10 2
72 2
10 2
72 2
10 2
72 2
10 2
72 2
10 0
72 7
10 2
72 6
10 0
72 7
10 0
72 7
10 2
72 6
10 2
72 6
10 0
72 7
10 2
72 6
10 0
72 7
10 0
72 7
10 0
72 7
10 0
72 7
10 0
72 4
10 4
72 7
12 3
72 5
12 0
72 2
12 2
72 7
10 0
72 4
10 0
72 2
10 0
72 8
10 0
72 4
10 0
72 2
10 0
72 8
10 0
72 6
10 0
72 2
10 0
72 7
10 0
72 4
10 0
72 2
10 0
72 8
10 0
72 4
10 0
72 2
10 0
72 2
10 2
72 2
10 0
72 4
10 2
72 2
10 0
72 2
10 0
72 2
10 2
72 2
10 2
72 2
10 2
72 2
10 0
72 2
10 0
72 2
10 2
72 2
10 0
72 2
10 2
10 2
72 2
10 0
72 2
10 0
72 2
10 2
72 2
10 0
72 2
10 2
10 2
72 2
10 0
72 2
10 0
72 2
10 2
72 2
10 0
72 2
10 0
72 2
10 2
72 2
10 0
72 2
10 0
72 2
10 2
72 2
10 0
72 2
10 0
72 2
10 2
72 2
10 0
72 2
10 0
72 2
10 2
72 2
10 0
72 2
10 0
72 2
10 2
72 2
10 0
72 2
10 0
72 2
10 2
72 2
10 0
72 2
10 0
72 2
10 2
72 2
10 0
72 2
10 2
10 2
72 2
10 0
72 2
10 0
72 2
10 2
72 2
10 0
72 2
10 0
72 2
10 2
72 2
10 0
72 2
10 0
72 2
10 0
72 11
10 0
72 4
10 0
72 2
10 0
72 8
10 0
72 4
10 0
72 2
10 0
72 2
10 2
72 2
10 2
10 2
10 2
72 2
10 0
72 2
10 0
72 2
10 2
72 2
10 0
72 2
10 2
10 2
72 2
10 0
72 2
10 0
72 2
10 2
72 2
10 0
72 2
10 0
E
S
L
16 2
72 2
16 5
18 2
72 2
18 4
19 11
18 4
15 7
11 11
16 9
15 2
16 2
18 11
22 11
21 11
16 2
72 2
16 4
18 2
72 2
18 5
19 11
18 4
15 7
11 11
16 9
15 2
16 2
18 11
22 11
23 11
4 3
72 1
4 2
72 2
4 4
16 9
4 0
72 7
11 9
18 5
15 3
72 1
11 4
23 7
16 6
72 2
16 7
11 6
72 2
11 7
10 6
72 2
10 7
11 7
23 7
16 8
72 1
16 3
72 1
16 7
4 7
11 9
18 5
15 4
11 4
23 7
16 6
72 2
16 7
11 6
72 2
11 7
10 6
72 2
10 6
72 2
11 7
23 7
16 8
72 1
16 3
72 1
16 6
72 2
16 7
11 5
18 4
15 4
11 4
23 11
11 0
4 6
72 2
4 7
15 7
11 7
10 3
72 1
10 4
22 4
10 3
72 1
11 7
23 7
16 8
72 1
16 3
72 1
16 6
72 2
16 7
11 7
18 7
15 7
11 7
4 5
72 3
4 7
15 6
72 2
11 7
22 4
10 6
72 2
10 4
11 7
23 7
4 6
72 2
4 6
72 2
4 7
16 7
11 7
11 7
18 5
15 4
15 7
16 8
72 1
16 3
72 1
11 6
72 2
11 7
10 7
10 7
11 6
72 2
11 7
4 3
72 1
4 2
72 2
4 2
72 2
4 2
72 2
4 7
16 7
11 9
18 4
15 4
11 4
23 4
11 4
16 6
72 2
16 7
15 6
72 2
11 7
10 6
72 2
10 7
11 6
72 2
11 7
16 2
72 2
16 5
18 2
72 2
18 4
19 11
18 4
15 7
11 11
16 9
15 2
16 2
18 11
22 11
21 11
16 2
72 2
16 4
18 2
72 2
18 5
19 11
18 4
15 7
11 11
16 9
15 2
16 2
18 11
22 11
23 11
4 3
72 1
4 2
72 2
4 4
16 9
4 0
72 7
11 9
18 5
15 3
72 1
11 4
23 7
16 6
72 2
16 7
11 6
72 2
11 7
10 6
72 2
10 7
11 7
23 7
16 8
72 1
16 3
72 1
16 7
4 7
11 9
18 5
15 4
11 4
23 7
16 6
72 2
16 7
11 6
72 2
11 7
10 6
72 2
10 6
72 2
11 7
23 7
16 8
72 1
16 3
72 1
16 6
72 2
16 7
11 5
18 4
15 4
11 4
23 11
11 0
4 6
72 2
4 7
15 7
11 7
10 3
72 1
10 4
22 4
10 3
72 1
11 7
23 7
16 8
72 1
16 3
72 1
16 6
72 2
16 7
11 7
18 7
15 7
11 7
4 5
72 3
4 7
15 6
72 2
11 7
22 4
10 6
72 2
10 4
11 7
23 7
4 6
72 2
4 6
72 2
4 7
16 7
11 7
11 7
18 5
15 4
15 7
16 8
72 1
16 3
72 1
11 6
72 2
11 7
10 7
10 7
11 6
72 2
11 7
4 3
72 1
4 2
72 2
4 2
72 2
4 2
72 2
4 7
16 7
11 9
18 4
15 4
11 4
23 4
11 4
16 6
72 2
16 7
15 6
72 2
11 7
10 6
72 2
10 7
11 6
72 2
11 7
16 2
72 2
16 5
18 2
72 2
18 4
19 11
18 4
15 7
11 11
16 9
15 2
16 2
18 11
22 11
21 11
16 2
72 2
16 4
18 2
72 2
18 5
19 11
18 4
15 7
11 11
16 9
15 2
16 2
18 11
22 11
23 11
4 3
72 1
4 2
72 2
4 4
16 9
4 0
72 7
11 9
18 5
15 3
72 1
11 4
23 7
16 6
72 2
16 7
11 6
72 2
11 7
10 6
72 2
10 7
11 7
23 7
16 8
72 1
16 3
72 1
16 7
4 7
11 9
18 5
15 4
11 4
23 7
16 6
72 2
16 7
11 6
72 2
11 7
10 6
72 2
10 6
72 2
11 7
23 7
16 8
72 1
16 3
72 1
16 6
72 2
16 7
11 5
18 4
15 4
11 4
23 11
11 0
4 6
72 2
4 7
15 7
11 7
10 3
72 1
10 4
22 4
10 3
72 1
11 7
23 7
16 8
72 1
16 3
72 1
16 6
72 2
16 7
11 7
18 7
15 7
11 7
4 5
72 3
4 7
15 6
72 2
11 7
22 4
10 6
72 2
10 4
11 7
23 7
4 6
72 2
4 6
72 2
4 7
16 7
11 7
11 7
18 5
15 4
15 7
16 8
72 1
16 3
72 1
11 6
72 2
11 7
10 7
10 7
11 6
72 2
11 7
4 3
72 1
4 2
72 2
4 2
72 2
4 2
72 2
4 7
16 7
11 9
18 4
15 4
11 4
23 4
11 4
16 6
72 2
16 7
15 6
72 2
11 7
10 6
72 2
10 7
11 11
72 14
4 4
72 4
4 4
10 4
72 4
9 7
7 3
72 1
4 4
72 4
4 4
10 4
72 4
9 7
7 3
72 1
4 4
72 4
4 4
10 4
72 4
9 7
7 4
4 4
72 4
4 4
10 3
72 5
9 7
7 3
72 1
4 4
72 4
4 4
10 3
72 1
4 4
9 7
7 4
4 4
72 4
4 4
10 3
72 1
4 4
9 7
7 3
72 1
4 4
72 4
4 4
10 3
72 1
4 4
9 7
7 3
72 1
4 7
16 4
14 3
72 1
4 4
10 4
9 4
7 3
72 1
4 4
72 4
4 2
72 2
4 3
72 1
4 2
72 2
4 2
72 2
4 2
72 2
4 2
72 2
4 2
72 2
4 2
72 2
4 2
72 2
4 2
72 2
4 2
72 2
4 2
72 2
4 2
72 2
4 2
72 2
4 2
72 2
4 2
72 2
4 2
72 2
4 2
72 2
4 2
72 2
4 2
72 2
4 2
72 2
4 2
72 2
4 2
72 2
4 2
72 2
4 2
72 2
4 2
72 2
4 2
72 2
4 2
72 2
4 2
72 2
4 2
72 2
4 2
72 2
4 2
72 2
4 2
72 2
4 2
72 2
4 2
72 2
4 2
72 2
4 2
72 2
4 2
72 2
4 2
72 2
4 3
72 1
4 2
72 2
4 2
72 2
4 2
72 2
4 2
72 2
4 2
72 2
4 2
72 2
4 2
72 2
4 2
72 2
4 2
72 2
4 2
72 2
4 2
72 2
4 2
72 2
4 2
72 2
4 3
72 1
4 2
72 2
4 4
16 4
14 4
4 5
10 4
9 4
7 4
4 3
72 1
4 8
72 12
6 0
72 4
6 0
72 2
6 2
6 2
72 2
6 0
72 2
6 2
6 2
72 2
6 0
72 2
6 2
6 0
72 4
6 0
72 2
6 2
6 2
72 2
6 0
72 2
6 2
6 0
72 4
6 0
72 2
6 2
6 2
72 2
6 0
72 2
6 2
6 2
72 2
6 0
72 2
6 2
8 2
72 2
8 0
72 2
8 2
8 0
72 4
8 0
72 2
8 2
8 0
72 4
8 0
72 2
8 2
8 0
72 4
8 0
72 2
8 2
8 0
72 4
8 0
72 2
8 2
8 0
72 4
8 0
72 2
8 2
8 0
72 4
8 0
72 2
8 2
8 0
72 4
8 0
72 2
8 2
6 2
72 2
6 0
72 2
6 2
6 0
72 4
6 0
72 2
6 2
6 0
72 4
6 0
72 2
6 2
6 0
72 4
6 0
72 2
6 2
6 0
72 4
6 0
72 2
6 2
6 0
72 4
6 0
72 2
6 2
6 0
72 4
6 0
72 2
6 2
6 0
72 4
6 0
72 2
6 2
11 2
72 2
11 0
72 2
11 2
11 2
72 2
11 0
72 2
11 2
11 2
72 2
11 0
72 2
11 2
11 0
72 4
11 2
11 2
9 2
72 2
9 0
72 2
9 2
9 2
72 2
9 0
72 2
9 2
4 7
5 7
6 2
72 2
6 0
72 2
6 2
6 0
72 4
6 0
72 2
6 2
6 2
72 2
6 0
72 2
6 2
6 0
72 4
6 0
72 2
6 2
6 0
72 4
6 0
72 2
6 2
6 0
72 4
6 0
72 2
6 13
E
S
L
40 2
72 2
40 4
39 4
40 4
35 9
33 2
35 2
33 11
30 2
72 2
27 4
23 4
28 11
30 8
72 1
31 3
33 3
34 11
35 11
40 2
72 2
40 4
39 4
40 4
35 9
33 2
35 2
33 11
35 11
34 4
72 2
33 5
72 0
31 5
30 9
72 4
28 10
27 2
28 2
30 9
72 4
40 3
72 5
39 4
40 4
35 11
39 2
72 2
39 4
38 4
39 4
33 10
72 2
40 0
72 4
40 4
39 4
40 4
42 7
35 6
72 2
46 4
42 4
40 7
39 8
72 6
40 4
39 2
40 2
39 4
40 4
35 11
34 4
35 2
34 2
35 5
34 4
33 11
28 0
72 4
28 4
30 4
31 4
33 2
72 2
33 4
31 4
33 2
72 2
34 2
35 2
34 2
35 2
34 3
72 1
34 4
33 8
72 14
40 2
72 2
40 4
39 4
40 4
35 9
33 2
35 2
33 11
30 2
72 2
27 4
23 4
28 11
30 8
72 1
31 3
33 3
34 11
35 11
40 2
72 2
40 4
39 4
40 4
35 9
33 2
35 2
33 11
35 11
34 4
72 2
33 5
72 0
31 5
30 9
72 4
28 10
27 2
28 2
30 9
72 4
40 3
72 5
39 4
40 4
35 11
39 2
72 2
39 4
38 4
39 4
33 10
72 2
40 0
72 4
40 4
39 4
40 4
42 7
35 6
72 2
46 4
42 4
40 7
39 8
72 6
40 4
39 2
40 2
39 4
40 4
35 11
34 4
35 2
34 2
35 5
34 4
33 11
28 0
72 4
28 4
30 4
31 4
33 2
72 2
33 4
31 4
33 2
72 2
34 2
35 2
34 2
35 2
34 3
72 1
34 4
33 8
72 14
40 2
72 2
40 4
39 4
40 4
35 9
33 2
35 2
33 11
30 2
72 2
27 4
23 4
28 11
30 8
72 1
31 3
33 3
34 11
35 11
40 2
72 2
40 4
39 4
40 4
35 9
33 2
35 2
33 11
35 11
34 4
72 2
33 5
72 0
31 5
30 9
72 4
28 10
27 2
28 2
30 9
72 4
40 3
72 5
39 4
40 4
35 11
39 2
72 2
39 4
38 4
39 4
33 10
72 2
40 0
72 4
40 4
39 4
40 4
42 7
35 6
72 2
46 4
42 4
40 7
39 8
72 6
40 4
39 2
40 2
39 4
40 4
35 11
34 4
35 2
34 2
35 5
34 4
33 11
28 0
72 4
28 4
30 4
31 4
33 2
72 2
33 4
31 4
33 2
72 2
34 2
35 2
34 2
35 2
34 3
72 1
34 4
33 8
72 14
28 4
72 4
28 4
34 4
72 4
33 7
31 3
72 1
28 4
72 4
28 4
34 4
72 4
33 7
31 3
72 1
28 4
72 4
28 4
34 4
72 4
33 7
31 4
28 4
72 4
28 4
34 3
72 5
33 7
31 3
72 1
28 4
72 4
28 4
34 3
72 1
28 4
33 7
31 4
28 4
72 4
28 4
34 3
72 1
28 4
33 7
31 3
72 1
28 4
72 4
28 4
34 3
72 1
28 4
33 7
31 3
72 1
28 7
40 4
38 3
72 1
28 4
34 4
33 4
31 3
72 1
28 4
72 4
28 4
34 4
72 4
33 7
31 3
72 1
28 4
72 4
28 4
34 4
72 4
33 7
31 3
72 1
28 4
72 4
28 4
34 4
72 4
33 7
31 4
28 4
72 4
28 4
34 3
72 5
33 7
31 3
72 1
28 4
72 4
28 4
34 3
72 1
28 4
33 7
31 4
28 4
72 4
28 4
34 3
72 1
28 4
33 7
31 3
72 1
28 4
72 4
28 4
34 3
72 1
28 4
33 7
31 3
72 1
28 7
40 4
38 3
72 1
28 4
34 4
33 4
31 3
72 1
28 4
E
S
L
72 14
24 0
72 2
24 0
72 2
23 0
72 4
22 0
72 4
25 0
72 4
23 0
72 4
24 0
72 4
23 0
72 2
23 0
72 2
22 0
72 14
23 0
72 2
24 2
72 2
23 0
72 4
25 0
72 4
23 0
72 4
22 0
72 14
22 0
72 13
25 0
72 6
24 0
72 8
23 0
72 6
22 0
72 14
24 0
72 2
23 0
72 4
22 0
72 14
24 2
24 0
72 2
24 0
72 2
24 0
72 2
25 0
72 2
24 2
24 0
72 2
24 2
23 0
72 2
23 2
22 0
72 2
23 2
24 0
72 2
23 0
72 2
22 0
E
S
H
72 14
40 4
72 4
40 4
46 4
72 4
45 7
43 3
72 1
40 4
72 4
40 4
46 4
72 4
45 7
43 3
72 1
40 4
72 4
40 4
46 4
72 4
45 7
43 4
40 4
72 4
40 4
46 3
72 5
45 7
43 3
72 1
40 4
72 4
40 4
46 3
72 1
40 4
45 7
43 4
40 4
72 4
40 4
46 3
72 1
40 4
45 7
43 3
72 1
40 4
72 4
40 4
46 3
72 1
40 4
45 7
43 3
72 1
40 7
52 4
50 3
72 1
40 4
46 4
45 4
43 3
72 1
40 4
72 4
40 4
46 4
72 4
45 7
43 3
72 1
40 4
72 4
40 4
46 4
72 4
45 7
43 3
72 1
40 4
72 4
40 4
46 4
72 4
45 7
43 4
40 4
72 4
40 4
46 3
72 5
45 7
43 3
72 1
40 4
72 4
40 4
46 3
72 1
40 4
45 7
43 4
40 4
72 4
40 4
46 3
72 1
40 4
45 7
43 3
72 1
40 4
72 4
40 4
46 3
72 1
40 4
45 7
43 3
72 1
40 7
52 4
50 3
72 1
40 4
46 4
45 4
43 3
72 1
40 4
72 13
42 4
54 2
72 2
53 2
52 2
49 2
52 2
72 2
49 2
72 2
48 2
72 2
47 2
45 3
40 3
42 3
72 1
54 2
72 2
53 2
52 3
49 2
52 2
72 2
49 2
72 2
48 2
72 2
47 3
45 3
40 2
44 4
56 2
72 2
55 2
54 2
51 2
54 2
72 2
51 2
72 2
50 2
72 2
49 2
47 3
42 0
72 1
44 4
56 2
72 2
55 2
54 2
51 2
54 2
72 2
51 2
72 2
50 2
72 2
49 2
47 3
42 2
42 3
72 1
54 2
72 2
53 2
52 2
49 2
52 2
72 2
49 2
72 2
48 2
72 2
47 3
45 3
40 3
42 3
72 1
54 2
72 2
53 2
52 3
49 2
52 2
72 2
49 2
72 2
48 2
72 2
47 3
45 3
40 3
72 14
42 4
54 2
72 2
53 2
52 2
49 2
52 2
72 2
49 2
72 2
48 2
72 2
47 2
45 3
40 3
42 4
54 2
72 2
53 4
52 2
51 2
693 13
E
X
