major
S
H
72 13
101 7
101 6
127 2
153 11
127 11
101 11
192 13
72 13
101 7
101 6
127 2
153 11
127 11
192 11
101 13
E
S
H
72 13
67 4
60 4
65 4
60 4
64 0
65 0
72 2
64 10
72 4
65 4
67 4
69 4
67 7
60 7
62 7
62 4
60 4
59 4
57 4
55 7
72 13
67 4
60 4
65 4
60 4
64 0
65 0
72 2
64 10
72 4
65 4
64 4
62 4
67 7
55 7
72 4
60 4
55 4
52 4
48 11
E
S
H
72 14
192 4
101 4
192 4
101 4
72 14
192 4
101 4
192 4
101 4
E
S
L
25 7
72 14
25 7
E
S
H
72 14
36 4
40 4
43 4
40 4
36 4
40 4
43 4
40 4
36 4
40 4
43 4
40 4
36 4
40 4
43 4
40 4
72 2
41 2
41 2
72 2
41 4
72 2
41 2
72 2
42 2
42 2
72 2
42 4
72 2
42 2
72 4
43 4
38 4
35 4
31 11
36 4
40 4
43 4
40 4
36 4
40 4
43 4
40 4
36 4
40 4
43 4
40 4
36 4
40 4
43 4
40 4
72 2
41 2
41 2
72 2
41 4
72 2
41 2
72 2
38 2
38 2
72 2
38 4
72 2
38 2
72 4
40 4
40 4
40 4
40 11
36 4
40 4
43 4
40 4
36 4
40 4
43 4
40 4
36 4
40 4
43 4
40 4
36 4
40 4
43 4
40 4
72 2
41 2
41 2
72 2
41 4
72 2
41 2
72 2
42 2
42 2
72 2
42 4
72 2
42 2
72 4
43 4
38 4
35 4
31 11
36 4
40 4
43 4
40 4
36 4
40 4
43 4
40 4
36 4
40 4
43 4
40 4
36 4
40 4
43 4
40 4
72 2
41 2
41 2
72 2
41 4
72 2
41 2
72 2
38 2
38 2
72 2
38 4
72 2
38 2
72 4
36 4
40 4
43 4
48 11
E
X
