major
S
H
50 4
50 4
44 4
44 4
47 4
47 4
41 4
41 4
72 13
50 4
50 4
44 4
44 4
47 4
47 4
41 4
41 4
72 13
51 4
51 4
45 4
45 4
48 4
48 4
42 4
42 4
72 13
51 4
51 4
45 4
45 4
48 4
48 4
42 4
42 4
72 13
41 2
44 2
47 2
50 2
47 2
45 2
41 2
44 2
47 2
50 2
47 2
45 2
41 2
44 2
47 2
50 2
47 2
45 2
41 12
E
S
H
50 4
72 1
50 4
44 4
72 1
44 4
47 4
72 1
47 4
41 4
72 1
41 4
72 13
50 4
72 1
50 4
44 4
72 1
44 4
47 4
72 1
47 4
41 4
72 1
41 4
72 13
51 4
72 1
51 4
45 4
72 1
45 4
48 4
72 1
48 4
42 4
72 1
42 4
72 13
51 4
72 1
51 4
45 4
72 1
45 4
48 4
72 1
48 4
42 4
72 1
42 4
72 13
41 2
72 0
44 2
72 0
47 2
50 2
47 2
72 0
45 2
72 0
41 2
44 2
47 2
72 0
50 2
72 0
47 2
45 2
41 2
72 0
44 2
72 0
47 2
50 2
47 2
72 0
45 2
72 0
41 12
E
S
H
36 0
37 0
72 2
36 0
72 0
37 0
72 1
36 0
72 1
37 0
72 0
36 0
37 0
72 2
36 0
37 0
72 2
36 0
72 0
37 0
72 1
36 0
72 1
37 0
72 0
36 0
37 0
72 2
36 0
37 0
72 2
36 0
72 0
37 0
72 1
36 0
72 1
37 0
72 0
36 0
37 0
72 2
36 0
37 0
72 2
36 0
72 0
37 0
72 1
36 0
72 1
37 0
72 0
36 0
37 0
72 2
36 0
37 0
72 2
36 0
72 0
37 0
72 1
36 0
72 1
37 0
72 0
36 0
37 0
72 2
36 0
37 0
72 2
36 0
72 0
37 0
72 1
36 0
72 1
37 0
72 0
36 0
37 0
72 2
36 0
37 0
72 2
36 0
72 0
37 0
72 1
36 0
72 1
37 0
72 0
36 0
37 0
72 2
36 0
37 0
72 2
36 0
72 0
37 0
72 1
36 0
72 1
37 0
72 0
36 0
37 0
72 2
36 0
37 0
72 2
36 0
72 0
37 0
72 1
36 0
72 1
37 0
72 0
36 0
37 0
72 2
36 0
37 0
72 2
36 0
72 0
37 0
72 1
36 0
72 1
37 0
72 0
36 0
37 0
72 2
36 0
37 0
72 2
36 0
72 0
37 0
72 1
36 0
72 1
37 0
72 0
36 0
37 0
72 2
36 0
37 0
72 2
36 0
72 0
37 0
72 1
36 0
72 1
37 0
72 0
36 0
37 0
72 2
36 0
37 0
72 2
36 0
72 0
37 0
72 1
36 0
72 1
37 0
72 0
36 0
37 0
72 2
36 0
37 0
72 2
36 0
72 0
37 0
72 1
36 0
72 1
37 0
72 0
36 0
37 0
72 2
36 0
37 0
72 2
36 0
72 0
37 0
72 1
36 0
72 1
37 0
72 0
36 0
37 0
72 2
36 0
37 0
72 2
36 0
72 0
37 0
72 1
36 0
72 1
37 0
72 0
36 0
37 0
72 2
36 0
37 0
72 2
36 0
72 0
37 0
72 1
36 0
72 1
37 0
72 0
36 0
37 0
72 2
36 0
37 0
72 2
36 0
72 0
37 0
72 1
36 0
72 1
37 0
72 0
36 0
37 0
72 2
36 0
37 0
72 2
36 0
72 0
37 0
72 1
36 0
72 1
37 0
72 0
36 0
37 0
72 2
36 0
37 0
72 2
36 0
72 0
37 0
72 1
36 0
72 1
37 0
72 0
36 0
37 0
72 2
36 0
37 0
72 2
36 0
72 0
37 0
72 1
36 0
72 1
37 0
72 0
36 0
37 0
72 2
36 0
37 0
72 2
36 0
72 0
37 0
72 1
36 0
72 1
37 0
72 0
36 0
37 0
72 2
36 0
37 0
72 2
36 0
72 0
37 0
72 1
36 0
72 1
37 0
72 0
36 0
37 0
72 2
36 0
37 0
72 2
36 0
72 0
37 0
72 1
36 0
72 1
37 0
72 0
36 0
37 0
72 2
36 0
37 0
72 2
36 0
72 0
37 0
72 1
36 0
72 1
37 0
72 0
36 0
37 0
72 2
36 0
37 0
72 2
36 0
72 0
37 0
72 1
36 0
72 1
37 0
72 0
36 0
37 0
72 2
36 0
37 0
72 2
36 0
72 0
37 0
72 1
36 0
72 1
37 0
72 0
36 0
37 0
72 2
36 0
37 0
72 2
36 0
72 0
37 0
72 1
36 0
72 1
37 0
72 0
36 0
37 0
72 2
36 0
37 0
72 2
36 0
72 0
37 0
72 1
36 0
72 1
37 0
72 0
36 0
37 0
72 2
36 0
37 0
72 2
36 0
72 0
37 0
72 1
36 0
72 1
37 0
72 0
36 0
37 0
72 2
36 0
37 0
72 2
36 0
72 0
37 0
72 1
36 0
72 1
37 0
72 0
36 0
37 0
72 2
36 0
37 0
72 2
36 0
72 0
37 0
72 1
36 0
72 1
37 0
72 0
36 0
37 0
E
S
L
20 0
72 11
20 0
72 12
20 0
72 7
20 0
72 7
14 0
72 7
20 0
72 11
20 0
72 12
20 0
72 7
20 0
72 7
14 0
72 7
20 0
72 11
20 0
72 12
20 0
72 7
20 0
72 7
14 0
72 7
20 0
72 11
20 0
72 12
20 0
72 7
20 0
72 7
14 14
E
X
