minor
S
L
72 12
226 2
72 2
226 2
226 2
72 2
226 2
226 2
1606 4
226 2
72 2
226 2
226 2
72 2
226 2
226 2
72 2
226 2
226 2
226 2
226 2
226 2
72 2
226 2
226 2
72 2
226 2
226 2
72 2
226 2
226 2
1606 4
226 2
72 2
226 2
226 2
72 2
226 2
226 2
72 2
226 2
226 2
226 2
226 2
226 2
72 2
226 2
226 2
72 2
226 2
226 2
72 2
226 2
226 2
1606 4
226 2
72 2
226 2
226 2
72 2
226 2
226 2
72 2
226 2
226 2
226 2
226 2
226 2
72 2
226 2
226 2
72 2
226 2
226 2
72 2
226 2
226 2
1606 4
226 2
72 2
226 2
226 2
72 2
226 2
226 2
72 2
226 2
226 2
226 2
226 2
226 2
72 2
226 2
226 2
72 2
226 2
226 2
72 2
226 2
226 2
1606 4
226 2
72 2
226 2
226 2
72 2
226 2
226 2
72 2
226 2
226 2
226 2
226 2
226 2
72 2
226 2
226 2
72 2
226 2
226 2
72 2
226 2
226 2
1606 4
226 2
72 2
226 2
226 2
72 2
226 2
226 2
72 2
226 2
226 2
226 2
226 2
226 2
72 2
226 2
226 2
72 2
226 2
226 2
72 2
226 2
226 2
1606 4
226 2
72 2
226 2
226 2
72 2
226 2
226 2
72 2
226 2
226 2
226 2
226 2
226 2
72 2
226 2
226 2
72 2
226 2
226 2
72 2
226 2
226 2
1606 4
226 2
72 2
226 2
226 2
72 2
226 2
226 2
72 2
226 2
226 2
226 2
226 2
226 2
72 2
226 2
226 2
72 2
226 2
226 2
72 2
226 2
226 2
1606 4
226 2
72 2
226 2
239 2
72 2
239 2
239 2
72 2
239 2
72 2
983 4
119 2
72 2
119 2
200 2
72 2
200 2
200 2
72 2
200 2
72 2
656 4
147 2
72 2
10 2
171 2
72 2
171 2
171 2
72 2
171 2
72 4
511 4
171 2
171 2
239 2
72 2
239 2
239 2
72 2
239 2
239 2
1763 4
239 2
72 2
239 2
108 2
72 2
108 2
108 2
72 2
108 2
72 2
1140 4
132 2
72 2
132 2
213 2
72 2
213 2
213 2
72 2
213 2
72 2
813 4
160 2
72 2
11 2
184 2
72 2
184 2
184 2
72 2
184 2
72 4
668 4
184 2
184 2
160 2
72 2
160 2
160 2
72 2
160 2
160 2
813 4
160 2
72 2
160 2
160 2
72 2
160 2
160 2
72 2
160 2
160 2
160 2
160 2
160 2
72 2
160 2
160 2
72 2
160 2
160 2
72 2
160 2
160 2
813 4
160 2
72 2
160 2
160 2
72 2
160 2
160 2
72 2
160 2
160 2
160 2
160 2
160 2
72 2
160 2
72 14
108 9
134 9
160 9
240 9
108 9
134 9
160 9
189 9
213 12
240 12
108 12
134 9
240 9
160 2
72 2
160 2
160 2
72 2
160 2
160 2
72 2
160 2
160 2
160 2
160 2
160 2
E
S
H
72 12
34 2
29 2
34 2
36 2
29 2
36 2
37 2
29 2
37 2
39 2
29 2
39 2
41 2
39 2
37 2
39 2
37 2
36 2
37 2
36 2
34 2
36 2
34 2
32 2
34 2
29 2
34 2
36 2
29 2
36 2
37 2
29 2
37 2
39 2
29 2
39 2
41 2
39 2
37 2
39 2
37 2
36 2
37 2
36 2
34 2
36 2
34 2
32 2
34 2
29 2
34 2
36 2
29 2
36 2
37 2
29 2
37 2
39 2
29 2
39 2
41 2
39 2
37 2
39 2
37 2
36 2
37 2
36 2
34 2
36 2
34 2
32 2
34 2
29 2
34 2
36 2
29 2
36 2
37 2
29 2
37 2
39 2
29 2
39 2
41 2
39 2
37 2
39 2
37 2
36 2
37 2
36 2
34 2
36 2
34 2
32 2
72 14
36 2
37 2
39 2
41 2
39 2
37 2
36 2
37 2
32 2
34 9
72 14
54 7
53 2
51 2
53 6
49 6
47 7
49 2
51 2
46 6
42 6
47 7
49 2
51 2
42 6
46 6
45 6
41 6
46 6
50 6
55 7
54 2
52 2
54 6
50 6
52 7
54 2
55 2
50 6
43 6
48 7
50 2
52 2
47 6
52 6
55 9
51 9
52 2
72 2
47 2
72 2
52 2
72 2
47 2
72 2
52 2
72 2
47 2
72 2
52 2
72 4
52 2
54 2
55 2
57 2
55 2
54 2
55 2
54 2
50 2
52 2
72 2
55 2
72 2
57 2
72 2
55 2
72 2
57 2
72 2
52 2
72 2
55 2
72 2
54 2
72 2
55 2
72 2
50 2
47 2
54 2
72 2
52 2
72 2
1773 12
359 9
1471 9
1773 12
1471 9
998 9
1773 12
359 9
1471 9
1773 12
1471 9
998 9
72 14
1773 12
359 9
1471 9
1773 12
1471 9
998 9
1773 12
359 9
1471 9
1773 12
1471 9
998 9
1773 12
359 9
1471 9
1773 12
1471 9
998 9
1773 12
359 9
1471 9
1773 12
1471 9
998 9
E
S
L
72 12
10 4
10 2
17 4
10 2
10 4
10 2
17 4
10 2
10 4
10 2
17 4
10 2
10 2
10 2
10 2
10 4
10 2
10 4
10 2
17 4
10 2
10 4
10 2
17 4
10 2
10 4
10 2
17 4
10 2
10 2
10 2
10 2
10 4
10 2
10 4
10 2
17 4
10 2
10 4
10 2
17 4
10 2
10 4
10 2
17 4
10 2
10 2
10 2
10 2
10 4
10 2
10 4
10 2
17 4
10 2
10 4
10 2
17 4
10 2
10 4
10 2
17 4
10 2
10 2
10 2
10 2
17 4
17 2
10 4
10 2
17 4
10 2
10 4
10 2
17 4
10 2
10 4
10 2
17 4
10 2
10 2
10 2
10 2
10 4
10 2
10 4
10 2
17 4
10 2
10 4
10 2
17 4
10 2
10 4
10 2
17 4
10 2
10 2
10 2
10 2
10 4
10 2
10 4
10 2
17 4
10 2
10 4
10 2
17 4
10 2
10 4
10 2
17 4
10 2
10 2
10 2
10 2
10 4
10 2
10 4
10 2
17 4
10 2
10 4
10 2
17 4
10 2
10 4
10 2
17 4
10 2
10 2
13 2
10 2
17 4
17 2
15 4
15 2
18 4
18 2
10 4
10 2
17 4
17 2
11 4
11 2
11 2
10 2
8 2
6 4
6 2
13 4
13 2
8 4
8 2
15 4
15 2
6 4
6 2
10 4
10 2
5 4
5 2
17 2
5 2
17 2
10 2
10 2
10 2
14 4
15 2
16 4
16 2
19 4
19 2
11 4
11 2
18 4
18 2
12 4
12 2
12 2
11 2
9 2
7 4
7 2
14 4
14 2
9 4
9 2
16 4
16 2
19 4
19 2
11 4
11 2
18 4
18 2
18 2
11 2
18 2
11 4
11 2
15 4
15 2
12 4
12 2
12 2
7 2
12 2
12 4
12 2
12 2
7 2
12 2
14 4
14 2
14 2
9 2
14 2
14 4
14 2
14 2
9 2
14 2
16 4
11 2
4 4
11 2
16 4
11 2
4 4
11 2
16 4
11 2
4 4
11 2
16 4
11 2
4 4
11 2
16 4
11 2
4 2
11 2
16 2
16 4
11 2
4 2
11 2
16 2
16 4
11 2
4 2
11 2
16 2
16 4
11 2
4 2
11 2
16 2
16 4
11 2
4 2
11 2
16 2
16 4
11 2
4 2
11 2
16 2
16 4
11 2
4 2
11 2
16 2
16 4
11 2
4 2
11 2
16 2
16 4
11 2
4 2
11 2
16 2
16 4
11 2
4 2
11 2
16 2
16 4
11 2
4 2
11 2
16 2
16 4
11 2
4 2
11 2
16 2
16 4
11 2
4 2
11 2
16 2
16 4
11 2
4 2
11 2
16 2
16 4
11 2
4 2
11 2
16 2
16 4
11 2
4 2
11 2
16 2
72 14
153 4
153 2
153 4
153 2
153 4
153 2
153 2
153 2
153 2
153 4
72 14
21 2
23 2
19 2
21 2
17 2
14 2
16 4
11 2
4 2
11 2
16 2
16 4
11 2
4 2
11 2
16 2
16 4
11 2
4 2
11 2
16 2
16 4
11 2
4 2
11 2
16 2
16 4
11 2
4 2
11 2
16 2
16 4
11 2
4 2
11 2
16 2
16 4
11 2
4 2
11 2
16 2
16 4
11 2
4 2
11 2
16 2
16 4
11 2
4 2
11 2
16 2
16 4
11 2
4 2
11 2
16 2
16 4
11 2
4 2
11 2
16 2
16 4
11 2
4 2
11 2
16 2
16 4
11 2
4 2
11 2
16 2
16 4
11 2
4 2
11 2
16 2
16 4
11 2
4 2
11 2
16 2
16 4
11 2
4 2
11 2
16 2
16 4
11 2
4 2
11 2
16 2
16 4
11 2
4 2
11 2
16 2
16 4
11 2
4 2
11 2
16 2
16 4
11 2
4 2
11 2
16 2
16 4
11 2
4 2
11 2
16 2
16 4
11 2
4 2
11 2
16 2
16 4
11 2
4 2
11 2
16 2
16 4
11 2
4 2
11 2
16 2
16 4
11 2
4 2
11 2
16 2
16 4
11 2
4 2
11 2
16 2
16 4
11 2
4 2
11 2
16 2
16 4
11 2
4 2
11 2
16 2
16 4
11 2
4 2
11 2
16 2
16 4
11 2
4 2
11 2
16 2
16 4
11 2
4 2
11 2
16 2
16 4
11 2
4 2
11 2
16 2
72 6
12 2
12 2
12 2
14 2
14 2
14 2
16 2
16 2
72 10
4 14
E
S
H
72 12
226 9
72 14
226 9
72 14
226 7
72 14
226 7
72 14
174 9
72 14
196 9
72 14
184 9
72 9
160 9
72 9
160 9
72 13
160 9
72 14
160 9
72 14
160 9
72 14
160 9
72 13
160 9
72 14
160 9
72 14
175 9
72 14
160 9
72 13
175 9
72 13
160 9
E
S
L
72 14
28 2
72 2
28 2
35 9
31 2
35 2
38 2
37 9
35 6
33 6
31 2
72 2
26 2
28 9
26 2
30 2
26 2
28 9
26 9
28 2
72 2
28 2
35 9
28 2
35 2
38 2
37 9
35 6
33 6
35 2
72 2
31 2
33 9
31 2
38 2
42 2
40 9
38 9
72 14
28 2
72 2
28 2
35 9
31 2
35 2
38 2
37 9
35 6
33 6
31 2
72 2
26 2
28 9
26 2
30 2
26 2
28 9
26 9
28 2
72 2
28 2
35 9
28 2
35 2
38 2
37 9
35 6
33 6
35 2
72 2
31 2
33 9
31 2
38 2
42 2
40 9
38 9
28 2
72 2
28 2
35 9
31 2
35 2
38 2
37 9
35 6
33 6
35 2
72 2
31 2
33 9
31 2
30 2
26 2
28 9
26 6
30 6
28 2
72 2
28 2
35 9
28 2
35 2
38 2
37 9
35 6
33 6
35 2
72 2
31 2
33 9
31 2
38 2
42 2
40 9
38 6
42 6
E
S
H
72 14
41 9
72 14
41 9
72 14
41 9
72 14
41 9
72 14
41 9
E
S
H
72 14
38 0
38 0
72 2
38 2
34 2
31 2
28 2
72 14
38 2
38 2
36 2
33 2
29 2
E
S
L
72 14
24 0
72 1
24 0
72 0
24 0
24 0
72 2
24 0
24 0
72 2
24 0
72 0
24 0
72 1
24 0
72 1
24 0
72 0
24 0
24 0
72 2
108 6
72 14
24 0
72 1
24 0
72 0
24 0
24 0
72 2
24 0
24 0
72 2
24 0
72 0
24 0
72 1
24 0
72 1
24 0
72 0
24 0
24 0
72 14
24 0
72 1
24 0
72 0
24 0
24 0
72 2
24 0
24 0
72 2
24 0
72 0
24 0
72 1
24 0
72 1
24 0
72 0
24 0
24 0
E
S
L
72 14
28 2
72 2
28 2
35 9
31 2
35 2
38 2
37 9
35 6
33 6
31 2
72 2
26 2
28 9
26 2
30 2
26 2
28 9
26 9
28 2
72 2
28 2
35 9
28 2
35 2
38 2
37 9
35 6
33 6
35 2
72 2
31 2
33 9
31 2
38 2
42 2
40 9
38 9
72 14
28 2
72 2
28 2
35 9
31 2
35 2
38 2
37 9
35 6
33 6
31 2
72 2
26 2
28 9
26 2
30 2
26 2
28 9
26 9
28 2
72 2
28 2
35 9
28 2
35 2
38 2
37 9
35 6
33 6
35 2
72 2
31 2
33 9
31 2
38 2
42 2
40 9
38 9
28 2
72 2
28 2
35 9
31 2
35 2
38 2
37 9
35 6
33 6
35 2
72 2
31 2
33 9
31 2
30 2
26 2
28 9
26 6
30 6
28 2
72 2
28 2
35 9
28 2
35 2
38 2
37 9
35 6
33 6
35 2
72 2
31 2
33 9
31 2
38 2
42 2
40 9
38 6
42 6
E
S
L
72 12
10 4
10 2
17 4
10 2
10 4
10 2
17 4
10 2
10 4
10 2
17 4
10 2
10 2
10 2
10 2
10 4
10 2
10 4
10 2
17 4
10 2
10 4
10 2
17 4
10 2
10 4
10 2
17 4
10 2
10 2
10 2
10 2
10 4
10 2
10 4
10 2
17 4
10 2
10 4
10 2
17 4
10 2
10 4
10 2
17 4
10 2
10 2
10 2
10 2
10 4
10 2
10 4
10 2
17 4
10 2
10 4
10 2
17 4
10 2
10 4
10 2
17 4
10 2
10 2
10 2
10 2
17 4
17 2
10 4
10 2
17 4
10 2
10 4
10 2
17 4
10 2
10 4
10 2
17 4
10 2
10 2
10 2
10 2
10 4
10 2
10 4
10 2
17 4
10 2
10 4
10 2
17 4
10 2
10 4
10 2
17 4
10 2
10 2
10 2
10 2
10 4
10 2
10 4
10 2
17 4
10 2
10 4
10 2
17 4
10 2
10 4
10 2
17 4
10 2
10 2
10 2
10 2
10 4
10 2
10 4
10 2
17 4
10 2
10 4
10 2
17 4
10 2
10 4
10 2
17 4
10 2
10 2
13 2
10 2
17 4
17 2
15 4
15 2
18 4
18 2
10 4
10 2
17 4
17 2
11 4
11 2
11 2
10 2
8 2
6 4
6 2
13 4
13 2
8 4
8 2
15 4
15 2
6 4
6 2
10 4
10 2
5 4
5 2
17 2
5 2
17 2
10 2
10 2
10 2
14 4
15 2
16 4
16 2
19 4
19 2
11 4
11 2
18 4
18 2
12 4
12 2
12 2
11 2
9 2
7 4
7 2
14 4
14 2
9 4
9 2
16 4
16 2
19 4
19 2
11 4
11 2
18 4
18 2
18 2
11 2
18 2
11 4
11 2
15 4
15 2
12 4
12 2
12 2
7 2
12 2
12 4
12 2
12 2
7 2
12 2
14 4
14 2
14 2
9 2
14 2
14 4
14 2
14 2
9 2
14 2
16 4
11 2
4 4
11 2
16 4
11 2
4 4
11 2
16 4
11 2
4 4
11 2
16 4
11 2
4 4
11 2
16 4
11 2
4 2
11 2
16 2
16 4
11 2
4 2
11 2
16 2
16 4
11 2
4 2
11 2
16 2
16 4
11 2
4 2
11 2
16 2
16 4
11 2
4 2
11 2
16 2
16 4
11 2
4 2
11 2
16 2
16 4
11 2
4 2
11 2
16 2
16 4
11 2
4 2
11 2
16 2
16 4
11 2
4 2
11 2
16 2
16 4
11 2
4 2
11 2
16 2
16 4
11 2
4 2
11 2
16 2
16 4
11 2
4 2
11 2
16 2
16 4
11 2
4 2
11 2
16 2
16 4
11 2
4 2
11 2
16 2
16 4
11 2
4 2
11 2
16 2
16 4
11 2
4 2
11 2
16 2
72 14
153 4
153 2
153 4
153 2
153 4
153 2
153 2
153 2
153 2
153 4
72 14
21 2
23 2
19 2
21 2
17 2
14 2
16 4
11 2
4 2
11 2
16 2
16 4
11 2
4 2
11 2
16 2
16 4
11 2
4 2
11 2
16 2
16 4
11 2
4 2
11 2
16 2
16 4
11 2
4 2
11 2
16 2
16 4
11 2
4 2
11 2
16 2
16 4
11 2
4 2
11 2
16 2
16 4
11 2
4 2
11 2
16 2
16 4
11 2
4 2
11 2
16 2
16 4
11 2
4 2
11 2
16 2
16 4
11 2
4 2
11 2
16 2
16 4
11 2
4 2
11 2
16 2
16 4
11 2
4 2
11 2
16 2
16 4
11 2
4 2
11 2
16 2
16 4
11 2
4 2
11 2
16 2
16 4
11 2
4 2
11 2
16 2
16 4
11 2
4 2
11 2
16 2
16 4
11 2
4 2
11 2
16 2
16 4
11 2
4 2
11 2
16 2
16 4
11 2
4 2
11 2
16 2
16 4
11 2
4 2
11 2
16 2
16 4
11 2
4 2
11 2
16 2
16 4
11 2
4 2
11 2
16 2
16 4
11 2
4 2
11 2
16 2
16 4
11 2
4 2
11 2
16 2
16 4
11 2
4 2
11 2
16 2
16 4
11 2
4 2
11 2
16 2
16 4
11 2
4 2
11 2
16 2
16 4
11 2
4 2
11 2
16 2
16 4
11 2
4 2
11 2
16 2
16 4
11 2
4 2
11 2
16 2
16 4
11 2
4 2
11 2
16 2
72 6
12 2
12 2
12 2
14 2
14 2
14 2
16 2
16 2
72 10
4 14
E
X
