major
S
H
55 6
72 2
51 0
72 2
49 0
72 2
51 6
72 2
49 0
72 2
47 0
72 2
46 6
72 2
44 0
46 0
72 2
44 0
72 0
46 0
72 1
49 6
72 2
46 2
44 2
43 0
72 2
39 4
72 13
55 6
72 2
51 0
72 2
46 0
72 2
49 6
72 2
51 0
72 2
49 0
72 2
51 0
49 0
72 3
46 3
72 3
44 0
46 0
72 2
44 0
72 0
46 0
72 1
49 6
72 2
46 0
72 2
44 0
72 2
43 0
41 0
72 3
39 5
72 14
55 6
72 2
51 0
72 2
49 0
72 2
51 6
72 2
49 0
72 2
47 0
72 2
46 6
72 2
44 0
46 0
72 2
44 0
72 0
46 0
72 1
49 6
72 2
46 2
44 2
43 0
72 2
39 4
72 13
55 6
72 2
51 0
72 2
46 0
72 2
49 6
72 2
51 0
72 2
49 0
72 2
51 0
49 0
72 3
46 3
72 3
44 0
46 0
72 2
44 0
72 0
46 0
72 1
49 6
72 2
46 0
72 2
44 0
72 2
43 0
41 0
72 3
39 5
72 14
55 6
72 2
51 0
72 2
49 0
72 2
51 6
72 2
49 0
72 2
47 0
72 2
46 6
72 2
44 0
46 0
72 2
44 0
72 0
46 0
72 1
49 6
72 2
46 2
44 2
43 0
72 2
39 4
72 13
55 6
72 2
51 0
72 2
46 0
72 2
49 6
72 2
51 0
72 2
49 0
72 2
51 0
49 0
72 3
46 3
72 3
44 0
46 0
72 2
44 0
72 0
46 0
72 1
49 6
72 2
46 0
72 2
44 0
72 2
43 0
41 0
72 3
39 5
72 14
55 6
72 2
51 0
72 2
49 0
72 2
51 6
72 2
49 0
72 2
47 0
72 2
46 6
72 2
44 0
46 0
72 2
44 0
72 0
46 0
72 1
49 6
72 2
46 2
44 2
43 0
72 2
39 4
72 13
55 6
72 2
51 0
72 2
46 0
72 2
49 6
72 2
51 0
72 2
49 0
72 2
51 0
49 0
72 3
46 3
72 3
44 0
46 0
72 2
44 0
72 0
46 0
72 1
49 6
72 2
46 0
72 2
44 0
72 2
43 0
41 0
72 3
39 5
E
S
H
147 9
147 9
147 9
147 9
147 9
51 2
72 4
49 2
47 2
44 2
46 2
72 8
52 2
72 8
147 9
147 9
147 9
147 9
147 9
51 2
72 4
49 2
47 2
44 2
46 2
72 8
52 2
72 9
54 2
59 2
72 7
54 2
59 2
51 2
72 6
54 2
58 2
72 7
51 2
58 2
51 2
48 2
44 2
72 2
54 2
59 2
72 7
54 2
59 2
51 2
72 4
58 2
72 4
46 2
72 4
58 2
72 4
53 2
72 4
147 9
147 9
147 9
147 9
147 9
51 2
72 4
49 2
47 2
44 2
46 2
72 8
52 2
72 8
147 9
147 9
147 9
147 9
147 9
51 2
72 4
49 2
47 2
44 2
46 2
72 8
52 2
72 9
54 2
59 2
72 7
54 2
59 2
51 2
72 6
54 2
58 2
72 7
51 2
58 2
51 2
48 2
44 2
72 2
54 2
59 2
72 7
54 2
59 2
51 2
72 4
58 2
72 4
46 2
72 4
58 2
72 4
53 2
72 4
147 9
147 9
147 9
147 9
147 9
51 2
72 4
49 2
47 2
44 2
46 2
72 8
52 2
72 8
147 9
147 9
147 9
147 9
147 9
51 2
72 4
49 2
47 2
44 2
46 2
72 8
52 2
72 9
54 2
59 2
72 7
54 2
59 2
51 2
72 6
54 2
58 2
72 7
51 2
58 2
51 2
48 2
44 2
72 2
54 2
59 2
72 7
54 2
59 2
51 2
72 4
58 2
72 4
46 2
72 4
58 2
72 4
53 2
72 4
147 9
147 9
147 9
147 9
147 9
51 2
72 4
49 2
47 2
44 2
46 2
72 8
52 2
72 8
147 9
147 9
147 9
147 9
147 9
51 2
72 4
49 2
47 2
44 2
46 2
72 8
52 2
72 9
54 2
59 2
72 7
54 2
59 2
51 2
72 6
54 2
58 2
72 7
51 2
58 2
51 2
48 2
44 2
72 2
54 2
59 2
72 7
54 2
59 2
51 2
72 4
58 2
72 4
46 2
72 4
58 2
72 4
53 2
E
S
L
27 2
22 2
28 2
22 0
22 0
27 2
22 0
22 0
28 2
22 0
22 0
27 2
22 0
22 0
28 2
22 0
22 0
28 2
22 0
22 0
27 2
22 0
22 0
28 2
22 0
22 0
28 2
22 0
22 0
27 2
22 2
28 2
22 0
22 0
27 2
22 0
22 0
28 2
22 0
22 0
27 2
22 0
22 0
28 2
22 0
22 0
28 2
22 0
22 0
27 2
22 0
22 0
28 2
22 0
22 0
28 2
23 2
28 2
19 2
23 2
19 2
23 2
19 2
30 2
26 2
23 2
21 2
23 2
19 2
23 2
19 2
22 2
22 2
22 2
22 2
1671 0
1671 0
1671 0
1671 0
1671 0
22 0
27 2
22 2
28 2
22 0
22 0
27 2
22 0
22 0
28 2
22 0
22 0
27 2
22 0
22 0
28 2
22 0
22 0
28 2
22 0
22 0
27 2
22 0
22 0
28 2
22 0
22 0
28 2
22 0
22 0
27 2
22 2
28 2
22 0
22 0
27 2
22 0
22 0
28 2
22 0
22 0
27 2
22 0
22 0
28 2
22 0
22 0
28 2
22 0
22 0
27 2
22 0
22 0
28 2
22 0
22 0
28 2
23 2
28 2
19 2
23 2
19 2
23 2
19 2
30 2
26 2
23 2
21 2
23 2
19 2
23 2
19 2
22 2
22 2
22 2
22 2
1671 0
1671 0
1671 0
1671 0
1671 0
22 0
27 2
22 2
28 2
22 0
22 0
27 2
22 0
22 0
28 2
22 0
22 0
27 2
22 0
22 0
28 2
22 0
22 0
28 2
22 0
22 0
27 2
22 0
22 0
28 2
22 0
22 0
28 2
22 0
22 0
27 2
22 2
28 2
22 0
22 0
27 2
22 0
22 0
28 2
22 0
22 0
27 2
22 0
22 0
28 2
22 0
22 0
28 2
22 0
22 0
27 2
22 0
22 0
28 2
22 0
22 0
28 2
23 2
28 2
19 2
23 2
19 2
23 2
19 2
30 2
26 2
23 2
21 2
23 2
19 2
23 2
19 2
22 2
22 2
22 2
22 2
1671 0
1671 0
1671 0
1671 0
1671 0
22 0
27 2
22 2
28 2
22 0
22 0
27 2
22 0
22 0
28 2
22 0
22 0
27 2
22 0
22 0
28 2
22 0
22 0
28 2
22 0
22 0
27 2
22 0
22 0
28 2
22 0
22 0
28 2
22 0
22 0
27 2
22 2
28 2
22 0
22 0
27 2
22 0
22 0
28 2
22 0
22 0
27 2
22 0
22 0
28 2
22 0
22 0
28 2
22 0
22 0
27 2
22 0
22 0
28 2
22 0
22 0
28 2
23 2
28 2
19 2
23 2
19 2
23 2
19 2
30 2
26 2
23 2
21 2
23 2
19 2
23 2
19 2
22 2
22 2
22 2
22 2
1671 0
1671 0
1671 0
1671 0
1671 0
22 0
E
S
L
27 2
22 2
28 2
22 0
22 0
27 2
22 0
22 0
28 2
22 0
22 0
27 2
22 0
22 0
28 2
22 0
22 0
28 2
22 0
22 0
27 2
22 0
22 0
28 2
22 0
22 0
28 2
22 0
22 0
27 2
22 2
28 2
22 0
22 0
27 2
22 0
22 0
28 2
22 0
22 0
27 2
22 0
22 0
28 2
22 0
22 0
28 2
22 0
22 0
27 2
22 0
22 0
28 2
22 0
22 0
28 2
23 2
28 2
19 2
23 2
19 2
23 2
19 2
30 2
26 2
23 2
21 2
23 2
19 2
23 2
19 2
22 2
22 2
22 2
22 2
1671 0
1671 0
1671 0
1671 0
1671 0
22 0
27 2
22 2
28 2
22 0
22 0
27 2
22 0
22 0
28 2
22 0
22 0
27 2
22 0
22 0
28 2
22 0
22 0
28 2
22 0
22 0
27 2
22 0
22 0
28 2
22 0
22 0
28 2
22 0
22 0
27 2
22 2
28 2
22 0
22 0
27 2
22 0
22 0
28 2
22 0
22 0
27 2
22 0
22 0
28 2
22 0
22 0
28 2
22 0
22 0
27 2
22 0
22 0
28 2
22 0
22 0
28 2
23 2
28 2
19 2
23 2
19 2
23 2
19 2
30 2
26 2
23 2
21 2
23 2
19 2
23 2
19 2
22 2
22 2
22 2
22 2
1671 0
1671 0
1671 0
1671 0
1671 0
22 0
27 2
22 2
28 2
22 0
22 0
27 2
22 0
22 0
28 2
22 0
22 0
27 2
22 0
22 0
28 2
22 0
22 0
28 2
22 0
22 0
27 2
22 0
22 0
28 2
22 0
22 0
28 2
22 0
22 0
27 2
22 2
28 2
22 0
22 0
27 2
22 0
22 0
28 2
22 0
22 0
27 2
22 0
22 0
28 2
22 0
22 0
28 2
22 0
22 0
27 2
22 0
22 0
28 2
22 0
22 0
28 2
23 2
28 2
19 2
23 2
19 2
23 2
19 2
30 2
26 2
23 2
21 2
23 2
19 2
23 2
19 2
22 2
22 2
22 2
22 2
1671 0
1671 0
1671 0
1671 0
1671 0
22 0
27 2
22 2
28 2
22 0
22 0
27 2
22 0
22 0
28 2
22 0
22 0
27 2
22 0
22 0
28 2
22 0
22 0
28 2
22 0
22 0
27 2
22 0
22 0
28 2
22 0
22 0
28 2
22 0
22 0
27 2
22 2
28 2
22 0
22 0
27 2
22 0
22 0
28 2
22 0
22 0
27 2
22 0
22 0
28 2
22 0
22 0
28 2
22 0
22 0
27 2
22 0
22 0
28 2
22 0
22 0
28 2
23 2
28 2
19 2
23 2
19 2
23 2
19 2
30 2
26 2
23 2
21 2
23 2
19 2
23 2
19 2
22 2
22 2
22 2
22 2
1671 0
1671 0
1671 0
1671 0
1671 0
22 0
E
S
L
15 6
72 6
16 6
72 6
15 6
72 6
16 6
72 4
10 2
15 6
72 6
22 4
72 2
20 2
19 2
10 2
15 6
72 6
23 4
72 2
22 2
72 2
26 0
22 0
72 2
15 6
72 6
16 6
72 6
15 6
72 6
16 6
72 4
10 2
15 6
72 6
22 4
72 2
20 2
19 2
10 2
15 6
72 6
23 4
72 2
22 0
72 2
22 2
20 2
23 2
18 0
72 0
18 0
72 1
23 2
72 6
23 2
18 0
18 0
72 2
23 2
72 6
18 2
13 0
72 0
13 0
72 1
17 2
6 2
72 4
20 2
15 0
20 0
72 2
24 0
27 0
72 2
34 0
72 2
34 2
32 0
30 0
72 2
23 2
18 0
72 0
18 0
72 1
23 2
72 6
23 2
18 0
18 0
72 2
23 2
72 6
17 2
15 0
72 0
15 0
72 1
24 0
72 1
17 0
72 0
24 0
72 2
17 2
24 2
22 2
17 0
72 2
22 0
72 2
10 2
12 2
14 2
15 6
72 6
16 6
72 6
15 6
72 6
16 6
72 4
10 2
15 6
72 6
22 4
72 2
20 2
19 2
10 2
15 6
72 6
23 4
72 2
22 2
72 2
26 0
22 0
72 2
15 6
72 6
16 6
72 6
15 6
72 6
16 6
72 4
10 2
15 6
72 6
22 4
72 2
20 2
19 2
10 2
15 6
72 6
23 4
72 2
22 0
72 2
22 2
20 2
23 2
18 0
72 0
18 0
72 1
23 2
72 6
23 2
18 0
18 0
72 2
23 2
72 6
18 2
13 0
72 0
13 0
72 1
17 2
6 2
72 4
20 2
15 0
20 0
72 2
24 0
27 0
72 2
34 0
72 2
34 2
32 0
30 0
72 2
23 2
18 0
72 0
18 0
72 1
23 2
72 6
23 2
18 0
18 0
72 2
23 2
72 6
17 2
15 0
72 0
15 0
72 1
24 0
72 1
17 0
72 0
24 0
72 2
17 2
24 2
22 2
17 0
72 2
22 0
72 2
10 2
12 2
14 2
15 6
72 6
16 6
72 6
15 6
72 6
16 6
72 4
10 2
15 6
72 6
22 4
72 2
20 2
19 2
10 2
15 6
72 6
23 4
72 2
22 2
72 2
26 0
22 0
72 2
15 6
72 6
16 6
72 6
15 6
72 6
16 6
72 4
10 2
15 6
72 6
22 4
72 2
20 2
19 2
10 2
15 6
72 6
23 4
72 2
22 0
72 2
22 2
20 2
23 2
18 0
72 0
18 0
72 1
23 2
72 6
23 2
18 0
18 0
72 2
23 2
72 6
18 2
13 0
72 0
13 0
72 1
17 2
6 2
72 4
20 2
15 0
20 0
72 2
24 0
27 0
72 2
34 0
72 2
34 2
32 0
30 0
72 2
23 2
18 0
72 0
18 0
72 1
23 2
72 6
23 2
18 0
18 0
72 2
23 2
72 6
17 2
15 0
72 0
15 0
72 1
24 0
72 1
17 0
72 0
24 0
72 2
17 2
24 2
22 2
17 0
72 2
22 0
72 2
10 2
12 2
14 2
15 6
72 6
16 6
72 6
15 6
72 6
16 6
72 4
10 2
15 6
72 6
22 4
72 2
20 2
19 2
10 2
15 6
72 6
23 4
72 2
22 2
72 2
26 0
22 0
72 2
15 6
72 6
16 6
72 6
15 6
72 6
16 6
72 4
10 2
15 6
72 6
22 4
72 2
20 2
19 2
10 2
15 6
72 6
23 4
72 2
22 0
72 2
22 2
20 2
23 2
18 0
72 0
18 0
72 1
23 2
72 6
23 2
18 0
18 0
72 2
23 2
72 6
18 2
13 0
72 0
13 0
72 1
17 2
6 2
72 4
20 2
15 0
20 0
72 2
24 0
27 0
72 2
34 0
72 2
34 2
32 0
30 0
72 2
23 2
18 0
72 0
18 0
72 1
23 2
72 6
23 2
18 0
18 0
72 2
23 2
72 6
17 2
15 0
72 0
15 0
72 1
24 0
72 1
17 0
72 0
24 0
72 2
17 2
24 2
22 2
17 0
72 2
22 0
72 2
10 2
12 2
14 2
E
S
L
15 4
72 2
15 0
72 2
16 0
72 2
15 0
72 2
16 4
72 2
16 0
72 2
18 0
72 2
16 0
72 2
15 4
72 2
15 0
72 2
16 0
72 2
15 0
72 2
20 4
72 2
16 0
72 2
13 0
72 2
10 0
72 2
15 4
72 2
15 0
72 2
16 0
72 2
15 0
72 2
16 4
72 2
13 2
11 2
10 2
15 7
72 4
16 4
72 2
13 4
11 2
15 4
72 2
15 0
72 2
16 0
72 2
15 0
72 2
16 4
72 2
16 0
72 2
18 0
72 2
16 0
72 2
15 4
72 2
15 0
72 2
16 0
72 2
15 0
72 2
20 4
72 2
16 0
72 2
13 0
72 2
10 0
72 2
15 7
72 4
16 4
72 2
13 2
11 2
10 2
15 6
72 6
16 4
72 2
13 2
13 2
72 4
11 2
15 2
6 2
72 6
11 2
15 2
6 2
72 6
13 2
17 2
6 2
72 4
8 2
3 4
15 2
16 2
17 2
72 2
11 2
15 2
6 2
72 6
11 2
15 2
6 2
72 6
15 2
17 2
10 2
12 2
13 2
14 2
15 2
17 2
20 2
21 2
22 2
15 4
72 2
15 0
72 2
16 0
72 2
15 0
72 2
16 4
72 2
16 0
72 2
18 0
72 2
16 0
72 2
15 4
72 2
15 0
72 2
16 0
72 2
15 0
72 2
20 4
72 2
16 0
72 2
13 0
72 2
10 0
72 2
15 4
72 2
15 0
72 2
16 0
72 2
15 0
72 2
16 4
72 2
13 2
11 2
10 2
15 7
72 4
16 4
72 2
13 4
11 2
15 4
72 2
15 0
72 2
16 0
72 2
15 0
72 2
16 4
72 2
16 0
72 2
18 0
72 2
16 0
72 2
15 4
72 2
15 0
72 2
16 0
72 2
15 0
72 2
20 4
72 2
16 0
72 2
13 0
72 2
10 0
72 2
15 7
72 4
16 4
72 2
13 2
11 2
10 2
15 6
72 6
16 4
72 2
13 2
13 2
72 4
11 2
15 2
6 2
72 6
11 2
15 2
6 2
72 6
13 2
17 2
6 2
72 4
8 2
3 4
15 2
16 2
17 2
72 2
11 2
15 2
6 2
72 6
11 2
15 2
6 2
72 6
15 2
17 2
10 2
12 2
13 2
14 2
15 2
17 2
20 2
21 2
22 2
15 4
72 2
15 0
72 2
16 0
72 2
15 0
72 2
16 4
72 2
16 0
72 2
18 0
72 2
16 0
72 2
15 4
72 2
15 0
72 2
16 0
72 2
15 0
72 2
20 4
72 2
16 0
72 2
13 0
72 2
10 0
72 2
15 4
72 2
15 0
72 2
16 0
72 2
15 0
72 2
16 4
72 2
13 2
11 2
10 2
15 7
72 4
16 4
72 2
13 4
11 2
15 4
72 2
15 0
72 2
16 0
72 2
15 0
72 2
16 4
72 2
16 0
72 2
18 0
72 2
16 0
72 2
15 4
72 2
15 0
72 2
16 0
72 2
15 0
72 2
20 4
72 2
16 0
72 2
13 0
72 2
10 0
72 2
15 7
72 4
16 4
72 2
13 2
11 2
10 2
15 6
72 6
16 4
72 2
13 2
13 2
72 4
11 2
15 2
6 2
72 6
11 2
15 2
6 2
72 6
13 2
17 2
6 2
72 4
8 2
3 4
15 2
16 2
17 2
72 2
11 2
15 2
6 2
72 6
11 2
15 2
6 2
72 6
15 2
17 2
10 2
12 2
13 2
14 2
15 2
17 2
20 2
21 2
22 2
15 4
72 2
15 0
72 2
16 0
72 2
15 0
72 2
16 4
72 2
16 0
72 2
18 0
72 2
16 0
72 2
15 4
72 2
15 0
72 2
16 0
72 2
15 0
72 2
20 4
72 2
16 0
72 2
13 0
72 2
10 0
72 2
15 4
72 2
15 0
72 2
16 0
72 2
15 0
72 2
16 4
72 2
13 2
11 2
10 2
15 7
72 4
16 4
72 2
13 4
11 2
15 4
72 2
15 0
72 2
16 0
72 2
15 0
72 2
16 4
72 2
16 0
72 2
18 0
72 2
16 0
72 2
15 4
72 2
15 0
72 2
16 0
72 2
15 0
72 2
20 4
72 2
16 0
72 2
13 0
72 2
10 0
72 2
15 7
72 4
16 4
72 2
13 2
11 2
10 2
15 6
72 6
16 4
72 2
13 2
13 2
72 4
11 2
15 2
6 2
72 6
11 2
15 2
6 2
72 6
13 2
17 2
6 2
72 4
8 2
3 4
15 2
16 2
17 2
72 2
11 2
15 2
6 2
72 6
11 2
15 2
6 2
72 6
15 2
17 2
10 2
12 2
13 2
14 2
15 2
17 2
20 2
21 2
22 2
E
S
H
72 14
30 0
72 0
35 0
72 1
42 0
72 1
41 0
72 3
39 0
72 6
30 0
35 0
72 2
47 0
46 0
72 4
41 0
72 2
37 0
72 2
34 0
72 2
25 0
72 0
30 0
72 1
46 0
72 1
42 0
72 3
42 0
72 2
41 0
72 2
39 0
72 2
39 0
72 2
46 0
72 2
44 0
72 2
44 0
72 2
42 0
41 0
72 4
35 0
72 2
39 0
72 4
30 0
72 6
35 0
72 2
39 0
72 4
46 0
72 2
42 0
72 4
39 0
72 2
41 0
72 4
36 0
72 2
33 0
72 2
34 0
72 2
36 0
72 2
38 0
72 2
41 0
72 2
44 0
72 2
46 0
72 14
30 0
72 0
35 0
72 1
42 0
72 1
41 0
72 3
39 0
72 6
30 0
35 0
72 2
47 0
46 0
72 4
41 0
72 2
37 0
72 2
34 0
72 2
25 0
72 0
30 0
72 1
46 0
72 1
42 0
72 3
42 0
72 2
41 0
72 2
39 0
72 2
39 0
72 2
46 0
72 2
44 0
72 2
44 0
72 2
42 0
41 0
72 4
35 0
72 2
39 0
72 4
30 0
72 6
35 0
72 2
39 0
72 4
46 0
72 2
42 0
72 4
39 0
72 2
41 0
72 4
36 0
72 2
33 0
72 2
34 0
72 2
36 0
72 2
38 0
72 2
41 0
72 2
44 0
72 2
46 0
72 14
30 0
72 0
35 0
72 1
42 0
72 1
41 0
72 3
39 0
72 6
30 0
35 0
72 2
47 0
46 0
72 4
41 0
72 2
37 0
72 2
34 0
72 2
25 0
72 0
30 0
72 1
46 0
72 1
42 0
72 3
42 0
72 2
41 0
72 2
39 0
72 2
39 0
72 2
46 0
72 2
44 0
72 2
44 0
72 2
42 0
41 0
72 4
35 0
72 2
39 0
72 4
30 0
72 6
35 0
72 2
39 0
72 4
46 0
72 2
42 0
72 4
39 0
72 2
41 0
72 4
36 0
72 2
33 0
72 2
34 0
72 2
36 0
72 2
38 0
72 2
41 0
72 2
44 0
72 2
46 0
72 14
30 0
72 0
35 0
72 1
42 0
72 1
41 0
72 3
39 0
72 6
30 0
35 0
72 2
47 0
46 0
72 4
41 0
72 2
37 0
72 2
34 0
72 2
25 0
72 0
30 0
72 1
46 0
72 1
42 0
72 3
42 0
72 2
41 0
72 2
39 0
72 2
39 0
72 2
46 0
72 2
44 0
72 2
44 0
72 2
42 0
41 0
72 4
35 0
72 2
39 0
72 4
30 0
72 6
35 0
72 2
39 0
72 4
46 0
72 2
42 0
72 4
39 0
72 2
41 0
72 4
36 0
72 2
33 0
72 2
34 0
72 2
36 0
72 2
38 0
72 2
41 0
72 2
44 0
72 2
46 0
E
X
