minor
S
L
72 12
12 7
12 4
7 4
12 4
15 4
17 4
18 4
17 4
15 4
12 4
7 4
12 4
15 4
17 4
18 4
17 4
15 4
12 4
7 4
12 4
15 4
17 4
18 4
17 4
15 4
12 4
7 4
12 4
15 4
17 4
18 4
22 4
17 4
0 4
12 4
0 4
12 4
0 4
12 4
0 4
12 4
0 4
12 4
0 4
12 4
0 4
12 4
0 4
12 4
5 4
17 4
5 4
17 4
5 4
17 4
5 4
17 4
5 4
17 4
5 4
17 4
5 4
22 4
21 4
17 4
0 4
12 4
0 4
12 4
0 4
12 4
0 4
12 4
0 4
12 4
0 4
12 4
0 4
12 4
15 4
17 4
5 4
17 4
5 4
17 4
5 4
17 4
5 4
17 4
5 4
17 4
5 4
17 4
5 4
17 4
15 4
12 4
6 4
18 4
6 4
18 4
6 4
18 4
6 4
18 4
6 4
18 4
6 4
18 4
6 4
18 4
6 4
18 4
5 4
17 4
5 4
17 4
5 4
17 4
5 4
17 4
5 4
17 4
5 4
17 4
5 4
17 4
19 4
21 4
6 4
18 4
6 4
18 4
6 4
18 4
6 4
18 4
6 4
18 4
6 4
18 4
6 4
14 4
16 4
18 4
5 4
17 4
5 4
17 4
5 4
17 4
5 4
17 4
5 4
17 4
5 4
17 4
5 4
17 4
5 4
17 4
8 4
15 4
20 4
12 4
15 4
20 4
8 4
12 4
8 4
15 4
20 4
12 4
15 4
20 4
8 4
12 4
5 4
12 4
17 4
9 4
12 4
17 4
5 4
9 4
5 4
12 4
17 4
9 4
12 4
17 4
5 4
9 4
8 4
15 4
20 4
12 4
15 4
20 4
8 4
12 4
8 4
15 4
20 4
12 4
15 4
20 4
8 4
12 4
10 4
15 4
19 4
15 4
19 4
22 4
10 4
15 4
10 4
15 4
19 4
15 4
19 4
22 4
10 4
15 4
3 4
10 4
15 4
7 4
10 4
15 4
3 4
7 4
3 4
10 4
15 4
7 4
10 4
15 4
3 4
7 4
0 4
12 4
0 4
12 4
0 4
12 4
0 4
12 4
0 4
12 4
0 4
12 4
0 4
12 4
0 4
12 4
5 4
17 4
5 4
17 4
5 4
17 4
5 4
17 4
5 4
17 4
5 4
17 4
5 4
22 4
21 4
17 4
0 4
12 4
0 4
12 4
0 4
12 4
0 4
12 4
0 4
12 4
0 4
12 4
0 4
12 4
15 4
17 4
5 4
17 4
5 4
17 4
5 4
17 4
5 4
17 4
5 4
17 4
5 4
17 4
5 4
17 4
15 4
12 4
6 4
18 4
6 4
18 4
6 4
18 4
6 4
18 4
6 4
18 4
6 4
18 4
6 4
18 4
6 4
18 4
5 4
17 4
5 4
17 4
5 4
17 4
5 4
17 4
5 4
17 4
5 4
17 4
5 4
17 4
19 4
21 4
6 4
18 4
6 4
18 4
6 4
18 4
6 4
18 4
6 4
18 4
6 4
18 4
6 4
14 4
16 4
18 4
5 4
17 4
5 4
17 4
5 4
17 4
5 4
17 4
5 4
17 4
5 4
17 4
5 4
17 4
5 4
17 4
8 4
15 4
20 4
12 4
15 4
20 4
8 4
12 4
8 4
15 4
20 4
12 4
15 4
20 4
8 4
12 4
5 4
12 4
17 4
9 4
12 4
17 4
5 4
9 4
5 4
12 4
17 4
9 4
12 4
17 4
5 4
9 4
8 4
15 4
20 4
12 4
15 4
20 4
8 4
12 4
8 4
15 4
20 4
12 4
15 4
20 4
8 4
12 4
10 4
15 4
19 4
15 4
19 4
22 4
10 4
15 4
10 4
15 4
19 4
15 4
19 4
22 4
10 4
15 4
3 4
10 4
15 4
7 4
10 4
15 4
3 4
7 4
3 4
10 4
15 4
7 4
10 4
15 4
3 4
7 4
E
S
H
72 14
36 9
31 12
36 7
43 7
46 7
45 9
41 14
40 9
36 12
43 7
45 7
46 7
45 9
48 14
72 14
39 4
72 7
43 4
72 7
46 4
72 4
49 4
72 9
51 4
72 9
36 9
31 12
36 7
43 7
46 7
45 9
41 14
40 9
36 12
43 7
45 7
46 7
45 9
48 14
72 14
39 4
72 7
43 4
72 7
46 4
72 4
49 4
72 9
51 4
72 9
E
S
H
60 2
59 2
58 2
64 2
60 2
59 2
58 2
64 2
60 2
59 2
58 2
64 2
60 2
59 2
58 2
64 2
72 14
36 9
31 12
36 7
43 7
46 7
45 9
41 14
40 9
36 12
43 7
45 7
46 7
45 9
48 14
49 9
46 11
72 7
46 7
48 7
49 7
48 9
45 14
49 9
46 11
72 7
46 7
48 7
49 7
48 9
53 13
55 7
56 14
72 14
36 9
31 12
36 7
43 7
46 7
45 9
41 14
40 9
36 12
43 7
45 7
46 7
45 9
48 14
49 9
46 11
72 7
46 7
48 7
49 7
48 9
45 14
49 9
46 11
72 7
46 7
48 7
49 7
48 9
53 13
55 7
56 14
72 14
E
S
H
72 11
243 0
72 0
1500 0
1029 0
72 1
558 0
72 1
243 0
1500 0
72 0
1029 0
558 0
72 2
243 0
1500 0
72 2
1029 0
558 0
72 0
243 0
72 1
1500 0
1029 0
72 1
558 0
72 0
12 0
72 2
60 4
72 7
55 4
72 7
60 4
59 4
58 4
72 7
57 4
72 7
53 4
72 4
48 4
72 7
51 4
72 7
53 4
55 4
58 4
72 7
57 4
72 7
61 4
72 14
57 2
58 2
57 2
72 2
53 2
55 2
53 2
72 2
52 2
53 2
52 2
72 2
50 2
52 2
50 2
72 14
57 2
58 2
57 2
72 2
53 2
55 2
53 2
72 2
52 2
53 2
52 2
72 2
50 2
52 2
50 2
72 14
E
S
L
72 13
121 2
72 2
18 2
72 2
20 2
72 2
18 2
72 2
20 2
72 2
18 2
72 2
20 2
72 2
18 2
72 2
20 2
72 2
18 2
72 2
20 2
72 2
18 2
72 2
20 2
72 2
18 2
72 2
20 2
72 2
18 2
72 2
22 2
72 6
20 2
72 2
18 2
72 2
20 2
72 2
18 2
72 2
20 2
72 2
18 2
72 2
20 2
72 2
18 2
72 2
20 2
72 2
18 2
72 2
20 2
72 2
14 2
72 2
115 2
72 2
14 2
72 2
365 2
72 2
20 2
72 2
199 2
72 2
20 2
72 2
221 2
72 2
197 2
72 2
199 2
72 2
20 2
72 2
221 2
72 2
20 2
72 2
199 2
72 2
197 2
72 2
221 2
72 2
20 2
72 2
199 2
72 2
20 2
72 2
365 2
72 2
20 2
72 2
199 2
72 2
20 2
72 2
221 2
72 2
197 2
72 2
199 2
72 2
20 2
72 2
221 2
72 2
20 2
72 2
199 2
72 2
197 2
72 2
221 2
72 2
20 2
72 2
199 2
72 2
20 2
72 2
365 2
72 2
20 2
72 2
199 2
72 2
20 2
72 2
221 2
72 2
197 2
72 2
199 2
72 2
20 2
72 2
221 2
72 2
20 2
72 2
199 2
72 2
197 2
72 2
221 2
72 2
20 2
72 2
199 2
72 2
20 2
72 2
221 2
72 2
20 2
72 2
199 2
72 2
20 2
72 2
221 2
72 2
197 2
72 2
199 2
72 2
20 2
72 2
221 2
72 2
20 2
72 2
199 2
72 2
197 2
72 2
221 2
72 2
20 2
72 2
199 2
72 2
20 2
72 2
365 2
72 2
20 2
72 2
199 2
72 2
20 2
72 2
221 2
72 2
197 2
72 2
199 2
72 2
20 2
72 2
221 2
72 2
20 2
72 2
199 2
72 2
197 2
72 2
221 2
72 2
20 2
72 2
199 2
72 2
20 2
72 2
221 2
72 2
20 2
72 2
199 2
72 2
20 2
72 2
221 2
72 2
197 2
72 2
199 2
72 2
20 2
72 2
221 2
72 2
20 2
72 2
199 2
72 2
197 2
72 2
221 2
72 2
20 2
72 2
199 2
72 2
20 2
72 2
221 2
72 2
20 2
72 2
199 2
72 2
20 2
72 2
221 2
72 2
197 2
72 2
199 2
72 2
20 2
72 2
221 2
72 2
20 2
72 2
199 2
72 2
197 2
72 2
221 2
72 2
20 2
72 2
199 2
72 2
20 2
72 2
221 2
72 2
20 2
72 2
199 2
72 2
20 2
72 2
221 2
72 2
197 2
72 2
199 2
72 2
20 2
72 2
221 2
72 2
199 2
72 2
199 2
72 2
197 2
72 2
223 2
72 2
197 2
72 2
199 2
20 2
199 2
20 2
25 2
72 13
26 2
72 6
24 2
72 8
21 2
72 6
17 2
72 14
14 2
72 2
14 2
72 2
14 2
72 2
365 2
72 2
20 2
72 2
199 2
72 2
20 2
72 2
221 2
72 2
197 2
72 2
199 2
72 2
20 2
72 2
221 2
72 2
20 2
72 2
199 2
72 2
197 2
72 2
221 2
72 2
20 2
72 2
199 2
72 2
20 2
72 2
221 2
72 2
20 2
72 2
199 2
72 2
20 2
72 2
221 2
72 2
197 2
72 2
199 2
72 2
20 2
72 2
221 2
72 2
20 2
72 2
199 2
72 2
197 2
72 2
221 2
72 2
20 2
72 2
199 2
72 2
20 2
72 2
221 2
72 2
20 2
72 2
199 2
72 2
20 2
72 2
221 2
72 2
197 2
72 2
199 2
72 2
20 2
72 2
269 2
72 2
20 2
72 2
20 2
72 2
1277 2
72 2
25 2
72 2
199 2
72 2
199 2
72 2
199 2
72 2
365 2
72 2
20 2
72 2
199 2
72 2
20 2
72 2
221 2
72 2
197 2
72 2
199 2
72 2
20 2
72 2
221 2
72 2
20 2
72 2
199 2
72 2
197 2
72 2
221 2
72 2
20 2
72 2
199 2
72 2
20 2
72 2
365 2
72 2
20 2
72 2
199 2
72 2
20 2
72 2
221 2
72 2
197 2
72 2
199 2
72 2
20 2
72 2
221 2
72 2
20 2
72 2
199 2
72 2
197 2
72 2
221 2
72 2
20 2
72 2
199 2
72 2
20 2
72 2
365 2
72 2
20 2
72 2
199 2
72 2
20 2
72 2
221 2
72 2
197 2
72 2
199 2
72 2
20 2
72 2
221 2
72 2
20 2
72 2
199 2
72 2
197 2
72 2
221 2
72 2
20 2
72 2
199 2
72 2
20 2
72 2
221 2
72 2
20 2
72 2
199 2
72 2
20 2
72 2
221 2
72 2
197 2
72 2
199 2
72 2
20 2
72 2
221 2
72 2
20 2
72 2
199 2
72 2
197 2
72 2
221 2
72 2
20 2
72 2
199 2
72 2
20 2
72 2
365 2
72 2
20 2
72 2
199 2
72 2
20 2
72 2
221 2
72 2
197 2
72 2
199 2
72 2
20 2
72 2
221 2
72 2
20 2
72 2
199 2
72 2
197 2
72 2
221 2
72 2
20 2
72 2
199 2
72 2
20 2
72 2
221 2
72 2
20 2
72 2
199 2
72 2
20 2
72 2
221 2
72 2
197 2
72 2
199 2
72 2
20 2
72 2
221 2
72 2
20 2
72 2
199 2
72 2
197 2
72 2
221 2
72 2
20 2
72 2
199 2
72 2
20 2
72 2
221 2
72 2
20 2
72 2
199 2
72 2
20 2
72 2
221 2
72 2
197 2
72 2
199 2
72 2
20 2
72 2
221 2
72 2
20 2
72 2
199 2
72 2
197 2
72 2
221 2
72 2
20 2
72 2
199 2
72 2
20 2
72 2
221 2
72 2
20 2
72 2
199 2
72 2
20 2
72 2
221 2
72 2
197 2
72 2
199 2
72 2
20 2
72 2
221 2
72 2
199 2
72 2
199 2
72 2
197 2
72 2
223 2
72 2
197 2
72 2
199 2
20 2
199 2
20 2
25 2
72 13
26 2
72 6
24 2
72 8
21 2
72 6
17 2
72 14
14 2
72 2
14 2
72 2
14 2
72 2
365 2
72 2
20 2
72 2
199 2
72 2
20 2
72 2
221 2
72 2
197 2
72 2
199 2
72 2
20 2
72 2
221 2
72 2
20 2
72 2
199 2
72 2
197 2
72 2
221 2
72 2
20 2
72 2
199 2
72 2
20 2
72 2
221 2
72 2
20 2
72 2
199 2
72 2
20 2
72 2
221 2
72 2
197 2
72 2
199 2
72 2
20 2
72 2
221 2
72 2
20 2
72 2
199 2
72 2
197 2
72 2
221 2
72 2
20 2
72 2
199 2
72 2
20 2
72 2
221 2
72 2
20 2
72 2
199 2
72 2
20 2
72 2
221 2
72 2
197 2
72 2
199 2
72 2
20 2
72 2
269 2
72 2
20 2
72 2
20 2
72 2
1277 2
72 2
25 2
72 2
199 2
72 2
199 2
72 2
199 2
E
X
