minor
S
H
72 13
59 3
72 1
57 3
72 1
56 3
72 1
57 4
59 3
72 1
59 4
59 7
61 4
61 3
72 1
61 6
72 2
59 4
59 4
59 7
59 4
57 3
72 1
56 4
57 4
59 4
59 4
59 7
61 4
61 3
72 1
61 7
59 10
72 2
60 3
72 1
58 3
72 1
57 3
72 1
58 4
60 3
72 1
60 4
60 7
62 4
62 3
72 1
62 6
72 2
60 4
60 4
60 7
60 4
58 3
72 1
57 4
58 4
60 4
60 4
60 7
62 4
62 3
72 1
62 7
60 10
72 2
59 3
72 1
57 3
72 1
56 3
72 1
57 4
59 3
72 1
59 4
59 7
61 4
61 3
72 1
61 6
72 2
59 4
59 4
59 7
59 4
57 3
72 1
56 4
57 4
59 4
59 4
59 7
61 4
61 3
72 1
61 7
59 10
72 2
60 3
72 1
58 3
72 1
57 3
72 1
58 4
60 3
72 1
60 4
60 7
62 4
62 3
72 1
62 6
72 2
60 4
60 4
60 7
60 4
58 3
72 1
57 4
58 4
60 4
60 4
60 7
62 4
62 3
72 1
62 7
60 10
72 2
59 3
72 1
57 3
72 1
56 3
72 1
57 4
59 3
72 1
59 4
59 7
61 4
61 3
72 1
61 6
72 2
59 4
59 4
59 7
59 4
57 3
72 1
56 4
57 4
59 4
59 4
59 7
61 4
61 3
72 1
61 7
59 10
72 2
60 3
72 1
58 3
72 1
57 3
72 1
58 4
60 3
72 1
60 4
60 7
62 4
62 3
72 1
62 6
72 2
60 4
60 4
60 7
60 4
58 3
72 1
57 4
58 4
60 4
60 4
60 7
62 4
62 3
72 1
62 7
60 10
72 2
59 3
72 1
57 3
72 1
56 3
72 1
57 4
59 3
72 1
59 4
59 7
61 4
61 3
72 1
61 6
72 2
59 4
59 4
59 7
59 4
57 3
72 1
56 4
57 4
59 4
59 4
59 7
61 4
61 3
72 1
61 7
59 10
72 2
60 3
72 1
58 3
72 1
57 3
72 1
58 4
60 3
72 1
60 4
60 7
62 4
62 3
72 1
62 6
72 2
60 4
60 4
60 7
60 4
58 3
72 1
57 4
58 4
60 4
60 4
60 7
62 4
62 3
72 1
62 7
60 10
E
S
H
72 13
59 2
72 2
57 2
72 2
56 2
72 2
57 2
72 2
59 2
72 2
59 2
72 2
59 3
72 5
61 2
72 2
61 2
72 2
61 3
72 5
59 2
72 2
59 2
72 2
59 3
72 5
59 2
72 2
57 2
72 2
56 2
72 2
57 2
72 2
59 2
72 2
59 2
72 2
59 2
72 6
61 2
72 2
61 2
72 2
61 2
72 6
59 2
72 10
60 2
72 2
58 2
72 2
57 2
72 2
58 2
72 2
60 2
72 2
60 2
72 2
60 3
72 5
62 2
72 2
62 2
72 2
62 3
72 5
60 2
72 2
60 2
72 2
60 3
72 5
60 2
72 2
58 2
72 2
57 2
72 2
58 2
72 2
60 2
72 2
60 2
72 2
60 2
72 6
62 2
72 2
62 2
72 2
62 2
72 6
60 2
72 10
59 2
72 2
57 2
72 2
56 2
72 2
57 2
72 2
59 2
72 2
59 2
72 2
59 3
72 5
61 2
72 2
61 2
72 2
61 3
72 5
59 2
72 2
59 2
72 2
59 3
72 5
59 2
72 2
57 2
72 2
56 2
72 2
57 2
72 2
59 2
72 2
59 2
72 2
59 2
72 6
61 2
72 2
61 2
72 2
61 2
72 6
59 2
72 10
60 2
72 2
58 2
72 2
57 2
72 2
58 2
72 2
60 2
72 2
60 2
72 2
60 3
72 5
62 2
72 2
62 2
72 2
62 3
72 5
60 2
72 2
60 2
72 2
60 3
72 5
60 2
72 2
58 2
72 2
57 2
72 2
58 2
72 2
60 2
72 2
60 2
72 2
60 2
72 6
62 2
72 2
62 2
72 2
62 2
72 6
60 2
72 10
59 2
72 2
57 2
72 2
56 2
72 2
57 2
72 2
59 2
72 2
59 2
72 2
59 3
72 5
61 2
72 2
61 2
72 2
61 3
72 5
59 2
72 2
59 2
72 2
59 3
72 5
59 2
72 2
57 2
72 2
56 2
72 2
57 2
72 2
59 2
72 2
59 2
72 2
59 2
72 6
61 2
72 2
61 2
72 2
61 2
72 6
59 2
72 10
60 2
72 2
58 2
72 2
57 2
72 2
58 2
72 2
60 2
72 2
60 2
72 2
60 3
72 5
62 2
72 2
62 2
72 2
62 3
72 5
60 2
72 2
60 2
72 2
60 3
72 5
60 2
72 2
58 2
72 2
57 2
72 2
58 2
72 2
60 2
72 2
60 2
72 2
60 2
72 6
62 2
72 2
62 2
72 2
62 2
72 6
60 2
72 10
59 2
72 2
57 2
72 2
56 2
72 2
57 2
72 2
59 2
72 2
59 2
72 2
59 3
72 5
61 2
72 2
61 2
72 2
61 3
72 5
59 2
72 2
59 2
72 2
59 3
72 5
59 2
72 2
57 2
72 2
56 2
72 2
57 2
72 2
59 2
72 2
59 2
72 2
59 2
72 6
61 2
72 2
61 2
72 2
61 2
72 6
59 2
72 10
60 2
72 2
58 2
72 2
57 2
72 2
58 2
72 2
60 2
72 2
60 2
72 2
60 3
72 5
62 2
72 2
62 2
72 2
62 3
72 5
60 2
72 2
60 2
72 2
60 3
72 5
60 2
72 2
58 2
72 2
57 2
72 2
58 2
72 2
60 2
72 2
60 2
72 2
60 2
72 6
62 2
72 2
62 2
72 2
62 2
72 6
60 2
E
S
H
72 7
47 3
72 1
56 3
72 1
52 3
72 1
47 3
72 1
52 3
72 1
56 3
72 1
52 2
72 2
40 2
72 2
47 2
72 2
40 2
72 2
40 2
72 2
47 2
72 2
52 2
72 2
47 2
72 2
40 2
72 2
49 2
72 2
52 2
72 2
49 2
72 2
40 2
72 2
47 2
72 2
52 2
72 2
47 2
72 2
52 2
72 2
40 2
72 2
47 2
72 2
40 2
72 2
40 2
72 2
47 2
72 2
52 2
72 2
47 2
72 2
40 2
72 2
49 2
72 2
52 2
72 2
49 2
72 2
52 2
72 2
51 2
72 2
50 2
72 2
49 2
72 2
53 2
72 2
41 2
72 2
48 2
72 2
41 2
72 2
41 2
72 2
48 2
72 2
53 2
72 2
48 2
72 2
41 2
72 2
50 2
72 2
53 2
72 2
50 2
72 2
53 2
72 2
48 2
72 2
45 2
72 2
36 2
72 2
53 2
72 2
41 2
72 2
48 2
72 2
41 2
72 2
41 2
72 2
48 2
72 2
53 2
72 2
48 2
72 2
41 2
72 2
50 2
72 2
53 2
72 2
50 2
72 2
53 2
72 2
53 2
72 2
54 2
72 2
55 2
72 2
52 2
72 2
40 2
72 2
47 2
72 2
40 2
72 2
40 2
72 2
47 2
72 2
52 2
72 2
47 2
72 2
40 2
72 2
49 2
72 2
52 2
72 2
49 2
72 2
40 2
72 2
47 2
72 2
52 2
72 2
47 2
72 2
52 2
72 2
40 2
72 2
47 2
72 2
40 2
72 2
40 2
72 2
47 2
72 2
52 2
72 2
47 2
72 2
40 2
72 2
49 2
72 2
52 2
72 2
49 2
72 2
52 2
72 2
51 2
72 2
50 2
72 2
49 2
72 2
53 2
72 2
41 2
72 2
48 2
72 2
41 2
72 2
41 2
72 2
48 2
72 2
53 2
72 2
48 2
72 2
41 2
72 2
50 2
72 2
53 2
72 2
50 2
72 2
53 2
72 2
48 2
72 2
45 2
72 2
36 2
72 2
53 2
72 2
41 2
72 2
48 2
72 2
41 2
72 2
41 2
72 2
48 2
72 2
53 2
72 2
48 2
72 2
41 2
72 2
50 2
72 2
53 2
72 2
50 2
72 2
53 2
72 2
53 2
72 2
54 2
72 2
55 2
72 2
52 2
72 2
40 2
72 2
47 2
72 2
40 2
72 2
40 2
72 2
47 2
72 2
52 2
72 2
47 2
72 2
40 2
72 2
49 2
72 2
52 2
72 2
49 2
72 2
40 2
72 2
47 2
72 2
52 2
72 2
47 2
72 2
52 2
72 2
40 2
72 2
47 2
72 2
40 2
72 2
40 2
72 2
47 2
72 2
52 2
72 2
47 2
72 2
40 2
72 2
49 2
72 2
52 2
72 2
49 2
72 2
52 2
72 2
51 2
72 2
50 2
72 2
49 2
72 2
53 2
72 2
41 2
72 2
48 2
72 2
41 2
72 2
41 2
72 2
48 2
72 2
53 2
72 2
48 2
72 2
41 2
72 2
50 2
72 2
53 2
72 2
50 2
72 2
53 2
72 2
48 2
72 2
45 2
72 2
36 2
72 2
53 2
72 2
41 2
72 2
48 2
72 2
41 2
72 2
41 2
72 2
48 2
72 2
53 2
72 2
48 2
72 2
41 2
72 2
50 2
72 2
53 2
72 2
50 2
72 2
53 2
72 2
53 2
72 2
54 2
72 2
55 2
72 2
52 2
72 2
40 2
72 2
47 2
72 2
40 2
72 2
40 2
72 2
47 2
72 2
52 2
72 2
47 2
72 2
40 2
72 2
49 2
72 2
52 2
72 2
49 2
72 2
40 2
72 2
47 2
72 2
52 2
72 2
47 2
72 2
52 2
72 2
40 2
72 2
47 2
72 2
40 2
72 2
40 2
72 2
47 2
72 2
52 2
72 2
47 2
72 2
40 2
72 2
49 2
72 2
52 2
72 2
49 2
72 2
52 2
72 2
51 2
72 2
50 2
72 2
49 2
72 2
53 2
72 2
41 2
72 2
48 2
72 2
41 2
72 2
41 2
72 2
48 2
72 2
53 2
72 2
48 2
72 2
41 2
72 2
50 2
72 2
53 2
72 2
50 2
72 2
53 2
72 2
48 2
72 2
45 2
72 2
36 2
72 2
53 2
72 2
41 2
72 2
48 2
72 2
41 2
72 2
41 2
72 2
48 2
72 2
53 2
72 2
48 2
72 2
41 2
72 2
50 2
72 2
53 2
72 2
50 2
72 2
53 2
72 2
53 2
72 2
54 2
72 2
55 2
E
S
H
52 2
54 2
56 2
57 2
59 11
E
S
H
47 2
45 2
44 2
42 2
40 11
72 6
44 3
72 5
40 3
72 5
35 3
72 1
40 7
35 3
72 5
40 7
37 3
72 1
40 3
72 5
35 3
72 5
44 3
72 5
40 3
72 5
35 3
72 1
40 7
35 3
72 5
40 7
37 3
72 1
40 3
72 5
38 3
72 5
36 3
72 5
41 3
72 5
36 3
72 1
41 7
45 3
72 5
41 7
46 3
72 1
41 3
72 5
45 3
72 5
36 3
72 5
41 3
72 5
36 3
72 1
41 7
45 3
72 5
41 7
46 3
72 1
41 3
72 5
42 3
72 5
44 3
72 5
40 3
72 5
35 3
72 1
40 7
35 3
72 5
40 7
37 3
72 1
40 3
72 5
35 3
72 5
44 3
72 5
40 3
72 5
35 3
72 1
40 7
35 3
72 5
40 7
37 3
72 1
40 3
72 5
38 3
72 5
36 3
72 5
41 3
72 5
36 3
72 1
41 7
45 3
72 5
41 7
46 3
72 1
41 3
72 5
45 3
72 5
36 3
72 5
41 3
72 5
36 3
72 1
41 7
45 3
72 5
41 7
46 3
72 1
41 3
72 5
42 3
72 5
44 3
72 5
40 3
72 5
35 3
72 1
40 7
35 3
72 5
40 7
37 3
72 1
40 3
72 5
35 3
72 5
44 3
72 5
40 3
72 5
35 3
72 1
40 7
35 3
72 5
40 7
37 3
72 1
40 3
72 5
38 3
72 5
36 3
72 5
41 3
72 5
36 3
72 1
41 7
45 3
72 5
41 7
46 3
72 1
41 3
72 5
45 3
72 5
36 3
72 5
41 3
72 5
36 3
72 1
41 7
45 3
72 5
41 7
46 3
72 1
41 3
72 5
42 3
72 5
44 3
72 5
40 3
72 5
35 3
72 1
40 7
35 3
72 5
40 7
37 3
72 1
40 3
72 5
35 3
72 5
44 3
72 5
40 3
72 5
35 3
72 1
40 7
35 3
72 5
40 7
37 3
72 1
40 3
72 5
38 3
72 5
36 3
72 5
41 3
72 5
36 3
72 1
41 7
45 3
72 5
41 7
46 3
72 1
41 3
72 5
45 3
72 5
36 3
72 5
41 3
72 5
36 3
72 1
41 7
45 3
72 5
41 7
46 3
72 1
41 3
72 5
42 3
E
S
L
72 9
63 3
72 1
64 3
72 5
64 3
72 5
28 6
72 2
23 5
72 3
28 4
32 7
28 6
72 2
33 7
28 4
32 5
72 3
28 5
72 3
28 6
72 2
23 5
72 3
28 4
32 7
28 6
72 2
33 7
28 4
32 5
72 3
31 4
30 4
29 6
72 2
24 5
72 3
29 4
33 7
29 6
72 2
34 7
29 4
33 5
72 3
29 5
72 3
29 6
72 2
24 5
72 3
29 4
33 7
29 6
72 2
34 7
29 4
33 5
72 3
34 4
35 4
28 6
72 2
23 5
72 3
28 4
32 7
28 6
72 2
33 7
28 4
32 5
72 3
28 5
72 3
28 6
72 2
23 5
72 3
28 4
32 7
28 6
72 2
33 7
28 4
32 5
72 3
31 4
30 4
29 6
72 2
24 5
72 3
29 4
33 7
29 6
72 2
34 7
29 4
33 5
72 3
29 5
72 3
29 6
72 2
24 5
72 3
29 4
33 7
29 6
72 2
34 7
29 4
33 5
72 3
34 4
35 4
28 6
72 2
23 5
72 3
28 4
32 7
28 6
72 2
33 7
28 4
32 5
72 3
28 5
72 3
28 6
72 2
23 5
72 3
28 4
32 7
28 6
72 2
33 7
28 4
32 5
72 3
31 4
30 4
29 6
72 2
24 5
72 3
29 4
33 7
29 6
72 2
34 7
29 4
33 5
72 3
29 5
72 3
29 6
72 2
24 5
72 3
29 4
33 7
29 6
72 2
34 7
29 4
33 5
72 3
34 4
35 4
28 6
72 2
23 5
72 3
28 4
32 7
28 6
72 2
33 7
28 4
32 5
72 3
28 5
72 3
28 6
72 2
23 5
72 3
28 4
32 7
28 6
72 2
33 7
28 4
32 5
72 3
31 4
30 4
29 6
72 2
24 5
72 3
29 4
33 7
29 6
72 2
34 7
29 4
33 5
72 3
29 5
72 3
29 6
72 2
24 5
72 3
29 4
33 7
29 6
72 2
34 7
29 4
33 5
72 3
34 4
35 4
E
S
H
72 14
57 6
72 14
57 6
72 14
57 6
72 14
57 6
72 14
57 6
72 14
57 6
72 14
57 6
72 14
57 6
E
X
