major
S
L
823 2
21 0
134 0
161 2
134 0
134 0
823 2
21 0
134 0
161 2
134 0
134 0
823 2
21 0
134 0
134 0
823 2
21 0
134 0
161 2
134 0
134 0
823 2
21 0
134 0
161 2
134 0
134 0
823 2
21 0
134 0
1752 2
21 0
1752 2
21 0
1752 2
21 0
1752 2
21 0
1752 2
21 0
1752 2
21 0
1752 2
21 0
1752 2
21 0
823 2
21 0
134 0
161 2
134 0
134 0
823 2
21 0
134 0
161 2
134 0
134 0
823 2
21 0
134 0
134 0
1595 2
21 0
1752 2
21 0
1595 2
21 0
1752 2
21 0
1595 2
21 0
1752 2
21 0
1595 2
21 0
1752 2
21 0
823 2
21 0
134 0
161 2
134 0
134 0
823 2
21 0
134 0
161 2
134 0
134 0
823 2
21 0
134 0
134 0
1595 2
21 0
1752 2
21 0
216 0
1752 2
21 0
216 0
1752 2
21 0
216 0
1752 2
21 0
216 0
653 2
21 0
810 2
21 0
823 2
21 0
134 0
161 2
134 0
134 0
823 2
21 0
134 0
161 2
134 0
134 0
823 2
21 0
134 0
134 0
1595 2
21 0
1752 2
21 0
216 0
1752 2
21 0
216 0
1752 2
21 0
216 0
1752 2
21 0
216 0
653 2
21 0
810 2
21 0
823 2
21 0
134 0
161 2
134 0
134 0
823 2
21 0
134 0
161 2
134 0
134 0
823 2
21 0
134 0
134 0
1595 2
21 0
1752 2
21 0
216 0
1752 2
21 0
216 0
1752 2
21 0
216 0
1752 2
21 0
216 0
653 2
21 0
810 2
21 0
823 2
21 0
134 0
161 2
134 0
134 0
823 2
21 0
134 0
161 2
134 0
134 0
823 2
21 0
134 0
134 0
1595 2
21 0
1752 2
21 0
216 0
1752 2
21 0
216 0
1752 2
21 0
216 0
1752 2
21 0
216 0
653 2
21 0
810 2
21 0
823 2
21 0
134 0
161 2
134 0
134 0
823 2
21 0
134 0
161 2
134 0
134 0
823 2
21 0
134 0
134 0
1595 2
21 0
1752 2
21 0
1595 2
21 0
1752 2
21 0
1595 2
21 0
1752 2
21 0
1595 2
21 0
1752 2
21 0
823 2
21 0
134 0
161 2
134 0
134 0
823 2
21 0
134 0
161 2
134 0
134 0
823 2
21 0
134 0
134 0
1595 2
21 0
1752 2
21 0
216 0
1752 2
21 0
216 0
1752 2
21 0
216 0
1752 2
21 0
216 0
653 2
21 0
810 2
21 0
823 2
21 0
134 0
161 2
134 0
134 0
823 2
21 0
134 0
161 2
134 0
134 0
823 2
21 0
134 0
134 0
1595 2
21 0
1752 2
21 0
216 0
1752 2
21 0
216 0
1752 2
21 0
216 0
1752 2
21 0
216 0
653 2
21 0
810 2
21 0
823 2
21 0
134 0
161 2
134 0
134 0
823 2
21 0
134 0
161 2
134 0
134 0
823 2
21 0
134 0
134 0
1595 2
21 0
1752 2
21 0
216 0
1752 2
21 0
216 0
1752 2
21 0
216 0
1752 2
21 0
216 0
653 2
21 0
810 2
21 0
823 2
21 0
134 0
161 2
134 0
134 0
823 2
21 0
134 0
161 2
134 0
134 0
823 2
21 0
134 0
134 0
1595 2
21 0
1752 2
21 0
216 0
1752 2
21 0
216 0
1752 2
21 0
216 0
1752 2
21 0
216 0
653 2
21 0
810 2
21 0
823 2
21 0
134 0
161 2
134 0
134 0
823 2
21 0
134 0
161 2
134 0
134 0
823 2
21 0
134 0
134 0
823 2
21 0
134 0
161 2
134 0
134 0
823 2
21 0
134 0
161 2
134 0
134 0
823 2
21 0
134 0
1752 2
21 0
1752 2
21 0
1752 2
21 0
1752 2
21 0
1752 2
21 0
1752 2
21 0
1752 2
21 0
1752 2
21 0
823 2
21 0
134 0
161 2
134 0
134 0
823 2
21 0
134 0
161 2
134 0
134 0
823 2
21 0
134 0
134 0
1595 2
21 0
1752 2
21 0
1595 2
21 0
1752 2
21 0
1595 2
21 0
1752 2
21 0
1595 2
21 0
1752 2
21 0
823 2
21 0
134 0
161 2
134 0
134 0
823 2
21 0
134 0
161 2
134 0
134 0
823 2
21 0
134 0
134 0
1595 2
21 0
1752 2
21 0
216 0
1752 2
21 0
216 0
1752 2
21 0
216 0
1752 2
21 0
216 0
653 2
21 0
810 2
21 0
823 2
21 0
134 0
161 2
134 0
134 0
823 2
21 0
134 0
161 2
134 0
134 0
823 2
21 0
134 0
134 0
1595 2
21 0
1752 2
21 0
216 0
1752 2
21 0
216 0
1752 2
21 0
216 0
1752 2
21 0
216 0
653 2
21 0
810 2
21 0
823 2
21 0
134 0
161 2
134 0
134 0
823 2
21 0
134 0
161 2
134 0
134 0
823 2
21 0
134 0
134 0
1595 2
21 0
1752 2
21 0
216 0
1752 2
21 0
216 0
1752 2
21 0
216 0
1752 2
21 0
216 0
653 2
21 0
810 2
21 0
823 2
21 0
134 0
161 2
134 0
134 0
823 2
21 0
134 0
161 2
134 0
134 0
823 2
21 0
134 0
134 0
1595 2
21 0
1752 2
21 0
216 0
1752 2
21 0
216 0
1752 2
21 0
216 0
1752 2
21 0
216 0
653 2
21 0
810 2
21 0
823 2
21 0
134 0
161 2
134 0
134 0
823 2
21 0
134 0
161 2
134 0
134 0
823 2
21 0
134 0
134 0
1595 2
21 0
1752 2
21 0
216 0
1752 2
21 0
216 0
1752 2
21 0
216 0
1752 2
21 0
216 0
653 2
21 0
810 2
21 0
823 2
21 0
134 0
161 2
134 0
134 0
823 2
21 0
134 0
161 2
134 0
134 0
823 2
21 0
134 0
134 0
823 2
21 0
134 0
161 2
134 0
134 0
823 2
21 0
134 0
161 2
134 0
134 0
823 2
21 0
134 0
1752 2
21 0
1752 2
21 0
1752 2
21 0
1752 2
21 0
1752 2
21 0
1752 2
21 0
1752 2
21 0
1752 2
21 0
823 2
21 0
134 0
161 2
134 0
134 0
823 2
21 0
134 0
161 2
134 0
134 0
823 2
21 0
134 0
134 0
1595 2
21 0
1752 2
21 0
1595 2
21 0
1752 2
21 0
1595 2
21 0
1752 2
21 0
1595 2
21 0
1752 2
21 0
823 2
21 0
134 0
161 2
134 0
134 0
823 2
21 0
134 0
161 2
134 0
134 0
823 2
21 0
134 0
134 0
1595 2
21 0
1752 2
21 0
216 0
1752 2
21 0
216 0
1752 2
21 0
216 0
1752 2
21 0
216 0
653 2
21 0
810 2
21 0
823 2
21 0
134 0
161 2
134 0
134 0
823 2
21 0
134 0
161 2
134 0
134 0
823 2
21 0
134 0
134 0
1595 2
21 0
1752 2
21 0
216 0
1752 2
21 0
216 0
1752 2
21 0
216 0
1752 2
21 0
216 0
653 2
21 0
810 2
21 0
823 2
21 0
134 0
161 2
134 0
134 0
823 2
21 0
134 0
161 2
134 0
134 0
823 2
21 0
134 0
134 0
1595 2
21 0
1752 2
21 0
216 0
1752 2
21 0
216 0
1752 2
21 0
216 0
1752 2
21 0
216 0
653 2
21 0
810 2
21 0
823 2
21 0
134 0
161 2
134 0
134 0
823 2
21 0
134 0
161 2
134 0
134 0
823 2
21 0
134 0
134 0
1595 2
21 0
1752 2
21 0
216 0
1752 2
21 0
216 0
1752 2
21 0
216 0
1752 2
21 0
216 0
653 2
21 0
810 2
21 0
823 2
21 0
134 0
161 2
134 0
134 0
823 2
21 0
134 0
161 2
134 0
134 0
823 2
21 0
134 0
134 0
1595 2
21 0
1752 2
21 0
1595 2
21 0
1752 2
21 0
1595 2
21 0
1752 2
21 0
1595 2
21 0
1752 2
21 0
E
S
L
72 14
14 2
72 2
14 2
72 4
14 2
72 4
14 2
72 10
7 2
72 2
7 2
72 4
7 2
72 4
7 2
72 2
12 2
72 2
13 2
72 6
14 2
72 2
14 2
72 4
14 2
72 4
14 2
72 10
7 2
72 2
7 2
72 4
7 2
72 4
7 2
72 2
12 2
72 2
13 2
72 6
14 2
72 2
14 2
72 4
14 2
72 4
14 2
72 10
7 2
72 2
7 2
72 4
7 2
72 4
7 2
72 2
12 2
72 2
13 2
72 6
14 2
72 2
14 2
72 4
14 2
72 4
14 2
72 13
14 2
72 2
14 2
72 4
14 2
72 4
14 2
72 10
7 2
72 2
7 2
72 4
7 2
72 4
7 2
72 2
12 2
72 2
13 2
72 6
14 2
72 2
14 2
72 4
14 2
72 4
14 2
72 10
7 2
72 2
7 2
72 4
7 2
72 4
7 2
72 2
12 2
72 2
13 2
72 6
14 2
72 2
14 2
72 4
14 2
72 4
14 2
72 10
7 2
72 2
7 2
72 4
7 2
72 4
7 2
72 2
12 2
72 2
13 2
72 6
14 2
72 2
14 2
72 4
14 2
72 4
14 2
72 10
7 2
72 2
7 2
72 4
7 2
72 4
7 2
72 2
12 2
72 2
13 2
72 14
14 2
72 2
14 2
72 4
14 2
72 4
14 2
72 10
7 2
72 2
7 2
72 4
7 2
72 4
7 2
72 2
12 2
72 2
13 2
72 6
14 2
72 2
14 2
72 4
14 2
72 4
14 2
72 10
7 2
72 2
7 2
72 4
7 2
72 4
7 2
72 2
12 2
72 2
13 2
72 6
14 2
72 2
14 2
72 4
14 2
72 4
14 2
72 10
7 2
72 2
7 2
72 4
7 2
72 4
7 2
72 2
12 2
72 2
13 2
72 6
14 2
72 2
14 2
72 4
14 2
72 4
14 2
72 10
7 2
72 2
7 2
72 4
7 2
72 4
7 2
72 2
12 2
72 2
13 2
72 14
14 2
72 2
14 2
72 4
14 2
72 4
14 2
72 10
7 2
72 2
7 2
72 4
7 2
72 4
7 2
72 2
12 2
72 2
13 2
72 6
14 2
72 2
14 2
72 4
14 2
72 4
14 2
72 10
7 2
72 2
7 2
72 4
7 2
72 4
7 2
72 2
12 2
72 2
13 2
72 6
14 2
72 2
14 2
72 4
14 2
72 4
14 2
72 10
7 2
72 2
7 2
72 4
7 2
72 4
7 2
72 2
12 2
72 2
13 2
72 6
14 2
72 2
14 2
72 4
14 2
72 4
14 2
E
S
L
12 4
230 2
57 2
12 2
57 2
58 4
12 4
230 4
12 4
230 4
12 4
230 2
57 2
12 4
230 2
12 2
12 4
230 4
12 4
230 4
12 4
230 2
57 2
12 4
230 4
12 4
230 4
12 2
57 2
58 4
12 4
230 2
57 2
12 4
230 2
12 2
12 2
57 2
12 4
72 2
57 2
12 4
12 4
1653 2
57 2
12 2
57 2
225 4
12 4
1653 4
12 4
1653 4
12 4
1653 2
57 2
12 4
1653 2
12 2
12 4
1653 4
12 4
1653 4
12 4
1653 2
57 2
12 4
1653 4
12 4
1653 4
12 2
57 2
225 4
12 4
1653 2
57 2
12 2
225 2
230 2
12 2
16 2
213 2
12 2
16 2
57 2
72 2
16 4
12 4
1653 2
57 2
12 2
57 2
225 4
12 4
1653 4
12 4
1653 4
12 4
1653 2
57 2
12 4
1653 2
12 2
12 4
1653 4
12 4
1653 4
12 4
1653 2
57 2
12 4
1653 4
12 4
1653 4
12 2
57 2
225 4
12 4
1653 2
57 2
12 2
225 2
230 2
12 2
16 2
213 2
12 2
16 2
57 2
72 2
16 4
12 4
1653 2
57 2
12 2
57 2
225 4
12 4
1653 4
12 4
1653 4
12 4
1653 2
57 2
12 4
1653 2
12 2
12 4
1653 4
12 4
1653 4
12 4
1653 2
57 2
12 4
1653 4
12 4
1653 4
12 2
57 2
225 4
12 4
16 2
16 2
16 2
72 2
16 2
16 2
16 2
16 2
16 2
72 2
16 2
16 2
16 2
72 2
12 4
1653 2
57 2
12 2
57 2
225 4
12 4
1653 4
12 4
1653 4
12 4
1653 2
57 2
12 4
1653 2
12 2
12 4
1653 4
12 4
1653 4
12 4
1653 2
57 2
12 4
1653 4
12 4
1653 4
12 2
57 2
225 4
12 4
1653 2
57 2
12 2
225 2
230 2
12 2
16 2
213 2
12 2
16 2
57 2
72 2
16 4
12 4
1653 2
57 2
12 2
57 2
225 4
12 4
1653 4
12 4
1653 4
12 4
1653 2
57 2
12 4
1653 2
12 2
12 4
1653 4
12 4
1653 4
12 4
1653 2
57 2
12 4
1653 4
12 4
1653 4
12 2
57 2
225 4
12 4
1653 2
57 2
12 2
225 2
230 2
12 2
16 2
213 2
12 2
16 2
57 2
72 2
16 4
12 4
230 2
57 2
12 2
57 2
58 4
12 4
230 4
12 4
230 4
12 4
230 2
57 2
12 4
230 2
12 2
12 4
230 4
12 4
230 4
12 4
230 2
57 2
12 4
230 4
12 4
230 4
12 2
57 2
58 4
12 4
230 2
57 2
12 4
230 2
12 2
12 2
57 2
12 4
72 2
57 2
12 4
12 4
1653 2
57 2
12 2
57 2
225 4
12 4
1653 4
12 4
1653 4
12 4
1653 2
57 2
12 4
1653 2
12 2
12 4
1653 4
12 4
1653 4
12 4
1653 2
57 2
12 4
1653 4
12 4
1653 4
12 2
57 2
225 4
12 4
1653 2
57 2
12 2
225 2
230 2
12 2
16 2
213 2
12 2
16 2
57 2
72 2
16 4
12 4
1653 2
57 2
12 2
57 2
225 4
12 4
1653 4
12 4
1653 4
12 4
1653 2
57 2
12 4
1653 2
12 2
12 4
1653 4
12 4
1653 4
12 4
1653 2
57 2
12 4
1653 4
12 4
1653 4
12 2
57 2
225 4
12 4
1653 2
57 2
12 2
225 2
230 2
12 2
16 2
213 2
12 2
16 2
57 2
72 2
16 4
12 4
1653 2
57 2
12 2
57 2
225 4
12 4
1653 4
12 4
1653 4
12 4
1653 2
57 2
12 4
1653 2
12 2
12 4
1653 4
12 4
1653 4
12 4
1653 2
57 2
12 4
1653 4
12 4
1653 4
12 2
57 2
225 4
12 4
1653 2
57 2
12 2
225 2
230 2
12 2
16 2
213 2
12 2
16 2
57 2
72 2
16 4
12 4
230 2
57 2
12 2
57 2
58 4
12 4
230 4
12 4
230 4
12 4
230 2
57 2
12 4
230 2
12 2
12 4
230 4
12 4
230 4
12 4
230 2
57 2
12 4
230 4
12 4
230 4
12 2
57 2
58 4
12 4
230 2
57 2
12 4
230 2
12 2
12 2
57 2
12 4
72 2
57 2
12 4
12 4
1653 2
57 2
12 2
57 2
225 4
12 4
1653 4
12 4
1653 4
12 4
1653 2
57 2
12 4
1653 2
12 2
12 4
1653 4
12 4
1653 4
12 4
1653 2
57 2
12 4
1653 4
12 4
1653 4
12 2
57 2
225 4
12 4
1653 2
57 2
12 2
225 2
230 2
12 2
16 2
213 2
12 2
16 2
57 2
72 2
16 4
12 4
1653 2
57 2
12 2
57 2
225 4
12 4
1653 4
12 4
1653 4
12 4
1653 2
57 2
12 4
1653 2
12 2
12 4
1653 4
12 4
1653 4
12 4
1653 2
57 2
12 4
1653 4
12 4
1653 4
12 2
57 2
225 4
12 4
1653 2
57 2
12 2
225 2
230 2
12 2
16 2
213 2
12 2
16 2
57 2
72 2
16 4
12 4
1653 2
57 2
12 2
57 2
225 4
12 4
1653 4
12 4
1653 4
12 4
1653 2
57 2
12 4
1653 2
12 2
12 4
1653 4
12 4
1653 4
12 4
1653 2
57 2
12 4
1653 4
12 4
1653 4
12 2
57 2
225 4
12 4
16 2
16 2
16 2
72 2
16 2
16 2
16 2
16 2
16 2
72 2
16 2
16 2
16 2
E
S
H
72 14
43 2
72 2
43 2
72 2
41 2
43 2
72 2
41 2
43 2
72 2
47 4
48 4
47 4
43 2
41 4
43 4
72 12
50 2
72 2
48 2
72 2
47 2
72 2
48 2
72 2
47 2
48 4
47 2
43 4
41 2
72 2
43 2
72 2
41 2
72 2
43 2
38 4
72 11
43 2
72 2
43 2
72 2
41 2
43 2
72 2
41 2
43 2
72 2
47 4
48 4
47 4
43 2
41 4
43 4
72 12
50 2
72 2
52 2
72 2
50 2
72 2
53 2
72 2
52 2
53 4
52 2
48 4
48 2
72 2
47 2
72 2
47 2
72 2
43 2
41 4
72 14
43 2
72 2
43 2
72 2
41 2
43 2
72 2
41 2
43 2
72 2
47 4
48 4
47 4
43 2
41 4
43 4
72 12
50 2
72 2
48 2
72 2
47 2
72 2
48 2
72 2
47 2
48 4
47 2
43 4
41 2
72 2
43 2
72 2
41 2
72 2
43 2
38 4
72 11
43 2
72 2
43 2
72 2
41 2
43 2
72 2
41 2
43 2
72 2
47 4
48 4
47 4
43 2
41 4
43 4
72 12
50 2
72 2
52 2
72 2
50 2
72 2
53 2
72 2
52 2
53 4
52 2
48 4
48 2
72 2
47 2
72 2
47 2
72 2
43 2
41 4
E
X
