minor
S
L
27 11
23 11
27 11
23 11
27 11
23 11
27 11
23 11
22 11
22 7
22 12
22 7
22 11
22 7
22 12
22 7
22 11
27 11
23 11
27 11
23 11
27 11
23 11
27 11
23 11
22 11
22 7
22 12
22 7
22 11
22 7
22 12
22 7
22 11
E
S
H
27 3
72 1
37 3
72 1
39 3
72 1
41 3
72 1
23 3
72 1
37 3
72 1
39 3
72 1
41 3
72 1
27 3
72 1
37 3
72 1
39 3
72 1
41 3
72 1
23 3
72 1
37 3
72 1
39 3
72 1
41 3
72 1
27 3
72 1
37 3
72 1
39 3
72 1
41 3
72 1
23 3
72 1
37 3
72 1
39 3
72 1
41 3
72 1
27 3
72 1
37 3
72 1
39 3
72 1
41 3
72 1
23 3
72 1
37 3
72 1
39 3
72 1
41 3
72 1
22 3
72 1
51 3
72 1
50 3
72 1
46 3
72 1
49 3
72 1
48 3
72 1
22 3
72 1
51 3
72 1
50 3
72 1
46 3
72 1
49 3
72 1
48 3
72 1
46 3
72 1
44 3
72 1
22 3
72 1
51 3
72 1
50 3
72 1
46 3
72 1
49 3
72 1
48 3
72 1
22 3
72 1
51 3
72 1
50 3
72 1
46 3
72 1
49 3
72 1
48 3
72 1
49 3
72 1
51 7
72 9
27 3
72 1
37 3
72 1
39 3
72 1
41 3
72 1
23 3
72 1
37 3
72 1
39 3
72 1
41 3
72 1
27 3
72 1
37 3
72 1
39 3
72 1
41 3
72 1
23 3
72 1
37 3
72 1
39 3
72 1
41 3
72 1
27 3
72 1
37 3
72 1
39 3
72 1
41 3
72 1
23 3
72 1
37 3
72 1
39 3
72 1
41 3
72 1
27 3
72 1
37 3
72 1
39 3
72 1
41 3
72 1
23 3
72 1
37 3
72 1
39 3
72 1
41 3
72 1
22 3
72 1
51 3
72 1
50 3
72 1
46 3
72 1
49 3
72 1
48 3
72 1
22 3
72 1
51 3
72 1
50 3
72 1
46 3
72 1
49 3
72 1
48 3
72 1
46 3
72 1
44 3
72 1
22 3
72 1
51 3
72 1
50 3
72 1
46 3
72 1
49 3
72 1
48 3
72 1
22 3
72 1
51 3
72 1
50 3
72 1
46 3
72 1
49 3
72 1
48 3
72 1
49 3
72 1
51 7
72 9
E
S
H
46 11
42 7
72 7
47 11
42 7
72 7
46 7
72 7
42 7
72 7
47 7
72 7
42 11
42 10
72 2
41 6
72 2
41 10
72 8
42 10
72 8
41 6
72 2
42 11
72 6
42 9
72 9
46 11
42 7
72 7
47 11
42 7
72 7
46 7
72 7
42 7
72 7
47 7
72 7
42 11
42 10
72 2
41 6
72 2
41 10
72 8
42 10
72 8
41 6
72 2
42 11
72 6
42 9
E
S
H
42 11
39 7
72 7
42 11
39 7
72 7
42 7
72 7
39 7
72 7
42 7
72 7
39 11
39 10
72 2
38 6
72 2
38 10
72 8
39 10
72 8
38 6
72 2
38 11
72 6
39 9
72 9
42 11
39 7
72 7
42 11
39 7
72 7
42 7
72 7
39 7
72 7
42 7
72 7
39 11
39 10
72 2
38 6
72 2
38 10
72 8
39 10
72 8
38 6
72 2
38 11
72 6
39 9
E
S
L
39 11
35 7
72 7
39 11
35 7
72 7
39 7
72 7
35 7
72 7
39 7
72 7
35 11
34 10
72 2
34 6
72 2
34 10
72 8
34 10
72 8
34 6
72 2
34 11
72 6
34 9
72 9
39 11
35 7
72 7
39 11
35 7
72 7
39 7
72 7
35 7
72 7
39 7
72 7
35 11
34 10
72 2
34 6
72 2
34 10
72 8
34 10
72 8
34 6
72 2
34 11
72 6
34 9
E
S
L
184 0
72 7
18 0
72 7
175 0
72 7
18 0
72 7
184 0
72 7
18 0
72 7
175 0
72 7
18 0
72 7
184 0
72 7
18 0
72 7
175 0
72 7
18 0
72 7
184 0
72 7
18 0
72 7
175 0
72 7
108 0
72 4
238 0
72 4
184 0
72 7
184 0
72 7
175 0
72 7
184 0
72 7
184 0
72 7
175 0
72 7
184 0
72 7
184 0
72 7
184 0
72 7
175 0
72 7
184 0
72 7
184 0
72 7
175 0
72 7
184 0
72 7
134 0
72 4
108 0
72 4
175 0
72 7
184 0
72 7
18 0
72 7
175 0
72 7
18 0
72 7
184 0
72 7
18 0
72 7
175 0
72 7
18 0
72 7
184 0
72 7
18 0
72 7
175 0
72 7
18 0
72 7
184 0
72 7
18 0
72 7
175 0
72 7
108 0
72 4
238 0
72 4
184 0
72 7
184 0
72 7
175 0
72 7
184 0
72 7
184 0
72 7
175 0
72 7
184 0
72 7
184 0
72 7
184 0
72 7
175 0
72 7
184 0
72 7
184 0
72 7
175 0
72 7
184 0
72 7
134 0
72 4
108 0
72 4
175 0
E
X
