minor
S
H
53 12
58 11
53 7
51 11
56 13
53 12
58 11
60 7
63 7
61 7
60 13
53 12
58 11
53 7
51 11
56 13
53 12
58 11
60 7
63 7
61 7
60 13
61 7
60 7
58 7
65 11
63 7
58 7
60 7
61 13
63 7
58 7
60 7
61 11
60 11
60 7
61 7
63 12
53 12
58 11
53 7
51 11
56 13
53 12
58 11
60 7
63 7
61 7
60 13
53 12
58 11
53 7
51 11
56 13
53 12
58 11
60 7
63 7
61 7
60 13
61 7
60 7
58 7
65 11
63 7
58 7
60 7
61 13
63 7
58 7
60 7
61 11
60 11
60 7
61 7
63 12
E
S
L
18 7
25 7
34 13
20 7
27 7
34 7
36 12
18 7
25 7
34 13
17 7
24 7
31 7
32 12
18 7
25 7
34 13
20 7
27 7
34 7
36 12
18 7
25 7
34 13
17 7
24 7
31 7
32 12
18 7
25 7
32 7
36 11
34 7
18 7
25 7
32 7
36 11
34 7
20 7
27 7
34 7
37 11
36 7
20 7
27 7
34 7
37 11
36 7
18 7
25 7
34 13
20 7
27 7
34 7
36 12
18 7
25 7
34 13
17 7
24 7
31 7
32 12
18 7
25 7
34 13
20 7
27 7
34 7
36 12
18 7
25 7
34 13
17 7
24 7
31 7
32 12
18 7
25 7
32 7
36 11
34 7
18 7
25 7
32 7
36 11
34 7
20 7
27 7
34 7
37 11
36 7
20 7
27 7
34 7
37 11
36 7
E
S
H
37 13
36 13
37 13
36 13
37 13
36 13
37 13
36 13
37 14
36 14
37 13
36 13
37 13
36 13
37 13
36 13
37 13
36 13
37 14
36 14
E
X
