minor
S
L
20 7
27 7
32 13
15 11
22 7
29 7
34 13
17 11
27 7
34 7
39 13
27 7
34 7
39 13
20 7
27 7
32 13
15 11
22 7
29 7
34 13
17 11
24 7
31 7
36 13
24 7
31 7
36 13
20 7
27 7
32 13
15 11
22 7
29 7
34 13
17 11
27 7
34 7
39 13
27 7
34 7
39 13
20 7
27 7
32 13
15 11
22 7
29 7
34 13
17 11
24 7
31 7
36 13
24 7
31 7
36 13
20 7
27 7
32 13
15 11
22 7
29 7
34 13
17 11
27 7
34 7
39 13
27 7
34 7
39 13
20 7
27 7
32 13
15 11
22 7
29 7
34 13
17 11
24 7
31 7
36 13
24 7
31 7
36 13
20 7
27 7
32 13
15 11
22 7
29 7
34 13
17 11
27 7
34 7
39 13
27 7
34 7
39 13
20 7
27 7
32 13
15 11
22 7
29 7
34 13
17 11
24 7
31 7
36 13
24 7
31 7
36 13
E
S
H
60 9
60 4
55 9
55 4
53 9
53 4
62 9
62 4
60 9
60 4
55 9
55 4
53 9
53 4
62 9
62 4
63 9
63 4
62 9
62 4
67 9
67 4
65 0
67 0
72 2
65 8
65 4
63 9
63 4
62 9
62 4
60 9
60 4
58 9
58 4
60 9
60 4
55 9
55 4
53 9
53 4
62 9
62 4
60 9
60 4
55 9
55 4
53 9
53 4
62 9
62 4
63 9
63 4
62 9
62 4
67 9
67 4
65 0
67 0
72 2
65 8
65 4
63 9
63 4
62 9
62 4
60 9
60 4
67 9
67 4
60 9
60 4
55 9
55 4
53 9
53 4
62 9
62 4
60 9
60 4
55 9
55 4
53 9
53 4
62 9
62 4
63 9
63 4
62 9
62 4
67 9
67 4
65 0
67 0
72 2
65 8
65 4
63 9
63 4
62 9
62 4
60 9
60 4
58 9
58 4
60 9
60 4
55 9
55 4
53 9
53 4
62 9
62 4
60 9
60 4
55 9
55 4
53 9
53 4
62 9
62 4
63 9
63 4
62 9
62 4
67 9
67 4
65 0
67 0
72 2
65 8
65 4
63 9
63 4
62 9
62 4
60 9
60 4
67 9
67 4
60 9
60 4
55 9
55 4
53 9
53 4
62 9
62 4
60 9
60 4
55 9
55 4
53 9
53 4
62 9
62 4
63 9
63 4
62 9
62 4
67 9
67 4
65 0
67 0
72 2
65 8
65 4
63 9
63 4
62 9
62 4
60 9
60 4
58 9
58 4
60 9
60 4
55 9
55 4
53 9
53 4
62 9
62 4
60 9
60 4
55 9
55 4
53 9
53 4
62 9
62 4
63 9
63 4
62 9
62 4
67 9
67 4
65 0
67 0
72 2
65 8
65 4
63 9
63 4
62 9
62 4
60 9
60 4
67 9
67 4
60 9
60 4
55 9
55 4
53 9
53 4
62 9
62 4
60 9
60 4
55 9
55 4
53 9
53 4
62 9
62 4
63 9
63 4
62 9
62 4
67 9
67 4
65 0
67 0
72 2
65 8
65 4
63 9
63 4
62 9
62 4
60 9
60 4
58 9
58 4
60 9
60 4
55 9
55 4
53 9
53 4
62 9
62 4
60 9
60 4
55 9
55 4
53 9
53 4
62 9
62 4
63 9
63 4
62 9
62 4
67 9
67 4
65 0
67 0
72 2
65 8
65 4
63 9
63 4
62 9
62 4
60 9
60 4
67 9
67 4
E
S
H
39 14
41 14
43 14
39 14
41 14
43 14
39 14
41 14
43 14
39 14
41 14
43 14
39 14
41 14
43 14
39 14
41 14
43 14
39 14
41 14
43 14
39 14
41 14
43 14
E
X
