minor
S
H
37 4
36 4
37 4
32 13
39 11
35 4
37 4
35 4
32 11
28 2
27 2
28 11
32 11
32 4
34 4
31 4
34 4
37 6
34 6
37 4
39 11
37 11
37 4
32 4
29 4
36 4
34 4
32 7
31 4
29 4
31 2
29 2
27 12
37 4
36 7
37 4
32 11
36 4
37 4
39 4
44 11
35 4
40 4
44 4
47 4
46 7
42 13
46 4
44 7
42 2
42 2
46 4
44 7
42 4
47 11
39 11
44 14
37 4
36 4
37 4
32 13
39 11
35 4
37 4
35 4
32 11
28 2
27 2
28 11
32 11
32 4
34 4
31 4
34 4
37 6
34 6
37 4
39 11
37 11
37 4
32 4
29 4
36 4
34 4
32 7
31 4
29 4
31 2
29 2
27 12
37 4
36 7
37 4
32 11
36 4
37 4
39 4
44 11
35 4
40 4
44 4
47 4
46 7
42 13
46 4
44 7
42 2
42 2
46 4
44 7
42 4
47 11
39 11
44 14
E
S
L
18 2
72 13
18 2
72 13
18 2
72 13
18 2
72 13
18 2
72 13
18 2
72 13
18 2
72 13
18 2
72 13
18 2
72 13
18 2
72 13
18 2
72 13
18 2
72 13
18 2
72 13
18 2
72 13
18 2
72 13
18 2
E
S
L
8 14
4 14
3 14
1 14
8 14
4 14
6 13
7 13
8 14
8 14
4 14
3 14
1 14
8 14
4 14
6 13
7 11
3 11
8 14
E
S
L
72 14
2 8
E
S
L
72 14
13 2
72 13
13 4
72 12
13 2
72 13
13 4
72 12
13 2
72 13
13 4
72 12
13 2
72 12
13 4
72 4
13 4
72 4
13 4
13 2
72 13
13 2
72 13
13 2
72 13
13 2
72 13
13 2
72 13
13 2
72 13
13 2
72 13
13 2
72 13
13 2
72 13
13 2
72 13
13 2
72 13
13 2
72 13
13 2
72 13
13 2
72 13
13 2
72 13
13 2
E
S
L
72 14
32 14
28 14
30 13
31 11
27 11
32 14
72 14
20 4
20 4
20 4
20 4
20 4
20 4
20 4
20 4
20 4
20 4
20 4
20 4
20 4
20 4
20 4
20 4
16 4
16 4
16 4
16 4
16 4
16 4
16 4
16 4
16 4
16 4
16 4
16 4
16 4
16 4
16 4
16 4
18 4
18 4
18 4
18 4
18 4
18 4
18 4
18 4
23 4
23 4
23 4
23 4
22 4
22 4
22 4
22 4
20 4
20 4
20 4
20 4
20 4
20 4
20 4
20 4
20 4
20 4
20 4
20 4
20 7
20 2
20 2
20 2
E
S
L
72 14
11 2
72 14
11 2
72 13
11 2
72 10
11 2
72 6
11 2
72 13
11 2
72 10
11 2
72 6
11 2
72 13
11 2
72 10
11 2
72 6
11 2
72 13
11 2
72 10
11 2
72 6
11 2
72 13
11 2
72 10
11 2
72 6
11 2
72 13
11 2
72 10
11 2
72 6
11 2
72 13
11 2
72 10
11 2
72 6
11 2
72 13
11 2
72 11
11 2
E
S
L
72 14
14 2
72 10
14 2
72 6
14 2
72 6
14 2
72 2
14 2
72 2
14 2
14 2
14 2
14 2
72 11
14 2
72 13
14 2
72 13
14 2
72 13
14 2
72 13
14 2
72 13
14 2
72 13
14 2
72 13
14 2
72 13
14 2
72 13
14 2
72 13
14 2
72 13
14 2
72 13
14 2
72 13
14 2
72 13
14 2
72 13
14 2
72 6
14 2
E
X
