major
S
L
72 14
64 14
64 14
40 14
42 7
43 14
47 7
45 14
41 14
52 14
54 7
55 14
59 7
57 14
65 14
64 14
72 14
17 4
41 2
17 2
17 2
41 2
17 2
17 2
41 2
17 2
17 2
41 2
16 4
43 4
17 4
41 2
17 2
17 2
41 2
17 2
17 2
41 2
17 2
17 2
41 2
16 4
43 4
16 4
40 2
16 2
16 2
40 2
16 2
16 2
40 2
16 2
16 2
40 2
14 4
41 4
16 4
40 2
16 2
16 2
40 2
16 2
16 2
40 2
16 2
16 2
40 2
14 4
41 4
17 4
41 2
17 2
17 2
41 2
17 2
17 2
41 2
17 2
17 2
41 2
16 4
43 4
17 4
41 2
17 2
17 2
41 2
17 2
17 2
41 2
17 2
17 2
41 2
16 4
43 4
64 14
E
S
L
4 2
4 2
4 2
4 2
4 2
4 2
4 2
4 2
4 2
4 2
4 2
4 2
4 2
4 2
4 2
4 2
4 2
4 2
4 2
4 2
4 2
4 2
4 2
4 2
4 2
4 2
4 2
4 2
4 2
4 2
4 2
4 2
4 2
4 2
4 2
4 2
4 2
4 2
4 2
4 2
4 2
4 2
4 2
4 2
4 2
4 2
4 2
4 2
4 2
4 2
4 2
4 2
4 2
4 2
4 2
4 2
4 2
4 2
4 2
4 2
4 2
4 2
4 2
4 2
4 2
4 2
4 2
4 2
4 2
4 2
4 2
4 2
4 2
4 2
4 2
4 2
4 2
4 2
4 2
4 2
4 2
4 2
4 2
4 2
4 2
4 2
4 2
4 2
4 2
4 2
4 2
4 2
4 2
4 2
4 2
4 2
4 2
4 2
4 2
4 2
4 2
4 2
4 2
4 2
4 2
4 2
4 2
4 2
4 2
4 2
4 2
4 2
4 2
4 2
4 2
4 2
4 2
4 2
4 2
4 2
4 2
4 2
4 2
4 2
4 2
4 2
4 2
4 2
4 2
4 2
4 2
4 2
4 2
4 2
4 2
4 2
4 2
4 2
4 2
4 2
4 2
4 2
4 2
4 2
4 2
4 2
4 2
4 2
4 2
4 2
4 2
4 2
4 2
4 2
4 2
4 2
4 2
4 2
4 2
4 2
4 2
4 2
4 2
4 2
4 2
4 2
4 2
4 2
4 2
4 2
4 2
4 2
4 2
4 2
4 2
4 2
4 2
4 2
4 2
4 2
4 2
4 2
4 2
4 2
4 2
4 2
4 2
4 2
4 2
4 2
4 2
4 2
4 2
4 2
4 2
4 2
4 2
4 2
4 2
4 2
4 2
4 2
4 2
4 2
4 2
4 2
4 2
4 2
4 2
4 2
4 2
4 2
4 2
4 2
4 2
4 2
4 2
4 2
4 2
4 2
4 2
4 2
4 2
4 2
5 2
5 2
5 2
5 2
5 2
5 2
5 2
5 2
5 2
5 2
5 2
5 2
5 2
5 2
5 2
5 2
5 2
5 2
5 2
5 2
5 2
5 2
5 2
5 2
5 2
5 2
5 2
5 2
5 2
5 2
5 2
5 2
5 2
5 2
5 2
5 2
5 2
5 2
5 2
5 2
5 2
5 2
5 2
5 2
5 2
5 2
5 2
5 2
5 2
5 2
5 2
5 2
5 2
5 2
5 2
5 2
5 2
5 2
5 2
5 2
5 2
5 2
5 2
5 2
4 2
4 2
4 2
4 2
4 2
4 2
4 2
4 2
4 2
4 2
4 2
4 2
4 2
4 2
4 2
4 2
4 2
4 2
4 2
4 2
4 2
4 2
4 2
4 2
4 2
4 2
4 2
4 2
4 2
4 2
4 2
4 2
4 2
4 2
4 2
4 2
4 2
4 2
4 2
4 2
4 2
4 2
4 2
4 2
4 2
4 2
4 2
4 2
4 2
4 2
4 2
4 2
4 2
4 2
4 2
4 2
4 2
4 2
4 2
4 2
4 2
4 2
4 2
4 2
5 2
5 2
5 2
5 2
5 2
5 2
5 2
5 2
5 2
5 2
5 2
5 2
5 2
5 2
5 2
5 2
5 2
5 2
5 2
5 2
5 2
5 2
5 2
5 2
5 2
5 2
5 2
5 2
5 2
5 2
5 2
5 2
5 2
5 2
5 2
5 2
5 2
5 2
5 2
5 2
5 2
5 2
5 2
5 2
5 2
5 2
5 2
5 2
5 2
5 2
5 2
5 2
5 2
5 2
5 2
5 2
5 2
5 2
5 2
5 2
5 2
5 2
5 2
5 2
4 2
4 2
4 2
4 2
4 2
4 2
4 2
4 2
4 2
4 2
4 2
4 2
4 2
4 2
4 2
4 2
4 2
4 2
4 2
4 2
4 2
4 2
4 2
4 2
4 2
4 2
4 2
4 2
4 2
4 2
4 2
4 2
4 2
4 2
4 2
4 2
4 2
4 2
4 2
4 2
4 2
4 2
4 2
4 2
4 2
4 2
4 2
4 2
4 2
4 2
4 2
4 2
4 2
4 2
4 2
4 2
4 2
4 2
4 2
4 2
4 2
4 2
4 2
4 2
5 2
5 2
5 2
5 2
5 2
5 2
5 2
5 2
5 2
5 2
5 2
5 2
5 2
5 2
5 2
5 2
5 2
5 2
5 2
5 2
5 2
5 2
5 2
5 2
5 2
5 2
5 2
5 2
5 2
5 2
5 2
5 2
4 2
4 2
4 2
4 2
4 2
4 2
4 2
4 2
4 2
4 2
4 2
4 2
4 2
4 2
4 2
4 2
4 2
4 2
4 2
4 2
4 2
4 2
4 2
4 2
4 2
4 2
4 2
4 2
4 2
4 2
4 2
4 2
5 2
5 2
5 2
5 2
5 2
5 2
5 2
5 2
5 2
5 2
5 2
5 2
5 2
5 2
5 2
5 2
5 2
5 2
5 2
5 2
5 2
5 2
5 2
5 2
5 2
5 2
5 2
5 2
5 2
5 2
5 2
5 2
4 2
4 2
4 2
4 2
4 2
4 2
4 2
4 2
4 2
4 2
4 2
4 2
4 2
4 2
4 2
4 2
4 2
4 2
4 2
4 2
4 2
4 2
4 2
4 2
4 2
4 2
4 2
4 2
4 2
4 2
4 2
4 2
4 2
4 2
4 2
4 2
4 2
4 2
4 2
4 2
4 2
4 2
4 2
4 2
4 2
4 2
4 2
4 2
4 2
4 2
4 2
4 2
4 2
4 2
4 2
4 2
4 2
4 2
4 2
4 2
4 2
4 2
4 2
4 2
E
S
L
4 2
4 2
4 2
4 2
4 2
4 2
4 2
4 2
4 2
4 2
4 2
4 2
4 2
4 2
4 2
4 2
4 2
4 2
4 2
4 2
4 2
4 2
4 2
4 2
4 2
4 2
4 2
4 2
4 2
4 2
4 2
4 2
4 6
4 6
4 6
4 6
9 4
10 4
4 6
4 6
4 6
4 4
4 2
10 4
9 4
4 6
4 6
4 6
4 6
9 4
10 4
4 6
4 6
4 6
4 4
4 2
2 4
3 4
4 6
4 6
4 6
4 6
9 4
10 4
4 6
4 6
4 6
4 4
4 2
10 4
9 4
4 6
4 6
4 6
4 6
9 4
10 4
4 6
4 6
4 6
4 4
4 2
2 4
3 4
72 13
40 14
42 7
43 14
47 7
45 14
41 13
4 6
4 6
4 6
4 6
9 4
10 4
4 6
4 6
4 6
4 4
4 2
10 4
9 4
4 6
4 6
4 6
4 6
9 4
10 4
4 6
4 6
4 6
4 4
4 2
2 4
3 4
5 6
5 6
5 6
5 6
10 4
11 4
5 6
5 6
5 6
5 4
5 2
11 4
10 4
5 6
5 6
5 6
5 6
10 4
11 4
5 6
5 6
5 6
5 4
5 2
3 4
4 4
4 6
4 6
4 6
4 6
9 4
10 4
4 6
4 6
4 6
4 4
4 2
10 4
9 4
4 6
4 6
4 6
4 6
9 4
10 4
4 6
4 6
4 6
4 4
4 2
2 4
3 4
29 4
48 2
29 2
29 2
48 2
29 2
29 2
48 2
29 2
29 2
48 2
28 4
50 4
29 4
48 2
29 2
29 2
48 2
29 2
29 2
48 2
29 2
29 2
48 2
28 4
50 4
28 4
47 2
28 2
28 2
47 2
28 2
28 2
47 2
28 2
28 2
47 2
26 4
48 4
28 4
47 2
28 2
28 2
47 2
28 2
28 2
47 2
28 2
28 2
47 2
26 4
48 4
29 4
48 2
29 2
29 2
48 2
29 2
29 2
48 2
29 2
29 2
48 2
28 4
50 4
29 4
48 2
29 2
29 2
48 2
29 2
29 2
48 2
29 2
29 2
48 2
28 4
50 4
4 6
4 6
4 6
4 6
9 4
10 4
4 6
4 6
4 6
4 4
4 2
10 4
9 4
4 6
4 6
4 6
4 6
9 4
10 4
4 6
4 6
4 6
4 4
4 2
2 4
3 4
E
S
H
153 2
153 2
192 2
218 2
153 2
153 2
192 2
218 2
153 2
153 2
192 2
218 2
153 2
153 2
192 2
218 2
153 2
153 2
192 2
218 2
153 2
153 2
192 2
218 2
153 2
153 2
192 2
218 2
153 2
153 2
192 2
218 2
153 2
153 2
192 2
218 2
153 2
153 2
192 2
218 2
153 2
153 2
192 2
218 2
153 2
153 2
192 2
218 2
153 2
153 2
192 2
218 2
153 2
153 2
192 2
218 2
153 2
153 2
192 2
218 2
153 2
153 2
192 2
218 2
153 2
153 2
192 2
218 2
153 2
153 2
192 2
218 2
153 2
153 2
192 2
218 2
153 2
153 2
192 2
218 2
153 2
153 2
192 2
218 2
153 2
153 2
192 2
218 2
153 2
153 2
192 2
218 2
153 2
153 2
192 2
218 2
153 2
153 2
192 2
218 2
153 2
153 2
192 2
218 2
153 2
153 2
192 2
218 2
153 2
153 2
192 2
218 2
153 2
153 2
192 2
218 2
153 2
153 2
192 2
218 2
153 2
153 2
192 2
218 2
153 2
153 2
192 2
218 2
153 2
153 2
192 2
218 2
153 2
153 2
192 2
218 2
153 2
153 2
192 2
218 2
153 2
153 2
192 2
218 2
153 2
153 2
192 2
218 2
153 2
153 2
192 2
218 2
153 2
153 2
192 2
218 2
153 2
153 2
192 2
218 2
72 13
40 14
42 7
43 14
47 7
45 14
41 10
101 2
192 2
127 2
192 2
127 2
244 2
127 2
218 2
72 13
52 14
54 7
67 14
59 7
57 14
65 13
64 14
72 14
101 2
192 2
127 2
192 2
127 2
244 2
127 2
218 2
72 14
101 2
192 2
127 2
192 2
127 2
244 2
127 2
218 2
153 2
153 2
192 2
218 2
153 2
153 2
192 2
218 2
153 2
153 2
192 2
218 2
153 2
153 2
192 2
218 2
153 2
153 2
192 2
218 2
153 2
153 2
192 2
218 2
153 2
153 2
192 2
218 2
153 2
153 2
192 2
218 2
153 2
153 2
192 2
218 2
153 2
153 2
192 2
218 2
153 2
153 2
192 2
218 2
153 2
153 2
192 2
218 2
153 2
153 2
192 2
218 2
153 2
153 2
192 2
218 2
153 2
153 2
192 2
218 2
153 2
153 2
192 2
218 2
E
S
L
72 14
64 14
64 14
40 14
42 7
43 14
47 7
45 14
41 14
52 14
54 7
55 14
59 7
57 14
65 14
64 14
72 14
17 4
41 2
17 2
17 2
41 2
17 2
17 2
41 2
17 2
17 2
41 2
16 4
43 4
17 4
41 2
17 2
17 2
41 2
17 2
17 2
41 2
17 2
17 2
41 2
16 4
43 4
16 4
40 2
16 2
16 2
40 2
16 2
16 2
40 2
16 2
16 2
40 2
14 4
41 4
16 4
40 2
16 2
16 2
40 2
16 2
16 2
40 2
16 2
16 2
40 2
14 4
41 4
17 4
41 2
17 2
17 2
41 2
17 2
17 2
41 2
17 2
17 2
41 2
16 4
43 4
17 4
41 2
17 2
17 2
41 2
17 2
17 2
41 2
17 2
17 2
41 2
16 4
43 4
64 14
E
S
L
72 2
28 2
28 2
28 2
28 2
28 2
28 2
28 2
28 2
28 2
28 2
28 2
28 2
28 2
28 2
28 2
28 2
28 2
28 2
28 2
28 2
28 2
28 2
28 2
28 2
28 2
28 2
28 2
28 2
28 2
28 2
28 2
28 2
28 2
28 2
28 2
28 2
28 2
28 2
28 2
28 2
28 2
28 2
28 2
28 2
28 2
28 2
28 2
28 2
28 2
28 2
28 2
28 2
28 2
28 2
28 2
28 2
28 2
28 2
28 2
28 2
28 2
28 2
28 2
28 2
28 2
28 2
28 2
28 2
28 2
28 2
28 2
28 2
28 2
28 2
28 2
28 2
28 2
28 2
28 2
28 2
28 2
28 2
28 2
28 2
28 2
28 2
28 2
28 2
28 2
28 2
28 2
28 2
28 2
28 2
28 2
28 2
28 2
28 2
28 2
28 2
28 2
28 2
28 2
28 2
28 2
28 2
28 2
28 2
28 2
28 2
28 2
28 2
28 2
28 2
28 2
28 2
28 2
28 2
28 2
28 2
28 2
28 2
28 2
28 2
28 2
28 2
28 2
28 2
28 2
28 2
28 2
28 2
28 2
28 2
28 2
28 2
28 2
28 2
28 2
28 2
28 2
28 2
28 2
28 2
28 2
28 2
28 2
28 2
28 2
28 2
28 2
28 2
28 2
28 2
28 2
28 2
28 2
28 2
28 2
28 2
28 2
28 2
28 2
28 2
28 2
28 2
28 2
28 2
28 2
28 2
28 2
28 2
28 2
28 2
28 2
28 2
28 2
28 2
28 2
28 2
28 2
28 2
28 2
28 2
28 2
28 2
28 2
28 2
28 2
28 2
28 2
28 2
28 2
28 2
28 2
28 2
28 2
28 2
28 2
28 2
28 2
28 2
28 2
28 2
28 2
28 2
28 2
28 2
28 2
28 2
28 2
28 2
28 2
28 2
28 2
28 2
28 2
28 2
28 2
28 2
28 2
28 2
28 2
28 2
29 2
29 2
29 2
29 2
29 2
29 2
29 2
29 2
29 2
29 2
29 2
29 2
29 2
29 2
29 2
29 2
29 2
29 2
29 2
29 2
29 2
29 2
29 2
29 2
29 2
29 2
29 2
29 2
29 2
29 2
29 2
29 2
29 2
29 2
29 2
29 2
29 2
29 2
29 2
29 2
29 2
29 2
29 2
29 2
29 2
29 2
29 2
29 2
29 2
29 2
29 2
29 2
29 2
29 2
29 2
29 2
29 2
29 2
29 2
29 2
29 2
29 2
29 2
29 2
28 2
28 2
28 2
28 2
28 2
28 2
28 2
28 2
28 2
28 2
28 2
28 2
28 2
28 2
28 2
28 2
28 2
28 2
28 2
28 2
28 2
28 2
28 2
28 2
28 2
28 2
28 2
28 2
28 2
28 2
28 2
28 2
28 2
28 2
28 2
28 2
28 2
28 2
28 2
28 2
28 2
28 2
28 2
28 2
28 2
28 2
28 2
28 2
28 2
28 2
28 2
28 2
28 2
28 2
28 2
28 2
28 2
28 2
28 2
28 2
28 2
28 2
28 2
28 2
29 2
29 2
29 2
29 2
29 2
29 2
29 2
29 2
29 2
29 2
29 2
29 2
29 2
29 2
29 2
29 2
29 2
29 2
29 2
29 2
29 2
29 2
29 2
29 2
29 2
29 2
29 2
29 2
29 2
29 2
29 2
29 2
29 2
29 2
29 2
29 2
29 2
29 2
29 2
29 2
29 2
29 2
29 2
29 2
29 2
29 2
29 2
29 2
29 2
29 2
29 2
29 2
29 2
29 2
29 2
29 2
29 2
29 2
29 2
29 2
29 2
29 2
29 2
29 2
28 2
28 2
28 2
28 2
28 2
28 2
28 2
28 2
28 2
28 2
28 2
28 2
28 2
28 2
28 2
28 2
28 2
28 2
28 2
28 2
28 2
28 2
28 2
28 2
28 2
28 2
28 2
28 2
28 2
28 2
28 2
28 2
28 2
28 2
28 2
28 2
28 2
28 2
28 2
28 2
28 2
28 2
28 2
28 2
28 2
28 2
28 2
28 2
28 2
28 2
28 2
28 2
28 2
28 2
28 2
28 2
28 2
28 2
28 2
28 2
28 2
28 2
28 2
28 2
29 2
29 2
29 2
29 2
29 2
29 2
29 2
29 2
29 2
29 2
29 2
29 2
29 2
29 2
29 2
29 2
29 2
29 2
29 2
29 2
29 2
29 2
29 2
29 2
29 2
29 2
29 2
29 2
29 2
29 2
29 2
29 2
28 2
28 2
28 2
28 2
28 2
28 2
28 2
28 2
28 2
28 2
28 2
28 2
28 2
28 2
28 2
28 2
28 2
28 2
28 2
28 2
28 2
28 2
28 2
28 2
28 2
28 2
28 2
28 2
28 2
28 2
28 2
28 2
29 2
29 2
29 2
29 2
29 2
29 2
29 2
29 2
29 2
29 2
29 2
29 2
29 2
29 2
29 2
29 2
29 2
29 2
29 2
29 2
29 2
29 2
29 2
29 2
29 2
29 2
29 2
29 2
29 2
29 2
29 2
29 2
28 2
28 2
28 2
28 2
28 2
28 2
28 2
28 2
28 2
28 2
28 2
28 2
28 2
28 2
28 2
28 2
28 2
28 2
28 2
28 2
28 2
28 2
28 2
28 2
28 2
28 2
28 2
28 2
28 2
28 2
28 2
28 2
28 2
28 2
28 2
28 2
28 2
28 2
28 2
28 2
28 2
28 2
28 2
28 2
28 2
28 2
28 2
28 2
28 2
28 2
28 2
28 2
28 2
28 2
28 2
28 2
28 2
28 2
28 2
28 2
28 2
28 2
28 2
E
S
L
28 2
28 2
28 2
28 2
28 2
28 2
28 2
28 2
28 2
28 2
28 2
28 2
28 2
28 2
28 2
28 2
28 2
28 2
28 2
28 2
28 2
28 2
28 2
28 2
28 2
28 2
28 2
28 2
28 2
28 2
28 2
28 2
28 2
28 2
28 2
28 2
28 2
28 2
28 2
28 2
28 2
28 2
28 2
28 2
28 2
28 2
28 2
28 2
28 2
28 2
28 2
28 2
28 2
28 2
28 2
28 2
28 2
28 2
28 2
28 2
28 2
28 2
28 2
28 2
28 2
28 2
28 2
28 2
28 2
28 2
28 2
28 2
28 2
28 2
28 2
28 2
28 2
28 2
28 2
28 2
28 2
28 2
28 2
28 2
28 2
28 2
28 2
28 2
28 2
28 2
28 2
28 2
28 2
28 2
28 2
28 2
28 2
28 2
28 2
28 2
28 2
28 2
28 2
28 2
28 2
28 2
28 2
28 2
28 2
28 2
28 2
28 2
28 2
28 2
28 2
28 2
28 2
28 2
28 2
28 2
28 2
28 2
28 2
28 2
28 2
28 2
28 2
28 2
28 2
28 2
28 2
28 2
28 2
28 2
28 2
28 2
28 2
28 2
28 2
28 2
28 2
28 2
28 2
28 2
28 2
28 2
28 2
28 2
28 2
28 2
28 2
28 2
28 2
28 2
28 2
28 2
28 2
28 2
28 2
28 2
28 2
28 2
28 2
28 2
28 2
28 2
28 2
28 2
28 2
28 2
28 2
28 2
28 2
28 2
28 2
28 2
28 2
28 2
28 2
28 2
28 2
28 2
28 2
28 2
28 2
28 2
28 2
28 2
28 2
28 2
28 2
28 2
28 2
28 2
28 2
28 2
28 2
28 2
28 2
28 2
28 2
28 2
28 2
28 2
28 2
28 2
28 2
28 2
28 2
28 2
28 2
28 2
28 2
28 2
28 2
28 2
28 2
28 2
28 2
28 2
28 2
28 2
28 2
28 2
29 2
29 2
29 2
29 2
29 2
29 2
29 2
29 2
29 2
29 2
29 2
29 2
29 2
29 2
29 2
29 2
29 2
29 2
29 2
29 2
29 2
29 2
29 2
29 2
29 2
29 2
29 2
29 2
29 2
29 2
29 2
29 2
29 2
29 2
29 2
29 2
29 2
29 2
29 2
29 2
29 2
29 2
29 2
29 2
29 2
29 2
29 2
29 2
29 2
29 2
29 2
29 2
29 2
29 2
29 2
29 2
29 2
29 2
29 2
29 2
29 2
29 2
29 2
29 2
28 2
28 2
28 2
28 2
28 2
28 2
28 2
28 2
28 2
28 2
28 2
28 2
28 2
28 2
28 2
28 2
28 2
28 2
28 2
28 2
28 2
28 2
28 2
28 2
28 2
28 2
28 2
28 2
28 2
28 2
28 2
28 2
28 2
28 2
28 2
28 2
28 2
28 2
28 2
28 2
28 2
28 2
28 2
28 2
28 2
28 2
28 2
28 2
28 2
28 2
28 2
28 2
28 2
28 2
28 2
28 2
28 2
28 2
28 2
28 2
28 2
28 2
28 2
28 2
29 2
29 2
29 2
29 2
29 2
29 2
29 2
29 2
29 2
29 2
29 2
29 2
29 2
29 2
29 2
29 2
29 2
29 2
29 2
29 2
29 2
29 2
29 2
29 2
29 2
29 2
29 2
29 2
29 2
29 2
29 2
29 2
29 2
29 2
29 2
29 2
29 2
29 2
29 2
29 2
29 2
29 2
29 2
29 2
29 2
29 2
29 2
29 2
29 2
29 2
29 2
29 2
29 2
29 2
29 2
29 2
29 2
29 2
29 2
29 2
29 2
29 2
29 2
29 2
28 2
28 2
28 2
28 2
28 2
28 2
28 2
28 2
28 2
28 2
28 2
28 2
28 2
28 2
28 2
28 2
28 2
28 2
28 2
28 2
28 2
28 2
28 2
28 2
28 2
28 2
28 2
28 2
28 2
28 2
28 2
28 2
28 2
28 2
28 2
28 2
28 2
28 2
28 2
28 2
28 2
28 2
28 2
28 2
28 2
28 2
28 2
28 2
28 2
28 2
28 2
28 2
28 2
28 2
28 2
28 2
28 2
28 2
28 2
28 2
28 2
28 2
28 2
28 2
29 2
29 2
29 2
29 2
29 2
29 2
29 2
29 2
29 2
29 2
29 2
29 2
29 2
29 2
29 2
29 2
29 2
29 2
29 2
29 2
29 2
29 2
29 2
29 2
29 2
29 2
29 2
29 2
29 2
29 2
29 2
29 2
28 2
28 2
28 2
28 2
28 2
28 2
28 2
28 2
28 2
28 2
28 2
28 2
28 2
28 2
28 2
28 2
28 2
28 2
28 2
28 2
28 2
28 2
28 2
28 2
28 2
28 2
28 2
28 2
28 2
28 2
28 2
28 2
29 2
29 2
29 2
29 2
29 2
29 2
29 2
29 2
29 2
29 2
29 2
29 2
29 2
29 2
29 2
29 2
29 2
29 2
29 2
29 2
29 2
29 2
29 2
29 2
29 2
29 2
29 2
29 2
29 2
29 2
29 2
29 2
28 2
28 2
28 2
28 2
28 2
28 2
28 2
28 2
28 2
28 2
28 2
28 2
28 2
28 2
28 2
28 2
28 2
28 2
28 2
28 2
28 2
28 2
28 2
28 2
28 2
28 2
28 2
28 2
28 2
28 2
28 2
28 2
28 2
28 2
28 2
28 2
28 2
28 2
28 2
28 2
28 2
28 2
28 2
28 2
28 2
28 2
28 2
28 2
28 2
28 2
28 2
28 2
28 2
28 2
28 2
28 2
28 2
28 2
28 2
28 2
28 2
28 2
28 2
28 2
E
X
