minor
S
L
72 11
2 6
5 5
72 0
7 6
2 4
2 2
5 4
2 4
2 6
5 5
72 0
7 6
2 6
5 3
72 1
7 4
2 6
5 5
72 0
7 6
2 4
2 2
5 4
2 4
2 6
5 5
72 0
7 6
2 6
5 3
72 1
7 4
2 6
5 5
72 0
7 6
2 4
2 2
5 4
2 4
2 6
5 5
72 0
7 6
2 6
5 3
72 1
7 4
2 6
5 5
72 0
7 6
2 4
2 2
5 4
2 4
2 6
5 5
72 0
7 6
2 6
5 3
72 1
7 4
2 6
5 5
72 0
7 6
2 4
2 2
5 4
2 4
2 6
5 5
72 0
7 6
2 6
5 3
72 1
7 4
2 6
5 5
72 0
7 6
2 4
2 2
5 4
2 4
2 6
5 5
72 0
7 6
2 6
5 3
72 1
7 4
2 6
5 5
72 0
7 6
2 4
2 2
5 4
2 4
2 6
5 5
72 0
7 6
2 6
5 3
72 1
7 4
2 6
5 5
72 0
7 6
2 4
2 2
5 4
2 4
2 6
5 5
72 0
7 6
2 6
5 3
72 1
7 4
2 6
5 5
72 0
7 6
2 4
2 2
5 4
2 4
2 6
5 5
72 0
7 6
2 6
5 3
72 1
7 4
2 6
5 5
72 0
7 6
2 4
2 2
5 4
2 4
2 6
5 5
72 0
7 6
2 6
5 3
72 1
7 4
10 4
10 2
10 2
72 2
10 4
10 2
72 2
10 4
10 2
10 4
10 4
12 4
0 2
0 2
72 2
12 4
12 2
72 2
0 4
0 2
0 4
12 4
14 4
2 2
2 2
72 2
14 4
14 2
72 2
2 4
2 2
2 4
14 4
14 4
2 2
2 2
72 2
14 4
14 2
72 2
2 4
2 2
2 4
14 4
10 4
10 2
10 2
72 2
10 4
10 2
72 2
10 4
10 2
10 4
10 4
12 4
0 2
0 2
72 2
12 4
12 2
72 2
0 4
0 2
0 4
12 4
9 4
9 2
9 2
72 2
9 4
9 2
72 2
9 4
9 2
9 4
9 4
9 4
9 4
72 7
9 6
9 2
72 4
9 4
2 6
5 5
72 0
7 6
2 4
2 2
5 4
2 4
2 6
5 5
72 0
7 6
2 6
5 3
72 1
7 4
2 6
5 5
72 0
7 6
2 4
2 2
5 4
2 4
2 6
5 5
72 0
7 6
2 6
5 3
72 1
7 4
2 6
5 5
72 0
7 6
2 4
2 2
5 4
2 4
2 6
5 5
72 0
7 6
2 6
5 3
72 1
7 4
2 6
5 5
72 0
7 6
2 4
2 2
5 4
2 4
2 6
5 5
72 0
7 6
2 6
5 3
72 1
7 4
2 6
5 5
72 0
7 6
2 4
2 2
5 4
2 4
2 6
5 5
72 0
7 6
2 6
5 3
72 1
7 4
2 6
5 5
72 0
7 6
2 4
2 2
5 4
2 4
2 6
5 5
72 0
7 6
2 6
5 3
72 1
7 4
2 6
5 5
72 0
7 6
2 4
2 2
5 4
2 4
2 6
5 5
72 0
7 6
2 6
5 3
72 1
7 4
2 6
5 5
72 0
7 6
2 4
2 2
5 4
2 4
2 6
5 5
72 0
7 6
2 6
5 3
72 1
7 4
2 6
5 5
72 0
7 6
2 4
2 2
5 4
2 4
2 6
5 5
72 0
7 6
2 6
5 3
72 1
7 4
2 6
5 5
72 0
7 6
2 4
2 2
5 4
2 4
2 6
5 5
72 0
7 6
2 6
5 3
72 1
7 4
2 6
5 5
72 0
7 6
2 4
2 2
5 4
2 4
2 6
5 5
72 0
7 6
2 6
5 3
72 1
7 4
2 6
5 5
72 0
7 6
2 4
2 2
5 4
2 4
2 6
5 5
72 0
7 6
2 6
5 3
72 1
7 4
2 6
5 5
72 0
7 6
2 4
2 2
5 4
2 4
2 6
5 5
72 0
7 6
2 6
5 3
72 1
7 4
2 6
5 5
72 0
7 6
2 4
2 2
5 4
2 4
2 6
5 5
72 0
7 6
2 6
5 3
72 1
7 4
2 6
5 5
72 0
7 6
2 4
2 2
5 4
2 4
2 6
5 5
72 0
7 6
2 6
5 3
72 1
7 4
2 6
5 5
72 0
7 6
2 4
2 2
5 4
2 4
2 6
5 5
72 0
7 6
2 6
5 3
72 1
7 4
2 6
5 5
72 0
7 6
2 4
2 2
5 4
2 4
2 6
5 5
72 0
7 6
2 6
5 3
72 1
7 4
2 6
5 5
72 0
7 6
2 4
2 2
5 4
2 4
2 6
5 5
72 0
7 6
2 6
5 3
72 1
7 4
E
S
L
72 11
26 2
26 2
26 2
26 2
26 2
26 2
26 2
26 2
26 2
26 2
26 2
26 2
26 2
26 2
26 2
26 2
26 2
26 2
26 2
26 2
26 2
26 2
26 2
26 2
26 2
26 2
26 2
26 2
26 2
26 2
26 2
26 2
26 2
26 2
26 2
26 2
26 2
26 2
26 2
26 2
26 2
26 2
26 2
26 2
26 2
26 2
26 2
26 2
26 2
26 2
26 2
26 2
26 2
26 2
26 2
26 2
26 2
26 2
26 2
26 2
26 2
26 2
26 2
26 2
26 2
26 2
26 2
26 2
26 2
26 2
26 2
26 2
26 2
26 2
26 2
26 2
26 2
26 2
26 2
26 2
26 2
26 2
26 2
26 2
26 2
26 2
26 2
26 2
26 2
26 2
26 2
26 2
26 2
26 2
26 2
26 2
26 2
26 2
26 2
26 2
26 2
26 2
26 2
26 2
26 2
26 2
26 2
26 2
26 2
26 2
26 2
26 2
26 2
26 2
26 2
26 2
26 2
26 2
26 2
26 2
26 2
26 2
26 2
26 2
26 2
26 2
26 2
26 2
26 2
26 2
26 2
26 2
26 2
26 2
26 2
26 2
26 2
26 2
26 2
26 2
26 2
26 2
26 2
26 2
26 2
26 2
26 2
26 2
26 2
26 2
26 2
26 2
26 2
26 2
26 2
26 2
26 2
26 2
26 2
26 2
26 2
26 2
26 2
26 2
26 2
26 2
26 2
26 2
26 2
26 2
26 2
26 2
26 2
26 2
26 2
26 2
26 2
26 2
26 2
26 2
26 2
26 2
26 2
26 2
26 2
26 2
26 2
26 2
26 2
26 2
26 2
26 2
26 2
26 2
26 2
26 2
26 2
26 2
26 2
26 2
26 2
26 2
26 2
26 2
26 2
26 2
26 2
26 2
26 2
26 2
26 2
26 2
26 2
26 2
26 2
26 2
26 2
26 2
26 2
26 2
26 2
26 2
26 2
26 2
26 2
26 2
26 2
26 2
26 2
26 2
26 2
26 2
26 2
26 2
26 2
26 2
26 2
26 2
26 2
26 2
26 2
26 2
26 2
26 2
26 2
26 2
26 2
26 2
26 2
26 2
26 2
26 2
26 2
26 2
26 2
26 2
26 2
26 2
26 2
26 2
26 2
26 2
26 2
26 2
26 2
26 2
26 2
26 2
26 2
26 2
26 2
26 2
26 2
26 2
26 2
26 2
26 2
26 2
26 2
26 2
26 2
26 2
26 2
26 2
26 2
26 2
26 2
26 2
26 2
26 2
26 2
26 2
26 2
26 2
26 2
26 2
26 2
26 2
26 2
26 2
26 2
26 2
26 2
26 2
26 2
26 2
26 2
26 2
26 2
26 2
26 2
26 2
26 2
26 2
26 2
26 2
26 2
26 2
26 2
26 2
22 2
22 2
22 2
22 2
22 2
22 2
22 2
22 2
22 2
22 2
22 2
22 2
22 2
22 2
22 2
22 2
24 2
24 2
24 2
24 2
24 2
24 2
24 2
24 2
24 2
24 2
24 2
24 2
24 2
24 2
24 2
24 2
26 2
26 2
26 2
26 2
26 2
26 2
26 2
26 2
26 2
26 2
26 2
26 2
26 2
26 2
26 2
26 2
26 2
26 2
26 2
26 2
26 2
26 2
26 2
26 2
26 2
26 2
26 2
26 2
26 2
26 2
26 2
26 2
22 2
22 2
22 2
22 2
22 2
22 2
22 2
22 2
22 2
22 2
22 2
22 2
22 2
22 2
22 2
22 2
24 2
24 2
24 2
24 2
24 2
24 2
24 2
24 2
24 2
24 2
24 2
24 2
24 2
24 2
24 2
24 2
21 2
21 2
21 2
21 2
21 2
21 2
21 2
21 2
21 2
21 2
21 2
21 2
21 2
21 2
21 2
21 2
21 4
21 4
72 7
21 6
21 2
72 4
21 4
26 2
26 2
26 2
26 2
26 2
26 2
26 2
26 2
26 2
26 2
26 2
26 2
26 2
26 2
26 2
26 2
26 2
26 2
26 2
26 2
26 2
26 2
26 2
26 2
26 2
26 2
26 2
26 2
26 2
26 2
26 2
26 2
26 2
26 2
26 2
26 2
26 2
26 2
26 2
26 2
26 2
26 2
26 2
26 2
26 2
26 2
26 2
26 2
26 2
26 2
26 2
26 2
26 2
26 2
26 2
26 2
26 2
26 2
26 2
26 2
26 2
26 2
26 2
26 2
26 2
26 2
26 2
26 2
26 2
26 2
26 2
26 2
26 2
26 2
26 2
26 2
26 2
26 2
26 2
26 2
26 2
26 2
26 2
26 2
26 2
26 2
26 2
26 2
26 2
26 2
26 2
26 2
26 2
26 2
26 2
26 2
26 2
26 2
26 2
26 2
26 2
26 2
26 2
26 2
26 2
26 2
26 2
26 2
26 2
26 2
26 2
26 2
26 2
26 2
26 2
26 2
26 2
26 2
26 2
26 2
26 2
26 2
26 2
26 2
26 2
26 2
26 2
26 2
26 2
26 2
26 2
26 2
26 2
26 2
26 2
26 2
26 2
26 2
26 2
26 2
26 2
26 2
26 2
26 2
26 2
26 2
26 2
26 2
26 2
26 2
26 2
26 2
26 2
26 2
26 2
26 2
26 2
26 2
26 2
26 2
26 2
26 2
26 2
26 2
26 2
26 2
26 2
26 2
26 2
26 2
26 2
26 2
26 2
26 2
26 2
26 2
26 2
26 2
26 2
26 2
26 2
26 2
26 2
26 2
26 2
26 2
26 2
26 2
26 2
26 2
26 2
26 2
26 2
26 2
26 2
26 2
26 2
26 2
26 2
26 2
26 2
26 2
26 2
26 2
26 2
26 2
26 2
26 2
26 2
26 2
26 2
26 2
26 2
26 2
26 2
26 2
26 2
26 2
26 2
26 2
26 2
26 2
26 2
26 2
26 2
26 2
26 2
26 2
26 2
26 2
26 2
26 2
26 2
26 2
26 2
26 2
26 2
26 2
26 2
26 2
26 2
26 2
26 2
26 2
26 2
26 2
26 2
26 2
26 2
26 2
26 2
26 2
26 2
26 2
26 2
26 2
26 2
26 2
26 2
26 2
26 2
26 2
26 2
26 2
26 2
26 2
26 2
26 2
26 2
26 2
26 2
26 2
26 2
26 2
26 2
26 2
26 2
26 2
26 2
26 2
26 2
26 2
26 2
26 2
26 2
26 2
26 2
26 2
26 2
26 2
26 2
26 2
26 2
26 2
26 2
26 2
26 2
26 2
26 2
26 2
26 2
26 2
26 2
26 2
26 2
26 2
26 2
26 2
26 2
26 2
26 2
26 2
26 2
26 2
26 2
26 2
26 2
26 2
26 2
26 2
26 2
26 2
26 2
26 2
26 2
26 2
26 2
26 2
26 2
26 2
26 2
26 2
26 2
26 2
26 2
26 2
26 2
26 2
26 2
26 2
26 2
26 2
26 2
26 2
26 2
26 2
26 2
26 2
26 2
26 2
26 2
26 2
26 2
26 2
26 2
26 2
26 2
26 2
26 2
26 2
26 2
26 2
26 2
26 2
26 2
26 2
26 2
26 2
26 2
26 2
26 2
26 2
26 2
26 2
26 2
26 2
26 2
26 2
26 2
26 2
26 2
26 2
26 2
26 2
26 2
26 2
26 2
26 2
26 2
26 2
26 2
26 2
26 2
26 2
26 2
26 2
26 2
26 2
26 2
26 2
26 2
26 2
26 2
26 2
26 2
26 2
26 2
26 2
26 2
26 2
26 2
26 2
26 2
26 2
26 2
26 2
26 2
26 2
26 2
26 2
26 2
26 2
26 2
26 2
26 2
26 2
26 2
26 2
26 2
26 2
26 2
26 2
26 2
26 2
26 2
26 2
26 2
26 2
26 2
26 2
26 2
26 2
26 2
26 2
26 2
26 2
26 2
26 2
26 2
26 2
26 2
26 2
26 2
26 2
26 2
26 2
26 2
26 2
26 2
26 2
26 2
26 2
26 2
26 2
26 2
26 2
26 2
26 2
26 2
26 2
26 2
26 2
26 2
26 2
26 2
26 2
26 2
26 2
26 2
26 2
26 2
26 2
26 2
26 2
26 2
26 2
26 2
26 2
26 2
26 2
26 2
26 2
26 2
26 2
26 2
26 2
26 2
26 2
26 2
26 2
26 2
26 2
26 2
26 2
26 2
26 2
26 2
26 2
26 2
26 2
26 2
26 2
26 2
26 2
26 2
26 2
26 2
26 2
26 2
26 2
26 2
26 2
26 2
26 2
26 2
26 2
26 2
26 2
26 2
26 2
26 2
26 2
26 2
26 2
26 2
26 2
26 2
26 2
26 2
26 2
26 2
26 2
26 2
26 2
26 2
26 2
26 2
26 2
26 2
26 2
26 2
26 2
26 2
26 2
26 2
26 2
26 2
26 2
26 2
26 2
26 2
26 2
26 2
26 2
26 2
26 2
26 2
26 2
26 2
26 2
26 2
26 2
26 2
26 2
26 2
26 2
E
S
H
72 11
26 2
38 2
38 2
26 2
38 3
38 0
72 1
26 2
26 2
26 3
38 2
72 0
38 2
26 0
72 0
38 2
38 2
26 2
26 2
26 2
38 2
38 2
26 2
38 3
38 0
72 1
26 2
26 2
26 3
38 2
72 0
38 2
26 0
72 0
38 2
38 2
26 2
26 2
26 2
38 2
38 2
26 2
38 3
38 0
72 1
26 2
26 2
26 3
38 2
72 0
38 2
26 0
72 0
38 2
38 2
26 2
26 2
26 2
38 2
38 2
26 2
38 3
38 0
72 1
26 2
26 2
26 3
38 2
72 0
38 2
26 0
72 0
38 2
38 2
26 2
26 2
26 2
38 2
38 2
26 2
38 3
38 0
72 1
26 2
26 2
26 3
38 2
72 0
38 2
26 0
72 0
38 2
38 2
26 2
26 2
26 2
38 2
38 2
26 2
38 3
38 0
72 1
26 2
26 2
26 3
38 2
72 0
38 2
26 0
72 0
38 2
38 2
26 2
26 2
26 2
38 2
38 2
26 2
38 3
38 0
72 1
26 2
26 2
26 3
38 2
72 0
38 2
26 0
72 0
38 2
38 2
26 2
26 2
26 2
38 2
38 2
26 2
38 3
38 0
72 1
26 2
26 2
26 3
38 2
72 0
38 2
26 0
72 0
38 2
38 2
26 2
26 2
26 2
38 2
38 2
26 2
38 3
38 0
72 1
26 2
26 2
26 3
38 2
72 0
38 2
26 0
72 0
38 2
38 2
26 2
26 2
26 2
38 2
38 2
26 2
38 3
38 0
72 1
26 2
26 2
26 3
38 2
72 0
38 2
26 0
72 0
38 2
38 2
26 2
26 2
26 2
38 2
38 2
26 2
38 3
38 0
72 1
26 2
26 2
26 3
38 2
72 0
38 2
26 0
72 0
38 2
38 2
26 2
26 2
26 2
38 2
38 2
26 2
38 3
38 0
72 1
26 2
26 2
26 3
38 2
72 0
38 2
26 0
72 0
38 2
38 2
26 2
26 2
26 2
38 2
38 2
26 2
38 3
38 0
72 1
26 2
26 2
26 3
38 2
72 0
38 2
26 0
72 0
38 2
38 2
26 2
26 2
26 2
38 2
38 2
26 2
38 3
38 0
72 1
26 2
26 2
26 3
38 2
72 0
38 2
26 0
72 0
38 2
38 2
26 2
26 2
26 2
38 2
38 2
26 2
38 3
38 0
72 1
26 2
26 2
26 3
38 2
72 0
38 2
26 0
72 0
38 2
38 2
26 2
26 2
26 2
38 2
38 2
26 2
38 3
38 0
72 1
26 2
26 2
26 3
38 2
72 0
38 2
26 0
72 0
38 2
38 2
26 2
26 2
26 2
38 2
38 2
26 2
38 3
38 0
72 1
26 2
26 2
26 3
38 2
72 0
38 2
26 0
72 0
38 2
38 2
26 2
26 2
26 2
38 2
38 2
26 2
38 3
38 0
72 1
26 2
26 2
26 3
38 2
72 0
38 2
26 0
72 0
38 2
38 2
26 2
26 2
26 2
38 2
38 2
26 2
38 3
38 0
72 1
26 2
26 2
26 3
38 2
72 0
38 2
26 0
72 0
38 2
38 2
26 2
26 2
26 2
38 2
38 2
26 2
38 3
38 0
72 1
26 2
26 2
26 3
38 2
72 0
38 2
26 0
72 0
38 2
38 2
26 2
26 2
22 2
34 2
34 2
22 2
34 3
34 0
72 1
22 2
22 2
22 3
34 2
72 0
34 2
22 0
72 0
34 2
34 2
22 2
22 2
24 2
36 2
36 2
24 2
36 3
36 0
72 1
24 2
24 2
24 3
36 2
72 0
36 2
24 0
72 0
36 2
36 2
24 2
24 2
26 2
38 2
38 2
26 2
38 3
38 0
72 1
26 2
26 2
26 3
38 2
72 0
38 2
26 0
72 0
38 2
38 2
26 2
26 2
26 2
38 2
38 2
26 2
38 3
38 0
72 1
26 2
26 2
26 3
38 2
72 0
38 2
26 0
72 0
38 2
38 2
26 2
26 2
22 2
34 2
34 2
22 2
34 3
34 0
72 1
22 2
22 2
22 3
34 2
72 0
34 2
22 0
72 0
34 2
34 2
22 2
22 2
24 2
36 2
36 2
24 2
36 3
36 0
72 1
24 2
24 2
24 3
36 2
72 0
36 2
24 0
72 0
36 2
36 2
24 2
24 2
21 2
33 2
33 2
21 2
33 3
33 0
72 1
21 2
21 2
21 3
33 2
72 0
33 2
21 0
72 0
33 2
33 2
21 2
21 2
72 13
26 2
38 2
38 2
26 2
38 3
38 0
72 1
26 2
26 2
26 3
38 2
72 0
38 2
26 0
72 0
38 2
38 2
26 2
26 2
26 2
38 2
38 2
26 2
38 3
38 0
72 1
26 2
26 2
26 3
38 2
72 0
38 2
26 0
72 0
38 2
38 2
26 2
26 2
26 2
38 2
38 2
26 2
38 3
38 0
72 1
26 2
26 2
26 3
38 2
72 0
38 2
26 0
72 0
38 2
38 2
26 2
26 2
26 2
38 2
38 2
26 2
38 3
38 0
72 1
26 2
26 2
26 3
38 2
72 0
38 2
26 0
72 0
38 2
38 2
26 2
26 2
26 2
38 2
38 2
26 2
38 3
38 0
72 1
26 2
26 2
26 3
38 2
72 0
38 2
26 0
72 0
38 2
38 2
26 2
26 2
26 2
38 2
38 2
26 2
38 3
38 0
72 1
26 2
26 2
26 3
38 2
72 0
38 2
26 0
72 0
38 2
38 2
26 2
26 2
26 2
38 2
38 2
26 2
38 3
38 0
72 1
26 2
26 2
26 3
38 2
72 0
38 2
26 0
72 0
38 2
38 2
26 2
26 2
26 2
38 2
38 2
26 2
38 3
38 0
72 1
26 2
26 2
26 3
38 2
72 0
38 2
26 0
72 0
38 2
38 2
26 2
26 2
26 2
38 2
38 2
26 2
38 3
38 0
72 1
26 2
26 2
26 3
38 2
72 0
38 2
26 0
72 0
38 2
38 2
26 2
26 2
26 2
38 2
38 2
26 2
38 3
38 0
72 1
26 2
26 2
26 3
38 2
72 0
38 2
26 0
72 0
38 2
38 2
26 2
26 2
26 2
38 2
38 2
26 2
38 3
38 0
72 1
26 2
26 2
26 3
38 2
72 0
38 2
26 0
72 0
38 2
38 2
26 2
26 2
26 2
38 2
38 2
26 2
38 3
38 0
72 1
26 2
26 2
26 3
38 2
72 0
38 2
26 0
72 0
38 2
38 2
26 2
26 2
26 2
38 2
38 2
26 2
38 3
38 0
72 1
26 2
26 2
26 3
38 2
72 0
38 2
26 0
72 0
38 2
38 2
26 2
26 2
26 2
38 2
38 2
26 2
38 3
38 0
72 1
26 2
26 2
26 3
38 2
72 0
38 2
26 0
72 0
38 2
38 2
26 2
26 2
26 2
38 2
38 2
26 2
38 3
38 0
72 1
26 2
26 2
26 3
38 2
72 0
38 2
26 0
72 0
38 2
38 2
26 2
26 2
26 2
38 2
38 2
26 2
38 3
38 0
72 1
26 2
26 2
26 3
38 2
72 0
38 2
26 0
72 0
38 2
38 2
26 2
26 2
26 2
38 2
38 2
26 2
38 3
38 0
72 1
26 2
26 2
26 3
38 2
72 0
38 2
26 0
72 0
38 2
38 2
26 2
26 2
26 2
38 2
38 2
26 2
38 3
38 0
72 1
26 2
26 2
26 3
38 2
72 0
38 2
26 0
72 0
38 2
38 2
26 2
26 2
26 2
38 2
38 2
26 2
38 3
38 0
72 1
26 2
26 2
26 3
38 2
72 0
38 2
26 0
72 0
38 2
38 2
26 2
26 2
26 2
38 2
38 2
26 2
38 3
38 0
72 1
26 2
26 2
26 3
38 2
72 0
38 2
26 0
72 0
38 2
38 2
26 2
26 2
26 2
38 2
38 2
26 2
38 3
38 0
72 1
26 2
26 2
26 3
38 2
72 0
38 2
26 0
72 0
38 2
38 2
26 2
26 2
26 2
38 2
38 2
26 2
38 3
38 0
72 1
26 2
26 2
26 3
38 2
72 0
38 2
26 0
72 0
38 2
38 2
26 2
26 2
26 2
38 2
38 2
26 2
38 3
38 0
72 1
26 2
26 2
26 3
38 2
72 0
38 2
26 0
72 0
38 2
38 2
26 2
26 2
26 2
38 2
38 2
26 2
38 3
38 0
72 1
26 2
26 2
26 3
38 2
72 0
38 2
26 0
72 0
38 2
38 2
26 2
26 2
26 2
38 2
38 2
26 2
38 3
38 0
72 1
26 2
26 2
26 3
38 2
72 0
38 2
26 0
72 0
38 2
38 2
26 2
26 2
26 2
38 2
38 2
26 2
38 3
38 0
72 1
26 2
26 2
26 3
38 2
72 0
38 2
26 0
72 0
38 2
38 2
26 2
26 2
26 2
38 2
38 2
26 2
38 3
38 0
72 1
26 2
26 2
26 3
38 2
72 0
38 2
26 0
72 0
38 2
38 2
26 2
26 2
26 2
38 2
38 2
26 2
38 3
38 0
72 1
26 2
26 2
26 3
38 2
72 0
38 2
26 0
72 0
38 2
38 2
26 2
26 2
26 2
38 2
38 2
26 2
38 3
38 0
72 1
26 2
26 2
26 3
38 2
72 0
38 2
26 0
72 0
38 2
38 2
26 2
26 2
26 2
38 2
38 2
26 2
38 3
38 0
72 1
26 2
26 2
26 3
38 2
72 0
38 2
26 0
72 0
38 2
38 2
26 2
26 2
26 2
38 2
38 2
26 2
38 3
38 0
72 1
26 2
26 2
26 3
38 2
72 0
38 2
26 0
72 0
38 2
38 2
26 2
26 2
26 2
38 2
38 2
26 2
38 3
38 0
72 1
26 2
26 2
26 3
38 2
72 0
38 2
26 0
72 0
38 2
38 2
26 2
26 2
26 2
38 2
38 2
26 2
38 3
38 0
72 1
26 2
26 2
26 3
38 2
72 0
38 2
26 0
72 0
38 2
38 2
26 2
26 2
26 2
38 2
38 2
26 2
38 3
38 0
72 1
26 2
26 2
26 3
38 2
72 0
38 2
26 0
72 0
38 2
38 2
26 2
26 2
26 2
38 2
38 2
26 2
38 3
38 0
72 1
26 2
26 2
26 3
38 2
72 0
38 2
26 0
72 0
38 2
38 2
26 2
26 2
26 2
38 2
38 2
26 2
38 3
38 0
72 1
26 2
26 2
26 3
38 2
72 0
38 2
26 0
72 0
38 2
38 2
26 2
26 2
E
S
H
72 14
50 13
72 2
49 10
72 2
45 11
48 14
72 3
47 13
46 13
72 3
45 14
72 2
50 13
49 10
72 3
45 11
48 14
72 3
47 13
46 10
72 3
43 11
45 12
72 1
38 13
72 2
46 8
72 1
48 8
72 1
50 6
72 2
52 8
72 1
55 8
72 1
53 3
52 5
50 8
72 1
57 14
72 2
46 8
72 1
48 8
50 7
52 9
72 2
50 8
72 1
48 6
72 2
45 13
72 2
45 4
45 4
72 6
45 6
72 2
45 6
45 4
50 13
72 2
49 10
72 2
45 11
48 14
72 3
47 13
46 13
72 3
45 14
72 2
50 13
49 10
72 3
45 11
48 14
72 3
47 13
46 10
72 3
43 11
45 12
72 1
38 13
72 2
50 13
72 2
49 10
72 2
45 11
48 14
72 3
47 13
46 13
72 3
45 14
72 2
50 13
49 10
72 3
45 11
48 14
72 3
47 13
46 10
72 3
43 11
45 12
72 1
38 13
E
S
H
72 14
46 8
72 1
48 8
72 1
50 6
72 2
52 8
72 1
55 8
72 1
53 3
52 5
50 8
72 1
57 14
72 2
46 8
72 1
48 8
50 7
52 9
72 2
50 8
72 1
48 6
72 2
45 13
72 2
45 4
45 4
72 6
45 6
72 2
45 6
45 4
E
S
L
72 14
29 4
26 2
26 2
72 2
29 5
31 4
72 0
26 3
72 0
26 2
29 4
26 4
29 4
26 2
26 2
72 2
29 5
31 4
72 0
33 0
72 1
31 2
29 2
31 2
29 2
26 4
29 4
26 2
26 2
72 2
29 4
31 5
26 4
26 0
72 1
29 4
26 4
29 4
26 2
26 2
72 2
29 4
31 2
72 3
33 5
31 3
72 1
29 4
29 4
26 2
26 2
72 2
29 5
31 4
72 0
26 3
72 0
26 2
29 4
26 4
29 4
26 2
26 2
72 2
29 5
31 4
72 0
33 0
72 1
31 2
29 2
31 2
29 2
26 4
29 4
26 2
26 2
72 2
29 4
31 5
26 4
26 0
72 1
29 4
26 4
29 4
26 2
26 2
72 2
29 4
31 2
72 3
33 5
31 3
72 1
29 4
29 4
26 2
26 2
72 2
29 5
31 4
72 0
26 3
72 0
26 2
29 4
26 4
29 4
26 2
26 2
72 2
29 5
31 4
72 0
33 0
72 1
31 2
29 2
31 2
29 2
26 4
29 4
26 2
26 2
72 2
29 4
31 5
26 4
26 0
72 1
29 4
26 4
29 4
26 2
26 2
72 2
29 4
31 2
72 3
33 5
31 3
72 1
29 4
29 4
26 2
26 2
72 2
29 5
31 4
72 0
26 3
72 0
26 2
29 4
26 4
29 4
26 2
26 2
72 2
29 5
31 4
72 0
33 0
72 1
31 2
29 2
31 2
29 2
26 4
29 4
26 2
26 2
72 2
29 4
31 5
26 4
26 0
72 1
29 4
26 4
29 4
26 2
26 2
72 2
29 4
31 2
72 3
33 5
31 3
72 1
29 4
34 2
29 2
34 2
29 2
34 2
29 2
34 2
38 2
34 2
29 2
34 2
29 2
34 2
29 2
34 2
38 2
36 2
31 2
36 2
31 2
36 2
31 2
36 2
40 2
36 2
31 2
36 2
31 2
36 2
31 2
36 2
40 2
38 2
33 2
38 2
33 2
38 2
33 2
38 2
41 2
38 2
33 2
38 2
33 2
38 2
33 2
38 2
41 2
38 2
33 2
38 2
33 2
38 2
33 2
38 2
41 2
38 2
33 2
38 2
41 2
45 2
41 2
45 2
50 2
34 2
29 2
34 2
29 2
34 2
29 2
34 2
38 2
34 2
29 2
34 2
29 2
34 2
29 2
34 2
38 2
36 2
31 2
36 2
31 2
36 2
31 2
36 2
40 2
36 2
31 2
36 2
31 2
36 2
31 2
36 2
40 2
72 14
29 4
26 2
26 2
72 2
29 5
31 4
72 0
26 3
72 0
26 2
29 4
26 4
29 4
26 2
26 2
72 2
29 5
31 4
72 0
33 0
72 1
31 2
29 2
31 2
29 2
26 4
29 4
26 2
26 2
72 2
29 4
31 5
26 4
26 0
72 1
29 4
26 4
29 4
26 2
26 2
72 2
29 4
31 2
72 3
33 5
31 3
72 1
29 4
29 4
26 2
26 2
72 2
29 5
31 4
72 0
26 3
72 0
26 2
29 4
26 4
29 4
26 2
26 2
72 2
29 5
31 4
72 0
33 0
72 1
31 2
29 2
31 2
29 2
26 4
29 4
26 2
26 2
72 2
29 4
31 5
26 4
26 0
72 1
29 4
26 4
29 4
26 2
26 2
72 2
29 4
31 2
72 3
33 5
31 3
72 1
29 4
29 4
26 2
26 2
72 2
29 5
31 4
72 0
26 3
72 0
26 2
29 4
26 4
29 4
26 2
26 2
72 2
29 5
31 4
72 0
33 0
72 1
31 2
29 2
31 2
29 2
26 4
29 4
26 2
26 2
72 2
29 4
31 5
26 4
26 0
72 1
29 4
26 4
29 4
26 2
26 2
72 2
29 4
31 2
72 3
33 5
31 3
72 1
29 4
29 4
26 2
26 2
72 2
29 5
31 4
72 0
26 3
72 0
26 2
29 4
26 4
29 4
26 2
26 2
72 2
29 5
31 4
72 0
33 0
72 1
31 2
29 2
31 2
29 2
26 4
29 4
26 2
26 2
72 2
29 4
31 5
26 4
26 0
72 1
29 4
26 4
29 4
26 2
26 2
72 2
29 4
31 2
72 3
33 5
31 3
72 1
29 4
29 4
26 2
26 2
72 2
29 5
31 4
72 0
26 3
72 0
26 2
29 4
26 4
29 4
26 2
26 2
72 2
29 5
31 4
72 0
33 0
72 1
31 2
29 2
31 2
29 2
26 4
29 4
26 2
26 2
72 2
29 4
31 5
26 4
26 0
72 1
29 4
26 4
29 4
26 2
26 2
72 2
29 4
31 2
72 3
33 5
31 3
72 1
29 4
29 4
26 2
26 2
72 2
29 5
31 4
72 0
26 3
72 0
26 2
29 4
26 4
29 4
26 2
26 2
72 2
29 5
31 4
72 0
33 0
72 1
31 2
29 2
31 2
29 2
26 4
29 4
26 2
26 2
72 2
29 4
31 5
26 4
26 0
72 1
29 4
26 4
29 4
26 2
26 2
72 2
29 4
31 2
72 3
33 5
31 3
72 1
29 4
29 4
26 2
26 2
72 2
29 5
31 4
72 0
26 3
72 0
26 2
29 4
26 4
29 4
26 2
26 2
72 2
29 5
31 4
72 0
33 0
72 1
31 2
29 2
31 2
29 2
26 4
29 4
26 2
26 2
72 2
29 4
31 5
26 4
26 0
72 1
29 4
26 4
29 4
26 2
26 2
72 2
29 4
31 2
72 3
33 5
31 3
72 1
29 4
29 4
26 2
26 2
72 2
29 5
31 4
72 0
26 3
72 0
26 2
29 4
26 4
29 4
26 2
26 2
72 2
29 5
31 4
72 0
33 0
72 1
31 2
29 2
31 2
29 2
26 4
29 4
26 2
26 2
72 2
29 4
31 5
26 4
26 0
72 1
29 4
26 4
29 4
26 2
26 2
72 2
29 4
31 2
72 3
33 5
31 3
72 1
29 4
E
S
L
72 14
12 6
72 2
12 6
72 2
12 6
72 2
12 6
72 2
12 6
72 2
12 6
72 2
12 6
72 2
16 4
16 2
16 2
12 6
12 2
16 4
12 4
72 2
12 4
12 2
16 2
12 6
12 6
72 2
16 4
12 4
72 2
12 4
12 2
16 4
16 2
16 2
12 6
12 2
16 4
12 4
72 2
12 4
12 2
16 2
12 6
12 6
72 2
16 4
12 4
72 2
12 4
12 2
16 4
16 2
16 2
12 6
12 2
16 4
12 4
72 2
12 4
12 2
16 2
12 6
12 6
72 2
16 4
12 4
72 2
12 4
12 2
16 4
16 2
16 2
12 6
12 2
16 4
12 4
72 2
12 4
12 2
16 2
12 6
12 6
72 2
16 4
12 4
72 2
12 4
12 2
16 4
16 2
16 2
12 6
12 2
16 4
12 4
72 2
12 4
12 2
16 2
12 6
12 6
72 2
16 4
12 4
72 2
12 4
12 2
16 4
16 2
16 2
12 6
12 2
16 4
12 4
72 2
12 4
12 2
16 2
12 6
12 6
72 2
16 4
12 4
72 2
12 4
12 2
16 4
16 2
16 2
12 6
12 2
16 4
12 4
72 2
12 4
12 2
16 2
12 6
12 6
72 2
16 4
12 4
72 2
12 4
12 2
16 4
16 2
16 2
12 6
12 2
16 4
12 4
72 2
12 4
12 2
16 2
12 6
12 6
72 2
16 4
12 4
72 2
12 4
12 2
16 4
16 2
16 2
12 6
12 2
16 4
12 4
72 2
12 4
12 2
16 2
12 6
12 6
72 2
16 4
12 4
72 2
12 4
12 2
16 4
16 2
16 2
12 6
12 2
16 4
12 4
72 2
12 4
12 2
16 2
12 6
12 6
72 2
16 4
12 4
72 2
12 4
12 2
16 4
16 2
16 2
12 6
12 2
16 4
12 4
72 2
12 4
12 2
16 2
12 6
12 6
72 2
16 4
12 4
72 2
12 4
12 2
16 4
16 2
16 2
12 6
12 2
16 4
12 4
72 2
12 4
12 2
16 2
12 6
12 4
12 4
5 6
72 2
12 4
12 4
16 2
16 2
16 2
16 2
12 6
12 2
16 4
12 4
72 2
12 4
12 2
16 2
12 6
12 6
72 2
16 4
12 4
72 2
12 4
12 2
16 4
16 2
16 2
12 6
12 2
16 4
12 4
72 2
12 4
12 2
16 2
12 6
12 6
72 2
16 4
12 4
72 2
12 4
12 2
16 4
16 2
16 2
12 6
12 2
16 4
12 4
72 2
12 4
12 2
16 2
12 6
12 6
72 2
16 4
12 4
72 2
12 4
12 2
16 4
16 2
16 2
12 6
12 2
16 4
12 4
72 2
12 4
12 2
16 2
12 6
12 6
72 2
16 4
12 4
72 2
12 4
12 2
16 4
16 2
16 2
12 6
12 2
16 4
12 4
72 2
12 4
12 2
16 2
12 6
12 6
72 2
16 4
12 4
72 2
12 4
12 2
16 4
16 2
16 2
12 6
12 2
16 4
12 4
72 2
12 4
12 2
16 2
12 6
12 6
72 2
16 4
12 4
72 2
12 4
12 2
16 4
16 2
16 2
12 6
12 2
16 4
12 4
72 2
12 4
12 2
16 2
12 6
12 6
72 2
16 4
12 4
72 2
12 4
12 2
16 4
16 2
16 2
12 6
12 2
16 4
12 4
72 2
12 4
12 2
16 2
12 6
12 6
72 2
16 4
12 4
72 2
12 4
12 2
16 4
16 2
16 2
12 6
12 2
16 4
12 4
72 2
12 4
12 2
16 2
12 6
12 6
72 2
16 4
12 4
72 2
12 4
12 2
16 4
16 2
16 2
12 6
12 2
16 4
12 4
72 2
12 4
12 2
16 2
12 6
12 6
72 2
16 4
12 4
72 2
12 4
12 2
16 4
16 2
16 2
12 6
12 2
16 4
12 4
72 2
12 4
12 2
16 2
12 6
12 6
72 2
16 4
12 4
72 2
12 4
12 2
16 4
16 2
16 2
12 6
12 2
16 4
12 4
72 2
12 4
12 2
16 2
12 6
12 6
72 2
16 4
12 4
72 2
12 4
12 2
16 4
16 2
16 2
12 6
12 2
16 4
12 4
72 2
12 4
12 2
16 2
12 6
12 6
72 2
16 4
12 4
72 2
12 4
12 2
16 4
16 2
16 2
12 6
12 2
16 4
12 4
72 2
12 4
12 2
16 2
12 6
12 6
72 2
16 4
12 4
72 2
12 4
12 2
16 4
16 2
16 2
12 6
12 2
16 4
12 4
72 2
12 4
12 2
16 2
12 6
12 6
72 2
16 4
12 4
72 2
12 4
12 2
16 4
16 2
16 2
12 6
12 2
16 4
12 4
72 2
12 4
12 2
16 2
12 6
12 6
72 2
16 4
12 4
72 2
12 4
12 2
16 4
16 2
16 2
72 14
12 6
72 2
12 6
72 2
12 6
72 2
12 6
72 2
12 6
72 2
12 6
72 2
12 6
72 2
12 4
16 2
16 2
E
X
