major
S
H
48 9
44 4
44 13
51 4
49 7
48 4
46 6
48 6
44 4
44 4
48 7
46 7
39 4
39 12
48 9
44 4
44 13
51 4
49 7
48 4
46 6
48 6
44 4
44 6
46 6
48 4
46 12
44 4
46 4
47 13
51 7
51 4
49 8
47 8
46 13
55 7
55 4
53 8
51 8
50 13
48 6
50 6
51 4
51 6
48 6
56 6
55 13
53 11
44 7
46 4
47 4
47 13
51 7
51 4
49 8
47 8
46 13
55 7
55 4
53 8
51 8
50 13
48 4
50 4
51 4
56 7
55 4
56 4
55 12
53 4
55 4
53 13
48 9
44 4
44 13
51 4
49 7
48 4
46 6
48 6
44 4
44 4
48 7
46 7
39 4
39 12
48 9
44 4
44 13
51 4
49 7
48 4
46 6
48 6
44 4
44 6
46 6
48 4
46 12
44 4
46 4
47 13
51 7
51 4
49 8
47 8
46 13
55 7
55 4
53 8
51 8
50 13
48 6
50 6
51 4
51 6
48 6
56 6
55 13
53 11
44 7
46 4
47 4
47 13
51 7
51 4
49 8
47 8
46 13
55 7
55 4
53 8
51 8
50 13
48 4
50 4
51 4
56 7
55 4
56 4
55 12
53 4
55 4
53 13
E
S
L
8 7
8 7
8 7
8 6
8 2
8 7
8 7
15 6
15 6
15 4
10 6
10 6
10 4
10 6
10 6
10 7
10 4
3 11
5 4
7 4
8 7
8 7
8 7
8 6
8 2
8 7
8 7
15 6
15 6
15 4
10 6
10 6
10 7
3 7
3 4
10 12
3 4
3 4
8 9
8 4
8 4
11 7
15 7
11 4
8 11
8 7
10 9
19 4
19 11
19 9
19 7
17 7
15 4
14 9
14 4
14 11
8 6
8 6
8 4
8 6
7 6
8 4
19 9
19 9
19 7
17 11
17 11
8 9
11 4
15 9
15 4
15 6
11 6
8 11
10 9
10 4
10 11
19 9
19 9
19 7
17 9
17 4
17 11
8 6
8 6
8 4
8 6
8 6
8 4
10 7
10 7
10 7
10 4
14 4
17 7
17 7
17 7
17 7
8 7
8 7
8 7
8 6
8 2
8 7
8 7
15 6
15 6
15 4
10 6
10 6
10 4
10 6
10 6
10 7
10 4
3 11
5 4
7 4
8 7
8 7
8 7
8 6
8 2
8 7
8 7
15 6
15 6
15 4
10 6
10 6
10 7
3 7
3 4
10 12
3 4
3 4
8 9
8 4
8 4
11 7
15 7
11 4
8 11
8 7
10 9
19 4
19 11
19 9
19 7
17 7
15 4
14 9
14 4
14 11
8 6
8 6
8 4
8 6
7 6
8 4
19 9
19 9
19 7
17 11
17 11
8 9
11 4
15 9
15 4
15 6
11 6
8 11
10 9
10 4
10 11
19 9
19 9
19 7
17 9
17 4
17 11
8 6
8 6
8 4
8 6
8 6
8 4
10 7
10 7
10 7
10 4
14 4
17 7
17 7
17 7
17 7
E
S
H
63 9
63 4
63 13
67 6
67 6
67 4
65 6
65 6
65 4
68 6
68 6
68 4
65 7
67 12
63 9
63 4
63 13
67 6
67 6
67 4
65 6
65 6
65 4
68 6
68 6
68 4
65 13
63 9
63 4
63 11
65 9
63 11
65 9
67 4
67 11
67 7
67 4
67 9
67 7
65 13
63 6
63 6
63 4
62 6
62 6
62 4
67 12
67 7
65 13
63 9
63 4
63 11
65 9
63 11
65 9
67 4
67 11
67 7
67 4
67 9
67 7
65 13
63 6
63 6
63 4
62 6
62 6
62 4
67 12
67 7
65 13
63 9
63 4
63 13
67 6
67 6
67 4
65 6
65 6
65 4
68 6
68 6
68 4
65 7
67 12
63 9
63 4
63 13
67 6
67 6
67 4
65 6
65 6
65 4
68 6
68 6
68 4
65 13
63 9
63 4
63 11
65 9
63 11
65 9
67 4
67 11
67 7
67 4
67 9
67 7
65 13
63 6
63 6
63 4
62 6
62 6
62 4
67 12
67 7
65 13
63 9
63 4
63 11
65 9
63 11
65 9
67 4
67 11
67 7
67 4
67 9
67 7
65 13
63 6
63 6
63 4
62 6
62 6
62 4
67 12
67 7
65 13
E
S
H
60 9
60 4
60 13
63 6
63 6
63 4
62 6
62 6
62 4
65 6
65 6
65 4
62 7
63 12
60 9
60 4
60 13
63 6
63 6
63 4
62 6
62 6
62 4
65 6
65 6
65 4
63 13
59 9
59 4
59 11
61 9
59 11
62 9
63 4
63 11
63 7
63 4
63 9
63 7
62 13
60 6
60 6
60 4
60 6
60 6
60 4
62 12
62 7
62 13
59 9
59 4
59 11
61 9
59 11
62 9
63 4
63 11
63 7
63 4
63 9
63 7
62 13
60 6
60 6
60 4
60 6
60 6
60 4
62 12
62 7
62 13
60 9
60 4
60 13
63 6
63 6
63 4
62 6
62 6
62 4
65 6
65 6
65 4
62 7
63 12
60 9
60 4
60 13
63 6
63 6
63 4
62 6
62 6
62 4
65 6
65 6
65 4
63 13
59 9
59 4
59 11
61 9
59 11
62 9
63 4
63 11
63 7
63 4
63 9
63 7
62 13
60 6
60 6
60 4
60 6
60 6
60 4
62 12
62 7
62 13
59 9
59 4
59 11
61 9
59 11
62 9
63 4
63 11
63 7
63 4
63 9
63 7
62 13
60 6
60 6
60 4
60 6
60 6
60 4
62 12
62 7
62 13
E
S
H
56 9
56 4
56 13
58 6
58 6
58 4
58 6
58 6
58 4
60 6
60 6
60 4
58 7
58 12
56 9
56 4
56 13
58 6
58 6
58 4
58 6
58 6
58 4
60 6
60 6
60 4
58 13
56 9
56 4
56 11
56 9
56 9
56 7
58 9
58 4
58 11
58 7
58 4
58 9
58 7
58 13
56 6
56 6
56 4
56 6
56 6
56 4
60 12
60 7
58 13
56 9
56 4
56 11
56 9
56 9
56 7
58 9
58 4
58 11
58 7
58 4
58 9
58 7
58 13
56 6
56 6
56 4
56 6
56 6
56 4
58 12
58 7
58 13
56 9
56 4
56 13
58 6
58 6
58 4
58 6
58 6
58 4
60 6
60 6
60 4
58 7
58 12
56 9
56 4
56 13
58 6
58 6
58 4
58 6
58 6
58 4
60 6
60 6
60 4
58 13
56 9
56 4
56 11
56 9
56 9
56 7
58 9
58 4
58 11
58 7
58 4
58 9
58 7
58 13
56 6
56 6
56 4
56 6
56 6
56 4
60 12
60 7
58 13
56 9
56 4
56 11
56 9
56 9
56 7
58 9
58 4
58 11
58 7
58 4
58 9
58 7
58 13
56 6
56 6
56 4
56 6
56 6
56 4
58 12
58 7
58 13
E
S
H
48 0
72 9
44 0
72 4
44 0
72 13
51 0
72 4
49 0
72 7
48 0
72 4
46 0
72 6
48 0
72 6
44 0
72 4
44 0
72 4
48 0
72 7
46 0
72 7
39 0
72 4
39 0
72 12
48 0
72 9
44 0
72 4
44 0
72 13
51 0
72 4
49 0
72 7
48 0
72 4
46 0
72 6
48 0
72 6
44 0
72 4
44 0
72 6
46 0
72 6
48 0
72 4
46 0
72 12
44 0
72 4
46 0
72 4
47 0
72 13
51 0
72 7
51 0
72 4
49 0
72 8
47 0
72 8
46 0
72 13
55 0
72 7
55 0
72 4
53 0
72 8
51 0
72 8
50 0
72 13
48 0
72 6
50 0
72 6
51 0
72 4
51 0
72 6
48 0
72 6
56 0
72 6
55 0
72 13
53 0
72 11
44 0
72 7
46 0
72 4
47 0
72 4
47 0
72 13
51 0
72 7
51 0
72 4
49 0
72 8
47 0
72 8
46 0
72 13
55 0
72 7
55 0
72 4
53 0
72 8
51 0
72 8
50 0
72 13
48 0
72 4
50 0
72 4
51 0
72 4
56 0
72 7
55 0
72 4
56 0
72 4
55 0
72 12
53 0
72 4
55 0
72 4
53 0
72 13
48 0
72 9
44 0
72 4
44 0
72 13
51 0
72 4
49 0
72 7
48 0
72 4
46 0
72 6
48 0
72 6
44 0
72 4
44 0
72 4
48 0
72 7
46 0
72 7
39 0
72 4
39 0
72 12
48 0
72 9
44 0
72 4
44 0
72 13
51 0
72 4
49 0
72 7
48 0
72 4
46 0
72 6
48 0
72 6
44 0
72 4
44 0
72 6
46 0
72 6
48 0
72 4
46 0
72 12
44 0
72 4
46 0
72 4
47 0
72 13
51 0
72 7
51 0
72 4
49 0
72 8
47 0
72 8
46 0
72 13
55 0
72 7
55 0
72 4
53 0
72 8
51 0
72 8
50 0
72 13
48 0
72 6
50 0
72 6
51 0
72 4
51 0
72 6
48 0
72 6
56 0
72 6
55 0
72 13
53 0
72 11
44 0
72 7
46 0
72 4
47 0
72 4
47 0
72 13
51 0
72 7
51 0
72 4
49 0
72 8
47 0
72 8
46 0
72 13
55 0
72 7
55 0
72 4
53 0
72 8
51 0
72 8
50 0
72 13
48 0
72 4
50 0
72 4
51 0
72 4
56 0
72 7
55 0
72 4
56 0
72 4
55 0
72 12
53 0
72 4
55 0
72 4
53 0
72 13
E
S
L
1324 0
72 7
199 0
72 7
1324 0
72 7
199 0
72 7
1324 0
72 7
199 0
72 7
1324 0
72 7
199 0
72 7
1324 0
72 7
199 0
72 7
1324 0
72 7
199 0
72 7
1324 0
72 7
199 0
72 4
1324 0
72 4
199 0
72 4
199 0
72 4
1324 0
72 4
1324 0
72 4
1324 0
72 7
199 0
72 7
1324 0
72 7
199 0
72 7
1324 0
72 7
199 0
72 7
1324 0
72 7
199 0
72 7
1324 0
72 7
199 0
72 7
1324 0
72 7
199 0
72 7
1324 0
72 4
20 0
72 4
199 0
72 4
1324 0
72 4
20 0
72 4
1324 0
72 4
199 0
72 4
199 0
72 4
1324 0
72 7
20 0
72 4
172 0
72 4
199 0
72 7
20 0
72 7
1324 0
72 7
1324 0
72 7
199 0
72 7
20 0
72 7
1324 0
72 7
20 0
72 4
172 0
72 4
199 0
72 7
20 0
72 7
1324 0
72 7
1324 0
72 7
199 0
72 7
20 0
72 7
1324 0
72 7
20 0
72 4
172 0
72 4
199 0
72 7
20 0
72 7
1324 0
72 6
1324 0
72 6
199 0
72 4
1324 0
72 6
1324 0
72 6
199 0
72 4
1324 0
72 7
20 0
72 4
172 0
72 4
199 0
72 7
20 0
72 7
1324 0
72 7
1324 0
72 7
199 0
72 7
20 0
72 7
1324 0
72 7
20 0
72 4
172 0
72 4
199 0
72 7
20 0
72 7
1324 0
72 7
1324 0
72 7
199 0
72 7
20 0
72 7
1324 0
72 7
20 0
72 4
172 0
72 4
199 0
72 7
20 0
72 7
1324 0
72 7
1324 0
72 7
199 0
72 7
20 0
72 7
1324 0
72 7
20 0
72 4
172 0
72 4
199 0
72 7
20 0
72 7
1324 0
72 6
1324 0
72 6
199 0
72 4
1324 0
72 6
1324 0
72 6
199 0
72 4
199 0
72 4
1324 0
72 4
199 0
72 4
1324 0
72 4
199 0
72 4
1324 0
72 4
199 0
72 4
1324 0
72 4
1324 0
72 3
1324 0
72 3
199 0
72 3
1324 0
72 3
1324 0
72 3
199 0
72 3
199 0
72 4
1324 0
72 4
1324 0
72 4
856 0
72 4
1324 0
72 7
199 0
72 7
1324 0
72 7
199 0
72 7
1324 0
72 7
199 0
72 7
1324 0
72 7
199 0
72 7
1324 0
72 7
199 0
72 7
1324 0
72 7
199 0
72 7
1324 0
72 7
199 0
72 4
1324 0
72 4
199 0
72 4
199 0
72 4
1324 0
72 4
1324 0
72 4
1324 0
72 7
199 0
72 7
1324 0
72 7
199 0
72 7
1324 0
72 7
199 0
72 7
1324 0
72 7
199 0
72 7
1324 0
72 7
199 0
72 7
1324 0
72 7
199 0
72 7
1324 0
72 4
20 0
72 4
199 0
72 4
1324 0
72 4
20 0
72 4
1324 0
72 4
199 0
72 4
199 0
72 4
1324 0
72 7
20 0
72 4
172 0
72 4
199 0
72 7
20 0
72 7
1324 0
72 7
1324 0
72 7
199 0
72 7
20 0
72 7
1324 0
72 7
20 0
72 4
172 0
72 4
199 0
72 7
20 0
72 7
1324 0
72 7
1324 0
72 7
199 0
72 7
20 0
72 7
1324 0
72 7
20 0
72 4
172 0
72 4
199 0
72 7
20 0
72 7
1324 0
72 6
1324 0
72 6
199 0
72 4
1324 0
72 6
1324 0
72 6
199 0
72 4
1324 0
72 7
20 0
72 4
172 0
72 4
199 0
72 7
20 0
72 7
1324 0
72 7
1324 0
72 7
199 0
72 7
20 0
72 7
1324 0
72 7
20 0
72 4
172 0
72 4
199 0
72 7
20 0
72 7
1324 0
72 7
1324 0
72 7
199 0
72 7
20 0
72 7
1324 0
72 7
20 0
72 4
172 0
72 4
199 0
72 7
20 0
72 7
1324 0
72 7
1324 0
72 7
199 0
72 7
20 0
72 7
1324 0
72 7
20 0
72 4
172 0
72 4
199 0
72 7
20 0
72 7
1324 0
72 6
1324 0
72 6
199 0
72 4
1324 0
72 6
1324 0
72 6
199 0
72 4
199 0
72 4
1324 0
72 4
199 0
72 4
1324 0
72 4
199 0
72 4
1324 0
72 4
199 0
72 4
1324 0
72 4
1324 0
72 3
1324 0
72 3
199 0
72 3
1324 0
72 3
1324 0
72 3
199 0
72 3
199 0
72 4
1324 0
72 4
1324 0
72 4
856 0
E
X
