minor
S
H
54 11
51 4
52 4
54 4
56 2
57 6
56 4
54 9
52 7
54 2
52 2
51 12
49 4
49 2
47 2
42 9
54 7
52 7
54 11
51 4
52 4
54 4
57 7
56 4
54 9
52 4
54 12
63 4
61 4
59 4
57 11
54 7
52 7
53 9
56 9
53 7
59 7
59 4
57 7
56 4
54 7
53 2
54 4
54 4
54 2
54 4
53 7
54 7
53 2
54 2
72 2
54 2
72 2
54 2
54 2
72 2
53 2
72 6
54 2
72 6
53 9
56 9
53 7
59 7
59 4
57 7
56 4
54 7
53 2
54 4
54 4
54 2
54 4
53 7
54 7
53 2
54 2
72 2
54 2
72 2
54 2
54 2
72 2
61 2
72 6
59 2
72 6
54 11
51 4
52 4
54 4
56 2
57 6
56 4
54 9
52 7
54 2
52 2
51 12
49 4
49 2
47 2
42 9
54 7
52 7
54 11
51 4
52 4
54 4
57 7
56 4
54 9
52 4
54 12
63 4
61 4
59 4
57 11
54 7
52 7
53 9
56 9
53 7
59 7
59 4
57 7
56 4
54 7
53 2
54 4
54 4
54 2
54 4
53 7
54 7
53 2
54 2
72 2
54 2
72 2
54 2
54 2
72 2
53 2
72 6
54 2
72 6
53 9
56 9
53 7
59 7
59 4
57 7
56 4
54 7
53 2
54 4
54 4
54 2
54 4
53 7
54 7
53 2
54 2
72 2
54 2
72 2
54 2
54 2
72 2
61 2
72 6
59 2
E
S
L
30 4
30 2
30 2
38 2
37 6
30 4
30 2
30 2
35 7
30 4
30 2
30 2
38 2
37 6
33 7
35 7
30 4
30 2
30 2
38 2
37 6
30 4
30 2
30 2
35 7
30 4
30 2
30 2
38 2
37 6
42 7
40 7
30 4
30 2
30 2
38 2
37 6
30 4
30 2
30 2
35 7
30 4
30 2
30 2
38 2
37 6
33 7
35 7
30 4
30 2
30 2
38 2
37 6
30 4
30 2
30 2
35 7
30 4
30 2
30 2
42 2
40 4
40 2
40 7
38 7
37 9
41 9
37 7
39 9
35 9
33 7
29 2
30 4
30 4
30 2
30 4
29 7
30 7
29 2
29 4
29 4
29 2
29 4
37 7
35 7
37 9
41 9
37 7
39 9
35 9
33 7
29 2
30 4
30 4
30 2
30 4
29 7
30 7
29 2
29 4
42 4
40 2
38 4
40 7
42 7
30 4
30 2
30 2
38 2
37 6
30 4
30 2
30 2
35 7
30 4
30 2
30 2
38 2
37 6
33 7
35 7
30 4
30 2
30 2
38 2
37 6
30 4
30 2
30 2
35 7
30 4
30 2
30 2
38 2
37 6
42 7
40 7
30 4
30 2
30 2
38 2
37 6
30 4
30 2
30 2
35 7
30 4
30 2
30 2
38 2
37 6
33 7
35 7
30 4
30 2
30 2
38 2
37 6
30 4
30 2
30 2
35 7
30 4
30 2
30 2
42 2
40 4
40 2
40 7
38 7
37 9
41 9
37 7
39 9
35 9
33 7
29 2
30 4
30 4
30 2
30 4
29 7
30 7
29 2
29 4
29 4
29 2
29 4
37 7
35 7
37 9
41 9
37 7
39 9
35 9
33 7
29 2
30 4
30 4
30 2
30 4
29 7
30 7
29 2
29 4
42 4
40 2
38 4
40 7
42 7
E
S
H
49 12
47 7
52 12
47 7
51 12
47 7
49 11
51 7
49 7
49 12
52 7
47 12
49 7
49 13
47 11
50 7
49 7
49 12
53 7
54 9
51 9
47 7
49 2
49 4
49 4
49 2
49 4
49 7
49 7
49 2
49 4
49 4
49 2
49 4
49 7
49 7
49 13
47 9
51 9
54 7
49 2
49 4
49 4
49 2
49 4
49 7
49 7
49 2
49 4
49 4
49 2
49 4
57 7
56 7
49 12
47 7
52 12
47 7
51 12
47 7
49 11
51 7
49 7
49 12
52 7
47 12
49 7
49 13
47 11
50 7
49 7
49 12
53 7
54 9
51 9
47 7
49 2
49 4
49 4
49 2
49 4
49 7
49 7
49 2
49 4
49 4
49 2
49 4
49 7
49 7
49 13
47 9
51 9
54 7
49 2
49 4
49 4
49 2
49 4
49 7
49 7
49 2
49 4
49 4
49 2
49 4
57 7
56 7
E
S
L
12 2
72 2
12 2
12 2
14 2
72 2
12 2
12 2
12 2
72 2
12 2
12 2
14 2
72 2
12 2
12 2
12 2
72 2
12 2
12 2
14 2
72 2
12 2
12 2
12 2
72 2
12 2
12 2
14 2
72 2
12 2
12 2
12 2
72 2
12 2
12 2
14 2
72 2
12 2
12 2
12 2
72 2
12 2
12 2
14 2
72 2
12 2
12 2
12 2
72 2
12 2
12 2
14 2
72 2
12 2
12 2
14 2
72 6
14 2
72 6
12 2
72 2
12 2
12 2
14 2
72 2
12 2
12 2
12 2
72 2
12 2
12 2
14 2
72 2
12 2
12 2
12 2
72 2
12 2
12 2
14 2
72 2
12 2
12 2
12 2
72 2
12 2
12 2
14 2
72 2
12 2
12 2
12 2
72 2
12 2
12 2
14 2
72 2
12 2
12 2
12 2
72 2
12 2
12 2
14 2
72 2
12 2
12 2
12 2
72 2
12 2
12 2
14 2
72 2
12 2
12 2
14 2
72 2
12 2
12 2
14 2
72 2
12 2
12 2
12 2
72 2
12 2
72 2
14 2
72 2
12 2
72 2
12 2
72 2
12 2
72 2
14 2
72 2
12 2
72 2
12 2
72 2
12 2
72 2
14 2
72 2
12 2
72 2
12 2
72 2
12 2
72 2
14 2
72 2
12 2
72 2
12 2
12 2
72 2
12 2
72 2
12 2
12 2
72 2
14 2
72 6
14 2
72 6
12 2
12 2
72 2
12 2
72 2
12 2
12 2
72 2
14 2
72 6
14 2
72 6
12 2
72 2
12 2
72 2
14 2
72 2
12 2
72 2
12 2
72 2
12 2
72 2
14 2
72 2
12 2
72 2
12 2
72 2
12 2
72 2
14 2
72 2
12 2
72 2
12 2
72 2
12 2
72 2
14 2
72 2
12 2
72 2
12 2
12 2
72 2
12 2
72 2
12 2
12 2
72 2
14 2
72 6
14 2
72 6
12 2
12 2
72 2
12 2
72 2
12 2
12 2
72 2
12 2
14 2
14 2
12 2
12 2
14 2
14 2
12 2
12 2
72 2
12 2
12 2
14 2
72 2
12 2
12 2
12 2
72 2
12 2
12 2
14 2
72 2
12 2
12 2
12 2
72 2
12 2
12 2
14 2
72 2
12 2
12 2
12 2
72 2
12 2
12 2
14 2
72 2
12 2
12 2
12 2
72 2
12 2
12 2
14 2
72 2
12 2
12 2
12 2
72 2
12 2
12 2
14 2
72 2
12 2
12 2
12 2
72 2
12 2
12 2
14 2
72 2
12 2
12 2
14 2
72 6
14 2
72 6
12 2
72 2
12 2
12 2
14 2
72 2
12 2
12 2
12 2
72 2
12 2
12 2
14 2
72 2
12 2
12 2
12 2
72 2
12 2
12 2
14 2
72 2
12 2
12 2
12 2
72 2
12 2
12 2
14 2
72 2
12 2
12 2
12 2
72 2
12 2
12 2
14 2
72 2
12 2
12 2
12 2
72 2
12 2
12 2
14 2
72 2
12 2
12 2
12 2
72 2
12 2
12 2
14 2
72 2
12 2
12 2
14 2
72 2
12 2
12 2
14 2
72 2
12 2
12 2
12 2
72 2
12 2
72 2
14 2
72 2
12 2
72 2
12 2
72 2
12 2
72 2
14 2
72 2
12 2
72 2
12 2
72 2
12 2
72 2
14 2
72 2
12 2
72 2
12 2
72 2
12 2
72 2
14 2
72 2
12 2
72 2
12 2
12 2
72 2
12 2
72 2
12 2
12 2
72 2
14 2
72 6
14 2
72 6
12 2
12 2
72 2
12 2
72 2
12 2
12 2
72 2
14 2
72 6
14 2
72 6
12 2
72 2
12 2
72 2
14 2
72 2
12 2
72 2
12 2
72 2
12 2
72 2
14 2
72 2
12 2
72 2
12 2
72 2
12 2
72 2
14 2
72 2
12 2
72 2
12 2
72 2
12 2
72 2
14 2
72 2
12 2
72 2
12 2
12 2
72 2
12 2
72 2
12 2
12 2
72 2
14 2
72 6
14 2
72 6
12 2
12 2
72 2
12 2
72 2
12 2
12 2
72 2
12 2
14 2
14 2
12 2
12 2
14 2
14 2
12 2
E
X
