minor
S
H
52 4
64 4
59 4
55 4
52 4
47 4
57 4
54 4
52 4
64 4
59 4
55 4
52 4
47 4
54 4
57 4
52 4
64 4
59 4
55 4
52 4
47 4
57 4
54 4
52 4
64 4
59 4
55 4
52 4
47 4
54 4
57 4
47 4
59 4
54 4
50 4
47 4
42 4
52 4
49 4
47 4
59 4
54 4
50 4
47 4
42 4
49 4
52 4
45 4
57 4
52 4
48 4
45 4
40 4
50 4
47 4
45 4
57 4
52 4
48 4
45 4
40 4
47 4
50 4
52 4
64 4
59 4
55 4
52 4
47 4
57 4
54 4
52 4
64 4
59 4
55 4
52 4
47 4
54 4
57 4
52 4
64 4
59 4
55 4
52 4
47 4
57 4
54 4
52 4
64 4
59 4
55 4
52 4
47 4
54 4
57 4
47 4
59 4
54 4
50 4
47 4
42 4
52 4
49 4
47 4
59 4
54 4
50 4
47 4
42 4
49 4
52 4
45 4
57 4
52 4
48 4
45 4
40 4
50 4
47 4
45 4
57 4
52 4
48 4
45 4
40 4
47 4
50 4
52 4
64 4
59 4
55 4
52 4
47 4
57 4
54 4
52 4
64 4
59 4
55 4
52 4
47 4
54 4
57 4
E
S
H
72 6
52 2
72 2
64 2
72 2
59 2
72 2
55 2
72 2
52 2
72 2
47 2
72 2
57 2
72 2
54 2
72 2
52 2
72 2
64 2
72 2
59 2
72 2
55 2
72 2
52 2
72 2
47 2
72 2
54 2
72 2
57 2
72 2
52 2
72 2
64 2
72 2
59 2
72 2
55 2
72 2
52 2
72 2
47 2
72 2
57 2
72 2
54 2
72 2
52 2
72 2
64 2
72 2
59 2
72 2
55 2
72 2
52 2
72 2
47 2
72 2
54 2
72 2
57 2
72 2
47 2
72 2
59 2
72 2
54 2
72 2
50 2
72 2
47 2
72 2
42 2
72 2
52 2
72 2
49 2
72 2
47 2
72 2
59 2
72 2
54 2
72 2
50 2
72 2
47 2
72 2
42 2
72 2
49 2
72 2
52 2
72 2
45 2
72 2
57 2
72 2
52 2
72 2
48 2
72 2
45 2
72 2
40 2
72 2
50 2
72 2
47 2
72 2
45 2
72 2
57 2
72 2
52 2
72 2
48 2
72 2
45 2
72 2
40 2
72 2
47 2
72 2
50 2
72 2
52 2
72 2
64 2
72 2
59 2
72 2
55 2
72 2
52 2
72 2
47 2
72 2
57 2
72 2
54 2
72 2
52 2
72 2
64 2
72 2
59 2
72 2
55 2
72 2
52 2
72 2
47 2
72 2
54 2
72 2
57 2
72 2
52 2
72 2
64 2
72 2
59 2
72 2
55 2
72 2
52 2
72 2
47 2
72 2
57 2
72 2
54 2
72 2
52 2
72 2
64 2
72 2
59 2
72 2
55 2
72 2
52 2
72 2
47 2
72 2
54 2
72 2
57 2
72 2
47 2
72 2
59 2
72 2
54 2
72 2
50 2
72 2
47 2
72 2
42 2
72 2
52 2
72 2
49 2
72 2
47 2
72 2
59 2
72 2
54 2
72 2
50 2
72 2
47 2
72 2
42 2
72 2
49 2
72 2
52 2
72 2
45 2
72 2
57 2
72 2
52 2
72 2
48 2
72 2
45 2
72 2
40 2
72 2
50 2
72 2
47 2
72 2
45 2
72 2
57 2
72 2
52 2
72 2
48 2
72 2
45 2
72 2
40 2
72 2
47 2
72 2
50 2
72 2
52 2
72 2
64 2
72 2
59 2
72 2
55 2
72 2
52 2
72 2
47 2
72 2
57 2
72 2
54 2
72 2
52 2
72 2
64 2
72 2
59 2
72 2
55 2
72 2
52 2
72 2
47 2
72 2
54 2
E
S
L
72 14
28 2
28 2
28 2
28 2
40 2
28 2
35 2
28 2
38 2
28 2
36 2
28 2
35 2
28 2
40 2
28 2
28 2
28 2
28 2
28 2
40 2
28 2
35 2
28 2
38 2
28 2
36 2
28 2
35 2
28 2
40 2
28 2
23 2
23 2
23 2
23 2
35 2
23 2
30 2
23 2
33 2
23 2
31 2
23 2
30 2
23 2
35 2
23 2
23 2
23 2
23 2
23 2
35 2
23 2
30 2
23 2
33 2
23 2
31 2
23 2
30 2
23 2
35 2
23 2
21 2
21 2
21 2
21 2
33 2
21 2
28 2
21 2
31 2
21 2
29 2
21 2
28 2
21 2
33 2
21 2
21 2
21 2
21 2
21 2
33 2
21 2
28 2
21 2
31 2
21 2
29 2
21 2
28 2
21 2
33 2
21 2
28 2
28 2
28 2
28 2
40 2
28 2
35 2
28 2
38 2
28 2
36 2
28 2
35 2
28 2
40 2
28 2
28 2
28 2
28 2
28 2
40 2
28 2
35 2
28 2
38 2
28 2
36 2
28 2
35 2
28 2
40 2
28 2
28 2
28 2
28 2
28 2
40 2
28 2
35 2
28 2
38 2
28 2
36 2
28 2
35 2
28 2
40 2
28 2
28 2
28 2
28 2
28 2
40 2
28 2
35 2
28 2
38 2
28 2
36 2
28 2
35 2
28 2
40 2
28 2
23 2
23 2
23 2
23 2
35 2
23 2
30 2
23 2
33 2
23 2
31 2
23 2
30 2
23 2
35 2
23 2
23 2
23 2
23 2
23 2
35 2
23 2
30 2
23 2
33 2
23 2
31 2
23 2
30 2
23 2
35 2
23 2
21 2
21 2
21 2
21 2
33 2
21 2
28 2
21 2
31 2
21 2
29 2
21 2
28 2
21 2
33 2
21 2
21 2
21 2
21 2
21 2
33 2
21 2
28 2
21 2
31 2
21 2
29 2
21 2
28 2
21 2
33 2
21 2
28 2
28 2
28 2
28 2
40 2
28 2
35 2
28 2
38 2
28 2
36 2
28 2
35 2
28 2
40 2
28 2
28 2
28 2
28 2
28 2
40 2
28 2
35 2
28 2
38 2
28 2
36 2
28 2
35 2
28 2
40 2
28 2
E
S
L
72 13
199 0
72 2
199 0
72 2
199 0
72 2
199 0
72 2
199 0
72 2
199 0
72 2
199 0
72 2
199 0
72 6
199 0
72 4
199 0
72 4
199 0
72 2
199 0
72 6
199 0
72 2
199 0
72 2
199 0
72 4
199 0
72 2
199 0
72 6
199 0
72 4
199 0
72 4
199 0
72 2
199 0
72 6
199 0
72 2
199 0
72 2
199 0
72 4
199 0
72 2
199 0
72 6
199 0
72 4
199 0
72 4
199 0
72 2
199 0
72 6
199 0
72 2
199 0
72 2
199 0
72 4
199 0
72 2
199 0
72 6
199 0
72 4
199 0
72 4
199 0
72 2
199 0
72 6
199 0
72 2
199 0
72 2
199 0
72 4
199 0
72 2
199 0
72 6
199 0
72 4
199 0
72 4
199 0
72 2
199 0
72 6
199 0
72 2
199 0
72 2
199 0
72 4
199 0
72 2
199 0
72 6
199 0
72 4
199 0
72 4
199 0
72 2
199 0
72 6
199 0
72 2
199 0
72 2
199 0
72 4
199 0
72 2
199 0
72 6
199 0
72 4
199 0
72 4
199 0
72 2
199 0
72 6
199 0
72 2
199 0
72 2
199 0
72 4
199 0
72 2
199 0
72 6
199 0
72 4
199 0
72 4
199 0
72 2
199 0
72 4
199 0
72 2
199 0
72 2
199 0
72 2
199 0
72 2
199 0
72 2
199 0
72 2
199 0
72 6
199 0
72 4
199 0
72 4
199 0
72 2
199 0
72 6
199 0
72 2
199 0
72 2
199 0
72 4
199 0
72 2
199 0
72 6
199 0
72 4
199 0
72 4
199 0
72 2
199 0
72 6
199 0
72 2
199 0
72 2
199 0
72 4
199 0
72 2
199 0
72 6
199 0
72 4
199 0
72 4
199 0
72 2
199 0
72 6
199 0
72 2
199 0
72 2
199 0
72 4
199 0
72 2
199 0
72 6
199 0
72 4
199 0
72 4
199 0
72 2
199 0
72 6
199 0
72 2
199 0
72 2
199 0
72 4
199 0
72 2
199 0
72 6
199 0
72 4
199 0
72 4
199 0
72 2
199 0
72 6
199 0
72 2
199 0
72 2
199 0
72 4
199 0
72 2
199 0
72 6
199 0
72 4
199 0
72 4
199 0
72 2
199 0
72 6
199 0
72 2
199 0
72 2
199 0
72 4
199 0
72 2
199 0
72 6
199 0
72 4
199 0
72 4
199 0
72 2
199 0
72 6
199 0
72 2
199 0
72 2
199 0
72 4
199 0
72 2
199 0
72 6
199 0
72 4
199 0
72 4
199 0
72 2
199 0
72 4
199 0
72 2
199 0
72 2
199 0
72 2
199 0
72 2
199 0
72 2
199 0
72 2
199 0
E
X
