major
S
H
72 14
47 11
72 4
47 4
50 4
54 4
55 7
54 4
50 9
47 7
46 11
72 4
46 4
50 4
52 4
55 7
54 4
50 9
47 7
45 9
54 9
45 7
46 9
54 9
46 7
45 9
54 9
45 7
46 9
54 11
72 4
240 11
72 4
240 4
136 4
175 4
189 7
175 4
136 9
240 7
228 11
72 4
228 4
136 4
150 4
189 7
175 4
136 9
240 7
215 9
175 9
215 7
227 9
175 9
227 7
215 9
175 9
215 7
227 9
175 11
72 14
47 11
72 4
47 4
50 4
54 4
55 7
54 4
50 9
47 7
46 11
72 4
46 4
50 4
52 4
55 7
54 4
50 9
47 7
45 9
54 9
45 7
46 9
54 9
46 7
45 9
54 9
45 7
46 9
54 11
72 4
240 11
72 4
240 4
136 4
175 4
189 7
175 4
136 9
240 7
228 11
72 4
228 4
136 4
150 4
189 7
175 4
136 9
240 7
215 9
175 9
215 7
227 9
175 9
227 7
215 9
175 9
215 7
227 9
175 11
E
S
H
47 6
49 6
45 7
42 4
40 4
38 4
40 4
42 2
35 7
72 2
40 4
42 2
47 6
45 4
47 6
49 6
45 7
42 4
40 4
38 4
40 4
42 2
35 6
42 4
40 4
38 2
37 6
38 4
47 6
49 6
45 7
42 4
40 4
38 4
40 4
42 2
35 7
72 2
40 4
42 2
47 6
45 4
47 6
49 6
45 7
42 4
40 4
38 4
40 4
42 2
35 6
42 4
40 4
38 2
37 6
38 4
72 14
47 6
49 6
45 7
42 4
40 4
38 4
40 4
42 2
35 7
72 2
40 4
42 2
47 6
45 4
47 6
49 6
45 7
42 4
40 4
38 4
40 4
42 2
35 6
42 4
40 4
38 2
37 6
38 4
47 6
49 6
45 7
42 4
40 4
38 4
40 4
42 2
35 7
72 2
40 4
42 2
47 6
45 4
47 6
49 6
45 7
42 4
40 4
38 4
40 4
42 2
35 6
42 4
40 4
38 2
37 6
38 4
E
S
L
26 3
72 1
26 3
72 1
26 3
72 1
26 3
72 1
26 3
72 1
26 3
72 1
26 3
72 1
26 3
72 1
26 3
72 1
26 3
72 1
26 3
72 1
26 3
72 1
26 3
72 1
26 3
72 1
26 3
72 1
26 3
72 1
26 3
72 1
26 3
72 1
26 3
72 1
26 3
72 1
26 3
72 1
26 3
72 1
26 3
72 1
26 3
72 1
26 3
72 1
26 3
72 1
26 3
72 1
26 3
72 1
26 3
72 1
26 3
72 1
26 3
72 1
26 3
72 1
26 3
72 1
26 3
72 1
26 3
72 1
26 3
72 1
26 3
72 1
26 3
72 1
26 3
72 1
26 3
72 1
26 3
72 1
26 3
72 1
26 3
72 1
26 3
72 1
26 3
72 1
26 3
72 1
26 3
72 1
26 3
72 1
26 3
72 1
26 3
72 1
26 3
72 1
26 3
72 1
26 3
72 1
26 3
72 1
26 3
72 1
26 3
72 1
26 3
72 1
26 3
72 1
26 3
72 1
26 3
72 1
26 3
72 1
26 3
72 1
26 3
72 1
26 3
72 1
19 3
72 1
19 3
72 1
19 3
72 1
19 3
72 1
19 3
72 1
19 3
72 1
19 3
72 1
19 3
72 1
19 3
72 1
19 3
72 1
19 3
72 1
19 3
72 1
19 3
72 1
19 3
72 1
19 3
72 1
19 3
72 1
19 3
72 1
19 3
72 1
19 3
72 1
19 3
72 1
19 3
72 1
19 3
72 1
19 3
72 1
19 3
72 1
19 3
72 1
19 3
72 1
19 3
72 1
19 3
72 1
19 3
72 1
23 3
72 1
25 3
72 1
28 3
72 1
26 3
72 1
26 3
72 1
26 3
72 1
26 3
72 1
26 3
72 1
26 3
72 1
26 3
72 1
26 3
72 1
26 3
72 1
26 3
72 1
26 3
72 1
26 3
72 1
26 3
72 1
26 3
72 1
26 3
72 1
26 3
72 1
26 3
72 1
26 3
72 1
26 3
72 1
26 3
72 1
26 3
72 1
26 3
72 1
26 3
72 1
26 3
72 1
26 3
72 1
26 3
72 1
26 3
72 1
26 3
72 1
26 3
72 1
26 3
72 1
26 3
72 1
26 3
72 1
19 3
72 1
19 3
72 1
19 3
72 1
19 3
72 1
19 3
72 1
19 3
72 1
19 3
72 1
19 3
72 1
19 3
72 1
19 3
72 1
19 3
72 1
19 3
72 1
19 3
72 1
19 3
72 1
19 3
72 1
19 3
72 1
19 3
72 1
19 3
72 1
19 3
72 1
19 3
72 1
19 3
72 1
19 3
72 1
19 3
72 1
19 3
72 1
19 3
72 1
19 3
72 1
19 3
72 1
19 3
72 1
19 3
72 1
23 3
72 1
25 3
72 1
28 3
72 1
26 3
72 1
26 3
72 1
26 3
72 1
26 3
72 1
26 3
72 1
26 3
72 1
26 3
72 1
26 3
72 1
26 3
72 1
26 3
72 1
26 3
72 1
26 3
72 1
26 3
72 1
26 3
72 1
26 3
72 1
26 3
72 1
26 3
72 1
26 3
72 1
26 3
72 1
26 3
72 1
26 3
72 1
26 3
72 1
26 3
72 1
26 3
72 1
26 3
72 1
26 3
72 1
26 3
72 1
26 3
72 1
26 3
72 1
26 3
72 1
26 3
72 1
26 3
72 1
19 3
72 5
19 3
72 1
19 3
72 1
19 3
72 1
19 3
72 5
19 3
72 1
19 3
72 1
19 3
72 5
19 3
72 1
19 3
72 1
19 3
72 1
19 3
72 5
18 3
72 1
18 3
72 5
18 3
72 1
18 3
72 1
18 3
72 1
18 3
72 5
18 3
72 1
18 3
72 1
18 3
72 1
18 3
72 1
18 3
72 1
18 3
72 1
18 3
72 1
18 3
72 1
19 3
72 5
19 3
72 1
19 3
72 1
19 3
72 1
19 3
72 5
19 3
72 1
19 3
72 1
19 3
72 5
19 3
72 1
19 3
72 1
19 3
72 1
19 3
72 5
18 3
72 1
18 3
72 5
18 3
72 1
18 3
72 1
18 3
72 1
18 3
72 5
18 3
72 1
18 3
72 1
18 3
72 1
18 3
72 1
18 3
72 1
18 3
72 1
18 3
72 1
18 3
72 1
19 3
72 5
19 3
72 1
19 3
72 1
19 3
72 1
19 3
72 5
19 3
72 1
19 3
72 1
19 3
72 5
19 3
72 1
19 3
72 1
19 3
72 1
19 3
72 5
18 3
72 1
18 3
72 5
18 3
72 1
18 3
72 1
18 3
72 1
18 3
72 5
18 3
72 1
18 3
72 1
18 3
72 1
18 3
72 1
18 3
72 1
18 3
72 1
18 3
72 1
18 3
72 1
19 3
72 5
19 3
72 1
19 3
72 1
19 3
72 1
19 3
72 5
19 3
72 1
19 3
72 1
19 3
72 5
19 3
72 1
19 3
72 1
19 3
72 1
19 3
72 5
18 3
72 1
18 3
72 5
18 3
72 1
18 3
72 1
18 3
72 1
18 3
72 5
18 3
72 1
18 3
72 5
18 3
72 1
18 3
72 1
18 2
19 2
21 2
19 2
18 3
72 1
9 3
72 1
9 3
72 1
9 3
72 1
9 2
9 2
9 3
72 1
9 3
72 1
9 3
72 1
9 3
72 1
9 3
72 1
9 3
72 1
9 3
72 1
9 2
72 2
9 3
72 1
9 3
72 1
9 3
72 1
9 3
72 1
9 3
72 1
9 3
72 1
9 3
72 1
9 2
9 2
9 3
72 1
9 3
72 1
9 3
72 1
9 3
72 1
9 3
72 1
9 3
72 1
9 3
72 1
9 2
72 2
9 3
72 1
9 3
72 1
9 3
72 1
9 3
72 1
9 3
72 1
9 3
72 1
9 3
72 1
9 2
9 2
9 3
72 1
9 3
72 1
9 3
72 1
9 3
72 1
9 3
72 1
9 3
72 1
9 3
72 1
9 2
72 2
9 3
72 1
9 3
72 1
9 3
72 1
9 3
72 1
9 3
72 1
9 3
72 1
9 3
72 1
9 2
72 2
9 3
72 1
9 3
72 1
9 3
72 1
9 3
72 1
9 3
72 1
9 3
72 1
9 3
72 1
21 2
21 2
9 3
72 1
9 3
72 1
9 3
72 1
9 3
72 1
26 3
72 1
26 3
72 1
26 3
72 1
26 3
72 1
26 3
72 1
26 3
72 1
26 3
72 1
26 3
72 1
26 3
72 1
26 3
72 1
26 3
72 1
26 3
72 1
26 3
72 1
26 3
72 1
26 3
72 1
26 3
72 1
26 3
72 1
26 3
72 1
26 3
72 1
26 3
72 1
26 3
72 1
26 3
72 1
26 3
72 1
26 3
72 1
26 3
72 1
26 3
72 1
26 3
72 1
26 3
72 1
26 3
72 1
26 3
72 1
26 3
72 1
26 3
72 1
26 3
72 1
26 3
72 1
26 3
72 1
26 3
72 1
26 3
72 1
26 3
72 1
26 3
72 1
26 3
72 1
26 3
72 1
26 3
72 1
26 3
72 1
26 3
72 1
26 3
72 1
26 3
72 1
26 3
72 1
26 3
72 1
26 3
72 1
26 3
72 1
26 3
72 1
26 3
72 1
26 3
72 1
26 3
72 1
26 3
72 1
26 3
72 1
26 3
72 1
26 3
72 1
26 3
72 1
26 3
72 1
26 3
72 1
26 3
72 1
26 3
72 1
26 3
72 1
19 3
72 1
19 3
72 1
19 3
72 1
19 3
72 1
19 3
72 1
19 3
72 1
19 3
72 1
19 3
72 1
19 3
72 1
19 3
72 1
19 3
72 1
19 3
72 1
19 3
72 1
19 3
72 1
19 3
72 1
19 3
72 1
19 3
72 1
19 3
72 1
19 3
72 1
19 3
72 1
19 3
72 1
19 3
72 1
19 3
72 1
19 3
72 1
19 3
72 1
19 3
72 1
19 3
72 1
19 3
72 1
19 3
72 1
23 3
72 1
25 3
72 1
28 3
72 1
26 3
72 1
26 3
72 1
26 3
72 1
26 3
72 1
26 3
72 1
26 3
72 1
26 3
72 1
26 3
72 1
26 3
72 1
26 3
72 1
26 3
72 1
26 3
72 1
26 3
72 1
26 3
72 1
26 3
72 1
26 3
72 1
26 3
72 1
26 3
72 1
26 3
72 1
26 3
72 1
26 3
72 1
26 3
72 1
26 3
72 1
26 3
72 1
26 3
72 1
26 3
72 1
26 3
72 1
26 3
72 1
26 3
72 1
26 3
72 1
26 3
72 1
26 3
72 1
19 3
72 1
19 3
72 1
19 3
72 1
19 3
72 1
19 3
72 1
19 3
72 1
19 3
72 1
19 3
72 1
19 3
72 1
19 3
72 1
19 3
72 1
19 3
72 1
19 3
72 1
19 3
72 1
19 3
72 1
19 3
72 1
19 3
72 1
19 3
72 1
19 3
72 1
19 3
72 1
19 3
72 1
19 3
72 1
19 3
72 1
19 3
72 1
19 3
72 1
19 3
72 1
19 3
72 1
19 3
72 1
19 3
72 1
23 3
72 1
25 3
72 1
28 3
72 1
26 3
72 1
26 3
72 1
26 3
72 1
26 3
72 1
26 3
72 1
26 3
72 1
26 3
72 1
26 3
72 1
26 3
72 1
26 3
72 1
26 3
72 1
26 3
72 1
26 3
72 1
26 3
72 1
26 3
72 1
26 3
72 1
26 3
72 1
26 3
72 1
26 3
72 1
26 3
72 1
26 3
72 1
26 3
72 1
26 3
72 1
26 3
72 1
26 3
72 1
26 3
72 1
26 3
72 1
26 3
72 1
26 3
72 1
26 3
72 1
26 3
72 1
26 3
72 1
19 3
72 5
19 3
72 1
19 3
72 1
19 3
72 1
19 3
72 5
19 3
72 1
19 3
72 1
19 3
72 5
19 3
72 1
19 3
72 1
19 3
72 1
19 3
72 5
18 3
72 1
18 3
72 5
18 3
72 1
18 3
72 1
18 3
72 1
18 3
72 5
18 3
72 1
18 3
72 1
18 3
72 1
18 3
72 1
18 3
72 1
18 3
72 1
18 3
72 1
18 3
72 1
19 3
72 5
19 3
72 1
19 3
72 1
19 3
72 1
19 3
72 5
19 3
72 1
19 3
72 1
19 3
72 5
19 3
72 1
19 3
72 1
19 3
72 1
19 3
72 5
18 3
72 1
18 3
72 5
18 3
72 1
18 3
72 1
18 3
72 1
18 3
72 5
18 3
72 1
18 3
72 1
18 3
72 1
18 3
72 1
18 3
72 1
18 3
72 1
18 3
72 1
18 3
72 1
19 3
72 5
19 3
72 1
19 3
72 1
19 3
72 1
19 3
72 5
19 3
72 1
19 3
72 1
19 3
72 5
19 3
72 1
19 3
72 1
19 3
72 1
19 3
72 5
18 3
72 1
18 3
72 5
18 3
72 1
18 3
72 1
18 3
72 1
18 3
72 5
18 3
72 1
18 3
72 1
18 3
72 1
18 3
72 1
18 3
72 1
18 3
72 1
18 3
72 1
18 3
72 1
19 3
72 5
19 3
72 1
19 3
72 1
19 3
72 1
19 3
72 5
19 3
72 1
19 3
72 1
19 3
72 5
19 3
72 1
19 3
72 1
19 3
72 1
19 3
72 5
18 3
72 1
18 3
72 5
18 3
72 1
18 3
72 1
18 3
72 1
18 3
72 5
18 3
72 1
18 3
72 5
18 3
72 1
18 3
72 1
18 2
19 2
21 2
19 2
18 3
72 1
9 3
72 1
9 3
72 1
9 3
72 1
9 2
9 2
9 3
72 1
9 3
72 1
9 3
72 1
9 3
72 1
9 3
72 1
9 3
72 1
9 3
72 1
9 2
72 2
9 3
72 1
9 3
72 1
9 3
72 1
9 3
72 1
9 3
72 1
9 3
72 1
9 3
72 1
9 2
9 2
9 3
72 1
9 3
72 1
9 3
72 1
9 3
72 1
9 3
72 1
9 3
72 1
9 3
72 1
9 2
72 2
9 3
72 1
9 3
72 1
9 3
72 1
9 3
72 1
9 3
72 1
9 3
72 1
9 3
72 1
9 2
9 2
9 3
72 1
9 3
72 1
9 3
72 1
9 3
72 1
9 3
72 1
9 3
72 1
9 3
72 1
9 2
72 2
9 3
72 1
9 3
72 1
9 3
72 1
9 3
72 1
9 3
72 1
9 3
72 1
9 3
72 1
9 2
72 2
9 3
72 1
9 3
72 1
9 3
72 1
9 3
72 1
9 3
72 1
9 3
72 1
9 3
72 1
21 2
21 2
9 3
72 1
9 3
72 1
9 3
72 1
9 3
E
S
L
21 5
72 3
21 5
72 3
21 5
72 3
14 5
72 3
21 5
72 3
21 5
72 3
21 5
72 3
14 5
72 3
21 5
72 3
21 5
72 3
21 5
72 3
14 5
72 3
21 5
72 3
21 5
72 3
21 5
72 3
14 5
72 3
21 5
72 3
21 5
72 3
21 5
72 3
14 5
72 3
21 5
72 3
21 5
72 3
21 5
72 3
14 5
72 3
21 5
72 3
21 5
72 3
21 5
72 3
14 5
72 3
21 5
72 3
21 5
72 3
14 2
14 2
19 3
72 1
14 3
72 1
14 3
72 1
12 5
72 3
14 5
72 3
12 5
72 3
14 5
72 3
12 5
72 3
14 5
72 3
12 5
72 3
14 5
72 3
12 5
72 3
14 5
72 3
12 5
72 3
14 5
72 3
12 5
72 3
14 5
72 3
12 5
72 3
14 5
72 3
12 5
72 3
14 5
72 3
12 5
72 3
14 5
72 3
12 5
72 3
14 5
72 3
12 5
72 3
14 5
72 3
12 5
72 3
14 5
72 3
12 5
72 3
14 5
72 3
12 5
72 3
14 5
72 3
12 5
72 3
14 5
72 3
12 5
72 3
14 5
72 3
12 5
72 3
14 5
72 3
12 5
72 3
14 5
72 3
12 5
72 3
14 5
72 3
12 5
72 3
14 5
72 3
12 5
72 3
14 5
72 3
12 5
72 3
14 5
72 3
12 5
72 3
14 5
72 3
12 5
72 3
14 5
72 3
12 5
72 3
14 5
72 3
12 5
72 3
14 5
72 3
12 5
72 3
14 5
72 3
12 5
72 3
14 5
72 3
12 5
72 3
14 5
72 3
12 5
72 3
14 5
72 3
12 5
72 3
14 5
72 3
12 5
72 3
14 5
72 3
12 5
72 3
14 5
72 3
12 5
72 3
14 5
72 3
12 5
72 3
14 5
72 3
12 5
72 3
14 5
72 3
12 5
72 3
14 5
72 3
12 5
72 3
14 5
72 3
12 5
72 3
14 5
72 3
12 5
72 3
14 5
72 3
12 5
72 3
14 5
72 3
12 5
72 3
14 5
72 3
12 5
72 3
14 5
72 3
12 5
72 3
14 5
72 3
12 5
72 3
14 5
72 3
12 5
72 3
14 5
72 3
12 5
72 3
14 5
72 3
12 5
72 3
14 5
72 3
12 5
72 3
14 5
72 3
12 5
72 3
14 5
72 3
12 5
72 3
14 5
72 3
12 5
72 3
14 5
72 3
12 5
72 3
14 5
72 3
12 5
72 3
14 5
72 3
12 5
72 3
14 5
72 3
12 5
72 3
14 5
72 3
12 5
72 3
14 5
72 3
12 5
72 3
14 5
72 3
12 5
72 3
14 5
72 3
12 5
72 3
14 5
72 3
12 5
72 3
14 5
72 3
12 5
72 3
14 5
72 3
12 5
72 3
14 5
72 3
12 5
72 3
14 5
72 3
12 5
72 3
14 5
72 3
12 5
72 3
14 5
72 3
12 5
72 3
14 5
72 3
12 5
72 3
14 5
72 3
12 5
72 3
14 5
72 3
12 5
72 3
14 5
72 3
12 5
72 3
14 5
72 3
12 5
72 3
14 5
72 3
12 5
72 3
14 5
72 3
12 5
72 3
14 5
72 3
12 5
72 3
14 5
72 3
12 5
72 3
14 5
72 3
12 5
72 3
14 5
72 3
12 5
72 3
14 5
72 3
12 5
72 3
14 5
72 3
21 5
72 3
21 5
72 3
21 5
72 3
14 5
72 3
21 5
72 3
21 5
72 3
21 5
72 3
14 5
72 3
21 5
72 3
21 5
72 3
21 5
72 3
14 5
72 3
21 5
72 3
21 5
72 3
21 5
72 3
14 5
72 3
21 5
72 3
21 5
72 3
21 5
72 3
14 5
72 3
21 5
72 3
21 5
72 3
21 5
72 3
14 5
72 3
21 5
72 3
21 5
72 3
21 5
72 3
14 5
72 3
21 5
72 3
21 5
72 3
14 2
14 2
19 3
72 1
14 3
72 1
14 3
72 1
12 5
72 3
14 5
72 3
12 5
72 3
14 5
72 3
12 5
72 3
14 5
72 3
12 5
72 3
14 5
72 3
12 5
72 3
14 5
72 3
12 5
72 3
14 5
72 3
12 5
72 3
14 5
72 3
12 5
72 3
14 5
72 3
12 5
72 3
14 5
72 3
12 5
72 3
14 5
72 3
12 5
72 3
14 5
72 3
12 5
72 3
14 5
72 3
12 5
72 3
14 5
72 3
12 5
72 3
14 5
72 3
12 5
72 3
14 5
72 3
12 5
72 3
14 5
72 3
12 5
72 3
14 5
72 3
12 5
72 3
14 5
72 3
12 5
72 3
14 5
72 3
12 5
72 3
14 5
72 3
12 5
72 3
14 5
72 3
12 5
72 3
14 5
72 3
12 5
72 3
14 5
72 3
12 5
72 3
14 5
72 3
12 5
72 3
14 5
72 3
12 5
72 3
14 5
72 3
12 5
72 3
14 5
72 3
12 5
72 3
14 5
72 3
12 5
72 3
14 5
72 3
12 5
72 3
14 5
72 3
12 5
72 3
14 5
72 3
12 5
72 3
14 5
72 3
12 5
72 3
14 5
72 3
12 5
72 3
14 5
72 3
12 5
72 3
14 5
72 3
12 5
72 3
14 5
72 3
12 5
72 3
14 5
72 3
12 5
72 3
14 5
72 3
12 5
72 3
14 5
72 3
12 5
72 3
14 5
72 3
12 5
72 3
14 5
72 3
12 5
72 3
14 5
72 3
12 5
72 3
14 5
72 3
12 5
72 3
14 5
72 3
12 5
72 3
14 5
72 3
12 5
72 3
14 5
72 3
12 5
72 3
14 5
72 3
12 5
72 3
14 5
72 3
12 5
72 3
14 5
72 3
12 5
72 3
14 5
72 3
12 5
72 3
14 5
72 3
12 5
72 3
14 5
72 3
12 5
72 3
14 5
72 3
12 5
72 3
14 5
72 3
12 5
72 3
14 5
72 3
12 5
72 3
14 5
72 3
12 5
72 3
14 5
72 3
12 5
72 3
14 5
72 3
12 5
72 3
14 5
72 3
12 5
72 3
14 5
72 3
12 5
72 3
14 5
72 3
12 5
72 3
14 5
72 3
12 5
72 3
14 5
72 3
12 5
72 3
14 5
72 3
12 5
72 3
14 5
72 3
12 5
72 3
14 5
72 3
12 5
72 3
14 5
72 3
12 5
72 3
14 5
72 3
12 5
72 3
14 5
72 3
12 5
72 3
14 5
72 3
12 5
72 3
14 5
72 3
12 5
72 3
14 5
72 3
12 5
72 3
14 5
72 3
12 5
72 3
14 5
72 3
12 5
72 3
14 5
72 3
12 5
72 3
14 5
72 3
12 5
72 3
14 5
72 3
12 5
72 3
14 5
72 3
12 5
72 3
14 5
72 3
12 5
72 3
14 5
E
S
H
43 4
72 2
45 4
72 2
42 3
72 5
38 3
72 1
37 3
72 1
35 3
72 1
37 3
72 1
38 2
72 8
37 3
72 1
38 3
72 1
42 3
72 1
42 3
72 1
43 4
72 2
45 4
72 2
42 3
72 5
38 3
72 1
37 3
72 1
35 3
72 1
37 3
72 1
38 2
72 6
38 3
72 1
37 3
72 1
35 2
33 3
72 4
33 3
72 1
43 4
72 2
45 4
72 2
42 3
72 5
38 3
72 1
37 3
72 1
35 3
72 1
37 3
72 1
38 2
72 8
37 3
72 1
38 3
72 1
42 3
72 1
42 3
72 1
43 4
72 2
45 4
72 2
42 3
72 5
38 3
72 1
37 3
72 1
35 3
72 1
37 3
72 1
38 2
72 6
38 3
72 1
37 3
72 1
35 2
33 3
72 4
33 3
72 14
43 4
72 2
45 4
72 2
42 3
72 5
38 3
72 1
37 3
72 1
35 3
72 1
37 3
72 1
38 2
72 8
37 3
72 1
38 3
72 1
42 3
72 1
42 3
72 1
43 4
72 2
45 4
72 2
42 3
72 5
38 3
72 1
37 3
72 1
35 3
72 1
37 3
72 1
38 2
72 6
38 3
72 1
37 3
72 1
35 2
33 3
72 4
33 3
72 1
43 4
72 2
45 4
72 2
42 3
72 5
38 3
72 1
37 3
72 1
35 3
72 1
37 3
72 1
38 2
72 8
37 3
72 1
38 3
72 1
42 3
72 1
42 3
72 1
43 4
72 2
45 4
72 2
42 3
72 5
38 3
72 1
37 3
72 1
35 3
72 1
37 3
72 1
38 2
72 6
38 3
72 1
37 3
72 1
35 2
33 3
72 4
33 3
E
S
H
72 14
47 13
50 11
54 11
52 13
57 13
59 13
54 11
59 11
57 13
54 13
72 14
33 11
38 11
40 11
43 11
45 11
50 11
52 11
55 11
57 11
61 11
64 11
67 11
45 2
45 2
49 2
52 2
59 2
57 2
55 2
54 2
52 2
54 2
50 2
52 2
49 2
50 2
47 2
49 2
215 2
215 2
122 2
150 2
122 2
240 2
215 2
189 2
175 2
215 2
187 2
187 2
187 2
187 2
215 2
240 2
72 14
47 13
50 11
54 11
52 13
57 13
59 13
54 11
59 11
57 13
54 13
72 14
33 11
38 11
40 11
43 11
45 11
50 11
52 11
55 11
57 11
61 11
64 11
67 11
45 2
45 2
49 2
52 2
59 2
57 2
55 2
54 2
52 2
54 2
50 2
52 2
49 2
50 2
47 2
49 2
215 2
215 2
122 2
150 2
122 2
240 2
215 2
189 2
175 2
215 2
187 2
187 2
187 2
187 2
215 2
240 2
E
S
H
72 14
47 2
43 2
47 2
50 2
47 2
43 2
47 2
50 2
54 4
54 4
52 4
50 4
47 2
43 2
47 2
50 2
47 2
43 2
47 2
50 2
54 4
54 4
52 4
50 4
49 2
45 2
49 2
52 2
49 2
45 2
49 2
52 2
57 4
57 4
54 4
52 4
49 2
45 2
49 2
52 2
49 2
45 2
49 2
52 2
57 4
57 4
54 4
52 4
47 2
43 2
47 2
50 2
47 2
43 2
47 2
50 2
54 4
54 4
52 4
50 4
47 2
43 2
47 2
50 2
47 2
43 2
47 2
50 2
54 4
54 4
52 4
50 4
49 2
45 2
49 2
52 2
49 2
45 2
49 2
52 2
57 4
57 4
54 4
52 4
49 2
45 2
49 2
52 2
49 2
45 2
49 2
52 2
57 4
57 4
54 4
52 4
47 2
43 2
47 2
50 2
47 2
43 2
47 2
50 2
54 4
54 4
52 4
50 4
47 2
43 2
47 2
50 2
47 2
43 2
47 2
50 2
54 4
54 4
52 4
50 4
49 2
45 2
49 2
52 2
49 2
45 2
49 2
52 2
57 4
57 4
54 4
52 4
49 2
45 2
49 2
52 2
49 2
45 2
49 2
52 2
57 4
57 4
54 4
52 4
47 2
43 2
47 2
50 2
47 2
43 2
47 2
50 2
54 4
54 4
52 4
50 4
47 2
43 2
47 2
50 2
47 2
43 2
47 2
50 2
54 4
54 4
52 4
50 4
49 2
45 2
49 2
52 2
49 2
45 2
49 2
52 2
57 4
57 4
54 4
52 4
49 2
45 2
49 2
52 2
49 2
45 2
49 2
52 2
57 4
57 4
54 4
52 4
72 14
47 2
43 2
47 2
50 2
47 2
43 2
47 2
50 2
54 4
54 4
52 4
50 4
47 2
43 2
47 2
50 2
47 2
43 2
47 2
50 2
54 4
54 4
52 4
50 4
49 2
45 2
49 2
52 2
49 2
45 2
49 2
52 2
57 4
57 4
54 4
52 4
49 2
45 2
49 2
52 2
49 2
45 2
49 2
52 2
57 4
57 4
54 4
52 4
47 2
43 2
47 2
50 2
47 2
43 2
47 2
50 2
54 4
54 4
52 4
50 4
47 2
43 2
47 2
50 2
47 2
43 2
47 2
50 2
54 4
54 4
52 4
50 4
49 2
45 2
49 2
52 2
49 2
45 2
49 2
52 2
57 4
57 4
54 4
52 4
49 2
45 2
49 2
52 2
49 2
45 2
49 2
52 2
57 4
57 4
54 4
52 4
47 2
43 2
47 2
50 2
47 2
43 2
47 2
50 2
54 4
54 4
52 4
50 4
47 2
43 2
47 2
50 2
47 2
43 2
47 2
50 2
54 4
54 4
52 4
50 4
49 2
45 2
49 2
52 2
49 2
45 2
49 2
52 2
57 4
57 4
54 4
52 4
49 2
45 2
49 2
52 2
49 2
45 2
49 2
52 2
57 4
57 4
54 4
52 4
47 2
43 2
47 2
50 2
47 2
43 2
47 2
50 2
54 4
54 4
52 4
50 4
47 2
43 2
47 2
50 2
47 2
43 2
47 2
50 2
54 4
54 4
52 4
50 4
49 2
45 2
49 2
52 2
49 2
45 2
49 2
52 2
57 4
57 4
54 4
52 4
49 2
45 2
49 2
52 2
49 2
45 2
49 2
52 2
57 4
57 4
54 4
52 4
E
S
H
72 14
47 13
50 11
54 11
52 13
57 13
59 13
54 11
59 11
57 13
54 13
72 14
47 13
50 11
54 11
52 13
57 13
59 13
54 11
59 11
57 13
54 13
E
S
L
72 14
9 2
9 2
16 2
19 2
21 2
19 2
18 2
16 2
9 2
9 2
16 2
19 2
21 2
19 2
18 2
16 2
9 2
9 2
16 2
19 2
21 2
19 2
18 2
16 2
9 2
9 2
16 2
19 2
21 2
19 2
18 2
16 2
9 2
9 2
16 2
19 2
21 2
19 2
18 2
16 2
9 2
9 2
16 2
19 2
21 2
19 2
18 2
16 2
9 2
9 2
16 2
19 2
21 2
19 2
18 2
16 2
9 2
9 2
16 2
19 2
21 2
19 2
18 2
16 2
9 2
9 2
16 2
19 2
21 2
19 2
18 2
16 2
9 2
9 2
16 2
19 2
21 2
19 2
18 2
16 2
9 2
9 2
16 2
19 2
21 2
19 2
18 2
16 2
9 2
9 2
16 2
19 2
21 2
19 2
18 2
16 2
72 14
9 2
9 2
16 2
19 2
21 2
19 2
18 2
16 2
9 2
9 2
16 2
19 2
21 2
19 2
18 2
16 2
9 2
9 2
16 2
19 2
21 2
19 2
18 2
16 2
9 2
9 2
16 2
19 2
21 2
19 2
18 2
16 2
9 2
9 2
16 2
19 2
21 2
19 2
18 2
16 2
9 2
9 2
16 2
19 2
21 2
19 2
18 2
16 2
9 2
9 2
16 2
19 2
21 2
19 2
18 2
16 2
9 2
9 2
16 2
19 2
21 2
19 2
18 2
16 2
9 2
9 2
16 2
19 2
21 2
19 2
18 2
16 2
9 2
9 2
16 2
19 2
21 2
19 2
18 2
16 2
9 2
9 2
16 2
19 2
21 2
19 2
18 2
16 2
9 2
9 2
16 2
19 2
21 2
19 2
18 2
16 2
E
X
