minor
S
H
45 2
72 2
43 2
40 2
72 0
48 2
72 0
47 2
72 0
43 2
45 11
45 4
45 2
47 2
48 4
72 0
50 4
52 5
54 5
55 5
54 4
52 2
50 2
52 12
72 13
36 2
72 2
31 2
72 2
30 12
30 4
29 2
31 2
72 0
33 2
72 1
35 2
72 2
36 4
38 5
40 4
72 1
41 2
72 0
36 2
41 2
43 13
45 2
72 2
40 2
39 12
72 0
39 4
38 2
40 2
41 2
72 1
43 2
72 0
45 5
46 4
72 0
48 4
50 2
72 2
45 2
50 2
52 13
72 14
72 1
40 2
40 2
40 2
40 2
40 6
72 0
38 4
35 4
72 6
43 2
72 0
43 2
43 2
43 2
43 6
42 4
38 4
36 14
72 6
38 2
38 2
38 2
38 2
38 6
72 1
36 4
33 4
72 0
34 6
33 4
29 4
31 4
72 0
33 4
34 4
36 4
38 14
72 6
40 2
40 2
40 2
40 2
72 0
40 6
72 1
38 4
35 4
72 6
43 2
43 2
43 2
43 2
43 6
72 1
42 4
38 4
36 14
42 4
40 2
36 2
43 2
72 1
42 6
72 1
40 2
36 2
43 4
42 2
38 2
47 4
45 2
72 0
41 2
48 2
72 2
47 7
45 2
41 2
45 2
47 2
48 2
50 2
52 4
50 2
47 2
72 0
48 4
47 2
43 2
45 2
47 2
72 0
45 2
43 2
40 4
48 2
50 2
72 0
52 4
50 2
47 2
48 4
47 2
43 2
45 2
47 2
45 2
72 0
43 2
40 4
52 2
54 2
55 4
54 2
50 2
52 4
52 2
72 0
54 2
55 4
57 2
55 2
54 2
55 2
54 2
50 2
52 14
72 13
36 2
72 3
31 2
72 1
30 12
30 4
29 2
31 2
33 2
72 2
35 2
72 2
36 4
38 5
72 0
40 4
41 2
72 3
36 2
41 2
43 13
45 2
E
S
H
72 7
41 4
40 2
72 0
36 2
38 11
38 4
38 2
40 2
42 4
72 0
43 4
45 5
47 5
48 5
47 7
45 4
44 2
42 2
44 12
72 13
28 2
72 2
24 2
72 2
26 12
72 2
21 2
23 2
72 0
24 2
72 1
26 2
72 2
28 4
29 5
31 4
72 1
36 2
72 0
29 2
36 2
35 13
36 2
72 2
31 2
30 12
72 4
29 2
31 2
33 2
72 1
35 2
72 0
36 5
38 4
72 0
40 4
41 4
40 2
38 2
37 13
72 14
72 0
33 2
33 2
33 2
33 2
72 0
33 2
33 2
33 2
33 2
33 2
72 2
35 6
31 4
36 2
36 2
36 2
36 2
36 2
72 0
36 2
36 2
36 2
36 2
72 0
38 6
72 1
33 4
29 14
31 2
31 2
31 2
72 0
31 2
31 2
31 2
31 2
31 2
31 2
72 1
33 6
72 1
29 4
72 0
26 4
22 4
24 4
26 4
26 4
72 0
29 4
31 4
33 4
34 14
33 2
33 2
33 2
33 2
33 2
33 2
33 2
33 2
72 0
33 2
72 1
35 6
72 1
31 4
36 2
36 2
36 2
36 2
72 0
36 2
36 2
36 2
36 2
36 2
72 2
38 6
33 4
29 14
36 4
33 2
30 2
40 2
72 1
38 2
72 2
36 4
33 2
30 2
40 4
38 2
33 2
38 4
36 2
72 0
33 2
41 2
72 2
43 7
38 2
35 2
36 2
38 2
40 2
41 2
43 4
41 4
72 0
40 4
72 4
36 4
35 4
36 4
72 4
43 4
41 4
40 4
72 4
36 4
35 4
36 4
45 4
47 4
45 4
43 4
42 4
72 0
40 6
38 4
45 4
44 14
72 13
28 2
72 3
24 2
72 1
26 12
72 4
21 2
23 2
24 2
72 2
26 2
72 2
28 4
29 5
72 0
31 4
36 2
72 3
29 2
36 2
35 13
36 2
E
S
L
72 10
52 2
72 3
50 2
72 0
47 2
48 2
72 3
47 2
43 2
48 4
47 2
43 2
45 4
72 0
43 2
40 2
42 4
72 0
45 4
50 4
52 4
54 4
47 4
52 12
218 6
72 14
72 13
21 4
72 4
21 4
72 3
21 4
72 13
21 4
72 3
21 4
72 4
21 4
72 13
21 4
72 3
21 4
72 3
21 4
218 12
72 0
218 12
218 10
218 10
218 12
72 6
72 4
9 2
9 2
72 0
9 4
72 8
9 2
9 2
9 4
72 4
9 2
9 2
9 4
72 8
9 2
9 2
9 4
72 4
9 2
9 2
9 4
72 8
9 2
9 2
9 4
72 4
9 2
9 2
9 4
72 8
9 2
9 2
9 4
72 2
9 2
72 0
9 2
9 4
72 8
9 2
9 2
9 4
72 3
9 2
9 2
9 4
72 8
9 2
9 2
9 4
72 2
17 2
17 2
22 4
17 2
22 2
17 2
26 4
21 2
26 2
21 2
29 4
28 2
29 2
28 2
34 4
29 4
38 12
72 4
47 2
48 2
72 2
47 2
72 0
48 2
72 4
47 2
48 2
47 2
72 0
45 2
47 2
48 2
72 4
50 2
72 0
52 2
72 0
50 2
54 2
55 2
57 2
55 2
54 2
52 2
54 2
52 2
72 0
50 2
48 14
72 14
72 7
4 10
4 10
4 10
4 6
218 6
72 14
72 13
21 4
72 3
21 4
72 4
21 4
72 13
21 4
72 3
21 4
E
S
L
72 10
48 2
72 3
47 2
72 0
43 2
45 2
72 3
43 2
40 2
57 4
55 2
52 2
53 4
72 0
52 2
48 2
50 4
72 0
52 4
54 4
55 4
57 4
54 4
59 12
33 6
72 14
33 2
33 2
33 2
72 0
33 2
33 2
33 2
33 2
33 2
33 2
72 3
33 6
33 2
72 2
33 2
33 2
72 2
72 0
9 2
72 1
9 4
9 2
72 1
9 4
9 2
72 2
9 4
33 2
33 2
33 2
33 2
33 2
33 2
33 2
33 2
33 2
72 0
35 6
72 2
31 2
72 0
33 2
72 1
28 2
72 2
9 2
72 1
9 4
72 0
9 2
9 4
9 2
72 2
9 4
33 2
33 2
72 0
33 2
33 2
33 2
33 2
33 2
33 2
72 0
33 2
72 0
36 6
72 2
33 2
72 0
34 2
72 1
29 2
72 2
34 2
72 1
36 2
72 0
38 2
72 2
41 2
72 2
46 2
72 0
50 2
72 1
52 14
72 14
72 1
41 2
53 0
53 2
53 4
72 0
53 6
72 1
41 2
53 0
53 2
72 0
53 4
53 6
72 2
41 2
53 0
53 2
53 4
53 6
72 1
41 2
53 0
53 2
53 4
53 6
72 13
72 4
34 2
34 2
41 4
34 2
41 2
34 2
46 4
41 2
46 2
41 2
50 4
46 2
50 2
46 2
53 4
52 2
53 2
52 2
50 12
72 3
47 2
48 2
72 2
47 2
48 2
72 4
47 2
48 2
47 2
45 2
72 0
47 2
48 2
72 4
50 2
52 2
72 3
50 2
52 2
57 2
59 2
60 2
59 2
57 2
55 2
57 2
55 2
72 0
54 2
52 14
72 12
72 12
36 2
43 2
48 2
50 2
48 2
47 2
72 0
45 2
47 2
45 2
43 2
41 2
43 2
72 0
41 2
38 2
31 2
36 2
40 2
43 2
72 0
48 2
50 2
48 2
47 2
45 2
47 2
45 2
43 2
41 2
43 2
41 2
72 0
38 2
31 2
36 2
43 2
47 2
52 2
72 0
54 2
52 2
50 2
48 2
50 2
48 2
72 0
47 2
48 2
50 2
48 2
47 2
45 2
47 2
45 2
42 2
16 12
72 0
16 12
33 6
72 14
72 0
33 2
33 2
33 2
33 2
72 0
33 2
33 2
33 2
33 2
33 2
72 2
33 6
33 2
72 2
33 2
72 1
33 2
72 0
9 2
72 2
9 4
9 2
72 0
9 4
9 2
72 2
9 4
33 2
72 0
33 2
33 2
33 2
33 2
33 2
33 2
33 2
33 2
35 6
72 2
31 2
72 2
33 2
72 1
28 2
72 0
9 2
72 2
9 4
9 2
72 0
9 4
9 2
E
S
L
33 12
31 7
33 7
35 7
33 7
31 7
30 7
35 12
72 6
9 2
72 2
9 2
72 1
9 2
72 3
9 2
9 2
72 2
9 2
72 2
9 2
72 4
9 2
72 1
9 2
72 2
9 2
72 1
9 2
72 0
9 2
72 2
9 2
72 2
9 2
72 4
9 2
72 2
9 2
72 1
9 2
72 3
9 2
9 2
72 2
9 2
72 2
9 2
72 4
9 2
72 1
9 2
72 2
9 2
72 1
9 2
72 0
9 2
72 2
9 2
72 2
9 2
72 4
9 2
72 2
9 2
72 1
9 2
72 0
9 2
72 2
9 2
72 2
9 2
72 0
9 2
72 5
9 2
72 1
9 2
72 3
9 2
9 2
72 2
9 2
72 2
9 2
9 2
72 6
9 2
72 2
9 2
72 1
9 2
72 0
9 2
72 2
9 2
72 2
9 2
72 0
9 2
72 5
9 2
72 1
9 2
72 0
9 2
72 2
9 2
72 2
9 2
72 0
9 2
72 1
9 2
72 5
9 2
72 3
9 2
9 2
72 2
9 2
72 2
9 2
9 2
72 3
9 2
72 5
9 2
72 1
9 2
72 0
9 2
72 2
9 2
72 2
9 2
72 0
9 2
72 1
9 2
72 5
9 2
72 0
9 2
72 2
9 2
72 2
9 2
72 0
9 2
72 1
9 2
72 2
9 2
72 6
9 2
9 2
72 2
9 2
72 2
9 2
9 2
72 3
9 2
72 1
9 4
9 2
9 2
72 0
9 4
9 4
9 4
9 4
9 2
9 2
9 4
9 4
9 2
9 2
9 4
9 4
9 4
9 4
9 2
9 2
9 4
9 4
72 0
9 2
9 2
9 4
9 4
9 4
9 4
72 0
9 2
9 2
9 4
9 4
9 2
9 2
9 4
9 4
9 4
9 4
9 2
9 2
9 4
9 4
9 2
72 0
9 2
9 4
9 4
9 4
9 4
9 2
9 2
9 4
72 0
9 4
9 2
9 2
9 4
9 4
9 4
72 0
9 4
9 2
9 2
9 4
9 4
9 2
9 2
9 4
9 4
9 4
9 4
9 2
9 2
9 4
9 4
9 2
9 2
9 4
9 4
9 4
9 4
9 2
72 0
9 2
9 4
9 4
9 2
9 2
9 4
9 4
72 0
9 4
9 4
9 2
9 2
72 0
9 4
9 4
9 2
9 2
72 0
9 4
9 4
9 4
9 4
9 2
9 2
9 4
9 4
9 2
9 2
9 4
9 4
9 4
9 4
72 0
9 2
9 2
9 4
9 4
9 2
9 2
9 4
72 0
9 4
9 4
9 4
9 2
9 2
9 4
9 4
72 6
9 4
9 4
72 6
9 4
9 4
72 6
9 4
72 4
9 4
72 2
7 4
72 2
7 4
72 0
9 4
72 6
7 4
12 4
72 6
7 4
9 4
72 6
7 4
12 4
72 6
11 4
12 4
72 6
9 4
72 4
11 4
16 12
72 0
16 12
72 6
9 2
72 0
9 2
72 2
9 2
72 2
9 2
72 0
9 2
72 1
9 2
72 2
9 2
72 6
9 2
9 2
72 2
9 2
72 2
9 2
9 2
72 3
9 2
72 1
9 2
72 5
9 2
72 0
9 2
72 2
9 2
72 2
9 2
72 0
9 2
72 1
9 2
72 2
9 2
72 4
9 2
72 2
9 2
72 2
9 2
72 0
9 2
72 1
9 2
72 2
9 2
72 1
9 2
72 4
9 2
72 2
9 2
72 2
9 2
9 2
72 3
9 2
72 1
9 2
72 2
9 2
72 4
9 2
72 2
9 2
72 2
9 2
72 0
9 2
72 1
9 2
E
S
L
72 3
45 2
72 1
43 2
40 2
72 0
48 2
72 1
47 2
43 2
52 2
72 2
50 2
47 2
48 2
72 1
47 0
72 0
17 7
16 7
14 7
12 7
11 7
16 12
9 2
9 2
9 2
9 2
9 2
9 2
72 0
9 2
9 2
9 2
72 2
9 2
72 1
9 2
72 0
9 2
72 2
9 2
9 2
72 0
9 2
9 2
9 2
9 2
9 2
9 2
9 2
72 1
9 2
72 0
9 2
72 2
9 2
72 2
9 2
9 2
9 2
72 0
9 2
9 2
9 2
9 2
9 2
9 2
72 3
9 2
9 2
72 2
9 2
72 2
9 2
9 2
9 2
9 2
72 0
9 2
9 2
9 2
9 2
9 2
72 1
9 2
72 0
9 2
72 2
9 2
72 2
9 2
9 2
9 2
9 2
9 2
9 2
9 2
9 2
9 2
72 0
9 2
72 2
9 2
72 2
9 2
72 0
9 2
72 0
9 2
9 2
9 2
9 2
9 2
9 2
72 0
9 2
9 2
9 2
72 2
9 2
72 2
9 2
9 2
9 2
72 0
9 2
9 2
9 2
9 2
9 2
9 2
72 0
9 2
72 0
9 2
72 2
9 2
72 2
9 2
72 0
9 2
9 2
9 2
9 2
9 2
9 2
9 2
9 2
9 2
72 2
9 2
72 2
9 2
72 0
9 2
72 1
9 6
72 1
9 7
9 6
72 2
9 6
72 0
9 6
72 1
9 6
9 6
72 2
9 6
9 6
72 1
9 6
72 0
9 6
72 0
9 6
72 1
9 7
9 6
9 6
9 6
72 4
9 3
9 3
9 3
9 2
9 3
72 11
9 3
9 2
9 3
9 3
9 2
72 11
9 3
9 3
9 2
9 3
72 1
9 3
72 11
9 2
9 3
9 3
9 2
72 0
9 3
72 11
9 3
9 2
9 3
9 3
9 2
72 11
9 3
9 3
9 2
9 3
9 3
72 11
9 2
9 3
9 3
9 2
9 3
72 11
9 3
9 2
72 0
9 3
9 3
9 2
72 11
9 3
72 1
9 3
9 2
9 3
9 3
72 11
9 2
72 0
9 3
9 3
9 2
9 3
72 11
9 3
9 2
72 0
9 3
9 3
9 2
72 11
9 3
9 3
9 2
72 2
9 3
9 3
72 11
9 2
9 3
72 8
9 3
9 2
72 8
9 3
9 2
72 7
9 2
72 3
9 2
9 2
7 2
72 2
7 2
7 2
12 4
7 4
72 0
9 4
72 4
5 4
7 4
12 4
72 4
12 4
7 4
9 4
72 4
5 4
7 4
12 4
11 4
16 4
11 4
12 4
72 4
9 6
11 6
4 12
72 0
4 12
9 2
9 2
9 2
9 2
9 2
9 2
9 2
72 0
9 2
9 2
72 2
9 2
72 0
9 2
72 1
9 2
72 2
9 2
9 2
9 2
72 0
9 2
9 2
9 2
9 2
9 2
9 2
72 2
9 2
9 2
72 3
9 2
72 1
9 2
9 2
9 2
9 2
72 0
9 2
9 2
9 2
9 2
9 2
72 2
9 2
72 0
9 2
72 1
9 2
72 2
9 2
9 2
9 2
9 2
9 2
72 0
9 2
9 2
9 2
9 2
72 0
9 2
72 1
9 2
72 2
9 2
72 1
9 2
72 0
9 2
9 2
9 2
9 2
9 2
9 2
9 2
9 2
9 2
72 3
9 2
72 1
9 2
72 2
9 2
9 2
72 0
9 2
9 2
9 2
9 2
9 2
9 2
72 0
9 2
72 0
9 2
72 1
9 2
E
X
