minor
S
L
14 2
14 2
14 2
14 2
26 4
14 2
14 2
14 4
26 4
14 2
14 2
26 4
14 2
14 2
14 2
14 2
26 4
14 2
14 2
14 4
26 4
14 2
14 2
26 4
14 2
14 2
14 2
14 2
26 4
14 2
14 2
14 4
26 4
14 2
14 2
26 4
14 2
14 2
14 2
14 2
26 4
14 2
14 2
14 4
26 4
14 2
14 2
26 4
14 2
14 2
14 2
14 2
26 4
14 2
14 2
14 4
26 4
14 2
14 2
26 4
14 2
14 2
14 2
14 2
26 4
14 2
14 2
14 4
26 4
14 2
14 2
26 4
14 2
14 2
14 2
14 2
26 4
14 2
14 2
14 4
26 4
14 2
14 2
26 4
14 2
14 2
14 2
14 2
26 4
14 2
14 2
14 4
26 4
14 2
14 2
26 4
14 2
14 2
14 2
14 2
26 4
14 2
14 2
14 4
26 4
14 2
14 2
26 4
14 2
14 2
14 2
14 2
26 4
14 2
14 2
14 4
26 4
14 2
14 2
26 4
14 2
14 2
14 2
14 2
26 4
14 2
14 2
14 4
26 4
14 2
14 2
26 4
14 2
14 2
14 2
14 2
26 4
14 2
14 2
14 4
26 4
14 2
14 2
26 4
14 2
14 2
14 2
14 2
26 4
14 2
14 2
14 4
26 4
14 2
14 2
26 4
14 2
14 2
14 2
14 2
26 4
14 2
14 2
14 4
26 4
14 2
14 2
26 4
14 2
14 2
14 2
14 2
26 4
14 2
14 2
14 4
26 4
14 2
14 2
26 4
14 2
14 2
14 2
14 2
26 4
14 2
14 2
14 4
26 4
14 2
14 2
26 4
14 2
14 2
14 2
14 2
26 4
14 2
14 2
14 4
26 4
14 2
14 2
26 4
14 2
14 2
14 2
14 2
26 4
14 2
14 2
14 4
26 4
14 2
14 2
26 4
14 2
14 2
14 2
14 2
26 4
14 2
14 2
14 4
26 4
14 2
14 2
26 4
14 2
14 2
14 2
14 2
26 4
14 2
14 2
14 4
26 4
14 2
14 2
26 4
14 2
14 2
14 2
14 2
26 4
14 2
14 2
14 4
26 4
14 2
14 2
26 4
14 2
14 2
14 2
14 2
26 4
14 2
14 2
14 4
26 4
14 2
14 2
26 4
14 2
14 2
14 2
14 2
26 4
14 2
14 2
14 4
26 4
14 2
14 2
26 4
14 2
14 2
14 2
14 2
26 4
14 2
14 2
14 4
26 4
14 2
14 2
26 4
12 2
12 2
12 2
12 2
24 4
12 2
12 2
12 4
24 4
12 2
12 2
24 4
12 2
12 2
12 2
12 2
24 4
12 2
12 2
12 4
24 4
12 2
12 2
24 4
12 2
12 2
12 2
12 2
24 4
12 2
12 2
12 4
24 4
12 2
12 2
24 4
12 2
12 2
12 2
12 2
24 4
12 2
12 2
12 4
24 4
12 2
12 2
24 4
14 2
14 2
14 2
14 2
26 4
14 2
14 2
14 4
26 4
14 2
14 2
26 4
14 2
14 2
14 2
14 2
26 4
14 2
14 2
14 4
26 4
14 2
14 2
26 4
14 2
14 2
14 2
14 2
26 4
14 2
14 2
14 4
26 4
14 2
14 2
26 4
14 2
14 2
14 2
14 2
26 4
14 2
14 2
14 4
26 4
14 2
14 2
26 4
14 2
14 2
14 2
14 2
26 4
14 2
14 2
14 4
26 4
14 2
14 2
26 4
14 2
14 2
14 2
14 2
26 4
14 2
14 2
14 4
26 4
14 2
14 2
26 4
14 2
14 2
14 2
14 2
26 4
14 2
14 2
14 4
26 4
14 2
14 2
26 4
14 2
14 2
14 2
14 2
26 4
14 2
14 2
14 4
26 4
14 2
14 2
26 4
14 2
14 2
14 2
14 2
26 4
14 2
14 2
14 4
26 4
14 2
14 2
26 4
14 2
14 2
14 2
14 2
26 4
14 2
14 2
14 4
26 4
14 2
14 2
26 4
14 2
14 2
14 2
14 2
26 4
14 2
14 2
14 4
26 4
14 2
14 2
26 4
14 2
14 2
14 2
14 2
26 4
14 2
14 2
14 4
26 4
14 2
14 2
26 4
14 2
14 2
14 2
14 2
26 4
14 2
14 2
14 4
26 4
14 2
14 2
26 4
14 2
14 2
14 2
14 2
26 4
14 2
14 2
14 4
26 4
14 2
14 2
26 4
14 2
14 2
14 2
14 2
26 4
14 2
14 2
14 4
26 4
14 2
14 2
26 4
14 2
14 2
14 2
14 2
26 4
14 2
14 2
14 4
26 4
14 2
14 2
26 4
14 2
14 2
14 2
14 2
26 4
14 2
14 2
14 4
26 4
14 2
14 2
26 4
14 2
14 2
14 2
14 2
26 4
14 2
14 2
14 4
26 4
14 2
14 2
26 4
14 2
14 2
14 2
14 2
26 4
14 2
14 2
14 4
26 4
14 2
14 2
26 4
14 2
14 2
14 2
14 2
26 4
14 2
14 2
14 4
26 4
14 2
14 2
26 4
14 2
14 2
14 2
14 2
26 4
14 2
14 2
14 4
26 4
14 2
14 2
26 4
12 2
12 2
12 2
12 2
24 4
12 2
12 2
12 4
24 4
12 2
12 2
24 4
12 2
12 2
12 2
12 2
24 4
12 2
12 2
12 4
24 4
12 2
12 2
24 4
12 2
12 2
12 2
12 2
24 4
12 2
12 2
12 4
24 4
12 2
12 2
24 4
12 2
12 2
12 2
12 2
24 4
12 2
12 2
12 4
24 4
12 2
12 2
24 4
14 2
14 2
14 2
14 2
26 4
14 2
14 2
14 4
26 4
14 2
14 2
26 4
14 2
14 2
14 2
14 2
26 4
14 2
14 2
14 4
26 4
14 2
14 2
26 4
14 2
14 2
14 2
14 2
26 4
14 2
14 2
14 4
26 4
14 2
14 2
26 4
14 2
14 2
14 2
14 2
26 4
14 2
14 2
14 4
26 4
14 2
14 2
26 4
14 2
14 2
14 2
14 2
26 4
14 2
14 2
14 4
26 4
14 2
14 2
26 4
E
S
H
52 14
50 14
52 14
50 14
72 11
62 4
57 4
55 4
53 4
55 4
57 4
50 4
72 12
36 11
50 2
50 2
50 2
57 2
72 11
62 4
57 4
55 4
53 4
55 4
57 4
60 6
72 6
58 4
72 4
46 9
45 4
72 4
57 4
72 7
45 9
17 4
14 4
72 12
62 2
64 2
62 2
64 2
65 7
72 12
62 4
57 4
55 4
53 4
55 4
57 4
50 4
72 12
36 11
50 2
50 2
50 2
57 2
72 11
62 4
57 4
55 4
53 4
55 4
57 4
60 6
72 6
58 4
72 4
46 9
45 4
72 4
57 4
72 7
45 9
53 4
50 13
53 11
55 2
57 2
58 2
60 2
62 2
64 2
65 4
64 4
60 4
55 13
52 2
53 2
52 6
48 6
43 7
41 7
40 7
43 11
52 4
50 7
53 4
57 4
53 4
62 4
55 4
59 4
50 7
53 4
57 4
53 4
62 4
55 4
59 4
50 7
53 4
57 4
53 4
62 4
55 4
59 4
57 14
62 4
57 4
55 4
53 4
55 4
57 4
50 4
72 12
36 11
50 2
50 2
50 2
57 2
72 11
62 4
57 4
55 4
53 4
55 4
57 4
60 6
72 6
58 4
72 4
46 9
45 4
72 4
57 4
72 7
45 9
17 4
14 4
72 12
62 2
64 2
62 2
64 2
65 7
72 12
62 4
57 4
55 4
53 4
55 4
57 4
50 4
72 12
36 11
50 2
50 2
50 2
57 2
72 11
62 4
57 4
55 4
53 4
55 4
57 4
60 6
72 6
58 4
72 4
46 9
45 4
72 4
57 4
72 7
45 9
53 4
50 13
53 11
55 2
57 2
58 2
60 2
62 2
64 2
65 4
64 4
60 4
55 13
52 2
53 2
52 6
48 6
43 7
41 7
40 7
43 11
52 4
50 7
53 4
57 4
53 4
62 4
55 4
59 4
50 7
53 4
57 4
53 4
62 4
55 4
59 4
50 7
53 4
57 4
53 4
62 4
55 4
59 4
57 14
E
S
H
72 7
50 4
45 7
50 9
72 7
50 4
45 7
50 9
72 7
50 4
45 7
50 9
72 7
50 4
45 7
50 9
72 7
50 4
45 7
50 9
72 7
50 4
45 7
50 9
72 7
50 4
45 7
50 9
72 7
50 4
45 7
50 9
72 7
65 7
72 4
57 7
65 7
72 4
64 7
72 4
62 7
64 7
72 4
65 7
72 4
57 7
65 7
72 4
62 7
72 4
60 7
62 7
72 4
62 7
72 4
65 7
57 7
72 4
67 7
72 4
64 7
65 7
72 4
62 7
72 4
60 7
62 7
72 4
62 7
72 4
60 7
62 7
72 4
65 7
72 4
57 7
65 7
72 4
64 7
72 4
62 7
64 7
72 4
65 7
72 4
57 7
65 7
72 4
62 7
72 4
60 7
62 7
72 4
62 7
72 4
64 7
57 7
72 4
67 7
72 4
64 7
65 7
65 2
64 2
65 2
64 2
65 2
62 2
65 2
64 2
65 2
64 2
65 2
64 2
65 2
62 2
65 2
64 2
65 2
64 2
65 2
64 2
65 2
62 2
65 2
64 2
55 2
57 2
58 2
60 2
62 2
67 2
64 14
60 4
64 4
65 4
64 4
67 4
64 4
65 4
64 4
60 4
64 4
65 4
64 4
67 4
65 4
52 4
38 7
41 4
45 4
41 4
50 4
43 4
47 4
38 7
41 4
45 4
41 4
50 4
43 4
47 4
38 7
41 4
45 4
41 4
50 4
43 4
47 4
33 4
21 2
21 2
21 2
21 2
21 2
21 2
21 2
21 2
21 2
21 2
21 2
21 2
21 2
21 2
21 2
21 2
72 13
65 7
72 4
57 7
65 7
72 4
64 7
72 4
62 7
64 7
72 4
65 7
72 4
57 7
65 7
72 4
62 7
72 4
60 7
62 7
72 4
62 7
72 4
65 7
57 7
72 4
67 7
72 4
64 7
65 7
72 4
62 7
72 4
60 7
62 7
72 4
62 7
72 4
60 7
62 7
72 4
65 7
72 4
57 7
65 7
72 4
64 7
72 4
62 7
64 7
72 4
65 7
72 4
57 7
65 7
72 4
62 7
72 4
60 7
62 7
72 4
62 7
72 4
64 7
57 7
72 4
67 7
72 4
64 7
65 7
65 2
64 2
65 2
64 2
65 2
62 2
65 2
64 2
65 2
64 2
65 2
64 2
65 2
62 2
65 2
64 2
65 2
64 2
65 2
64 2
65 2
62 2
65 2
64 2
55 2
57 2
58 2
60 2
62 2
67 2
64 14
60 4
64 4
65 4
64 4
67 4
64 4
65 4
64 4
60 4
64 4
65 4
64 4
67 4
65 4
52 4
38 7
41 4
45 4
41 4
50 4
43 4
47 4
38 7
41 4
45 4
41 4
50 4
43 4
47 4
38 7
41 4
45 4
41 4
50 4
43 4
47 4
33 4
21 2
21 2
21 2
21 2
21 2
21 2
21 2
21 2
21 2
21 2
21 2
21 2
21 2
21 2
21 2
21 2
E
X
