minor
S
H
52 2
50 2
48 2
47 2
45 2
47 2
48 2
50 2
52 2
50 2
48 2
47 2
53 2
52 2
53 2
52 2
53 2
53 2
55 2
57 2
58 2
59 2
60 2
61 2
60 2
59 2
58 2
59 2
60 2
62 2
63 2
64 2
64 2
65 2
64 2
63 2
64 2
65 2
64 2
63 2
64 2
65 2
64 2
63 2
64 4
72 4
50 11
53 9
52 2
50 2
48 11
47 11
72 11
45 2
47 2
48 2
47 2
45 2
47 2
48 2
50 2
52 2
50 2
48 2
47 2
45 2
47 2
48 2
50 2
52 2
50 2
48 2
47 2
53 2
52 2
53 2
52 2
53 2
53 2
55 2
57 2
58 2
59 2
60 2
61 2
60 2
59 2
58 2
59 2
60 2
62 2
63 2
64 2
64 2
65 2
64 2
63 2
64 2
65 2
64 2
63 2
64 2
65 2
64 2
63 2
64 4
72 4
50 11
53 9
52 2
50 2
48 11
47 11
72 11
45 2
47 2
48 2
47 2
45 2
47 2
48 2
50 2
52 2
50 2
48 2
47 2
45 2
47 2
48 2
50 2
52 2
50 2
48 2
47 2
53 2
52 2
53 2
52 2
E
S
L
167 2
72 6
155 2
72 6
167 2
72 6
155 2
72 6
167 2
72 6
155 2
72 6
167 2
72 6
155 2
72 6
167 2
72 6
155 2
72 6
167 2
72 6
155 2
72 6
167 2
72 6
155 2
72 6
167 2
72 6
155 2
72 6
935 2
72 6
791 2
72 6
935 2
72 6
791 2
72 12
167 2
72 6
155 2
72 6
167 2
72 6
155 2
72 6
167 2
72 6
155 2
72 6
167 2
72 6
155 2
72 6
167 2
72 6
155 2
72 6
167 2
72 6
155 2
72 6
167 2
72 6
155 2
72 6
167 2
72 6
155 2
72 6
167 2
72 6
155 2
72 6
935 2
72 6
791 2
72 6
935 2
72 6
791 2
72 12
167 2
72 6
155 2
72 6
167 2
72 6
155 2
72 6
167 2
72 6
155 2
E
X
