minor
S
H
61 2
72 2
61 2
72 2
69 2
68 2
37 2
72 2
37 2
72 2
45 2
44 2
49 2
72 2
49 2
72 2
57 2
56 2
61 2
72 2
61 2
72 2
69 2
68 2
49 2
72 2
49 2
72 2
57 2
56 2
61 2
72 2
61 2
72 2
69 2
68 2
49 2
72 2
49 2
72 2
57 2
56 2
49 2
72 2
49 2
72 2
57 2
56 2
49 2
72 2
49 2
72 2
57 2
56 2
49 2
72 2
49 2
72 2
57 2
56 2
49 2
72 2
49 2
72 2
57 2
56 2
49 2
72 2
49 2
72 2
57 2
56 2
49 2
72 2
49 2
72 2
57 2
56 2
49 2
72 2
49 2
72 2
57 2
56 2
49 2
72 2
49 2
72 2
57 2
56 2
49 2
72 2
49 2
72 2
57 2
56 2
50 2
72 2
50 2
72 2
58 2
57 2
50 2
72 2
50 2
72 2
58 2
57 2
50 2
72 2
50 2
72 2
58 2
57 2
50 2
72 2
50 2
72 2
58 2
57 2
50 2
72 2
50 2
72 2
58 2
57 2
50 2
72 2
50 2
72 2
58 2
57 2
50 2
72 2
50 2
72 2
58 2
57 2
50 2
72 2
50 2
72 2
58 2
57 2
50 2
72 2
50 2
72 2
58 2
57 2
50 2
72 2
50 2
72 2
58 2
57 2
50 2
72 2
50 2
72 2
58 2
57 2
50 2
72 2
50 2
72 2
58 2
57 2
49 2
72 2
49 2
72 2
57 2
56 2
49 2
72 2
49 2
72 2
57 2
56 2
49 2
72 2
49 2
72 2
57 2
56 2
49 2
72 2
49 2
72 2
57 2
56 2
49 2
72 2
49 2
72 2
57 2
56 2
49 2
72 2
49 2
72 2
57 2
56 2
49 2
72 2
49 2
72 2
57 2
56 2
49 2
72 2
49 2
72 2
57 2
56 2
49 2
72 2
49 2
72 2
57 2
56 2
49 2
72 2
49 2
72 2
57 2
56 2
49 2
72 2
49 2
72 2
57 2
56 2
49 2
72 2
49 2
72 2
57 2
56 2
50 2
72 2
50 2
72 2
58 2
57 2
50 2
72 2
50 2
72 2
58 2
57 2
50 2
72 2
50 2
72 2
58 2
57 2
50 2
72 2
50 2
72 2
58 2
57 2
50 2
72 2
50 2
72 2
58 2
57 2
50 2
72 2
50 2
72 2
58 2
57 2
50 2
72 2
50 2
72 2
58 2
57 2
50 2
72 2
50 2
72 2
58 2
57 2
50 2
72 2
50 2
72 2
58 2
57 2
50 2
72 2
50 2
72 2
58 2
57 2
50 2
72 2
50 2
72 2
58 2
57 2
50 2
72 2
50 2
72 2
58 2
57 2
50 2
72 2
50 2
72 2
58 2
57 2
50 2
72 2
50 2
72 2
58 2
57 2
50 2
72 2
50 2
72 2
58 2
57 2
50 2
72 2
50 2
72 2
58 2
57 2
50 2
72 2
50 2
72 2
58 2
57 2
50 2
72 2
50 2
72 2
58 2
57 2
50 2
72 2
50 2
72 2
58 2
57 2
50 2
72 2
50 2
72 2
58 2
57 2
50 2
72 2
50 2
72 2
58 2
57 2
50 2
72 2
50 2
72 2
58 2
57 2
50 2
72 2
50 2
72 2
58 2
57 2
50 2
72 2
50 2
72 2
58 2
57 2
55 2
62 2
54 2
61 2
53 2
60 2
52 2
59 2
51 2
58 2
50 2
57 2
49 2
56 2
48 2
55 2
47 2
54 2
46 2
53 2
45 2
52 2
44 2
51 2
49 2
72 2
49 2
72 2
57 2
56 2
49 2
72 2
49 2
72 2
57 2
56 2
49 2
72 2
49 2
72 2
57 2
56 2
49 2
72 2
49 2
72 2
57 2
56 2
49 2
72 2
49 2
72 2
57 2
56 2
49 2
72 2
49 2
72 2
57 2
56 2
49 2
72 2
49 2
72 2
57 2
56 2
49 2
72 2
49 2
72 2
57 2
56 2
49 2
72 2
49 2
72 2
57 2
56 2
49 2
72 2
49 2
72 2
57 2
56 2
49 2
72 2
49 2
72 2
57 2
56 2
49 2
72 2
49 2
72 2
57 2
56 2
50 2
72 2
50 2
72 2
58 2
57 2
50 2
72 2
50 2
72 2
58 2
57 2
50 2
72 2
50 2
72 2
58 2
57 2
50 2
72 2
50 2
72 2
58 2
57 2
50 2
72 2
50 2
72 2
58 2
57 2
50 2
72 2
50 2
72 2
58 2
57 2
50 2
72 2
50 2
72 2
58 2
57 2
50 2
72 2
50 2
72 2
58 2
57 2
50 2
72 2
50 2
72 2
58 2
57 2
50 2
72 2
50 2
72 2
58 2
57 2
50 2
72 2
50 2
72 2
58 2
57 2
50 2
72 2
50 2
72 2
58 2
57 2
50 2
72 2
50 2
72 2
58 2
57 2
50 2
72 2
50 2
72 2
58 2
57 2
50 2
72 2
50 2
72 2
58 2
57 2
50 2
72 2
50 2
72 2
58 2
57 2
50 2
72 2
50 2
72 2
58 2
57 2
50 2
72 2
50 2
72 2
58 2
57 2
50 2
72 2
50 2
72 2
58 2
57 2
50 2
72 2
50 2
72 2
58 2
57 2
50 2
72 2
50 2
72 2
58 2
57 2
50 2
72 2
50 2
72 2
58 2
57 2
50 2
72 2
50 2
72 2
58 2
57 2
50 2
72 2
50 2
72 2
58 2
57 2
55 2
62 2
54 2
61 2
53 2
60 2
52 2
59 2
51 2
58 2
50 2
57 2
49 2
56 2
48 2
55 2
47 2
54 2
46 2
53 2
45 2
52 2
44 2
51 2
E
S
L
49 2
44 2
49 2
48 2
43 2
48 2
47 2
42 2
47 2
46 2
41 2
46 2
45 2
40 2
45 2
44 2
39 2
44 2
43 2
38 2
43 2
42 2
37 2
42 2
41 2
36 2
41 2
40 2
35 2
40 2
39 2
34 2
39 2
38 2
33 2
38 2
37 2
72 14
258 13
72 2
1514 4
1357 2
1828 12
1514 11
1357 2
1043 4
1514 2
1357 12
258 12
415 13
72 2
1671 4
1514 2
101 12
1671 11
1514 2
1200 4
1671 2
1514 12
415 12
140 12
101 12
127 2
72 13
140 12
192 12
127 2
72 13
258 13
72 2
1514 4
1357 2
1828 12
1514 11
1357 2
1043 4
1514 2
1357 12
258 12
415 13
72 2
1671 4
1514 2
101 12
1671 11
1514 2
1200 4
1671 2
1514 12
415 12
140 12
101 12
127 2
72 13
140 12
192 12
127 2
72 13
E
S
L
1 2
72 2
1 2
72 2
9 2
8 2
13 2
72 2
13 2
72 2
21 2
20 2
25 2
72 2
25 2
72 2
33 2
32 2
1 2
72 2
1 2
9 2
8 2
9 2
13 2
72 2
13 2
72 2
21 2
20 2
25 2
72 2
25 2
72 2
33 2
32 2
13 2
72 2
13 2
72 2
21 2
20 2
8 2
72 2
8 2
9 2
8 2
11 2
13 2
72 2
13 2
72 2
21 2
20 2
13 2
72 2
13 2
72 2
21 2
20 2
13 2
72 2
13 2
72 2
21 2
20 2
8 2
72 2
8 2
9 2
8 2
11 2
13 2
72 2
13 2
72 2
21 2
20 2
13 2
72 2
13 2
72 2
21 2
20 2
13 2
72 2
13 2
72 2
21 2
20 2
8 2
72 2
8 2
9 2
8 2
11 2
14 2
72 2
14 2
72 2
22 2
21 2
14 2
72 2
14 2
72 2
22 2
21 2
14 2
72 2
14 2
72 2
22 2
21 2
9 2
72 2
9 2
10 2
9 2
12 2
14 2
72 2
14 2
72 2
22 2
21 2
14 2
72 2
14 2
72 2
22 2
21 2
14 2
72 2
14 2
72 2
22 2
21 2
9 2
72 2
9 2
10 2
9 2
12 2
14 2
72 2
14 2
72 2
22 2
21 2
14 2
72 2
14 2
72 2
22 2
21 2
14 2
72 2
14 2
72 2
22 2
21 2
14 2
72 2
15 2
10 2
15 2
10 2
13 2
72 2
13 2
72 2
21 2
20 2
13 2
72 2
13 2
72 2
21 2
20 2
13 2
72 2
13 2
72 2
21 2
20 2
8 2
72 2
8 2
9 2
8 2
11 2
13 2
72 2
13 2
72 2
21 2
20 2
13 2
72 2
13 2
72 2
21 2
20 2
13 2
72 2
13 2
72 2
21 2
20 2
8 2
72 2
8 2
9 2
8 2
11 2
13 2
72 2
13 2
72 2
21 2
20 2
13 2
72 2
13 2
72 2
21 2
20 2
13 2
72 2
13 2
72 2
21 2
20 2
8 2
72 2
8 2
9 2
8 2
11 2
14 2
72 2
14 2
72 2
22 2
21 2
14 2
72 2
14 2
72 2
22 2
21 2
14 2
72 2
14 2
72 2
22 2
21 2
9 2
72 2
9 2
10 2
9 2
12 2
14 2
72 2
14 2
72 2
22 2
21 2
14 2
72 2
14 2
72 2
22 2
21 2
14 2
72 2
14 2
72 2
22 2
21 2
9 2
72 2
9 2
10 2
9 2
12 2
14 2
72 2
14 2
72 2
22 2
21 2
14 2
72 2
14 2
72 2
22 2
21 2
14 2
72 2
14 2
72 2
22 2
21 2
9 2
72 2
9 2
10 2
9 2
12 2
14 2
72 2
14 2
72 2
22 2
21 2
14 2
72 2
14 2
72 2
22 2
21 2
14 2
72 2
14 2
72 2
22 2
21 2
9 2
72 2
9 2
10 2
9 2
12 2
14 2
72 2
14 2
72 2
22 2
21 2
14 2
72 2
14 2
72 2
22 2
21 2
14 2
72 2
14 2
72 2
22 2
21 2
9 2
72 2
9 2
10 2
9 2
12 2
14 2
72 2
14 2
72 2
22 2
21 2
14 2
72 2
14 2
72 2
22 2
21 2
14 2
72 2
14 2
72 2
22 2
21 2
9 2
72 2
9 2
10 2
9 2
12 2
14 2
72 2
14 2
72 2
22 2
21 2
14 2
72 2
14 2
72 2
22 2
21 2
14 2
72 2
14 2
72 2
22 2
21 2
9 2
72 2
9 2
10 2
9 2
12 2
13 2
72 2
13 2
72 2
21 2
20 2
13 2
72 2
13 2
72 2
21 2
20 2
13 2
72 2
13 2
72 2
21 2
20 2
8 2
72 2
8 2
9 2
8 2
11 2
13 2
72 2
13 2
72 2
21 2
20 2
13 2
72 2
13 2
72 2
21 2
20 2
13 2
72 2
13 2
72 2
21 2
20 2
8 2
72 2
8 2
9 2
8 2
11 2
13 2
72 2
13 2
72 2
21 2
20 2
13 2
72 2
13 2
72 2
21 2
20 2
13 2
72 2
13 2
72 2
21 2
20 2
8 2
72 2
8 2
9 2
8 2
11 2
14 2
72 2
14 2
72 2
22 2
21 2
14 2
72 2
14 2
72 2
22 2
21 2
14 2
72 2
14 2
72 2
22 2
21 2
9 2
72 2
9 2
10 2
9 2
12 2
14 2
72 2
14 2
72 2
22 2
21 2
14 2
72 2
14 2
72 2
22 2
21 2
14 2
72 2
14 2
72 2
22 2
21 2
9 2
72 2
9 2
10 2
9 2
12 2
14 2
72 2
14 2
72 2
22 2
21 2
14 2
72 2
14 2
72 2
22 2
21 2
14 2
72 2
14 2
72 2
22 2
21 2
9 2
72 2
9 2
10 2
9 2
12 2
14 2
72 2
14 2
72 2
22 2
21 2
14 2
72 2
14 2
72 2
22 2
21 2
14 2
72 2
14 2
72 2
22 2
21 2
9 2
72 2
9 2
10 2
9 2
12 2
14 2
72 2
14 2
72 2
22 2
21 2
14 2
72 2
14 2
72 2
22 2
21 2
14 2
72 2
14 2
72 2
22 2
21 2
9 2
72 2
9 2
10 2
9 2
12 2
14 2
72 2
14 2
72 2
22 2
21 2
14 2
72 2
14 2
72 2
22 2
21 2
14 2
72 2
14 2
72 2
22 2
21 2
9 2
72 2
9 2
10 2
9 2
12 2
14 2
72 2
14 2
72 2
22 2
21 2
14 2
72 2
14 2
72 2
22 2
21 2
14 2
72 2
14 2
72 2
22 2
21 2
9 2
72 2
9 2
10 2
9 2
12 2
E
S
L
72 14
13 2
72 4
13 2
72 4
13 2
72 4
13 2
72 4
13 2
72 4
13 2
72 4
13 2
72 4
13 2
72 4
13 2
72 4
13 2
72 4
13 2
72 4
13 2
72 4
13 2
72 4
13 2
72 4
13 2
72 4
13 2
72 4
14 2
72 8
14 2
72 8
14 2
72 8
14 2
72 8
14 2
72 8
14 2
72 8
14 2
72 8
14 2
72 8
14 2
72 8
14 2
72 8
14 2
72 8
14 2
72 8
13 2
72 4
13 2
72 4
13 2
72 4
13 2
72 4
13 2
72 4
13 2
72 4
13 2
72 4
13 2
72 4
13 2
72 4
13 2
72 4
13 2
72 4
13 2
72 4
13 2
72 4
13 2
72 4
13 2
72 4
13 2
72 4
13 2
72 4
13 2
72 4
13 2
72 4
13 2
72 4
13 2
72 4
13 2
72 4
13 2
72 4
13 2
72 4
14 2
72 8
14 2
72 8
14 2
72 8
14 2
72 8
14 2
72 8
14 2
72 8
14 2
72 8
14 2
72 8
14 2
72 8
14 2
72 8
14 2
72 8
14 2
72 8
14 2
72 8
14 2
72 8
14 2
72 8
14 2
72 8
14 2
72 8
14 2
72 8
14 2
72 8
14 2
72 8
14 2
72 8
14 2
72 8
14 2
72 8
14 2
72 8
14 2
72 8
14 2
72 8
14 2
72 8
14 2
72 8
13 2
72 4
13 2
72 4
13 2
72 4
13 2
72 4
13 2
72 4
13 2
72 4
13 2
72 4
13 2
72 4
13 2
72 4
13 2
72 4
13 2
72 4
13 2
72 4
13 2
72 4
13 2
72 4
13 2
72 4
13 2
72 4
13 2
72 4
13 2
72 4
13 2
72 4
13 2
72 4
13 2
72 4
13 2
72 4
13 2
72 4
13 2
72 4
14 2
72 8
14 2
72 8
14 2
72 8
14 2
72 8
14 2
72 8
14 2
72 8
14 2
72 8
14 2
72 8
14 2
72 8
14 2
72 8
14 2
72 8
14 2
72 8
14 2
72 8
14 2
72 8
14 2
72 8
14 2
72 8
14 2
72 8
14 2
72 8
14 2
72 8
14 2
72 8
14 2
72 8
14 2
72 8
14 2
72 8
14 2
72 8
14 2
72 8
14 2
72 8
14 2
72 8
14 2
72 8
E
S
L
72 14
25 2
72 14
12 2
151 2
72 2
151 2
173 2
72 2
18 2
1591 2
72 4
173 2
72 2
173 2
1591 2
72 4
173 2
72 2
18 2
1591 2
18 2
72 2
173 2
72 2
173 2
151 2
72 2
151 2
173 2
72 2
18 2
1591 2
72 4
173 2
72 2
173 2
1591 2
72 4
173 2
72 2
18 2
1591 2
18 2
72 2
173 2
72 2
173 2
151 2
72 2
151 2
173 2
72 2
18 2
1591 2
72 4
173 2
72 2
173 2
1591 2
72 4
173 2
72 2
18 2
1591 2
18 2
72 2
173 2
72 2
173 2
151 2
72 2
151 2
173 2
72 2
18 2
1591 2
72 4
173 2
72 2
173 2
1591 2
72 4
173 2
72 2
18 2
1591 2
18 2
72 2
173 2
72 2
173 2
151 2
72 2
151 2
173 2
72 2
18 2
1591 2
72 4
173 2
72 2
173 2
1591 2
72 4
173 2
72 2
18 2
1591 2
18 2
72 2
173 2
72 2
173 2
151 2
72 2
151 2
173 2
72 2
18 2
1591 2
72 4
173 2
72 2
173 2
1591 2
72 4
173 2
72 2
18 2
1591 2
18 2
72 2
173 2
72 2
173 2
151 2
72 2
151 2
72 13
12 2
151 2
72 2
151 2
173 2
72 2
18 2
1591 2
72 4
173 2
72 2
173 2
1591 2
72 4
173 2
72 2
18 2
1591 2
18 2
72 2
173 2
72 2
173 2
151 2
72 2
151 2
173 2
72 2
18 2
1591 2
72 4
173 2
72 2
173 2
1591 2
72 4
173 2
72 2
18 2
1591 2
18 2
72 2
173 2
72 2
173 2
151 2
72 2
151 2
173 2
72 2
18 2
1591 2
72 4
173 2
72 2
173 2
1591 2
72 4
173 2
72 2
18 2
1591 2
18 2
72 2
173 2
72 2
173 2
151 2
72 2
151 2
173 2
72 2
18 2
1591 2
72 4
173 2
72 2
173 2
1591 2
72 4
173 2
72 2
18 2
1591 2
18 2
72 2
173 2
72 2
173 2
151 2
72 2
151 2
173 2
72 2
18 2
1591 2
72 4
173 2
72 2
173 2
1591 2
72 4
173 2
72 2
18 2
1591 2
18 2
72 2
173 2
72 2
173 2
151 2
72 2
151 2
173 2
72 2
18 2
1591 2
72 4
173 2
72 2
173 2
1591 2
72 4
173 2
72 2
18 2
1591 2
18 2
72 2
173 2
72 2
173 2
151 2
72 2
151 2
173 2
72 2
18 2
1591 2
72 4
173 2
72 2
173 2
1591 2
72 4
173 2
72 2
18 2
1591 2
18 2
72 2
173 2
72 2
173 2
151 2
72 2
151 2
173 2
72 2
18 2
1591 2
72 4
173 2
72 2
173 2
1591 2
72 4
173 2
72 2
18 2
1591 2
18 2
72 2
173 2
72 2
173 2
151 2
72 2
151 2
173 2
72 2
18 2
1591 2
72 4
173 2
72 2
173 2
1591 2
72 4
173 2
72 2
18 2
1591 2
18 2
72 2
173 2
72 2
173 2
151 2
72 2
151 2
72 13
173 2
151 2
72 2
151 2
E
X
