major
S
H
33 3
72 3
33 3
36 7
38 3
38 3
38 3
40 7
33 3
72 3
33 3
36 7
38 3
38 3
38 3
40 7
33 3
72 3
33 3
36 3
34 3
36 3
38 3
36 3
38 3
40 3
38 3
40 3
42 12
E
S
H
41 3
72 3
41 3
44 7
46 3
46 3
46 3
48 7
41 3
72 3
41 3
44 7
46 3
46 3
46 3
48 7
41 3
72 3
41 3
44 3
41 3
44 3
46 3
44 3
46 3
48 3
46 3
48 3
50 12
E
S
L
29 5
29 3
24 7
26 3
26 3
26 3
28 7
29 5
29 3
24 7
26 3
26 3
26 3
28 7
29 5
29 3
24 3
24 3
24 3
22 3
22 3
22 3
24 3
24 3
24 3
26 12
E
S
L
20 0
72 5
20 0
72 3
20 0
72 5
11 0
72 3
20 0
72 3
20 0
72 3
20 0
72 3
14 0
72 5
11 0
72 3
20 0
72 5
20 0
72 3
20 0
72 5
11 0
72 3
20 0
72 3
20 0
72 3
20 0
72 3
14 0
72 5
11 0
72 3
20 0
72 5
20 0
72 3
20 0
72 5
20 0
72 3
20 0
72 3
20 0
72 3
20 0
72 3
20 0
72 3
20 0
72 3
20 0
72 3
20 13
E
X
