major
S
L
72 4
26 4
72 2
27 4
72 2
28 9
72 4
21 2
72 2
21 2
72 2
16 2
72 2
17 2
72 2
21 2
72 2
21 2
72 2
16 2
72 2
17 2
72 2
21 2
72 2
21 2
72 2
16 2
72 2
17 2
72 2
21 2
72 4
24 2
72 4
26 2
72 2
21 2
72 2
21 2
72 2
16 2
72 2
17 2
72 2
21 2
72 2
21 2
72 2
16 2
72 2
17 2
72 2
21 2
72 2
21 2
72 2
16 2
72 2
17 2
72 2
21 2
72 4
27 2
72 4
26 2
72 2
21 2
72 2
21 2
72 2
16 2
72 2
17 2
72 2
21 2
72 2
21 2
72 2
16 2
72 2
17 2
72 2
21 2
72 2
21 2
72 2
16 2
72 2
17 2
72 2
21 2
72 4
24 2
72 4
26 2
72 2
21 2
72 2
21 2
72 2
16 2
72 2
17 2
72 2
21 2
72 2
21 2
72 2
16 2
72 2
17 2
72 2
21 2
72 2
21 2
72 2
16 2
72 2
17 2
72 2
21 2
72 4
27 2
72 4
26 2
72 2
19 2
21 2
72 2
21 2
72 4
21 2
21 2
19 2
21 2
72 2
21 2
72 4
21 2
21 2
19 2
21 2
72 2
21 2
72 4
21 2
21 2
21 2
72 4
24 2
72 4
26 2
72 2
19 2
21 2
72 2
21 2
72 4
21 2
21 2
19 2
21 2
72 2
21 2
72 4
21 2
21 2
19 2
21 2
72 2
21 2
72 4
21 2
21 2
21 2
72 4
27 2
72 4
26 2
72 2
19 2
21 2
72 2
21 2
72 4
21 2
21 2
19 2
21 2
72 2
21 2
72 4
21 2
21 2
19 2
21 2
72 2
21 2
72 4
21 2
21 2
21 2
72 4
24 2
72 4
26 2
72 2
19 2
21 2
72 2
21 2
72 4
21 2
21 2
19 2
21 2
72 2
21 2
72 4
21 2
21 2
19 2
21 2
72 2
21 2
72 4
21 2
21 2
21 2
72 4
27 2
72 4
26 2
72 2
19 2
21 2
72 2
21 2
72 4
21 2
21 2
19 2
21 2
72 2
21 2
72 4
21 2
21 2
19 2
21 2
72 2
21 2
72 4
21 2
21 2
21 2
72 4
24 2
72 4
26 2
72 2
19 2
21 2
72 2
21 2
72 4
21 2
21 2
19 2
21 2
72 2
21 2
72 4
21 2
21 2
19 2
21 2
72 2
21 2
72 4
21 2
21 2
21 2
72 4
27 2
72 4
26 2
72 2
19 2
21 2
72 2
21 2
72 4
21 2
21 2
19 2
21 2
72 2
21 2
72 4
21 2
21 2
19 2
21 2
72 2
21 2
72 4
21 2
21 2
21 2
72 4
24 2
72 4
26 2
72 2
19 2
21 2
72 2
21 2
72 4
21 2
21 2
19 2
21 2
72 2
21 2
72 4
21 2
21 2
19 2
21 2
72 2
21 2
72 4
21 2
21 2
21 2
72 4
27 2
72 4
26 2
72 2
21 7
21 6
21 2
72 2
21 2
72 4
21 4
19 4
18 7
18 6
18 2
72 2
18 2
18 4
19 4
18 2
19 2
21 7
21 6
21 2
72 2
21 2
72 4
21 4
19 4
18 7
18 6
18 2
72 2
18 2
26 2
18 2
24 2
23 2
24 2
26 2
21 7
21 6
21 2
72 2
21 2
72 4
21 4
19 4
18 7
18 6
18 2
72 2
18 2
18 4
19 4
18 2
19 2
21 7
21 6
21 2
72 2
21 2
72 4
21 4
19 4
18 7
18 6
18 2
72 2
18 2
26 2
18 2
24 2
23 2
24 2
26 2
21 2
72 2
21 2
72 2
16 2
72 2
17 2
72 2
21 2
72 2
21 2
72 2
16 2
72 2
17 2
72 2
21 2
72 2
21 2
72 2
16 2
72 2
17 2
72 2
21 2
72 4
24 2
72 4
26 2
72 2
21 2
72 2
21 2
72 2
16 2
72 2
17 2
72 2
21 2
72 2
21 2
72 2
16 2
72 2
17 2
72 2
21 2
72 2
21 2
72 2
16 2
72 2
17 2
72 2
21 2
72 4
27 2
72 4
26 2
72 2
21 2
72 2
21 2
72 2
16 2
72 2
17 2
72 2
21 2
72 2
21 2
72 2
16 2
72 2
17 2
72 2
21 2
72 2
21 2
72 2
16 2
72 2
17 2
72 2
21 2
72 4
24 2
72 4
26 2
72 2
21 2
72 2
21 2
72 2
16 2
72 2
17 2
72 2
21 2
72 2
21 2
72 2
16 2
72 2
17 2
72 2
21 2
72 2
21 2
72 2
16 2
72 2
17 2
72 2
21 2
72 4
27 2
72 4
26 2
72 2
19 2
21 2
72 2
21 2
72 4
21 2
21 2
19 2
21 2
72 2
21 2
72 4
21 2
21 2
19 2
21 2
72 2
21 2
72 4
21 2
21 2
21 2
72 4
24 2
72 4
26 2
72 2
19 2
21 2
72 2
21 2
72 4
21 2
21 2
19 2
21 2
72 2
21 2
72 4
21 2
21 2
19 2
21 2
72 2
21 2
72 4
21 2
21 2
21 2
72 4
27 2
72 4
26 2
72 2
19 2
21 2
72 2
21 2
72 4
21 2
21 2
19 2
21 2
72 2
21 2
72 4
21 2
21 2
19 2
21 2
72 2
21 2
72 4
21 2
21 2
21 2
72 4
24 2
72 4
26 2
72 2
19 2
21 2
72 2
21 2
72 4
21 2
21 2
19 2
21 2
72 2
21 2
72 4
21 2
21 2
19 2
21 2
72 2
21 2
72 4
21 2
21 2
21 2
72 4
27 2
72 4
26 2
72 2
19 2
21 2
72 2
21 2
72 4
21 2
21 2
19 2
21 2
72 2
21 2
72 4
21 2
21 2
19 2
21 2
72 2
21 2
72 4
21 2
21 2
21 2
72 4
24 2
72 4
26 2
72 2
19 2
21 2
72 2
21 2
72 4
21 2
21 2
19 2
21 2
72 2
21 2
72 4
21 2
21 2
19 2
21 2
72 2
21 2
72 4
21 2
21 2
21 2
72 4
27 2
72 4
26 2
72 2
19 2
21 2
72 2
21 2
72 4
21 2
21 2
19 2
21 2
72 2
21 2
72 4
21 2
21 2
19 2
21 2
72 2
21 2
72 4
21 2
21 2
21 2
72 4
24 2
72 4
26 2
72 2
19 2
21 2
72 2
21 2
72 4
21 2
21 2
19 2
21 2
72 2
21 2
72 4
21 2
21 2
19 2
21 2
72 2
21 2
72 4
21 2
21 2
21 2
72 4
27 2
72 4
26 2
72 2
21 7
21 6
21 2
72 2
21 2
72 4
21 4
19 4
18 7
18 6
18 2
72 2
18 2
18 4
19 4
18 2
19 2
21 7
21 6
21 2
72 2
21 2
72 4
21 4
19 4
18 7
18 6
18 2
72 2
18 2
26 2
18 2
24 2
23 2
24 2
26 2
21 7
21 6
21 2
72 2
21 2
72 4
21 4
19 4
18 7
18 6
18 2
72 2
18 2
18 4
19 4
18 2
19 2
21 7
21 6
21 2
72 2
21 2
72 4
21 4
19 4
18 7
18 6
18 2
72 2
18 2
26 2
18 2
24 2
23 2
24 2
26 2
E
S
L
72 4
45 6
44 6
48 11
33 2
33 2
31 2
72 2
33 2
72 2
31 2
72 2
33 2
72 2
36 7
31 2
32 2
33 2
33 2
31 2
72 2
33 2
72 2
38 11
31 2
72 2
33 2
33 2
31 2
72 2
33 2
72 2
31 2
72 2
33 2
33 2
72 2
36 6
38 2
72 2
43 4
72 4
45 4
72 4
42 4
72 2
40 4
72 2
38 4
33 2
33 2
31 2
72 2
33 2
72 2
31 2
72 2
33 2
72 2
36 7
31 2
32 2
33 2
33 2
31 2
72 2
33 2
72 2
38 11
31 2
72 2
33 2
33 2
31 2
72 2
33 2
72 2
31 2
72 2
33 2
33 2
72 2
36 6
38 2
72 2
43 4
72 2
42 4
72 2
45 11
60 13
59 13
55 13
50 13
57 14
72 2
60 13
59 13
55 13
50 13
57 14
72 2
72 4
28 4
72 2
28 4
72 2
28 4
72 2
31 4
72 2
33 4
72 4
33 4
72 2
33 4
72 2
33 4
72 2
31 4
72 2
33 4
72 4
28 4
72 2
28 4
72 2
28 4
72 2
31 4
72 2
33 4
39 2
40 2
43 2
39 2
40 2
43 2
39 2
40 2
43 2
39 2
40 2
43 2
39 2
40 2
43 4
72 4
28 4
72 2
28 4
72 2
28 4
72 2
31 4
72 2
33 4
72 4
33 4
72 2
33 4
72 2
33 4
72 2
31 4
72 2
33 4
72 4
28 4
72 2
28 4
72 2
28 4
72 2
31 4
72 2
33 4
39 2
40 2
43 2
39 2
40 2
43 2
39 2
40 2
43 2
39 2
40 2
43 2
39 2
40 2
43 4
33 2
33 2
31 2
72 2
33 2
72 2
31 2
72 2
33 2
72 2
36 7
31 2
32 2
33 2
33 2
31 2
72 2
33 2
72 2
38 11
31 2
72 2
33 2
33 2
31 2
72 2
33 2
72 2
31 2
72 2
33 2
33 2
72 2
36 6
38 2
72 2
43 4
72 4
45 4
72 4
42 4
72 2
40 4
72 2
38 4
33 2
33 2
31 2
72 2
33 2
72 2
31 2
72 2
33 2
72 2
36 7
31 2
32 2
33 2
33 2
31 2
72 2
33 2
72 2
38 11
31 2
72 2
33 2
33 2
31 2
72 2
33 2
72 2
31 2
72 2
33 2
33 2
72 2
36 6
38 2
72 2
43 4
72 2
42 4
72 2
45 11
60 13
59 13
55 13
50 13
57 14
72 2
60 13
59 13
55 13
50 13
57 14
72 2
72 4
28 4
72 2
28 4
72 2
28 4
72 2
31 4
72 2
33 4
72 4
33 4
72 2
33 4
72 2
33 4
72 2
31 4
72 2
33 4
72 4
28 4
72 2
28 4
72 2
28 4
72 2
31 4
72 2
33 4
39 2
40 2
43 2
39 2
40 2
43 2
39 2
40 2
43 2
39 2
40 2
43 2
39 2
40 2
43 4
72 4
28 4
72 2
28 4
72 2
28 4
72 2
31 4
72 2
33 4
72 4
33 4
72 2
33 4
72 2
33 4
72 2
31 4
72 2
33 4
72 4
28 4
72 2
28 4
72 2
28 4
72 2
31 4
72 2
33 4
39 2
40 2
43 2
39 2
40 2
43 2
39 2
40 2
43 2
39 2
40 2
43 2
39 2
40 2
43 4
E
S
H
72 4
45 6
44 6
48 11
45 2
45 2
43 2
72 2
45 2
72 2
43 2
72 2
45 2
72 2
48 7
43 2
44 2
45 2
45 2
43 2
72 2
45 2
72 2
50 11
43 2
72 2
45 2
45 2
43 2
72 2
45 2
72 2
43 2
72 2
45 2
45 2
72 2
48 6
50 2
72 2
55 4
72 4
57 4
72 4
54 4
72 2
52 4
72 2
50 4
45 2
45 2
43 2
72 2
45 2
72 2
43 2
72 2
45 2
72 2
48 7
43 2
44 2
45 2
45 2
43 2
72 2
45 2
72 2
50 11
43 2
72 2
45 2
45 2
43 2
72 2
45 2
72 2
43 2
72 2
45 2
45 2
72 2
48 6
50 2
72 2
55 4
72 2
54 4
72 2
57 11
72 14
67 13
66 2
67 2
69 2
66 2
62 2
60 2
62 2
60 2
57 2
55 2
57 2
55 2
57 2
55 4
54 2
60 2
54 2
55 2
54 2
60 2
54 2
55 2
55 2
54 2
54 2
50 2
50 2
48 2
48 2
50 11
45 4
72 2
48 4
72 2
50 4
55 14
54 2
55 2
57 2
55 2
50 2
47 4
59 11
62 11
59 11
59 4
72 2
55 4
72 2
52 4
55 6
57 9
52 2
45 2
57 2
58 2
52 2
45 2
58 2
57 2
52 2
45 2
57 2
58 2
52 2
45 2
58 2
57 2
52 2
58 2
52 2
57 2
52 2
58 2
52 2
57 13
45 2
45 2
51 2
51 2
50 2
50 2
48 2
48 2
45 4
72 2
48 4
72 2
50 11
72 2
45 4
72 2
48 4
72 2
50 11
72 2
45 4
72 2
48 4
72 2
50 11
72 2
45 4
72 2
48 4
72 2
50 11
72 2
45 4
72 2
48 4
72 2
50 11
72 2
45 4
72 2
48 4
72 2
50 11
72 2
45 4
72 2
48 4
72 2
50 11
72 2
45 4
72 2
48 4
72 2
50 11
72 2
45 2
45 2
43 2
72 2
45 2
72 2
43 2
72 2
45 2
72 2
48 7
43 2
44 2
45 2
45 2
43 2
72 2
45 2
72 2
50 11
43 2
72 2
45 2
45 2
43 2
72 2
45 2
72 2
43 2
72 2
45 2
45 2
72 2
48 6
50 2
72 2
55 4
72 4
57 4
72 4
54 4
72 2
52 4
72 2
50 4
45 2
45 2
43 2
72 2
45 2
72 2
43 2
72 2
45 2
72 2
48 7
43 2
44 2
45 2
45 2
43 2
72 2
45 2
72 2
50 11
43 2
72 2
45 2
45 2
43 2
72 2
45 2
72 2
43 2
72 2
45 2
45 2
72 2
48 6
50 2
72 2
55 4
72 2
54 4
72 2
57 11
72 14
67 13
66 2
67 2
69 2
66 2
62 2
60 2
62 2
60 2
57 2
55 2
57 2
55 2
57 2
55 4
54 2
60 2
54 2
55 2
54 2
60 2
54 2
55 2
55 2
54 2
54 2
50 2
50 2
48 2
48 2
50 11
45 4
72 2
48 4
72 2
50 4
55 14
54 2
55 2
57 2
55 2
50 2
47 4
59 11
62 11
59 11
59 4
72 2
55 4
72 2
52 4
55 6
57 9
52 2
45 2
57 2
58 2
52 2
45 2
58 2
57 2
52 2
45 2
57 2
58 2
52 2
45 2
58 2
57 2
52 2
58 2
52 2
57 2
52 2
58 2
52 2
57 13
45 2
45 2
51 2
51 2
50 2
50 2
48 2
48 2
45 4
72 2
48 4
72 2
50 11
72 2
45 4
72 2
48 4
72 2
50 11
72 2
45 4
72 2
48 4
72 2
50 11
72 2
45 4
72 2
48 4
72 2
50 11
72 2
45 4
72 2
48 4
72 2
50 11
72 2
45 4
72 2
48 4
72 2
50 11
72 2
45 4
72 2
48 4
72 2
50 11
72 2
45 4
72 2
48 4
72 2
50 11
72 2
E
S
L
72 4
41 6
40 6
45 11
33 2
33 2
31 2
72 2
33 2
72 2
31 2
72 2
33 2
72 2
36 7
31 2
32 2
33 2
33 2
31 2
72 2
33 2
72 2
38 11
31 2
72 2
33 2
33 2
31 2
72 2
33 2
72 2
31 2
72 2
33 2
33 2
72 2
36 6
38 2
72 2
43 4
72 4
45 4
72 4
42 4
72 2
40 4
72 2
38 4
33 2
33 2
31 2
72 2
33 2
72 2
31 2
72 2
33 2
72 2
36 7
31 2
32 2
33 2
33 2
31 2
72 2
33 2
72 2
38 11
31 2
72 2
33 2
33 2
31 2
72 2
33 2
72 2
31 2
72 2
33 2
33 2
72 2
36 6
38 2
72 2
43 4
72 2
42 4
72 2
45 11
60 13
59 13
55 13
50 13
57 14
72 2
64 4
72 2
67 4
72 2
69 4
60 13
59 13
55 13
50 13
57 14
72 2
72 4
34 4
72 2
34 4
72 2
34 4
72 2
37 4
72 2
39 4
72 4
41 4
72 2
41 4
72 2
41 4
72 2
39 4
72 2
41 4
72 4
34 4
72 2
34 4
72 2
34 4
72 2
37 4
72 2
39 4
72 4
40 2
41 2
44 2
40 2
41 2
44 2
40 2
41 2
44 2
40 2
41 2
44 2
40 2
41 2
72 4
34 4
72 2
34 4
72 2
34 4
72 2
37 4
72 2
39 4
72 4
41 4
72 2
41 4
72 2
41 4
72 2
39 4
72 2
41 4
72 4
34 4
72 2
34 4
72 2
34 4
72 2
37 4
72 2
39 4
72 4
40 2
41 2
44 2
40 2
41 2
44 2
40 2
41 2
44 2
40 2
41 2
44 2
40 2
41 2
33 2
33 2
31 2
72 2
33 2
72 2
31 2
72 2
33 2
72 2
36 7
31 2
32 2
33 2
33 2
31 2
72 2
33 2
72 2
38 11
31 2
72 2
33 2
33 2
31 2
72 2
33 2
72 2
31 2
72 2
33 2
33 2
72 2
36 6
38 2
72 2
43 4
72 4
45 4
72 4
42 4
72 2
40 4
72 2
38 4
33 2
33 2
31 2
72 2
33 2
72 2
31 2
72 2
33 2
72 2
36 7
31 2
32 2
33 2
33 2
31 2
72 2
33 2
72 2
38 11
31 2
72 2
33 2
33 2
31 2
72 2
33 2
72 2
31 2
72 2
33 2
33 2
72 2
36 6
38 2
72 2
43 4
72 2
42 4
72 2
45 11
60 13
59 13
55 13
50 13
57 14
72 2
64 4
72 2
67 4
72 2
69 4
60 13
59 13
55 13
50 13
57 14
72 2
72 4
34 4
72 2
34 4
72 2
34 4
72 2
37 4
72 2
39 4
72 4
41 4
72 2
41 4
72 2
41 4
72 2
39 4
72 2
41 4
72 4
34 4
72 2
34 4
72 2
34 4
72 2
37 4
72 2
39 4
72 4
40 2
41 2
44 2
40 2
41 2
44 2
40 2
41 2
44 2
40 2
41 2
44 2
40 2
41 2
72 4
34 4
72 2
34 4
72 2
34 4
72 2
37 4
72 2
39 4
72 4
41 4
72 2
41 4
72 2
41 4
72 2
39 4
72 2
41 4
72 4
34 4
72 2
34 4
72 2
34 4
72 2
37 4
72 2
39 4
72 4
40 2
41 2
44 2
40 2
41 2
44 2
40 2
41 2
44 2
40 2
41 2
44 2
40 2
41 2
E
S
H
72 4
50 11
72 7
72 2
45 2
45 2
43 2
72 2
45 2
72 2
43 2
72 2
45 2
72 2
48 7
43 2
44 2
45 2
45 2
43 2
72 2
45 2
72 2
50 11
43 2
72 2
45 2
45 2
43 2
72 2
45 2
72 2
43 2
72 2
45 2
45 2
72 2
48 6
50 2
72 2
55 4
72 4
57 4
72 4
54 4
72 2
52 4
72 2
50 4
45 2
45 2
43 2
72 2
45 2
72 2
43 2
72 2
45 2
72 2
48 7
43 2
44 2
45 2
45 2
43 2
72 2
45 2
72 2
50 11
43 2
72 2
45 2
45 2
43 2
72 2
45 2
72 2
43 2
72 2
45 2
45 2
72 2
48 6
50 2
72 2
55 4
72 2
54 4
72 2
57 11
72 14
67 2
69 13
66 2
67 2
69 2
66 2
62 2
60 2
62 2
60 2
57 2
55 2
57 2
55 2
57 2
55 4
54 2
60 2
54 2
55 2
54 2
60 2
54 2
55 2
55 2
54 2
54 2
50 2
50 2
48 2
48 2
50 2
48 2
50 9
45 4
72 2
48 4
72 2
50 4
55 14
54 2
55 2
57 2
55 2
50 2
47 4
59 11
62 11
59 11
59 4
72 2
55 4
72 2
52 4
55 6
57 9
52 2
45 2
57 2
58 2
52 2
45 2
58 2
57 2
52 2
45 2
57 2
58 2
52 2
45 2
58 2
57 2
52 2
58 2
52 2
57 2
52 2
58 2
52 2
57 13
41 2
41 2
47 2
47 2
46 2
46 2
44 2
44 2
41 4
72 2
44 4
72 2
45 11
72 2
41 4
72 2
44 4
72 2
45 11
72 2
41 4
72 2
44 4
72 2
45 11
72 2
41 4
72 2
44 4
72 2
45 11
72 2
41 4
72 2
44 4
72 2
45 11
72 2
41 4
72 2
44 4
72 2
45 11
72 2
41 4
72 2
44 4
72 2
45 11
72 2
41 4
72 2
44 4
72 2
45 11
72 2
72 2
45 2
45 2
43 2
72 2
45 2
72 2
43 2
72 2
45 2
72 2
48 7
43 2
44 2
45 2
45 2
43 2
72 2
45 2
72 2
50 11
43 2
72 2
45 2
45 2
43 2
72 2
45 2
72 2
43 2
72 2
45 2
45 2
72 2
48 6
50 2
72 2
55 4
72 4
57 4
72 4
54 4
72 2
52 4
72 2
50 4
45 2
45 2
43 2
72 2
45 2
72 2
43 2
72 2
45 2
72 2
48 7
43 2
44 2
45 2
45 2
43 2
72 2
45 2
72 2
50 11
43 2
72 2
45 2
45 2
43 2
72 2
45 2
72 2
43 2
72 2
45 2
45 2
72 2
48 6
50 2
72 2
55 4
72 2
54 4
72 2
57 11
72 14
67 2
69 13
66 2
67 2
69 2
66 2
62 2
60 2
62 2
60 2
57 2
55 2
57 2
55 2
57 2
55 4
54 2
60 2
54 2
55 2
54 2
60 2
54 2
55 2
55 2
54 2
54 2
50 2
50 2
48 2
48 2
50 2
48 2
50 9
45 4
72 2
48 4
72 2
50 4
55 14
54 2
55 2
57 2
55 2
50 2
47 4
59 11
62 11
59 11
59 4
72 2
55 4
72 2
52 4
55 6
57 9
52 2
45 2
57 2
58 2
52 2
45 2
58 2
57 2
52 2
45 2
57 2
58 2
52 2
45 2
58 2
57 2
52 2
58 2
52 2
57 2
52 2
58 2
52 2
57 13
41 2
41 2
47 2
47 2
46 2
46 2
44 2
44 2
41 4
72 2
44 4
72 2
45 11
72 2
41 4
72 2
44 4
72 2
45 11
72 2
41 4
72 2
44 4
72 2
45 11
72 2
41 4
72 2
44 4
72 2
45 11
72 2
41 4
72 2
44 4
72 2
45 11
72 2
41 4
72 2
44 4
72 2
45 11
72 2
41 4
72 2
44 4
72 2
45 11
72 2
41 4
72 2
44 4
72 2
45 11
72 2
E
S
H
36 0
43 0
72 2
36 0
72 0
43 0
72 1
42 11
E
S
H
72 13
57 2
69 2
57 2
45 2
60 2
48 2
62 2
63 2
64 2
40 2
67 2
64 2
38 2
50 2
62 2
48 2
57 2
69 2
57 2
45 2
60 2
48 2
62 2
63 2
64 2
40 2
67 2
64 2
38 2
50 2
62 2
48 2
57 2
69 2
57 2
45 2
60 2
48 2
62 2
63 2
64 2
40 2
67 2
64 2
38 2
50 2
62 2
48 2
57 2
69 2
57 2
45 2
60 2
48 2
62 2
63 2
64 2
40 2
66 2
67 2
68 2
69 2
70 2
71 2
57 2
69 2
57 2
45 2
60 2
48 2
62 2
63 2
64 2
40 2
67 2
64 2
38 2
50 2
62 2
48 2
57 2
69 2
57 2
45 2
60 2
48 2
62 2
63 2
64 2
40 2
67 2
64 2
38 2
50 2
62 2
48 2
57 2
69 2
57 2
45 2
60 2
48 2
62 2
63 2
64 2
40 2
67 2
64 2
38 2
50 2
62 2
48 2
57 2
69 2
57 2
45 2
60 2
48 2
62 2
63 2
64 2
40 2
66 2
67 2
68 2
69 2
70 2
71 2
69 2
57 2
45 2
57 2
69 2
45 2
57 2
43 2
42 2
54 2
62 2
50 2
54 2
66 2
54 2
42 2
62 2
50 2
38 2
50 2
62 2
38 2
50 2
38 2
43 2
55 2
66 2
42 2
50 2
62 2
50 2
38 2
69 2
57 2
45 2
57 2
69 2
45 2
57 2
43 2
42 2
54 2
62 2
50 2
54 2
66 2
54 2
42 2
62 2
50 2
38 2
50 2
62 2
38 2
50 2
38 2
43 2
55 2
66 2
42 2
50 2
62 2
50 2
38 2
69 2
57 2
45 2
57 2
69 2
45 2
57 2
43 2
42 2
54 2
62 2
50 2
54 2
66 2
54 2
42 2
62 2
50 2
38 2
50 2
62 2
38 2
50 2
38 2
43 2
55 2
66 2
42 2
50 2
62 2
50 2
38 2
69 2
57 2
45 2
57 2
69 2
45 2
57 2
43 2
42 2
54 2
62 2
50 2
54 2
66 2
54 2
42 2
62 2
50 2
38 2
50 2
62 2
38 2
50 2
38 2
43 2
55 2
66 2
42 2
50 2
62 2
50 2
38 2
69 2
57 2
45 2
57 2
69 2
45 2
57 2
43 2
42 2
54 2
62 2
50 2
54 2
66 2
54 2
42 2
62 2
50 2
38 2
50 2
62 2
38 2
50 2
38 2
43 2
55 2
66 2
42 2
50 2
62 2
50 2
38 2
69 2
57 2
45 2
57 2
69 2
45 2
57 2
43 2
42 2
54 2
62 2
50 2
54 2
66 2
54 2
42 2
62 2
50 2
38 2
50 2
62 2
38 2
50 2
38 2
43 2
55 2
66 2
42 2
50 2
62 2
50 2
38 2
69 2
57 2
45 2
57 2
69 2
45 2
57 2
43 2
42 2
54 2
62 2
50 2
54 2
66 2
54 2
42 2
62 2
50 2
38 2
50 2
62 2
38 2
50 2
38 2
43 2
55 2
66 2
42 2
50 2
62 2
50 2
38 2
69 2
57 2
45 2
57 2
69 2
45 2
57 2
43 2
42 2
54 2
62 2
50 2
54 2
66 2
54 2
42 2
62 2
50 2
38 2
50 2
62 2
38 2
50 2
38 2
43 2
55 2
66 2
42 2
50 2
62 2
50 2
38 2
45 4
72 2
48 4
72 2
50 11
45 4
72 2
48 4
72 2
50 11
45 4
72 2
48 4
72 2
50 11
45 4
72 2
48 4
72 2
50 11
45 4
72 2
48 4
72 2
50 11
45 4
72 2
48 4
72 2
50 11
45 4
72 2
48 4
72 2
50 11
45 4
72 2
48 4
72 2
50 11
57 2
69 2
57 2
45 2
60 2
48 2
62 2
63 2
64 2
40 2
67 2
64 2
38 2
50 2
62 2
48 2
57 2
69 2
57 2
45 2
60 2
48 2
62 2
63 2
64 2
40 2
67 2
64 2
38 2
50 2
62 2
48 2
57 2
69 2
57 2
45 2
60 2
48 2
62 2
63 2
64 2
40 2
67 2
64 2
38 2
50 2
62 2
48 2
57 2
69 2
57 2
45 2
60 2
48 2
62 2
63 2
64 2
40 2
66 2
67 2
68 2
69 2
70 2
71 2
57 2
69 2
57 2
45 2
60 2
48 2
62 2
63 2
64 2
40 2
67 2
64 2
38 2
50 2
62 2
48 2
57 2
69 2
57 2
45 2
60 2
48 2
62 2
63 2
64 2
40 2
67 2
64 2
38 2
50 2
62 2
48 2
57 2
69 2
57 2
45 2
60 2
48 2
62 2
63 2
64 2
40 2
67 2
64 2
38 2
50 2
62 2
48 2
57 2
69 2
57 2
45 2
60 2
48 2
62 2
63 2
64 2
40 2
66 2
67 2
68 2
69 2
70 2
71 2
69 2
57 2
45 2
57 2
69 2
45 2
57 2
43 2
42 2
54 2
62 2
50 2
54 2
66 2
54 2
42 2
62 2
50 2
38 2
50 2
62 2
38 2
50 2
38 2
43 2
55 2
66 2
42 2
50 2
62 2
50 2
38 2
69 2
57 2
45 2
57 2
69 2
45 2
57 2
43 2
42 2
54 2
62 2
50 2
54 2
66 2
54 2
42 2
62 2
50 2
38 2
50 2
62 2
38 2
50 2
38 2
43 2
55 2
66 2
42 2
50 2
62 2
50 2
38 2
69 2
57 2
45 2
57 2
69 2
45 2
57 2
43 2
42 2
54 2
62 2
50 2
54 2
66 2
54 2
42 2
62 2
50 2
38 2
50 2
62 2
38 2
50 2
38 2
43 2
55 2
66 2
42 2
50 2
62 2
50 2
38 2
69 2
57 2
45 2
57 2
69 2
45 2
57 2
43 2
42 2
54 2
62 2
50 2
54 2
66 2
54 2
42 2
62 2
50 2
38 2
50 2
62 2
38 2
50 2
38 2
43 2
55 2
66 2
42 2
50 2
62 2
50 2
38 2
69 2
57 2
45 2
57 2
69 2
45 2
57 2
43 2
42 2
54 2
62 2
50 2
54 2
66 2
54 2
42 2
62 2
50 2
38 2
50 2
62 2
38 2
50 2
38 2
43 2
55 2
66 2
42 2
50 2
62 2
50 2
38 2
69 2
57 2
45 2
57 2
69 2
45 2
57 2
43 2
42 2
54 2
62 2
50 2
54 2
66 2
54 2
42 2
62 2
50 2
38 2
50 2
62 2
38 2
50 2
38 2
43 2
55 2
66 2
42 2
50 2
62 2
50 2
38 2
69 2
57 2
45 2
57 2
69 2
45 2
57 2
43 2
42 2
54 2
62 2
50 2
54 2
66 2
54 2
42 2
62 2
50 2
38 2
50 2
62 2
38 2
50 2
38 2
43 2
55 2
66 2
42 2
50 2
62 2
50 2
38 2
69 2
57 2
45 2
57 2
69 2
45 2
57 2
43 2
42 2
54 2
62 2
50 2
54 2
66 2
54 2
42 2
62 2
50 2
38 2
50 2
62 2
38 2
50 2
38 2
43 2
55 2
66 2
42 2
50 2
62 2
50 2
38 2
45 4
72 2
48 4
72 2
50 11
45 4
72 2
48 4
72 2
50 11
45 4
72 2
48 4
72 2
50 11
45 4
72 2
48 4
72 2
50 11
45 4
72 2
48 4
72 2
50 11
45 4
72 2
48 4
72 2
50 11
45 4
72 2
48 4
72 2
50 11
45 4
72 2
48 4
72 2
50 11
E
S
H
72 13
57 2
69 2
57 2
45 2
60 2
48 2
62 2
63 2
64 2
40 2
67 2
64 2
38 2
50 2
62 2
48 2
57 2
69 2
57 2
45 2
60 2
48 2
62 2
63 2
64 2
40 2
67 2
64 2
38 2
50 2
62 2
48 2
57 2
69 2
57 2
45 2
60 2
48 2
62 2
63 2
64 2
40 2
67 2
64 2
38 2
50 2
62 2
48 2
57 2
69 2
57 2
45 2
60 2
48 2
62 2
63 2
64 2
40 2
66 2
67 2
68 2
69 2
70 2
71 2
57 2
69 2
57 2
45 2
60 2
48 2
62 2
63 2
64 2
40 2
67 2
64 2
38 2
50 2
62 2
48 2
57 2
69 2
57 2
45 2
60 2
48 2
62 2
63 2
64 2
40 2
67 2
64 2
38 2
50 2
62 2
48 2
57 2
69 2
57 2
45 2
60 2
48 2
62 2
63 2
64 2
40 2
67 2
64 2
38 2
50 2
62 2
48 2
57 2
69 2
57 2
45 2
60 2
48 2
62 2
63 2
64 2
40 2
66 2
67 2
68 2
69 2
70 2
71 2
69 2
57 2
45 2
57 2
69 2
45 2
57 2
43 2
42 2
54 2
62 2
50 2
54 2
66 2
54 2
42 2
62 2
50 2
38 2
50 2
62 2
38 2
50 2
38 2
43 2
55 2
66 2
42 2
50 2
62 2
50 2
38 2
69 2
57 2
45 2
57 2
69 2
45 2
57 2
43 2
42 2
54 2
62 2
50 2
54 2
66 2
54 2
42 2
62 2
50 2
38 2
50 2
62 2
38 2
50 2
38 2
43 2
55 2
66 2
42 2
50 2
62 2
50 2
38 2
69 2
57 2
45 2
57 2
69 2
45 2
57 2
43 2
42 2
54 2
62 2
50 2
54 2
66 2
54 2
42 2
62 2
50 2
38 2
50 2
62 2
38 2
50 2
38 2
43 2
55 2
66 2
42 2
50 2
62 2
50 2
38 2
69 2
57 2
45 2
57 2
69 2
45 2
57 2
43 2
42 2
54 2
62 2
50 2
54 2
66 2
54 2
42 2
62 2
50 2
38 2
50 2
62 2
38 2
50 2
38 2
43 2
55 2
66 2
42 2
50 2
62 2
50 2
38 2
69 2
57 2
45 2
57 2
69 2
45 2
57 2
43 2
42 2
54 2
62 2
50 2
54 2
66 2
54 2
42 2
62 2
50 2
38 2
50 2
62 2
38 2
50 2
38 2
43 2
55 2
66 2
42 2
50 2
62 2
50 2
38 2
69 2
57 2
45 2
57 2
69 2
45 2
57 2
43 2
42 2
54 2
62 2
50 2
54 2
66 2
54 2
42 2
62 2
50 2
38 2
50 2
62 2
38 2
50 2
38 2
43 2
55 2
66 2
42 2
50 2
62 2
50 2
38 2
69 2
57 2
45 2
57 2
69 2
45 2
57 2
43 2
42 2
54 2
62 2
50 2
54 2
66 2
54 2
42 2
62 2
50 2
38 2
50 2
62 2
38 2
50 2
38 2
43 2
55 2
66 2
42 2
50 2
62 2
50 2
38 2
69 2
57 2
45 2
57 2
69 2
45 2
57 2
43 2
42 2
54 2
62 2
50 2
54 2
66 2
54 2
42 2
62 2
50 2
38 2
50 2
62 2
38 2
50 2
38 2
43 2
55 2
66 2
42 2
50 2
62 2
50 2
38 2
45 4
72 2
48 4
72 2
50 11
45 4
72 2
48 4
72 2
50 11
45 4
72 2
48 4
72 2
50 11
45 4
72 2
48 4
72 2
50 11
45 4
72 2
48 4
72 2
50 11
45 4
72 2
48 4
72 2
50 11
45 4
72 2
48 4
72 2
50 11
45 4
72 2
48 4
72 2
50 11
72 2
57 2
69 2
57 2
45 2
60 2
48 2
62 2
63 2
64 2
40 2
67 2
64 2
38 2
50 2
62 2
48 2
57 2
69 2
57 2
45 2
60 2
48 2
62 2
63 2
64 2
40 2
67 2
64 2
38 2
50 2
62 2
48 2
57 2
69 2
57 2
45 2
60 2
48 2
62 2
63 2
64 2
40 2
67 2
64 2
38 2
50 2
62 2
48 2
57 2
69 2
57 2
45 2
60 2
48 2
62 2
63 2
64 2
40 2
66 2
67 2
68 2
69 2
70 2
71 2
57 2
69 2
57 2
45 2
60 2
48 2
62 2
63 2
64 2
40 2
67 2
64 2
38 2
50 2
62 2
48 2
57 2
69 2
57 2
45 2
60 2
48 2
62 2
63 2
64 2
40 2
67 2
64 2
38 2
50 2
62 2
48 2
57 2
69 2
57 2
45 2
60 2
48 2
62 2
63 2
64 2
40 2
67 2
64 2
38 2
50 2
62 2
48 2
57 2
69 2
57 2
45 2
60 2
48 2
62 2
63 2
64 2
40 2
66 2
67 2
68 2
69 2
70 2
71 2
69 2
57 2
45 2
57 2
69 2
45 2
57 2
43 2
42 2
54 2
62 2
50 2
54 2
66 2
54 2
42 2
62 2
50 2
38 2
50 2
62 2
38 2
50 2
38 2
43 2
55 2
66 2
42 2
50 2
62 2
50 2
38 2
69 2
57 2
45 2
57 2
69 2
45 2
57 2
43 2
42 2
54 2
62 2
50 2
54 2
66 2
54 2
42 2
62 2
50 2
38 2
50 2
62 2
38 2
50 2
38 2
43 2
55 2
66 2
42 2
50 2
62 2
50 2
38 2
69 2
57 2
45 2
57 2
69 2
45 2
57 2
43 2
42 2
54 2
62 2
50 2
54 2
66 2
54 2
42 2
62 2
50 2
38 2
50 2
62 2
38 2
50 2
38 2
43 2
55 2
66 2
42 2
50 2
62 2
50 2
38 2
69 2
57 2
45 2
57 2
69 2
45 2
57 2
43 2
42 2
54 2
62 2
50 2
54 2
66 2
54 2
42 2
62 2
50 2
38 2
50 2
62 2
38 2
50 2
38 2
43 2
55 2
66 2
42 2
50 2
62 2
50 2
38 2
69 2
57 2
45 2
57 2
69 2
45 2
57 2
43 2
42 2
54 2
62 2
50 2
54 2
66 2
54 2
42 2
62 2
50 2
38 2
50 2
62 2
38 2
50 2
38 2
43 2
55 2
66 2
42 2
50 2
62 2
50 2
38 2
69 2
57 2
45 2
57 2
69 2
45 2
57 2
43 2
42 2
54 2
62 2
50 2
54 2
66 2
54 2
42 2
62 2
50 2
38 2
50 2
62 2
38 2
50 2
38 2
43 2
55 2
66 2
42 2
50 2
62 2
50 2
38 2
69 2
57 2
45 2
57 2
69 2
45 2
57 2
43 2
42 2
54 2
62 2
50 2
54 2
66 2
54 2
42 2
62 2
50 2
38 2
50 2
62 2
38 2
50 2
38 2
43 2
55 2
66 2
42 2
50 2
62 2
50 2
38 2
69 2
57 2
45 2
57 2
69 2
45 2
57 2
43 2
42 2
54 2
62 2
50 2
54 2
66 2
54 2
42 2
62 2
50 2
38 2
50 2
62 2
38 2
50 2
38 2
43 2
55 2
66 2
42 2
50 2
62 2
50 2
38 2
45 4
72 2
48 4
72 2
50 11
45 4
72 2
48 4
72 2
50 11
45 4
72 2
48 4
72 2
50 11
45 4
72 2
48 4
72 2
50 11
45 4
72 2
48 4
72 2
50 11
45 4
72 2
48 4
72 2
50 11
45 4
72 2
48 4
72 2
50 11
45 4
72 2
48 4
72 2
50 11
E
S
L
72 4
26 4
72 2
27 4
72 2
28 9
72 4
21 2
72 2
21 2
72 2
16 2
72 2
17 2
72 2
21 2
72 2
21 2
72 2
16 2
72 2
17 2
72 2
21 2
72 2
21 2
72 2
16 2
72 2
17 2
72 2
21 2
72 4
24 2
72 4
26 2
72 2
21 2
72 2
21 2
72 2
16 2
72 2
17 2
72 2
21 2
72 2
21 2
72 2
16 2
72 2
17 2
72 2
21 2
72 2
21 2
72 2
16 2
72 2
17 2
72 2
21 2
72 4
27 2
72 4
26 2
72 2
21 2
72 2
21 2
72 2
16 2
72 2
17 2
72 2
21 2
72 2
21 2
72 2
16 2
72 2
17 2
72 2
21 2
72 2
21 2
72 2
16 2
72 2
17 2
72 2
21 2
72 4
24 2
72 4
26 2
72 2
21 2
72 2
21 2
72 2
16 2
72 2
17 2
72 2
21 2
72 2
21 2
72 2
16 2
72 2
17 2
72 2
21 2
72 2
21 2
72 2
16 2
72 2
17 2
72 2
21 2
72 4
27 2
72 4
26 2
72 2
19 2
21 2
72 2
21 2
72 4
21 2
21 2
19 2
21 2
72 2
21 2
72 4
21 2
21 2
19 2
21 2
72 2
21 2
72 4
21 2
21 2
21 2
72 4
24 2
72 4
26 2
72 2
19 2
21 2
72 2
21 2
72 4
21 2
21 2
19 2
21 2
72 2
21 2
72 4
21 2
21 2
19 2
21 2
72 2
21 2
72 4
21 2
21 2
21 2
72 4
27 2
72 4
26 2
72 2
19 2
21 2
72 2
21 2
72 4
21 2
21 2
19 2
21 2
72 2
21 2
72 4
21 2
21 2
19 2
21 2
72 2
21 2
72 4
21 2
21 2
21 2
72 4
24 2
72 4
26 2
72 2
19 2
21 2
72 2
21 2
72 4
21 2
21 2
19 2
21 2
72 2
21 2
72 4
21 2
21 2
19 2
21 2
72 2
21 2
72 4
21 2
21 2
21 2
72 4
27 2
72 4
26 2
72 2
19 2
21 2
72 2
21 2
72 4
21 2
21 2
19 2
21 2
72 2
21 2
72 4
21 2
21 2
19 2
21 2
72 2
21 2
72 4
21 2
21 2
21 2
72 4
24 2
72 4
26 2
72 2
19 2
21 2
72 2
21 2
72 4
21 2
21 2
19 2
21 2
72 2
21 2
72 4
21 2
21 2
19 2
21 2
72 2
21 2
72 4
21 2
21 2
21 2
72 4
27 2
72 4
26 2
72 2
19 2
21 2
72 2
21 2
72 4
21 2
21 2
19 2
21 2
72 2
21 2
72 4
21 2
21 2
19 2
21 2
72 2
21 2
72 4
21 2
21 2
21 2
72 4
24 2
72 4
26 2
72 2
19 2
21 2
72 2
21 2
72 4
21 2
21 2
19 2
21 2
72 2
21 2
72 4
21 2
21 2
19 2
21 2
72 2
21 2
72 4
21 2
21 2
21 2
72 4
27 2
72 4
26 2
72 2
21 7
21 6
21 2
72 2
21 2
72 4
21 4
19 4
18 7
18 6
18 2
72 2
18 2
18 4
19 4
18 2
19 2
21 7
21 6
21 2
72 2
21 2
72 4
21 4
19 4
18 7
18 6
18 2
72 2
18 2
26 2
18 2
24 2
23 2
24 2
26 2
21 7
21 6
21 2
72 2
21 2
72 4
21 4
19 4
18 7
18 6
18 2
72 2
18 2
18 4
19 4
18 2
19 2
21 7
21 6
21 2
72 2
21 2
72 4
21 4
19 4
18 7
18 6
18 2
72 2
18 2
26 2
18 2
24 2
23 2
24 2
26 2
21 2
72 2
21 2
72 2
16 2
72 2
17 2
72 2
21 2
72 2
21 2
72 2
16 2
72 2
17 2
72 2
21 2
72 2
21 2
72 2
16 2
72 2
17 2
72 2
21 2
72 4
24 2
72 4
26 2
72 2
21 2
72 2
21 2
72 2
16 2
72 2
17 2
72 2
21 2
72 2
21 2
72 2
16 2
72 2
17 2
72 2
21 2
72 2
21 2
72 2
16 2
72 2
17 2
72 2
21 2
72 4
27 2
72 4
26 2
72 2
21 2
72 2
21 2
72 2
16 2
72 2
17 2
72 2
21 2
72 2
21 2
72 2
16 2
72 2
17 2
72 2
21 2
72 2
21 2
72 2
16 2
72 2
17 2
72 2
21 2
72 4
24 2
72 4
26 2
72 2
21 2
72 2
21 2
72 2
16 2
72 2
17 2
72 2
21 2
72 2
21 2
72 2
16 2
72 2
17 2
72 2
21 2
72 2
21 2
72 2
16 2
72 2
17 2
72 2
21 2
72 4
27 2
72 4
26 2
72 2
19 2
21 2
72 2
21 2
72 4
21 2
21 2
19 2
21 2
72 2
21 2
72 4
21 2
21 2
19 2
21 2
72 2
21 2
72 4
21 2
21 2
21 2
72 4
24 2
72 4
26 2
72 2
19 2
21 2
72 2
21 2
72 4
21 2
21 2
19 2
21 2
72 2
21 2
72 4
21 2
21 2
19 2
21 2
72 2
21 2
72 4
21 2
21 2
21 2
72 4
27 2
72 4
26 2
72 2
19 2
21 2
72 2
21 2
72 4
21 2
21 2
19 2
21 2
72 2
21 2
72 4
21 2
21 2
19 2
21 2
72 2
21 2
72 4
21 2
21 2
21 2
72 4
24 2
72 4
26 2
72 2
19 2
21 2
72 2
21 2
72 4
21 2
21 2
19 2
21 2
72 2
21 2
72 4
21 2
21 2
19 2
21 2
72 2
21 2
72 4
21 2
21 2
21 2
72 4
27 2
72 4
26 2
72 2
19 2
21 2
72 2
21 2
72 4
21 2
21 2
19 2
21 2
72 2
21 2
72 4
21 2
21 2
19 2
21 2
72 2
21 2
72 4
21 2
21 2
21 2
72 4
24 2
72 4
26 2
72 2
19 2
21 2
72 2
21 2
72 4
21 2
21 2
19 2
21 2
72 2
21 2
72 4
21 2
21 2
19 2
21 2
72 2
21 2
72 4
21 2
21 2
21 2
72 4
27 2
72 4
26 2
72 2
19 2
21 2
72 2
21 2
72 4
21 2
21 2
19 2
21 2
72 2
21 2
72 4
21 2
21 2
19 2
21 2
72 2
21 2
72 4
21 2
21 2
21 2
72 4
24 2
72 4
26 2
72 2
19 2
21 2
72 2
21 2
72 4
21 2
21 2
19 2
21 2
72 2
21 2
72 4
21 2
21 2
19 2
21 2
72 2
21 2
72 4
21 2
21 2
21 2
72 4
27 2
72 4
26 2
72 2
21 7
21 6
21 2
72 2
21 2
72 4
21 4
19 4
18 7
18 6
18 2
72 2
18 2
18 4
19 4
18 2
19 2
21 7
21 6
21 2
72 2
21 2
72 4
21 4
19 4
18 7
18 6
18 2
72 2
18 2
26 2
18 2
24 2
23 2
24 2
26 2
21 7
21 6
21 2
72 2
21 2
72 4
21 4
19 4
18 7
18 6
18 2
72 2
18 2
18 4
19 4
18 2
19 2
21 7
21 6
21 2
72 2
21 2
72 4
21 4
19 4
18 7
18 6
18 2
72 2
18 2
26 2
18 2
24 2
23 2
24 2
26 2
E
S
L
22 0
11 2
11 2
11 2
11 0
11 0
11 0
11 0
11 0
11 0
11 0
11 0
14 0
14 0
14 0
14 0
14 0
14 0
14 0
14 0
208 2
20 2
18 2
11 2
199 2
20 2
184 2
14 2
208 2
199 2
184 2
11 2
199 2
208 2
184 2
14 2
208 2
20 2
18 2
11 2
199 2
20 2
184 2
14 2
208 2
199 2
184 2
11 2
199 2
208 2
184 2
14 2
208 2
20 2
18 2
11 2
199 2
20 2
184 2
14 2
208 2
199 2
184 2
11 2
199 2
208 2
184 2
14 2
208 2
20 2
18 2
11 2
199 2
20 2
184 2
14 2
18 2
14 0
14 0
14 2
175 2
14 2
184 2
14 2
208 2
20 2
18 2
11 2
199 2
20 2
184 2
14 2
208 2
199 2
184 2
11 2
199 2
208 2
184 2
14 2
208 2
20 2
18 2
11 2
199 2
20 2
184 2
14 2
208 2
199 2
184 2
11 2
199 2
208 2
184 2
14 2
208 2
20 2
18 2
11 2
199 2
20 2
184 2
14 2
208 2
199 2
184 2
11 2
199 2
208 2
184 2
14 2
208 2
20 2
18 2
11 2
199 2
20 2
184 2
14 2
18 2
14 0
14 0
14 2
175 2
14 2
184 2
14 2
11 2
11 2
11 2
11 2
11 2
11 2
11 2
11 2
11 2
11 2
11 2
11 2
11 2
11 2
11 2
11 2
11 2
11 2
11 2
11 2
11 2
11 2
11 2
208 2
20 2
18 2
208 2
20 2
18 2
208 2
20 2
184 2
208 2
20 2
184 2
208 2
20 2
18 2
208 2
20 2
18 2
208 2
20 2
184 2
208 2
20 2
184 2
208 2
20 2
18 2
208 2
20 2
18 2
208 2
20 2
184 2
208 2
20 2
184 2
208 2
20 2
18 2
208 2
20 2
18 2
184 2
184 2
184 2
208 2
20 2
18 2
11 2
199 2
20 2
184 2
14 2
208 2
199 2
184 2
11 2
199 2
208 2
184 2
14 2
208 2
20 2
18 2
11 2
199 2
20 2
184 2
14 2
208 2
199 2
184 2
11 2
199 2
208 2
184 2
14 2
208 2
20 2
18 2
11 2
199 2
20 2
184 2
14 2
208 2
199 2
184 2
11 2
199 2
208 2
184 2
14 2
208 2
20 2
18 2
11 2
199 2
20 2
184 2
14 2
18 2
14 0
14 0
14 2
175 2
14 2
184 2
14 2
208 2
20 2
18 2
11 2
199 2
20 2
184 2
14 2
208 2
199 2
184 2
11 2
199 2
208 2
184 2
14 2
208 2
20 2
18 2
11 2
199 2
20 2
184 2
14 2
208 2
199 2
184 2
11 2
199 2
208 2
184 2
14 2
208 2
20 2
18 2
11 2
199 2
20 2
184 2
14 2
208 2
199 2
184 2
11 2
199 2
208 2
184 2
14 2
208 2
20 2
18 2
11 2
199 2
20 2
184 2
14 2
18 2
14 0
14 0
14 2
175 2
14 2
184 2
14 2
208 2
20 2
18 2
11 2
199 2
20 2
184 2
14 2
208 2
199 2
184 2
11 2
199 2
208 2
184 2
14 2
208 2
20 2
18 2
11 2
199 2
20 2
184 2
14 2
208 2
199 2
184 2
11 2
199 2
208 2
184 2
14 2
208 2
20 2
18 2
11 2
199 2
20 2
184 2
14 2
208 2
199 2
184 2
11 2
199 2
208 2
184 2
14 2
208 2
20 2
18 2
11 2
199 2
20 2
184 2
14 2
208 2
199 2
184 2
11 2
199 2
208 2
184 2
14 2
208 2
20 2
18 2
11 2
199 2
20 2
184 2
14 2
208 2
199 2
184 2
11 2
199 2
208 2
184 2
14 2
208 2
20 2
18 2
11 2
199 2
20 2
184 2
14 2
208 2
199 2
184 2
11 2
199 2
208 2
184 2
14 2
208 2
20 2
18 2
11 2
199 2
20 2
184 2
14 2
208 2
199 2
184 2
11 2
199 2
208 2
184 2
14 2
208 2
20 2
18 2
11 2
199 2
20 2
184 2
14 2
208 2
199 2
184 2
11 2
199 2
208 2
184 2
14 2
208 2
20 2
18 2
11 2
199 2
20 2
184 2
14 2
208 2
199 2
184 2
11 2
199 2
208 2
184 2
14 2
208 2
20 2
18 2
11 2
199 2
20 2
184 2
14 2
208 2
199 2
184 2
11 2
199 2
208 2
184 2
14 2
208 2
20 2
18 2
11 2
199 2
20 2
184 2
14 2
208 2
199 2
184 2
11 2
199 2
208 2
184 2
14 2
208 2
20 2
18 2
11 2
199 2
20 2
184 2
14 2
18 2
14 0
14 0
14 2
175 2
14 2
184 2
14 2
208 2
20 2
18 2
11 2
199 2
20 2
184 2
14 2
208 2
199 2
184 2
11 2
199 2
208 2
184 2
14 2
208 2
20 2
18 2
11 2
199 2
20 2
184 2
14 2
208 2
199 2
184 2
11 2
199 2
208 2
184 2
14 2
208 2
20 2
18 2
11 2
199 2
20 2
184 2
14 2
208 2
199 2
184 2
11 2
199 2
208 2
184 2
14 2
208 2
20 2
18 2
11 2
199 2
20 2
184 2
14 2
18 2
14 0
14 0
14 2
175 2
14 2
184 2
14 2
11 2
11 2
11 2
11 2
11 2
11 2
11 2
11 2
11 2
11 2
11 2
11 2
11 2
11 2
11 2
11 2
11 2
11 2
11 2
11 2
11 2
11 2
11 2
208 2
20 2
18 2
208 2
20 2
18 2
208 2
20 2
184 2
208 2
20 2
184 2
208 2
20 2
18 2
208 2
20 2
18 2
208 2
20 2
184 2
208 2
20 2
184 2
208 2
20 2
18 2
208 2
20 2
18 2
208 2
20 2
184 2
208 2
20 2
184 2
208 2
20 2
18 2
208 2
20 2
18 2
184 2
184 2
184 2
208 2
20 2
18 2
11 2
199 2
20 2
184 2
14 2
208 2
199 2
184 2
11 2
199 2
208 2
184 2
14 2
208 2
20 2
18 2
11 2
199 2
20 2
184 2
14 2
208 2
199 2
184 2
11 2
199 2
208 2
184 2
14 2
208 2
20 2
18 2
11 2
199 2
20 2
184 2
14 2
208 2
199 2
184 2
11 2
199 2
208 2
184 2
14 2
208 2
20 2
18 2
11 2
199 2
20 2
184 2
14 2
18 2
14 0
14 0
14 2
175 2
14 2
184 2
14 2
208 2
20 2
18 2
11 2
199 2
20 2
184 2
14 2
208 2
199 2
184 2
11 2
199 2
208 2
184 2
14 2
208 2
20 2
18 2
11 2
199 2
20 2
184 2
14 2
208 2
199 2
184 2
11 2
199 2
208 2
184 2
14 2
208 2
20 2
18 2
11 2
199 2
20 2
184 2
14 2
208 2
199 2
184 2
11 2
199 2
208 2
184 2
14 2
208 2
20 2
18 2
11 2
199 2
20 2
184 2
14 2
18 2
14 0
14 0
14 2
175 2
14 2
184 2
14 2
208 2
20 2
18 2
11 2
199 2
20 2
184 2
14 2
208 2
199 2
184 2
11 2
199 2
208 2
184 2
14 2
208 2
20 2
18 2
11 2
199 2
20 2
184 2
14 2
208 2
199 2
184 2
11 2
199 2
208 2
184 2
14 2
208 2
20 2
18 2
11 2
199 2
20 2
184 2
14 2
208 2
199 2
184 2
11 2
199 2
208 2
184 2
14 2
208 2
20 2
18 2
11 2
199 2
20 2
184 2
14 2
208 2
199 2
184 2
11 2
199 2
208 2
184 2
14 2
208 2
20 2
18 2
11 2
199 2
20 2
184 2
14 2
208 2
199 2
184 2
11 2
199 2
208 2
184 2
14 2
208 2
20 2
18 2
11 2
199 2
20 2
184 2
14 2
208 2
199 2
184 2
11 2
199 2
208 2
184 2
14 2
208 2
20 2
18 2
11 2
199 2
20 2
184 2
14 2
208 2
199 2
184 2
11 2
199 2
208 2
184 2
14 2
208 2
20 2
18 2
11 2
199 2
20 2
184 2
14 2
208 2
199 2
184 2
11 2
199 2
208 2
184 2
14 2
E
X
