minor
S
L
12 3
72 1
228 3
72 1
7 3
72 1
228 3
72 1
12 3
72 1
228 3
72 1
7 3
72 1
1631 3
72 1
5 3
72 1
398 3
72 1
12 3
72 1
542 3
72 1
17 3
72 1
202 3
72 1
10 3
72 1
1324 3
72 1
12 3
72 1
228 3
72 1
7 3
72 1
228 3
72 1
12 3
72 1
228 3
72 1
7 3
72 1
1631 3
72 1
5 3
72 1
398 3
72 1
17 3
72 1
542 3
72 1
15 3
72 1
202 3
72 1
10 3
72 1
1324 3
72 1
12 3
72 1
228 3
72 1
7 3
72 1
228 3
72 1
12 3
72 1
228 3
72 1
7 3
72 1
1631 3
72 1
5 3
72 1
398 3
72 1
12 3
72 1
542 3
72 1
17 3
72 1
202 3
72 1
10 3
72 1
1324 3
72 1
12 3
72 1
228 3
72 1
7 3
72 1
228 3
72 1
12 3
72 1
228 3
72 1
7 3
72 1
1631 3
72 1
5 3
72 1
398 3
72 1
17 3
72 1
542 3
72 1
15 3
72 1
202 3
72 1
10 3
72 1
1324 3
72 1
12 3
72 1
228 3
72 1
7 3
72 1
228 3
72 1
12 3
72 1
228 3
72 1
7 3
72 1
1631 3
72 1
5 3
72 1
398 3
72 1
12 3
72 1
542 3
72 1
17 3
72 1
202 3
72 1
10 3
72 1
1324 3
72 1
12 3
72 1
228 3
72 1
7 3
72 1
228 3
72 1
12 3
72 1
228 3
72 1
7 3
72 1
1631 3
72 1
5 3
72 1
398 3
72 1
17 3
72 1
542 3
72 1
15 3
72 1
202 3
72 1
10 3
72 1
1324 3
72 14
12 3
72 1
228 3
72 1
7 3
72 1
228 3
72 1
12 3
72 1
228 3
72 1
7 3
72 1
1631 3
72 1
5 3
72 1
398 3
72 1
12 3
72 1
542 3
72 1
17 3
72 1
202 3
72 1
15 3
72 1
1316 3
72 1
12 3
72 1
228 3
72 1
7 3
72 1
228 3
72 1
12 3
72 1
228 3
72 1
7 3
72 1
1631 3
72 1
5 3
72 1
398 3
72 1
17 3
72 1
212 3
72 1
17 3
72 1
202 3
72 1
10 3
72 1
1324 3
72 1
12 3
72 1
228 3
72 1
7 3
72 1
228 3
72 1
12 3
72 1
228 3
72 1
7 3
72 1
1631 3
72 1
5 3
72 1
398 3
72 1
17 3
72 1
542 3
72 1
17 3
72 1
202 3
72 1
10 3
72 1
1324 3
72 1
12 3
72 1
228 3
72 1
7 3
72 1
228 3
72 1
12 3
72 1
228 3
72 1
7 3
72 1
1631 3
72 1
5 3
72 1
398 3
72 1
17 3
72 1
542 3
72 1
15 3
72 1
202 3
72 1
10 3
72 1
1324 3
72 1
12 3
72 1
228 3
72 1
7 3
72 1
228 3
72 1
12 3
72 1
228 3
72 1
7 3
72 1
1631 3
72 1
5 3
72 1
398 3
72 1
17 3
72 1
542 3
72 1
17 3
72 1
202 3
72 1
10 3
72 1
1324 3
72 1
12 3
72 1
228 3
72 1
7 3
72 1
228 3
72 1
12 3
72 1
228 3
72 1
7 3
72 1
1631 3
72 1
5 3
72 1
398 3
72 1
17 3
72 1
542 3
72 1
15 3
72 1
202 3
72 1
10 3
72 1
1324 3
72 14
101 3
72 1
192 2
231 3
72 1
244 3
72 1
101 4
72 2
127 4
140 4
153 4
218 3
72 1
188 2
192 3
72 1
205 3
72 1
218 4
72 2
140 4
140 4
43 4
101 3
72 1
192 2
231 3
72 1
244 3
72 1
101 4
72 2
192 4
244 4
231 4
218 3
72 1
188 2
192 3
72 1
205 3
72 1
218 4
72 2
188 4
231 4
244 4
101 3
72 1
192 2
231 3
72 1
244 3
72 1
101 4
72 2
127 4
140 4
153 4
218 3
72 1
188 2
192 3
72 1
205 3
72 1
218 4
72 2
140 4
140 4
43 4
101 3
72 1
192 2
231 3
72 1
244 3
72 1
101 4
72 2
192 4
244 4
231 4
218 3
72 1
188 2
192 3
72 1
205 3
72 1
218 4
72 2
188 4
231 4
244 4
12 3
72 1
228 3
72 1
7 3
72 1
228 3
72 1
12 3
72 1
228 3
72 1
7 3
72 1
1631 3
72 1
5 3
72 1
398 3
72 1
12 3
72 1
542 3
72 1
17 3
72 1
202 3
72 1
10 3
72 1
1324 3
72 1
12 3
72 1
228 3
72 1
7 3
72 1
228 3
72 1
12 3
72 1
228 3
72 1
7 3
72 1
1631 3
72 1
5 3
72 1
398 3
72 1
17 3
72 1
542 3
72 1
15 3
72 1
202 3
72 1
10 3
72 1
1324 3
72 1
12 3
72 1
228 3
72 1
7 3
72 1
228 3
72 1
12 3
72 1
228 3
72 1
7 3
72 1
1631 3
72 1
5 3
72 1
398 3
72 1
12 3
72 1
542 3
72 1
17 3
72 1
202 3
72 1
10 3
72 1
1324 3
72 1
12 3
72 1
228 3
72 1
7 3
72 1
228 3
72 1
12 3
72 1
228 3
72 1
7 3
72 1
1631 3
72 1
5 3
72 1
398 3
72 1
17 3
72 1
542 3
72 1
15 3
72 1
202 3
72 1
10 3
72 1
1324 3
72 1
12 3
72 1
228 3
72 1
7 3
72 1
228 3
72 1
12 3
72 1
228 3
72 1
7 3
72 1
1631 3
72 1
5 3
72 1
398 3
72 1
12 3
72 1
542 3
72 1
17 3
72 1
202 3
72 1
10 3
72 1
1324 3
72 1
12 3
72 1
228 3
72 1
7 3
72 1
228 3
72 1
12 3
72 1
228 3
72 1
7 3
72 1
1631 3
72 1
5 3
72 1
398 3
72 1
17 3
72 1
542 3
72 1
15 3
72 1
202 3
72 1
10 3
72 1
1324 3
72 14
12 3
72 1
228 3
72 1
7 3
72 1
228 3
72 1
12 3
72 1
228 3
72 1
7 3
72 1
1631 3
72 1
5 3
72 1
398 3
72 1
12 3
72 1
542 3
72 1
17 3
72 1
202 3
72 1
15 3
72 1
1316 3
72 1
12 3
72 1
228 3
72 1
7 3
72 1
228 3
72 1
12 3
72 1
228 3
72 1
7 3
72 1
1631 3
72 1
5 3
72 1
398 3
72 1
17 3
72 1
212 3
72 1
17 3
72 1
202 3
72 1
10 3
72 1
1324 3
72 1
12 3
72 1
228 3
72 1
7 3
72 1
228 3
72 1
12 3
72 1
228 3
72 1
7 3
72 1
1631 3
72 1
5 3
72 1
398 3
72 1
17 3
72 1
542 3
72 1
17 3
72 1
202 3
72 1
10 3
72 1
1324 3
72 1
12 3
72 1
228 3
72 1
7 3
72 1
228 3
72 1
12 3
72 1
228 3
72 1
7 3
72 1
1631 3
72 1
5 3
72 1
398 3
72 1
17 3
72 1
542 3
72 1
15 3
72 1
202 3
72 1
10 3
72 1
1324 3
72 1
12 3
72 1
228 3
72 1
7 3
72 1
228 3
72 1
12 3
72 1
228 3
72 1
7 3
72 1
1631 3
72 1
5 3
72 1
398 3
72 1
17 3
72 1
542 3
72 1
17 3
72 1
202 3
72 1
10 3
72 1
1324 3
72 1
12 3
72 1
228 3
72 1
7 3
72 1
228 3
72 1
12 3
72 1
228 3
72 1
7 3
72 1
1631 3
72 1
5 3
72 1
398 3
72 1
17 3
72 1
542 3
72 1
15 3
72 1
202 3
72 1
10 3
72 1
1324 3
72 14
101 3
72 1
192 2
231 3
72 1
244 3
72 1
101 4
72 2
127 4
140 4
153 4
218 3
72 1
188 2
192 3
72 1
205 3
72 1
218 4
72 2
140 4
140 4
43 4
101 3
72 1
192 2
231 3
72 1
244 3
72 1
101 4
72 2
192 4
244 4
231 4
218 3
72 1
188 2
192 3
72 1
205 3
72 1
218 4
72 2
188 4
231 4
244 4
101 3
72 1
192 2
231 3
72 1
244 3
72 1
101 4
72 2
127 4
140 4
153 4
218 3
72 1
188 2
192 3
72 1
205 3
72 1
218 4
72 2
140 4
140 4
43 4
101 3
72 1
192 2
231 3
72 1
244 3
72 1
101 4
72 2
192 4
244 4
231 4
218 3
72 1
188 2
192 3
72 1
205 3
72 1
218 4
72 2
188 4
231 4
244 4
E
S
L
72 14
48 7
50 0
51 0
72 2
52 0
72 0
53 0
72 1
54 0
72 1
55 0
72 0
57 0
59 0
72 2
60 6
72 13
101 3
72 5
7 3
72 5
12 3
72 5
7 3
72 1
6 3
72 1
5 3
72 5
12 3
72 5
17 3
72 5
10 3
72 1
11 3
72 1
101 3
72 5
7 3
72 5
12 3
72 5
7 3
72 1
6 3
72 1
5 3
72 5
17 3
72 5
15 3
72 5
10 3
72 1
11 3
72 1
101 3
72 5
7 3
72 5
12 3
72 5
7 3
72 1
6 3
72 1
5 3
72 5
12 3
72 5
17 3
72 5
10 3
72 1
11 3
72 1
101 3
72 5
7 3
72 5
12 3
72 5
7 3
72 1
6 3
72 1
5 3
72 5
17 3
72 5
15 3
72 5
10 3
72 1
11 3
72 14
101 3
72 5
7 3
72 5
12 3
72 5
7 3
72 1
6 3
72 1
5 3
72 5
12 3
72 5
17 3
72 5
15 3
72 1
14 3
72 1
101 3
72 5
7 3
72 5
12 3
72 5
7 3
72 1
6 3
72 1
5 3
72 5
17 3
72 1
15 3
72 1
17 3
72 5
10 3
72 1
11 3
72 1
101 3
72 5
7 3
72 5
12 3
72 5
7 3
72 1
6 3
72 1
5 3
72 5
17 3
72 5
17 3
72 5
10 3
72 1
11 3
72 1
101 3
72 5
7 3
72 5
12 3
72 5
7 3
72 1
6 3
72 1
5 3
72 5
17 3
72 5
15 3
72 5
10 3
72 1
11 3
72 1
101 3
72 5
7 3
72 5
12 3
72 5
7 3
72 1
6 3
72 1
5 3
72 5
17 3
72 5
17 3
72 5
10 3
72 1
11 3
72 1
101 3
72 5
7 3
72 5
12 3
72 5
7 3
72 1
6 3
72 1
5 3
72 5
17 3
72 5
15 3
72 5
10 3
72 1
11 3
72 14
12 4
72 12
7 4
5 4
72 12
101 3
72 5
7 3
72 5
12 3
72 5
7 3
72 1
6 3
72 1
5 3
72 5
12 3
72 5
17 3
72 5
10 3
72 1
11 3
72 1
101 3
72 5
7 3
72 5
12 3
72 5
7 3
72 1
6 3
72 1
5 3
72 5
17 3
72 5
15 3
72 5
10 3
72 1
11 3
72 1
72 14
48 7
50 0
51 0
72 2
52 0
72 0
53 0
72 1
54 0
72 1
55 0
72 0
57 0
59 0
72 2
60 6
72 13
101 3
72 5
7 3
72 5
12 3
72 5
7 3
72 1
6 3
72 1
5 3
72 5
12 3
72 5
17 3
72 5
10 3
72 1
11 3
72 1
101 3
72 5
7 3
72 5
12 3
72 5
7 3
72 1
6 3
72 1
5 3
72 5
17 3
72 5
15 3
72 5
10 3
72 1
11 3
72 1
101 3
72 5
7 3
72 5
12 3
72 5
7 3
72 1
6 3
72 1
5 3
72 5
12 3
72 5
17 3
72 5
10 3
72 1
11 3
72 1
101 3
72 5
7 3
72 5
12 3
72 5
7 3
72 1
6 3
72 1
5 3
72 5
17 3
72 5
15 3
72 5
10 3
72 1
11 3
72 14
101 3
72 5
7 3
72 5
12 3
72 5
7 3
72 1
6 3
72 1
5 3
72 5
12 3
72 5
17 3
72 5
15 3
72 1
14 3
72 1
101 3
72 5
7 3
72 5
12 3
72 5
7 3
72 1
6 3
72 1
5 3
72 5
17 3
72 1
15 3
72 1
17 3
72 5
10 3
72 1
11 3
72 1
101 3
72 5
7 3
72 5
12 3
72 5
7 3
72 1
6 3
72 1
5 3
72 5
17 3
72 5
17 3
72 5
10 3
72 1
11 3
72 1
101 3
72 5
7 3
72 5
12 3
72 5
7 3
72 1
6 3
72 1
5 3
72 5
17 3
72 5
15 3
72 5
10 3
72 1
11 3
72 1
101 3
72 5
7 3
72 5
12 3
72 5
7 3
72 1
6 3
72 1
5 3
72 5
17 3
72 5
17 3
72 5
10 3
72 1
11 3
72 1
101 3
72 5
7 3
72 5
12 3
72 5
7 3
72 1
6 3
72 1
5 3
72 5
17 3
72 5
15 3
72 5
10 3
72 1
11 3
72 14
12 4
72 12
7 4
5 4
72 12
101 3
72 5
7 3
72 5
12 3
72 5
7 3
72 1
6 3
72 1
5 3
72 5
12 3
72 5
17 3
72 5
10 3
72 1
11 3
72 1
101 3
72 5
7 3
72 5
12 3
72 5
7 3
72 1
6 3
72 1
5 3
72 5
17 3
72 5
15 3
72 5
10 3
72 1
11 3
E
S
L
72 14
12 3
72 5
7 3
72 5
12 3
72 5
7 3
72 1
6 3
72 1
5 3
72 5
12 3
72 5
17 3
72 5
10 3
72 1
11 3
72 1
12 3
72 5
7 3
72 5
12 3
72 5
7 3
72 1
6 3
72 1
5 3
72 5
17 3
72 5
15 3
72 5
10 3
72 1
11 3
72 1
12 3
72 5
7 3
72 5
12 3
72 5
7 3
72 1
6 3
72 1
5 3
72 5
12 3
72 5
17 3
72 5
10 3
72 1
11 3
72 1
12 3
72 5
7 3
72 5
12 3
72 5
7 3
72 1
6 3
72 1
5 3
72 5
17 3
72 5
15 3
72 5
10 3
72 1
11 3
72 1
192 13
72 13
12 3
72 5
7 3
72 5
12 3
72 5
7 3
72 1
6 3
72 1
5 3
72 5
12 3
72 5
17 3
72 5
15 3
72 1
14 3
72 1
12 3
72 5
7 3
72 5
12 3
72 5
7 3
72 1
6 3
72 1
5 3
72 5
17 3
72 1
15 3
72 1
17 3
72 5
10 3
72 1
11 3
72 1
12 3
72 5
7 3
72 5
12 3
72 5
7 3
72 1
6 3
72 1
5 3
72 5
17 3
72 5
17 3
72 5
10 3
72 1
11 3
72 1
12 3
72 5
7 3
72 5
12 3
72 5
7 3
72 1
6 3
72 1
5 3
72 5
17 3
72 5
15 3
72 5
10 3
72 1
11 3
72 1
12 3
72 5
7 3
72 5
12 3
72 5
7 3
72 1
6 3
72 1
5 3
72 5
17 3
72 5
17 3
72 5
10 3
72 1
11 3
72 1
12 3
72 5
7 3
72 5
12 3
72 5
7 3
72 1
6 3
72 1
5 3
72 5
17 3
72 5
15 3
72 5
10 3
72 1
11 3
72 1
192 13
72 14
12 4
72 12
7 4
5 4
72 12
12 3
72 5
7 3
72 5
12 3
72 5
7 3
72 1
6 3
72 1
5 3
72 5
12 3
72 5
17 3
72 5
10 3
72 1
11 3
72 1
12 3
72 5
7 3
72 5
12 3
72 5
7 3
72 1
6 3
72 1
5 3
72 5
17 3
72 5
15 3
72 5
10 3
72 1
11 3
72 1
72 14
12 3
72 5
7 3
72 5
12 3
72 5
7 3
72 1
6 3
72 1
5 3
72 5
12 3
72 5
17 3
72 5
10 3
72 1
11 3
72 1
12 3
72 5
7 3
72 5
12 3
72 5
7 3
72 1
6 3
72 1
5 3
72 5
17 3
72 5
15 3
72 5
10 3
72 1
11 3
72 1
12 3
72 5
7 3
72 5
12 3
72 5
7 3
72 1
6 3
72 1
5 3
72 5
12 3
72 5
17 3
72 5
10 3
72 1
11 3
72 1
12 3
72 5
7 3
72 5
12 3
72 5
7 3
72 1
6 3
72 1
5 3
72 5
17 3
72 5
15 3
72 5
10 3
72 1
11 3
72 1
192 13
72 13
12 3
72 5
7 3
72 5
12 3
72 5
7 3
72 1
6 3
72 1
5 3
72 5
12 3
72 5
17 3
72 5
15 3
72 1
14 3
72 1
12 3
72 5
7 3
72 5
12 3
72 5
7 3
72 1
6 3
72 1
5 3
72 5
17 3
72 1
15 3
72 1
17 3
72 5
10 3
72 1
11 3
72 1
12 3
72 5
7 3
72 5
12 3
72 5
7 3
72 1
6 3
72 1
5 3
72 5
17 3
72 5
17 3
72 5
10 3
72 1
11 3
72 1
12 3
72 5
7 3
72 5
12 3
72 5
7 3
72 1
6 3
72 1
5 3
72 5
17 3
72 5
15 3
72 5
10 3
72 1
11 3
72 1
12 3
72 5
7 3
72 5
12 3
72 5
7 3
72 1
6 3
72 1
5 3
72 5
17 3
72 5
17 3
72 5
10 3
72 1
11 3
72 1
12 3
72 5
7 3
72 5
12 3
72 5
7 3
72 1
6 3
72 1
5 3
72 5
17 3
72 5
15 3
72 5
10 3
72 1
11 3
72 1
192 13
72 14
12 4
72 12
7 4
5 4
72 12
12 3
72 5
7 3
72 5
12 3
72 5
7 3
72 1
6 3
72 1
5 3
72 5
12 3
72 5
17 3
72 5
10 3
72 1
11 3
72 1
12 3
72 5
7 3
72 5
12 3
72 5
7 3
72 1
6 3
72 1
5 3
72 5
17 3
72 5
15 3
72 5
10 3
72 1
11 3
E
S
H
72 14
67 2
72 2
67 2
72 2
67 2
72 2
67 6
63 2
67 4
66 4
65 9
69 2
72 2
69 4
67 2
69 2
67 4
60 4
72 14
67 2
72 2
67 2
72 2
67 2
72 2
66 2
72 2
66 2
72 2
65 2
72 2
65 2
72 2
63 12
72 2
60 6
72 7
56 2
55 10
60 2
59 10
63 2
62 11
67 7
72 14
67 2
72 2
67 2
72 2
67 2
72 2
67 2
72 2
67 2
72 2
67 2
72 2
67 2
60 2
63 11
71 4
71 2
63 2
70 4
69 2
68 2
72 14
67 3
72 1
64 3
72 8
67 3
72 1
64 3
72 1
67 3
72 1
64 3
72 1
65 9
63 3
72 1
63 8
72 5
67 3
72 1
64 3
72 8
67 3
72 1
64 3
72 1
67 3
72 1
67 3
72 1
65 3
72 1
60 10
72 11
56 2
55 10
60 2
59 10
63 2
62 11
67 7
72 14
72 14
67 2
72 2
67 2
72 2
67 2
72 2
67 6
63 2
67 4
66 4
65 9
69 2
72 2
69 4
67 2
69 2
67 4
60 4
72 14
67 2
72 2
67 2
72 2
67 2
72 2
66 2
72 2
66 2
72 2
65 2
72 2
65 2
72 2
63 12
72 2
60 6
72 7
56 2
55 10
60 2
59 10
63 2
62 11
67 7
72 14
67 2
72 2
67 2
72 2
67 2
72 2
67 2
72 2
67 2
72 2
67 2
72 2
67 2
60 2
63 11
71 4
71 2
63 2
70 4
69 2
68 2
72 14
67 3
72 1
64 3
72 8
67 3
72 1
64 3
72 1
67 3
72 1
64 3
72 1
65 9
63 3
72 1
63 8
72 5
67 3
72 1
64 3
72 8
67 3
72 1
64 3
72 1
67 3
72 1
67 3
72 1
65 3
72 1
60 10
72 11
56 2
55 10
60 2
59 10
63 2
62 11
67 7
E
S
H
72 14
55 2
72 2
55 2
72 2
55 2
72 2
67 6
63 2
55 4
54 4
53 9
57 2
72 2
57 4
55 2
57 2
55 4
48 4
72 14
55 2
72 2
55 2
72 2
55 2
72 2
54 2
72 2
54 2
72 2
53 2
72 2
53 2
72 2
51 12
72 2
48 6
72 7
44 2
43 10
48 2
47 10
51 2
50 11
55 7
72 14
55 2
72 2
55 2
72 2
55 2
72 2
55 2
72 2
55 2
72 2
55 2
72 2
55 2
60 2
63 11
59 4
59 2
63 2
58 4
57 2
56 2
72 14
55 3
72 1
52 3
72 8
55 3
72 1
52 3
72 1
55 3
72 1
52 3
72 1
53 9
51 3
72 1
51 8
72 5
55 3
72 1
52 3
72 8
55 3
72 1
52 3
72 1
55 3
72 1
55 3
72 1
53 3
72 1
60 10
72 11
44 2
43 10
48 2
47 10
51 2
50 11
55 7
72 14
72 14
55 2
72 2
55 2
72 2
55 2
72 2
67 6
63 2
55 4
54 4
53 9
57 2
72 2
57 4
55 2
57 2
55 4
48 4
72 14
55 2
72 2
55 2
72 2
55 2
72 2
54 2
72 2
54 2
72 2
53 2
72 2
53 2
72 2
51 12
72 2
48 6
72 7
44 2
43 10
48 2
47 10
51 2
50 11
55 7
72 14
55 2
72 2
55 2
72 2
55 2
72 2
55 2
72 2
55 2
72 2
55 2
72 2
55 2
60 2
63 11
59 4
59 2
63 2
58 4
57 2
56 2
72 14
55 3
72 1
52 3
72 8
55 3
72 1
52 3
72 1
55 3
72 1
52 3
72 1
53 9
51 3
72 1
51 8
72 5
55 3
72 1
52 3
72 8
55 3
72 1
52 3
72 1
55 3
72 1
55 3
72 1
53 3
72 1
60 10
72 11
44 2
43 10
48 2
47 10
51 2
50 11
55 7
E
S
L
72 14
19 4
72 14
12 10
72 2
12 10
72 2
166 13
72 2
19 4
19 4
19 4
19 4
19 4
19 4
19 4
19 4
19 4
19 4
19 4
19 4
19 4
19 4
19 4
19 4
101 13
72 2
166 12
72 2
140 6
72 2
101 13
72 2
166 12
72 2
231 6
72 2
101 13
72 2
166 12
72 2
231 6
72 2
101 13
72 2
166 12
72 2
231 6
72 2
101 13
72 2
166 12
72 2
231 6
72 2
101 13
72 2
166 12
72 2
231 6
72 2
19 4
19 4
19 4
19 4
19 4
19 4
19 4
19 4
19 4
19 4
19 4
19 4
19 4
19 4
19 4
19 4
72 14
101 13
72 2
166 12
72 2
231 6
72 2
101 13
72 2
166 12
72 2
231 6
72 2
72 14
19 4
72 14
12 10
72 2
12 10
72 2
166 13
72 2
19 4
19 4
19 4
19 4
19 4
19 4
19 4
19 4
19 4
19 4
19 4
19 4
19 4
19 4
19 4
19 4
101 13
72 2
166 12
72 2
140 6
72 2
101 13
72 2
166 12
72 2
231 6
72 2
101 13
72 2
166 12
72 2
231 6
72 2
101 13
72 2
166 12
72 2
231 6
72 2
101 13
72 2
166 12
72 2
231 6
72 2
101 13
72 2
166 12
72 2
231 6
72 2
19 4
19 4
19 4
19 4
19 4
19 4
19 4
19 4
19 4
19 4
19 4
19 4
19 4
19 4
19 4
19 4
72 14
101 13
72 2
166 12
72 2
231 6
72 2
101 13
72 2
166 12
72 2
231 6
E
S
L
72 14
12 4
72 14
12 4
72 14
12 4
72 14
12 4
72 14
12 4
72 14
12 4
72 14
12 4
72 14
12 4
72 14
12 4
72 14
12 4
72 14
12 4
72 14
12 4
72 14
72 14
12 4
72 14
12 4
72 14
12 4
72 14
12 4
72 14
12 4
72 14
12 4
72 14
12 4
72 14
12 4
72 14
12 4
72 14
12 4
72 14
12 4
72 14
12 4
E
S
H
72 14
48 3
72 1
48 3
72 1
48 3
72 1
48 3
72 1
48 3
72 1
48 2
52 2
55 2
52 2
53 8
72 1
60 4
60 8
72 1
53 4
72 4
48 3
72 1
48 3
72 1
48 3
72 1
48 3
72 1
48 3
72 1
48 3
72 1
52 2
55 2
53 6
72 2
53 4
57 2
60 2
58 4
58 4
58 4
62 2
65 2
64 6
72 14
55 4
55 2
60 2
54 4
53 2
52 2
51 4
51 2
55 2
48 4
50 2
48 2
53 2
53 4
48 2
51 4
48 2
46 2
45 2
45 2
44 2
48 2
44 4
43 4
72 14
48 2
72 2
48 2
48 2
48 2
72 2
48 2
48 2
48 2
48 2
48 2
48 2
48 2
72 2
48 2
48 2
48 2
72 2
48 2
48 2
48 2
72 2
48 2
48 2
48 2
48 2
48 2
48 2
48 2
72 2
48 2
48 2
48 2
72 2
48 2
48 2
48 2
72 2
48 2
48 2
48 2
48 2
48 2
48 2
48 2
72 2
48 2
48 2
48 2
72 2
48 2
48 2
48 2
72 2
48 2
48 2
48 2
48 2
48 2
48 2
48 2
72 2
48 2
48 2
72 14
48 3
72 1
48 3
72 1
48 3
72 1
48 3
72 1
48 3
72 1
48 2
52 2
55 2
52 2
53 8
72 1
60 4
60 8
72 1
53 4
72 4
48 3
72 1
48 3
72 1
48 3
72 1
48 3
72 1
48 3
72 1
48 3
72 1
52 2
55 2
53 6
72 2
53 4
57 2
60 2
58 4
58 4
58 4
62 2
65 2
64 6
72 14
55 4
55 2
60 2
54 4
53 2
52 2
51 4
51 2
55 2
48 4
50 2
48 2
53 2
53 4
48 2
51 4
48 2
46 2
45 2
45 2
44 2
48 2
44 4
43 4
72 14
48 2
72 2
48 2
48 2
48 2
72 2
48 2
48 2
48 2
48 2
48 2
48 2
48 2
72 2
48 2
48 2
48 2
72 2
48 2
48 2
48 2
72 2
48 2
48 2
48 2
48 2
48 2
48 2
48 2
72 2
48 2
48 2
48 2
72 2
48 2
48 2
48 2
72 2
48 2
48 2
48 2
48 2
48 2
48 2
48 2
72 2
48 2
48 2
48 2
72 2
48 2
48 2
48 2
72 2
48 2
48 2
48 2
48 2
48 2
48 2
48 2
72 2
48 2
48 2
E
S
H
72 14
48 7
50 0
51 0
72 2
52 0
72 0
53 0
72 1
54 0
72 1
55 0
72 0
57 0
59 0
72 2
60 6
72 14
43 14
47 13
51 13
55 6
72 14
48 7
50 0
51 0
72 2
52 0
72 0
53 0
72 1
54 0
72 1
55 0
72 0
57 0
59 0
72 14
48 7
50 0
51 0
72 2
52 0
72 0
53 0
72 1
54 0
72 1
55 0
72 0
57 0
59 0
72 14
43 14
47 13
51 13
55 6
72 14
72 14
48 7
50 0
51 0
72 2
52 0
72 0
53 0
72 1
54 0
72 1
55 0
72 0
57 0
59 0
72 2
60 6
72 14
43 14
47 13
51 13
55 6
72 14
48 7
50 0
51 0
72 2
52 0
72 0
53 0
72 1
54 0
72 1
55 0
72 0
57 0
59 0
72 14
48 7
50 0
51 0
72 2
52 0
72 0
53 0
72 1
54 0
72 1
55 0
72 0
57 0
59 0
72 14
43 14
47 13
51 13
55 6
E
S
H
72 14
72 13
38 4
38 2
40 4
40 2
38 6
38 2
40 4
40 4
40 4
40 6
72 4
38 2
40 4
38 4
38 2
38 2
40 4
40 4
38 4
38 2
40 4
40 2
38 6
38 2
40 4
40 4
40 4
40 6
72 4
38 2
40 4
38 4
38 2
38 2
40 2
40 2
40 2
40 2
38 4
38 2
40 4
40 2
38 6
38 2
40 4
40 4
40 4
40 6
72 4
38 2
40 4
38 4
38 2
38 2
40 4
40 4
38 4
38 2
40 4
40 2
38 6
38 2
40 4
40 4
40 4
40 6
72 4
38 2
40 4
38 4
38 2
38 2
40 2
40 2
40 2
40 2
38 4
38 2
40 4
40 2
38 6
38 2
40 4
40 4
40 4
40 6
72 4
38 2
40 4
38 4
38 2
38 2
40 4
40 4
38 4
38 2
40 4
40 2
38 6
38 2
40 4
40 4
40 4
40 6
72 4
38 2
40 4
38 4
38 2
38 2
40 2
40 2
40 2
40 2
72 13
72 13
40 4
39 2
137 2
40 4
39 2
39 2
40 4
39 2
39 2
40 2
38 0
72 0
38 0
72 1
139 0
72 1
38 0
72 0
139 0
38 0
72 2
149 4
39 2
39 2
40 4
39 2
39 2
40 4
39 2
39 2
40 4
39 2
39 2
149 4
39 2
137 2
40 4
137 2
39 2
40 2
36 2
39 2
39 2
149 4
39 2
39 2
149 4
39 2
39 2
149 2
36 2
39 2
39 2
149 4
137 2
39 2
149 2
36 2
39 2
137 2
40 4
39 2
137 2
40 4
39 2
39 2
40 4
39 2
39 2
40 2
38 0
72 0
38 0
72 1
139 0
72 1
38 0
72 0
139 0
38 0
72 2
149 4
39 2
39 2
40 4
39 2
39 2
40 4
39 2
39 2
40 4
39 2
39 2
149 4
39 2
137 2
40 4
137 2
39 2
40 2
36 2
39 2
39 2
149 4
39 2
39 2
149 4
39 2
39 2
149 2
36 2
39 2
39 2
149 4
137 2
39 2
149 2
36 2
39 2
137 2
72 14
72 13
38 4
38 2
40 4
40 2
38 6
38 2
40 4
40 4
40 4
40 6
72 4
38 2
40 4
38 4
38 2
38 2
40 4
40 4
38 4
38 2
40 4
40 2
38 6
38 2
40 4
40 4
40 4
40 6
72 4
38 2
40 4
38 4
38 2
38 2
40 2
40 2
40 2
40 2
38 4
38 2
40 4
40 2
38 6
38 2
40 4
40 4
40 4
40 6
72 4
38 2
40 4
38 4
38 2
38 2
40 4
40 4
38 4
38 2
40 4
40 2
38 6
38 2
40 4
40 4
40 4
40 6
72 4
38 2
40 4
38 4
38 2
38 2
40 2
40 2
40 2
40 2
38 4
38 2
40 4
40 2
38 6
38 2
40 4
40 4
40 4
40 6
72 4
38 2
40 4
38 4
38 2
38 2
40 4
40 4
38 4
38 2
40 4
40 2
38 6
38 2
40 4
40 4
40 4
40 6
72 4
38 2
40 4
38 4
38 2
38 2
40 2
40 2
40 2
40 2
72 13
72 13
40 4
39 2
137 2
40 4
39 2
39 2
40 4
39 2
39 2
40 2
38 0
72 0
38 0
72 1
139 0
72 1
38 0
72 0
139 0
38 0
72 2
149 4
39 2
39 2
40 4
39 2
39 2
40 4
39 2
39 2
40 4
39 2
39 2
149 4
39 2
137 2
40 4
137 2
39 2
40 2
36 2
39 2
39 2
149 4
39 2
39 2
149 4
39 2
39 2
149 2
36 2
39 2
39 2
149 4
137 2
39 2
149 2
36 2
39 2
137 2
40 4
39 2
137 2
40 4
39 2
39 2
40 4
39 2
39 2
40 2
38 0
72 0
38 0
72 1
139 0
72 1
38 0
72 0
139 0
38 0
72 2
149 4
39 2
39 2
40 4
39 2
39 2
40 4
39 2
39 2
40 4
39 2
39 2
149 4
39 2
137 2
40 4
137 2
39 2
40 2
36 2
39 2
39 2
149 4
39 2
39 2
149 4
39 2
39 2
149 2
36 2
39 2
39 2
149 4
137 2
39 2
149 2
36 2
39 2
137 2
E
S
L
210 13
72 14
203 4
72 4
203 4
72 4
203 4
72 4
203 4
72 4
203 4
72 4
203 4
72 4
203 4
72 4
203 4
72 4
203 4
72 4
203 4
72 4
203 4
72 4
203 4
72 4
203 4
72 4
203 4
72 4
203 4
72 4
203 4
72 4
203 4
72 4
203 4
72 4
203 4
72 4
203 4
72 4
203 4
72 4
203 4
72 4
203 4
72 4
203 4
72 4
203 4
72 4
203 4
72 4
203 4
72 4
203 4
72 4
203 4
72 4
203 4
72 4
203 4
72 4
203 4
203 6
72 8
203 6
72 8
16 0
16 0
72 2
16 0
72 0
16 0
72 1
16 0
72 1
16 0
72 0
16 0
16 0
72 2
16 0
16 0
72 2
16 0
72 0
16 0
72 1
16 0
72 1
16 0
72 0
16 0
16 0
72 2
16 0
16 0
72 2
16 0
72 0
16 0
72 1
16 0
72 1
16 0
72 0
16 0
16 0
72 2
16 0
16 0
72 2
16 0
72 0
16 0
72 1
16 0
72 1
16 0
72 0
16 0
16 0
72 2
1800 4
203 4
72 4
203 4
72 4
203 4
72 4
203 4
72 4
203 4
72 4
203 4
72 4
203 4
72 4
203 4
72 4
203 4
72 4
203 4
72 4
203 4
72 4
203 4
72 4
203 4
72 4
203 4
72 4
203 4
72 4
203 4
72 4
203 4
72 4
203 4
72 4
203 4
72 4
203 4
72 4
203 4
72 4
203 4
72 4
203 4
72 4
203 4
72 4
203 4
72 4
203 4
72 4
203 4
72 4
203 4
72 4
203 4
72 4
203 4
72 4
203 4
72 4
203 4
72 4
203 4
72 4
203 4
72 4
203 4
72 4
203 4
72 4
203 4
72 4
203 4
72 4
203 4
72 4
203 4
72 4
203 4
72 4
203 4
72 4
203 4
72 4
203 4
72 4
203 4
72 4
203 4
72 4
203 4
72 4
203 4
203 6
72 8
203 6
72 8
16 0
16 0
72 2
16 0
72 0
16 0
72 1
16 0
72 1
16 0
72 0
16 0
16 0
72 2
16 0
16 0
72 2
16 0
72 0
16 0
72 1
16 0
72 1
16 0
72 0
16 0
16 0
72 2
16 0
16 0
72 2
16 0
72 0
16 0
72 1
16 0
72 1
16 0
72 0
16 0
16 0
72 2
16 0
16 0
72 2
16 0
72 0
16 0
72 1
16 0
72 1
16 0
72 0
16 0
16 0
72 2
227 4
18 4
18 4
18 4
18 4
18 4
18 4
18 4
18 4
18 4
18 4
18 4
18 4
18 4
18 4
18 4
18 4
18 4
18 4
18 4
18 4
18 4
18 4
18 4
18 4
18 4
18 4
18 4
18 4
18 4
18 4
18 4
20 4
18 2
18 2
20 4
18 2
18 2
20 4
18 2
18 2
20 4
18 2
18 2
20 4
18 2
18 2
20 4
18 2
18 2
20 4
18 2
18 2
20 4
18 2
18 2
20 4
18 2
18 2
20 4
18 2
18 2
20 4
18 2
18 2
20 4
18 2
18 2
20 4
18 2
18 2
20 4
18 2
18 2
20 4
18 2
18 2
197 2
12 2
173 2
173 2
210 13
72 14
203 4
72 4
203 4
72 4
203 4
72 4
203 4
72 4
203 4
72 4
203 4
72 4
203 4
72 4
203 4
72 4
203 4
72 4
203 4
72 4
203 4
72 4
203 4
72 4
203 4
72 4
203 4
72 4
203 4
72 4
203 4
72 4
203 4
72 4
203 4
72 4
203 4
72 4
203 4
72 4
203 4
72 4
203 4
72 4
203 4
72 4
203 4
72 4
203 4
72 4
203 4
72 4
203 4
72 4
203 4
72 4
203 4
72 4
203 4
72 4
203 4
72 4
203 4
203 6
72 8
203 6
72 8
16 0
16 0
72 2
16 0
72 0
16 0
72 1
16 0
72 1
16 0
72 0
16 0
16 0
72 2
16 0
16 0
72 2
16 0
72 0
16 0
72 1
16 0
72 1
16 0
72 0
16 0
16 0
72 2
16 0
16 0
72 2
16 0
72 0
16 0
72 1
16 0
72 1
16 0
72 0
16 0
16 0
72 2
16 0
16 0
72 2
16 0
72 0
16 0
72 1
16 0
72 1
16 0
72 0
16 0
16 0
72 2
1800 4
203 4
72 4
203 4
72 4
203 4
72 4
203 4
72 4
203 4
72 4
203 4
72 4
203 4
72 4
203 4
72 4
203 4
72 4
203 4
72 4
203 4
72 4
203 4
72 4
203 4
72 4
203 4
72 4
203 4
72 4
203 4
72 4
203 4
72 4
203 4
72 4
203 4
72 4
203 4
72 4
203 4
72 4
203 4
72 4
203 4
72 4
203 4
72 4
203 4
72 4
203 4
72 4
203 4
72 4
203 4
72 4
203 4
72 4
203 4
72 4
203 4
72 4
203 4
72 4
203 4
72 4
203 4
72 4
203 4
72 4
203 4
72 4
203 4
72 4
203 4
72 4
203 4
72 4
203 4
72 4
203 4
72 4
203 4
72 4
203 4
72 4
203 4
72 4
203 4
72 4
203 4
72 4
203 4
72 4
203 4
203 6
72 8
203 6
72 8
16 0
16 0
72 2
16 0
72 0
16 0
72 1
16 0
72 1
16 0
72 0
16 0
16 0
72 2
16 0
16 0
72 2
16 0
72 0
16 0
72 1
16 0
72 1
16 0
72 0
16 0
16 0
72 2
16 0
16 0
72 2
16 0
72 0
16 0
72 1
16 0
72 1
16 0
72 0
16 0
16 0
72 2
16 0
16 0
72 2
16 0
72 0
16 0
72 1
16 0
72 1
16 0
72 0
16 0
16 0
72 2
227 4
18 4
18 4
18 4
18 4
18 4
18 4
18 4
18 4
18 4
18 4
18 4
18 4
18 4
18 4
18 4
18 4
18 4
18 4
18 4
18 4
18 4
18 4
18 4
18 4
18 4
18 4
18 4
18 4
18 4
18 4
18 4
20 4
18 2
18 2
20 4
18 2
18 2
20 4
18 2
18 2
20 4
18 2
18 2
20 4
18 2
18 2
20 4
18 2
18 2
20 4
18 2
18 2
20 4
18 2
18 2
20 4
18 2
18 2
20 4
18 2
18 2
20 4
18 2
18 2
20 4
18 2
18 2
20 4
18 2
18 2
20 4
18 2
18 2
20 4
18 2
18 2
197 2
12 2
173 2
173 2
E
S
H
72 14
55 2
72 2
55 2
72 2
55 2
72 2
67 6
63 2
55 4
54 4
53 9
57 2
72 2
57 4
55 2
57 2
55 4
48 4
72 14
55 2
72 2
55 2
72 2
55 2
72 2
54 2
72 2
54 2
72 2
53 2
72 2
53 2
72 2
51 12
72 2
48 6
72 7
32 2
31 10
36 2
35 10
39 2
38 11
43 7
72 14
55 2
72 2
55 2
72 2
55 2
72 2
55 2
72 2
55 2
72 2
55 2
72 2
55 2
60 2
63 11
59 4
59 2
63 2
58 4
57 2
56 2
55 4
72 14
67 3
72 1
64 3
72 8
67 3
72 1
64 3
72 1
67 3
72 1
64 3
72 1
65 9
63 3
72 1
63 8
72 5
67 3
72 1
64 3
72 8
67 3
72 1
64 3
72 1
67 3
72 1
67 3
72 1
65 3
72 1
60 10
72 11
32 2
31 10
36 2
35 10
39 2
38 11
43 7
72 14
72 14
55 2
72 2
55 2
72 2
55 2
72 2
67 6
63 2
55 4
54 4
53 9
57 2
72 2
57 4
55 2
57 2
55 4
48 4
72 14
55 2
72 2
55 2
72 2
55 2
72 2
54 2
72 2
54 2
72 2
53 2
72 2
53 2
72 2
51 12
72 2
48 6
72 7
32 2
31 10
36 2
35 10
39 2
38 11
43 7
72 14
55 2
72 2
55 2
72 2
55 2
72 2
55 2
72 2
55 2
72 2
55 2
72 2
55 2
60 2
63 11
59 4
59 2
63 2
58 4
57 2
56 2
55 4
72 14
67 3
72 1
64 3
72 8
67 3
72 1
64 3
72 1
67 3
72 1
64 3
72 1
65 9
63 3
72 1
63 8
72 5
67 3
72 1
64 3
72 8
67 3
72 1
64 3
72 1
67 3
72 1
67 3
72 1
65 3
72 1
60 10
72 11
32 2
31 10
36 2
35 10
39 2
38 11
43 7
E
S
H
72 14
48 7
50 0
51 0
72 2
52 0
72 0
53 0
72 1
54 0
72 1
55 0
72 0
57 0
59 0
72 14
48 7
50 0
51 0
72 2
52 0
72 0
53 0
72 1
54 0
72 1
55 0
72 0
57 0
59 0
72 14
72 14
48 7
50 0
51 0
72 2
52 0
72 0
53 0
72 1
54 0
72 1
55 0
72 0
57 0
59 0
72 14
48 7
50 0
51 0
72 2
52 0
72 0
53 0
72 1
54 0
72 1
55 0
72 0
57 0
59 0
E
X
