major
S
H
29 2
44 2
43 6
36 6
51 4
49 4
48 6
46 2
43 6
44 6
46 4
42 6
42 2
44 4
51 4
41 9
42 9
44 6
45 11
E
S
L
29 10
25 11
24 10
23 11
22 9
27 9
26 6
30 11
E
S
L
32 4
32 4
32 4
31 2
32 6
32 4
32 4
32 4
31 4
31 4
31 4
31 2
27 6
21 4
26 4
23 4
37 4
37 4
37 4
39 4
39 4
39 4
37 4
37 2
50 11
E
S
L
11 0
72 4
11 0
72 4
14 0
72 7
11 0
72 6
11 0
72 4
14 0
72 2
14 0
72 4
11 0
72 4
11 0
72 4
14 0
72 7
11 0
72 6
11 0
72 4
14 0
72 2
14 0
72 4
11 0
72 4
11 0
72 4
14 0
72 7
11 0
72 6
11 0
72 4
14 0
72 2
14 0
72 4
14 12
E
X
