minor
S
H
49 4
72 2
42 2
44 2
40 4
47 8
45 2
44 4
40 2
35 13
49 4
72 2
42 2
44 2
40 4
47 8
45 2
44 4
40 2
35 12
49 2
72 2
47 2
49 2
72 2
52 2
59 2
72 2
57 2
72 2
56 2
57 2
72 2
56 2
59 2
72 2
56 4
59 2
61 6
59 6
57 2
59 8
72 2
58 2
61 4
63 6
61 6
58 2
61 8
72 2
58 2
61 4
63 6
61 12
49 4
72 2
42 2
44 2
40 4
47 8
45 2
44 4
40 2
35 13
49 4
72 2
42 2
44 2
40 4
47 8
45 2
44 4
40 2
35 12
49 2
72 2
47 2
49 2
72 2
52 2
59 2
72 2
57 2
72 2
56 2
57 2
72 2
56 2
59 2
72 2
56 4
59 2
61 6
59 6
57 2
59 8
72 2
58 2
61 4
63 6
61 6
58 2
61 8
72 2
58 2
61 4
63 6
61 12
E
S
L
25 4
25 4
25 2
25 2
25 2
25 2
25 4
25 4
25 2
25 2
25 2
25 2
25 4
25 4
25 2
25 2
25 2
25 2
23 4
23 4
23 2
23 2
23 2
23 2
25 4
25 4
25 2
25 2
25 2
25 2
25 4
25 4
25 2
25 2
25 2
25 2
25 4
25 4
25 2
25 2
25 2
25 2
23 4
23 4
23 2
23 2
23 2
23 2
21 4
21 4
21 2
21 2
21 2
21 2
21 4
21 4
21 2
21 2
21 2
21 2
23 4
23 4
23 2
23 2
23 2
23 2
23 4
23 4
23 2
23 2
23 2
23 2
25 4
25 4
25 2
25 2
25 2
25 2
25 4
25 4
25 2
25 2
25 2
25 2
25 4
25 4
25 2
25 2
25 2
25 2
25 4
25 4
25 2
25 2
25 2
25 2
25 4
25 4
25 2
25 2
25 2
25 2
25 4
25 4
25 2
25 2
25 2
25 2
25 4
25 4
25 2
25 2
25 2
25 2
23 4
23 4
23 2
23 2
23 2
23 2
25 4
25 4
25 2
25 2
25 2
25 2
25 4
25 4
25 2
25 2
25 2
25 2
25 4
25 4
25 2
25 2
25 2
25 2
23 4
23 4
23 2
23 2
23 2
23 2
21 4
21 4
21 2
21 2
21 2
21 2
21 4
21 4
21 2
21 2
21 2
21 2
23 4
23 4
23 2
23 2
23 2
23 2
23 4
23 4
23 2
23 2
23 2
23 2
25 4
25 4
25 2
25 2
25 2
25 2
25 4
25 4
25 2
25 2
25 2
25 2
25 4
25 4
25 2
25 2
25 2
25 2
25 4
25 4
25 2
25 2
25 2
25 2
E
S
H
37 2
42 2
47 2
49 2
37 2
42 2
47 2
49 2
37 2
42 2
47 2
49 2
37 2
42 2
47 2
49 2
37 2
40 2
45 2
47 2
37 2
40 2
45 2
47 2
37 2
40 2
45 2
47 2
37 2
40 2
45 2
47 2
37 2
42 2
47 2
49 2
37 2
42 2
47 2
49 2
37 2
42 2
47 2
49 2
37 2
42 2
47 2
49 2
37 2
40 2
45 2
47 2
37 2
40 2
45 2
47 2
37 2
40 2
45 2
47 2
37 2
40 2
45 2
47 2
37 2
42 2
47 2
49 2
37 2
42 2
47 2
49 2
37 2
42 2
47 2
49 2
37 2
42 2
47 2
49 2
37 2
44 2
49 2
51 2
39 2
44 2
49 2
51 2
37 2
44 2
49 2
51 2
39 2
44 2
49 2
51 2
37 2
42 2
47 2
49 2
37 2
42 2
47 2
49 2
37 2
42 2
47 2
49 2
37 2
42 2
47 2
49 2
37 2
42 2
47 2
49 2
37 2
42 2
47 2
49 2
37 2
42 2
47 2
49 2
37 2
42 2
47 2
49 2
37 2
42 2
47 2
49 2
37 2
42 2
47 2
49 2
37 2
42 2
47 2
49 2
37 2
42 2
47 2
49 2
37 2
40 2
45 2
47 2
37 2
40 2
45 2
47 2
37 2
40 2
45 2
47 2
37 2
40 2
45 2
47 2
37 2
42 2
47 2
49 2
37 2
42 2
47 2
49 2
37 2
42 2
47 2
49 2
37 2
42 2
47 2
49 2
37 2
40 2
45 2
47 2
37 2
40 2
45 2
47 2
37 2
40 2
45 2
47 2
37 2
40 2
45 2
47 2
37 2
42 2
47 2
49 2
37 2
42 2
47 2
49 2
37 2
42 2
47 2
49 2
37 2
42 2
47 2
49 2
37 2
44 2
49 2
51 2
39 2
44 2
49 2
51 2
37 2
44 2
49 2
51 2
39 2
44 2
49 2
51 2
37 2
42 2
47 2
49 2
37 2
42 2
47 2
49 2
37 2
42 2
47 2
49 2
37 2
42 2
47 2
49 2
37 2
42 2
47 2
49 2
37 2
42 2
47 2
49 2
37 2
42 2
47 2
49 2
37 2
42 2
47 2
49 2
E
S
L
20 0
72 6
20 0
72 2
20 0
72 4
20 0
72 2
20 0
20 0
72 2
20 0
72 6
20 0
72 2
20 0
72 4
20 0
72 2
20 0
20 0
72 2
20 0
72 6
20 0
72 2
20 0
72 4
20 0
72 2
20 0
20 0
72 2
20 0
72 6
20 0
72 2
20 0
72 4
20 0
72 2
20 0
20 0
72 2
20 0
72 6
20 0
72 2
20 0
72 4
20 0
72 2
20 0
20 0
72 2
20 0
72 6
20 0
72 2
20 0
72 4
20 0
72 2
20 0
20 0
72 2
20 0
72 6
20 0
72 2
20 0
72 4
20 0
72 2
20 0
20 0
72 2
20 0
72 6
20 0
72 2
20 0
72 4
20 0
72 2
20 0
20 0
72 2
20 0
72 6
20 0
72 2
20 0
72 4
20 0
72 2
20 0
20 0
72 2
20 0
72 6
20 0
72 2
20 0
72 4
20 0
72 2
20 0
20 0
72 2
20 0
72 6
20 0
72 2
20 0
72 4
20 0
72 2
20 0
20 0
72 2
20 0
72 6
20 0
72 2
20 0
72 4
20 0
72 2
20 0
20 0
72 2
20 0
72 6
20 0
72 2
20 0
72 4
20 0
72 2
20 0
20 0
72 2
20 0
72 6
20 0
72 2
20 0
72 4
20 0
72 2
20 0
20 0
72 2
20 0
72 6
20 0
72 2
20 0
72 4
20 0
72 2
20 0
20 0
72 2
20 0
72 6
20 0
72 2
20 0
72 4
20 0
72 2
20 0
20 0
72 2
20 0
72 6
20 0
72 2
20 0
72 4
20 0
72 2
20 0
20 0
72 2
20 0
72 6
20 0
72 2
20 0
72 4
20 0
72 2
20 0
20 0
72 2
20 0
72 6
20 0
72 2
20 0
72 4
20 0
72 2
20 0
20 0
72 2
20 0
72 6
20 0
72 2
20 0
72 4
20 0
72 2
20 0
20 0
72 2
20 0
72 6
20 0
72 2
20 0
72 4
20 0
72 2
20 0
20 0
72 2
20 0
72 6
20 0
72 2
20 0
72 4
20 0
72 2
20 0
20 0
72 2
20 0
72 6
20 0
72 2
20 0
72 4
20 0
72 2
20 0
20 0
72 2
20 0
72 6
20 0
72 2
20 0
72 4
20 0
72 2
20 0
20 0
72 2
20 0
72 6
20 0
72 2
20 0
72 4
20 0
72 2
20 0
20 0
72 2
20 0
72 6
20 0
72 2
20 0
72 4
20 0
72 2
20 0
20 0
72 2
20 0
72 6
20 0
72 2
20 0
72 4
20 0
72 2
20 0
20 0
72 2
20 0
72 6
20 0
72 2
20 0
72 4
20 0
72 2
20 0
20 0
72 2
20 0
72 6
20 0
72 2
20 0
72 4
20 0
72 2
20 0
20 0
72 2
20 0
72 6
20 0
72 2
20 0
72 4
20 0
72 2
20 0
20 0
72 2
20 0
72 6
20 0
72 2
20 0
72 4
20 0
72 2
20 0
20 0
72 2
20 0
72 6
20 0
72 2
20 0
72 4
20 0
72 2
20 0
20 0
E
X
