major
S
L
0 7
0 7
0 7
0 7
0 7
0 7
0 7
0 7
0 7
0 7
0 7
0 7
10 7
10 7
10 7
10 7
7 7
7 7
7 7
7 7
0 7
0 7
0 7
0 7
0 7
0 7
0 7
0 7
10 7
10 7
10 7
10 7
7 7
7 7
7 7
7 7
0 7
0 7
10 7
10 7
7 7
7 7
0 7
0 7
0 7
0 7
10 7
10 7
7 7
7 7
0 7
0 7
0 7
0 7
0 7
0 7
0 7
0 7
0 7
0 7
0 7
0 7
0 7
0 7
10 7
10 7
10 7
10 7
7 7
7 7
7 7
7 7
0 7
0 7
0 7
0 7
0 7
0 7
0 7
0 7
10 7
10 7
10 7
10 7
7 7
7 7
7 7
7 7
0 7
0 7
10 7
10 7
7 7
7 7
0 7
0 7
0 7
0 7
10 7
10 7
7 7
7 7
0 7
0 7
0 7
0 7
0 7
0 7
72 13
4 4
4 4
4 7
2 4
2 4
2 7
11 4
11 4
11 7
4 4
4 4
4 7
4 4
4 4
4 7
2 4
2 4
2 7
11 4
11 4
11 7
4 4
4 4
4 7
4 4
4 4
4 7
4 4
4 4
4 7
4 4
4 4
4 7
4 4
4 4
4 7
4 4
4 4
4 7
4 4
4 4
4 7
4 4
4 4
4 7
4 4
4 4
4 7
4 4
4 4
4 7
4 4
4 4
4 7
4 4
4 4
4 7
4 4
4 4
4 7
4 4
4 4
4 7
4 4
4 4
4 7
4 4
4 4
4 7
4 4
4 4
4 7
4 4
4 4
4 7
4 4
4 4
4 7
4 4
4 4
4 7
4 4
4 4
4 7
72 14
E
S
H
72 14
48 2
43 2
39 2
36 2
72 2
48 2
43 2
39 2
36 2
72 2
48 2
43 2
39 2
36 2
72 2
48 2
43 2
39 2
36 2
72 2
48 2
43 2
39 2
36 2
72 2
48 2
43 2
39 2
36 2
72 2
48 2
43 2
39 2
36 2
72 2
48 2
43 2
39 2
36 2
72 2
46 2
41 2
38 2
72 4
46 2
41 2
38 2
72 4
46 2
41 2
38 2
72 4
46 2
41 2
38 2
72 4
43 2
38 2
43 2
50 2
72 2
43 2
38 2
43 2
50 2
72 2
43 2
38 2
43 2
50 2
72 2
46 4
48 4
72 14
48 2
43 2
39 2
36 2
72 2
48 2
43 2
39 2
36 2
72 2
48 2
43 2
39 2
36 2
72 2
48 2
43 2
39 2
36 2
72 2
48 2
43 2
39 2
36 2
72 2
48 2
43 2
39 2
36 2
72 2
48 2
43 2
39 2
36 2
72 2
48 2
43 2
39 2
36 2
72 2
46 2
41 2
38 2
72 4
46 2
41 2
38 2
72 4
46 2
41 2
38 2
72 4
46 2
41 2
38 2
72 4
43 2
38 2
43 2
50 2
72 2
43 2
38 2
43 2
50 2
72 2
43 2
38 2
43 2
50 2
72 2
46 4
48 4
72 14
E
S
L
72 14
24 7
27 7
26 7
22 7
19 7
22 7
24 7
19 7
31 7
27 7
26 7
29 7
22 7
26 7
27 6
22 2
24 7
72 6
22 2
24 7
72 13
28 7
31 7
30 7
26 7
23 7
26 7
28 7
23 7
35 7
31 7
30 7
33 7
26 7
30 7
31 6
26 2
28 7
72 6
26 2
28 7
72 14
E
S
L
72 14
0 2
0 2
0 2
0 2
0 2
0 2
0 2
0 2
0 2
0 2
0 2
0 2
0 2
0 2
0 2
0 2
0 2
0 2
0 2
0 2
0 2
0 2
0 2
0 2
0 2
0 2
0 2
0 2
0 2
0 2
0 2
0 2
0 2
0 2
0 2
0 2
0 2
0 2
0 2
0 2
0 2
0 2
0 2
0 2
0 2
0 2
0 2
0 2
0 2
0 2
0 2
0 2
0 2
0 2
0 2
0 2
0 2
0 2
0 2
0 2
0 2
0 2
0 2
0 2
0 2
0 2
0 2
0 2
0 2
0 2
0 2
0 2
0 2
0 2
0 2
0 2
0 2
0 2
0 2
0 2
0 2
0 2
0 2
0 2
0 2
0 2
0 2
0 2
0 2
0 2
0 2
0 2
0 2
0 2
0 2
0 2
72 14
E
S
L
72 14
12 0
12 0
72 2
12 0
72 0
12 0
72 1
12 0
72 1
12 0
72 0
12 0
12 0
72 2
12 0
12 0
72 2
12 0
72 0
12 0
72 1
12 0
72 1
12 0
72 0
12 0
12 0
72 2
12 0
12 0
72 2
12 0
72 0
12 0
72 1
12 0
72 1
12 0
72 0
12 0
12 0
72 2
12 0
12 0
72 2
12 0
72 0
12 0
72 1
12 0
72 1
12 0
72 0
12 0
12 0
72 2
12 0
12 0
72 2
12 0
72 0
12 0
72 1
12 0
72 1
12 0
72 0
12 0
12 0
72 2
12 0
12 0
72 2
12 0
72 0
12 0
72 1
12 0
72 1
12 0
72 0
12 0
12 0
72 2
12 0
12 0
72 2
12 0
72 0
12 0
72 1
12 0
72 1
12 0
72 0
12 0
12 0
72 2
12 0
12 0
72 2
12 0
72 0
12 0
72 1
12 0
72 1
12 0
72 0
12 0
12 0
72 2
12 0
12 0
72 2
12 0
72 0
12 0
72 1
12 0
72 1
12 0
72 0
12 0
12 0
72 2
12 0
12 0
72 2
12 0
72 0
12 0
72 1
12 0
72 1
12 0
72 0
12 0
12 0
72 2
12 0
12 0
72 2
12 0
72 0
12 0
72 1
12 0
72 1
12 0
72 0
12 0
12 0
72 2
12 0
12 0
72 2
12 0
72 0
12 0
72 1
12 0
72 1
12 0
72 0
12 0
12 0
72 2
12 0
12 0
72 2
12 0
72 0
12 0
72 1
12 0
72 1
12 0
72 0
12 0
12 0
72 2
12 0
12 0
72 2
12 0
72 0
12 0
72 1
12 0
72 1
12 0
72 0
12 0
12 0
72 2
12 0
12 0
72 2
12 0
72 0
12 0
72 1
12 0
72 1
12 0
72 0
12 0
12 0
72 2
12 0
12 0
72 2
12 0
72 0
12 0
72 1
12 0
72 1
12 0
72 0
12 0
12 0
72 2
12 0
12 0
72 2
12 0
72 0
12 0
72 1
12 0
72 1
12 0
72 0
12 0
12 0
72 2
12 0
12 0
72 2
12 0
72 0
12 0
72 1
12 0
72 1
12 0
72 0
12 0
12 0
72 2
12 0
12 0
72 2
12 0
72 0
12 0
72 1
12 0
72 1
12 0
72 0
12 0
12 0
72 2
12 0
12 0
72 2
12 0
72 0
12 0
72 1
12 0
72 1
12 0
72 0
12 0
12 0
72 2
12 0
12 0
72 2
12 0
72 0
12 0
72 1
12 0
72 1
12 0
72 0
12 0
12 0
72 2
12 0
12 0
72 2
12 0
72 0
12 0
72 1
12 0
72 1
12 0
72 0
12 0
12 0
72 2
12 0
12 0
72 2
12 0
72 0
12 0
72 1
12 0
72 1
12 0
72 0
12 0
12 0
72 2
12 0
12 0
72 2
12 0
72 0
12 0
72 1
12 0
72 1
12 0
72 0
12 0
12 0
72 14
E
X
