minor
S
H
72 14
830 6
72 12
686 6
72 12
998 6
72 12
503 6
72 12
854 6
72 12
686 6
72 12
998 6
72 12
503 5
72 12
830 6
72 12
686 6
72 12
998 6
72 12
503 6
72 12
854 6
72 12
686 6
72 12
998 6
72 12
503 5
72 12
830 6
72 12
686 6
72 12
998 6
72 12
503 6
72 12
854 6
72 12
686 6
72 12
998 6
72 12
503 5
72 12
830 6
72 12
686 6
72 12
998 6
72 12
503 6
72 12
854 6
72 12
686 6
72 12
998 6
72 12
503 5
72 14
830 6
72 12
686 6
72 12
998 6
72 12
503 6
72 12
854 6
72 12
686 6
72 12
998 6
72 12
503 5
72 12
830 6
72 12
686 6
72 12
998 6
72 12
503 6
72 12
854 6
72 12
686 6
72 12
998 6
72 12
503 5
72 14
830 6
72 12
686 6
72 12
998 6
72 12
503 6
72 12
854 6
72 12
686 6
72 12
998 6
72 12
503 5
72 12
830 6
72 12
686 6
72 12
998 6
72 12
503 6
72 12
854 6
72 12
686 6
72 12
998 6
72 12
503 5
72 14
830 6
72 12
686 6
72 12
998 6
72 12
503 6
72 12
854 6
72 12
686 6
72 12
998 6
72 12
503 5
E
S
L
72 14
14 14
21 14
26 14
29 14
33 14
72 1
21 12
26 11
29 11
26 4
9 13
21 11
24 10
33 11
24 5
21 5
14 14
21 12
26 10
30 11
26 13
21 13
14 13
21 12
26 11
29 11
26 4
9 13
21 11
24 10
33 11
24 5
21 5
14 14
21 12
26 10
30 11
26 13
21 13
14 13
21 12
26 11
29 11
26 4
9 13
21 11
24 10
33 11
24 5
21 5
14 14
21 12
26 10
30 11
26 13
21 13
14 13
21 12
26 11
29 11
26 4
9 13
21 11
24 10
33 11
24 5
21 5
14 14
21 12
26 10
30 11
26 13
21 13
14 13
21 12
26 11
29 11
26 4
9 13
21 11
24 10
33 11
24 5
21 5
14 14
21 12
26 10
30 11
26 13
21 13
14 13
21 12
26 11
29 11
26 4
9 13
21 11
24 10
33 11
24 5
21 5
14 14
21 12
26 10
30 11
26 13
21 13
14 13
21 12
26 11
29 11
26 4
9 13
21 11
24 10
33 11
24 5
21 5
14 14
21 12
26 10
30 11
26 13
21 13
14 13
21 12
26 11
29 11
26 4
9 13
21 11
24 10
33 11
24 5
21 5
14 14
21 12
26 10
30 11
26 13
21 13
14 13
21 12
26 11
29 11
26 4
9 13
21 11
24 10
33 11
24 5
21 5
14 14
21 12
26 10
30 11
26 13
21 13
14 13
21 12
26 11
29 11
26 4
9 13
21 11
24 10
33 11
24 5
21 5
14 14
21 12
26 10
30 11
26 13
21 13
72 14
14 13
21 12
26 11
29 11
26 4
9 13
21 11
24 10
33 11
24 5
21 5
14 14
21 12
26 10
30 11
26 13
21 13
14 13
21 12
26 11
29 11
26 4
9 13
21 11
24 10
33 11
24 5
21 5
14 14
21 12
26 10
30 11
26 13
21 13
14 13
21 12
26 11
29 11
26 4
9 13
21 11
24 10
33 11
24 5
21 5
14 14
21 12
26 10
30 11
26 13
21 13
14 13
21 12
26 11
29 11
26 4
9 13
21 11
24 10
33 11
24 5
21 5
14 14
21 12
26 10
30 11
26 13
21 13
72 14
14 13
21 12
26 11
29 11
26 4
9 13
21 11
24 10
33 11
24 5
21 5
14 14
21 12
26 10
30 11
26 13
21 13
14 13
21 12
26 11
29 11
26 4
9 13
21 11
24 10
33 11
24 5
21 5
14 14
21 12
26 10
30 11
26 13
21 13
14 13
21 12
26 11
29 11
26 4
9 13
21 11
24 10
33 11
24 5
21 5
14 14
21 12
26 10
30 11
26 13
21 13
14 13
21 12
26 11
29 11
26 4
9 13
21 11
24 10
33 11
24 5
21 5
14 14
21 12
26 10
30 11
26 13
21 13
72 14
14 13
21 12
26 11
29 11
26 4
9 13
21 11
24 10
33 11
24 5
21 5
14 14
21 12
26 10
30 11
26 13
21 13
14 13
21 12
26 11
29 11
26 4
9 13
21 11
24 10
33 11
24 5
21 5
14 14
21 12
26 10
30 11
26 13
21 13
E
S
H
72 14
72 14
30 11
26 11
14 13
72 14
67 2
72 10
69 2
72 10
69 2
72 10
67 2
72 10
60 2
72 10
65 2
72 10
62 0
72 11
69 2
72 10
67 2
72 10
69 2
72 10
69 2
72 10
67 2
72 10
60 2
72 10
65 2
72 10
62 0
72 11
69 2
72 14
30 11
26 11
14 13
72 14
67 2
72 10
69 2
72 10
69 2
72 10
67 2
72 10
60 2
72 10
65 2
72 10
62 0
72 11
69 2
72 10
67 2
72 10
69 2
72 10
69 2
72 10
67 2
72 10
60 2
72 10
65 2
72 10
62 0
72 11
69 2
E
S
H
72 14
72 12
57 5
72 3
57 12
52 12
48 12
45 12
40 12
36 11
33 11
55 13
52 12
50 12
43 12
40 11
38 10
31 11
54 14
50 7
45 7
42 13
38 13
33 13
57 13
52 12
48 12
45 12
40 12
36 12
33 11
55 12
52 12
50 12
43 13
38 11
36 11
31 12
54 13
50 7
45 7
42 13
38 13
33 13
26 13
57 5
57 12
52 12
48 12
45 12
40 12
36 11
33 11
55 13
52 12
50 12
43 12
40 11
38 10
31 11
54 14
50 7
45 7
42 13
38 13
33 13
57 13
52 12
48 12
45 12
40 12
36 12
33 11
55 12
52 12
50 12
43 13
38 11
36 11
31 12
54 13
50 7
45 7
42 13
38 13
33 13
26 13
72 14
57 5
72 3
57 12
52 12
48 12
45 12
40 12
36 11
33 11
55 13
52 12
50 12
43 12
40 11
38 10
31 11
54 14
50 7
45 7
42 13
38 13
33 13
57 13
52 12
48 12
45 12
40 12
36 12
33 11
55 12
52 12
50 12
43 13
38 11
36 11
31 12
54 13
50 7
45 7
42 13
38 13
33 13
26 13
57 5
57 12
52 12
48 12
45 12
40 12
36 11
33 11
55 13
52 12
50 12
43 12
40 11
38 10
31 11
54 14
50 7
45 7
42 13
38 13
33 13
57 13
52 12
48 12
45 12
40 12
36 12
33 11
55 12
52 12
50 12
43 13
38 11
36 11
31 12
54 13
50 7
45 7
42 13
38 13
33 13
26 13
E
S
L
72 14
2 8
72 2
2 4
5 7
9 7
2 7
72 4
2 4
5 7
9 7
2 6
72 6
2 4
5 7
9 7
2 7
72 4
2 5
5 7
9 8
2 7
72 4
2 4
5 7
9 7
2 8
72 2
2 4
5 7
9 7
2 7
72 4
2 4
5 7
9 7
2 7
72 4
2 4
5 7
9 6
72 2
2 8
72 2
2 4
5 7
9 7
2 7
72 4
2 4
5 7
9 7
2 6
72 6
2 4
5 7
9 7
2 7
72 4
2 5
5 7
9 8
2 7
72 4
2 4
5 7
9 7
2 8
72 2
2 4
5 7
9 7
2 7
72 4
2 4
5 7
9 7
2 7
72 4
2 4
5 7
9 6
72 14
2 8
72 2
2 4
5 7
9 7
2 7
72 4
2 4
5 7
9 7
2 6
72 6
2 4
5 7
9 7
2 7
72 4
2 5
5 7
9 8
2 7
72 4
2 4
5 7
9 7
2 8
72 2
2 4
5 7
9 7
2 7
72 4
2 4
5 7
9 7
2 7
72 4
2 4
5 7
9 6
72 2
9 8
72 2
9 4
0 7
4 7
9 7
72 4
9 4
0 7
4 7
9 6
72 6
9 4
0 7
4 7
9 7
72 4
9 5
0 7
4 8
2 8
72 2
2 4
5 7
9 7
2 7
72 4
2 4
5 7
9 7
2 6
72 6
2 4
5 7
9 7
2 7
72 4
2 5
5 7
9 8
72 14
9 7
72 4
9 4
0 7
4 7
9 8
72 2
9 4
0 7
4 7
9 7
72 4
9 4
0 7
4 7
9 7
72 4
9 4
0 7
4 6
72 2
2 7
72 4
2 4
5 7
9 7
2 8
72 2
2 4
5 7
9 7
2 7
72 4
2 4
5 7
9 7
2 7
72 4
2 4
5 7
9 6
E
X
