minor
S
H
72 14
72 13
38 2
72 0
43 2
72 0
44 2
72 0
45 2
72 0
46 0
72 3
45 0
72 3
44 0
72 3
43 2
72 12
38 2
72 0
43 2
72 0
44 2
72 0
45 2
72 0
46 2
72 0
45 2
72 0
44 2
72 0
43 2
72 12
38 2
72 0
43 2
72 0
44 2
72 0
45 2
72 0
46 2
72 0
45 2
72 0
44 2
72 0
43 2
72 12
38 2
72 0
43 2
72 0
44 2
72 0
45 2
72 0
46 2
72 0
45 2
72 0
44 2
72 0
43 2
72 12
38 2
72 0
43 2
72 0
44 2
72 0
45 2
72 0
46 0
72 3
45 0
72 3
44 0
72 3
43 2
72 12
38 2
72 0
43 2
72 0
44 2
72 0
45 2
72 0
46 2
72 0
45 2
72 0
44 2
72 0
43 2
72 12
38 2
72 0
43 2
72 0
44 2
72 0
45 2
72 0
46 2
72 0
45 2
72 0
44 2
72 0
43 2
72 12
38 2
72 0
43 2
72 0
44 2
72 0
45 2
72 0
46 2
72 0
45 2
72 0
44 2
72 0
43 2
72 12
38 2
72 0
43 2
72 0
44 2
72 0
45 2
72 0
46 0
72 3
45 0
72 3
44 0
72 3
43 2
72 12
38 2
72 0
43 2
72 0
44 2
72 0
45 2
72 0
46 2
72 0
45 2
72 0
44 2
72 0
43 2
72 12
38 2
72 0
43 2
72 0
44 2
72 0
45 2
72 0
46 2
72 0
45 2
72 0
44 2
72 0
43 2
72 12
38 2
72 0
43 2
72 0
44 2
72 0
45 2
72 0
46 2
72 0
45 2
72 0
44 2
72 0
43 2
72 14
34 2
72 0
39 2
72 0
40 2
72 0
41 2
72 0
42 0
72 3
41 0
72 3
40 0
72 3
39 2
72 12
34 2
72 0
39 2
72 0
40 2
72 0
41 2
72 0
42 2
72 0
41 2
72 0
40 2
72 0
39 2
72 12
34 2
72 0
39 2
72 0
40 2
72 0
41 2
72 0
42 2
72 0
41 2
72 0
40 2
72 0
39 2
72 12
34 2
72 0
39 2
72 0
40 2
72 0
41 2
72 0
42 2
72 0
41 2
72 0
40 2
72 0
39 2
72 12
31 2
72 0
36 2
72 0
37 2
72 0
38 2
72 0
39 0
72 3
38 0
72 3
37 0
72 3
36 2
72 12
31 2
72 0
36 2
72 0
37 2
72 0
38 2
72 0
39 2
72 0
38 2
72 0
37 2
72 0
36 2
72 12
31 2
72 0
36 2
72 0
37 2
72 0
38 2
72 0
39 2
72 0
38 2
72 0
37 2
72 0
36 2
72 12
31 2
72 0
36 2
72 0
37 2
72 0
38 2
72 0
39 2
72 0
38 2
72 0
37 2
72 0
36 2
72 13
43 2
72 0
44 2
72 0
45 2
72 0
46 0
72 3
45 0
72 3
44 0
72 3
43 2
72 12
38 2
72 0
43 2
72 0
44 2
72 0
45 2
72 0
46 2
72 0
45 2
72 0
44 2
72 0
43 2
72 12
38 2
72 0
43 2
72 0
44 2
72 0
45 2
72 0
46 2
72 0
45 2
72 0
44 2
72 0
43 2
72 12
38 2
72 0
43 2
72 0
44 2
72 0
45 2
72 0
46 2
72 0
45 2
72 0
44 2
72 0
43 2
72 14
38 2
72 0
43 2
72 0
44 2
72 0
45 2
72 0
46 0
72 3
45 0
72 3
44 0
72 3
43 2
72 12
38 2
72 0
43 2
72 0
44 2
72 0
45 2
72 0
46 2
72 0
45 2
72 0
44 2
72 0
43 2
72 12
38 2
72 0
43 2
72 0
44 2
72 0
45 2
72 0
46 2
72 0
45 2
72 0
44 2
72 0
43 2
72 12
38 2
72 0
43 2
72 0
44 2
72 0
45 2
72 0
46 2
72 0
45 2
72 0
44 2
72 0
43 2
72 12
38 2
72 0
43 2
72 0
44 2
72 0
45 2
72 0
46 0
72 3
45 0
72 3
44 0
72 3
43 2
72 12
38 2
72 0
43 2
72 0
44 2
72 0
45 2
72 0
46 2
72 0
45 2
72 0
44 2
72 0
43 2
72 12
38 2
72 0
43 2
72 0
44 2
72 0
45 2
72 0
46 2
72 0
45 2
72 0
44 2
72 0
43 2
72 12
38 2
72 0
43 2
72 0
44 2
72 0
45 2
72 0
46 2
72 0
45 2
72 0
44 2
72 0
43 2
72 13
62 2
72 2
69 3
72 1
70 2
72 2
67 2
72 2
62 2
72 2
69 2
72 2
70 2
72 2
69 2
72 2
60 2
72 2
69 2
72 2
70 2
72 2
67 2
72 2
62 2
72 2
67 2
72 2
69 2
72 2
65 2
72 2
62 2
72 2
67 2
72 2
69 2
72 2
65 2
72 2
60 2
72 2
67 2
72 2
69 2
72 2
65 2
72 2
62 2
72 2
69 2
72 2
60 2
72 2
67 2
72 2
69 2
72 2
65 2
72 2
62 2
72 2
67 2
72 2
69 2
72 2
60 2
72 2
67 2
72 2
66 2
72 2
60 2
72 2
67 2
72 2
69 2
72 2
67 2
72 2
70 2
72 2
62 2
72 2
70 2
72 2
67 2
72 2
69 2
72 2
62 2
72 2
69 2
72 2
70 2
72 2
62 2
72 2
69 3
72 1
70 2
72 2
67 2
72 2
62 2
72 2
69 2
72 2
70 2
72 2
69 2
72 2
60 2
72 2
69 2
72 2
70 2
72 2
67 2
72 2
62 2
72 2
67 2
72 2
69 2
72 2
65 2
72 2
62 2
72 2
67 2
72 2
69 2
72 2
65 2
72 2
60 2
72 2
67 2
72 2
69 2
72 2
65 2
72 2
62 2
72 2
69 2
72 2
60 2
72 2
67 2
72 2
69 2
72 2
65 2
72 2
62 2
72 2
67 2
72 2
69 2
72 2
60 2
72 2
67 2
72 2
66 2
72 2
60 2
72 2
67 2
72 2
69 2
72 2
67 2
72 2
70 2
72 2
62 2
72 2
70 2
72 2
67 2
72 2
69 2
72 2
62 2
72 2
69 2
72 2
70 2
72 2
62 2
72 2
69 3
72 1
70 2
72 2
67 2
72 2
62 2
72 2
69 2
72 2
70 2
72 2
69 2
72 2
60 2
72 2
69 2
72 2
70 2
72 2
67 2
72 2
62 2
72 2
67 2
72 2
69 2
72 2
65 2
72 2
62 2
72 2
67 2
72 2
69 2
72 2
65 2
72 2
60 2
72 2
67 2
72 2
69 2
72 2
65 2
72 2
62 2
72 2
69 2
72 2
60 2
72 2
67 2
72 2
69 2
72 2
65 2
72 2
62 2
72 2
67 2
72 2
69 2
72 2
60 2
72 2
67 2
72 2
66 2
72 2
60 2
72 2
67 2
72 2
69 2
72 2
67 2
72 2
70 2
72 2
62 2
72 2
70 2
72 2
67 2
72 2
69 2
72 2
62 2
72 2
69 2
72 2
70 2
72 2
62 2
72 2
69 3
72 1
70 2
72 2
67 2
72 2
62 2
72 2
69 2
72 2
70 2
72 2
69 2
72 2
60 2
72 2
69 2
72 2
70 2
72 2
67 2
72 2
62 2
72 2
67 2
72 2
69 2
72 2
65 2
72 2
62 2
72 2
67 2
72 2
69 2
72 2
65 2
72 2
60 2
72 2
67 2
72 2
69 2
72 2
65 2
72 2
62 2
72 2
69 2
72 2
60 2
72 2
67 2
72 2
69 2
72 2
65 2
72 2
62 2
72 2
67 2
72 2
69 2
72 2
60 2
72 2
67 2
72 2
66 2
72 2
60 2
72 2
67 2
72 2
69 2
72 2
67 2
72 2
70 2
72 2
62 2
72 2
70 2
72 2
67 2
72 2
69 2
72 2
62 2
72 2
69 2
72 2
70 2
72 14
38 2
72 0
43 2
72 0
44 2
72 0
45 2
72 0
46 0
72 3
45 0
72 3
44 0
72 3
43 2
72 12
38 2
72 0
43 2
72 0
44 2
72 0
45 2
72 0
46 2
72 0
45 2
72 0
44 2
72 0
43 2
72 12
38 2
72 0
43 2
72 0
44 2
72 0
45 2
72 0
46 2
72 0
45 2
72 0
44 2
72 0
43 2
72 12
38 2
72 0
43 2
72 0
44 2
72 0
45 2
72 0
46 2
72 0
45 2
72 0
44 2
72 0
43 2
72 12
38 2
72 0
43 2
72 0
44 2
72 0
45 2
72 0
46 0
72 3
45 0
72 3
44 0
72 3
43 2
72 12
38 2
72 0
43 2
72 0
44 2
72 0
45 2
72 0
46 2
72 0
45 2
72 0
44 2
72 0
43 2
72 12
38 2
72 0
43 2
72 0
44 2
72 0
45 2
72 0
46 2
72 0
45 2
72 0
44 2
72 0
43 2
72 12
38 2
72 0
43 2
72 0
44 2
72 0
45 2
72 0
46 2
72 0
45 2
72 0
44 2
72 0
43 2
E
S
H
72 14
42 0
72 2
43 0
72 0
42 2
43 2
42 2
43 2
42 2
43 2
42 2
43 2
42 2
43 2
42 2
43 2
42 2
43 2
42 2
43 2
119 0
72 2
50 0
72 0
49 2
50 2
49 2
50 2
49 2
50 2
49 2
50 2
49 2
50 2
122 0
72 2
46 0
72 0
45 2
46 2
45 2
46 2
215 0
72 2
43 0
72 0
42 2
43 2
42 2
43 2
42 2
43 2
42 2
43 2
42 2
43 2
42 2
43 2
42 2
43 2
42 2
43 2
42 2
72 12
42 0
72 2
43 0
72 0
42 2
43 2
42 2
43 2
42 2
43 2
42 2
43 2
42 2
43 2
42 2
43 2
42 2
43 2
42 2
43 2
131 0
72 2
51 0
72 0
50 2
51 2
50 2
51 2
50 2
51 2
50 2
51 2
50 2
51 2
126 0
72 2
50 0
72 0
49 2
50 2
49 2
50 2
119 0
72 2
43 0
72 0
42 2
43 2
42 2
43 2
42 2
43 2
42 2
43 2
42 2
43 2
42 2
43 2
42 2
43 2
42 2
43 2
42 2
72 12
42 0
72 2
43 0
72 0
42 2
43 2
42 2
43 2
42 2
43 2
42 2
43 2
42 2
43 2
42 2
43 2
42 2
43 2
42 2
43 2
119 0
72 2
50 0
72 0
49 2
50 2
49 2
50 2
49 2
50 2
49 2
50 2
49 2
50 2
122 0
72 2
46 0
72 0
45 2
46 2
45 2
46 2
215 0
72 2
43 0
72 0
42 2
43 2
42 2
43 2
42 2
43 2
42 2
43 2
42 2
43 2
42 2
43 2
42 2
43 2
42 2
43 2
42 2
72 12
42 0
72 2
43 0
72 0
42 2
43 2
42 2
43 2
42 2
43 2
42 2
43 2
42 2
43 2
42 2
43 2
42 2
43 2
42 2
43 2
131 0
72 2
51 0
72 0
50 2
51 2
50 2
51 2
50 2
51 2
50 2
51 2
50 2
51 2
126 0
72 2
50 0
72 0
49 2
50 2
49 2
50 2
119 0
72 2
43 0
72 0
42 2
43 2
42 2
43 2
42 2
43 2
42 2
43 2
42 2
43 2
42 2
43 2
42 2
43 2
42 2
43 2
42 2
72 12
7 4
9 3
11 3
12 2
14 2
16 2
72 0
17 2
19 2
21 2
23 2
24 2
26 2
28 2
29 2
31 2
33 3
31 2
29 2
28 2
26 2
112 2
21 2
19 2
72 0
17 2
16 3
14 3
12 3
11 4
9 7
7 8
72 13
19 3
21 3
23 3
72 1
24 3
26 3
28 2
29 2
72 2
31 2
33 2
35 2
36 2
38 2
40 2
41 2
43 4
44 2
165 2
38 2
112 2
33 2
31 2
29 2
28 2
26 2
72 0
24 3
23 3
21 4
19 6
17 4
72 14
42 0
72 2
43 0
72 0
42 2
43 2
42 2
43 2
42 2
43 2
42 2
43 2
42 2
43 2
42 2
43 2
42 2
43 2
42 2
43 2
119 0
72 2
50 0
72 0
49 2
50 2
49 2
50 2
49 2
50 2
49 2
50 2
49 2
50 2
122 0
72 2
46 0
72 0
45 2
46 2
45 2
46 2
215 0
72 2
43 0
72 0
42 2
43 2
42 2
43 2
42 2
43 2
42 2
43 2
42 2
43 2
42 2
43 2
42 2
43 2
42 2
43 2
42 2
72 12
42 0
72 2
43 0
72 0
42 2
43 2
42 2
43 2
42 2
43 2
42 2
43 2
42 2
43 2
42 2
43 2
42 2
43 2
42 2
43 2
131 0
72 2
51 0
72 0
50 2
51 2
50 2
51 2
50 2
51 2
50 2
51 2
50 2
51 2
126 0
72 2
50 0
72 0
49 2
50 2
49 2
50 2
119 0
72 2
43 0
72 0
42 2
43 2
42 2
43 2
42 2
43 2
42 2
43 2
42 2
43 2
42 2
43 2
42 2
43 2
42 2
43 2
42 2
72 12
7 4
9 3
11 3
12 2
14 2
16 2
72 0
17 2
19 2
21 2
23 2
24 2
26 2
28 2
29 2
31 2
33 3
31 2
29 2
28 2
26 2
112 2
21 2
19 2
72 0
17 2
16 3
14 3
12 3
11 4
9 7
7 8
72 13
19 3
21 3
23 3
72 1
24 3
26 3
28 2
29 2
72 2
31 2
33 2
35 2
36 2
38 2
40 2
41 2
43 4
44 2
165 2
38 2
112 2
33 2
31 2
29 2
28 2
26 2
72 0
24 3
23 3
21 4
19 6
17 4
72 13
7 4
9 3
11 3
12 2
14 2
16 2
72 0
17 2
19 2
21 2
23 2
24 2
26 2
28 2
29 2
31 2
33 3
31 2
29 2
28 2
26 2
112 2
21 2
19 2
72 0
17 2
16 3
14 3
12 3
11 4
9 7
7 8
72 13
19 3
21 3
23 3
72 1
24 3
26 3
28 2
29 2
72 2
31 2
33 2
35 2
36 2
38 2
40 2
41 2
43 4
44 2
165 2
38 2
112 2
33 2
31 2
29 2
28 2
26 2
72 0
24 3
23 3
21 4
19 6
17 4
72 13
42 0
72 2
43 0
72 0
42 2
43 2
42 2
43 2
42 2
43 2
42 2
43 2
42 2
43 2
42 2
43 2
42 2
43 2
42 2
43 2
119 0
72 2
50 0
72 0
49 2
50 2
49 2
50 2
49 2
50 2
49 2
50 2
49 2
50 2
122 0
72 2
46 0
72 0
45 2
46 2
45 2
46 2
215 0
72 2
43 0
72 0
42 2
43 2
42 2
43 2
42 2
43 2
42 2
43 2
42 2
43 2
42 2
43 2
42 2
43 2
42 2
43 2
42 2
72 12
42 0
72 2
43 0
72 0
42 2
43 2
42 2
43 2
42 2
43 2
42 2
43 2
42 2
43 2
42 2
43 2
42 2
43 2
42 2
43 2
131 0
72 2
51 0
72 0
50 2
51 2
50 2
51 2
50 2
51 2
50 2
51 2
50 2
51 2
126 0
72 2
50 0
72 0
49 2
50 2
49 2
50 2
119 0
72 2
43 0
72 0
42 2
43 2
42 2
43 2
42 2
43 2
42 2
43 2
42 2
43 2
42 2
43 2
42 2
43 2
42 2
43 2
42 2
72 12
42 0
72 2
43 0
72 0
42 2
43 2
42 2
43 2
42 2
43 2
42 2
43 2
42 2
43 2
42 2
43 2
42 2
43 2
42 2
43 2
119 0
72 2
50 0
72 0
49 2
50 2
49 2
50 2
49 2
50 2
49 2
50 2
49 2
50 2
122 0
72 2
46 0
72 0
45 2
46 2
45 2
46 2
215 0
72 2
43 0
72 0
42 2
43 2
42 2
43 2
42 2
43 2
42 2
43 2
42 2
43 2
42 2
43 2
42 2
43 2
42 2
43 2
42 2
72 12
42 0
72 2
43 0
72 0
42 2
43 2
42 2
43 2
42 2
43 2
42 2
43 2
42 2
43 2
42 2
43 2
42 2
43 2
42 2
43 2
131 0
72 2
51 0
72 0
50 2
51 2
50 2
51 2
50 2
51 2
50 2
51 2
50 2
51 2
126 0
72 2
50 0
72 0
49 2
50 2
49 2
50 2
119 0
72 2
43 0
72 0
42 2
43 2
42 2
43 2
42 2
43 2
42 2
43 2
42 2
43 2
42 2
43 2
42 2
43 2
42 2
43 2
42 2
72 13
516 0
72 4
516 2
72 2
1627 2
72 2
1143 2
72 8
516 2
72 2
516 2
72 2
1627 2
72 2
1143 2
72 8
502 2
72 2
502 2
72 2
1459 2
72 2
854 2
72 8
502 2
72 2
502 2
72 2
1459 2
72 2
854 2
72 8
214 2
72 2
214 2
72 2
1457 2
72 2
830 2
72 8
215 2
72 2
215 2
72 2
1469 2
72 2
974 3
72 8
516 2
72 2
516 2
72 2
1627 2
72 2
1143 2
72 8
228 2
72 2
1627 2
72 2
1143 2
72 2
1143 2
72 8
516 0
72 4
516 2
72 2
1627 2
72 2
1143 2
72 8
516 2
72 2
516 2
72 2
1627 2
72 2
1143 2
72 8
502 2
72 2
502 2
72 2
1459 2
72 2
854 2
72 8
502 2
72 2
502 2
72 2
1459 2
72 2
854 2
72 8
214 2
72 2
214 2
72 2
1457 2
72 2
830 2
72 8
215 2
72 2
215 2
72 2
1469 2
72 2
974 3
72 8
516 2
72 2
516 2
72 2
1627 2
72 2
1143 2
72 8
228 2
72 2
1627 2
72 2
1143 2
72 2
1143 2
72 8
516 0
72 4
516 2
72 2
1627 2
72 2
1143 2
72 8
516 2
72 2
516 2
72 2
1627 2
72 2
1143 2
72 8
502 2
72 2
502 2
72 2
1459 2
72 2
854 2
72 8
502 2
72 2
502 2
72 2
1459 2
72 2
854 2
72 8
214 2
72 2
214 2
72 2
1457 2
72 2
830 2
72 8
215 2
72 2
215 2
72 2
1469 2
72 2
974 3
72 8
516 2
72 2
516 2
72 2
1627 2
72 2
1143 2
72 8
228 2
72 2
1627 2
72 2
1143 2
72 2
1143 2
72 8
516 0
72 4
516 2
72 2
1627 2
72 2
1143 2
72 8
516 2
72 2
516 2
72 2
1627 2
72 2
1143 2
72 8
502 2
72 2
502 2
72 2
1459 2
72 2
854 2
72 8
502 2
72 2
502 2
72 2
1459 2
72 2
854 2
72 8
214 2
72 2
214 2
72 2
1457 2
72 2
830 2
72 8
215 2
72 2
215 2
72 2
1469 2
72 2
974 3
72 8
516 2
72 2
516 2
72 2
1627 2
72 2
1143 2
72 8
228 2
72 2
1627 2
72 2
1143 2
72 2
1143 2
72 2
7 4
9 3
11 3
12 2
14 2
16 2
72 0
17 2
19 2
21 2
23 2
24 2
26 2
28 2
29 2
31 2
33 3
31 2
29 2
28 2
26 2
112 2
21 2
19 2
72 0
17 2
16 3
14 3
12 3
11 4
9 7
7 8
72 13
19 3
21 3
23 3
72 1
24 3
26 3
28 2
29 2
72 2
31 2
33 2
35 2
36 2
38 2
40 2
41 2
43 4
44 2
165 2
38 2
112 2
33 2
31 2
29 2
28 2
26 2
72 0
24 3
23 3
21 4
19 6
17 4
72 13
42 0
72 2
43 0
72 0
42 2
43 2
42 2
43 2
42 2
43 2
42 2
43 2
42 2
43 2
42 2
43 2
42 2
43 2
42 2
43 2
119 0
72 2
50 0
72 0
49 2
50 2
49 2
50 2
49 2
50 2
49 2
50 2
49 2
50 2
122 0
72 2
46 0
72 0
45 2
46 2
45 2
46 2
215 0
72 2
43 0
72 0
42 2
43 2
42 2
43 2
42 2
43 2
42 2
43 2
42 2
43 2
42 2
43 2
42 2
43 2
42 2
43 2
42 2
72 12
42 0
72 2
43 0
72 0
42 2
43 2
42 2
43 2
42 2
43 2
42 2
43 2
42 2
43 2
42 2
43 2
42 2
43 2
42 2
43 2
131 0
72 2
51 0
72 0
50 2
51 2
50 2
51 2
50 2
51 2
50 2
51 2
50 2
51 2
126 0
72 2
50 0
72 0
49 2
50 2
49 2
50 2
119 0
72 2
43 0
72 0
42 2
43 2
42 2
43 2
42 2
43 2
42 2
43 2
42 2
43 2
42 2
43 2
42 2
43 2
42 2
43 2
42 2
72 12
42 0
72 2
43 0
72 0
42 2
43 2
42 2
43 2
42 2
43 2
42 2
43 2
42 2
43 2
42 2
43 2
42 2
43 2
42 2
43 2
119 0
72 2
50 0
72 0
49 2
50 2
49 2
50 2
49 2
50 2
49 2
50 2
49 2
50 2
122 0
72 2
46 0
72 0
45 2
46 2
45 2
46 2
215 0
72 2
43 0
72 0
42 2
43 2
42 2
43 2
42 2
43 2
42 2
43 2
42 2
43 2
42 2
43 2
42 2
43 2
42 2
43 2
42 2
72 12
42 0
72 2
43 0
72 0
42 2
43 2
42 2
43 2
42 2
43 2
42 2
43 2
42 2
43 2
42 2
43 2
42 2
43 2
42 2
43 2
131 0
72 2
51 0
72 0
50 2
51 2
50 2
51 2
50 2
51 2
50 2
51 2
50 2
51 2
126 0
72 2
50 0
72 0
49 2
50 2
49 2
50 2
119 0
72 2
43 0
72 0
42 2
43 2
42 2
43 2
42 2
43 2
42 2
43 2
42 2
43 2
42 2
43 2
42 2
43 2
42 2
43 2
42 2
72 12
7 4
9 3
11 3
12 2
14 2
16 2
72 0
17 2
19 2
21 2
23 2
24 2
26 2
28 2
29 2
31 2
33 3
31 2
29 2
28 2
26 2
112 2
21 2
19 2
72 0
17 2
16 3
14 3
12 3
11 4
9 7
7 8
72 13
19 3
21 3
23 3
72 1
24 3
26 3
28 2
29 2
72 2
31 2
33 2
35 2
36 2
38 2
40 2
41 2
43 4
44 2
165 2
38 2
112 2
33 2
31 2
29 2
28 2
26 2
72 0
24 3
23 3
21 4
19 6
17 4
E
S
L
72 14
31 2
72 0
33 2
72 0
34 2
72 7
33 2
72 0
34 2
72 0
36 3
72 11
38 2
72 0
36 2
72 0
34 2
72 0
31 2
72 13
31 2
72 0
33 2
72 0
34 2
72 7
33 2
72 0
34 2
72 0
36 3
72 11
38 2
72 0
36 2
72 0
34 2
72 0
31 2
72 14
31 2
72 0
33 2
72 0
34 2
72 7
33 2
72 0
34 2
72 0
36 3
72 11
38 2
72 0
36 2
72 0
34 2
72 0
31 2
72 13
31 2
72 0
33 2
72 0
34 2
72 7
33 2
72 0
34 2
72 0
36 3
72 11
38 2
72 0
36 2
72 0
34 2
72 0
31 2
72 14
27 2
72 0
29 2
72 0
30 2
72 7
29 2
72 0
30 2
72 0
32 3
72 11
34 2
72 0
32 2
72 0
30 2
72 0
27 2
72 13
27 2
72 0
29 2
72 0
30 2
72 7
29 2
72 0
30 2
72 0
32 3
72 11
34 2
72 0
32 2
72 0
30 2
72 0
27 2
72 13
24 2
72 0
26 2
72 0
27 2
72 7
26 2
72 0
27 2
72 0
29 3
72 11
31 2
72 0
29 2
72 0
27 2
72 0
24 2
72 13
24 2
72 0
26 2
72 0
27 2
72 7
26 2
72 0
27 2
72 0
29 3
72 11
31 2
72 0
29 2
72 0
27 2
72 0
24 2
72 14
31 2
72 0
33 2
72 0
34 2
72 7
33 2
72 0
34 2
72 0
36 3
72 11
38 2
72 0
36 2
72 0
34 2
72 0
31 2
72 13
31 2
72 0
33 2
72 0
34 2
72 7
33 2
72 0
34 2
72 0
36 3
72 11
38 2
72 0
36 2
72 0
34 2
72 0
31 2
72 13
31 2
72 0
33 2
72 0
34 2
72 7
33 2
72 0
34 2
72 0
36 3
72 11
38 2
72 0
36 2
72 0
34 2
72 0
31 2
72 13
31 2
72 0
33 2
72 0
34 2
72 7
33 2
72 0
34 2
72 0
36 3
72 11
38 2
72 0
36 2
72 0
34 2
72 0
31 2
72 14
31 2
72 0
33 2
72 0
34 2
72 7
33 2
72 0
34 2
72 0
36 3
72 11
38 2
72 0
36 2
72 0
34 2
72 0
31 2
72 13
31 2
72 0
33 2
72 0
34 2
72 7
33 2
72 0
34 2
72 0
36 3
72 11
38 2
72 0
36 2
72 0
34 2
72 0
31 2
72 13
31 2
72 0
33 2
72 0
34 2
72 7
33 2
72 0
34 2
72 0
36 3
72 11
38 2
72 0
36 2
72 0
34 2
72 0
31 2
72 13
31 2
72 0
33 2
72 0
34 2
72 7
33 2
72 0
34 2
72 0
36 3
72 11
38 2
72 0
36 2
72 0
34 2
72 0
31 2
E
S
L
29 14
72 14
29 14
72 14
29 14
72 14
29 14
E
S
H
72 14
62 2
72 12
62 2
72 12
62 2
72 12
62 2
72 12
62 2
72 12
62 2
72 12
62 2
72 12
62 3
72 14
62 2
72 12
62 2
72 12
62 2
72 12
62 2
72 12
62 2
72 12
62 2
72 12
62 2
72 12
62 3
72 12
62 2
72 12
62 2
72 12
62 2
72 12
62 2
72 12
62 2
72 12
62 2
72 12
62 2
72 12
62 3
72 14
67 3
72 1
65 2
72 2
67 3
72 1
60 2
72 2
62 11
72 14
67 0
72 2
60 2
62 0
72 2
70 2
63 0
72 2
60 2
62 2
67 2
60 2
60 2
62 2
70 2
63 2
60 2
62 2
67 2
62 2
60 2
63 2
70 2
62 2
67 2
60 2
60 2
67 0
72 2
125 2
62 0
72 2
70 2
63 0
72 2
60 2
62 2
67 2
60 2
60 2
62 2
70 2
63 2
60 2
62 2
67 2
62 2
60 2
63 2
70 2
62 2
67 2
60 2
60 2
67 0
72 2
125 2
62 0
72 2
70 2
63 0
72 2
60 2
62 2
67 2
60 2
60 2
62 2
70 2
63 2
60 2
62 2
67 2
62 2
60 2
63 2
70 2
62 2
67 2
60 2
60 2
67 0
72 2
125 2
62 0
72 2
70 2
63 0
72 2
60 2
62 2
67 2
60 2
60 2
62 2
70 2
63 2
60 2
62 2
67 2
62 2
60 2
63 2
70 2
62 2
67 2
60 2
60 2
67 0
72 2
60 2
62 0
72 2
70 2
63 0
72 2
60 2
62 2
67 2
60 2
60 2
62 2
70 2
63 2
60 2
62 2
67 2
62 2
60 2
63 2
70 2
62 2
67 2
60 2
60 2
67 0
72 2
125 2
62 0
72 2
70 2
63 0
72 2
60 2
62 2
67 2
60 2
60 2
62 2
70 2
63 2
60 2
62 2
67 2
62 2
60 2
63 2
70 2
62 2
67 2
60 2
60 2
67 0
72 2
125 2
62 0
72 2
70 2
63 0
72 2
60 2
62 2
67 2
60 2
60 2
62 2
70 2
63 2
60 2
62 2
67 2
62 2
60 2
63 2
70 2
62 2
67 2
60 2
60 2
67 0
72 2
125 2
62 0
72 2
70 2
63 0
72 2
60 2
62 2
67 2
60 2
60 2
62 2
70 2
63 2
60 2
62 2
67 2
62 2
60 2
63 2
70 2
62 2
67 2
60 2
60 2
62 2
72 12
62 2
72 12
62 2
72 12
62 2
72 12
62 2
72 12
62 2
72 12
62 2
72 12
62 3
72 14
62 2
72 12
62 2
72 12
62 2
72 12
62 2
72 12
62 2
72 12
62 2
72 12
62 2
72 12
62 3
E
S
H
72 7
72 14
67 0
72 0
62 0
72 1
67 0
72 1
62 2
67 0
62 0
72 0
67 2
62 0
67 2
62 2
67 2
62 0
67 0
62 2
67 0
62 0
72 2
67 2
62 0
67 2
62 2
67 0
62 0
72 0
67 0
62 2
67 0
72 0
62 0
72 1
67 2
62 0
67 2
62 2
67 2
62 0
67 0
72 0
62 2
67 0
72 0
62 0
72 0
67 2
62 0
67 2
62 2
67 2
72 14
69 2
72 0
68 2
72 0
66 2
72 0
62 2
72 0
63 2
72 0
66 2
72 0
63 6
72 14
69 2
72 0
68 2
72 0
66 2
72 0
62 2
72 0
63 2
72 0
66 2
72 0
63 6
72 14
66 2
72 0
65 2
72 0
63 2
72 0
59 2
72 0
60 2
72 0
63 2
72 0
60 6
72 14
66 2
72 0
65 2
72 0
63 2
72 0
59 2
72 0
60 2
72 0
63 2
72 0
60 6
72 14
67 2
72 6
67 2
72 6
67 2
72 6
67 2
72 4
67 2
72 4
67 2
72 4
67 2
72 2
67 2
72 3
67 2
72 1
67 2
72 3
67 2
72 1
67 2
72 2
67 2
72 1
67 2
72 0
67 2
67 2
67 2
67 2
72 0
67 2
67 2
72 0
67 0
72 1
67 2
67 0
67 0
192 7
E
S
L
72 14
72 12
192 14
72 14
192 14
E
X
