minor
S
L
342 14
342 14
342 14
342 14
342 14
342 14
342 14
342 14
72 14
342 14
342 14
72 14
342 13
656 13
813 13
656 13
342 13
656 13
813 13
656 13
342 13
656 13
813 13
656 13
342 13
656 13
813 13
656 13
342 13
656 13
813 13
656 13
342 13
656 13
813 13
656 13
342 14
342 14
342 14
342 14
179 14
983 14
342 14
342 14
342 14
342 14
E
S
L
72 14
20 14
72 14
20 14
E
S
L
13 5
72 6
13 4
16 7
11 4
72 4
13 5
72 6
13 4
16 7
11 4
72 4
13 5
72 6
13 4
16 7
11 4
72 4
13 5
72 6
13 4
16 7
11 4
72 4
13 5
72 6
13 4
16 7
11 4
72 4
13 5
72 6
13 4
16 7
11 4
72 4
13 5
72 6
13 4
16 7
11 4
72 4
13 5
72 6
13 4
16 7
11 4
72 4
13 5
72 6
13 4
16 7
11 4
72 4
13 5
72 6
13 4
16 7
11 4
72 4
13 5
72 6
13 4
16 7
11 4
72 4
13 5
72 6
13 4
16 7
11 4
72 4
13 5
72 6
13 4
16 7
11 4
72 4
13 5
72 6
13 4
16 7
11 4
72 4
13 5
72 6
13 4
16 7
11 4
72 4
13 5
72 6
13 4
16 7
11 4
72 4
13 14
72 11
13 14
72 11
13 5
72 6
13 4
16 7
11 4
72 4
13 5
72 6
13 4
16 7
11 4
72 4
13 5
72 6
13 4
16 7
11 4
72 4
13 5
72 6
13 4
16 7
11 4
72 4
13 5
72 6
13 4
16 7
11 4
72 4
13 5
72 6
13 4
16 7
11 4
72 4
13 5
72 6
13 4
16 7
11 4
72 4
13 5
72 6
13 4
16 7
11 4
72 4
11 5
72 6
11 4
14 7
9 4
72 4
11 5
72 6
11 4
14 7
9 4
72 4
11 5
72 6
11 4
14 7
9 4
72 4
11 5
72 6
11 4
14 7
9 4
72 4
11 5
72 6
11 4
14 7
9 4
72 4
11 5
72 6
11 4
14 7
9 4
72 4
11 5
72 6
11 4
14 7
9 4
72 4
11 5
72 6
11 4
14 7
9 4
72 4
13 5
72 6
13 4
16 7
11 4
72 4
13 5
72 6
13 4
16 7
11 4
72 4
13 5
72 6
13 4
16 7
11 4
72 4
13 5
72 6
13 4
16 7
11 4
72 4
13 5
72 6
13 4
16 7
11 4
72 4
13 5
72 6
13 4
16 7
11 4
72 4
13 5
72 6
13 4
16 7
11 4
72 4
13 5
72 6
13 4
16 7
11 4
72 4
11 5
72 6
11 4
14 7
9 4
72 4
11 5
72 6
11 4
14 7
9 4
72 4
11 5
72 6
11 4
14 7
9 4
72 4
11 5
72 6
11 4
14 7
9 4
72 4
11 5
72 6
11 4
14 7
9 4
72 4
11 5
72 6
11 4
14 7
9 4
72 4
11 5
72 6
11 4
14 7
9 4
72 4
11 5
72 6
11 4
14 7
9 4
72 4
11 5
72 6
11 4
14 7
9 4
72 4
11 5
72 6
11 4
14 7
9 4
72 4
11 5
72 6
11 4
14 7
9 4
72 4
11 14
72 14
25 6
72 2
20 4
21 3
72 1
20 6
72 2
13 5
72 3
27 6
72 2
22 4
23 3
72 1
22 6
72 2
15 5
72 3
28 6
72 2
23 4
24 3
72 1
23 6
72 2
16 5
72 3
27 6
72 2
22 4
23 3
72 1
22 6
72 2
15 5
72 3
25 6
72 2
20 4
21 3
72 1
20 6
72 2
13 5
72 3
27 6
72 2
22 4
23 3
72 1
22 6
72 2
15 5
72 3
28 6
72 2
23 4
24 3
72 1
23 6
72 2
16 5
72 3
27 6
72 2
22 4
23 3
72 1
22 6
72 2
15 5
72 3
25 6
72 2
20 4
21 3
72 1
20 6
72 2
13 5
72 3
27 6
72 2
22 4
23 3
72 1
22 6
72 2
15 5
72 3
28 6
72 2
23 4
24 3
72 1
23 6
72 2
16 5
72 3
27 6
72 2
22 4
23 3
72 1
22 6
72 2
15 5
72 3
25 6
72 2
20 4
21 3
72 1
20 6
72 2
13 5
72 3
27 6
72 2
22 4
23 3
72 1
22 6
72 2
15 5
72 3
28 6
72 2
23 4
24 3
72 1
23 6
72 2
16 5
72 3
27 6
72 2
22 4
23 3
72 1
22 6
72 2
15 5
72 3
13 14
72 11
13 14
72 11
13 5
72 6
13 4
16 7
11 4
72 4
13 5
72 6
13 4
16 7
11 4
72 4
13 5
72 6
13 4
16 7
11 4
72 4
13 5
72 6
13 4
16 7
11 4
72 4
13 5
72 6
13 4
16 7
11 4
72 4
13 5
72 6
13 4
16 7
11 4
72 4
13 5
72 6
13 4
16 7
11 4
72 4
13 5
72 6
13 4
16 7
11 4
72 4
18 5
72 6
18 4
21 7
16 4
72 4
18 5
72 6
18 4
21 7
16 4
72 4
18 5
72 6
18 4
21 7
16 4
72 4
18 5
72 6
18 4
21 7
16 4
72 4
18 5
72 6
18 4
21 7
16 4
72 4
18 5
72 6
18 4
21 7
16 4
72 4
18 5
72 6
18 4
21 7
16 4
72 4
18 5
72 6
18 4
21 7
16 4
72 4
13 14
72 11
13 14
72 11
13 5
72 6
13 4
16 7
11 4
72 4
13 5
72 6
13 4
16 7
11 4
72 4
13 5
72 6
13 4
16 7
11 4
72 4
13 5
72 6
13 4
16 7
11 4
72 4
13 5
72 6
13 4
16 7
11 4
72 4
13 5
72 6
13 4
16 7
11 4
72 4
13 5
72 6
13 4
16 7
11 4
72 4
13 5
72 6
13 4
16 7
11 4
E
S
H
121 2
150 2
121 2
150 2
121 2
150 2
121 2
150 2
121 2
150 2
121 2
150 2
121 2
150 2
121 2
150 2
121 0
150 2
121 2
150 2
37 2
150 2
121 2
150 2
121 2
150 2
37 0
121 2
150 2
121 2
150 2
121 2
150 2
121 2
150 2
37 2
32 0
150 2
121 2
150 2
37 2
150 2
121 2
150 2
121 2
150 2
32 2
37 0
150 2
121 2
150 2
121 2
150 2
121 2
150 2
121 2
150 2
37 2
150 2
121 2
40 2
37 0
121 2
150 2
121 2
150 2
121 2
150 2
121 2
150 2
121 2
150 2
121 2
150 2
121 2
150 2
121 2
150 2
121 0
150 2
121 2
150 2
37 2
150 2
121 2
150 2
121 2
150 2
37 0
121 2
150 2
121 2
150 2
121 2
150 2
121 2
150 2
37 2
32 0
150 2
121 2
150 2
37 2
150 2
121 2
150 2
121 2
150 2
32 2
37 0
150 2
121 2
150 2
121 2
150 2
121 2
150 2
121 2
150 2
37 2
150 2
121 2
40 2
37 0
121 2
150 2
121 2
150 2
121 2
150 2
121 2
150 2
121 2
150 2
121 2
150 2
121 2
150 2
121 2
150 2
121 0
150 2
121 2
150 2
37 2
150 2
121 2
150 2
121 2
150 2
37 0
121 2
150 2
121 2
150 2
121 2
150 2
121 2
150 2
37 2
32 0
150 2
121 2
150 2
37 2
150 2
121 2
150 2
121 2
150 2
32 2
37 0
150 2
121 2
150 2
121 2
150 2
121 2
150 2
121 2
150 2
37 2
150 2
121 2
40 2
37 0
E
S
L
72 14
13 2
72 6
13 2
72 2
13 2
72 14
23 12
72 13
23 11
72 13
23 12
72 13
23 11
72 14
23 12
72 13
23 11
72 13
23 12
72 13
23 11
72 14
25 2
72 2
25 2
72 8
25 2
72 10
27 2
72 2
27 2
72 8
27 2
72 10
28 2
72 2
28 2
72 8
28 2
72 10
27 2
72 2
27 2
72 8
27 2
72 10
25 2
72 2
25 2
72 8
25 2
72 10
27 2
72 2
27 2
72 8
27 2
72 10
28 2
72 2
28 2
72 8
28 2
72 10
32 2
72 2
32 2
72 12
25 2
72 2
25 2
72 8
25 2
72 10
27 2
72 2
27 2
72 8
27 2
72 10
28 2
72 2
28 2
72 8
28 2
72 10
27 2
72 2
27 2
72 8
27 2
72 10
25 2
72 2
25 2
72 8
25 2
72 10
27 2
72 2
27 2
72 8
27 2
72 10
28 2
72 2
28 2
72 8
28 2
72 10
32 2
72 2
32 2
72 14
13 2
72 6
13 2
72 2
13 2
E
S
H
72 14
49 7
44 3
72 1
42 2
72 2
37 6
72 2
42 3
72 1
44 2
72 2
51 2
49 2
51 2
49 2
51 11
72 7
52 7
47 2
72 2
43 2
72 2
40 7
43 2
72 2
47 2
72 2
51 2
49 2
51 2
49 2
51 11
72 6
49 7
44 3
72 1
42 2
72 2
37 6
72 2
42 3
72 1
44 2
72 2
51 2
49 2
51 2
49 2
51 11
72 7
52 7
47 2
72 2
43 2
72 2
40 7
43 2
72 2
47 2
72 2
51 2
49 2
51 2
49 2
51 11
E
X
