minor
S
L
72 14
125 0
72 2
24 2
24 2
72 14
18 2
72 6
18 2
18 2
18 2
72 12
18 2
18 2
18 2
72 6
18 2
18 2
18 2
72 2
18 2
72 2
18 2
72 14
18 0
72 7
18 0
72 2
18 2
18 2
72 13
18 0
72 2
18 2
18 2
72 6
18 2
18 2
18 2
72 2
18 2
72 6
72 4
20 0
72 2
20 2
20 2
72 12
20 2
72 2
20 2
72 8
20 0
72 4
20 0
72 2
20 0
72 2
20 0
72 4
20 2
72 12
14 0
72 2
14 2
14 2
72 2
14 2
72 2
14 2
72 10
14 2
14 2
14 2
14 2
14 2
14 2
14 3
72 1
20 2
72 11
20 0
72 2
20 2
20 2
72 12
20 0
72 2
20 0
72 2
20 2
72 2
20 2
72 2
20 2
72 6
14 0
72 2
14 2
14 2
72 2
14 2
72 2
14 2
72 10
14 2
72 2
14 2
72 8
14 2
14 2
14 2
14 2
14 3
72 1
14 2
14 2
125 0
72 2
24 2
24 2
72 14
18 2
72 6
18 2
18 2
18 2
72 12
18 2
18 2
18 2
72 6
18 2
18 2
18 2
72 2
18 2
72 2
18 2
72 14
18 0
72 7
18 0
72 2
18 2
18 2
72 13
18 0
72 2
18 2
18 2
72 6
18 2
18 2
18 2
72 2
18 2
72 6
72 4
20 0
72 2
20 2
20 2
72 12
20 2
72 2
20 2
72 8
20 0
72 4
20 0
72 2
20 0
72 2
20 0
72 4
20 2
72 12
14 0
72 2
14 2
14 2
72 2
14 2
72 2
14 2
72 10
14 2
14 2
14 2
14 2
14 2
14 2
14 3
72 1
20 2
72 11
20 0
72 2
20 2
20 2
72 12
20 0
72 2
20 0
72 2
20 2
72 2
20 2
72 2
20 2
72 6
14 0
72 2
14 2
14 2
72 2
14 2
72 2
14 2
72 10
14 2
72 2
14 2
72 8
14 2
14 2
14 2
14 2
14 3
72 1
14 2
14 2
12 2
72 2
12 2
72 12
125 0
72 4
12 2
72 12
18 2
72 2
18 2
72 12
18 0
72 2
18 0
72 2
18 2
72 2
18 2
72 12
12 2
72 2
12 2
72 12
12 0
72 2
12 0
72 2
12 2
72 2
12 2
72 12
18 2
72 2
18 2
72 12
18 0
72 2
18 0
72 2
18 2
72 2
18 2
72 12
12 2
72 2
12 2
72 12
125 0
72 4
12 2
72 12
18 2
72 2
18 2
72 12
18 0
72 2
18 0
72 2
18 2
72 2
18 2
72 12
12 2
72 2
12 2
72 12
12 0
72 2
12 0
72 2
12 2
72 2
12 2
72 12
18 2
72 2
18 2
72 12
18 0
72 2
18 0
72 2
18 2
72 2
18 2
72 14
12 3
72 13
12 2
72 12
12 2
12 2
12 2
72 13
12 2
72 12
10 2
72 2
10 2
72 2
12 2
72 12
12 2
12 0
72 2
12 2
72 13
12 2
72 2
12 2
72 12
12 0
72 2
12 2
12 0
72 2
12 2
12 0
72 4
12 0
72 11
12 3
72 13
12 2
72 12
12 2
12 2
12 2
72 13
12 2
72 12
10 2
72 2
10 2
72 2
12 2
72 12
12 2
12 0
72 2
12 2
72 13
12 2
72 2
12 2
72 12
12 0
72 2
12 2
12 0
72 2
12 2
12 0
72 4
12 0
72 11
125 0
72 2
24 2
24 2
72 14
18 2
72 6
18 2
18 2
18 2
72 12
18 2
18 2
18 2
72 6
18 2
18 2
18 2
72 2
18 2
72 2
18 2
72 14
18 0
72 7
18 0
72 2
18 2
18 2
72 13
18 0
72 2
18 2
18 2
72 6
18 2
18 2
18 2
72 2
18 2
72 6
125 0
72 2
24 2
24 2
72 14
18 2
72 6
18 2
18 2
18 2
72 12
18 2
18 2
18 2
72 6
18 2
18 2
18 2
72 2
18 2
72 2
18 2
72 14
18 0
72 7
18 0
72 2
18 2
18 2
72 13
18 0
72 2
18 2
18 2
72 6
18 2
18 2
18 2
72 2
18 2
E
S
H
72 14
48 2
72 2
48 2
72 2
48 2
46 0
72 2
48 2
50 2
51 2
72 2
48 2
72 2
51 6
72 10
55 2
53 2
51 2
72 2
50 2
72 2
48 2
72 2
50 2
72 2
51 2
50 2
48 2
72 2
46 2
72 2
48 2
72 2
50 2
72 2
51 2
72 2
48 7
72 13
48 2
72 2
48 2
72 2
48 2
46 2
48 2
46 0
72 2
48 2
72 2
50 2
72 2
51 6
72 6
55 2
53 2
51 2
72 8
56 2
55 2
53 2
72 2
51 2
50 2
48 2
72 2
46 2
72 2
48 2
72 2
50 2
72 2
51 3
72 1
50 2
72 2
48 7
E
S
L
72 14
72 14
101 12
E
S
H
72 14
60 0
72 11
60 2
67 2
60 0
72 4
67 2
72 2
60 2
72 2
60 2
72 10
60 2
67 2
60 2
72 2
67 2
72 2
60 2
72 2
66 2
72 10
69 2
66 2
61 2
72 2
66 2
72 2
69 2
72 2
66 0
72 11
69 2
66 2
61 2
72 2
66 2
72 2
69 2
72 2
60 2
72 10
60 2
67 2
60 2
72 2
67 2
72 2
60 2
72 2
67 2
72 10
60 2
67 2
60 2
72 2
67 2
72 2
60 2
72 2
66 2
72 10
69 2
66 2
61 2
72 2
66 2
72 2
69 2
72 2
61 2
72 10
69 2
66 2
61 2
72 2
66 2
72 2
69 2
72 2
67 2
72 10
60 2
67 2
60 2
72 2
67 2
72 2
60 2
72 2
67 2
72 10
60 2
67 2
60 2
72 2
67 2
72 2
60 2
72 2
66 2
72 10
69 2
66 2
61 2
72 2
66 2
72 2
69 2
72 2
61 2
72 10
69 2
66 2
61 2
72 2
66 2
72 2
69 2
72 2
60 2
72 10
60 2
67 2
60 2
72 2
67 2
72 2
60 2
72 2
67 2
72 10
60 2
67 2
60 2
72 2
67 2
72 2
60 2
72 2
66 2
72 10
69 2
66 2
61 2
72 2
66 2
72 2
69 2
72 2
66 2
72 10
69 2
66 2
61 2
72 2
66 2
72 2
69 2
E
S
H
72 14
60 0
72 11
60 2
67 2
60 0
72 4
67 2
72 2
60 2
72 2
60 2
72 10
60 2
67 2
60 2
72 2
67 2
72 2
60 2
72 2
66 2
72 10
69 2
66 2
61 2
72 2
66 2
72 2
69 2
72 2
66 0
72 11
69 2
66 2
61 2
72 2
66 2
72 2
69 2
72 2
60 2
72 10
60 2
67 2
60 2
72 2
67 2
72 2
60 2
72 2
67 2
72 10
60 2
67 2
60 2
72 2
67 2
72 2
60 2
72 2
66 2
72 10
69 2
66 2
61 2
72 2
66 2
72 2
69 2
72 2
61 2
72 10
69 2
66 2
61 2
72 2
66 2
72 2
69 2
72 2
67 2
72 10
60 2
67 2
60 2
72 2
67 2
72 2
60 2
72 2
67 2
72 10
60 2
67 2
60 2
72 2
67 2
72 2
60 2
72 2
66 2
72 10
69 2
66 2
61 2
72 2
66 2
72 2
69 2
72 2
61 2
72 10
69 2
66 2
61 2
72 2
66 2
72 2
69 2
72 2
60 2
72 10
60 2
67 2
60 2
72 2
67 2
72 2
60 2
72 2
67 2
72 10
60 2
67 2
60 2
72 2
67 2
72 2
60 2
72 2
66 2
72 10
69 2
66 2
61 2
72 2
66 2
72 2
69 2
72 2
66 2
72 10
69 2
66 2
61 2
72 2
66 2
72 2
69 2
E
X
