major
S
L
72 14
17 0
17 0
72 2
17 0
17 0
72 2
17 0
72 0
17 0
72 1
17 0
72 1
17 0
72 0
17 2
190 2
72 12
24 0
72 3
17 2
72 12
24 2
72 0
17 2
72 12
17 0
17 0
72 2
17 0
72 0
17 0
72 1
17 0
72 1
17 0
72 0
17 0
17 0
72 2
17 2
72 12
24 0
72 3
17 2
72 12
24 2
72 0
17 2
72 12
24 2
72 0
190 2
72 12
24 0
72 3
17 2
72 13
190 2
72 12
24 0
72 3
17 2
72 12
24 2
72 0
17 2
72 12
17 0
17 0
72 2
17 0
72 0
17 0
72 1
17 0
72 1
17 0
72 0
17 0
17 0
72 2
17 2
72 12
24 0
72 3
17 2
72 12
24 2
72 0
17 2
72 12
24 2
72 0
190 2
72 12
24 0
72 3
17 2
72 13
190 2
72 12
24 0
72 3
17 2
72 12
24 2
72 0
17 2
72 12
17 0
17 0
72 2
17 0
72 0
17 0
72 1
17 0
72 1
17 0
72 0
17 0
17 0
72 2
17 2
72 12
24 0
72 3
17 2
72 12
24 2
72 0
17 2
72 12
24 2
72 0
190 2
72 12
24 0
72 3
17 2
72 13
190 2
72 12
24 0
72 3
17 2
72 12
24 2
72 0
17 2
72 12
17 0
17 0
72 2
17 0
72 0
17 0
72 1
17 0
72 1
17 0
72 0
17 0
17 0
72 2
17 2
72 12
24 0
72 3
17 2
72 12
24 2
72 0
17 2
72 12
24 2
72 0
190 2
72 12
24 0
72 3
17 2
72 13
190 2
72 12
24 0
72 3
17 2
72 12
24 2
72 0
17 2
72 12
17 0
17 0
72 2
17 0
72 0
17 0
72 1
17 0
72 1
17 0
72 0
17 0
17 0
72 2
17 2
72 12
24 0
72 3
17 2
72 12
24 2
72 0
17 2
72 12
24 2
72 0
190 2
72 12
24 0
72 3
17 2
72 14
29 2
72 8
29 2
29 2
29 2
72 2
29 2
72 2
29 2
72 2
24 2
72 13
29 2
72 8
29 2
29 2
29 2
72 2
29 2
72 2
29 2
72 2
24 2
72 2
29 2
72 13
29 2
72 8
29 2
29 2
29 2
72 2
29 2
72 2
29 2
72 2
24 2
72 2
29 2
72 13
29 2
72 8
29 2
29 4
72 2
29 2
72 2
29 2
72 2
24 2
72 2
29 2
72 13
29 2
72 8
29 2
29 2
29 2
72 2
29 2
72 2
29 2
72 2
24 2
72 13
29 2
72 8
29 2
29 2
29 2
72 2
29 2
72 2
29 2
72 2
24 2
72 2
29 2
72 13
29 2
72 8
29 2
29 2
29 2
72 2
29 2
72 2
29 2
72 2
24 2
72 2
29 2
72 13
29 2
72 8
29 2
29 4
72 2
29 2
72 2
29 2
72 2
24 2
72 2
29 2
72 14
229 2
72 12
27 0
72 3
20 2
72 12
27 2
72 0
20 2
72 12
20 0
20 0
72 2
20 0
72 0
20 0
72 1
20 0
72 1
20 0
72 0
20 0
20 0
72 2
20 2
72 12
27 0
72 3
20 2
72 12
27 2
72 0
20 2
72 12
27 2
72 0
229 2
72 12
27 0
72 3
20 2
72 13
229 2
72 12
27 0
72 3
20 2
72 12
27 2
72 0
20 2
72 12
20 0
20 0
72 2
20 0
72 0
20 0
72 1
20 0
72 1
20 0
72 0
20 0
20 0
72 2
20 2
72 12
27 0
72 3
20 2
72 12
27 2
72 0
20 2
72 12
27 2
72 0
229 2
72 12
27 0
72 3
20 2
72 13
190 2
72 12
24 0
72 3
17 2
72 12
24 2
72 0
17 2
72 12
17 0
17 0
72 2
17 0
72 0
17 0
72 1
17 0
72 1
17 0
72 0
17 0
17 0
72 2
17 2
72 12
24 0
72 3
17 2
72 12
24 2
72 0
17 2
72 12
24 2
72 0
190 2
72 12
24 0
72 3
17 2
72 13
190 2
72 12
24 0
72 3
17 2
72 12
24 2
72 0
17 2
72 12
17 0
17 0
72 2
17 0
72 0
17 0
72 1
17 0
72 1
17 0
72 0
17 0
17 0
72 2
17 2
72 12
24 0
72 3
17 2
72 12
24 2
72 0
17 2
72 12
24 2
72 0
190 2
72 12
24 0
72 3
17 2
72 14
190 2
72 12
24 0
72 3
17 2
72 12
24 2
72 0
17 2
72 12
17 0
17 0
72 2
17 0
72 0
17 0
72 1
17 0
72 1
17 0
72 0
17 0
17 0
72 2
17 2
72 12
24 0
72 3
17 2
72 12
24 2
72 0
17 2
72 12
24 2
72 0
190 2
72 12
24 0
72 3
17 2
E
S
L
22 2
27 0
1472 2
147 0
1472 2
147 2
33 0
176 2
27 0
22 2
1472 2
147 0
1472 2
147 2
176 2
33 0
22 2
27 0
176 2
33 0
147 0
1472 2
147 2
176 2
33 0
22 2
27 0
1472 2
147 0
1472 2
147 2
33 0
176 2
22 2
27 0
1472 2
147 0
1472 2
147 2
33 0
176 2
22 2
27 0
1472 2
147 0
1472 2
147 2
33 0
176 2
27 0
22 2
176 2
215 0
147 0
27 0
22 2
215 0
27 2
147 0
22 2
27 0
1472 2
147 0
1472 2
147 2
33 0
176 2
27 0
22 2
1472 2
147 0
1472 2
147 2
176 2
33 0
22 2
27 0
176 2
33 0
147 0
1472 2
147 2
176 2
33 0
22 2
27 0
1472 2
147 0
1472 2
147 2
33 0
176 2
22 2
27 0
1472 2
147 0
1472 2
147 2
33 0
176 2
22 2
27 0
1472 2
147 0
1472 2
147 2
33 0
176 2
27 0
22 2
176 2
215 0
147 0
27 0
22 2
215 0
27 2
147 0
22 2
27 0
1472 2
147 0
1472 2
147 2
33 0
176 2
27 0
22 2
1472 2
147 0
1472 2
147 2
176 2
33 0
22 2
27 0
176 2
33 0
147 0
1472 2
147 2
176 2
33 0
22 2
27 0
1472 2
147 0
1472 2
147 2
33 0
176 2
22 2
27 0
1472 2
147 0
1472 2
147 2
33 0
176 2
22 2
27 0
1472 2
147 0
1472 2
147 2
33 0
176 2
22 2
27 0
1472 2
147 0
1472 2
147 2
33 0
176 2
27 0
22 2
1472 2
147 0
1472 2
147 2
176 2
33 0
22 2
27 0
1472 2
147 0
1472 2
147 2
33 0
176 2
27 0
22 2
1472 2
147 0
1472 2
147 2
176 2
33 0
22 2
27 0
176 2
33 0
147 0
1472 2
147 2
176 2
33 0
22 2
27 0
1472 2
147 0
1472 2
147 2
33 0
176 2
22 2
27 0
176 2
33 0
147 0
1472 2
147 2
176 2
33 0
22 2
27 0
1472 2
147 0
1472 2
147 2
33 0
176 2
27 0
22 2
176 2
215 0
147 0
27 0
22 2
215 0
27 2
147 0
33 0
27 2
110 2
137 0
212 0
542 2
212 2
39 0
110 2
27 2
33 0
110 2
137 0
212 0
542 2
212 2
110 2
39 0
33 0
27 2
110 2
137 0
212 0
542 2
212 2
39 0
110 2
27 2
33 0
110 2
137 0
212 0
542 2
212 2
110 2
39 0
36 0
30 2
137 2
176 0
107 0
1001 2
107 2
42 0
137 2
30 2
36 0
137 2
176 0
107 0
1001 2
107 2
137 2
42 0
36 0
30 2
137 2
176 0
107 0
1001 2
107 2
42 0
137 2
30 2
36 0
137 2
176 0
107 0
1001 2
107 2
137 2
42 0
39 0
33 2
176 2
215 0
146 0
1472 2
146 2
45 0
176 2
33 2
39 0
176 2
215 0
146 0
1472 2
146 2
176 2
45 0
39 0
33 2
176 2
215 0
146 0
1472 2
146 2
45 0
176 2
33 2
39 0
176 2
215 0
146 0
1472 2
146 2
176 2
45 0
45 0
39 2
110 2
137 0
212 0
542 2
212 2
51 0
110 2
39 2
45 0
110 2
137 0
212 0
542 2
212 2
110 2
51 0
48 0
42 2
137 2
176 0
107 0
1001 2
107 2
54 0
137 2
42 2
48 0
137 2
176 0
107 0
1001 6
33 0
27 2
110 2
137 0
212 0
542 2
212 2
39 0
110 2
27 2
33 0
110 2
137 0
212 0
542 2
212 2
110 2
39 0
33 0
27 2
110 2
137 0
212 0
542 2
212 2
39 0
110 2
27 2
33 0
110 2
137 0
212 0
542 2
212 2
110 2
39 0
36 0
30 2
137 2
176 0
107 0
1001 2
107 2
42 0
137 2
30 2
36 0
137 2
176 0
107 0
1001 2
107 2
137 2
42 0
36 0
30 2
137 2
176 0
107 0
1001 2
107 2
42 0
137 2
30 2
36 0
137 2
176 0
107 0
1001 2
107 2
137 2
42 0
39 0
33 2
176 2
215 0
146 0
1472 2
146 2
45 0
176 2
33 2
39 0
176 2
215 0
146 0
1472 2
146 2
176 2
45 0
39 0
33 2
176 2
215 0
146 0
1472 2
146 2
45 0
176 2
33 2
39 0
176 2
215 0
146 0
1472 2
146 2
176 2
45 0
45 0
39 2
110 2
137 0
212 0
542 2
212 2
51 0
110 2
39 2
45 0
110 2
137 0
212 0
542 2
212 2
110 2
51 0
48 0
42 2
137 2
176 0
107 0
1001 2
107 2
54 0
137 2
42 2
48 0
137 2
176 0
107 0
1001 6
33 0
27 2
110 2
137 0
212 0
542 2
212 2
39 0
110 2
27 2
33 0
110 2
137 0
212 0
542 2
212 2
110 2
39 0
33 0
27 2
110 2
137 0
212 0
542 2
212 2
39 0
110 2
27 2
33 0
110 2
137 0
212 0
542 2
212 2
110 2
39 0
36 0
30 2
137 2
176 0
107 0
1001 2
107 2
42 0
137 2
30 2
36 0
137 2
176 0
107 0
1001 2
107 2
137 2
42 0
36 0
30 2
137 2
176 0
107 0
1001 2
107 2
42 0
137 2
30 2
36 0
137 2
176 0
107 0
1001 2
107 2
137 2
42 0
39 0
33 2
176 2
215 0
146 0
1472 2
146 2
45 0
176 2
33 2
39 0
176 2
215 0
146 0
1472 2
146 2
176 2
45 0
39 0
33 2
176 2
215 0
146 0
1472 2
146 2
45 0
176 2
33 2
39 0
176 2
215 0
146 0
1472 2
146 2
176 2
45 0
45 0
39 2
110 2
137 0
212 0
542 2
212 2
51 0
110 2
39 2
45 0
110 2
137 0
212 0
542 2
212 2
110 2
51 0
48 0
42 2
137 2
176 0
107 0
1001 2
107 2
54 0
137 2
42 2
48 0
137 2
176 0
107 0
1001 6
22 2
27 0
1472 2
147 0
1472 2
147 2
33 0
176 2
27 0
22 2
1472 2
147 0
1472 2
147 2
176 2
33 0
22 2
27 0
176 2
33 0
147 0
1472 2
147 2
176 2
33 0
22 2
27 0
1472 2
147 0
1472 2
147 2
33 0
176 2
22 2
27 0
1472 2
147 0
1472 2
147 2
33 0
176 2
22 2
27 0
1472 2
147 0
1472 2
147 2
33 0
176 2
27 0
22 2
176 2
215 0
147 0
27 0
22 2
215 0
27 2
147 0
22 2
27 0
1472 2
147 0
1472 2
147 2
33 0
176 2
27 0
22 2
1472 2
147 0
1472 2
147 2
176 2
33 0
22 2
27 0
176 2
33 0
147 0
1472 2
147 2
176 2
33 0
22 2
27 0
1472 2
147 0
1472 2
147 2
33 0
176 2
22 2
27 0
1472 2
147 0
1472 2
147 2
33 0
176 2
22 2
27 0
1472 2
147 0
1472 2
147 2
33 0
176 2
27 0
22 2
176 2
215 0
147 0
27 0
22 2
215 0
27 2
147 0
22 2
27 0
1472 2
147 0
1472 2
147 2
33 0
176 2
27 0
22 2
1472 2
147 0
1472 2
147 2
176 2
33 0
22 2
27 0
176 2
33 0
147 0
1472 2
147 2
176 2
33 0
22 2
27 0
1472 2
147 0
1472 2
147 2
33 0
176 2
22 2
27 0
1472 2
147 0
1472 2
147 2
33 0
176 2
22 2
27 0
1472 2
147 0
1472 2
147 2
33 0
176 2
27 0
22 2
176 2
215 0
147 0
27 0
22 2
215 0
27 2
147 0
22 2
27 0
1472 2
147 0
1472 2
147 2
33 0
176 2
27 0
22 2
1472 2
147 0
1472 2
147 2
176 2
33 0
22 2
27 0
176 2
33 0
147 0
1472 2
147 2
176 2
33 0
22 2
27 0
1472 2
147 0
1472 2
147 2
33 0
176 2
22 2
27 0
1472 2
147 0
1472 2
147 2
33 0
176 2
22 2
27 0
1472 2
147 0
1472 2
147 2
33 0
176 2
27 0
22 2
176 2
215 0
147 0
27 0
22 2
215 0
27 2
147 0
22 2
27 0
1472 2
147 0
1472 2
147 2
33 0
176 2
27 0
22 2
1472 2
147 0
1472 2
147 2
176 2
33 0
22 2
27 0
176 2
33 0
147 0
1472 2
147 2
176 2
33 0
22 2
27 0
1472 2
147 0
1472 2
147 2
33 0
176 2
22 2
27 0
1472 2
147 0
1472 2
147 2
33 0
176 2
22 2
27 0
1472 2
147 0
1472 2
147 2
33 0
176 2
27 0
22 2
176 2
215 0
147 0
27 0
22 2
215 0
27 2
147 0
22 2
27 0
1472 2
147 0
1472 2
147 2
33 0
176 2
27 0
22 2
1472 2
147 0
1472 2
147 2
176 2
33 0
22 2
27 0
176 2
33 0
147 0
1472 2
147 2
176 2
33 0
22 2
27 0
1472 2
147 0
1472 2
147 2
33 0
176 2
22 2
27 0
1472 2
147 0
1472 2
147 2
33 0
176 2
22 2
27 0
1472 2
147 0
1472 2
147 2
33 0
176 2
27 0
22 2
176 2
215 0
147 0
27 0
22 2
215 0
27 2
147 0
22 2
27 0
1472 2
147 0
1472 2
147 2
33 0
176 2
27 0
22 2
1472 2
147 0
1472 2
147 2
176 2
33 0
22 2
27 0
176 2
33 0
147 0
1472 2
147 2
176 2
33 0
22 2
27 0
1472 2
147 0
1472 2
147 2
33 0
176 2
22 2
27 0
1472 2
147 0
1472 2
147 2
33 0
176 2
22 2
27 0
1472 2
147 0
1472 2
147 2
33 0
176 2
27 0
22 2
176 2
215 0
147 0
27 0
22 2
215 0
27 2
147 0
22 2
27 0
1472 2
147 0
1472 2
147 2
33 0
176 2
27 0
22 2
1472 2
147 0
1472 2
147 2
176 2
33 0
22 2
27 0
176 2
33 0
147 0
1472 2
147 2
176 2
33 0
22 2
27 0
1472 2
147 0
1472 2
147 2
33 0
176 2
22 2
27 0
1472 2
147 0
1472 2
147 2
33 0
176 2
22 2
27 0
1472 2
147 0
1472 2
147 2
33 0
176 2
27 0
22 2
176 2
215 0
147 0
27 0
22 2
215 0
27 2
147 0
33 0
27 2
110 2
137 0
212 0
542 2
212 2
39 0
110 2
27 2
33 0
110 2
137 0
212 0
542 2
212 2
110 2
39 0
33 0
27 2
110 2
137 0
212 0
542 2
212 2
39 0
110 2
27 2
33 0
110 2
137 0
212 0
542 2
212 2
110 2
39 0
36 0
30 2
137 2
176 0
107 0
1001 2
107 2
42 0
137 2
30 2
36 0
137 2
176 0
107 0
1001 2
107 2
137 2
42 0
36 0
30 2
137 2
176 0
107 0
1001 2
107 2
42 0
137 2
30 2
36 0
137 2
176 0
107 0
1001 2
107 2
137 2
42 0
39 0
33 2
176 2
215 0
146 0
1472 2
146 2
45 0
176 2
33 2
39 0
176 2
215 0
146 0
1472 2
146 2
176 2
45 0
39 0
33 2
176 2
215 0
146 0
1472 2
146 2
45 0
176 2
33 2
39 0
176 2
215 0
146 0
1472 2
146 2
176 2
45 0
45 0
39 2
110 2
137 0
212 0
542 2
212 2
51 0
110 2
39 2
45 0
110 2
137 0
212 0
542 2
212 2
110 2
51 0
48 0
42 2
137 2
176 0
107 0
1001 2
107 2
54 0
137 2
42 2
48 0
137 2
176 0
107 0
1001 6
E
S
L
72 14
15 3
72 9
22 4
72 10
21 4
72 9
18 3
72 10
21 3
72 10
20 3
72 9
15 3
72 10
21 3
72 10
15 3
72 10
22 3
72 11
21 3
72 10
18 3
72 10
21 3
72 10
18 3
72 10
21 3
72 10
18 11
72 14
15 3
72 9
22 4
72 10
21 4
72 9
18 3
72 10
21 3
72 10
20 3
72 9
15 3
72 10
21 3
72 10
15 3
72 10
22 3
72 11
21 3
72 10
18 3
72 10
21 3
72 10
18 3
72 10
21 3
72 10
18 11
20 3
72 9
27 4
72 10
26 4
72 9
23 3
72 10
26 3
72 10
25 3
72 9
20 3
72 10
26 3
72 10
20 3
72 10
27 3
72 11
26 3
72 10
23 3
72 10
26 3
72 10
23 3
72 10
26 3
72 10
23 11
72 14
18 3
72 9
25 4
72 10
24 4
72 9
21 3
72 10
24 3
72 10
23 3
72 9
18 3
72 10
24 3
72 10
18 3
72 10
25 3
72 11
24 3
72 10
21 3
72 10
24 3
72 10
21 3
72 10
24 3
72 10
21 11
23 3
72 9
30 4
72 10
29 4
72 9
26 3
72 10
29 3
72 10
28 3
72 9
23 3
72 10
29 3
72 10
23 3
72 10
30 3
72 11
29 3
72 10
26 3
72 10
29 3
72 10
26 3
72 10
29 3
72 10
26 11
15 3
72 9
22 4
72 10
21 4
72 9
18 3
72 10
21 3
72 10
20 3
72 9
15 3
72 10
21 3
72 10
15 3
72 10
22 3
72 11
21 3
72 10
18 3
72 10
21 3
72 10
18 3
72 10
21 3
72 10
18 11
E
S
L
72 14
15 0
72 2
15 0
72 0
15 0
72 3
15 0
72 0
15 0
72 2
15 0
15 0
72 3
15 0
72 1
15 0
72 2
15 0
15 0
72 2
15 0
72 2
15 0
72 2
15 0
72 1
15 0
72 0
15 0
72 14
15 0
72 2
15 0
72 0
15 0
72 3
15 0
72 0
15 0
72 2
15 0
15 0
72 3
15 0
72 1
15 0
72 2
15 0
15 0
72 2
15 0
72 2
15 0
72 2
15 0
72 1
15 0
72 0
15 0
72 14
15 2
72 6
15 2
72 6
15 3
72 5
15 4
72 4
15 3
72 5
15 3
72 5
15 3
72 5
15 2
72 14
15 0
72 2
15 0
72 0
15 0
72 3
15 0
72 0
15 0
72 2
15 0
15 0
72 3
15 0
72 1
15 0
72 2
15 0
15 0
72 2
15 0
72 2
15 0
72 2
15 0
72 1
15 0
72 0
15 0
72 14
15 0
72 2
15 0
72 0
15 0
72 3
15 0
72 0
15 0
72 2
15 0
15 0
72 3
15 0
72 1
15 0
72 2
15 0
15 0
72 2
15 0
72 2
15 0
72 2
15 0
72 1
15 0
72 0
15 0
72 2
15 2
72 11
13 2
72 7
15 13
E
S
H
72 14
27 13
72 14
39 2
72 13
40 2
72 13
39 2
72 13
40 2
72 13
39 2
72 13
40 3
72 13
39 2
72 13
40 3
72 13
39 2
72 13
40 2
72 13
39 2
72 13
40 2
72 13
39 2
72 13
40 3
72 13
39 2
72 13
40 3
72 14
27 13
72 14
49 2
72 13
48 2
72 13
47 2
72 13
46 2
72 13
49 2
72 13
48 2
72 13
47 2
72 13
46 2
72 13
49 2
72 13
48 2
72 13
47 2
72 13
46 2
72 13
49 2
72 13
48 2
72 13
47 2
72 13
46 2
E
S
L
72 14
18 2
72 0
18 2
72 0
18 2
72 0
20 2
72 0
18 2
72 0
18 2
72 0
18 2
72 0
20 2
72 0
18 2
72 0
22 2
72 6
20 2
72 4
18 2
72 0
18 2
72 4
20 2
72 0
18 2
72 0
18 2
72 0
18 2
72 6
18 2
72 0
18 2
72 0
18 2
72 0
18 2
72 0
20 2
72 0
18 2
72 0
18 2
72 0
18 2
72 0
20 2
72 0
18 2
72 0
22 2
72 4
20 2
72 0
18 2
72 0
18 2
72 0
18 2
72 0
20 2
72 0
18 2
72 0
18 2
72 0
20 2
72 0
18 2
72 4
18 2
72 6
18 2
72 0
18 2
72 0
18 2
72 0
20 2
72 0
18 2
72 0
18 2
72 0
18 2
72 0
20 2
72 0
18 2
72 0
22 2
72 6
20 2
72 4
18 2
72 0
18 2
72 4
20 2
72 0
18 2
72 0
18 2
72 0
18 2
72 6
18 2
72 0
18 2
72 0
18 2
72 0
18 2
72 0
20 2
72 0
18 2
72 0
18 2
72 0
18 2
72 0
20 2
72 0
18 2
72 0
22 2
72 4
20 2
72 0
18 2
72 0
18 2
72 0
18 2
72 0
20 2
72 0
18 2
72 0
18 2
72 0
20 2
72 0
18 2
72 4
18 2
72 6
18 2
72 0
18 2
72 0
18 2
72 0
20 2
72 0
18 2
72 0
18 2
72 0
18 2
72 0
20 2
72 0
18 2
72 0
22 2
72 6
20 2
72 4
18 2
72 0
18 2
72 4
20 2
72 0
18 2
72 0
18 2
72 0
18 2
72 6
18 2
72 0
18 2
72 0
18 2
72 0
18 2
72 0
20 2
72 0
18 2
72 0
18 2
72 0
18 2
72 0
20 2
72 0
18 2
72 0
22 2
72 4
20 2
72 0
18 2
72 0
18 2
72 0
18 2
72 0
20 2
72 0
18 2
72 0
18 2
72 0
20 2
72 0
18 2
72 4
18 2
72 6
18 2
72 0
18 2
72 0
18 2
72 0
20 2
72 0
18 2
72 0
18 2
72 0
18 2
72 0
20 2
72 0
18 2
72 0
22 2
72 6
20 2
72 4
18 2
72 0
18 2
72 4
20 2
72 0
18 2
72 0
18 2
72 0
18 2
72 0
18 2
72 0
18 2
72 0
18 2
72 0
18 2
72 0
18 2
72 0
18 2
72 0
20 2
72 0
18 2
72 0
18 2
72 0
18 2
72 0
20 2
72 0
18 2
72 0
18 2
72 0
18 2
72 0
20 2
72 0
18 2
72 0
18 2
72 0
18 2
72 0
20 2
72 0
18 2
72 0
18 2
72 0
18 2
72 0
18 2
72 0
20 2
72 0
22 2
E
S
H
72 14
42 2
72 0
34 3
39 3
41 3
42 3
45 3
46 4
45 3
42 3
41 2
72 0
39 2
72 0
41 3
42 2
72 0
34 3
39 3
41 3
42 3
39 3
41 4
39 3
42 3
41 2
72 0
39 2
72 0
41 3
42 2
72 0
34 3
39 3
41 3
42 3
45 3
46 4
45 3
42 3
41 2
72 0
39 2
72 0
41 3
42 2
72 0
34 3
39 3
41 3
42 3
39 3
41 4
39 3
42 3
39 7
42 2
72 0
34 3
39 3
41 3
42 3
45 3
46 4
45 3
42 3
41 2
72 0
39 2
72 0
41 3
42 2
72 0
34 3
39 3
41 3
42 3
39 3
41 4
39 3
42 3
41 2
72 0
39 2
72 0
41 3
42 2
72 0
34 3
39 3
41 3
42 3
45 3
46 4
45 3
42 3
41 2
72 0
39 2
72 0
41 3
42 2
72 0
34 3
39 3
41 3
42 3
39 3
41 4
39 3
42 3
39 7
42 2
72 0
34 3
39 3
41 3
42 3
45 3
46 4
45 3
42 3
41 2
72 0
39 2
72 0
41 3
42 2
72 0
34 3
39 3
41 3
42 3
39 3
41 4
39 3
42 3
41 2
72 0
39 2
72 0
41 3
42 2
72 0
34 3
39 3
41 3
42 3
45 3
46 4
45 3
42 3
41 2
72 0
39 2
72 0
41 3
42 2
72 0
34 3
39 3
41 3
42 3
39 3
41 4
39 3
42 3
39 7
42 2
72 0
34 3
39 3
41 3
42 3
45 3
46 4
45 3
42 3
41 2
72 0
39 2
72 0
41 3
42 2
72 0
34 3
39 3
41 3
42 3
39 3
41 4
39 3
42 3
41 2
72 0
39 2
72 0
41 3
42 2
72 0
34 3
39 3
41 3
42 3
45 3
46 4
45 3
42 3
41 2
72 0
39 2
72 0
41 3
42 2
72 0
34 3
39 3
41 3
42 3
39 3
41 4
39 3
42 3
39 7
E
X
