major
S
L
24 2
72 8
24 2
72 2
24 2
72 8
24 2
72 2
24 2
72 8
24 2
72 2
24 2
72 8
24 2
72 2
24 2
72 8
24 2
72 2
24 2
72 8
24 2
72 2
24 2
72 8
24 2
72 2
24 2
72 8
24 2
72 2
24 2
72 8
24 2
72 2
24 2
72 8
24 2
72 2
24 2
72 8
24 2
72 2
24 2
72 8
24 2
72 2
24 2
72 8
24 2
72 2
24 2
72 8
24 2
72 2
24 2
72 8
24 2
72 2
24 2
72 8
24 2
72 2
24 2
72 8
24 2
72 2
24 2
72 8
24 2
72 2
24 2
72 8
24 2
72 2
24 2
72 8
24 2
72 2
24 2
72 8
24 2
72 2
24 2
72 8
24 2
72 2
24 2
72 8
24 2
72 2
24 2
72 8
24 2
72 2
24 2
72 8
24 2
72 2
24 2
72 8
24 2
72 2
24 2
72 8
24 2
72 2
24 2
72 8
24 2
72 2
24 2
72 8
24 2
72 2
24 2
72 8
24 2
72 2
24 2
72 8
24 2
72 2
24 2
72 8
24 2
72 2
24 2
72 8
24 2
72 2
24 2
72 8
24 2
72 2
24 2
72 8
24 2
72 2
24 2
72 8
24 2
72 2
24 2
72 8
24 2
72 2
24 2
72 8
24 2
72 2
24 2
72 8
24 2
72 2
24 2
72 8
24 2
72 2
24 2
72 8
24 2
72 2
24 2
72 8
24 2
72 2
24 2
72 8
24 2
72 2
24 2
72 8
24 2
72 2
24 2
72 8
24 2
72 2
24 2
72 8
24 2
72 2
24 2
72 8
24 2
72 2
24 2
72 8
24 2
72 2
24 2
72 8
24 2
72 2
24 2
72 8
24 2
72 2
24 2
72 8
24 2
72 2
24 2
72 8
24 2
72 2
24 2
72 8
24 2
72 2
24 2
72 8
24 2
72 2
24 2
72 8
24 2
72 2
24 2
72 8
24 2
72 2
24 2
72 8
24 2
72 2
24 2
72 8
24 2
72 2
24 2
72 8
24 2
72 2
24 2
72 8
24 2
72 2
24 2
72 8
24 2
72 2
24 2
72 8
24 2
72 2
24 2
72 8
24 2
72 2
24 2
72 8
24 2
72 2
29 2
72 8
29 2
72 2
29 2
72 8
29 2
72 2
29 2
72 8
29 2
72 2
29 2
72 8
29 2
72 2
29 2
72 8
29 2
72 2
29 2
72 8
29 2
72 2
29 2
72 8
29 2
72 2
29 2
72 8
29 2
72 2
24 2
72 8
24 2
72 2
24 2
72 8
24 2
72 2
24 2
72 8
24 2
72 2
24 2
72 8
24 2
72 2
24 2
72 8
24 2
72 2
24 2
72 8
24 2
72 2
24 2
72 8
24 2
72 2
24 2
72 8
24 2
72 2
24 2
72 8
24 2
72 2
24 2
72 8
24 2
72 2
24 2
72 8
24 2
72 2
24 2
72 8
24 2
72 2
24 2
72 8
24 2
72 2
24 2
72 8
24 2
72 2
24 2
72 8
24 2
72 2
24 2
72 8
24 2
72 2
24 2
72 8
24 2
72 2
24 2
72 8
24 2
72 2
24 2
72 8
24 2
72 2
24 2
72 8
24 2
72 2
24 2
72 8
24 2
72 2
24 2
72 8
24 2
72 2
24 2
72 8
24 2
72 2
24 2
72 8
24 2
72 2
24 2
72 8
24 2
72 2
24 2
72 8
24 2
72 2
24 2
72 8
24 2
72 2
24 2
72 8
24 2
72 2
24 2
72 8
24 2
72 2
24 2
72 8
24 2
72 2
24 2
72 8
24 2
72 2
24 2
72 8
24 2
72 2
24 2
72 8
24 2
72 2
24 2
72 8
24 2
72 2
24 2
72 8
24 2
72 2
24 2
72 8
24 2
72 2
24 2
72 8
24 2
72 2
24 2
72 8
24 2
72 2
24 2
72 8
24 2
72 2
24 2
72 8
24 2
72 2
29 2
72 8
29 2
72 2
29 2
72 8
29 2
72 2
29 2
72 8
29 2
72 2
29 2
72 8
29 2
72 2
29 2
72 8
29 2
72 2
29 2
72 8
29 2
72 2
29 2
72 8
29 2
72 2
29 2
72 8
29 2
72 2
24 2
72 8
24 2
72 2
24 2
72 8
24 2
72 2
24 2
72 8
24 2
72 2
24 2
72 8
24 2
72 2
24 2
72 8
24 2
72 2
24 2
72 8
24 2
72 2
24 2
72 8
24 2
72 2
24 2
72 8
24 2
72 2
22 2
72 8
22 2
72 2
22 2
72 8
22 2
72 2
22 2
72 8
22 2
72 2
22 2
72 8
22 2
72 2
22 2
72 8
22 2
72 2
22 2
72 8
22 2
72 2
22 2
72 8
22 2
72 2
22 2
72 8
22 2
72 2
19 2
72 8
19 2
72 2
19 2
72 8
19 2
72 2
19 2
72 8
19 2
72 2
19 2
72 8
19 2
72 2
19 2
72 8
19 2
72 2
19 2
72 8
19 2
72 2
19 2
72 8
19 2
72 2
19 2
72 8
19 2
72 2
24 2
72 8
24 2
72 2
24 2
72 8
24 2
72 2
24 2
72 8
24 2
72 2
24 2
72 8
24 2
72 2
24 2
72 8
24 2
72 2
24 2
72 8
24 2
72 2
24 2
72 8
24 2
72 2
24 2
72 8
24 2
72 2
24 2
72 8
24 2
72 2
24 2
72 8
24 2
72 2
24 2
72 8
24 2
72 2
24 2
72 8
24 2
72 2
24 2
72 8
24 2
72 2
24 2
72 8
24 2
72 2
24 2
72 8
24 2
72 2
24 2
72 8
24 2
72 2
24 2
72 8
24 2
72 2
24 2
72 8
24 2
72 2
24 2
72 8
24 2
72 2
24 2
72 8
24 2
72 2
24 2
72 8
24 2
72 2
24 2
72 8
24 2
72 2
24 2
72 8
24 2
72 2
24 2
72 8
24 2
72 2
24 2
72 8
24 2
72 2
24 2
72 8
24 2
72 2
24 2
72 8
24 2
72 2
24 2
72 8
24 2
72 2
24 2
72 8
24 2
72 2
24 2
72 8
24 2
72 2
24 2
72 8
24 2
72 2
24 2
72 8
24 2
E
S
L
72 14
23 4
25 3
72 1
27 6
72 2
28 7
27 3
72 1
25 3
72 1
27 3
72 1
30 3
72 1
28 3
72 1
32 3
72 1
30 10
72 3
32 3
72 1
30 2
72 2
28 2
72 0
27 3
72 3
28 6
72 2
27 3
72 1
25 3
72 1
27 3
72 1
28 3
72 1
27 3
72 1
32 3
72 1
30 8
72 6
23 4
25 3
72 1
27 6
72 2
28 7
27 3
72 1
25 3
72 1
27 3
72 1
30 3
72 1
28 3
72 1
32 3
72 1
30 10
72 3
32 3
72 1
30 2
72 2
28 3
27 3
72 3
28 6
72 2
27 3
72 1
25 3
72 1
27 3
72 1
28 3
72 1
30 3
72 1
27 3
72 1
23 8
72 14
23 4
25 3
72 1
27 6
72 2
28 7
27 3
72 1
25 3
72 1
27 3
72 1
30 3
72 1
28 3
72 1
32 3
72 1
30 10
72 3
32 3
72 1
30 2
72 2
28 2
72 0
27 3
72 3
28 6
72 2
27 3
72 1
25 3
72 1
27 3
72 1
28 3
72 1
27 3
72 1
32 3
72 1
30 8
72 6
23 4
25 3
72 1
27 6
72 2
28 7
27 3
72 1
25 3
72 1
27 3
72 1
30 3
72 1
28 3
72 1
32 3
72 1
30 10
72 3
32 3
72 1
30 2
72 2
28 3
27 3
72 3
28 6
72 2
27 3
72 1
25 3
72 1
27 3
72 1
28 3
72 1
30 3
72 1
27 3
72 1
23 8
72 14
23 4
25 3
72 1
27 6
72 2
28 7
27 3
72 1
25 3
72 1
27 3
72 1
30 3
72 1
28 3
72 1
32 3
72 1
30 10
72 3
32 3
72 1
30 2
72 2
28 2
72 0
27 3
72 3
28 6
72 2
27 3
72 1
25 3
72 1
27 3
72 1
28 3
72 1
27 3
72 1
32 3
72 1
30 8
72 6
23 4
25 3
72 1
27 6
72 2
28 7
27 3
72 1
25 3
72 1
27 3
72 1
30 3
72 1
28 3
72 1
32 3
72 1
30 10
72 3
32 3
72 1
30 2
72 2
28 3
27 3
72 3
28 6
72 2
27 3
72 1
25 3
72 1
27 3
72 1
28 3
72 1
30 3
72 1
27 3
72 1
23 8
72 6
23 4
25 3
72 1
27 6
72 2
28 7
27 3
72 1
25 3
72 1
27 3
72 1
30 3
72 1
28 3
72 1
32 3
72 1
30 10
72 3
32 3
72 1
30 2
72 2
28 2
72 0
27 3
72 3
28 6
72 2
27 3
72 1
25 3
72 1
27 3
72 1
28 3
72 1
27 3
72 1
32 3
72 1
30 8
72 6
23 4
25 3
72 1
27 6
72 2
28 7
27 3
72 1
25 3
72 1
27 3
72 1
30 3
72 1
28 3
72 1
32 3
72 1
30 10
72 3
32 3
72 1
30 2
72 2
28 3
27 3
72 3
28 6
72 2
27 3
72 1
25 3
72 1
27 3
72 1
28 3
72 1
30 3
72 1
27 3
72 1
23 8
E
S
L
72 14
11 14
72 14
4 14
11 14
21 14
33 14
72 14
4 14
11 14
9 14
6 14
E
S
H
72 14
72 13
59 10
57 8
52 10
59 10
57 8
52 10
59 10
57 8
52 10
59 10
57 8
52 10
59 10
57 8
52 9
59 10
57 8
52 11
59 10
57 8
52 9
59 10
57 8
52 8
59 10
57 8
52 9
59 10
57 8
52 8
59 10
57 9
52 8
59 10
57 8
52 8
59 10
57 8
52 8
59 10
57 8
52 10
59 10
57 9
52 8
59 11
57 11
52 10
E
S
L
72 14
72 14
22 14
72 14
22 14
E
S
L
72 14
40 4
39 4
37 7
35 7
40 4
39 4
37 4
35 5
33 8
30 10
72 2
40 4
39 4
37 7
35 7
40 4
39 4
37 4
35 4
33 7
35 4
37 4
30 7
40 4
39 4
37 7
35 7
40 4
39 4
37 4
35 4
33 7
30 10
72 2
40 4
39 4
37 7
35 7
40 4
39 4
37 4
35 5
33 7
30 4
33 4
35 7
E
X
