minor
S
H
72 14
22 14
72 14
51 2
72 2
53 5
72 3
58 2
72 2
56 3
72 1
54 3
72 1
53 3
72 1
51 4
72 4
49 4
72 4
51 4
72 4
53 3
72 1
54 3
72 1
53 7
72 4
51 2
72 2
49 2
72 2
48 3
72 1
46 3
72 1
48 3
72 1
49 5
72 3
51 4
72 4
49 4
48 3
72 1
46 7
72 7
48 4
72 4
49 5
72 3
48 3
72 1
49 2
72 2
51 4
72 4
53 4
72 4
54 3
72 1
53 3
72 1
51 2
72 2
49 3
72 1
48 3
72 1
46 2
72 2
44 3
72 5
46 3
72 5
48 3
72 5
49 5
72 8
48 3
72 1
49 2
72 2
51 2
72 2
54 4
53 14
72 14
10 14
72 11
10 14
72 14
56 14
72 14
56 14
72 14
51 2
72 2
53 5
72 3
58 2
72 2
56 3
72 1
54 3
72 1
53 3
72 1
51 4
72 4
49 4
72 4
51 4
72 4
53 3
72 1
54 3
72 1
53 7
72 4
51 2
72 2
49 2
72 2
48 3
72 1
46 3
72 1
48 3
72 1
49 5
72 3
51 4
72 4
49 4
48 3
72 1
46 7
72 7
48 4
72 4
49 5
72 3
48 3
72 1
49 2
72 2
51 4
72 4
53 4
72 4
54 3
72 1
53 3
72 1
51 2
72 2
49 3
72 1
48 3
72 1
46 2
72 2
44 3
72 5
46 3
72 5
48 3
72 5
49 5
72 8
48 3
72 1
49 2
72 2
51 2
72 2
54 4
72 4
51 2
72 2
53 5
72 3
58 2
72 2
56 3
72 1
54 3
72 1
53 3
72 1
51 4
72 4
49 4
72 4
51 4
72 4
53 3
72 1
54 3
72 1
53 7
72 4
51 2
72 2
49 2
72 2
48 3
72 1
46 3
72 1
48 3
72 1
49 5
72 3
51 4
72 4
49 4
48 3
72 1
46 7
72 7
48 4
72 4
49 5
72 3
48 3
72 1
49 2
72 2
51 4
72 4
53 4
72 4
54 3
72 1
53 3
72 1
51 2
72 2
49 3
72 1
48 3
72 1
46 2
72 2
44 3
72 5
46 3
72 5
48 3
72 5
49 5
72 8
48 3
72 1
49 2
72 2
51 2
72 2
54 4
53 14
72 14
10 14
72 11
10 14
72 14
46 7
44 2
72 2
42 2
72 2
41 3
72 1
39 2
37 2
36 4
37 3
72 1
39 2
72 2
41 3
72 1
42 3
72 1
44 2
72 2
41 8
72 14
46 7
44 2
72 2
42 7
41 2
39 2
37 2
36 4
37 3
72 1
39 2
72 2
41 3
72 1
39 3
72 1
35 2
72 2
34 8
72 14
46 7
44 2
72 2
42 2
72 2
41 3
72 1
39 2
37 2
36 4
37 3
72 1
39 2
72 2
41 3
72 1
42 3
72 1
44 2
72 2
41 8
72 14
46 7
44 2
72 2
42 7
41 2
39 2
37 2
36 4
37 3
72 1
39 2
72 2
41 3
72 1
39 3
72 1
35 2
72 2
34 8
72 14
56 14
E
S
H
72 14
41 2
39 2
37 4
36 4
34 4
72 13
34 2
36 2
37 4
40 3
72 1
36 4
72 13
41 2
39 2
37 4
36 4
34 4
72 14
34 2
36 2
37 4
40 4
37 4
36 4
37 5
72 14
41 2
39 2
37 4
36 4
34 4
72 13
34 2
36 2
37 4
40 3
72 1
36 4
72 13
41 2
39 2
37 4
36 4
34 4
72 14
34 2
36 2
37 4
40 4
37 4
36 4
37 5
72 14
44 2
42 2
40 4
39 4
37 4
72 13
37 2
39 2
40 4
43 3
72 1
39 4
72 13
44 2
42 2
40 4
39 4
37 4
72 14
37 2
39 2
40 4
43 4
40 4
39 4
72 4
44 2
42 2
40 4
39 4
37 4
72 13
37 2
39 2
40 4
43 3
72 1
39 4
72 13
44 2
42 2
40 4
39 4
37 4
72 14
37 2
39 2
40 4
43 4
40 4
39 4
72 14
51 2
72 2
53 5
72 3
58 2
72 2
56 3
72 1
54 3
72 1
53 3
72 1
51 4
72 4
49 4
72 4
51 4
72 4
53 3
72 1
54 3
72 1
53 7
72 4
51 2
72 2
49 2
72 2
48 3
72 1
46 3
72 1
48 3
72 1
49 5
72 3
51 4
72 4
49 4
48 3
72 1
46 7
72 7
48 4
72 4
49 5
72 3
48 3
72 1
49 2
72 2
51 4
72 4
53 4
72 4
54 3
72 1
53 3
72 1
51 2
72 2
49 3
72 1
48 3
72 1
46 2
72 2
44 3
72 5
46 3
72 5
48 3
72 5
49 5
72 8
48 3
72 1
49 2
72 2
51 2
72 2
54 4
72 4
41 2
39 2
37 4
36 4
34 4
72 13
34 2
36 2
37 4
40 3
72 1
36 4
72 13
41 2
39 2
37 4
36 4
34 4
72 14
34 2
36 2
37 4
40 4
37 4
36 4
37 5
72 14
46 7
44 2
72 2
42 2
72 2
41 3
72 1
39 2
37 2
36 4
37 3
72 1
39 2
72 2
41 3
72 1
42 3
72 1
44 2
72 2
41 8
72 14
46 7
44 2
72 2
42 0
72 4
41 2
72 2
39 2
37 2
36 4
37 3
72 1
39 2
72 2
41 3
72 1
39 3
72 1
35 2
72 2
34 8
72 14
46 7
44 2
72 2
42 2
72 2
41 3
72 1
39 2
37 2
36 4
37 3
72 1
39 2
72 2
41 3
72 1
42 3
72 1
44 2
72 2
41 8
72 14
46 7
44 2
72 2
42 0
72 4
41 2
72 2
39 2
37 2
36 4
37 3
72 1
39 2
72 2
41 3
72 1
39 3
72 1
35 2
72 2
34 8
72 14
44 2
42 2
40 4
39 4
37 4
72 13
37 2
39 2
40 4
43 3
72 1
39 4
72 13
44 2
42 2
40 4
39 4
37 4
72 14
37 2
39 2
40 4
43 4
40 4
39 4
E
S
L
72 14
10 7
72 7
12 6
72 8
13 6
72 8
16 7
72 7
10 7
72 7
12 6
72 8
13 7
72 7
16 7
72 7
10 6
72 8
12 7
72 7
13 6
72 8
16 8
72 6
10 6
72 8
12 6
72 8
13 6
72 8
16 7
72 14
10 7
72 7
12 6
72 8
13 6
72 8
16 7
72 7
10 7
72 7
12 6
72 8
13 7
72 7
16 7
72 7
10 6
72 8
12 7
72 7
13 6
72 8
16 8
72 6
10 6
72 8
12 6
72 8
13 6
72 8
16 7
72 14
13 7
72 7
15 6
72 8
16 6
72 8
19 7
72 7
13 7
72 7
15 6
72 8
16 7
72 7
19 7
72 7
13 6
72 8
15 7
72 7
16 6
72 8
19 8
72 6
13 6
72 8
15 6
72 8
16 6
72 8
19 7
72 7
13 7
72 7
15 6
72 8
16 6
72 8
19 7
72 7
13 7
72 7
15 6
72 8
16 7
72 7
19 7
72 7
13 6
72 8
15 7
72 7
16 6
72 8
19 8
72 6
13 6
72 8
15 6
72 8
16 6
72 8
19 7
72 14
10 7
72 7
12 6
72 8
13 6
72 8
16 7
72 7
10 7
72 7
12 6
72 8
13 7
72 7
16 7
72 7
10 6
72 8
12 7
72 7
13 6
72 8
16 8
72 6
10 6
72 8
12 6
72 8
13 6
72 8
16 7
72 14
13 7
72 7
15 6
72 8
16 6
72 8
19 7
72 7
13 7
72 7
15 6
72 8
16 7
72 7
19 7
72 7
13 6
72 8
15 7
72 7
16 6
72 8
19 8
72 6
13 6
72 8
15 6
72 8
16 6
72 8
19 7
72 14
10 7
72 7
12 6
72 8
13 6
72 8
16 7
72 7
10 7
72 7
12 6
72 8
13 7
72 7
16 7
72 7
10 6
72 8
12 7
72 7
13 6
72 8
16 8
72 6
10 6
72 8
12 6
72 8
13 6
72 8
16 7
72 7
10 7
72 7
12 6
72 8
13 6
72 8
16 7
72 7
10 7
72 7
12 6
72 8
13 7
72 7
16 7
72 7
10 6
72 8
12 7
72 7
13 6
72 8
16 8
72 6
10 6
72 8
12 6
72 8
13 6
72 8
16 7
E
S
L
72 14
29 14
72 14
29 14
72 14
29 14
72 14
29 14
72 14
29 14
72 14
29 14
E
S
H
72 14
60 2
72 2
60 2
61 2
64 4
61 4
60 4
58 3
72 1
57 4
58 3
72 1
60 3
72 1
61 4
60 4
58 4
57 8
72 6
53 7
54 2
72 0
57 3
72 3
54 4
51 2
72 4
53 5
72 3
53 2
72 0
53 2
72 0
54 2
72 0
57 4
51 4
72 1
53 7
72 7
58 4
57 2
72 0
54 2
72 0
53 4
49 4
72 1
48 7
49 4
72 6
48 4
72 1
49 4
48 3
72 3
54 3
72 1
56 2
72 2
53 5
72 3
54 4
53 2
51 2
49 4
48 4
46 4
45 4
42 4
41 5
42 4
45 4
46 3
72 1
49 4
46 4
72 14
60 2
72 2
60 2
61 2
64 4
61 4
60 4
58 3
72 1
57 4
58 3
72 1
60 3
72 1
61 4
60 4
58 4
57 8
72 6
53 7
54 2
72 0
57 3
72 3
54 4
51 2
72 4
53 5
72 3
53 2
72 0
53 2
72 0
54 2
72 0
57 4
51 4
72 1
53 7
72 7
58 4
57 2
72 0
54 2
72 0
53 4
49 4
72 1
48 7
49 4
72 6
48 4
72 1
49 4
48 3
72 3
54 3
72 1
56 2
72 2
53 5
72 3
54 4
53 2
51 2
49 4
48 4
46 4
45 4
42 4
41 5
42 4
45 4
46 3
72 1
49 4
46 4
E
S
H
72 14
45 2
72 8
45 2
72 8
45 2
72 6
45 2
72 8
45 2
72 6
45 2
72 8
45 2
72 8
45 2
72 8
45 2
72 8
45 2
72 8
45 2
72 2
45 2
72 6
45 2
72 8
45 2
72 8
45 2
72 8
45 2
72 8
45 2
72 6
45 2
72 2
45 2
72 6
45 2
72 8
45 2
72 6
45 2
72 2
45 2
72 10
45 2
72 14
45 2
72 2
45 2
72 6
45 2
72 8
45 2
72 2
45 2
72 6
45 2
72 12
45 2
72 2
45 2
72 6
45 2
72 8
45 2
72 2
45 2
72 6
45 2
72 12
45 2
72 2
45 2
72 6
45 2
72 8
45 2
72 2
45 2
72 6
45 2
72 12
45 2
72 2
45 2
72 6
45 2
72 8
45 2
72 2
45 2
72 6
45 2
72 12
45 2
72 2
45 2
72 6
45 2
72 8
45 2
72 2
45 2
72 6
45 2
72 12
45 2
72 2
45 2
72 6
45 2
72 8
45 2
72 2
45 2
72 6
45 2
72 12
45 2
72 2
45 2
72 6
45 2
72 8
45 2
72 2
45 2
72 6
45 2
72 12
45 2
72 2
45 2
72 6
45 2
72 8
45 2
72 2
45 2
72 6
45 2
72 12
45 2
72 2
45 2
72 6
45 2
72 8
45 2
72 2
45 2
72 6
45 2
72 13
45 2
72 8
45 2
72 8
45 2
72 6
45 2
72 8
45 2
72 6
45 2
72 8
45 2
72 8
45 2
72 8
45 2
72 8
45 2
72 8
45 2
72 2
45 2
72 6
45 2
72 8
45 2
72 8
45 2
72 8
45 2
72 8
45 2
72 6
45 2
72 2
45 2
72 6
45 2
72 8
45 2
72 6
45 2
72 2
45 2
72 10
45 2
72 12
45 2
72 8
45 2
72 8
45 2
72 6
45 2
72 8
45 2
72 6
45 2
72 8
45 2
72 8
45 2
72 8
45 2
72 8
45 2
72 8
45 2
72 2
45 2
72 6
45 2
72 8
45 2
72 8
45 2
72 8
45 2
72 8
45 2
72 6
45 2
72 2
45 2
72 6
45 2
72 8
45 2
72 6
45 2
72 2
45 2
72 10
45 2
72 14
45 2
72 2
45 2
72 6
45 2
72 8
45 2
72 2
45 2
72 6
45 2
72 12
45 2
72 2
45 2
72 6
45 2
72 8
45 2
72 2
45 2
72 6
45 2
72 12
45 2
72 2
45 2
72 6
45 2
72 8
45 2
72 2
45 2
72 6
45 2
72 12
45 2
72 2
45 2
72 6
45 2
72 8
45 2
72 2
45 2
72 6
45 2
72 12
45 2
72 2
45 2
72 6
45 2
72 8
45 2
72 2
45 2
72 6
45 2
72 12
45 2
72 2
45 2
72 6
45 2
72 8
45 2
72 2
45 2
72 6
45 2
72 12
45 2
72 2
45 2
72 6
45 2
72 8
45 2
72 2
45 2
72 6
45 2
72 12
45 2
72 2
45 2
72 6
45 2
72 8
45 2
72 2
45 2
72 6
45 2
72 12
45 2
72 2
45 2
72 6
45 2
72 8
45 2
72 2
45 2
72 6
45 2
E
S
L
72 14
46 13
72 2
41 13
42 13
44 13
72 4
46 13
72 2
41 13
42 13
39 13
72 14
34 14
72 4
30 14
72 2
34 14
72 3
39 14
72 2
34 14
72 3
42 14
34 14
39 14
72 14
46 13
72 2
41 13
42 13
44 13
72 4
46 13
72 2
41 13
42 13
39 13
72 2
46 13
72 2
41 13
42 13
44 13
72 4
46 13
72 2
41 13
42 13
39 13
72 14
34 11
72 4
35 4
72 4
34 2
72 14
34 12
72 3
37 3
72 5
34 5
72 14
34 14
72 4
30 14
72 2
34 14
72 3
39 14
72 2
34 14
72 3
42 14
34 14
39 14
E
S
H
171 2
171 2
171 2
53 2
46 0
171 2
53 2
46 0
147 2
147 0
147 0
147 2
183 2
147 2
171 2
171 2
171 2
53 2
46 0
171 2
53 2
46 0
147 2
147 0
147 0
147 2
183 2
147 2
171 2
171 2
171 2
53 2
46 0
171 2
53 2
46 0
147 2
147 0
147 0
147 2
183 2
147 2
171 2
171 2
171 2
53 2
46 0
171 2
53 2
46 0
147 2
147 0
147 0
147 2
183 2
147 2
171 2
171 2
171 2
171 2
171 2
53 2
46 0
171 2
53 2
46 0
147 2
147 0
147 0
147 2
183 2
147 2
171 2
171 2
171 2
53 2
46 0
171 2
53 2
46 0
147 2
147 0
147 0
147 2
183 2
147 2
171 2
171 2
171 2
53 2
46 0
171 2
53 2
46 0
147 2
147 0
147 0
147 2
183 2
147 2
171 2
171 2
171 2
53 2
46 0
171 2
53 2
46 0
147 2
147 0
147 0
147 2
183 2
147 2
171 2
171 2
E
S
L
72 14
22 2
72 2
22 2
72 8
22 2
72 12
22 2
72 2
22 2
72 10
18 2
72 2
18 2
72 8
18 2
72 12
30 2
72 6
30 2
72 2
30 2
72 6
22 2
72 2
22 2
72 6
22 2
72 11
22 2
72 8
22 2
72 6
22 2
72 2
22 2
72 8
18 2
72 2
18 2
72 14
22 2
72 2
22 2
72 8
22 2
72 12
22 2
72 2
22 2
72 10
18 2
72 2
18 2
72 8
18 2
72 12
30 2
72 6
30 2
72 2
30 2
72 6
22 2
72 2
22 2
72 6
22 2
72 11
22 2
72 8
22 2
72 6
22 2
72 2
22 2
72 8
18 2
72 2
18 2
72 14
34 2
72 8
34 2
72 8
34 2
72 8
34 2
72 8
34 2
72 2
34 2
72 2
34 2
72 14
22 2
72 2
22 2
72 8
22 2
72 12
22 2
72 2
22 2
72 10
18 2
72 2
18 2
72 8
18 2
72 12
30 2
72 6
30 2
72 2
30 2
72 6
22 2
72 2
22 2
72 6
22 2
72 11
22 2
72 8
22 2
72 6
22 2
72 2
22 2
72 8
18 2
72 2
18 2
72 14
22 2
72 2
22 2
72 8
22 2
72 12
22 2
72 2
22 2
72 10
18 2
72 2
18 2
72 8
18 2
72 12
30 2
72 6
30 2
72 2
30 2
72 6
22 2
72 2
22 2
72 6
22 2
72 11
22 2
72 8
22 2
72 6
22 2
72 2
22 2
72 8
18 2
72 2
18 2
72 14
34 2
72 8
34 2
72 8
34 2
72 8
34 2
72 8
34 2
72 2
34 2
72 2
34 2
E
X
