major
S
L
72 6
1457 14
E
S
L
72 6
166 14
E
S
H
72 14
53 13
72 2
53 12
72 2
51 4
53 4
54 12
53 4
51 4
53 13
72 3
54 12
53 4
51 4
46 12
72 8
45 12
72 2
45 7
46 12
72 7
58 4
56 2
54 2
53 2
72 2
51 2
72 2
53 4
54 2
72 2
53 2
72 2
51 2
72 2
53 12
72 3
51 0
72 2
53 2
54 2
56 2
58 8
72 2
61 2
58 2
61 5
72 3
58 3
72 1
56 3
72 1
58 12
72 6
58 3
72 1
56 2
58 2
61 3
72 1
63 3
72 1
61 4
60 3
72 1
58 3
72 1
56 3
72 1
58 11
53 10
72 2
53 4
51 4
50 4
51 3
72 1
48 9
45 3
72 1
46 12
E
S
L
72 14
10 12
72 4
10 12
72 4
6 13
72 3
10 12
72 4
6 13
72 2
10 12
72 6
5 13
72 3
10 12
72 7
10 12
72 4
10 12
72 4
6 13
72 3
10 12
72 4
6 13
72 2
10 12
72 6
5 13
72 3
10 12
72 7
5 11
17 4
72 4
17 3
72 5
5 11
17 10
72 2
5 11
17 3
72 5
17 2
72 6
5 11
17 10
72 2
3 11
15 3
72 5
15 2
72 6
3 11
15 11
3 11
15 3
72 5
15 2
72 6
3 11
15 10
72 2
5 11
17 2
72 6
17 3
72 5
5 11
17 8
72 5
5 11
17 2
72 6
17 3
72 5
5 11
17 8
72 5
3 11
15 2
72 6
15 2
72 6
3 11
15 10
72 2
3 11
15 3
72 5
15 3
72 5
3 10
72 2
15 6
72 2
15 0
72 2
15 0
72 2
15 0
72 2
15 2
5 11
17 4
72 4
17 3
72 5
5 11
17 10
72 2
5 11
17 3
72 5
17 2
72 6
5 11
17 10
E
S
L
35 0
35 0
35 0
35 0
35 0
35 0
35 0
35 0
35 0
35 0
35 0
35 0
35 0
35 0
35 0
35 12
35 0
35 0
35 0
35 2
35 0
35 0
31 14
29 0
29 2
29 0
29 0
35 2
29 0
29 2
29 2
29 2
35 0
29 2
29 2
29 2
29 2
35 0
29 0
29 2
29 2
29 2
35 0
29 0
29 2
29 0
29 0
35 2
29 0
29 2
29 2
29 2
35 0
29 2
29 2
29 2
29 2
35 0
29 0
29 2
29 2
29 2
35 0
12 0
14 0
14 0
14 2
14 2
125 0
14 0
14 0
14 0
14 2
125 2
14 0
14 0
14 2
12 0
14 0
14 0
14 0
14 0
14 0
125 0
14 0
14 0
14 0
12 0
14 2
14 0
14 0
14 0
14 0
14 0
14 0
125 0
14 0
14 0
14 0
12 2
125 0
14 0
14 0
14 0
14 0
125 0
14 0
14 0
14 0
12 0
161 0
14 0
14 0
14 0
14 0
14 0
14 0
14 2
125 2
14 0
14 0
14 0
12 2
163 0
17 0
14 0
14 0
14 2
125 0
14 0
14 0
14 2
12 2
163 0
14 0
14 0
14 0
14 0
14 0
14 2
125 2
14 0
14 0
14 2
12 2
163 0
17 0
14 0
14 0
14 2
12 0
14 0
14 0
14 2
14 2
125 0
14 0
14 0
14 0
14 2
125 2
14 0
14 0
14 2
12 0
14 0
14 0
14 0
14 0
14 0
125 0
14 0
14 0
14 0
12 0
14 2
14 0
14 0
14 0
14 0
14 0
14 0
125 0
14 0
14 0
14 0
12 2
125 0
14 0
14 0
14 0
14 0
125 0
14 0
14 0
14 0
12 0
161 0
14 0
14 0
14 0
14 0
14 0
14 0
14 2
125 2
14 0
14 0
14 0
12 2
163 0
17 0
14 0
14 0
14 2
125 0
14 0
14 0
14 2
12 2
163 0
14 0
14 0
14 0
14 0
14 0
14 2
125 2
14 0
14 0
14 2
12 2
163 0
17 0
14 0
14 0
14 2
31 0
12 0
14 0
14 0
14 2
14 2
125 0
14 0
14 0
14 0
14 2
125 2
14 0
14 0
14 2
12 0
14 0
14 0
14 0
14 0
14 0
125 0
14 0
14 0
14 0
12 0
14 2
14 0
14 0
14 0
14 0
14 0
14 0
125 0
14 0
14 0
14 0
12 2
125 0
14 0
14 0
14 0
14 0
E
S
H
72 14
72 13
214 0
72 4
214 0
72 2
214 0
72 2
214 2
72 2
161 0
72 4
214 0
72 4
164 2
72 2
214 2
72 2
161 0
E
X
