minor
S
H
72 11
45 3
47 2
48 4
50 2
52 2
72 12
45 2
47 2
72 0
48 4
50 2
72 0
52 2
72 14
72 11
45 3
47 2
48 4
50 2
52 2
72 12
45 2
47 2
72 0
48 4
50 2
72 0
52 2
72 14
72 11
45 3
47 2
48 4
50 2
52 2
72 12
45 2
47 2
72 0
48 4
50 2
72 0
52 2
72 14
72 11
45 3
47 2
48 4
50 2
52 2
72 12
45 2
47 2
72 0
48 4
50 2
72 0
52 2
72 14
72 11
45 3
47 2
48 4
50 2
52 2
72 12
45 2
47 2
72 0
48 4
50 2
72 0
52 2
72 7
57 2
72 14
72 11
45 3
47 2
48 4
50 2
52 2
72 12
45 2
47 2
72 0
48 4
50 2
72 0
52 2
72 7
57 2
72 14
57 7
55 2
72 2
53 2
72 2
52 7
50 2
72 2
52 2
72 2
53 7
52 2
72 2
50 2
72 2
52 9
72 4
57 7
55 2
72 2
53 2
72 2
52 7
50 2
72 6
52 12
72 8
57 8
55 2
72 2
53 2
72 2
52 7
50 2
72 2
52 2
72 2
53 7
52 2
72 2
50 2
72 2
52 9
72 4
57 7
55 2
72 2
53 2
72 2
52 7
50 2
72 2
48 2
72 2
45 12
72 7
57 7
55 2
72 2
53 2
72 2
52 7
50 2
72 2
52 2
72 2
53 7
52 2
72 2
50 2
72 2
52 9
72 4
57 7
55 2
72 2
53 2
72 2
52 7
50 2
72 6
52 12
72 8
57 8
55 2
72 2
53 2
72 2
52 7
50 2
72 2
52 2
72 2
53 7
52 2
72 2
50 2
72 2
52 9
72 4
57 7
55 2
72 2
53 2
72 2
52 7
50 2
72 2
48 2
72 2
45 12
72 14
72 11
45 3
47 2
48 4
50 2
52 2
72 12
45 2
47 2
72 0
48 4
50 2
72 0
52 2
72 7
57 2
72 14
72 11
45 3
47 2
48 4
50 2
52 2
72 12
45 2
47 2
72 0
48 4
50 2
72 0
52 2
72 7
57 2
72 14
57 7
55 2
72 2
53 2
72 2
52 7
50 2
72 2
52 2
72 2
53 7
52 2
72 2
50 2
72 2
52 9
72 4
57 7
55 2
72 2
53 2
72 2
52 7
50 2
72 6
52 12
72 8
57 8
55 2
72 2
53 2
72 2
52 7
50 2
72 2
52 2
72 2
53 7
52 2
72 2
50 2
72 2
52 9
72 4
57 7
55 2
72 2
53 2
72 2
52 7
50 2
72 2
48 2
72 2
45 12
72 7
57 7
55 2
72 2
53 2
72 2
52 7
50 2
72 2
52 2
72 2
53 7
52 2
72 2
50 2
72 2
52 9
72 4
57 7
55 2
72 2
53 2
72 2
52 7
50 2
72 6
52 12
72 8
57 8
55 2
72 2
53 2
72 2
52 7
50 2
72 2
52 2
72 2
53 7
52 2
72 2
50 2
72 2
52 9
72 4
57 7
55 2
72 2
53 2
72 2
52 7
50 2
72 2
48 2
72 2
45 12
72 7
57 7
55 2
72 2
53 2
72 2
52 7
50 2
72 2
52 2
72 2
53 7
52 2
72 2
50 2
72 2
52 9
72 4
57 7
55 2
72 2
53 2
72 2
52 7
50 2
72 6
52 12
72 8
57 8
55 2
72 2
53 2
72 2
52 7
50 2
72 2
52 2
72 2
53 7
52 2
72 2
50 2
72 2
52 9
72 4
57 7
55 2
72 2
53 2
72 2
52 7
50 2
72 2
48 2
72 2
45 12
72 14
57 7
55 2
72 2
53 2
72 2
52 7
50 2
72 2
52 2
72 2
53 7
52 2
72 2
50 2
72 2
52 9
72 4
57 7
55 2
72 2
53 2
72 2
52 7
50 2
72 6
52 12
72 8
57 8
55 2
72 2
53 2
72 2
52 7
50 2
72 2
52 2
72 2
53 7
52 2
72 2
50 2
72 2
52 9
72 4
57 7
55 2
72 2
53 2
72 2
52 7
50 2
72 2
48 2
72 2
45 12
E
S
H
72 14
72 4
57 2
72 6
57 2
72 6
57 5
55 2
52 2
50 2
49 2
45 6
72 13
57 2
72 6
57 2
72 6
57 5
55 2
52 3
50 2
49 2
45 7
72 12
57 3
72 5
57 2
72 6
57 5
55 2
52 3
50 0
72 1
49 2
45 7
72 12
57 2
72 6
57 3
72 5
57 5
55 2
52 2
50 0
72 2
49 2
45 9
72 11
72 4
57 2
72 6
57 2
72 6
57 5
55 2
52 2
50 2
49 2
45 6
72 13
57 2
72 6
57 2
72 6
57 5
55 2
52 3
50 2
49 2
45 7
72 12
57 3
72 5
57 2
72 6
57 5
55 2
52 3
50 0
72 1
49 2
45 7
72 12
57 2
72 6
57 3
72 5
57 5
55 2
52 2
50 0
72 2
49 2
45 9
72 11
72 13
57 2
55 2
57 2
72 2
52 2
50 2
52 2
72 2
45 2
43 2
45 2
72 14
57 2
55 2
57 2
72 2
52 2
50 2
52 2
72 2
45 2
43 3
45 6
72 13
38 2
72 10
40 2
72 10
72 4
57 2
72 6
57 2
72 6
57 5
55 2
52 2
50 2
49 2
45 6
72 13
57 2
72 6
57 2
72 6
57 5
55 2
52 3
50 2
49 2
45 7
72 12
57 3
72 5
57 2
72 6
57 5
55 2
52 3
50 0
72 1
49 2
45 7
72 12
57 2
72 6
57 3
72 5
57 5
55 2
52 2
50 0
72 2
49 2
45 9
E
S
H
72 14
50 4
49 2
46 2
45 2
72 4
46 2
72 2
49 4
50 2
72 2
49 3
72 1
46 3
72 1
45 3
72 1
43 3
72 1
45 3
72 1
46 2
72 2
49 10
72 3
50 4
49 2
46 2
45 2
72 2
46 2
72 2
49 4
46 2
72 2
45 2
72 2
46 2
72 2
45 12
72 7
50 4
49 2
46 2
45 2
72 4
43 2
72 2
45 2
72 2
46 2
72 2
49 2
72 2
46 2
72 2
49 2
72 2
50 2
72 2
52 2
72 2
49 2
72 2
52 10
72 3
53 4
52 2
50 2
49 2
72 2
45 2
72 2
49 3
72 1
52 2
72 2
50 2
72 2
49 2
72 2
52 12
72 6
57 5
55 2
54 3
51 2
72 2
50 2
72 2
48 2
72 2
47 2
72 2
45 13
72 8
57 4
55 2
54 2
51 2
72 2
50 2
72 2
48 2
72 2
50 2
72 2
52 13
72 8
57 4
55 2
54 2
51 2
72 2
50 2
72 2
48 2
72 2
45 2
72 2
47 13
72 8
51 2
72 2
54 2
55 2
52 2
72 2
51 2
72 2
50 2
72 2
48 2
72 2
45 12
72 14
57 5
55 2
54 3
51 2
72 2
50 2
72 2
48 2
72 2
47 2
72 2
45 13
72 8
57 4
55 2
54 2
51 2
72 2
50 2
72 2
48 2
72 2
50 2
72 2
52 13
72 8
57 4
55 2
54 2
51 2
72 2
50 2
72 2
48 2
72 2
45 2
72 2
47 13
72 8
51 2
72 2
54 2
55 2
52 2
72 2
51 2
72 2
50 2
72 2
48 2
72 2
45 12
E
S
H
72 14
50 4
49 2
46 2
45 2
72 4
46 2
72 2
49 4
50 2
72 2
49 3
72 1
46 3
72 1
45 3
72 1
43 3
72 1
45 3
72 1
46 2
72 2
49 10
72 3
50 4
49 2
46 2
45 2
72 2
46 2
72 2
49 4
46 2
72 2
45 2
72 2
46 2
72 2
45 12
72 7
50 4
49 2
46 2
45 2
72 4
43 2
72 2
45 2
72 2
46 2
72 2
49 2
72 2
46 2
72 2
49 2
72 2
50 2
72 2
52 2
72 2
49 2
72 2
52 10
72 3
53 4
52 2
50 2
49 2
72 2
45 2
72 2
49 3
72 1
52 2
72 2
50 2
72 2
49 2
72 2
52 12
72 6
57 5
55 2
54 3
51 2
72 2
50 2
72 2
48 2
72 2
47 2
72 2
45 13
72 8
57 4
55 2
54 2
51 2
72 2
50 2
72 2
48 2
72 2
50 2
72 2
52 13
72 8
57 4
55 2
54 2
51 2
72 2
50 2
72 2
48 2
72 2
45 2
72 2
47 13
72 8
51 2
72 2
54 2
55 2
52 2
72 2
51 2
72 2
50 2
72 2
48 2
72 2
45 12
72 14
57 5
55 2
54 3
51 2
72 2
50 2
72 2
48 2
72 2
47 2
72 2
45 13
72 8
57 4
55 2
54 2
51 2
72 2
50 2
72 2
48 2
72 2
50 2
72 2
52 13
72 8
57 4
55 2
54 2
51 2
72 2
50 2
72 2
48 2
72 2
45 2
72 2
47 13
72 8
51 2
72 2
54 2
55 2
52 2
72 2
51 2
72 2
50 2
72 2
48 2
72 2
45 12
E
S
H
72 14
57 4
55 2
53 2
52 2
72 2
50 2
72 2
48 4
72 4
46 2
72 6
45 2
72 6
43 2
72 2
48 2
72 2
45 4
72 9
45 3
72 1
46 2
48 4
72 2
50 2
72 2
52 4
72 4
50 3
72 1
48 2
72 2
45 4
72 12
57 4
55 2
53 2
52 3
72 1
50 2
72 2
48 4
72 4
46 4
72 4
45 4
72 4
43 2
72 2
48 2
72 2
45 4
72 9
45 3
72 1
46 2
48 2
50 2
72 2
52 2
72 2
53 2
72 2
52 2
72 2
50 3
72 1
48 2
72 2
45 5
E
S
H
72 14
33 14
59 2
59 2
59 2
59 2
59 2
59 2
72 8
59 2
72 8
59 2
72 11
242 2
72 2
59 2
72 6
59 2
72 6
59 2
72 8
59 2
72 8
59 2
72 11
242 2
72 2
59 2
72 6
59 2
72 6
59 3
72 8
59 2
72 8
59 2
72 11
59 2
72 2
59 2
72 6
59 2
72 11
59 2
72 8
59 2
72 11
59 2
72 2
59 2
72 6
59 2
72 6
59 2
72 8
59 2
72 8
59 2
72 11
242 2
72 2
59 2
72 6
59 2
72 6
59 2
72 8
59 2
72 8
59 2
72 11
242 2
72 2
59 2
72 6
59 2
72 6
59 3
72 8
59 2
72 8
59 2
72 11
59 2
72 2
59 2
72 6
59 2
72 14
59 2
72 8
59 2
72 11
59 2
72 2
59 2
72 6
59 2
72 6
59 2
72 8
59 2
72 8
59 2
72 11
242 2
72 2
59 2
72 6
59 2
72 6
59 2
72 8
59 2
72 8
59 2
72 11
242 2
72 2
59 2
72 6
59 2
72 6
59 3
72 8
59 2
72 8
59 2
72 11
59 2
72 2
59 2
72 6
59 2
72 14
59 2
72 8
59 2
72 11
59 2
72 2
59 2
72 6
59 2
72 6
59 2
72 8
59 2
72 8
59 2
72 11
242 2
72 2
59 2
72 6
59 2
72 6
59 2
72 8
59 2
72 8
59 2
72 11
242 2
72 2
59 2
72 6
59 2
72 6
59 3
72 8
59 2
72 8
59 2
72 11
59 2
72 2
59 2
72 6
59 2
72 11
59 2
72 8
59 2
72 11
59 2
72 2
59 2
72 6
59 2
72 6
59 2
72 8
59 2
72 8
59 2
72 11
242 2
72 2
59 2
72 6
59 2
72 6
59 2
72 8
59 2
72 8
59 2
72 11
242 2
72 2
59 2
72 6
59 2
72 6
59 3
72 8
59 2
72 8
59 2
72 11
59 2
72 2
59 2
72 6
59 2
72 11
59 2
72 8
59 2
72 11
59 2
72 2
59 2
72 6
59 2
72 6
59 2
72 8
59 2
72 8
59 2
72 11
242 2
72 2
59 2
72 6
59 2
72 6
59 2
72 8
59 2
72 8
59 2
72 11
242 2
72 2
59 2
72 6
59 2
72 6
59 3
72 8
59 2
72 8
59 2
72 11
59 2
72 2
59 2
72 6
59 2
72 11
59 2
72 8
59 2
72 11
59 2
72 2
59 2
72 6
59 2
72 6
59 2
72 8
59 2
72 8
59 2
72 11
242 2
72 2
59 2
72 6
59 2
72 6
59 2
72 8
59 2
72 8
59 2
72 11
242 2
72 2
59 2
72 6
59 2
72 6
59 3
72 8
59 2
72 8
59 2
72 11
59 2
72 2
59 2
72 6
59 2
E
X
