minor
S
L
12 2
72 12
12 2
72 12
12 2
72 12
12 3
72 5
13 3
72 5
15 2
72 6
10 3
72 12
10 2
72 12
10 2
72 12
10 2
72 6
18 3
72 5
17 3
72 5
12 3
72 12
12 3
72 12
12 3
72 12
12 2
72 6
13 3
72 5
15 3
72 5
10 2
72 12
10 2
72 12
10 2
72 12
10 2
72 6
8 3
72 5
7 4
72 4
12 3
72 12
12 3
72 12
12 3
72 12
12 2
72 6
13 3
72 5
15 3
72 5
10 2
72 12
10 2
72 12
10 2
72 12
10 2
72 6
8 3
72 5
7 4
72 4
7 2
72 4
187 2
72 11
7 2
72 4
187 2
72 11
7 2
72 4
187 2
72 11
7 3
72 3
187 2
72 0
8 3
72 5
10 2
72 6
7 2
72 4
187 2
72 11
7 2
72 4
187 2
72 11
7 2
72 4
187 2
72 11
7 3
72 3
187 2
72 0
8 3
72 5
10 2
72 6
7 2
72 4
187 2
72 11
7 2
72 4
187 2
72 11
7 2
72 4
187 2
72 11
7 3
72 3
187 2
72 0
8 3
72 5
10 2
72 6
7 2
72 4
187 2
72 11
7 2
72 4
187 2
72 11
7 2
72 4
187 2
72 11
7 3
72 3
187 2
72 0
8 3
72 5
10 2
72 6
12 3
72 12
12 3
72 12
12 3
72 12
12 2
72 6
13 3
72 5
15 3
72 5
10 2
72 12
10 2
72 12
10 2
72 12
10 2
72 6
8 3
72 5
7 4
72 4
12 3
72 12
12 3
72 12
12 3
72 12
12 2
72 6
13 3
72 5
15 3
72 5
10 2
72 12
10 2
72 12
10 2
72 12
10 2
72 6
8 3
72 5
7 4
72 4
7 2
72 4
187 2
72 11
7 2
72 4
187 2
72 11
7 2
72 4
187 2
72 11
7 3
72 3
187 2
72 0
8 3
72 5
10 2
72 6
7 2
72 4
187 2
72 11
7 2
72 4
187 2
72 11
7 2
72 4
187 2
72 11
7 3
72 3
187 2
72 0
8 3
72 5
10 2
72 6
7 2
72 4
187 2
72 11
7 2
72 4
187 2
72 11
7 2
72 4
187 2
72 11
7 3
72 3
187 2
72 0
8 3
72 5
10 2
72 6
7 2
72 4
187 2
72 11
7 2
72 4
187 2
72 11
7 2
72 4
187 2
72 11
7 3
72 3
187 2
72 0
8 3
72 5
10 2
72 6
12 2
72 8
12 2
72 8
12 2
72 8
12 2
72 8
12 2
72 8
12 2
72 8
12 2
72 8
12 2
72 8
12 2
72 8
12 2
72 8
12 2
72 8
12 2
72 8
12 2
72 8
12 2
72 8
12 2
72 8
12 2
72 8
12 2
72 8
12 2
72 8
12 2
72 8
12 2
72 8
12 2
72 8
12 2
72 8
12 2
72 8
12 2
72 8
12 2
72 8
12 2
72 8
12 2
72 8
12 2
72 8
12 2
72 8
12 2
72 8
12 2
72 8
12 2
72 8
12 2
72 8
12 2
72 8
12 2
72 8
12 2
72 8
12 2
72 8
12 2
72 8
12 2
72 8
12 2
72 8
12 2
72 8
12 2
72 8
12 2
72 8
12 2
72 8
12 2
72 8
12 2
72 8
12 2
72 8
12 2
72 8
12 2
72 8
12 2
72 8
12 2
72 8
12 2
72 8
12 2
72 8
12 2
72 8
12 2
72 8
12 2
72 8
12 2
72 8
12 2
72 8
12 2
72 8
12 2
72 8
12 2
72 8
12 2
72 8
12 2
72 8
12 2
72 8
12 2
72 8
12 2
72 8
12 2
72 8
12 2
72 8
12 3
72 12
12 3
72 12
12 3
72 12
12 2
72 6
13 3
72 5
15 3
72 5
10 2
72 12
10 2
72 12
10 2
72 12
10 2
72 6
8 3
72 5
7 4
72 4
12 3
72 12
12 3
72 12
12 3
72 12
12 2
72 6
13 3
72 5
15 3
72 5
10 2
72 12
10 2
72 12
10 2
72 12
10 2
72 6
8 3
72 5
7 4
72 4
12 3
72 12
12 3
72 12
12 3
72 12
12 2
72 6
13 3
72 5
15 3
72 5
10 2
72 12
10 2
72 12
10 2
72 12
10 2
72 6
8 3
72 5
7 4
72 4
12 3
72 12
12 3
72 12
12 3
72 12
12 2
72 6
13 3
72 5
15 3
72 5
10 2
72 12
10 2
72 12
10 2
72 12
10 2
72 6
8 3
72 5
7 4
72 4
7 2
72 4
187 2
72 11
7 2
72 4
187 2
72 11
7 2
72 4
187 2
72 11
7 3
72 3
187 2
72 0
8 3
72 5
10 2
72 6
7 2
72 4
187 2
72 11
7 2
72 4
187 2
72 11
7 2
72 4
187 2
72 11
7 3
72 3
187 2
72 0
8 3
72 5
10 2
72 6
7 2
72 4
187 2
72 11
7 2
72 4
187 2
72 11
7 2
72 4
187 2
72 11
7 3
72 3
187 2
72 0
8 3
72 5
10 2
72 6
7 2
72 4
187 2
72 11
7 2
72 4
187 2
72 11
7 2
72 4
187 2
72 11
7 3
72 3
187 2
72 0
8 3
72 5
10 2
72 6
7 2
72 4
187 2
72 11
7 2
72 4
187 2
72 11
7 2
72 4
187 2
72 11
7 3
72 3
187 2
72 0
8 3
72 5
10 2
72 6
7 2
72 4
187 2
72 11
7 2
72 4
187 2
72 11
7 2
72 4
187 2
72 11
7 3
72 3
187 2
72 0
8 3
72 5
10 2
72 6
7 2
72 4
187 2
72 11
7 2
72 4
187 2
72 11
7 2
72 4
187 2
72 11
7 3
72 3
187 2
72 0
8 3
72 5
10 2
72 6
7 2
72 4
187 2
72 11
7 2
72 4
187 2
72 11
7 2
72 4
187 2
72 11
7 3
72 3
187 2
72 0
8 3
72 5
10 2
E
S
L
12 14
72 12
10 14
72 12
12 14
72 11
10 14
72 12
12 14
72 11
10 14
72 12
7 14
72 12
7 14
72 12
7 14
72 12
7 14
72 12
12 14
72 11
10 14
72 12
12 14
72 11
10 14
72 12
7 14
72 12
7 14
72 12
7 14
72 12
7 14
72 14
12 14
72 11
10 14
72 12
12 14
72 11
10 14
72 12
12 14
72 11
10 14
72 12
12 14
72 11
10 14
72 12
7 14
72 12
7 14
72 12
7 14
72 12
7 14
72 12
7 14
72 12
7 14
72 12
7 14
72 12
7 14
E
S
L
72 14
72 13
7 12
72 14
7 12
72 14
7 12
72 14
7 12
72 14
7 12
72 14
7 12
72 14
7 12
72 14
7 12
72 12
12 2
72 6
12 2
72 2
11 2
72 6
11 2
72 2
10 2
72 6
10 2
72 2
9 2
72 2
8 2
72 2
7 2
72 2
12 3
72 5
12 2
72 2
11 2
72 6
11 2
72 2
10 2
72 6
10 2
72 2
9 2
72 2
8 2
72 2
7 2
72 2
12 2
72 6
12 2
72 2
11 2
72 6
11 2
72 2
10 2
72 6
10 2
72 2
9 2
72 2
8 2
72 2
7 2
72 2
12 2
72 6
12 2
72 2
11 2
72 6
11 2
72 2
10 2
72 6
10 2
72 2
9 2
72 2
8 2
72 2
7 2
72 2
12 2
72 6
12 2
72 2
11 2
72 6
11 2
72 2
10 2
72 6
10 2
72 2
9 2
72 2
8 2
72 2
7 2
72 2
12 3
72 5
12 2
72 2
11 2
72 6
11 2
72 2
10 2
72 6
10 2
72 2
9 2
72 2
8 2
72 2
7 2
72 2
12 2
72 6
12 2
72 2
11 2
72 6
11 2
72 2
10 2
72 6
10 2
72 2
9 2
72 2
8 2
72 2
7 2
72 2
12 2
72 6
12 2
72 2
11 2
72 6
11 2
72 2
10 2
72 6
10 2
72 2
9 2
72 2
8 2
72 2
7 2
72 2
12 2
72 6
12 2
72 2
11 2
72 6
11 2
72 2
10 2
72 6
10 2
72 2
9 2
72 2
8 2
72 2
7 2
72 2
12 3
72 5
12 2
72 2
11 2
72 6
11 2
72 2
10 2
72 6
10 2
72 2
9 2
72 2
8 2
72 2
7 2
72 2
12 2
72 6
12 2
72 2
11 2
72 6
11 2
72 2
10 2
72 6
10 2
72 2
9 2
72 2
8 2
72 2
7 2
72 2
12 2
72 6
12 2
72 2
11 2
72 6
11 2
72 2
10 2
72 6
10 2
72 2
9 2
72 2
8 2
72 2
7 2
72 2
12 2
72 6
12 2
72 2
11 2
72 6
11 2
72 2
10 2
72 6
10 2
72 2
9 2
72 2
8 2
72 2
7 2
72 2
12 3
72 5
12 2
72 2
11 2
72 6
11 2
72 2
10 2
72 6
10 2
72 2
9 2
72 2
8 2
72 2
7 2
72 2
12 2
72 6
12 2
72 2
11 2
72 6
11 2
72 2
10 2
72 6
10 2
72 2
9 2
72 2
8 2
72 2
7 2
72 2
12 2
72 6
12 2
72 2
11 2
72 6
11 2
72 2
10 2
72 6
10 2
72 2
9 2
72 2
8 2
72 2
7 2
72 14
7 12
72 14
7 12
72 14
7 12
72 14
7 12
72 14
7 12
72 14
7 12
72 14
7 12
72 14
7 12
E
S
L
72 14
19 12
19 12
19 13
20 7
22 7
17 12
72 2
17 12
72 2
17 13
15 7
17 7
19 12
19 12
19 13
20 7
22 7
17 12
72 2
17 12
72 2
17 13
15 7
17 7
72 14
19 12
19 12
19 13
20 7
22 7
17 12
72 2
17 12
72 2
17 13
15 7
17 7
19 12
19 12
19 13
20 7
22 7
17 12
72 2
17 12
72 2
17 13
15 7
17 7
72 14
19 12
19 12
19 13
20 7
22 7
17 12
72 2
17 12
72 2
17 13
15 7
17 7
19 12
19 12
19 13
20 7
22 7
17 12
72 2
17 12
72 2
17 13
15 7
17 7
19 12
19 12
19 13
20 7
22 7
17 12
72 2
17 12
72 2
17 13
15 7
17 7
19 12
19 12
19 13
20 7
22 7
17 12
72 2
17 12
72 2
17 13
15 7
17 7
E
S
L
72 14
12 13
72 14
10 13
E
S
L
72 14
72 7
10 2
72 12
10 3
72 12
10 2
72 12
10 2
72 12
10 2
72 12
10 2
72 12
10 3
72 12
10 2
72 12
10 2
72 12
10 3
72 12
10 2
72 12
10 2
72 12
10 2
72 12
10 2
72 12
10 3
72 12
10 2
72 14
10 2
72 12
10 3
72 12
10 2
72 12
10 2
72 12
10 2
72 12
10 2
72 12
10 3
72 12
10 2
72 12
10 2
72 12
10 3
72 12
10 2
72 12
10 2
72 12
10 2
72 12
10 2
72 12
10 3
72 12
10 2
72 14
10 2
72 12
10 3
72 12
10 2
72 12
10 2
72 12
10 2
72 12
10 2
72 12
10 3
72 12
10 2
72 12
10 2
72 12
10 3
72 12
10 2
72 12
10 2
72 12
10 2
72 12
10 2
72 12
10 3
72 12
10 2
72 12
10 2
72 12
10 3
72 12
10 2
72 12
10 2
72 12
10 2
72 12
10 2
72 12
10 3
72 12
10 2
72 12
10 2
72 12
10 3
72 12
10 2
72 12
10 2
72 12
10 2
72 12
10 2
72 12
10 3
72 12
10 2
E
S
L
72 14
72 11
7 6
72 11
7 6
72 11
7 6
72 13
7 6
72 11
7 6
72 11
7 6
72 13
7 6
72 11
7 6
72 11
7 6
72 13
7 6
72 11
7 6
72 11
7 6
72 14
7 6
72 11
7 6
72 11
7 6
72 13
7 6
72 11
7 6
72 11
7 6
72 13
7 6
72 11
7 6
72 11
7 6
72 13
7 6
72 11
7 6
72 11
7 6
72 14
24 13
27 14
22 13
25 13
24 13
27 14
22 13
25 13
72 12
7 6
72 11
7 6
72 11
7 6
72 13
7 6
72 11
7 6
72 11
7 6
72 13
7 6
72 11
7 6
72 11
7 6
72 13
7 6
72 11
7 6
72 11
7 6
72 13
7 6
72 11
7 6
72 11
7 6
72 13
7 6
72 11
7 6
72 11
7 6
72 13
7 6
72 11
7 6
72 11
7 6
72 13
7 6
72 11
7 6
72 11
7 6
E
S
L
0 0
0 2
0 2
0 2
0 2
0 2
0 2
0 2
0 2
0 2
0 2
0 2
0 2
0 2
0 2
0 2
0 2
0 2
0 2
0 2
0 2
0 3
0 0
0 2
0 2
0 2
0 2
0 2
0 2
0 2
0 2
0 2
0 2
0 2
0 2
0 2
0 2
0 2
0 2
0 2
0 2
0 2
0 2
0 3
0 0
0 2
0 2
0 2
0 2
0 2
0 2
0 2
0 2
0 2
0 2
0 2
0 2
0 2
0 2
0 2
0 2
0 2
0 2
0 2
0 2
0 3
0 2
0 2
0 2
0 2
0 2
0 2
0 2
0 0
0 2
0 2
0 2
0 2
0 2
0 2
0 2
0 2
0 2
0 2
0 2
0 2
0 2
0 2
0 2
0 2
0 2
0 2
0 2
0 2
0 2
0 2
0 2
0 2
0 2
0 2
0 2
0 2
0 2
0 2
0 2
0 2
36 2
36 2
36 2
36 2
36 2
31 2
27 2
125 0
24 2
24 2
27 0
24 2
22 2
31 2
31 2
29 2
29 2
27 2
26 2
26 0
26 2
26 2
27 2
26 2
24 0
36 2
36 2
36 2
35 0
36 2
36 2
31 2
27 2
24 2
24 2
24 0
24 2
27 2
27 2
26 2
31 2
216 2
24 2
27 2
26 2
24 0
24 0
24 2
24 2
24 2
139 0
26 2
26 2
36 2
36 2
36 2
36 2
36 2
31 2
27 2
125 0
24 2
24 2
27 0
24 2
22 2
31 2
31 2
29 2
29 2
27 2
26 2
26 0
26 2
26 2
27 2
26 2
24 0
36 2
36 2
36 2
35 0
36 2
36 2
31 2
27 2
24 2
24 2
24 0
24 2
27 2
27 2
26 2
31 2
216 2
24 2
27 2
26 2
24 0
24 0
24 2
24 2
24 2
139 0
26 2
26 2
36 2
36 2
36 2
36 2
36 2
31 2
27 2
125 0
24 2
24 2
27 0
24 2
22 2
31 2
31 2
29 2
29 2
27 2
26 2
26 0
26 2
26 2
27 2
26 2
24 0
36 2
36 2
36 2
35 0
36 2
36 2
31 2
27 2
24 2
24 2
24 0
24 2
27 2
27 2
26 2
31 2
216 2
24 2
27 2
26 2
24 0
24 0
24 2
24 2
24 2
139 0
26 2
26 2
36 2
36 2
36 2
36 2
36 2
31 2
27 2
125 0
24 2
24 2
27 0
24 2
22 2
31 2
31 2
29 2
29 2
27 2
26 2
26 0
26 2
26 2
27 2
26 2
24 0
36 2
36 2
36 2
35 0
36 2
36 2
31 2
27 2
24 2
24 2
24 0
24 2
27 2
27 2
26 2
31 2
216 2
24 2
27 2
26 2
24 0
24 0
24 2
24 2
24 2
139 0
26 2
26 2
24 2
24 2
24 2
24 2
24 2
24 2
24 2
24 2
24 0
24 2
24 2
24 2
24 2
24 2
24 2
24 2
24 2
24 2
24 0
24 2
0 0
0 2
0 2
0 2
0 2
0 2
0 2
0 2
0 2
0 2
0 2
0 2
0 2
0 2
0 2
0 2
0 2
0 2
0 2
0 2
0 2
0 3
0 2
0 2
0 2
0 2
0 2
0 2
0 2
0 0
0 2
0 2
0 2
0 2
0 2
0 2
0 2
0 2
0 2
0 2
0 2
0 2
0 2
0 2
0 2
0 2
0 2
0 2
0 2
0 2
0 2
0 2
0 2
0 2
0 2
0 2
0 2
0 2
0 2
0 2
0 2
0 2
0 0
0 2
0 2
0 2
0 2
0 2
0 2
0 2
0 2
0 2
0 2
0 2
0 2
0 2
0 2
0 2
0 2
0 2
0 2
0 2
0 2
0 3
0 2
0 2
0 2
0 2
0 2
0 2
0 2
0 0
0 2
0 2
0 2
0 2
0 2
0 2
0 2
0 2
0 2
0 2
0 2
0 2
0 2
0 2
0 2
0 2
0 2
0 2
0 2
0 2
0 2
0 2
0 2
0 2
0 2
0 2
0 2
0 2
0 2
0 2
0 2
0 2
E
S
L
72 14
35 2
72 4
35 5
72 13
35 2
72 6
35 2
72 4
35 3
72 13
35 2
72 6
35 2
72 4
35 2
72 13
35 2
72 6
35 2
72 4
35 3
72 13
35 2
72 4
35 5
72 13
35 2
72 6
35 2
72 4
35 3
72 13
35 2
72 6
35 2
72 4
35 2
72 13
35 2
72 6
35 2
72 4
35 3
72 14
35 2
72 4
35 5
72 13
35 2
72 6
35 2
72 4
35 3
72 13
35 2
72 6
35 2
72 4
35 2
72 13
35 2
72 6
35 2
72 4
35 3
72 13
35 2
72 4
35 5
72 13
35 2
72 6
35 2
72 4
35 3
72 13
35 2
72 6
35 2
72 4
35 2
72 13
35 2
72 6
35 2
72 4
35 3
72 13
31 10
72 14
28 13
72 14
35 2
72 4
35 5
72 13
35 2
72 6
35 2
72 4
35 3
72 13
35 2
72 6
35 2
72 4
35 2
72 13
35 2
72 6
35 2
72 4
35 3
72 13
35 2
72 4
35 5
72 13
35 2
72 6
35 2
72 4
35 3
72 13
35 2
72 6
35 2
72 4
35 2
72 13
35 2
72 6
35 2
72 4
35 3
72 13
35 2
72 4
35 5
72 13
35 2
72 6
35 2
72 4
35 3
72 13
35 2
72 6
35 2
72 4
35 2
72 13
35 2
72 6
35 2
72 4
35 3
72 13
35 2
72 4
35 5
72 13
35 2
72 6
35 2
72 4
35 3
72 13
35 2
72 6
35 2
72 4
35 2
72 13
35 2
72 6
35 2
72 4
35 3
E
S
H
72 14
24 14
31 14
36 14
38 14
39 14
72 7
22 14
29 14
37 14
34 14
72 14
24 14
31 14
36 14
38 14
39 14
72 7
22 14
29 14
37 14
34 14
72 13
24 14
31 14
36 14
38 14
39 14
72 7
22 14
29 14
37 14
34 14
72 14
137 14
72 12
137 14
72 12
137 14
72 12
137 14
72 12
137 14
72 12
137 14
72 12
137 14
72 12
137 14
72 12
24 13
72 6
24 14
31 14
36 14
38 14
39 14
72 7
22 14
29 14
37 14
34 14
72 13
24 14
31 14
36 14
38 14
39 14
72 7
22 14
29 14
37 14
34 14
72 13
24 14
31 14
36 14
38 14
39 14
72 7
22 14
29 14
37 14
34 14
72 13
24 14
31 14
36 14
38 14
39 14
72 7
22 14
29 14
37 14
34 14
E
S
L
72 14
72 12
24 5
72 11
12 5
72 11
19 4
72 1
20 2
72 0
19 8
72 12
20 7
17 5
72 11
17 6
72 11
23 5
22 2
72 0
17 7
72 12
15 7
24 4
72 11
27 5
72 11
26 5
24 2
72 0
19 11
72 12
17 5
72 11
23 5
72 11
22 4
72 1
23 2
72 0
22 7
72 14
24 5
72 11
12 5
72 11
19 4
72 1
20 2
72 0
19 8
72 12
20 7
17 5
72 11
17 6
72 11
23 5
22 2
72 0
17 7
72 12
15 7
24 4
72 11
27 5
72 11
26 5
24 2
72 0
19 11
72 12
17 5
72 11
23 5
72 11
22 4
72 1
23 2
72 0
22 7
E
S
L
72 14
19 0
72 2
19 2
19 0
19 2
19 0
19 2
19 0
72 2
19 0
72 0
19 0
72 1
19 0
72 1
19 0
72 0
19 2
19 2
19 2
19 2
19 2
19 2
19 0
72 0
19 2
19 0
72 0
19 2
19 0
72 0
19 2
19 0
72 0
19 0
72 2
19 0
72 0
19 0
72 1
19 0
72 1
19 2
19 2
19 2
19 2
19 2
19 2
72 14
19 0
72 2
19 2
19 0
19 2
19 0
19 2
19 0
72 2
19 0
72 0
19 0
72 1
19 0
72 1
19 0
72 0
19 2
19 2
19 2
19 2
19 2
19 2
19 0
72 0
19 2
19 0
72 0
19 2
19 0
72 0
19 2
19 0
72 0
19 0
72 2
19 0
72 0
19 0
72 1
19 0
72 1
19 2
19 2
19 2
19 2
19 2
19 2
72 14
19 0
72 2
19 2
19 0
19 2
19 0
19 2
19 0
72 2
19 0
72 0
19 0
72 1
19 0
72 1
19 0
72 0
19 2
19 2
19 2
19 2
19 2
19 2
19 0
72 0
19 2
19 0
72 0
19 2
19 0
72 0
19 2
19 0
72 0
19 0
72 2
19 0
72 0
19 0
72 1
19 0
72 1
19 2
19 2
19 2
19 2
19 2
19 2
72 14
19 0
72 2
19 2
19 0
19 2
19 0
19 2
19 0
72 2
19 0
72 0
19 0
72 1
19 0
72 1
19 0
72 0
19 2
19 2
19 2
19 2
19 2
19 2
19 0
72 0
19 2
19 0
72 0
19 2
19 0
72 0
19 2
19 0
72 0
19 0
72 2
19 0
72 0
19 0
72 1
19 0
72 1
19 2
19 2
19 2
19 2
19 2
19 2
72 14
19 0
72 2
19 2
19 0
19 2
19 0
19 2
19 0
72 2
19 0
72 0
19 0
72 1
19 0
72 1
19 0
72 0
19 2
19 2
19 2
19 2
19 2
19 2
19 0
72 0
19 2
19 0
72 0
19 2
19 0
72 0
19 2
19 0
72 0
19 0
72 2
19 0
72 0
19 0
72 1
19 0
72 1
19 2
19 2
19 2
19 2
19 2
19 2
E
S
L
72 14
72 4
24 3
72 1
24 2
72 11
24 0
72 2
24 2
24 2
72 11
24 2
72 2
24 2
72 11
24 2
24 0
72 7
24 2
72 9
24 2
24 2
72 11
24 2
72 12
24 2
24 2
72 11
24 2
72 8
24 2
72 2
24 0
E
X
