minor
S
L
1517 2
18 2
20 2
173 2
199 2
18 2
20 2
221 2
18 2
20 2
173 2
20 2
175 2
20 2
18 2
20 2
221 2
18 2
20 2
173 2
199 2
18 2
20 2
221 2
18 2
20 2
173 2
20 2
175 2
20 2
18 2
20 2
1517 2
18 2
20 2
173 2
199 2
18 2
20 2
221 2
18 2
20 2
173 2
20 2
175 2
20 2
18 2
20 2
221 2
18 2
20 2
173 2
199 2
18 2
20 2
221 2
18 2
20 2
173 2
20 2
175 2
20 2
18 2
20 2
1517 2
18 2
20 2
173 2
199 2
18 2
20 2
221 2
18 2
20 2
173 2
20 2
175 2
20 2
18 2
20 2
221 2
18 2
20 2
173 2
199 2
18 2
20 2
221 2
18 2
20 2
173 2
20 2
175 2
20 2
18 2
20 2
1517 2
18 2
20 2
173 2
199 2
18 2
20 2
221 2
18 2
20 2
173 2
20 2
175 2
20 2
18 2
20 2
221 2
18 2
20 2
173 2
199 2
18 2
20 2
221 2
18 2
20 2
173 2
20 2
175 2
20 2
18 2
20 2
1517 2
18 2
20 2
173 2
199 2
18 2
20 2
221 2
18 2
20 2
173 2
20 2
175 2
20 2
18 2
20 2
221 2
18 2
20 2
173 2
199 2
18 2
20 2
221 2
18 2
20 2
173 2
20 2
175 2
20 2
18 2
20 2
1517 2
18 2
20 2
173 2
199 2
18 2
20 2
221 2
18 2
20 2
173 2
20 2
175 2
20 2
18 2
20 2
221 2
18 2
20 2
173 2
199 2
18 2
20 2
221 2
18 2
20 2
173 2
20 2
175 2
20 2
18 2
20 2
1517 2
18 2
20 2
173 2
199 2
18 2
20 2
221 2
18 2
20 2
173 2
20 2
175 2
20 2
18 2
20 2
221 2
18 2
20 2
173 2
199 2
18 2
20 2
221 2
18 2
20 2
173 2
20 2
175 2
20 2
18 2
20 2
1517 2
18 2
20 2
173 2
199 2
18 2
20 2
221 2
18 2
20 2
173 2
20 2
175 2
20 2
18 2
20 2
221 2
18 2
20 2
173 2
199 2
18 2
20 2
221 2
18 2
20 2
173 2
20 2
175 2
20 2
18 2
20 2
1517 2
18 2
20 2
173 2
199 2
18 2
20 2
221 2
18 2
20 2
173 2
20 2
175 2
20 2
18 2
20 2
221 2
18 2
20 2
173 2
199 2
18 2
20 2
221 2
18 2
20 2
173 2
20 2
175 2
20 2
18 2
20 2
1517 2
18 2
20 2
173 2
199 2
18 2
20 2
221 2
18 2
20 2
173 2
20 2
175 2
20 2
18 2
20 2
221 2
18 2
20 2
173 2
199 2
18 2
20 2
221 2
18 2
20 2
173 2
20 2
175 2
20 2
18 2
20 2
1517 2
18 2
20 2
173 2
199 2
18 2
20 2
221 2
18 2
20 2
173 2
20 2
175 2
20 2
18 2
20 2
221 2
18 2
20 2
173 2
199 2
18 2
20 2
221 2
18 2
20 2
173 2
20 2
175 2
20 2
18 2
20 2
1517 2
18 2
20 2
173 2
199 2
18 2
20 2
221 2
18 2
20 2
173 2
20 2
175 2
20 2
18 2
20 2
221 2
18 2
20 2
173 2
199 2
18 2
20 2
221 2
18 2
20 2
173 2
20 2
175 2
20 2
18 2
20 2
1517 2
18 2
20 2
173 2
199 2
18 2
20 2
221 2
18 2
20 2
173 2
20 2
175 2
20 2
18 2
20 2
221 2
18 2
20 2
173 2
199 2
18 2
20 2
221 2
18 2
20 2
173 2
20 2
175 2
20 2
18 2
20 2
1517 2
18 2
20 2
173 2
199 2
18 2
20 2
221 2
18 2
20 2
173 2
20 2
175 2
20 2
18 2
20 2
221 2
18 2
20 2
173 2
199 2
18 2
20 2
221 2
18 2
20 2
173 2
20 2
175 2
20 2
18 2
20 2
1517 2
18 2
20 2
173 2
199 2
18 2
20 2
221 2
18 2
20 2
173 2
20 2
175 2
20 2
18 2
20 2
221 2
18 2
20 2
173 2
199 2
18 2
20 2
221 2
18 2
20 2
173 2
20 2
175 2
20 2
18 2
20 2
1517 2
18 2
20 2
173 2
199 2
18 2
20 2
221 2
18 2
20 2
173 2
20 2
175 2
20 2
18 2
20 2
221 2
18 2
20 2
173 2
199 2
18 2
20 2
221 2
18 2
20 2
173 2
20 2
175 2
20 2
18 2
20 2
1517 2
18 2
20 2
173 2
199 2
18 2
20 2
221 2
18 2
20 2
173 2
20 2
175 2
20 2
18 2
20 2
221 2
18 2
20 2
173 2
199 2
18 2
20 2
221 2
18 2
20 2
173 2
20 2
175 2
20 2
18 2
20 2
1517 2
18 2
20 2
173 2
199 2
18 2
20 2
221 2
18 2
20 2
173 2
20 2
175 2
20 2
18 2
20 2
221 2
18 2
20 2
173 2
199 2
18 2
20 2
221 2
18 2
20 2
173 2
20 2
175 2
20 2
18 2
20 2
1517 2
18 2
20 2
173 2
199 2
18 2
20 2
221 2
18 2
20 2
173 2
20 2
175 2
20 2
18 2
20 2
221 2
18 2
20 2
173 2
199 2
18 2
20 2
221 2
18 2
20 2
173 2
20 2
175 2
20 2
18 2
20 2
1517 2
18 2
20 2
173 2
199 2
18 2
20 2
221 2
18 2
20 2
173 2
20 2
175 2
20 2
18 2
20 2
221 2
18 2
20 2
173 2
199 2
18 2
20 2
221 2
18 2
20 2
173 2
20 2
175 2
20 2
18 2
20 2
1517 2
18 2
20 2
173 2
199 2
18 2
20 2
221 2
18 2
20 2
173 2
20 2
175 2
20 2
18 2
20 2
221 2
18 2
20 2
173 2
199 2
18 2
20 2
221 2
18 2
20 2
173 2
20 2
175 2
20 2
18 2
20 2
1517 2
18 2
20 2
173 2
199 2
18 2
20 2
221 2
18 2
20 2
173 2
20 2
175 2
20 2
18 2
20 2
221 2
18 2
20 2
173 2
199 2
18 2
20 2
221 2
18 2
20 2
173 2
20 2
175 2
20 2
18 2
20 2
1517 2
18 2
20 2
173 2
199 2
18 2
20 2
221 2
18 2
20 2
173 2
20 2
175 2
20 2
18 2
20 2
221 2
18 2
20 2
173 2
199 2
18 2
20 2
221 2
18 2
20 2
173 2
20 2
175 2
20 2
18 2
20 2
1517 2
18 2
20 2
173 2
199 2
18 2
20 2
221 2
18 2
20 2
173 2
20 2
175 2
20 2
18 2
20 2
221 2
18 2
20 2
173 2
199 2
18 2
20 2
221 2
18 2
20 2
173 2
20 2
175 2
20 2
18 2
20 2
1517 2
18 2
20 2
173 2
199 2
18 2
20 2
221 2
18 2
20 2
173 2
20 2
175 2
20 2
18 2
20 2
221 2
18 2
20 2
173 2
199 2
18 2
20 2
221 2
18 2
20 2
173 2
20 2
175 2
20 2
18 2
20 2
1517 2
18 2
20 2
173 2
199 2
18 2
20 2
221 2
18 2
20 2
173 2
20 2
175 2
20 2
18 2
20 2
221 2
18 2
20 2
173 2
199 2
18 2
20 2
221 2
18 2
20 2
173 2
20 2
175 2
20 2
18 2
20 2
1517 2
18 2
20 2
173 2
199 2
18 2
20 2
221 2
18 2
20 2
173 2
20 2
175 2
20 2
18 2
20 2
221 2
18 2
20 2
173 2
199 2
18 2
20 2
221 2
18 2
20 2
173 2
20 2
175 2
20 2
18 2
20 2
1517 2
18 2
20 2
173 2
199 2
18 2
20 2
221 2
18 2
20 2
173 2
20 2
175 2
20 2
18 2
20 2
221 2
18 2
20 2
173 2
199 2
18 2
20 2
221 2
18 2
20 2
173 2
20 2
175 2
20 2
18 2
20 2
1517 2
18 2
20 2
173 2
199 2
18 2
20 2
221 2
18 2
20 2
173 2
20 2
175 2
20 2
18 2
20 2
221 2
18 2
20 2
173 2
199 2
18 2
20 2
221 2
18 2
20 2
173 2
20 2
175 2
20 2
18 2
20 2
1517 2
18 2
20 2
173 2
199 2
18 2
20 2
221 2
18 2
20 2
173 2
20 2
175 2
20 2
18 2
20 2
221 2
18 2
20 2
173 2
199 2
18 2
20 2
221 2
18 2
20 2
173 2
20 2
175 2
20 2
18 2
20 2
1517 2
18 2
20 2
173 2
199 2
18 2
20 2
221 2
18 2
20 2
173 2
20 2
175 2
20 2
18 2
20 2
221 2
18 2
20 2
173 2
199 2
18 2
20 2
221 2
18 2
20 2
173 2
20 2
175 2
20 2
18 2
20 2
1517 2
18 2
20 2
173 2
199 2
18 2
20 2
221 2
18 2
20 2
173 2
20 2
175 2
20 2
18 2
20 2
221 2
18 2
20 2
173 2
199 2
18 2
20 2
221 2
18 2
20 2
173 2
20 2
175 2
20 2
18 2
20 2
1517 2
18 2
20 2
173 2
199 2
18 2
20 2
221 2
18 2
20 2
173 2
20 2
175 2
20 2
18 2
20 2
1517 2
18 2
20 2
173 2
199 2
18 2
20 2
221 2
18 2
20 2
173 2
20 2
175 2
20 2
18 2
20 2
1517 2
18 2
20 2
173 2
199 2
18 2
20 2
221 2
215 2
20 2
173 2
20 2
175 2
20 2
18 2
20 2
1517 2
18 2
20 2
173 2
1495 2
18 2
20 2
221 2
215 2
20 2
173 2
20 2
1471 2
20 2
18 2
20 2
33 13
E
S
L
24 4
24 4
24 6
20 2
20 3
20 0
72 1
20 4
20 6
20 2
22 4
22 4
22 6
19 2
19 3
19 0
72 1
19 4
19 6
19 2
24 4
24 4
24 6
20 2
20 3
20 0
72 1
20 4
20 6
20 2
22 4
22 4
22 6
19 2
19 3
19 0
72 1
19 4
19 6
19 2
24 4
24 4
24 6
20 2
20 3
20 0
72 1
20 4
20 6
20 2
22 4
22 4
22 6
19 2
19 3
19 0
72 1
19 4
19 6
19 2
24 4
24 4
24 6
20 2
20 3
20 0
72 1
20 4
20 6
20 2
22 4
22 4
22 6
19 2
19 3
19 0
72 1
19 4
19 6
19 2
24 4
24 4
24 6
20 2
20 3
20 0
72 1
20 4
20 6
20 2
22 4
22 4
22 6
19 2
19 3
19 0
72 1
19 4
19 6
19 2
24 4
24 4
24 6
20 2
20 3
20 0
72 1
20 4
20 6
20 2
22 4
22 4
22 6
19 2
19 3
19 0
72 1
19 4
19 6
19 2
24 4
24 4
24 6
20 2
20 3
20 0
72 1
20 4
20 6
20 2
22 4
22 4
22 6
19 2
19 3
19 0
72 1
19 4
19 6
19 2
24 4
24 4
24 6
20 2
20 3
20 0
72 1
20 4
20 6
20 2
22 4
22 4
22 6
19 2
19 3
19 0
72 1
19 4
19 6
19 2
24 4
24 4
24 6
20 2
20 3
20 0
72 1
20 4
20 6
20 2
22 4
22 4
22 6
19 2
19 3
19 0
72 1
19 4
19 6
19 2
24 4
24 4
24 6
20 2
20 3
20 0
72 1
20 4
20 6
20 2
22 4
22 4
22 6
19 2
19 3
19 0
72 1
19 4
19 6
19 2
24 4
24 4
24 6
20 2
20 3
20 0
72 1
20 4
20 6
20 2
22 4
22 4
22 6
19 2
19 3
19 0
72 1
19 4
19 6
19 2
24 4
24 4
24 6
20 2
20 3
20 0
72 1
20 4
20 6
20 2
22 4
22 4
22 6
19 2
19 3
19 0
72 1
19 4
19 6
19 2
24 4
24 4
24 6
20 2
20 3
20 0
72 1
20 4
20 6
20 2
22 4
22 4
22 6
19 2
19 3
19 0
72 1
19 4
19 6
19 2
24 4
24 4
24 6
20 2
20 3
20 0
72 1
20 4
20 6
20 2
22 4
22 4
22 6
19 2
19 3
19 0
72 1
19 4
19 6
19 2
24 4
24 4
24 6
20 2
20 3
20 0
72 1
20 4
20 6
20 2
22 4
22 4
22 6
19 2
19 3
19 0
72 1
19 4
19 6
19 2
24 4
24 4
24 6
20 2
20 3
20 0
72 1
20 4
20 6
20 2
22 4
22 4
22 6
19 2
19 3
19 0
72 1
19 4
19 6
19 2
24 4
24 4
24 6
20 2
20 3
20 0
72 1
20 4
20 6
20 2
22 4
22 4
22 6
19 2
19 3
19 0
72 1
19 4
19 6
19 2
24 4
24 4
24 6
20 2
20 3
20 0
72 1
20 4
20 6
20 2
22 4
22 4
22 6
19 2
19 3
19 0
72 1
19 4
19 6
19 2
24 4
24 4
24 6
20 2
20 3
20 0
72 1
20 4
20 6
20 2
22 4
22 4
22 6
19 2
19 3
19 0
72 1
19 4
19 6
19 2
24 4
24 4
24 6
20 2
20 3
20 0
72 1
20 4
20 6
20 2
22 4
22 4
22 6
19 2
19 3
19 0
72 1
19 4
19 6
19 2
24 4
24 4
24 6
20 2
20 3
20 0
72 1
20 4
20 6
20 2
22 4
22 4
22 6
19 2
19 3
19 0
72 1
19 4
19 6
19 2
24 4
24 4
24 6
20 2
20 3
20 0
72 1
20 4
20 6
20 2
22 4
22 4
22 6
19 2
19 3
19 0
72 1
19 4
19 6
19 2
24 4
24 4
24 6
20 2
20 3
20 0
72 1
20 4
20 6
20 2
22 4
22 4
22 6
19 2
19 3
19 0
72 1
19 4
19 6
19 2
24 4
24 4
24 6
20 2
20 3
20 0
72 1
20 4
20 6
20 2
22 4
22 4
22 6
19 2
19 3
19 0
72 1
19 4
19 6
19 2
24 4
24 4
24 6
20 2
20 3
20 0
72 1
20 4
20 6
20 2
22 4
22 4
22 6
19 2
19 3
19 0
72 1
19 4
19 6
19 2
24 4
24 4
24 6
20 2
20 3
20 0
72 1
20 4
20 6
20 2
22 4
22 4
22 6
19 2
19 3
19 0
72 1
19 4
19 6
19 2
24 4
24 4
24 6
20 2
20 3
20 0
72 1
20 4
20 6
20 2
22 4
22 4
22 6
19 2
19 3
19 0
72 1
19 4
19 6
19 2
24 4
24 4
24 6
20 2
20 3
20 0
72 1
20 4
20 6
20 2
22 4
22 4
22 6
19 2
19 3
19 0
72 1
19 4
19 6
19 2
24 4
24 4
24 6
20 2
20 3
20 0
72 1
20 4
20 6
20 2
22 4
22 4
22 6
19 2
19 3
19 0
72 1
19 4
19 6
19 2
24 4
24 4
24 6
20 2
20 3
20 0
72 1
20 4
20 6
20 2
22 4
22 4
22 6
19 2
19 3
19 0
72 1
19 4
19 6
19 2
24 4
24 4
24 6
20 2
20 3
20 0
72 1
20 4
20 6
20 2
22 4
22 4
22 6
19 2
19 3
19 0
72 1
19 4
19 6
19 2
24 4
24 4
24 6
20 2
20 3
20 0
72 1
20 4
20 6
20 2
22 4
22 4
22 6
19 2
19 3
19 0
72 1
19 4
19 6
19 2
24 4
24 4
24 6
20 2
20 3
20 0
72 1
20 4
20 6
20 2
22 4
22 4
22 6
19 2
19 3
19 0
72 1
19 4
19 6
19 2
24 4
24 4
24 6
20 2
20 3
20 0
72 1
20 4
20 6
20 2
22 4
22 4
22 6
19 2
19 3
19 0
72 1
19 4
19 6
19 2
24 13
E
S
H
185 10
72 2
1297 10
72 2
1611 10
72 2
1140 10
72 2
185 10
72 2
1297 10
72 2
1611 10
72 2
1140 10
72 2
185 10
72 2
1297 10
72 2
1611 10
72 2
1140 10
72 2
185 10
72 2
1297 10
72 2
1611 10
72 2
1140 10
72 2
185 10
72 2
1297 10
72 2
1611 10
72 2
1140 10
72 2
185 10
72 2
1297 10
72 2
1611 10
72 2
1140 10
72 2
185 10
72 2
1297 10
72 2
1611 10
72 2
1140 10
72 2
185 10
72 2
1297 10
72 2
1611 10
72 2
1140 10
72 2
185 10
72 2
1297 10
72 2
1611 10
72 2
1140 10
72 2
185 10
72 2
1297 10
72 2
1611 10
72 2
1140 10
72 2
185 10
72 2
1297 10
72 2
1611 10
72 2
1140 10
72 2
185 10
72 2
1297 10
72 2
1611 10
72 2
1140 10
72 2
185 10
72 2
1297 10
72 2
1611 10
72 2
1140 10
72 2
185 10
72 2
1297 10
72 2
1611 10
72 2
1140 10
72 2
185 10
72 2
1297 10
72 2
1611 10
72 2
1140 10
72 2
185 10
72 2
1297 10
72 2
1611 10
72 2
1140 10
72 2
185 10
72 2
1297 10
72 2
1611 10
72 2
1140 10
72 2
185 10
72 2
1297 10
72 2
1611 10
72 2
1140 10
72 2
185 10
72 2
1297 10
72 2
1611 10
72 2
1140 10
72 2
185 10
72 2
1297 10
72 2
1611 10
72 2
1140 10
72 2
185 10
72 2
1297 10
72 2
1611 10
72 2
1140 10
72 2
185 10
72 2
1297 10
72 2
1611 10
72 2
1140 10
72 2
185 10
72 2
1297 10
72 2
1611 10
72 2
1140 10
72 2
185 10
72 2
1297 10
72 2
1611 10
72 2
1140 10
72 2
185 10
72 2
1297 10
72 2
1611 10
72 2
1140 10
72 2
185 10
72 2
1297 10
72 2
1611 10
72 2
1140 10
72 2
185 10
72 2
1297 10
72 2
1611 10
72 2
1140 10
72 2
185 10
72 2
1297 10
72 2
1611 10
72 2
1140 10
72 2
185 10
72 2
1297 10
72 2
1611 10
72 2
1140 10
72 2
185 10
72 2
1297 10
72 2
1611 10
72 2
1140 10
72 2
185 10
72 2
1297 10
72 2
1611 10
72 2
1140 10
72 2
185 10
72 2
1297 10
72 2
1611 10
72 2
1140 10
72 2
185 10
72 2
1297 10
72 2
1611 10
72 2
1140 10
72 2
185 10
72 2
1297 10
72 2
1611 10
72 2
1140 10
72 2
36 13
E
S
H
43 8
72 1
48 10
72 2
50 4
51 6
53 6
50 11
51 6
50 6
48 4
50 6
48 6
46 4
43 13
72 2
43 8
72 1
48 10
72 2
50 4
51 6
53 6
55 10
72 2
51 4
53 6
55 6
51 4
53 6
50 6
51 4
50 13
72 2
59 0
60 3
72 1
59 0
72 1
60 6
72 0
58 11
60 2
58 2
55 2
58 2
55 2
53 2
55 2
53 2
51 2
53 2
51 2
50 2
51 2
50 2
48 2
51 2
48 8
72 1
51 4
53 0
55 5
72 0
53 0
55 5
72 0
51 4
53 13
72 2
59 0
60 3
72 1
59 0
72 1
60 6
72 0
58 11
60 2
58 2
55 2
58 2
55 2
53 2
55 2
53 2
51 2
53 2
51 2
50 2
51 2
50 2
48 2
51 2
48 8
72 1
51 4
53 0
55 5
72 0
53 0
55 5
72 0
51 4
53 13
72 2
43 8
72 1
48 10
72 2
50 4
51 6
53 6
50 11
51 6
50 6
48 4
50 6
48 6
46 4
43 13
72 2
43 8
72 1
48 10
72 2
50 4
51 6
53 6
55 10
72 2
51 4
53 6
55 6
51 4
53 6
50 6
51 4
50 13
72 2
59 0
60 3
72 1
59 0
72 1
60 6
72 0
58 11
60 2
58 2
55 2
58 2
55 2
53 2
55 2
53 2
51 2
53 2
51 2
50 2
51 2
50 2
48 2
51 2
48 8
72 1
51 4
53 0
55 5
72 0
53 0
55 5
72 0
51 4
53 13
72 2
59 0
60 3
72 1
59 0
72 1
60 6
72 0
58 11
60 2
58 2
55 2
58 2
55 2
53 2
55 2
53 2
51 2
53 2
51 2
50 2
51 2
50 2
48 2
51 2
48 8
72 1
51 4
53 0
55 5
72 0
53 0
55 5
72 0
51 4
53 13
72 2
43 8
72 1
48 10
72 2
50 4
51 6
53 6
50 11
51 6
50 6
48 4
50 6
48 6
46 4
43 13
72 2
43 8
72 1
48 10
72 2
50 4
51 6
53 6
55 10
72 2
51 4
53 6
55 6
51 4
53 6
50 6
51 4
50 13
72 2
59 0
60 3
72 1
59 0
72 1
60 6
72 0
58 11
60 2
58 2
55 2
58 2
55 2
53 2
55 2
53 2
51 2
53 2
51 2
50 2
51 2
50 2
48 2
51 2
48 8
72 1
51 4
53 0
55 5
72 0
53 0
55 5
72 0
51 4
53 13
72 2
59 0
60 3
72 1
59 0
72 1
60 6
72 0
58 11
60 2
58 2
55 2
58 2
55 2
53 2
55 2
53 2
51 2
53 2
51 2
50 2
51 2
50 2
48 2
51 2
48 8
72 1
51 4
53 0
55 5
72 0
53 0
55 5
72 0
51 4
53 13
72 2
43 8
72 1
48 10
72 2
50 4
51 6
53 6
50 11
51 6
50 6
48 4
50 6
48 6
46 4
43 13
72 2
43 8
72 1
48 10
72 2
50 4
51 6
53 6
55 10
72 2
51 4
53 6
55 6
51 4
53 6
50 6
51 4
50 13
72 2
59 0
60 3
72 1
59 0
72 1
60 6
72 0
58 11
60 2
58 2
55 2
58 2
55 2
53 2
55 2
53 2
51 2
53 2
51 2
50 2
51 2
50 2
48 2
51 2
48 8
72 1
51 4
53 0
55 5
72 0
53 0
55 5
72 0
51 4
53 13
72 2
59 0
60 3
72 1
59 0
72 1
60 6
72 0
58 11
60 2
58 2
55 2
58 2
55 2
53 2
55 2
53 2
51 2
53 2
51 2
50 2
51 2
50 2
48 2
51 2
48 8
72 1
51 4
53 0
55 5
72 0
53 0
55 5
72 0
51 4
58 13
72 2
60 14
E
S
H
48 2
46 2
43 2
46 2
43 2
41 2
43 2
41 2
39 2
41 2
39 2
38 2
39 2
38 2
36 2
39 2
34 2
36 2
38 2
39 2
38 2
39 2
41 2
39 2
41 2
43 2
41 2
43 2
46 2
43 2
46 2
48 2
48 2
46 2
43 2
46 2
43 2
41 2
43 2
41 2
39 2
41 2
39 2
38 2
39 2
38 2
36 2
39 2
34 2
36 2
38 2
39 2
38 2
39 2
41 2
39 2
41 2
43 2
41 2
43 2
46 2
43 2
46 2
48 2
48 2
46 2
43 2
46 2
43 2
41 2
43 2
41 2
39 2
41 2
39 2
38 2
39 2
38 2
36 2
39 2
34 2
36 2
38 2
39 2
38 2
39 2
41 2
39 2
41 2
43 2
41 2
43 2
46 2
43 2
46 2
48 2
48 2
46 2
43 2
46 2
43 2
41 2
43 2
41 2
39 2
41 2
39 2
38 2
39 2
38 2
36 2
39 2
34 2
36 2
38 2
39 2
38 2
39 2
41 2
39 2
41 2
43 2
41 2
43 2
46 2
43 2
46 2
48 2
48 2
46 2
43 2
46 2
43 2
41 2
43 2
41 2
39 2
41 2
39 2
38 2
39 2
38 2
36 2
39 2
34 2
36 2
38 2
39 2
38 2
39 2
41 2
39 2
41 2
43 2
41 2
43 2
46 2
43 2
46 2
48 2
48 2
46 2
43 2
46 2
43 2
41 2
43 2
41 2
39 2
41 2
39 2
38 2
39 2
38 2
36 2
39 2
34 2
36 2
38 2
39 2
38 2
39 2
41 2
39 2
41 2
43 2
41 2
43 2
46 2
43 2
46 2
48 2
48 2
46 2
43 2
46 2
43 2
41 2
43 2
41 2
39 2
41 2
39 2
38 2
39 2
38 2
36 2
39 2
34 2
36 2
38 2
39 2
38 2
39 2
41 2
39 2
41 2
43 2
41 2
43 2
46 2
43 2
46 2
48 2
48 2
46 2
43 2
46 2
43 2
41 2
43 2
41 2
39 2
41 2
39 2
38 2
39 2
38 2
36 2
39 2
34 2
36 2
38 2
39 2
38 2
39 2
41 2
39 2
41 2
43 2
41 2
43 2
46 2
43 2
46 2
48 2
48 2
46 2
43 2
46 2
43 2
41 2
43 2
41 2
39 2
41 2
39 2
38 2
39 2
38 2
36 2
39 2
34 2
36 2
38 2
39 2
38 2
39 2
41 2
39 2
41 2
43 2
41 2
43 2
46 2
43 2
46 2
48 2
48 2
46 2
43 2
46 2
43 2
41 2
43 2
41 2
39 2
41 2
39 2
38 2
39 2
38 2
36 2
39 2
34 2
36 2
38 2
39 2
38 2
39 2
41 2
39 2
41 2
43 2
41 2
43 2
46 2
43 2
46 2
48 2
48 2
46 2
43 2
46 2
43 2
41 2
43 2
41 2
39 2
41 2
39 2
38 2
39 2
38 2
36 2
39 2
34 2
36 2
38 2
39 2
38 2
39 2
41 2
39 2
41 2
43 2
41 2
43 2
46 2
43 2
46 2
48 2
48 2
46 2
43 2
46 2
43 2
41 2
43 2
41 2
39 2
41 2
39 2
38 2
39 2
38 2
36 2
39 2
34 2
36 2
38 2
39 2
38 2
39 2
41 2
39 2
41 2
43 2
41 2
43 2
46 2
43 2
46 2
48 2
48 2
46 2
43 2
46 2
43 2
41 2
43 2
41 2
39 2
41 2
39 2
38 2
39 2
38 2
36 2
39 2
34 2
36 2
38 2
39 2
38 2
39 2
41 2
39 2
41 2
43 2
41 2
43 2
46 2
43 2
46 2
48 2
48 2
46 2
43 2
46 2
43 2
41 2
43 2
41 2
39 2
41 2
39 2
38 2
39 2
38 2
36 2
39 2
34 2
36 2
38 2
39 2
38 2
39 2
41 2
39 2
41 2
43 2
41 2
43 2
46 2
43 2
46 2
48 2
48 2
46 2
43 2
46 2
43 2
41 2
43 2
41 2
39 2
41 2
39 2
38 2
39 2
38 2
36 2
39 2
34 2
36 2
38 2
39 2
38 2
39 2
41 2
39 2
41 2
43 2
41 2
43 2
46 2
43 2
46 2
48 2
48 2
46 2
43 2
46 2
43 2
41 2
43 2
41 2
39 2
41 2
39 2
38 2
39 2
38 2
36 2
39 2
34 2
36 2
38 2
39 2
38 2
39 2
41 2
39 2
41 2
43 2
41 2
43 2
46 2
43 2
46 2
48 2
48 2
46 2
43 2
46 2
43 2
41 2
43 2
41 2
39 2
41 2
39 2
38 2
39 2
38 2
36 2
39 2
34 2
36 2
38 2
39 2
38 2
39 2
41 2
39 2
41 2
43 2
41 2
43 2
46 2
43 2
46 2
48 2
48 2
46 2
43 2
46 2
43 2
41 2
43 2
41 2
39 2
41 2
39 2
38 2
39 2
38 2
36 2
39 2
34 2
36 2
38 2
39 2
38 2
39 2
41 2
39 2
41 2
43 2
41 2
43 2
46 2
43 2
46 2
48 2
48 2
46 2
43 2
46 2
43 2
41 2
43 2
41 2
39 2
41 2
39 2
38 2
39 2
38 2
36 2
39 2
34 2
36 2
38 2
39 2
38 2
39 2
41 2
39 2
41 2
43 2
41 2
43 2
46 2
43 2
46 2
48 2
48 2
46 2
43 2
46 2
43 2
41 2
43 2
41 2
39 2
41 2
39 2
38 2
39 2
38 2
36 2
39 2
34 2
36 2
38 2
39 2
38 2
39 2
41 2
39 2
41 2
43 2
41 2
43 2
46 2
43 2
46 2
48 2
48 2
46 2
43 2
46 2
43 2
41 2
43 2
41 2
39 2
41 2
39 2
38 2
39 2
38 2
36 2
39 2
34 2
36 2
38 2
39 2
38 2
39 2
41 2
39 2
41 2
43 2
41 2
43 2
46 2
43 2
46 2
48 2
48 2
46 2
43 2
46 2
43 2
41 2
43 2
41 2
39 2
41 2
39 2
38 2
39 2
38 2
36 2
39 2
34 2
36 2
38 2
39 2
38 2
39 2
41 2
39 2
41 2
43 2
41 2
43 2
46 2
43 2
46 2
48 2
48 2
46 2
43 2
46 2
43 2
41 2
43 2
41 2
39 2
41 2
39 2
38 2
39 2
38 2
36 2
39 2
34 2
36 2
38 2
39 2
38 2
39 2
41 2
39 2
41 2
43 2
41 2
43 2
46 2
43 2
46 2
48 2
48 2
46 2
43 2
46 2
43 2
41 2
43 2
41 2
39 2
41 2
39 2
38 2
39 2
38 2
36 2
39 2
34 2
36 2
38 2
39 2
38 2
39 2
41 2
39 2
41 2
43 2
41 2
43 2
46 2
43 2
46 2
48 2
48 2
46 2
43 2
46 2
43 2
41 2
43 2
41 2
39 2
41 2
39 2
38 2
39 2
38 2
36 2
39 2
34 2
36 2
38 2
39 2
38 2
39 2
41 2
39 2
41 2
43 2
41 2
43 2
46 2
43 2
46 2
48 2
48 2
46 2
43 2
46 2
43 2
41 2
43 2
41 2
39 2
41 2
39 2
38 2
39 2
38 2
36 2
39 2
34 2
36 2
38 2
39 2
38 2
39 2
41 2
39 2
41 2
43 2
41 2
43 2
46 2
43 2
46 2
48 2
48 2
46 2
43 2
46 2
43 2
41 2
43 2
41 2
39 2
41 2
39 2
38 2
39 2
38 2
36 2
39 2
34 2
36 2
38 2
39 2
38 2
39 2
41 2
39 2
41 2
43 2
41 2
43 2
46 2
43 2
46 2
48 2
48 2
46 2
43 2
46 2
43 2
41 2
43 2
41 2
39 2
41 2
39 2
38 2
39 2
38 2
36 2
39 2
34 2
36 2
38 2
39 2
38 2
39 2
41 2
39 2
41 2
43 2
41 2
43 2
46 2
43 2
46 2
48 2
48 2
46 2
43 2
46 2
43 2
41 2
43 2
41 2
39 2
41 2
39 2
38 2
39 2
38 2
36 2
39 2
34 2
36 2
38 2
39 2
38 2
39 2
41 2
39 2
41 2
43 2
41 2
43 2
46 2
43 2
46 2
48 2
48 2
46 2
43 2
46 2
43 2
41 2
43 2
41 2
39 2
41 2
39 2
38 2
39 2
38 2
36 2
39 2
34 2
36 2
38 2
39 2
38 2
39 2
41 2
39 2
41 2
43 2
41 2
43 2
46 2
43 2
46 2
48 2
48 2
46 2
43 2
46 2
43 2
41 2
43 2
41 2
39 2
41 2
39 2
38 2
39 2
38 2
36 2
39 2
34 2
36 2
38 2
39 2
38 2
39 2
41 2
39 2
41 2
43 2
41 2
43 2
46 2
43 2
46 2
48 2
48 2
46 2
43 2
46 2
43 2
41 2
43 2
41 2
39 2
41 2
39 2
38 2
39 2
38 2
36 2
39 2
34 2
36 2
38 2
39 2
38 2
39 2
41 2
39 2
41 2
43 2
41 2
43 2
46 2
43 2
46 2
48 2
E
S
H
72 14
55 8
72 1
60 10
72 2
62 4
63 6
65 6
62 11
63 6
62 6
60 4
62 6
60 6
58 4
55 13
72 2
55 8
72 1
60 10
72 2
62 4
63 6
65 6
67 10
72 2
63 4
65 6
67 6
63 4
65 6
62 6
63 4
62 13
72 2
71 0
60 3
72 1
71 0
72 1
60 6
72 0
70 11
60 2
70 2
67 2
70 2
67 2
65 2
67 2
65 2
63 2
65 2
63 2
62 2
63 2
62 2
60 2
63 2
60 8
72 1
63 4
65 0
67 5
72 0
65 0
67 5
72 0
63 4
65 13
72 2
71 0
60 3
72 1
71 0
72 1
60 6
72 0
70 11
60 2
70 2
67 2
70 2
67 2
65 2
67 2
65 2
63 2
65 2
63 2
62 2
63 2
62 2
60 2
63 2
60 8
72 1
63 4
65 0
67 5
72 0
65 0
67 5
72 0
63 4
65 13
72 2
55 8
72 1
60 10
72 2
62 4
63 6
65 6
62 11
63 6
62 6
60 4
62 6
60 6
58 4
55 13
72 2
55 8
72 1
60 10
72 2
62 4
63 6
65 6
67 10
72 2
63 4
65 6
67 6
63 4
65 6
62 6
63 4
62 13
72 2
71 0
60 3
72 1
71 0
72 1
60 6
72 0
70 11
60 2
70 2
67 2
70 2
67 2
65 2
67 2
65 2
63 2
65 2
63 2
62 2
63 2
62 2
60 2
63 2
60 8
72 1
63 4
65 0
67 5
72 0
65 0
67 5
72 0
63 4
65 13
72 2
71 0
60 3
72 1
71 0
72 1
60 6
72 0
70 11
60 2
70 2
67 2
70 2
67 2
65 2
67 2
65 2
63 2
65 2
63 2
62 2
63 2
62 2
60 2
63 2
60 8
72 1
63 4
65 0
67 5
72 0
65 0
67 5
72 0
63 4
65 13
72 2
55 8
72 1
60 10
72 2
62 4
63 6
65 6
62 11
63 6
62 6
60 4
62 6
60 6
58 4
55 13
72 2
55 8
72 1
60 10
72 2
62 4
63 6
65 6
67 10
72 2
63 4
65 6
67 6
63 4
65 6
62 6
63 4
62 13
72 2
71 0
60 3
72 1
71 0
72 1
60 6
72 0
70 11
60 2
70 2
67 2
70 2
67 2
65 2
67 2
65 2
63 2
65 2
63 2
62 2
63 2
62 2
60 2
63 2
60 8
72 1
63 4
65 0
67 5
72 0
65 0
67 5
72 0
63 4
65 13
72 2
71 0
60 3
72 1
71 0
72 1
60 6
72 0
70 11
60 2
70 2
67 2
70 2
67 2
65 2
67 2
65 2
63 2
65 2
63 2
62 2
63 2
62 2
60 2
63 2
60 8
72 1
63 4
65 0
67 5
72 0
65 0
67 5
72 0
63 4
70 13
E
S
H
72 14
48 2
46 2
43 2
46 2
43 2
41 2
43 2
41 2
39 2
41 2
39 2
38 2
39 2
38 2
36 2
39 2
34 2
36 2
38 2
39 2
38 2
39 2
41 2
39 2
41 2
43 2
41 2
43 2
46 2
43 2
46 2
48 2
48 2
46 2
43 2
46 2
43 2
41 2
43 2
41 2
39 2
41 2
39 2
38 2
39 2
38 2
36 2
39 2
34 2
36 2
38 2
39 2
38 2
39 2
41 2
39 2
41 2
43 2
41 2
43 2
46 2
43 2
46 2
48 2
48 2
46 2
43 2
46 2
43 2
41 2
43 2
41 2
39 2
41 2
39 2
38 2
39 2
38 2
36 2
39 2
34 2
36 2
38 2
39 2
38 2
39 2
41 2
39 2
41 2
43 2
41 2
43 2
46 2
43 2
46 2
48 2
48 2
46 2
43 2
46 2
43 2
41 2
43 2
41 2
39 2
41 2
39 2
38 2
39 2
38 2
36 2
39 2
34 2
36 2
38 2
39 2
38 2
39 2
41 2
39 2
41 2
43 2
41 2
43 2
46 2
43 2
46 2
48 2
48 2
46 2
43 2
46 2
43 2
41 2
43 2
41 2
39 2
41 2
39 2
38 2
39 2
38 2
36 2
39 2
34 2
36 2
38 2
39 2
38 2
39 2
41 2
39 2
41 2
43 2
41 2
43 2
46 2
43 2
46 2
48 2
48 2
46 2
43 2
46 2
43 2
41 2
43 2
41 2
39 2
41 2
39 2
38 2
39 2
38 2
36 2
39 2
34 2
36 2
38 2
39 2
38 2
39 2
41 2
39 2
41 2
43 2
41 2
43 2
46 2
43 2
46 2
48 2
48 2
46 2
43 2
46 2
43 2
41 2
43 2
41 2
39 2
41 2
39 2
38 2
39 2
38 2
36 2
39 2
34 2
36 2
38 2
39 2
38 2
39 2
41 2
39 2
41 2
43 2
41 2
43 2
46 2
43 2
46 2
48 2
48 2
46 2
43 2
46 2
43 2
41 2
43 2
41 2
39 2
41 2
39 2
38 2
39 2
38 2
36 2
39 2
34 2
36 2
38 2
39 2
38 2
39 2
41 2
39 2
41 2
43 2
41 2
43 2
46 2
43 2
46 2
48 2
48 2
46 2
43 2
46 2
43 2
41 2
43 2
41 2
39 2
41 2
39 2
38 2
39 2
38 2
36 2
39 2
34 2
36 2
38 2
39 2
38 2
39 2
41 2
39 2
41 2
43 2
41 2
43 2
46 2
43 2
46 2
48 2
48 2
46 2
43 2
46 2
43 2
41 2
43 2
41 2
39 2
41 2
39 2
38 2
39 2
38 2
36 2
39 2
34 2
36 2
38 2
39 2
38 2
39 2
41 2
39 2
41 2
43 2
41 2
43 2
46 2
43 2
46 2
48 2
48 2
46 2
43 2
46 2
43 2
41 2
43 2
41 2
39 2
41 2
39 2
38 2
39 2
38 2
36 2
39 2
34 2
36 2
38 2
39 2
38 2
39 2
41 2
39 2
41 2
43 2
41 2
43 2
46 2
43 2
46 2
48 2
48 2
46 2
43 2
46 2
43 2
41 2
43 2
41 2
39 2
41 2
39 2
38 2
39 2
38 2
36 2
39 2
34 2
36 2
38 2
39 2
38 2
39 2
41 2
39 2
41 2
43 2
41 2
43 2
46 2
43 2
46 2
48 2
48 2
46 2
43 2
46 2
43 2
41 2
43 2
41 2
39 2
41 2
39 2
38 2
39 2
38 2
36 2
39 2
34 2
36 2
38 2
39 2
38 2
39 2
41 2
39 2
41 2
43 2
41 2
43 2
46 2
43 2
46 2
48 2
48 2
46 2
43 2
46 2
43 2
41 2
43 2
41 2
39 2
41 2
39 2
38 2
39 2
38 2
36 2
39 2
34 2
36 2
38 2
39 2
38 2
39 2
41 2
39 2
41 2
43 2
41 2
43 2
46 2
43 2
46 2
48 2
48 2
46 2
43 2
46 2
43 2
41 2
43 2
41 2
39 2
41 2
39 2
38 2
39 2
38 2
36 2
39 2
34 2
36 2
38 2
39 2
38 2
39 2
41 2
39 2
41 2
43 2
41 2
43 2
46 2
43 2
46 2
48 2
48 2
46 2
43 2
46 2
43 2
41 2
43 2
41 2
39 2
41 2
39 2
38 2
39 2
38 2
36 2
39 2
34 2
36 2
38 2
39 2
38 2
39 2
41 2
39 2
41 2
43 2
41 2
43 2
46 2
43 2
46 2
48 2
48 2
46 2
43 2
46 2
43 2
41 2
43 2
41 2
39 2
41 2
39 2
38 2
39 2
38 2
36 2
39 2
34 2
36 2
38 2
39 2
38 2
39 2
41 2
39 2
41 2
43 2
41 2
43 2
46 2
43 2
46 2
48 2
48 2
46 2
43 2
46 2
43 2
41 2
43 2
41 2
39 2
41 2
39 2
38 2
39 2
38 2
36 2
39 2
34 2
36 2
38 2
39 2
38 2
39 2
41 2
39 2
41 2
43 2
41 2
43 2
46 2
43 2
46 2
48 2
24 13
E
X
