minor
S
H
72 13
33 4
35 4
36 4
40 4
47 6
72 2
47 4
45 4
47 6
72 2
47 4
45 4
47 6
72 2
47 4
45 4
47 4
45 4
40 4
36 4
43 7
45 4
41 14
45 6
72 2
45 4
43 4
45 6
72 2
45 4
43 4
45 6
72 2
45 4
43 4
45 7
47 7
41 9
40 13
33 4
35 4
36 4
40 4
47 6
72 2
47 4
45 4
47 6
72 2
47 4
45 4
47 6
72 2
47 4
45 4
47 4
45 4
40 4
36 4
43 7
45 4
41 14
45 12
47 7
44 12
47 4
72 4
47 9
45 14
72 14
33 4
35 4
36 4
40 4
47 6
72 2
47 4
45 4
47 6
72 2
47 4
45 4
47 6
72 2
47 4
45 4
47 4
45 4
40 4
36 4
43 7
45 4
41 14
45 6
72 2
45 4
43 4
45 6
72 2
45 4
43 4
45 6
72 2
45 4
43 4
45 7
47 7
41 9
40 13
33 4
35 4
36 4
40 4
47 6
72 2
47 4
45 4
47 6
72 2
47 4
45 4
47 6
72 2
47 4
45 4
47 4
45 4
40 4
36 4
43 7
45 4
41 14
45 12
47 7
44 12
47 4
72 4
47 9
45 14
72 14
33 4
35 4
36 4
40 4
47 6
72 2
47 4
45 4
47 6
72 2
47 4
45 4
47 6
72 2
47 4
45 4
47 4
45 4
40 4
36 4
43 7
45 4
41 14
E
S
H
72 12
50 2
50 2
50 4
72 4
40 11
43 4
43 2
72 2
43 2
72 2
45 4
72 4
43 7
72 4
43 6
72 2
43 2
72 2
45 4
72 4
43 7
72 11
45 2
72 8
45 2
72 11
45 2
72 8
45 2
72 6
41 4
41 2
72 2
41 2
72 2
43 4
72 4
41 7
72 4
41 6
72 2
41 2
72 2
43 4
72 4
41 7
72 11
40 2
72 8
40 2
72 13
43 4
43 2
72 2
43 2
72 2
45 4
72 4
43 7
72 4
43 6
72 2
43 2
72 2
45 4
72 4
43 7
72 11
45 2
72 8
45 2
72 11
45 2
72 8
45 2
72 6
38 6
72 2
38 2
72 2
41 4
72 4
38 7
72 4
40 6
72 2
40 2
72 2
44 4
72 4
40 7
72 11
45 2
72 8
45 2
72 6
48 6
72 2
48 2
72 2
47 4
72 4
45 2
72 2
44 9
72 4
52 2
72 2
48 2
72 2
45 2
72 6
50 2
72 2
47 2
72 2
43 2
72 6
48 2
72 2
45 2
72 2
41 2
72 6
50 2
72 2
47 2
72 2
43 2
72 6
52 2
72 2
48 2
72 2
45 2
72 6
50 2
72 2
47 2
72 2
43 2
72 6
48 2
72 2
45 2
72 2
41 2
72 6
50 2
72 2
47 2
72 2
43 7
43 2
43 2
72 2
45 4
72 4
43 7
72 4
43 6
72 2
43 2
72 2
45 4
72 4
43 7
72 11
45 2
72 8
45 2
72 11
45 2
72 8
45 2
72 6
41 4
41 2
72 2
41 2
72 2
43 4
72 4
41 7
72 4
41 6
72 2
41 2
72 2
43 4
72 4
41 7
72 11
40 2
72 8
40 2
72 13
43 4
43 2
72 2
43 2
72 2
45 4
72 4
43 7
72 4
43 6
72 2
43 2
72 2
45 4
72 4
43 7
72 11
45 2
72 8
45 2
72 11
45 2
72 8
45 2
72 6
38 6
72 2
38 2
72 2
41 4
72 4
38 7
72 4
40 6
72 2
40 2
72 2
44 4
72 4
40 7
72 11
45 2
72 8
45 2
72 6
48 6
72 2
48 2
72 2
47 4
72 4
45 2
72 2
44 9
72 4
52 2
72 2
48 2
72 2
45 2
72 6
50 2
72 2
47 2
72 2
43 2
72 6
48 2
72 2
45 2
72 2
41 2
72 6
50 2
72 2
47 2
72 2
43 2
72 6
52 2
72 2
48 2
72 2
45 2
72 6
50 2
72 2
47 2
72 2
43 2
72 6
48 2
72 2
45 2
72 2
41 2
72 6
50 2
72 2
47 2
72 2
43 7
43 2
43 2
72 2
45 4
72 4
43 7
72 4
43 6
72 2
43 2
72 2
45 4
72 4
43 7
72 11
45 2
72 8
45 2
72 11
45 2
72 8
45 2
72 6
41 4
E
S
H
72 14
65 2
62 2
57 2
53 2
62 2
57 2
53 2
50 2
57 2
53 2
50 2
45 2
53 2
50 2
45 2
41 2
72 14
65 7
65 4
62 7
59 4
56 4
72 14
65 2
62 2
57 2
53 2
62 2
57 2
53 2
50 2
57 2
53 2
50 2
45 2
53 2
50 2
45 2
41 2
72 14
57 4
60 2
57 2
60 4
57 4
59 4
55 4
50 4
59 4
53 4
57 2
53 2
57 4
53 4
55 4
57 4
59 4
55 4
57 4
60 2
57 2
60 4
57 4
59 4
55 4
50 4
59 4
53 4
57 2
53 2
57 4
53 4
55 4
57 4
59 4
55 4
72 14
65 2
62 2
57 2
53 2
62 2
57 2
53 2
50 2
57 2
53 2
50 2
45 2
53 2
50 2
45 2
41 2
72 14
65 7
65 4
62 7
59 4
56 4
72 14
65 2
62 2
57 2
53 2
62 2
57 2
53 2
50 2
57 2
53 2
50 2
45 2
53 2
50 2
45 2
41 2
72 14
57 4
60 2
57 2
60 4
57 4
59 4
55 4
50 4
59 4
53 4
57 2
53 2
57 4
53 4
55 4
57 4
59 4
55 4
57 4
60 2
57 2
60 4
57 4
59 4
55 4
50 4
59 4
53 4
57 2
53 2
57 4
53 4
55 4
57 4
59 4
55 4
72 14
65 2
62 2
57 2
53 2
62 2
57 2
53 2
50 2
57 2
53 2
50 2
45 2
53 2
50 2
45 2
41 2
E
S
H
72 14
65 2
62 2
57 2
53 2
62 2
57 2
53 2
50 2
57 2
53 2
50 2
45 2
53 2
50 2
45 2
41 2
72 14
65 7
65 4
62 6
72 2
59 4
56 4
72 14
65 2
62 2
57 2
53 2
62 2
57 2
53 2
50 2
57 2
53 2
50 2
45 2
53 2
50 2
45 2
41 2
72 14
57 4
60 2
57 2
60 4
57 4
59 4
55 4
50 4
59 4
53 4
57 2
53 2
57 4
53 4
55 4
57 4
59 4
55 4
57 4
60 2
57 2
60 4
57 4
59 4
55 4
50 4
59 4
53 4
57 2
53 2
57 4
53 4
55 4
57 4
59 4
55 4
72 14
65 2
62 2
57 2
53 2
62 2
57 2
53 2
50 2
57 2
53 2
50 2
45 2
53 2
50 2
45 2
41 2
72 14
65 7
65 4
62 6
72 2
59 4
56 4
72 14
65 2
62 2
57 2
53 2
62 2
57 2
53 2
50 2
57 2
53 2
50 2
45 2
53 2
50 2
45 2
41 2
72 14
57 4
60 2
57 2
60 4
57 4
59 4
55 4
50 4
59 4
53 4
57 2
53 2
57 4
53 4
55 4
57 4
59 4
55 4
57 4
60 2
57 2
60 4
57 4
59 4
55 4
50 4
59 4
53 4
57 2
53 2
57 4
53 4
55 4
57 4
59 4
55 4
72 14
65 2
62 2
57 2
53 2
62 2
57 2
53 2
50 2
57 2
53 2
50 2
45 2
53 2
50 2
45 2
E
S
H
72 14
65 2
62 2
57 2
53 2
62 2
57 2
53 2
50 2
57 2
53 2
50 2
45 2
53 2
50 2
45 2
41 2
72 14
65 7
65 4
62 7
59 4
56 4
72 14
65 2
62 2
57 2
53 2
62 2
57 2
53 2
50 2
57 2
53 2
50 2
45 2
53 2
50 2
45 2
41 2
72 14
57 4
60 2
57 2
60 4
57 4
59 4
55 4
50 4
59 4
53 4
57 2
53 2
57 4
53 4
55 4
57 4
59 4
55 4
57 4
60 2
57 2
60 4
57 4
59 4
55 4
50 4
59 4
53 4
57 2
53 2
57 4
53 4
55 4
57 4
59 4
55 4
72 14
65 2
62 2
57 2
53 2
62 2
57 2
53 2
50 2
57 2
53 2
50 2
45 2
53 2
50 2
45 2
41 2
72 14
65 7
65 4
62 7
59 4
56 4
72 14
65 2
62 2
57 2
53 2
62 2
57 2
53 2
50 2
57 2
53 2
50 2
45 2
53 2
50 2
45 2
41 2
72 14
57 4
60 2
57 2
60 4
57 4
59 4
55 4
50 4
59 4
53 4
57 2
53 2
57 4
53 4
55 4
57 4
59 4
55 4
57 4
60 2
57 2
60 4
57 4
59 4
55 4
50 4
59 4
53 4
57 2
53 2
57 4
53 4
55 4
57 4
59 4
55 4
72 14
65 2
62 2
57 2
53 2
62 2
57 2
53 2
50 2
57 2
53 2
50 2
45 2
53 2
50 2
45 2
41 2
E
S
H
72 14
65 2
62 2
57 2
53 2
62 2
57 2
53 2
50 2
57 2
53 2
50 2
45 2
53 2
50 2
45 2
41 2
72 14
65 7
65 4
62 6
72 2
59 4
56 4
72 14
65 2
62 2
57 2
53 2
62 2
57 2
53 2
50 2
57 2
53 2
50 2
45 2
53 2
50 2
45 2
41 2
72 14
57 4
60 2
57 2
60 4
57 4
59 4
55 4
50 4
59 4
53 4
57 2
53 2
57 4
53 4
55 4
57 4
59 4
55 4
57 4
60 2
57 2
60 4
57 4
59 4
55 4
50 4
59 4
53 4
57 2
53 2
57 4
53 4
55 4
57 4
59 4
55 4
72 14
65 2
62 2
57 2
53 2
62 2
57 2
53 2
50 2
57 2
53 2
50 2
45 2
53 2
50 2
45 2
41 2
72 14
65 7
65 4
62 6
72 2
59 4
56 4
72 14
65 2
62 2
57 2
53 2
62 2
57 2
53 2
50 2
57 2
53 2
50 2
45 2
53 2
50 2
45 2
41 2
72 14
57 4
60 2
57 2
60 4
57 4
59 4
55 4
50 4
59 4
53 4
57 2
53 2
57 4
53 4
55 4
57 4
59 4
55 4
57 4
60 2
57 2
60 4
57 4
59 4
55 4
50 4
59 4
53 4
57 2
53 2
57 4
53 4
55 4
57 4
59 4
55 4
72 14
65 2
62 2
57 2
53 2
62 2
57 2
53 2
50 2
57 2
53 2
50 2
45 2
53 2
50 2
45 2
E
S
L
72 12
16 2
16 2
16 4
72 4
4 12
9 2
72 2
9 4
16 2
72 2
16 4
14 2
72 2
14 4
16 2
72 2
16 4
9 2
72 2
9 4
16 2
72 2
16 4
14 2
72 2
14 4
16 2
72 2
16 4
14 2
72 2
14 4
21 2
72 2
21 4
17 2
72 2
17 4
21 2
72 2
21 4
14 2
72 2
14 4
21 2
72 2
21 4
17 2
72 2
17 4
21 2
72 2
21 4
7 2
72 2
7 4
14 2
72 2
14 4
11 2
72 2
11 4
14 2
72 2
14 4
7 2
72 2
7 4
14 2
72 2
14 4
11 2
72 2
11 4
14 2
72 2
14 4
12 2
72 2
12 4
19 2
72 2
19 4
16 2
72 2
16 4
19 2
72 2
19 4
11 2
72 2
11 4
17 2
72 2
17 4
16 2
72 2
16 4
11 2
72 2
11 4
9 2
72 2
9 4
16 2
72 2
16 4
14 2
72 2
14 4
16 2
72 2
16 4
9 2
72 2
9 4
16 2
72 2
16 4
14 2
72 2
14 4
16 2
72 2
16 4
14 2
72 2
14 4
21 2
72 2
21 4
17 2
72 2
17 4
21 2
72 2
21 4
14 2
72 2
14 4
21 2
72 2
21 4
17 2
72 2
17 4
21 2
72 2
21 4
11 2
72 2
11 4
17 2
72 2
17 4
14 2
72 2
14 4
17 2
72 2
17 4
16 2
72 2
16 4
23 2
72 2
23 4
20 2
72 2
20 4
23 2
72 2
23 4
9 2
72 2
9 4
16 2
72 2
16 4
12 2
72 2
12 4
16 2
72 2
16 4
9 2
72 2
9 4
16 2
72 2
16 4
14 2
72 2
14 4
16 2
72 2
16 4
9 9
9 4
7 9
7 4
5 9
5 4
7 9
7 4
9 9
9 4
7 9
7 4
5 9
5 4
7 9
7 4
9 2
72 2
9 4
16 2
72 2
16 4
14 2
72 2
14 4
16 2
72 2
16 4
9 2
72 2
9 4
16 2
72 2
16 4
14 2
72 2
14 4
16 2
72 2
16 4
14 2
72 2
14 4
21 2
72 2
21 4
17 2
72 2
17 4
21 2
72 2
21 4
14 2
72 2
14 4
21 2
72 2
21 4
17 2
72 2
17 4
21 2
72 2
21 4
7 2
72 2
7 4
14 2
72 2
14 4
11 2
72 2
11 4
14 2
72 2
14 4
7 2
72 2
7 4
14 2
72 2
14 4
11 2
72 2
11 4
14 2
72 2
14 4
12 2
72 2
12 4
19 2
72 2
19 4
16 2
72 2
16 4
19 2
72 2
19 4
11 2
72 2
11 4
17 2
72 2
17 4
16 2
72 2
16 4
11 2
72 2
11 4
9 2
72 2
9 4
16 2
72 2
16 4
14 2
72 2
14 4
16 2
72 2
16 4
9 2
72 2
9 4
16 2
72 2
16 4
14 2
72 2
14 4
16 2
72 2
16 4
14 2
72 2
14 4
21 2
72 2
21 4
17 2
72 2
17 4
21 2
72 2
21 4
14 2
72 2
14 4
21 2
72 2
21 4
17 2
72 2
17 4
21 2
72 2
21 4
11 2
72 2
11 4
17 2
72 2
17 4
14 2
72 2
14 4
17 2
72 2
17 4
16 2
72 2
16 4
23 2
72 2
23 4
20 2
72 2
20 4
23 2
72 2
23 4
9 2
72 2
9 4
16 2
72 2
16 4
12 2
72 2
12 4
16 2
72 2
16 4
9 2
72 2
9 4
16 2
72 2
16 4
14 2
72 2
14 4
16 2
72 2
16 4
9 9
9 4
7 9
7 4
5 9
5 4
7 9
7 4
9 9
9 4
7 9
7 4
5 9
5 4
7 9
7 4
9 2
72 2
9 4
16 2
72 2
16 4
14 2
72 2
14 4
16 2
72 2
16 4
9 2
72 2
9 4
16 2
72 2
16 4
14 2
72 2
14 4
16 2
72 2
16 4
14 2
72 2
14 4
21 2
72 2
21 4
17 2
72 2
17 4
21 2
72 2
21 4
14 2
72 2
14 4
21 2
72 2
21 4
17 2
72 2
17 4
21 2
72 2
21 4
E
S
L
72 12
16 2
16 2
16 2
72 6
12 2
72 6
12 2
72 6
12 2
72 6
12 2
72 6
12 2
72 6
12 2
72 6
12 2
72 6
12 2
72 6
12 2
72 6
12 2
72 6
12 2
72 6
12 2
72 6
12 2
72 6
12 2
72 6
12 2
72 6
12 2
72 6
12 2
72 6
12 2
72 6
12 2
72 6
12 2
72 6
12 2
72 6
12 2
72 6
12 2
72 6
12 2
72 6
12 2
72 6
12 2
72 6
12 2
72 6
12 2
72 6
12 2
72 6
12 2
72 6
12 2
72 6
12 2
72 6
12 2
72 6
12 2
72 6
12 2
72 6
12 2
72 6
12 2
72 6
12 2
72 6
12 2
72 6
12 2
72 6
12 2
72 6
12 2
72 6
12 2
72 6
12 2
72 6
12 2
72 6
12 2
72 6
12 2
72 6
12 2
72 6
12 2
72 6
12 2
72 6
12 2
72 6
12 2
72 6
12 2
72 6
12 2
72 6
12 2
72 6
12 2
72 6
12 2
72 6
12 2
72 6
12 2
72 6
12 2
72 6
12 2
72 6
12 2
72 6
12 2
72 6
12 2
72 6
12 2
72 6
12 2
72 6
12 2
72 6
12 2
72 10
12 2
72 10
12 2
72 10
12 2
72 10
12 2
72 10
12 2
72 10
12 2
72 6
12 2
72 6
12 7
12 7
12 2
72 6
12 2
72 6
12 2
72 6
12 2
72 6
12 2
72 6
12 2
72 6
12 2
72 6
12 2
72 6
12 2
72 6
12 2
72 6
12 2
72 6
12 2
72 6
12 2
72 6
12 2
72 6
12 2
72 6
12 2
72 6
12 2
72 6
12 2
72 6
12 2
72 6
12 2
72 6
12 2
72 6
12 2
72 6
12 2
72 6
12 2
72 6
12 2
72 6
12 2
72 6
12 2
72 6
12 2
72 6
12 2
72 6
12 2
72 6
12 2
72 6
12 2
72 6
12 2
72 6
12 2
72 6
12 2
72 6
12 2
72 6
12 2
72 6
12 2
72 6
12 2
72 6
12 2
72 6
12 2
72 6
12 2
72 6
12 2
72 6
12 2
72 6
12 2
72 6
12 2
72 6
12 2
72 6
12 2
72 6
12 2
72 6
12 2
72 6
12 2
72 6
12 2
72 6
12 2
72 6
12 2
72 6
12 2
72 6
12 2
72 6
12 2
72 6
12 2
72 6
12 2
72 6
12 2
72 6
12 2
72 6
12 2
72 6
12 2
72 6
12 2
72 6
12 2
72 10
12 2
72 10
12 2
72 10
12 2
72 10
12 2
72 10
12 2
72 10
12 2
72 6
12 2
72 6
12 7
12 7
12 2
72 6
12 2
72 6
12 2
72 6
12 2
72 6
12 2
72 6
12 2
72 6
12 2
72 6
12 2
72 6
12 2
72 6
12 2
72 6
12 2
72 6
12 2
72 6
12 2
72 6
12 2
72 6
12 2
72 6
12 2
E
X
