major
S
H
52 2
52 2
52 2
E
S
L
16 2
16 2
16 2
72 6
153 12
72 2
9 2
72 2
9 3
72 1
16 2
72 2
16 4
14 2
72 2
14 3
72 1
16 2
72 2
16 4
9 2
72 2
9 3
72 1
16 2
72 2
16 4
14 2
72 2
14 3
72 1
16 2
72 2
16 4
14 2
72 2
14 3
72 1
21 2
72 2
21 4
17 2
72 2
17 3
72 1
21 2
72 2
21 4
14 2
72 2
14 3
72 1
21 2
72 2
21 4
17 2
72 2
17 3
72 1
21 2
72 2
21 4
7 2
72 2
7 3
72 1
14 2
72 2
14 4
11 2
72 2
11 3
72 1
14 2
72 2
14 4
7 2
72 2
7 3
72 1
14 2
72 2
14 4
11 2
72 2
11 3
72 1
14 2
72 2
14 4
12 2
72 2
12 3
72 1
19 2
72 2
19 4
16 2
72 2
16 3
72 1
19 2
72 2
19 4
11 2
72 2
11 3
72 1
17 2
72 2
17 4
16 2
72 2
16 3
72 1
11 2
72 2
11 4
9 2
72 2
9 3
72 1
16 2
72 2
16 4
14 2
72 2
14 3
72 1
16 2
72 2
16 4
9 2
72 2
9 3
72 1
16 2
72 2
16 4
14 2
72 2
14 3
72 1
16 2
72 2
16 4
14 2
72 2
14 3
72 1
21 2
72 2
21 4
17 2
72 2
17 3
72 1
21 2
72 2
21 4
14 2
72 2
14 3
72 1
21 2
72 2
21 4
17 2
72 2
17 3
72 1
21 2
72 2
21 4
11 2
72 2
11 3
72 1
17 2
72 2
17 4
14 2
72 2
14 3
72 1
17 2
72 2
17 4
16 2
72 2
16 3
72 1
23 2
72 2
23 4
20 2
72 2
20 3
72 1
23 2
72 2
23 4
9 2
72 2
9 3
72 1
16 2
72 2
16 4
12 2
72 2
12 3
72 1
16 2
72 2
16 4
9 2
72 2
9 3
72 1
16 2
72 2
16 4
14 2
72 2
14 3
72 1
16 2
72 2
16 4
9 9
9 4
7 9
7 4
5 9
5 4
7 9
7 4
9 9
9 4
7 9
7 4
5 9
5 4
7 7
7 4
7 4
9 2
72 2
9 3
72 1
16 2
72 2
16 4
14 2
72 2
14 3
72 1
16 2
72 2
16 4
9 2
72 2
9 3
72 1
16 2
72 2
16 4
14 2
72 2
14 3
72 1
16 2
72 2
16 4
14 2
72 2
14 3
72 1
21 2
72 2
21 4
17 2
72 2
17 3
72 1
21 2
72 2
21 4
14 2
72 2
14 3
72 1
21 2
72 2
21 4
17 2
72 2
17 3
72 1
21 2
72 2
21 4
7 2
72 2
7 3
72 1
14 2
72 2
14 4
11 2
72 2
11 3
72 1
14 2
72 2
14 4
7 2
72 2
7 3
72 1
14 2
72 2
14 4
11 2
72 2
11 3
72 1
14 2
72 2
14 4
12 2
72 2
12 3
72 1
19 2
72 2
19 4
16 2
72 2
16 3
72 1
19 2
72 2
19 4
11 2
72 2
11 3
72 1
17 2
72 2
17 4
16 2
72 2
16 3
72 1
11 2
72 2
11 4
9 2
72 2
9 3
72 1
16 2
72 2
16 4
14 2
72 2
14 3
72 1
16 2
72 2
16 4
9 2
72 2
9 3
72 1
16 2
72 2
16 4
14 2
72 2
14 3
72 1
16 2
72 2
16 4
14 2
72 2
14 3
72 1
21 2
72 2
21 4
17 2
72 2
17 3
72 1
21 2
72 2
21 4
14 2
72 2
14 3
72 1
21 2
72 2
21 4
17 2
72 2
17 3
72 1
21 2
72 2
21 4
11 2
72 2
11 3
72 1
17 2
72 2
17 4
14 2
72 2
14 3
72 1
17 2
72 2
17 4
16 2
72 2
16 3
72 1
23 2
72 2
23 4
20 2
72 2
20 3
72 1
23 2
72 2
23 4
9 2
72 2
9 3
72 1
16 2
72 2
16 4
12 2
72 2
12 3
72 1
16 2
72 2
16 4
9 2
72 2
9 3
72 1
16 2
72 2
16 4
14 2
72 2
14 3
72 1
16 2
72 2
16 4
9 9
9 4
7 9
7 4
5 9
5 4
7 9
7 4
9 9
9 4
7 9
7 4
5 9
5 4
7 7
7 4
7 4
9 2
72 2
9 3
72 1
16 2
72 2
16 4
14 2
72 2
14 3
72 1
16 2
72 2
16 4
9 2
72 2
9 3
72 1
16 2
72 2
16 4
14 2
72 2
14 3
72 1
16 2
72 2
16 4
14 2
72 2
14 3
72 1
21 2
72 2
21 4
17 2
72 2
17 3
72 1
21 2
72 2
21 4
14 2
72 2
14 3
72 1
21 2
72 2
21 4
17 2
72 2
17 3
72 1
21 2
72 2
21 4
7 2
72 2
7 3
72 1
14 2
72 2
14 4
11 2
72 2
11 3
72 1
14 2
72 2
14 4
7 2
72 2
7 3
72 1
14 2
72 2
14 4
11 2
72 2
11 3
72 1
14 2
72 2
14 4
12 2
72 2
12 3
72 1
19 2
72 2
19 4
16 2
72 2
16 3
72 1
19 2
72 2
19 4
11 2
72 2
11 3
72 1
17 2
72 2
17 4
16 2
72 2
16 3
72 1
11 2
72 2
11 4
9 2
72 2
9 3
72 1
16 2
72 2
16 4
14 2
72 2
14 3
72 1
16 2
72 2
16 4
9 2
72 2
9 3
72 1
16 2
72 2
16 4
14 2
72 2
14 3
72 1
16 2
72 2
16 4
14 2
72 2
14 3
72 1
21 2
72 2
21 4
17 2
72 2
17 3
72 1
21 2
72 2
21 4
14 2
72 2
14 3
72 1
21 2
72 2
21 4
17 2
72 2
17 3
72 1
21 2
72 2
21 4
11 2
72 2
11 3
72 1
17 2
72 2
17 4
14 2
72 2
14 3
72 1
17 2
72 2
17 4
16 2
72 2
16 3
72 1
23 2
72 2
23 4
20 2
72 2
20 3
72 1
23 2
72 2
23 4
9 2
72 2
9 3
72 1
16 2
72 2
16 4
12 2
72 2
12 3
72 1
16 2
72 2
16 4
9 2
72 2
9 3
72 1
16 2
72 2
16 4
14 2
72 2
14 3
72 1
16 2
72 2
16 4
9 9
9 4
7 9
7 4
5 9
5 4
7 9
7 4
9 9
9 4
7 9
7 4
5 9
5 4
7 7
7 4
7 4
9 2
72 2
9 3
72 1
16 2
72 2
16 4
14 2
72 2
14 3
72 1
16 2
72 2
16 4
9 2
72 2
9 3
72 1
16 2
72 2
16 4
14 2
72 2
14 3
72 1
16 2
72 2
16 4
14 2
72 2
14 3
72 1
21 2
72 2
21 4
17 2
72 2
17 3
72 1
21 2
72 2
21 4
14 2
72 2
14 3
72 1
21 2
72 2
21 4
17 2
72 2
17 3
72 1
21 2
72 2
21 4
7 2
72 2
7 3
72 1
14 2
72 2
14 4
11 2
72 2
11 3
72 1
14 2
72 2
14 4
7 2
72 2
7 3
72 1
14 2
72 2
14 4
11 2
72 2
11 3
72 1
14 2
72 2
14 4
12 2
72 2
12 3
72 1
19 2
72 2
19 4
16 2
72 2
16 3
72 1
19 2
72 2
19 4
11 2
72 2
11 3
72 1
17 2
72 2
17 4
16 2
72 2
16 3
72 1
11 2
72 2
11 4
9 2
72 2
9 3
72 1
16 2
72 2
16 4
14 2
72 2
14 3
72 1
16 2
72 2
16 4
9 2
72 2
9 3
72 1
16 2
72 2
16 4
14 2
72 2
14 3
72 1
16 2
72 2
16 4
14 2
72 2
14 3
72 1
21 2
72 2
21 4
17 2
72 2
17 3
72 1
21 2
72 2
21 4
14 2
72 2
14 3
72 1
21 2
72 2
21 4
17 2
72 2
17 3
72 1
21 2
72 2
21 4
11 2
72 2
11 3
72 1
17 2
72 2
17 4
14 2
72 2
14 3
72 1
17 2
72 2
17 4
16 2
72 2
16 3
72 1
23 2
72 2
23 4
20 2
72 2
20 3
72 1
23 2
72 2
23 4
9 2
72 2
9 3
72 1
16 2
72 2
16 4
12 2
72 2
12 3
72 1
16 2
72 2
16 4
9 2
72 2
9 3
72 1
16 2
72 2
16 4
14 2
72 2
14 3
72 1
16 2
72 2
16 4
9 9
9 4
7 9
7 4
5 9
5 4
7 9
7 4
9 9
9 4
7 9
7 4
5 9
5 4
7 7
7 4
7 4
9 2
72 2
9 3
72 1
16 2
72 2
16 4
14 2
72 2
14 3
72 1
16 2
72 2
16 4
9 2
72 2
9 3
72 1
16 2
72 2
16 4
14 2
72 2
14 3
72 1
16 2
72 2
16 4
14 2
72 2
14 3
72 1
21 2
72 2
21 4
17 2
72 2
17 3
72 1
21 2
72 2
21 4
14 2
72 2
14 3
72 1
21 2
72 2
21 4
17 2
72 2
17 3
72 1
21 2
72 2
21 4
7 2
72 2
7 3
72 1
14 2
72 2
14 4
11 2
72 2
11 3
72 1
14 2
72 2
14 4
7 2
72 2
7 3
72 1
14 2
72 2
14 4
11 2
72 2
11 3
72 1
14 2
72 2
14 4
12 2
72 2
12 3
72 1
19 2
72 2
19 4
16 2
72 2
16 3
72 1
19 2
72 2
19 4
11 2
72 2
11 3
72 1
17 2
72 2
17 4
16 2
72 2
16 3
72 1
11 2
72 2
11 4
9 2
72 2
9 3
72 1
16 2
72 2
16 4
14 2
72 2
14 3
72 1
16 2
72 2
16 4
9 2
72 2
9 3
72 1
16 2
72 2
16 4
14 2
72 2
14 3
72 1
16 2
72 2
16 4
14 2
72 2
14 3
72 1
21 2
72 2
21 4
17 2
72 2
17 3
72 1
21 2
72 2
21 4
14 2
72 2
14 3
72 1
21 2
72 2
21 4
17 2
72 2
17 3
72 1
21 2
72 2
21 4
11 2
72 2
11 3
72 1
17 2
72 2
17 4
14 2
72 2
14 3
72 1
17 2
72 2
17 4
16 2
72 2
16 3
72 1
23 2
72 2
23 4
20 2
72 2
20 3
72 1
23 2
72 2
23 4
9 2
72 2
9 3
72 1
16 2
72 2
16 4
12 2
72 2
12 3
72 1
16 2
72 2
16 4
9 2
72 2
9 3
72 1
16 2
72 2
16 4
14 2
72 2
14 3
72 1
16 2
72 2
16 4
9 9
9 4
7 9
7 4
5 9
5 4
7 9
7 4
9 9
9 4
7 9
7 4
5 9
5 4
7 7
7 4
7 4
9 2
72 2
9 3
72 1
16 2
72 2
16 4
14 2
72 2
14 3
72 1
16 2
72 2
16 4
9 2
72 2
9 3
72 1
16 2
72 2
16 4
14 2
72 2
14 3
72 1
16 2
72 2
16 4
14 2
72 2
14 3
72 1
21 2
72 2
21 4
17 2
72 2
17 3
72 1
21 2
72 2
21 4
14 2
72 2
14 3
72 1
21 2
72 2
21 4
17 2
72 2
17 3
72 1
21 2
72 2
21 4
7 2
72 2
7 3
72 1
14 2
72 2
14 4
11 2
72 2
11 3
72 1
14 2
72 2
14 4
7 2
72 2
7 3
72 1
14 2
72 2
14 4
11 2
72 2
11 3
72 1
14 2
72 2
14 4
12 2
72 2
12 3
72 1
19 2
72 2
19 4
16 2
72 2
16 3
72 1
19 2
72 2
19 4
11 2
72 2
11 3
72 1
17 2
72 2
17 4
16 2
72 2
16 3
72 1
11 2
72 2
11 4
9 2
72 2
9 3
72 1
16 2
72 2
16 4
14 2
72 2
14 3
72 1
16 2
72 2
16 4
9 2
72 2
9 3
72 1
16 2
72 2
16 4
14 2
72 2
14 3
72 1
16 2
72 2
16 4
14 2
72 2
14 3
72 1
21 2
72 2
21 4
17 2
72 2
17 3
72 1
21 2
72 2
21 4
14 2
72 2
14 3
72 1
21 2
72 2
21 4
17 2
72 2
17 3
72 1
21 2
72 2
21 4
11 2
72 2
11 3
72 1
17 2
72 2
17 4
14 2
72 2
14 3
72 1
17 2
72 2
17 4
16 2
72 2
16 3
72 1
23 2
72 2
23 4
20 2
72 2
20 3
72 1
23 2
72 2
23 4
9 2
72 2
9 3
72 1
16 2
72 2
16 4
12 2
72 2
12 3
72 1
16 2
72 2
16 4
9 2
72 2
9 3
72 1
16 2
72 2
16 4
14 2
72 2
14 3
72 1
16 2
72 2
16 4
9 9
9 4
7 9
7 4
5 9
5 4
7 9
7 4
9 9
9 4
7 9
7 4
5 9
5 4
7 7
7 4
7 4
9 2
72 2
9 3
72 1
16 2
72 2
16 4
14 2
72 2
14 3
72 1
16 2
72 2
16 4
9 2
72 2
9 3
72 1
16 2
72 2
16 4
14 2
72 2
14 3
72 1
16 2
72 2
16 4
14 2
72 2
14 3
72 1
21 2
72 2
21 4
17 2
72 2
17 3
72 1
21 2
72 2
21 4
14 2
72 2
14 3
72 1
21 2
72 2
21 4
17 2
72 2
17 3
72 1
21 2
72 2
21 4
7 2
72 2
7 3
72 1
14 2
72 2
14 4
11 2
72 2
11 3
72 1
14 2
72 2
14 4
7 2
72 2
7 3
72 1
14 2
72 2
14 4
11 2
72 2
11 3
72 1
14 2
72 2
14 4
12 2
72 2
12 3
72 1
19 2
72 2
19 4
16 2
72 2
16 3
72 1
19 2
72 2
19 4
11 2
72 2
11 3
72 1
17 2
72 2
17 4
16 2
72 2
16 3
72 1
11 2
72 2
11 4
E
S
H
72 11
35 7
38 7
47 4
72 4
47 9
72 4
47 9
72 4
47 11
38 7
43 14
72 2
45 4
72 4
45 9
72 4
45 9
72 4
45 12
72 2
41 13
72 2
35 7
38 7
47 4
72 4
47 9
72 4
47 9
72 4
47 11
38 7
43 14
72 2
45 14
72 3
47 14
72 14
35 7
38 7
47 4
72 4
47 9
72 4
47 9
72 4
47 11
38 7
43 14
72 2
45 4
72 4
45 9
72 4
45 9
72 4
45 12
72 2
41 13
72 2
35 7
38 7
47 4
72 4
47 9
72 4
47 9
72 4
47 11
38 7
43 14
72 2
45 14
72 3
47 14
72 14
35 7
38 7
47 4
72 4
47 9
72 4
47 9
72 4
47 11
38 7
43 14
72 2
45 4
72 4
45 9
72 4
45 9
72 4
45 12
72 2
41 13
72 2
35 7
38 7
47 4
72 4
47 9
72 4
47 9
72 4
47 11
38 7
43 14
72 2
45 14
72 3
47 14
72 14
35 7
38 7
47 4
72 4
47 9
72 4
47 9
72 4
47 11
38 7
43 14
72 2
45 4
72 4
45 9
72 4
45 9
72 4
45 12
72 2
41 13
72 2
35 7
38 7
47 4
72 4
47 9
72 4
47 9
72 4
47 11
38 7
43 14
72 2
45 14
72 3
47 14
72 14
35 7
38 7
47 4
72 4
47 9
72 4
47 9
72 4
47 11
38 7
43 14
72 2
45 4
72 4
45 9
72 4
45 9
72 4
45 12
72 2
41 13
72 2
35 7
38 7
47 4
72 4
47 9
72 4
47 9
72 4
47 11
38 7
43 14
72 2
45 14
72 3
47 14
72 14
35 7
38 7
47 4
72 4
47 9
72 4
47 9
72 4
47 11
38 7
43 14
72 2
45 4
72 4
45 9
72 4
45 9
72 4
45 12
72 2
41 13
72 2
35 7
38 7
47 4
72 4
47 9
72 4
47 9
72 4
47 11
38 7
43 14
72 2
45 14
72 3
47 14
E
S
H
72 12
35 7
38 7
47 4
72 4
47 9
72 4
47 9
72 4
47 11
38 7
43 14
72 2
45 4
72 4
45 9
72 4
45 9
72 4
45 12
72 2
41 13
72 2
35 7
38 7
47 4
72 4
47 9
72 4
47 9
72 4
47 11
38 7
43 14
72 2
45 14
72 3
47 14
72 14
35 7
38 2
38 6
47 4
72 4
47 9
72 4
47 9
72 4
47 11
38 7
43 14
72 2
45 4
72 4
45 9
72 4
45 9
72 4
45 12
72 2
41 13
72 2
35 7
38 7
47 4
72 4
47 9
72 4
47 9
72 4
47 11
38 7
43 14
72 2
45 14
72 3
47 14
72 14
35 7
38 2
38 6
47 4
72 4
47 9
72 4
47 9
72 4
47 11
38 7
43 14
72 2
45 4
72 4
45 9
72 4
45 9
72 4
45 12
72 2
41 13
72 2
35 7
38 7
47 4
72 4
47 9
72 4
47 9
72 4
47 11
38 7
43 14
72 2
45 14
72 3
47 14
72 14
35 7
38 2
38 6
47 4
72 4
47 9
72 4
47 9
72 4
47 11
38 7
43 14
72 2
45 4
72 4
45 9
72 4
45 9
72 4
45 12
72 2
41 13
72 2
35 7
38 7
47 4
72 4
47 9
72 4
47 9
72 4
47 11
38 7
43 14
72 2
45 14
72 3
47 14
72 14
35 7
38 2
38 6
47 4
72 4
47 9
72 4
47 9
72 4
47 11
38 7
43 14
72 2
45 4
72 4
45 9
72 4
45 9
72 4
45 12
72 2
41 13
72 2
35 7
38 7
47 4
72 4
47 9
72 4
47 9
72 4
47 11
38 7
43 14
72 2
45 14
72 3
47 14
72 14
35 7
38 2
38 6
47 4
72 4
47 9
72 4
47 9
72 4
47 11
38 7
43 14
72 2
45 4
72 4
45 9
72 4
45 9
72 4
45 12
72 2
41 13
72 2
35 7
38 7
47 4
72 4
47 9
72 4
47 9
72 4
47 11
38 7
43 14
72 2
45 14
72 3
47 14
E
S
H
40 2
40 2
40 2
72 6
153 12
E
S
H
72 11
35 7
38 7
47 4
72 4
47 9
72 4
47 9
72 4
47 11
38 7
43 14
72 2
45 4
72 4
45 9
72 4
45 9
72 4
45 12
72 2
41 13
72 2
35 7
38 7
47 4
72 4
47 9
72 4
47 9
72 4
47 11
38 7
43 14
72 2
45 14
72 3
47 14
72 14
35 7
38 7
47 4
72 4
47 9
72 4
47 9
72 4
47 11
38 7
43 14
72 2
45 4
72 4
45 9
72 4
45 9
72 4
45 12
72 2
41 13
72 2
35 7
38 7
47 4
72 4
47 9
72 4
47 9
72 4
47 11
38 7
43 14
72 2
45 14
72 3
47 14
72 14
35 7
38 7
47 4
72 4
47 9
72 4
47 9
72 4
47 11
38 7
43 14
72 2
45 4
72 4
45 9
72 4
45 9
72 4
45 12
72 2
41 13
72 2
35 7
38 7
47 4
72 4
47 9
72 4
47 9
72 4
47 11
38 7
43 14
72 2
45 14
72 3
47 14
72 14
35 7
38 7
47 4
72 4
47 9
72 4
47 9
72 4
47 11
38 7
43 14
72 2
45 4
72 4
45 9
72 4
45 9
72 4
45 12
72 2
41 13
72 2
35 7
38 7
47 4
72 4
47 9
72 4
47 9
72 4
47 11
38 7
43 14
72 2
45 14
72 3
47 14
72 14
35 7
38 7
47 4
72 4
47 9
72 4
47 9
72 4
47 11
38 7
43 14
72 2
45 4
72 4
45 9
72 4
45 9
72 4
45 12
72 2
41 13
72 2
35 7
38 7
47 4
72 4
47 9
72 4
47 9
72 4
47 11
38 7
43 14
72 2
45 14
72 3
47 14
72 14
35 7
38 7
47 4
72 4
47 9
72 4
47 9
72 4
47 11
38 7
43 14
72 2
45 4
72 4
45 9
72 4
45 9
72 4
45 12
72 2
41 13
72 2
35 7
38 7
47 4
72 4
47 9
72 4
47 9
72 4
47 11
38 7
43 14
72 2
45 14
72 3
47 14
E
S
L
1020 2
1308 2
186 2
72 6
1757 2
18 2
243 2
18 2
1757 2
18 2
243 2
18 2
1757 2
18 2
243 2
18 2
317 2
18 2
675 2
119 2
1757 2
107 2
243 2
107 2
1757 2
18 2
243 2
18 2
1757 2
155 2
387 2
143 2
1757 2
131 2
675 2
119 2
1757 2
143 2
243 2
18 2
1757 2
18 2
243 2
18 2
1757 2
155 2
243 2
155 2
1757 2
18 2
675 2
119 2
1757 2
107 2
243 2
107 2
1757 2
18 2
243 2
18 2
1757 2
155 2
387 2
143 2
1757 2
131 2
675 2
119 2
1757 2
143 2
243 2
18 2
1757 2
18 2
243 2
18 2
1757 2
155 2
243 2
155 2
1757 2
18 2
675 2
119 2
1757 2
107 2
243 2
107 2
1757 2
18 2
243 2
18 2
1757 2
155 2
387 2
143 2
1757 2
131 2
675 2
119 2
1757 2
143 2
243 2
18 2
1757 2
18 2
243 2
18 2
1757 2
155 2
243 2
155 2
1757 2
18 2
675 2
119 2
1757 2
107 2
243 2
107 2
1757 2
18 2
243 2
18 2
1757 2
155 2
387 2
143 2
1757 2
131 2
675 2
119 2
1757 2
143 2
243 2
18 2
1757 2
18 2
243 2
18 2
1757 2
155 2
243 2
155 2
317 2
203 2
675 2
1415 2
1757 2
1403 2
1395 2
1403 2
1757 2
215 2
243 2
203 2
1757 2
1307 2
387 2
1295 2
1757 2
1427 2
675 2
1271 2
1757 2
1295 2
1539 2
203 2
1757 2
215 2
243 2
215 2
1757 2
1307 2
1539 2
1307 2
1757 2
203 2
675 2
1415 2
1757 2
1403 2
1395 2
1403 2
1757 2
215 2
243 2
203 2
1757 2
1307 2
387 2
1295 2
1757 2
1427 2
675 2
1271 2
1757 2
1295 2
1539 2
203 2
1757 2
215 2
243 2
215 2
1757 2
1307 2
1539 2
1307 2
1757 2
203 2
675 2
1415 2
1757 2
1403 2
1395 2
1403 2
1757 2
215 2
243 2
203 2
1757 2
1307 2
387 2
1295 2
1757 2
1427 2
675 2
1271 2
1757 2
1295 2
1539 2
203 2
1757 2
215 2
243 2
215 2
1757 2
1307 2
1539 2
1307 2
1757 2
203 2
675 2
1415 2
1757 2
1403 2
1395 2
1403 2
1757 2
215 2
243 2
203 2
1757 2
1307 2
387 2
1295 2
1757 2
1427 2
675 2
1271 2
1757 2
1295 2
1539 2
203 2
1757 2
215 2
243 2
215 2
1757 2
815 2
1814 2
767 2
1458 2
72 2
1731 2
1727 2
1748 2
72 2
1731 2
1727 2
1748 2
72 2
1731 2
1727 2
1748 2
72 2
1731 2
1727 2
1748 2
72 2
1731 2
1727 2
1748 2
72 2
1731 2
1727 2
1748 2
72 2
1731 2
1727 2
1748 2
72 2
1731 2
1727 2
1748 2
72 2
1731 2
1727 2
1748 2
72 2
1731 2
1727 2
1748 2
72 2
1731 2
1727 2
1748 2
72 2
1731 2
1727 2
1748 2
72 2
1731 2
1727 2
1748 2
72 2
1731 2
1727 2
1748 2
72 2
1731 2
1727 2
864 2
72 2
1731 2
1727 2
317 2
18 2
675 2
119 2
1757 2
107 2
243 2
107 2
1757 2
18 2
243 2
18 2
1757 2
155 2
387 2
143 2
1757 2
131 2
675 2
119 2
1757 2
143 2
243 2
18 2
1757 2
18 2
243 2
18 2
1757 2
155 2
243 2
155 2
1757 2
18 2
675 2
119 2
1757 2
107 2
243 2
107 2
1757 2
18 2
243 2
18 2
1757 2
155 2
387 2
143 2
1757 2
131 2
675 2
119 2
1757 2
143 2
243 2
18 2
1757 2
18 2
243 2
18 2
1757 2
155 2
243 2
155 2
1757 2
18 2
675 2
119 2
1757 2
107 2
243 2
107 2
1757 2
18 2
243 2
18 2
1757 2
155 2
387 2
143 2
1757 2
131 2
675 2
119 2
1757 2
143 2
243 2
18 2
1757 2
18 2
243 2
18 2
1757 2
155 2
243 2
155 2
1757 2
18 2
675 2
119 2
1757 2
107 2
243 2
107 2
1757 2
18 2
243 2
18 2
1757 2
155 2
387 2
143 2
1757 2
131 2
675 2
119 2
1757 2
143 2
243 2
18 2
1757 2
18 2
243 2
18 2
1757 2
155 2
243 2
155 2
317 2
203 2
675 2
1415 2
1757 2
1403 2
1395 2
1403 2
1757 2
215 2
243 2
203 2
1757 2
1307 2
387 2
1295 2
1757 2
1427 2
675 2
1271 2
1757 2
1295 2
1539 2
203 2
1757 2
215 2
243 2
215 2
1757 2
1307 2
1539 2
1307 2
1757 2
203 2
675 2
1415 2
1757 2
1403 2
1395 2
1403 2
1757 2
215 2
243 2
203 2
1757 2
1307 2
387 2
1295 2
1757 2
1427 2
675 2
1271 2
1757 2
1295 2
1539 2
203 2
1757 2
215 2
243 2
215 2
1757 2
1307 2
1539 2
1307 2
1757 2
203 2
675 2
1415 2
1757 2
1403 2
1395 2
1403 2
1757 2
215 2
243 2
203 2
1757 2
1307 2
387 2
1295 2
1757 2
1427 2
675 2
1271 2
1757 2
1295 2
1539 2
203 2
1757 2
215 2
243 2
215 2
1757 2
1307 2
1539 2
1307 2
1757 2
203 2
675 2
1415 2
1757 2
1403 2
1395 2
1403 2
1757 2
215 2
243 2
203 2
1757 2
1307 2
387 2
1295 2
1757 2
1427 2
675 2
1271 2
1757 2
1295 2
1539 2
203 2
1757 2
215 2
243 2
215 2
1757 2
815 2
1814 2
767 2
1458 2
72 2
1731 2
1727 2
1748 2
72 2
1731 2
1727 2
1748 2
72 2
1731 2
1727 2
1748 2
72 2
1731 2
1727 2
1748 2
72 2
1731 2
1727 2
1748 2
72 2
1731 2
1727 2
1748 2
72 2
1731 2
1727 2
1748 2
72 2
1731 2
1727 2
1748 2
72 2
1731 2
1727 2
1748 2
72 2
1731 2
1727 2
1748 2
72 2
1731 2
1727 2
1748 2
72 2
1731 2
1727 2
1748 2
72 2
1731 2
1727 2
1748 2
72 2
1731 2
1727 2
1748 2
72 2
1731 2
1727 2
864 2
72 2
1731 2
1727 2
317 2
18 2
675 2
119 2
1757 2
107 2
243 2
107 2
1757 2
18 2
243 2
18 2
1757 2
155 2
387 2
143 2
1757 2
131 2
675 2
119 2
1757 2
143 2
243 2
18 2
1757 2
18 2
243 2
18 2
1757 2
155 2
243 2
155 2
1757 2
18 2
675 2
119 2
1757 2
107 2
243 2
107 2
1757 2
18 2
243 2
18 2
1757 2
155 2
387 2
143 2
1757 2
131 2
675 2
119 2
1757 2
143 2
243 2
18 2
1757 2
18 2
243 2
18 2
1757 2
155 2
243 2
155 2
1757 2
18 2
675 2
119 2
1757 2
107 2
243 2
107 2
1757 2
18 2
243 2
18 2
1757 2
155 2
387 2
143 2
1757 2
131 2
675 2
119 2
1757 2
143 2
243 2
18 2
1757 2
18 2
243 2
18 2
1757 2
155 2
243 2
155 2
1757 2
18 2
675 2
119 2
1757 2
107 2
243 2
107 2
1757 2
18 2
243 2
18 2
1757 2
155 2
387 2
143 2
1757 2
131 2
675 2
119 2
1757 2
143 2
243 2
18 2
1757 2
18 2
243 2
18 2
1757 2
155 2
243 2
155 2
317 2
203 2
675 2
1415 2
1757 2
1403 2
1395 2
1403 2
1757 2
215 2
243 2
203 2
1757 2
1307 2
387 2
1295 2
1757 2
1427 2
675 2
1271 2
1757 2
1295 2
1539 2
203 2
1757 2
215 2
243 2
215 2
1757 2
1307 2
1539 2
1307 2
1757 2
203 2
675 2
1415 2
1757 2
1403 2
1395 2
1403 2
1757 2
215 2
243 2
203 2
1757 2
1307 2
387 2
1295 2
1757 2
1427 2
675 2
1271 2
1757 2
1295 2
1539 2
203 2
1757 2
215 2
243 2
215 2
1757 2
1307 2
1539 2
1307 2
1757 2
203 2
675 2
1415 2
1757 2
1403 2
1395 2
1403 2
1757 2
215 2
243 2
203 2
1757 2
1307 2
387 2
1295 2
1757 2
1427 2
675 2
1271 2
1757 2
1295 2
1539 2
203 2
1757 2
215 2
243 2
215 2
1757 2
1307 2
1539 2
1307 2
1757 2
203 2
675 2
1415 2
1757 2
1403 2
1395 2
1403 2
1757 2
215 2
243 2
203 2
1757 2
1307 2
387 2
1295 2
1757 2
1427 2
675 2
1271 2
1757 2
1295 2
1539 2
203 2
1757 2
215 2
243 2
215 2
1757 2
815 2
1814 2
767 2
1458 2
72 2
1731 2
1727 2
1748 2
72 2
1731 2
1727 2
1748 2
72 2
1731 2
1727 2
1748 2
72 2
1731 2
1727 2
1748 2
72 2
1731 2
1727 2
1748 2
72 2
1731 2
1727 2
1748 2
72 2
1731 2
1727 2
1748 2
72 2
1731 2
1727 2
1748 2
72 2
1731 2
1727 2
1748 2
72 2
1731 2
1727 2
1748 2
72 2
1731 2
1727 2
1748 2
72 2
1731 2
1727 2
1748 2
72 2
1731 2
1727 2
1748 2
72 2
1731 2
1727 2
1748 2
72 2
1731 2
1727 2
864 2
72 2
1731 2
1727 2
317 2
18 2
675 2
119 2
1757 2
107 2
243 2
107 2
1757 2
18 2
243 2
18 2
1757 2
155 2
387 2
143 2
1757 2
131 2
675 2
119 2
1757 2
143 2
243 2
18 2
1757 2
18 2
243 2
18 2
1757 2
155 2
243 2
155 2
1757 2
18 2
675 2
119 2
1757 2
107 2
243 2
107 2
1757 2
18 2
243 2
18 2
1757 2
155 2
387 2
143 2
1757 2
131 2
675 2
119 2
1757 2
143 2
243 2
18 2
1757 2
18 2
243 2
18 2
1757 2
155 2
243 2
155 2
1757 2
18 2
675 2
119 2
1757 2
107 2
243 2
107 2
1757 2
18 2
243 2
18 2
1757 2
155 2
387 2
143 2
1757 2
131 2
675 2
119 2
1757 2
143 2
243 2
18 2
1757 2
18 2
243 2
18 2
1757 2
155 2
243 2
155 2
1757 2
18 2
675 2
119 2
1757 2
107 2
243 2
107 2
1757 2
18 2
243 2
18 2
1757 2
155 2
387 2
143 2
1757 2
131 2
675 2
119 2
1757 2
143 2
243 2
18 2
1757 2
18 2
243 2
18 2
1757 2
155 2
243 2
155 2
317 2
203 2
675 2
1415 2
1757 2
1403 2
1395 2
1403 2
1757 2
215 2
243 2
203 2
1757 2
1307 2
387 2
1295 2
1757 2
1427 2
675 2
1271 2
1757 2
1295 2
1539 2
203 2
1757 2
215 2
243 2
215 2
1757 2
1307 2
1539 2
1307 2
1757 2
203 2
675 2
1415 2
1757 2
1403 2
1395 2
1403 2
1757 2
215 2
243 2
203 2
1757 2
1307 2
387 2
1295 2
1757 2
1427 2
675 2
1271 2
1757 2
1295 2
1539 2
203 2
1757 2
215 2
243 2
215 2
1757 2
1307 2
1539 2
1307 2
1757 2
203 2
675 2
1415 2
1757 2
1403 2
1395 2
1403 2
1757 2
215 2
243 2
203 2
1757 2
1307 2
387 2
1295 2
1757 2
1427 2
675 2
1271 2
1757 2
1295 2
1539 2
203 2
1757 2
215 2
243 2
215 2
1757 2
1307 2
1539 2
1307 2
1757 2
203 2
675 2
1415 2
1757 2
1403 2
1395 2
1403 2
1757 2
215 2
243 2
203 2
1757 2
1307 2
387 2
1295 2
1757 2
1427 2
675 2
1271 2
1757 2
1295 2
1539 2
203 2
1757 2
215 2
243 2
215 2
1757 2
815 2
1814 2
767 2
1458 2
72 2
1731 2
1727 2
1748 2
72 2
1731 2
1727 2
1748 2
72 2
1731 2
1727 2
1748 2
72 2
1731 2
1727 2
1748 2
72 2
1731 2
1727 2
1748 2
72 2
1731 2
1727 2
1748 2
72 2
1731 2
1727 2
1748 2
72 2
1731 2
1727 2
1748 2
72 2
1731 2
1727 2
1748 2
72 2
1731 2
1727 2
1748 2
72 2
1731 2
1727 2
1748 2
72 2
1731 2
1727 2
1748 2
72 2
1731 2
1727 2
1748 2
72 2
1731 2
1727 2
1748 2
72 2
1731 2
1727 2
864 2
72 2
1731 2
1727 2
317 2
18 2
675 2
119 2
1757 2
107 2
243 2
107 2
1757 2
18 2
243 2
18 2
1757 2
155 2
387 2
143 2
1757 2
131 2
675 2
119 2
1757 2
143 2
243 2
18 2
1757 2
18 2
243 2
18 2
1757 2
155 2
243 2
155 2
1757 2
18 2
675 2
119 2
1757 2
107 2
243 2
107 2
1757 2
18 2
243 2
18 2
1757 2
155 2
387 2
143 2
1757 2
131 2
675 2
119 2
1757 2
143 2
243 2
18 2
1757 2
18 2
243 2
18 2
1757 2
155 2
243 2
155 2
1757 2
18 2
675 2
119 2
1757 2
107 2
243 2
107 2
1757 2
18 2
243 2
18 2
1757 2
155 2
387 2
143 2
1757 2
131 2
675 2
119 2
1757 2
143 2
243 2
18 2
1757 2
18 2
243 2
18 2
1757 2
155 2
243 2
155 2
1757 2
18 2
675 2
119 2
1757 2
107 2
243 2
107 2
1757 2
18 2
243 2
18 2
1757 2
155 2
387 2
143 2
1757 2
131 2
675 2
119 2
1757 2
143 2
243 2
18 2
1757 2
18 2
243 2
18 2
1757 2
155 2
243 2
155 2
317 2
203 2
675 2
1415 2
1757 2
1403 2
1395 2
1403 2
1757 2
215 2
243 2
203 2
1757 2
1307 2
387 2
1295 2
1757 2
1427 2
675 2
1271 2
1757 2
1295 2
1539 2
203 2
1757 2
215 2
243 2
215 2
1757 2
1307 2
1539 2
1307 2
1757 2
203 2
675 2
1415 2
1757 2
1403 2
1395 2
1403 2
1757 2
215 2
243 2
203 2
1757 2
1307 2
387 2
1295 2
1757 2
1427 2
675 2
1271 2
1757 2
1295 2
1539 2
203 2
1757 2
215 2
243 2
215 2
1757 2
1307 2
1539 2
1307 2
1757 2
203 2
675 2
1415 2
1757 2
1403 2
1395 2
1403 2
1757 2
215 2
243 2
203 2
1757 2
1307 2
387 2
1295 2
1757 2
1427 2
675 2
1271 2
1757 2
1295 2
1539 2
203 2
1757 2
215 2
243 2
215 2
1757 2
1307 2
1539 2
1307 2
1757 2
203 2
675 2
1415 2
1757 2
1403 2
1395 2
1403 2
1757 2
215 2
243 2
203 2
1757 2
1307 2
387 2
1295 2
1757 2
1427 2
675 2
1271 2
1757 2
1295 2
1539 2
203 2
1757 2
215 2
243 2
215 2
1757 2
815 2
1814 2
767 2
1458 2
72 2
1731 2
1727 2
1748 2
72 2
1731 2
1727 2
1748 2
72 2
1731 2
1727 2
1748 2
72 2
1731 2
1727 2
1748 2
72 2
1731 2
1727 2
1748 2
72 2
1731 2
1727 2
1748 2
72 2
1731 2
1727 2
1748 2
72 2
1731 2
1727 2
1748 2
72 2
1731 2
1727 2
1748 2
72 2
1731 2
1727 2
1748 2
72 2
1731 2
1727 2
1748 2
72 2
1731 2
1727 2
1748 2
72 2
1731 2
1727 2
1748 2
72 2
1731 2
1727 2
1748 2
72 2
1731 2
1727 2
864 2
72 2
1731 2
1727 2
317 2
18 2
675 2
119 2
1757 2
107 2
243 2
107 2
1757 2
18 2
243 2
18 2
1757 2
155 2
387 2
143 2
1757 2
131 2
675 2
119 2
1757 2
143 2
243 2
18 2
1757 2
18 2
243 2
18 2
1757 2
155 2
243 2
155 2
1757 2
18 2
675 2
119 2
1757 2
107 2
243 2
107 2
1757 2
18 2
243 2
18 2
1757 2
155 2
387 2
143 2
1757 2
131 2
675 2
119 2
1757 2
143 2
243 2
18 2
1757 2
18 2
243 2
18 2
1757 2
155 2
243 2
155 2
1757 2
18 2
675 2
119 2
1757 2
107 2
243 2
107 2
1757 2
18 2
243 2
18 2
1757 2
155 2
387 2
143 2
1757 2
131 2
675 2
119 2
1757 2
143 2
243 2
18 2
1757 2
18 2
243 2
18 2
1757 2
155 2
243 2
155 2
1757 2
18 2
675 2
119 2
1757 2
107 2
243 2
107 2
1757 2
18 2
243 2
18 2
1757 2
155 2
387 2
143 2
1757 2
131 2
675 2
119 2
1757 2
143 2
243 2
18 2
1757 2
18 2
243 2
18 2
1757 2
155 2
243 2
155 2
317 2
203 2
675 2
1415 2
1757 2
1403 2
1395 2
1403 2
1757 2
215 2
243 2
203 2
1757 2
1307 2
387 2
1295 2
1757 2
1427 2
675 2
1271 2
1757 2
1295 2
1539 2
203 2
1757 2
215 2
243 2
215 2
1757 2
1307 2
1539 2
1307 2
1757 2
203 2
675 2
1415 2
1757 2
1403 2
1395 2
1403 2
1757 2
215 2
243 2
203 2
1757 2
1307 2
387 2
1295 2
1757 2
1427 2
675 2
1271 2
1757 2
1295 2
1539 2
203 2
1757 2
215 2
243 2
215 2
1757 2
1307 2
1539 2
1307 2
1757 2
203 2
675 2
1415 2
1757 2
1403 2
1395 2
1403 2
1757 2
215 2
243 2
203 2
1757 2
1307 2
387 2
1295 2
1757 2
1427 2
675 2
1271 2
1757 2
1295 2
1539 2
203 2
1757 2
215 2
243 2
215 2
1757 2
1307 2
1539 2
1307 2
1757 2
203 2
675 2
1415 2
1757 2
1403 2
1395 2
1403 2
1757 2
215 2
243 2
203 2
1757 2
1307 2
387 2
1295 2
1757 2
1427 2
675 2
1271 2
1757 2
1295 2
1539 2
203 2
1757 2
215 2
243 2
215 2
1757 2
815 2
1814 2
767 2
1458 2
72 2
1731 2
1727 2
1748 2
72 2
1731 2
1727 2
1748 2
72 2
1731 2
1727 2
1748 2
72 2
1731 2
1727 2
1748 2
72 2
1731 2
1727 2
1748 2
72 2
1731 2
1727 2
1748 2
72 2
1731 2
1727 2
1748 2
72 2
1731 2
1727 2
1748 2
72 2
1731 2
1727 2
1748 2
72 2
1731 2
1727 2
1748 2
72 2
1731 2
1727 2
1748 2
72 2
1731 2
1727 2
1748 2
72 2
1731 2
1727 2
1748 2
72 2
1731 2
1727 2
1748 2
72 2
1731 2
1727 2
864 2
72 2
1731 2
1727 2
317 2
18 2
675 2
119 2
1757 2
107 2
243 2
107 2
1757 2
18 2
243 2
18 2
1757 2
155 2
387 2
143 2
1757 2
131 2
675 2
119 2
1757 2
143 2
243 2
18 2
1757 2
18 2
243 2
18 2
1757 2
155 2
243 2
155 2
1757 2
18 2
675 2
119 2
1757 2
107 2
243 2
107 2
1757 2
18 2
243 2
18 2
1757 2
155 2
387 2
143 2
1757 2
131 2
675 2
119 2
1757 2
143 2
243 2
18 2
1757 2
18 2
243 2
18 2
1757 2
155 2
243 2
155 2
1757 2
18 2
675 2
119 2
1757 2
107 2
243 2
107 2
1757 2
18 2
243 2
18 2
1757 2
155 2
387 2
143 2
1757 2
131 2
675 2
119 2
1757 2
143 2
243 2
18 2
1757 2
18 2
243 2
18 2
1757 2
155 2
243 2
155 2
1757 2
18 2
675 2
119 2
1757 2
107 2
243 2
107 2
1757 2
18 2
243 2
18 2
1757 2
155 2
387 2
143 2
1757 2
131 2
675 2
119 2
1757 2
143 2
243 2
18 2
1757 2
18 2
243 2
18 2
1757 2
155 2
243 2
155 2
E
S
H
72 12
35 7
38 7
47 4
72 4
47 9
72 4
47 9
72 4
47 11
38 7
43 14
72 2
45 4
72 4
45 9
72 4
45 9
72 4
45 12
72 2
41 13
72 2
35 7
38 7
47 4
72 4
47 9
72 4
47 9
72 4
47 11
38 7
43 14
72 2
45 14
72 3
47 14
72 14
35 7
38 2
38 6
47 4
72 4
47 9
72 4
47 9
72 4
47 11
38 7
43 14
72 2
45 4
72 4
45 9
72 4
45 9
72 4
45 12
72 2
41 13
72 2
35 7
38 7
47 4
72 4
47 9
72 4
47 9
72 4
47 11
38 7
43 14
72 2
45 14
72 3
47 14
72 14
35 7
38 2
38 6
47 4
72 4
47 9
72 4
47 9
72 4
47 11
38 7
43 14
72 2
45 4
72 4
45 9
72 4
45 9
72 4
45 12
72 2
41 13
72 2
35 7
38 7
47 4
72 4
47 9
72 4
47 9
72 4
47 11
38 7
43 14
72 2
45 14
72 3
47 14
72 14
35 7
38 2
38 6
47 4
72 4
47 9
72 4
47 9
72 4
47 11
38 7
43 14
72 2
45 4
72 4
45 9
72 4
45 9
72 4
45 12
72 2
41 13
72 2
35 7
38 7
47 4
72 4
47 9
72 4
47 9
72 4
47 11
38 7
43 14
72 2
45 14
72 3
47 14
72 14
35 7
38 2
38 6
47 4
72 4
47 9
72 4
47 9
72 4
47 11
38 7
43 14
72 2
45 4
72 4
45 9
72 4
45 9
72 4
45 12
72 2
41 13
72 2
35 7
38 7
47 4
72 4
47 9
72 4
47 9
72 4
47 11
38 7
43 14
72 2
45 14
72 3
47 14
72 14
35 7
38 2
38 6
47 4
72 4
47 9
72 4
47 9
72 4
47 11
38 7
43 14
72 2
45 4
72 4
45 9
72 4
45 9
72 4
45 12
72 2
41 13
72 2
35 7
38 7
47 4
72 4
47 9
72 4
47 9
72 4
47 11
38 7
43 14
72 2
45 14
72 3
47 14
E
S
H
72 11
33 4
35 4
36 4
40 4
47 4
72 4
47 4
45 4
47 4
72 4
47 4
45 4
47 4
72 4
47 4
45 4
47 4
45 4
40 4
36 4
43 7
45 4
41 14
72 1
45 4
72 4
45 4
43 4
45 4
72 4
45 4
43 4
45 4
72 4
45 4
43 4
45 7
47 7
41 9
40 13
72 1
33 4
35 4
36 4
40 4
47 4
72 4
47 4
45 4
47 4
72 4
47 4
45 4
47 4
72 4
47 4
45 4
47 4
45 4
40 4
36 4
43 7
45 4
41 14
72 1
45 12
72 2
47 7
44 12
72 2
47 6
72 2
47 9
45 14
72 14
33 4
35 4
36 4
40 4
47 4
72 4
47 4
45 4
47 4
72 4
47 4
45 4
47 4
72 4
47 4
45 4
47 4
45 4
40 4
36 4
43 7
45 4
41 14
72 1
45 4
72 4
45 4
43 4
45 4
72 4
45 4
43 4
45 4
72 4
45 4
43 4
45 7
47 7
41 9
40 13
72 1
33 4
35 4
36 4
40 4
47 4
72 4
47 4
45 4
47 4
72 4
47 4
45 4
47 4
72 4
47 4
45 4
47 4
45 4
40 4
36 4
43 7
45 4
41 14
72 1
45 12
72 2
47 7
44 12
72 2
47 6
72 2
47 9
45 14
72 14
33 4
35 4
36 4
40 4
47 4
72 4
47 4
45 4
47 4
72 4
47 4
45 4
47 4
72 4
47 4
45 4
47 4
45 4
40 4
36 4
43 7
45 4
41 14
72 1
45 4
72 4
45 4
43 4
45 4
72 4
45 4
43 4
45 4
72 4
45 4
43 4
45 7
47 7
41 9
40 13
72 1
33 4
35 4
36 4
40 4
47 4
72 4
47 4
45 4
47 4
72 4
47 4
45 4
47 4
72 4
47 4
45 4
47 4
45 4
40 4
36 4
43 7
45 4
41 14
72 1
45 12
72 2
47 7
44 12
72 2
47 6
72 2
47 9
45 14
72 14
33 4
35 4
36 4
40 4
47 4
72 4
47 4
45 4
47 4
72 4
47 4
45 4
47 4
72 4
47 4
45 4
47 4
45 4
40 4
36 4
43 7
45 4
41 14
72 1
45 4
72 4
45 4
43 4
45 4
72 4
45 4
43 4
45 4
72 4
45 4
43 4
45 7
47 7
41 9
40 13
72 1
33 4
35 4
36 4
40 4
47 4
72 4
47 4
45 4
47 4
72 4
47 4
45 4
47 4
72 4
47 4
45 4
47 4
45 4
40 4
36 4
43 7
45 4
41 14
72 1
45 12
72 2
47 7
44 12
72 2
47 6
72 2
47 9
45 14
72 14
33 4
35 4
36 4
40 4
47 4
72 4
47 4
45 4
47 4
72 4
47 4
45 4
47 4
72 4
47 4
45 4
47 4
45 4
40 4
36 4
43 7
45 4
41 14
72 1
45 4
72 4
45 4
43 4
45 4
72 4
45 4
43 4
45 4
72 4
45 4
43 4
45 7
47 7
41 9
40 13
72 1
33 4
35 4
36 4
40 4
47 4
72 4
47 4
45 4
47 4
72 4
47 4
45 4
47 4
72 4
47 4
45 4
47 4
45 4
40 4
36 4
43 7
45 4
41 14
72 1
45 12
72 2
47 7
44 12
72 2
47 6
72 2
47 9
45 14
72 14
33 4
35 4
36 4
40 4
47 4
72 4
47 4
45 4
47 4
72 4
47 4
45 4
47 4
72 4
47 4
45 4
47 4
45 4
40 4
36 4
43 7
45 4
41 14
72 1
45 4
72 4
45 4
43 4
45 4
72 4
45 4
43 4
45 4
72 4
45 4
43 4
45 7
47 7
41 9
40 13
72 1
33 4
35 4
36 4
40 4
47 4
72 4
47 4
45 4
47 4
72 4
47 4
45 4
47 4
72 4
47 4
45 4
47 4
45 4
40 4
36 4
43 7
45 4
41 14
72 1
45 12
72 2
47 7
44 12
72 2
47 6
72 2
47 9
45 14
E
X
