minor
S
L
16 2
72 2
4 2
72 2
4 2
72 2
16 2
16 2
72 9
12 2
11 2
9 7
9 6
9 2
9 4
9 7
4 4
9 2
4 2
9 7
4 4
9 7
7 7
5 7
5 6
5 2
5 4
5 7
0 4
7 4
7 7
7 4
8 4
8 7
12 2
11 2
9 7
9 6
9 2
9 4
9 7
4 4
9 2
4 2
9 7
4 4
9 7
7 7
5 7
5 6
5 2
5 4
5 7
0 4
7 4
7 7
7 4
8 4
8 7
8 4
5 7
5 6
5 2
5 4
5 7
0 4
7 4
7 7
7 4
4 4
4 7
12 2
11 2
9 7
9 6
9 2
9 4
9 7
4 4
9 2
4 2
9 7
4 4
9 7
7 7
5 7
5 6
5 2
5 4
5 7
0 4
7 4
7 7
7 4
8 4
8 7
12 2
11 2
9 7
9 6
9 2
9 4
9 7
4 4
9 2
4 2
9 7
4 4
9 7
7 7
5 7
5 6
5 2
5 4
5 7
0 4
7 4
7 7
7 4
8 4
8 7
8 4
5 7
5 6
5 2
5 4
5 7
0 4
7 4
7 7
7 4
4 4
4 7
12 2
11 2
9 7
9 6
9 2
9 4
9 7
4 4
9 2
4 2
9 7
4 4
9 7
7 7
5 7
5 6
5 2
5 4
5 7
0 4
7 4
7 7
7 4
8 4
8 7
12 2
11 2
9 7
9 6
9 2
9 4
9 7
4 4
9 2
4 2
9 7
4 4
9 7
7 7
5 7
5 6
5 2
5 4
5 7
0 4
7 4
7 7
7 4
8 4
8 7
8 4
5 7
5 6
5 2
5 4
5 7
0 4
7 4
7 7
7 4
4 4
4 7
12 2
11 2
9 7
9 6
9 2
9 4
9 7
4 4
9 2
4 2
9 7
4 4
9 7
7 7
5 7
5 6
5 2
5 4
5 7
0 4
7 4
7 7
7 4
8 4
8 7
12 2
11 2
9 7
9 6
9 2
9 4
9 7
4 4
9 2
4 2
9 7
4 4
9 7
7 7
5 7
5 6
5 2
5 4
5 7
0 4
7 4
7 7
7 4
8 4
8 7
8 4
5 7
5 6
5 2
5 4
5 7
0 4
7 4
7 7
7 4
4 4
4 7
12 2
11 2
9 7
9 6
9 2
9 4
9 7
4 4
9 2
4 2
9 7
4 4
9 7
7 7
5 7
5 6
5 2
5 4
5 7
0 4
7 4
7 7
7 4
8 4
8 7
12 2
11 2
9 7
9 6
9 2
9 4
9 7
4 4
9 2
4 2
9 7
4 4
9 7
7 7
5 7
5 6
5 2
5 4
5 7
0 4
7 4
7 7
7 4
8 4
8 7
8 4
5 7
5 6
5 2
5 4
5 7
0 4
7 4
7 7
7 4
4 4
4 7
12 2
E
S
H
71 2
72 2
68 2
72 2
68 2
72 2
71 2
71 2
72 12
57 7
59 7
60 7
62 7
60 7
59 7
60 7
64 14
72 7
57 7
59 7
60 7
62 7
60 7
59 7
60 7
65 13
67 11
68 11
57 7
57 7
57 7
57 7
59 7
59 7
59 7
59 7
72 7
57 7
59 7
60 7
62 7
60 7
59 7
60 7
64 14
72 7
57 7
59 7
60 7
62 7
60 7
59 7
60 7
65 13
67 11
68 11
57 7
57 7
57 7
57 7
59 7
59 7
59 7
59 7
72 7
57 7
59 7
60 7
62 7
60 7
59 7
60 7
64 14
72 7
57 7
59 7
60 7
62 7
60 7
59 7
60 7
65 13
67 11
68 11
57 7
57 7
57 7
57 7
59 7
59 7
59 7
59 7
72 7
57 7
59 7
60 7
62 7
60 7
59 7
60 7
64 14
72 7
57 7
59 7
60 7
62 7
60 7
59 7
60 7
65 13
67 11
68 11
57 7
57 7
57 7
57 7
59 7
59 7
59 7
59 7
72 7
57 7
59 7
60 7
62 7
60 7
59 7
60 7
64 14
72 7
57 7
59 7
60 7
62 7
60 7
59 7
60 7
65 13
67 11
68 11
57 7
57 7
57 7
57 7
59 7
59 7
59 7
59 6
E
S
H
64 2
72 2
52 2
72 2
52 2
72 2
64 2
64 2
72 13
33 2
72 2
36 2
72 2
40 2
72 2
45 2
43 2
45 13
60 4
72 4
57 2
72 2
53 2
72 2
50 11
62 4
72 4
60 2
72 2
59 2
72 2
56 9
72 11
33 2
72 2
36 2
72 2
40 2
72 2
45 2
43 2
45 13
60 4
72 4
57 2
72 2
53 2
72 2
50 11
62 4
72 4
60 2
72 2
59 2
72 2
56 9
45 11
47 7
48 7
47 11
48 7
50 7
72 11
33 2
72 2
36 2
72 2
40 2
72 2
45 2
43 2
45 13
60 4
72 4
57 2
72 2
53 2
72 2
50 11
62 4
72 4
60 2
72 2
59 2
72 2
56 9
72 11
33 2
72 2
36 2
72 2
40 2
72 2
45 2
43 2
45 13
60 4
72 4
57 2
72 2
53 2
72 2
50 11
62 4
72 4
60 2
72 2
59 2
72 2
56 9
45 11
47 7
48 7
47 11
48 7
50 7
72 11
33 2
72 2
36 2
72 2
40 2
72 2
45 2
43 2
45 13
60 4
72 4
57 2
72 2
53 2
72 2
50 11
62 4
72 4
60 2
72 2
59 2
72 2
56 9
72 11
33 2
72 2
36 2
72 2
40 2
72 2
45 2
43 2
45 13
60 4
72 4
57 2
72 2
53 2
72 2
50 11
62 4
72 4
60 2
72 2
59 2
72 2
56 9
45 11
47 7
48 7
47 11
48 7
50 7
72 11
33 2
72 2
36 2
72 2
40 2
72 2
45 2
43 2
45 13
60 4
72 4
57 2
72 2
53 2
72 2
50 11
62 4
72 4
60 2
72 2
59 2
72 2
56 9
72 11
33 2
72 2
36 2
72 2
40 2
72 2
45 2
43 2
45 13
60 4
72 4
57 2
72 2
53 2
72 2
50 11
62 4
72 4
60 2
72 2
59 2
72 2
56 9
45 11
47 7
48 7
47 11
48 7
50 7
72 11
33 2
72 2
36 2
72 2
40 2
72 2
45 2
43 2
45 13
60 4
72 4
57 2
72 2
53 2
72 2
50 11
62 4
72 4
60 2
72 2
59 2
72 2
56 9
72 11
33 2
72 2
36 2
72 2
40 2
72 2
45 2
43 2
45 13
60 4
72 4
57 2
72 2
53 2
72 2
50 11
62 4
72 4
60 2
72 2
59 2
72 2
56 9
45 11
47 7
48 7
47 11
48 7
50 6
E
S
L
28 2
72 2
16 2
72 2
16 2
72 2
28 2
28 2
72 9
21 2
21 2
21 2
72 11
28 2
72 2
21 2
72 2
16 2
72 14
21 2
21 2
16 2
72 13
21 2
72 12
28 2
72 2
21 2
72 2
16 2
72 14
21 2
21 2
16 2
72 14
21 2
72 2
17 2
72 2
21 2
72 2
17 2
72 2
21 2
72 2
17 2
72 2
21 2
72 2
17 2
72 12
28 2
72 2
21 2
72 2
16 2
72 14
21 2
21 2
16 2
72 13
21 2
72 12
28 2
72 2
21 2
72 2
16 2
72 14
21 2
21 2
16 2
72 14
21 2
72 2
17 2
72 2
21 2
72 2
17 2
72 2
21 2
72 2
17 2
72 2
21 2
72 2
17 2
72 12
28 2
72 2
21 2
72 2
16 2
72 14
21 2
21 2
16 2
72 13
21 2
72 12
28 2
72 2
21 2
72 2
16 2
72 14
21 2
21 2
16 2
72 14
21 2
72 2
17 2
72 2
21 2
72 2
17 2
72 2
21 2
72 2
17 2
72 2
21 2
72 2
17 2
72 12
28 2
72 2
21 2
72 2
16 2
72 14
21 2
21 2
16 2
72 13
21 2
72 12
28 2
72 2
21 2
72 2
16 2
72 14
21 2
21 2
16 2
72 14
21 2
72 2
17 2
72 2
21 2
72 2
17 2
72 2
21 2
72 2
17 2
72 2
21 2
72 2
17 2
72 12
28 2
72 2
21 2
72 2
16 2
72 14
21 2
21 2
16 2
72 13
21 2
72 12
28 2
72 2
21 2
72 2
16 2
72 14
21 2
21 2
16 2
72 14
21 2
72 2
17 2
72 2
21 2
72 2
17 2
72 2
21 2
72 2
17 2
72 2
21 2
72 2
17 2
E
S
L
64 2
72 2
52 2
72 2
52 2
72 2
64 2
64 2
72 11
33 4
28 4
35 4
28 4
36 4
28 4
35 4
28 4
33 4
28 4
35 4
28 4
36 4
28 4
35 4
28 4
33 4
28 4
35 4
28 4
36 4
28 4
33 4
28 4
35 4
28 4
38 4
28 4
36 4
28 4
35 4
28 4
33 4
28 4
35 4
28 4
36 4
28 4
35 4
28 4
33 4
28 4
35 4
28 4
36 4
28 4
35 4
28 4
33 4
28 4
35 4
28 4
36 4
28 4
33 4
28 4
35 4
28 4
38 4
28 4
36 4
28 4
35 4
28 4
60 2
59 2
58 2
57 2
60 2
59 2
58 2
57 2
60 2
59 2
58 2
57 2
60 2
59 2
58 2
57 2
62 2
61 2
60 2
59 2
62 2
61 2
60 2
59 2
62 2
61 2
60 2
59 2
62 2
61 2
60 2
59 2
33 4
28 4
35 4
28 4
36 4
28 4
35 4
28 4
33 4
28 4
35 4
28 4
36 4
28 4
35 4
28 4
33 4
28 4
35 4
28 4
36 4
28 4
33 4
28 4
35 4
28 4
38 4
28 4
36 4
28 4
35 4
28 4
33 4
28 4
35 4
28 4
36 4
28 4
35 4
28 4
33 4
28 4
35 4
28 4
36 4
28 4
35 4
28 4
33 4
28 4
35 4
28 4
36 4
28 4
33 4
28 4
35 4
28 4
38 4
28 4
36 4
28 4
35 4
28 4
60 2
59 2
58 2
57 2
60 2
59 2
58 2
57 2
60 2
59 2
58 2
57 2
60 2
59 2
58 2
57 2
62 2
61 2
60 2
59 2
62 2
61 2
60 2
59 2
62 2
61 2
60 2
59 2
62 2
61 2
60 2
59 2
33 4
28 4
35 4
28 4
36 4
28 4
35 4
28 4
33 4
28 4
35 4
28 4
36 4
28 4
35 4
28 4
33 4
28 4
35 4
28 4
36 4
28 4
33 4
28 4
35 4
28 4
38 4
28 4
36 4
28 4
35 4
28 4
33 4
28 4
35 4
28 4
36 4
28 4
35 4
28 4
33 4
28 4
35 4
28 4
36 4
28 4
35 4
28 4
33 4
28 4
35 4
28 4
36 4
28 4
33 4
28 4
35 4
28 4
38 4
28 4
36 4
28 4
35 4
28 4
60 2
59 2
58 2
57 2
60 2
59 2
58 2
57 2
60 2
59 2
58 2
57 2
60 2
59 2
58 2
57 2
62 2
61 2
60 2
59 2
62 2
61 2
60 2
59 2
62 2
61 2
60 2
59 2
62 2
61 2
60 2
59 2
33 4
28 4
35 4
28 4
36 4
28 4
35 4
28 4
33 4
28 4
35 4
28 4
36 4
28 4
35 4
28 4
33 4
28 4
35 4
28 4
36 4
28 4
33 4
28 4
35 4
28 4
38 4
28 4
36 4
28 4
35 4
28 4
33 4
28 4
35 4
28 4
36 4
28 4
35 4
28 4
33 4
28 4
35 4
28 4
36 4
28 4
35 4
28 4
33 4
28 4
35 4
28 4
36 4
28 4
33 4
28 4
35 4
28 4
38 4
28 4
36 4
28 4
35 4
28 4
60 2
59 2
58 2
57 2
60 2
59 2
58 2
57 2
60 2
59 2
58 2
57 2
60 2
59 2
58 2
57 2
62 2
61 2
60 2
59 2
62 2
61 2
60 2
59 2
62 2
61 2
60 2
59 2
62 2
61 2
60 2
59 2
33 4
28 4
35 4
28 4
36 4
28 4
35 4
28 4
33 4
28 4
35 4
28 4
36 4
28 4
35 4
28 4
33 4
28 4
35 4
28 4
36 4
28 4
33 4
28 4
35 4
28 4
38 4
28 4
36 4
28 4
35 4
28 4
33 4
28 4
35 4
28 4
36 4
28 4
35 4
28 4
33 4
28 4
35 4
28 4
36 4
28 4
35 4
28 4
33 4
28 4
35 4
28 4
36 4
28 4
33 4
28 4
35 4
28 4
38 4
28 4
36 4
28 4
35 4
28 4
60 2
59 2
58 2
57 2
60 2
59 2
58 2
57 2
60 2
59 2
58 2
57 2
60 2
59 2
58 2
57 2
62 2
61 2
60 2
59 2
62 2
61 2
60 2
59 2
62 2
61 2
60 2
59 2
62 2
61 2
60 2
E
S
L
72 11
16 0
72 2
16 0
72 2
16 0
72 2
16 0
72 6
16 0
72 7
16 0
72 6
16 0
72 2
16 0
72 4
16 0
72 9
16 0
72 4
16 0
72 7
16 0
72 4
16 0
72 7
16 0
72 7
16 0
72 7
16 0
72 6
16 0
72 2
16 0
72 4
16 0
72 9
16 0
72 4
16 0
72 7
16 0
72 4
16 0
72 4
16 0
72 7
16 0
72 4
16 0
72 7
16 0
72 6
16 0
72 2
16 0
72 4
16 0
72 9
16 0
72 4
16 0
72 7
16 0
72 4
16 0
72 7
16 0
72 7
16 0
72 7
16 0
72 6
16 0
72 2
16 0
72 4
16 0
72 9
16 0
72 4
16 0
72 7
16 0
72 4
16 0
72 4
16 0
72 7
16 0
72 4
16 0
72 4
16 0
72 8
16 0
72 2
16 0
72 4
16 0
72 7
16 0
72 13
16 0
72 7
16 0
72 6
16 0
72 2
16 0
72 4
16 0
72 9
16 0
72 4
16 0
72 7
16 0
72 4
16 0
72 7
16 0
72 7
16 0
72 7
16 0
72 6
16 0
72 2
16 0
72 4
16 0
72 9
16 0
72 4
16 0
72 7
16 0
72 4
16 0
72 4
16 0
72 7
16 0
72 4
16 0
72 7
16 0
72 6
16 0
72 2
16 0
72 4
16 0
72 9
16 0
72 4
16 0
72 7
16 0
72 4
16 0
72 7
16 0
72 7
16 0
72 7
16 0
72 6
16 0
72 2
16 0
72 4
16 0
72 9
16 0
72 4
16 0
72 7
16 0
72 4
16 0
72 4
16 0
72 7
16 0
72 4
16 0
72 4
16 0
72 8
16 0
72 2
16 0
72 4
16 0
72 7
16 0
72 13
16 0
72 7
16 0
72 6
16 0
72 2
16 0
72 4
16 0
72 9
16 0
72 4
16 0
72 7
16 0
72 4
16 0
72 7
16 0
72 7
16 0
72 7
16 0
72 6
16 0
72 2
16 0
72 4
16 0
72 9
16 0
72 4
16 0
72 7
16 0
72 4
16 0
72 4
16 0
72 7
16 0
72 4
16 0
72 7
16 0
72 6
16 0
72 2
16 0
72 4
16 0
72 9
16 0
72 4
16 0
72 7
16 0
72 4
16 0
72 7
16 0
72 7
16 0
72 7
16 0
72 6
16 0
72 2
16 0
72 4
16 0
72 9
16 0
72 4
16 0
72 7
16 0
72 4
16 0
72 4
16 0
72 7
16 0
72 4
16 0
72 4
16 0
72 8
16 0
72 2
16 0
72 4
16 0
72 7
16 0
72 13
16 0
72 7
16 0
72 6
16 0
72 2
16 0
72 4
16 0
72 9
16 0
72 4
16 0
72 7
16 0
72 4
16 0
72 7
16 0
72 7
16 0
72 7
16 0
72 6
16 0
72 2
16 0
72 4
16 0
72 9
16 0
72 4
16 0
72 7
16 0
72 4
16 0
72 4
16 0
72 7
16 0
72 4
16 0
72 7
16 0
72 6
16 0
72 2
16 0
72 4
16 0
72 9
16 0
72 4
16 0
72 7
16 0
72 4
16 0
72 7
16 0
72 7
16 0
72 7
16 0
72 6
16 0
72 2
16 0
72 4
16 0
72 9
16 0
72 4
16 0
72 7
16 0
72 4
16 0
72 4
16 0
72 7
16 0
72 4
16 0
72 4
16 0
72 8
16 0
72 2
16 0
72 4
16 0
72 7
16 0
72 13
16 0
72 7
16 0
72 6
16 0
72 2
16 0
72 4
16 0
72 9
16 0
72 4
16 0
72 7
16 0
72 4
16 0
72 7
16 0
72 7
16 0
72 7
16 0
72 6
16 0
72 2
16 0
72 4
16 0
72 9
16 0
72 4
16 0
72 7
16 0
72 4
16 0
72 4
16 0
72 7
16 0
72 4
16 0
72 7
16 0
72 6
16 0
72 2
16 0
72 4
16 0
72 9
16 0
72 4
16 0
72 7
16 0
72 4
16 0
72 7
16 0
72 7
16 0
72 7
16 0
72 6
16 0
72 2
16 0
72 4
16 0
72 9
16 0
72 4
16 0
72 7
16 0
72 4
16 0
72 4
16 0
72 7
16 0
72 4
16 0
72 4
16 0
72 8
16 0
72 2
16 0
72 4
16 0
72 7
16 0
E
X
