major
S
L
72 9
2 7
7 2
72 2
7 2
72 6
0 8
72 2
4 2
72 2
7 6
72 2
9 6
72 2
11 8
72 2
9 2
72 2
7 6
72 2
4 6
72 2
0 8
72 2
4 2
72 2
7 6
72 2
9 6
72 2
11 8
72 2
9 2
72 2
7 6
72 2
4 6
72 2
5 8
72 2
9 2
72 2
12 6
72 2
14 6
72 2
16 8
72 2
14 2
72 2
12 6
72 2
9 6
72 2
5 8
72 2
9 2
72 2
12 6
72 2
14 6
72 2
16 8
72 2
14 2
72 2
12 6
72 2
9 6
72 2
0 8
72 2
4 2
72 2
7 6
72 2
4 6
72 2
12 2
72 2
12 4
7 4
12 4
6 11
5 4
72 7
5 4
4 4
72 7
4 4
2 4
72 7
2 4
0 4
2 4
4 7
5 4
72 7
5 4
4 4
72 7
4 4
9 4
72 7
9 4
9 11
5 4
72 7
5 4
4 4
72 7
4 4
2 4
72 7
2 4
0 4
2 4
4 7
5 4
72 7
5 4
10 4
72 7
10 4
12 4
72 7
12 4
7 7
7 7
0 8
72 2
4 2
72 2
7 6
72 2
9 6
72 2
11 8
72 2
9 2
72 2
7 6
72 2
4 6
72 2
0 8
72 2
4 2
72 2
7 6
72 2
9 6
72 2
11 8
72 2
9 2
72 2
7 6
72 2
4 6
72 2
5 8
72 2
9 2
72 2
12 6
72 2
14 6
72 2
16 8
72 2
14 2
72 2
12 6
72 2
9 6
72 2
5 8
72 2
9 2
72 2
12 6
72 2
14 6
72 2
16 8
72 2
14 2
72 2
12 6
72 2
9 6
72 2
0 8
72 2
4 2
72 2
7 6
72 2
4 6
72 2
12 2
72 2
12 4
7 4
12 4
6 11
5 4
72 7
5 4
4 4
72 7
4 4
2 4
72 7
2 4
0 4
2 4
4 7
5 4
72 7
5 4
4 4
72 7
4 4
9 4
72 7
9 4
9 11
5 4
72 7
5 4
4 4
72 7
4 4
2 4
72 7
2 4
0 4
2 4
4 7
5 4
72 7
5 4
10 4
72 7
10 4
12 4
72 7
12 4
7 7
7 7
0 8
72 2
4 2
72 2
7 6
72 2
9 6
72 2
11 8
72 2
9 2
72 2
7 6
72 2
4 6
72 2
0 8
72 2
4 2
72 2
7 6
72 2
9 6
72 2
11 8
72 2
9 2
72 2
7 6
72 2
4 6
72 2
5 8
72 2
9 2
72 2
12 6
72 2
14 6
72 2
16 8
72 2
14 2
72 2
12 6
72 2
9 6
72 2
5 8
72 2
9 2
72 2
12 6
72 2
14 6
72 2
16 8
72 2
14 2
72 2
12 6
72 2
9 6
72 2
0 8
72 2
4 2
72 2
7 6
72 2
4 6
72 2
12 2
72 2
12 4
7 4
12 4
6 11
5 4
72 7
5 4
4 4
72 7
4 4
2 4
72 7
2 4
0 4
2 4
4 7
5 4
72 7
5 4
4 4
72 7
4 4
9 4
72 7
9 4
9 11
5 4
72 7
5 4
4 4
72 7
4 4
2 4
72 7
2 4
0 4
2 4
4 7
5 4
72 7
5 4
10 4
72 7
10 4
12 4
72 7
12 4
7 7
7 7
0 8
72 2
4 2
72 2
7 6
72 2
9 6
72 2
11 8
72 2
9 2
72 2
7 6
72 2
4 6
72 2
0 8
72 2
4 2
72 2
7 6
72 2
9 6
72 2
11 8
72 2
9 2
72 2
7 6
72 2
4 6
72 2
5 8
72 2
9 2
72 2
12 6
72 2
14 6
72 2
16 8
72 2
14 2
72 2
12 6
72 2
9 6
72 2
5 8
72 2
9 2
72 2
12 6
72 2
14 6
72 2
16 8
72 2
14 2
72 2
12 6
72 2
9 6
72 2
0 8
72 2
4 2
72 2
7 6
72 2
4 6
72 2
12 2
72 2
12 4
7 4
12 4
6 11
5 4
72 7
5 4
4 4
72 7
4 4
2 4
72 7
2 4
0 4
2 4
4 7
5 4
72 7
5 4
4 4
72 7
4 4
9 4
72 7
9 4
9 11
5 4
72 7
5 4
4 4
72 7
4 4
2 4
72 7
2 4
0 4
2 4
4 7
5 4
72 7
5 4
10 4
72 7
10 4
12 4
72 7
12 4
7 7
7 7
0 8
72 2
4 2
72 2
7 6
72 2
9 6
72 2
11 8
72 2
9 2
72 2
7 6
72 2
4 6
72 2
0 8
72 2
4 2
72 2
7 6
72 2
9 6
72 2
11 8
72 2
9 2
72 2
7 6
72 2
4 6
72 2
5 8
72 2
9 2
72 2
12 6
72 2
14 6
72 2
16 8
72 2
14 2
72 2
12 6
72 2
9 6
72 2
5 8
72 2
9 2
72 2
12 6
72 2
14 6
72 2
16 8
72 2
14 2
72 2
12 6
72 2
9 6
72 2
0 8
72 2
4 2
72 2
7 6
72 2
4 6
72 2
12 2
72 2
12 4
7 4
12 4
6 11
5 4
72 7
5 4
4 4
72 7
4 4
2 4
72 7
2 4
0 4
2 4
4 7
5 4
72 7
5 4
4 4
72 7
4 4
9 4
72 7
9 4
9 11
5 4
72 7
5 4
4 4
72 7
4 4
2 4
72 7
2 4
0 4
2 4
4 7
5 4
72 7
5 4
10 4
72 7
10 4
12 4
72 7
12 4
7 7
7 7
0 8
72 2
4 2
72 2
7 6
72 2
9 6
72 2
11 8
72 2
9 2
72 2
7 6
72 2
4 6
72 2
0 8
72 2
4 2
72 2
7 6
72 2
9 6
72 2
11 8
72 2
9 2
72 2
7 6
72 2
4 6
E
S
L
72 9
2 7
7 2
72 2
7 2
72 6
0 8
72 2
4 2
72 2
7 6
72 2
9 6
72 2
11 8
72 2
9 2
72 2
7 6
72 2
4 6
72 2
0 8
72 2
4 2
72 2
7 6
72 2
9 6
72 2
11 8
72 2
9 2
72 2
7 6
72 2
4 6
72 2
5 8
72 2
9 2
72 2
12 6
72 2
14 6
72 2
16 8
72 2
14 2
72 2
12 6
72 2
9 6
72 2
5 8
72 2
9 2
72 2
12 6
72 2
14 6
72 2
16 8
72 2
14 2
72 2
12 6
72 2
9 6
72 2
0 8
72 2
4 2
72 2
7 6
72 2
4 6
72 2
12 2
72 2
12 4
7 4
12 4
6 11
5 4
72 7
5 4
4 4
72 7
4 4
2 4
72 7
2 4
0 4
2 4
4 7
5 4
72 7
5 4
4 4
72 7
4 4
9 4
72 7
9 4
9 11
5 4
72 7
5 4
4 4
72 7
4 4
2 4
72 7
2 4
0 4
2 4
4 7
5 4
72 7
5 4
10 4
72 7
10 4
12 4
72 7
12 4
7 7
7 7
0 8
72 2
4 2
72 2
7 6
72 2
9 6
72 2
11 8
72 2
9 2
72 2
7 6
72 2
4 6
72 2
0 8
72 2
4 2
72 2
7 6
72 2
9 6
72 2
11 8
72 2
9 2
72 2
7 6
72 2
4 6
72 2
5 8
72 2
9 2
72 2
12 6
72 2
14 6
72 2
16 8
72 2
14 2
72 2
12 6
72 2
9 6
72 2
5 8
72 2
9 2
72 2
12 6
72 2
14 6
72 2
16 8
72 2
14 2
72 2
12 6
72 2
9 6
72 2
0 8
72 2
4 2
72 2
7 6
72 2
4 6
72 2
12 2
72 2
12 4
7 4
12 4
6 11
5 4
72 7
5 4
4 4
72 7
4 4
2 4
72 7
2 4
0 4
2 4
4 7
5 4
72 7
5 4
4 4
72 7
4 4
9 4
72 7
9 4
9 11
5 4
72 7
5 4
4 4
72 7
4 4
2 4
72 7
2 4
0 4
2 4
4 7
5 4
72 7
5 4
10 4
72 7
10 4
12 4
72 7
12 4
7 7
7 7
0 8
72 2
4 2
72 2
7 6
72 2
9 6
72 2
11 8
72 2
9 2
72 2
7 6
72 2
4 6
72 2
0 8
72 2
4 2
72 2
7 6
72 2
9 6
72 2
11 8
72 2
9 2
72 2
7 6
72 2
4 6
72 2
5 8
72 2
9 2
72 2
12 6
72 2
14 6
72 2
16 8
72 2
14 2
72 2
12 6
72 2
9 6
72 2
5 8
72 2
9 2
72 2
12 6
72 2
14 6
72 2
16 8
72 2
14 2
72 2
12 6
72 2
9 6
72 2
0 8
72 2
4 2
72 2
7 6
72 2
4 6
72 2
12 2
72 2
12 4
7 4
12 4
6 11
5 4
72 7
5 4
4 4
72 7
4 4
2 4
72 7
2 4
0 4
2 4
4 7
5 4
72 7
5 4
4 4
72 7
4 4
9 4
72 7
9 4
9 11
5 4
72 7
5 4
4 4
72 7
4 4
2 4
72 7
2 4
0 4
2 4
4 7
5 4
72 7
5 4
10 4
72 7
10 4
12 4
72 7
12 4
7 7
7 7
0 8
72 2
4 2
72 2
7 6
72 2
9 6
72 2
11 8
72 2
9 2
72 2
7 6
72 2
4 6
72 2
0 8
72 2
4 2
72 2
7 6
72 2
9 6
72 2
11 8
72 2
9 2
72 2
7 6
72 2
4 6
72 2
5 8
72 2
9 2
72 2
12 6
72 2
14 6
72 2
16 8
72 2
14 2
72 2
12 6
72 2
9 6
72 2
5 8
72 2
9 2
72 2
12 6
72 2
14 6
72 2
16 8
72 2
14 2
72 2
12 6
72 2
9 6
72 2
0 8
72 2
4 2
72 2
7 6
72 2
4 6
72 2
12 2
72 2
12 4
7 4
12 4
6 11
5 4
72 7
5 4
4 4
72 7
4 4
2 4
72 7
2 4
0 4
2 4
4 7
5 4
72 7
5 4
4 4
72 7
4 4
9 4
72 7
9 4
9 11
5 4
72 7
5 4
4 4
72 7
4 4
2 4
72 7
2 4
0 4
2 4
4 7
5 4
72 7
5 4
10 4
72 7
10 4
12 4
72 7
12 4
7 7
7 7
0 8
72 2
4 2
72 2
7 6
72 2
9 6
72 2
11 8
72 2
9 2
72 2
7 6
72 2
4 6
72 2
0 8
72 2
4 2
72 2
7 6
72 2
9 6
72 2
11 8
72 2
9 2
72 2
7 6
72 2
4 6
72 2
5 8
72 2
9 2
72 2
12 6
72 2
14 6
72 2
16 8
72 2
14 2
72 2
12 6
72 2
9 6
72 2
5 8
72 2
9 2
72 2
12 6
72 2
14 6
72 2
16 8
72 2
14 2
72 2
12 6
72 2
9 6
72 2
0 8
72 2
4 2
72 2
7 6
72 2
4 6
72 2
12 2
72 2
12 4
7 4
12 4
6 11
5 4
72 7
5 4
4 4
72 7
4 4
2 4
72 7
2 4
0 4
2 4
4 7
5 4
72 7
5 4
4 4
72 7
4 4
9 4
72 7
9 4
9 11
5 4
72 7
5 4
4 4
72 7
4 4
2 4
72 7
2 4
0 4
2 4
4 7
5 4
72 7
5 4
10 4
72 7
10 4
12 4
72 7
12 4
7 7
7 7
0 8
72 2
4 2
72 2
7 6
72 2
9 6
72 2
11 8
72 2
9 2
72 2
7 6
72 2
4 6
72 2
0 8
72 2
4 2
72 2
7 6
72 2
9 6
72 2
11 8
72 2
9 2
72 2
7 6
72 2
4 6
E
S
H
72 13
28 4
31 4
28 4
31 6
33 6
35 7
36 4
35 4
33 4
31 6
33 4
31 2
28 4
72 4
28 4
31 4
28 4
31 6
33 6
35 7
36 4
35 4
33 4
31 6
33 4
31 2
28 4
72 4
33 4
36 4
33 4
36 6
38 6
40 7
41 4
40 4
38 4
36 6
38 4
36 2
33 4
72 4
33 4
36 4
33 4
36 6
38 6
40 7
41 4
40 4
38 4
36 7
33 7
38 3
36 3
38 3
36 12
72 13
36 7
36 4
36 4
38 6
36 6
41 7
40 4
38 4
36 4
38 6
40 8
36 7
36 4
36 4
38 6
36 6
40 13
36 7
36 4
36 4
38 6
36 6
41 7
40 4
38 4
36 4
38 6
40 8
41 4
40 4
38 4
36 4
34 4
33 4
31 4
29 4
28 4
36 9
72 11
28 4
31 4
28 4
31 6
33 6
35 7
36 4
35 4
33 4
31 6
33 4
31 2
28 4
72 4
28 4
31 4
28 4
31 6
33 6
35 7
36 4
35 4
33 4
31 6
33 4
31 2
28 4
72 4
33 4
36 4
33 4
36 6
38 6
40 7
41 4
40 4
38 4
36 6
38 4
36 2
33 4
72 4
33 4
36 4
33 4
36 6
38 6
40 7
41 4
40 4
38 4
36 7
33 7
38 3
36 3
38 3
36 12
72 13
36 7
36 4
36 4
38 6
36 6
41 7
40 4
38 4
36 4
38 6
40 8
36 7
36 4
36 4
38 6
36 6
40 13
36 7
36 4
36 4
38 6
36 6
41 7
40 4
38 4
36 4
38 6
40 8
41 4
40 4
38 4
36 4
34 4
33 4
31 4
29 4
28 4
36 9
72 11
28 4
31 4
28 4
31 6
33 6
35 7
36 4
35 4
33 4
31 6
33 4
31 2
28 4
72 4
28 4
31 4
28 4
31 6
33 6
35 7
36 4
35 4
33 4
31 6
33 4
31 2
28 4
72 4
33 4
36 4
33 4
36 6
38 6
40 7
41 4
40 4
38 4
36 6
38 4
36 2
33 4
72 4
33 4
36 4
33 4
36 6
38 6
40 7
41 4
40 4
38 4
36 7
33 7
38 3
36 3
38 3
36 12
72 13
36 7
36 4
36 4
38 6
36 6
41 7
40 4
38 4
36 4
38 6
40 8
36 7
36 4
36 4
38 6
36 6
40 13
36 7
36 4
36 4
38 6
36 6
41 7
40 4
38 4
36 4
38 6
40 8
41 4
40 4
38 4
36 4
34 4
33 4
31 4
29 4
28 4
36 9
72 11
28 4
31 4
28 4
31 6
33 6
35 7
36 4
35 4
33 4
31 6
33 4
31 2
28 4
72 4
28 4
31 4
28 4
31 6
33 6
35 7
36 4
35 4
33 4
31 6
33 4
31 2
28 4
72 4
33 4
36 4
33 4
36 6
38 6
40 7
41 4
40 4
38 4
36 6
38 4
36 2
33 4
72 4
33 4
36 4
33 4
36 6
38 6
40 7
41 4
40 4
38 4
36 7
33 7
38 3
36 3
38 3
36 12
72 13
36 7
36 4
36 4
38 6
36 6
41 7
40 4
38 4
36 4
38 6
40 8
36 7
36 4
36 4
38 6
36 6
40 13
36 7
36 4
36 4
38 6
36 6
41 7
40 4
38 4
36 4
38 6
40 8
41 4
40 4
38 4
36 4
34 4
33 4
31 4
29 4
28 4
36 9
72 11
28 4
31 4
28 4
31 6
33 6
35 7
36 4
35 4
33 4
31 6
33 4
31 2
28 4
72 4
28 4
31 4
28 4
31 6
33 6
35 7
36 4
35 4
33 4
31 6
33 4
31 2
28 4
72 4
33 4
36 4
33 4
36 6
38 6
40 7
41 4
40 4
38 4
36 6
38 4
36 2
33 4
72 4
33 4
36 4
33 4
36 6
38 6
40 7
41 4
40 4
38 4
36 7
33 7
38 3
36 3
38 3
36 12
72 13
36 7
36 4
36 4
38 6
36 6
41 7
40 4
38 4
36 4
38 6
40 8
36 7
36 4
36 4
38 6
36 6
40 13
36 7
36 4
36 4
38 6
36 6
41 7
40 4
38 4
36 4
38 6
40 8
41 4
40 4
38 4
36 4
34 4
33 4
31 4
29 4
28 4
36 9
72 11
28 4
31 4
28 4
31 6
33 6
35 7
36 4
35 4
33 4
31 6
33 4
31 2
28 4
72 4
28 4
31 4
28 4
31 6
33 6
35 7
36 4
35 4
33 4
31 6
33 4
31 2
28 4
E
S
H
57 2
72 2
53 2
72 2
50 2
72 2
55 6
72 2
55 2
72 2
55 2
72 14
52 13
53 7
55 7
48 13
72 13
52 13
53 7
55 7
48 11
50 11
52 11
55 11
72 14
52 13
53 7
55 7
48 13
72 13
52 13
53 7
55 7
48 11
50 11
52 11
55 11
72 14
52 13
53 7
55 7
48 13
72 13
52 13
53 7
55 7
48 11
50 11
52 11
55 11
72 14
52 13
53 7
55 7
48 13
72 13
52 13
53 7
55 7
48 11
50 11
52 11
55 11
72 14
52 13
53 7
55 7
48 13
72 13
52 13
53 7
55 7
48 11
50 11
52 11
55 11
E
S
H
57 2
72 2
53 2
72 2
50 2
72 2
55 6
72 2
55 2
72 2
55 2
72 14
52 13
53 7
55 7
48 13
72 13
52 13
53 7
55 7
48 11
50 11
52 11
55 11
72 14
52 13
53 7
55 7
48 13
72 13
52 13
53 7
55 7
48 11
50 11
52 11
55 11
72 14
52 13
53 7
55 7
48 13
72 13
52 13
53 7
55 7
48 11
50 11
52 11
55 11
72 14
52 13
53 7
55 7
48 13
72 13
52 13
53 7
55 7
48 11
50 11
52 11
55 11
72 14
52 13
53 7
55 7
48 13
72 13
52 13
53 7
55 7
48 11
50 11
52 11
55 11
E
S
H
48 2
72 2
45 2
72 2
41 2
72 2
48 6
72 2
48 2
72 2
48 2
72 14
43 2
45 2
48 2
72 2
45 2
72 14
52 2
48 2
45 2
72 2
48 2
72 14
48 2
50 2
53 2
72 2
50 2
72 14
57 2
53 2
48 2
72 2
53 2
72 13
43 4
72 4
45 4
72 4
46 2
72 2
46 2
72 2
49 3
72 1
52 3
72 8
52 3
72 1
50 3
72 8
50 3
72 1
48 3
72 8
48 3
72 1
47 3
72 1
48 3
72 1
50 6
72 2
52 3
72 8
52 3
72 1
50 3
72 8
50 3
72 5
45 3
72 5
47 3
72 5
49 3
72 1
49 3
72 1
52 3
72 1
52 3
72 8
52 3
72 1
50 3
72 8
50 3
72 1
48 3
72 8
48 3
72 1
47 3
72 1
48 3
72 1
50 6
72 2
52 3
72 8
52 3
72 1
50 3
72 8
50 3
72 5
43 2
45 2
48 2
48 2
45 2
43 2
48 2
48 2
45 2
43 2
48 2
48 2
45 2
43 2
72 14
43 2
45 2
48 2
72 2
45 2
72 14
52 2
48 2
45 2
72 2
48 2
72 14
48 2
50 2
53 2
72 2
50 2
72 14
57 2
53 2
48 2
72 2
53 2
72 13
43 4
72 4
45 4
72 4
46 2
72 2
46 2
72 2
49 3
72 1
52 3
72 8
52 3
72 1
50 3
72 8
50 3
72 1
48 3
72 8
48 3
72 1
47 3
72 1
48 3
72 1
50 6
72 2
52 3
72 8
52 3
72 1
50 3
72 8
50 3
72 5
45 3
72 5
47 3
72 5
49 3
72 1
49 3
72 1
52 3
72 1
52 3
72 8
52 3
72 1
50 3
72 8
50 3
72 1
48 3
72 8
48 3
72 1
47 3
72 1
48 3
72 1
50 6
72 2
52 3
72 8
52 3
72 1
50 3
72 8
50 3
72 5
43 2
45 2
48 2
48 2
45 2
43 2
48 2
48 2
45 2
43 2
48 2
48 2
45 2
43 2
72 14
43 2
45 2
48 2
72 2
45 2
72 14
52 2
48 2
45 2
72 2
48 2
72 14
48 2
50 2
53 2
72 2
50 2
72 14
57 2
53 2
48 2
72 2
53 2
72 13
43 4
72 4
45 4
72 4
46 2
72 2
46 2
72 2
49 3
72 1
52 3
72 8
52 3
72 1
50 3
72 8
50 3
72 1
48 3
72 8
48 3
72 1
47 3
72 1
48 3
72 1
50 6
72 2
52 3
72 8
52 3
72 1
50 3
72 8
50 3
72 5
45 3
72 5
47 3
72 5
49 3
72 1
49 3
72 1
52 3
72 1
52 3
72 8
52 3
72 1
50 3
72 8
50 3
72 1
48 3
72 8
48 3
72 1
47 3
72 1
48 3
72 1
50 6
72 2
52 3
72 8
52 3
72 1
50 3
72 8
50 3
72 5
43 2
45 2
48 2
48 2
45 2
43 2
48 2
48 2
45 2
43 2
48 2
48 2
45 2
43 2
72 14
43 2
45 2
48 2
72 2
45 2
72 14
52 2
48 2
45 2
72 2
48 2
72 14
48 2
50 2
53 2
72 2
50 2
72 14
57 2
53 2
48 2
72 2
53 2
72 13
43 4
72 4
45 4
72 4
46 2
72 2
46 2
72 2
49 3
72 1
52 3
72 8
52 3
72 1
50 3
72 8
50 3
72 1
48 3
72 8
48 3
72 1
47 3
72 1
48 3
72 1
50 6
72 2
52 3
72 8
52 3
72 1
50 3
72 8
50 3
72 5
45 3
72 5
47 3
72 5
49 3
72 1
49 3
72 1
52 3
72 1
52 3
72 8
52 3
72 1
50 3
72 8
50 3
72 1
48 3
72 8
48 3
72 1
47 3
72 1
48 3
72 1
50 6
72 2
52 3
72 8
52 3
72 1
50 3
72 8
50 3
72 5
43 2
45 2
48 2
48 2
45 2
43 2
48 2
48 2
45 2
43 2
48 2
48 2
45 2
43 2
72 14
43 2
45 2
48 2
72 2
45 2
72 14
52 2
48 2
45 2
72 2
48 2
72 14
48 2
50 2
53 2
72 2
50 2
72 14
57 2
53 2
48 2
72 2
53 2
72 13
43 4
72 4
45 4
72 4
46 2
72 2
46 2
72 2
49 3
72 1
52 3
72 8
52 3
72 1
50 3
72 8
50 3
72 1
48 3
72 8
48 3
72 1
47 3
72 1
48 3
72 1
50 6
72 2
52 3
72 8
52 3
72 1
50 3
72 8
50 3
72 5
45 3
72 5
47 3
72 5
49 3
72 1
49 3
72 1
52 3
72 1
52 3
72 8
52 3
72 1
50 3
72 8
50 3
72 1
48 3
72 8
48 3
72 1
47 3
72 1
48 3
72 1
50 6
72 2
52 3
72 8
52 3
72 1
50 3
72 8
50 3
72 5
43 2
45 2
48 2
48 2
45 2
43 2
48 2
48 2
45 2
43 2
48 2
48 2
45 2
43 2
72 14
43 2
45 2
48 2
72 2
45 2
72 14
52 2
48 2
45 2
72 2
48 2
E
S
H
57 0
72 2
57 0
72 2
53 0
72 2
53 0
72 2
50 0
72 2
50 0
72 12
52 0
72 7
52 0
72 7
52 0
72 7
52 0
72 7
52 0
72 7
52 0
72 7
52 0
72 2
52 0
72 6
52 0
72 7
52 0
72 7
52 0
72 7
52 0
72 7
52 0
72 7
52 0
72 7
52 0
72 7
52 0
72 2
52 0
72 6
52 0
72 7
57 0
72 7
57 0
72 7
57 0
72 7
57 0
72 7
57 0
72 7
57 0
72 7
57 0
72 2
57 0
72 6
57 0
72 7
57 0
72 7
57 0
72 7
57 0
72 7
57 0
72 7
57 0
72 7
57 0
72 7
57 0
72 2
57 0
72 6
57 0
72 7
52 0
72 7
52 0
72 7
52 0
72 7
52 0
72 7
52 0
72 2
52 0
72 6
52 0
72 7
58 0
72 7
58 0
72 7
57 0
72 7
57 0
72 7
55 0
72 2
55 0
72 6
55 0
72 7
53 0
72 7
53 0
72 7
52 0
72 2
52 0
72 6
52 0
72 7
57 0
72 7
57 0
72 7
55 0
72 2
55 0
72 6
55 0
72 7
59 0
72 7
59 0
72 7
59 0
72 2
59 0
72 6
59 0
72 7
57 0
72 7
57 0
72 7
55 0
72 2
55 0
72 6
55 0
72 7
53 0
72 7
53 0
72 7
52 0
72 2
52 0
72 6
52 0
72 7
57 0
72 7
57 0
72 7
58 0
72 2
58 0
72 6
58 0
72 7
52 0
72 7
52 0
72 4
50 0
72 4
53 0
72 4
57 0
72 9
52 0
72 7
52 0
72 7
52 0
72 7
52 0
72 7
52 0
72 7
52 0
72 7
52 0
72 2
52 0
72 6
52 0
72 7
52 0
72 7
52 0
72 7
52 0
72 7
52 0
72 7
52 0
72 7
52 0
72 7
52 0
72 2
52 0
72 6
52 0
72 7
57 0
72 7
57 0
72 7
57 0
72 7
57 0
72 7
57 0
72 7
57 0
72 7
57 0
72 2
57 0
72 6
57 0
72 7
57 0
72 7
57 0
72 7
57 0
72 7
57 0
72 7
57 0
72 7
57 0
72 7
57 0
72 2
57 0
72 6
57 0
72 7
52 0
72 7
52 0
72 7
52 0
72 7
52 0
72 7
52 0
72 2
52 0
72 6
52 0
72 7
58 0
72 7
58 0
72 7
57 0
72 7
57 0
72 7
55 0
72 2
55 0
72 6
55 0
72 7
53 0
72 7
53 0
72 7
52 0
72 2
52 0
72 6
52 0
72 7
57 0
72 7
57 0
72 7
55 0
72 2
55 0
72 6
55 0
72 7
59 0
72 7
59 0
72 7
59 0
72 2
59 0
72 6
59 0
72 7
57 0
72 7
57 0
72 7
55 0
72 2
55 0
72 6
55 0
72 7
53 0
72 7
53 0
72 7
52 0
72 2
52 0
72 6
52 0
72 7
57 0
72 7
57 0
72 7
58 0
72 2
58 0
72 6
58 0
72 7
52 0
72 7
52 0
72 4
50 0
72 4
53 0
72 4
57 0
72 9
52 0
72 7
52 0
72 7
52 0
72 7
52 0
72 7
52 0
72 7
52 0
72 7
52 0
72 2
52 0
72 6
52 0
72 7
52 0
72 7
52 0
72 7
52 0
72 7
52 0
72 7
52 0
72 7
52 0
72 7
52 0
72 2
52 0
72 6
52 0
72 7
57 0
72 7
57 0
72 7
57 0
72 7
57 0
72 7
57 0
72 7
57 0
72 7
57 0
72 2
57 0
72 6
57 0
72 7
57 0
72 7
57 0
72 7
57 0
72 7
57 0
72 7
57 0
72 7
57 0
72 7
57 0
72 2
57 0
72 6
57 0
72 7
52 0
72 7
52 0
72 7
52 0
72 7
52 0
72 7
52 0
72 2
52 0
72 6
52 0
72 7
58 0
72 7
58 0
72 7
57 0
72 7
57 0
72 7
55 0
72 2
55 0
72 6
55 0
72 7
53 0
72 7
53 0
72 7
52 0
72 2
52 0
72 6
52 0
72 7
57 0
72 7
57 0
72 7
55 0
72 2
55 0
72 6
55 0
72 7
59 0
72 7
59 0
72 7
59 0
72 2
59 0
72 6
59 0
72 7
57 0
72 7
57 0
72 7
55 0
72 2
55 0
72 6
55 0
72 7
53 0
72 7
53 0
72 7
52 0
72 2
52 0
72 6
52 0
72 7
57 0
72 7
57 0
72 7
58 0
72 2
58 0
72 6
58 0
72 7
52 0
72 7
52 0
72 4
50 0
72 4
53 0
72 4
57 0
72 9
52 0
72 7
52 0
72 7
52 0
72 7
52 0
72 7
52 0
72 7
52 0
72 7
52 0
72 2
52 0
72 6
52 0
72 7
52 0
72 7
52 0
72 7
52 0
72 7
52 0
72 7
52 0
72 7
52 0
72 7
52 0
72 2
52 0
72 6
52 0
72 7
57 0
72 7
57 0
72 7
57 0
72 7
57 0
72 7
57 0
72 7
57 0
72 7
57 0
72 2
57 0
72 6
57 0
72 7
57 0
72 7
57 0
72 7
57 0
72 7
57 0
72 7
57 0
72 7
57 0
72 7
57 0
72 2
57 0
72 6
57 0
72 7
52 0
72 7
52 0
72 7
52 0
72 7
52 0
72 7
52 0
72 2
52 0
72 6
52 0
72 7
58 0
72 7
58 0
72 7
57 0
72 7
57 0
72 7
55 0
72 2
55 0
72 6
55 0
72 7
53 0
72 7
53 0
72 7
52 0
72 2
52 0
72 6
52 0
72 7
57 0
72 7
57 0
72 7
55 0
72 2
55 0
72 6
55 0
72 7
59 0
72 7
59 0
72 7
59 0
72 2
59 0
72 6
59 0
72 7
57 0
72 7
57 0
72 7
55 0
72 2
55 0
72 6
55 0
72 7
53 0
72 7
53 0
72 7
52 0
72 2
52 0
72 6
52 0
72 7
57 0
72 7
57 0
72 7
58 0
72 2
58 0
72 6
58 0
72 7
52 0
72 7
52 0
72 4
50 0
72 4
53 0
72 4
57 0
72 9
52 0
72 7
52 0
72 7
52 0
72 7
52 0
72 7
52 0
72 7
52 0
72 7
52 0
72 2
52 0
72 6
52 0
72 7
52 0
72 7
52 0
72 7
52 0
72 7
52 0
72 7
52 0
72 7
52 0
72 7
52 0
72 2
52 0
72 6
52 0
72 7
57 0
72 7
57 0
72 7
57 0
72 7
57 0
72 7
57 0
72 7
57 0
72 7
57 0
72 2
57 0
72 6
57 0
72 7
57 0
72 7
57 0
72 7
57 0
72 7
57 0
72 7
57 0
72 7
57 0
72 7
57 0
72 2
57 0
72 6
57 0
72 7
52 0
72 7
52 0
72 7
52 0
72 7
52 0
72 7
52 0
72 2
52 0
72 6
52 0
72 7
58 0
72 7
58 0
72 7
57 0
72 7
57 0
72 7
55 0
72 2
55 0
72 6
55 0
72 7
53 0
72 7
53 0
72 7
52 0
72 2
52 0
72 6
52 0
72 7
57 0
72 7
57 0
72 7
55 0
72 2
55 0
72 6
55 0
72 7
59 0
72 7
59 0
72 7
59 0
72 2
59 0
72 6
59 0
72 7
57 0
72 7
57 0
72 7
55 0
72 2
55 0
72 6
55 0
72 7
53 0
72 7
53 0
72 7
52 0
72 2
52 0
72 6
52 0
72 7
57 0
72 7
57 0
72 7
58 0
72 2
58 0
72 6
58 0
72 7
52 0
72 7
52 0
72 4
50 0
72 4
53 0
72 4
57 0
72 9
52 0
72 7
52 0
72 7
52 0
72 7
52 0
72 7
52 0
72 7
52 0
72 7
52 0
72 2
52 0
72 6
52 0
72 7
52 0
72 7
52 0
72 7
52 0
72 7
52 0
72 7
52 0
72 7
52 0
72 7
52 0
72 2
52 0
72 6
52 0
E
S
H
60 0
72 2
60 0
72 2
57 0
72 2
57 0
72 2
53 0
72 2
53 0
72 12
55 0
72 7
55 0
72 7
55 0
72 7
55 0
72 7
55 0
72 7
55 0
72 7
55 0
72 2
55 0
72 6
55 0
72 7
55 0
72 7
55 0
72 7
55 0
72 7
55 0
72 7
55 0
72 7
55 0
72 7
55 0
72 2
55 0
72 6
55 0
72 7
60 0
72 7
60 0
72 7
60 0
72 7
60 0
72 7
60 0
72 7
60 0
72 7
60 0
72 2
60 0
72 6
60 0
72 7
60 0
72 7
60 0
72 7
60 0
72 7
60 0
72 7
60 0
72 7
60 0
72 7
60 0
72 2
60 0
72 6
60 0
72 7
55 0
72 7
55 0
72 7
55 0
72 7
55 0
72 7
55 0
72 2
55 0
72 6
55 0
72 7
61 0
72 7
61 0
72 7
60 0
72 7
60 0
72 7
59 0
72 2
59 0
72 6
59 0
72 7
57 0
72 7
57 0
72 7
55 0
72 2
55 0
72 6
55 0
72 7
60 0
72 7
60 0
72 7
59 0
72 2
59 0
72 6
59 0
72 7
62 0
72 7
62 0
72 7
61 0
72 2
61 0
72 6
61 0
72 7
60 0
72 7
60 0
72 7
59 0
72 2
59 0
72 6
59 0
72 7
57 0
72 7
57 0
72 7
55 0
72 2
55 0
72 6
55 0
72 7
60 0
72 7
60 0
72 7
62 0
72 2
62 0
72 6
62 0
72 7
55 0
72 7
55 0
72 4
53 0
72 4
57 0
72 4
60 0
72 9
55 0
72 7
55 0
72 7
55 0
72 7
55 0
72 7
55 0
72 7
55 0
72 7
55 0
72 2
55 0
72 6
55 0
72 7
55 0
72 7
55 0
72 7
55 0
72 7
55 0
72 7
55 0
72 7
55 0
72 7
55 0
72 2
55 0
72 6
55 0
72 7
60 0
72 7
60 0
72 7
60 0
72 7
60 0
72 7
60 0
72 7
60 0
72 7
60 0
72 2
60 0
72 6
60 0
72 7
60 0
72 7
60 0
72 7
60 0
72 7
60 0
72 7
60 0
72 7
60 0
72 7
60 0
72 2
60 0
72 6
60 0
72 7
55 0
72 7
55 0
72 7
55 0
72 7
55 0
72 7
55 0
72 2
55 0
72 6
55 0
72 7
61 0
72 7
61 0
72 7
60 0
72 7
60 0
72 7
59 0
72 2
59 0
72 6
59 0
72 7
57 0
72 7
57 0
72 7
55 0
72 2
55 0
72 6
55 0
72 7
60 0
72 7
60 0
72 7
59 0
72 2
59 0
72 6
59 0
72 7
62 0
72 7
62 0
72 7
61 0
72 2
61 0
72 6
61 0
72 7
60 0
72 7
60 0
72 7
59 0
72 2
59 0
72 6
59 0
72 7
57 0
72 7
57 0
72 7
55 0
72 2
55 0
72 6
55 0
72 7
60 0
72 7
60 0
72 7
62 0
72 2
62 0
72 6
62 0
72 7
55 0
72 7
55 0
72 4
53 0
72 4
57 0
72 4
60 0
72 9
55 0
72 7
55 0
72 7
55 0
72 7
55 0
72 7
55 0
72 7
55 0
72 7
55 0
72 2
55 0
72 6
55 0
72 7
55 0
72 7
55 0
72 7
55 0
72 7
55 0
72 7
55 0
72 7
55 0
72 7
55 0
72 2
55 0
72 6
55 0
72 7
60 0
72 7
60 0
72 7
60 0
72 7
60 0
72 7
60 0
72 7
60 0
72 7
60 0
72 2
60 0
72 6
60 0
72 7
60 0
72 7
60 0
72 7
60 0
72 7
60 0
72 7
60 0
72 7
60 0
72 7
60 0
72 2
60 0
72 6
60 0
72 7
55 0
72 7
55 0
72 7
55 0
72 7
55 0
72 7
55 0
72 2
55 0
72 6
55 0
72 7
61 0
72 7
61 0
72 7
60 0
72 7
60 0
72 7
59 0
72 2
59 0
72 6
59 0
72 7
57 0
72 7
57 0
72 7
55 0
72 2
55 0
72 6
55 0
72 7
60 0
72 7
60 0
72 7
59 0
72 2
59 0
72 6
59 0
72 7
62 0
72 7
62 0
72 7
61 0
72 2
61 0
72 6
61 0
72 7
60 0
72 7
60 0
72 7
59 0
72 2
59 0
72 6
59 0
72 7
57 0
72 7
57 0
72 7
55 0
72 2
55 0
72 6
55 0
72 7
60 0
72 7
60 0
72 7
62 0
72 2
62 0
72 6
62 0
72 7
55 0
72 7
55 0
72 4
53 0
72 4
57 0
72 4
60 0
72 9
55 0
72 7
55 0
72 7
55 0
72 7
55 0
72 7
55 0
72 7
55 0
72 7
55 0
72 2
55 0
72 6
55 0
72 7
55 0
72 7
55 0
72 7
55 0
72 7
55 0
72 7
55 0
72 7
55 0
72 7
55 0
72 2
55 0
72 6
55 0
72 7
60 0
72 7
60 0
72 7
60 0
72 7
60 0
72 7
60 0
72 7
60 0
72 7
60 0
72 2
60 0
72 6
60 0
72 7
60 0
72 7
60 0
72 7
60 0
72 7
60 0
72 7
60 0
72 7
60 0
72 7
60 0
72 2
60 0
72 6
60 0
72 7
55 0
72 7
55 0
72 7
55 0
72 7
55 0
72 7
55 0
72 2
55 0
72 6
55 0
72 7
61 0
72 7
61 0
72 7
60 0
72 7
60 0
72 7
59 0
72 2
59 0
72 6
59 0
72 7
57 0
72 7
57 0
72 7
55 0
72 2
55 0
72 6
55 0
72 7
60 0
72 7
60 0
72 7
59 0
72 2
59 0
72 6
59 0
72 7
62 0
72 7
62 0
72 7
61 0
72 2
61 0
72 6
61 0
72 7
60 0
72 7
60 0
72 7
59 0
72 2
59 0
72 6
59 0
72 7
57 0
72 7
57 0
72 7
55 0
72 2
55 0
72 6
55 0
72 7
60 0
72 7
60 0
72 7
62 0
72 2
62 0
72 6
62 0
72 7
55 0
72 7
55 0
72 4
53 0
72 4
57 0
72 4
60 0
72 9
55 0
72 7
55 0
72 7
55 0
72 7
55 0
72 7
55 0
72 7
55 0
72 7
55 0
72 2
55 0
72 6
55 0
72 7
55 0
72 7
55 0
72 7
55 0
72 7
55 0
72 7
55 0
72 7
55 0
72 7
55 0
72 2
55 0
72 6
55 0
72 7
60 0
72 7
60 0
72 7
60 0
72 7
60 0
72 7
60 0
72 7
60 0
72 7
60 0
72 2
60 0
72 6
60 0
72 7
60 0
72 7
60 0
72 7
60 0
72 7
60 0
72 7
60 0
72 7
60 0
72 7
60 0
72 2
60 0
72 6
60 0
72 7
55 0
72 7
55 0
72 7
55 0
72 7
55 0
72 7
55 0
72 2
55 0
72 6
55 0
72 7
61 0
72 7
61 0
72 7
60 0
72 7
60 0
72 7
59 0
72 2
59 0
72 6
59 0
72 7
57 0
72 7
57 0
72 7
55 0
72 2
55 0
72 6
55 0
72 7
60 0
72 7
60 0
72 7
59 0
72 2
59 0
72 6
59 0
72 7
62 0
72 7
62 0
72 7
61 0
72 2
61 0
72 6
61 0
72 7
60 0
72 7
60 0
72 7
59 0
72 2
59 0
72 6
59 0
72 7
57 0
72 7
57 0
72 7
55 0
72 2
55 0
72 6
55 0
72 7
60 0
72 7
60 0
72 7
62 0
72 2
62 0
72 6
62 0
72 7
55 0
72 7
55 0
72 4
53 0
72 4
57 0
72 4
60 0
72 9
55 0
72 7
55 0
72 7
55 0
72 7
55 0
72 7
55 0
72 7
55 0
72 7
55 0
72 2
55 0
72 6
55 0
72 7
55 0
72 7
55 0
72 7
55 0
72 7
55 0
72 7
55 0
72 7
55 0
72 7
55 0
72 2
55 0
72 6
55 0
E
S
L
16 0
72 4
16 0
72 4
16 0
72 4
232 0
72 7
177 0
72 4
177 0
72 7
232 0
72 7
18 0
72 4
184 0
72 4
184 0
72 4
18 0
72 4
177 0
72 4
18 0
72 4
232 0
72 7
18 0
72 4
184 0
72 4
184 0
72 4
18 0
72 4
177 0
72 4
18 0
72 2
18 0
72 2
232 0
72 7
18 0
72 4
184 0
72 4
184 0
72 4
18 0
72 4
177 0
72 4
18 0
72 4
232 0
72 7
18 0
72 4
184 0
72 4
184 0
72 2
18 0
72 2
18 0
72 4
177 0
72 2
18 0
72 2
18 0
72 4
232 0
72 7
18 0
72 4
184 0
72 4
184 0
72 4
18 0
72 4
177 0
72 4
18 0
72 4
232 0
72 7
18 0
72 4
184 0
72 4
184 0
72 4
18 0
72 4
177 0
72 4
18 0
72 2
18 0
72 2
232 0
72 7
18 0
72 4
184 0
72 4
184 0
72 4
18 0
72 4
177 0
72 4
18 0
72 4
232 0
72 7
18 0
72 4
184 0
72 4
184 0
72 4
18 0
72 4
177 0
72 4
18 0
72 4
232 0
72 7
18 0
72 4
184 0
72 4
184 0
72 4
18 0
72 4
177 0
72 4
18 0
72 4
232 0
72 7
18 0
72 4
184 0
72 4
184 0
72 4
177 0
72 4
177 0
72 4
177 0
72 4
11 0
72 2
18 0
72 4
18 0
72 2
16 0
72 2
18 0
72 2
232 0
72 4
184 0
72 4
18 0
72 4
177 0
72 4
18 0
72 4
184 0
72 4
18 0
72 4
177 0
72 4
184 0
72 4
184 0
72 4
18 0
72 4
177 0
72 4
22 0
72 4
184 0
72 4
18 0
72 4
177 0
72 4
184 0
72 4
184 0
72 4
18 0
72 4
177 0
72 4
18 0
72 4
184 0
72 4
18 0
72 4
177 0
72 4
184 0
72 4
184 0
72 2
18 0
72 2
225 0
72 4
177 0
72 2
18 0
72 2
22 0
72 4
11 0
72 2
18 0
72 4
18 0
72 2
16 0
72 2
18 0
72 2
232 0
72 4
184 0
72 4
18 0
72 4
177 0
72 4
18 0
72 4
184 0
72 4
18 0
72 4
177 0
72 4
184 0
72 4
184 0
72 4
18 0
72 4
177 0
72 4
22 0
72 4
184 0
72 4
18 0
72 4
177 0
72 4
184 0
72 4
184 0
72 4
18 0
72 4
177 0
72 4
18 0
72 4
184 0
72 4
18 0
72 4
177 0
72 4
184 0
72 4
232 0
72 4
16 0
72 4
225 0
72 4
16 0
72 4
232 0
72 7
18 0
72 4
184 0
72 4
184 0
72 4
18 0
72 4
177 0
72 4
18 0
72 4
232 0
72 7
18 0
72 4
184 0
72 4
184 0
72 4
18 0
72 4
177 0
72 4
18 0
72 2
18 0
72 2
232 0
72 7
18 0
72 4
184 0
72 4
184 0
72 4
18 0
72 4
177 0
72 4
18 0
72 4
232 0
72 7
18 0
72 4
184 0
72 4
184 0
72 2
18 0
72 2
18 0
72 4
177 0
72 2
18 0
72 2
18 0
72 4
232 0
72 7
18 0
72 4
184 0
72 4
184 0
72 4
18 0
72 4
177 0
72 4
18 0
72 4
232 0
72 7
18 0
72 4
184 0
72 4
184 0
72 4
18 0
72 4
177 0
72 4
18 0
72 2
18 0
72 2
232 0
72 7
18 0
72 4
184 0
72 4
184 0
72 4
18 0
72 4
177 0
72 4
18 0
72 4
232 0
72 7
18 0
72 4
184 0
72 4
184 0
72 4
18 0
72 4
177 0
72 4
18 0
72 4
232 0
72 7
18 0
72 4
184 0
72 4
184 0
72 4
18 0
72 4
177 0
72 4
18 0
72 4
232 0
72 7
18 0
72 4
184 0
72 4
184 0
72 4
177 0
72 4
177 0
72 4
177 0
72 4
11 0
72 2
18 0
72 4
18 0
72 2
16 0
72 2
18 0
72 2
232 0
72 4
184 0
72 4
18 0
72 4
177 0
72 4
18 0
72 4
184 0
72 4
18 0
72 4
177 0
72 4
184 0
72 4
184 0
72 4
18 0
72 4
177 0
72 4
22 0
72 4
184 0
72 4
18 0
72 4
177 0
72 4
184 0
72 4
184 0
72 4
18 0
72 4
177 0
72 4
18 0
72 4
184 0
72 4
18 0
72 4
177 0
72 4
184 0
72 4
184 0
72 2
18 0
72 2
225 0
72 4
177 0
72 2
18 0
72 2
22 0
72 4
11 0
72 2
18 0
72 4
18 0
72 2
16 0
72 2
18 0
72 2
232 0
72 4
184 0
72 4
18 0
72 4
177 0
72 4
18 0
72 4
184 0
72 4
18 0
72 4
177 0
72 4
184 0
72 4
184 0
72 4
18 0
72 4
177 0
72 4
22 0
72 4
184 0
72 4
18 0
72 4
177 0
72 4
184 0
72 4
184 0
72 4
18 0
72 4
177 0
72 4
18 0
72 4
184 0
72 4
18 0
72 4
177 0
72 4
184 0
72 4
232 0
72 4
16 0
72 4
225 0
72 4
16 0
72 4
232 0
72 7
18 0
72 4
184 0
72 4
184 0
72 4
18 0
72 4
177 0
72 4
18 0
72 4
232 0
72 7
18 0
72 4
184 0
72 4
184 0
72 4
18 0
72 4
177 0
72 4
18 0
72 2
18 0
72 2
232 0
72 7
18 0
72 4
184 0
72 4
184 0
72 4
18 0
72 4
177 0
72 4
18 0
72 4
232 0
72 7
18 0
72 4
184 0
72 4
184 0
72 2
18 0
72 2
18 0
72 4
177 0
72 2
18 0
72 2
18 0
72 4
232 0
72 7
18 0
72 4
184 0
72 4
184 0
72 4
18 0
72 4
177 0
72 4
18 0
72 4
232 0
72 7
18 0
72 4
184 0
72 4
184 0
72 4
18 0
72 4
177 0
72 4
18 0
72 2
18 0
72 2
232 0
72 7
18 0
72 4
184 0
72 4
184 0
72 4
18 0
72 4
177 0
72 4
18 0
72 4
232 0
72 7
18 0
72 4
184 0
72 4
184 0
72 4
18 0
72 4
177 0
72 4
18 0
72 4
232 0
72 7
18 0
72 4
184 0
72 4
184 0
72 4
18 0
72 4
177 0
72 4
18 0
72 4
232 0
72 7
18 0
72 4
184 0
72 4
184 0
72 4
177 0
72 4
177 0
72 4
177 0
72 4
11 0
72 2
18 0
72 4
18 0
72 2
16 0
72 2
18 0
72 2
232 0
72 4
184 0
72 4
18 0
72 4
177 0
72 4
18 0
72 4
184 0
72 4
18 0
72 4
177 0
72 4
184 0
72 4
184 0
72 4
18 0
72 4
177 0
72 4
22 0
72 4
184 0
72 4
18 0
72 4
177 0
72 4
184 0
72 4
184 0
72 4
18 0
72 4
177 0
72 4
18 0
72 4
184 0
72 4
18 0
72 4
177 0
72 4
184 0
72 4
184 0
72 2
18 0
72 2
225 0
72 4
177 0
72 2
18 0
72 2
22 0
72 4
11 0
72 2
18 0
72 4
18 0
72 2
16 0
72 2
18 0
72 2
232 0
72 4
184 0
72 4
18 0
72 4
177 0
72 4
18 0
72 4
184 0
72 4
18 0
72 4
177 0
72 4
184 0
72 4
184 0
72 4
18 0
72 4
177 0
72 4
22 0
72 4
184 0
72 4
18 0
72 4
177 0
72 4
184 0
72 4
184 0
72 4
18 0
72 4
177 0
72 4
18 0
72 4
184 0
72 4
18 0
72 4
177 0
72 4
184 0
72 4
232 0
72 4
16 0
72 4
225 0
72 4
16 0
72 4
232 0
72 7
18 0
72 4
184 0
72 4
184 0
72 4
18 0
72 4
177 0
72 4
18 0
72 4
232 0
72 7
18 0
72 4
184 0
72 4
184 0
72 4
18 0
72 4
177 0
72 4
18 0
72 2
18 0
72 2
232 0
72 7
18 0
72 4
184 0
72 4
184 0
72 4
18 0
72 4
177 0
72 4
18 0
72 4
232 0
72 7
18 0
72 4
184 0
72 4
184 0
72 2
18 0
72 2
18 0
72 4
177 0
72 2
18 0
72 2
18 0
72 4
232 0
72 7
18 0
72 4
184 0
72 4
184 0
72 4
18 0
72 4
177 0
72 4
18 0
72 4
232 0
72 7
18 0
72 4
184 0
72 4
184 0
72 4
18 0
72 4
177 0
72 4
18 0
72 2
18 0
72 2
232 0
72 7
18 0
72 4
184 0
72 4
184 0
72 4
18 0
72 4
177 0
72 4
18 0
72 4
232 0
72 7
18 0
72 4
184 0
72 4
184 0
72 4
18 0
72 4
177 0
72 4
18 0
72 4
232 0
72 7
18 0
72 4
184 0
72 4
184 0
72 4
18 0
72 4
177 0
72 4
18 0
72 4
232 0
72 7
18 0
72 4
184 0
72 4
184 0
72 4
177 0
72 4
177 0
72 4
177 0
72 4
11 0
72 2
18 0
72 4
18 0
72 2
16 0
72 2
18 0
72 2
232 0
72 4
184 0
72 4
18 0
72 4
177 0
72 4
18 0
72 4
184 0
72 4
18 0
72 4
177 0
72 4
184 0
72 4
184 0
72 4
18 0
72 4
177 0
72 4
22 0
72 4
184 0
72 4
18 0
72 4
177 0
72 4
184 0
72 4
184 0
72 4
18 0
72 4
177 0
72 4
18 0
72 4
184 0
72 4
18 0
72 4
177 0
72 4
184 0
72 4
184 0
72 2
18 0
72 2
225 0
72 4
177 0
72 2
18 0
72 2
22 0
72 4
11 0
72 2
18 0
72 4
18 0
72 2
16 0
72 2
18 0
72 2
232 0
72 4
184 0
72 4
18 0
72 4
177 0
72 4
18 0
72 4
184 0
72 4
18 0
72 4
177 0
72 4
184 0
72 4
184 0
72 4
18 0
72 4
177 0
72 4
22 0
72 4
184 0
72 4
18 0
72 4
177 0
72 4
184 0
72 4
184 0
72 4
18 0
72 4
177 0
72 4
18 0
72 4
184 0
72 4
18 0
72 4
177 0
72 4
184 0
72 4
232 0
72 4
16 0
72 4
225 0
72 4
16 0
72 4
232 0
72 7
18 0
72 4
184 0
72 4
184 0
72 4
18 0
72 4
177 0
72 4
18 0
72 4
232 0
72 7
18 0
72 4
184 0
72 4
184 0
72 4
18 0
72 4
177 0
72 4
18 0
72 2
18 0
72 2
232 0
72 7
18 0
72 4
184 0
72 4
184 0
72 4
18 0
72 4
177 0
72 4
18 0
72 4
232 0
72 7
18 0
72 4
184 0
72 4
184 0
72 2
18 0
72 2
18 0
72 4
177 0
72 2
18 0
72 2
18 0
72 4
232 0
72 7
18 0
72 4
184 0
72 4
184 0
72 4
18 0
72 4
177 0
72 4
18 0
72 4
232 0
72 7
18 0
72 4
184 0
72 4
184 0
72 4
18 0
72 4
177 0
72 4
18 0
72 2
18 0
72 2
232 0
72 7
18 0
72 4
184 0
72 4
184 0
72 4
18 0
72 4
177 0
72 4
18 0
72 4
232 0
72 7
18 0
72 4
184 0
72 4
184 0
72 4
18 0
72 4
177 0
72 4
18 0
72 4
232 0
72 7
18 0
72 4
184 0
72 4
184 0
72 4
18 0
72 4
177 0
72 4
18 0
72 4
232 0
72 7
18 0
72 4
184 0
72 4
184 0
72 4
177 0
72 4
177 0
72 4
177 0
72 4
11 0
72 2
18 0
72 4
18 0
72 2
16 0
72 2
18 0
72 2
232 0
72 4
184 0
72 4
18 0
72 4
177 0
72 4
18 0
72 4
184 0
72 4
18 0
72 4
177 0
72 4
184 0
72 4
184 0
72 4
18 0
72 4
177 0
72 4
22 0
72 4
184 0
72 4
18 0
72 4
177 0
72 4
184 0
72 4
184 0
72 4
18 0
72 4
177 0
72 4
18 0
72 4
184 0
72 4
18 0
72 4
177 0
72 4
184 0
72 4
184 0
72 2
18 0
72 2
225 0
72 4
177 0
72 2
18 0
72 2
22 0
72 4
11 0
72 2
18 0
72 4
18 0
72 2
16 0
72 2
18 0
72 2
232 0
72 4
184 0
72 4
18 0
72 4
177 0
72 4
18 0
72 4
184 0
72 4
18 0
72 4
177 0
72 4
184 0
72 4
184 0
72 4
18 0
72 4
177 0
72 4
22 0
72 4
184 0
72 4
18 0
72 4
177 0
72 4
184 0
72 4
184 0
72 4
18 0
72 4
177 0
72 4
18 0
72 4
184 0
72 4
18 0
72 4
177 0
72 4
184 0
72 4
232 0
72 4
16 0
72 4
225 0
72 4
16 0
72 4
232 0
72 7
18 0
72 4
184 0
72 4
184 0
72 4
18 0
72 4
177 0
72 4
18 0
72 4
232 0
72 7
18 0
72 4
184 0
72 4
184 0
72 4
18 0
72 4
177 0
72 4
18 0
72 2
18 0
72 2
232 0
72 7
18 0
72 4
184 0
72 4
184 0
72 4
18 0
72 4
177 0
72 4
18 0
72 4
232 0
72 7
18 0
72 4
184 0
72 4
184 0
72 2
18 0
72 2
18 0
72 4
177 0
72 2
18 0
72 2
18 0
E
X
