minor
S
H
1744 2
72 2
1393 2
72 2
1393 2
72 2
1744 2
1744 2
72 12
57 6
72 2
59 6
72 2
60 6
72 2
62 6
72 2
60 6
72 2
59 6
72 2
60 6
72 2
64 14
72 8
57 6
72 2
59 6
72 2
60 6
72 2
62 6
72 2
60 6
72 2
59 6
72 2
60 6
72 2
65 13
72 2
67 10
72 2
68 10
72 2
218 10
72 2
244 6
72 2
101 6
72 2
244 10
72 2
101 6
72 2
127 6
72 8
57 6
72 2
59 6
72 2
60 6
72 2
62 6
72 2
60 6
72 2
59 6
72 2
60 6
72 2
64 14
72 8
57 6
72 2
59 6
72 2
60 6
72 2
62 6
72 2
60 6
72 2
59 6
72 2
60 6
72 2
65 13
72 2
67 10
72 2
68 10
72 2
218 10
72 2
244 6
72 2
101 6
72 2
244 10
72 2
101 6
72 2
127 6
72 8
57 6
72 2
59 6
72 2
60 6
72 2
62 6
72 2
60 6
72 2
59 6
72 2
60 6
72 2
64 14
72 8
57 6
72 2
59 6
72 2
60 6
72 2
62 6
72 2
60 6
72 2
59 6
72 2
60 6
72 2
65 13
72 2
67 10
72 2
68 10
72 2
218 10
72 2
244 6
72 2
101 6
72 2
244 10
72 2
101 6
72 2
127 6
72 8
57 6
72 2
59 6
72 2
60 6
72 2
62 6
72 2
60 6
72 2
59 6
72 2
60 6
72 2
64 14
72 8
57 6
72 2
59 6
72 2
60 6
72 2
62 6
72 2
60 6
72 2
59 6
72 2
60 6
72 2
65 13
72 2
67 10
72 2
68 10
72 2
218 10
72 2
244 6
72 2
101 6
72 2
244 10
72 2
101 6
72 2
127 6
72 8
57 6
72 2
59 6
72 2
60 6
72 2
62 6
72 2
60 6
72 2
59 6
72 2
60 6
72 2
64 14
72 8
57 6
72 2
59 6
72 2
60 6
72 2
62 6
72 2
60 6
72 2
59 6
72 2
60 6
72 2
65 13
72 2
67 10
72 2
68 10
72 2
218 10
72 2
244 6
72 2
101 6
72 2
244 10
72 2
101 6
72 2
127 6
E
S
L
72 11
40 2
40 2
40 2
38 2
36 2
35 2
213 14
72 2
214 13
72 2
528 13
72 2
213 14
72 2
214 13
72 2
528 10
72 2
673 10
72 2
214 13
72 2
528 10
72 2
673 10
72 2
213 14
72 2
214 13
72 2
528 13
72 2
213 14
72 2
214 13
72 2
528 10
72 2
673 10
72 2
214 13
72 2
528 10
72 2
673 10
72 2
213 14
72 2
214 13
72 2
528 13
72 2
213 14
72 2
214 13
72 2
528 10
72 2
673 10
72 2
214 13
72 2
528 10
72 2
673 10
72 2
213 14
72 2
214 13
72 2
528 13
72 2
213 14
72 2
214 13
72 2
528 10
72 2
673 10
72 2
214 13
72 2
528 10
72 2
673 10
72 2
213 14
72 2
214 13
72 2
528 13
72 2
213 14
72 2
214 13
72 2
528 10
72 2
673 10
72 2
214 13
72 2
528 10
72 2
673 10
E
S
H
1744 2
72 2
1393 2
72 2
1393 2
72 2
1744 2
1744 2
72 13
33 2
72 2
36 2
72 2
40 2
72 2
45 2
43 2
45 12
72 6
60 6
72 2
57 4
53 2
72 2
50 8
72 5
62 6
72 2
60 4
59 2
72 2
56 8
72 12
33 2
72 2
36 2
72 2
40 2
72 2
45 2
43 2
45 12
72 6
60 6
72 2
57 4
53 2
72 2
50 8
72 5
62 6
72 2
60 4
59 2
72 2
56 8
72 1
218 10
72 2
244 6
72 2
101 6
72 2
244 10
72 2
101 6
72 2
127 6
72 12
33 2
72 2
36 2
72 2
40 2
72 2
45 2
43 2
45 12
72 6
60 6
72 2
57 4
53 2
72 2
50 8
72 5
62 6
72 2
60 4
59 2
72 2
56 8
72 12
33 2
72 2
36 2
72 2
40 2
72 2
45 2
43 2
45 12
72 6
60 6
72 2
57 4
53 2
72 2
50 8
72 5
62 6
72 2
60 4
59 2
72 2
56 8
72 1
218 10
72 2
244 6
72 2
101 6
72 2
244 10
72 2
101 6
72 2
127 6
72 12
33 2
72 2
36 2
72 2
40 2
72 2
45 2
43 2
45 12
72 6
60 6
72 2
57 4
53 2
72 2
50 8
72 5
62 6
72 2
60 4
59 2
72 2
56 8
72 12
33 2
72 2
36 2
72 2
40 2
72 2
45 2
43 2
45 12
72 6
60 6
72 2
57 4
53 2
72 2
50 8
72 5
62 6
72 2
60 4
59 2
72 2
56 8
72 1
218 10
72 2
244 6
72 2
101 6
72 2
244 10
72 2
101 6
72 2
127 6
72 12
33 2
72 2
36 2
72 2
40 2
72 2
45 2
43 2
45 12
72 6
60 6
72 2
57 4
53 2
72 2
50 8
72 5
62 6
72 2
60 4
59 2
72 2
56 8
72 12
33 2
72 2
36 2
72 2
40 2
72 2
45 2
43 2
45 12
72 6
60 6
72 2
57 4
53 2
72 2
50 8
72 5
62 6
72 2
60 4
59 2
72 2
56 8
72 1
218 10
72 2
244 6
72 2
101 6
72 2
244 10
72 2
101 6
72 2
127 6
72 12
33 2
72 2
36 2
72 2
40 2
72 2
45 2
43 2
45 12
72 6
60 6
72 2
57 4
53 2
72 2
50 8
72 5
62 6
72 2
60 4
59 2
72 2
56 8
72 12
33 2
72 2
36 2
72 2
40 2
72 2
45 2
43 2
45 12
72 6
60 6
72 2
57 4
53 2
72 2
50 8
72 5
62 6
72 2
60 4
59 2
72 2
56 8
72 1
218 10
72 2
244 6
72 2
101 6
72 2
244 10
72 2
101 6
72 2
127 6
E
S
L
72 11
16 2
16 2
16 2
14 2
12 2
11 2
9 6
72 2
4 6
72 2
9 6
72 2
4 6
72 2
9 4
9 6
72 2
4 4
9 6
72 2
7 6
72 2
5 6
72 2
0 6
72 2
5 6
72 2
0 6
72 2
7 6
72 2
2 6
72 2
8 6
72 2
4 6
72 2
9 6
72 2
4 6
72 2
9 6
72 2
4 6
72 2
9 4
9 6
72 2
4 4
9 6
72 2
7 6
72 2
5 6
72 2
0 6
72 2
5 6
72 2
0 6
72 2
7 6
72 2
2 6
72 2
8 6
72 2
4 6
72 2
5 6
72 2
0 6
72 2
5 6
72 2
0 6
72 2
7 6
72 2
2 6
72 2
8 6
72 2
4 6
72 2
9 6
72 2
4 6
72 2
9 6
72 2
4 6
72 2
9 4
9 6
72 2
4 4
9 6
72 2
7 6
72 2
5 6
72 2
0 6
72 2
5 6
72 2
0 6
72 2
7 6
72 2
2 6
72 2
8 6
72 2
4 6
72 2
9 6
72 2
4 6
72 2
9 6
72 2
4 6
72 2
9 4
9 6
72 2
4 4
9 6
72 2
7 6
72 2
5 6
72 2
0 6
72 2
5 6
72 2
0 6
72 2
7 6
72 2
2 6
72 2
8 6
72 2
4 6
72 2
5 6
72 2
0 6
72 2
5 6
72 2
0 6
72 2
7 6
72 2
2 6
72 2
8 6
72 2
4 6
72 2
9 6
72 2
4 6
72 2
9 6
72 2
4 6
72 2
9 4
9 6
72 2
4 4
9 6
72 2
7 6
72 2
5 6
72 2
0 6
72 2
5 6
72 2
0 6
72 2
7 6
72 2
2 6
72 2
8 6
72 2
4 6
72 2
9 6
72 2
4 6
72 2
9 6
72 2
4 6
72 2
9 4
9 6
72 2
4 4
9 6
72 2
7 6
72 2
5 6
72 2
0 6
72 2
5 6
72 2
0 6
72 2
7 6
72 2
2 6
72 2
8 6
72 2
4 6
72 2
5 6
72 2
0 6
72 2
5 6
72 2
0 6
72 2
7 6
72 2
2 6
72 2
8 6
72 2
4 6
72 2
9 6
72 2
4 6
72 2
9 6
72 2
4 6
72 2
9 4
9 6
72 2
4 4
9 6
72 2
7 6
72 2
5 6
72 2
0 6
72 2
5 6
72 2
0 6
72 2
7 6
72 2
2 6
72 2
8 6
72 2
4 6
72 2
9 6
72 2
4 6
72 2
9 6
72 2
4 6
72 2
9 4
9 6
72 2
4 4
9 6
72 2
7 6
72 2
5 6
72 2
0 6
72 2
5 6
72 2
0 6
72 2
7 6
72 2
2 6
72 2
8 6
72 2
4 6
72 2
5 6
72 2
0 6
72 2
5 6
72 2
0 6
72 2
7 6
72 2
2 6
72 2
8 6
72 2
4 6
72 2
9 6
72 2
4 6
72 2
9 6
72 2
4 6
72 2
9 4
9 6
72 2
4 4
9 6
72 2
7 6
72 2
5 6
72 2
0 6
72 2
5 6
72 2
0 6
72 2
7 6
72 2
2 6
72 2
8 6
72 2
4 6
72 2
9 6
72 2
4 6
72 2
9 6
72 2
4 6
72 2
9 4
9 6
72 2
4 4
9 6
72 2
7 6
72 2
5 6
72 2
0 6
72 2
5 6
72 2
0 6
72 2
7 6
72 2
2 6
72 2
8 6
72 2
4 6
72 2
5 6
72 2
0 6
72 2
5 6
72 2
0 6
72 2
7 6
72 2
2 6
72 2
8 6
72 2
4 6
E
S
L
72 12
21 4
21 2
21 2
21 13
72 13
21 13
72 13
21 13
72 13
21 13
72 13
21 6
72 2
16 6
72 2
21 6
72 2
16 6
72 2
21 4
16 4
21 4
16 4
21 4
16 4
21 4
16 4
21 13
72 13
21 13
72 13
21 13
72 13
21 13
72 13
21 6
72 2
16 6
72 2
21 6
72 2
16 6
72 2
21 4
16 4
21 4
16 4
21 4
16 4
21 4
16 4
21 13
72 13
21 13
72 13
21 13
72 13
21 13
72 13
21 6
72 2
16 6
72 2
21 6
72 2
16 6
72 2
21 4
16 4
21 4
16 4
21 4
16 4
21 4
16 4
21 13
72 13
21 13
72 13
21 13
72 13
21 13
72 13
21 6
72 2
16 6
72 2
21 6
72 2
16 6
72 2
21 4
16 4
21 4
16 4
21 4
16 4
21 4
16 4
21 13
72 13
21 13
72 13
21 13
72 13
21 13
72 13
21 6
72 2
16 6
72 2
21 6
72 2
16 6
72 2
21 4
16 4
21 4
16 4
21 4
16 4
21 4
16 4
E
S
L
11 6
72 2
11 6
72 2
11 4
16 2
16 2
16 2
14 2
12 2
11 2
16 6
72 2
16 6
16 2
16 6
72 2
16 6
72 2
16 4
16 6
72 2
16 4
16 6
72 2
16 6
72 2
16 6
72 2
16 6
16 2
16 6
72 2
16 6
72 2
16 6
72 2
16 6
16 2
16 6
72 2
16 6
72 2
16 6
72 2
16 6
16 2
16 6
72 2
16 6
72 2
16 4
16 6
72 2
16 4
16 6
72 2
16 6
72 2
16 6
72 2
16 6
16 2
16 6
72 2
16 6
72 2
16 6
72 2
16 6
16 2
16 6
72 2
16 6
72 2
16 6
72 2
16 6
16 2
16 6
72 2
16 6
72 2
16 6
72 2
16 6
72 2
16 6
72 2
16 6
72 2
16 6
72 2
16 6
16 2
16 6
72 2
16 6
72 2
16 4
16 6
72 2
16 4
16 6
72 2
16 6
72 2
16 6
72 2
16 6
16 2
16 6
72 2
16 6
72 2
16 6
72 2
16 6
16 2
16 6
72 2
16 6
72 2
16 6
72 2
16 6
16 2
16 6
72 2
16 6
72 2
16 4
16 6
72 2
16 4
16 6
72 2
16 6
72 2
16 6
72 2
16 6
16 2
16 6
72 2
16 6
72 2
16 6
72 2
16 6
16 2
16 6
72 2
16 6
72 2
16 6
72 2
16 6
16 2
16 6
72 2
16 6
72 2
16 6
72 2
16 6
72 2
16 6
72 2
16 6
72 2
16 6
72 2
16 6
16 2
16 6
72 2
16 6
72 2
16 4
16 6
72 2
16 4
16 6
72 2
16 6
72 2
16 6
72 2
16 6
16 2
16 6
72 2
16 6
72 2
16 6
72 2
16 6
16 2
16 6
72 2
16 6
72 2
16 6
72 2
16 6
16 2
16 6
72 2
16 6
72 2
16 4
16 6
72 2
16 4
16 6
72 2
16 6
72 2
16 6
72 2
16 6
16 2
16 6
72 2
16 6
72 2
16 6
72 2
16 6
16 2
16 6
72 2
16 6
72 2
16 6
72 2
16 6
16 2
16 6
72 2
16 6
72 2
16 6
72 2
16 6
72 2
16 6
72 2
16 6
72 2
16 6
72 2
16 6
16 2
16 6
72 2
16 6
72 2
16 4
16 6
72 2
16 4
16 6
72 2
16 6
72 2
16 6
72 2
16 6
16 2
16 6
72 2
16 6
72 2
16 6
72 2
16 6
16 2
16 6
72 2
16 6
72 2
16 6
72 2
16 6
16 2
16 6
72 2
16 6
72 2
16 4
16 6
72 2
16 4
16 6
72 2
16 6
72 2
16 6
72 2
16 6
16 2
16 6
72 2
16 6
72 2
16 6
72 2
16 6
16 2
16 6
72 2
16 6
72 2
16 6
72 2
16 6
16 2
16 6
72 2
16 6
72 2
16 6
72 2
16 6
72 2
16 6
72 2
16 6
72 2
16 6
72 2
16 6
16 2
16 6
72 2
16 6
72 2
16 4
16 6
72 2
16 4
16 6
72 2
16 6
72 2
16 6
72 2
16 6
16 2
16 6
72 2
16 6
72 2
16 6
72 2
16 6
16 2
16 6
72 2
16 6
72 2
16 6
72 2
16 6
16 2
16 6
72 2
16 6
72 2
16 4
16 6
72 2
16 4
16 6
72 2
16 6
72 2
16 6
72 2
16 6
16 2
16 6
72 2
16 6
72 2
16 6
72 2
16 6
16 2
16 6
72 2
16 6
72 2
16 6
72 2
16 6
16 2
16 6
72 2
16 6
72 2
16 6
72 2
16 6
72 2
16 6
72 2
16 6
E
X
