minor
S
L
12 7
12 7
12 7
12 4
7 4
8 7
8 7
10 7
10 4
7 4
12 7
12 7
12 7
12 4
7 4
8 7
8 7
10 7
10 4
7 4
12 7
12 7
12 7
12 4
7 4
8 7
8 7
10 7
10 4
7 4
12 7
12 7
12 7
12 4
7 4
8 7
8 7
10 7
10 4
7 4
12 7
12 7
12 7
12 4
7 4
8 7
8 7
10 7
10 4
7 4
12 7
12 7
12 7
12 4
7 4
8 7
8 7
10 7
10 4
7 4
12 7
12 7
12 7
12 4
7 4
8 7
8 7
10 7
10 4
7 4
12 7
12 7
12 7
12 4
7 4
8 7
8 7
10 7
10 4
7 4
E
S
H
72 4
36 2
36 2
72 4
38 2
41 6
40 4
38 4
36 4
39 4
41 2
36 12
72 4
36 2
36 2
72 4
38 2
41 6
40 4
38 4
36 4
39 4
41 2
36 12
72 4
36 2
36 2
72 4
38 2
41 6
40 4
38 4
36 4
39 4
41 2
36 12
72 4
36 2
36 2
72 4
38 2
41 6
40 4
38 4
36 4
39 4
41 2
36 12
72 4
36 2
36 2
72 4
38 2
41 6
40 4
38 4
36 4
39 4
41 2
36 12
72 4
36 2
36 2
72 4
38 2
41 6
40 4
38 4
36 4
39 4
41 2
36 12
72 4
36 2
36 2
72 4
38 2
41 6
40 4
38 4
36 4
39 4
41 2
36 12
72 4
36 2
36 2
72 4
38 2
41 6
40 4
38 4
36 4
39 4
41 2
36 12
E
S
H
72 7
36 4
72 14
36 4
72 14
36 4
72 14
36 4
72 14
36 4
72 14
36 4
72 14
36 4
72 14
36 4
E
S
H
72 4
40 2
41 2
43 4
40 2
41 2
43 11
72 4
38 2
40 2
41 7
40 4
40 2
41 2
43 7
72 4
40 2
41 2
43 4
40 2
41 2
43 11
72 4
38 2
40 2
41 7
40 4
40 2
41 2
43 7
72 4
40 2
41 2
43 4
40 2
41 2
43 11
72 4
38 2
40 2
41 7
40 4
40 2
41 2
43 7
72 4
40 2
41 2
43 4
40 2
41 2
43 11
72 4
38 2
40 2
41 7
40 4
40 2
41 2
43 7
72 4
40 2
41 2
43 4
40 2
41 2
43 11
72 4
38 2
40 2
41 7
40 4
40 2
41 2
43 7
72 4
40 2
41 2
43 4
40 2
41 2
43 11
72 4
38 2
40 2
41 7
40 4
40 2
41 2
43 7
72 4
40 2
41 2
43 4
40 2
41 2
43 11
72 4
38 2
40 2
41 7
40 4
40 2
41 2
43 7
72 4
40 2
41 2
43 4
40 2
41 2
43 11
72 4
38 2
40 2
41 7
40 4
40 2
41 2
43 7
E
S
L
72 12
24 2
22 2
20 2
22 2
72 12
22 2
20 2
19 2
20 2
72 12
24 2
22 2
20 2
22 2
72 12
22 2
20 2
19 2
20 2
72 12
24 2
22 2
20 2
22 2
72 12
22 2
20 2
19 2
20 2
72 12
24 2
22 2
20 2
22 2
72 12
22 2
20 2
19 2
20 2
72 12
24 2
22 2
20 2
22 2
72 12
22 2
20 2
19 2
20 2
72 12
24 2
22 2
20 2
22 2
72 12
22 2
20 2
19 2
20 2
72 12
24 2
22 2
20 2
22 2
72 12
22 2
20 2
19 2
20 2
72 12
24 2
22 2
20 2
22 2
72 12
22 2
20 2
19 2
20 2
E
S
L
14 2
72 2
14 0
72 1
14 0
72 0
14 0
72 2
14 0
72 4
14 0
72 1
14 0
72 0
14 0
72 2
14 0
72 4
14 0
72 1
14 0
72 0
14 0
72 8
14 2
72 2
14 0
72 1
14 0
72 0
14 0
72 2
14 0
72 4
14 0
72 1
14 0
72 0
14 0
72 2
14 0
72 4
14 0
72 1
14 0
72 0
14 0
72 8
14 2
72 2
14 0
72 1
14 0
72 0
14 0
72 2
14 0
72 4
14 0
72 1
14 0
72 0
14 0
72 2
14 0
72 4
14 0
72 1
14 0
72 0
14 0
72 8
14 2
72 2
14 0
72 1
14 0
72 0
14 0
72 2
14 0
72 4
14 0
72 1
14 0
72 0
14 0
72 2
14 0
72 4
14 0
72 1
14 0
72 0
14 0
72 8
14 2
72 2
14 0
72 1
14 0
72 0
14 0
72 2
14 0
72 4
14 0
72 1
14 0
72 0
14 0
72 2
14 0
72 4
14 0
72 1
14 0
72 0
14 0
72 8
14 2
72 2
14 0
72 1
14 0
72 0
14 0
72 2
14 0
72 4
14 0
72 1
14 0
72 0
14 0
72 2
14 0
72 4
14 0
72 1
14 0
72 0
14 0
72 8
14 2
72 2
14 0
72 1
14 0
72 0
14 0
72 2
14 0
72 4
14 0
72 1
14 0
72 0
14 0
72 2
14 0
72 4
14 0
72 1
14 0
72 0
14 0
72 8
14 2
72 2
14 0
72 1
14 0
72 0
14 0
72 2
14 0
72 4
14 0
72 1
14 0
72 0
14 0
72 2
14 0
72 4
14 0
72 1
14 0
72 0
14 0
72 8
14 2
72 2
14 0
72 1
14 0
72 0
14 0
72 2
14 0
72 4
14 0
72 1
14 0
72 0
14 0
72 2
14 0
72 4
14 0
72 1
14 0
72 0
14 0
72 8
14 2
72 2
14 0
72 1
14 0
72 0
14 0
72 2
14 0
72 4
14 0
72 1
14 0
72 0
14 0
72 2
14 0
72 4
14 0
72 1
14 0
72 0
14 0
72 8
14 2
72 2
14 0
72 1
14 0
72 0
14 0
72 2
14 0
72 4
14 0
72 1
14 0
72 0
14 0
72 2
14 0
72 4
14 0
72 1
14 0
72 0
14 0
72 8
14 2
72 2
14 0
72 1
14 0
72 0
14 0
72 2
14 0
72 4
14 0
72 1
14 0
72 0
14 0
72 2
14 0
72 4
14 0
72 1
14 0
72 0
14 0
72 8
14 2
72 2
14 0
72 1
14 0
72 0
14 0
72 2
14 0
72 4
14 0
72 1
14 0
72 0
14 0
72 2
14 0
72 4
14 0
72 1
14 0
72 0
14 0
72 8
14 2
72 2
14 0
72 1
14 0
72 0
14 0
72 2
14 0
72 4
14 0
72 1
14 0
72 0
14 0
72 2
14 0
72 4
14 0
72 1
14 0
72 0
14 0
72 8
14 2
72 2
14 0
72 1
14 0
72 0
14 0
72 2
14 0
72 4
14 0
72 1
14 0
72 0
14 0
72 2
14 0
72 4
14 0
72 1
14 0
72 0
14 0
72 8
14 2
72 2
14 0
72 1
14 0
72 0
14 0
72 2
14 0
72 4
14 0
72 1
14 0
72 0
14 0
72 2
14 0
72 4
14 0
72 1
14 0
72 0
14 0
E
X
