minor
S
H
158 6
184 12
72 2
145 10
72 2
158 6
72 2
171 6
72 6
54 4
56 4
54 4
59 4
59 4
61 2
63 2
72 7
61 6
72 2
56 4
59 2
59 2
72 2
61 4
72 11
57 2
59 2
57 2
61 2
72 2
59 2
72 2
57 2
59 2
72 2
56 13
72 6
54 4
56 4
54 4
59 4
59 4
61 2
63 2
72 7
61 6
72 2
56 4
59 2
59 2
72 2
61 4
72 11
57 2
59 2
57 2
61 2
72 2
59 2
72 2
57 2
59 2
72 2
56 13
72 14
63 2
63 4
63 2
61 4
59 4
72 14
61 6
59 2
72 7
59 8
72 1
56 4
54 6
72 2
56 4
59 4
58 6
72 2
59 6
72 2
61 6
72 2
58 6
72 8
58 4
59 4
61 4
59 4
58 4
61 4
59 4
59 6
72 2
56 4
72 11
59 8
72 1
56 4
54 6
72 2
56 4
59 4
58 6
72 2
59 6
72 2
61 6
72 2
58 6
72 2
61 2
61 2
72 2
63 12
E
S
H
72 14
42 4
44 4
42 4
47 4
47 4
49 2
51 2
72 7
49 6
72 2
44 4
47 2
47 2
72 2
49 4
72 11
45 2
47 2
45 2
49 2
72 2
47 2
72 2
45 2
47 2
72 2
44 13
72 6
42 4
44 4
42 4
47 4
47 4
49 2
51 2
72 7
49 6
72 2
44 4
47 2
47 2
72 2
49 4
72 11
45 2
47 2
45 2
49 2
72 2
47 2
72 2
45 2
47 2
72 2
44 13
72 14
51 2
51 4
51 2
49 4
47 4
72 14
49 6
47 2
72 7
47 8
72 1
44 4
42 6
72 2
44 4
47 4
46 6
72 2
47 6
72 2
49 6
72 2
46 6
72 8
46 4
47 4
49 4
47 4
46 4
49 4
47 4
47 6
72 2
44 4
72 11
47 8
72 1
44 4
42 6
72 2
44 4
47 4
46 6
72 2
47 6
72 2
49 6
72 2
46 6
72 2
49 2
49 2
72 2
51 12
E
S
H
72 14
42 4
42 4
44 4
47 4
47 4
49 4
47 4
51 4
49 6
72 2
44 11
72 6
45 4
45 4
47 4
49 4
47 4
45 2
47 6
44 13
72 6
42 4
42 4
44 4
47 4
47 4
49 4
47 4
51 4
49 6
72 2
44 11
72 6
45 4
45 4
47 4
49 4
47 4
45 2
47 6
44 13
72 2
47 13
72 2
46 2
72 2
47 2
46 2
72 7
46 2
72 2
47 2
46 2
72 13
47 4
47 6
72 2
51 4
72 11
47 13
72 2
46 2
72 2
47 2
46 2
72 7
46 2
72 2
47 2
46 2
72 7
123 2
123 2
72 2
148 12
E
S
H
158 6
184 12
72 2
145 10
72 2
158 6
72 2
171 6
72 2
148 13
72 2
162 13
72 2
150 13
72 2
148 13
72 2
148 13
72 2
162 13
72 2
150 13
72 2
148 13
72 2
148 13
72 2
162 13
72 2
150 13
72 2
148 13
72 2
148 13
72 2
162 13
72 2
150 13
72 2
148 13
72 2
241 13
72 2
123 13
72 2
123 10
72 2
135 10
72 2
148 13
72 2
241 13
72 2
123 13
72 2
123 2
123 2
72 2
148 12
E
S
H
158 6
184 12
72 2
145 10
72 2
158 6
72 2
171 6
72 2
148 13
72 2
162 13
72 2
150 13
72 2
148 13
72 2
148 13
72 2
162 13
72 2
150 13
72 2
148 13
72 2
148 13
72 2
162 13
72 2
150 13
72 2
148 13
72 2
148 13
72 2
162 13
72 2
150 13
72 2
148 13
72 2
241 13
72 2
123 13
72 2
123 10
72 2
135 10
72 2
148 13
72 2
241 13
72 2
123 13
72 2
123 2
123 2
72 2
148 12
72 2
68 2
63 2
59 2
56 2
63 2
59 2
56 2
51 2
59 2
56 2
51 2
47 2
56 2
51 2
47 2
44 2
E
S
L
9 6
11 12
72 2
8 10
72 2
9 6
72 2
10 6
72 2
6 4
11 4
11 4
6 4
13 6
11 4
6 2
8 2
11 2
8 4
13 4
13 4
8 4
15 6
13 4
8 2
11 2
13 2
4 4
9 4
9 4
4 4
11 6
9 4
4 2
6 2
9 2
8 2
8 4
8 2
10 4
10 4
11 4
11 4
8 4
8 4
6 4
11 4
11 4
6 4
13 6
11 4
6 2
8 2
11 2
8 4
13 4
13 4
8 4
15 6
13 4
8 2
11 2
13 2
4 4
9 4
9 4
4 4
11 6
9 4
4 2
6 2
9 2
8 2
8 4
8 2
10 4
10 4
11 4
11 4
8 4
8 4
6 4
11 4
11 4
6 4
13 6
11 4
6 2
8 2
11 2
8 4
13 4
13 4
8 4
15 6
13 4
8 2
11 2
13 2
4 4
9 4
9 4
4 4
11 6
9 4
4 2
6 2
9 2
8 2
8 4
8 2
10 4
10 4
11 4
11 4
8 4
8 4
6 4
11 4
11 4
6 4
13 6
11 4
6 2
8 2
11 2
8 4
13 4
13 4
8 4
15 6
13 4
8 2
11 2
13 2
4 4
9 4
9 4
4 4
11 6
9 4
4 2
6 2
9 2
8 2
8 4
8 2
10 4
10 4
11 4
11 4
8 4
8 4
4 4
16 4
4 4
16 4
4 4
16 4
4 4
16 4
6 4
18 4
6 4
18 4
6 4
18 4
6 4
18 4
6 4
18 4
6 4
18 4
7 4
19 4
7 4
19 4
8 4
20 4
10 4
22 4
11 4
23 4
8 4
20 4
4 4
16 4
4 4
16 4
4 4
16 4
4 4
16 4
6 4
18 4
6 4
18 4
6 4
18 4
6 4
18 4
6 2
6 2
72 2
8 12
72 2
8 2
8 4
8 2
10 4
11 4
13 4
11 4
10 2
8 6
E
S
L
72 13
11 6
72 2
11 6
72 2
11 6
72 2
11 6
72 2
11 4
11 4
16 4
11 4
11 6
11 2
16 2
11 2
11 4
11 4
11 4
16 4
11 4
11 6
11 2
16 2
11 2
11 4
11 4
11 4
16 4
11 4
11 6
11 2
16 2
11 2
11 4
11 4
11 4
16 4
11 4
11 2
11 2
16 4
11 4
16 4
11 4
11 4
16 4
11 4
11 6
11 2
16 2
11 2
11 4
11 4
11 4
16 4
11 4
11 6
11 2
16 2
11 2
11 4
11 4
11 4
16 4
11 4
11 6
11 2
16 2
11 2
11 4
11 4
11 4
16 4
11 4
11 2
11 2
16 4
11 4
16 2
16 2
11 4
11 4
16 4
11 4
11 6
11 2
16 2
11 2
11 4
11 4
11 4
16 4
11 4
11 6
11 2
16 2
11 2
11 4
11 4
11 4
16 4
11 4
11 6
11 2
16 2
11 2
11 4
11 4
11 4
16 4
11 4
11 2
11 2
16 4
11 4
16 4
11 4
11 4
16 4
11 4
11 6
11 2
16 2
11 2
11 4
11 4
11 4
16 4
11 4
11 6
11 2
16 2
11 2
11 4
11 4
11 4
16 4
11 4
11 6
11 2
16 2
11 2
11 4
11 4
11 4
16 4
11 4
11 4
11 4
16 4
16 2
16 2
11 4
11 4
16 4
11 4
11 4
11 4
16 4
11 4
11 4
11 4
16 4
11 4
11 4
16 4
16 4
11 4
11 4
11 4
16 4
11 4
11 4
11 4
16 4
11 4
11 4
11 4
16 4
11 4
11 4
11 4
16 4
11 4
11 4
11 4
16 4
11 4
11 4
11 4
16 4
11 4
11 4
11 4
16 4
11 4
11 4
16 4
16 4
11 4
11 6
72 2
11 6
72 2
11 6
72 2
11 6
72 2
11 6
72 2
11 6
72 2
11 6
72 2
11 6
E
X
