minor
S
H
72 14
48 2
72 2
55 2
72 2
60 2
72 2
55 2
48 2
72 2
48 2
55 2
72 2
64 2
72 2
60 2
72 2
48 2
72 2
53 2
72 2
58 2
72 2
53 2
48 2
72 2
50 2
53 2
72 2
62 2
72 2
58 2
72 2
48 2
72 2
53 2
72 2
60 2
72 2
57 2
48 2
72 2
48 2
57 2
72 2
65 2
72 2
60 2
72 2
50 2
72 2
58 2
72 2
55 2
72 2
58 2
50 2
72 2
50 2
62 2
72 2
58 2
72 2
55 2
72 2
48 2
72 2
55 2
72 2
60 2
72 2
55 2
48 2
72 2
48 2
55 2
72 2
64 2
72 2
60 2
72 2
48 2
72 2
53 2
72 2
58 2
72 2
53 2
48 2
72 2
50 2
53 2
72 2
62 2
72 2
58 2
72 2
48 2
72 2
53 2
72 2
60 2
72 2
57 2
48 2
72 2
48 2
57 2
72 2
65 2
72 2
60 2
72 2
50 2
72 2
58 2
72 2
55 2
72 2
58 2
50 2
72 2
50 2
62 2
72 2
58 2
72 2
55 2
72 14
60 2
67 2
60 2
72 13
46 4
51 2
58 4
72 2
46 4
51 2
58 6
53 0
72 2
51 0
72 0
46 0
72 1
58 0
72 1
53 0
72 0
51 0
46 0
72 2
58 0
53 0
72 2
51 0
72 0
46 0
72 1
58 0
72 1
53 0
72 0
51 0
46 0
72 2
58 0
53 0
72 2
51 0
72 0
46 0
72 1
58 0
72 1
53 0
72 0
51 0
46 0
72 2
58 0
53 0
72 2
51 0
72 0
46 0
72 1
58 0
72 1
53 0
72 0
51 0
46 0
72 8
53 11
55 11
56 11
58 11
51 13
65 2
63 2
61 2
56 2
65 2
63 2
61 2
56 2
65 2
63 2
61 2
56 2
65 2
63 2
61 2
56 2
53 11
55 11
51 11
63 11
66 2
63 2
70 2
67 2
63 2
58 2
55 2
51 2
63 2
70 2
67 2
63 2
58 2
55 2
51 2
46 2
61 2
68 2
65 2
61 2
56 2
53 2
49 2
44 2
68 2
65 2
61 2
56 2
53 2
49 2
44 2
41 2
72 14
49 7
72 4
49 2
72 2
53 7
72 4
53 2
72 2
56 11
61 11
51 7
58 7
63 7
70 7
67 2
65 2
63 2
58 2
55 2
53 2
51 2
46 2
51 2
53 2
55 2
58 2
60 2
61 2
67 2
72 2
44 2
72 2
51 2
72 2
56 2
72 2
51 2
72 2
63 2
72 2
56 2
72 2
51 2
72 2
56 2
72 2
58 2
72 2
53 2
72 2
46 2
72 2
65 2
72 2
58 2
72 2
53 2
72 2
58 2
72 2
46 2
72 2
44 2
72 2
51 2
72 2
56 2
72 2
51 2
72 2
63 2
72 2
56 2
72 2
51 2
72 2
56 2
72 2
58 2
72 2
53 2
72 2
46 2
72 2
65 2
72 2
58 2
72 2
53 2
72 2
58 2
72 2
46 2
72 14
48 2
72 2
55 2
72 2
60 2
72 2
55 2
48 2
72 2
48 2
55 2
72 2
64 2
72 2
60 2
72 2
48 2
72 2
53 2
72 2
58 2
72 2
53 2
48 2
72 2
50 2
53 2
72 2
62 2
72 2
58 2
72 2
48 2
72 2
53 2
72 2
60 2
72 2
57 2
48 2
72 2
48 2
57 2
72 2
65 2
72 2
60 2
72 2
50 2
72 2
58 2
72 2
55 2
72 2
58 2
50 2
72 2
50 2
62 2
72 2
58 2
72 2
55 2
72 2
48 2
72 2
55 2
72 2
60 2
72 2
55 2
48 2
72 2
48 2
55 2
72 2
64 2
72 2
60 2
72 2
48 2
72 2
53 2
72 2
58 2
72 2
53 2
48 2
72 2
50 2
53 2
72 2
62 2
72 2
58 2
72 2
48 2
72 2
53 2
72 2
60 2
72 2
57 2
48 2
72 2
48 2
57 2
72 2
65 2
72 2
60 2
72 2
50 2
72 2
58 2
72 2
55 2
72 2
58 2
50 2
72 2
50 2
62 2
72 2
58 2
72 2
55 2
72 14
60 2
67 2
60 2
72 13
46 4
51 2
58 4
72 2
46 4
51 2
58 6
53 0
72 2
51 0
72 0
46 0
72 1
58 0
72 1
53 0
72 0
51 0
46 0
72 2
58 0
53 0
72 2
51 0
72 0
46 0
72 1
58 0
72 1
53 0
72 0
51 0
46 0
72 2
58 0
53 0
72 2
51 0
72 0
46 0
72 1
58 0
72 1
53 0
72 0
51 0
46 0
72 2
58 0
53 0
72 2
51 0
72 0
46 0
72 1
58 0
72 1
53 0
72 0
51 0
46 0
72 8
53 11
55 11
56 11
58 11
51 13
65 2
63 2
61 2
56 2
65 2
63 2
61 2
56 2
65 2
63 2
61 2
56 2
65 2
63 2
61 2
56 2
53 11
55 11
51 11
63 11
66 2
63 2
70 2
67 2
63 2
58 2
55 2
51 2
63 2
70 2
67 2
63 2
58 2
55 2
51 2
46 2
61 2
68 2
65 2
61 2
56 2
53 2
49 2
44 2
68 2
65 2
61 2
56 2
53 2
49 2
44 2
41 2
72 14
49 7
72 4
49 2
72 2
53 7
72 4
53 2
72 2
56 11
61 11
51 7
58 7
63 7
70 7
67 2
65 2
63 2
58 2
55 2
53 2
51 2
46 2
51 2
53 2
55 2
58 2
60 2
61 2
67 2
72 2
44 2
72 2
51 2
72 2
56 2
72 2
51 2
72 2
63 2
72 2
56 2
72 2
51 2
72 2
56 2
72 2
58 2
72 2
53 2
72 2
46 2
72 2
65 2
72 2
58 2
72 2
53 2
72 2
58 2
72 2
46 2
72 2
44 2
72 2
51 2
72 2
56 2
72 2
51 2
72 2
63 2
72 2
56 2
72 2
51 2
72 2
56 2
72 2
58 2
72 2
53 2
72 2
46 2
72 2
65 2
72 2
58 2
72 2
53 2
72 2
58 2
72 2
46 2
E
S
H
72 14
48 4
55 4
60 4
55 2
48 4
48 2
55 4
64 4
60 4
48 4
53 4
58 4
53 2
48 4
50 2
53 4
62 4
58 4
48 4
53 4
60 4
57 2
48 4
48 2
57 4
65 4
60 4
50 4
58 4
55 4
58 2
50 4
50 2
62 4
58 4
55 4
48 4
55 4
60 4
55 2
48 4
48 2
55 4
64 4
60 4
48 4
53 4
58 4
53 2
48 4
50 2
53 4
62 4
58 4
48 4
53 4
60 4
57 2
48 4
48 2
57 4
65 4
60 4
50 4
58 4
55 4
58 2
50 4
50 2
62 4
58 4
55 4
72 14
60 2
67 2
60 2
72 13
46 4
51 2
58 4
72 2
46 4
51 2
58 6
53 0
72 2
51 0
72 0
46 0
72 1
58 0
72 1
53 0
72 0
51 0
46 0
72 2
58 0
53 0
72 2
51 0
72 0
46 0
72 1
58 0
72 1
53 0
72 0
51 0
46 0
72 2
58 0
53 0
72 2
51 0
72 0
46 0
72 1
58 0
72 1
53 0
72 0
51 0
46 0
72 2
58 0
53 0
72 2
51 0
72 0
46 0
72 1
58 0
72 1
53 0
72 0
51 0
46 0
72 8
53 11
55 11
56 11
58 11
51 13
65 2
63 2
61 2
56 2
65 2
63 2
61 2
56 2
65 2
63 2
61 2
56 2
65 2
63 2
61 2
56 2
53 11
55 11
51 11
63 11
66 2
63 2
70 2
67 2
63 2
58 2
55 2
51 2
63 2
70 2
67 2
63 2
58 2
55 2
51 2
46 2
61 2
68 2
65 2
61 2
56 2
53 2
49 2
44 2
68 2
65 2
61 2
56 2
53 2
49 2
44 2
41 2
72 14
49 7
72 4
49 2
72 2
53 7
72 4
53 2
72 2
56 11
61 11
51 7
58 7
63 7
70 7
67 2
65 2
63 2
58 2
55 2
53 2
51 2
46 2
51 2
53 2
55 2
58 2
60 2
61 2
67 2
72 2
44 4
51 4
56 4
51 4
63 4
56 4
51 4
56 4
58 4
53 4
46 4
65 4
58 4
53 4
58 4
46 4
44 4
51 4
56 4
51 4
63 4
56 4
51 4
56 4
58 4
53 4
46 4
65 4
58 4
53 4
58 4
46 4
72 14
48 4
55 4
60 4
55 2
48 4
48 2
55 4
64 4
60 4
48 4
53 4
58 4
53 2
48 4
50 2
53 4
62 4
58 4
48 4
53 4
60 4
57 2
48 4
48 2
57 4
65 4
60 4
50 4
58 4
55 4
58 2
50 4
50 2
62 4
58 4
55 4
48 4
55 4
60 4
55 2
48 4
48 2
55 4
64 4
60 4
48 4
53 4
58 4
53 2
48 4
50 2
53 4
62 4
58 4
48 4
53 4
60 4
57 2
48 4
48 2
57 4
65 4
60 4
50 4
58 4
55 4
58 2
50 4
50 2
62 4
58 4
55 4
72 14
60 2
67 2
60 2
72 13
46 4
51 2
58 4
72 2
46 4
51 2
58 6
53 0
72 2
51 0
72 0
46 0
72 1
58 0
72 1
53 0
72 0
51 0
46 0
72 2
58 0
53 0
72 2
51 0
72 0
46 0
72 1
58 0
72 1
53 0
72 0
51 0
46 0
72 2
58 0
53 0
72 2
51 0
72 0
46 0
72 1
58 0
72 1
53 0
72 0
51 0
46 0
72 2
58 0
53 0
72 2
51 0
72 0
46 0
72 1
58 0
72 1
53 0
72 0
51 0
46 0
72 8
53 11
55 11
56 11
58 11
51 13
65 2
63 2
61 2
56 2
65 2
63 2
61 2
56 2
65 2
63 2
61 2
56 2
65 2
63 2
61 2
56 2
53 11
55 11
51 11
63 11
66 2
63 2
70 2
67 2
63 2
58 2
55 2
51 2
63 2
70 2
67 2
63 2
58 2
55 2
51 2
46 2
61 2
68 2
65 2
61 2
56 2
53 2
49 2
44 2
68 2
65 2
61 2
56 2
53 2
49 2
44 2
41 2
72 14
49 7
72 4
49 2
72 2
53 7
72 4
53 2
72 2
56 11
61 11
51 7
58 7
63 7
70 7
67 2
65 2
63 2
58 2
55 2
53 2
51 2
46 2
51 2
53 2
55 2
58 2
60 2
61 2
67 2
72 2
44 4
51 4
56 4
51 4
63 4
56 4
51 4
56 4
58 4
53 4
46 4
65 4
58 4
53 4
58 4
46 4
44 4
51 4
56 4
51 4
63 4
56 4
51 4
56 4
58 4
53 4
46 4
65 4
58 4
53 4
58 4
46 4
E
S
H
72 14
108 2
108 2
240 2
108 2
72 4
108 2
108 2
240 2
108 2
72 2
108 2
72 2
108 2
72 4
108 2
108 2
240 2
108 2
72 4
108 2
108 2
240 2
108 2
72 9
108 2
108 2
240 2
108 2
72 4
108 2
108 2
240 2
108 2
72 2
108 2
72 2
108 2
224 2
224 2
72 2
224 6
226 2
226 2
72 2
226 10
72 14
108 2
108 2
240 2
108 2
72 4
108 2
108 2
240 2
108 2
72 2
108 2
72 2
108 2
72 4
108 2
108 2
240 2
108 2
72 4
108 2
108 2
240 2
108 2
72 9
108 2
108 2
240 2
108 2
72 4
108 2
108 2
240 2
108 2
72 2
108 2
72 2
108 2
224 2
224 2
72 2
224 6
226 2
226 2
72 2
226 10
E
S
H
72 12
46 2
72 2
48 4
242 7
190 7
151 7
112 7
41 2
40 2
72 2
38 6
40 2
72 4
41 2
72 2
41 2
72 2
40 2
72 2
38 6
40 2
72 4
31 2
72 2
36 2
72 2
40 2
72 2
39 6
41 2
72 4
36 4
72 4
32 4
36 4
39 4
38 6
72 2
34 6
72 2
41 6
72 2
46 6
72 2
48 2
243 7
217 7
191 7
165 7
126 7
112 7
41 2
40 2
72 2
38 6
40 2
72 4
41 2
72 2
41 2
72 2
40 2
72 2
38 6
40 2
72 4
31 2
72 2
36 2
72 2
40 2
72 2
39 6
41 2
72 4
36 4
72 4
32 4
36 4
39 4
38 6
72 2
34 6
72 2
41 6
72 2
46 6
72 2
48 12
47 6
43 12
41 4
40 4
41 4
43 6
36 11
40 7
38 11
34 11
48 12
47 6
43 12
41 4
40 4
41 4
43 6
48 4
72 2
36 7
36 4
38 4
40 4
41 7
40 7
41 7
43 7
36 4
72 12
47 0
72 0
48 5
36 2
72 13
36 4
72 14
43 9
44 4
44 11
72 4
43 4
44 4
46 4
48 6
49 6
51 2
72 2
51 11
51 7
49 4
48 4
46 11
44 7
43 7
43 9
44 4
44 11
72 4
43 4
44 4
48 4
51 6
49 6
48 4
55 9
51 9
58 4
51 11
49 7
48 4
72 4
48 9
49 4
49 13
48 7
46 4
44 4
44 9
43 4
43 6
51 6
49 4
48 11
48 7
46 4
44 4
44 11
43 4
44 4
44 11
43 4
44 6
48 6
51 4
48 12
46 4
44 4
46 11
46 7
44 4
43 4
44 14
72 12
46 2
72 2
48 4
242 7
190 7
151 7
112 7
41 2
40 2
72 2
38 6
40 2
72 4
41 2
72 2
41 2
72 2
40 2
72 2
38 6
40 2
72 4
31 2
72 2
36 2
72 2
40 2
72 2
39 6
41 2
72 4
36 4
72 4
32 4
36 4
39 4
38 6
72 2
34 6
72 2
41 6
72 2
46 6
72 2
48 2
243 7
217 7
191 7
165 7
126 7
112 7
41 2
40 2
72 2
38 6
40 2
72 4
41 2
72 2
41 2
72 2
40 2
72 2
38 6
40 2
72 4
31 2
72 2
36 2
72 2
40 2
72 2
39 6
41 2
72 4
36 4
72 4
32 4
36 4
39 4
38 6
72 2
34 6
72 2
41 6
72 2
46 6
72 2
48 12
47 6
43 12
41 4
40 4
41 4
43 6
36 11
40 7
38 11
34 11
48 12
47 6
43 12
41 4
40 4
41 4
43 6
48 4
72 2
36 7
36 4
38 4
40 4
41 7
40 7
41 7
43 7
36 4
72 12
47 0
72 0
48 5
36 2
72 13
36 4
72 14
43 9
44 4
44 11
72 4
43 4
44 4
46 4
48 6
49 6
51 2
72 2
51 11
51 7
49 4
48 4
46 11
44 7
43 7
43 9
44 4
44 11
72 4
43 4
44 4
48 4
51 6
49 6
48 4
55 9
51 9
58 4
51 11
49 7
48 4
72 4
48 9
49 4
49 13
48 7
46 4
44 4
44 9
43 4
43 6
51 6
49 4
48 11
48 7
46 4
44 4
44 11
43 4
44 4
44 11
43 4
44 6
48 6
51 4
48 12
46 4
44 4
46 11
46 7
44 4
43 4
44 14
72 12
46 2
72 2
48 4
242 7
190 7
151 7
112 7
41 2
40 2
72 2
38 6
40 2
72 4
41 2
72 2
41 2
72 2
40 2
72 2
38 6
40 2
72 4
31 2
72 2
36 2
72 2
40 2
72 2
39 6
41 2
72 4
36 4
72 4
32 4
36 4
39 4
38 6
72 2
34 6
72 2
41 6
72 2
46 6
E
S
H
72 12
41 2
72 2
43 4
72 4
36 2
72 2
36 2
72 2
36 4
72 2
36 2
72 4
36 2
72 2
36 2
72 2
36 2
72 2
36 4
72 2
36 2
72 4
28 2
72 2
31 2
72 2
36 2
72 2
36 4
72 2
36 2
72 4
32 4
72 4
27 2
72 2
32 2
72 2
36 2
72 2
34 6
72 2
29 6
72 2
38 6
72 2
41 6
72 2
43 2
72 6
36 2
72 2
36 2
72 2
36 4
72 2
36 2
72 4
36 2
72 2
36 2
72 2
36 2
72 2
36 4
72 2
36 2
72 4
28 2
72 2
31 2
72 2
36 2
72 2
36 4
72 2
36 2
72 4
32 4
72 4
27 2
72 2
32 2
72 2
36 2
72 2
34 6
72 2
29 6
72 2
38 6
72 2
41 6
72 2
31 12
31 6
29 13
29 12
29 2
29 2
72 2
31 12
72 7
31 12
31 6
29 13
29 12
29 2
29 2
72 2
31 12
72 14
37 14
39 14
37 14
39 14
37 6
37 2
72 4
37 11
37 2
72 6
39 2
72 2
39 7
37 2
72 6
39 2
72 6
36 6
36 2
72 4
36 11
36 2
72 2
36 2
72 2
36 12
34 4
72 2
34 2
72 4
34 2
72 2
37 4
72 2
37 2
72 4
37 2
72 2
37 11
41 11
39 2
72 6
39 2
72 6
39 4
72 2
39 2
72 4
39 2
72 2
39 6
39 2
72 4
39 4
34 2
36 2
37 2
39 2
41 2
43 2
44 2
46 2
48 12
39 6
41 13
72 12
48 6
41 12
72 4
41 2
72 2
43 4
72 4
36 2
72 2
36 2
72 2
36 4
72 2
36 2
72 4
36 2
72 2
36 2
72 2
36 2
72 2
36 4
72 2
36 2
72 4
28 2
72 2
31 2
72 2
36 2
72 2
36 4
72 2
36 2
72 4
32 4
72 4
27 2
72 2
32 2
72 2
36 2
72 2
34 6
72 2
29 6
72 2
38 6
72 2
41 6
72 2
43 2
72 6
36 2
72 2
36 2
72 2
36 4
72 2
36 2
72 4
36 2
72 2
36 2
72 2
36 2
72 2
36 4
72 2
36 2
72 4
28 2
72 2
31 2
72 2
36 2
72 2
36 4
72 2
36 2
72 4
32 4
72 4
27 2
72 2
32 2
72 2
36 2
72 2
34 6
72 2
29 6
72 2
38 6
72 2
41 6
72 2
31 12
31 6
29 13
29 12
29 2
29 2
72 2
31 12
72 7
31 12
31 6
29 13
29 12
29 2
29 2
72 2
31 12
72 14
37 14
39 14
37 14
39 14
37 6
37 2
72 4
37 11
37 2
72 6
39 2
72 2
39 7
37 2
72 6
39 2
72 6
36 6
36 2
72 4
36 11
36 2
72 2
36 2
72 2
36 12
34 4
72 2
34 2
72 4
34 2
72 2
37 4
72 2
37 2
72 4
37 2
72 2
37 11
41 11
39 2
72 6
39 2
72 6
39 4
72 2
39 2
72 4
39 2
72 2
39 6
39 2
72 4
39 4
34 2
36 2
37 2
39 2
41 2
43 2
44 2
46 2
48 12
39 6
41 13
72 12
48 6
41 12
72 4
41 2
72 2
43 4
72 4
36 2
72 2
36 2
72 2
36 4
72 2
36 2
72 4
36 2
72 2
36 2
72 2
36 2
72 2
36 4
72 2
36 2
72 4
28 2
72 2
31 2
72 2
36 2
72 2
36 4
72 2
36 2
72 4
32 4
72 4
27 2
72 2
32 2
72 2
36 2
72 2
34 6
72 2
29 6
72 2
38 6
72 2
41 6
E
S
H
72 12
58 2
72 2
60 4
242 7
190 7
151 7
112 7
53 2
52 2
72 2
50 6
52 2
72 4
53 2
72 2
53 2
72 2
52 2
72 2
50 6
52 2
72 4
43 2
72 2
48 2
72 2
52 2
72 2
51 6
53 2
72 4
48 4
72 4
44 4
48 4
51 4
50 6
72 2
46 6
72 2
53 6
72 2
58 6
72 2
60 2
243 7
217 7
191 7
165 7
126 7
112 7
53 2
52 2
72 2
50 6
52 2
72 4
53 2
72 2
53 2
72 2
52 2
72 2
50 6
52 2
72 4
43 2
72 2
48 2
72 2
52 2
72 2
51 6
53 2
72 4
48 4
72 4
44 4
48 4
51 4
50 6
72 2
46 6
72 2
53 6
72 2
58 6
72 14
58 2
72 2
60 4
242 7
190 7
151 7
112 7
53 2
52 2
72 2
50 6
52 2
72 4
53 2
72 2
53 2
72 2
52 2
72 2
50 6
52 2
72 4
43 2
72 2
48 2
72 2
52 2
72 2
51 6
53 2
72 4
48 4
72 4
44 4
48 4
51 4
50 6
72 2
46 6
72 2
53 6
72 2
58 6
72 2
60 2
243 7
217 7
191 7
165 7
126 7
112 7
53 2
52 2
72 2
50 6
52 2
72 4
53 2
72 2
53 2
72 2
52 2
72 2
50 6
52 2
72 4
43 2
72 2
48 2
72 2
52 2
72 2
51 6
53 2
72 4
48 4
72 4
44 4
48 4
51 4
50 6
72 2
46 6
72 2
53 6
72 2
58 6
72 14
58 2
72 2
60 4
242 7
190 7
151 7
112 7
53 2
52 2
72 2
50 6
52 2
72 4
53 2
72 2
53 2
72 2
52 2
72 2
50 6
52 2
72 4
43 2
72 2
48 2
72 2
52 2
72 2
51 6
53 2
72 4
48 4
72 4
44 4
48 4
51 4
50 6
72 2
46 6
72 2
53 6
72 2
58 6
E
S
H
72 13
46 2
72 2
48 4
242 7
190 7
151 7
112 7
41 2
40 2
72 1
38 6
40 2
72 4
41 2
72 2
41 2
72 2
40 2
72 2
38 6
40 2
72 4
31 2
72 2
36 2
72 2
40 2
72 2
39 6
41 2
72 4
36 4
72 4
32 4
36 4
39 4
38 6
72 2
34 6
72 2
41 6
72 2
46 6
72 2
48 2
243 7
217 7
191 7
165 7
126 7
112 7
41 2
40 2
72 1
38 6
40 2
72 4
41 2
72 2
41 2
72 2
40 2
72 2
38 6
40 2
72 4
31 2
72 2
36 2
72 2
40 2
72 2
39 6
41 2
72 4
36 4
72 4
32 4
36 4
39 4
38 6
72 2
34 6
72 2
41 6
72 2
46 6
36 12
36 6
34 13
33 12
33 2
33 2
72 2
34 13
36 12
36 6
34 13
33 12
33 2
33 2
72 2
34 13
72 14
41 14
43 14
41 14
43 14
41 6
41 2
72 4
41 11
41 2
72 6
43 2
72 2
43 7
41 4
72 4
43 4
72 4
39 6
39 2
72 4
39 11
39 2
72 2
41 2
72 2
41 12
37 4
72 2
37 2
72 4
37 2
72 2
41 4
72 2
41 2
72 4
41 2
72 2
44 11
49 11
43 2
72 6
43 2
72 6
43 4
72 2
44 2
72 4
44 2
72 2
46 6
44 2
72 4
43 4
39 2
41 2
43 2
44 2
46 2
48 2
49 2
51 2
56 12
48 6
50 13
72 12
51 6
50 12
72 7
46 2
72 2
48 4
242 7
190 7
151 7
112 7
41 2
40 2
72 1
38 6
40 2
72 4
41 2
72 2
41 2
72 2
40 2
72 2
38 6
40 2
72 4
31 2
72 2
36 2
72 2
40 2
72 2
39 6
41 2
72 4
36 4
72 4
32 4
36 4
39 4
38 6
72 2
34 6
72 2
41 6
72 2
46 6
72 2
48 2
243 7
217 7
191 7
165 7
126 7
112 7
41 2
40 2
72 1
38 6
40 2
72 4
41 2
72 2
41 2
72 2
40 2
72 2
38 6
40 2
72 4
31 2
72 2
36 2
72 2
40 2
72 2
39 6
41 2
72 4
36 4
72 4
32 4
36 4
39 4
38 6
72 2
34 6
72 2
41 6
72 2
46 6
36 12
36 6
34 13
33 12
33 2
33 2
72 2
34 13
36 12
36 6
34 13
33 12
33 2
33 2
72 2
34 13
72 14
41 14
43 14
41 14
43 14
41 6
41 2
72 4
41 11
41 2
72 6
43 2
72 2
43 7
41 4
72 4
43 4
72 4
39 6
39 2
72 4
39 11
39 2
72 2
41 2
72 2
41 12
37 4
72 2
37 2
72 4
37 2
72 2
41 4
72 2
41 2
72 4
41 2
72 2
44 11
49 11
43 2
72 6
43 2
72 6
43 4
72 2
44 2
72 4
44 2
72 2
46 6
44 2
72 4
43 4
39 2
41 2
43 2
44 2
46 2
48 2
49 2
51 2
56 12
48 6
50 13
72 12
51 6
50 12
72 7
46 2
72 2
48 4
242 7
190 7
151 7
112 7
41 2
40 2
72 1
38 6
40 2
72 4
41 2
72 2
41 2
72 2
40 2
72 2
38 6
40 2
72 4
31 2
72 2
36 2
72 2
40 2
72 2
39 6
41 2
72 4
36 4
72 4
32 4
36 4
39 4
38 6
72 2
34 6
72 2
41 6
72 2
46 6
E
S
L
72 12
22 2
72 2
24 4
72 7
24 2
24 2
72 11
24 2
72 8
36 2
72 2
35 2
72 2
31 2
72 2
24 2
72 2
20 2
72 2
20 2
72 6
15 2
20 2
72 7
27 2
32 2
20 4
22 2
72 2
22 2
72 6
17 2
22 2
72 7
34 2
32 2
31 4
24 2
72 8
24 2
24 2
72 11
24 2
72 8
36 2
72 2
35 2
72 2
31 2
72 2
24 2
72 2
20 2
72 2
20 2
72 6
15 2
20 2
72 7
27 2
32 2
20 4
22 2
72 2
22 2
72 6
17 2
22 2
72 7
34 2
32 2
31 4
24 4
24 2
24 2
34 2
36 2
24 2
24 4
36 2
34 2
33 2
31 4
29 2
31 2
24 4
24 2
24 2
36 4
24 2
24 2
72 2
24 2
34 2
24 2
33 2
24 2
31 2
24 2
24 4
24 2
24 2
36 4
24 2
24 2
72 2
24 2
29 2
72 2
31 2
24 2
33 2
72 2
24 4
24 2
24 2
34 2
36 2
24 2
24 4
29 0
72 0
31 5
29 4
22 4
24 4
24 2
24 2
34 2
36 2
24 2
24 4
36 2
34 2
33 2
31 4
29 2
31 2
24 4
24 2
24 2
36 4
24 2
24 2
72 2
24 2
34 2
24 2
33 2
24 2
31 2
24 2
24 4
24 2
24 2
36 4
24 2
24 2
72 2
24 2
29 2
72 2
31 2
24 2
33 2
72 2
24 4
24 2
24 2
34 2
36 2
24 2
24 4
29 0
72 0
31 5
29 4
22 4
24 4
24 2
24 2
34 2
36 2
24 2
24 4
24 2
34 2
36 2
24 2
72 2
24 2
72 2
24 4
24 2
24 2
34 2
36 2
24 2
24 4
24 2
34 2
36 2
24 2
72 2
24 2
72 2
24 4
24 2
24 2
34 2
36 2
24 2
24 4
24 2
34 2
36 2
24 2
72 2
24 2
72 2
20 2
20 2
72 2
20 6
22 2
22 2
72 2
22 10
25 6
25 2
32 2
72 2
37 11
72 4
25 2
72 2
32 2
72 2
37 2
72 2
41 6
39 6
32 4
25 6
25 2
32 2
72 2
37 11
72 4
25 2
72 2
32 2
72 2
37 2
72 2
41 6
39 6
32 4
25 6
25 2
32 2
72 2
37 11
72 4
25 2
72 2
32 2
72 2
37 2
72 2
41 6
39 6
32 4
25 6
25 2
32 2
72 2
37 11
72 4
25 2
72 2
32 2
72 2
37 2
72 2
41 6
39 6
32 4
25 6
25 2
32 2
72 2
37 7
25 2
72 2
32 2
72 2
37 4
25 6
25 2
32 2
72 2
37 7
25 2
72 2
32 2
72 2
37 4
24 6
24 2
31 2
34 2
36 7
36 4
34 4
31 4
29 2
72 2
29 2
72 2
32 2
72 2
29 2
72 2
36 6
34 6
32 4
25 6
25 2
32 2
72 2
37 11
25 6
25 2
31 2
32 2
37 7
37 4
36 4
32 4
27 6
27 2
31 2
72 2
34 7
27 2
72 2
27 2
31 2
34 4
39 7
37 7
37 0
39 0
72 2
37 2
36 2
32 2
34 2
32 2
31 2
27 2
20 2
72 2
20 2
72 6
30 2
32 2
20 4
72 2
20 4
72 4
20 2
72 4
20 2
72 6
30 2
32 2
20 4
72 2
20 2
18 2
13 2
15 2
18 2
20 2
72 2
20 2
72 6
30 2
32 2
20 4
72 2
20 4
72 4
20 2
72 4
20 2
72 6
30 2
32 2
20 4
20 2
72 6
22 2
72 2
24 4
72 7
24 2
24 2
72 11
24 2
72 8
36 2
72 2
35 2
72 2
31 2
72 2
24 2
72 2
20 2
72 2
20 2
72 6
15 2
20 2
72 7
27 2
32 2
20 4
22 2
72 2
22 2
72 6
17 2
22 2
72 7
34 2
32 2
31 4
24 2
72 8
24 2
24 2
72 11
24 2
72 8
36 2
72 2
35 2
72 2
31 2
72 2
24 2
72 2
20 2
72 2
20 2
72 6
15 2
20 2
72 7
27 2
32 2
20 4
22 2
72 2
22 2
72 6
17 2
22 2
72 7
34 2
32 2
31 4
24 4
24 2
24 2
34 2
36 2
24 2
24 4
36 2
34 2
33 2
31 4
29 2
31 2
24 4
24 2
24 2
36 4
24 2
24 2
72 2
24 2
34 2
24 2
33 2
24 2
31 2
24 2
24 4
24 2
24 2
36 4
24 2
24 2
72 2
24 2
29 2
72 2
31 2
24 2
33 2
72 2
24 4
24 2
24 2
34 2
36 2
24 2
24 4
29 0
72 0
31 5
29 4
22 4
24 4
24 2
24 2
34 2
36 2
24 2
24 4
36 2
34 2
33 2
31 4
29 2
31 2
24 4
24 2
24 2
36 4
24 2
24 2
72 2
24 2
34 2
24 2
33 2
24 2
31 2
24 2
24 4
24 2
24 2
36 4
24 2
24 2
72 2
24 2
29 2
72 2
31 2
24 2
33 2
72 2
24 4
24 2
24 2
34 2
36 2
24 2
24 4
29 0
72 0
31 5
29 4
22 4
24 4
24 2
24 2
34 2
36 2
24 2
24 4
24 2
34 2
36 2
24 2
72 2
24 2
72 2
24 4
24 2
24 2
34 2
36 2
24 2
24 4
24 2
34 2
36 2
24 2
72 2
24 2
72 2
24 4
24 2
24 2
34 2
36 2
24 2
24 4
24 2
34 2
36 2
24 2
72 2
24 2
72 2
20 2
20 2
72 2
20 6
22 2
22 2
72 2
22 10
25 6
25 2
32 2
72 2
37 11
72 4
25 2
72 2
32 2
72 2
37 2
72 2
41 6
39 6
32 4
25 6
25 2
32 2
72 2
37 11
72 4
25 2
72 2
32 2
72 2
37 2
72 2
41 6
39 6
32 4
25 6
25 2
32 2
72 2
37 11
72 4
25 2
72 2
32 2
72 2
37 2
72 2
41 6
39 6
32 4
25 6
25 2
32 2
72 2
37 11
72 4
25 2
72 2
32 2
72 2
37 2
72 2
41 6
39 6
32 4
25 6
25 2
32 2
72 2
37 7
25 2
72 2
32 2
72 2
37 4
25 6
25 2
32 2
72 2
37 7
25 2
72 2
32 2
72 2
37 4
24 6
24 2
31 2
34 2
36 7
36 4
34 4
31 4
29 2
72 2
29 2
72 2
32 2
72 2
29 2
72 2
36 6
34 6
32 4
25 6
25 2
32 2
72 2
37 11
25 6
25 2
31 2
32 2
37 7
37 4
36 4
32 4
27 6
27 2
31 2
72 2
34 7
27 2
72 2
27 2
31 2
34 4
39 7
37 7
37 0
39 0
72 2
37 2
36 2
32 2
34 2
32 2
31 2
27 2
20 2
72 2
20 2
72 6
30 2
32 2
20 4
72 2
20 4
72 4
20 2
72 4
20 2
72 6
30 2
32 2
20 4
72 2
20 2
18 2
13 2
15 2
18 2
20 2
72 2
20 2
72 6
30 2
32 2
20 4
72 2
20 4
72 4
20 2
72 4
20 2
72 6
30 2
32 2
20 4
20 2
72 6
22 2
72 2
24 4
72 7
24 2
24 2
72 11
24 2
72 8
36 2
72 2
35 2
72 2
31 2
72 2
24 2
72 2
20 2
72 2
20 2
72 6
15 2
20 2
72 7
27 2
32 2
20 4
22 2
72 2
22 2
72 6
17 2
22 2
72 7
34 2
32 2
31 4
E
S
L
72 12
12 2
16 2
12 2
317 2
72 2
22 2
72 2
177 2
72 2
22 2
72 2
173 2
72 2
22 2
72 2
177 2
72 2
22 2
72 2
173 2
72 2
22 2
72 2
177 2
72 2
22 2
72 2
173 2
72 2
22 2
72 2
177 2
72 2
22 2
72 2
173 2
72 2
22 2
72 2
177 2
72 2
22 2
72 2
173 2
72 2
22 2
72 2
177 2
72 2
22 2
72 2
173 2
72 2
22 2
72 2
177 2
72 2
22 2
72 2
173 2
72 2
22 2
72 2
177 2
72 2
22 2
72 2
173 2
72 2
22 2
72 2
177 2
72 2
22 2
72 2
173 2
72 2
22 2
72 2
177 2
72 2
22 2
72 2
173 2
72 2
22 2
72 2
177 2
72 2
22 2
72 2
173 2
72 2
22 2
72 2
177 2
72 2
22 2
72 2
173 2
72 2
22 2
72 2
177 2
72 2
22 2
72 2
173 2
72 2
22 2
72 2
177 2
72 2
22 2
72 2
173 2
72 2
22 2
72 2
177 2
72 2
22 2
72 2
173 2
72 2
22 2
72 2
177 2
72 2
22 2
72 2
173 2
72 2
22 2
72 2
177 2
72 2
22 2
72 2
173 2
72 2
22 2
72 2
177 2
72 2
22 2
72 2
173 2
72 2
22 2
72 2
177 2
72 2
22 2
72 2
173 2
72 2
22 2
72 2
177 2
72 2
22 2
72 2
173 2
72 2
22 2
72 2
177 2
72 2
22 2
72 2
173 2
72 2
22 2
72 2
177 2
72 2
22 2
72 2
173 2
72 2
22 2
72 2
177 2
72 2
22 2
72 2
173 2
72 2
22 2
72 2
177 2
72 2
22 2
72 2
173 2
72 2
22 2
72 2
177 2
72 2
22 2
72 2
173 2
72 2
22 2
72 2
177 2
72 2
22 2
72 2
173 2
72 2
22 2
72 2
177 2
72 2
22 2
72 2
173 2
72 2
22 2
72 2
177 2
72 2
22 2
72 2
173 2
72 2
22 2
72 2
177 2
72 2
22 2
72 2
173 2
72 2
22 2
72 2
177 2
72 2
22 2
72 2
173 2
72 2
22 2
72 2
177 2
72 2
22 2
72 2
173 2
72 2
22 2
72 2
177 2
72 2
22 2
72 2
173 2
72 2
22 2
72 2
177 2
72 2
22 2
72 2
173 2
72 2
22 2
72 2
177 2
72 2
22 2
72 2
173 2
72 2
22 2
72 2
177 2
72 2
22 2
72 2
173 2
72 2
22 2
72 2
177 2
72 2
22 2
72 2
173 2
72 2
22 2
72 2
177 2
72 2
22 2
72 2
173 2
72 2
22 2
72 2
177 2
72 2
22 2
72 2
16 2
16 2
72 2
16 2
72 4
16 2
16 2
72 2
16 2
72 4
16 2
16 2
16 2
16 2
317 2
72 2
22 2
12 2
18 2
72 2
221 2
72 2
18 2
72 2
22 2
72 2
18 2
72 2
22 2
72 2
18 2
72 2
221 2
72 2
177 2
72 2
22 2
72 2
18 2
72 2
221 2
72 2
177 2
72 2
22 2
72 2
173 2
72 2
22 2
12 2
18 2
72 2
221 2
72 2
18 2
72 2
22 2
72 2
18 2
72 2
22 2
72 2
18 2
72 2
221 2
72 2
177 2
72 2
22 2
72 2
18 2
72 2
221 2
72 2
177 2
72 2
22 2
72 2
173 2
72 2
22 2
12 2
18 2
72 2
221 2
72 2
107 2
72 2
22 2
23 2
18 2
72 2
230 2
72 2
18 2
72 2
230 2
21 2
239 2
72 2
22 2
72 2
18 2
72 2
221 2
72 2
177 2
72 2
22 2
72 2
173 2
72 2
22 2
12 2
18 2
72 2
221 2
72 2
18 2
72 2
22 2
72 2
177 2
72 2
22 2
72 2
173 2
16 2
22 2
72 2
177 2
72 2
22 2
72 2
173 2
16 2
22 2
72 2
177 2
16 2
225 2
16 2
317 2
72 2
22 2
72 2
177 2
72 2
22 2
72 2
173 2
72 2
22 2
72 2
177 2
72 2
22 2
72 2
173 2
72 2
22 2
72 2
177 2
72 2
22 2
72 2
173 2
72 2
22 2
72 2
177 2
72 2
22 2
72 2
173 2
72 2
22 2
72 2
177 2
72 2
22 2
72 2
173 2
72 2
22 2
72 2
177 2
72 2
22 2
72 2
173 2
72 2
22 2
72 2
177 2
72 2
22 2
72 2
173 2
72 2
22 2
72 2
177 2
72 2
22 2
72 2
173 2
72 2
22 2
72 2
177 2
72 2
22 2
72 2
173 2
72 2
22 2
72 2
177 2
72 2
22 2
72 2
173 2
72 2
22 2
72 2
177 2
72 2
22 2
72 2
173 2
72 2
22 2
72 2
177 2
72 2
22 2
72 2
173 2
72 2
22 2
72 2
177 2
72 2
22 2
72 2
173 2
72 2
22 2
72 2
177 2
72 2
225 2
16 2
173 2
72 2
22 2
12 2
321 2
72 2
22 2
72 2
107 2
23 2
230 2
19 2
215 2
72 2
22 2
72 2
317 2
72 2
22 2
72 2
177 2
72 2
22 2
72 2
173 2
72 2
22 2
72 2
177 2
72 2
22 2
72 2
173 2
72 2
22 2
72 2
177 2
72 2
22 2
72 2
173 2
72 2
22 2
72 2
177 2
72 2
22 2
72 2
173 2
72 2
22 2
72 2
177 2
72 2
22 2
72 2
173 2
72 2
22 2
72 2
177 2
72 2
22 2
72 2
173 2
16 2
22 2
72 2
177 2
72 2
221 2
237 2
215 2
16 2
22 2
16 2
18 2
12 2
225 2
12 2
317 2
72 2
22 2
72 2
177 2
72 2
22 2
72 2
173 2
72 2
22 2
72 2
177 2
72 2
22 2
72 2
173 2
72 2
22 2
72 2
177 2
72 2
22 2
72 2
173 2
72 2
22 2
72 2
177 2
72 2
22 2
72 2
173 2
72 2
22 2
72 2
177 2
72 2
22 2
72 2
173 2
72 2
22 2
72 2
177 2
72 2
22 2
72 2
173 2
72 2
22 2
72 2
177 2
72 2
22 2
72 2
173 2
72 2
22 2
72 2
177 2
72 2
22 2
72 2
173 2
72 2
22 2
72 2
177 2
72 2
22 2
72 2
173 2
72 2
22 2
72 2
177 2
72 2
22 2
72 2
173 2
72 2
22 2
72 2
177 2
72 2
22 2
72 2
173 2
72 2
22 2
72 2
177 2
72 2
22 2
72 2
173 2
72 2
22 2
72 2
177 2
72 2
22 2
72 2
173 2
72 2
22 2
72 2
177 2
72 2
22 2
72 2
173 2
72 2
22 2
72 2
177 2
72 2
22 2
72 2
173 2
72 2
22 2
72 2
177 2
72 2
22 2
72 2
173 2
72 2
22 2
72 2
177 2
72 2
22 2
72 2
173 2
72 2
22 2
72 2
177 2
72 2
22 2
72 2
173 2
72 2
22 2
72 2
177 2
72 2
22 2
72 2
173 2
72 2
22 2
72 2
177 2
72 2
22 2
72 2
173 2
72 2
22 2
72 2
177 2
72 2
22 2
72 2
173 2
72 2
22 2
72 2
177 2
72 2
22 2
72 2
173 2
72 2
22 2
72 2
177 2
72 2
22 2
72 2
173 2
72 2
22 2
72 2
177 2
72 2
22 2
72 2
173 2
72 2
22 2
72 2
177 2
72 2
22 2
72 2
173 2
72 2
22 2
72 2
177 2
72 2
22 2
72 2
173 2
72 2
22 2
72 2
177 2
72 2
22 2
72 2
173 2
72 2
22 2
72 2
177 2
72 2
22 2
72 2
173 2
72 2
22 2
72 2
177 2
72 2
22 2
72 2
173 2
72 2
22 2
72 2
177 2
72 2
22 2
72 2
173 2
72 2
22 2
72 2
177 2
72 2
22 2
72 2
173 2
72 2
22 2
72 2
177 2
72 2
22 2
72 2
173 2
72 2
22 2
72 2
177 2
72 2
22 2
72 2
173 2
72 2
22 2
72 2
177 2
72 2
22 2
72 2
173 2
72 2
22 2
72 2
177 2
72 2
22 2
72 2
173 2
72 2
22 2
72 2
177 2
72 2
22 2
72 2
173 2
72 2
22 2
72 2
177 2
72 2
22 2
72 2
173 2
72 2
22 2
72 2
177 2
72 2
22 2
72 2
16 2
16 2
72 2
16 2
72 4
16 2
16 2
72 2
16 2
72 4
16 2
16 2
16 2
16 2
317 2
72 2
22 2
12 2
18 2
72 2
221 2
72 2
18 2
72 2
22 2
72 2
18 2
72 2
22 2
72 2
18 2
72 2
221 2
72 2
177 2
72 2
22 2
72 2
18 2
72 2
221 2
72 2
177 2
72 2
22 2
72 2
173 2
72 2
22 2
12 2
18 2
72 2
221 2
72 2
18 2
72 2
22 2
72 2
18 2
72 2
22 2
72 2
18 2
72 2
221 2
72 2
177 2
72 2
22 2
72 2
18 2
72 2
221 2
72 2
177 2
72 2
22 2
72 2
173 2
72 2
22 2
12 2
18 2
72 2
221 2
72 2
107 2
72 2
22 2
23 2
18 2
72 2
230 2
72 2
18 2
72 2
230 2
21 2
239 2
72 2
22 2
72 2
18 2
72 2
221 2
72 2
177 2
72 2
22 2
72 2
173 2
72 2
22 2
12 2
18 2
72 2
221 2
72 2
18 2
72 2
22 2
72 2
177 2
72 2
22 2
72 2
173 2
16 2
22 2
72 2
177 2
72 2
22 2
72 2
173 2
16 2
22 2
72 2
177 2
16 2
225 2
16 2
317 2
72 2
22 2
72 2
177 2
72 2
22 2
72 2
173 2
72 2
22 2
72 2
177 2
72 2
22 2
72 2
173 2
72 2
22 2
72 2
177 2
72 2
22 2
72 2
173 2
72 2
22 2
72 2
177 2
72 2
22 2
72 2
173 2
72 2
22 2
72 2
177 2
72 2
22 2
72 2
173 2
72 2
22 2
72 2
177 2
72 2
22 2
72 2
173 2
72 2
22 2
72 2
177 2
72 2
22 2
72 2
173 2
72 2
22 2
72 2
177 2
72 2
22 2
72 2
173 2
72 2
22 2
72 2
177 2
72 2
22 2
72 2
173 2
72 2
22 2
72 2
177 2
72 2
22 2
72 2
173 2
72 2
22 2
72 2
177 2
72 2
22 2
72 2
173 2
72 2
22 2
72 2
177 2
72 2
22 2
72 2
173 2
72 2
22 2
72 2
177 2
72 2
22 2
72 2
173 2
72 2
22 2
72 2
177 2
72 2
225 2
16 2
173 2
72 2
22 2
12 2
321 2
72 2
22 2
72 2
107 2
23 2
230 2
19 2
215 2
72 2
22 2
72 2
317 2
72 2
22 2
72 2
177 2
72 2
22 2
72 2
173 2
72 2
22 2
72 2
177 2
72 2
22 2
72 2
173 2
72 2
22 2
72 2
177 2
72 2
22 2
72 2
173 2
72 2
22 2
72 2
177 2
72 2
22 2
72 2
173 2
72 2
22 2
72 2
177 2
72 2
22 2
72 2
173 2
72 2
22 2
72 2
177 2
72 2
22 2
72 2
173 2
16 2
22 2
72 2
177 2
72 2
221 2
237 2
215 2
16 2
22 2
16 2
18 2
12 2
225 2
12 2
317 2
72 2
22 2
72 2
177 2
72 2
22 2
72 2
173 2
72 2
22 2
72 2
177 2
72 2
22 2
72 2
173 2
72 2
22 2
72 2
177 2
72 2
22 2
72 2
173 2
72 2
22 2
72 2
177 2
72 2
22 2
72 2
173 2
72 2
22 2
72 2
177 2
72 2
22 2
72 2
173 2
72 2
22 2
72 2
177 2
72 2
22 2
72 2
173 2
72 2
22 2
72 2
177 2
72 2
22 2
72 2
173 2
72 2
22 2
72 2
177 2
72 2
22 2
E
X
