major
S
H
48 9
53 7
48 4
47 9
53 7
47 4
58 2
63 2
58 2
57 2
62 2
57 2
56 2
61 2
56 2
55 2
60 2
55 2
37 2
36 2
35 2
34 2
33 2
32 2
31 2
30 2
29 2
28 2
27 2
26 2
25 12
E
S
H
48 9
53 7
48 4
47 9
53 7
47 4
46 2
51 2
46 2
45 2
50 2
45 2
44 2
49 2
44 2
43 2
48 2
43 2
121 2
108 2
239 2
226 2
213 2
200 2
187 2
174 2
161 2
160 2
147 2
134 2
121 12
E
S
H
48 9
53 7
48 4
47 9
53 7
47 4
46 2
51 2
46 2
45 2
50 2
45 2
44 2
49 2
44 2
43 2
48 2
43 2
121 2
108 2
239 2
226 2
213 2
200 2
187 2
174 2
161 2
160 2
147 2
134 2
121 12
E
S
L
166 9
101 7
166 4
192 9
127 7
192 4
188 6
175 6
162 6
149 6
121 2
108 2
239 2
226 2
213 2
200 2
187 2
174 2
161 2
160 2
147 2
134 2
121 12
E
S
L
173 4
18 4
18 4
177 4
18 4
173 4
173 4
18 4
18 4
177 4
18 4
173 4
18 2
177 2
177 2
18 2
23 2
21 2
19 2
17 2
72 7
173 2
18 2
18 2
177 2
18 2
18 2
173 2
18 2
18 2
177 2
18 2
18 2
31 12
E
X
