minor
S
L
13 14
72 2
15 14
72 2
13 14
72 2
15 14
72 2
13 14
72 2
15 14
72 2
13 14
72 2
15 14
72 2
13 14
72 2
15 14
72 2
13 14
72 2
15 14
E
S
H
37 3
37 0
72 1
44 3
44 0
72 1
49 3
49 0
72 1
44 3
44 0
72 1
45 3
45 0
72 1
42 3
42 0
72 1
44 3
44 5
72 13
37 3
37 0
72 1
44 3
44 0
72 1
49 3
49 0
72 1
42 3
42 0
72 1
45 3
45 0
72 1
44 3
44 0
72 13
37 3
37 0
72 1
44 3
44 0
72 1
49 3
49 0
72 1
44 3
44 0
72 1
45 3
45 0
72 1
42 3
42 0
72 1
44 3
44 5
72 13
37 3
37 0
72 1
44 3
44 0
72 1
49 3
49 0
72 1
42 3
42 0
72 1
45 3
45 0
72 1
44 3
44 0
72 13
37 3
37 0
72 1
44 3
44 0
72 1
49 3
49 0
72 1
44 3
44 0
72 1
45 3
45 0
72 1
42 3
42 0
72 1
44 3
44 5
72 13
37 3
37 0
72 1
44 3
44 0
72 1
49 3
49 0
72 1
42 3
42 0
72 1
45 3
45 0
72 1
44 3
44 0
72 13
37 3
37 0
72 1
44 3
44 0
72 1
49 3
49 0
72 1
44 3
44 0
72 1
45 3
45 0
72 1
42 3
42 0
72 1
44 3
44 5
72 13
37 3
37 0
72 1
44 3
44 0
72 1
49 3
49 0
72 1
42 3
42 0
72 1
45 3
45 0
72 1
44 3
44 0
72 13
37 3
37 0
72 1
44 3
44 0
72 1
49 3
49 0
72 1
44 3
44 0
72 1
45 3
45 0
72 1
42 3
42 0
72 1
44 3
44 5
72 13
37 3
37 0
72 1
44 3
44 0
72 1
49 3
49 0
72 1
42 3
42 0
72 1
45 3
45 0
72 1
44 3
44 0
72 13
37 3
37 0
72 1
44 3
44 0
72 1
49 3
49 0
72 1
44 3
44 0
72 1
45 3
45 0
72 1
42 3
42 0
72 1
44 3
44 5
72 13
37 3
37 0
72 1
44 3
44 0
72 1
49 3
49 0
72 1
42 3
42 0
72 1
45 3
45 0
72 1
44 3
44 0
E
S
L
342 14
72 2
145 14
72 2
342 14
72 2
145 13
72 2
23 10
72 2
342 14
72 2
145 14
72 2
342 14
72 2
145 13
72 2
23 10
72 2
342 14
72 2
145 14
72 2
342 14
72 2
145 13
72 2
23 10
E
S
L
72 7
25 8
72 1
27 4
28 6
72 2
30 12
72 2
32 6
72 2
27 13
72 2
20 10
72 2
32 13
72 2
30 6
72 2
27 8
72 1
23 8
72 1
20 14
72 8
25 8
72 1
27 4
28 6
72 2
30 12
72 2
32 6
72 2
27 13
72 2
20 10
72 2
32 13
72 2
30 6
72 2
27 8
72 1
23 8
72 1
20 14
72 8
25 8
72 1
27 4
28 6
72 2
30 12
72 2
32 6
72 2
27 13
72 2
20 10
72 2
32 13
72 2
30 6
72 2
27 8
72 1
23 8
72 1
20 14
E
S
L
72 14
8 4
13 12
72 14
8 4
13 12
72 14
8 4
13 12
E
S
H
72 2
37 3
72 0
37 0
72 0
44 2
44 0
72 2
49 3
72 0
49 0
72 0
44 2
44 0
72 2
45 3
72 0
45 0
72 0
42 2
42 0
72 2
44 3
72 0
44 3
72 13
37 3
72 0
37 0
72 0
44 2
44 0
72 2
49 3
72 0
49 0
72 0
42 2
42 0
72 2
45 3
72 0
45 0
72 0
44 2
44 6
72 13
37 3
72 0
37 0
72 0
44 2
44 0
72 2
49 3
72 0
49 0
72 0
44 2
44 0
72 2
45 3
72 0
45 0
72 0
42 2
42 0
72 2
44 3
72 0
44 3
72 13
37 3
72 0
37 0
72 0
44 2
44 0
72 2
49 3
72 0
49 0
72 0
42 2
42 0
72 2
45 3
72 0
45 0
72 0
44 2
44 6
72 13
37 3
72 0
37 0
72 0
44 2
44 0
72 2
49 3
72 0
49 0
72 0
44 2
44 0
72 2
45 3
72 0
45 0
72 0
42 2
42 0
72 2
44 3
72 0
44 3
72 13
37 3
72 0
37 0
72 0
44 2
44 0
72 2
49 3
72 0
49 0
72 0
42 2
42 0
72 2
45 3
72 0
45 0
72 0
44 2
44 6
72 13
37 3
72 0
37 0
72 0
44 2
44 0
72 2
49 3
72 0
49 0
72 0
44 2
44 0
72 2
45 3
72 0
45 0
72 0
42 2
42 0
72 2
44 3
72 0
44 3
72 13
37 3
72 0
37 0
72 0
44 2
44 0
72 2
49 3
72 0
49 0
72 0
42 2
42 0
72 2
45 3
72 0
45 0
72 0
44 2
44 6
72 13
37 3
72 0
37 0
72 0
44 2
44 0
72 2
49 3
72 0
49 0
72 0
44 2
44 0
72 2
45 3
72 0
45 0
72 0
42 2
42 0
72 2
44 3
72 0
44 3
72 13
37 3
72 0
37 0
72 0
44 2
44 0
72 2
49 3
72 0
49 0
72 0
42 2
42 0
72 2
45 3
72 0
45 0
72 0
44 2
44 6
72 13
37 3
72 0
37 0
72 0
44 2
44 0
72 2
49 3
72 0
49 0
72 0
44 2
44 0
72 2
45 3
72 0
45 0
72 0
42 2
42 0
72 2
44 3
72 0
44 3
72 13
37 3
72 0
37 0
72 0
44 2
44 0
72 2
49 3
72 0
49 0
72 0
42 2
42 0
72 2
45 3
72 0
45 0
72 0
44 2
44 6
E
S
L
342 14
72 2
145 14
72 2
342 14
72 2
145 13
72 2
23 10
72 2
342 14
72 2
145 14
72 2
342 14
72 2
145 13
72 2
23 10
72 2
342 14
72 2
145 14
72 2
342 14
72 2
145 13
72 2
23 10
E
S
L
13 14
72 2
15 14
72 2
13 14
72 2
15 14
72 2
13 14
72 2
15 14
72 2
13 14
72 2
15 14
72 2
13 14
72 2
15 14
72 2
13 14
72 2
15 14
E
X
