minor
S
H
72 7
72 14
44 9
47 4
47 9
47 4
45 9
44 11
44 9
47 4
47 6
52 6
47 4
45 9
44 11
44 2
45 2
47 9
47 4
47 4
49 4
46 4
47 4
52 9
52 4
52 4
54 4
51 4
52 4
59 11
57 7
56 7
56 9
54 4
54 11
44 9
47 4
47 9
47 4
45 9
44 11
44 9
47 4
47 6
52 6
47 4
45 9
44 11
44 2
45 2
47 9
47 4
48 4
48 4
49 4
51 4
52 11
54 7
52 7
56 12
52 2
51 2
52 7
52 4
52 4
57 4
56 4
52 4
54 4
52 13
72 12
47 4
51 4
52 9
52 4
54 7
52 4
54 4
56 7
57 7
59 9
56 2
57 2
59 9
59 4
59 7
59 4
61 4
56 7
54 4
52 11
52 4
57 11
56 9
52 4
60 9
60 4
59 11
57 7
55 7
54 7
52 7
50 13
72 13
55 9
50 4
57 9
55 2
57 2
60 6
59 6
55 4
55 11
55 9
50 4
57 9
55 2
57 2
60 6
59 6
55 4
55 7
57 4
55 4
54 11
54 4
47 4
54 4
55 11
55 4
54 4
55 4
59 11
57 7
55 7
55 9
54 4
54 11
55 9
50 4
57 9
55 2
57 2
60 6
59 6
55 4
55 11
55 9
50 4
57 9
55 2
57 2
59 6
60 6
62 4
64 9
62 2
60 2
59 11
57 9
57 4
59 11
57 7
55 7
55 11
54 9
55 4
55 13
72 14
44 9
47 4
47 9
47 4
45 9
44 11
44 9
47 4
47 6
52 6
47 4
45 9
44 11
44 2
45 2
47 9
47 4
47 4
49 4
46 4
47 4
52 9
52 4
52 4
54 4
51 4
52 4
59 11
57 7
56 7
56 9
54 4
54 11
44 9
47 4
47 9
47 4
45 9
44 11
44 9
47 4
47 6
52 6
47 4
45 9
44 11
44 2
45 2
47 9
47 4
48 4
48 4
49 4
51 4
52 11
54 7
52 7
56 12
52 2
51 2
52 7
52 4
52 4
57 4
56 4
52 4
54 4
52 13
72 12
47 4
51 4
52 9
52 4
54 7
52 4
54 4
56 7
57 7
59 9
56 2
57 2
59 9
59 4
59 7
59 4
61 4
56 7
54 4
52 11
52 4
57 11
56 9
52 4
60 9
60 4
59 11
57 7
55 7
54 7
52 7
50 13
72 13
55 9
50 4
57 9
55 2
57 2
60 6
59 6
55 4
55 11
55 9
50 4
57 9
55 2
57 2
60 6
59 6
55 4
55 7
57 4
55 4
54 11
54 4
47 4
54 4
55 11
55 4
54 4
55 4
59 11
57 7
55 7
55 9
54 4
54 11
55 9
50 4
57 9
55 2
57 2
60 6
59 6
55 4
55 11
55 9
50 4
57 9
55 2
57 2
59 6
60 6
62 4
64 9
62 2
60 2
59 11
57 9
57 4
59 11
57 7
55 7
55 11
54 9
55 4
55 13
72 14
44 9
47 4
47 9
47 4
45 9
44 11
44 9
47 4
47 6
52 6
47 4
45 9
44 11
44 2
45 2
E
S
H
72 7
72 14
42 13
44 11
42 11
47 14
40 14
40 14
72 12
51 7
52 13
52 6
51 6
52 4
49 7
44 7
45 13
44 9
45 7
47 4
45 7
44 13
45 11
45 11
44 13
47 14
72 11
52 2
51 2
52 2
47 2
44 2
40 2
72 11
55 2
54 2
55 2
50 2
47 2
43 2
43 13
72 14
52 2
54 2
55 2
57 2
58 2
59 2
60 2
61 2
62 14
72 13
40 7
43 7
47 7
52 12
47 6
43 7
72 12
50 14
72 2
38 4
40 4
41 4
43 4
47 4
52 4
55 4
59 11
57 11
55 7
50 7
45 7
43 7
72 13
50 4
55 4
62 4
60 4
59 4
57 4
55 7
50 4
47 4
48 7
47 4
45 4
43 4
72 4
38 4
43 4
50 4
48 4
47 4
45 4
43 7
38 4
35 4
33 7
32 4
33 8
72 14
42 13
44 11
42 11
47 14
40 14
40 14
72 12
51 7
52 13
52 6
51 6
52 4
49 7
44 7
45 13
44 9
45 7
47 4
45 7
44 13
45 11
45 11
44 13
47 14
72 11
52 2
51 2
52 2
47 2
44 2
40 2
72 11
55 2
54 2
55 2
50 2
47 2
43 2
43 13
72 14
52 2
54 2
55 2
57 2
58 2
59 2
60 2
61 2
62 14
72 13
40 7
43 7
47 7
52 12
47 6
43 7
72 12
50 14
72 2
38 4
40 4
41 4
43 4
47 4
52 4
55 4
59 11
57 11
55 7
50 7
45 7
43 7
72 13
50 4
55 4
62 4
60 4
59 4
57 4
55 7
50 4
47 4
48 7
47 4
45 4
43 4
72 4
38 4
43 4
50 4
48 4
47 4
45 4
43 7
38 4
35 4
33 7
32 4
33 8
E
S
H
72 7
72 14
39 13
40 11
39 11
37 13
44 11
42 11
35 14
35 14
72 6
42 7
44 11
72 13
44 6
42 6
44 4
40 7
37 7
40 13
72 9
40 0
72 7
40 9
40 13
37 11
36 11
40 13
42 13
44 11
42 4
44 4
42 4
39 4
40 11
40 11
43 11
43 11
40 13
72 6
31 4
33 4
38 4
45 4
42 4
43 4
50 13
47 11
45 11
43 11
72 11
47 11
45 11
43 11
43 11
72 7
42 6
47 11
72 11
40 7
43 7
72 12
43 0
72 6
40 4
72 4
33 4
38 4
43 4
45 4
43 4
45 4
38 4
47 11
45 11
43 11
43 11
47 11
45 11
41 11
43 11
43 13
47 7
43 7
42 7
40 7
38 13
72 10
52 4
50 4
48 4
47 7
43 4
38 4
40 7
38 4
36 4
35 4
72 7
43 7
72 14
39 13
40 11
39 11
37 13
44 11
42 11
35 14
35 14
72 6
42 7
44 11
72 13
44 6
42 6
44 4
40 7
37 7
40 13
72 9
40 0
72 7
40 9
40 13
37 11
36 11
40 13
42 13
44 11
42 4
44 4
42 4
39 4
40 11
40 11
43 11
43 11
40 13
72 6
31 4
33 4
38 4
45 4
42 4
43 4
50 13
47 11
45 11
43 11
72 11
47 11
45 11
43 11
43 11
72 7
42 6
47 11
72 11
40 7
43 7
72 12
43 0
72 6
40 4
72 4
33 4
38 4
43 4
45 4
43 4
45 4
38 4
47 11
45 11
43 11
43 11
47 11
45 11
41 11
43 11
43 13
47 7
43 7
42 7
40 7
38 13
72 10
52 4
50 4
48 4
47 7
43 4
38 4
40 7
38 4
36 4
35 4
72 7
43 7
E
S
L
72 7
72 14
35 13
37 11
35 11
28 13
72 11
27 11
23 13
25 9
23 11
23 13
25 9
23 12
72 12
39 7
40 13
40 6
39 6
40 4
37 7
32 7
37 13
35 9
37 7
39 4
37 7
35 13
33 11
72 11
35 13
39 13
40 13
37 11
35 11
40 11
38 11
37 13
72 14
43 11
42 11
40 11
38 11
43 11
42 11
40 11
38 11
72 7
38 6
42 11
72 6
33 7
35 7
40 7
72 12
40 0
72 6
35 4
72 13
43 11
42 11
40 11
38 11
43 11
42 11
33 11
35 11
39 13
38 7
35 7
72 7
35 0
72 7
33 13
43 11
42 4
40 4
38 7
35 4
31 12
72 8
43 4
40 4
38 4
36 4
35 7
31 7
30 7
28 10
72 14
35 13
37 11
35 11
28 13
72 11
27 11
23 13
25 9
23 11
23 13
25 9
23 12
72 12
39 7
40 13
40 6
39 6
40 4
37 7
32 7
37 13
35 9
37 7
39 4
37 7
35 13
33 11
72 11
35 13
39 13
40 13
37 11
35 11
40 11
38 11
37 13
72 14
43 11
42 11
40 11
38 11
43 11
42 11
40 11
38 11
72 7
38 6
42 11
72 6
33 7
35 7
40 7
72 12
40 0
72 6
35 4
72 13
43 11
42 11
40 11
38 11
43 11
42 11
33 11
35 11
39 13
38 7
35 7
72 7
35 0
72 7
33 13
43 11
42 4
40 4
38 7
35 4
31 12
72 8
43 4
40 4
38 4
36 4
35 7
31 7
30 7
28 10
E
S
L
72 7
72 14
27 13
25 11
20 11
21 13
23 13
16 14
16 14
72 6
23 7
24 11
25 11
23 11
22 13
23 13
16 13
72 2
23 4
28 4
33 4
32 4
28 4
23 4
20 4
28 11
30 11
32 7
33 7
35 7
32 7
30 13
32 11
30 4
32 4
30 4
27 4
33 11
32 11
36 11
35 11
33 13
72 6
19 4
21 4
26 4
33 4
30 4
31 4
38 13
35 11
33 11
31 11
72 11
35 11
33 11
31 11
72 12
33 6
35 11
72 12
35 7
37 12
37 6
31 6
72 2
21 4
26 4
31 4
33 4
31 4
33 4
26 4
35 11
33 11
31 11
72 11
35 11
33 11
29 11
31 11
72 13
35 7
31 7
33 7
31 7
72 14
31 11
30 4
28 4
26 9
19 4
18 12
72 14
27 13
25 11
20 11
21 13
23 13
16 14
16 14
72 6
23 7
24 11
25 11
23 11
22 13
23 13
16 13
72 2
23 4
28 4
33 4
32 4
28 4
23 4
20 4
28 11
30 11
32 7
33 7
35 7
32 7
30 13
32 11
30 4
32 4
30 4
27 4
33 11
32 11
36 11
35 11
33 13
72 6
19 4
21 4
26 4
33 4
30 4
31 4
38 13
35 11
33 11
31 11
72 11
35 11
33 11
31 11
72 12
33 6
35 11
72 12
35 7
37 12
37 6
31 6
72 2
21 4
26 4
31 4
33 4
31 4
33 4
26 4
35 11
33 11
31 11
72 11
35 11
33 11
29 11
31 11
72 13
35 7
31 7
33 7
31 7
72 14
31 11
30 4
28 4
26 9
19 4
18 12
E
S
H
72 7
72 14
44 9
45 7
47 4
45 7
44 13
72 14
52 2
51 2
52 2
47 2
44 2
40 2
72 11
55 2
54 2
55 2
50 2
47 2
43 2
72 14
33 4
38 4
43 4
45 4
43 4
45 4
38 4
72 14
38 4
40 4
41 4
43 4
47 4
52 4
55 4
59 11
57 11
55 7
50 7
45 7
43 7
72 13
50 4
55 4
62 4
60 4
59 4
57 4
55 7
50 4
47 4
48 7
47 4
45 4
43 4
72 4
38 4
43 4
50 4
48 4
47 4
45 4
43 7
38 4
35 4
33 7
32 4
33 8
72 14
44 9
45 7
47 4
45 7
44 13
72 14
52 2
51 2
52 2
47 2
44 2
40 2
72 11
55 2
54 2
55 2
50 2
47 2
43 2
72 14
33 4
38 4
43 4
45 4
43 4
45 4
38 4
72 14
38 4
40 4
41 4
43 4
47 4
52 4
55 4
59 11
57 11
55 7
50 7
45 7
43 7
72 13
50 4
55 4
62 4
60 4
59 4
57 4
55 7
50 4
47 4
48 7
47 4
45 4
43 4
72 4
38 4
43 4
50 4
48 4
47 4
45 4
43 7
38 4
35 4
33 7
32 4
33 8
E
S
L
72 7
72 14
23 4
28 4
33 4
32 4
28 4
23 4
20 4
72 14
30 4
32 4
30 4
27 4
72 14
19 4
21 4
26 4
33 4
30 4
31 4
38 13
72 14
21 4
26 4
31 4
33 4
31 4
33 4
26 4
72 14
43 11
42 4
40 4
38 7
35 4
31 13
30 4
28 4
26 9
19 4
18 12
72 14
23 4
28 4
33 4
32 4
28 4
23 4
20 4
72 14
30 4
32 4
30 4
27 4
72 14
19 4
21 4
26 4
33 4
30 4
31 4
38 13
72 14
21 4
26 4
31 4
33 4
31 4
33 4
26 4
72 14
43 11
42 4
40 4
38 7
35 4
31 13
30 4
28 4
26 9
19 4
18 12
E
S
L
72 7
72 14
9 14
4 13
4 8
72 2
4 7
11 9
4 12
4 4
4 8
72 2
4 11
15 2
16 2
15 11
11 7
15 4
13 11
8 11
9 8
72 2
9 9
72 4
9 2
9 2
11 9
11 7
6 7
6 4
4 12
11 4
16 9
16 11
4 12
11 4
16 9
16 9
8 4
9 4
11 11
12 11
13 11
11 11
10 8
72 1
10 11
11 8
72 1
11 7
6 4
8 4
11 4
4 8
72 1
4 11
11 4
16 9
16 11
9 4
9 6
72 2
9 4
9 4
9 7
4 2
9 2
4 7
6 7
8 7
9 7
11 8
72 2
6 2
8 2
11 4
11 7
6 2
9 2
13 8
72 2
8 4
13 4
13 7
8 4
4 4
4 6
72 2
4 4
4 4
4 4
5 4
6 4
7 4
7 6
72 2
7 4
7 3
72 1
7 4
7 4
8 4
9 4
9 6
72 2
9 4
72 4
9 7
9 4
14 4
14 6
72 2
14 4
14 4
26 7
21 4
14 4
14 2
9 4
9 2
2 6
2 2
9 4
14 7
7 6
72 2
7 4
2 2
4 2
7 6
72 2
7 4
2 2
4 2
7 6
72 2
7 4
72 2
7 4
7 2
11 4
12 4
14 4
7 6
72 2
7 4
2 2
4 2
7 6
72 2
7 4
2 2
4 2
7 6
72 2
7 4
72 2
11 5
72 0
11 4
12 4
13 4
14 4
14 4
14 4
14 4
15 4
15 4
15 4
15 4
16 4
16 4
16 4
11 2
4 5
72 0
4 4
2 4
2 4
13 4
13 4
13 4
13 2
13 2
13 4
13 4
13 4
13 4
14 4
14 4
14 4
14 4
14 4
14 4
14 2
9 2
2 4
7 6
72 2
7 4
2 2
4 2
7 6
72 2
7 4
2 2
4 2
7 6
72 2
7 4
72 2
7 6
11 4
12 4
14 4
7 6
72 2
7 4
2 2
4 2
7 6
72 2
7 4
2 2
4 2
7 6
72 2
7 4
72 2
12 4
12 2
7 4
7 4
12 4
12 4
12 4
12 4
5 2
7 2
12 4
12 4
12 4
12 4
14 4
14 4
14 4
14 4
15 4
15 4
16 4
16 4
9 4
9 4
9 4
9 4
14 4
14 4
14 2
9 2
2 4
7 14
72 14
4 13
4 8
72 2
4 7
11 9
4 12
4 4
4 8
72 2
4 11
15 2
16 2
15 11
11 7
15 4
13 11
8 11
9 8
72 2
9 9
72 4
9 2
9 2
11 9
11 7
6 7
6 4
4 12
11 4
16 9
16 11
4 12
11 4
16 9
16 9
8 4
9 4
11 11
12 11
13 11
11 11
10 8
72 1
10 11
11 8
72 1
11 7
6 4
8 4
11 4
4 8
72 1
4 11
11 4
16 9
16 11
9 4
9 6
72 2
9 4
9 4
9 7
4 2
9 2
4 7
6 7
8 7
9 7
11 8
72 2
6 2
8 2
11 4
11 7
6 2
9 2
13 8
72 2
8 4
13 4
13 7
8 4
4 4
4 6
72 2
4 4
4 4
4 4
5 4
6 4
7 4
7 6
72 2
7 4
7 3
72 1
7 4
7 4
8 4
9 4
9 6
72 2
9 4
72 4
9 7
9 4
14 4
14 6
72 2
14 4
14 4
26 7
21 4
14 4
14 2
9 4
9 2
2 6
2 2
9 4
14 7
7 6
72 2
7 4
2 2
4 2
7 6
72 2
7 4
2 2
4 2
7 6
72 2
7 4
72 2
7 4
7 2
11 4
12 4
14 4
7 6
72 2
7 4
2 2
4 2
7 6
72 2
7 4
2 2
4 2
7 6
72 2
7 4
72 2
11 5
72 0
11 4
12 4
13 4
14 4
14 4
14 4
14 4
15 4
15 4
15 4
15 4
16 4
16 4
16 4
11 2
4 5
72 0
4 4
2 4
2 4
13 4
13 4
13 4
13 2
13 2
13 4
13 4
13 4
13 4
14 4
14 4
14 4
14 4
14 4
14 4
14 2
9 2
2 4
7 6
72 2
7 4
2 2
4 2
7 6
72 2
7 4
2 2
4 2
7 6
72 2
7 4
72 2
7 6
11 4
12 4
14 4
7 6
72 2
7 4
2 2
4 2
7 6
72 2
7 4
2 2
4 2
7 6
72 2
7 4
72 2
12 4
12 2
7 4
7 4
12 4
12 4
12 4
12 4
5 2
7 2
12 4
12 4
12 4
12 4
14 4
14 4
14 4
14 4
15 4
15 4
16 4
16 4
9 4
9 4
9 4
9 4
14 4
14 4
14 2
9 2
2 4
7 14
72 14
4 13
4 8
72 2
4 7
11 9
4 12
4 4
4 8
72 2
4 11
15 2
16 2
E
S
L
72 7
72 14
1613 0
72 2
18 0
72 2
18 0
72 2
173 0
72 2
1617 0
72 2
18 0
72 2
18 0
72 2
18 0
72 2
173 0
72 2
227 0
72 2
177 0
72 2
18 0
72 2
18 0
72 2
227 0
72 2
18 0
72 2
173 0
72 2
227 0
72 2
173 0
72 2
173 0
72 2
18 0
72 2
1617 0
72 2
18 0
72 2
18 0
72 2
173 0
72 2
1613 0
72 2
18 0
72 2
177 0
72 2
18 0
72 2
227 0
72 2
18 0
72 2
18 0
72 2
18 0
72 2
1613 0
72 2
18 0
72 2
18 0
72 2
173 0
72 2
1617 0
72 2
18 0
72 2
18 0
72 2
18 0
72 2
173 0
72 2
227 0
72 2
177 0
72 2
18 0
72 2
18 0
72 2
227 0
72 2
18 0
72 2
18 0
72 2
1613 0
72 2
18 0
72 2
18 0
72 2
173 0
72 2
1617 0
72 2
18 0
72 2
18 0
72 2
18 0
72 2
173 0
72 2
227 0
72 2
177 0
72 2
18 0
72 2
18 0
72 2
227 0
72 2
18 0
72 2
173 0
72 2
227 0
72 2
173 0
72 2
173 0
72 2
18 0
72 2
1617 0
72 2
18 0
72 2
18 0
72 2
173 0
72 2
1613 0
72 2
1079 0
72 2
1041 0
72 2
179 0
72 2
1631 0
72 2
1055 0
72 2
1055 0
72 2
1055 0
72 2
1613 0
72 2
18 0
72 2
18 0
72 2
173 0
72 2
1617 0
72 2
18 0
72 2
18 0
72 2
18 0
72 2
173 0
72 2
227 0
72 2
177 0
72 2
18 0
72 2
18 0
72 2
227 0
72 2
18 0
72 2
173 0
72 2
1613 0
72 2
18 0
72 2
173 0
72 2
18 0
72 2
1617 0
72 2
18 0
72 2
18 0
72 2
173 0
72 2
1613 0
72 2
18 0
72 2
177 0
72 2
18 0
72 2
227 0
72 2
18 0
72 2
18 0
72 2
18 0
72 2
1613 0
72 2
18 0
72 2
18 0
72 2
173 0
72 2
1617 0
72 2
18 0
72 2
18 0
72 2
18 0
72 2
173 0
72 2
227 0
72 2
177 0
72 2
18 0
72 2
18 0
72 2
227 0
72 2
18 0
72 2
173 0
72 2
227 0
72 2
173 0
72 2
173 0
72 2
18 0
72 2
1617 0
72 2
18 0
72 2
18 0
72 2
173 0
72 2
1613 0
72 2
18 0
72 2
177 0
72 2
18 0
72 2
227 0
72 2
18 0
72 2
18 0
72 2
18 0
72 2
1613 0
72 2
18 0
72 2
18 0
72 2
173 0
72 2
1617 0
72 2
18 0
72 2
18 0
72 2
18 0
72 2
173 0
72 2
227 0
72 2
177 0
72 2
18 0
72 2
18 0
72 2
227 0
72 2
18 0
72 2
173 0
72 2
227 0
72 2
173 0
72 2
173 0
72 2
18 0
72 2
1617 0
72 2
18 0
72 2
18 0
72 2
173 0
72 2
1613 0
72 2
18 0
72 2
177 0
72 2
18 0
72 2
227 0
72 2
18 0
72 2
18 0
72 2
18 0
72 2
1613 0
72 2
18 0
72 2
18 0
72 2
173 0
72 2
1617 0
72 2
18 0
72 2
18 0
72 2
18 0
72 2
173 0
72 2
227 0
72 2
177 0
72 2
18 0
72 2
18 0
72 2
227 0
72 2
18 0
72 2
173 0
72 2
227 0
72 2
173 0
72 2
173 0
72 2
18 0
72 2
1617 0
72 2
18 0
72 2
18 0
72 2
173 0
72 2
1613 0
72 2
1079 0
72 2
1041 0
72 2
179 0
72 2
1055 0
72 2
1055 0
72 2
1055 0
72 2
1055 0
72 2
1613 0
72 2
18 0
72 2
18 0
72 2
173 0
72 2
1617 0
72 2
18 0
72 2
18 0
72 2
18 0
72 2
173 0
72 2
227 0
72 2
177 0
72 2
18 0
72 2
18 0
72 2
227 0
72 2
18 0
72 2
173 0
72 2
1613 0
72 2
18 0
72 2
173 0
72 2
18 0
72 2
1617 0
72 2
18 0
72 2
18 0
72 2
173 0
72 2
1613 0
72 2
18 0
72 2
177 0
72 2
18 0
72 2
227 0
72 2
18 0
72 2
18 0
72 2
18 0
72 2
1613 0
72 2
18 0
72 2
18 0
72 2
173 0
72 2
1617 0
72 2
18 0
72 2
18 0
72 2
18 0
72 2
173 0
72 2
227 0
72 2
177 0
72 2
18 0
72 2
18 0
72 2
227 0
72 2
18 0
72 2
173 0
72 2
227 0
72 2
173 0
72 2
173 0
72 2
18 0
72 2
1617 0
72 2
18 0
72 2
18 0
72 2
173 0
72 2
1613 0
72 2
18 0
72 2
177 0
72 2
18 0
72 2
227 0
72 2
18 0
72 2
18 0
72 2
18 0
72 2
1613 0
72 2
18 0
72 2
18 0
72 2
173 0
72 2
1617 0
72 2
18 0
72 2
18 0
72 2
18 0
72 2
173 0
72 2
227 0
72 2
177 0
72 2
18 0
72 2
18 0
72 2
227 0
72 2
18 0
72 2
173 0
72 2
227 0
72 2
173 0
72 2
173 0
72 2
18 0
72 2
1617 0
72 2
18 0
72 2
18 0
72 2
173 0
72 2
1613 0
72 2
18 0
72 2
177 0
72 2
18 0
72 2
227 0
72 2
18 0
72 2
18 0
72 2
18 0
72 2
1613 0
72 2
18 0
72 2
18 0
72 2
173 0
72 2
1617 0
72 2
18 0
72 2
18 0
72 2
18 0
72 2
173 0
72 2
227 0
72 2
177 0
72 2
18 0
72 2
18 0
72 2
227 0
72 2
18 0
72 2
173 0
72 2
227 0
72 2
173 0
72 2
173 0
72 2
18 0
72 2
1617 0
72 2
18 0
72 2
18 0
72 2
173 0
72 2
1613 0
72 2
1079 0
72 2
1041 0
72 2
179 0
72 2
1055 0
72 2
1055 0
72 2
1055 0
72 2
1055 0
72 2
1001 0
72 2
18 0
72 2
18 0
72 2
173 0
72 2
1617 0
72 2
18 0
72 2
18 0
72 2
18 0
72 2
173 0
72 2
227 0
72 2
177 0
72 2
18 0
72 2
18 0
72 2
227 0
72 2
1001 0
72 2
18 0
72 2
1577 0
72 2
18 0
72 2
18 0
72 2
173 0
72 2
1617 0
72 2
18 0
72 2
173 0
72 2
173 0
72 2
1613 0
72 2
18 0
72 2
177 0
72 2
18 0
72 2
227 0
72 2
18 0
72 2
18 0
72 2
18 0
72 2
1613 0
72 2
18 0
72 2
18 0
72 2
173 0
72 2
1617 0
72 2
18 0
72 2
18 0
72 2
18 0
72 2
173 0
72 2
227 0
72 2
177 0
72 2
18 0
72 2
18 0
72 2
227 0
72 2
173 0
72 2
173 0
72 2
1613 0
72 2
18 0
72 2
173 0
72 2
18 0
72 2
1617 0
72 2
18 0
72 2
18 0
72 2
173 0
72 2
1613 0
72 2
18 0
72 2
177 0
72 2
18 0
72 2
227 0
72 2
18 0
72 2
18 0
72 2
18 0
72 2
1613 0
72 2
18 0
72 2
18 0
72 2
173 0
72 2
1617 0
72 2
18 0
72 2
18 0
72 2
18 0
72 2
173 0
72 2
227 0
72 2
177 0
72 2
18 0
72 2
18 0
72 2
227 0
72 2
173 0
72 2
173 0
72 2
227 0
72 2
173 0
72 2
173 0
72 2
18 0
72 2
1617 0
72 2
18 0
72 2
18 0
72 2
18 0
72 2
1613 0
72 2
173 0
72 2
173 0
72 2
18 0
72 2
1617 0
72 2
18 0
72 2
18 0
72 2
18 0
72 2
1613 0
72 2
18 0
72 2
18 0
72 2
18 0
72 2
1617 0
72 2
18 0
72 2
18 0
72 2
18 0
72 2
173 0
72 2
227 0
72 2
177 0
72 2
18 0
72 2
18 0
72 2
227 0
72 2
18 0
72 2
18 0
72 2
1613 0
72 2
18 0
72 2
173 0
72 2
18 0
72 2
1617 0
72 2
18 0
72 2
18 0
72 2
18 0
72 2
173 0
72 2
227 0
72 2
177 0
72 2
18 0
72 2
18 0
72 2
227 0
72 2
18 0
72 2
18 0
72 2
1613 0
72 2
18 0
72 2
173 0
72 2
18 0
72 2
1617 0
72 2
18 0
72 2
18 0
72 2
18 0
72 2
173 0
72 2
227 0
72 2
177 0
72 2
18 0
72 2
18 0
72 2
227 0
72 2
18 0
72 2
18 0
72 2
1613 0
72 2
18 0
72 2
173 0
72 2
18 0
72 2
1617 0
72 2
18 0
72 2
18 0
72 2
18 0
72 2
173 0
72 2
227 0
72 2
177 0
72 2
18 0
72 2
18 0
72 2
227 0
72 2
18 0
72 2
18 0
72 2
1613 0
72 2
18 0
72 2
173 0
72 2
18 0
72 2
1617 0
72 2
18 0
72 2
18 0
72 2
18 0
72 2
1613 0
72 2
191 0
72 2
191 0
72 2
18 0
72 2
1618 0
72 2
178 0
72 2
178 0
72 2
178 0
72 2
281 0
72 4
227 0
72 4
177 0
72 4
227 0
72 2
12 0
72 2
173 0
72 4
227 0
72 4
177 0
72 4
1616 0
72 2
12 0
72 2
1001 0
72 4
227 0
72 4
177 0
72 4
227 0
72 2
12 0
72 2
173 0
72 4
227 0
72 4
177 0
72 4
227 0
72 2
12 0
72 2
281 0
72 4
227 0
72 4
177 0
72 4
227 0
72 2
12 0
72 2
173 0
72 4
227 0
72 4
177 0
72 4
1616 0
72 2
12 0
72 2
1001 0
72 4
227 0
72 4
177 0
72 4
227 0
72 2
12 0
72 2
173 0
72 4
227 0
72 4
177 0
72 4
227 0
72 2
12 0
72 2
173 0
72 4
227 0
72 4
177 0
72 4
227 0
72 2
12 0
72 2
173 0
72 4
227 0
72 4
177 0
72 4
227 0
72 4
173 0
72 4
227 0
72 4
177 0
72 4
227 0
72 2
12 0
72 2
173 0
72 4
227 0
72 4
177 0
72 4
227 0
72 4
173 0
72 4
227 0
72 4
177 0
72 4
227 0
72 2
12 0
72 2
173 0
72 4
227 0
72 4
177 0
72 4
227 0
72 4
173 0
72 4
227 0
72 4
177 0
72 4
1613 0
72 4
173 0
72 4
227 0
72 4
177 0
72 4
227 0
72 4
281 0
72 4
227 0
72 4
177 0
72 4
227 0
72 2
12 0
72 2
173 0
72 4
227 0
72 4
177 0
72 4
1616 0
72 2
12 0
72 2
1001 0
72 4
227 0
72 4
177 0
72 4
227 0
72 2
12 0
72 2
173 0
72 4
227 0
72 4
177 0
72 4
227 0
72 4
281 0
72 4
227 0
72 4
177 0
72 4
227 0
72 2
12 0
72 2
173 0
72 4
227 0
72 4
177 0
72 4
1616 0
72 2
12 0
72 2
1001 0
72 4
227 0
72 4
177 0
72 4
227 0
72 2
12 0
72 2
173 0
72 4
227 0
72 4
177 0
72 4
227 0
72 4
173 0
72 4
227 0
72 4
177 0
72 4
1613 0
72 2
12 0
72 2
173 0
72 4
227 0
72 4
177 0
72 4
227 0
72 4
173 0
72 4
227 0
72 4
177 0
72 4
1613 0
72 2
12 0
72 2
173 0
72 4
1613 0
72 4
177 0
72 4
227 0
72 4
173 0
72 4
227 0
72 4
177 0
72 4
227 0
72 2
12 0
72 2
173 0
72 4
227 0
72 4
177 0
72 2
19 0
72 2
1618 0
72 4
1613 0
72 2
18 0
72 2
18 0
72 2
173 0
72 2
1617 0
72 2
18 0
72 2
18 0
72 2
18 0
72 2
173 0
72 2
227 0
72 2
177 0
72 2
18 0
72 2
18 0
72 2
227 0
72 2
18 0
72 2
173 0
72 2
227 0
72 2
173 0
72 2
173 0
72 2
18 0
72 2
1617 0
72 2
18 0
72 2
18 0
72 2
173 0
72 2
1613 0
72 2
18 0
72 2
177 0
72 2
18 0
72 2
227 0
72 2
18 0
72 2
18 0
72 2
18 0
72 2
1613 0
72 2
18 0
72 2
18 0
72 2
173 0
72 2
1617 0
72 2
18 0
72 2
18 0
72 2
18 0
72 2
173 0
72 2
227 0
72 2
177 0
72 2
18 0
72 2
18 0
72 2
227 0
72 2
18 0
72 2
173 0
72 2
227 0
72 2
173 0
72 2
173 0
72 2
18 0
72 2
1617 0
72 2
18 0
72 2
18 0
72 2
173 0
72 2
1613 0
72 2
1079 0
72 2
1041 0
72 2
179 0
72 2
1631 0
72 2
1055 0
72 2
1055 0
72 2
1055 0
72 2
1613 0
72 2
18 0
72 2
18 0
72 2
173 0
72 2
1617 0
72 2
18 0
72 2
18 0
72 2
18 0
72 2
173 0
72 2
227 0
72 2
177 0
72 2
18 0
72 2
18 0
72 2
227 0
72 2
18 0
72 2
173 0
72 2
1613 0
72 2
18 0
72 2
173 0
72 2
18 0
72 2
1617 0
72 2
18 0
72 2
18 0
72 2
173 0
72 2
1613 0
72 2
18 0
72 2
177 0
72 2
18 0
72 2
227 0
72 2
18 0
72 2
18 0
72 2
18 0
72 2
1613 0
72 2
18 0
72 2
18 0
72 2
173 0
72 2
1617 0
72 2
18 0
72 2
18 0
72 2
18 0
72 2
173 0
72 2
227 0
72 2
177 0
72 2
18 0
72 2
18 0
72 2
227 0
72 2
18 0
72 2
173 0
72 2
227 0
72 2
173 0
72 2
173 0
72 2
18 0
72 2
1617 0
72 2
18 0
72 2
18 0
72 2
173 0
72 2
1613 0
72 2
18 0
72 2
177 0
72 2
18 0
72 2
227 0
72 2
18 0
72 2
18 0
72 2
18 0
72 2
1613 0
72 2
18 0
72 2
18 0
72 2
173 0
72 2
1617 0
72 2
18 0
72 2
18 0
72 2
18 0
72 2
173 0
72 2
227 0
72 2
177 0
72 2
18 0
72 2
18 0
72 2
227 0
72 2
18 0
72 2
173 0
72 2
227 0
72 2
173 0
72 2
173 0
72 2
18 0
72 2
1617 0
72 2
18 0
72 2
18 0
72 2
173 0
72 2
1613 0
72 2
18 0
72 2
177 0
72 2
18 0
72 2
227 0
72 2
18 0
72 2
18 0
72 2
18 0
72 2
1613 0
72 2
18 0
72 2
18 0
72 2
173 0
72 2
1617 0
72 2
18 0
72 2
18 0
72 2
18 0
72 2
173 0
72 2
227 0
72 2
177 0
72 2
18 0
72 2
18 0
72 2
227 0
72 2
18 0
72 2
173 0
72 2
227 0
72 2
173 0
72 2
173 0
72 2
18 0
72 2
1617 0
72 2
18 0
72 2
18 0
72 2
173 0
72 2
1613 0
72 2
1079 0
72 2
1041 0
72 2
179 0
72 2
1055 0
72 2
1055 0
72 2
1055 0
72 2
1055 0
72 2
1613 0
72 2
18 0
72 2
18 0
72 2
173 0
72 2
1617 0
72 2
18 0
72 2
18 0
72 2
18 0
72 2
173 0
72 2
227 0
72 2
177 0
72 2
18 0
72 2
18 0
72 2
227 0
72 2
18 0
72 2
173 0
72 2
1613 0
72 2
18 0
72 2
173 0
72 2
18 0
72 2
1617 0
72 2
18 0
72 2
18 0
72 2
173 0
72 2
1613 0
72 2
18 0
72 2
177 0
72 2
18 0
72 2
227 0
72 2
18 0
72 2
18 0
72 2
18 0
72 2
1613 0
72 2
18 0
72 2
18 0
72 2
173 0
72 2
1617 0
72 2
18 0
72 2
18 0
72 2
18 0
72 2
173 0
72 2
227 0
72 2
177 0
72 2
18 0
72 2
18 0
72 2
227 0
72 2
18 0
72 2
173 0
72 2
227 0
72 2
173 0
72 2
173 0
72 2
18 0
72 2
1617 0
72 2
18 0
72 2
18 0
72 2
173 0
72 2
1613 0
72 2
18 0
72 2
177 0
72 2
18 0
72 2
227 0
72 2
18 0
72 2
18 0
72 2
18 0
72 2
1613 0
72 2
18 0
72 2
18 0
72 2
173 0
72 2
1617 0
72 2
18 0
72 2
18 0
72 2
18 0
72 2
173 0
72 2
227 0
72 2
177 0
72 2
18 0
72 2
18 0
72 2
227 0
72 2
18 0
72 2
173 0
72 2
227 0
72 2
173 0
72 2
173 0
72 2
18 0
72 2
1617 0
72 2
18 0
72 2
18 0
72 2
173 0
72 2
1613 0
72 2
18 0
72 2
177 0
72 2
18 0
72 2
227 0
72 2
18 0
72 2
18 0
72 2
18 0
72 2
1613 0
72 2
18 0
72 2
18 0
72 2
173 0
72 2
1617 0
72 2
18 0
72 2
18 0
72 2
18 0
72 2
173 0
72 2
227 0
72 2
177 0
72 2
18 0
72 2
18 0
72 2
227 0
72 2
18 0
72 2
173 0
72 2
227 0
72 2
173 0
72 2
173 0
72 2
18 0
72 2
1617 0
72 2
18 0
72 2
18 0
72 2
173 0
72 2
1613 0
72 2
1079 0
72 2
1041 0
72 2
179 0
72 2
1055 0
72 2
1055 0
72 2
1055 0
72 2
1055 0
72 2
1001 0
72 2
18 0
72 2
18 0
72 2
173 0
72 2
1617 0
72 2
18 0
72 2
18 0
72 2
18 0
72 2
173 0
72 2
227 0
72 2
177 0
72 2
18 0
72 2
18 0
72 2
227 0
72 2
1001 0
72 2
18 0
72 2
1577 0
72 2
18 0
72 2
18 0
72 2
173 0
72 2
1617 0
72 2
18 0
72 2
173 0
72 2
173 0
72 2
1613 0
72 2
18 0
72 2
177 0
72 2
18 0
72 2
227 0
72 2
18 0
72 2
18 0
72 2
18 0
72 2
1613 0
72 2
18 0
72 2
18 0
72 2
173 0
72 2
1617 0
72 2
18 0
72 2
18 0
72 2
18 0
72 2
173 0
72 2
227 0
72 2
177 0
72 2
18 0
72 2
18 0
72 2
227 0
72 2
173 0
72 2
173 0
72 2
1613 0
72 2
18 0
72 2
173 0
72 2
18 0
72 2
1617 0
72 2
18 0
72 2
18 0
72 2
173 0
72 2
1613 0
72 2
18 0
72 2
177 0
72 2
18 0
72 2
227 0
72 2
18 0
72 2
18 0
72 2
18 0
72 2
1613 0
72 2
18 0
72 2
18 0
72 2
173 0
72 2
1617 0
72 2
18 0
72 2
18 0
72 2
18 0
72 2
173 0
72 2
227 0
72 2
177 0
72 2
18 0
72 2
18 0
72 2
227 0
72 2
173 0
72 2
173 0
72 2
227 0
72 2
173 0
72 2
173 0
72 2
18 0
72 2
1617 0
72 2
18 0
72 2
18 0
72 2
18 0
72 2
1613 0
72 2
173 0
72 2
173 0
72 2
18 0
72 2
1617 0
72 2
18 0
72 2
18 0
72 2
18 0
72 2
1613 0
72 2
18 0
72 2
18 0
72 2
18 0
72 2
1617 0
72 2
18 0
72 2
18 0
72 2
18 0
72 2
173 0
72 2
227 0
72 2
177 0
72 2
18 0
72 2
18 0
72 2
227 0
72 2
18 0
72 2
18 0
72 2
1613 0
72 2
18 0
72 2
173 0
72 2
18 0
72 2
1617 0
72 2
18 0
72 2
18 0
72 2
18 0
72 2
173 0
72 2
227 0
72 2
177 0
72 2
18 0
72 2
18 0
72 2
227 0
72 2
18 0
72 2
18 0
72 2
1613 0
72 2
18 0
72 2
173 0
72 2
18 0
72 2
1617 0
72 2
18 0
72 2
18 0
72 2
18 0
72 2
173 0
72 2
227 0
72 2
177 0
72 2
18 0
72 2
18 0
72 2
227 0
72 2
18 0
72 2
18 0
72 2
1613 0
72 2
18 0
72 2
173 0
72 2
18 0
72 2
1617 0
72 2
18 0
72 2
18 0
72 2
18 0
72 2
173 0
72 2
227 0
72 2
177 0
72 2
18 0
72 2
18 0
72 2
227 0
72 2
18 0
72 2
18 0
72 2
1613 0
72 2
18 0
72 2
173 0
72 2
18 0
72 2
1617 0
72 2
18 0
72 2
18 0
72 2
18 0
72 2
1613 0
72 2
191 0
72 2
191 0
72 2
18 0
72 2
1618 0
72 2
178 0
72 2
178 0
72 2
178 0
72 2
281 0
72 4
227 0
72 4
177 0
72 4
227 0
72 2
12 0
72 2
173 0
72 4
227 0
72 4
177 0
72 4
1616 0
72 2
12 0
72 2
1001 0
72 4
227 0
72 4
177 0
72 4
227 0
72 2
12 0
72 2
173 0
72 4
227 0
72 4
177 0
72 4
227 0
72 2
12 0
72 2
281 0
72 4
227 0
72 4
177 0
72 4
227 0
72 2
12 0
72 2
173 0
72 4
227 0
72 4
177 0
72 4
1616 0
72 2
12 0
72 2
1001 0
72 4
227 0
72 4
177 0
72 4
227 0
72 2
12 0
72 2
173 0
72 4
227 0
72 4
177 0
72 4
227 0
72 2
12 0
72 2
173 0
72 4
227 0
72 4
177 0
72 4
227 0
72 2
12 0
72 2
173 0
72 4
227 0
72 4
177 0
72 4
227 0
72 4
173 0
72 4
227 0
72 4
177 0
72 4
227 0
72 2
12 0
72 2
173 0
72 4
227 0
72 4
177 0
72 4
227 0
72 4
173 0
72 4
227 0
72 4
177 0
72 4
227 0
72 2
12 0
72 2
173 0
72 4
227 0
72 4
177 0
72 4
227 0
72 4
173 0
72 4
227 0
72 4
177 0
72 4
1613 0
72 4
173 0
72 4
227 0
72 4
177 0
72 4
227 0
72 4
281 0
72 4
227 0
72 4
177 0
72 4
227 0
72 2
12 0
72 2
173 0
72 4
227 0
72 4
177 0
72 4
1616 0
72 2
12 0
72 2
1001 0
72 4
227 0
72 4
177 0
72 4
227 0
72 2
12 0
72 2
173 0
72 4
227 0
72 4
177 0
72 4
227 0
72 4
281 0
72 4
227 0
72 4
177 0
72 4
227 0
72 2
12 0
72 2
173 0
72 4
227 0
72 4
177 0
72 4
1616 0
72 2
12 0
72 2
1001 0
72 4
227 0
72 4
177 0
72 4
227 0
72 2
12 0
72 2
173 0
72 4
227 0
72 4
177 0
72 4
227 0
72 4
173 0
72 4
227 0
72 4
177 0
72 4
1613 0
72 2
12 0
72 2
173 0
72 4
227 0
72 4
177 0
72 4
227 0
72 4
173 0
72 4
227 0
72 4
177 0
72 4
1613 0
72 2
12 0
72 2
173 0
72 4
1613 0
72 4
177 0
72 4
227 0
72 4
173 0
72 4
227 0
72 4
177 0
72 4
227 0
72 2
12 0
72 2
173 0
72 4
227 0
72 4
177 0
72 2
19 0
72 2
1618 0
72 4
1613 0
72 2
18 0
72 2
18 0
72 2
173 0
72 2
1617 0
72 2
18 0
72 2
18 0
72 2
18 0
72 2
173 0
72 2
227 0
72 2
177 0
72 2
18 0
72 2
18 0
72 2
227 0
72 2
18 0
72 2
173 0
72 2
227 0
72 2
173 0
72 2
173 0
72 2
18 0
72 2
1617 0
72 2
18 0
72 2
18 0
72 2
173 0
72 2
1613 0
72 2
18 0
72 2
177 0
72 2
18 0
72 2
227 0
72 2
18 0
72 2
18 0
72 2
18 0
72 2
1613 0
72 2
18 0
72 2
18 0
72 2
173 0
72 2
1617 0
72 2
18 0
72 2
18 0
72 2
18 0
72 2
173 0
72 2
227 0
72 2
177 0
72 2
18 0
72 2
18 0
72 2
227 0
72 2
18 0
72 2
173 0
72 2
227 0
72 2
173 0
72 2
173 0
72 2
18 0
72 2
1617 0
72 2
18 0
72 2
18 0
72 2
173 0
72 2
1613 0
72 2
1079 0
72 2
1041 0
72 2
179 0
72 2
1631 0
72 2
1055 0
72 2
1055 0
72 2
1055 0
72 2
1613 0
72 2
18 0
72 2
18 0
72 2
173 0
72 2
1617 0
72 2
18 0
72 2
18 0
72 2
18 0
72 2
173 0
72 2
227 0
72 2
177 0
72 2
18 0
72 2
18 0
72 2
227 0
72 2
18 0
72 2
173 0
72 2
1613 0
72 2
18 0
72 2
173 0
72 2
18 0
72 2
1617 0
72 2
18 0
72 2
18 0
72 2
173 0
72 2
1613 0
72 2
18 0
72 2
177 0
72 2
18 0
72 2
227 0
72 2
18 0
72 2
18 0
72 2
18 0
72 2
1613 0
72 2
18 0
72 2
18 0
72 2
173 0
72 2
1617 0
72 2
18 0
72 2
18 0
72 2
18 0
72 2
173 0
72 2
227 0
72 2
177 0
72 2
18 0
72 2
18 0
72 2
227 0
72 2
18 0
72 2
173 0
72 2
227 0
72 2
173 0
72 2
173 0
72 2
18 0
72 2
1617 0
72 2
18 0
72 2
18 0
72 2
173 0
72 2
1613 0
72 2
18 0
72 2
177 0
72 2
18 0
72 2
227 0
72 2
18 0
72 2
18 0
72 2
18 0
E
S
L
72 7
72 14
7 14
7 14
72 13
7 14
7 14
7 14
7 14
7 14
7 14
7 14
7 14
7 14
7 14
7 14
7 14
7 14
72 13
7 14
7 14
72 14
7 14
7 14
72 14
7 14
7 14
7 14
7 14
7 14
7 14
7 14
7 14
7 14
7 14
7 14
7 14
7 14
7 14
7 14
72 13
7 14
7 14
72 14
7 14
7 14
72 14
7 14
7 14
7 14
7 14
E
S
H
72 7
72 14
218 7
192 7
127 7
72 7
192 7
218 7
127 13
72 10
42 6
47 8
72 11
43 11
72 14
218 7
192 7
127 7
72 7
192 7
218 7
127 13
72 14
192 7
127 12
72 14
218 7
192 7
127 7
72 7
192 7
218 7
127 13
72 10
42 6
47 8
72 11
43 11
72 14
218 7
192 7
127 7
72 7
192 7
218 7
127 13
72 14
192 7
127 12
E
S
L
72 8
72 14
153 14
1446 14
1312 13
1470 9
1312 11
1312 13
1470 9
1312 11
E
S
H
72 8
72 14
52 13
47 4
54 11
47 4
56 13
52 12
45 12
42 4
44 2
45 2
45 4
44 4
40 4
35 4
37 14
E
X
