minor
S
L
13 14
15 14
13 14
15 14
13 14
15 14
13 14
15 14
13 14
15 14
13 14
15 14
E
S
H
37 2
72 0
37 0
72 1
44 2
44 0
72 2
49 2
72 0
49 0
72 1
44 2
44 0
72 2
45 2
72 0
45 0
72 1
42 2
42 0
72 2
44 2
72 0
44 0
72 13
37 2
72 0
37 0
72 1
44 2
44 0
72 2
49 2
72 0
49 0
72 1
42 2
42 0
72 2
45 2
72 0
45 0
72 1
44 2
44 0
72 13
37 2
72 0
37 0
72 1
44 2
44 0
72 2
49 2
72 0
49 0
72 1
44 2
44 0
72 2
45 2
72 0
45 0
72 1
42 2
42 0
72 2
44 2
72 0
44 0
72 13
37 2
72 0
37 0
72 1
44 2
44 0
72 2
49 2
72 0
49 0
72 1
42 2
42 0
72 2
45 2
72 0
45 0
72 1
44 2
44 0
72 13
37 2
72 0
37 0
72 1
44 2
44 0
72 2
49 2
72 0
49 0
72 1
44 2
44 0
72 2
45 2
72 0
45 0
72 1
42 2
42 0
72 2
44 2
72 0
44 0
72 13
37 2
72 0
37 0
72 1
44 2
44 0
72 2
49 2
72 0
49 0
72 1
42 2
42 0
72 2
45 2
72 0
45 0
72 1
44 2
44 0
72 13
37 2
72 0
37 0
72 1
44 2
44 0
72 2
49 2
72 0
49 0
72 1
44 2
44 0
72 2
45 2
72 0
45 0
72 1
42 2
42 0
72 2
44 2
72 0
44 0
72 13
37 2
72 0
37 0
72 1
44 2
44 0
72 2
49 2
72 0
49 0
72 1
42 2
42 0
72 2
45 2
72 0
45 0
72 1
44 2
44 0
72 13
37 2
72 0
37 0
72 1
44 2
44 0
72 2
49 2
72 0
49 0
72 1
44 2
44 0
72 2
45 2
72 0
45 0
72 1
42 2
42 0
72 2
44 2
72 0
44 0
72 13
37 2
72 0
37 0
72 1
44 2
44 0
72 2
49 2
72 0
49 0
72 1
42 2
42 0
72 2
45 2
72 0
45 0
72 1
44 2
44 0
72 13
37 2
72 0
37 0
72 1
44 2
44 0
72 2
49 2
72 0
49 0
72 1
44 2
44 0
72 2
45 2
72 0
45 0
72 1
42 2
42 0
72 2
44 2
72 0
44 0
72 13
37 2
72 0
37 0
72 1
44 2
44 0
72 2
49 2
72 0
49 0
72 1
42 2
42 0
72 2
45 2
72 0
45 0
72 1
44 2
44 0
E
S
L
342 14
145 14
342 14
145 14
23 7
342 14
145 14
342 14
145 14
23 7
342 14
145 14
342 14
145 14
23 7
E
S
L
72 7
25 9
27 4
28 7
30 12
32 7
27 13
20 11
32 14
30 7
27 9
23 9
20 14
72 7
25 9
27 4
28 7
30 12
32 7
27 13
20 11
32 14
30 7
27 9
23 9
20 14
72 7
25 9
27 4
28 7
30 12
32 7
27 13
20 11
32 14
30 7
27 9
23 9
20 14
E
S
L
72 14
205 7
114 7
72 14
205 7
114 7
72 14
205 7
114 7
E
S
H
72 2
37 2
72 1
37 0
72 0
44 2
44 0
72 2
49 2
72 1
49 0
72 0
44 2
44 0
72 2
45 2
72 1
45 0
72 0
42 2
42 0
72 2
44 2
72 1
44 0
72 13
37 2
72 1
37 0
72 0
44 2
44 0
72 2
49 2
72 1
49 0
72 0
42 2
42 0
72 2
45 2
72 1
45 0
72 0
44 2
44 0
72 13
37 2
72 1
37 0
72 0
44 2
44 0
72 2
49 2
72 1
49 0
72 0
44 2
44 0
72 2
45 2
72 1
45 0
72 0
42 2
42 0
72 2
44 2
72 1
44 0
72 13
37 2
72 1
37 0
72 0
44 2
44 0
72 2
49 2
72 1
49 0
72 0
42 2
42 0
72 2
45 2
72 1
45 0
72 0
44 2
44 0
72 13
37 2
72 1
37 0
72 0
44 2
44 0
72 2
49 2
72 1
49 0
72 0
44 2
44 0
72 2
45 2
72 1
45 0
72 0
42 2
42 0
72 2
44 2
72 1
44 0
72 13
37 2
72 1
37 0
72 0
44 2
44 0
72 2
49 2
72 1
49 0
72 0
42 2
42 0
72 2
45 2
72 1
45 0
72 0
44 2
44 0
72 13
37 2
72 1
37 0
72 0
44 2
44 0
72 2
49 2
72 1
49 0
72 0
44 2
44 0
72 2
45 2
72 1
45 0
72 0
42 2
42 0
72 2
44 2
72 1
44 0
72 13
37 2
72 1
37 0
72 0
44 2
44 0
72 2
49 2
72 1
49 0
72 0
42 2
42 0
72 2
45 2
72 1
45 0
72 0
44 2
44 0
72 13
37 2
72 1
37 0
72 0
44 2
44 0
72 2
49 2
72 1
49 0
72 0
44 2
44 0
72 2
45 2
72 1
45 0
72 0
42 2
42 0
72 2
44 2
72 1
44 0
72 13
37 2
72 1
37 0
72 0
44 2
44 0
72 2
49 2
72 1
49 0
72 0
42 2
42 0
72 2
45 2
72 1
45 0
72 0
44 2
44 0
72 13
37 2
72 1
37 0
72 0
44 2
44 0
72 2
49 2
72 1
49 0
72 0
44 2
44 0
72 2
45 2
72 1
45 0
72 0
42 2
42 0
72 2
44 2
72 1
44 0
72 13
37 2
72 1
37 0
72 0
44 2
44 0
72 2
49 2
72 1
49 0
72 0
42 2
42 0
72 2
45 2
72 1
45 0
72 0
44 2
44 0
E
S
L
342 14
145 14
342 14
145 14
23 7
342 14
145 14
342 14
145 14
23 7
342 14
145 14
342 14
145 14
23 7
E
S
L
13 14
15 14
13 14
15 14
13 14
15 14
13 14
15 14
13 14
15 14
13 14
15 14
E
X
