minor
S
L
218 7
72 8
192 7
72 8
166 7
72 8
192 7
72 8
218 7
72 8
192 7
72 8
166 7
72 8
192 7
72 8
218 7
72 8
192 7
72 8
166 7
72 8
192 7
72 8
218 7
72 8
192 7
72 8
166 7
72 8
192 7
72 8
218 7
72 8
192 7
72 8
166 7
72 8
192 7
72 8
218 7
72 8
192 7
72 8
166 7
72 8
192 7
72 8
166 7
72 8
166 7
72 8
192 7
72 8
192 7
72 8
218 7
72 8
218 7
72 8
218 4
72 11
218 6
244 6
101 6
72 13
127 4
E
S
H
72 6
52 3
53 3
72 1
52 7
72 4
52 3
53 3
72 0
52 7
72 4
52 3
72 0
53 3
52 7
72 4
52 3
53 3
72 1
52 7
72 4
52 3
53 3
72 1
52 7
72 4
52 3
53 3
72 0
52 7
72 4
52 3
72 0
53 3
52 7
72 4
52 3
53 3
72 1
52 7
72 4
52 3
53 3
72 1
52 7
72 4
52 3
53 3
72 0
52 7
72 4
52 3
72 0
53 3
52 7
72 4
52 3
53 3
72 1
52 7
72 4
52 3
53 3
72 1
52 7
72 4
50 3
52 3
72 0
50 7
72 4
48 3
72 0
50 3
48 7
72 4
45 3
47 3
72 1
48 3
72 0
53 3
72 6
52 3
53 3
72 1
52 7
72 4
52 3
53 3
72 0
52 7
72 4
52 3
72 0
53 3
52 7
72 4
52 3
53 3
72 1
52 7
72 4
52 3
53 3
72 1
52 7
72 4
50 3
52 3
72 0
50 7
72 4
48 3
72 0
50 3
48 7
72 4
45 3
47 3
72 1
48 3
72 0
53 3
E
S
H
72 6
158 4
72 2
158 4
72 7
158 4
72 2
158 4
72 7
158 4
72 2
158 4
72 7
158 4
72 2
158 4
72 7
158 4
72 2
158 4
72 7
158 4
72 2
158 4
72 7
158 4
72 2
158 4
72 12
158 4
72 2
158 4
72 7
158 4
72 2
158 4
72 7
158 4
72 2
158 4
72 7
158 4
72 2
158 4
72 7
158 4
72 2
158 4
72 7
132 4
72 2
132 4
72 7
106 4
72 2
106 4
72 7
132 4
72 2
132 4
72 7
158 4
72 2
158 4
72 7
158 4
72 2
158 4
72 7
158 4
72 2
158 4
72 7
158 4
72 2
158 4
72 7
158 4
72 2
158 4
72 7
132 4
72 2
132 4
72 7
106 4
72 2
106 4
72 7
132 4
72 2
132 4
72 7
106 4
72 2
106 4
72 7
106 4
72 2
106 4
72 7
132 4
72 2
132 4
72 7
132 4
72 2
132 4
72 7
158 4
72 2
158 4
72 7
158 4
72 2
158 4
72 7
158 4
72 2
158 4
72 7
158 4
72 2
158 4
72 6
106 4
72 2
106 4
72 7
106 4
72 2
106 4
72 7
132 4
72 2
132 4
72 7
132 4
72 2
132 4
72 7
158 4
72 2
158 4
72 7
158 4
72 2
158 4
72 7
158 4
72 2
158 4
72 7
158 4
72 2
158 4
E
S
H
56 4
72 2
56 4
72 2
57 6
56 4
72 2
56 4
72 2
57 6
56 4
72 2
56 4
72 2
57 6
56 4
72 2
56 4
72 2
57 6
56 4
72 2
56 4
72 2
57 6
56 4
72 2
56 4
72 2
57 6
56 4
72 2
56 4
72 2
57 6
56 4
72 2
56 4
72 2
57 6
56 4
72 2
56 4
72 2
57 6
56 4
72 2
56 4
72 2
57 6
56 4
72 2
56 4
72 2
57 6
56 4
72 2
56 4
72 2
57 6
56 4
72 2
56 4
72 2
57 6
56 4
72 2
56 4
72 2
57 6
56 4
72 2
56 4
72 2
57 6
56 4
72 2
56 4
72 2
57 6
56 4
72 2
56 4
72 2
57 6
56 4
72 2
56 4
72 2
57 6
56 4
72 2
56 4
72 2
57 6
56 4
72 2
56 4
72 2
57 6
56 4
72 2
56 4
72 2
57 6
56 4
72 2
56 4
72 2
57 6
56 4
72 2
56 4
72 2
57 6
56 4
72 2
56 4
72 2
57 6
56 4
72 2
56 4
72 2
57 6
56 4
72 2
56 4
72 2
57 6
56 4
72 2
56 4
72 2
57 6
56 4
72 2
56 4
72 2
57 6
56 4
72 2
56 4
72 2
57 6
56 4
72 2
56 4
72 2
57 6
56 4
72 2
56 4
72 2
57 6
56 4
72 2
56 4
72 2
57 6
56 4
72 2
56 4
72 2
57 6
56 4
72 2
56 4
72 2
57 6
56 4
72 2
56 4
72 2
57 6
56 4
72 2
56 4
72 2
57 6
56 4
72 2
56 4
72 2
57 6
56 4
72 2
56 4
72 2
57 6
56 4
72 2
56 4
72 2
57 6
56 4
72 2
56 4
72 2
57 6
E
S
H
52 14
53 6
55 6
72 14
52 6
48 3
72 4
45 3
47 3
72 1
48 3
50 3
72 1
52 3
72 0
50 3
48 3
50 3
72 0
48 3
47 3
72 1
50 3
72 4
47 3
72 0
48 3
50 3
52 3
72 0
53 3
52 3
72 1
50 3
52 3
72 1
50 3
72 0
48 3
45 3
47 3
72 0
48 3
47 3
72 1
45 7
47 3
45 3
72 1
47 3
72 0
45 13
72 0
45 6
47 6
48 3
72 4
45 3
47 3
72 1
48 3
50 3
72 1
52 3
72 0
50 3
48 3
50 3
72 0
48 3
47 3
72 1
50 3
72 4
47 3
72 0
48 3
50 3
52 3
72 0
53 3
52 3
72 1
50 3
52 3
72 1
50 3
72 0
48 3
45 3
47 3
72 0
48 3
47 3
72 1
45 7
47 3
45 3
72 1
47 3
72 0
45 13
E
S
H
72 6
52 3
50 3
72 1
52 7
72 4
52 3
50 3
72 0
52 7
72 4
52 3
72 0
50 3
52 7
72 4
52 3
50 3
72 1
52 7
72 4
52 3
50 3
72 1
52 7
72 4
52 3
50 3
72 0
52 7
72 4
52 3
72 0
50 3
52 7
72 4
41 2
43 2
45 2
47 2
50 2
52 13
E
S
H
72 14
41 6
45 6
52 12
45 3
47 3
72 0
48 3
50 3
72 1
52 13
55 13
53 3
52 3
72 1
50 13
45 7
52 12
45 3
47 3
72 0
48 3
50 3
72 1
52 13
55 13
53 3
52 3
72 1
50 12
52 7
48 13
47 6
50 13
47 6
45 13
72 13
48 12
47 7
50 12
47 7
45 13
E
S
L
218 7
72 8
192 7
72 8
166 7
72 8
192 7
72 8
218 7
72 8
192 7
72 8
166 7
72 8
192 7
72 8
218 7
72 8
192 7
72 8
166 7
72 8
192 7
72 8
218 7
72 8
192 7
72 8
166 7
72 8
192 7
72 8
218 7
72 8
192 7
72 8
166 7
72 8
192 7
72 8
218 7
72 8
192 7
72 8
166 7
72 8
192 7
72 8
166 7
72 8
166 7
72 8
192 7
72 8
192 7
72 8
218 7
72 8
218 7
72 8
218 4
72 11
218 6
244 6
72 13
127 4
E
X
