minor
S
L
14 6
16 2
28 4
16 4
16 4
13 4
14 4
14 4
16 2
28 4
16 2
28 4
16 4
16 4
16 4
28 4
16 4
16 6
16 2
28 4
16 4
16 4
13 4
14 4
16 4
16 2
28 4
16 2
28 4
16 4
16 4
13 4
14 4
16 4
16 6
16 2
28 4
16 4
16 4
13 4
14 4
14 4
16 2
28 4
16 2
28 4
16 4
16 4
16 4
28 4
16 4
16 6
16 2
28 4
16 4
16 4
13 4
14 4
16 4
16 2
28 4
16 2
28 4
16 4
16 4
13 4
14 4
16 4
16 6
16 2
28 4
16 4
30 4
16 2
30 4
16 2
31 4
16 7
31 4
16 4
30 4
16 2
30 4
16 2
28 4
16 7
28 4
16 4
30 4
16 2
30 4
16 2
31 4
16 7
31 4
16 4
30 4
16 2
30 4
16 2
28 4
16 7
28 4
16 4
30 4
16 2
30 4
16 2
31 4
16 7
31 4
16 4
30 4
16 2
30 4
16 2
28 4
16 7
28 4
16 4
30 4
16 2
30 4
16 2
31 4
16 7
31 4
16 4
30 4
16 2
30 4
16 2
28 4
21 4
19 2
16 2
14 2
15 2
72 2
16 2
72 2
19 2
72 2
20 2
21 2
19 2
16 4
72 2
14 4
19 2
16 4
72 2
14 4
19 2
16 2
15 2
15 2
14 2
16 4
72 2
19 4
19 2
23 4
21 2
19 2
16 4
19 2
14 2
21 4
19 2
14 2
72 2
16 2
14 2
19 2
16 4
72 2
14 2
14 2
16 2
16 4
14 2
14 6
16 6
19 6
23 4
72 4
21 4
20 4
19 4
16 2
16 2
14 2
15 4
23 2
21 2
19 2
72 2
19 4
12 4
19 2
13 2
14 2
15 2
16 6
19 6
23 4
72 4
21 4
20 4
19 4
16 2
18 2
19 2
14 2
16 2
14 2
16 2
14 2
18 2
13 2
16 2
18 2
19 2
16 2
18 2
19 2
23 2
14 4
16 2
28 4
16 4
16 4
13 4
14 4
14 4
16 2
28 4
16 2
28 4
16 4
16 4
16 4
28 4
16 4
16 6
16 2
28 4
16 4
16 4
13 4
14 4
16 4
16 2
28 4
16 2
28 4
16 4
16 4
13 4
14 4
16 4
16 6
16 2
28 4
16 4
16 4
13 4
14 4
14 4
16 2
28 4
16 2
28 4
16 4
16 4
16 4
28 4
16 4
16 6
16 2
28 4
16 4
16 4
13 4
14 4
16 4
16 2
28 4
16 2
28 4
16 4
16 4
13 4
14 4
16 4
16 6
16 2
28 4
16 4
30 4
16 2
30 4
16 2
31 4
16 7
31 4
16 4
30 4
16 2
30 4
16 2
28 4
16 7
28 4
16 4
30 4
16 2
30 4
16 2
31 4
16 7
31 4
16 4
30 4
16 2
30 4
16 2
28 4
16 7
28 4
16 4
30 4
16 2
30 4
16 2
31 4
16 7
31 4
16 4
30 4
16 2
30 4
16 2
28 4
16 7
28 4
16 4
30 4
16 2
30 4
16 2
31 4
16 7
31 4
16 4
30 4
16 2
30 4
16 2
28 4
21 4
19 2
16 2
14 2
15 2
72 2
16 2
72 2
19 2
72 2
20 2
21 2
19 2
16 4
72 2
14 4
19 2
16 4
72 2
14 4
19 2
16 2
15 2
15 2
14 2
16 4
72 2
19 4
19 2
23 4
21 2
19 2
16 4
19 2
14 2
21 4
19 2
14 2
72 2
16 2
14 2
19 2
16 4
72 2
14 2
14 2
16 2
16 4
14 2
14 6
16 6
19 6
23 4
72 4
21 4
20 4
19 4
16 2
16 2
14 2
15 4
23 2
21 2
19 2
72 2
19 4
12 4
19 2
13 2
14 2
15 2
16 6
19 6
23 4
72 4
21 4
20 4
19 4
16 2
18 2
19 2
14 2
16 2
14 2
16 2
14 2
18 2
13 2
16 2
18 2
19 2
16 2
18 2
19 2
23 2
14 4
16 2
28 4
16 4
16 4
13 4
14 4
14 4
16 2
28 4
16 2
28 4
16 4
16 4
16 4
28 4
16 4
16 6
16 2
28 4
16 4
16 4
13 4
14 4
16 4
16 2
28 4
16 2
28 4
16 4
16 4
13 4
14 4
16 4
16 6
16 2
28 4
16 4
16 4
13 4
14 4
14 4
16 2
28 4
16 2
28 4
16 4
16 4
16 4
28 4
16 4
16 6
16 2
28 4
16 4
16 4
13 4
14 4
16 4
16 2
28 4
16 2
28 4
16 4
16 4
13 4
14 4
16 4
16 6
16 2
28 4
16 4
30 4
16 2
30 4
16 2
31 4
16 7
31 4
16 4
30 4
16 2
30 4
16 2
28 4
16 7
28 4
16 4
30 4
16 2
30 4
16 2
31 4
16 7
31 4
16 4
30 4
16 2
30 4
16 2
28 4
16 7
28 4
16 4
30 4
16 2
30 4
16 2
31 4
16 7
31 4
16 4
30 4
16 2
30 4
16 2
28 4
16 7
28 4
16 4
30 4
16 2
30 4
16 2
31 4
16 7
31 4
16 4
30 4
16 2
30 4
16 2
28 4
21 4
19 2
16 2
14 2
15 2
72 2
16 2
72 2
19 2
72 2
20 2
21 2
19 2
16 4
72 2
14 4
19 2
16 4
72 2
14 4
19 2
16 2
15 2
15 2
14 2
16 4
72 2
19 4
19 2
23 4
21 2
19 2
16 4
19 2
14 2
21 4
19 2
14 2
72 2
16 2
14 2
19 2
16 4
72 2
14 2
14 2
16 2
16 4
14 2
14 6
16 6
19 6
23 4
72 4
21 4
20 4
19 4
16 2
16 2
14 2
15 4
23 2
21 2
19 2
72 2
19 4
12 4
19 2
13 2
14 2
15 2
16 6
19 6
23 4
72 4
21 4
20 4
19 4
16 2
18 2
19 2
14 2
16 2
14 2
16 2
14 2
18 2
13 2
16 2
18 2
19 2
16 2
18 2
19 2
23 2
14 4
16 2
28 4
16 4
16 4
13 4
14 4
14 4
16 2
28 4
16 2
28 4
16 4
16 4
16 4
28 4
16 4
16 6
16 2
28 4
16 4
16 4
13 4
14 4
16 4
16 2
28 4
16 2
28 4
16 4
16 4
13 4
14 4
16 4
16 6
16 2
28 4
16 4
16 4
13 4
14 4
14 4
16 2
28 4
16 2
28 4
16 4
16 4
16 4
28 4
16 4
16 6
16 2
28 4
16 4
16 4
13 4
14 4
16 4
16 2
28 4
16 2
28 4
16 4
16 4
13 4
14 4
16 4
16 6
16 2
28 4
16 4
30 4
16 2
30 4
16 2
31 4
16 7
31 4
16 4
30 4
16 2
30 4
16 2
28 4
16 7
28 4
16 4
30 4
16 2
30 4
16 2
31 4
16 7
31 4
16 4
30 4
16 2
30 4
16 2
28 4
16 7
28 4
16 4
30 4
16 2
30 4
16 2
31 4
16 7
31 4
16 4
30 4
16 2
30 4
16 2
28 4
16 7
28 4
16 4
30 4
16 2
30 4
16 2
31 4
16 7
31 4
16 4
30 4
16 2
30 4
16 2
28 4
21 4
19 2
16 2
14 2
15 2
72 2
16 2
72 2
19 2
72 2
20 2
21 2
19 2
16 4
72 2
14 4
19 2
16 4
72 2
14 4
19 2
16 2
15 2
15 2
14 2
16 4
72 2
19 4
19 2
23 4
21 2
19 2
16 4
19 2
14 2
21 4
19 2
14 2
72 2
16 2
14 2
19 2
16 4
72 2
14 2
14 2
16 2
16 4
14 2
14 6
16 6
19 6
23 4
72 4
21 4
20 4
19 4
16 2
16 2
14 2
15 4
23 2
21 2
19 2
72 2
19 4
12 4
19 2
13 2
14 2
15 2
16 6
19 6
23 4
72 4
21 4
20 4
19 4
16 2
18 2
19 2
14 2
16 2
14 2
16 2
14 2
18 2
13 2
16 2
18 2
19 2
16 2
18 2
19 2
23 2
14 4
16 2
28 4
16 4
16 4
13 4
14 4
14 4
16 2
28 4
16 2
28 4
16 4
16 4
16 4
28 4
16 4
16 6
16 2
28 4
16 4
16 4
13 4
14 4
16 4
16 2
28 4
16 2
28 4
16 4
16 4
13 4
14 4
16 4
16 6
16 2
28 4
16 4
16 4
13 4
14 4
14 4
16 2
28 4
16 2
28 4
16 4
16 4
16 4
28 4
16 4
16 6
16 2
28 4
16 4
16 4
13 4
14 4
16 4
16 2
28 4
16 2
28 4
16 4
16 4
13 4
14 4
16 4
16 6
16 2
28 4
16 4
30 4
16 2
30 4
16 2
31 4
16 7
31 4
16 4
30 4
16 2
30 4
16 2
28 4
16 7
28 4
16 4
30 4
16 2
30 4
16 2
31 4
16 7
31 4
16 4
30 4
16 2
30 4
16 2
28 4
16 7
28 4
16 4
30 4
16 2
30 4
16 2
31 4
16 7
31 4
16 4
30 4
16 2
30 4
16 2
28 4
16 7
28 4
16 4
30 4
16 2
30 4
16 2
31 4
16 7
31 4
16 4
30 4
16 2
30 4
16 2
28 4
21 4
19 2
16 2
14 2
15 2
72 2
16 2
72 2
19 2
72 2
20 2
21 2
19 2
16 4
72 2
14 4
19 2
16 4
72 2
14 4
19 2
16 2
15 2
15 2
14 2
16 4
72 2
19 4
19 2
23 4
21 2
19 2
16 4
19 2
14 2
21 4
19 2
14 2
72 2
16 2
14 2
19 2
16 4
72 2
14 2
14 2
16 2
16 4
14 2
14 6
16 6
19 6
23 4
72 4
21 4
20 4
19 4
16 2
16 2
14 2
15 4
23 2
21 2
19 2
72 2
19 4
12 4
19 2
13 2
14 2
15 2
16 6
19 6
23 4
72 4
21 4
20 4
19 4
16 2
18 2
19 2
14 2
16 2
14 2
16 2
14 2
18 2
13 2
16 2
18 2
19 2
16 2
18 2
19 2
23 2
14 4
16 2
28 4
16 4
16 4
13 4
14 4
14 4
16 2
28 4
16 2
28 4
16 4
16 4
16 4
28 4
16 4
16 6
16 2
28 4
16 4
16 4
13 4
14 4
16 4
16 2
28 4
16 2
28 4
16 4
16 4
13 4
14 4
16 4
16 6
16 2
28 4
16 4
16 4
13 4
14 4
14 4
16 2
28 4
16 2
28 4
16 4
72 11
E
S
H
72 14
50 2
40 2
42 2
43 2
50 2
72 14
50 2
40 2
42 2
43 2
50 2
72 12
50 2
40 2
42 2
43 2
50 2
52 2
50 2
52 2
50 2
54 2
49 2
52 2
54 2
189 2
160 2
176 2
189 2
240 2
72 14
50 2
40 2
42 2
43 2
50 2
72 14
50 2
40 2
42 2
43 2
50 2
72 12
50 2
40 2
42 2
43 2
50 2
52 2
50 2
52 2
50 2
54 2
49 2
52 2
54 2
189 2
160 2
176 2
189 2
240 2
72 14
50 2
40 2
42 2
43 2
50 2
72 14
50 2
40 2
42 2
43 2
50 2
72 12
50 2
40 2
42 2
43 2
50 2
52 2
50 2
52 2
50 2
54 2
49 2
52 2
54 2
189 2
160 2
176 2
189 2
240 2
72 14
50 2
40 2
42 2
43 2
50 2
72 14
50 2
40 2
42 2
43 2
50 2
72 12
50 2
40 2
42 2
43 2
50 2
52 2
50 2
52 2
50 2
54 2
49 2
52 2
54 2
189 2
160 2
176 2
189 2
240 2
72 14
50 2
40 2
42 2
43 2
50 2
72 14
50 2
40 2
42 2
43 2
50 2
72 12
50 2
40 2
42 2
43 2
50 2
52 2
50 2
52 2
50 2
54 2
49 2
52 2
54 2
189 2
160 2
176 2
189 2
240 2
72 14
50 2
40 2
42 2
43 2
50 2
72 14
E
S
H
72 14
50 2
40 2
42 2
43 2
50 2
72 14
50 2
40 2
42 2
43 2
50 2
72 12
50 2
40 2
42 2
43 2
50 2
52 2
50 2
52 2
50 2
54 2
49 2
52 2
54 2
189 2
160 2
176 2
189 2
240 2
72 14
50 2
40 2
42 2
43 2
50 2
72 14
50 2
40 2
42 2
43 2
50 2
72 12
50 2
40 2
42 2
43 2
50 2
52 2
50 2
52 2
50 2
54 2
49 2
52 2
54 2
189 2
160 2
176 2
189 2
240 2
72 14
50 2
40 2
42 2
43 2
50 2
72 14
50 2
40 2
42 2
43 2
50 2
72 12
50 2
40 2
42 2
43 2
50 2
52 2
50 2
52 2
50 2
54 2
49 2
52 2
54 2
189 2
160 2
176 2
189 2
240 2
72 14
50 2
40 2
42 2
43 2
50 2
72 14
50 2
40 2
42 2
43 2
50 2
72 12
50 2
40 2
42 2
43 2
50 2
52 2
50 2
52 2
50 2
54 2
49 2
52 2
54 2
189 2
160 2
176 2
189 2
240 2
72 14
50 2
40 2
42 2
43 2
50 2
72 14
50 2
40 2
42 2
43 2
50 2
72 12
50 2
40 2
42 2
43 2
50 2
52 2
50 2
52 2
50 2
54 2
49 2
52 2
54 2
189 2
160 2
176 2
189 2
240 2
72 14
50 2
40 2
42 2
43 2
50 2
72 14
E
S
H
72 14
136 2
240 2
136 2
175 2
136 2
240 2
136 2
175 2
136 2
240 2
136 2
175 2
136 2
240 2
136 2
175 2
136 2
240 2
136 2
175 2
136 2
240 2
136 2
175 2
136 2
240 2
136 2
175 2
136 2
240 2
136 2
175 2
72 14
136 2
240 2
136 2
175 2
136 2
240 2
136 2
175 2
136 2
240 2
136 2
175 2
136 2
240 2
136 2
175 2
136 2
240 2
136 2
175 2
136 2
240 2
136 2
175 2
136 2
240 2
136 2
175 2
136 2
240 2
136 2
175 2
72 14
136 2
240 2
136 2
175 2
136 2
240 2
136 2
175 2
136 2
240 2
136 2
175 2
136 2
240 2
136 2
175 2
136 2
240 2
136 2
175 2
136 2
240 2
136 2
175 2
136 2
240 2
136 2
175 2
136 2
240 2
136 2
175 2
72 14
136 2
240 2
136 2
175 2
136 2
240 2
136 2
175 2
136 2
240 2
136 2
175 2
136 2
240 2
136 2
175 2
136 2
240 2
136 2
175 2
136 2
240 2
136 2
175 2
136 2
240 2
136 2
175 2
136 2
240 2
136 2
175 2
72 14
136 2
240 2
136 2
175 2
136 2
240 2
136 2
175 2
136 2
240 2
136 2
175 2
136 2
240 2
136 2
175 2
136 2
240 2
136 2
175 2
136 2
240 2
136 2
175 2
136 2
240 2
136 2
175 2
136 2
240 2
136 2
175 2
72 14
136 2
240 2
136 2
175 2
136 2
240 2
136 2
175 2
136 2
240 2
136 2
175 2
136 2
240 2
136 2
175 2
136 2
240 2
136 2
175 2
136 2
240 2
136 2
175 2
136 2
240 2
136 2
175 2
136 2
240 2
136 2
175 2
72 14
136 2
240 2
136 2
175 2
136 2
240 2
136 2
175 2
136 2
240 2
136 2
175 2
136 2
240 2
136 2
175 2
136 2
240 2
136 2
175 2
136 2
240 2
136 2
175 2
136 2
240 2
136 2
175 2
136 2
240 2
136 2
175 2
72 14
136 2
240 2
136 2
175 2
136 2
240 2
136 2
175 2
136 2
240 2
136 2
175 2
136 2
240 2
136 2
175 2
136 2
240 2
136 2
175 2
136 2
240 2
136 2
175 2
136 2
240 2
136 2
175 2
136 2
240 2
136 2
175 2
72 14
136 2
240 2
136 2
175 2
136 2
240 2
136 2
175 2
136 2
240 2
136 2
175 2
136 2
240 2
136 2
175 2
136 2
240 2
136 2
175 2
136 2
240 2
136 2
175 2
136 2
240 2
136 2
175 2
136 2
240 2
136 2
175 2
72 14
136 2
240 2
136 2
175 2
136 2
240 2
136 2
175 2
136 2
240 2
136 2
175 2
136 2
240 2
136 2
175 2
136 2
240 2
136 2
175 2
136 2
240 2
136 2
175 2
136 2
240 2
136 2
175 2
136 2
240 2
136 2
175 2
72 14
E
S
H
72 14
136 2
240 2
136 2
175 2
136 2
240 2
136 2
175 2
136 2
240 2
136 2
175 2
136 2
240 2
136 2
175 2
136 2
240 2
136 2
175 2
136 2
240 2
136 2
175 2
136 2
240 2
136 2
175 2
136 2
240 2
136 2
175 2
72 14
136 2
240 2
136 2
175 2
136 2
240 2
136 2
175 2
136 2
240 2
136 2
175 2
136 2
240 2
136 2
175 2
136 2
240 2
136 2
175 2
136 2
240 2
136 2
175 2
136 2
240 2
136 2
175 2
136 2
240 2
136 2
175 2
72 14
136 2
240 2
136 2
175 2
136 2
240 2
136 2
175 2
136 2
240 2
136 2
175 2
136 2
240 2
136 2
175 2
136 2
240 2
136 2
175 2
136 2
240 2
136 2
175 2
136 2
240 2
136 2
175 2
136 2
240 2
136 2
175 2
72 14
136 2
240 2
136 2
175 2
136 2
240 2
136 2
175 2
136 2
240 2
136 2
175 2
136 2
240 2
136 2
175 2
136 2
240 2
136 2
175 2
136 2
240 2
136 2
175 2
136 2
240 2
136 2
175 2
136 2
240 2
136 2
175 2
72 14
136 2
240 2
136 2
175 2
136 2
240 2
136 2
175 2
136 2
240 2
136 2
175 2
136 2
240 2
136 2
175 2
136 2
240 2
136 2
175 2
136 2
240 2
136 2
175 2
136 2
240 2
136 2
175 2
136 2
240 2
136 2
175 2
72 14
136 2
240 2
136 2
175 2
136 2
240 2
136 2
175 2
136 2
240 2
136 2
175 2
136 2
240 2
136 2
175 2
136 2
240 2
136 2
175 2
136 2
240 2
136 2
175 2
136 2
240 2
136 2
175 2
136 2
240 2
136 2
175 2
72 14
136 2
240 2
136 2
175 2
136 2
240 2
136 2
175 2
136 2
240 2
136 2
175 2
136 2
240 2
136 2
175 2
136 2
240 2
136 2
175 2
136 2
240 2
136 2
175 2
136 2
240 2
136 2
175 2
136 2
240 2
136 2
175 2
72 14
136 2
240 2
136 2
175 2
136 2
240 2
136 2
175 2
136 2
240 2
136 2
175 2
136 2
240 2
136 2
175 2
136 2
240 2
136 2
175 2
136 2
240 2
136 2
175 2
136 2
240 2
136 2
175 2
136 2
240 2
136 2
175 2
72 14
136 2
240 2
136 2
175 2
136 2
240 2
136 2
175 2
136 2
240 2
136 2
175 2
136 2
240 2
136 2
175 2
136 2
240 2
136 2
175 2
136 2
240 2
136 2
175 2
136 2
240 2
136 2
175 2
136 2
240 2
136 2
175 2
72 14
136 2
240 2
136 2
175 2
136 2
240 2
136 2
175 2
136 2
240 2
136 2
175 2
136 2
240 2
136 2
175 2
136 2
240 2
136 2
175 2
136 2
240 2
136 2
175 2
136 2
240 2
136 2
175 2
136 2
240 2
136 2
175 2
72 14
E
S
H
72 14
215 4
189 2
160 2
134 2
147 2
72 2
160 2
72 2
189 2
72 2
202 2
215 2
189 2
160 4
72 2
134 4
189 2
160 4
72 2
134 4
189 2
160 2
147 2
240 2
134 2
160 4
72 2
192 4
192 2
244 4
218 2
192 2
153 4
192 2
127 2
218 4
192 2
127 2
72 2
153 2
127 2
192 2
153 4
72 2
127 2
244 2
153 2
244 4
127 2
244 6
72 13
153 2
244 2
127 2
140 4
244 2
218 2
192 2
72 2
244 4
101 4
192 2
114 2
127 2
140 2
72 14
215 4
189 2
160 2
134 2
147 2
72 2
160 2
72 2
189 2
72 2
202 2
215 2
189 2
160 4
72 2
134 4
189 2
160 4
72 2
134 4
189 2
160 2
147 2
240 2
134 2
160 4
72 2
192 4
192 2
244 4
218 2
192 2
153 4
192 2
127 2
218 4
192 2
127 2
72 2
153 2
127 2
192 2
153 4
72 2
127 2
244 2
153 2
244 4
127 2
244 6
72 13
153 2
244 2
127 2
140 4
244 2
218 2
192 2
72 2
244 4
101 4
192 2
114 2
127 2
140 2
72 14
215 4
189 2
160 2
134 2
147 2
72 2
160 2
72 2
189 2
72 2
202 2
215 2
189 2
160 4
72 2
134 4
189 2
160 4
72 2
134 4
189 2
160 2
147 2
240 2
134 2
160 4
72 2
192 4
192 2
244 4
218 2
192 2
153 4
192 2
127 2
218 4
192 2
127 2
72 2
153 2
127 2
192 2
153 4
72 2
127 2
244 2
153 2
244 4
127 2
244 6
72 13
153 2
244 2
127 2
140 4
244 2
218 2
192 2
72 2
244 4
101 4
192 2
114 2
127 2
140 2
72 14
215 4
189 2
160 2
134 2
147 2
72 2
160 2
72 2
189 2
72 2
202 2
215 2
189 2
160 4
72 2
134 4
189 2
160 4
72 2
134 4
189 2
160 2
147 2
240 2
134 2
160 4
72 2
192 4
192 2
244 4
218 2
192 2
153 4
192 2
127 2
218 4
192 2
127 2
72 2
153 2
127 2
192 2
153 4
72 2
127 2
244 2
153 2
244 4
127 2
244 6
72 13
153 2
244 2
127 2
140 4
244 2
218 2
192 2
72 2
244 4
101 4
192 2
114 2
127 2
140 2
72 14
215 4
189 2
160 2
134 2
147 2
72 2
160 2
72 2
189 2
72 2
202 2
215 2
189 2
160 4
72 2
134 4
189 2
160 4
72 2
134 4
189 2
160 2
147 2
240 2
134 2
160 4
72 2
192 4
192 2
244 4
218 2
192 2
153 4
192 2
127 2
218 4
192 2
127 2
72 2
153 2
127 2
192 2
153 4
72 2
127 2
244 2
153 2
244 4
127 2
244 6
72 13
153 2
244 2
127 2
140 4
244 2
218 2
192 2
72 2
244 4
101 4
192 2
114 2
127 2
140 2
72 14
E
S
L
20 2
20 2
20 2
20 2
18 2
20 2
20 2
20 2
20 2
20 2
20 2
20 2
18 2
20 2
20 2
20 2
20 2
20 2
20 2
20 2
18 2
20 2
20 2
20 2
20 2
20 2
20 2
20 2
18 2
20 2
20 2
20 2
20 2
20 2
20 2
20 2
18 2
20 2
20 2
20 2
20 2
20 2
20 2
20 2
18 2
20 2
20 2
20 2
12 2
12 2
16 2
16 2
16 2
23 2
23 2
23 2
16 2
16 2
16 2
21 2
21 2
317 2
18 2
225 2
173 2
18 2
225 2
173 2
18 2
177 2
221 2
177 2
173 2
18 2
173 2
18 2
177 2
173 2
18 2
225 2
173 2
18 2
177 2
173 2
173 2
177 2
18 2
173 2
18 2
225 2
173 2
18 2
225 2
173 2
18 2
177 2
221 2
177 2
173 2
18 2
173 2
18 2
177 2
173 2
18 2
225 2
173 2
18 2
177 2
173 2
173 2
177 2
18 2
317 2
18 2
225 2
173 2
18 2
225 2
173 2
18 2
177 2
221 2
177 2
173 2
18 2
173 2
18 2
177 2
173 2
18 2
225 2
173 2
18 2
177 2
173 2
173 2
177 2
18 2
173 2
18 2
225 2
173 2
18 2
225 2
173 2
18 2
177 2
221 2
177 2
173 2
18 2
173 2
18 2
177 2
173 2
18 2
225 2
173 2
18 2
177 2
173 2
173 2
177 2
177 2
16 2
4 2
4 2
16 2
153 2
153 2
3 2
12 2
3 2
3 2
4 2
16 2
152 2
152 2
236 2
3 2
3 2
153 2
16 2
237 2
4 2
3 2
16 2
152 2
236 2
237 2
16 2
153 2
213 2
188 2
153 2
4 2
16 2
105 2
4 2
128 2
12 2
152 2
3 2
705 2
151 2
236 2
3 2
212 2
19 2
3 2
152 2
4 2
16 2
153 2
4 2
3 2
16 2
3 2
152 2
153 2
153 2
153 2
188 2
129 2
3 2
3 2
129 2
3 2
3 2
129 2
3 2
51 0
51 0
51 0
4 2
104 2
51 0
3 2
105 2
3 2
4 2
105 2
4 2
4 2
105 2
3 2
152 2
153 2
153 2
3 2
237 2
3 2
213 2
140 2
23 2
151 2
51 0
51 0
151 2
51 0
129 2
51 0
3 2
3 2
129 2
3 2
3 2
129 2
3 2
51 0
51 0
51 0
4 2
104 2
51 0
3 2
105 2
3 2
4 2
105 2
4 2
153 2
4 2
105 2
4 2
153 2
4 2
105 2
4 2
153 2
4 2
153 2
153 2
153 2
153 2
321 2
177 2
1593 2
4 2
969 2
177 2
1593 2
4 2
969 2
177 2
1017 2
1545 2
4 2
1017 2
969 2
177 2
969 2
177 2
1017 2
4 2
969 2
177 2
1593 2
4 2
969 2
177 2
1017 2
969 2
4 2
969 2
1017 2
177 2
969 2
177 2
1593 2
4 2
969 2
177 2
1593 2
4 2
969 2
177 2
1017 2
1545 2
4 2
1017 2
969 2
177 2
969 2
177 2
1016 2
3 2
969 2
176 2
1592 2
3 2
969 2
177 2
1016 2
969 2
4 2
968 2
1017 2
177 2
317 2
18 2
225 2
969 2
177 2
1593 2
4 2
969 2
177 2
1017 2
1545 2
4 2
1017 2
969 2
177 2
969 2
177 2
1017 2
4 2
969 2
177 2
1593 2
4 2
969 2
177 2
1017 2
969 2
4 2
969 2
1017 2
177 2
969 2
177 2
1593 2
4 2
969 2
177 2
1593 2
4 2
969 2
177 2
1017 2
1545 2
4 2
1017 2
969 2
177 2
969 2
177 2
1016 2
3 2
969 2
176 2
1592 2
3 2
969 2
177 2
1016 2
969 2
4 2
968 2
1017 2
1017 2
317 2
18 2
225 2
173 2
18 2
225 2
173 2
18 2
177 2
221 2
177 2
173 2
18 2
173 2
18 2
177 2
173 2
18 2
225 2
173 2
18 2
177 2
173 2
173 2
177 2
18 2
173 2
18 2
225 2
173 2
18 2
225 2
173 2
18 2
177 2
221 2
177 2
173 2
18 2
173 2
18 2
177 2
173 2
18 2
225 2
173 2
18 2
177 2
173 2
173 2
177 2
18 2
317 2
18 2
225 2
173 2
18 2
225 2
173 2
18 2
177 2
221 2
177 2
173 2
18 2
173 2
18 2
177 2
173 2
18 2
225 2
173 2
18 2
177 2
173 2
173 2
177 2
18 2
173 2
18 2
225 2
173 2
18 2
225 2
173 2
18 2
177 2
221 2
177 2
173 2
18 2
173 2
18 2
177 2
173 2
18 2
225 2
173 2
18 2
177 2
173 2
173 2
177 2
177 2
16 2
4 2
4 2
16 2
153 2
153 2
3 2
12 2
3 2
3 2
4 2
16 2
152 2
152 2
236 2
3 2
3 2
153 2
16 2
237 2
4 2
3 2
16 2
152 2
236 2
237 2
16 2
153 2
213 2
188 2
153 2
4 2
16 2
105 2
4 2
128 2
12 2
152 2
3 2
705 2
151 2
236 2
3 2
212 2
19 2
3 2
152 2
4 2
16 2
153 2
4 2
3 2
16 2
3 2
152 2
153 2
153 2
153 2
188 2
129 2
3 2
3 2
129 2
3 2
3 2
129 2
3 2
51 0
51 0
51 0
4 2
104 2
51 0
3 2
105 2
3 2
4 2
105 2
4 2
4 2
105 2
3 2
152 2
153 2
153 2
3 2
237 2
3 2
213 2
140 2
23 2
151 2
51 0
51 0
151 2
51 0
129 2
51 0
3 2
3 2
129 2
3 2
3 2
129 2
3 2
51 0
51 0
51 0
4 2
104 2
51 0
3 2
105 2
3 2
4 2
105 2
4 2
153 2
4 2
105 2
4 2
153 2
4 2
105 2
4 2
153 2
4 2
153 2
153 2
153 2
153 2
321 2
177 2
1593 2
4 2
969 2
177 2
1593 2
4 2
969 2
177 2
1017 2
1545 2
4 2
1017 2
969 2
177 2
969 2
177 2
1017 2
4 2
969 2
177 2
1593 2
4 2
969 2
177 2
1017 2
969 2
4 2
969 2
1017 2
177 2
969 2
177 2
1593 2
4 2
969 2
177 2
1593 2
4 2
969 2
177 2
1017 2
1545 2
4 2
1017 2
969 2
177 2
969 2
177 2
1016 2
3 2
969 2
176 2
1592 2
3 2
969 2
177 2
1016 2
969 2
4 2
968 2
1017 2
177 2
317 2
18 2
225 2
969 2
177 2
1593 2
4 2
969 2
177 2
1017 2
1545 2
4 2
1017 2
969 2
177 2
969 2
177 2
1017 2
4 2
969 2
177 2
1593 2
4 2
969 2
177 2
1017 2
969 2
4 2
969 2
1017 2
177 2
969 2
177 2
1593 2
4 2
969 2
177 2
1593 2
4 2
969 2
177 2
1017 2
1545 2
4 2
1017 2
969 2
177 2
969 2
177 2
1016 2
3 2
969 2
176 2
1592 2
3 2
969 2
177 2
1016 2
969 2
4 2
968 2
1017 2
1017 2
317 2
18 2
225 2
173 2
18 2
225 2
173 2
18 2
177 2
221 2
177 2
173 2
18 2
173 2
18 2
177 2
173 2
18 2
225 2
173 2
18 2
177 2
173 2
173 2
177 2
18 2
173 2
18 2
225 2
173 2
18 2
225 2
173 2
18 2
177 2
221 2
177 2
173 2
18 2
173 2
18 2
177 2
173 2
18 2
225 2
173 2
18 2
177 2
173 2
173 2
177 2
18 2
317 2
18 2
225 2
173 2
18 2
225 2
173 2
18 2
177 2
221 2
177 2
173 2
18 2
173 2
18 2
177 2
173 2
18 2
225 2
173 2
18 2
177 2
173 2
173 2
177 2
18 2
173 2
18 2
225 2
173 2
18 2
225 2
173 2
18 2
177 2
221 2
177 2
173 2
18 2
173 2
18 2
177 2
173 2
18 2
225 2
173 2
18 2
177 2
173 2
173 2
177 2
177 2
16 2
4 2
4 2
16 2
153 2
153 2
3 2
12 2
3 2
3 2
4 2
16 2
152 2
152 2
236 2
3 2
3 2
153 2
16 2
237 2
4 2
3 2
16 2
152 2
236 2
237 2
16 2
153 2
213 2
188 2
153 2
4 2
16 2
105 2
4 2
128 2
12 2
152 2
3 2
705 2
151 2
236 2
3 2
212 2
19 2
3 2
152 2
4 2
16 2
153 2
4 2
3 2
16 2
3 2
152 2
153 2
153 2
153 2
188 2
129 2
3 2
3 2
129 2
3 2
3 2
129 2
3 2
51 0
51 0
51 0
4 2
104 2
51 0
3 2
105 2
3 2
4 2
105 2
4 2
4 2
105 2
3 2
152 2
153 2
153 2
3 2
237 2
3 2
213 2
140 2
23 2
151 2
51 0
51 0
151 2
51 0
129 2
51 0
3 2
3 2
129 2
3 2
3 2
129 2
3 2
51 0
51 0
51 0
4 2
104 2
51 0
3 2
105 2
3 2
4 2
105 2
4 2
153 2
4 2
105 2
4 2
153 2
4 2
105 2
4 2
153 2
4 2
153 2
153 2
153 2
153 2
321 2
177 2
1593 2
4 2
969 2
177 2
1593 2
4 2
969 2
177 2
1017 2
1545 2
4 2
1017 2
969 2
177 2
969 2
177 2
1017 2
4 2
969 2
177 2
1593 2
4 2
969 2
177 2
1017 2
969 2
4 2
969 2
1017 2
177 2
969 2
177 2
1593 2
4 2
969 2
177 2
1593 2
4 2
969 2
177 2
1017 2
1545 2
4 2
1017 2
969 2
177 2
969 2
177 2
1016 2
3 2
969 2
176 2
1592 2
3 2
969 2
177 2
1016 2
969 2
4 2
968 2
1017 2
177 2
317 2
18 2
225 2
969 2
177 2
1593 2
4 2
969 2
177 2
1017 2
1545 2
4 2
1017 2
969 2
177 2
969 2
177 2
1017 2
4 2
969 2
177 2
1593 2
4 2
969 2
177 2
1017 2
969 2
4 2
969 2
1017 2
177 2
969 2
177 2
1593 2
4 2
969 2
177 2
1593 2
4 2
969 2
177 2
1017 2
1545 2
4 2
1017 2
969 2
177 2
969 2
177 2
1016 2
3 2
969 2
176 2
1592 2
3 2
969 2
177 2
1016 2
969 2
4 2
968 2
1017 2
1017 2
317 2
18 2
225 2
173 2
18 2
225 2
173 2
18 2
177 2
221 2
177 2
173 2
18 2
173 2
18 2
177 2
173 2
18 2
225 2
173 2
18 2
177 2
173 2
173 2
177 2
18 2
173 2
18 2
225 2
173 2
18 2
225 2
173 2
18 2
177 2
221 2
177 2
173 2
18 2
173 2
18 2
177 2
173 2
18 2
225 2
173 2
18 2
177 2
173 2
173 2
177 2
18 2
317 2
18 2
225 2
173 2
18 2
225 2
173 2
18 2
177 2
221 2
177 2
173 2
18 2
173 2
18 2
177 2
173 2
18 2
225 2
173 2
18 2
177 2
173 2
173 2
177 2
18 2
173 2
18 2
225 2
173 2
18 2
225 2
173 2
18 2
177 2
221 2
177 2
173 2
18 2
173 2
18 2
177 2
173 2
18 2
225 2
173 2
18 2
177 2
173 2
173 2
177 2
177 2
16 2
4 2
4 2
16 2
153 2
153 2
3 2
12 2
3 2
3 2
4 2
16 2
152 2
152 2
236 2
3 2
3 2
153 2
16 2
237 2
4 2
3 2
16 2
152 2
236 2
237 2
16 2
153 2
213 2
188 2
153 2
4 2
16 2
105 2
4 2
128 2
12 2
152 2
3 2
705 2
151 2
236 2
3 2
212 2
19 2
3 2
152 2
4 2
16 2
153 2
4 2
3 2
16 2
3 2
152 2
153 2
153 2
153 2
188 2
129 2
3 2
3 2
129 2
3 2
3 2
129 2
3 2
51 0
51 0
51 0
4 2
104 2
51 0
3 2
105 2
3 2
4 2
105 2
4 2
4 2
105 2
3 2
152 2
153 2
153 2
3 2
237 2
3 2
213 2
140 2
23 2
151 2
51 0
51 0
151 2
51 0
129 2
51 0
3 2
3 2
129 2
3 2
3 2
129 2
3 2
51 0
51 0
51 0
4 2
104 2
51 0
3 2
105 2
3 2
4 2
105 2
4 2
153 2
4 2
105 2
4 2
153 2
4 2
105 2
4 2
153 2
4 2
153 2
153 2
153 2
153 2
321 2
177 2
1593 2
4 2
969 2
177 2
1593 2
4 2
969 2
177 2
1017 2
1545 2
4 2
1017 2
969 2
177 2
969 2
177 2
1017 2
4 2
969 2
177 2
1593 2
4 2
969 2
177 2
1017 2
969 2
4 2
969 2
1017 2
177 2
969 2
177 2
1593 2
4 2
969 2
177 2
1593 2
4 2
969 2
177 2
1017 2
1545 2
4 2
1017 2
969 2
177 2
969 2
177 2
1016 2
3 2
969 2
176 2
1592 2
3 2
969 2
177 2
1016 2
969 2
4 2
968 2
1017 2
177 2
317 2
18 2
225 2
969 2
177 2
1593 2
4 2
969 2
177 2
1017 2
1545 2
4 2
1017 2
969 2
177 2
969 2
177 2
1017 2
4 2
969 2
177 2
1593 2
4 2
969 2
177 2
1017 2
969 2
4 2
969 2
1017 2
177 2
969 2
177 2
1593 2
4 2
969 2
177 2
1593 2
4 2
969 2
177 2
1017 2
1545 2
4 2
1017 2
969 2
177 2
969 2
177 2
1016 2
3 2
969 2
176 2
1592 2
3 2
969 2
177 2
1016 2
969 2
4 2
968 2
1017 2
1017 2
317 2
18 2
225 2
173 2
18 2
225 2
173 2
18 2
177 2
221 2
177 2
173 2
18 2
173 2
18 2
177 2
173 2
18 2
225 2
173 2
18 2
177 2
173 2
173 2
177 2
18 2
173 2
18 2
225 2
173 2
18 2
225 2
173 2
18 2
177 2
221 2
177 2
173 2
18 2
173 2
18 2
177 2
173 2
18 2
225 2
173 2
18 2
177 2
173 2
173 2
177 2
18 2
317 2
18 2
225 2
173 2
18 2
225 2
173 2
18 2
177 2
221 2
177 2
173 2
18 2
173 2
18 2
177 2
173 2
18 2
225 2
173 2
18 2
177 2
173 2
173 2
177 2
18 2
173 2
18 2
225 2
173 2
18 2
225 2
173 2
18 2
177 2
221 2
177 2
173 2
18 2
173 2
18 2
177 2
173 2
18 2
225 2
173 2
18 2
177 2
173 2
173 2
177 2
177 2
16 2
4 2
4 2
16 2
153 2
153 2
3 2
12 2
3 2
3 2
4 2
16 2
152 2
152 2
236 2
3 2
3 2
153 2
16 2
237 2
4 2
3 2
16 2
152 2
236 2
237 2
16 2
153 2
213 2
188 2
153 2
4 2
16 2
105 2
4 2
128 2
12 2
152 2
3 2
705 2
151 2
236 2
3 2
212 2
19 2
3 2
152 2
4 2
16 2
153 2
4 2
3 2
16 2
3 2
152 2
153 2
153 2
153 2
188 2
129 2
3 2
3 2
129 2
3 2
3 2
129 2
3 2
51 0
51 0
51 0
4 2
104 2
51 0
3 2
105 2
3 2
4 2
105 2
4 2
4 2
105 2
3 2
152 2
153 2
153 2
3 2
237 2
3 2
213 2
140 2
23 2
151 2
51 0
51 0
151 2
51 0
129 2
51 0
3 2
3 2
129 2
3 2
3 2
129 2
3 2
51 0
51 0
51 0
4 2
104 2
51 0
3 2
105 2
3 2
4 2
105 2
4 2
153 2
4 2
105 2
4 2
153 2
4 2
105 2
4 2
153 2
4 2
153 2
153 2
153 2
153 2
969 2
177 2
1593 2
4 2
969 2
177 2
1593 2
4 2
969 2
177 2
1017 2
1545 2
4 2
1017 2
969 2
177 2
969 2
177 2
1017 2
4 2
969 2
177 2
1593 2
4 2
969 2
177 2
1017 2
969 2
4 2
969 2
1017 2
177 2
969 2
177 2
1593 2
4 2
969 2
177 2
1593 2
4 2
969 2
177 2
1017 2
1545 2
4 2
1017 2
969 2
177 2
969 2
177 2
1016 2
3 2
969 2
176 2
1592 2
3 2
969 2
177 2
1016 2
969 2
4 2
968 2
1017 2
177 2
317 2
18 2
225 2
969 2
177 2
1593 2
4 2
969 2
177 2
1017 2
1545 2
4 2
1017 2
969 2
177 2
969 2
177 2
1017 2
4 2
969 2
177 2
1593 2
4 2
E
X
