major
S
L
72 14
3 3
5 2
72 1
3 3
5 2
72 2
3 3
5 2
72 2
3 3
5 4
3 5
72 3
3 3
5 2
72 1
3 3
5 2
72 2
3 3
5 2
72 2
3 3
5 4
3 4
72 4
3 3
5 2
72 1
3 3
5 2
72 2
3 3
5 3
72 2
3 3
5 4
3 5
72 3
3 3
5 2
72 1
3 3
5 2
72 2
3 3
5 2
72 3
3 3
5 3
72 1
3 5
72 3
3 3
5 2
72 1
3 3
5 3
72 1
3 3
5 2
72 3
3 3
5 4
3 5
72 3
3 3
5 2
72 1
3 3
5 2
72 4
3 3
5 2
72 3
3 3
5 3
3 5
72 3
3 3
5 2
72 2
3 3
5 3
72 1
3 3
5 3
72 1
3 3
5 3
72 1
3 5
72 3
3 3
5 3
72 1
3 3
5 3
72 1
3 3
5 3
72 1
3 3
5 3
72 1
3 6
72 2
3 3
5 2
72 1
3 3
5 2
72 2
3 3
5 2
72 2
3 3
5 3
72 1
3 6
72 2
3 3
5 2
72 1
3 3
5 2
72 2
3 3
5 2
72 3
3 3
5 2
72 2
3 6
72 2
3 3
5 2
72 1
3 3
5 3
72 1
3 3
5 2
72 2
3 3
5 2
72 2
3 5
72 3
3 3
5 2
72 2
3 3
5 2
72 2
3 3
5 3
72 2
3 3
5 4
3 5
72 3
3 3
5 2
72 1
3 3
5 3
72 1
3 3
5 2
72 3
3 3
5 3
3 5
72 3
3 3
5 2
72 1
3 3
5 3
72 1
3 3
5 3
72 1
3 3
5 3
72 1
3 5
72 3
3 3
5 3
72 0
3 3
5 3
72 1
3 3
5 3
72 1
3 3
5 3
72 1
3 5
72 3
3 3
5 3
72 0
3 3
5 3
72 1
3 3
5 3
72 1
3 3
5 2
72 2
3 5
72 3
3 3
5 3
72 0
3 3
5 3
72 1
3 3
5 3
72 2
3 3
5 3
72 1
3 5
72 3
3 3
5 3
72 0
3 3
5 3
72 1
3 3
5 3
72 1
3 3
5 4
3 5
72 3
3 3
5 3
72 0
3 3
5 3
72 1
3 3
5 3
72 1
3 3
5 4
3 4
72 4
3 3
5 2
72 1
3 3
5 3
72 1
3 3
5 3
72 1
3 3
5 4
3 7
3 2
72 0
5 3
72 0
3 3
5 3
72 1
3 3
5 3
72 1
3 3
5 4
3 5
72 3
3 3
5 2
72 1
3 3
5 2
72 2
3 3
5 2
72 3
3 3
5 2
72 2
3 6
72 2
3 3
5 2
72 1
3 3
5 3
72 1
3 3
5 2
72 2
3 3
5 2
72 2
3 5
72 3
3 3
5 2
72 2
3 3
5 2
72 2
3 3
5 3
72 2
3 3
5 4
3 5
72 3
3 3
5 2
72 1
3 3
5 3
72 1
3 3
5 2
72 3
3 3
5 3
3 5
72 3
3 3
5 2
72 1
3 3
5 3
72 1
3 3
5 3
72 1
3 3
5 3
72 1
3 5
72 3
3 3
5 3
72 0
3 3
5 3
72 1
3 3
5 3
72 1
3 3
5 3
72 1
3 5
72 3
3 3
5 3
72 0
3 3
5 3
72 1
3 3
5 3
72 1
3 3
5 2
72 2
3 5
72 3
3 3
5 3
72 0
3 3
5 3
72 1
3 3
5 3
72 2
3 3
5 3
72 1
3 5
72 3
3 3
5 3
72 0
3 3
5 3
72 1
3 3
5 3
72 1
3 3
5 4
3 5
72 3
3 3
5 3
72 0
3 3
5 3
72 1
3 3
5 3
72 1
3 3
5 4
3 4
72 4
3 3
5 2
72 1
3 3
5 3
72 1
3 3
5 3
72 1
3 3
5 4
3 6
72 2
3 3
5 2
72 1
3 3
5 2
72 2
3 3
5 2
72 2
3 3
5 4
3 5
72 3
3 3
5 2
72 1
3 3
5 2
72 2
3 3
5 2
72 2
3 3
5 4
3 4
72 4
3 3
5 2
72 1
3 3
5 2
72 2
3 3
5 3
72 2
3 3
5 4
3 5
72 3
3 3
5 2
72 1
3 3
5 2
72 2
3 3
5 2
72 3
3 3
5 3
72 1
3 5
72 14
8 3
10 3
72 0
8 3
10 2
72 2
8 2
10 2
72 2
8 3
10 4
8 4
72 4
8 3
10 2
72 1
8 3
10 3
72 1
8 2
3 5
72 0
5 5
8 4
10 2
72 2
8 3
10 2
72 2
8 3
10 2
72 2
8 3
10 2
72 2
8 3
10 3
72 1
8 5
72 3
8 3
10 2
72 1
8 3
10 3
72 1
8 2
3 5
72 0
5 5
8 4
10 2
72 2
8 3
10 2
72 1
8 3
10 3
72 1
8 3
10 3
72 1
8 3
10 3
72 1
8 6
72 2
8 3
10 3
72 1
8 3
10 4
8 4
12 6
10 3
72 1
8 4
10 2
72 2
8 3
10 3
72 0
8 3
10 3
72 1
8 3
10 2
72 3
8 3
10 4
8 6
72 2
8 3
10 3
72 0
8 3
10 3
72 1
8 3
3 5
72 0
5 4
8 5
10 3
72 1
8 2
10 4
8 3
10 3
72 3
8 3
10 2
72 2
8 3
10 4
8 5
72 3
8 3
10 3
72 0
8 3
10 3
72 1
8 3
10 4
72 0
8 3
10 2
72 2
10 6
72 2
8 3
10 3
72 0
8 3
10 2
72 4
8 3
10 3
72 1
8 3
10 4
8 5
72 3
8 3
10 3
72 0
8 3
10 4
8 3
3 6
5 4
8 5
10 3
72 1
8 3
10 3
72 0
8 3
10 4
8 3
10 3
72 2
8 3
10 2
72 2
10 6
72 2
8 3
10 3
72 0
8 3
10 4
8 3
12 7
10 3
72 1
8 5
10 3
72 1
8 3
10 2
72 1
8 3
72 1
10 2
72 1
8 3
10 3
72 1
8 3
10 4
8 5
72 3
8 3
10 3
72 1
8 3
10 3
72 1
8 3
10 3
3 4
5 4
8 5
10 3
72 1
8 3
10 3
72 1
8 3
10 3
72 1
8 3
10 2
72 2
8 3
10 4
8 5
72 3
8 3
10 2
72 1
8 3
10 3
72 1
8 3
10 2
72 3
8 3
10 5
72 0
8 6
8 3
10 3
72 0
8 3
10 3
72 1
8 3
10 2
72 2
8 3
10 3
72 1
8 5
72 3
8 4
10 2
72 1
8 3
10 4
8 3
3 6
5 4
8 5
10 3
E
S
H
72 14
29 2
36 2
39 2
43 2
41 2
44 2
48 2
53 2
46 2
51 2
55 2
48 2
53 2
56 2
60 2
63 2
55 2
58 2
60 2
63 2
65 2
53 2
58 2
60 2
63 2
67 2
63 2
60 2
65 2
68 2
70 2
60 2
63 2
72 6
29 2
36 2
39 2
36 2
41 2
44 2
39 2
43 2
46 2
41 2
44 2
48 2
46 2
50 2
53 2
48 2
51 2
55 2
50 2
53 2
58 2
51 2
55 2
60 2
53 2
56 2
60 2
63 2
58 2
60 2
63 2
65 2
58 2
60 2
63 2
65 2
68 2
60 2
63 2
65 2
68 2
60 2
65 2
E
X
