minor
S
H
43 14
72 1
43 2
72 3
43 2
43 2
43 2
72 0
43 2
43 2
43 2
43 2
72 0
43 2
43 2
43 2
43 2
72 0
43 2
43 2
72 1
43 2
72 0
43 2
43 2
43 2
43 0
43 0
72 2
43 0
43 0
72 2
43 2
43 2
43 2
72 0
43 2
43 2
43 2
43 2
72 0
43 2
43 2
43 2
43 0
43 0
72 2
43 0
43 0
72 2
43 2
43 2
43 2
72 0
43 2
43 0
72 0
43 0
72 1
43 0
43 0
72 1
43 2
72 0
43 2
43 2
43 2
43 2
72 3
43 2
43 2
43 2
72 0
43 2
43 2
43 2
43 2
72 0
43 2
43 2
43 2
43 2
72 0
43 2
43 2
72 1
43 2
72 0
43 2
43 2
43 2
43 0
43 0
72 2
43 0
43 0
72 2
43 2
43 2
43 2
72 0
43 2
43 2
43 2
43 2
72 0
43 2
43 2
43 2
43 0
43 0
72 2
43 0
43 0
72 2
43 2
43 2
43 2
72 0
43 2
43 0
72 0
43 0
72 1
43 0
43 0
72 1
43 2
72 0
43 2
43 2
43 2
43 2
72 3
43 2
43 2
43 2
72 0
43 2
43 2
43 2
43 2
72 0
43 2
43 2
43 2
43 2
72 0
43 2
43 2
72 1
43 2
72 0
43 2
43 2
43 2
43 0
43 0
72 2
43 0
43 0
72 2
43 2
43 2
43 2
72 0
43 2
43 2
43 2
43 2
72 0
43 2
43 2
43 2
43 0
43 0
72 2
43 0
43 0
72 2
43 2
43 2
43 2
72 0
43 2
43 0
72 0
43 0
72 1
43 0
43 0
72 1
43 2
72 0
43 2
43 2
43 2
43 2
72 0
43 2
43 2
43 2
43 2
72 0
43 2
43 0
72 0
43 0
72 1
43 0
43 0
72 1
43 2
72 0
43 2
43 2
43 2
43 0
43 0
72 2
43 0
43 0
72 2
43 2
43 2
43 2
72 0
43 2
43 2
43 2
43 2
72 0
43 2
43 0
72 0
43 0
72 1
43 0
43 0
72 1
43 2
72 0
43 2
43 2
43 2
43 0
43 0
72 2
43 0
43 0
72 2
43 2
43 2
43 2
72 0
43 2
43 2
43 2
43 2
72 0
43 2
43 0
72 0
43 0
72 1
43 0
43 0
72 1
43 2
72 0
43 2
43 2
43 2
43 0
43 0
72 2
43 0
43 0
72 2
43 2
43 2
43 2
72 0
43 2
43 2
43 2
43 2
72 0
43 2
43 0
72 0
43 0
72 1
43 0
43 0
72 1
43 2
72 0
43 2
43 2
43 2
43 0
43 0
72 2
43 0
43 0
72 2
43 2
43 2
43 2
72 0
43 2
43 2
43 2
43 2
72 0
43 2
43 0
72 0
43 0
72 1
43 0
43 0
72 1
43 2
72 0
43 2
43 2
43 2
43 0
43 0
72 2
43 0
43 0
72 2
43 2
43 2
43 2
72 0
43 2
43 2
43 2
43 2
72 0
43 2
43 0
72 0
43 0
72 1
43 0
43 0
72 1
43 2
72 0
43 2
43 2
43 2
43 0
43 0
72 2
43 0
43 0
72 2
43 2
43 2
43 2
72 0
43 2
43 2
43 2
43 2
72 0
43 2
43 0
72 0
43 0
72 1
43 0
43 0
72 1
43 2
72 0
43 2
43 2
43 2
43 0
43 0
72 2
43 0
43 0
72 2
43 2
43 2
43 2
72 0
43 2
43 2
43 2
43 2
72 0
43 2
43 0
72 0
43 0
72 1
43 0
43 0
72 1
43 2
72 0
43 2
43 2
43 2
43 0
43 0
72 2
43 0
43 0
72 2
43 2
43 2
43 2
72 0
43 2
43 2
43 2
43 2
72 0
43 2
E
S
L
72 14
9 7
10 7
7 7
9 4
10 7
7 7
9 7
10 2
12 2
10 2
9 7
10 7
7 7
9 4
10 7
7 7
9 4
12 4
11 4
10 7
11 7
8 7
10 4
11 7
8 7
10 7
11 2
13 2
11 2
10 7
11 7
8 7
10 4
11 7
8 7
10 7
11 4
12 7
13 7
10 7
12 2
72 2
13 7
10 4
12 12
5 7
5 4
3 2
5 2
6 2
72 2
12 7
13 7
10 7
12 2
72 2
13 7
15 4
12 12
5 7
5 4
3 2
5 2
6 2
72 2
12 7
13 7
10 7
12 2
72 2
13 7
10 4
12 12
5 7
5 4
3 2
5 2
6 2
72 2
12 7
13 7
10 7
12 2
72 2
13 7
15 4
12 12
5 7
5 4
3 2
5 2
6 2
8 2
5 2
3 2
1 2
0 2
E
S
L
9 4
9 4
14 4
16 4
9 4
9 4
14 4
16 4
9 4
9 4
14 4
16 4
9 4
9 4
14 4
16 4
9 4
9 4
14 4
16 4
9 4
9 4
14 4
16 4
9 4
9 4
14 4
16 4
9 4
9 4
14 4
16 4
12 4
12 4
17 4
19 4
12 4
12 4
17 4
19 4
12 4
12 4
17 4
19 4
12 4
12 4
17 4
19 4
12 4
12 4
17 4
19 4
12 4
12 4
17 4
19 4
12 4
12 4
17 4
19 4
11 4
11 4
16 4
18 4
9 4
9 4
14 4
16 4
9 4
9 4
14 4
16 4
9 4
9 4
14 4
16 4
9 4
9 4
14 4
16 4
9 4
9 4
14 4
16 4
9 4
9 4
14 4
16 4
9 4
9 4
14 4
16 4
9 4
9 4
14 4
16 4
12 4
12 4
17 4
19 4
12 4
12 4
17 4
19 4
12 4
12 4
17 4
19 4
12 4
12 4
17 4
19 4
12 4
12 4
17 4
19 4
12 4
12 4
17 4
19 4
12 4
12 4
17 4
19 4
11 4
11 4
16 4
18 4
9 4
9 4
14 4
16 4
9 4
9 4
14 4
16 4
9 4
9 4
14 4
16 4
9 4
9 4
14 4
16 4
9 4
9 4
14 4
16 4
9 4
9 4
14 4
16 4
9 4
9 4
14 4
16 4
9 4
9 4
14 4
16 4
12 4
12 4
17 4
19 4
12 4
12 4
17 4
19 4
12 4
12 4
17 4
19 4
12 4
12 4
17 4
19 4
12 4
12 4
17 4
19 4
12 4
12 4
17 4
19 4
12 4
12 4
17 4
19 4
11 4
11 4
16 4
18 4
9 4
9 4
14 4
16 4
9 4
9 4
14 4
16 4
9 4
9 4
14 4
16 4
9 4
9 4
14 4
16 4
9 4
9 4
14 4
16 4
9 4
9 4
14 4
16 4
9 4
9 4
14 4
16 4
9 4
9 4
14 4
16 4
12 4
12 4
17 4
19 4
12 4
12 4
17 4
19 4
12 4
12 4
17 4
19 4
12 4
12 4
17 4
19 4
12 4
12 4
17 4
19 4
12 4
12 4
17 4
19 4
12 4
12 4
17 4
19 4
11 4
11 4
16 4
18 4
9 14
9 14
10 14
10 14
9 14
9 14
10 14
10 14
16 7
17 7
14 7
16 4
17 7
14 7
16 7
17 2
19 2
17 2
16 7
17 7
14 7
16 4
17 7
14 7
16 4
19 4
18 4
17 7
18 7
15 7
17 4
18 7
15 7
17 7
18 2
20 2
18 2
17 7
18 7
15 7
17 4
18 7
15 7
17 4
20 4
18 4
17 7
18 7
15 7
17 2
72 2
18 7
15 4
17 12
12 7
12 4
10 2
12 2
13 2
72 2
17 7
18 7
15 7
17 2
72 2
18 7
20 4
17 12
12 7
12 4
10 2
12 2
13 2
72 2
17 7
18 7
15 7
17 2
72 2
18 7
15 4
17 12
12 7
12 4
10 2
12 2
13 2
72 2
17 7
18 7
15 7
17 2
72 2
18 7
20 4
17 12
12 7
12 4
10 2
12 2
13 2
15 2
12 2
10 2
9 2
6 2
E
S
H
33 2
33 2
33 2
33 2
36 2
33 2
33 2
33 2
38 2
33 2
33 2
33 2
40 2
33 2
33 2
36 2
33 2
33 2
33 2
33 2
36 2
33 2
33 2
33 2
38 2
33 2
40 2
33 2
36 2
33 2
33 2
36 2
33 2
33 2
33 2
33 2
36 2
33 2
33 2
33 2
38 2
33 2
33 2
33 2
40 2
33 2
33 2
36 2
33 2
33 2
33 2
33 2
36 2
33 2
33 2
33 2
38 2
33 2
40 2
33 2
36 2
33 2
34 2
35 2
36 2
36 2
36 2
36 2
39 2
36 2
36 2
36 2
41 2
36 2
36 2
36 2
43 2
36 2
36 2
39 2
36 2
36 2
36 2
36 2
39 2
36 2
36 2
36 2
41 2
36 2
43 2
36 2
39 2
36 2
36 2
39 2
36 2
36 2
36 2
36 2
39 2
36 2
36 2
36 2
41 2
36 2
36 2
36 2
43 2
36 2
36 2
39 2
36 2
36 2
36 2
36 2
39 2
36 2
36 2
36 2
41 2
36 2
43 2
36 2
39 2
36 2
35 2
34 2
33 2
33 2
33 2
33 2
36 2
33 2
33 2
33 2
38 2
33 2
33 2
33 2
40 2
33 2
33 2
36 2
33 2
33 2
33 2
33 2
36 2
33 2
33 2
33 2
38 2
33 2
40 2
33 2
36 2
33 2
33 2
36 2
33 2
33 2
33 2
33 2
36 2
33 2
33 2
33 2
38 2
33 2
33 2
33 2
40 2
33 2
33 2
36 2
33 2
33 2
33 2
33 2
36 2
33 2
33 2
33 2
38 2
33 2
40 2
33 2
36 2
33 2
34 2
35 2
36 2
36 2
36 2
36 2
39 2
36 2
36 2
36 2
41 2
36 2
36 2
36 2
43 2
36 2
36 2
39 2
36 2
36 2
36 2
36 2
39 2
36 2
36 2
36 2
41 2
36 2
43 2
36 2
39 2
36 2
36 2
39 2
36 2
36 2
36 2
36 2
39 2
36 2
36 2
36 2
41 2
36 2
36 2
36 2
43 2
36 2
36 2
39 2
36 2
36 2
36 2
36 2
39 2
36 2
36 2
36 2
41 2
36 2
43 2
36 2
39 2
36 2
35 2
34 2
33 2
33 2
33 2
33 2
36 2
33 2
33 2
33 2
38 2
33 2
33 2
33 2
40 2
33 2
33 2
36 2
33 2
33 2
33 2
33 2
36 2
33 2
33 2
33 2
38 2
33 2
40 2
33 2
36 2
33 2
33 2
36 2
33 2
33 2
33 2
33 2
36 2
33 2
33 2
33 2
38 2
33 2
33 2
33 2
40 2
33 2
33 2
36 2
33 2
33 2
33 2
33 2
36 2
33 2
33 2
33 2
38 2
33 2
40 2
33 2
36 2
33 2
34 2
35 2
36 2
36 2
36 2
36 2
39 2
36 2
36 2
36 2
41 2
36 2
36 2
36 2
43 2
36 2
36 2
39 2
36 2
36 2
36 2
36 2
39 2
36 2
36 2
36 2
41 2
36 2
43 2
36 2
39 2
36 2
36 2
39 2
36 2
36 2
36 2
36 2
39 2
36 2
36 2
36 2
41 2
36 2
36 2
36 2
43 2
36 2
36 2
39 2
36 2
36 2
36 2
36 2
39 2
36 2
36 2
36 2
41 2
36 2
43 2
36 2
39 2
36 2
35 2
34 2
33 2
33 2
33 2
33 2
36 2
33 2
33 2
33 2
38 2
33 2
33 2
33 2
40 2
33 2
33 2
36 2
33 2
33 2
33 2
33 2
36 2
33 2
33 2
33 2
38 2
33 2
40 2
33 2
36 2
33 2
33 2
36 2
33 2
33 2
33 2
33 2
36 2
33 2
33 2
33 2
38 2
33 2
33 2
33 2
40 2
33 2
33 2
36 2
33 2
33 2
33 2
33 2
36 2
33 2
33 2
33 2
38 2
33 2
40 2
33 2
36 2
33 2
34 2
35 2
36 2
36 2
36 2
36 2
39 2
36 2
36 2
36 2
41 2
36 2
36 2
36 2
43 2
36 2
36 2
39 2
36 2
36 2
36 2
36 2
39 2
36 2
36 2
36 2
41 2
36 2
43 2
36 2
39 2
36 2
36 2
39 2
36 2
36 2
36 2
36 2
39 2
36 2
36 2
36 2
41 2
36 2
36 2
36 2
43 2
36 2
36 2
39 2
36 2
36 2
36 2
36 2
39 2
36 2
36 2
36 2
41 2
36 2
43 2
36 2
35 2
38 2
40 2
43 2
45 2
40 2
38 2
43 2
38 2
40 2
43 2
40 2
45 2
40 2
38 2
43 2
38 2
40 2
43 2
40 2
45 2
40 2
38 2
43 2
38 2
40 2
43 2
45 2
47 2
43 2
40 2
43 2
38 2
40 2
43 2
40 2
45 2
40 2
38 2
43 2
38 2
40 2
43 2
40 2
45 2
40 2
38 2
43 2
38 2
40 2
43 2
40 2
45 2
40 2
38 2
43 2
38 2
40 2
43 2
45 2
47 2
43 2
40 2
43 2
38 2
40 2
43 2
45 2
46 2
41 2
39 2
44 2
39 2
41 2
44 2
41 2
46 2
41 2
39 2
44 2
39 2
41 2
44 2
41 2
46 2
41 2
39 2
44 2
39 2
41 2
44 2
46 2
48 2
44 2
41 2
44 2
39 2
41 2
44 2
41 2
46 2
41 2
39 2
44 2
39 2
41 2
44 2
41 2
46 2
41 2
39 2
44 2
39 2
41 2
44 2
41 2
46 2
41 2
39 2
44 2
39 2
41 2
44 2
46 2
48 2
44 2
41 2
46 2
44 2
41 2
39 2
37 2
45 2
40 2
38 2
43 2
38 2
40 2
43 2
40 2
45 2
40 2
38 2
43 2
38 2
40 2
43 2
40 2
45 2
40 2
38 2
43 2
38 2
40 2
43 2
45 2
47 2
43 2
40 2
43 2
38 2
40 2
43 2
40 2
45 2
40 2
38 2
43 2
38 2
40 2
43 2
40 2
45 2
40 2
38 2
43 2
38 2
40 2
43 2
40 2
45 2
40 2
38 2
43 2
38 2
40 2
43 2
45 2
47 2
43 2
40 2
43 2
38 2
40 2
43 2
45 2
46 2
41 2
39 2
44 2
39 2
41 2
44 2
41 2
46 2
41 2
39 2
44 2
39 2
41 2
44 2
41 2
46 2
41 2
39 2
44 2
39 2
41 2
44 2
46 2
48 2
44 2
41 2
44 2
39 2
41 2
44 2
41 2
46 2
41 2
39 2
44 2
39 2
41 2
44 2
41 2
46 2
41 2
39 2
44 2
39 2
41 2
44 2
41 2
46 2
41 2
39 2
44 2
39 2
41 2
44 2
46 2
48 2
44 2
41 2
46 2
44 2
41 2
39 2
37 2
69 7
64 7
67 7
62 4
64 2
65 2
64 2
60 4
62 4
65 4
67 4
64 4
65 4
69 7
64 7
67 7
62 4
64 2
65 2
64 2
60 4
62 4
65 4
67 4
64 4
65 4
70 7
65 7
68 7
63 4
65 2
66 2
65 2
61 4
63 4
66 4
68 4
65 4
66 4
70 7
65 7
68 7
63 4
65 2
66 2
65 2
61 4
63 4
66 4
68 4
65 4
66 4
60 7
61 7
58 7
60 2
72 2
61 7
63 4
60 7
60 4
70 2
60 2
70 2
65 2
63 2
68 2
61 2
63 2
66 2
65 2
61 2
58 2
56 2
60 2
58 2
60 2
61 2
72 2
60 7
61 7
58 7
60 2
61 2
63 2
65 2
66 2
69 2
66 2
61 2
60 2
61 2
60 2
61 2
60 2
61 2
60 4
70 2
60 2
70 2
65 2
63 2
68 2
61 2
63 2
66 2
65 2
61 2
58 2
56 2
60 2
58 2
60 2
61 2
72 2
60 7
61 7
58 7
60 2
72 2
61 7
63 4
60 7
60 4
70 2
60 2
70 2
65 2
63 2
68 2
61 2
63 2
66 2
65 2
61 2
58 2
56 2
60 2
58 2
60 2
61 2
72 2
60 7
61 7
58 7
60 2
61 2
63 2
65 2
66 2
69 2
66 2
61 2
60 2
61 2
60 2
61 2
60 2
61 2
60 4
70 2
60 2
70 2
65 2
63 2
68 2
61 2
63 2
66 2
65 2
61 2
58 2
56 2
60 2
58 2
60 2
61 2
63 2
60 2
58 2
57 2
54 2
E
S
H
72 14
33 13
31 7
33 7
36 7
38 7
43 4
40 7
36 4
33 11
33 7
36 7
38 7
39 13
39 7
41 7
43 7
45 7
46 4
45 7
41 4
36 11
38 7
40 7
36 7
33 13
31 7
33 7
36 7
38 7
43 4
40 7
36 4
33 11
33 7
36 7
38 7
39 13
39 7
41 7
43 7
45 7
46 4
45 7
41 4
36 11
38 7
40 7
43 7
45 11
45 2
47 2
45 2
43 2
40 2
38 2
72 2
40 11
36 2
38 2
40 2
72 2
43 4
40 2
43 2
45 11
45 2
47 2
45 2
43 2
40 2
38 2
72 2
40 11
33 2
36 2
38 2
40 2
43 2
45 2
46 2
48 2
46 11
46 2
48 2
46 2
44 2
41 2
39 2
72 2
41 11
37 2
39 2
41 2
72 2
44 4
41 2
44 2
46 11
46 2
48 2
46 2
44 2
41 2
39 2
72 2
41 11
37 2
39 2
41 2
44 2
42 2
38 2
36 2
40 2
45 11
45 2
47 2
45 2
43 2
40 2
38 2
72 2
40 11
36 2
38 2
40 2
72 2
43 4
40 2
43 2
45 11
45 2
47 2
45 2
43 2
40 2
38 2
72 2
40 11
33 2
36 2
38 2
40 2
43 2
45 2
46 2
48 2
46 11
46 2
48 2
46 2
44 2
41 2
39 2
72 2
41 11
37 2
39 2
41 2
72 2
44 4
41 2
44 2
46 11
46 2
48 2
46 2
44 2
41 2
39 2
72 2
41 11
37 2
39 2
41 2
72 2
44 4
41 2
44 2
45 7
40 7
43 7
38 4
40 2
41 2
40 2
36 4
38 4
41 4
43 2
45 2
43 2
40 4
41 4
45 7
40 7
43 7
38 4
40 2
41 2
40 2
36 4
38 4
41 4
43 2
45 2
43 2
40 4
41 4
46 7
41 7
44 7
39 4
41 2
42 2
41 2
37 4
39 4
42 4
44 2
46 2
44 2
41 4
42 4
46 7
41 7
44 7
39 4
41 2
42 2
41 2
37 2
37 2
39 2
39 2
41 2
41 2
42 2
42 2
44 2
44 2
46 2
46 2
48 7
49 7
46 7
48 2
72 2
49 7
46 4
48 7
60 4
58 2
60 2
58 2
53 2
51 2
56 2
49 2
51 2
54 2
53 2
49 2
46 2
44 2
48 2
46 2
48 2
49 2
72 2
48 7
49 7
46 7
48 2
72 2
49 7
51 4
48 7
60 4
58 2
60 2
58 2
53 2
51 2
56 2
49 2
51 2
54 2
53 2
49 2
46 2
44 2
48 2
46 2
48 2
49 2
72 2
48 7
49 7
46 7
48 2
72 2
49 7
46 4
48 7
60 4
58 2
60 2
58 2
53 2
51 2
56 2
49 2
51 2
54 2
53 2
49 2
46 2
44 2
48 2
46 2
48 2
49 2
72 2
48 7
49 7
46 7
48 2
72 2
49 7
51 4
48 7
60 4
58 2
60 2
58 2
53 2
51 2
56 2
49 2
51 2
54 2
53 2
49 2
46 2
44 2
48 2
46 2
48 2
49 2
51 2
48 2
46 2
45 2
42 2
E
X
