major
S
H
72 11
43 11
72 11
45 11
72 11
43 11
72 11
41 11
72 11
36 9
72 11
31 11
72 11
39 9
38 3
72 11
40 7
35 7
72 11
43 11
72 11
45 11
72 11
43 11
72 11
41 11
72 11
36 9
72 11
31 11
72 11
39 9
38 3
72 11
40 7
35 7
72 11
43 11
72 11
45 11
72 11
43 11
72 11
41 11
72 11
36 9
72 11
31 11
72 13
72 11
E
S
H
72 9
36 11
72 9
42 7
42 9
72 9
36 11
72 9
36 7
40 4
38 7
72 9
33 4
34 7
33 7
72 9
29 11
72 9
34 11
72 9
36 7
36 9
72 9
36 11
72 9
42 7
42 9
72 9
36 11
72 9
36 7
40 4
38 7
72 9
33 4
34 7
33 7
72 9
29 11
72 9
34 11
72 9
36 7
36 9
72 9
36 11
72 9
42 7
42 9
72 9
36 11
72 9
36 7
40 4
38 7
72 9
33 4
34 7
33 7
72 9
29 11
72 7
32 9
72 4
34 7
72 9
38 4
72 3
40 10
65 11
67 11
65 11
67 11
64 10
72 2
66 10
72 2
64 10
72 2
66 10
72 2
65 11
67 11
65 11
67 11
64 10
72 2
66 10
72 2
64 10
72 2
66 10
72 2
65 4
64 4
62 4
60 4
62 9
57 4
58 7
57 7
58 7
52 7
55 4
59 4
57 12
61 4
62 4
64 12
E
S
H
72 7
35 12
72 7
40 11
40 7
72 7
35 11
33 4
72 7
34 11
72 4
34 4
72 7
31 11
31 4
72 7
28 12
72 7
32 12
72 7
31 11
31 4
72 7
35 12
72 7
40 11
40 7
72 7
35 11
33 4
72 7
34 11
72 4
34 4
72 7
31 11
31 4
72 7
28 12
72 7
32 12
72 7
31 11
31 4
72 7
35 12
72 7
40 11
40 7
72 7
35 11
33 4
72 7
34 11
72 4
34 4
72 7
31 11
31 4
72 7
28 12
72 4
27 9
72 4
29 9
72 7
31 7
72 2
38 10
72 4
60 4
59 4
60 4
72 4
60 4
59 4
60 4
72 4
60 4
59 4
60 4
72 4
60 4
59 4
60 4
60 11
62 11
60 11
62 11
72 4
60 4
59 4
60 4
72 4
60 4
59 4
60 4
72 4
60 4
59 4
60 4
72 4
60 4
59 4
60 4
60 11
62 11
60 11
62 11
58 12
53 4
55 7
53 7
55 7
50 7
53 4
55 4
53 12
55 4
59 4
61 12
E
S
L
72 4
28 12
72 4
33 12
36 4
72 4
28 12
72 4
29 12
72 4
26 12
72 4
24 12
72 4
27 12
72 4
28 12
72 4
28 12
72 4
33 12
36 4
72 4
28 12
72 4
29 12
72 4
26 12
72 4
24 12
72 4
27 12
72 4
28 12
72 4
28 12
72 4
33 12
36 4
72 4
28 12
72 4
29 12
72 4
26 12
72 4
24 12
72 11
22 9
22 4
72 4
28 9
31 10
72 14
57 11
59 11
55 11
57 11
72 14
57 11
59 11
55 11
57 11
53 12
E
S
H
21 13
26 13
21 13
22 13
19 13
17 12
17 4
20 12
22 4
24 13
21 13
26 13
21 13
22 13
19 13
17 12
17 4
20 12
22 4
24 13
21 13
26 13
21 13
22 13
19 13
17 12
19 4
20 9
20 11
24 11
24 11
72 4
48 7
41 7
50 7
43 7
48 7
41 7
50 7
43 7
52 7
45 7
54 7
47 7
55 7
48 7
54 7
47 7
48 7
45 7
50 7
47 7
48 7
45 7
50 7
47 7
52 7
48 7
54 7
50 7
55 7
52 7
54 7
52 4
53 4
52 4
50 4
48 4
46 9
45 4
43 7
45 7
46 7
50 7
48 4
47 4
48 12
49 4
50 4
52 12
E
S
H
72 14
40 7
33 7
43 9
72 1
36 5
38 7
72 0
38 2
72 0
40 3
33 11
72 2
40 7
33 7
43 8
72 1
36 4
38 4
72 1
40 5
38 2
72 0
36 2
72 0
38 9
40 5
72 0
41 6
36 7
45 8
72 1
41 4
43 4
72 1
40 6
72 0
38 2
40 2
36 8
72 3
36 4
39 4
72 1
36 6
72 0
34 2
36 3
31 9
72 1
29 4
72 0
31 13
72 2
40 7
33 7
43 9
72 1
36 5
38 7
72 0
38 2
72 0
40 3
33 11
72 2
40 7
33 7
43 8
72 1
36 4
38 4
72 1
40 5
38 2
72 0
36 2
72 0
38 9
40 5
72 0
41 6
36 7
45 8
72 1
41 4
43 4
72 1
40 6
72 0
38 2
40 2
36 8
72 3
36 4
39 4
72 1
36 6
72 0
34 2
36 3
31 9
72 1
34 4
72 0
36 13
41 7
53 7
43 7
55 7
41 7
53 7
43 7
55 7
45 7
57 7
47 7
59 7
48 7
60 7
47 7
59 7
45 7
53 7
47 7
55 7
45 7
53 7
47 7
55 7
48 7
57 7
50 7
59 7
52 7
60 7
50 7
59 7
50 4
48 4
46 4
45 4
43 9
41 4
39 7
41 7
43 7
46 7
45 4
43 4
45 12
45 4
47 4
49 12
E
X
