minor
S
H
806 4
72 4
806 4
72 4
806 4
72 4
806 4
72 4
806 4
72 4
806 4
72 4
806 4
72 4
806 4
72 4
64 2
72 6
64 2
72 6
64 2
72 6
64 2
72 6
64 2
72 6
64 2
72 6
64 2
72 6
64 2
72 6
806 4
72 4
806 4
72 4
806 4
72 4
806 4
72 4
806 4
72 4
806 4
72 4
806 4
72 4
806 4
72 4
59 2
60 2
59 2
58 2
59 2
58 2
57 2
58 2
57 2
55 2
57 2
55 2
59 2
60 2
59 2
58 2
59 2
58 2
57 2
58 2
57 2
55 2
57 2
55 2
59 2
60 2
59 2
58 2
59 2
58 2
57 2
58 2
57 2
55 2
57 2
55 2
54 2
55 2
54 2
52 2
54 2
52 2
51 2
52 2
51 2
47 2
48 2
47 2
801 11
72 1
511 8
72 0
1459 4
72 4
1459 4
72 4
1459 4
1315 4
1459 4
72 4
1459 4
1459 4
1602 4
72 4
1459 4
1459 4
1602 4
72 4
1459 4
72 4
1459 4
72 4
1459 4
1315 4
1459 4
72 4
1459 4
1459 4
1602 4
72 4
1459 4
1459 4
1602 4
72 4
166 4
166 4
127 4
72 14
166 4
166 4
127 4
72 14
1459 4
72 4
1459 4
72 4
1459 4
1315 4
1459 4
72 4
1459 4
1459 4
1602 4
72 4
1459 4
1459 4
1602 4
72 4
1459 4
72 4
1459 4
72 4
1459 4
1315 4
1459 4
72 4
1459 4
1459 4
1602 4
72 4
1459 4
1459 4
1602 4
72 4
166 4
166 4
127 4
72 14
166 4
166 4
127 4
72 14
166 6
72 2
153 6
72 2
179 6
72 13
166 6
72 2
166 6
72 2
153 6
72 13
166 6
72 2
153 6
72 2
179 6
72 13
166 6
72 2
166 6
72 2
153 6
72 13
1459 4
72 4
1459 4
72 4
1459 4
1315 4
1459 4
72 4
1459 4
1459 4
1602 4
72 4
1459 4
1459 4
1602 4
72 4
1459 4
72 4
1459 4
72 4
1459 4
1315 4
1459 4
72 4
1459 4
1459 4
1602 4
72 4
1459 4
1459 4
1602 4
72 4
166 4
166 4
127 4
72 14
166 4
166 4
127 4
72 14
38 4
39 4
37 4
39 4
38 4
39 4
37 4
72 4
38 4
41 4
38 4
38 4
38 4
39 4
37 4
72 4
38 4
39 4
37 4
39 4
38 4
39 4
37 4
72 4
38 4
41 4
38 4
38 4
38 4
39 4
37 4
72 4
38 4
39 4
37 4
39 4
38 4
39 4
37 4
72 4
38 4
41 4
38 4
38 4
38 4
39 4
37 4
72 4
38 4
39 4
37 4
39 4
38 4
39 4
37 4
72 4
38 4
41 4
38 4
38 4
38 4
39 4
37 4
72 4
38 4
39 4
37 4
39 4
38 4
39 4
37 4
72 4
38 4
41 4
38 4
38 4
38 4
39 4
37 4
72 4
38 4
39 4
37 4
39 4
38 4
39 4
37 4
72 4
38 4
41 4
38 4
38 4
38 4
39 4
37 4
72 4
166 4
166 4
127 4
72 14
166 4
166 4
127 4
E
S
L
52 2
72 2
52 2
72 2
52 2
72 2
52 2
72 2
52 2
72 2
52 2
72 2
52 2
72 2
52 2
72 2
52 2
72 2
52 2
72 2
52 2
72 2
52 2
72 2
52 2
72 2
52 2
72 2
52 2
72 2
52 2
72 2
51 4
52 2
72 2
53 2
52 2
51 2
72 2
52 4
51 2
72 2
54 4
52 2
72 2
51 4
52 2
72 2
53 2
52 2
51 2
72 2
52 4
51 2
72 2
54 4
52 2
72 2
52 2
72 2
52 2
72 2
52 2
72 2
52 2
72 2
52 2
72 2
52 2
72 2
52 2
72 2
52 2
72 2
52 2
72 2
52 2
72 2
52 2
72 2
52 2
72 2
52 2
72 2
52 2
72 2
52 2
72 2
52 2
72 14
52 11
72 1
50 8
72 14
34 4
34 4
34 4
34 4
34 4
34 4
34 4
34 4
34 4
34 4
34 4
34 4
34 4
34 4
34 4
34 4
34 4
34 4
34 4
34 4
34 4
34 4
34 4
34 4
34 4
34 4
34 4
34 4
34 4
34 4
34 4
34 4
34 4
34 4
34 4
34 4
34 4
34 4
34 4
34 4
34 4
34 4
34 4
34 4
34 4
34 4
34 4
34 4
34 4
34 4
34 4
34 4
34 4
34 4
34 4
34 4
34 4
34 4
34 4
34 4
34 4
34 4
34 4
34 4
E
S
L
21 6
72 2
26 6
72 2
21 6
72 2
26 6
72 2
21 6
72 2
26 6
72 2
21 6
72 2
26 6
72 14
21 6
72 2
26 6
72 2
21 6
72 2
26 6
72 2
21 6
72 2
26 6
72 2
21 6
72 2
26 6
72 2
21 6
72 2
26 6
72 2
21 6
72 2
26 6
72 2
21 6
72 2
26 6
72 2
21 6
72 2
21 3
21 3
21 3
72 13
21 6
72 2
26 6
72 2
21 6
72 2
26 6
72 2
21 6
72 2
26 6
72 2
21 6
72 2
26 6
72 2
21 6
72 2
26 6
72 2
21 6
72 2
26 6
72 2
21 6
72 2
26 6
72 2
21 6
72 2
26 6
72 2
218 4
218 4
218 12
72 6
127 4
218 4
72 11
218 4
218 4
218 12
72 6
127 4
218 4
72 11
21 6
72 2
26 6
72 2
21 6
72 2
26 6
72 2
21 6
72 2
26 6
72 2
21 6
72 2
26 6
72 2
21 6
72 2
26 6
72 2
21 6
72 2
26 6
72 2
21 6
72 2
26 6
72 2
21 6
72 2
26 6
72 2
218 4
218 4
218 10
72 2
127 3
127 3
127 3
127 13
72 2
218 4
218 4
218 10
72 2
127 3
127 3
127 3
127 10
72 10
127 2
127 2
17 6
72 2
24 6
72 2
17 6
72 2
24 6
72 2
17 6
72 2
24 6
72 2
17 6
72 2
24 6
72 2
17 6
72 2
24 6
72 2
17 6
72 2
24 6
72 2
17 6
72 2
24 6
72 2
17 6
72 2
24 6
72 2
17 6
72 2
24 6
72 2
17 6
72 2
24 6
72 2
17 6
72 2
24 6
72 2
17 6
72 2
24 6
72 2
17 6
72 2
24 6
72 2
17 6
72 2
24 6
72 2
17 6
72 2
24 6
72 2
17 6
72 2
24 6
72 2
21 6
72 2
26 6
72 2
21 6
72 2
26 6
72 2
21 6
72 2
26 6
72 2
21 6
72 2
26 6
72 2
21 6
72 2
26 6
72 2
21 6
72 2
26 6
72 2
21 6
72 2
26 6
72 2
21 6
72 2
26 6
72 2
218 4
218 4
218 10
72 2
127 3
127 3
127 3
127 13
72 2
218 4
218 4
218 10
72 8
127 10
72 11
218 6
72 2
127 6
72 2
218 6
72 2
127 6
72 2
218 6
72 2
127 6
72 2
218 6
72 2
127 6
72 2
218 6
72 2
127 6
72 2
218 6
72 2
127 6
72 2
218 6
72 2
127 6
72 2
218 6
72 2
127 4
127 2
127 2
218 6
72 2
127 6
72 2
218 6
72 2
127 6
72 2
218 6
72 2
127 6
72 2
218 6
72 2
127 6
72 2
218 6
72 2
127 6
72 2
218 6
72 2
127 6
72 2
218 6
72 2
127 6
72 2
218 6
72 2
127 4
127 2
127 2
218 6
72 2
127 6
72 2
218 6
72 2
127 6
72 2
218 6
72 2
127 6
72 2
218 6
72 2
127 6
72 2
218 6
72 2
127 6
72 2
218 6
72 2
127 6
72 2
218 6
72 2
127 6
72 2
218 6
72 2
127 4
127 2
127 2
E
S
L
242 6
72 2
242 6
72 2
242 6
72 2
242 6
72 2
242 6
72 2
242 6
72 2
242 6
72 2
242 6
72 14
242 6
72 2
242 6
72 2
242 6
72 2
242 6
72 2
242 6
72 2
242 6
72 2
242 6
72 2
242 6
72 2
242 6
72 2
242 6
72 2
242 6
72 2
242 6
72 2
242 6
72 2
242 6
72 2
242 6
72 2
242 6
72 2
242 13
72 2
242 13
72 14
242 12
72 13
242 12
72 13
242 13
72 14
242 12
72 13
242 12
72 13
242 13
72 14
242 13
72 8
242 6
72 8
242 6
72 13
242 6
72 8
242 6
72 8
242 12
72 8
242 12
72 8
242 12
72 14
16 4
16 2
16 2
16 4
16 0
72 1
16 0
72 0
16 0
16 0
72 2
16 2
16 2
16 4
16 4
16 2
16 2
16 4
16 2
16 2
16 0
16 0
72 2
16 0
72 0
16 0
72 1
16 4
16 2
16 2
16 4
16 4
16 2
16 2
16 4
16 2
16 2
16 4
16 0
72 1
16 0
72 0
16 0
16 0
72 2
16 2
16 2
16 4
16 4
16 2
16 2
16 4
16 2
16 2
16 0
16 0
72 2
16 0
72 0
16 0
72 1
16 4
16 2
16 2
16 4
16 4
16 2
16 2
72 7
242 12
72 13
242 12
E
S
H
72 14
63 0
64 3
72 1
69 4
63 0
64 3
72 1
69 4
63 0
64 3
72 1
69 4
63 0
64 3
72 1
69 4
63 0
64 3
72 1
69 4
63 0
64 3
72 1
69 4
63 0
64 3
72 1
69 4
63 0
64 3
72 1
69 4
72 14
59 2
60 2
59 2
58 2
59 2
58 2
57 2
58 2
57 2
55 2
57 2
55 2
59 2
60 2
59 2
58 2
59 2
58 2
57 2
58 2
57 2
55 2
57 2
55 2
59 2
60 2
59 2
58 2
59 2
58 2
57 2
58 2
57 2
55 2
57 2
55 2
54 2
55 2
54 2
52 2
54 2
52 2
51 2
52 2
51 2
47 2
48 2
47 2
28 0
34 0
72 2
40 0
72 0
46 0
72 1
52 0
72 1
46 0
72 0
40 0
46 0
72 2
52 0
46 0
72 2
40 0
72 0
46 0
72 1
52 0
72 1
46 0
72 0
52 0
58 0
72 2
52 0
58 0
72 2
64 0
72 0
70 0
72 1
64 0
72 1
70 0
72 0
64 0
70 0
72 2
64 0
70 0
72 2
64 0
72 0
70 0
72 1
64 0
72 1
58 0
72 0
52 0
46 0
72 14
211 4
211 2
224 2
103 2
221 2
211 2
67 2
211 12
72 13
211 4
211 2
224 2
103 2
221 2
211 2
67 2
211 12
72 14
50 6
72 2
45 6
72 2
41 6
72 2
38 10
72 14
214 2
72 2
214 2
72 2
214 2
72 2
214 2
72 2
214 2
72 2
189 2
72 2
189 2
72 2
228 2
72 2
228 2
72 2
214 6
72 2
189 2
72 2
228 2
E
S
L
153 2
72 2
153 2
72 2
153 2
72 2
153 2
72 2
153 2
72 2
153 2
72 2
153 2
72 2
153 2
72 2
153 2
72 2
153 2
72 2
153 2
72 2
153 2
72 2
153 2
72 2
153 2
72 2
153 2
72 2
153 2
72 14
153 2
72 2
153 2
72 2
153 2
72 2
153 2
72 2
153 2
72 2
153 2
72 2
153 2
72 2
153 2
72 2
153 2
72 2
153 2
72 2
153 2
72 2
153 2
72 2
153 2
72 2
153 2
72 2
153 2
72 2
153 2
72 2
153 2
72 2
153 2
72 2
153 2
72 2
153 2
72 2
153 2
72 2
153 2
72 2
153 2
72 2
153 2
72 2
153 2
72 2
153 2
72 2
153 2
72 2
153 2
72 2
153 2
72 2
153 2
72 2
153 2
72 2
153 2
72 2
801 11
72 1
511 8
72 0
218 4
127 4
127 4
127 4
127 4
127 4
127 4
127 4
127 4
127 4
114 4
231 4
218 4
127 4
114 4
231 4
218 4
127 4
127 4
127 4
127 4
127 4
127 4
127 4
127 4
127 4
114 4
231 4
218 4
127 4
114 4
231 4
166 4
140 4
127 4
72 14
166 4
140 4
127 4
72 14
218 4
127 4
127 4
127 4
127 4
127 4
127 4
127 4
127 4
127 4
114 4
231 4
218 4
127 4
114 4
231 4
218 4
127 4
127 4
127 4
127 4
127 4
127 4
127 4
127 4
127 4
114 4
231 4
218 4
127 4
114 4
231 4
166 4
140 4
127 4
72 14
166 4
140 4
127 4
72 14
231 4
231 4
231 4
231 4
231 4
231 4
231 4
231 4
231 4
231 4
231 4
231 4
231 4
231 4
231 4
231 4
231 4
231 4
231 4
231 4
231 4
231 4
231 4
231 4
231 4
231 4
231 4
231 4
231 4
231 4
231 4
231 4
231 4
231 4
231 4
231 4
231 4
231 4
231 4
231 4
231 4
231 4
231 4
231 4
231 4
231 4
231 4
231 4
231 4
231 4
231 4
231 4
231 4
231 4
231 4
231 4
231 4
231 4
231 4
231 4
231 4
231 4
231 4
231 4
218 4
127 4
127 4
127 4
127 4
127 4
127 4
127 4
127 4
127 4
114 4
231 4
218 4
127 4
114 4
231 4
218 4
127 4
127 4
127 4
127 4
127 4
127 4
127 4
127 4
127 4
114 4
231 4
218 4
127 4
114 4
231 4
166 4
140 4
127 4
72 7
101 4
72 4
244 4
72 4
218 4
72 4
192 4
72 4
166 6
72 2
153 4
166 4
140 4
127 4
231 4
231 4
231 4
231 4
231 4
101 4
101 4
114 4
114 4
127 4
127 4
140 4
140 4
153 2
72 2
153 2
72 2
153 2
72 2
153 2
72 2
153 2
72 2
153 2
72 2
153 2
72 2
153 2
72 2
153 2
72 2
153 2
72 2
153 2
72 2
153 2
72 2
153 2
72 2
153 2
72 2
153 2
72 2
153 2
72 2
153 2
72 2
153 2
72 2
153 2
72 2
153 2
72 2
153 2
72 2
153 2
72 2
153 2
72 2
153 2
72 2
153 2
72 2
153 2
72 2
153 2
72 2
153 2
72 2
153 2
72 2
153 2
72 2
153 2
72 2
153 2
72 2
153 2
72 2
153 2
72 2
153 2
72 2
153 2
72 2
153 2
72 2
153 2
72 2
153 2
72 2
153 2
72 2
153 2
72 2
153 2
72 2
153 2
72 2
153 2
72 2
153 2
72 2
153 2
72 2
153 2
72 2
153 2
72 2
153 2
72 2
153 2
72 2
153 2
72 2
153 2
72 2
153 2
72 2
153 2
72 2
153 2
72 2
153 2
72 2
153 2
72 2
153 2
72 2
153 2
72 2
153 2
72 2
153 2
72 2
153 2
72 2
153 2
72 2
153 2
72 2
153 2
72 2
153 2
72 2
153 2
72 2
153 2
72 2
153 2
72 2
153 2
72 2
153 2
72 2
153 2
72 2
153 2
72 2
153 2
72 2
153 2
72 2
153 2
72 2
153 2
72 2
153 2
72 2
153 2
72 2
153 2
72 2
153 2
72 2
153 2
72 2
153 2
72 2
153 2
72 2
153 2
72 2
153 2
72 2
153 2
72 2
153 2
72 2
153 2
72 2
153 2
72 2
153 2
72 2
153 2
72 2
153 2
72 2
153 2
72 2
153 2
72 2
153 2
72 2
166 4
140 4
127 4
E
S
H
72 14
52 2
59 2
67 2
62 2
57 2
64 2
70 2
67 2
52 2
59 2
67 2
62 2
57 2
64 2
70 2
67 2
52 2
59 2
67 2
62 2
57 2
64 2
70 2
67 2
52 2
59 2
67 2
62 2
57 2
64 2
70 2
67 2
72 14
415 13
72 13
415 13
E
S
L
72 14
1413 4
16 4
16 4
16 2
16 2
16 2
16 2
16 4
16 4
16 2
16 2
16 2
16 2
16 4
16 4
16 2
16 2
16 2
16 2
16 4
16 4
16 4
16 4
16 4
16 4
16 2
16 2
16 2
16 2
16 4
16 4
16 2
16 2
16 2
16 2
16 4
16 4
16 2
16 2
16 2
16 2
16 4
16 4
16 4
16 0
14 0
72 2
14 0
72 0
14 0
72 1
16 0
72 1
14 0
72 0
14 0
14 0
72 14
16 0
14 0
72 2
14 0
72 0
14 0
72 1
16 0
72 1
14 0
72 0
14 0
14 0
72 14
1413 4
16 4
16 4
16 2
16 2
16 2
16 2
16 4
16 4
16 2
16 2
16 2
16 2
16 4
16 4
16 2
16 2
16 2
16 2
16 4
16 4
16 4
16 4
16 4
16 4
16 2
16 2
16 2
16 2
16 4
16 4
16 2
16 2
16 2
16 2
16 4
16 4
16 2
16 2
16 2
16 2
16 4
16 4
16 4
16 0
14 0
72 2
14 0
72 0
14 0
72 1
16 0
72 1
14 0
72 0
14 0
14 0
72 14
16 0
14 0
72 2
14 0
72 0
14 0
72 1
16 0
72 1
14 0
72 0
14 0
14 0
72 14
1413 4
16 4
16 4
16 2
16 2
16 2
16 2
16 4
16 4
16 2
16 2
16 2
16 2
16 4
16 4
16 2
16 2
16 2
16 2
16 4
16 4
16 4
16 4
16 4
16 4
16 2
16 2
16 2
16 2
16 4
16 4
16 2
16 2
16 2
16 2
16 4
16 4
16 2
16 2
16 2
16 2
16 4
16 4
16 4
16 0
14 0
72 2
14 0
72 0
14 0
72 1
16 0
72 1
14 0
72 0
14 0
14 0
72 14
16 0
14 0
72 2
14 0
72 0
14 0
72 1
16 0
72 1
14 0
72 0
14 0
14 0
72 14
16 0
14 0
72 2
14 0
72 0
14 0
72 1
16 0
72 1
14 0
72 0
14 0
14 0
72 14
16 0
14 0
72 2
14 0
72 0
14 0
72 1
16 0
72 1
14 0
72 0
14 0
14 0
E
S
H
72 14
801 11
72 1
511 8
72 14
33 3
35 3
72 0
37 2
38 12
72 2
41 3
46 3
72 0
49 2
53 6
72 2
49 4
46 4
211 6
72 2
33 3
35 3
72 0
37 2
38 10
72 14
37 13
72 2
41 13
72 2
46 13
72 2
49 13
72 2
37 13
72 2
41 13
72 2
46 13
72 2
49 10
72 2
121 3
121 3
121 3
72 7
33 3
35 3
72 0
37 2
38 12
72 2
41 3
46 3
72 0
49 2
53 6
72 2
49 4
46 4
211 6
72 2
33 3
35 3
72 0
37 2
38 10
72 2
211 4
211 4
222 6
72 2
211 4
211 4
222 6
72 12
36 4
72 4
35 4
72 4
33 4
72 4
31 4
72 4
29 4
72 4
28 4
72 12
50 13
45 13
41 12
38 10
72 14
214 2
72 2
214 2
72 2
214 2
72 2
214 2
72 2
214 2
72 2
189 2
72 2
189 2
72 2
228 2
72 2
228 4
214 6
72 2
189 4
228 2
E
S
H
72 14
38 13
72 13
211 10
72 11
211 4
211 4
222 6
72 2
211 4
211 4
222 6
72 12
134 3
134 3
134 3
134 13
72 12
502 3
502 3
501 3
499 13
72 8
25 10
72 2
22 10
72 2
29 10
72 2
25 10
72 2
34 10
72 2
28 10
72 2
37 10
72 2
34 10
72 2
25 10
72 2
22 10
72 2
29 10
72 2
25 10
72 2
34 10
72 2
28 10
72 2
37 10
72 2
34 6
72 2
50 13
72 2
50 6
72 2
49 4
46 4
45 6
72 2
49 3
49 3
49 3
50 13
72 2
50 6
72 2
49 4
46 4
45 4
41 4
37 6
72 14
50 13
45 13
41 12
38 10
72 6
190 2
203 2
216 14
72 6
190 2
203 2
216 14
72 6
190 2
203 2
216 14
72 6
190 2
203 2
216 14
72 6
190 2
203 2
216 14
72 6
190 2
203 2
216 14
E
S
H
72 14
131 0
144 0
72 2
878 2
72 4
131 0
144 0
72 2
878 2
72 4
131 0
144 0
72 2
878 2
72 4
131 0
144 0
72 2
878 2
72 4
131 0
144 0
72 2
878 2
72 4
131 0
144 0
72 2
878 2
72 4
131 0
144 0
72 2
878 2
72 4
131 0
144 0
72 2
878 2
72 4
131 0
144 0
72 2
878 2
72 4
131 0
144 0
72 2
878 2
72 4
131 0
144 0
72 2
878 2
72 4
131 0
144 0
72 2
878 2
72 4
131 0
144 0
72 2
878 2
72 4
131 0
144 0
72 2
878 2
72 4
131 0
144 0
72 2
878 2
72 4
131 0
144 0
72 2
878 2
72 4
131 0
144 0
72 2
878 2
72 4
131 0
144 0
72 2
878 2
72 4
131 0
144 0
72 2
878 2
72 4
131 0
144 0
72 2
878 2
72 4
131 0
144 0
72 2
878 2
72 4
131 0
144 0
72 2
878 2
72 4
131 0
144 0
72 2
878 2
72 4
131 0
144 0
72 2
878 2
72 4
131 0
144 0
72 2
878 2
72 4
131 0
144 0
72 2
878 2
72 4
131 0
144 0
72 2
878 2
72 4
131 0
144 0
72 2
878 2
72 4
131 0
144 0
72 2
878 2
72 4
131 0
144 0
72 2
878 2
72 4
131 0
144 0
72 2
878 2
72 4
131 0
144 0
72 2
878 2
72 4
131 0
144 0
72 2
878 2
72 4
131 0
144 0
72 2
878 2
72 4
131 0
144 0
72 2
878 2
72 4
131 0
144 0
72 2
878 2
72 4
131 0
144 0
72 2
878 2
72 4
131 0
144 0
72 2
878 2
72 4
131 0
144 0
72 2
878 2
72 4
131 0
144 0
72 2
878 2
72 4
131 0
144 0
72 2
878 2
72 4
131 0
144 0
72 2
878 2
72 4
131 0
144 0
72 2
878 2
72 4
131 0
144 0
72 2
878 2
72 4
131 0
144 0
72 2
878 2
72 4
131 0
144 0
72 2
878 2
72 4
131 0
144 0
72 2
878 2
72 4
131 0
144 0
72 2
878 2
72 4
131 0
144 0
E
S
H
72 14
415 13
72 13
415 13
E
S
L
72 14
33 6
72 2
33 6
72 2
33 4
32 4
33 6
72 2
33 4
33 4
34 6
72 2
33 4
33 4
34 6
72 2
33 6
72 2
33 6
72 2
33 4
32 4
33 6
72 2
33 4
33 4
34 6
72 2
33 4
33 4
34 6
72 2
41 4
41 4
38 4
72 14
41 4
41 4
38 4
72 14
33 6
72 2
33 6
72 2
33 4
32 4
33 6
72 2
33 4
33 4
34 6
72 2
33 4
33 4
34 6
72 2
33 6
72 2
33 6
72 2
33 4
32 4
33 6
72 2
33 4
33 4
34 6
72 2
33 4
33 4
34 6
72 2
41 4
41 4
38 4
72 14
41 4
41 4
38 4
72 14
166 6
72 2
153 6
72 2
179 6
72 13
166 6
72 2
166 6
72 2
153 6
72 13
166 6
72 2
153 6
72 2
179 6
72 13
166 6
72 2
166 6
72 2
153 6
72 13
33 6
72 2
33 6
72 2
33 4
32 4
33 6
72 2
33 4
33 4
34 6
72 2
33 4
33 4
34 6
72 2
33 6
72 2
33 6
72 2
33 4
32 4
33 6
72 2
33 4
33 4
34 6
72 2
33 4
33 4
34 6
72 2
41 4
41 4
38 4
72 14
41 4
41 4
38 4
72 14
38 4
39 4
37 4
39 4
38 4
39 4
37 4
72 4
38 4
41 4
38 4
38 4
38 4
39 4
37 4
72 4
38 4
39 4
37 4
39 4
38 4
39 4
37 4
72 4
38 4
41 4
38 4
38 4
38 4
39 4
37 4
72 4
38 4
39 4
37 4
39 4
38 4
39 4
37 4
72 4
38 4
41 4
38 4
38 4
38 4
39 4
37 4
72 4
38 4
39 4
37 4
39 4
38 4
39 4
37 4
72 4
38 4
41 4
38 4
38 4
38 4
39 4
37 4
72 4
38 4
39 4
37 4
39 4
38 4
39 4
37 4
72 4
38 4
41 4
38 4
38 4
38 4
39 4
37 4
72 4
38 4
39 4
37 4
39 4
38 4
39 4
37 4
72 4
38 4
41 4
38 4
38 4
38 4
39 4
37 4
72 4
166 4
166 4
127 4
72 14
166 4
166 4
127 4
E
S
H
72 14
130 6
72 2
120 6
72 2
214 6
72 2
120 6
72 2
170 6
72 2
156 6
72 2
130 6
72 2
120 6
72 2
130 6
72 2
120 6
72 2
214 6
72 2
120 6
72 2
170 6
72 2
156 6
72 2
130 6
72 2
120 6
72 2
130 6
72 2
120 6
72 2
214 6
72 2
120 6
72 2
170 6
72 2
156 6
72 2
130 6
72 2
120 6
72 2
130 6
72 2
120 6
72 2
214 6
72 2
120 6
72 2
170 6
72 2
156 6
72 2
130 6
72 2
120 6
E
X
