minor
S
H
52 13
50 11
53 13
52 11
52 13
50 11
53 13
52 11
52 13
50 11
48 11
48 11
47 11
52 13
50 11
48 11
48 11
47 11
48 9
48 2
50 2
52 6
50 6
48 4
50 11
47 11
48 9
48 2
50 2
52 6
50 6
48 4
50 13
47 13
72 11
52 13
50 11
48 11
48 11
47 11
52 13
50 11
48 11
48 11
47 11
48 9
48 2
50 2
52 6
50 6
48 4
50 11
47 11
48 9
48 2
50 2
52 6
50 6
48 4
50 13
47 13
72 11
48 11
47 11
48 13
48 11
47 11
48 13
50 13
52 13
52 13
50 11
53 13
52 11
52 13
50 11
53 13
52 11
52 13
50 11
48 11
48 11
47 11
52 13
50 11
48 11
48 11
47 11
48 9
48 2
50 2
52 6
50 6
48 4
50 11
47 11
48 9
48 2
50 2
52 6
50 6
48 4
50 13
47 13
72 11
52 13
50 11
48 11
48 11
47 11
52 13
50 11
48 11
48 11
47 11
48 9
48 2
50 2
52 6
50 6
48 4
50 11
47 11
48 9
48 2
50 2
52 6
50 6
48 4
50 13
47 13
72 11
48 11
47 11
48 13
48 11
47 11
48 13
50 13
52 13
E
S
H
45 2
45 2
45 2
72 2
45 2
45 2
45 2
72 2
45 2
45 2
45 2
72 2
45 2
45 2
45 2
72 2
45 2
45 2
45 2
72 2
45 2
45 2
45 2
72 2
45 2
45 2
45 2
72 2
45 2
45 2
45 2
72 2
45 2
45 2
45 2
72 2
45 2
45 2
45 2
72 2
45 2
45 2
45 2
72 2
45 2
45 2
45 2
72 2
45 2
45 2
45 2
72 2
45 2
45 2
45 2
72 2
45 2
45 2
45 2
72 2
45 2
45 2
45 2
72 2
45 2
45 2
45 2
72 2
45 2
45 2
45 2
72 2
45 2
45 2
45 2
72 2
45 2
45 2
45 2
72 2
45 2
45 2
45 2
72 2
45 2
45 2
45 2
72 2
45 2
45 2
45 2
72 2
45 2
45 2
45 2
72 2
45 2
45 2
45 2
72 2
45 2
45 2
45 2
72 2
45 2
45 2
45 2
72 2
45 2
45 2
45 2
72 2
45 2
45 2
45 2
72 2
45 2
45 2
45 2
72 2
45 2
45 2
45 2
72 2
45 2
45 2
45 2
72 2
45 2
45 2
45 2
72 2
45 2
45 2
45 2
72 2
45 2
45 2
45 2
72 2
45 2
45 2
45 2
72 2
43 2
43 2
43 2
72 2
43 2
43 2
43 2
72 2
41 2
41 2
41 2
72 2
41 2
41 2
41 2
72 2
41 2
41 2
41 2
72 2
41 2
41 2
41 2
72 2
40 2
40 2
40 2
72 2
40 2
40 2
40 2
72 2
45 2
45 2
45 2
72 2
45 2
45 2
45 2
72 2
45 2
45 2
45 2
72 2
45 2
45 2
45 2
72 2
43 2
43 2
43 2
72 2
43 2
43 2
43 2
72 2
41 2
41 2
41 2
72 2
41 2
41 2
41 2
72 2
41 2
41 2
41 2
72 2
41 2
41 2
41 2
72 2
40 2
40 2
40 2
72 2
40 2
40 2
40 2
72 14
45 2
45 2
45 2
72 2
45 2
45 2
45 2
72 2
45 2
45 2
45 2
72 2
45 2
45 2
45 2
72 2
43 2
43 2
43 2
72 2
43 2
43 2
43 2
72 2
41 2
41 2
41 2
72 2
41 2
41 2
41 2
72 2
41 2
41 2
41 2
72 2
41 2
41 2
41 2
72 2
40 2
40 2
40 2
72 2
40 2
40 2
40 2
72 2
45 2
45 2
45 2
72 2
45 2
45 2
45 2
72 2
45 2
45 2
45 2
72 2
45 2
45 2
45 2
72 2
43 2
43 2
43 2
72 2
43 2
43 2
43 2
72 2
41 2
41 2
41 2
72 2
41 2
41 2
41 2
72 2
41 2
41 2
41 2
72 2
41 2
41 2
41 2
72 2
40 2
40 2
40 2
72 2
40 2
40 2
40 2
72 14
45 2
45 2
45 2
72 2
45 2
45 2
45 2
72 2
45 2
45 2
45 2
72 2
45 2
45 2
45 2
72 2
45 2
45 2
45 2
72 2
45 2
45 2
45 2
72 2
45 2
45 2
45 2
72 2
45 2
45 2
45 2
72 2
45 2
45 2
45 2
72 2
45 2
45 2
45 2
72 2
45 2
45 2
45 2
72 2
45 2
45 2
45 2
72 2
45 2
45 2
45 2
72 2
45 2
45 2
45 2
72 2
45 2
45 2
45 2
72 2
45 2
45 2
45 2
72 2
45 2
45 2
45 2
72 2
45 2
45 2
45 2
72 2
45 2
45 2
45 2
72 2
45 2
45 2
45 2
72 2
45 2
45 2
45 2
72 2
45 2
45 2
45 2
72 2
45 2
45 2
45 2
72 2
45 2
45 2
45 2
72 2
45 2
45 2
45 2
72 2
45 2
45 2
45 2
72 2
45 2
45 2
45 2
72 2
45 2
45 2
45 2
72 2
45 2
45 2
45 2
72 2
45 2
45 2
45 2
72 2
45 2
45 2
45 2
72 2
45 2
45 2
45 2
72 2
45 2
45 2
45 2
72 2
45 2
45 2
45 2
72 2
45 2
45 2
45 2
72 2
45 2
45 2
45 2
72 2
43 2
43 2
43 2
72 2
43 2
43 2
43 2
72 2
41 2
41 2
41 2
72 2
41 2
41 2
41 2
72 2
41 2
41 2
41 2
72 2
41 2
41 2
41 2
72 2
40 2
40 2
40 2
72 2
40 2
40 2
40 2
72 2
45 2
45 2
45 2
72 2
45 2
45 2
45 2
72 2
45 2
45 2
45 2
72 2
45 2
45 2
45 2
72 2
43 2
43 2
43 2
72 2
43 2
43 2
43 2
72 2
41 2
41 2
41 2
72 2
41 2
41 2
41 2
72 2
41 2
41 2
41 2
72 2
41 2
41 2
41 2
72 2
40 2
40 2
40 2
72 2
40 2
40 2
40 2
72 14
45 2
45 2
45 2
72 2
45 2
45 2
45 2
72 2
45 2
45 2
45 2
72 2
45 2
45 2
45 2
72 2
43 2
43 2
43 2
72 2
43 2
43 2
43 2
72 2
41 2
41 2
41 2
72 2
41 2
41 2
41 2
72 2
41 2
41 2
41 2
72 2
41 2
41 2
41 2
72 2
40 2
40 2
40 2
72 2
40 2
40 2
40 2
72 2
45 2
45 2
45 2
72 2
45 2
45 2
45 2
72 2
45 2
45 2
45 2
72 2
45 2
45 2
45 2
72 2
43 2
43 2
43 2
72 2
43 2
43 2
43 2
72 2
41 2
41 2
41 2
72 2
41 2
41 2
41 2
72 2
41 2
41 2
41 2
72 2
41 2
41 2
41 2
72 2
40 2
40 2
40 2
72 2
40 2
40 2
40 2
E
S
H
45 2
40 2
45 2
40 2
45 2
48 2
45 2
48 2
52 2
45 2
47 2
48 2
50 2
43 2
45 2
47 2
55 2
59 2
53 2
57 2
52 2
55 2
50 2
53 2
48 2
52 2
47 2
50 2
45 2
48 2
43 2
47 2
45 2
40 2
45 2
40 2
45 2
40 2
45 2
40 2
45 2
40 2
45 2
40 2
45 2
40 2
45 2
40 2
45 2
40 2
45 2
40 2
45 2
40 2
45 2
40 2
52 2
50 2
48 2
47 2
45 2
44 2
42 2
40 2
45 2
40 2
45 2
40 2
45 2
48 2
45 2
48 2
52 2
45 2
47 2
48 2
50 2
43 2
45 2
47 2
55 2
59 2
53 2
57 2
52 2
55 2
50 2
53 2
48 2
52 2
47 2
50 2
45 2
48 2
43 2
47 2
45 2
40 2
45 2
40 2
45 2
40 2
45 2
40 2
45 2
40 2
45 2
40 2
45 2
40 2
45 2
40 2
45 2
40 2
45 2
40 2
45 2
40 2
45 2
40 2
52 2
50 2
48 2
47 2
45 2
44 2
42 2
40 2
72 14
45 2
40 2
45 2
40 2
45 2
48 2
45 2
48 2
52 2
45 2
47 2
48 2
50 2
43 2
45 2
47 2
55 2
59 2
53 2
57 2
52 2
55 2
50 2
53 2
48 2
52 2
47 2
50 2
45 2
48 2
43 2
47 2
45 2
40 2
45 2
40 2
45 2
40 2
45 2
40 2
45 2
40 2
45 2
40 2
45 2
40 2
45 2
40 2
45 2
40 2
45 2
40 2
45 2
40 2
45 2
40 2
52 2
50 2
48 2
47 2
45 2
44 2
42 2
40 2
45 2
40 2
45 2
40 2
45 2
48 2
45 2
48 2
52 2
45 2
47 2
48 2
50 2
43 2
45 2
47 2
55 2
59 2
53 2
57 2
52 2
55 2
50 2
53 2
48 2
52 2
47 2
50 2
45 2
48 2
43 2
47 2
45 2
40 2
45 2
40 2
45 2
40 2
45 2
40 2
45 2
40 2
45 2
40 2
45 2
40 2
45 2
40 2
45 2
40 2
45 2
40 2
45 2
40 2
45 2
40 2
52 2
50 2
48 2
47 2
45 2
44 2
42 2
40 2
E
S
L
21 4
16 4
21 4
16 4
21 4
16 4
21 4
16 4
21 4
16 4
21 4
16 4
21 4
16 4
21 4
16 4
21 4
16 4
21 4
16 4
21 4
16 4
21 4
16 4
21 4
16 4
21 4
16 4
21 4
16 4
21 4
16 4
21 4
16 4
21 4
16 4
21 4
16 4
21 4
16 4
21 4
16 4
21 4
16 4
21 4
16 4
21 4
16 4
21 4
16 4
21 4
16 4
21 4
16 4
21 4
16 4
21 4
16 4
21 4
16 4
21 4
16 4
21 4
16 4
21 4
16 4
21 4
16 4
21 4
16 4
21 4
16 4
21 4
16 4
21 4
16 4
19 4
14 4
19 4
14 4
17 4
12 4
17 4
12 4
16 4
11 4
16 4
11 4
21 4
16 4
21 4
16 4
21 4
16 4
21 4
16 4
21 4
16 4
21 4
16 4
19 4
14 4
19 4
14 4
17 4
12 4
17 4
12 4
16 4
11 4
16 4
11 4
17 6
12 6
17 4
17 11
16 6
11 6
16 4
16 11
17 6
12 6
17 4
17 11
19 6
14 6
19 4
19 11
16 4
11 4
16 4
11 4
16 4
11 4
16 4
11 4
16 4
11 4
16 4
11 4
16 4
11 4
16 4
11 4
21 4
16 4
21 4
16 4
21 4
16 4
21 4
16 4
21 4
16 4
21 4
16 4
19 4
14 4
19 4
14 4
17 4
12 4
17 4
12 4
16 4
11 4
16 4
11 4
21 4
16 4
21 4
16 4
21 4
16 4
21 4
16 4
21 4
16 4
21 4
16 4
19 4
14 4
19 4
14 4
17 4
12 4
17 4
12 4
16 4
11 4
16 4
11 4
17 6
12 6
17 4
17 11
16 6
11 6
16 4
16 11
17 6
12 6
17 4
17 11
19 6
14 6
19 4
19 11
16 4
11 4
16 4
11 4
16 4
11 4
16 4
11 4
16 4
11 4
16 4
11 4
16 4
11 4
16 4
11 4
17 6
17 6
17 4
16 6
16 6
16 4
17 6
17 6
17 4
17 11
17 6
17 6
17 4
16 6
16 6
16 4
17 6
17 6
17 4
17 11
19 4
14 4
19 4
14 4
19 4
14 4
19 4
14 4
21 4
16 4
21 4
16 4
21 4
16 4
21 4
16 4
21 4
16 4
21 4
16 4
21 4
16 4
21 4
16 4
21 4
16 4
21 4
16 4
21 4
16 4
21 4
16 4
21 4
16 4
21 4
16 4
21 4
16 4
21 4
16 4
21 4
16 4
21 4
16 4
21 4
16 4
21 4
16 4
21 4
16 4
21 4
16 4
21 4
16 4
21 4
16 4
21 4
16 4
21 4
16 4
21 4
16 4
21 4
16 4
21 4
16 4
21 4
16 4
21 4
16 4
21 4
16 4
21 4
16 4
21 4
16 4
21 4
16 4
21 4
16 4
21 4
16 4
21 4
16 4
21 4
16 4
21 4
16 4
21 4
16 4
21 4
16 4
19 4
14 4
19 4
14 4
17 4
12 4
17 4
12 4
16 4
11 4
16 4
11 4
21 4
16 4
21 4
16 4
21 4
16 4
21 4
16 4
21 4
16 4
21 4
16 4
19 4
14 4
19 4
14 4
17 4
12 4
17 4
12 4
16 4
11 4
16 4
11 4
17 6
12 6
17 4
17 11
16 6
11 6
16 4
16 11
17 6
12 6
17 4
17 11
19 6
14 6
19 4
19 11
16 4
11 4
16 4
11 4
16 4
11 4
16 4
11 4
16 4
11 4
16 4
11 4
16 4
11 4
16 4
11 4
21 4
16 4
21 4
16 4
21 4
16 4
21 4
16 4
21 4
16 4
21 4
16 4
19 4
14 4
19 4
14 4
17 4
12 4
17 4
12 4
16 4
11 4
16 4
11 4
21 4
16 4
21 4
16 4
21 4
16 4
21 4
16 4
21 4
16 4
21 4
16 4
19 4
14 4
19 4
14 4
17 4
12 4
17 4
12 4
16 4
11 4
16 4
11 4
17 6
12 6
17 4
17 11
16 6
11 6
16 4
16 11
17 6
12 6
17 4
17 11
19 6
14 6
19 4
19 11
16 4
11 4
16 4
11 4
16 4
11 4
16 4
11 4
16 4
11 4
16 4
11 4
16 4
11 4
16 4
11 4
17 6
17 6
17 4
16 6
16 6
16 4
17 6
17 6
17 4
17 11
17 6
17 6
17 4
16 6
16 6
16 4
17 6
17 6
17 4
17 11
19 4
14 4
19 4
14 4
19 4
14 4
19 4
14 4
21 4
16 4
21 4
16 4
21 4
16 4
21 4
16 4
E
S
L
72 12
16 2
16 2
16 2
16 2
72 14
16 2
16 2
16 2
16 2
72 14
16 2
16 2
16 2
16 2
72 14
16 2
16 2
16 2
16 2
72 14
16 2
16 2
16 2
16 2
72 14
16 2
16 2
16 2
16 2
72 14
16 2
16 2
16 2
16 2
72 14
16 2
16 2
16 2
16 2
E
S
L
72 13
33 13
72 13
33 13
72 13
33 13
72 13
33 13
213 4
16 4
16 4
16 2
16 2
16 2
16 2
16 2
16 2
16 4
16 2
16 2
16 4
16 2
16 2
16 4
16 4
16 4
16 4
16 2
16 2
16 2
16 2
16 4
16 4
16 2
16 2
16 2
16 2
16 4
16 2
16 2
16 2
16 2
16 4
213 4
16 4
16 4
16 2
16 2
16 2
16 2
16 2
16 2
16 4
16 2
16 2
16 4
16 2
16 2
16 4
16 4
16 4
16 4
16 2
16 2
16 2
16 2
16 4
16 4
16 2
16 2
16 2
16 2
16 4
16 2
16 2
16 2
16 2
16 4
72 14
16 4
16 4
16 4
16 2
16 2
16 2
16 2
16 2
16 2
16 4
16 2
16 2
213 4
16 4
16 4
16 2
16 2
16 2
16 2
16 2
16 2
16 4
16 2
16 2
16 4
16 2
16 2
16 4
16 4
16 4
16 4
16 2
16 2
16 2
16 2
16 4
16 4
16 2
16 2
16 2
16 2
16 4
16 2
16 2
16 2
16 2
16 4
213 4
16 4
16 4
16 2
16 2
16 2
16 2
16 2
16 2
16 4
16 2
16 2
16 4
16 2
16 2
16 4
16 4
16 4
16 4
16 2
16 2
16 2
16 2
16 4
16 4
16 2
16 2
16 2
16 2
16 4
16 2
16 2
16 2
16 2
16 4
72 14
16 4
16 4
16 4
16 2
16 2
16 2
16 2
16 2
16 2
16 4
16 2
16 2
213 4
16 4
16 4
16 2
16 2
16 2
16 2
16 2
16 2
16 4
16 2
16 2
16 4
16 2
16 2
16 4
16 4
16 4
16 4
16 2
16 2
16 2
16 2
16 4
16 4
16 2
16 2
16 2
16 2
16 4
16 2
16 2
16 2
16 2
16 4
213 4
16 4
16 4
16 2
16 2
16 2
16 2
16 2
16 2
16 4
16 2
16 2
16 4
16 2
16 2
16 4
16 4
16 4
16 4
16 2
16 2
16 2
16 2
16 4
16 4
16 2
16 2
16 2
16 2
16 4
16 2
16 2
16 2
16 2
16 4
72 13
33 13
72 13
33 13
72 13
33 13
72 13
33 13
213 4
16 4
16 4
16 2
16 2
16 2
16 2
16 2
16 2
16 4
16 2
16 2
16 4
16 2
16 2
16 4
16 4
16 4
16 4
16 2
16 2
16 2
16 2
16 4
16 4
16 2
16 2
16 2
16 2
16 4
16 2
16 2
16 2
16 2
16 4
213 4
16 4
16 4
16 2
16 2
16 2
16 2
16 2
16 2
16 4
16 2
16 2
16 4
16 2
16 2
16 4
16 4
16 4
16 4
16 2
16 2
16 2
16 2
16 4
16 4
16 2
16 2
16 2
16 2
16 4
16 2
16 2
16 2
16 2
16 4
72 14
16 4
16 4
16 4
16 2
16 2
16 2
16 2
16 2
16 2
16 4
16 2
16 2
213 4
16 4
16 4
16 2
16 2
16 2
16 2
16 2
16 2
16 4
16 2
16 2
16 4
16 2
16 2
16 4
16 4
16 4
16 4
16 2
16 2
16 2
16 2
16 4
16 4
16 2
16 2
16 2
16 2
16 4
16 2
16 2
16 2
16 2
16 4
213 4
16 4
16 4
16 2
16 2
16 2
16 2
16 2
16 2
16 4
16 2
16 2
16 4
16 2
16 2
16 4
16 4
16 4
16 4
16 2
16 2
16 2
16 2
16 4
16 4
16 2
16 2
16 2
16 2
16 4
16 2
16 2
16 2
16 2
16 4
72 14
16 4
16 4
16 4
16 2
16 2
16 2
16 2
16 2
16 2
16 4
16 2
16 2
213 4
16 4
16 4
16 2
16 2
16 2
16 2
16 2
16 2
16 4
16 2
16 2
16 4
16 2
16 2
16 4
16 4
16 4
16 4
16 2
16 2
16 2
16 2
16 4
16 4
16 2
16 2
16 2
16 2
16 4
16 2
16 2
16 2
16 2
16 4
213 4
16 4
16 4
16 2
16 2
16 2
16 2
16 2
16 2
16 4
16 2
16 2
16 4
16 2
16 2
16 4
16 4
16 4
16 4
16 2
16 2
16 2
16 2
16 4
16 4
16 2
16 2
16 2
16 2
16 4
16 2
16 2
16 2
16 2
16 4
E
S
H
72 14
45 9
40 4
52 4
50 4
48 4
47 4
45 9
47 2
48 2
50 6
48 6
47 4
45 11
44 11
45 9
40 4
52 4
50 4
48 4
47 4
45 9
47 2
48 2
50 6
48 6
47 4
45 11
44 11
72 14
47 2
48 2
47 2
48 2
50 2
48 2
47 2
48 2
47 2
48 2
47 2
48 2
50 2
48 2
47 2
48 2
52 2
53 2
52 2
50 2
52 2
53 2
52 2
50 2
52 2
53 2
52 2
50 2
52 2
53 2
52 2
50 2
45 9
40 4
52 4
50 4
48 4
47 4
45 9
47 2
48 2
50 6
48 6
47 4
45 11
44 11
45 9
40 4
52 4
50 4
48 4
47 4
45 9
47 2
48 2
50 6
48 6
47 4
45 11
44 11
72 14
47 2
48 2
47 2
48 2
50 2
48 2
47 2
48 2
47 2
48 2
47 2
48 2
50 2
48 2
47 2
48 2
52 2
53 2
52 2
50 2
52 2
53 2
52 2
50 2
52 2
53 2
52 2
50 2
52 2
53 2
52 2
50 2
48 9
47 2
45 2
44 6
45 6
47 4
50 4
48 7
47 4
48 11
48 9
47 2
45 2
44 6
45 6
47 4
50 4
48 7
47 4
48 11
50 9
45 4
45 11
52 9
47 4
47 11
72 14
45 9
40 4
52 4
50 4
48 4
47 4
45 9
47 2
48 2
50 6
48 6
47 4
45 11
44 11
45 9
40 4
52 4
50 4
48 4
47 4
45 9
47 2
48 2
50 6
48 6
47 4
45 11
44 11
72 14
47 2
48 2
47 2
48 2
50 2
48 2
47 2
48 2
47 2
48 2
47 2
48 2
50 2
48 2
47 2
48 2
52 2
53 2
52 2
50 2
52 2
53 2
52 2
50 2
52 2
53 2
52 2
50 2
52 2
53 2
52 2
50 2
45 9
40 4
52 4
50 4
48 4
47 4
45 9
47 2
48 2
50 6
48 6
47 4
45 11
44 11
45 9
40 4
52 4
50 4
48 4
47 4
45 9
47 2
48 2
50 6
48 6
47 4
45 11
44 11
72 14
47 2
48 2
47 2
48 2
50 2
48 2
47 2
48 2
47 2
48 2
47 2
48 2
50 2
48 2
47 2
48 2
52 2
53 2
52 2
50 2
52 2
53 2
52 2
50 2
52 2
53 2
52 2
50 2
52 2
53 2
52 2
50 2
48 9
47 2
45 2
44 6
45 6
47 4
50 4
48 7
47 4
48 11
48 9
47 2
45 2
44 6
45 6
47 4
50 4
48 7
47 4
48 11
50 9
45 4
45 11
52 9
47 4
47 11
E
S
L
21 4
16 4
21 4
16 4
21 4
16 4
21 4
16 4
21 4
16 4
21 4
16 4
21 4
16 4
21 4
16 4
21 4
16 4
21 4
16 4
21 4
16 4
21 4
16 4
21 4
16 4
21 4
16 4
21 4
16 4
21 4
16 4
21 4
16 4
21 4
16 4
21 4
16 4
21 4
16 4
21 4
16 4
21 4
16 4
21 4
16 4
21 4
16 4
21 4
16 4
21 4
16 4
21 4
16 4
21 4
16 4
21 4
16 4
21 4
16 4
21 4
16 4
21 4
16 4
21 4
16 4
21 4
16 4
21 4
16 4
21 4
16 4
21 4
16 4
21 4
16 4
19 4
14 4
19 4
14 4
17 4
12 4
17 4
12 4
16 4
11 4
16 4
11 4
21 4
16 4
21 4
16 4
21 4
16 4
21 4
16 4
21 4
16 4
21 4
16 4
19 4
14 4
19 4
14 4
17 4
12 4
17 4
12 4
16 4
11 4
16 4
11 4
17 6
12 6
17 4
17 11
16 6
11 6
16 4
16 11
17 6
12 6
17 4
17 11
19 6
14 6
19 4
19 11
16 4
11 4
16 4
11 4
16 4
11 4
16 4
11 4
16 4
11 4
16 4
11 4
16 4
11 4
16 4
11 4
21 4
16 4
21 4
16 4
21 4
16 4
21 4
16 4
21 4
16 4
21 4
16 4
19 4
14 4
19 4
14 4
17 4
12 4
17 4
12 4
16 4
11 4
16 4
11 4
21 4
16 4
21 4
16 4
21 4
16 4
21 4
16 4
21 4
16 4
21 4
16 4
19 4
14 4
19 4
14 4
17 4
12 4
17 4
12 4
16 4
11 4
16 4
11 4
17 6
12 6
17 4
17 11
16 6
11 6
16 4
16 11
17 6
12 6
17 4
17 11
19 6
14 6
19 4
19 11
16 4
11 4
16 4
11 4
16 4
11 4
16 4
11 4
16 4
11 4
16 4
11 4
16 4
11 4
16 4
11 4
17 6
17 6
17 4
16 6
16 6
16 4
17 6
17 6
17 4
17 11
17 6
17 6
17 4
16 6
16 6
16 4
17 6
17 6
17 4
17 11
19 4
14 4
19 4
14 4
19 4
14 4
19 4
14 4
21 4
16 4
21 4
16 4
21 4
16 4
21 4
16 4
21 4
16 4
21 4
16 4
21 4
16 4
21 4
16 4
21 4
16 4
21 4
16 4
21 4
16 4
21 4
16 4
21 4
16 4
21 4
16 4
21 4
16 4
21 4
16 4
21 4
16 4
21 4
16 4
21 4
16 4
21 4
16 4
21 4
16 4
21 4
16 4
21 4
16 4
21 4
16 4
21 4
16 4
21 4
16 4
21 4
16 4
21 4
16 4
21 4
16 4
21 4
16 4
21 4
16 4
21 4
16 4
21 4
16 4
21 4
16 4
21 4
16 4
21 4
16 4
21 4
16 4
21 4
16 4
21 4
16 4
21 4
16 4
21 4
16 4
21 4
16 4
19 4
14 4
19 4
14 4
17 4
12 4
17 4
12 4
16 4
11 4
16 4
11 4
21 4
16 4
21 4
16 4
21 4
16 4
21 4
16 4
21 4
16 4
21 4
16 4
19 4
14 4
19 4
14 4
17 4
12 4
17 4
12 4
16 4
11 4
16 4
11 4
17 6
12 6
17 4
17 11
16 6
11 6
16 4
16 11
17 6
12 6
17 4
17 11
19 6
14 6
19 4
19 11
16 4
11 4
16 4
11 4
16 4
11 4
16 4
11 4
16 4
11 4
16 4
11 4
16 4
11 4
16 4
11 4
21 4
16 4
21 4
16 4
21 4
16 4
21 4
16 4
21 4
16 4
21 4
16 4
19 4
14 4
19 4
14 4
17 4
12 4
17 4
12 4
16 4
11 4
16 4
11 4
21 4
16 4
21 4
16 4
21 4
16 4
21 4
16 4
21 4
16 4
21 4
16 4
19 4
14 4
19 4
14 4
17 4
12 4
17 4
12 4
16 4
11 4
16 4
11 4
17 6
12 6
17 4
17 11
16 6
11 6
16 4
16 11
17 6
12 6
17 4
17 11
19 6
14 6
19 4
19 11
16 4
11 4
16 4
11 4
16 4
11 4
16 4
11 4
16 4
11 4
16 4
11 4
16 4
11 4
16 4
11 4
17 6
17 6
17 4
16 6
16 6
16 4
17 6
17 6
17 4
17 11
17 6
17 6
17 4
16 6
16 6
16 4
17 6
17 6
17 4
17 11
19 4
14 4
19 4
14 4
19 4
14 4
19 4
14 4
21 4
16 4
21 4
16 4
21 4
16 4
21 4
16 4
E
S
L
21 4
16 4
21 4
16 4
21 4
16 4
21 4
16 4
21 4
16 4
21 4
16 4
21 4
16 4
21 4
16 4
21 4
16 4
21 4
16 4
21 4
16 4
21 4
16 4
21 4
16 4
21 4
16 4
21 4
16 4
21 4
16 4
21 4
16 4
21 4
16 4
21 4
16 4
21 4
16 4
21 4
16 4
21 4
16 4
21 4
16 4
21 4
16 4
21 4
16 4
21 4
16 4
21 4
16 4
21 4
16 4
21 4
16 4
21 4
16 4
21 4
16 4
21 4
16 4
21 4
16 4
21 4
16 4
21 4
16 4
21 4
16 4
21 4
16 4
21 4
16 4
19 4
14 4
19 4
14 4
17 4
12 4
17 4
12 4
16 4
11 4
16 4
11 4
21 4
16 4
21 4
16 4
21 4
16 4
21 4
16 4
21 4
16 4
21 4
16 4
19 4
14 4
19 4
14 4
17 4
12 4
17 4
12 4
16 4
11 4
16 4
11 4
17 6
12 6
17 4
17 11
16 6
11 6
16 4
16 11
17 6
12 6
17 4
17 11
19 6
14 6
19 4
19 11
16 4
11 4
16 4
11 4
16 4
11 4
16 4
11 4
16 4
11 4
16 4
11 4
16 4
11 4
16 4
11 4
21 4
16 4
21 4
16 4
21 4
16 4
21 4
16 4
21 4
16 4
21 4
16 4
19 4
14 4
19 4
14 4
17 4
12 4
17 4
12 4
16 4
11 4
16 4
11 4
21 4
16 4
21 4
16 4
21 4
16 4
21 4
16 4
21 4
16 4
21 4
16 4
19 4
14 4
19 4
14 4
17 4
12 4
17 4
12 4
16 4
11 4
16 4
11 4
17 6
12 6
17 4
17 11
16 6
11 6
16 4
16 11
17 6
12 6
17 4
17 11
19 6
14 6
19 4
19 11
16 4
11 4
16 4
11 4
16 4
11 4
16 4
11 4
16 4
11 4
16 4
11 4
16 4
11 4
16 4
11 4
17 6
17 6
17 4
16 6
16 6
16 4
17 6
17 6
17 4
17 11
17 6
17 6
17 4
16 6
16 6
16 4
17 6
17 6
17 4
17 11
19 4
14 4
19 4
14 4
19 4
14 4
19 4
14 4
21 4
16 4
21 4
16 4
21 4
16 4
21 4
16 4
21 4
16 4
21 4
16 4
21 4
16 4
21 4
16 4
21 4
16 4
21 4
16 4
21 4
16 4
21 4
16 4
21 4
16 4
21 4
16 4
21 4
16 4
21 4
16 4
21 4
16 4
21 4
16 4
21 4
16 4
21 4
16 4
21 4
16 4
21 4
16 4
21 4
16 4
21 4
16 4
21 4
16 4
21 4
16 4
21 4
16 4
21 4
16 4
21 4
16 4
21 4
16 4
21 4
16 4
21 4
16 4
21 4
16 4
21 4
16 4
21 4
16 4
21 4
16 4
21 4
16 4
21 4
16 4
21 4
16 4
21 4
16 4
21 4
16 4
21 4
16 4
19 4
14 4
19 4
14 4
17 4
12 4
17 4
12 4
16 4
11 4
16 4
11 4
21 4
16 4
21 4
16 4
21 4
16 4
21 4
16 4
21 4
16 4
21 4
16 4
19 4
14 4
19 4
14 4
17 4
12 4
17 4
12 4
16 4
11 4
16 4
11 4
17 6
12 6
17 4
17 11
16 6
11 6
16 4
16 11
17 6
12 6
17 4
17 11
19 6
14 6
19 4
19 11
16 4
11 4
16 4
11 4
16 4
11 4
16 4
11 4
16 4
11 4
16 4
11 4
16 4
11 4
16 4
11 4
21 4
16 4
21 4
16 4
21 4
16 4
21 4
16 4
21 4
16 4
21 4
16 4
19 4
14 4
19 4
14 4
17 4
12 4
17 4
12 4
16 4
11 4
16 4
11 4
21 4
16 4
21 4
16 4
21 4
16 4
21 4
16 4
21 4
16 4
21 4
16 4
19 4
14 4
19 4
14 4
17 4
12 4
17 4
12 4
16 4
11 4
16 4
11 4
17 6
12 6
17 4
17 11
16 6
11 6
16 4
16 11
17 6
12 6
17 4
17 11
19 6
14 6
19 4
19 11
16 4
11 4
16 4
11 4
16 4
11 4
16 4
11 4
16 4
11 4
16 4
11 4
16 4
11 4
16 4
11 4
17 6
17 6
17 4
16 6
16 6
16 4
17 6
17 6
17 4
17 11
17 6
17 6
17 4
16 6
16 6
16 4
17 6
17 6
17 4
17 11
19 4
14 4
19 4
14 4
19 4
14 4
19 4
14 4
21 4
16 4
21 4
16 4
21 4
16 4
21 4
16 4
E
S
H
40 13
38 11
41 13
40 11
40 13
38 11
41 13
40 11
33 13
31 11
29 11
28 11
33 13
31 11
29 11
28 11
41 13
40 13
41 13
43 13
44 13
44 13
33 13
31 11
29 11
28 11
33 13
31 11
29 11
28 11
41 7
72 12
40 7
72 12
41 7
72 12
43 7
72 12
44 7
72 12
44 7
72 12
36 11
35 11
36 13
36 11
35 11
36 13
38 13
40 13
40 13
38 11
41 13
40 11
40 13
38 11
41 13
40 11
33 13
31 11
29 11
28 11
33 13
31 11
29 11
28 11
41 13
40 13
41 13
43 13
44 13
44 13
33 13
31 11
29 11
28 11
33 13
31 11
29 11
28 11
41 7
72 12
40 7
72 12
41 7
72 12
43 7
72 12
44 7
72 12
44 7
72 12
36 11
35 11
36 13
36 11
35 11
36 13
38 13
40 13
E
X
