major
S
H
52 4
54 4
56 4
47 4
59 7
51 4
52 4
54 4
47 4
59 7
52 4
54 4
56 4
52 4
64 4
72 4
63 4
61 4
61 7
59 7
54 4
56 4
57 4
54 4
61 7
59 4
57 4
59 4
56 4
64 7
63 4
61 4
63 4
59 4
66 7
64 4
61 4
59 7
72 7
52 4
54 4
56 4
47 4
59 7
51 4
52 4
54 4
47 4
59 7
52 4
54 4
56 4
52 4
64 4
72 4
63 4
61 4
61 7
59 7
54 4
56 4
57 4
54 4
61 7
59 4
57 4
59 4
56 4
64 7
63 4
61 4
57 4
54 4
61 7
59 4
51 4
54 7
52 7
E
S
H
72 14
52 4
54 4
56 4
47 4
59 7
51 4
52 4
54 4
47 4
59 7
52 4
54 4
56 4
52 4
64 7
63 4
61 4
61 7
59 7
54 4
56 4
57 4
54 4
61 7
59 4
57 4
59 4
56 4
64 7
63 4
61 4
57 4
54 4
61 7
59 4
51 4
54 7
52 7
E
S
L
72 7
16 11
72 7
23 11
72 7
16 11
18 7
23 7
11 7
72 7
18 11
72 7
16 11
72 7
18 11
18 7
23 7
11 7
72 7
16 11
72 7
23 11
72 7
16 11
18 7
23 7
11 7
72 7
18 11
72 7
20 7
13 7
72 7
18 7
23 7
11 7
16 7
16 7
E
X
