minor
S
H
72 10
52 2
54 13
57 2
59 13
57 2
59 2
57 2
54 2
52 2
54 13
64 2
66 13
E
S
H
72 11
52 2
54 13
57 2
59 13
57 2
59 2
57 2
54 2
52 2
54 13
64 2
66 13
E
S
H
72 9
66 13
72 4
34 2
35 11
42 13
47 13
35 0
72 2
42 0
72 2
47 0
72 2
42 0
72 2
43 0
72 2
42 0
72 2
40 0
72 2
42 0
72 2
35 0
72 2
42 0
72 2
47 0
72 2
42 0
72 2
43 0
72 2
42 0
72 2
40 0
72 2
42 0
72 2
35 0
72 2
42 0
72 2
47 0
72 2
42 0
72 2
43 0
72 2
42 0
72 2
40 0
72 2
42 0
72 2
35 0
72 2
42 0
72 2
43 0
72 2
47 0
72 2
35 0
72 2
42 0
72 2
43 0
72 2
47 0
72 2
35 0
72 2
42 0
72 2
43 0
72 2
47 0
72 2
43 2
42 0
72 2
40 0
72 2
35 0
E
S
L
72 14
14 2
72 4
14 2
72 7
14 2
72 4
14 2
72 11
14 2
72 4
14 2
72 10
14 2
72 4
14 2
14 2
72 2
14 2
72 6
14 2
14 2
72 7
14 2
72 6
14 2
72 4
14 2
14 2
72 2
14 2
72 6
14 2
72 2
14 2
72 6
14 2
72 4
14 2
14 2
72 2
14 2
72 4
14 2
14 13
E
X
