minor
S
H
67 4
60 4
65 4
60 4
67 4
69 2
67 2
65 4
60 4
67 4
60 4
65 4
60 4
67 2
69 2
67 4
65 4
60 4
67 4
60 4
65 4
60 4
67 4
69 2
67 2
65 4
60 4
67 4
60 4
65 4
60 4
67 2
69 2
67 4
65 4
60 4
67 4
60 4
65 4
68 2
67 2
65 2
67 2
70 4
60 4
63 4
62 4
63 2
62 2
60 4
70 2
67 2
65 2
67 2
63 4
60 4
58 4
60 4
63 4
65 4
63 2
65 2
67 4
70 4
60 4
63 2
65 2
67 2
70 2
60 2
62 2
63 4
70 2
71 2
60 4
65 2
67 2
70 2
60 2
65 4
67 4
60 4
65 4
60 4
67 4
69 2
67 2
65 4
60 4
67 4
60 4
65 4
60 4
67 2
69 2
67 4
65 4
60 4
67 4
60 4
65 4
60 4
67 4
69 2
67 2
65 4
60 4
67 4
60 4
65 4
60 4
67 2
69 2
67 4
65 4
60 4
67 4
60 4
65 4
68 2
67 2
65 2
67 2
70 4
60 4
63 4
62 4
63 2
62 2
60 4
70 2
67 2
65 2
67 2
63 4
60 4
58 4
60 4
63 4
65 4
63 2
65 2
67 4
70 4
60 4
63 2
65 2
67 2
70 2
60 2
62 2
63 4
70 2
71 2
60 4
65 2
67 2
70 2
60 2
65 4
72 14
67 4
60 4
65 4
60 4
67 4
69 2
67 2
65 4
60 4
67 4
60 4
65 4
60 4
67 2
69 2
67 4
65 4
60 4
67 4
60 4
65 4
60 4
67 4
69 2
67 2
65 4
60 4
67 4
60 4
65 4
60 4
67 2
69 2
67 4
65 4
60 4
67 4
60 4
65 4
68 2
67 2
65 2
67 2
70 4
60 4
63 4
62 4
63 2
62 2
60 4
70 2
67 2
65 2
67 2
63 4
60 4
58 4
60 4
63 4
65 4
63 2
65 2
67 4
70 4
60 4
63 2
65 2
67 2
70 2
60 2
62 2
63 4
70 2
71 2
60 4
65 2
67 2
70 2
60 2
65 4
67 4
60 4
65 4
60 4
67 4
69 2
67 2
65 4
60 4
67 4
60 4
65 4
60 4
67 2
69 2
67 4
65 4
60 4
67 4
60 4
65 4
60 4
67 4
69 2
67 2
65 4
60 4
67 4
60 4
65 4
60 4
67 2
69 2
67 4
65 4
60 4
67 4
60 4
65 4
68 2
67 2
65 2
67 2
70 4
60 4
63 4
62 4
63 2
62 2
60 4
70 2
67 2
65 2
67 2
63 4
60 4
58 4
60 4
63 4
65 4
63 2
65 2
67 4
70 4
60 4
63 2
65 2
67 2
70 2
60 2
62 2
63 4
70 2
71 2
60 4
65 2
67 2
70 2
60 2
65 4
E
S
H
67 4
60 4
65 4
60 4
67 4
69 2
67 2
65 4
60 4
67 4
60 4
65 4
60 4
67 2
69 2
67 4
65 4
60 4
67 4
60 4
65 4
60 4
67 4
69 2
67 2
65 4
60 4
67 4
60 4
65 4
60 4
67 2
69 2
67 4
65 4
60 4
67 4
60 4
65 4
68 2
67 2
65 2
67 2
70 4
60 4
63 4
62 4
63 2
62 2
60 4
70 2
67 2
65 2
67 2
63 4
60 4
58 4
60 4
63 4
65 4
63 2
65 2
67 4
70 4
60 4
63 2
65 2
67 2
70 2
60 2
62 2
63 4
70 2
71 2
60 4
65 2
67 2
70 2
60 2
65 4
67 4
60 4
65 4
60 4
67 4
69 2
67 2
65 4
60 4
67 4
60 4
65 4
60 4
67 2
69 2
67 4
65 4
60 4
67 4
60 4
65 4
60 4
67 4
69 2
67 2
65 4
60 4
67 4
60 4
65 4
60 4
67 2
69 2
67 4
65 4
60 4
67 4
60 4
65 4
68 2
67 2
65 2
67 2
70 4
60 4
63 4
62 4
63 2
62 2
60 4
70 2
67 2
65 2
67 2
63 4
60 4
58 4
60 4
63 4
65 4
63 2
65 2
67 4
70 4
60 4
63 2
65 2
67 2
70 2
60 2
62 2
63 4
70 2
71 2
60 4
65 2
67 2
70 2
60 2
65 4
72 14
67 4
60 4
65 4
60 4
67 4
69 2
67 2
65 4
60 4
67 4
60 4
65 4
60 4
67 2
69 2
67 4
65 4
60 4
67 4
60 4
65 4
60 4
67 4
69 2
67 2
65 4
60 4
67 4
60 4
65 4
60 4
67 2
69 2
67 4
65 4
60 4
67 4
60 4
65 4
68 2
67 2
65 2
67 2
70 4
60 4
63 4
62 4
63 2
62 2
60 4
70 2
67 2
65 2
67 2
63 4
60 4
58 4
60 4
63 4
65 4
63 2
65 2
67 4
70 4
60 4
63 2
65 2
67 2
70 2
60 2
62 2
63 4
70 2
71 2
60 4
65 2
67 2
70 2
60 2
65 4
67 4
60 4
65 4
60 4
67 4
69 2
67 2
65 4
60 4
67 4
60 4
65 4
60 4
67 2
69 2
67 4
65 4
60 4
67 4
60 4
65 4
60 4
67 4
69 2
67 2
65 4
60 4
67 4
60 4
65 4
60 4
67 2
69 2
67 4
65 4
60 4
67 4
60 4
65 4
68 2
67 2
65 2
67 2
70 4
60 4
63 4
62 4
63 2
62 2
60 4
70 2
67 2
65 2
67 2
63 4
60 4
58 4
60 4
63 4
65 4
63 2
65 2
67 4
70 4
60 4
63 2
65 2
67 2
70 2
60 2
62 2
63 4
70 2
71 2
60 4
65 2
67 2
70 2
60 2
65 4
E
S
H
55 4
48 4
55 4
48 4
57 4
48 4
57 4
48 4
55 4
48 4
55 4
48 4
53 4
48 4
53 4
48 4
55 4
48 4
55 4
48 4
57 4
48 4
57 4
48 4
55 4
48 4
55 4
48 4
53 4
48 4
53 4
48 4
55 4
48 4
55 4
48 4
56 4
48 4
56 4
48 4
55 4
48 4
55 4
48 4
53 4
48 4
53 4
48 4
55 4
48 4
55 4
48 4
56 4
48 4
56 4
48 4
55 4
48 4
55 4
48 4
53 4
51 4
48 4
53 4
55 4
48 4
55 4
48 4
57 4
48 4
57 4
48 4
55 4
48 4
55 4
48 4
53 4
48 4
53 4
48 4
55 4
48 4
55 4
48 4
57 4
48 4
57 4
48 4
55 4
48 4
55 4
48 4
53 4
48 4
53 4
48 4
55 4
48 4
55 4
48 4
56 4
48 4
56 4
48 4
55 4
48 4
55 4
48 4
53 4
48 4
53 4
48 4
55 4
48 4
55 4
48 4
56 4
48 4
56 4
48 4
55 4
48 4
55 4
48 4
53 4
51 4
48 4
53 4
185 13
72 14
55 4
48 4
55 4
48 4
57 4
48 4
57 4
48 4
55 4
48 4
55 4
48 4
53 4
48 4
53 4
48 4
55 4
48 4
55 4
48 4
57 4
48 4
57 4
48 4
55 4
48 4
55 4
48 4
53 4
48 4
53 4
48 4
55 4
48 4
55 4
48 4
56 4
48 4
56 4
48 4
55 4
48 4
55 4
48 4
53 4
48 4
53 4
48 4
55 4
48 4
55 4
48 4
56 4
48 4
56 4
48 4
55 4
48 4
55 4
48 4
53 4
51 4
48 4
53 4
55 4
48 4
55 4
48 4
57 4
48 4
57 4
48 4
55 4
48 4
55 4
48 4
53 4
48 4
53 4
48 4
55 4
48 4
55 4
48 4
57 4
48 4
57 4
48 4
55 4
48 4
55 4
48 4
53 4
48 4
53 4
48 4
55 4
48 4
55 4
48 4
56 4
48 4
56 4
48 4
55 4
48 4
55 4
48 4
53 4
48 4
53 4
48 4
55 4
48 4
55 4
48 4
56 4
48 4
56 4
48 4
55 4
48 4
55 4
48 4
53 4
51 4
48 4
53 4
185 13
E
S
L
185 7
72 12
185 7
72 12
185 7
72 12
185 7
72 12
1297 7
72 12
1297 7
72 12
1297 7
72 12
1297 7
72 12
185 7
72 12
185 7
72 12
185 7
72 12
185 7
72 12
1297 7
72 12
1297 7
72 12
1297 7
72 12
1297 7
72 12
185 14
72 14
185 7
72 12
185 7
72 12
185 7
72 12
185 7
72 12
1297 7
72 12
1297 7
72 12
1297 7
72 12
1297 7
72 12
185 7
72 12
185 7
72 12
185 7
72 12
185 7
72 12
1297 7
72 12
1297 7
72 12
1297 7
72 12
1297 7
72 12
185 14
E
S
L
72 14
7 7
10 7
4 7
7 7
2 7
5 7
7 7
72 7
10 7
72 14
7 7
10 7
4 7
7 7
2 7
5 7
7 7
72 7
10 7
E
S
L
976 0
72 4
22 0
72 4
20 0
72 4
976 0
72 4
18 0
72 4
22 0
72 4
1003 0
72 7
976 0
72 4
22 0
72 4
20 0
72 4
976 0
72 4
18 0
72 4
225 0
72 4
993 0
72 7
976 0
72 4
22 0
72 4
20 0
72 4
976 0
72 4
18 0
72 4
22 0
72 4
561 0
72 7
976 0
72 4
22 0
72 4
20 0
72 4
976 0
72 4
18 0
72 4
225 0
72 4
1005 0
72 7
976 0
72 4
22 0
72 4
20 0
72 4
976 0
72 4
18 0
72 4
22 0
72 4
1005 0
72 7
976 0
72 4
22 0
72 4
20 0
72 4
976 0
72 4
18 0
72 4
225 0
72 4
561 0
72 7
976 0
72 4
22 0
72 4
20 0
72 4
976 0
72 4
18 0
72 4
22 0
72 4
1005 0
72 7
976 0
72 4
22 0
72 4
20 0
72 4
976 0
72 4
18 0
72 4
6 0
72 4
3 0
72 4
5 0
72 4
976 0
72 4
22 0
72 4
20 0
72 4
976 0
72 4
18 0
72 4
22 0
72 4
993 0
72 7
976 0
72 4
22 0
72 4
20 0
72 4
976 0
72 4
18 0
72 4
225 0
72 4
1003 0
72 7
976 0
72 4
22 0
72 4
20 0
72 4
976 0
72 4
18 0
72 4
22 0
72 4
1003 0
72 7
976 0
72 4
22 0
72 4
20 0
72 4
976 0
72 4
18 0
72 4
225 0
72 4
993 0
72 7
976 0
72 4
22 0
72 4
20 0
72 4
976 0
72 4
18 0
72 4
22 0
72 4
561 0
72 7
976 0
72 4
22 0
72 4
20 0
72 4
976 0
72 4
18 0
72 4
225 0
72 4
1005 0
72 7
976 0
72 4
22 0
72 4
20 0
72 4
976 0
72 4
18 0
72 4
22 0
72 4
561 0
72 7
976 0
72 4
22 0
72 4
20 0
72 4
976 0
72 4
18 0
72 4
6 0
72 4
3 0
72 4
5 0
72 4
976 0
72 4
1281 0
72 4
18 0
72 2
20 0
72 2
976 0
72 4
1005 0
72 4
20 0
72 4
18 0
72 4
1264 0
72 4
1003 0
72 4
20 0
72 4
18 0
72 2
20 0
72 2
976 0
72 4
993 0
72 2
18 0
72 2
976 0
72 4
221 0
72 2
561 0
72 2
177 0
72 4
976 0
72 4
561 0
72 4
18 0
72 2
20 0
72 2
976 0
72 4
561 0
72 4
20 0
72 1
20 0
72 0
20 0
72 2
20 0
72 4
976 0
72 4
1003 0
72 4
20 0
72 4
22 0
72 4
976 0
72 4
173 0
72 4
6 0
72 4
3 0
72 4
5 0
72 4
976 0
72 4
22 0
72 4
20 0
72 4
976 0
72 4
18 0
72 4
22 0
72 4
993 0
72 7
976 0
72 4
22 0
72 4
20 0
72 4
976 0
72 4
18 0
72 4
225 0
72 4
1003 0
72 7
976 0
72 4
22 0
72 4
20 0
72 4
976 0
72 4
18 0
72 4
22 0
72 4
1003 0
72 7
976 0
72 4
22 0
72 4
20 0
72 4
976 0
72 4
18 0
72 4
225 0
72 4
993 0
72 7
976 0
72 4
22 0
72 4
20 0
72 4
976 0
72 4
18 0
72 4
22 0
72 4
561 0
72 7
976 0
72 4
22 0
72 4
20 0
72 4
976 0
72 4
18 0
72 4
225 0
72 4
1005 0
72 7
976 0
72 4
22 0
72 4
20 0
72 4
976 0
72 4
18 0
72 4
22 0
72 4
561 0
72 7
976 0
72 4
22 0
72 4
20 0
72 4
976 0
72 4
18 0
72 4
6 0
72 4
3 0
72 4
5 0
72 4
976 0
72 4
22 0
72 4
20 0
72 4
976 0
72 4
18 0
72 4
22 0
72 4
1005 0
72 7
976 0
72 4
22 0
72 4
20 0
72 4
976 0
72 4
18 0
72 4
225 0
72 4
561 0
72 7
976 0
72 4
22 0
72 4
20 0
72 4
976 0
72 4
18 0
72 4
22 0
72 4
993 0
72 7
976 0
72 4
22 0
72 4
20 0
72 4
976 0
72 4
18 0
72 4
225 0
72 4
1003 0
72 7
976 0
72 4
22 0
72 4
20 0
72 4
976 0
72 4
18 0
72 4
22 0
72 4
1003 0
72 7
976 0
72 4
22 0
72 4
20 0
72 4
976 0
72 4
18 0
72 4
225 0
72 4
993 0
72 7
976 0
72 4
22 0
72 4
20 0
72 4
976 0
72 4
18 0
72 4
22 0
72 4
993 0
72 7
976 0
72 4
22 0
72 4
20 0
72 4
976 0
72 4
18 0
72 4
6 0
72 4
3 0
72 4
5 0
72 4
976 0
72 4
561 0
72 4
18 0
72 2
20 0
72 2
976 0
72 4
1003 0
72 4
20 0
72 4
18 0
72 4
1264 0
72 4
1005 0
72 4
20 0
72 4
18 0
72 2
20 0
72 2
976 0
72 4
561 0
72 2
18 0
72 2
976 0
72 4
221 0
72 2
561 0
72 2
177 0
72 4
976 0
72 4
1293 0
72 4
18 0
72 2
20 0
72 2
976 0
72 4
1005 0
72 4
20 0
72 1
20 0
72 0
20 0
72 2
20 0
72 4
976 0
72 4
1005 0
72 4
20 0
72 4
22 0
72 4
976 0
72 4
173 0
72 4
6 0
72 4
3 0
72 4
5 0
E
X
