minor
S
H
72 10
122 0
72 2
148 0
72 4
122 0
72 4
150 0
72 4
148 0
72 4
122 0
72 4
148 6
72 4
122 0
72 2
148 0
72 4
122 0
72 4
150 0
72 4
148 0
72 4
122 0
72 2
148 0
72 2
148 0
72 2
122 2
72 6
122 0
72 2
148 0
72 4
122 0
72 4
150 0
72 4
148 0
72 4
122 0
72 4
148 6
72 4
122 0
72 2
148 0
72 4
122 0
72 4
150 0
72 4
148 0
72 4
122 0
72 2
122 2
72 2
241 2
72 6
122 0
72 2
148 0
72 4
122 0
72 4
150 0
72 4
148 0
72 4
122 0
72 4
148 6
72 4
122 0
72 2
148 0
72 4
122 0
72 4
150 0
72 4
148 0
72 4
122 0
72 2
241 2
72 2
215 2
72 6
136 0
72 2
150 0
72 4
136 0
72 4
215 0
72 4
201 0
72 4
175 0
72 2
150 2
72 2
136 2
72 4
240 0
72 4
136 0
72 4
160 0
72 4
189 0
72 4
175 0
72 4
149 0
72 2
175 2
72 2
160 2
72 6
122 0
72 2
148 0
72 4
122 0
72 4
150 0
72 4
148 0
72 4
122 0
72 4
148 6
72 4
122 0
72 2
148 0
72 4
122 0
72 4
150 0
72 4
148 0
72 4
122 0
72 2
148 0
72 2
148 0
72 2
122 2
72 6
136 0
72 2
150 0
72 4
136 0
72 4
215 0
72 4
201 0
72 4
175 0
72 2
150 2
72 2
136 2
72 6
240 0
72 2
136 0
72 4
160 0
72 4
189 0
72 4
175 0
72 4
149 0
72 2
175 0
72 2
175 0
72 2
160 2
72 6
122 0
72 2
148 0
72 4
122 0
72 4
150 0
72 4
148 0
72 4
122 0
72 4
148 6
72 4
122 0
72 2
148 0
72 4
122 0
72 4
150 0
72 4
148 0
72 4
122 0
72 2
241 2
72 2
215 2
72 6
136 0
72 2
150 0
72 4
136 0
72 4
215 0
72 4
201 0
72 4
175 0
72 2
150 2
72 2
136 2
72 4
240 0
72 4
136 0
72 4
160 0
72 4
189 0
72 4
175 0
72 4
149 0
72 2
175 2
72 2
160 2
72 6
122 0
72 2
148 0
72 4
122 0
72 4
150 0
72 4
148 0
72 4
122 0
72 4
148 6
72 4
122 0
72 2
148 0
72 4
122 0
72 4
150 0
72 4
148 0
72 4
122 0
72 2
148 0
72 2
148 0
72 2
122 2
72 6
136 0
72 2
150 0
72 4
136 0
72 4
215 0
72 4
201 0
72 4
175 0
72 2
150 2
72 2
136 2
72 6
240 0
72 2
136 0
72 4
160 0
72 4
189 0
72 4
175 0
72 4
149 0
72 2
175 0
72 2
175 0
72 2
160 2
72 14
122 0
72 2
148 0
72 4
122 0
72 4
150 0
72 4
148 0
72 4
122 0
72 4
148 6
72 4
122 0
72 2
148 0
72 4
122 0
72 4
150 0
72 4
148 0
72 4
122 0
72 2
148 0
72 2
148 0
72 2
122 2
72 6
122 0
72 2
148 0
72 4
122 0
72 4
150 0
72 4
148 0
72 4
122 0
72 4
148 6
72 4
122 0
72 2
148 0
72 4
122 0
72 4
150 0
72 4
148 0
72 4
122 0
72 2
122 2
72 2
241 2
72 6
122 0
72 2
148 0
72 4
122 0
72 4
150 0
72 4
148 0
72 4
122 0
72 4
148 6
72 4
122 0
72 2
148 0
72 4
122 0
72 4
150 0
72 4
148 0
72 4
122 0
72 2
241 2
72 2
215 2
72 6
136 0
72 2
150 0
72 4
136 0
72 4
215 0
72 4
201 0
72 4
175 0
72 2
150 2
72 2
136 2
72 4
240 0
72 4
136 0
72 4
160 0
72 4
189 0
72 4
175 0
72 4
149 0
72 2
175 2
72 2
160 2
72 6
122 0
72 2
148 0
72 4
122 0
72 4
150 0
72 4
148 0
72 4
122 0
72 4
148 6
72 4
122 0
72 2
148 0
72 4
122 0
72 4
150 0
72 4
148 0
72 4
122 0
72 2
148 0
72 2
148 0
72 2
122 2
72 6
136 0
72 2
150 0
72 4
136 0
72 4
215 0
72 4
201 0
72 4
175 0
72 2
150 2
72 2
136 2
72 6
240 0
72 2
136 0
72 4
160 0
72 4
189 0
72 4
175 0
72 4
149 0
72 2
175 0
72 2
175 0
72 2
160 2
72 6
122 0
72 2
148 0
72 4
122 0
72 4
150 0
72 4
148 0
72 4
122 0
72 4
148 6
72 4
122 0
72 2
148 0
72 4
122 0
72 4
150 0
72 4
148 0
72 4
122 0
72 2
241 2
72 2
215 2
72 6
136 0
72 2
150 0
72 4
136 0
72 4
215 0
72 4
201 0
72 4
175 0
72 2
150 2
72 2
136 2
72 4
240 0
72 4
136 0
72 4
160 0
72 4
189 0
72 4
175 0
72 4
149 0
72 2
175 2
72 2
160 2
72 6
122 0
72 2
148 0
72 4
122 0
72 4
150 0
72 4
148 0
72 4
122 0
72 4
148 6
72 4
122 0
72 2
148 0
72 4
122 0
72 4
150 0
72 4
148 0
72 4
122 0
72 2
148 0
72 2
148 0
72 2
122 2
72 6
136 0
72 2
150 0
72 4
136 0
72 4
215 0
72 4
201 0
72 4
175 0
72 2
150 2
72 2
136 2
72 6
240 0
72 2
136 0
72 4
160 0
72 4
189 0
72 4
175 0
72 4
149 0
72 2
175 0
72 2
175 0
72 2
160 2
72 14
122 0
72 2
148 0
72 4
122 0
72 4
150 0
72 4
148 0
72 4
122 0
72 4
148 6
72 4
122 0
72 2
148 0
72 4
122 0
72 4
150 0
72 4
148 0
72 4
122 0
72 2
148 0
72 2
148 0
72 2
122 2
72 6
122 0
72 2
148 0
72 4
122 0
72 4
150 0
72 4
148 0
72 4
122 0
72 4
148 6
72 4
122 0
72 2
148 0
72 4
122 0
72 4
150 0
72 4
148 0
72 4
122 0
72 2
122 2
72 2
241 2
72 13
E
S
L
72 10
30 2
32 2
72 2
30 2
72 2
33 2
72 2
32 2
72 2
30 2
72 2
32 6
72 4
30 2
32 2
72 2
30 2
72 2
33 2
72 2
32 2
72 2
30 2
32 0
72 2
32 0
72 2
30 2
72 6
30 2
32 2
72 2
30 2
72 2
33 2
72 2
32 2
72 2
30 2
72 2
32 6
72 4
30 2
32 2
72 2
30 2
72 2
33 2
72 2
32 2
72 2
30 0
72 2
30 2
72 2
28 2
72 6
30 2
32 2
72 2
30 2
72 2
33 2
72 2
32 2
72 2
30 2
72 2
32 6
72 4
30 2
32 2
72 2
30 2
72 2
33 2
72 2
32 2
72 2
30 2
32 0
72 2
32 0
72 2
30 2
72 6
32 2
33 2
72 2
32 2
72 2
37 2
72 2
35 2
72 2
33 2
32 2
72 2
30 2
72 4
28 2
72 2
31 2
72 2
31 2
72 2
35 2
72 2
35 2
72 2
31 2
35 2
72 2
31 2
72 6
30 2
32 2
72 2
30 2
72 2
33 2
72 2
32 2
72 2
30 2
72 2
32 6
72 4
30 2
32 2
72 2
30 2
72 2
33 2
72 2
32 2
72 2
30 2
32 0
72 2
32 0
72 2
30 2
72 6
32 2
33 2
72 2
32 2
72 2
37 2
72 2
35 2
72 2
33 2
32 2
72 2
30 2
72 6
28 2
31 2
72 2
31 2
72 2
35 2
72 2
35 2
72 2
31 2
35 0
72 2
35 0
72 2
31 2
72 6
30 2
32 2
72 2
30 2
72 2
33 2
72 2
32 2
72 2
30 2
72 2
32 6
72 4
30 2
32 2
72 2
30 2
72 2
33 2
72 2
32 2
72 2
30 2
28 2
72 2
27 2
72 6
32 2
33 2
72 2
32 2
72 2
37 2
72 2
35 2
72 2
33 2
32 2
72 2
30 2
72 4
28 2
72 2
31 2
72 2
31 2
72 2
35 2
72 2
35 2
72 2
31 2
35 2
72 2
31 2
72 6
30 2
32 2
72 2
30 2
72 2
33 2
72 2
32 2
72 2
30 2
72 2
32 6
72 4
30 2
32 2
72 2
30 2
72 2
33 2
72 2
32 2
72 2
30 2
32 0
72 2
32 0
72 2
30 2
72 6
32 2
33 2
72 2
32 2
72 2
37 2
72 2
35 2
72 2
33 2
32 2
72 2
30 2
72 6
28 2
31 2
72 2
31 2
72 2
35 2
72 2
35 2
72 2
31 2
35 0
72 2
35 0
72 2
31 2
72 14
30 2
32 2
72 2
30 2
72 2
33 2
72 2
32 2
72 2
30 2
72 2
32 6
72 4
30 2
32 2
72 2
30 2
72 2
33 2
72 2
32 2
72 2
30 2
32 0
72 2
32 0
72 2
30 2
72 6
30 2
32 2
72 2
30 2
72 2
33 2
72 2
32 2
72 2
30 2
72 2
32 6
72 4
30 2
32 2
72 2
30 2
72 2
33 2
72 2
32 2
72 2
30 0
72 2
30 2
72 2
28 2
72 6
30 2
32 2
72 2
30 2
72 2
33 2
72 2
32 2
72 2
30 2
72 2
32 6
72 4
30 2
32 2
72 2
30 2
72 2
33 2
72 2
32 2
72 2
30 2
32 0
72 2
32 0
72 2
30 2
72 6
32 2
33 2
72 2
32 2
72 2
37 2
72 2
35 2
72 2
33 2
32 2
72 2
30 2
72 4
28 2
72 2
31 2
72 2
31 2
72 2
35 2
72 2
35 2
72 2
31 2
35 2
72 2
31 2
72 6
30 2
32 2
72 2
30 2
72 2
33 2
72 2
32 2
72 2
30 2
72 2
32 6
72 4
30 2
32 2
72 2
30 2
72 2
33 2
72 2
32 2
72 2
30 2
32 0
72 2
32 0
72 2
30 2
72 6
32 2
33 2
72 2
32 2
72 2
37 2
72 2
35 2
72 2
33 2
32 2
72 2
30 2
72 6
28 2
31 2
72 2
31 2
72 2
35 2
72 2
35 2
72 2
31 2
35 0
72 2
35 0
72 2
31 2
72 6
30 2
32 2
72 2
30 2
72 2
33 2
72 2
32 2
72 2
30 2
72 2
32 6
72 4
30 2
32 2
72 2
30 2
72 2
33 2
72 2
32 2
72 2
30 2
28 2
72 2
27 2
72 6
32 2
33 2
72 2
32 2
72 2
37 2
72 2
35 2
72 2
33 2
32 2
72 2
30 2
72 4
28 2
72 2
31 2
72 2
31 2
72 2
35 2
72 2
35 2
72 2
31 2
35 2
72 2
31 2
72 6
30 2
32 2
72 2
30 2
72 2
33 2
72 2
32 2
72 2
30 2
72 2
32 6
72 4
30 2
32 2
72 2
30 2
72 2
33 2
72 2
32 2
72 2
30 2
32 0
72 2
32 0
72 2
30 2
72 6
32 2
33 2
72 2
32 2
72 2
37 2
72 2
35 2
72 2
33 2
32 2
72 2
30 2
72 6
28 2
31 2
72 2
31 2
72 2
35 2
72 2
35 2
72 2
31 2
35 0
72 2
35 0
72 2
31 2
72 14
30 2
32 2
72 2
30 2
72 2
33 2
72 2
32 2
72 2
30 2
72 2
32 6
72 4
30 2
32 2
72 2
30 2
72 2
33 2
72 2
32 2
72 2
30 2
32 0
72 2
32 0
72 2
30 2
72 6
30 2
32 2
72 2
30 2
72 2
33 2
72 2
32 2
72 2
30 2
72 2
32 6
72 4
30 2
32 2
72 2
30 2
72 2
33 2
72 2
32 2
72 2
30 0
72 2
30 2
72 2
28 2
72 13
E
S
L
72 8
30 2
28 2
33 2
32 2
72 12
30 2
28 2
33 2
32 2
72 12
30 2
28 2
33 2
32 2
72 12
30 2
28 2
33 2
32 2
72 12
30 2
28 2
33 2
32 2
72 12
30 2
28 2
33 2
32 2
72 12
35 2
33 2
37 2
35 2
72 12
33 2
31 2
36 2
35 2
72 12
30 2
28 2
33 2
32 2
72 12
30 2
28 2
33 2
32 2
72 12
35 2
33 2
37 2
35 2
72 12
33 2
31 2
36 2
35 2
72 12
30 2
28 2
33 2
32 2
72 12
30 2
28 2
33 2
32 2
72 12
35 2
33 2
37 2
35 2
72 12
33 2
31 2
36 2
35 2
72 12
30 2
28 2
33 2
32 2
72 12
30 2
28 2
33 2
32 2
72 12
35 2
33 2
37 2
35 2
72 12
33 2
31 2
36 2
35 2
72 14
30 2
28 2
33 2
32 2
72 12
30 2
28 2
33 2
32 2
72 12
30 2
28 2
33 2
32 2
72 12
30 2
28 2
33 2
32 2
72 12
30 2
28 2
33 2
32 2
72 12
30 2
28 2
33 2
32 2
72 12
35 2
33 2
37 2
35 2
72 12
33 2
31 2
36 2
35 2
72 12
30 2
28 2
33 2
32 2
72 12
30 2
28 2
33 2
32 2
72 12
35 2
33 2
37 2
35 2
72 12
33 2
31 2
36 2
35 2
72 12
30 2
28 2
33 2
32 2
72 12
30 2
28 2
33 2
32 2
72 12
35 2
33 2
37 2
35 2
72 12
33 2
31 2
36 2
35 2
72 12
30 2
28 2
33 2
32 2
72 12
30 2
28 2
33 2
32 2
72 12
35 2
33 2
37 2
35 2
72 12
33 2
31 2
36 2
35 2
72 14
30 2
28 2
33 2
32 2
72 12
30 2
28 2
33 2
32 2
72 12
30 2
28 2
33 2
32 2
72 12
30 2
28 2
33 2
32 2
72 14
E
S
L
72 14
179 2
72 2
153 2
72 2
114 2
218 2
72 2
205 2
72 14
122 2
148 2
72 2
122 2
72 2
150 2
72 2
148 2
72 2
122 2
72 2
148 6
72 4
122 2
148 2
72 2
122 2
72 2
150 2
72 2
148 2
72 2
122 2
148 0
72 2
148 0
72 2
122 2
72 6
136 2
150 2
72 2
136 2
72 2
215 2
72 2
201 2
72 2
175 2
150 2
72 2
136 2
72 6
240 2
136 2
72 2
160 2
72 2
189 2
72 2
175 2
72 2
149 2
175 2
72 2
160 2
72 14
153 0
72 7
153 0
72 7
153 0
72 2
179 0
72 2
218 0
72 2
179 0
72 2
153 0
72 2
218 0
72 6
153 0
72 7
153 0
72 7
153 0
72 2
179 0
72 2
218 0
72 2
179 0
72 2
153 0
72 2
218 0
72 2
179 4
72 14
179 2
72 2
153 2
72 2
114 2
218 2
72 2
205 2
72 14
122 2
148 2
72 2
122 2
72 2
150 2
72 2
148 2
72 2
122 2
72 2
148 6
72 4
122 2
148 2
72 2
122 2
72 2
150 2
72 2
148 2
72 2
122 2
148 0
72 2
148 0
72 2
122 2
72 6
136 2
150 2
72 2
136 2
72 2
215 2
72 2
201 2
72 2
175 2
150 2
72 2
136 2
72 6
240 2
136 2
72 2
160 2
72 2
189 2
72 2
175 2
72 2
149 2
175 2
72 2
160 2
72 14
153 0
72 7
153 0
72 7
153 0
72 2
179 0
72 2
218 0
72 2
179 0
72 2
153 0
72 2
218 0
72 6
153 0
72 7
153 0
72 7
153 0
72 2
179 0
72 2
218 0
72 2
179 0
72 2
153 0
72 2
218 0
72 2
179 4
72 14
179 2
72 2
153 2
72 2
114 2
218 2
72 2
205 2
72 13
E
S
H
72 14
61 9
64 2
64 2
61 9
64 2
66 2
59 9
61 2
59 2
54 9
57 2
59 2
61 9
64 2
66 2
61 9
57 2
59 2
61 2
54 4
59 12
61 9
64 2
64 2
61 9
64 2
66 2
59 9
61 2
59 2
54 9
57 2
59 2
61 9
64 2
66 2
61 9
57 2
59 2
61 2
54 4
59 12
72 14
61 9
64 2
64 2
61 9
64 2
66 2
59 9
61 2
59 2
54 9
57 2
59 2
61 9
64 2
66 2
61 9
57 2
59 2
61 2
54 4
59 12
61 9
64 2
64 2
61 9
64 2
66 2
59 9
61 2
59 2
54 9
57 2
59 2
61 9
64 2
66 2
61 9
57 2
59 2
61 2
54 4
59 12
72 14
E
S
H
72 14
37 2
40 2
42 2
45 2
44 11
30 2
32 2
33 2
40 2
37 11
40 0
38 0
72 2
37 0
36 0
72 2
35 2
33 2
30 2
33 2
37 2
40 2
42 2
35 10
34 0
33 0
72 2
35 2
36 2
40 2
47 2
43 12
38 2
40 2
45 2
44 7
45 2
47 2
44 6
43 0
72 1
42 0
72 0
40 2
42 2
44 2
45 2
47 2
52 2
49 4
49 10
48 0
72 1
49 0
72 0
52 2
49 0
48 0
72 2
47 2
45 2
42 2
45 2
48 0
72 0
49 0
72 1
52 2
54 2
54 8
57 2
56 2
57 2
59 2
61 2
64 2
66 2
66 4
64 2
60 2
59 2
60 2
59 2
57 2
54 4
52 2
48 2
47 2
48 2
47 2
45 2
48 2
30 2
33 2
35 2
37 2
40 2
42 2
45 2
47 2
72 14
37 2
40 2
42 2
45 2
44 11
30 2
32 2
33 2
40 2
37 11
40 0
38 0
72 2
37 0
36 0
72 2
35 2
33 2
30 2
33 2
37 2
40 2
42 2
35 10
34 0
33 0
72 2
35 2
36 2
40 2
47 2
43 12
38 2
40 2
45 2
44 7
45 2
47 2
44 6
43 0
72 1
42 0
72 0
40 2
42 2
44 2
45 2
47 2
52 2
49 4
49 10
48 0
72 1
49 0
72 0
52 2
49 0
48 0
72 2
47 2
45 2
42 2
45 2
48 0
72 0
49 0
72 1
52 2
54 2
54 8
57 2
56 2
57 2
59 2
61 2
64 2
66 2
66 4
64 2
60 2
59 2
60 2
59 2
57 2
54 4
52 2
48 2
47 2
48 2
47 2
45 2
48 2
30 2
33 2
35 2
37 2
40 2
42 2
45 2
47 2
72 14
E
S
H
72 14
117 4
131 2
117 4
131 4
117 8
210 7
235 4
117 2
235 4
117 4
235 11
117 4
131 2
117 4
131 4
117 8
210 7
235 4
117 2
235 4
117 4
131 6
117 4
235 4
210 4
117 4
131 2
117 4
131 4
117 8
210 7
235 4
117 2
235 4
117 4
235 4
208 6
210 4
235 4
117 4
72 14
117 4
131 2
117 4
131 4
117 8
210 7
235 4
117 2
235 4
117 4
235 11
117 4
131 2
117 4
131 4
117 8
210 7
235 4
117 2
235 4
117 4
131 6
117 4
235 4
210 4
117 4
131 2
117 4
131 4
117 8
210 7
235 4
117 2
235 4
117 4
235 4
208 6
210 4
235 4
117 4
72 14
E
S
H
72 14
153 0
72 7
153 0
72 7
153 0
72 2
179 0
72 2
218 0
72 2
179 0
72 2
153 0
72 2
218 0
72 6
153 0
72 7
153 0
72 7
153 0
72 2
179 0
72 2
218 0
72 2
179 0
72 2
153 0
72 2
218 0
72 6
153 0
72 7
153 0
72 7
153 0
72 2
179 0
72 2
218 0
72 2
179 0
72 2
153 0
72 2
218 0
72 6
153 0
72 7
153 0
72 7
153 0
72 2
179 0
72 2
218 0
72 2
179 0
72 2
153 0
72 2
218 0
72 6
153 0
72 7
153 0
72 7
153 0
72 2
179 0
72 2
218 0
72 2
179 0
72 2
153 0
72 2
218 0
72 6
153 0
72 7
153 0
72 7
153 0
72 2
179 0
72 2
218 0
72 2
179 0
72 2
153 0
72 2
218 0
72 2
179 0
72 14
153 0
72 7
153 0
72 7
153 0
72 2
179 0
72 2
218 0
72 2
179 0
72 2
153 0
72 2
218 0
72 6
153 0
72 7
153 0
72 7
153 0
72 2
179 0
72 2
218 0
72 2
179 0
72 2
153 0
72 2
218 0
72 6
153 0
72 7
153 0
72 7
153 0
72 2
179 0
72 2
218 0
72 2
179 0
72 2
153 0
72 2
218 0
72 6
153 0
72 7
153 0
72 7
153 0
72 2
179 0
72 2
218 0
72 2
179 0
72 2
153 0
72 2
218 0
72 6
153 0
72 7
153 0
72 7
153 0
72 2
179 0
72 2
218 0
72 2
179 0
72 2
153 0
72 2
218 0
72 6
153 0
72 7
153 0
72 7
153 0
72 2
179 0
72 2
218 0
72 2
179 0
72 2
153 0
72 2
218 0
72 2
179 0
72 14
E
S
L
72 14
1471 12
359 7
1312 13
1471 12
359 7
777 13
1471 12
359 7
1312 13
359 7
72 14
1471 12
359 7
1312 13
1471 12
359 7
777 13
1471 12
359 7
1312 13
1470 7
72 14
E
S
H
72 14
359 12
698 7
1785 13
359 12
698 7
1785 13
359 12
698 7
1785 13
1470 7
72 14
359 12
698 7
1785 13
359 12
698 7
1785 13
359 12
698 7
1785 13
359 7
72 14
E
S
L
6 2
11 2
12 2
13 2
16 2
6 2
4 2
6 2
72 4
18 2
16 2
18 2
72 6
13 2
11 2
13 2
9 2
11 2
6 2
4 2
6 2
72 4
18 2
16 2
18 2
72 6
6 2
11 2
13 2
16 2
18 2
6 2
4 2
6 2
72 4
18 2
16 2
18 2
72 6
13 2
11 2
13 2
9 2
11 2
6 2
4 2
6 2
72 4
18 2
16 2
18 2
72 2
16 2
72 2
13 2
9 2
72 2
8 2
72 2
6 2
4 2
6 2
72 4
18 2
16 2
18 2
72 6
13 2
11 2
13 2
9 2
11 2
6 2
4 2
6 2
72 4
18 2
16 2
18 2
72 6
6 2
11 2
13 2
16 2
18 2
11 2
9 2
11 2
72 4
23 2
21 2
23 2
72 6
18 2
21 2
23 2
18 2
21 2
9 2
7 2
9 2
72 4
21 2
19 2
21 2
72 6
9 2
14 2
16 2
19 2
21 2
18 2
16 2
18 2
72 4
6 2
4 2
6 2
72 6
13 2
11 2
13 2
9 2
10 2
6 2
4 2
6 2
72 4
18 2
16 2
18 2
72 6
13 2
11 2
13 2
16 2
18 2
11 2
9 2
11 2
72 4
23 2
21 2
23 2
72 6
18 2
21 2
23 2
18 2
21 2
9 2
7 2
9 2
72 4
21 2
19 2
21 2
9 2
14 2
16 2
19 2
14 2
16 2
19 2
21 2
6 2
4 2
6 2
6 2
72 2
18 2
16 2
18 4
18 2
72 2
13 2
11 2
13 2
9 2
11 2
6 2
4 2
6 2
6 2
72 2
18 2
16 2
18 4
18 2
72 2
6 2
11 2
13 2
16 2
18 2
11 2
9 2
11 2
11 2
72 2
23 2
21 2
23 4
23 2
72 2
18 2
21 2
23 2
18 2
21 2
9 2
7 2
9 2
9 2
72 2
21 2
19 2
21 2
9 2
14 2
16 2
19 2
14 2
16 2
19 2
21 2
18 2
16 2
18 2
72 4
6 2
4 2
6 2
72 6
13 2
11 2
13 2
9 2
10 2
6 2
4 2
6 2
72 4
18 2
16 2
18 2
72 6
13 2
11 2
13 2
16 2
18 2
11 2
9 2
11 2
72 4
23 2
21 2
23 2
72 6
18 2
21 2
23 2
18 2
21 2
9 2
7 2
9 2
72 4
21 2
19 2
21 2
9 2
14 2
16 2
19 2
14 2
16 2
19 2
21 2
11 2
1 2
4 2
9 2
11 2
13 2
16 2
18 2
21 2
21 2
9 2
14 2
72 2
14 2
72 2
21 2
72 2
9 2
72 2
9 2
14 2
14 2
9 2
9 2
4 2
4 2
72 2
16 2
72 2
4 2
72 2
4 2
72 2
16 2
72 2
4 2
11 2
16 2
11 2
16 2
21 2
21 2
9 2
14 2
72 2
14 2
72 2
21 2
72 2
9 2
72 2
9 2
14 2
14 2
9 2
9 2
4 2
4 2
72 2
16 2
72 2
4 2
72 2
4 2
72 2
16 2
72 2
4 2
11 2
16 2
11 2
16 2
21 2
21 2
9 2
14 2
72 2
14 2
72 2
21 2
72 2
9 2
72 2
9 2
14 2
14 2
9 2
9 2
4 2
4 2
72 2
16 2
72 2
4 2
72 2
4 2
72 2
16 2
18 2
16 2
11 2
12 2
13 2
16 2
6 2
4 2
6 2
72 4
18 2
16 2
18 2
72 6
13 2
11 2
13 2
9 2
11 2
6 2
4 2
6 2
72 4
18 2
16 2
18 2
72 6
6 2
11 2
13 2
16 2
18 2
6 2
4 2
6 2
72 4
18 2
16 2
18 2
72 6
13 2
11 2
13 2
9 2
11 2
6 2
4 2
6 2
72 4
18 2
16 2
18 2
72 2
16 2
72 2
13 2
9 2
72 2
8 2
72 2
6 2
4 2
6 2
72 4
18 2
16 2
18 2
72 6
13 2
11 2
13 2
9 2
11 2
6 2
4 2
6 2
72 4
18 2
16 2
18 2
72 6
6 2
11 2
13 2
16 2
18 2
11 2
9 2
11 2
72 4
23 2
21 2
23 2
72 6
18 2
21 2
23 2
18 2
21 2
9 2
7 2
9 2
72 4
21 2
19 2
21 2
72 6
9 2
14 2
16 2
19 2
21 2
18 2
16 2
18 2
72 4
6 2
4 2
6 2
72 6
13 2
11 2
13 2
9 2
10 2
6 2
4 2
6 2
72 4
18 2
16 2
18 2
72 6
13 2
11 2
13 2
16 2
18 2
11 2
9 2
11 2
72 4
23 2
21 2
23 2
72 6
18 2
21 2
23 2
18 2
21 2
9 2
7 2
9 2
72 4
21 2
19 2
21 2
9 2
14 2
16 2
19 2
14 2
16 2
19 2
21 2
6 2
4 2
6 2
6 2
72 2
18 2
16 2
18 4
18 2
72 2
13 2
11 2
13 2
9 2
11 2
6 2
4 2
6 2
6 2
72 2
18 2
16 2
18 4
18 2
72 2
6 2
11 2
13 2
16 2
18 2
11 2
9 2
11 2
11 2
72 2
23 2
21 2
23 4
23 2
72 2
18 2
21 2
23 2
18 2
21 2
9 2
7 2
9 2
9 2
72 2
21 2
19 2
21 2
9 2
14 2
16 2
19 2
14 2
16 2
19 2
21 2
18 2
16 2
18 2
72 4
6 2
4 2
6 2
72 6
13 2
11 2
13 2
9 2
10 2
6 2
4 2
6 2
72 4
18 2
16 2
18 2
72 6
13 2
11 2
13 2
16 2
18 2
11 2
9 2
11 2
72 4
23 2
21 2
23 2
72 6
18 2
21 2
23 2
18 2
21 2
9 2
7 2
9 2
72 4
21 2
19 2
21 2
9 2
14 2
16 2
19 2
14 2
16 2
19 2
21 2
11 2
1 2
4 2
9 2
11 2
13 2
16 2
18 2
21 2
21 2
9 2
14 2
72 2
14 2
72 2
21 2
72 2
9 2
72 2
9 2
14 2
14 2
9 2
9 2
4 2
4 2
72 2
16 2
72 2
4 2
72 2
4 2
72 2
16 2
72 2
4 2
11 2
16 2
11 2
16 2
21 2
21 2
9 2
14 2
72 2
14 2
72 2
21 2
72 2
9 2
72 2
9 2
14 2
14 2
9 2
9 2
4 2
4 2
72 2
16 2
72 2
4 2
72 2
4 2
72 2
16 2
72 2
4 2
11 2
16 2
11 2
16 2
21 2
21 2
9 2
14 2
72 2
14 2
72 2
21 2
72 2
9 2
72 2
9 2
14 2
14 2
9 2
9 2
4 2
4 2
72 2
16 2
72 2
4 2
72 2
4 2
72 2
16 2
18 2
16 2
11 2
12 2
13 2
16 2
6 2
4 2
6 2
72 4
18 2
16 2
18 2
72 6
13 2
11 2
13 2
9 2
11 2
6 2
4 2
6 2
72 4
18 2
16 2
18 2
72 6
6 2
11 2
13 2
16 2
18 2
6 2
4 2
6 2
72 4
18 2
16 2
18 2
72 6
13 2
11 2
13 2
9 2
11 2
6 2
4 2
6 2
72 4
18 2
16 2
18 2
72 2
16 2
72 2
13 2
9 2
72 2
8 2
72 13
E
S
H
72 2
36 7
72 14
36 7
72 14
36 7
72 14
E
S
L
72 8
209 2
18 2
1325 2
203 2
1003 2
173 2
203 2
1325 2
18 2
18 2
203 2
1325 2
1003 2
18 2
203 2
1325 2
173 2
18 2
1325 2
203 2
1003 2
173 2
203 2
1325 2
18 2
18 2
203 2
1325 2
1003 2
18 2
203 2
1325 2
173 2
18 2
1325 2
203 2
1003 2
173 2
203 2
1325 2
18 2
18 2
203 2
1325 2
1003 2
18 2
203 2
1325 2
173 2
18 2
1325 2
203 2
1003 2
173 2
203 2
1325 2
72 7
203 2
1325 2
1003 2
1001 2
209 2
18 2
1325 2
203 2
1003 2
173 2
203 2
1325 2
18 2
18 2
203 2
1325 2
1003 2
18 2
203 2
1325 2
173 2
18 2
1325 2
203 2
1003 2
173 2
203 2
1325 2
18 2
18 2
203 2
1325 2
1003 2
18 2
203 2
1325 2
173 2
18 2
1325 2
203 2
1003 2
173 2
203 2
1325 2
18 2
203 2
1355 2
1325 2
1003 2
191 2
203 2
1325 2
173 2
18 2
1325 2
203 2
1003 2
173 2
203 2
1325 2
18 2
18 2
203 2
1325 2
1003 2
18 2
1003 2
1001 2
1469 2
215 2
1325 2
203 2
1003 2
1469 2
203 2
1325 2
215 2
215 2
1499 2
1325 2
1003 2
215 2
1499 2
1325 2
1469 2
215 2
1325 2
203 2
1003 2
1469 2
203 2
1325 2
215 2
215 2
1499 2
1325 2
1003 2
215 2
1499 2
1325 2
1469 2
215 2
1325 2
203 2
1003 2
1469 2
203 2
1325 2
215 2
1499 2
1499 2
1325 2
1003 2
1487 2
1499 2
1325 2
1469 2
215 2
1325 2
203 2
1003 2
1469 2
203 2
1325 2
1469 2
215 2
1003 2
1325 2
18 2
215 2
1003 2
1003 2
1505 2
215 2
1325 2
203 2
1003 2
1469 2
203 2
1325 2
215 2
215 2
1499 2
1325 2
1003 2
215 2
1499 2
1325 2
1469 2
215 2
1325 2
203 2
1003 2
1469 2
203 2
1325 2
215 2
215 2
1499 2
1325 2
1003 2
215 2
1499 2
1325 2
1469 2
215 2
1325 2
203 2
1003 2
1469 2
203 2
1325 2
215 2
1499 2
1499 2
1325 2
1003 2
1487 2
1499 2
1325 2
1469 2
215 2
1325 2
203 2
1003 2
1469 2
203 2
1325 2
215 2
215 2
1499 2
1325 2
1003 2
215 2
1003 2
1001 2
1469 2
215 2
1325 2
203 2
1003 2
1469 2
203 2
1325 2
215 2
215 2
1499 2
1325 2
1003 2
215 2
1499 2
1325 2
1469 2
215 2
1325 2
203 2
1003 2
1469 2
203 2
1325 2
215 2
215 2
1499 2
1325 2
1003 2
215 2
1499 2
1325 2
1469 2
215 2
1325 2
203 2
1003 2
1469 2
203 2
1325 2
215 2
1499 2
1499 2
1325 2
1003 2
1487 2
1499 2
1325 2
1469 2
215 2
1325 2
203 2
1003 2
1469 2
203 2
1325 2
215 2
215 2
1499 2
1325 2
1003 2
215 2
1499 2
1325 2
557 2
1003 2
173 2
18 2
18 2
18 2
557 2
557 2
1505 2
215 2
1325 2
203 2
1003 2
1469 2
203 2
1325 2
215 2
215 2
1499 2
1325 2
1003 2
215 2
1499 2
1325 2
1469 2
215 2
1325 2
203 2
1003 2
1469 2
203 2
1325 2
215 2
215 2
1499 2
1325 2
1003 2
215 2
1499 2
1325 2
1469 2
215 2
1325 2
203 2
1003 2
1469 2
203 2
1325 2
215 2
215 2
1499 2
1325 2
1003 2
215 2
1499 2
1325 2
1469 2
215 2
1325 2
203 2
1003 2
1469 2
203 2
1325 2
215 2
215 2
1499 2
1325 2
1003 2
215 2
1327 2
1003 2
1505 2
215 2
1325 2
203 2
1003 2
1469 2
203 2
1325 2
215 2
215 2
1499 2
1325 2
1003 2
215 2
1499 2
1325 2
1469 2
215 2
1325 2
203 2
1003 2
1469 2
203 2
1325 2
215 2
215 2
1499 2
1325 2
1003 2
215 2
1327 2
1277 2
209 2
18 2
1325 2
203 2
1003 2
173 2
203 2
1325 2
18 2
18 2
203 2
1325 2
1003 2
18 2
203 2
1325 2
173 2
18 2
1325 2
203 2
1003 2
173 2
203 2
1325 2
18 2
18 2
203 2
1325 2
1003 2
18 2
203 2
1325 2
173 2
18 2
1325 2
203 2
1003 2
173 2
203 2
1325 2
18 2
18 2
203 2
1325 2
1003 2
18 2
203 2
1325 2
173 2
18 2
1325 2
203 2
1003 2
173 2
203 2
1325 2
72 7
203 2
1325 2
1003 2
989 2
209 2
18 2
1325 2
203 2
1003 2
173 2
203 2
1325 2
18 2
18 2
203 2
1325 2
1003 2
18 2
203 2
1325 2
173 2
18 2
1325 2
203 2
1003 2
173 2
203 2
1325 2
18 2
18 2
203 2
1325 2
1003 2
18 2
203 2
1325 2
173 2
18 2
1325 2
203 2
1003 2
173 2
203 2
1205 2
18 2
203 2
1355 2
1325 2
1003 2
191 2
203 2
1325 2
173 2
18 2
1325 2
203 2
1003 2
173 2
203 2
1325 2
18 2
18 2
203 2
1325 2
1003 2
18 2
1003 2
1001 2
1469 2
215 2
1493 2
203 2
1003 2
1469 2
203 2
1325 2
215 2
215 2
1499 2
1325 2
1003 2
215 2
1499 2
1325 2
1469 2
215 2
1493 2
203 2
1003 2
1469 2
203 2
1325 2
215 2
215 2
1499 2
1325 2
1003 2
215 2
1499 2
1325 2
1469 2
215 2
1493 2
203 2
1003 2
1469 2
203 2
1489 2
215 2
1499 2
1499 2
1325 2
1003 2
1487 2
1499 2
1325 2
1469 2
215 2
1493 2
203 2
1003 2
1469 2
203 2
1325 2
1469 2
215 2
1495 2
1325 2
18 2
215 2
1003 2
1003 2
1505 2
215 2
1493 2
203 2
1003 2
1469 2
203 2
1325 2
215 2
215 2
1499 2
1325 2
1003 2
215 2
1499 2
1325 2
1469 2
215 2
1493 2
203 2
1003 2
1469 2
203 2
1493 2
215 2
215 2
1499 2
1325 2
1003 2
215 2
1499 2
1325 2
1469 2
215 2
1493 2
203 2
1003 2
1469 2
203 2
1489 2
215 2
1499 2
1499 2
1325 2
1003 2
1487 2
1499 2
1325 2
1469 2
215 2
1325 2
203 2
1003 2
1469 2
203 2
1493 2
215 2
215 2
1499 2
1325 2
1003 2
215 2
1003 2
1001 2
1469 2
215 2
1493 2
203 2
1003 2
1469 2
203 2
1325 2
215 2
215 2
1499 2
1325 2
1003 2
215 2
1499 2
1325 2
1469 2
215 2
1493 2
203 2
1003 2
1469 2
203 2
1325 2
215 2
215 2
1499 2
1325 2
1003 2
215 2
1499 2
1325 2
1469 2
215 2
1493 2
203 2
1003 2
1469 2
203 2
1489 2
215 2
1499 2
1499 2
1325 2
1003 2
1487 2
1499 2
1325 2
1469 2
215 2
1493 2
203 2
1003 2
1469 2
203 2
1325 2
215 2
215 2
1499 2
1325 2
1003 2
215 2
1499 2
1325 2
557 2
1003 2
173 2
18 2
18 2
18 2
557 2
557 2
1505 2
215 2
1325 2
203 2
1003 2
1469 2
203 2
1325 2
215 2
215 2
1499 2
1325 2
1003 2
215 2
1499 2
1325 2
1469 2
215 2
1325 2
203 2
1003 2
1469 2
203 2
1325 2
215 2
215 2
1499 2
1325 2
1003 2
215 2
1499 2
1325 2
1469 2
215 2
1325 2
203 2
1003 2
1469 2
203 2
1325 2
215 2
215 2
1499 2
1325 2
1003 2
215 2
1499 2
1325 2
1469 2
215 2
1325 2
203 2
1003 2
1469 2
203 2
1325 2
215 2
215 2
1499 2
1325 2
1003 2
215 2
1327 2
1003 2
1505 2
215 2
1325 2
203 2
1003 2
1469 2
203 2
1325 2
215 2
215 2
1499 2
1325 2
1003 2
215 2
1499 2
1325 2
1469 2
215 2
1325 2
203 2
1003 2
1469 2
203 2
1325 2
215 2
215 2
1499 2
1325 2
1003 2
215 2
1327 2
1003 2
209 2
18 2
1325 2
203 2
1003 2
173 2
203 2
1325 2
18 2
18 2
203 2
1325 2
1003 2
18 2
203 2
1325 2
173 2
18 2
1325 2
203 2
1003 2
173 2
203 2
1325 2
18 2
18 2
203 2
1325 2
1003 2
18 2
203 2
1325 2
173 2
18 2
1325 2
203 2
1003 2
173 2
203 2
1325 2
18 2
18 2
203 2
1325 2
1003 2
18 2
203 2
1325 2
173 2
18 2
1325 2
203 2
1003 2
173 2
203 2
1325 2
72 7
203 2
1325 2
1003 2
989 2
72 13
E
X
