minor
S
H
101 4
192 4
153 4
192 4
101 4
192 4
153 4
192 4
153 4
192 4
101 4
192 4
101 4
192 4
153 4
192 4
101 4
192 4
153 4
192 4
101 4
192 4
153 4
192 4
153 4
192 4
101 4
192 4
101 4
192 4
153 4
192 4
101 4
192 4
153 4
192 4
101 4
192 4
153 4
192 4
153 4
192 4
101 4
192 4
101 4
192 4
153 4
192 4
114 4
205 4
166 4
205 4
166 4
205 4
114 4
205 4
114 4
205 4
166 4
205 4
166 4
205 4
114 4
205 4
114 4
205 4
166 4
205 4
166 4
205 4
114 4
205 4
114 4
205 4
166 4
205 4
166 4
205 4
114 4
205 4
101 4
52 4
101 4
52 4
101 4
52 4
101 4
52 4
101 4
52 4
101 4
52 4
101 4
52 4
101 4
52 4
101 4
52 4
101 4
52 4
101 4
52 4
101 4
52 4
101 4
52 4
101 4
52 4
101 4
52 4
101 4
52 4
101 4
52 4
101 4
52 4
101 4
52 4
101 4
52 4
101 4
52 4
101 4
52 4
101 4
52 4
101 4
52 4
101 4
52 4
102 4
52 4
101 4
52 4
106 4
52 4
106 4
52 4
102 4
52 4
101 4
52 4
102 4
52 4
101 4
192 4
153 4
192 4
101 4
192 4
153 4
192 4
153 4
192 4
101 4
192 4
101 4
192 4
153 4
192 4
101 4
1200 4
153 4
192 4
101 4
1200 4
153 4
192 4
153 4
192 4
101 4
192 4
101 4
1200 4
153 4
192 4
114 4
53 4
114 4
53 4
114 4
53 4
114 4
53 4
114 4
53 4
114 4
53 4
114 4
53 4
114 4
53 4
101 4
52 4
101 4
52 4
101 4
52 4
101 4
52 4
101 4
52 4
101 4
52 4
101 4
52 4
101 4
52 4
114 4
53 4
114 4
53 4
114 4
53 4
114 4
53 4
114 4
53 4
114 4
53 4
114 4
53 4
114 4
53 4
101 4
52 4
101 4
52 4
101 4
52 4
101 4
52 4
101 4
52 4
101 4
52 4
101 4
52 4
101 4
52 4
101 4
52 4
101 4
52 4
101 4
52 4
101 4
52 4
114 4
53 4
114 4
53 4
114 4
53 4
114 4
53 4
101 4
52 4
101 4
52 4
101 4
52 4
101 4
52 4
244 4
51 4
47 4
51 4
48 4
52 4
55 4
59 4
101 4
192 4
153 4
192 4
101 7
101 4
192 4
153 4
192 4
101 7
101 4
192 4
153 4
192 4
101 7
101 4
192 4
153 4
192 4
166 4
127 4
244 4
205 4
179 4
166 4
127 4
114 4
72 14
48 4
43 4
40 4
43 4
48 4
43 4
40 4
43 4
48 4
43 4
40 4
43 4
48 4
43 4
40 4
43 4
48 4
43 4
40 4
43 4
44 4
39 4
36 4
39 4
44 4
39 4
36 4
39 4
44 4
39 4
36 4
39 4
44 4
39 4
36 4
39 4
44 4
39 4
36 4
39 4
48 4
43 4
40 4
43 4
48 4
43 4
40 4
43 4
48 4
43 4
40 4
43 4
48 4
43 4
40 4
43 4
48 4
43 4
40 4
43 4
44 4
39 4
36 4
39 4
44 4
39 4
36 4
39 4
44 4
39 4
36 4
39 4
44 4
39 4
36 4
39 4
44 4
39 4
36 4
39 4
48 4
43 4
40 4
43 4
48 4
43 4
40 4
43 4
48 4
43 4
40 4
43 4
48 4
43 4
40 4
43 4
48 4
43 4
40 4
43 4
44 4
39 4
36 4
39 4
44 4
39 4
36 4
39 4
44 4
39 4
36 4
39 4
44 4
39 4
36 4
39 4
44 4
39 4
72 14
205 4
140 4
101 4
140 4
205 4
140 4
101 4
140 4
101 4
140 4
205 4
140 4
205 4
140 4
101 4
140 4
205 4
140 4
101 4
140 4
205 4
140 4
101 4
140 4
101 4
140 4
205 4
140 4
205 4
140 4
101 4
140 4
218 4
153 4
114 4
153 4
218 4
153 4
114 4
153 4
114 4
153 4
218 4
153 4
218 4
153 4
114 4
153 4
244 4
179 4
140 4
179 4
244 4
179 4
140 4
179 4
140 4
179 4
244 4
179 4
244 4
179 4
140 4
179 4
114 4
205 4
166 4
205 4
114 4
205 4
166 4
205 4
166 4
205 4
114 4
205 4
114 4
205 4
166 4
205 4
114 4
205 4
166 4
205 4
114 4
205 4
166 4
205 4
166 4
205 4
114 4
205 4
114 4
205 4
166 4
205 4
61 10
66 10
61 10
65 10
61 10
63 10
61 10
65 10
61 10
66 4
66 10
61 10
65 10
61 10
63 4
63 9
61 9
65 9
61 10
66 4
66 10
61 10
65 10
61 10
63 4
63 9
61 9
65 9
72 14
231 4
166 4
127 4
231 4
166 4
231 4
166 4
127 4
231 4
127 4
231 4
166 4
127 4
166 4
231 4
127 4
101 4
192 4
101 4
192 4
101 4
192 4
153 4
192 4
101 4
192 4
153 4
166 4
153 4
192 4
101 4
192 4
231 4
166 4
127 4
166 4
127 4
166 4
231 4
166 4
231 4
166 4
127 4
166 4
127 4
166 4
231 4
166 4
101 4
192 4
153 4
192 4
153 4
192 4
101 4
192 4
101 4
192 4
153 4
192 4
153 4
192 4
101 4
192 4
101 4
52 4
101 4
52 4
101 4
52 4
101 4
52 4
101 4
52 4
101 4
52 4
101 4
52 4
101 4
52 4
101 4
52 4
101 4
52 4
101 4
52 4
101 4
52 4
101 4
52 4
101 4
52 4
101 4
52 4
101 4
52 4
101 4
52 4
101 4
52 4
101 4
52 4
101 4
52 4
101 4
52 4
101 4
52 4
101 4
52 4
101 4
52 4
101 4
52 4
102 4
52 4
101 4
52 4
106 4
52 4
106 4
52 4
102 4
52 4
101 4
52 4
102 4
52 4
101 4
192 4
153 4
192 4
101 4
192 4
153 4
192 4
153 4
192 4
101 4
192 4
101 4
192 4
153 4
192 4
101 4
1200 4
153 4
192 4
101 4
1200 4
153 4
192 4
153 4
192 4
101 4
192 4
101 4
1200 4
153 4
192 4
114 4
53 4
114 4
53 4
114 4
53 4
114 4
53 4
114 4
53 4
114 4
53 4
114 4
53 4
114 4
53 4
101 4
52 4
101 4
52 4
101 4
52 4
101 4
52 4
101 4
52 4
101 4
52 4
101 4
52 4
101 4
52 4
114 4
53 4
114 4
53 4
114 4
53 4
114 4
53 4
114 4
53 4
114 4
53 4
114 4
53 4
114 4
53 4
101 4
52 4
101 4
52 4
101 4
52 4
101 4
52 4
101 4
52 4
101 4
52 4
101 4
52 4
101 4
52 4
101 4
52 4
101 4
52 4
101 4
52 4
101 4
52 4
114 4
53 4
114 4
53 4
114 4
53 4
114 4
53 4
101 4
52 4
101 4
52 4
101 4
52 4
101 4
52 4
244 4
51 4
47 4
51 4
48 4
52 4
55 4
59 4
101 4
192 4
153 4
192 4
101 7
101 4
192 4
153 4
192 4
101 7
101 4
192 4
153 4
192 4
101 7
101 4
192 4
153 4
192 4
166 4
127 4
244 4
205 4
179 4
166 4
127 4
114 4
72 14
48 4
43 4
40 4
43 4
48 4
43 4
40 4
43 4
48 4
43 4
40 4
43 4
48 4
43 4
40 4
43 4
48 4
43 4
40 4
43 4
44 4
39 4
36 4
39 4
44 4
39 4
36 4
39 4
44 4
39 4
36 4
39 4
44 4
39 4
36 4
39 4
44 4
39 4
36 4
39 4
48 4
43 4
40 4
43 4
48 4
43 4
40 4
43 4
48 4
43 4
40 4
43 4
48 4
43 4
40 4
43 4
48 4
43 4
40 4
43 4
44 4
39 4
36 4
39 4
44 4
39 4
36 4
39 4
44 4
39 4
36 4
39 4
44 4
39 4
36 4
39 4
44 4
39 4
36 4
39 4
48 4
43 4
40 4
43 4
48 4
43 4
40 4
43 4
48 4
43 4
40 4
43 4
48 4
43 4
40 4
43 4
48 4
43 4
40 4
43 4
44 4
39 4
36 4
39 4
44 4
39 4
36 4
39 4
44 4
39 4
36 4
39 4
44 4
39 4
36 4
39 4
44 4
39 4
72 14
205 4
140 4
101 4
140 4
205 4
140 4
101 4
140 4
101 4
140 4
205 4
140 4
205 4
140 4
101 4
140 4
205 4
140 4
101 4
140 4
205 4
140 4
101 4
140 4
101 4
140 4
205 4
140 4
205 4
140 4
101 4
140 4
218 4
153 4
114 4
153 4
218 4
153 4
114 4
153 4
114 4
153 4
218 4
153 4
218 4
153 4
114 4
153 4
244 4
179 4
140 4
179 4
244 4
179 4
140 4
179 4
140 4
179 4
244 4
179 4
244 4
179 4
140 4
179 4
114 4
205 4
166 4
205 4
114 4
205 4
166 4
205 4
166 4
205 4
114 4
205 4
114 4
205 4
166 4
205 4
114 4
205 4
166 4
205 4
114 4
205 4
166 4
205 4
166 4
205 4
114 4
205 4
114 4
205 4
166 4
205 4
61 10
66 10
61 10
65 10
61 10
63 10
61 10
65 10
61 10
66 4
66 10
61 10
65 10
61 10
63 4
63 9
61 9
65 9
61 10
66 4
66 10
61 10
65 10
61 10
63 4
63 9
61 9
65 9
72 14
231 4
166 4
127 4
231 4
166 4
231 4
166 4
127 4
231 4
127 4
231 4
166 4
127 4
166 4
231 4
127 4
101 4
192 4
101 4
192 4
101 4
192 4
153 4
192 4
101 4
192 4
153 4
166 4
153 4
192 4
101 4
192 4
231 4
166 4
127 4
166 4
127 4
166 4
231 4
166 4
231 4
166 4
127 4
166 4
127 4
166 4
231 4
166 4
101 4
192 4
153 4
192 4
153 4
192 4
101 4
192 4
101 4
192 4
153 4
192 4
153 4
192 4
101 4
192 4
E
S
L
12 2
16 2
12 2
16 2
12 2
16 2
12 2
16 2
12 2
16 2
12 2
16 2
12 2
16 2
12 2
16 2
12 2
16 2
12 2
16 2
12 2
16 2
12 2
16 2
12 2
16 2
12 2
16 2
12 2
16 2
12 2
16 2
12 2
16 2
12 2
16 2
12 2
16 2
12 2
16 2
12 2
16 2
12 2
16 2
12 2
16 2
12 2
16 2
10 2
13 2
10 2
13 2
10 2
13 2
10 2
13 2
10 2
13 2
10 2
13 2
10 2
13 2
10 2
13 2
13 2
17 2
13 2
17 2
13 2
17 2
13 2
17 2
13 2
17 2
13 2
17 2
13 2
17 2
13 2
17 2
12 2
16 2
12 2
16 2
12 2
16 2
12 2
16 2
12 2
16 2
12 2
16 2
12 2
16 2
12 2
16 2
12 2
16 2
12 2
16 2
12 2
16 2
12 2
16 2
12 2
16 2
12 2
16 2
12 2
16 2
12 2
16 2
12 2
16 2
12 2
16 2
12 2
16 2
12 2
16 2
12 2
16 2
12 2
16 2
12 2
16 2
12 2
16 2
12 2
16 2
12 2
16 2
12 2
16 2
12 2
16 2
12 2
16 2
12 2
16 2
12 2
16 2
12 2
16 2
12 2
16 2
12 2
16 2
12 2
16 2
12 2
16 2
12 2
16 2
12 2
16 2
12 2
16 2
12 2
16 2
12 2
16 2
12 2
16 2
12 2
16 2
12 2
16 2
12 2
16 2
12 2
16 2
12 2
16 2
12 2
16 2
13 2
17 2
13 2
17 2
13 2
17 2
13 2
17 2
13 2
17 2
13 2
17 2
13 2
17 2
13 2
17 2
12 2
16 2
12 2
16 2
12 2
16 2
12 2
16 2
12 2
16 2
12 2
16 2
12 2
16 2
12 2
16 2
13 2
17 2
13 2
17 2
13 2
17 2
13 2
17 2
13 2
17 2
13 2
17 2
13 2
17 2
13 2
17 2
12 2
16 2
12 2
16 2
12 2
16 2
12 2
16 2
12 2
16 2
12 2
16 2
12 2
16 2
12 2
16 2
12 2
16 2
12 2
16 2
12 2
16 2
12 2
16 2
13 2
17 2
13 2
17 2
13 2
17 2
13 2
17 2
12 2
16 2
12 2
16 2
12 2
16 2
12 2
16 2
11 2
15 2
11 2
15 2
12 2
16 2
19 2
23 2
24 2
19 2
16 2
19 2
24 2
19 2
16 2
19 2
16 2
19 2
24 2
19 2
24 2
19 2
16 2
19 2
24 2
19 2
16 2
19 2
24 2
19 2
16 2
19 2
16 2
19 2
24 2
19 2
29 2
26 2
23 2
20 2
18 2
17 2
14 2
13 2
72 14
13 2
20 2
13 2
20 2
13 2
20 2
13 2
20 2
13 2
20 2
13 2
20 2
13 2
20 2
9 2
16 2
9 2
16 2
9 2
16 2
9 2
16 2
9 2
16 2
9 2
16 2
9 2
16 2
11 2
18 2
11 2
18 2
11 2
18 2
11 2
18 2
11 2
18 2
11 2
18 2
11 2
18 2
14 2
21 2
14 2
21 2
14 2
21 2
14 2
21 2
14 2
21 2
14 2
21 2
14 2
21 2
72 14
24 2
22 2
20 2
18 2
13 2
18 2
13 2
18 2
13 2
18 2
13 2
18 2
13 2
17 2
13 2
17 2
13 2
17 2
13 2
17 2
13 2
15 2
13 2
15 2
13 2
15 2
13 2
15 2
13 2
17 2
13 2
17 2
17 2
16 2
15 2
13 2
13 2
18 2
13 2
18 2
13 2
18 2
13 2
18 2
13 2
17 2
13 2
17 2
13 2
17 2
13 2
17 2
13 2
15 2
13 2
15 2
13 2
15 2
13 2
15 2
13 2
17 2
13 2
17 2
17 2
16 2
15 2
13 2
12 2
16 2
12 2
16 2
12 2
16 2
12 2
16 2
12 2
16 2
12 2
16 2
12 2
16 2
12 2
16 2
12 2
16 2
12 2
16 2
12 2
16 2
12 2
16 2
12 2
16 2
12 2
16 2
12 2
16 2
12 2
16 2
12 2
16 2
12 2
16 2
12 2
16 2
12 2
16 2
12 2
16 2
12 2
16 2
12 2
16 2
12 2
16 2
12 2
16 2
12 2
16 2
12 2
16 2
12 2
16 2
12 2
16 2
12 2
16 2
12 2
16 2
12 2
16 2
12 2
16 2
12 2
16 2
12 2
16 2
12 2
16 2
12 2
16 2
12 2
16 2
12 2
16 2
12 2
16 2
12 2
16 2
12 2
16 2
12 2
16 2
19 2
16 2
12 2
16 2
19 2
16 2
24 2
19 2
16 2
12 2
10 2
14 2
10 2
14 2
10 2
14 2
10 2
14 2
10 2
14 2
10 2
14 2
10 2
14 2
10 2
14 2
12 2
16 2
12 2
16 2
12 2
16 2
12 2
16 2
12 2
16 2
12 2
16 2
12 2
16 2
12 2
16 2
10 2
14 2
10 2
14 2
10 2
14 2
10 2
14 2
10 2
14 2
10 2
14 2
10 2
14 2
10 2
14 2
12 2
16 2
12 2
16 2
12 2
16 2
12 2
16 2
12 2
16 2
12 2
16 2
12 2
16 2
12 2
16 2
12 2
16 2
12 2
16 2
12 2
16 2
12 2
16 2
12 2
16 2
12 2
16 2
12 2
16 2
12 2
16 2
12 2
16 2
12 2
16 2
12 2
16 2
12 2
16 2
12 2
16 2
12 2
16 2
12 2
16 2
12 2
16 2
12 2
16 2
12 2
16 2
12 2
16 2
12 2
16 2
12 2
16 2
12 2
16 2
12 2
16 2
12 2
16 2
12 2
16 2
12 2
16 2
12 2
16 2
12 2
16 2
12 2
16 2
12 2
16 2
12 2
16 2
12 2
16 2
12 2
16 2
12 2
16 2
12 2
16 2
12 2
16 2
12 2
16 2
12 2
16 2
12 2
16 2
12 2
16 2
12 2
16 2
12 2
16 2
12 2
16 2
12 2
16 2
12 2
16 2
12 2
16 2
12 2
16 2
12 2
16 2
13 2
17 2
13 2
17 2
13 2
17 2
13 2
17 2
13 2
17 2
13 2
17 2
13 2
17 2
13 2
17 2
12 2
16 2
12 2
16 2
12 2
16 2
12 2
16 2
12 2
16 2
12 2
16 2
12 2
16 2
12 2
16 2
13 2
17 2
13 2
17 2
13 2
17 2
13 2
17 2
13 2
17 2
13 2
17 2
13 2
17 2
13 2
17 2
12 2
16 2
12 2
16 2
12 2
16 2
12 2
16 2
12 2
16 2
12 2
16 2
12 2
16 2
12 2
16 2
12 2
16 2
12 2
16 2
12 2
16 2
12 2
16 2
13 2
17 2
13 2
17 2
13 2
17 2
13 2
17 2
12 2
16 2
12 2
16 2
12 2
16 2
12 2
16 2
11 2
15 2
11 2
15 2
12 2
16 2
19 2
23 2
24 2
19 2
16 2
19 2
24 2
19 2
16 2
19 2
16 2
19 2
24 2
19 2
24 2
19 2
16 2
19 2
24 2
19 2
16 2
19 2
24 2
19 2
16 2
19 2
16 2
19 2
24 2
19 2
29 2
26 2
23 2
20 2
18 2
17 2
14 2
13 2
72 14
13 2
20 2
13 2
20 2
13 2
20 2
13 2
20 2
13 2
20 2
13 2
20 2
13 2
20 2
9 2
16 2
9 2
16 2
9 2
16 2
9 2
16 2
9 2
16 2
9 2
16 2
9 2
16 2
11 2
18 2
11 2
18 2
11 2
18 2
11 2
18 2
11 2
18 2
11 2
18 2
11 2
18 2
14 2
21 2
14 2
21 2
14 2
21 2
14 2
21 2
14 2
21 2
14 2
21 2
14 2
21 2
72 14
24 2
22 2
20 2
18 2
13 2
18 2
13 2
18 2
13 2
18 2
13 2
18 2
13 2
17 2
13 2
17 2
13 2
17 2
13 2
17 2
13 2
15 2
13 2
15 2
13 2
15 2
13 2
15 2
13 2
17 2
13 2
17 2
17 2
16 2
15 2
13 2
13 2
18 2
13 2
18 2
13 2
18 2
13 2
18 2
13 2
17 2
13 2
17 2
13 2
17 2
13 2
17 2
13 2
15 2
13 2
15 2
13 2
15 2
13 2
15 2
13 2
17 2
13 2
17 2
17 2
16 2
15 2
13 2
12 2
16 2
12 2
16 2
12 2
16 2
12 2
16 2
12 2
16 2
12 2
16 2
12 2
16 2
12 2
16 2
12 2
16 2
12 2
16 2
12 2
16 2
12 2
16 2
12 2
16 2
12 2
16 2
12 2
16 2
12 2
16 2
12 2
16 2
12 2
16 2
12 2
16 2
12 2
16 2
12 2
16 2
12 2
16 2
12 2
16 2
12 2
16 2
12 2
16 2
12 2
16 2
12 2
16 2
12 2
16 2
12 2
16 2
12 2
16 2
12 2
16 2
12 2
16 2
12 2
16 2
12 2
16 2
12 2
16 2
12 2
16 2
12 2
16 2
12 2
16 2
12 2
16 2
12 2
16 2
12 2
16 2
12 2
16 2
12 2
16 2
19 2
16 2
12 2
16 2
19 2
16 2
24 2
19 2
16 2
12 2
10 2
14 2
10 2
14 2
10 2
14 2
10 2
14 2
10 2
14 2
10 2
14 2
10 2
14 2
10 2
14 2
12 2
16 2
12 2
16 2
12 2
16 2
12 2
16 2
12 2
16 2
12 2
16 2
12 2
16 2
12 2
16 2
10 2
14 2
10 2
14 2
10 2
14 2
10 2
14 2
10 2
14 2
10 2
14 2
10 2
14 2
10 2
14 2
12 2
16 2
12 2
16 2
12 2
16 2
12 2
16 2
12 2
16 2
12 2
16 2
12 2
16 2
12 2
16 2
E
S
L
72 14
192 4
205 4
192 4
114 4
101 4
218 7
205 4
231 11
192 11
72 14
12 2
13 2
10 2
13 2
12 4
12 2
13 2
10 2
13 2
12 4
12 2
13 2
15 2
17 2
15 2
13 2
12 2
10 2
8 2
9 2
7 2
9 2
8 4
8 2
9 2
7 2
9 2
8 4
8 2
9 2
11 2
13 2
11 2
9 2
9 2
10 2
12 2
13 2
10 2
13 2
12 4
12 2
13 2
10 2
13 2
12 4
12 2
13 2
15 2
17 2
15 2
13 2
12 2
10 2
8 2
9 2
7 2
9 2
8 4
8 2
9 2
7 2
9 2
8 4
8 2
9 2
11 2
13 2
11 2
9 2
9 2
10 2
12 2
13 2
10 2
13 2
12 4
12 2
13 2
10 2
13 2
12 4
12 2
13 2
15 2
17 2
15 2
13 2
12 2
10 2
8 2
9 2
6 2
9 2
8 4
8 2
9 2
6 2
9 2
8 4
8 2
9 2
11 2
13 2
11 2
9 2
9 2
11 2
12 2
13 2
10 2
13 2
12 4
12 2
13 2
10 2
13 2
12 4
12 2
13 2
15 2
17 2
15 2
13 2
12 2
10 2
8 2
9 2
6 2
9 2
8 4
8 2
9 2
6 2
9 2
8 4
8 2
9 2
11 2
13 2
11 2
9 2
72 14
192 4
205 4
192 4
114 4
101 4
218 7
205 4
231 11
192 11
72 14
12 2
13 2
10 2
13 2
12 4
12 2
13 2
10 2
13 2
12 4
12 2
13 2
15 2
17 2
15 2
13 2
12 2
10 2
8 2
9 2
7 2
9 2
8 4
8 2
9 2
7 2
9 2
8 4
8 2
9 2
11 2
13 2
11 2
9 2
9 2
10 2
12 2
13 2
10 2
13 2
12 4
12 2
13 2
10 2
13 2
12 4
12 2
13 2
15 2
17 2
15 2
13 2
12 2
10 2
8 2
9 2
7 2
9 2
8 4
8 2
9 2
7 2
9 2
8 4
8 2
9 2
11 2
13 2
11 2
9 2
9 2
10 2
12 2
13 2
10 2
13 2
12 4
12 2
13 2
10 2
13 2
12 4
12 2
13 2
15 2
17 2
15 2
13 2
12 2
10 2
8 2
9 2
6 2
9 2
8 4
8 2
9 2
6 2
9 2
8 4
8 2
9 2
11 2
13 2
11 2
9 2
9 2
11 2
12 2
13 2
10 2
13 2
12 4
12 2
13 2
10 2
13 2
12 4
12 2
13 2
15 2
17 2
15 2
13 2
12 2
10 2
8 2
9 2
6 2
9 2
8 4
8 2
9 2
6 2
9 2
8 4
8 2
9 2
11 2
13 2
11 2
9 2
E
S
H
72 14
43 4
44 4
43 4
49 4
48 4
45 7
44 4
72 13
48 4
49 4
48 4
54 4
53 4
52 7
51 4
48 13
72 14
60 4
72 2
64 4
72 4
60 4
72 2
64 4
72 12
41 4
38 4
38 4
41 4
42 11
72 14
48 4
49 4
46 4
49 4
48 4
48 4
49 4
46 4
49 4
48 4
48 4
49 4
51 4
53 4
51 4
49 4
48 4
46 4
44 4
45 4
42 4
45 4
44 4
44 4
45 4
42 4
45 4
44 4
44 4
45 4
47 4
49 4
47 4
45 2
45 4
47 4
48 4
49 4
46 4
49 4
48 4
60 4
61 4
58 4
61 4
60 4
48 4
49 4
51 4
53 4
51 4
49 4
48 4
46 4
44 4
45 4
42 4
45 4
44 4
56 4
57 4
54 4
57 4
56 4
44 4
45 4
47 4
49 4
47 4
45 4
72 14
43 4
44 4
43 4
49 4
48 4
45 7
44 4
72 13
48 4
49 4
48 4
54 4
53 4
52 7
51 4
48 13
72 14
60 4
72 2
64 4
72 4
60 4
72 2
64 4
72 12
41 4
38 4
38 4
41 4
42 11
72 14
48 4
49 4
46 4
49 4
48 4
48 4
49 4
46 4
49 4
48 4
48 4
49 4
51 4
53 4
51 4
49 4
48 4
46 4
44 4
45 4
42 4
45 4
44 4
44 4
45 4
42 4
45 4
44 4
44 4
45 4
47 4
49 4
47 4
45 2
45 4
47 4
48 4
49 4
46 4
49 4
48 4
60 4
61 4
58 4
61 4
60 4
48 4
49 4
51 4
53 4
51 4
49 4
48 4
46 4
44 4
45 4
42 4
45 4
44 4
56 4
57 4
54 4
57 4
56 4
44 4
45 4
47 4
49 4
47 4
45 4
E
S
H
72 14
41 13
72 14
24 13
37 4
39 4
41 6
43 2
44 4
46 4
49 2
46 2
46 2
44 2
43 10
42 0
41 0
72 2
40 11
37 8
39 2
41 2
43 2
44 4
46 4
49 2
46 2
46 2
49 2
48 11
52 11
72 14
24 12
72 4
22 6
24 4
72 7
24 12
72 4
25 6
24 4
72 14
37 6
44 6
43 4
39 4
40 4
37 4
33 6
40 6
39 4
35 4
36 4
33 4
35 6
42 6
41 4
37 4
38 4
35 4
38 6
45 6
44 4
40 4
42 4
38 4
72 14
42 11
41 11
39 11
41 11
42 11
41 11
39 11
41 11
42 11
41 11
39 11
41 11
72 14
43 4
44 4
43 4
49 4
48 4
45 7
44 4
46 11
47 11
48 13
51 2
52 13
29 4
26 4
34 4
29 4
38 4
34 4
41 4
38 4
36 11
31 11
29 4
26 4
34 4
29 4
38 4
34 4
41 4
38 4
36 10
39 2
40 11
72 14
24 13
37 4
39 4
41 6
43 2
44 4
46 4
49 2
46 2
46 2
44 2
43 10
42 0
72 0
41 0
72 1
40 11
37 8
39 2
41 2
43 2
44 4
46 4
49 2
46 2
46 2
49 2
48 11
52 11
72 14
24 12
72 4
22 6
24 4
72 7
24 12
72 4
25 6
24 4
72 14
37 6
44 6
43 4
39 4
40 4
37 4
33 6
40 6
39 4
35 4
36 4
33 4
35 6
42 6
41 4
37 4
38 4
35 4
38 6
45 6
44 4
40 4
42 4
38 4
72 14
42 11
41 11
39 11
41 11
42 11
41 11
39 11
41 11
42 11
41 11
39 11
41 11
72 14
43 4
44 4
43 4
49 4
48 4
45 7
44 4
46 11
47 11
48 13
51 2
52 13
29 4
26 4
34 4
29 4
38 4
34 4
41 4
38 4
36 11
31 11
29 4
26 4
34 4
29 4
38 4
34 4
41 4
38 4
36 10
39 2
40 11
E
S
H
72 14
24 13
37 4
39 4
41 6
43 2
44 4
46 4
49 2
46 2
46 2
44 2
43 10
42 0
41 0
72 2
40 11
37 8
39 2
41 2
43 2
44 4
46 4
49 2
46 2
46 2
49 2
48 11
52 11
72 14
36 6
37 6
36 6
42 6
41 6
38 9
37 6
39 12
72 0
38 2
37 2
36 12
36 6
37 6
36 6
42 6
41 6
38 9
37 6
39 12
72 0
39 2
40 2
41 12
72 14
37 12
33 12
35 12
38 12
72 14
24 13
37 4
39 4
41 6
43 2
44 4
46 4
49 2
46 2
46 2
44 2
43 10
42 0
72 0
41 0
72 1
40 11
37 8
39 2
41 2
43 2
44 4
46 4
49 2
46 2
46 2
49 2
48 11
52 11
72 14
36 6
37 6
36 6
42 6
41 6
38 9
37 6
39 12
38 2
37 2
36 12
36 6
37 6
36 6
42 6
41 6
38 9
37 6
39 12
39 2
40 2
41 12
72 14
37 12
33 12
35 12
38 12
E
S
L
122 12
30 0
30 0
30 0
30 0
30 0
30 0
30 0
30 0
30 0
30 0
30 0
30 0
30 0
30 0
30 0
30 0
30 0
30 0
30 0
30 0
30 0
30 0
30 0
30 0
122 12
30 0
30 0
30 0
30 0
30 0
30 0
30 0
30 0
30 0
30 0
30 0
30 0
30 0
30 0
30 0
30 0
30 0
30 0
30 0
30 0
30 0
30 0
30 0
30 0
E
S
H
72 14
48 6
49 6
48 6
54 6
53 6
50 9
49 6
51 12
72 0
50 2
49 2
48 9
72 9
48 6
49 6
48 6
54 6
53 6
50 9
49 6
51 12
72 0
51 2
52 2
53 9
72 12
41 13
39 8
41 8
72 2
41 13
54 8
53 8
72 2
41 13
39 8
41 8
72 2
41 12
72 14
48 6
49 6
48 6
54 6
53 6
50 9
49 6
51 12
50 2
49 2
48 9
72 9
48 6
49 6
48 6
54 6
53 6
50 9
49 6
51 12
51 2
52 2
53 9
72 12
41 13
39 8
41 8
72 2
41 13
54 8
53 8
72 2
41 13
39 8
41 8
72 2
41 12
E
S
L
72 14
14 0
72 2
12 0
72 2
18 0
72 2
14 0
72 2
18 0
72 2
173 0
72 4
14 0
72 2
18 0
72 2
12 0
72 2
18 0
72 2
14 0
72 2
18 0
72 2
173 0
72 2
11 0
72 2
14 0
72 2
14 0
72 2
12 0
72 2
18 0
72 2
14 0
72 2
18 0
72 2
173 0
72 4
14 0
72 2
18 0
72 2
12 0
72 2
18 0
72 2
14 0
72 2
18 0
72 2
173 0
72 2
11 0
72 2
14 0
72 2
14 0
72 2
12 0
72 2
18 0
72 2
14 0
72 2
18 0
72 2
173 0
72 4
14 0
72 2
18 0
72 2
12 0
72 2
18 0
72 2
14 0
72 2
18 0
72 2
173 0
72 2
11 0
72 2
14 0
72 2
14 0
72 2
12 0
72 2
18 0
72 2
14 0
72 2
18 0
72 2
173 0
72 4
14 0
72 2
18 0
72 2
12 0
72 2
18 0
72 2
14 0
72 2
18 0
72 2
173 0
72 4
14 0
72 2
18 0
72 2
12 0
72 2
18 0
72 2
14 0
72 2
18 0
72 2
173 0
72 4
14 0
72 2
18 0
72 2
12 0
72 2
18 0
72 2
14 0
72 2
18 0
72 2
173 0
72 4
14 0
72 2
18 0
72 2
12 0
72 2
18 0
72 2
14 0
72 2
18 0
72 2
173 0
72 4
14 0
72 2
18 0
72 2
12 0
72 2
18 0
72 2
14 0
72 2
18 0
72 2
173 0
72 4
14 0
72 2
18 0
72 2
12 0
72 2
18 0
72 2
14 0
72 2
18 0
72 2
173 0
72 4
14 0
72 2
18 0
72 2
12 0
72 2
18 0
72 2
14 0
72 2
18 0
72 2
173 0
72 4
14 0
72 2
18 0
72 2
12 0
72 2
18 0
72 2
14 0
72 2
18 0
72 2
173 0
72 4
14 0
72 2
18 0
72 2
12 0
72 2
18 0
72 2
14 0
72 2
18 0
72 2
173 0
72 2
11 0
72 2
14 0
72 2
14 0
72 2
12 0
72 2
18 0
72 2
14 0
72 2
18 0
72 2
173 0
72 4
14 0
72 2
18 0
72 2
12 0
72 2
18 0
72 2
14 0
72 2
18 0
72 2
173 0
72 2
11 0
72 2
14 0
72 2
14 0
72 2
12 0
72 2
18 0
72 2
14 0
72 2
18 0
72 2
173 0
72 4
14 0
72 2
18 0
72 2
12 0
72 2
18 0
72 2
14 0
72 2
18 0
72 2
173 0
72 2
11 0
72 2
14 0
72 2
14 0
72 2
12 0
72 2
18 0
72 2
14 0
72 2
18 0
72 2
173 0
72 4
14 0
72 2
18 0
72 2
12 0
72 2
18 0
72 2
14 0
72 2
18 0
72 2
173 0
72 2
11 0
72 2
14 0
72 2
14 0
72 2
12 0
72 2
18 0
72 2
14 0
72 2
18 0
72 2
173 0
72 4
14 0
72 2
18 0
72 2
12 0
72 2
18 0
72 2
14 0
72 2
18 0
72 2
173 0
72 2
11 0
72 2
14 0
72 2
14 0
72 2
12 0
72 2
18 0
72 2
14 0
72 2
18 0
72 2
173 0
72 4
14 0
72 2
18 0
72 2
12 0
72 2
18 0
72 2
14 0
72 2
18 0
72 2
173 0
72 2
11 0
72 2
14 0
72 2
14 0
72 2
12 0
72 2
18 0
72 2
14 0
72 2
18 0
72 2
173 0
72 4
14 0
72 2
18 0
72 2
12 0
72 2
18 0
72 2
14 0
72 2
18 0
72 2
173 0
72 2
11 0
72 2
14 0
72 2
14 0
72 2
12 0
72 2
18 0
72 2
14 0
72 2
18 0
72 2
173 0
72 4
14 0
72 2
18 0
72 2
12 0
72 2
18 0
72 2
14 0
72 2
18 0
72 2
173 0
72 2
14 0
72 2
14 0
72 2
14 0
72 2
185 0
72 2
18 0
72 2
14 0
72 2
18 0
72 2
173 0
72 4
14 0
72 2
191 0
72 2
12 0
72 2
18 0
72 2
14 0
72 2
18 0
72 2
173 0
72 4
14 0
72 2
31 0
72 2
12 0
72 2
18 0
72 2
14 0
72 2
18 0
72 2
173 0
72 4
14 0
72 2
191 0
72 2
12 0
72 2
18 0
72 2
14 0
72 2
18 0
72 8
209 0
72 7
12 0
56 0
72 2
56 0
72 0
56 0
72 1
12 0
72 1
56 0
72 0
56 0
56 0
72 2
12 0
72 4
12 0
72 4
12 0
56 0
72 2
56 0
72 0
56 0
72 1
12 0
72 1
56 0
72 0
56 0
56 0
72 2
12 0
72 2
56 0
72 2
12 0
72 4
12 0
56 0
72 2
56 0
72 0
56 0
72 1
12 0
72 1
56 0
72 0
56 0
56 0
72 2
12 0
72 4
12 0
72 2
20 0
72 2
12 0
72 3
20 0
72 1
197 0
72 4
12 0
72 4
12 0
72 4
12 0
56 0
72 2
56 0
72 0
56 0
72 1
12 0
72 1
56 0
72 0
56 0
56 0
72 2
12 0
72 4
12 0
72 4
12 0
56 0
72 2
56 0
72 0
56 0
72 1
12 0
72 1
56 0
72 0
56 0
56 0
72 2
12 0
72 2
56 0
72 2
12 0
72 4
12 0
56 0
72 2
56 0
72 0
56 0
72 1
12 0
72 1
56 0
72 0
56 0
56 0
72 2
12 0
72 4
12 0
72 4
12 0
72 2
20 0
72 2
12 0
72 2
20 0
72 2
197 0
72 4
12 0
72 4
12 0
56 0
72 2
56 0
72 0
56 0
72 1
12 0
72 1
56 0
72 0
56 0
56 0
72 2
12 0
72 4
12 0
72 4
12 0
56 0
72 2
56 0
72 0
56 0
72 1
12 0
72 1
56 0
72 0
56 0
56 0
72 2
12 0
72 2
56 0
72 2
12 0
72 4
56 0
72 2
56 0
72 0
56 0
72 3
56 0
72 0
56 0
56 0
72 9
20 0
72 4
20 0
72 2
20 0
72 7
56 0
72 2
56 0
72 0
56 0
72 3
56 0
72 0
56 0
56 0
72 8
56 0
72 2
56 0
72 0
56 0
72 3
56 0
72 0
56 0
56 0
72 4
56 0
72 6
56 0
72 2
56 0
72 0
56 0
72 3
56 0
72 0
56 0
56 0
72 9
20 0
72 4
20 0
72 2
20 0
72 7
56 0
72 2
56 0
72 0
56 0
72 3
56 0
72 0
56 0
56 0
72 8
56 0
72 2
56 0
72 0
56 0
72 3
56 0
72 0
56 0
56 0
72 4
56 0
72 6
56 0
72 2
56 0
72 0
56 0
72 3
56 0
72 0
56 0
56 0
72 9
20 0
72 4
20 0
72 2
20 0
72 14
12 0
72 14
185 0
72 2
12 0
72 2
14 0
72 2
11 0
72 2
12 0
72 2
12 0
72 2
14 0
72 2
11 0
72 2
12 0
72 2
12 0
72 2
14 0
72 4
14 0
72 4
12 0
72 2
12 0
72 2
14 0
72 2
11 0
72 2
12 0
72 2
12 0
72 2
14 0
72 2
11 0
72 2
12 0
72 2
12 0
72 2
14 0
72 4
14 0
72 4
12 0
72 2
12 0
72 2
14 0
72 2
11 0
72 2
12 0
72 2
12 0
72 2
14 0
72 2
11 0
72 2
12 0
72 2
12 0
72 2
14 0
72 4
14 0
72 4
12 0
72 2
12 0
72 2
14 0
72 2
12 0
72 2
14 0
72 4
12 0
72 2
14 0
72 2
12 0
72 2
14 0
72 2
14 0
72 4
233 0
72 2
209 0
72 2
12 0
72 4
15 0
72 4
11 0
72 2
12 0
72 2
15 0
72 4
12 0
72 4
15 0
72 4
11 0
72 2
12 0
72 2
15 0
72 2
15 0
72 2
12 0
72 4
15 0
72 4
11 0
72 2
12 0
72 2
15 0
72 4
12 0
72 4
15 0
72 4
11 0
72 2
12 0
72 2
15 0
72 2
15 0
72 2
12 0
72 4
15 0
72 4
11 0
72 2
12 0
72 2
15 0
72 4
11 0
72 2
12 0
72 2
15 0
72 4
11 0
72 2
12 0
72 2
15 0
72 2
15 0
72 2
15 0
72 2
18 0
72 4
18 0
72 2
176 0
72 2
15 0
72 4
18 0
72 2
15 0
72 2
18 0
72 4
18 0
72 2
176 0
72 8
21 0
72 2
18 0
72 2
21 0
72 2
21 0
72 4
18 0
72 2
21 0
72 4
21 0
72 2
18 0
72 2
21 0
72 2
21 0
72 2
18 0
72 4
18 0
72 4
21 0
72 2
18 0
72 2
21 0
72 2
21 0
72 4
18 0
72 2
21 0
72 4
21 0
72 2
18 0
72 2
21 0
72 2
21 0
72 2
18 0
72 4
18 0
72 2
160 0
72 7
23 0
72 7
23 0
72 7
23 0
72 7
23 0
72 7
23 0
72 7
23 0
72 7
23 0
72 2
14 0
72 2
14 0
72 2
14 0
72 2
233 0
72 4
14 0
72 4
233 0
72 4
14 0
72 4
233 0
72 4
14 0
72 4
233 0
72 2
11 0
72 2
14 0
72 2
14 0
72 2
233 0
72 4
14 0
72 4
233 0
72 4
14 0
72 4
233 0
72 4
14 0
72 4
233 0
72 2
14 0
72 2
14 0
72 2
14 0
72 2
233 0
72 4
14 0
72 4
233 0
72 4
14 0
72 4
233 0
72 4
14 0
72 4
233 0
72 2
11 0
72 2
14 0
72 2
14 0
72 2
233 0
72 4
14 0
72 4
233 0
72 4
14 0
72 4
233 0
72 4
14 0
72 4
233 0
72 2
14 0
72 2
14 0
72 2
14 0
72 2
12 0
72 2
18 0
72 2
14 0
72 2
18 0
72 2
173 0
72 4
14 0
72 2
18 0
72 2
12 0
72 2
18 0
72 2
14 0
72 2
18 0
72 2
173 0
72 4
14 0
72 2
18 0
72 2
12 0
72 2
18 0
72 2
14 0
72 2
18 0
72 2
173 0
72 4
14 0
72 2
18 0
72 2
12 0
72 2
18 0
72 2
14 0
72 2
18 0
72 2
173 0
72 4
14 0
72 2
18 0
72 2
12 0
72 2
18 0
72 2
14 0
72 2
18 0
72 2
173 0
72 4
14 0
72 2
18 0
72 2
12 0
72 2
18 0
72 2
14 0
72 2
18 0
72 2
173 0
72 4
14 0
72 2
18 0
72 2
12 0
72 2
18 0
72 2
14 0
72 2
18 0
72 2
173 0
72 4
14 0
72 2
18 0
72 2
12 0
72 2
18 0
72 2
14 0
72 2
18 0
72 2
173 0
72 4
14 0
72 2
18 0
72 2
12 0
72 2
18 0
72 2
14 0
72 2
18 0
72 2
173 0
72 4
14 0
72 2
18 0
72 2
12 0
72 2
18 0
72 2
14 0
72 2
18 0
72 2
173 0
72 2
11 0
72 2
14 0
72 2
175 0
72 2
12 0
72 2
18 0
72 2
14 0
72 2
18 0
72 2
173 0
72 4
14 0
72 2
18 0
72 2
12 0
72 2
175 0
72 2
14 0
72 2
18 0
72 2
989 0
72 2
14 0
72 2
125 0
72 2
175 0
72 2
12 0
72 2
18 0
72 2
14 0
72 2
18 0
72 2
173 0
72 4
14 0
72 2
18 0
72 2
12 0
72 2
18 0
72 2
14 0
72 2
18 0
72 2
173 0
72 2
11 0
72 2
14 0
72 2
14 0
72 2
12 0
72 2
18 0
72 2
14 0
72 2
18 0
72 2
173 0
72 4
14 0
72 2
18 0
72 2
12 0
72 2
18 0
72 2
14 0
72 2
18 0
72 2
173 0
72 2
11 0
72 2
14 0
72 2
14 0
72 2
12 0
72 2
18 0
72 2
14 0
72 2
18 0
72 2
173 0
72 4
14 0
72 2
18 0
72 2
12 0
72 2
18 0
72 2
14 0
72 2
18 0
72 2
173 0
72 2
11 0
72 2
14 0
72 2
14 0
72 2
12 0
72 2
18 0
72 2
14 0
72 2
18 0
72 2
173 0
72 4
14 0
72 2
18 0
72 2
12 0
72 2
18 0
72 2
14 0
72 2
18 0
72 2
173 0
72 2
11 0
72 2
14 0
72 2
14 0
72 2
12 0
72 2
18 0
72 2
14 0
72 2
18 0
72 2
173 0
72 4
14 0
72 2
18 0
72 2
12 0
72 2
18 0
72 2
14 0
72 2
18 0
72 2
173 0
72 4
14 0
72 2
18 0
72 2
12 0
72 2
18 0
72 2
14 0
72 2
18 0
72 2
173 0
72 4
14 0
72 2
18 0
72 2
12 0
72 2
18 0
72 2
14 0
72 2
18 0
72 2
173 0
72 4
14 0
72 2
18 0
72 2
12 0
72 2
18 0
72 2
14 0
72 2
18 0
72 2
173 0
72 4
14 0
72 2
18 0
72 2
12 0
72 2
18 0
72 2
14 0
72 2
18 0
72 2
173 0
72 4
14 0
72 2
18 0
72 2
12 0
72 2
18 0
72 2
14 0
72 2
18 0
72 2
173 0
72 4
14 0
72 2
18 0
72 2
12 0
72 2
18 0
72 2
14 0
72 2
18 0
72 2
173 0
72 4
14 0
72 2
18 0
72 2
12 0
72 2
18 0
72 2
14 0
72 2
18 0
72 2
173 0
72 4
14 0
72 2
18 0
72 2
12 0
72 2
18 0
72 2
14 0
72 2
18 0
72 2
173 0
72 2
11 0
72 2
14 0
72 2
14 0
72 2
12 0
72 2
18 0
72 2
14 0
72 2
18 0
72 2
173 0
72 4
14 0
72 2
18 0
72 2
12 0
72 2
18 0
72 2
14 0
72 2
18 0
72 2
173 0
72 2
11 0
72 2
14 0
72 2
14 0
72 2
12 0
72 2
18 0
72 2
14 0
72 2
18 0
72 2
173 0
72 4
14 0
72 2
18 0
72 2
12 0
72 2
18 0
72 2
14 0
72 2
18 0
72 2
173 0
72 2
11 0
72 2
14 0
72 2
14 0
72 2
12 0
72 2
18 0
72 2
14 0
72 2
18 0
72 2
173 0
72 4
14 0
72 2
18 0
72 2
12 0
72 2
18 0
72 2
14 0
72 2
18 0
72 2
173 0
72 2
11 0
72 2
14 0
72 2
14 0
72 2
12 0
72 2
18 0
72 2
14 0
72 2
18 0
72 2
173 0
72 4
14 0
72 2
18 0
72 2
12 0
72 2
18 0
72 2
14 0
72 2
18 0
72 2
173 0
72 2
11 0
72 2
14 0
72 2
14 0
72 2
12 0
72 2
18 0
72 2
14 0
72 2
18 0
72 2
173 0
72 4
14 0
72 2
18 0
72 2
12 0
72 2
18 0
72 2
14 0
72 2
18 0
72 2
173 0
72 2
11 0
72 2
14 0
72 2
14 0
72 2
12 0
72 2
18 0
72 2
14 0
72 2
18 0
72 2
173 0
72 4
14 0
72 2
18 0
72 2
12 0
72 2
18 0
72 2
14 0
72 2
18 0
72 2
173 0
72 2
11 0
72 2
14 0
72 2
14 0
72 2
12 0
72 2
18 0
72 2
14 0
72 2
18 0
72 2
173 0
72 4
14 0
72 2
18 0
72 2
12 0
72 2
18 0
72 2
14 0
72 2
18 0
72 2
173 0
72 2
14 0
72 2
14 0
72 2
14 0
72 2
185 0
72 2
18 0
72 2
14 0
72 2
18 0
72 2
173 0
72 4
14 0
72 2
191 0
72 2
12 0
72 2
18 0
72 2
14 0
72 2
18 0
72 2
173 0
72 4
14 0
72 2
31 0
72 2
12 0
72 2
18 0
72 2
14 0
72 2
18 0
72 2
173 0
72 4
14 0
72 2
191 0
72 2
12 0
72 2
18 0
72 2
14 0
72 2
18 0
72 8
209 0
72 7
12 0
72 1
56 0
72 0
56 0
72 2
56 0
12 0
72 2
56 0
56 0
72 0
56 0
72 1
12 0
72 4
12 0
72 4
12 0
72 1
56 0
72 0
56 0
72 2
56 0
12 0
72 2
56 0
56 0
72 0
56 0
72 1
12 0
72 2
56 0
72 2
12 0
72 4
12 0
72 1
56 0
72 0
56 0
72 2
56 0
12 0
72 2
56 0
56 0
72 0
56 0
72 1
12 0
72 4
12 0
72 2
20 0
72 2
12 0
72 4
20 0
197 0
72 4
12 0
72 4
12 0
72 4
12 0
72 1
56 0
72 0
56 0
72 2
56 0
12 0
72 2
56 0
56 0
72 0
56 0
72 1
12 0
72 4
12 0
72 4
12 0
72 1
56 0
72 0
56 0
72 2
56 0
12 0
72 2
56 0
56 0
72 0
56 0
72 1
12 0
72 2
56 0
72 2
12 0
72 4
12 0
72 1
56 0
72 0
56 0
72 2
56 0
12 0
72 2
56 0
56 0
72 0
56 0
72 1
12 0
72 4
12 0
72 4
12 0
72 2
20 0
72 2
12 0
72 3
20 0
72 1
197 0
72 4
12 0
72 4
12 0
72 1
56 0
72 0
56 0
72 2
56 0
12 0
72 2
56 0
56 0
72 0
56 0
72 1
12 0
72 4
12 0
72 4
12 0
72 1
56 0
72 0
56 0
72 2
56 0
12 0
72 2
56 0
56 0
72 0
56 0
72 1
12 0
72 2
56 0
72 2
12 0
72 5
56 0
72 0
56 0
72 2
56 0
72 2
56 0
56 0
72 0
56 0
72 9
20 0
72 4
20 0
72 1
20 0
72 8
56 0
72 0
56 0
72 2
56 0
72 2
56 0
56 0
72 0
56 0
72 8
56 0
72 0
56 0
72 2
56 0
72 2
56 0
56 0
72 0
56 0
72 4
56 0
72 7
56 0
72 0
56 0
72 2
56 0
72 2
56 0
56 0
72 0
56 0
72 9
20 0
72 4
20 0
72 1
20 0
72 8
56 0
72 0
56 0
72 2
56 0
72 2
56 0
56 0
72 0
56 0
72 8
56 0
72 0
56 0
72 2
56 0
72 2
56 0
56 0
72 0
56 0
72 4
56 0
72 7
56 0
72 0
56 0
72 2
56 0
72 2
56 0
56 0
72 0
56 0
72 9
20 0
72 4
20 0
72 1
20 0
72 14
12 0
72 14
185 0
72 2
12 0
72 2
14 0
72 2
11 0
72 2
12 0
72 2
12 0
72 2
14 0
72 2
11 0
72 2
12 0
72 2
12 0
72 2
14 0
72 4
14 0
72 4
12 0
72 2
12 0
72 2
14 0
72 2
11 0
72 2
12 0
72 2
12 0
72 2
14 0
72 2
11 0
72 2
12 0
72 2
12 0
72 2
14 0
72 4
14 0
72 4
12 0
72 2
12 0
72 2
14 0
72 2
11 0
72 2
12 0
72 2
12 0
72 2
14 0
72 2
11 0
72 2
12 0
72 2
12 0
72 2
14 0
72 4
14 0
72 4
12 0
72 2
12 0
72 2
14 0
72 2
12 0
72 2
14 0
72 4
12 0
72 2
14 0
72 2
12 0
72 2
14 0
72 2
14 0
72 4
233 0
72 2
209 0
72 2
12 0
72 4
15 0
72 4
11 0
72 2
12 0
72 2
15 0
72 4
12 0
72 4
15 0
72 4
11 0
72 2
12 0
72 2
15 0
72 2
15 0
72 2
12 0
72 4
15 0
72 4
11 0
72 2
12 0
72 2
15 0
72 4
12 0
72 4
15 0
72 4
11 0
72 2
12 0
72 2
15 0
72 2
15 0
72 2
12 0
72 4
15 0
72 4
11 0
72 2
12 0
72 2
15 0
72 4
11 0
72 2
12 0
72 2
15 0
72 4
11 0
72 2
12 0
72 2
15 0
72 2
15 0
72 2
15 0
72 2
18 0
72 4
18 0
72 2
176 0
72 2
15 0
72 4
18 0
72 2
15 0
72 2
18 0
72 4
18 0
72 2
176 0
72 8
21 0
72 2
18 0
72 2
21 0
72 2
21 0
72 4
18 0
72 2
21 0
72 4
21 0
72 2
18 0
72 2
21 0
72 2
21 0
72 2
18 0
72 4
18 0
72 4
21 0
72 2
18 0
72 2
21 0
72 2
21 0
72 4
18 0
72 2
21 0
72 4
21 0
72 2
18 0
72 2
21 0
72 2
21 0
72 2
18 0
72 4
18 0
72 2
160 0
72 7
23 0
72 7
23 0
72 7
23 0
72 7
23 0
72 7
23 0
72 7
23 0
72 7
23 0
72 2
14 0
72 2
14 0
72 2
14 0
72 2
233 0
72 4
14 0
72 4
233 0
72 4
14 0
72 4
233 0
72 4
14 0
72 4
233 0
72 2
11 0
72 2
14 0
72 2
14 0
72 2
233 0
72 4
14 0
72 4
233 0
72 4
14 0
72 4
233 0
72 4
14 0
72 4
233 0
72 2
14 0
72 2
14 0
72 2
14 0
72 2
233 0
72 4
14 0
72 4
233 0
72 4
14 0
72 4
233 0
72 4
14 0
72 4
233 0
72 2
11 0
72 2
14 0
72 2
14 0
72 2
233 0
72 4
14 0
72 4
233 0
72 4
14 0
72 4
233 0
72 4
14 0
72 4
233 0
72 2
14 0
72 2
14 0
72 2
14 0
72 2
12 0
72 2
18 0
72 2
14 0
72 2
18 0
72 2
173 0
72 4
14 0
72 2
18 0
72 2
12 0
72 2
18 0
72 2
14 0
72 2
18 0
72 2
173 0
72 4
14 0
72 2
18 0
72 2
12 0
72 2
18 0
72 2
14 0
72 2
18 0
72 2
173 0
72 4
14 0
72 2
18 0
72 2
12 0
72 2
18 0
72 2
14 0
72 2
18 0
72 2
173 0
72 4
14 0
72 2
18 0
72 2
12 0
72 2
18 0
72 2
14 0
72 2
18 0
72 2
173 0
72 4
14 0
72 2
18 0
72 2
12 0
72 2
18 0
72 2
14 0
72 2
18 0
72 2
173 0
72 4
14 0
72 2
18 0
72 2
12 0
72 2
18 0
72 2
14 0
72 2
18 0
72 2
173 0
72 4
14 0
72 2
18 0
72 2
12 0
72 2
18 0
72 2
14 0
72 2
18 0
72 2
173 0
72 4
14 0
72 2
18 0
72 2
12 0
72 2
18 0
72 2
14 0
72 2
18 0
72 2
173 0
72 4
14 0
72 2
18 0
72 2
12 0
72 2
18 0
72 2
14 0
72 2
18 0
72 2
173 0
72 2
11 0
72 2
14 0
72 2
175 0
72 2
12 0
72 2
18 0
72 2
14 0
72 2
18 0
72 2
173 0
72 4
14 0
72 2
18 0
72 2
12 0
72 2
175 0
72 2
14 0
72 2
18 0
72 2
989 0
72 2
14 0
72 2
125 0
72 2
175 0
72 2
12 0
72 2
18 0
72 2
14 0
72 2
18 0
72 2
173 0
72 4
14 0
72 2
18 0
72 2
12 0
72 2
18 0
72 2
14 0
72 2
18 0
72 2
173 0
72 2
11 0
72 2
14 0
72 2
14 0
72 2
12 0
72 2
18 0
72 2
14 0
72 2
18 0
72 2
173 0
72 4
14 0
72 2
18 0
72 2
12 0
72 2
18 0
72 2
14 0
72 2
18 0
72 2
173 0
72 2
11 0
72 2
14 0
72 2
14 0
72 2
12 0
72 2
18 0
72 2
14 0
72 2
18 0
72 2
173 0
72 4
14 0
72 2
18 0
72 2
12 0
72 2
18 0
72 2
14 0
72 2
18 0
72 2
173 0
72 2
11 0
72 2
14 0
72 2
14 0
72 2
12 0
72 2
18 0
72 2
14 0
72 2
18 0
72 2
173 0
72 4
14 0
72 2
18 0
72 2
12 0
72 2
18 0
72 2
14 0
72 2
18 0
72 2
173 0
72 2
11 0
72 2
14 0
72 2
14 0
E
S
L
72 14
101 2
72 6
173 2
72 6
101 2
72 6
173 2
72 6
101 2
72 6
173 2
72 6
101 2
72 6
173 2
72 6
101 2
72 6
173 2
72 6
101 2
72 6
173 2
72 6
101 2
72 6
173 2
72 6
101 2
72 6
173 2
72 6
101 2
72 6
173 2
72 6
101 2
72 6
173 2
72 6
101 2
72 6
173 2
72 6
101 2
72 6
173 2
72 6
101 2
72 6
173 2
72 6
101 2
72 6
173 2
72 6
101 2
72 6
173 2
72 6
101 2
72 6
173 2
72 6
101 2
72 6
173 2
72 6
101 2
72 6
173 2
72 6
101 2
72 6
173 2
72 6
101 2
72 6
173 2
72 6
101 2
72 6
173 2
72 6
101 2
72 6
173 2
72 6
101 2
72 6
173 2
72 6
101 2
72 6
173 2
72 6
101 2
72 6
173 2
72 6
101 2
72 6
173 2
72 6
101 2
72 6
173 2
72 6
101 2
72 6
173 2
72 6
101 2
72 6
173 2
72 6
101 2
72 6
173 2
72 6
101 2
72 6
173 2
72 6
101 2
72 6
173 2
72 6
101 2
72 6
173 2
72 6
101 2
72 6
173 2
72 6
25 2
72 6
101 2
72 8
101 2
72 8
101 2
72 8
101 2
72 8
101 2
72 8
101 2
72 8
101 2
72 8
101 2
72 8
101 2
72 8
101 2
72 8
101 2
72 8
101 2
72 8
101 2
72 8
101 2
72 2
101 2
72 8
101 2
72 8
101 2
72 8
101 2
72 8
101 2
72 8
101 2
72 8
101 2
72 8
101 2
72 8
101 2
72 8
101 2
72 8
101 2
72 8
101 2
72 8
101 2
72 8
1049 2
72 8
1049 2
72 8
173 2
72 8
173 2
72 8
173 2
72 8
173 2
72 8
173 2
72 8
173 2
72 8
173 2
72 8
173 2
72 8
173 2
72 8
173 2
72 8
173 2
72 8
173 2
72 8
173 2
72 8
173 2
72 8
173 2
72 8
173 2
72 8
173 2
72 8
173 2
72 8
173 2
72 8
173 2
72 8
173 2
72 8
173 2
72 8
173 2
72 8
173 2
72 8
173 2
72 8
173 2
72 8
173 2
72 8
173 2
72 8
173 2
72 8
173 2
72 8
173 2
72 8
173 2
72 14
101 2
72 6
173 2
72 6
101 2
72 6
173 2
72 6
101 2
72 6
173 2
72 6
101 2
72 6
173 2
72 6
101 2
72 6
173 2
72 6
101 2
72 6
173 2
72 6
101 2
72 6
173 2
72 6
101 2
72 6
173 2
72 6
101 2
72 6
173 2
72 6
101 2
72 6
173 2
72 6
101 2
72 6
173 2
72 6
101 2
72 6
173 2
72 6
101 2
72 6
173 2
72 6
101 2
72 6
173 2
72 6
101 2
72 6
173 2
72 6
101 2
72 6
173 2
72 6
101 2
72 6
173 2
72 6
101 2
72 6
173 2
72 6
101 2
72 6
173 2
72 6
101 2
72 6
173 2
72 6
101 2
72 6
173 2
72 6
101 2
72 6
173 2
72 6
101 2
72 6
173 2
72 6
101 2
72 6
173 2
72 6
101 2
72 6
173 2
72 6
101 2
72 6
173 2
72 6
101 2
72 6
173 2
72 6
101 2
72 6
173 2
72 6
101 2
72 6
173 2
72 6
101 2
72 6
173 2
72 6
101 2
72 6
173 2
72 6
101 2
72 6
173 2
72 6
101 2
72 6
173 2
72 6
101 2
72 6
173 2
72 6
101 2
72 6
173 2
72 6
101 2
72 6
173 2
72 6
101 2
72 6
173 2
72 6
101 2
72 6
173 2
72 6
101 2
72 6
173 2
72 6
101 2
72 6
173 2
72 6
101 2
72 6
173 2
72 6
101 2
72 6
173 2
72 6
101 2
72 6
173 2
72 6
101 2
72 6
173 2
72 6
101 2
72 6
173 2
72 6
101 2
72 6
173 2
72 6
101 2
72 6
173 2
72 6
101 2
72 6
173 2
72 6
25 2
72 6
101 2
72 8
101 2
72 8
101 2
72 8
101 2
72 8
101 2
72 8
101 2
72 8
101 2
72 8
101 2
72 8
101 2
72 8
101 2
72 8
101 2
72 8
101 2
72 8
101 2
72 8
101 2
72 2
101 2
72 8
101 2
72 8
101 2
72 8
101 2
72 8
101 2
72 8
101 2
72 8
101 2
72 8
101 2
72 8
101 2
72 8
101 2
72 8
101 2
72 8
101 2
72 8
101 2
72 8
1049 2
72 8
1049 2
72 8
173 2
72 8
173 2
72 8
173 2
72 8
173 2
72 8
173 2
72 8
173 2
72 8
173 2
72 8
173 2
72 8
173 2
72 8
173 2
72 8
173 2
72 8
173 2
72 8
173 2
72 8
173 2
72 8
173 2
72 8
173 2
72 8
173 2
72 8
173 2
72 8
173 2
72 8
173 2
72 8
173 2
72 8
173 2
72 8
173 2
72 8
173 2
72 8
173 2
72 8
173 2
72 8
173 2
72 8
173 2
72 8
173 2
72 8
173 2
72 8
173 2
72 8
173 2
72 14
101 2
72 6
173 2
72 6
101 2
72 6
173 2
72 6
101 2
72 6
173 2
72 6
101 2
72 6
173 2
72 6
101 2
72 6
173 2
72 6
101 2
72 6
173 2
72 6
101 2
72 6
173 2
72 6
101 2
72 6
173 2
72 6
101 2
72 6
173 2
72 6
101 2
72 6
173 2
72 6
101 2
72 6
173 2
72 6
101 2
72 6
173 2
72 6
101 2
72 6
173 2
72 6
101 2
72 6
173 2
72 6
101 2
72 6
173 2
72 6
101 2
72 6
173 2
72 6
101 2
72 6
173 2
72 6
101 2
72 6
173 2
72 6
101 2
72 6
173 2
72 6
101 2
72 6
173 2
E
S
L
72 14
8 2
15 2
8 2
15 2
8 2
15 2
8 2
15 2
8 2
15 2
8 2
15 2
8 2
15 2
8 2
15 2
8 2
15 2
8 2
15 2
8 2
15 2
8 2
15 2
8 2
15 2
8 2
15 2
8 2
15 2
8 2
15 2
9 2
16 2
9 2
16 2
9 2
16 2
9 2
16 2
9 2
16 2
9 2
16 2
9 2
16 2
9 2
16 2
11 2
18 2
11 2
18 2
11 2
18 2
11 2
18 2
11 2
18 2
11 2
18 2
11 2
18 2
11 2
18 2
13 2
20 2
13 2
20 2
13 2
20 2
13 2
20 2
13 2
20 2
13 2
20 2
13 2
20 2
13 2
20 2
13 2
20 2
13 2
20 2
13 2
20 2
13 2
20 2
13 2
20 2
13 2
20 2
13 2
20 2
13 2
20 2
72 14
8 2
15 2
8 2
15 2
8 2
15 2
8 2
15 2
8 2
15 2
8 2
15 2
8 2
15 2
8 2
15 2
8 2
15 2
8 2
15 2
8 2
15 2
8 2
15 2
8 2
15 2
8 2
15 2
8 2
15 2
8 2
15 2
9 2
16 2
9 2
16 2
9 2
16 2
9 2
16 2
9 2
16 2
9 2
16 2
9 2
16 2
9 2
16 2
11 2
18 2
11 2
18 2
11 2
18 2
11 2
18 2
11 2
18 2
11 2
18 2
11 2
18 2
11 2
18 2
13 2
20 2
13 2
20 2
13 2
20 2
13 2
20 2
13 2
20 2
13 2
20 2
13 2
20 2
13 2
20 2
13 2
20 2
13 2
20 2
13 2
20 2
13 2
20 2
13 2
20 2
13 2
20 2
13 2
20 2
13 2
20 2
E
S
H
72 14
42 11
41 11
39 11
41 11
42 11
41 11
39 11
41 11
42 11
41 11
39 11
41 11
72 14
42 11
41 11
39 11
41 11
42 11
41 11
39 11
41 11
42 11
41 11
39 11
41 11
E
X
