major
S
H
40 7
38 2
36 4
40 4
72 8
36 2
38 2
40 4
40 4
38 4
36 4
40 4
41 4
43 4
45 4
72 4
36 4
36 4
33 4
31 4
36 2
36 4
72 12
67 4
72 7
40 7
38 2
36 4
40 4
72 8
36 2
38 2
40 4
40 4
38 4
36 4
45 4
43 4
48 4
40 2
38 6
36 4
36 4
33 4
31 4
36 2
36 4
72 6
29 4
28 4
24 4
26 4
72 4
192 4
72 14
29 4
28 4
24 4
26 4
72 4
192 4
72 7
40 7
38 2
36 4
40 4
72 8
36 2
38 2
40 4
40 4
38 4
36 4
40 4
41 4
43 4
45 4
72 4
36 4
36 4
33 4
31 4
36 2
36 4
72 6
29 4
28 4
24 4
26 4
72 4
192 4
72 9
40 4
38 2
36 4
40 4
72 8
36 2
38 2
40 4
40 4
38 4
36 4
45 4
43 4
48 4
40 2
38 6
36 4
36 4
33 4
31 4
36 2
36 4
72 6
29 4
28 4
24 4
26 4
72 4
192 4
72 9
45 4
47 4
48 4
47 6
43 2
72 7
41 4
45 4
43 2
41 2
72 4
40 4
41 4
42 4
43 4
72 4
45 4
47 4
48 4
47 6
43 2
72 7
51 4
50 7
48 4
72 11
40 7
38 2
36 4
40 4
72 8
36 2
38 2
40 4
40 4
38 4
36 4
40 4
41 4
43 4
45 4
72 4
36 4
36 4
33 4
31 4
36 2
36 4
72 6
29 4
28 4
24 4
26 4
72 4
192 4
72 7
40 7
38 2
36 4
40 4
72 8
36 2
38 2
40 4
40 4
38 4
36 4
45 4
43 4
48 4
40 2
38 6
36 4
36 4
33 4
31 4
36 2
36 4
72 6
29 4
28 4
24 4
26 4
72 4
192 4
72 9
45 4
47 4
48 4
47 6
43 2
72 7
41 4
45 4
43 2
41 2
72 4
40 4
41 4
42 4
43 4
72 4
45 4
47 4
48 4
47 6
43 2
72 7
51 4
50 7
48 4
72 11
45 4
47 4
48 4
47 2
48 2
47 2
43 2
72 7
41 4
45 4
43 2
41 2
72 4
40 4
41 4
42 4
43 4
72 4
45 4
47 4
48 4
47 6
43 2
72 7
51 4
50 2
51 2
50 4
48 4
43 2
43 2
41 4
40 4
38 4
40 7
38 2
36 4
40 4
72 8
36 2
38 2
40 4
40 4
38 4
36 4
40 4
41 4
43 4
45 4
72 4
48 4
48 4
45 4
43 4
48 2
48 4
72 6
41 4
40 4
36 4
38 4
35 4
33 4
31 4
29 4
28 13
E
S
L
72 14
29 4
28 4
24 4
26 4
72 7
7 14
17 11
16 11
14 4
16 4
17 4
19 4
72 7
7 7
12 4
19 4
12 4
19 4
12 4
20 4
12 4
20 4
12 4
21 4
12 4
21 4
12 4
22 4
12 4
22 4
17 4
21 4
17 4
21 4
16 4
19 4
16 4
19 4
14 4
16 4
17 4
19 4
72 7
7 7
12 4
19 4
12 4
19 4
12 4
20 4
12 4
20 4
12 4
21 4
12 4
21 4
12 4
22 4
12 4
22 4
17 4
21 4
17 4
21 4
16 4
19 4
16 4
19 4
14 4
16 4
17 4
19 4
72 7
7 7
12 4
19 4
12 4
19 4
12 4
20 4
12 4
20 4
12 4
21 4
12 4
21 4
12 4
22 4
12 4
22 4
17 4
21 4
17 4
21 4
16 4
19 4
16 4
19 4
14 4
16 4
17 4
19 4
72 7
7 7
17 4
21 4
17 4
21 4
16 4
19 4
16 4
19 4
14 4
17 4
14 4
17 4
12 4
14 4
15 4
16 4
17 4
21 4
17 4
21 4
16 4
19 4
16 4
19 4
15 4
19 4
15 4
19 4
19 2
19 2
17 4
16 4
14 4
12 4
19 4
12 4
19 4
12 4
20 4
12 4
20 4
12 4
21 4
12 4
21 4
12 4
22 4
12 4
22 4
17 4
21 4
17 4
21 4
16 4
19 4
16 4
19 4
14 4
16 4
17 4
19 4
72 7
7 7
12 4
19 4
12 4
19 4
12 4
20 4
12 4
20 4
12 4
21 4
12 4
21 4
12 4
22 4
12 4
22 4
17 4
21 4
17 4
21 4
16 4
19 4
16 4
19 4
14 4
16 4
17 4
19 4
72 7
7 7
17 4
21 4
17 4
21 4
16 4
19 4
16 4
19 4
14 4
17 4
14 4
17 4
12 4
14 4
15 4
16 4
17 4
21 4
17 4
21 4
16 4
19 4
16 4
19 4
15 4
19 4
15 4
19 4
19 2
19 2
17 4
16 4
14 4
17 4
21 4
17 4
21 4
16 4
19 4
16 4
19 4
14 4
17 4
14 4
17 4
12 4
14 4
15 4
16 4
17 4
21 4
17 4
21 4
16 4
19 4
16 4
19 4
15 4
19 4
15 4
19 4
19 2
19 2
17 4
16 4
14 4
12 14
17 11
16 11
14 4
16 4
17 4
19 4
72 7
7 7
1157 11
101 11
E
X
