major
S
H
41 4
41 4
38 4
41 4
43 4
41 4
38 7
38 4
36 9
38 4
36 9
41 4
41 4
38 4
41 4
43 4
41 4
38 7
36 4
36 4
38 4
36 4
34 9
72 4
34 4
34 4
38 4
41 4
46 11
43 4
43 4
46 4
43 4
41 11
41 4
41 4
38 4
41 4
43 4
41 4
38 7
36 4
36 4
38 4
36 4
34 11
34 4
E
S
H
41 4
41 4
38 4
41 4
43 4
41 4
38 7
38 4
36 9
38 4
36 9
41 4
41 4
38 4
41 4
43 4
41 4
38 7
36 4
36 4
38 4
36 4
34 9
72 4
34 4
34 4
38 4
41 4
46 11
43 4
43 4
46 4
43 4
41 11
41 4
41 4
38 4
41 4
43 4
41 4
38 7
36 4
36 4
38 4
36 4
34 11
E
S
H
41 4
41 4
38 4
41 4
43 4
41 4
38 7
38 4
36 9
38 4
36 9
41 4
41 4
38 4
41 4
43 4
41 4
38 7
36 4
36 4
38 4
36 4
34 9
72 4
34 4
34 4
38 4
41 4
46 11
43 4
43 4
46 4
43 4
41 11
41 4
41 4
38 4
41 4
43 4
41 4
38 7
36 4
36 4
38 4
36 4
34 11
E
X
