minor
S
L
72 14
16 4
23 4
28 4
30 4
35 4
30 4
28 4
23 4
16 4
23 4
28 4
30 4
35 4
30 4
28 4
23 4
16 4
23 4
28 4
30 4
35 4
30 4
28 4
23 4
16 4
23 4
28 4
30 4
35 4
30 4
28 4
23 4
16 4
23 4
28 4
30 4
35 4
30 4
28 4
23 4
16 4
23 4
28 4
30 4
35 4
30 4
28 4
23 4
16 4
23 4
28 4
30 4
35 4
30 4
28 4
23 4
16 4
23 4
28 4
30 4
35 4
30 4
28 4
23 4
14 4
21 4
26 4
30 4
33 4
30 4
26 4
21 4
14 4
21 4
26 4
30 4
33 4
30 4
26 4
21 4
16 4
23 4
28 4
30 4
35 4
30 4
28 4
23 4
16 4
23 4
28 4
30 4
35 4
30 4
28 4
23 4
16 4
23 4
28 4
30 4
35 4
30 4
28 4
23 4
16 4
23 4
28 4
30 4
35 4
30 4
28 4
23 4
16 4
23 4
28 4
30 4
35 4
30 4
28 4
23 4
16 4
23 4
28 4
30 4
35 4
30 4
28 4
23 4
14 4
21 4
26 4
30 4
33 4
30 4
26 4
21 4
14 4
21 4
26 4
30 4
33 4
30 4
26 4
21 4
16 4
23 4
28 4
30 4
35 4
30 4
28 4
23 4
16 4
23 4
28 4
30 4
35 4
30 4
28 4
23 4
72 14
16 4
23 4
28 4
30 4
35 4
30 4
28 4
23 4
16 4
23 4
28 4
30 4
35 4
30 4
28 4
23 4
16 4
23 4
28 4
30 4
35 4
30 4
28 4
23 4
16 4
23 4
28 4
30 4
35 4
30 4
28 4
23 4
14 4
21 4
26 4
30 4
33 4
30 4
26 4
21 4
14 4
21 4
26 4
30 4
33 4
30 4
26 4
21 4
16 4
23 4
28 4
30 4
35 4
30 4
28 4
23 4
16 4
23 4
28 4
30 4
35 4
30 4
28 4
23 4
16 4
23 4
28 4
30 4
35 4
30 4
28 4
23 4
16 4
23 4
28 4
30 4
35 4
30 4
28 4
23 4
16 4
23 4
28 4
30 4
35 4
30 4
28 4
23 4
16 4
23 4
28 4
30 4
35 4
30 4
28 4
23 4
14 4
21 4
26 4
30 4
33 4
30 4
26 4
21 4
14 4
21 4
26 4
30 4
33 4
30 4
26 4
21 4
16 4
23 4
28 4
30 4
35 4
30 4
28 4
23 4
16 4
23 4
28 4
30 4
35 4
30 4
28 4
23 4
72 14
16 4
23 4
28 4
30 4
35 4
30 4
28 4
23 4
16 4
23 4
28 4
30 4
35 4
30 4
28 4
23 4
16 4
23 4
28 4
30 4
35 4
30 4
28 4
23 4
16 4
23 4
28 4
30 4
35 4
30 4
28 4
23 4
16 4
23 4
28 4
30 4
35 4
30 4
28 4
23 4
16 4
23 4
28 4
30 4
35 4
30 4
28 4
23 4
16 4
23 4
28 4
30 4
35 4
30 4
28 4
23 4
16 4
23 4
28 4
30 4
35 4
30 4
28 4
23 4
14 4
21 4
26 4
30 4
33 4
30 4
26 4
21 4
14 4
21 4
26 4
30 4
33 4
30 4
26 4
21 4
16 4
23 4
28 4
30 4
35 4
30 4
28 4
23 4
16 4
23 4
28 4
30 4
35 4
30 4
28 4
23 4
16 4
23 4
28 4
30 4
35 4
30 4
28 4
23 4
16 4
23 4
28 4
30 4
35 4
30 4
28 4
23 4
16 4
23 4
28 4
30 4
35 4
30 4
28 4
23 4
16 4
23 4
28 4
30 4
35 4
30 4
28 4
23 4
14 4
21 4
26 4
30 4
33 4
30 4
26 4
21 4
14 4
21 4
26 4
30 4
33 4
30 4
26 4
21 4
16 4
23 4
28 4
30 4
35 4
30 4
28 4
23 4
16 4
23 4
28 4
30 4
35 4
30 4
28 4
23 4
72 14
16 4
23 4
28 4
30 4
35 4
30 4
28 4
23 4
16 4
23 4
28 4
30 4
35 4
30 4
28 4
23 4
16 4
23 4
28 4
30 4
35 4
30 4
28 4
23 4
16 4
23 4
28 4
30 4
35 4
30 4
28 4
23 4
14 4
21 4
26 4
30 4
33 4
30 4
26 4
21 4
14 4
21 4
26 4
30 4
33 4
30 4
26 4
21 4
16 4
23 4
28 4
30 4
35 4
30 4
28 4
23 4
16 4
23 4
28 4
30 4
35 4
30 4
28 4
23 4
16 4
23 4
28 4
30 4
35 4
30 4
28 4
23 4
16 4
23 4
28 4
30 4
35 4
30 4
28 4
23 4
16 4
23 4
28 4
30 4
35 4
30 4
28 4
23 4
16 4
23 4
28 4
30 4
35 4
30 4
28 4
23 4
14 4
21 4
26 4
30 4
33 4
30 4
26 4
21 4
14 4
21 4
26 4
30 4
33 4
30 4
26 4
21 4
16 4
23 4
28 4
30 4
35 4
30 4
28 4
23 4
16 4
23 4
28 4
30 4
35 4
30 4
28 4
23 4
72 14
16 4
23 4
28 4
30 4
35 4
30 4
28 4
23 4
16 4
23 4
28 4
30 4
35 4
30 4
28 4
23 4
16 4
23 4
28 4
30 4
35 4
30 4
28 4
23 4
16 4
23 4
28 4
30 4
35 4
30 4
28 4
23 4
16 4
23 4
28 4
30 4
35 4
30 4
28 4
23 4
16 4
23 4
28 4
30 4
35 4
30 4
28 4
23 4
16 4
23 4
28 4
30 4
35 4
30 4
28 4
23 4
16 4
23 4
28 4
30 4
35 4
30 4
28 4
23 4
E
S
H
72 14
1785 13
72 13
1761 13
1785 13
72 14
1761 7
1785 7
1761 3
72 14
1312 8
72 1
1785 7
817 8
72 14
1761 7
1785 7
1761 3
72 14
1312 8
72 1
1785 7
817 8
72 14
1785 13
72 13
1761 13
1785 13
72 14
1761 7
1785 7
1761 3
72 14
1312 8
72 1
1785 7
817 8
72 14
1761 7
1785 7
1761 3
72 14
1312 8
72 1
1785 7
817 8
72 14
1785 13
72 13
1761 13
1785 13
E
S
H
72 14
52 8
72 1
47 13
44 7
45 3
72 1
47 8
72 1
40 13
49 7
50 3
72 1
52 8
72 1
50 13
49 3
72 1
47 3
72 1
49 3
72 1
47 14
72 7
52 8
72 1
47 13
44 7
45 3
72 1
47 8
72 1
40 13
49 7
50 3
72 1
52 8
72 1
50 13
49 3
72 1
47 3
72 1
49 3
72 1
47 14
72 7
40 7
40 7
40 7
40 4
40 7
40 4
40 7
40 7
40 7
40 7
40 7
40 4
40 7
40 4
40 7
40 7
40 7
40 7
40 7
40 4
40 7
40 4
40 7
40 7
40 7
40 7
40 7
40 4
40 7
40 4
40 7
40 7
72 14
52 8
72 1
47 13
44 7
45 3
72 1
47 8
72 1
40 13
49 7
50 3
72 1
52 8
72 1
50 13
49 3
72 1
47 3
72 1
49 3
72 1
47 14
72 7
52 8
72 1
47 13
44 7
45 3
72 1
47 8
72 1
40 13
49 7
50 3
72 1
52 8
72 1
50 13
49 3
72 1
47 3
72 1
49 3
72 1
47 14
72 7
33 7
213 11
33 7
213 11
31 7
187 11
31 7
187 11
33 7
213 11
33 7
213 11
31 7
187 13
72 14
52 8
72 1
47 13
44 7
45 3
72 1
47 8
72 1
40 13
49 7
50 3
72 1
52 8
72 1
50 13
49 3
72 1
47 3
72 1
49 3
72 1
47 14
72 7
52 8
72 1
47 13
44 7
45 3
72 1
47 8
72 1
40 13
49 7
50 3
72 1
52 8
72 1
50 13
49 3
72 1
47 3
72 1
49 3
72 1
47 14
72 7
40 7
40 7
40 7
40 4
40 7
40 4
40 7
40 7
40 7
40 7
40 7
40 4
40 7
40 4
40 7
40 7
40 7
40 7
40 7
40 4
40 7
40 4
40 7
40 7
40 7
40 7
40 7
40 4
40 7
40 4
40 7
40 7
72 14
52 8
72 1
47 13
44 7
45 3
72 1
47 8
72 1
40 13
49 7
50 3
72 1
52 8
72 1
50 13
49 3
72 1
47 3
72 1
49 3
72 1
47 14
72 7
52 8
72 1
47 13
44 7
45 3
72 1
47 8
72 1
40 13
49 7
50 3
72 1
52 8
72 1
50 13
49 3
72 1
47 3
72 1
49 3
72 1
47 14
72 7
33 7
213 11
33 7
213 11
31 7
187 11
31 7
187 11
33 7
213 11
33 7
213 11
31 7
187 13
72 14
52 8
72 1
47 13
44 7
45 3
72 1
47 8
72 1
40 13
49 7
50 3
E
S
L
72 14
16 14
16 13
16 13
16 14
16 14
14 14
16 14
16 14
16 14
14 14
16 14
18 12
18 12
16 12
16 12
18 12
18 12
16 12
16 12
18 11
18 4
18 4
18 4
20 9
20 7
20 7
20 7
16 14
16 14
14 14
16 14
16 14
16 14
14 14
16 14
21 12
21 12
19 12
19 12
21 12
21 12
19 12
19 12
17 13
16 14
16 13
16 13
16 14
16 14
14 14
16 14
16 14
16 14
14 14
16 14
18 12
18 12
16 12
16 12
18 12
18 12
16 12
16 12
18 11
18 4
18 4
18 4
20 9
20 7
20 7
20 7
16 14
16 14
14 14
16 14
16 14
16 14
14 14
16 14
21 12
21 12
19 12
19 12
21 12
21 12
19 12
19 12
17 13
16 14
16 13
16 13
16 14
16 14
E
X
