major
S
H
72 13
40 2
72 0
45 2
72 0
47 2
72 0
50 2
72 0
47 2
72 0
50 2
72 0
52 2
72 0
47 2
72 0
50 2
72 0
52 2
72 0
55 2
72 0
54 2
72 0
201 13
72 3
45 3
72 4
45 2
52 10
72 2
54 2
72 0
56 2
72 0
57 2
72 0
52 9
72 4
47 6
72 2
52 6
72 2
45 3
72 4
45 2
52 10
72 2
54 2
72 0
56 2
72 0
57 2
72 0
59 9
72 4
56 6
72 2
52 6
72 2
45 3
72 4
45 2
52 10
72 2
54 2
72 0
56 2
72 0
57 2
72 0
52 9
72 4
47 6
72 2
52 6
72 2
45 3
72 4
45 2
52 10
72 2
54 2
72 0
56 2
72 0
57 2
72 0
59 9
72 4
56 6
72 2
52 6
72 2
45 3
72 4
45 2
52 10
72 2
54 2
72 0
56 2
72 0
57 2
72 0
52 9
72 4
47 6
72 2
52 6
72 2
45 3
72 4
45 2
52 10
72 2
54 2
72 0
56 2
72 0
57 2
72 0
59 9
72 4
56 6
72 2
52 6
72 2
45 3
72 4
45 2
52 10
72 2
54 2
72 0
56 2
72 0
57 2
72 0
52 9
72 4
47 6
72 2
52 6
72 2
45 3
72 4
45 2
52 10
72 2
54 2
72 0
56 2
72 0
57 2
72 0
59 9
72 4
56 6
72 2
52 6
72 2
45 3
72 4
45 2
52 10
72 2
54 2
72 0
56 2
72 0
57 2
72 0
52 9
72 4
47 6
72 2
52 6
72 2
45 3
72 4
45 2
52 10
72 2
54 2
72 0
56 2
72 0
57 2
72 0
59 9
72 4
56 6
72 2
52 6
72 2
45 3
72 4
45 2
52 10
72 2
54 2
72 0
56 2
72 0
57 2
72 0
52 9
72 4
47 6
72 2
52 6
72 2
45 3
72 4
45 2
52 10
72 2
54 2
72 0
56 2
72 0
57 2
72 0
59 9
72 4
56 6
72 2
52 6
E
S
H
72 14
813 13
72 3
33 3
72 4
33 2
40 10
72 2
42 2
72 0
44 2
72 0
45 2
72 0
40 9
72 4
35 6
72 2
40 6
72 2
33 3
72 4
33 2
40 10
72 2
42 2
72 0
44 2
72 0
45 2
72 0
47 9
72 4
44 6
72 2
40 6
72 2
33 3
72 4
33 2
40 10
72 2
42 2
72 0
44 2
72 0
45 2
72 0
40 9
72 4
35 6
72 2
40 6
72 2
33 3
72 4
33 2
40 10
72 2
42 2
72 0
44 2
72 0
45 2
72 0
47 9
72 4
44 6
72 2
40 6
72 2
33 3
72 4
33 2
40 10
72 2
42 2
72 0
44 2
72 0
45 2
72 0
40 9
72 4
35 6
72 2
40 6
72 2
33 3
72 4
33 2
40 10
72 2
42 2
72 0
44 2
72 0
45 2
72 0
47 9
72 4
44 6
72 2
40 6
72 2
33 3
72 4
33 2
40 10
72 2
42 2
72 0
44 2
72 0
45 2
72 0
40 9
72 4
35 6
72 2
40 6
72 2
33 3
72 4
33 2
40 10
72 2
42 2
72 0
44 2
72 0
45 2
72 0
47 9
72 4
44 6
72 2
40 6
72 2
33 3
72 4
33 2
40 10
72 2
42 2
72 0
44 2
72 0
45 2
72 0
40 9
72 4
35 6
72 2
40 6
72 2
33 3
72 4
33 2
40 10
72 2
42 2
72 0
44 2
72 0
45 2
72 0
47 9
72 4
44 6
72 2
40 6
72 2
33 3
72 4
33 2
40 10
72 2
42 2
72 0
44 2
72 1
45 2
40 9
72 4
35 6
72 2
40 6
72 2
33 3
72 4
33 2
40 10
72 2
42 2
72 0
44 2
72 0
45 2
72 0
47 9
72 4
44 6
72 2
40 6
E
S
L
72 13
4 6
4 2
4 6
4 2
9 6
9 2
9 6
9 2
4 3
16 3
4 3
16 3
4 3
16 3
4 3
16 3
4 3
16 3
4 3
16 3
9 7
4 7
14 7
9 7
16 7
11 7
16 7
11 7
9 7
4 7
14 7
9 7
16 7
11 7
16 7
4 7
9 7
4 7
14 7
9 7
16 7
11 7
16 7
11 7
9 7
4 7
14 7
9 7
16 7
11 7
16 7
4 7
9 7
4 7
14 7
9 7
16 7
11 7
16 7
11 7
9 7
4 7
14 7
9 7
16 7
11 7
16 7
4 7
9 7
4 7
14 7
9 7
16 7
11 7
16 7
11 7
9 7
4 7
14 7
9 7
16 7
11 7
16 7
4 7
9 7
4 7
14 7
9 7
16 7
11 7
16 7
11 7
9 7
4 7
14 7
9 7
16 7
11 7
16 7
4 7
9 7
4 7
14 7
9 7
16 7
11 7
16 7
11 7
9 7
4 7
14 7
9 7
16 7
11 7
16 7
4 7
E
S
H
72 13
1312 11
1446 11
1312 13
1446 11
1471 11
1312 13
1446 11
1471 11
1312 11
1312 7
1300 7
1446 11
1471 11
1312 13
1446 11
1471 11
1312 11
1312 7
1300 7
1446 11
1471 11
1312 13
1446 11
1471 11
1312 11
1312 7
1300 7
1446 11
1471 11
1312 13
1446 11
1471 11
1312 11
1312 7
1300 7
1446 11
1471 11
1312 13
1446 11
1471 11
1312 11
1312 7
1300 7
1446 11
1471 11
1312 13
1446 11
1471 11
1312 11
1312 7
1300 7
E
S
H
72 13
1312 11
1446 11
1312 13
1446 11
1471 11
1312 13
1446 11
1471 11
1312 11
1312 7
1300 7
1446 11
1471 11
1312 13
1446 11
1471 11
1312 11
1312 7
1300 7
1446 11
1471 11
1312 13
1446 11
1471 11
1312 11
1312 7
1300 7
1446 11
1471 11
1312 13
1446 11
1471 11
1312 11
1312 7
1300 7
1446 11
1471 11
1312 13
1446 11
1471 11
1312 11
1312 7
1300 7
1446 11
1471 11
1312 13
1446 11
1471 11
1312 11
1312 7
1300 7
E
S
H
72 14
45 2
72 0
49 2
72 0
50 2
72 0
52 2
72 0
49 2
72 0
52 2
72 0
57 2
72 0
52 2
72 0
49 2
72 0
52 2
72 0
49 2
72 0
45 2
72 0
56 2
72 0
52 2
72 0
56 2
72 0
52 2
72 0
56 2
72 0
52 2
72 0
52 2
72 0
47 2
72 0
52 2
72 0
52 2
72 0
47 2
72 0
44 2
72 0
45 2
72 0
49 2
72 0
50 2
72 0
52 2
72 0
49 2
72 0
52 2
72 0
57 2
72 0
52 2
72 0
49 2
72 0
52 2
72 0
49 2
72 0
45 2
72 0
56 2
72 0
52 2
72 0
56 2
72 0
52 2
72 0
56 2
72 0
52 2
72 0
52 2
72 0
47 2
72 0
52 2
72 0
52 2
72 0
47 2
72 0
44 2
72 0
45 2
72 0
49 2
72 0
50 2
72 0
52 2
72 0
49 2
72 0
52 2
72 0
57 2
72 0
52 2
72 0
49 2
72 0
52 2
72 0
49 2
72 0
45 2
72 0
56 2
72 0
52 2
72 0
56 2
72 0
52 2
72 0
56 2
72 0
52 2
72 0
52 2
72 0
47 2
72 0
52 2
72 0
52 2
72 0
47 2
72 0
44 2
72 0
45 2
72 0
49 2
72 0
50 2
72 0
52 2
72 0
49 2
72 0
52 2
72 0
57 2
72 0
52 2
72 0
49 2
72 0
52 2
72 0
49 2
72 0
45 2
72 0
56 2
72 0
52 2
72 0
56 2
72 0
52 2
72 0
56 2
72 0
52 2
72 0
52 2
72 0
47 2
72 0
52 2
72 0
52 2
72 0
47 2
72 0
44 2
72 0
45 2
72 0
49 2
72 0
50 2
72 0
52 2
72 0
49 2
72 0
52 2
72 0
57 2
72 0
52 2
72 0
49 2
72 0
52 2
72 0
49 2
72 0
45 2
72 0
56 2
72 0
52 2
72 0
56 2
72 0
52 2
72 0
56 2
72 0
52 2
72 0
52 2
72 0
47 2
72 0
52 2
72 0
52 2
72 0
47 2
72 0
44 2
72 0
45 2
72 0
49 2
72 0
50 2
72 0
52 2
72 0
49 2
72 0
52 2
72 0
57 2
72 0
52 2
72 0
49 2
72 0
52 2
72 0
49 2
72 0
45 2
72 0
56 2
72 0
52 2
72 0
56 2
72 0
52 2
72 0
56 2
72 0
52 2
72 0
52 2
72 0
47 2
72 0
52 2
72 0
52 2
72 0
47 2
72 0
44 2
72 0
45 2
72 0
49 2
72 0
50 2
72 0
52 2
72 0
49 2
72 0
52 2
72 0
57 2
72 0
52 2
72 0
49 2
72 0
52 2
72 0
49 2
72 0
45 2
72 0
56 2
72 0
52 2
72 0
56 2
72 0
52 2
72 0
56 2
72 0
52 2
72 0
52 2
72 0
47 2
72 0
52 2
72 0
52 2
72 0
47 2
72 0
44 2
72 0
45 2
72 0
49 2
72 0
50 2
72 0
52 2
72 0
49 2
72 0
52 2
72 0
57 2
72 0
52 2
72 0
49 2
72 0
52 2
72 0
49 2
72 0
45 2
72 0
56 2
72 0
52 2
72 0
56 2
72 0
52 2
72 0
56 2
72 0
52 2
72 0
52 2
72 0
47 2
72 0
52 2
72 0
52 2
72 0
47 2
72 0
44 2
72 0
45 2
72 0
49 2
72 0
50 2
72 0
52 2
72 0
49 2
72 0
52 2
72 0
57 2
72 0
52 2
72 0
49 2
72 0
52 2
72 0
49 2
72 0
45 2
72 0
56 2
72 0
52 2
72 0
56 2
72 0
52 2
72 0
56 2
72 0
52 2
72 0
52 2
72 0
47 2
72 0
52 2
72 0
52 2
72 0
47 2
72 1
44 2
45 2
72 0
49 2
72 1
50 2
52 2
72 0
49 2
72 0
52 2
72 0
57 2
72 0
52 2
72 0
49 2
72 0
52 2
72 0
49 2
72 0
45 2
72 0
56 2
72 0
52 2
72 1
56 2
52 2
72 0
56 2
72 1
52 4
72 0
47 2
72 0
52 2
72 0
52 2
72 0
47 2
72 0
44 2
72 0
45 2
72 0
49 2
72 1
50 2
52 2
72 0
49 2
72 1
52 2
57 2
72 0
52 2
72 0
49 2
72 0
52 2
72 0
49 2
72 0
45 2
72 0
56 2
72 0
52 2
72 0
56 2
72 0
52 2
72 0
56 2
72 1
52 4
72 0
47 2
72 1
52 4
72 0
47 2
72 0
44 2
72 0
45 2
72 0
49 2
72 0
50 2
72 0
52 2
72 0
49 2
72 1
52 2
57 2
72 0
52 2
72 1
49 2
52 2
72 0
49 2
72 0
45 2
72 0
56 2
72 0
52 2
72 0
56 2
72 0
52 2
72 0
56 2
72 0
52 2
72 0
52 2
72 0
47 2
72 0
52 2
72 0
52 2
72 0
47 2
72 0
44 2
E
S
H
72 13
40 2
45 2
72 2
47 2
50 2
47 2
72 2
50 2
52 2
47 2
72 2
50 2
52 2
55 2
72 2
54 2
201 13
72 3
45 3
72 4
45 2
52 10
72 2
54 2
56 2
72 2
57 2
52 9
72 4
47 6
72 2
52 6
72 2
45 3
72 4
45 2
52 10
72 2
54 2
56 2
72 2
57 2
59 9
72 4
56 6
72 2
52 6
72 2
45 3
72 4
45 2
52 10
72 2
54 2
56 2
72 2
57 2
52 9
72 4
47 6
72 2
52 6
72 2
45 3
72 4
45 2
52 10
72 2
54 2
56 2
72 2
57 2
59 9
72 4
56 6
72 2
52 6
72 2
45 3
72 4
45 2
52 10
72 2
54 2
56 2
72 2
57 2
52 9
72 4
47 6
72 2
52 6
72 2
45 3
72 4
45 2
52 10
72 2
54 2
56 2
72 2
57 2
59 9
72 4
56 6
72 2
52 6
72 2
45 3
72 4
45 2
52 10
72 2
54 2
56 2
72 2
57 2
52 9
72 4
47 6
72 2
52 6
72 2
45 3
72 4
45 2
52 10
72 2
54 2
56 2
72 2
57 2
59 9
72 4
56 6
72 2
52 6
72 2
45 3
72 4
45 2
52 10
72 2
54 2
56 2
72 2
57 2
52 9
72 4
47 6
72 2
52 6
72 2
45 3
72 4
45 2
52 10
72 2
54 2
56 2
72 2
57 2
59 9
72 4
56 6
72 2
52 6
72 2
45 3
72 4
45 2
52 10
72 2
54 2
56 2
72 2
57 2
52 9
72 4
47 6
72 2
52 6
72 2
45 3
72 4
45 2
52 10
72 2
54 2
56 2
72 2
57 2
59 9
72 4
56 6
72 2
52 6
E
S
H
72 14
813 13
72 3
33 3
72 4
33 2
40 10
72 2
42 2
44 2
72 2
45 2
40 9
72 4
35 6
72 2
40 6
72 2
33 3
72 4
33 2
40 10
72 2
42 2
44 2
72 2
45 2
47 9
72 4
44 6
72 2
40 6
72 2
33 3
72 4
33 2
40 10
72 2
42 2
44 2
72 2
45 2
40 9
72 4
35 6
72 2
40 6
72 2
33 3
72 4
33 2
40 10
72 2
42 2
44 2
72 2
45 2
47 9
72 4
44 6
72 2
40 6
72 2
33 3
72 4
33 2
40 10
72 2
42 2
44 2
72 2
45 2
40 9
72 4
35 6
72 2
40 6
72 2
33 3
72 4
33 2
40 10
72 2
42 2
44 2
72 2
45 2
47 9
72 4
44 6
72 2
40 6
72 2
33 3
72 4
33 2
40 10
72 2
42 2
44 2
72 2
45 2
40 9
72 4
35 6
72 2
40 6
72 2
33 3
72 4
33 2
40 10
72 2
42 2
44 2
72 2
45 2
47 9
72 4
44 6
72 2
40 6
72 2
33 3
72 4
33 2
40 10
72 2
42 2
44 2
72 2
45 2
40 9
72 4
35 6
72 2
40 6
72 2
33 3
72 4
33 2
40 10
72 2
42 2
44 2
72 2
45 2
47 9
72 4
44 6
72 2
40 6
72 2
33 3
72 4
33 2
40 10
72 2
42 2
44 2
72 2
45 2
40 9
72 4
35 6
72 2
40 6
72 2
33 3
72 4
33 2
40 10
72 2
42 2
44 2
72 2
45 2
47 9
72 4
44 6
72 2
40 6
E
X
