minor
S
L
24 11
31 4
28 4
26 4
24 13
29 7
26 7
28 13
27 11
29 7
26 7
28 9
21 9
24 7
26 9
31 9
26 7
33 9
31 9
26 6
72 8
35 7
31 4
26 4
31 4
32 4
E
S
H
72 9
43 2
45 2
43 11
189 13
137 11
163 7
214 7
189 7
72 12
137 7
72 7
163 7
214 7
40 9
43 9
40 7
40 9
43 9
40 4
72 4
41 9
45 9
41 7
48 9
47 9
190 7
149 2
149 2
136 2
72 2
149 2
72 2
136 2
149 8
72 7
163 2
163 2
149 2
72 2
163 2
72 2
149 2
163 8
72 7
149 2
149 2
136 2
72 2
149 2
72 2
136 2
149 8
72 7
163 2
163 2
149 2
72 2
163 2
72 2
149 2
163 8
72 7
36 9
33 9
36 7
35 9
38 9
35 7
36 9
40 7
40 4
36 7
72 4
41 2
72 2
41 2
72 2
41 2
72 2
41 2
72 2
41 2
72 2
41 2
72 2
41 4
46 9
39 2
46 8
39 7
44 9
44 2
44 2
44 4
43 4
39 2
41 6
46 9
39 2
46 8
39 7
109 9
72 4
202 2
72 2
202 2
72 2
202 2
48 2
72 7
36 2
39 2
43 4
36 2
39 2
43 11
72 4
36 2
39 2
43 4
36 2
39 2
43 11
39 9
41 11
43 2
41 2
39 9
41 9
39 7
121 4
147 2
121 4
200 2
121 4
200 2
200 2
161 2
121 6
188 2
202 2
188 12
E
S
H
72 4
40 2
41 2
40 12
72 14
35 7
31 4
26 4
31 4
32 4
33 13
43 0
36 0
40 0
36 0
43 0
36 0
40 0
36 0
34 13
45 0
38 0
41 0
38 0
45 0
38 0
41 0
38 0
33 13
43 0
36 0
40 0
36 0
43 0
36 0
40 0
36 0
34 13
45 0
38 0
41 0
38 0
45 0
38 0
41 0
38 0
72 14
39 2
46 7
39 7
44 10
44 2
44 4
43 4
39 2
36 6
72 10
39 2
46 7
39 7
44 10
44 2
44 4
43 4
39 2
36 6
72 4
36 2
39 2
43 2
72 2
36 2
39 2
43 11
46 4
36 2
39 2
43 2
72 2
36 2
39 2
43 11
36 4
39 4
32 4
34 7
36 4
72 4
32 2
32 2
36 4
39 4
32 4
34 9
36 7
41 4
39 4
41 4
44 4
41 4
37 4
39 4
41 4
39 12
E
S
H
72 14
149 2
149 2
136 2
72 2
149 2
72 2
136 2
149 8
72 6
149 2
163 2
163 2
149 2
72 2
163 2
72 2
149 2
163 8
72 7
149 2
149 2
136 2
72 2
149 2
72 2
136 2
149 8
72 6
149 2
163 2
163 2
149 2
72 2
163 2
72 2
149 2
163 8
72 14
189 2
72 2
189 2
72 2
189 2
72 2
187 2
72 2
187 2
72 2
187 2
72 2
187 2
E
S
H
72 14
49 2
48 2
46 2
44 2
49 2
48 2
46 2
44 2
49 2
48 2
46 2
44 2
49 2
48 2
46 2
44 2
660 11
E
S
L
11 2
72 9
11 2
11 2
72 2
11 2
72 2
14 2
72 2
14 2
14 2
11 2
72 9
11 2
11 2
72 2
11 2
72 2
14 2
72 6
11 2
72 9
11 2
11 2
72 2
11 2
72 2
14 2
72 6
11 2
72 9
11 2
11 2
72 2
11 2
72 2
14 2
72 6
11 2
72 9
11 2
11 2
72 2
11 2
72 2
14 2
72 6
11 2
72 9
11 2
11 2
72 2
11 2
72 2
14 2
72 6
11 2
72 9
11 2
11 2
72 2
11 2
72 2
14 2
72 6
11 2
72 9
11 2
11 2
72 2
11 2
72 2
14 2
72 6
11 7
72 6
11 7
11 7
14 2
11 7
14 7
14 2
14 2
11 2
72 6
14 2
72 4
11 2
11 2
72 2
11 2
72 2
14 2
72 6
11 2
72 6
14 2
72 4
11 2
11 2
72 2
11 2
72 2
14 2
72 6
11 2
72 6
14 2
72 4
11 2
11 2
72 2
11 2
72 2
14 2
72 6
11 2
72 6
14 2
72 4
11 2
11 2
72 2
11 2
72 2
14 2
72 6
11 2
72 6
14 2
72 4
11 2
11 2
72 2
11 2
72 2
14 2
72 6
11 2
72 6
14 2
72 4
11 2
11 2
72 2
11 2
72 2
14 2
72 6
11 2
72 6
14 2
72 4
11 2
11 2
72 2
11 2
72 2
14 2
72 6
11 2
72 2
14 2
72 2
14 2
72 2
14 2
72 2
235 2
23 2
187 2
19 2
211 2
21 2
163 2
163 2
11 2
72 2
18 2
72 2
139 2
72 4
11 2
11 2
72 2
184 2
72 2
139 2
72 6
11 2
72 2
18 2
72 2
139 2
72 4
11 2
11 2
72 2
184 2
72 2
139 2
72 2
139 2
14 7
11 2
18 2
72 2
139 2
72 4
11 2
11 2
72 2
184 2
72 2
139 2
72 6
11 2
72 2
18 2
72 2
139 2
72 4
11 2
11 2
72 2
184 2
72 2
139 2
72 2
139 2
14 7
11 2
18 2
72 2
139 2
72 4
11 2
11 2
72 2
184 2
72 2
139 2
72 6
11 2
72 2
18 2
72 2
139 2
72 4
11 2
11 2
72 2
184 2
72 2
139 2
72 2
139 2
14 7
11 2
18 2
72 2
139 2
72 2
11 2
72 2
18 2
72 2
139 2
72 2
139 2
72 2
139 2
139 2
11 2
72 2
18 2
72 2
139 2
72 2
11 2
72 2
18 2
72 2
1435 2
21 2
1147 2
19 2
859 2
859 2
11 2
72 6
14 2
72 4
11 2
11 2
72 2
11 2
72 2
14 2
72 4
11 2
189 7
E
S
H
72 14
620 11
E
S
H
24 11
43 2
45 2
43 11
31 4
28 4
26 4
189 13
137 11
163 7
214 7
189 13
137 11
163 7
214 7
40 9
43 9
40 7
40 9
43 9
40 4
72 4
41 9
45 9
41 7
48 9
47 9
190 7
149 2
149 2
136 2
72 2
149 2
72 2
136 2
149 8
72 7
163 2
163 2
149 2
72 2
163 2
72 2
149 2
163 8
72 7
149 2
149 2
136 2
72 2
149 2
72 2
136 2
149 8
72 7
163 2
163 2
149 2
72 2
163 2
72 2
149 2
163 8
72 7
36 9
33 9
36 7
35 9
38 9
35 7
36 9
40 7
40 4
36 7
72 4
41 2
72 2
41 2
72 2
41 2
72 2
41 2
72 2
41 2
72 2
41 2
72 2
41 4
46 9
39 2
46 8
39 7
44 9
44 2
44 2
44 4
43 4
39 2
41 6
46 9
39 2
46 8
39 7
109 9
72 4
202 2
72 2
202 2
72 2
202 2
48 2
72 7
36 2
39 2
43 4
36 2
39 2
43 11
72 4
36 2
39 2
43 4
36 2
39 2
43 11
E
X
