major
S
L
72 11
6 2
72 2
6 2
10 2
72 2
15 2
13 4
8 2
8 2
72 2
8 2
13 4
1 4
6 2
72 2
6 2
10 2
72 2
15 2
13 4
8 2
8 2
72 2
8 2
13 4
1 4
6 2
72 2
6 2
10 2
72 2
15 2
13 4
8 2
8 2
72 2
8 2
13 4
1 4
6 2
72 2
6 2
10 2
72 2
15 2
13 4
8 2
8 2
72 2
8 2
13 4
1 4
6 4
72 2
6 2
6 4
1 2
3 2
6 4
72 2
6 2
6 4
1 2
3 2
6 4
72 2
6 2
6 4
1 2
3 2
6 4
72 2
6 2
6 2
1 2
13 2
1 2
6 4
72 2
6 2
6 4
1 2
3 2
6 4
72 2
6 2
6 4
1 2
3 2
6 4
72 2
6 2
10 4
13 4
8 6
8 2
8 2
13 2
1 2
13 2
6 6
6 2
1 6
6 2
8 6
8 2
3 6
8 2
10 6
10 2
5 6
10 2
11 4
11 4
13 2
1 2
13 2
8 2
6 6
6 2
1 6
6 2
8 6
8 2
3 6
8 2
10 6
10 2
5 6
10 2
11 4
11 4
13 2
1 2
13 2
8 2
6 6
6 2
1 6
6 2
8 6
8 2
3 6
8 2
10 6
10 2
5 6
10 2
11 4
11 4
13 2
1 2
13 2
8 2
6 6
6 2
1 6
6 2
8 6
8 2
3 6
8 2
10 6
10 2
5 6
10 2
11 4
11 4
13 2
1 2
13 2
8 2
6 2
72 2
6 2
10 2
72 2
15 2
13 4
8 2
8 2
72 2
8 2
13 4
1 4
6 2
72 2
6 2
10 2
72 2
15 2
13 4
8 2
8 2
72 2
8 2
13 4
1 4
6 2
72 2
6 2
10 2
72 2
15 2
13 4
8 2
8 2
72 2
8 2
13 4
1 4
6 2
72 2
6 2
10 2
72 2
15 2
13 4
8 2
8 2
72 2
8 2
13 4
1 4
6 2
72 2
6 2
10 2
72 2
15 2
13 4
8 2
8 2
72 2
8 2
13 4
1 4
6 2
72 2
6 2
10 2
72 2
15 2
13 4
8 2
8 2
72 2
8 2
13 4
1 4
6 2
72 2
6 2
10 2
72 2
15 2
13 4
8 2
8 2
72 2
8 2
13 4
1 4
6 2
72 2
6 2
10 2
72 2
15 2
13 4
8 2
8 2
72 2
8 2
13 4
1 4
6 2
72 2
6 2
10 2
72 2
15 2
13 4
8 2
8 2
72 2
8 2
13 4
1 4
6 2
72 2
6 2
10 2
72 2
15 2
13 4
8 2
8 2
72 2
8 2
13 4
1 4
6 4
72 2
6 2
6 4
1 2
3 2
6 4
72 2
6 2
6 4
1 2
3 2
6 4
72 2
6 2
6 4
1 2
3 2
6 4
72 2
6 2
6 2
1 2
13 2
1 2
6 4
72 2
6 2
6 4
1 2
3 2
6 4
72 2
6 2
6 4
1 2
3 2
6 4
72 2
6 2
10 4
13 4
8 6
8 2
8 2
13 2
1 2
13 2
6 6
6 2
1 6
6 2
8 6
8 2
3 6
8 2
10 6
10 2
5 6
10 2
11 4
11 4
13 2
1 2
13 2
8 2
6 6
6 2
1 6
6 2
8 6
8 2
3 6
8 2
10 6
10 2
5 6
10 2
11 4
11 4
13 2
1 2
13 2
8 2
6 6
6 2
1 6
6 2
8 6
8 2
3 6
8 2
10 6
10 2
5 6
10 2
11 4
11 4
13 2
1 2
13 2
8 2
6 6
6 2
1 6
6 2
8 6
8 2
3 6
8 2
10 6
10 2
5 6
10 2
11 4
11 4
13 2
1 2
13 2
8 2
6 2
72 2
6 2
10 2
72 2
15 2
13 4
8 2
8 2
72 2
8 2
13 4
1 4
6 2
72 2
6 2
10 2
72 2
15 2
13 4
8 2
8 2
72 2
8 2
13 4
1 4
6 2
72 2
6 2
10 2
72 2
15 2
13 4
8 2
8 2
72 2
8 2
13 4
1 4
6 2
72 2
6 2
10 2
72 2
15 2
13 4
8 2
8 2
72 2
8 2
13 4
1 4
6 2
72 2
6 2
10 2
72 2
15 2
13 4
8 2
8 2
72 2
8 2
13 4
1 4
6 2
72 2
6 2
10 2
72 2
15 2
13 4
8 2
8 2
72 2
8 2
13 4
1 4
6 2
72 2
6 2
10 2
72 2
15 2
13 4
8 2
8 2
72 2
8 2
13 4
1 4
6 2
72 2
6 2
10 2
72 2
15 2
13 4
8 2
8 2
72 2
8 2
13 4
1 4
6 2
72 2
6 2
10 2
72 2
15 2
13 4
8 2
8 2
72 2
8 2
13 4
1 4
6 2
72 2
6 2
10 2
72 2
15 2
13 4
8 2
8 2
72 2
8 2
13 4
1 4
6 4
72 2
6 2
6 4
1 2
3 2
6 4
72 2
6 2
6 4
1 2
3 2
6 4
72 2
6 2
6 4
1 2
3 2
6 4
72 2
6 2
6 2
1 2
13 2
1 2
6 4
72 2
6 2
6 4
1 2
3 2
6 4
72 2
6 2
6 4
1 2
3 2
6 4
72 2
6 2
10 4
13 4
8 6
8 2
8 2
13 2
1 2
13 2
6 6
6 2
1 6
6 2
8 6
8 2
3 6
8 2
10 6
10 2
5 6
10 2
11 4
11 4
13 2
1 2
13 2
8 2
6 6
6 2
1 6
6 2
8 6
8 2
3 6
8 2
10 6
10 2
5 6
10 2
11 4
11 4
13 2
1 2
13 2
8 2
6 6
6 2
1 6
6 2
8 6
8 2
3 6
8 2
10 6
10 2
5 6
10 2
11 4
11 4
13 2
1 2
13 2
8 2
6 6
6 2
1 6
6 2
8 6
8 2
3 6
8 2
10 6
10 2
5 6
10 2
11 4
11 4
13 2
1 2
13 2
8 2
6 2
72 2
6 2
10 2
72 2
15 2
13 4
8 2
8 2
72 2
8 2
13 4
1 4
6 2
72 2
6 2
10 2
72 2
15 2
13 4
8 2
8 2
72 2
8 2
13 4
1 4
6 2
72 2
6 2
10 2
72 2
15 2
13 4
8 2
8 2
72 2
8 2
13 4
1 4
6 2
72 2
6 2
10 2
72 2
15 2
13 4
8 2
8 2
72 2
8 2
13 4
1 4
6 2
72 2
6 2
10 2
72 2
15 2
13 4
8 2
8 2
72 2
8 2
13 4
1 4
6 2
72 2
6 2
10 2
72 2
15 2
13 4
8 2
8 2
72 2
8 2
13 4
1 4
6 2
72 2
6 2
10 2
72 2
15 2
13 4
8 2
8 2
72 2
8 2
13 4
1 4
6 2
72 2
6 2
10 2
72 2
15 2
13 4
8 2
8 2
72 2
8 2
13 4
1 4
6 2
72 2
6 2
10 2
72 2
15 2
13 4
8 2
8 2
72 2
8 2
13 4
1 4
6 2
72 2
6 2
10 2
72 2
15 2
13 4
8 2
8 2
72 2
8 2
13 4
1 4
6 4
72 2
6 2
6 4
1 2
3 2
6 4
72 2
6 2
6 4
1 2
3 2
6 4
72 2
6 2
6 4
1 2
3 2
6 4
72 2
6 2
6 2
1 2
13 2
1 2
6 4
72 2
6 2
6 4
1 2
3 2
6 4
72 2
6 2
6 4
1 2
3 2
6 4
72 2
6 2
10 4
13 4
8 6
8 2
8 2
13 2
1 2
13 2
6 6
6 2
1 6
6 2
8 6
8 2
3 6
8 2
10 6
10 2
5 6
10 2
11 4
11 4
13 2
1 2
13 2
8 2
6 6
6 2
1 6
6 2
8 6
8 2
3 6
8 2
10 6
10 2
5 6
10 2
11 4
11 4
13 2
1 2
13 2
8 2
6 6
6 2
1 6
6 2
8 6
8 2
3 6
8 2
10 6
10 2
5 6
10 2
11 4
11 4
13 2
1 2
13 2
8 2
6 6
6 2
1 6
6 2
8 6
8 2
3 6
8 2
10 6
10 2
5 6
10 2
11 4
11 4
13 2
1 2
13 2
8 2
6 2
72 2
6 2
10 2
72 2
15 2
13 4
8 2
8 2
72 2
8 2
13 4
1 4
6 2
72 2
6 2
10 2
72 2
15 2
13 4
8 2
8 2
72 2
8 2
13 4
1 4
6 2
72 2
6 2
10 2
72 2
15 2
13 4
8 2
8 2
72 2
8 2
13 4
1 4
6 2
72 2
6 2
10 2
72 2
15 2
13 4
8 2
8 2
72 2
8 2
13 4
1 4
6 2
72 2
6 2
10 2
72 2
15 2
13 4
8 2
8 2
72 2
8 2
13 4
1 4
6 2
72 2
6 2
10 2
72 2
15 2
13 4
8 2
8 2
72 2
8 2
13 4
1 4
6 2
E
S
H
72 11
61 0
72 2
61 0
72 2
61 0
72 2
61 0
72 2
61 0
72 4
61 0
72 2
61 0
72 4
61 0
72 2
61 0
72 2
61 0
72 2
61 0
72 4
61 0
72 4
61 0
72 2
61 0
72 2
61 0
72 2
61 0
72 2
61 0
72 4
61 0
72 2
61 0
72 4
61 0
72 2
61 0
72 2
61 0
72 2
61 0
72 4
61 0
72 4
61 0
72 2
61 0
72 2
61 0
72 2
61 0
72 2
61 0
72 4
61 0
72 2
61 0
72 4
61 0
72 2
61 0
72 2
61 0
72 2
61 0
72 4
61 0
72 4
61 0
72 2
61 0
72 2
61 0
72 2
61 0
72 2
61 0
72 4
61 0
72 2
61 0
72 4
61 0
72 2
61 0
72 2
61 0
72 2
61 0
72 4
61 0
72 14
61 0
72 2
61 0
72 2
61 0
72 2
61 0
72 2
61 0
72 4
61 0
72 2
61 0
72 4
61 0
72 2
61 0
72 2
61 0
72 2
61 0
72 4
61 0
72 4
61 0
72 2
61 0
72 2
61 0
72 2
61 0
72 2
61 0
72 4
61 0
72 2
61 0
72 4
61 0
72 2
61 0
72 2
61 0
72 2
61 0
72 4
61 0
72 4
61 0
72 2
61 0
72 2
61 0
72 2
61 0
72 2
61 0
72 4
61 0
72 2
61 0
72 4
61 0
72 2
61 0
72 2
61 0
72 2
61 0
72 4
61 0
72 4
61 0
72 2
61 0
72 2
61 0
72 2
61 0
72 2
61 0
72 4
61 0
72 2
61 0
72 4
61 0
72 2
61 0
72 2
61 0
72 2
61 0
72 4
61 0
72 4
61 0
72 2
61 0
72 2
61 0
72 2
61 0
72 2
61 0
72 4
61 0
72 2
61 0
72 4
61 0
72 2
61 0
72 2
61 0
72 2
61 0
72 4
61 0
72 4
61 0
72 2
61 0
72 2
61 0
72 2
61 0
72 2
61 0
72 4
61 0
72 2
61 0
72 4
61 0
72 2
61 0
72 2
61 0
72 2
61 0
72 4
61 0
72 4
61 0
72 2
61 0
72 2
61 0
72 2
61 0
72 2
61 0
72 4
61 0
72 2
61 0
72 4
61 0
72 2
61 0
72 2
61 0
72 2
61 0
72 4
61 0
72 4
61 0
72 2
61 0
72 2
61 0
72 2
61 0
72 2
61 0
72 4
61 0
72 2
61 0
72 4
61 0
72 2
61 0
72 2
61 0
72 2
61 0
72 4
61 0
72 4
61 0
72 2
61 0
72 2
61 0
72 2
61 0
72 2
61 0
72 4
61 0
72 2
61 0
72 4
61 0
72 2
61 0
72 2
61 0
72 2
61 0
72 4
61 0
72 4
61 0
72 2
61 0
72 2
61 0
72 2
61 0
72 2
61 0
72 4
61 0
72 2
61 0
72 4
61 0
72 2
61 0
72 2
61 0
72 2
61 0
72 4
61 0
72 14
61 0
72 2
61 0
72 2
61 0
72 2
61 0
72 2
61 0
72 4
61 0
72 2
61 0
72 4
61 0
72 2
61 0
72 2
61 0
72 2
61 0
72 4
61 0
72 4
61 0
72 2
61 0
72 2
61 0
72 2
61 0
72 2
61 0
72 4
61 0
72 2
61 0
72 4
61 0
72 2
61 0
72 2
61 0
72 2
61 0
72 4
61 0
72 4
61 0
72 2
61 0
72 2
61 0
72 2
61 0
72 2
61 0
72 4
61 0
72 2
61 0
72 4
61 0
72 2
61 0
72 2
61 0
72 2
61 0
72 4
61 0
72 4
61 0
72 2
61 0
72 2
61 0
72 2
61 0
72 2
61 0
72 4
61 0
72 2
61 0
72 4
61 0
72 2
61 0
72 2
61 0
72 2
61 0
72 4
61 0
72 4
61 0
72 2
61 0
72 2
61 0
72 2
61 0
72 2
61 0
72 4
61 0
72 2
61 0
72 4
61 0
72 2
61 0
72 2
61 0
72 2
61 0
72 4
61 0
72 4
61 0
72 2
61 0
72 2
61 0
72 2
61 0
72 2
61 0
72 4
61 0
72 2
61 0
72 4
61 0
72 2
61 0
72 2
61 0
72 2
61 0
72 4
61 0
72 4
61 0
72 2
61 0
72 2
61 0
72 2
61 0
72 2
61 0
72 4
61 0
72 2
61 0
72 4
61 0
72 2
61 0
72 2
61 0
72 2
61 0
72 4
61 0
72 4
61 0
72 2
61 0
72 2
61 0
72 2
61 0
72 2
61 0
72 4
61 0
72 2
61 0
72 4
61 0
72 2
61 0
72 2
61 0
72 2
61 0
72 4
61 0
72 4
61 0
72 2
61 0
72 2
61 0
72 2
61 0
72 2
61 0
72 4
61 0
72 2
61 0
72 4
61 0
72 2
61 0
72 2
61 0
72 2
61 0
72 4
61 0
72 4
61 0
72 2
61 0
72 2
61 0
72 2
61 0
72 2
61 0
72 4
61 0
72 2
61 0
72 4
61 0
72 2
61 0
72 2
61 0
72 2
61 0
72 4
61 0
72 14
61 0
72 2
61 0
72 2
61 0
72 2
61 0
72 2
61 0
72 4
61 0
72 2
61 0
72 4
61 0
72 2
61 0
72 2
61 0
72 2
61 0
72 4
61 0
72 4
61 0
72 2
61 0
72 2
61 0
72 2
61 0
72 2
61 0
72 4
61 0
72 2
61 0
72 4
61 0
72 2
61 0
72 2
61 0
72 2
61 0
72 4
61 0
72 4
61 0
72 2
61 0
72 2
61 0
72 2
61 0
72 2
61 0
72 4
61 0
72 2
61 0
72 4
61 0
72 2
61 0
72 2
61 0
72 2
61 0
72 4
61 0
72 4
61 0
72 2
61 0
72 2
61 0
72 2
61 0
72 2
61 0
72 4
61 0
72 2
61 0
72 4
61 0
72 2
61 0
72 2
61 0
72 2
61 0
72 4
61 0
72 4
61 0
72 2
61 0
72 2
61 0
72 2
61 0
72 2
61 0
72 4
61 0
72 2
61 0
72 4
61 0
72 2
61 0
72 2
61 0
72 2
61 0
72 4
61 0
72 4
61 0
72 2
61 0
72 2
61 0
72 2
61 0
72 2
61 0
72 4
61 0
72 2
61 0
72 4
61 0
72 2
61 0
72 2
61 0
72 2
61 0
72 4
61 0
72 4
61 0
72 2
61 0
72 2
61 0
72 2
61 0
72 2
61 0
72 4
61 0
72 2
61 0
72 4
61 0
72 2
61 0
72 2
61 0
72 2
61 0
72 4
61 0
72 4
61 0
72 2
61 0
72 2
61 0
72 2
61 0
72 2
61 0
72 4
61 0
72 2
61 0
72 4
61 0
72 2
61 0
72 2
61 0
72 2
61 0
72 4
61 0
72 4
61 0
72 2
61 0
72 2
61 0
72 2
61 0
72 2
61 0
72 4
61 0
72 2
61 0
72 4
61 0
72 2
61 0
72 2
61 0
72 2
61 0
72 4
61 0
72 4
61 0
72 2
61 0
72 2
61 0
72 2
61 0
72 2
61 0
72 4
61 0
72 2
61 0
72 4
61 0
72 2
61 0
72 2
61 0
72 2
61 0
72 4
61 0
72 14
61 0
72 2
61 0
72 2
61 0
72 2
61 0
72 2
61 0
72 4
61 0
72 2
61 0
72 4
61 0
72 2
61 0
72 2
61 0
72 2
61 0
72 4
61 0
72 4
61 0
72 2
61 0
72 2
61 0
72 2
61 0
72 2
61 0
72 4
61 0
72 2
61 0
72 4
61 0
72 2
61 0
72 2
61 0
72 2
61 0
72 4
61 0
72 4
61 0
72 2
61 0
72 2
61 0
72 2
61 0
72 2
61 0
72 4
61 0
72 2
61 0
72 4
61 0
72 2
61 0
72 2
61 0
72 2
61 0
72 4
61 0
72 4
61 0
72 2
61 0
72 2
61 0
72 2
61 0
72 2
61 0
72 4
61 0
72 2
61 0
72 4
61 0
72 2
61 0
72 2
61 0
72 2
61 0
72 4
61 0
72 4
61 0
72 2
61 0
72 2
61 0
72 2
61 0
72 2
61 0
72 4
61 0
72 2
61 0
72 4
61 0
72 2
61 0
72 2
61 0
72 2
61 0
72 4
61 0
72 4
61 0
72 2
61 0
72 2
61 0
72 2
61 0
72 2
61 0
72 4
61 0
72 2
61 0
72 4
61 0
72 2
61 0
72 2
61 0
72 2
61 0
72 4
61 0
E
S
H
72 11
61 0
72 2
61 0
72 2
61 0
72 2
61 0
72 2
61 0
72 4
61 0
72 2
61 0
72 4
61 0
72 2
61 0
72 2
61 0
72 2
61 0
72 4
61 0
72 4
61 0
72 2
61 0
72 2
61 0
72 2
61 0
72 2
61 0
72 4
61 0
72 2
61 0
72 4
61 0
72 2
61 0
72 2
61 0
72 2
61 0
72 4
61 0
72 4
61 0
72 2
61 0
72 2
61 0
72 2
61 0
72 2
61 0
72 4
61 0
72 2
61 0
72 4
61 0
72 2
61 0
72 2
61 0
72 2
61 0
72 4
61 0
72 4
61 0
72 2
61 0
72 2
61 0
72 2
61 0
72 2
61 0
72 4
61 0
72 2
61 0
72 4
61 0
72 2
61 0
72 2
61 0
72 2
61 0
72 4
61 0
72 14
61 0
72 2
61 0
72 2
61 0
72 2
61 0
72 2
61 0
72 4
61 0
72 2
61 0
72 4
61 0
72 2
61 0
72 2
61 0
72 2
61 0
72 4
61 0
72 4
61 0
72 2
61 0
72 2
61 0
72 2
61 0
72 2
61 0
72 4
61 0
72 2
61 0
72 4
61 0
72 2
61 0
72 2
61 0
72 2
61 0
72 4
61 0
72 4
61 0
72 2
61 0
72 2
61 0
72 2
61 0
72 2
61 0
72 4
61 0
72 2
61 0
72 4
61 0
72 2
61 0
72 2
61 0
72 2
61 0
72 4
61 0
72 4
61 0
72 2
61 0
72 2
61 0
72 2
61 0
72 2
61 0
72 4
61 0
72 2
61 0
72 4
61 0
72 2
61 0
72 2
61 0
72 2
61 0
72 4
61 0
72 4
61 0
72 2
61 0
72 2
61 0
72 2
61 0
72 2
61 0
72 4
61 0
72 2
61 0
72 4
61 0
72 2
61 0
72 2
61 0
72 2
61 0
72 4
61 0
72 4
61 0
72 2
61 0
72 2
61 0
72 2
61 0
72 2
61 0
72 4
61 0
72 2
61 0
72 4
61 0
72 2
61 0
72 2
61 0
72 2
61 0
72 4
61 0
72 4
61 0
72 2
61 0
72 2
61 0
72 2
61 0
72 2
61 0
72 4
61 0
72 2
61 0
72 4
61 0
72 2
61 0
72 2
61 0
72 2
61 0
72 4
61 0
72 4
61 0
72 2
61 0
72 2
61 0
72 2
61 0
72 2
61 0
72 4
61 0
72 2
61 0
72 4
61 0
72 2
61 0
72 2
61 0
72 2
61 0
72 4
61 0
72 4
61 0
72 2
61 0
72 2
61 0
72 2
61 0
72 2
61 0
72 4
61 0
72 2
61 0
72 4
61 0
72 2
61 0
72 2
61 0
72 2
61 0
72 4
61 0
72 4
61 0
72 2
61 0
72 2
61 0
72 2
61 0
72 2
61 0
72 4
61 0
72 2
61 0
72 4
61 0
72 2
61 0
72 2
61 0
72 2
61 0
72 4
61 0
72 14
61 0
72 2
61 0
72 2
61 0
72 2
61 0
72 2
61 0
72 4
61 0
72 2
61 0
72 4
61 0
72 2
61 0
72 2
61 0
72 2
61 0
72 4
61 0
72 4
61 0
72 2
61 0
72 2
61 0
72 2
61 0
72 2
61 0
72 4
61 0
72 2
61 0
72 4
61 0
72 2
61 0
72 2
61 0
72 2
61 0
72 4
61 0
72 4
61 0
72 2
61 0
72 2
61 0
72 2
61 0
72 2
61 0
72 4
61 0
72 2
61 0
72 4
61 0
72 2
61 0
72 2
61 0
72 2
61 0
72 4
61 0
72 4
61 0
72 2
61 0
72 2
61 0
72 2
61 0
72 2
61 0
72 4
61 0
72 2
61 0
72 4
61 0
72 2
61 0
72 2
61 0
72 2
61 0
72 4
61 0
72 4
61 0
72 2
61 0
72 2
61 0
72 2
61 0
72 2
61 0
72 4
61 0
72 2
61 0
72 4
61 0
72 2
61 0
72 2
61 0
72 2
61 0
72 4
61 0
72 4
61 0
72 2
61 0
72 2
61 0
72 2
61 0
72 2
61 0
72 4
61 0
72 2
61 0
72 4
61 0
72 2
61 0
72 2
61 0
72 2
61 0
72 4
61 0
72 4
61 0
72 2
61 0
72 2
61 0
72 2
61 0
72 2
61 0
72 4
61 0
72 2
61 0
72 4
61 0
72 2
61 0
72 2
61 0
72 2
61 0
72 4
61 0
72 4
61 0
72 2
61 0
72 2
61 0
72 2
61 0
72 2
61 0
72 4
61 0
72 2
61 0
72 4
61 0
72 2
61 0
72 2
61 0
72 2
61 0
72 4
61 0
72 4
61 0
72 2
61 0
72 2
61 0
72 2
61 0
72 2
61 0
72 4
61 0
72 2
61 0
72 4
61 0
72 2
61 0
72 2
61 0
72 2
61 0
72 4
61 0
72 4
61 0
72 2
61 0
72 2
61 0
72 2
61 0
72 2
61 0
72 4
61 0
72 2
61 0
72 4
61 0
72 2
61 0
72 2
61 0
72 2
61 0
72 4
61 0
72 14
61 0
72 2
61 0
72 2
61 0
72 2
61 0
72 2
61 0
72 4
61 0
72 2
61 0
72 4
61 0
72 2
61 0
72 2
61 0
72 2
61 0
72 4
61 0
72 4
61 0
72 2
61 0
72 2
61 0
72 2
61 0
72 2
61 0
72 4
61 0
72 2
61 0
72 4
61 0
72 2
61 0
72 2
61 0
72 2
61 0
72 4
61 0
72 4
61 0
72 2
61 0
72 2
61 0
72 2
61 0
72 2
61 0
72 4
61 0
72 2
61 0
72 4
61 0
72 2
61 0
72 2
61 0
72 2
61 0
72 4
61 0
72 4
61 0
72 2
61 0
72 2
61 0
72 2
61 0
72 2
61 0
72 4
61 0
72 2
61 0
72 4
61 0
72 2
61 0
72 2
61 0
72 2
61 0
72 4
61 0
72 4
61 0
72 2
61 0
72 2
61 0
72 2
61 0
72 2
61 0
72 4
61 0
72 2
61 0
72 4
61 0
72 2
61 0
72 2
61 0
72 2
61 0
72 4
61 0
72 4
61 0
72 2
61 0
72 2
61 0
72 2
61 0
72 2
61 0
72 4
61 0
72 2
61 0
72 4
61 0
72 2
61 0
72 2
61 0
72 2
61 0
72 4
61 0
72 4
61 0
72 2
61 0
72 2
61 0
72 2
61 0
72 2
61 0
72 4
61 0
72 2
61 0
72 4
61 0
72 2
61 0
72 2
61 0
72 2
61 0
72 4
61 0
72 4
61 0
72 2
61 0
72 2
61 0
72 2
61 0
72 2
61 0
72 4
61 0
72 2
61 0
72 4
61 0
72 2
61 0
72 2
61 0
72 2
61 0
72 4
61 0
72 4
61 0
72 2
61 0
72 2
61 0
72 2
61 0
72 2
61 0
72 4
61 0
72 2
61 0
72 4
61 0
72 2
61 0
72 2
61 0
72 2
61 0
72 4
61 0
72 4
61 0
72 2
61 0
72 2
61 0
72 2
61 0
72 2
61 0
72 4
61 0
72 2
61 0
72 4
61 0
72 2
61 0
72 2
61 0
72 2
61 0
72 4
61 0
72 14
61 0
72 2
61 0
72 2
61 0
72 2
61 0
72 2
61 0
72 4
61 0
72 2
61 0
72 4
61 0
72 2
61 0
72 2
61 0
72 2
61 0
72 4
61 0
72 4
61 0
72 2
61 0
72 2
61 0
72 2
61 0
72 2
61 0
72 4
61 0
72 2
61 0
72 4
61 0
72 2
61 0
72 2
61 0
72 2
61 0
72 4
61 0
72 4
61 0
72 2
61 0
72 2
61 0
72 2
61 0
72 2
61 0
72 4
61 0
72 2
61 0
72 4
61 0
72 2
61 0
72 2
61 0
72 2
61 0
72 4
61 0
72 4
61 0
72 2
61 0
72 2
61 0
72 2
61 0
72 2
61 0
72 4
61 0
72 2
61 0
72 4
61 0
72 2
61 0
72 2
61 0
72 2
61 0
72 4
61 0
72 4
61 0
72 2
61 0
72 2
61 0
72 2
61 0
72 2
61 0
72 4
61 0
72 2
61 0
72 4
61 0
72 2
61 0
72 2
61 0
72 2
61 0
72 4
61 0
72 4
61 0
72 2
61 0
72 2
61 0
72 2
61 0
72 2
61 0
72 4
61 0
72 2
61 0
72 4
61 0
72 2
61 0
72 2
61 0
72 2
61 0
72 4
61 0
E
S
H
72 13
205 2
72 2
179 2
72 12
114 2
72 2
179 2
72 12
205 2
72 2
179 2
72 12
114 2
72 2
179 2
72 13
1671 2
72 4
1357 2
72 4
1043 2
72 14
258 2
72 4
1828 2
72 4
1671 2
72 2
1043 2
72 6
1350 2
72 8
114 2
72 2
231 2
72 8
140 2
72 2
244 2
72 8
114 2
72 2
231 2
72 2
231 3
205 2
179 2
72 2
179 3
179 2
179 2
72 2
121 2
72 6
231 2
72 2
114 2
72 8
244 2
72 2
140 2
72 8
114 2
72 2
231 2
72 2
231 3
205 2
231 3
205 2
231 3
205 2
231 3
205 2
72 1
179 2
72 4
114 2
72 2
231 2
72 8
140 2
72 2
244 2
72 8
114 2
72 2
231 2
72 2
231 3
205 2
179 2
72 2
179 3
179 2
179 2
72 2
121 2
72 6
231 2
72 2
114 2
72 8
244 2
72 2
140 2
72 8
114 2
72 2
231 2
72 2
231 3
205 2
231 3
205 2
231 3
205 2
231 2
72 2
205 2
72 2
179 2
72 14
114 2
114 2
114 2
114 2
179 2
72 12
205 2
72 2
179 2
72 12
114 2
72 2
179 2
72 12
205 2
72 2
179 2
72 12
114 2
72 2
179 2
72 13
1671 2
72 4
1357 2
72 4
1043 2
72 14
258 2
72 4
1828 2
72 4
1671 2
72 2
1043 2
72 6
1350 2
72 8
114 2
72 2
231 2
72 8
140 2
72 2
244 2
72 8
114 2
72 2
231 2
72 2
231 3
205 2
179 2
72 2
179 3
179 2
179 2
72 2
121 2
72 6
231 2
72 2
114 2
72 8
244 2
72 2
140 2
72 8
114 2
72 2
231 2
72 2
231 3
205 2
231 3
205 2
231 3
205 2
231 3
205 2
72 1
179 2
72 4
114 2
72 2
231 2
72 8
140 2
72 2
244 2
72 8
114 2
72 2
231 2
72 2
231 3
205 2
179 2
72 2
179 3
179 2
179 2
72 2
121 2
72 6
231 2
72 2
114 2
72 8
244 2
72 2
140 2
72 8
114 2
72 2
231 2
72 2
231 3
205 2
231 3
205 2
231 3
205 2
231 2
72 2
205 2
72 2
179 2
72 14
114 2
114 2
114 2
114 2
179 2
72 12
205 2
72 2
179 2
72 12
114 2
72 2
179 2
72 12
205 2
72 2
179 2
72 12
114 2
72 2
179 2
72 13
1671 2
72 4
1357 2
72 4
1043 2
72 14
258 2
72 4
1828 2
72 4
1671 2
72 2
1043 2
72 6
1350 2
72 8
114 2
72 2
231 2
72 8
140 2
72 2
244 2
72 8
114 2
72 2
231 2
72 2
231 3
205 2
179 2
72 2
179 3
179 2
179 2
72 2
121 2
72 6
231 2
72 2
114 2
72 8
244 2
72 2
140 2
72 8
114 2
72 2
231 2
72 2
231 3
205 2
231 3
205 2
231 3
205 2
231 3
205 2
72 1
179 2
72 4
114 2
72 2
231 2
72 8
140 2
72 2
244 2
72 8
114 2
72 2
231 2
72 2
231 3
205 2
179 2
72 2
179 3
179 2
179 2
72 2
121 2
72 6
231 2
72 2
114 2
72 8
244 2
72 2
140 2
72 8
114 2
72 2
231 2
72 2
231 3
205 2
231 3
205 2
231 3
205 2
231 2
72 2
205 2
72 2
179 2
72 14
114 2
114 2
114 2
114 2
179 2
72 12
205 2
72 2
179 2
72 12
114 2
72 2
179 2
72 12
205 2
72 2
179 2
72 12
114 2
72 2
179 2
72 13
1671 2
72 4
1357 2
72 4
1043 2
72 14
258 2
72 4
1828 2
72 4
1671 2
72 2
1043 2
72 6
1350 2
72 8
114 2
72 2
231 2
72 8
140 2
72 2
244 2
72 8
114 2
72 2
231 2
72 2
231 3
205 2
179 2
72 2
179 3
179 2
179 2
72 2
121 2
72 6
231 2
72 2
114 2
72 8
244 2
72 2
140 2
72 8
114 2
72 2
231 2
72 2
231 3
205 2
231 3
205 2
231 3
205 2
231 3
205 2
72 1
179 2
72 4
114 2
72 2
231 2
72 8
140 2
72 2
244 2
72 8
114 2
72 2
231 2
72 2
231 3
205 2
179 2
72 2
179 3
179 2
179 2
72 2
121 2
72 6
231 2
72 2
114 2
72 8
244 2
72 2
140 2
72 8
114 2
72 2
231 2
72 2
231 3
205 2
231 3
205 2
231 3
205 2
231 2
72 2
205 2
72 2
179 2
72 14
114 2
114 2
114 2
114 2
179 2
E
S
H
72 11
42 2
42 2
42 2
42 2
72 2
42 2
72 2
42 2
44 2
72 2
46 2
72 8
42 2
42 2
42 2
42 2
72 2
46 2
72 2
46 2
44 2
72 2
42 2
72 8
42 2
42 2
42 2
42 2
72 2
42 2
72 2
42 2
44 2
72 2
46 2
72 8
42 2
42 2
42 2
42 2
72 2
46 2
72 2
46 2
44 2
72 2
42 2
72 6
42 2
42 2
72 2
42 2
72 2
42 2
37 2
42 2
72 2
42 2
44 2
72 2
42 4
72 4
46 6
44 6
42 11
42 2
42 2
72 2
42 2
72 2
42 2
37 2
42 2
72 2
42 2
44 2
72 2
42 2
72 2
46 2
47 2
49 6
47 6
46 4
42 7
44 7
72 4
49 4
46 4
72 7
51 4
47 4
72 7
49 4
46 2
72 2
46 3
44 2
42 4
42 3
42 2
42 4
44 4
72 4
46 4
49 4
72 7
47 4
51 4
72 7
49 4
46 4
46 3
44 2
46 3
44 2
46 3
44 2
46 3
44 3
72 0
42 3
72 4
49 4
46 4
72 7
51 4
47 4
72 7
49 4
46 2
72 2
46 3
44 2
42 4
42 3
42 2
42 4
44 4
72 4
46 4
49 4
72 7
47 4
51 4
72 7
49 4
46 4
46 3
44 2
46 3
44 2
46 3
44 2
46 4
44 4
42 13
72 14
42 2
42 2
42 2
42 2
72 2
42 2
72 2
42 2
44 2
72 2
46 2
72 8
42 2
42 2
42 2
42 2
72 2
46 2
72 2
46 2
44 2
72 2
42 2
72 8
42 2
42 2
42 2
42 2
72 2
42 2
72 2
42 2
44 2
72 2
46 2
72 8
42 2
42 2
42 2
42 2
72 2
46 2
72 2
46 2
44 2
72 2
42 2
72 6
42 2
42 2
72 2
42 2
72 2
42 2
37 2
42 2
72 2
42 2
44 2
72 2
42 4
72 4
46 6
44 6
42 11
42 2
42 2
72 2
42 2
72 2
42 2
37 2
42 2
72 2
42 2
44 2
72 2
42 2
72 2
46 2
47 2
49 6
47 6
46 4
42 7
44 7
72 4
49 4
46 4
72 7
51 4
47 4
72 7
49 4
46 2
72 2
46 3
44 2
42 4
42 3
42 2
42 4
44 4
72 4
46 4
49 4
72 7
47 4
51 4
72 7
49 4
46 4
46 3
44 2
46 3
44 2
46 3
44 2
46 3
44 3
72 0
42 3
72 4
49 4
46 4
72 7
51 4
47 4
72 7
49 4
46 2
72 2
46 3
44 2
42 4
42 3
42 2
42 4
44 4
72 4
46 4
49 4
72 7
47 4
51 4
72 7
49 4
46 4
46 3
44 2
46 3
44 2
46 3
44 2
46 4
44 4
42 13
72 14
42 2
42 2
42 2
42 2
72 2
42 2
72 2
42 2
44 2
72 2
46 2
72 8
42 2
42 2
42 2
42 2
72 2
46 2
72 2
46 2
44 2
72 2
42 2
72 8
42 2
42 2
42 2
42 2
72 2
42 2
72 2
42 2
44 2
72 2
46 2
72 8
42 2
42 2
42 2
42 2
72 2
46 2
72 2
46 2
44 2
72 2
42 2
72 6
42 2
42 2
72 2
42 2
72 2
42 2
37 2
42 2
72 2
42 2
44 2
72 2
42 4
72 4
46 6
44 6
42 11
42 2
42 2
72 2
42 2
72 2
42 2
37 2
42 2
72 2
42 2
44 2
72 2
42 2
72 2
46 2
47 2
49 6
47 6
46 4
42 7
44 7
72 4
49 4
46 4
72 7
51 4
47 4
72 7
49 4
46 2
72 2
46 3
44 2
42 4
42 3
42 2
42 4
44 4
72 4
46 4
49 4
72 7
47 4
51 4
72 7
49 4
46 4
46 3
44 2
46 3
44 2
46 3
44 2
46 3
44 3
72 0
42 3
72 4
49 4
46 4
72 7
51 4
47 4
72 7
49 4
46 2
72 2
46 3
44 2
42 4
42 3
42 2
42 4
44 4
72 4
46 4
49 4
72 7
47 4
51 4
72 7
49 4
46 4
46 3
44 2
46 3
44 2
46 3
44 2
46 4
44 4
42 13
72 14
42 2
42 2
42 2
42 2
72 2
42 2
72 2
42 2
44 2
72 2
46 2
72 8
42 2
42 2
42 2
42 2
72 2
46 2
72 2
46 2
44 2
72 2
42 2
72 8
42 2
42 2
42 2
42 2
72 2
42 2
72 2
42 2
44 2
72 2
46 2
72 8
42 2
42 2
42 2
42 2
72 2
46 2
72 2
46 2
44 2
72 2
42 2
72 6
42 2
42 2
72 2
42 2
72 2
42 2
37 2
42 2
72 2
42 2
44 2
72 2
42 4
72 4
46 6
44 6
42 11
42 2
42 2
72 2
42 2
72 2
42 2
37 2
42 2
72 2
42 2
44 2
72 2
42 2
72 2
46 2
47 2
49 6
47 6
46 4
42 7
44 7
72 4
49 4
46 4
72 7
51 4
47 4
72 7
49 4
46 2
72 2
46 3
44 2
42 4
42 3
42 2
42 4
44 4
72 4
46 4
49 4
72 7
47 4
51 4
72 7
49 4
46 4
46 3
44 2
46 3
44 2
46 3
44 2
46 3
44 3
72 0
42 3
72 4
49 4
46 4
72 7
51 4
47 4
72 7
49 4
46 2
72 2
46 3
44 2
42 4
42 3
42 2
42 4
44 4
72 4
46 4
49 4
72 7
47 4
51 4
72 7
49 4
46 4
46 3
44 2
46 3
44 2
46 3
44 2
46 4
44 4
42 13
E
S
H
72 12
42 2
42 2
42 2
42 2
72 2
42 2
72 2
42 2
44 2
72 2
46 2
72 8
42 2
42 2
42 2
42 2
72 2
46 2
72 2
46 2
44 2
72 2
42 2
72 8
42 2
42 2
42 2
42 2
72 2
42 2
72 2
42 2
44 2
72 2
46 2
72 8
42 2
42 2
42 2
42 2
72 2
46 2
72 2
46 2
44 2
72 2
42 2
72 6
42 2
42 2
72 2
42 2
72 2
42 2
37 2
42 2
72 2
42 2
44 2
72 2
42 4
72 4
46 6
44 6
42 11
42 2
42 2
72 2
42 2
72 2
42 2
37 2
42 2
72 2
42 2
44 2
72 2
42 2
72 2
46 2
47 2
49 6
47 6
46 4
42 7
44 7
72 4
49 4
46 4
72 7
51 4
47 4
72 7
49 4
46 2
72 2
46 3
44 2
42 4
42 3
42 2
42 4
44 4
72 4
46 4
49 4
72 7
47 4
51 4
72 7
49 4
46 4
46 3
44 2
46 3
44 2
46 3
44 2
46 3
44 3
72 2
42 3
72 3
49 4
46 4
72 7
51 4
47 4
72 7
49 4
46 2
72 2
46 3
44 2
42 4
42 3
42 2
42 4
44 4
72 4
46 4
49 4
72 7
47 4
51 4
72 7
49 4
46 4
46 3
44 2
46 3
44 2
46 3
44 2
46 4
44 4
42 13
72 14
42 2
42 2
42 2
42 2
72 2
42 2
72 2
42 2
44 2
72 2
46 2
72 8
42 2
42 2
42 2
42 2
72 2
46 2
72 2
46 2
44 2
72 2
42 2
72 8
42 2
42 2
42 2
42 2
72 2
42 2
72 2
42 2
44 2
72 2
46 2
72 8
42 2
42 2
42 2
42 2
72 2
46 2
72 2
46 2
44 2
72 2
42 2
72 6
42 2
42 2
72 2
42 2
72 2
42 2
37 2
42 2
72 2
42 2
44 2
72 2
42 4
72 4
46 6
44 6
42 11
42 2
42 2
72 2
42 2
72 2
42 2
37 2
42 2
72 2
42 2
44 2
72 2
42 2
72 2
46 2
47 2
49 6
47 6
46 4
42 7
44 7
72 4
49 4
46 4
72 7
51 4
47 4
72 7
49 4
46 2
72 2
46 3
44 2
42 4
42 3
42 2
42 4
44 4
72 4
46 4
49 4
72 7
47 4
51 4
72 7
49 4
46 4
46 3
44 2
46 3
44 2
46 3
44 2
46 3
44 3
72 2
42 3
72 3
49 4
46 4
72 7
51 4
47 4
72 7
49 4
46 2
72 2
46 3
44 2
42 4
42 3
42 2
42 4
44 4
72 4
46 4
49 4
72 7
47 4
51 4
72 7
49 4
46 4
46 3
44 2
46 3
44 2
46 3
44 2
46 4
44 4
42 13
72 14
42 2
42 2
42 2
42 2
72 2
42 2
72 2
42 2
44 2
72 2
46 2
72 8
42 2
42 2
42 2
42 2
72 2
46 2
72 2
46 2
44 2
72 2
42 2
72 8
42 2
42 2
42 2
42 2
72 2
42 2
72 2
42 2
44 2
72 2
46 2
72 8
42 2
42 2
42 2
42 2
72 2
46 2
72 2
46 2
44 2
72 2
42 2
72 6
42 2
42 2
72 2
42 2
72 2
42 2
37 2
42 2
72 2
42 2
44 2
72 2
42 4
72 4
46 6
44 6
42 11
42 2
42 2
72 2
42 2
72 2
42 2
37 2
42 2
72 2
42 2
44 2
72 2
42 2
72 2
46 2
47 2
49 6
47 6
46 4
42 7
44 7
72 4
49 4
46 4
72 7
51 4
47 4
72 7
49 4
46 2
72 2
46 3
44 2
42 4
42 3
42 2
42 4
44 4
72 4
46 4
49 4
72 7
47 4
51 4
72 7
49 4
46 4
46 3
44 2
46 3
44 2
46 3
44 2
46 3
44 3
72 2
42 3
72 3
49 4
46 4
72 7
51 4
47 4
72 7
49 4
46 2
72 2
46 3
44 2
42 4
42 3
42 2
42 4
44 4
72 4
46 4
49 4
72 7
47 4
51 4
72 7
49 4
46 4
46 3
44 2
46 3
44 2
46 3
44 2
46 4
44 4
42 13
72 14
42 2
42 2
42 2
42 2
72 2
42 2
72 2
42 2
44 2
72 2
46 2
72 8
42 2
42 2
42 2
42 2
72 2
46 2
72 2
46 2
44 2
72 2
42 2
72 8
42 2
42 2
42 2
42 2
72 2
42 2
72 2
42 2
44 2
72 2
46 2
72 8
42 2
42 2
42 2
42 2
72 2
46 2
72 2
46 2
44 2
72 2
42 2
72 6
42 2
42 2
72 2
42 2
72 2
42 2
37 2
42 2
72 2
42 2
44 2
72 2
42 4
72 4
46 6
44 6
42 11
42 2
42 2
72 2
42 2
72 2
42 2
37 2
42 2
72 2
42 2
44 2
72 2
42 2
72 2
46 2
47 2
49 6
47 6
46 4
42 7
44 7
72 4
49 4
46 4
72 7
51 4
47 4
72 7
49 4
46 2
72 2
46 3
44 2
42 4
42 3
42 2
42 4
44 4
72 4
46 4
49 4
72 7
47 4
51 4
72 7
49 4
46 4
46 3
44 2
46 3
44 2
46 3
44 2
46 3
44 3
72 2
42 3
72 3
49 4
46 4
72 7
51 4
47 4
72 7
49 4
46 2
72 2
46 3
44 2
42 4
42 3
42 2
42 4
44 4
72 4
46 4
49 4
72 7
47 4
51 4
72 7
49 4
46 4
46 3
44 2
46 3
44 2
46 3
44 2
46 4
44 4
42 13
E
S
H
72 14
61 13
59 7
58 7
56 7
54 11
66 12
65 7
61 7
63 7
61 13
59 7
58 7
56 7
54 11
66 12
65 7
66 7
68 7
66 14
72 14
61 13
59 7
58 7
56 7
54 11
66 12
65 7
61 7
63 7
61 13
59 7
58 7
56 7
54 11
66 12
65 7
66 7
68 7
66 14
72 14
61 13
59 7
58 7
56 7
54 11
66 12
65 7
61 7
63 7
61 13
59 7
58 7
56 7
54 11
66 12
65 7
66 7
68 7
66 14
72 14
61 13
59 7
58 7
56 7
54 11
66 12
65 7
61 7
63 7
61 13
59 7
58 7
56 7
54 11
66 12
65 7
66 7
68 7
66 14
E
S
L
72 11
987 2
987 2
987 2
987 2
72 2
1012 2
72 2
1012 2
1300 2
72 2
1614 2
72 8
987 2
987 2
987 2
987 2
72 2
1624 2
72 2
1624 2
1012 2
72 2
985 4
1314 4
72 4
987 2
987 2
987 2
987 2
72 2
1012 2
72 2
1012 2
1300 2
72 2
1614 2
72 8
987 2
987 2
987 2
987 2
72 2
1624 2
72 2
1624 2
1012 2
72 2
985 4
1314 4
987 2
987 2
72 2
987 2
72 2
987 2
371 2
987 2
72 2
987 2
1275 2
72 2
987 4
72 4
987 6
1326 6
987 11
987 2
987 2
72 2
987 2
72 2
987 2
371 2
987 2
72 2
987 2
1275 2
72 2
987 4
72 4
371 6
1787 6
1616 4
987 7
1321 7
72 14
987 2
987 2
987 2
987 2
72 2
1012 2
72 2
1012 2
1300 2
72 2
1614 2
72 8
987 2
987 2
987 2
987 2
72 2
1624 2
72 2
1624 2
1012 2
72 2
985 4
1314 4
72 4
987 2
987 2
987 2
987 2
72 2
1012 2
72 2
1012 2
1300 2
72 2
1614 2
72 8
987 2
987 2
987 2
987 2
72 2
1624 2
72 2
1624 2
1012 2
72 2
985 4
1314 4
987 2
987 2
72 2
987 2
72 2
987 2
371 2
987 2
72 2
987 2
1275 2
72 2
987 4
72 4
987 6
1326 6
987 11
987 2
987 2
72 2
987 2
72 2
987 2
371 2
987 2
72 2
987 2
1275 2
72 2
987 4
72 4
371 6
1787 6
1616 4
987 7
1321 7
72 14
987 2
987 2
987 2
987 2
72 2
1012 2
72 2
1012 2
1300 2
72 2
1614 2
72 8
987 2
987 2
987 2
987 2
72 2
1624 2
72 2
1624 2
1012 2
72 2
985 4
1314 4
72 4
987 2
987 2
987 2
987 2
72 2
1012 2
72 2
1012 2
1300 2
72 2
1614 2
72 8
987 2
987 2
987 2
987 2
72 2
1624 2
72 2
1624 2
1012 2
72 2
985 4
1314 4
987 2
987 2
72 2
987 2
72 2
987 2
371 2
987 2
72 2
987 2
1275 2
72 2
987 4
72 4
987 6
1326 6
987 11
987 2
987 2
72 2
987 2
72 2
987 2
371 2
987 2
72 2
987 2
1275 2
72 2
987 4
72 4
371 6
1787 6
1616 4
987 7
1321 7
72 14
987 2
987 2
987 2
987 2
72 2
1012 2
72 2
1012 2
1300 2
72 2
1614 2
72 8
987 2
987 2
987 2
987 2
72 2
1624 2
72 2
1624 2
1012 2
72 2
985 4
1314 4
72 4
987 2
987 2
987 2
987 2
72 2
1012 2
72 2
1012 2
1300 2
72 2
1614 2
72 8
987 2
987 2
987 2
987 2
72 2
1624 2
72 2
1624 2
1012 2
72 2
985 4
1314 4
987 2
987 2
72 2
987 2
72 2
987 2
371 2
987 2
72 2
987 2
1275 2
72 2
987 4
72 4
987 6
1326 6
987 11
987 2
987 2
72 2
987 2
72 2
987 2
371 2
987 2
72 2
987 2
1275 2
72 2
987 4
72 4
371 6
1787 6
1616 4
987 7
1321 7
E
S
H
72 14
51 4
54 2
53 6
49 8
51 7
49 2
42 4
44 2
46 2
72 2
49 9
72 4
37 2
37 2
42 2
46 2
51 2
54 2
53 6
49 8
51 7
49 2
46 4
44 2
42 14
72 14
51 4
54 2
53 6
49 8
51 7
49 2
42 4
44 2
46 2
72 2
49 9
72 4
37 2
37 2
42 2
46 2
51 2
54 2
53 6
49 8
51 7
49 2
46 4
44 2
42 14
72 14
51 4
54 2
53 6
49 8
51 7
49 2
42 4
44 2
46 2
72 2
49 9
72 4
37 2
37 2
42 2
46 2
51 2
54 2
53 6
49 8
51 7
49 2
46 4
44 2
42 14
72 14
51 4
54 2
53 6
49 8
51 7
49 2
42 4
44 2
46 2
72 2
49 9
72 4
37 2
37 2
42 2
46 2
51 2
54 2
53 6
49 8
51 7
49 2
46 4
44 2
42 14
E
S
H
72 14
51 4
54 2
53 6
49 8
51 7
49 2
42 4
44 2
46 2
72 2
49 9
72 4
37 2
37 2
42 2
46 2
51 2
54 2
53 6
49 8
51 7
49 2
46 4
44 2
42 14
72 14
51 4
54 2
53 6
49 8
51 7
49 2
42 4
44 2
46 2
72 2
49 9
72 4
37 2
37 2
42 2
46 2
51 2
54 2
53 6
49 8
51 7
49 2
46 4
44 2
42 14
72 14
51 4
54 2
53 6
49 8
51 7
49 2
42 4
44 2
46 2
72 2
49 9
72 4
37 2
37 2
42 2
46 2
51 2
54 2
53 6
49 8
51 7
49 2
46 4
44 2
42 14
72 14
51 4
54 2
53 6
49 8
51 7
49 2
42 4
44 2
46 2
72 2
49 9
72 4
37 2
37 2
42 2
46 2
51 2
54 2
53 6
49 8
51 7
49 2
46 4
44 2
42 14
E
X
