major
S
H
72 13
51 13
48 4
72 12
51 2
50 2
51 2
50 2
51 2
50 2
51 2
50 2
51 0
50 0
72 2
51 0
72 0
50 0
72 1
51 0
72 1
50 0
72 0
51 0
50 0
72 2
51 0
50 0
72 2
51 0
72 0
50 0
72 1
51 0
72 1
50 0
72 0
51 0
50 0
72 6
43 2
45 2
48 2
72 2
50 2
72 2
51 2
72 2
50 2
72 2
48 2
50 4
48 2
72 13
55 5
72 0
51 2
72 2
50 2
72 2
51 2
72 2
50 2
72 2
48 2
45 4
48 2
72 13
43 2
45 2
48 2
72 2
50 2
72 2
51 2
72 2
50 2
72 2
48 2
50 4
48 2
72 13
55 5
72 0
51 2
72 2
50 2
72 2
51 2
72 2
50 2
72 2
48 2
45 4
48 2
72 13
46 5
72 3
48 4
50 5
72 3
52 5
72 3
53 5
72 3
52 5
72 3
50 2
72 2
46 7
48 13
72 13
46 5
72 3
48 4
50 5
72 3
52 5
72 3
53 5
72 3
52 5
72 3
50 2
72 2
46 7
48 13
55 2
55 2
72 14
51 13
48 4
72 12
51 2
50 2
51 2
50 2
51 2
50 2
51 2
50 2
51 0
50 0
72 2
51 0
72 0
50 0
72 1
51 0
72 1
50 0
72 0
51 0
50 0
72 2
51 0
50 0
72 2
51 0
72 0
50 0
72 1
51 0
72 1
50 0
72 0
51 0
50 0
72 6
43 2
45 2
48 2
72 2
50 2
72 2
51 2
72 2
50 2
72 2
48 2
50 4
48 2
72 13
55 5
72 0
51 2
72 2
50 2
72 2
51 2
72 2
50 2
72 2
48 2
45 4
48 2
72 13
43 2
45 2
48 2
72 2
50 2
72 2
51 2
72 2
50 2
72 2
48 2
50 4
48 2
72 13
55 5
72 0
51 2
72 2
50 2
72 2
51 2
72 2
50 2
72 2
48 2
45 4
48 2
72 13
46 5
72 3
48 4
50 5
72 3
52 5
72 3
53 5
72 3
52 5
72 3
50 2
72 2
46 7
48 13
72 13
46 5
72 3
48 4
50 5
72 3
52 5
72 3
53 5
72 3
52 5
72 3
50 2
72 2
46 7
48 13
55 2
55 2
E
S
H
72 14
163 0
214 13
72 2
149 0
189 13
72 2
136 0
163 13
72 2
149 0
189 13
72 2
163 0
214 13
72 2
149 0
189 13
72 2
136 0
163 13
72 2
149 0
189 13
72 2
214 2
72 2
214 2
72 2
189 2
72 6
214 2
72 2
214 2
72 2
189 2
72 6
214 2
72 2
214 2
72 2
189 2
72 6
214 2
72 2
214 2
72 2
189 2
72 14
214 2
72 2
214 2
72 2
189 2
72 6
214 2
72 2
214 2
72 2
189 2
72 6
214 2
72 2
214 2
72 2
189 2
72 6
214 2
72 2
214 2
72 2
189 2
72 13
111 2
111 2
111 2
111 2
111 2
111 2
111 2
111 2
111 2
111 2
111 2
111 2
111 2
111 2
111 2
111 2
72 14
163 0
214 13
72 2
149 0
189 13
72 2
136 0
163 13
72 2
149 0
189 13
72 2
163 0
214 13
72 2
149 0
189 13
72 2
136 0
163 13
72 2
149 0
189 13
72 2
214 2
72 2
214 2
72 2
189 2
72 6
214 2
72 2
214 2
72 2
189 2
72 6
214 2
72 2
214 2
72 2
189 2
72 6
214 2
72 2
214 2
72 2
189 2
72 14
214 2
72 2
214 2
72 2
189 2
72 6
214 2
72 2
214 2
72 2
189 2
72 6
214 2
72 2
214 2
72 2
189 2
72 6
214 2
72 2
214 2
72 2
189 2
72 13
111 2
111 2
111 2
111 2
111 2
111 2
111 2
111 2
111 2
111 2
111 2
111 2
111 2
111 2
111 2
111 2
E
S
L
72 14
192 2
218 2
101 2
72 6
192 2
218 2
101 2
72 2
140 2
101 2
72 2
101 2
72 13
231 5
72 0
218 2
72 6
231 2
72 2
218 2
72 2
231 2
101 2
72 2
101 2
72 13
192 2
218 2
101 2
72 6
192 2
218 2
101 2
72 2
140 2
101 2
72 2
101 2
72 13
231 5
72 0
218 2
72 6
231 2
72 2
218 2
72 2
231 2
101 5
72 4
34 2
33 2
34 2
36 2
72 4
34 2
33 2
34 2
36 2
72 9
33 2
31 2
33 2
36 2
72 4
29 2
28 2
29 2
31 2
72 7
40 2
72 2
40 4
41 2
72 2
41 4
42 2
72 2
42 4
43 7
40 2
40 5
72 0
41 2
72 2
41 4
42 2
72 2
42 4
43 7
72 4
34 2
33 2
34 2
36 2
72 4
34 2
33 2
34 2
36 2
72 9
33 2
31 2
33 2
36 2
72 4
29 2
28 2
29 2
31 2
72 7
40 2
72 2
40 4
41 2
72 2
41 4
42 2
72 2
42 4
43 7
72 14
192 2
218 2
101 2
72 6
192 2
218 2
101 2
72 2
140 2
101 2
72 2
101 2
72 13
231 5
72 0
218 2
72 6
231 2
72 2
218 2
72 2
231 2
101 2
72 2
101 2
72 13
192 2
218 2
101 2
72 6
192 2
218 2
101 2
72 2
140 2
101 2
72 2
101 2
72 13
231 5
72 0
218 2
72 6
231 2
72 2
218 2
72 2
231 2
101 5
72 4
34 2
33 2
34 2
36 2
72 4
34 2
33 2
34 2
36 2
72 9
33 2
31 2
33 2
36 2
72 4
29 2
28 2
29 2
31 2
72 7
40 2
72 2
40 4
41 2
72 2
41 4
42 2
72 2
42 4
43 7
40 2
40 5
72 0
41 2
72 2
41 4
42 2
72 2
42 4
43 7
72 4
34 2
33 2
34 2
36 2
72 4
34 2
33 2
34 2
36 2
72 9
33 2
31 2
33 2
36 2
72 4
29 2
28 2
29 2
31 2
72 7
40 2
72 2
40 4
41 2
72 2
41 4
42 2
72 2
42 4
43 7
E
S
L
12 2
19 2
21 2
72 2
24 2
72 2
24 2
72 2
24 2
72 2
24 2
72 2
26 2
24 5
72 0
26 2
28 2
23 2
24 2
72 8
9 2
9 4
10 2
72 2
11 2
72 2
12 2
19 2
21 2
72 2
24 2
72 2
24 2
72 2
24 2
72 2
24 2
72 2
26 2
24 5
72 0
26 2
28 2
72 12
12 2
72 2
24 2
72 2
9 2
72 2
21 2
72 2
10 2
72 2
22 2
72 2
11 2
72 2
27 2
26 2
12 2
72 2
24 2
72 2
9 2
72 2
21 2
72 2
10 2
72 2
22 2
72 2
11 2
72 2
23 2
72 2
12 2
72 2
24 2
72 2
9 2
72 2
21 2
72 2
10 2
72 2
22 2
72 2
11 2
72 2
27 2
26 2
12 2
72 2
24 2
72 2
9 2
72 2
21 2
72 2
10 2
72 2
22 2
72 2
11 2
72 2
23 2
72 2
12 2
72 2
24 2
72 2
9 2
72 2
21 2
72 2
10 2
72 2
22 2
72 2
11 2
72 2
27 2
26 2
12 2
72 2
24 2
72 2
9 2
72 2
21 2
72 2
10 2
72 2
22 2
72 2
11 2
72 2
23 2
72 2
12 2
72 2
24 2
72 2
9 2
72 2
21 2
72 2
10 2
72 2
22 2
72 2
11 2
72 2
27 2
26 2
12 2
72 2
24 2
72 2
9 2
72 2
21 2
72 2
10 2
72 2
22 2
72 2
11 2
72 2
23 2
72 2
10 2
72 2
22 2
22 2
10 2
72 2
22 2
22 2
10 2
72 2
22 2
22 2
10 2
72 2
22 2
22 2
9 2
8 2
9 2
8 2
9 2
72 2
21 2
21 2
7 2
5 2
7 2
5 2
7 2
72 2
19 2
19 2
12 2
72 2
12 2
72 2
14 2
72 2
14 2
72 2
15 2
72 2
15 2
72 2
16 2
72 2
7 2
9 2
12 2
72 2
12 2
72 2
14 2
72 2
14 2
72 2
15 2
72 2
15 2
72 2
16 2
72 2
16 2
72 2
10 2
72 2
22 2
22 2
10 2
72 2
22 2
22 2
10 2
72 2
22 2
22 2
10 2
72 2
22 2
22 2
9 2
8 2
9 2
8 2
9 2
72 2
21 2
21 2
7 2
5 2
7 2
5 2
7 2
72 2
19 2
19 2
12 2
72 2
12 2
72 2
14 2
72 2
14 2
72 2
15 2
72 2
15 2
72 2
16 2
72 2
7 2
9 2
12 2
72 13
12 2
19 2
21 2
72 2
24 2
72 2
24 2
72 2
24 2
72 2
24 2
72 2
26 2
24 5
72 0
26 2
28 2
23 2
24 2
72 8
9 2
9 4
10 2
72 2
11 2
72 2
12 2
19 2
21 2
72 2
24 2
72 2
24 2
72 2
24 2
72 2
24 2
72 2
26 2
24 5
72 0
26 2
28 2
72 12
12 2
72 2
24 2
72 2
9 2
72 2
21 2
72 2
10 2
72 2
22 2
72 2
11 2
72 2
27 2
26 2
12 2
72 2
24 2
72 2
9 2
72 2
21 2
72 2
10 2
72 2
22 2
72 2
11 2
72 2
23 2
72 2
12 2
72 2
24 2
72 2
9 2
72 2
21 2
72 2
10 2
72 2
22 2
72 2
11 2
72 2
27 2
26 2
12 2
72 2
24 2
72 2
9 2
72 2
21 2
72 2
10 2
72 2
22 2
72 2
11 2
72 2
23 2
72 2
12 2
72 2
24 2
72 2
9 2
72 2
21 2
72 2
10 2
72 2
22 2
72 2
11 2
72 2
27 2
26 2
12 2
72 2
24 2
72 2
9 2
72 2
21 2
72 2
10 2
72 2
22 2
72 2
11 2
72 2
23 2
72 2
12 2
72 2
24 2
72 2
9 2
72 2
21 2
72 2
10 2
72 2
22 2
72 2
11 2
72 2
27 2
26 2
12 2
72 2
24 2
72 2
9 2
72 2
21 2
72 2
10 2
72 2
22 2
72 2
11 2
72 2
23 2
72 2
10 2
72 2
22 2
22 2
10 2
72 2
22 2
22 2
10 2
72 2
22 2
22 2
10 2
72 2
22 2
22 2
9 2
8 2
9 2
8 2
9 2
72 2
21 2
21 2
7 2
5 2
7 2
5 2
7 2
72 2
19 2
19 2
12 2
72 2
12 2
72 2
14 2
72 2
14 2
72 2
15 2
72 2
15 2
72 2
16 2
72 2
7 2
9 2
12 2
72 2
12 2
72 2
14 2
72 2
14 2
72 2
15 2
72 2
15 2
72 2
16 2
72 2
16 2
72 2
10 2
72 2
22 2
22 2
10 2
72 2
22 2
22 2
10 2
72 2
22 2
22 2
10 2
72 2
22 2
22 2
9 2
8 2
9 2
8 2
9 2
72 2
21 2
21 2
7 2
5 2
7 2
5 2
7 2
72 2
19 2
19 2
12 2
72 2
12 2
72 2
14 2
72 2
14 2
72 2
15 2
72 2
15 2
72 2
16 2
72 2
7 2
9 2
12 2
E
S
L
12 7
72 4
12 4
12 4
72 9
12 2
12 4
72 6
12 4
12 4
72 4
16 7
12 7
72 4
12 4
12 4
72 9
12 2
12 4
72 6
12 4
12 4
72 4
16 4
16 2
16 2
12 7
16 4
12 4
12 4
72 4
16 7
12 2
12 4
72 2
16 4
12 4
12 4
72 4
16 7
12 7
16 4
12 4
12 4
72 4
16 7
12 2
12 4
72 2
16 4
12 4
12 4
72 4
16 4
16 2
16 2
12 7
16 4
12 4
12 4
72 4
16 7
12 2
12 4
72 2
16 4
12 4
12 4
72 4
16 4
16 2
16 2
12 7
16 4
12 4
12 4
72 4
16 7
12 2
12 4
72 2
16 4
12 4
12 4
16 4
16 4
16 2
16 2
12 7
16 4
12 4
12 4
72 4
16 7
12 2
12 4
72 2
16 4
12 4
12 4
72 4
16 4
16 2
16 2
12 7
16 4
12 4
12 4
72 4
16 7
12 2
12 4
72 2
16 4
12 4
12 4
72 4
16 7
12 7
16 4
12 4
12 4
72 4
16 7
12 2
12 4
72 2
16 4
12 4
12 4
72 4
16 4
16 2
16 2
12 7
16 4
12 4
12 4
72 4
16 7
16 2
12 4
12 2
12 4
16 2
12 4
12 2
12 4
16 4
16 2
16 2
12 7
72 4
12 4
12 4
72 9
12 2
12 4
72 6
12 4
12 4
72 4
16 7
12 7
72 4
12 4
12 4
72 9
12 2
12 4
72 6
12 4
12 4
72 4
16 4
16 2
16 2
12 7
16 4
12 4
12 4
72 4
16 7
12 2
12 4
72 2
16 4
12 4
12 4
72 4
16 7
12 7
16 4
12 4
12 4
72 4
16 7
12 2
12 4
72 2
16 4
12 4
12 4
72 4
16 4
16 2
16 2
12 7
16 4
12 4
12 4
72 4
16 7
12 2
12 4
72 2
16 4
12 4
12 4
72 4
16 4
16 2
16 2
12 7
16 4
12 4
12 4
72 4
16 7
12 2
12 4
72 2
16 4
12 4
12 4
16 4
16 4
16 2
16 2
12 7
16 4
12 4
12 4
72 4
16 7
12 2
12 4
72 2
16 4
12 4
12 4
72 4
16 4
16 2
16 2
12 7
16 4
12 4
12 4
72 4
16 7
12 2
12 4
72 2
16 4
12 4
12 4
72 4
16 7
12 7
16 4
12 4
12 4
72 4
16 7
12 2
12 4
72 2
16 4
12 4
12 4
72 4
16 4
16 2
16 2
12 7
16 4
12 4
12 4
72 4
16 7
16 2
12 4
12 2
12 4
16 2
12 4
12 2
12 4
16 4
16 2
16 2
E
X
