major
S
L
72 13
14 6
14 2
72 2
9 2
14 4
72 4
14 2
9 2
14 2
9 2
14 3
72 1
16 6
16 2
72 2
11 2
16 4
72 4
16 2
11 2
16 2
11 2
16 3
72 1
19 6
19 2
72 2
14 2
19 4
72 4
19 2
14 2
19 2
14 2
19 3
72 1
21 6
21 2
72 2
16 2
21 3
72 1
23 6
72 2
21 7
14 6
14 2
72 2
9 2
14 4
72 4
14 2
9 2
14 2
9 2
14 3
72 1
16 6
16 2
72 2
11 2
16 4
72 4
16 2
11 2
16 2
11 2
16 3
72 1
19 6
19 2
72 2
14 2
19 4
72 4
19 2
14 2
19 2
14 2
19 3
72 1
21 6
21 2
72 2
16 2
21 3
72 1
23 6
72 2
21 7
14 6
21 6
26 4
14 4
21 2
72 2
14 4
15 4
16 6
23 6
28 4
16 4
23 2
72 2
16 4
18 4
19 6
26 6
31 4
19 4
31 2
72 2
19 4
20 4
21 6
28 6
21 4
30 6
72 2
28 7
14 6
21 6
26 4
14 4
21 2
72 2
14 4
15 4
16 6
23 6
28 4
16 4
23 2
72 2
16 4
18 4
19 6
26 6
31 4
19 4
31 2
72 2
19 4
20 4
21 9
18 9
16 7
14 6
14 2
72 2
9 2
14 2
72 2
14 6
14 2
72 2
9 2
14 2
72 2
16 6
16 2
72 2
11 2
16 2
72 2
16 6
16 2
72 2
11 2
16 2
72 2
19 6
19 2
72 2
14 2
19 2
26 2
31 4
30 4
28 4
26 4
21 6
21 2
16 2
72 2
16 2
21 2
21 6
21 2
16 2
72 2
13 2
9 2
14 6
14 2
72 2
9 2
14 2
72 2
14 6
14 2
72 2
9 2
14 2
72 2
16 6
16 2
72 2
11 2
16 2
72 2
16 6
16 2
72 2
11 2
16 2
72 2
19 6
19 2
72 2
14 2
19 2
26 2
31 4
30 4
28 4
26 4
21 6
21 2
16 2
72 2
16 2
21 2
21 6
21 2
16 2
72 2
16 2
18 2
14 6
14 2
72 2
9 2
14 2
72 2
14 6
14 2
72 2
9 2
14 2
72 2
16 6
16 2
72 2
11 2
16 2
72 2
16 6
16 2
72 2
11 2
16 2
72 2
19 6
19 2
72 2
14 2
19 2
26 2
31 4
30 4
28 4
26 4
21 6
21 2
16 2
72 2
16 2
21 2
21 6
21 2
16 2
72 2
13 2
9 2
14 6
14 2
72 2
9 2
14 2
72 2
14 6
14 2
72 2
9 2
14 2
72 2
16 6
16 2
72 2
11 2
16 2
72 2
16 6
16 2
72 2
11 2
16 2
72 2
19 6
19 2
72 2
14 2
19 2
26 2
31 4
30 4
28 4
26 4
21 6
21 2
16 2
72 2
16 2
21 2
21 6
21 2
16 2
72 2
16 2
18 2
19 6
19 2
72 4
18 9
16 4
9 12
9 4
16 4
21 4
19 6
19 2
72 4
18 9
16 4
9 12
9 4
16 4
21 4
19 6
19 2
72 4
18 9
16 4
9 12
9 4
16 4
21 4
19 6
19 2
72 4
18 9
16 4
9 12
9 4
16 4
21 2
9 2
14 6
14 2
72 2
9 2
14 2
72 2
14 6
14 2
72 2
9 2
14 2
72 2
16 6
16 2
72 2
11 2
16 2
72 2
16 6
16 2
72 2
11 2
16 2
72 2
19 6
19 2
72 2
14 2
19 2
26 2
31 4
30 4
28 4
26 4
21 6
21 2
16 2
72 2
16 2
21 2
21 6
21 2
16 2
72 2
16 2
21 2
14 6
14 2
72 2
9 2
14 2
72 2
14 6
14 2
72 2
9 2
14 2
72 2
16 6
16 2
72 2
11 2
16 2
72 2
16 6
16 2
72 2
11 2
16 2
72 2
19 6
19 2
72 2
14 2
19 2
26 2
31 4
30 4
28 4
26 4
21 6
21 2
16 2
72 2
16 2
21 2
21 6
21 2
16 2
72 2
16 2
21 2
14 6
21 6
26 4
14 4
21 4
14 4
15 4
16 6
23 6
28 4
16 4
28 4
16 4
18 4
31 6
26 6
19 4
31 4
26 4
19 4
26 4
33 6
30 6
28 6
25 6
21 4
16 4
14 6
21 6
26 4
14 4
21 4
14 4
15 4
16 6
23 6
28 4
16 4
28 4
16 4
18 4
31 6
26 6
19 4
31 4
26 4
19 4
26 4
33 7
28 7
21 7
16 7
14 12
72 7
14 6
14 2
72 2
9 2
14 2
72 2
14 6
14 2
72 2
9 2
14 2
72 2
16 6
16 2
72 2
11 2
16 2
72 2
16 6
16 2
72 2
11 2
16 2
72 2
19 6
19 2
72 2
14 2
19 2
26 2
31 4
30 4
28 4
26 4
21 6
21 2
16 2
72 2
16 2
21 2
21 6
21 2
16 2
72 2
13 2
9 2
14 6
14 2
72 2
9 2
14 2
72 2
14 6
14 2
72 2
9 2
14 2
72 2
16 6
16 2
72 2
11 2
16 2
72 2
16 6
16 2
72 2
11 2
16 2
72 2
19 6
19 2
72 2
14 2
19 2
26 2
31 4
30 4
28 4
26 4
21 6
21 2
16 2
72 2
16 2
21 2
21 6
21 2
16 2
72 2
16 2
18 2
14 6
14 2
72 2
9 2
14 2
72 2
14 6
14 2
72 2
9 2
14 2
72 2
16 6
16 2
72 2
11 2
16 2
72 2
16 6
16 2
72 2
11 2
16 2
72 2
19 6
19 2
72 2
14 2
19 2
26 2
31 4
30 4
28 4
26 4
21 6
21 2
16 2
72 2
16 2
21 2
21 6
21 2
16 2
72 2
13 2
9 2
14 6
14 2
72 2
9 2
14 2
72 2
14 6
14 2
72 2
9 2
14 2
72 2
16 6
16 2
72 2
11 2
16 2
72 2
16 6
16 2
72 2
11 2
16 2
72 2
19 6
19 2
72 2
14 2
19 2
26 2
31 4
30 4
28 4
26 4
21 6
21 2
16 2
72 2
16 2
21 2
21 6
21 2
16 2
72 2
16 2
18 2
19 6
19 2
72 4
18 9
16 4
9 12
9 4
16 4
21 4
19 6
19 2
72 4
18 9
16 4
9 12
9 4
16 4
21 4
19 6
19 2
72 4
18 9
16 4
9 12
9 4
16 4
21 4
19 6
19 2
72 4
18 9
16 4
9 12
9 4
16 4
21 2
9 2
14 6
14 2
72 2
9 2
14 2
72 2
14 6
14 2
72 2
9 2
14 2
72 2
16 6
16 2
72 2
11 2
16 2
72 2
16 6
16 2
72 2
11 2
16 2
72 2
19 6
19 2
72 2
14 2
19 2
26 2
31 4
30 4
28 4
26 4
21 6
21 2
16 2
72 2
16 2
21 2
21 6
21 2
16 2
72 2
16 2
21 2
14 6
14 2
72 2
9 2
14 2
72 2
14 6
14 2
72 2
9 2
14 2
72 2
16 6
16 2
72 2
11 2
16 2
72 2
16 6
16 2
72 2
11 2
16 2
72 2
19 6
19 2
72 2
14 2
19 2
26 2
31 4
30 4
28 4
26 4
21 6
21 2
16 2
72 2
16 2
21 2
21 6
21 2
16 2
72 2
16 2
21 2
14 6
21 6
26 4
14 4
21 4
14 4
15 4
16 6
23 6
28 4
16 4
28 4
16 4
18 4
31 6
26 6
19 4
31 4
26 4
19 4
26 4
33 6
30 6
28 6
25 6
21 4
16 4
14 6
21 6
26 4
14 4
21 4
14 4
15 4
16 6
23 6
28 4
16 4
28 4
16 4
18 4
31 6
26 6
19 4
31 4
26 4
19 4
26 4
33 7
28 7
21 7
16 7
14 12
E
S
L
72 13
14 6
14 2
72 2
9 2
14 4
72 4
14 2
9 2
14 2
9 2
14 3
72 1
16 6
16 2
72 2
11 2
16 4
72 4
16 2
11 2
16 2
11 2
16 3
72 1
19 6
19 2
72 2
14 2
19 4
72 4
19 2
14 2
19 2
14 2
19 3
72 1
21 6
21 2
72 2
16 2
21 3
72 1
23 6
72 2
21 7
14 6
14 2
72 2
9 2
14 4
72 4
14 2
9 2
14 2
9 2
14 3
72 1
16 6
16 2
72 2
11 2
16 4
72 4
16 2
11 2
16 2
11 2
16 3
72 1
19 6
19 2
72 2
14 2
19 4
72 4
19 2
14 2
19 2
14 2
19 3
72 1
21 6
21 2
72 2
16 2
21 3
72 1
23 6
72 2
21 7
14 6
21 6
26 4
14 4
21 2
72 2
14 4
15 4
16 6
23 6
28 4
16 4
23 2
72 2
16 4
18 4
19 6
26 6
31 4
19 4
31 2
72 2
19 4
20 4
21 6
28 6
21 4
30 6
72 2
28 7
14 6
21 6
26 4
14 4
21 2
72 2
14 4
15 4
16 6
23 6
28 4
16 4
23 2
72 2
16 4
18 4
19 6
26 6
31 4
19 4
31 2
72 2
19 4
20 4
21 9
18 9
16 7
14 6
14 2
72 2
9 2
14 2
72 2
14 6
14 2
72 2
9 2
14 2
72 2
16 6
16 2
72 2
11 2
16 2
72 2
16 6
16 2
72 2
11 2
16 2
72 2
19 6
19 2
72 2
14 2
19 2
26 2
31 4
30 4
28 4
26 4
21 6
21 2
16 2
72 2
16 2
21 2
21 6
21 2
16 2
72 2
13 2
9 2
14 6
14 2
72 2
9 2
14 2
72 2
14 6
14 2
72 2
9 2
14 2
72 2
16 6
16 2
72 2
11 2
16 2
72 2
16 6
16 2
72 2
11 2
16 2
72 2
19 6
19 2
72 2
14 2
19 2
26 2
31 4
30 4
28 4
26 4
21 6
21 2
16 2
72 2
16 2
21 2
21 6
21 2
16 2
72 2
16 2
18 2
14 6
14 2
72 2
9 2
14 2
72 2
14 6
14 2
72 2
9 2
14 2
72 2
16 6
16 2
72 2
11 2
16 2
72 2
16 6
16 2
72 2
11 2
16 2
72 2
19 6
19 2
72 2
14 2
19 2
26 2
31 4
30 4
28 4
26 4
21 6
21 2
16 2
72 2
16 2
21 2
21 6
21 2
16 2
72 2
13 2
9 2
14 6
14 2
72 2
9 2
14 2
72 2
14 6
14 2
72 2
9 2
14 2
72 2
16 6
16 2
72 2
11 2
16 2
72 2
16 6
16 2
72 2
11 2
16 2
72 2
19 6
19 2
72 2
14 2
19 2
26 2
31 4
30 4
28 4
26 4
21 6
21 2
16 2
72 2
16 2
21 2
21 6
21 2
16 2
72 2
16 2
18 2
19 6
19 2
72 4
18 9
16 4
9 12
9 4
16 4
21 4
19 6
19 2
72 4
18 9
16 4
9 12
9 4
16 4
21 4
19 6
19 2
72 4
18 9
16 4
9 12
9 4
16 4
21 4
19 6
19 2
72 4
18 9
16 4
9 12
9 4
16 4
21 2
9 2
14 6
14 2
72 2
9 2
14 2
72 2
14 6
14 2
72 2
9 2
14 2
72 2
16 6
16 2
72 2
11 2
16 2
72 2
16 6
16 2
72 2
11 2
16 2
72 2
19 6
19 2
72 2
14 2
19 2
26 2
31 4
30 4
28 4
26 4
21 6
21 2
16 2
72 2
16 2
21 2
21 6
21 2
16 2
72 2
16 2
21 2
14 6
14 2
72 2
9 2
14 2
72 2
14 6
14 2
72 2
9 2
14 2
72 2
16 6
16 2
72 2
11 2
16 2
72 2
16 6
16 2
72 2
11 2
16 2
72 2
19 6
19 2
72 2
14 2
19 2
26 2
31 4
30 4
28 4
26 4
21 6
21 2
16 2
72 2
16 2
21 2
21 6
21 2
16 2
72 2
16 2
21 2
14 6
21 6
26 4
14 4
21 4
14 4
15 4
16 6
23 6
28 4
16 4
28 4
16 4
18 4
31 6
26 6
19 4
31 4
26 4
19 4
26 4
33 6
30 6
28 6
25 6
21 4
16 4
14 6
21 6
26 4
14 4
21 4
14 4
15 4
16 6
23 6
28 4
16 4
28 4
16 4
18 4
31 6
26 6
19 4
31 4
26 4
19 4
26 4
33 7
28 7
21 7
16 7
14 12
72 7
14 6
14 2
72 2
9 2
14 2
72 2
14 6
14 2
72 2
9 2
14 2
72 2
16 6
16 2
72 2
11 2
16 2
72 2
16 6
16 2
72 2
11 2
16 2
72 2
19 6
19 2
72 2
14 2
19 2
26 2
31 4
30 4
28 4
26 4
21 6
21 2
16 2
72 2
16 2
21 2
21 6
21 2
16 2
72 2
13 2
9 2
14 6
14 2
72 2
9 2
14 2
72 2
14 6
14 2
72 2
9 2
14 2
72 2
16 6
16 2
72 2
11 2
16 2
72 2
16 6
16 2
72 2
11 2
16 2
72 2
19 6
19 2
72 2
14 2
19 2
26 2
31 4
30 4
28 4
26 4
21 6
21 2
16 2
72 2
16 2
21 2
21 6
21 2
16 2
72 2
16 2
18 2
14 6
14 2
72 2
9 2
14 2
72 2
14 6
14 2
72 2
9 2
14 2
72 2
16 6
16 2
72 2
11 2
16 2
72 2
16 6
16 2
72 2
11 2
16 2
72 2
19 6
19 2
72 2
14 2
19 2
26 2
31 4
30 4
28 4
26 4
21 6
21 2
16 2
72 2
16 2
21 2
21 6
21 2
16 2
72 2
13 2
9 2
14 6
14 2
72 2
9 2
14 2
72 2
14 6
14 2
72 2
9 2
14 2
72 2
16 6
16 2
72 2
11 2
16 2
72 2
16 6
16 2
72 2
11 2
16 2
72 2
19 6
19 2
72 2
14 2
19 2
26 2
31 4
30 4
28 4
26 4
21 6
21 2
16 2
72 2
16 2
21 2
21 6
21 2
16 2
72 2
16 2
18 2
19 6
19 2
72 4
18 9
16 4
9 12
9 4
16 4
21 4
19 6
19 2
72 4
18 9
16 4
9 12
9 4
16 4
21 4
19 6
19 2
72 4
18 9
16 4
9 12
9 4
16 4
21 4
19 6
19 2
72 4
18 9
16 4
9 12
9 4
16 4
21 2
9 2
14 6
14 2
72 2
9 2
14 2
72 2
14 6
14 2
72 2
9 2
14 2
72 2
16 6
16 2
72 2
11 2
16 2
72 2
16 6
16 2
72 2
11 2
16 2
72 2
19 6
19 2
72 2
14 2
19 2
26 2
31 4
30 4
28 4
26 4
21 6
21 2
16 2
72 2
16 2
21 2
21 6
21 2
16 2
72 2
16 2
21 2
14 6
14 2
72 2
9 2
14 2
72 2
14 6
14 2
72 2
9 2
14 2
72 2
16 6
16 2
72 2
11 2
16 2
72 2
16 6
16 2
72 2
11 2
16 2
72 2
19 6
19 2
72 2
14 2
19 2
26 2
31 4
30 4
28 4
26 4
21 6
21 2
16 2
72 2
16 2
21 2
21 6
21 2
16 2
72 2
16 2
21 2
14 6
21 6
26 4
14 4
21 4
14 4
15 4
16 6
23 6
28 4
16 4
28 4
16 4
18 4
31 6
26 6
19 4
31 4
26 4
19 4
26 4
33 6
30 6
28 6
25 6
21 4
16 4
14 6
21 6
26 4
14 4
21 4
14 4
15 4
16 6
23 6
28 4
16 4
28 4
16 4
18 4
31 6
26 6
19 4
31 4
26 4
19 4
26 4
33 7
28 7
21 7
16 7
14 12
E
S
H
72 14
40 9
37 4
72 4
35 4
37 4
44 12
72 2
44 7
43 9
72 4
35 4
72 4
33 4
35 4
42 11
41 9
37 4
38 4
40 9
37 4
72 4
35 4
37 4
44 12
72 2
44 7
43 9
72 4
35 4
72 4
33 4
35 4
42 11
44 9
47 4
49 4
52 9
49 4
72 4
47 4
49 4
56 12
72 2
56 7
55 9
72 4
47 4
72 4
45 4
47 4
54 11
53 9
54 7
52 9
49 4
72 4
47 4
49 4
56 12
72 2
56 7
57 6
56 2
54 4
52 4
47 4
72 4
45 4
47 4
54 11
53 9
54 7
52 13
72 14
45 4
52 4
54 4
52 9
50 7
49 7
45 11
72 4
45 2
40 2
45 2
49 2
52 2
54 2
55 6
55 2
72 4
54 9
52 4
57 13
72 14
40 9
37 4
72 4
35 4
37 4
44 12
72 2
44 7
43 9
72 4
35 4
72 4
33 4
35 4
42 11
41 9
37 4
38 4
40 9
37 4
72 4
35 4
37 4
44 12
72 2
44 7
43 9
72 4
35 4
72 4
33 4
35 4
42 11
44 9
47 4
49 4
52 9
49 4
72 4
47 4
49 4
56 12
72 2
56 7
55 9
72 4
47 4
72 4
45 4
47 4
54 11
53 9
54 7
52 9
49 4
72 4
47 4
49 4
56 12
72 2
56 7
57 6
56 2
54 4
52 4
47 4
72 4
45 4
47 4
54 11
53 9
54 7
52 13
72 14
45 4
52 4
54 4
52 9
50 7
49 7
45 11
72 4
45 2
40 2
45 2
49 2
52 2
54 2
55 6
55 2
72 4
54 9
52 4
57 13
E
S
H
72 14
40 9
37 4
72 4
35 4
37 4
44 12
72 2
44 7
43 9
72 4
35 4
72 4
33 4
35 4
42 11
41 9
37 4
38 4
40 9
37 4
72 4
35 4
37 4
44 12
72 2
44 7
43 9
72 4
35 4
72 4
33 4
35 4
42 11
44 9
47 4
49 4
52 9
49 4
72 4
47 4
49 4
56 12
72 2
56 7
55 9
72 4
47 4
72 4
45 4
47 4
54 11
53 9
54 7
52 9
49 4
72 4
47 4
49 4
56 12
72 2
56 7
57 6
56 2
54 4
52 4
47 4
72 4
45 4
47 4
54 11
53 9
54 7
52 13
72 14
45 4
52 4
54 4
52 9
50 7
49 7
45 11
72 4
45 2
40 2
45 2
49 2
52 2
54 2
55 6
55 2
72 4
54 9
52 4
57 13
72 14
40 9
37 4
72 4
35 4
37 4
44 12
72 2
44 7
43 9
72 4
35 4
72 4
33 4
35 4
42 11
41 9
37 4
38 4
40 9
37 4
72 4
35 4
37 4
44 12
72 2
44 7
43 9
72 4
35 4
72 4
33 4
35 4
42 11
44 9
47 4
49 4
52 9
49 4
72 4
47 4
49 4
56 12
72 2
56 7
55 9
72 4
47 4
72 4
45 4
47 4
54 11
53 9
54 7
52 9
49 4
72 4
47 4
49 4
56 12
72 2
56 7
57 6
56 2
54 4
52 4
47 4
72 4
45 4
47 4
54 11
53 9
54 7
52 13
72 14
45 4
52 4
54 4
52 9
50 7
49 7
45 11
72 4
45 2
40 2
45 2
49 2
52 2
54 2
55 6
55 2
72 4
54 9
52 4
57 13
E
S
H
72 14
499 13
1761 13
1144 13
698 13
463 13
815 13
1140 13
1446 13
26 13
33 13
38 13
45 13
28 13
35 13
40 13
45 13
31 13
38 13
43 13
47 13
33 13
40 13
45 13
49 13
26 13
33 13
38 13
45 13
28 13
35 13
40 13
45 13
31 13
38 13
43 13
47 13
33 13
40 12
45 11
49 7
1418 13
72 14
503 13
815 13
1144 13
1446 13
463 13
1761 13
1248 13
1446 13
26 13
33 13
38 13
45 13
28 13
35 13
40 13
45 13
31 13
38 13
43 13
47 13
33 13
40 13
45 13
49 13
26 13
33 13
38 13
45 13
28 13
35 13
40 13
45 13
31 13
38 13
43 13
47 13
33 13
40 12
45 11
49 7
1418 13
E
S
L
72 14
998 13
1168 13
1771 13
354 13
998 13
1168 13
1771 13
354 13
134 13
160 13
187 13
210 13
184 13
158 13
136 13
122 13
215 13
72 14
998 13
1168 13
1771 13
354 13
998 13
1168 13
1771 13
354 13
134 13
160 13
187 13
210 13
184 13
158 13
136 13
122 13
215 13
E
S
H
72 13
42 2
43 2
45 2
50 2
72 2
50 2
72 2
50 2
72 2
50 2
72 2
50 2
52 4
50 2
72 2
52 4
50 2
72 2
52 4
50 2
72 14
42 2
43 2
45 2
50 2
72 2
50 2
72 2
50 2
72 2
50 2
72 2
50 2
52 4
50 2
72 2
52 4
50 2
72 2
52 4
50 2
72 14
54 2
55 2
57 2
62 2
72 2
62 2
72 2
62 2
72 2
62 2
72 2
62 2
64 4
62 2
72 13
54 2
55 2
57 2
62 2
72 2
62 2
72 2
62 2
72 2
62 2
72 2
62 2
64 4
62 2
72 4
65 2
72 2
62 2
72 2
58 2
72 2
55 4
67 2
69 2
67 2
62 2
67 2
69 2
67 2
54 2
55 2
57 2
62 2
72 2
62 2
72 2
62 2
72 2
62 2
72 2
62 2
64 4
62 2
72 13
54 2
55 2
57 2
62 2
72 2
62 2
72 2
62 2
72 2
62 2
72 2
62 2
64 4
62 2
72 4
65 2
72 2
62 2
72 2
58 2
72 2
55 4
67 2
69 2
67 2
62 2
67 2
69 2
67 2
64 2
72 2
64 2
72 2
64 2
72 2
64 2
72 2
64 2
72 14
55 2
55 2
57 2
215 2
54 2
54 2
52 2
52 2
54 2
175 2
50 2
50 2
47 2
124 2
126 2
151 2
52 2
54 2
54 2
47 2
47 2
45 4
47 4
45 4
47 4
45 2
45 2
54 2
55 2
55 2
57 2
215 2
54 2
54 2
52 2
52 2
54 2
175 2
50 2
50 2
47 2
124 2
126 2
151 2
52 2
50 2
50 2
54 2
54 2
55 4
57 4
62 4
64 4
66 2
66 2
66 2
64 2
72 2
64 2
72 2
64 2
72 2
62 2
72 2
62 2
72 2
61 2
72 2
61 2
72 2
57 2
72 4
57 2
52 2
57 2
69 2
64 2
57 2
69 2
64 2
57 2
69 2
64 2
57 2
69 2
64 2
57 2
67 2
72 2
67 2
72 2
67 2
72 2
66 2
72 2
66 2
72 2
66 2
72 2
64 2
72 2
69 2
72 2
69 2
64 2
57 2
64 2
69 2
64 2
57 2
69 2
64 2
57 2
69 2
64 2
57 2
69 2
64 2
57 2
69 2
72 2
69 2
72 2
69 2
72 2
69 2
72 14
55 2
55 2
57 2
215 2
54 2
54 2
52 2
52 2
54 2
175 2
50 2
50 2
47 2
124 2
126 2
151 2
52 2
54 2
54 2
47 2
47 2
45 4
47 4
45 4
47 4
45 2
45 2
54 2
55 2
55 2
57 2
215 2
54 2
54 2
52 2
52 2
54 2
175 2
50 2
50 2
47 2
124 2
126 2
151 2
52 2
50 2
50 2
54 2
54 2
55 4
57 4
62 4
64 4
66 2
66 2
66 2
64 2
72 2
64 2
72 2
64 2
72 2
62 2
72 2
62 2
72 2
61 2
72 2
61 2
72 2
57 2
72 4
57 2
52 2
57 2
69 2
64 2
57 2
69 2
64 2
57 2
69 2
64 2
57 2
69 2
64 2
57 2
67 2
72 2
67 2
72 2
67 2
72 2
66 2
72 2
66 2
72 2
66 2
72 2
64 2
72 2
69 2
72 2
69 2
64 2
57 2
64 2
69 2
64 2
57 2
69 2
64 2
57 2
69 2
64 2
57 2
69 2
64 2
57 2
69 2
72 2
69 2
72 2
69 2
72 2
69 2
E
S
H
72 14
45 7
57 11
72 14
52 7
57 11
72 14
45 9
52 11
57 11
72 14
45 4
52 7
57 11
72 14
45 7
49 7
52 7
57 7
54 11
72 14
45 7
57 11
72 14
52 7
57 11
72 14
45 9
52 11
57 11
72 14
45 4
52 7
57 11
72 14
45 7
49 7
52 7
57 7
54 11
E
S
H
72 13
7 4
36 2
72 2
7 4
36 2
72 2
7 4
36 2
72 2
7 4
36 2
72 2
7 4
36 2
72 2
7 4
36 2
72 2
7 4
36 2
72 2
7 4
36 2
72 2
7 4
36 2
72 2
7 4
36 2
72 2
7 4
36 2
72 2
7 4
36 2
72 2
7 4
36 2
72 2
7 4
36 2
72 2
7 4
36 2
72 2
7 4
36 2
72 2
7 4
36 2
72 2
7 4
36 2
72 2
7 4
36 2
72 2
7 4
36 2
72 2
7 4
36 2
72 2
7 4
36 2
72 2
7 4
36 2
72 2
7 4
36 2
72 2
7 4
36 2
72 2
7 4
36 2
72 2
7 4
36 2
72 2
7 4
36 2
72 2
7 4
36 2
72 2
7 4
36 2
72 2
7 4
36 2
72 2
7 3
36 0
72 1
7 3
36 0
72 1
7 4
36 2
72 2
7 4
36 2
72 2
7 4
36 2
72 2
7 4
36 2
72 2
7 4
36 2
72 2
7 4
36 2
72 2
7 4
36 2
72 2
7 4
36 2
72 2
7 4
36 2
72 2
7 4
36 2
72 2
7 4
36 2
72 2
7 4
36 2
72 2
7 4
36 2
72 2
7 4
36 2
72 2
7 4
36 2
72 2
7 4
36 2
72 2
7 4
36 2
72 2
7 4
36 2
72 2
7 4
36 2
72 2
7 4
36 2
72 2
7 4
36 2
72 2
7 4
36 2
72 2
7 4
36 2
72 2
7 4
36 2
72 2
7 4
36 2
72 2
7 4
36 2
72 2
7 4
36 2
72 2
7 4
36 2
72 12
7 3
36 0
72 1
7 3
36 0
72 1
7 4
36 2
72 2
7 4
36 2
72 2
7 4
36 2
72 2
7 4
36 2
72 2
7 4
36 2
72 2
7 4
36 2
72 2
7 4
36 2
72 2
7 4
36 2
72 2
7 4
36 2
72 2
7 4
36 2
72 2
7 4
36 2
72 2
7 4
36 2
72 2
7 4
36 2
72 2
7 4
36 2
72 2
7 4
36 2
72 2
7 4
36 2
72 2
7 4
36 2
72 2
7 4
36 2
72 2
7 4
36 2
72 2
7 4
36 2
72 2
7 4
36 2
72 2
7 4
36 2
72 2
7 4
36 2
72 2
7 4
36 2
72 2
7 4
36 2
72 2
7 4
36 2
72 2
7 4
36 2
72 2
7 4
36 2
72 2
7 4
36 2
72 2
7 4
36 2
72 2
7 4
36 2
72 2
7 3
36 0
72 1
7 3
36 0
72 1
7 4
36 2
72 2
7 4
36 2
72 2
7 4
36 2
72 2
7 4
36 2
72 2
7 4
36 2
72 2
7 4
36 2
72 2
7 4
36 2
72 2
7 4
36 2
72 2
7 4
36 2
72 2
7 4
36 2
72 2
7 4
36 2
72 2
7 4
36 2
72 2
7 4
36 2
72 2
7 4
36 2
72 2
7 4
36 2
72 2
7 4
36 2
72 2
7 4
36 2
72 2
7 4
36 2
72 2
7 4
36 2
72 2
7 4
36 2
72 2
7 4
36 2
72 2
7 4
36 2
72 2
7 4
36 2
72 2
7 4
36 2
72 2
7 4
36 2
72 2
7 4
36 2
72 2
7 4
36 2
72 2
7 4
36 2
72 2
7 4
36 2
72 2
7 4
36 2
72 2
7 4
36 2
72 2
7 3
36 0
72 1
7 3
36 0
72 14
7 4
36 2
72 2
7 4
36 2
72 2
7 4
36 2
72 2
7 3
36 0
72 1
7 3
36 0
72 1
7 4
36 2
72 2
7 4
36 2
72 2
7 4
36 2
72 2
7 4
36 2
72 2
7 4
36 2
72 2
7 4
36 2
72 2
7 4
36 2
72 2
7 4
36 2
72 2
7 4
36 2
72 2
7 4
36 2
72 2
7 4
36 2
72 2
7 4
36 2
72 2
7 4
36 2
72 2
7 4
36 2
72 2
7 4
36 2
72 2
7 3
36 0
72 1
7 3
36 0
72 1
7 4
36 2
72 2
7 4
36 2
72 2
7 4
36 2
72 2
7 4
36 2
72 2
7 4
36 2
72 2
7 4
36 2
72 2
7 4
36 2
72 2
7 4
36 2
72 2
7 4
36 2
72 2
7 4
36 2
72 2
7 4
36 2
72 2
7 4
36 2
72 2
7 4
36 2
72 2
7 4
36 2
72 2
7 4
36 2
72 2
7 3
36 0
72 1
7 3
36 0
72 1
7 4
36 2
72 2
7 4
36 2
72 2
7 4
36 2
72 2
7 4
36 2
72 2
7 4
36 2
72 2
7 4
36 2
72 2
7 4
36 2
72 2
7 4
36 2
72 2
7 4
36 2
72 2
7 4
36 2
72 2
7 4
36 2
72 2
7 4
36 2
72 2
7 4
36 2
72 2
7 4
36 2
72 2
7 4
36 2
72 2
7 3
36 0
72 1
7 3
36 0
72 1
7 4
36 2
72 2
7 4
36 2
72 2
7 4
36 2
72 2
7 4
36 2
72 2
7 4
36 2
72 2
7 4
36 2
72 2
7 4
36 2
72 2
7 4
36 2
72 2
7 4
36 2
72 2
7 4
36 2
72 2
7 4
36 2
72 2
7 4
36 2
72 2
7 4
36 2
72 2
7 4
36 2
72 2
7 4
36 2
72 2
7 3
36 0
72 1
7 3
36 0
72 1
6 7
72 12
36 0
72 2
7 4
36 2
72 2
7 4
36 2
72 2
7 4
36 2
72 2
7 4
36 2
72 2
7 4
36 2
72 2
7 4
36 2
72 2
7 4
36 2
72 2
7 4
36 2
72 2
7 4
36 2
72 2
7 4
36 2
72 2
7 4
36 2
72 2
7 4
36 2
72 2
7 4
36 2
72 2
7 4
36 2
72 2
7 4
36 2
72 2
7 4
36 2
72 2
7 4
36 2
72 2
7 4
36 2
72 2
7 4
36 2
72 2
7 4
36 2
72 2
7 4
36 2
72 2
7 4
36 2
72 2
7 4
36 2
72 2
7 4
36 2
72 2
7 4
36 2
72 2
7 4
36 2
72 2
7 4
36 2
72 2
7 4
36 2
72 2
7 4
36 2
72 2
7 4
36 2
72 2
7 4
36 2
72 2
7 3
36 0
72 1
7 3
36 0
72 1
7 4
36 2
72 2
7 4
36 2
72 2
7 4
36 2
72 2
7 4
36 2
72 2
7 4
36 2
72 2
7 4
36 2
72 2
7 4
36 2
72 2
7 4
36 2
72 2
7 4
36 2
72 2
7 4
36 2
72 2
7 4
36 2
72 2
7 4
36 2
72 2
7 4
36 2
72 2
7 4
36 2
72 2
7 4
36 2
72 2
7 4
36 2
72 2
7 4
36 2
72 2
7 4
36 2
72 2
7 4
36 2
72 2
7 4
36 2
72 2
7 4
36 2
72 2
7 4
36 2
72 2
7 4
36 2
72 2
7 4
36 2
72 2
7 4
36 2
72 2
7 4
36 2
72 2
7 4
36 2
72 2
7 4
36 2
72 2
7 4
36 2
72 2
7 4
36 2
72 2
7 4
36 2
72 2
7 3
36 0
72 1
7 3
36 0
72 14
7 4
36 2
72 2
7 4
36 2
72 2
7 4
36 2
72 2
7 3
36 0
72 1
7 3
36 0
72 1
7 4
36 2
72 2
7 4
36 2
72 2
7 4
36 2
72 2
7 4
36 2
72 2
7 4
36 2
72 2
7 4
36 2
72 2
7 4
36 2
72 2
7 4
36 2
72 2
7 4
36 2
72 2
7 4
36 2
72 2
7 4
36 2
72 2
7 4
36 2
72 2
7 4
36 2
72 2
7 4
36 2
72 2
7 4
36 2
72 2
7 3
36 0
72 1
7 3
36 0
72 1
7 4
36 2
72 2
7 4
36 2
72 2
7 4
36 2
72 2
7 4
36 2
72 2
7 4
36 2
72 2
7 4
36 2
72 2
7 4
36 2
72 2
7 4
36 2
72 2
7 4
36 2
72 2
7 4
36 2
72 2
7 4
36 2
72 2
7 4
36 2
72 2
7 4
36 2
72 2
7 4
36 2
72 2
7 4
36 2
72 2
7 3
36 0
72 1
7 3
36 0
72 1
7 4
36 2
72 2
7 4
36 2
72 2
7 4
36 2
72 2
7 4
36 2
72 2
7 4
36 2
72 2
7 4
36 2
72 2
7 4
36 2
72 2
7 4
36 2
72 2
7 4
36 2
72 2
7 4
36 2
72 2
7 4
36 2
72 2
7 4
36 2
72 2
7 4
36 2
72 2
7 4
36 2
72 2
7 4
36 2
72 2
7 3
36 0
72 1
7 3
36 0
72 1
7 4
36 2
72 2
7 4
36 2
72 2
7 4
36 2
72 2
7 4
36 2
72 2
7 4
36 2
72 2
7 4
36 2
72 2
7 4
36 2
72 2
7 4
36 2
72 2
7 4
36 2
72 2
7 4
36 2
72 2
7 4
36 2
72 2
7 4
36 2
72 2
7 4
36 2
72 2
7 4
36 2
72 2
7 4
36 2
72 2
7 3
36 0
72 1
7 3
36 0
72 1
6 7
72 12
36 0
E
S
H
72 14
33 7
40 4
38 7
45 7
40 13
72 14
33 7
40 4
38 7
45 11
40 11
42 4
43 7
45 7
42 7
40 7
38 12
31 7
33 7
40 4
38 7
45 12
40 13
72 13
33 7
40 4
38 7
45 11
40 11
42 4
43 7
45 7
42 7
40 7
38 13
37 12
72 14
33 7
40 4
38 7
45 7
40 13
72 14
33 7
40 4
38 7
45 11
40 11
42 4
43 7
45 7
42 7
40 7
38 12
31 7
33 7
40 4
38 7
45 12
40 13
72 13
33 7
40 4
38 7
45 11
40 11
42 4
43 7
45 7
42 7
40 7
38 13
37 12
E
S
H
72 14
33 7
40 4
38 7
45 7
40 13
72 14
33 7
40 4
38 7
45 11
40 11
42 4
43 7
45 7
42 7
40 7
38 12
31 7
33 7
40 4
38 7
45 12
40 13
72 13
33 7
40 4
38 7
45 11
40 11
42 4
43 7
45 7
42 7
40 7
38 13
37 12
72 14
33 7
40 4
38 7
45 7
40 13
72 14
33 7
40 4
38 7
45 11
40 11
42 4
43 7
45 7
42 7
40 7
38 12
31 7
33 7
40 4
38 7
45 12
40 13
72 13
33 7
40 4
38 7
45 11
40 11
42 4
43 7
45 7
42 7
40 7
38 13
37 12
E
S
H
72 14
698 2
72 2
698 6
698 2
72 2
698 2
72 4
698 6
698 2
72 7
1012 6
1012 2
72 7
1012 6
1012 2
72 7
1157 6
1157 2
72 7
1157 6
1157 2
72 7
1157 6
1157 6
1012 6
1012 6
988 4
698 2
72 2
698 6
698 2
72 2
698 2
72 4
698 6
698 2
72 7
1012 6
1012 2
72 7
1012 6
1012 2
72 7
1157 6
1157 2
72 7
1157 6
1157 2
72 7
1157 6
1157 6
1012 6
1012 6
988 4
698 2
72 2
698 6
698 2
72 2
698 2
72 4
698 6
698 2
72 4
698 2
72 2
698 6
698 2
72 2
698 2
72 4
698 6
698 2
72 4
698 2
72 2
698 6
698 2
72 2
698 2
72 4
698 6
698 2
72 4
698 2
72 2
698 6
698 2
72 2
698 2
72 4
698 6
698 2
72 4
698 2
72 2
698 6
698 2
72 2
698 2
72 4
698 6
698 2
72 4
698 2
72 2
698 6
698 2
72 2
698 2
72 4
698 6
698 2
72 4
698 2
72 2
698 6
698 2
72 2
698 2
72 4
698 6
698 2
72 4
698 2
72 2
698 6
698 2
72 2
698 2
72 4
698 6
698 2
72 14
528 2
72 2
528 6
528 2
72 2
528 2
72 4
528 6
528 2
72 7
698 6
698 2
72 7
698 6
698 2
72 7
1157 6
1157 2
72 7
1157 6
1157 2
72 7
1471 6
1471 2
72 7
1471 6
1471 2
72 4
528 2
72 2
528 6
528 2
72 2
528 2
72 4
528 6
528 2
72 7
698 6
698 2
72 7
698 6
698 2
72 7
1157 6
1157 2
72 7
1157 6
1157 2
72 7
1471 6
1471 2
72 2
1471 2
72 4
1471 6
1471 2
72 2
1471 2
698 12
72 14
698 2
72 2
698 6
698 2
72 2
698 2
72 4
698 6
698 2
72 7
1012 6
1012 2
72 7
1012 6
1012 2
72 7
1157 6
1157 2
72 7
1157 6
1157 2
72 7
1157 6
1157 6
1012 6
1012 6
988 4
698 2
72 2
698 6
698 2
72 2
698 2
72 4
698 6
698 2
72 7
1012 6
1012 2
72 7
1012 6
1012 2
72 7
1157 6
1157 2
72 7
1157 6
1157 2
72 7
1157 6
1157 6
1012 6
1012 6
988 4
698 2
72 2
698 6
698 2
72 2
698 2
72 4
698 6
698 2
72 4
698 2
72 2
698 6
698 2
72 2
698 2
72 4
698 6
698 2
72 4
698 2
72 2
698 6
698 2
72 2
698 2
72 4
698 6
698 2
72 4
698 2
72 2
698 6
698 2
72 2
698 2
72 4
698 6
698 2
72 4
698 2
72 2
698 6
698 2
72 2
698 2
72 4
698 6
698 2
72 4
698 2
72 2
698 6
698 2
72 2
698 2
72 4
698 6
698 2
72 4
698 2
72 2
698 6
698 2
72 2
698 2
72 4
698 6
698 2
72 4
698 2
72 2
698 6
698 2
72 2
698 2
72 4
698 6
698 2
72 14
528 2
72 2
528 6
528 2
72 2
528 2
72 4
528 6
528 2
72 7
698 6
698 2
72 7
698 6
698 2
72 7
1157 6
1157 2
72 7
1157 6
1157 2
72 7
1471 6
1471 2
72 7
1471 6
1471 2
72 4
528 2
72 2
528 6
528 2
72 2
528 2
72 4
528 6
528 2
72 7
698 6
698 2
72 7
698 6
698 2
72 7
1157 6
1157 2
72 7
1157 6
1157 2
72 7
1471 6
1471 2
72 2
1471 2
72 4
1471 6
1471 2
72 2
1471 2
1022 12
E
S
H
72 14
40 12
72 14
14 13
E
S
H
72 14
503 13
816 13
1144 13
1446 13
503 13
816 13
1144 13
1446 4
72 14
158 13
184 13
187 13
213 13
158 13
184 13
187 13
213 13
698 14
698 14
698 14
72 14
158 13
184 13
187 13
213 13
158 13
184 13
187 13
213 13
698 14
698 14
698 14
E
X
