minor
S
H
45 4
48 2
45 4
47 4
43 4
45 4
43 2
41 2
72 2
40 2
72 2
45 4
48 2
45 4
47 4
43 4
45 4
38 2
43 4
40 2
72 2
45 4
48 2
45 4
47 4
43 4
45 4
43 2
41 2
72 2
40 2
72 2
45 4
48 2
45 4
47 4
43 4
45 4
38 2
43 4
40 2
72 2
45 4
48 2
45 4
47 4
43 4
45 4
43 2
41 2
72 2
40 2
72 2
45 4
48 2
45 4
47 4
43 4
45 4
38 2
43 4
40 2
72 2
45 4
48 2
45 4
47 4
43 4
45 4
43 2
41 2
72 2
40 2
72 2
45 4
48 2
45 4
47 4
43 4
45 4
38 2
43 4
40 2
72 2
45 4
48 2
45 4
47 4
43 4
45 4
43 2
41 2
72 2
40 2
72 2
45 4
48 2
45 4
47 4
43 4
45 4
38 2
43 4
40 2
72 2
45 4
48 2
45 4
47 4
43 4
45 4
43 2
41 2
72 2
40 2
72 2
45 4
48 2
45 4
47 4
43 4
45 4
38 2
43 4
40 2
72 14
45 4
48 2
45 4
47 4
43 4
45 4
43 2
41 2
72 2
40 2
72 2
45 4
48 2
45 4
47 4
43 4
45 4
38 2
43 4
40 2
72 2
45 4
48 2
45 4
47 4
43 4
45 4
43 2
41 2
72 2
40 2
72 2
45 4
48 2
45 4
47 4
43 4
45 4
38 2
43 4
40 2
72 2
45 4
48 2
45 4
47 4
43 4
45 4
43 2
41 2
72 2
40 2
72 2
45 4
48 2
45 4
47 4
43 4
45 4
38 2
43 4
40 2
72 2
45 4
48 2
45 4
47 4
43 4
45 4
43 2
41 2
72 2
40 2
72 2
45 4
48 2
45 4
47 4
43 4
45 4
38 2
43 4
40 2
72 2
45 4
48 2
45 4
47 4
43 4
45 4
43 2
41 2
72 2
40 2
72 2
45 4
48 2
45 4
47 4
43 4
45 4
38 2
43 4
40 2
72 2
45 4
48 2
45 4
47 4
43 4
45 4
43 2
41 2
72 2
40 2
72 2
45 4
48 2
45 4
47 4
43 4
45 4
38 2
43 4
40 2
E
S
H
72 14
62 2
63 2
64 5
72 0
67 2
72 4
60 9
64 2
72 2
57 5
72 0
60 2
64 12
62 2
63 2
64 5
72 0
67 2
72 4
60 9
64 2
72 2
62 5
72 0
60 2
57 12
62 2
63 2
64 5
72 0
67 2
72 4
60 9
64 2
72 2
57 5
72 0
60 2
64 12
62 2
63 2
64 5
72 0
67 2
72 4
60 9
64 2
72 2
62 5
72 0
60 2
57 12
64 2
65 2
67 9
60 4
72 11
67 7
69 4
67 4
72 11
57 4
55 2
72 2
57 2
72 2
60 5
72 0
59 2
72 4
57 2
72 2
59 5
72 0
60 2
72 4
62 2
72 2
60 7
59 7
64 4
69 2
64 2
72 4
69 9
60 7
71 2
72 2
71 2
62 2
72 2
71 2
60 11
64 4
69 2
64 2
72 4
69 9
60 7
71 2
72 2
71 2
62 2
72 2
71 2
60 11
72 14
62 2
63 2
64 5
72 0
67 2
72 4
60 9
64 2
72 2
57 5
72 0
60 2
64 12
62 2
63 2
64 5
72 0
67 2
72 4
60 9
64 2
72 2
62 5
72 0
60 2
57 12
62 2
63 2
64 5
72 0
67 2
72 4
60 9
64 2
72 2
57 5
72 0
60 2
64 12
62 2
63 2
64 5
72 0
67 2
72 4
60 9
64 2
72 2
62 5
72 0
60 2
57 12
64 2
65 2
67 9
60 4
72 11
67 7
69 4
67 4
72 11
57 4
55 2
72 2
57 2
72 2
60 5
72 0
59 2
72 4
57 2
72 2
59 5
72 0
60 2
72 4
62 2
72 2
60 7
59 7
64 4
69 2
64 2
72 4
69 9
60 7
71 2
72 2
71 2
62 2
72 2
71 2
60 11
64 4
69 2
64 2
72 4
69 9
60 7
71 2
72 2
71 2
62 2
72 2
71 2
60 11
E
S
L
9 4
9 2
9 12
5 4
5 2
5 4
5 4
7 11
9 4
9 2
9 12
5 4
5 2
5 4
5 4
7 11
9 4
9 2
9 12
5 4
5 2
5 4
5 4
7 11
9 4
9 2
9 12
5 4
5 2
5 4
5 4
7 11
9 4
9 2
9 12
5 4
5 2
5 4
5 4
7 11
9 4
9 2
9 12
5 4
5 2
5 4
5 4
7 11
5 2
5 2
5 2
5 2
5 7
72 11
7 2
7 2
7 2
7 2
7 7
12 7
7 7
9 4
7 2
9 5
72 0
12 4
9 2
12 5
72 0
14 4
12 2
14 5
72 0
16 4
14 2
16 5
72 0
19 7
7 7
9 4
9 2
9 5
72 0
12 4
12 2
12 5
72 0
14 2
12 2
9 4
7 5
72 0
7 5
72 0
9 11
9 4
9 2
9 5
72 0
12 4
12 2
12 5
72 0
14 2
12 2
9 4
7 5
72 0
7 5
72 0
9 11
9 4
9 2
9 12
5 4
5 2
5 4
5 4
7 11
9 4
9 2
9 12
5 4
5 2
5 4
5 4
7 11
9 4
9 2
9 12
5 4
5 2
5 4
5 4
7 11
9 4
9 2
9 12
5 4
5 2
5 4
5 4
7 11
9 4
9 2
9 12
5 4
5 2
5 4
5 4
7 11
9 4
9 2
9 12
5 4
5 2
5 4
5 4
7 11
5 2
5 2
5 2
5 2
5 7
72 11
7 2
7 2
7 2
7 2
7 7
12 7
7 7
9 4
7 2
9 5
72 0
12 4
9 2
12 5
72 0
14 4
12 2
14 5
72 0
16 4
14 2
16 5
72 0
19 7
7 7
9 4
9 2
9 5
72 0
12 4
12 2
12 5
72 0
14 2
12 2
9 4
7 5
72 0
7 5
72 0
9 11
9 4
9 2
9 5
72 0
12 4
12 2
12 5
72 0
14 2
12 2
9 4
7 5
72 0
7 5
72 0
9 11
E
S
L
33 4
36 2
33 4
35 4
31 4
33 4
31 2
29 2
28 2
33 4
36 2
33 4
35 4
31 4
33 4
26 2
31 4
28 2
33 4
36 2
33 4
35 4
31 4
33 4
31 2
29 2
28 2
33 4
36 2
33 4
35 4
31 4
33 4
26 2
31 4
28 2
33 4
36 2
33 4
35 4
31 4
33 4
31 2
29 2
28 2
33 4
36 2
33 4
35 4
31 4
33 4
26 2
31 4
28 2
33 4
36 2
33 4
35 4
31 4
33 4
31 2
29 2
28 2
33 4
36 2
33 4
35 4
31 4
33 4
26 2
31 4
28 2
33 4
36 2
33 4
35 4
31 4
33 4
31 2
29 2
28 2
33 4
36 2
33 4
35 4
31 4
33 4
26 2
31 4
28 2
33 4
36 2
33 4
35 4
31 4
33 4
31 2
29 2
28 2
33 4
36 2
33 4
35 4
31 4
33 4
26 2
31 4
28 2
110 2
110 2
110 2
110 2
55 0
209 5
209 5
105 2
59 0
57 0
136 2
136 2
136 2
136 2
50 0
156 7
235 4
57 0
55 0
53 0
213 4
43 2
45 2
149 4
160 4
158 4
172 4
161 4
163 4
185 7
136 7
149 4
1509 2
149 2
934 9
1406 7
1248 2
1248 2
1144 2
1248 2
1406 11
149 4
1509 2
149 2
934 9
1406 7
1248 2
1248 2
1144 2
1248 2
1406 11
33 4
36 2
33 4
35 4
31 4
33 4
31 2
29 2
28 2
33 4
36 2
33 4
35 4
31 4
33 4
26 2
31 4
28 2
33 4
36 2
33 4
35 4
31 4
33 4
31 2
29 2
28 2
33 4
36 2
33 4
35 4
31 4
33 4
26 2
31 4
28 2
33 4
36 2
33 4
35 4
31 4
33 4
31 2
29 2
28 2
33 4
36 2
33 4
35 4
31 4
33 4
26 2
31 4
28 2
33 4
36 2
33 4
35 4
31 4
33 4
31 2
29 2
28 2
33 4
36 2
33 4
35 4
31 4
33 4
26 2
31 4
28 2
33 4
36 2
33 4
35 4
31 4
33 4
31 2
29 2
28 2
33 4
36 2
33 4
35 4
31 4
33 4
26 2
31 4
28 2
33 4
36 2
33 4
35 4
31 4
33 4
31 2
29 2
28 2
33 4
36 2
33 4
35 4
31 4
33 4
26 2
31 4
28 2
110 2
110 2
110 2
110 2
55 0
209 5
209 5
105 2
59 0
57 0
136 2
136 2
136 2
136 2
50 0
156 7
235 4
57 0
55 0
53 0
213 4
43 2
45 2
149 4
160 4
158 4
172 4
161 4
163 4
185 7
136 7
149 4
1509 2
149 2
934 9
1406 7
1248 2
1248 2
1144 2
1248 2
1406 11
149 4
1509 2
149 2
934 9
1406 7
1248 2
1248 2
1144 2
1248 2
1406 11
E
X
