major
S
L
72 7
12 6
12 2
72 3
10 0
72 1
10 4
72 3
9 0
72 1
9 3
72 1
10 3
72 1
10 3
12 2
72 3
24 0
72 4
12 2
72 3
10 0
72 1
10 3
72 4
9 0
72 1
9 4
10 3
72 1
10 4
12 6
12 2
72 3
10 0
72 1
10 4
72 3
9 0
72 1
9 3
72 1
10 3
72 1
10 3
12 2
72 3
22 0
72 4
12 2
72 3
10 0
72 1
10 3
72 4
9 0
72 1
9 4
10 3
72 1
10 4
12 6
12 2
72 3
10 0
72 1
10 4
72 3
9 0
72 1
9 3
72 1
10 3
72 1
10 3
12 2
72 3
24 0
72 4
12 2
72 3
10 0
72 1
10 3
72 4
9 0
72 1
9 4
10 3
72 1
10 4
12 6
12 2
72 3
10 0
72 1
10 4
72 3
9 0
72 1
9 3
72 1
10 3
72 1
10 3
12 2
72 3
22 0
72 4
12 2
72 3
10 0
72 1
10 3
72 4
9 0
72 1
9 4
10 3
72 1
10 4
8 3
72 1
6 3
72 1
5 3
72 1
5 3
6 2
72 3
6 2
5 3
72 1
3 3
72 1
5 4
8 3
20 0
72 1
15 3
72 1
17 4
18 3
17 2
72 9
8 4
10 3
72 1
8 3
72 1
7 3
72 1
7 3
8 2
72 3
8 2
7 3
72 1
5 3
72 1
7 4
10 3
22 0
72 1
17 3
72 1
19 4
20 3
19 2
72 7
10 2
72 0
10 5
8 3
72 1
6 3
72 1
5 3
72 1
5 3
6 2
72 3
6 2
5 3
72 1
3 3
72 1
5 4
8 3
20 0
72 1
15 3
72 1
17 4
18 3
17 2
72 9
8 4
10 3
72 1
8 3
72 1
7 3
72 1
7 3
8 2
72 3
8 2
7 3
72 1
5 3
72 1
7 4
7 3
72 1
7 3
72 1
7 3
72 1
7 2
7 2
72 9
7 2
7 2
5 6
5 0
72 2
3 3
5 0
72 7
7 2
19 4
7 7
8 6
8 0
72 2
8 2
72 0
8 0
72 7
10 0
72 1
10 4
10 4
10 2
10 0
72 2
5 6
5 0
72 2
3 3
5 0
72 7
7 2
19 4
7 7
12 2
72 0
12 4
12 0
72 1
10 2
72 0
10 4
22 0
72 4
8 0
72 1
8 3
72 1
7 4
7 2
7 0
72 2
5 6
5 0
72 2
3 3
5 0
72 7
7 2
19 4
7 7
8 6
8 0
72 2
8 2
72 0
8 0
72 7
10 0
72 1
10 4
10 4
10 2
10 0
72 2
8 6
8 0
72 2
8 2
72 0
8 0
72 7
5 0
72 1
5 3
72 1
5 4
5 4
72 3
7 2
72 1
7 2
72 3
7 0
72 1
7 4
7 2
72 6
5 2
72 0
6 2
7 2
10 2
12 6
12 2
72 3
10 0
72 1
10 4
72 3
9 0
72 1
9 3
72 1
10 3
72 1
10 3
12 2
72 3
24 0
72 4
12 2
72 3
10 0
72 1
10 3
72 4
9 0
72 1
9 4
10 3
72 1
10 4
12 6
12 2
72 3
10 0
72 1
10 4
72 3
9 0
72 1
9 3
72 1
10 3
72 1
10 3
12 2
72 3
22 0
72 4
12 2
72 3
10 0
72 1
10 3
72 4
9 0
72 1
9 4
10 3
72 1
10 4
12 6
12 2
72 3
10 0
72 1
10 4
72 3
9 0
72 1
9 3
72 1
10 3
72 1
10 3
12 2
72 3
24 0
72 4
12 2
72 3
10 0
72 1
10 3
72 4
9 0
72 1
9 4
10 3
72 1
10 4
12 6
12 2
72 3
10 0
72 1
10 4
72 3
9 0
72 1
9 3
72 1
10 3
72 1
10 3
12 2
72 3
22 0
72 4
12 2
72 3
10 0
72 1
10 3
72 4
9 0
72 1
9 4
10 3
72 1
10 4
8 3
72 1
6 3
72 1
5 3
72 1
5 3
6 2
72 3
6 2
5 3
72 1
3 3
72 1
5 4
8 3
20 0
72 1
15 3
72 1
17 4
18 3
17 2
72 9
8 4
10 3
72 1
8 3
72 1
7 3
72 1
7 3
8 2
72 3
8 2
7 3
72 1
5 3
72 1
7 4
10 3
22 0
72 1
17 3
72 1
19 4
20 3
19 2
72 7
10 2
72 0
10 5
8 3
72 1
6 3
72 1
5 3
72 1
5 3
6 2
72 3
6 2
5 3
72 1
3 3
72 1
5 4
8 3
20 0
72 1
15 3
72 1
17 4
18 3
17 2
72 9
8 4
10 3
72 1
8 3
72 1
7 3
72 1
7 3
8 2
72 3
8 2
7 3
72 1
5 3
72 1
7 4
7 3
72 1
7 3
72 1
7 3
72 1
7 2
7 2
72 9
7 2
7 2
5 6
5 0
72 2
3 3
5 0
72 7
7 2
19 4
7 7
8 6
8 0
72 2
8 2
72 0
8 0
72 7
10 0
72 1
10 4
10 4
10 2
10 0
72 2
5 6
5 0
72 2
3 3
5 0
72 7
7 2
19 4
7 7
12 2
72 0
12 4
12 0
72 1
10 2
72 0
10 4
22 0
72 4
8 0
72 1
8 3
72 1
7 4
7 2
7 0
72 2
5 6
5 0
72 2
3 3
5 0
72 7
7 2
19 4
7 7
8 6
8 0
72 2
8 2
72 0
8 0
72 7
10 0
72 1
10 4
10 4
10 2
10 0
72 2
8 6
8 0
72 2
8 2
72 0
8 0
72 7
5 0
72 1
5 3
72 1
5 4
5 4
72 3
7 2
72 1
7 2
72 3
7 0
72 1
7 4
7 2
72 6
5 2
72 0
6 2
7 2
10 2
12 6
12 2
72 3
10 0
72 1
10 4
72 3
9 0
72 1
9 3
72 1
10 3
72 1
10 3
12 2
72 3
24 0
72 4
12 2
72 3
10 0
72 1
10 3
72 4
9 0
72 1
9 4
10 3
72 1
10 4
12 6
12 2
72 3
10 0
72 1
10 4
72 3
9 0
72 1
9 3
72 1
10 3
72 1
10 3
12 2
72 3
22 0
72 4
12 2
72 3
10 0
72 1
10 3
72 4
9 0
72 1
9 4
10 3
72 1
10 4
12 6
12 2
72 3
10 0
72 1
10 4
72 3
9 0
72 1
9 3
72 1
10 3
72 1
10 3
12 2
72 3
24 0
72 4
12 2
72 3
10 0
72 1
10 3
72 4
9 0
72 1
9 4
10 3
72 1
10 4
12 6
12 2
72 3
10 0
72 1
10 4
72 3
9 0
72 1
9 3
72 1
10 3
72 1
10 3
12 2
72 3
22 0
72 4
12 2
72 3
10 0
72 1
10 3
72 4
9 0
72 1
9 4
10 3
72 1
10 4
8 3
72 1
6 3
72 1
5 3
72 1
5 3
6 2
72 3
6 2
5 3
72 1
3 3
72 1
5 4
8 3
20 0
72 1
15 3
72 1
17 4
18 3
17 2
72 9
8 4
10 3
72 1
8 3
72 1
7 3
72 1
7 3
8 2
72 3
8 2
7 3
72 1
5 3
72 1
7 4
10 3
22 0
72 1
17 3
72 1
19 4
20 3
19 2
72 7
10 2
72 0
10 5
8 3
72 1
6 3
72 1
5 3
72 1
5 3
6 2
72 3
6 2
5 3
72 1
3 3
72 1
5 4
8 3
20 0
72 1
15 3
72 1
17 4
18 3
17 2
72 9
8 4
10 3
72 1
8 3
72 1
7 3
72 1
7 3
8 2
72 3
8 2
7 3
72 1
5 3
72 1
7 4
7 3
72 1
7 3
72 1
7 3
72 1
7 2
7 2
72 9
7 2
7 2
5 6
5 0
72 2
3 3
5 0
72 7
7 2
19 4
7 7
8 6
8 0
72 2
8 2
72 0
8 0
72 7
10 0
72 1
10 4
10 4
10 2
10 0
72 2
5 6
5 0
72 2
3 3
5 0
72 7
7 2
19 4
7 7
12 2
72 0
12 4
12 0
72 1
10 2
72 0
10 4
22 0
72 4
8 0
72 1
8 3
72 1
7 4
7 2
7 0
72 2
5 6
5 0
72 2
3 3
5 0
72 7
7 2
19 4
7 7
8 6
8 0
72 2
8 2
72 0
8 0
72 7
10 0
72 1
10 4
10 4
10 2
10 0
72 2
8 6
8 0
72 2
8 2
72 0
8 0
72 7
5 0
72 1
5 3
72 1
5 4
5 4
72 3
7 2
72 1
7 2
72 3
7 0
72 1
7 4
7 2
72 6
5 2
72 0
6 2
7 2
10 2
12 6
12 2
72 3
10 0
72 1
10 4
72 3
9 0
72 1
9 3
72 1
10 3
72 1
10 3
12 2
72 3
24 0
72 4
12 2
72 3
10 0
72 1
10 3
72 4
9 0
72 1
9 4
10 3
72 1
10 4
12 6
12 2
72 3
10 0
72 1
10 4
72 3
9 0
72 1
9 3
72 1
10 3
72 1
10 3
12 2
E
S
L
72 13
24 0
72 14
22 0
72 14
24 0
72 14
22 0
72 14
20 0
72 14
22 0
72 14
20 0
72 14
5 6
5 0
72 2
3 3
5 0
72 7
7 2
19 4
7 7
8 6
8 0
72 2
8 2
72 0
8 0
72 7
10 0
72 1
10 4
10 4
10 2
10 0
72 2
5 6
5 0
72 2
3 3
5 0
72 7
7 2
19 4
7 7
12 2
72 0
12 4
12 0
72 1
10 2
72 0
10 4
22 0
72 4
8 0
72 1
8 3
72 1
7 4
7 2
7 0
72 2
5 6
5 0
72 2
3 3
5 0
72 7
7 2
19 4
7 7
8 6
8 0
72 2
8 2
72 0
8 0
72 7
10 0
72 1
10 4
10 4
10 2
10 0
72 2
8 6
8 0
72 2
8 2
72 0
8 0
72 7
5 0
72 1
5 3
72 1
5 4
5 4
72 3
7 2
72 1
7 2
72 3
7 0
72 1
7 4
7 2
72 14
24 0
72 14
22 0
72 14
24 0
72 14
22 0
72 14
20 0
72 14
22 0
72 14
20 0
72 14
5 6
5 0
72 2
3 3
5 0
72 7
7 2
19 4
7 7
8 6
8 0
72 2
8 2
72 0
8 0
72 7
10 0
72 1
10 4
10 4
10 2
10 0
72 2
5 6
5 0
72 2
3 3
5 0
72 7
7 2
19 4
7 7
12 2
72 0
12 4
12 0
72 1
10 2
72 0
10 4
22 0
72 4
8 0
72 1
8 3
72 1
7 4
7 2
7 0
72 2
5 6
5 0
72 2
3 3
5 0
72 7
7 2
19 4
7 7
8 6
8 0
72 2
8 2
72 0
8 0
72 7
10 0
72 1
10 4
10 4
10 2
10 0
72 2
8 6
8 0
72 2
8 2
72 0
8 0
72 7
5 0
72 1
5 3
72 1
5 4
5 4
72 3
7 2
72 1
7 2
72 3
7 0
72 1
7 4
7 2
72 14
24 0
72 14
22 0
72 14
24 0
72 14
22 0
72 14
20 0
72 14
22 0
72 14
20 0
72 14
5 6
5 0
72 2
3 3
5 0
72 7
7 2
19 4
7 7
8 6
8 0
72 2
8 2
72 0
8 0
72 7
10 0
72 1
10 4
10 4
10 2
10 0
72 2
5 6
5 0
72 2
3 3
5 0
72 7
7 2
19 4
7 7
12 2
72 0
12 4
12 0
72 1
10 2
72 0
10 4
22 0
72 4
8 0
72 1
8 3
72 1
7 4
7 2
7 0
72 2
5 6
5 0
72 2
3 3
5 0
72 7
7 2
19 4
7 7
8 6
8 0
72 2
8 2
72 0
8 0
72 7
10 0
72 1
10 4
10 4
10 2
10 0
72 2
8 6
8 0
72 2
8 2
72 0
8 0
72 7
5 0
72 1
5 3
72 1
5 4
5 4
72 3
7 2
72 1
7 2
72 3
7 0
72 1
7 4
7 2
72 14
24 0
E
S
H
72 14
36 3
38 2
39 9
38 3
36 2
72 3
38 5
36 2
72 2
34 2
72 2
31 7
34 6
36 10
72 0
36 3
38 2
39 9
38 3
36 2
72 3
38 5
36 2
72 2
34 2
72 2
38 6
38 0
72 2
38 7
39 7
41 4
36 3
38 2
39 9
38 3
36 2
72 3
38 5
36 2
72 2
34 2
72 2
31 7
34 6
36 10
72 0
36 3
38 2
39 6
39 2
72 3
38 2
39 6
72 0
39 2
41 4
39 4
36 2
39 2
44 2
72 3
48 2
72 1
48 2
72 3
48 0
72 1
48 4
47 2
72 14
36 3
38 2
39 9
38 3
36 2
72 3
38 5
36 2
72 2
34 2
72 2
31 7
34 6
36 10
72 0
36 3
38 2
39 9
38 3
36 2
72 3
38 5
36 2
72 2
34 2
72 2
38 6
38 0
72 2
38 7
39 7
41 4
36 3
38 2
39 9
38 3
36 2
72 3
38 5
36 2
72 2
34 2
72 2
31 7
34 6
36 10
72 0
36 3
38 2
39 6
39 2
72 3
38 2
39 6
72 0
39 2
41 4
39 4
36 2
39 2
44 2
72 3
48 2
72 1
48 2
72 3
48 0
72 1
48 4
47 2
72 14
36 3
38 2
39 9
38 3
36 2
72 3
38 5
36 2
72 2
34 2
72 2
31 7
34 6
36 10
72 0
36 3
38 2
39 9
38 3
36 2
72 3
38 5
36 2
72 2
34 2
72 2
38 6
38 0
72 2
38 7
39 7
41 4
36 3
38 2
39 9
38 3
36 2
72 3
38 5
36 2
72 2
34 2
72 2
31 7
34 6
36 10
72 0
36 3
38 2
39 6
39 2
72 3
38 2
39 6
72 0
39 2
41 4
39 4
36 2
39 2
44 2
72 3
48 2
72 1
48 2
72 3
48 0
72 1
48 4
47 2
E
S
L
72 14
24 7
17 7
11 7
1 7
72 14
24 7
17 7
11 7
1 7
72 14
24 7
17 7
11 7
1 7
E
X
