major
S
H
72 14
36 4
39 4
36 4
41 4
36 4
43 4
36 4
46 4
36 4
43 4
36 4
41 4
36 4
39 4
36 4
43 4
36 4
39 4
36 4
39 4
36 4
38 4
34 4
38 4
34 4
36 4
32 4
36 4
32 4
38 4
34 4
38 4
34 4
39 4
36 4
41 4
36 4
43 4
36 4
46 4
36 4
43 4
36 4
41 4
36 4
39 4
36 4
43 4
36 4
39 4
36 4
39 4
36 4
38 4
34 4
38 4
34 4
44 4
43 4
44 4
41 4
43 4
39 4
41 4
38 4
39 4
36 4
38 4
34 4
36 4
31 4
34 4
39 4
31 4
36 4
39 4
41 4
36 2
72 2
41 4
43 4
36 2
72 2
43 4
46 4
36 2
72 2
46 4
43 4
36 2
72 2
43 4
41 4
36 2
72 2
41 4
39 4
36 2
72 2
39 4
43 4
36 2
72 2
43 4
39 4
36 2
72 2
39 2
72 2
36 2
72 2
39 4
38 4
36 4
34 4
38 2
72 2
34 2
72 2
38 4
36 4
34 4
32 4
36 2
72 2
32 2
72 2
36 4
38 4
32 4
34 4
38 2
72 2
34 2
72 2
38 4
39 4
34 4
36 4
39 4
41 4
36 2
72 2
41 4
43 4
36 2
72 2
43 4
46 4
36 2
72 2
46 4
43 4
36 2
72 2
43 4
41 4
36 2
72 2
41 4
39 4
36 2
72 2
39 4
43 4
36 2
72 2
43 4
39 4
36 2
72 2
39 2
72 2
36 2
72 2
39 4
38 4
36 4
34 4
38 2
72 2
34 2
72 2
38 4
44 4
34 4
43 4
44 4
41 4
43 4
39 4
41 4
38 4
39 4
36 4
38 4
34 4
36 4
31 4
39 4
36 4
41 4
36 4
43 4
36 4
46 4
36 4
43 4
36 4
41 4
36 4
39 4
36 4
43 4
36 4
39 4
36 4
39 4
36 4
38 4
34 4
38 4
34 4
36 4
32 4
36 4
32 4
38 4
34 4
38 4
34 4
39 4
36 4
41 4
36 4
43 4
36 4
46 4
36 4
43 4
36 4
41 4
36 4
39 4
36 4
43 4
36 4
39 4
36 4
39 4
36 4
38 4
34 4
38 4
34 4
44 4
43 4
41 4
39 4
38 4
36 4
34 4
31 4
39 4
36 4
41 4
36 4
43 4
36 4
46 4
36 4
43 4
36 4
41 4
36 4
39 4
36 4
43 4
36 4
39 4
36 4
39 4
36 4
38 4
34 4
38 4
34 4
36 4
32 4
36 4
32 4
38 4
34 4
38 4
34 4
39 4
36 4
41 4
36 4
43 4
36 4
46 4
36 4
43 4
36 4
41 4
36 4
39 4
36 4
43 4
36 4
39 4
36 4
39 4
36 4
38 4
34 4
38 4
34 4
44 4
43 4
41 4
39 4
38 4
36 4
34 4
31 4
72 14
43 4
41 4
39 4
36 4
34 4
31 4
29 4
72 13
43 4
41 4
39 4
36 4
34 4
31 4
29 4
72 14
43 4
41 4
39 4
36 4
34 4
31 4
29 4
72 13
41 4
39 4
38 4
34 4
31 4
29 4
27 4
72 11
34 2
31 3
34 2
36 4
38 4
39 4
31 4
36 4
39 4
41 4
36 2
72 2
41 4
43 4
36 2
72 2
43 4
46 4
36 2
72 2
46 4
43 4
36 2
72 2
43 4
41 4
36 2
72 2
41 4
39 4
36 2
72 2
39 4
43 4
36 2
72 2
43 4
39 4
36 2
72 2
39 2
72 2
36 2
72 2
39 4
38 4
36 4
34 4
38 2
72 2
34 2
72 2
38 4
36 4
34 4
32 4
36 2
72 2
32 2
72 2
36 4
38 4
32 4
34 4
38 2
72 2
34 2
72 2
38 4
39 4
34 4
36 4
39 4
41 4
36 2
72 2
41 4
43 4
36 2
72 2
43 4
46 4
36 2
72 2
46 4
43 4
36 2
72 2
43 4
41 4
36 2
72 2
41 4
39 4
36 2
72 2
39 4
43 4
36 2
72 2
43 4
39 4
36 2
72 2
39 2
72 2
36 2
72 2
39 4
38 4
36 4
34 4
38 2
72 2
34 2
72 2
38 4
44 4
34 4
43 4
44 4
41 4
43 4
39 4
41 4
38 4
39 4
36 4
38 4
34 4
36 4
31 4
137 4
36 4
163 4
36 4
188 4
36 4
226 4
36 4
188 4
36 4
163 4
36 4
137 4
36 4
188 4
36 4
188 4
36 4
188 4
36 4
163 4
34 4
163 4
34 4
137 4
32 4
137 4
32 4
163 4
34 4
135 4
34 4
137 4
36 4
163 4
36 4
188 4
36 4
226 4
36 4
188 4
36 4
163 4
36 4
137 4
36 4
188 4
36 4
188 4
36 4
188 4
36 4
163 4
34 4
163 4
34 4
109 4
228 4
202 4
188 4
163 4
137 4
135 4
228 4
1145 4
72 14
36 4
39 4
36 4
41 4
36 4
43 4
36 4
46 4
36 4
43 4
36 4
41 4
36 4
39 4
36 4
43 4
36 4
39 4
36 4
39 4
36 4
38 4
34 4
38 4
34 4
44 4
43 4
41 4
39 4
38 4
36 4
34 4
31 4
39 4
36 4
41 4
36 4
43 4
36 4
46 4
36 4
43 4
36 4
41 4
36 4
39 4
36 4
43 4
36 4
39 4
36 4
39 4
36 4
38 4
34 4
38 4
34 4
36 4
32 4
36 4
32 4
38 4
34 4
38 4
34 4
39 4
36 4
41 4
36 4
43 4
36 4
46 4
36 4
43 4
36 4
41 4
36 4
39 4
36 4
43 4
36 4
39 4
36 4
39 4
36 4
38 4
34 4
38 4
34 4
44 4
43 4
41 4
39 4
38 4
36 4
34 4
31 4
72 11
43 4
41 4
39 4
36 4
34 4
31 4
29 4
72 13
43 4
41 4
39 4
36 4
34 4
31 4
29 4
72 14
43 4
41 4
39 4
36 4
34 4
31 4
29 4
72 13
41 4
39 4
38 4
34 4
31 4
29 4
72 14
43 4
41 4
39 4
36 4
34 4
31 4
29 4
72 13
43 4
41 4
39 4
36 4
34 4
31 4
29 4
72 14
43 4
41 4
39 4
36 4
34 4
31 4
29 4
72 13
41 4
39 4
38 4
34 4
31 4
29 4
27 4
72 11
34 2
31 3
34 2
36 4
38 4
39 4
36 4
41 4
36 4
43 4
36 4
46 4
36 4
43 4
36 4
41 4
36 4
39 4
36 4
43 4
36 4
39 4
36 4
39 4
36 4
38 4
34 4
38 4
34 4
36 4
32 4
36 4
32 4
38 4
34 4
38 4
34 4
39 4
36 4
41 4
36 4
43 4
36 4
46 4
36 4
43 4
36 4
41 4
36 4
39 4
36 4
43 4
36 4
39 4
36 4
39 4
36 4
38 4
34 4
38 4
34 4
44 4
43 4
44 4
41 4
43 4
39 4
41 4
38 4
39 4
36 4
38 4
34 4
36 4
31 4
34 4
39 4
31 4
36 4
39 4
41 4
36 2
72 2
41 4
43 4
36 2
72 2
43 4
46 4
36 2
72 2
46 4
43 4
36 2
72 2
43 4
41 4
36 2
72 2
41 4
39 4
36 2
72 2
39 4
43 4
36 2
72 2
43 4
39 4
36 2
72 2
39 2
72 2
36 2
72 2
39 4
38 4
36 4
34 4
38 2
72 2
34 2
72 2
38 4
36 4
34 4
32 4
36 2
72 2
32 2
72 2
36 4
38 4
32 4
34 4
38 2
72 2
34 2
72 2
38 4
39 4
34 4
36 4
39 4
41 4
36 2
72 2
41 4
43 4
36 2
72 2
43 4
46 4
36 2
72 2
46 4
43 4
36 2
72 2
43 4
41 4
36 2
72 2
41 4
39 4
36 2
72 2
39 4
43 4
36 2
72 2
43 4
39 4
36 2
72 2
39 2
72 2
36 2
72 2
39 4
38 4
36 4
34 4
38 2
72 2
34 2
72 2
38 4
44 4
34 4
43 4
44 4
41 4
43 4
39 4
41 4
38 4
39 4
36 4
38 4
34 4
36 4
31 4
34 4
188 4
E
S
L
72 14
12 2
72 2
12 2
72 6
0 7
12 2
72 2
10 6
72 2
12 2
72 2
12 2
72 6
3 7
12 2
72 2
10 6
72 2
8 2
72 2
8 2
72 6
3 7
8 2
72 2
12 2
72 2
10 2
72 2
8 2
72 2
10 2
72 6
10 7
5 2
72 2
8 6
72 2
12 2
72 2
12 2
72 6
0 7
12 2
72 2
10 6
72 2
12 2
72 2
12 2
72 6
3 7
12 2
72 2
10 6
72 2
8 2
72 2
8 2
72 6
3 7
8 2
72 2
12 2
72 2
10 2
72 2
8 2
72 2
10 2
72 6
10 7
5 2
72 2
8 6
72 2
12 2
72 2
12 2
72 6
0 7
12 2
72 2
10 6
72 2
12 2
72 2
12 2
72 6
3 7
12 2
72 2
10 6
72 2
8 2
72 2
8 2
72 6
3 7
8 2
72 2
12 2
72 2
10 2
72 2
8 2
72 2
10 2
72 6
10 7
5 2
72 2
8 6
72 2
12 2
72 2
12 2
72 6
0 7
12 2
72 2
10 6
72 2
12 2
72 2
12 2
72 6
3 7
12 2
72 2
10 6
72 2
8 2
72 2
8 2
72 6
3 7
8 2
72 2
12 2
72 2
10 2
72 2
8 2
72 2
10 2
72 6
10 7
5 2
72 2
8 6
72 2
12 2
72 2
12 2
72 6
0 7
12 2
72 2
10 6
72 2
12 2
72 2
12 2
72 6
3 7
12 2
72 2
10 6
72 2
8 2
72 2
8 2
72 6
3 7
8 2
72 2
12 2
72 2
10 2
72 2
8 2
72 2
10 2
72 6
10 7
5 2
72 2
8 6
72 2
12 2
72 2
12 2
72 6
0 7
12 2
72 2
10 6
72 2
12 2
72 2
12 2
72 6
3 7
12 2
72 2
10 6
72 2
8 2
72 2
8 2
72 6
3 7
8 2
72 2
12 2
72 2
10 2
72 2
8 2
72 2
10 2
72 6
10 7
5 2
72 2
8 6
72 2
12 2
72 2
12 2
72 6
0 7
12 2
72 2
10 6
72 2
12 2
72 2
12 2
72 6
3 7
12 2
72 2
10 6
72 2
8 2
72 2
8 2
72 6
3 7
8 2
72 2
12 2
72 2
10 2
72 2
8 2
72 2
10 2
72 6
10 7
5 2
72 2
8 6
72 2
12 4
72 2
12 6
12 4
72 4
12 2
72 2
7 4
10 2
72 2
12 4
72 2
12 6
12 4
72 4
12 2
72 2
7 4
10 2
72 2
12 4
72 2
12 6
12 4
72 4
12 2
72 2
7 4
10 2
72 2
12 4
72 2
12 6
12 4
72 4
12 2
72 2
7 4
10 2
72 2
12 4
72 2
12 6
12 4
72 4
12 2
72 2
7 4
10 2
72 2
12 4
72 2
12 6
12 4
72 4
12 2
72 2
7 4
10 2
72 2
12 4
72 2
12 6
12 4
72 4
12 2
72 2
7 4
10 2
72 13
8 2
72 2
8 2
72 6
3 7
8 2
72 2
12 6
72 2
8 2
72 2
8 2
72 6
12 7
8 2
72 2
3 6
72 2
10 2
72 2
10 2
72 6
5 7
10 2
72 2
14 2
72 2
12 2
72 2
7 2
72 2
10 2
72 6
2 7
7 2
72 2
10 6
72 2
8 2
72 2
8 2
72 6
3 7
8 2
72 2
12 6
72 2
8 2
72 2
8 2
72 6
12 7
8 2
72 2
3 6
72 2
10 2
72 2
10 2
72 6
5 7
10 2
72 2
7 2
72 2
10 2
72 2
7 2
72 2
12 2
72 6
3 7
12 2
72 2
10 6
72 2
12 2
72 2
12 2
72 6
0 7
12 2
72 2
10 6
72 2
12 2
72 2
12 2
72 6
3 7
12 2
72 2
10 6
72 2
8 2
72 2
8 2
72 6
3 7
8 2
72 2
12 2
72 2
10 2
72 2
8 2
72 2
10 2
72 6
10 7
5 2
72 2
8 6
72 2
12 2
72 2
12 2
72 6
0 7
12 2
72 2
10 6
72 2
12 2
72 2
12 2
72 6
3 7
12 2
72 2
10 6
72 2
8 2
72 2
8 2
72 6
3 7
8 2
72 2
12 2
72 2
10 2
72 2
8 2
72 2
10 2
72 6
10 7
5 2
72 2
8 6
72 2
12 2
72 2
12 2
72 6
0 7
12 2
72 2
10 6
72 2
12 2
72 2
12 2
72 6
3 7
12 2
72 2
10 6
72 2
8 2
72 2
8 2
72 6
3 7
8 2
72 2
12 2
72 2
10 2
72 2
8 2
72 2
10 2
72 6
10 7
5 2
72 2
8 6
72 2
12 2
72 2
12 2
72 6
0 7
12 2
72 2
10 6
72 2
12 2
72 2
12 2
72 6
3 7
12 2
72 2
10 6
72 2
8 2
72 2
8 2
72 6
3 7
8 2
72 2
12 2
72 2
10 2
72 2
8 2
72 2
10 2
72 6
10 7
5 2
72 2
8 6
72 2
12 4
72 2
12 6
12 4
72 4
12 2
72 2
7 4
10 2
72 2
12 4
72 2
12 6
12 4
72 4
12 2
72 2
7 4
10 2
72 2
12 4
72 2
12 6
12 4
72 4
12 2
72 2
7 4
10 2
72 2
12 4
72 2
12 6
12 4
72 4
12 2
72 2
7 4
10 2
72 2
12 4
72 2
12 6
12 4
72 4
12 2
72 2
7 4
10 2
72 2
12 4
72 2
12 6
12 4
72 4
12 2
72 2
7 4
10 2
72 2
12 4
72 2
12 6
12 4
72 4
12 2
72 2
7 4
10 2
72 2
12 4
72 2
12 6
12 4
72 4
12 2
72 2
7 4
10 2
72 2
12 2
72 2
12 2
72 6
0 7
12 2
72 2
10 6
72 2
12 2
72 2
12 2
72 6
3 7
12 2
72 2
10 6
72 2
8 2
72 2
8 2
72 6
3 7
8 2
72 2
12 2
72 2
10 2
72 2
8 2
72 2
10 2
72 6
10 7
5 2
72 2
8 6
72 2
12 2
72 2
12 2
72 6
0 7
12 2
72 2
10 6
72 2
12 2
72 2
12 2
72 6
3 7
12 2
72 2
10 6
72 2
8 2
72 2
8 2
72 6
3 7
8 2
72 2
12 2
72 2
10 2
72 2
8 2
72 2
10 2
72 6
10 7
5 2
72 2
8 6
72 2
8 2
72 2
8 2
72 6
3 7
8 2
72 2
12 6
72 2
8 2
72 2
8 2
72 6
12 7
8 2
72 2
3 6
72 2
10 2
72 2
10 2
72 6
5 7
10 2
72 2
14 2
72 2
12 2
72 2
7 2
72 2
10 2
72 6
2 7
7 2
72 2
10 6
72 2
8 2
72 2
8 2
72 6
3 7
8 2
72 2
12 6
72 2
8 2
72 2
8 2
72 6
12 7
8 2
72 2
3 6
72 2
10 2
72 2
10 2
72 6
5 7
10 2
72 2
7 2
72 2
10 2
72 13
8 2
72 2
8 2
72 6
3 7
8 2
72 2
12 6
72 2
8 2
72 2
8 2
72 6
12 7
8 2
72 2
3 6
72 2
10 2
72 2
10 2
72 6
5 7
10 2
72 2
14 2
72 2
12 2
72 2
7 2
72 2
10 2
72 6
2 7
7 2
72 2
10 6
72 2
8 2
72 2
8 2
72 6
3 7
8 2
72 2
12 6
72 2
8 2
72 2
8 2
72 6
12 7
8 2
72 2
3 6
72 2
10 2
72 2
10 2
72 6
5 7
10 2
72 2
7 2
72 2
10 2
72 2
7 2
72 2
12 2
72 6
3 7
12 2
72 2
10 6
72 2
12 4
72 2
12 6
12 4
72 4
12 2
72 2
7 4
10 2
72 2
12 4
72 2
12 6
12 4
72 4
12 2
72 2
7 4
10 2
72 2
12 4
72 2
12 6
12 4
72 4
12 2
72 2
7 4
10 2
72 2
12 4
72 2
12 6
12 4
72 4
12 2
72 2
7 4
10 2
72 2
12 4
72 2
12 6
12 4
72 4
12 2
72 2
7 4
10 2
72 2
12 4
72 2
12 6
12 4
72 4
12 2
72 2
7 4
10 2
72 2
12 4
72 2
12 6
12 4
72 4
12 2
72 2
7 4
10 2
72 2
12 4
72 2
12 6
12 4
72 4
12 2
72 2
7 4
10 2
72 2
12 2
72 2
12 2
72 6
0 7
12 2
72 2
10 6
72 2
12 2
72 2
12 2
72 6
3 7
12 2
72 2
10 6
72 2
8 2
72 2
8 2
72 6
3 7
8 2
72 2
12 2
72 2
10 2
72 2
8 2
72 2
10 2
72 6
10 7
5 2
72 2
8 6
72 2
12 2
72 2
12 2
72 6
0 7
12 2
72 2
10 6
72 2
12 2
72 2
12 2
72 6
3 7
12 2
72 2
10 6
72 2
8 2
72 2
8 2
72 6
3 7
8 2
72 2
12 2
72 2
10 2
72 2
8 2
72 2
10 2
72 6
10 7
5 2
72 2
8 6
72 2
12 2
72 2
12 2
E
S
H
101 12
72 11
101 12
72 11
101 12
72 11
101 12
72 11
101 12
72 11
101 12
72 11
101 12
72 11
101 12
72 11
101 12
72 11
101 12
72 14
101 12
72 11
101 12
72 11
101 12
72 11
101 12
72 11
101 12
72 11
101 12
72 11
101 12
72 11
101 12
72 11
101 12
72 11
101 12
E
S
L
147 2
658 2
226 2
658 2
658 2
658 2
658 2
658 2
147 0
147 0
147 0
17 2
658 2
658 2
147 0
17 2
147 2
658 2
226 2
658 2
658 2
658 2
658 2
658 2
147 0
147 0
147 0
17 2
658 2
658 2
147 0
17 2
147 2
658 2
226 2
658 2
658 2
658 2
658 2
658 2
147 0
147 0
147 0
17 2
658 2
658 2
147 0
17 2
147 2
658 2
226 2
658 2
658 2
658 2
658 2
658 2
147 0
147 0
147 0
17 2
658 2
147 2
658 2
147 0
17 2
226 2
147 2
658 2
226 2
658 2
658 2
658 2
658 2
658 2
147 0
147 0
147 0
17 2
658 2
658 2
147 0
17 2
147 2
658 2
226 2
658 2
658 2
658 2
658 2
658 2
147 0
147 0
147 0
17 2
658 2
658 2
147 0
17 2
147 2
658 2
226 2
658 2
658 2
658 2
658 2
658 2
147 0
147 0
147 0
17 2
658 2
658 2
147 0
17 2
147 2
658 2
226 2
658 2
658 2
658 2
658 2
658 2
147 0
147 0
147 0
17 2
658 2
658 2
147 0
17 2
147 2
658 2
226 2
658 2
658 2
658 2
658 2
658 2
147 0
147 0
147 0
17 2
658 2
658 2
147 0
17 2
147 2
658 2
226 2
658 2
658 2
658 2
658 2
658 2
147 0
147 0
147 0
17 2
658 2
658 2
147 0
17 2
226 2
147 2
658 2
226 2
658 2
658 2
658 2
658 2
658 2
147 0
147 0
147 0
17 2
658 2
658 2
147 0
17 2
147 2
658 2
226 2
658 2
658 2
658 2
658 2
658 2
147 0
147 0
147 0
17 2
658 2
658 2
147 0
17 2
147 2
658 2
226 2
658 2
658 2
658 2
658 2
658 2
147 0
147 0
147 0
17 2
658 2
147 2
658 2
147 0
17 2
226 2
147 2
658 2
226 2
658 2
658 2
658 2
658 2
658 2
147 0
147 0
147 0
17 2
658 2
658 2
147 0
17 2
147 2
658 2
226 2
658 2
658 2
658 2
658 2
658 2
147 0
147 0
147 0
17 2
658 2
147 2
658 2
147 0
17 2
226 2
147 2
658 2
226 2
658 2
658 2
658 2
658 2
658 2
147 0
147 0
147 0
17 2
658 2
658 2
147 0
17 2
147 2
658 2
226 2
658 2
658 2
658 2
658 2
658 2
147 0
147 0
147 0
17 2
658 2
658 2
147 0
17 2
147 2
658 2
226 2
658 2
658 2
658 2
658 2
658 2
147 0
147 0
147 0
17 2
658 2
658 2
147 0
17 2
147 2
658 2
226 2
658 2
658 2
658 2
658 2
658 2
147 0
147 0
147 0
17 2
658 2
658 2
147 0
17 2
147 2
658 2
226 2
658 2
658 2
658 2
658 2
658 2
147 0
147 0
147 0
17 2
658 2
147 2
658 2
147 0
17 2
226 2
E
S
H
72 14
46 2
48 2
50 2
51 2
48 2
72 13
55 2
72 10
53 2
72 6
51 2
72 10
46 2
72 13
46 2
48 2
50 2
51 2
48 2
72 13
55 2
72 10
53 2
72 6
51 2
72 10
46 2
72 13
46 2
48 2
50 2
51 2
48 2
72 13
55 2
72 10
53 2
72 6
51 2
72 10
46 2
72 13
46 2
48 2
50 2
51 2
48 2
72 13
55 2
72 10
53 2
72 6
51 2
72 10
46 2
72 14
51 2
72 10
48 2
72 6
44 2
72 13
48 2
72 10
46 2
72 6
43 2
72 13
51 2
72 10
50 2
72 6
48 2
72 14
55 2
72 2
55 2
72 2
53 2
72 2
51 2
72 2
46 2
72 13
55 2
72 2
55 2
72 2
53 2
72 2
51 2
72 2
48 2
72 13
51 2
72 2
51 2
72 2
50 2
72 2
46 2
72 2
48 2
72 13
48 13
60 13
72 14
55 4
72 7
51 4
72 4
48 4
72 11
53 4
72 4
60 4
72 14
55 4
72 7
51 4
72 4
48 4
72 11
53 4
72 4
60 4
72 14
46 2
48 2
50 2
51 2
48 2
72 13
55 2
72 10
53 2
72 6
51 2
72 10
46 2
72 13
46 2
48 2
50 2
51 2
48 2
72 13
55 2
72 10
53 2
72 6
51 2
72 10
46 2
72 14
55 2
72 2
55 2
72 2
53 2
72 2
51 2
72 2
46 2
72 13
55 2
72 2
55 2
72 2
53 2
72 2
51 2
72 2
48 2
72 13
51 2
72 2
51 2
72 2
50 2
72 2
46 2
72 2
48 2
72 13
48 13
60 13
72 13
55 2
72 2
55 2
72 2
53 2
72 2
51 2
72 2
46 2
72 13
55 2
72 2
55 2
72 2
53 2
72 2
51 2
72 2
48 2
72 13
51 2
72 2
51 2
72 2
50 2
72 2
46 2
72 2
48 2
72 13
48 13
60 13
E
S
H
72 14
48 9
46 4
48 4
50 4
51 13
51 14
72 14
51 7
51 7
51 7
51 7
55 4
55 7
53 4
51 11
55 7
55 7
51 7
48 7
48 4
50 4
72 4
43 4
46 11
51 7
51 7
51 7
51 7
55 4
55 7
53 2
72 2
51 4
53 2
72 2
50 4
46 4
51 7
55 7
53 6
72 2
50 4
48 12
72 8
51 7
51 7
51 7
51 7
55 4
55 7
53 4
51 11
55 7
55 7
51 7
48 7
48 4
50 4
72 4
43 4
46 11
51 7
51 7
51 7
51 7
55 4
55 7
53 2
72 2
51 4
53 2
72 2
50 4
46 4
51 7
55 7
53 6
72 2
50 4
48 12
72 14
48 9
50 4
51 4
46 4
44 13
48 14
72 14
51 7
51 7
51 7
51 7
55 4
55 7
53 4
51 11
55 7
55 7
51 7
48 7
48 4
50 4
72 4
43 4
46 11
51 7
51 7
51 7
51 7
55 4
55 7
53 2
72 2
51 4
53 2
72 2
50 4
46 4
51 7
55 7
53 6
72 2
50 4
48 12
72 10
51 7
51 7
51 7
51 7
55 4
55 7
53 4
51 11
55 7
55 7
51 7
48 7
48 4
50 4
72 4
43 4
46 11
51 7
51 7
51 7
51 7
55 4
55 7
53 2
72 2
51 4
53 2
72 2
50 4
46 4
51 7
55 7
53 6
72 2
50 4
48 12
E
S
L
72 14
148 2
72 13
148 2
72 13
148 2
72 13
148 2
72 13
148 2
72 13
148 2
72 13
148 2
72 13
148 2
72 13
148 2
72 13
148 2
72 13
148 2
72 13
148 2
72 13
148 2
72 13
148 2
72 13
148 2
72 13
148 2
72 13
148 2
72 13
148 2
72 13
148 2
72 13
148 2
72 13
148 2
72 13
148 2
72 13
148 2
72 13
148 2
72 13
148 2
72 13
148 2
72 13
148 2
72 13
148 2
72 13
148 2
72 13
148 2
72 13
148 2
72 13
148 2
72 13
148 2
72 13
148 2
72 13
148 2
72 13
148 2
72 13
148 2
72 13
148 2
72 13
148 2
72 13
148 2
72 13
148 2
72 13
148 2
72 13
148 2
72 13
148 2
72 13
148 2
72 13
148 2
72 14
148 2
72 13
148 2
72 13
148 2
72 13
148 2
72 13
148 2
72 13
148 2
72 13
148 2
72 13
148 2
72 14
148 2
72 13
148 2
72 13
148 2
72 13
148 2
72 13
148 2
72 13
148 2
72 13
148 2
72 13
148 2
72 13
148 2
72 13
148 2
72 13
148 2
72 13
148 2
72 13
148 2
72 13
148 2
72 14
148 2
72 13
148 2
72 13
148 2
72 13
148 2
72 13
148 2
72 13
148 2
72 13
148 2
72 13
148 2
72 13
148 2
72 13
148 2
72 13
148 2
72 13
148 2
72 13
148 2
72 13
148 2
72 13
148 2
72 13
148 2
72 13
148 2
72 13
148 2
72 13
148 2
72 13
148 2
72 13
148 2
72 13
148 2
72 13
148 2
72 13
148 2
72 13
148 2
72 13
148 2
72 13
148 2
72 13
148 2
72 13
148 2
72 13
148 2
E
X
