minor
S
L
72 8
72 12
317 2
72 2
18 2
72 2
175 2
72 2
18 2
72 2
18 2
72 2
173 2
72 2
175 2
72 2
22 2
72 2
173 2
72 2
18 2
72 2
175 2
72 2
18 2
72 2
173 2
72 2
173 2
72 2
175 2
72 2
22 2
72 2
173 2
72 2
18 2
72 2
175 2
72 2
18 2
72 2
18 2
72 2
173 2
72 2
175 2
72 2
22 2
72 2
173 2
72 2
18 2
72 2
175 2
72 2
18 2
72 2
173 2
72 2
175 2
72 2
175 2
72 2
22 2
72 2
317 2
72 2
18 2
72 2
175 2
72 2
18 2
72 2
18 2
72 2
173 2
72 2
175 2
72 2
22 2
72 2
173 2
72 2
18 2
72 2
175 2
72 2
18 2
72 2
18 2
72 2
173 2
72 2
175 2
72 2
22 2
72 2
173 2
72 2
18 2
72 2
175 2
72 2
18 2
72 2
173 2
72 2
173 2
72 2
175 2
72 2
22 2
72 2
173 2
72 2
18 2
72 2
175 2
72 2
18 2
72 2
173 2
72 2
175 2
72 2
175 2
72 2
22 2
72 2
317 2
72 2
18 2
72 2
175 2
72 2
18 2
72 2
18 2
72 2
173 2
72 2
175 2
72 2
22 2
72 2
317 2
72 2
18 2
72 2
175 2
72 2
18 2
72 2
317 2
72 2
18 2
72 2
175 2
72 2
18 2
72 2
317 2
72 2
18 2
72 2
175 2
72 2
18 2
72 2
317 2
72 2
319 2
72 2
319 2
72 2
319 2
72 2
317 2
72 2
18 2
72 2
175 2
72 2
18 2
72 2
18 2
72 2
173 2
72 2
175 2
72 2
22 2
72 2
317 2
72 2
18 2
72 2
175 2
72 2
18 2
72 2
18 2
72 2
173 2
72 2
175 2
72 2
22 2
72 2
317 2
72 2
18 2
72 2
175 2
72 2
18 2
72 2
18 2
72 2
173 2
72 2
175 2
72 2
22 2
72 2
317 2
72 2
18 2
72 2
175 2
72 2
18 2
72 2
173 2
72 2
173 2
72 2
319 2
72 2
317 2
72 2
317 2
72 2
18 2
72 2
175 2
72 2
18 2
72 2
18 2
72 2
173 2
72 2
175 2
72 2
22 2
72 2
317 2
72 2
18 2
72 2
175 2
72 2
18 2
72 2
18 2
72 2
173 2
72 2
175 2
72 2
22 2
72 2
317 2
72 2
18 2
72 2
175 2
72 2
18 2
72 2
173 2
72 2
173 2
72 2
175 2
72 2
22 2
72 2
317 2
72 2
18 2
72 2
175 2
72 2
18 2
72 2
317 2
72 2
175 2
72 2
319 2
72 2
371 2
E
S
H
72 7
72 12
26 4
38 7
34 4
33 4
31 4
33 4
34 4
27 11
27 4
29 4
31 4
33 9
33 4
34 7
36 7
38 7
36 4
34 4
38 4
39 4
40 4
42 4
26 4
38 7
34 4
33 4
31 4
33 4
34 4
39 4
34 4
43 12
41 4
36 7
34 4
33 4
36 4
41 4
45 4
46 4
45 4
46 9
43 4
45 4
46 4
43 4
42 4
43 9
39 4
41 4
43 4
39 7
38 6
43 2
43 7
42 6
46 2
46 11
45 11
46 2
48 2
50 11
46 4
48 4
50 4
49 4
46 4
45 12
43 4
42 4
38 4
36 4
38 4
42 4
45 4
46 4
45 4
43 4
38 4
34 4
38 4
33 4
38 4
46 2
48 2
50 11
43 4
46 4
50 4
49 4
49 4
46 4
45 12
43 4
42 4
38 4
36 4
38 4
42 4
45 4
46 4
45 4
43 4
43 12
E
S
H
72 7
72 12
26 4
38 7
34 4
33 4
31 4
33 4
34 4
27 11
27 4
29 4
31 4
33 9
33 4
34 7
36 7
38 7
36 4
34 4
38 4
39 4
40 4
42 4
26 4
38 7
34 4
33 4
31 4
33 4
34 4
39 4
34 4
43 12
41 4
36 7
34 4
33 4
36 4
41 4
45 4
46 4
45 4
46 9
43 4
45 4
46 4
43 4
42 4
43 9
39 4
41 4
43 4
39 7
38 6
43 2
43 7
42 6
46 2
46 11
45 11
46 2
48 2
50 11
46 4
48 4
50 4
49 4
46 4
45 12
43 4
42 4
38 4
36 4
38 4
42 4
45 4
46 4
45 4
43 4
38 4
34 4
38 4
33 4
38 4
46 2
48 2
50 11
43 4
46 4
50 4
49 4
49 4
46 4
45 12
43 4
42 4
38 4
36 4
38 4
42 4
45 4
46 4
45 4
43 4
43 12
E
S
L
72 7
72 12
19 4
19 4
19 4
19 4
19 4
19 4
19 4
19 4
15 4
15 4
15 4
15 4
15 4
15 4
15 4
15 4
12 4
12 4
12 4
12 4
12 4
12 4
12 4
12 4
14 4
14 4
14 4
14 4
14 4
14 4
14 4
14 4
19 4
19 4
19 4
19 4
19 4
19 4
19 4
19 4
15 4
15 4
15 4
15 4
15 4
15 4
15 4
15 4
17 4
17 4
17 4
17 4
17 4
17 4
17 4
17 4
7 4
7 4
19 4
19 4
19 4
19 4
19 4
19 4
14 4
14 4
15 4
15 4
15 4
15 4
15 4
15 4
10 4
10 4
12 4
12 4
12 4
14 4
14 4
14 4
15 4
15 4
15 4
15 4
14 4
14 4
14 4
14 4
19 4
19 4
19 4
19 4
19 4
19 4
19 4
19 4
15 4
15 4
15 4
15 4
15 4
15 4
15 4
15 4
14 4
14 4
14 4
14 4
14 4
14 4
14 4
14 4
19 4
19 4
19 4
19 4
19 4
19 4
7 4
7 4
19 4
19 4
19 4
19 4
19 4
19 4
19 4
15 4
15 4
15 4
15 4
15 4
15 4
15 4
15 4
15 4
14 4
14 4
14 4
14 4
14 4
14 4
14 4
14 4
19 4
19 4
19 4
19 4
19 4
19 4
19 4
19 4
E
S
H
72 8
72 12
26 4
38 7
34 4
33 4
31 4
33 4
34 4
27 11
27 4
29 4
31 4
33 9
33 4
34 7
36 7
38 7
36 4
34 4
38 4
39 4
40 4
42 4
26 4
38 7
34 4
33 4
31 4
33 4
34 4
39 4
34 4
43 12
41 4
36 7
34 4
33 4
36 4
41 4
45 4
46 4
45 4
46 9
43 4
45 4
46 4
43 4
42 4
43 9
39 4
41 4
43 4
39 7
38 6
43 2
43 7
42 6
46 2
46 11
45 11
46 2
48 2
50 11
46 4
48 4
50 4
49 4
46 4
45 12
43 4
42 4
38 4
36 4
38 4
42 4
45 4
46 4
45 4
43 4
38 4
34 4
38 4
33 4
38 4
46 2
48 2
50 11
43 4
46 4
50 4
49 4
49 4
46 4
45 12
43 4
42 4
38 4
36 4
38 4
42 4
45 4
46 4
45 4
43 4
43 12
E
X
