major
S
L
72 12
17 2
17 6
72 4
17 2
17 4
17 2
17 13
72 14
17 13
28 6
28 6
72 11
24 6
72 8
24 2
17 13
28 6
28 6
72 11
23 6
72 8
23 2
17 13
28 6
28 6
72 11
24 6
72 8
24 2
17 13
28 6
28 6
72 11
24 6
72 14
28 6
28 6
72 11
24 6
72 8
24 2
17 13
72 11
28 6
28 6
72 11
24 6
72 8
24 2
17 13
72 11
28 6
28 6
72 11
24 6
72 8
24 2
17 13
72 11
28 6
28 6
72 11
24 6
72 9
17 13
72 11
28 6
28 6
72 11
24 6
72 8
24 2
17 13
72 11
28 6
28 6
72 11
24 6
72 14
17 13
72 11
28 6
28 6
72 11
24 6
72 8
24 2
17 13
72 11
28 6
28 6
72 11
24 6
72 8
24 2
17 13
72 11
28 6
28 6
72 11
24 6
72 8
24 2
17 13
72 11
28 6
28 6
72 11
24 6
72 14
17 13
28 6
28 6
72 11
24 6
72 8
24 2
17 13
28 6
28 6
72 11
23 6
72 8
23 2
17 13
28 6
28 6
72 11
24 6
72 8
24 2
17 13
28 6
28 6
72 11
24 6
72 14
28 6
28 6
72 11
24 6
72 8
24 2
17 13
72 11
28 6
28 6
72 11
24 6
72 8
24 2
17 13
72 11
28 6
28 6
72 11
24 6
72 8
24 2
17 13
72 11
28 6
28 6
72 11
24 6
72 9
17 13
72 11
28 6
28 6
72 11
24 6
72 8
24 2
17 13
72 11
28 6
28 6
72 11
24 6
72 14
17 13
72 11
28 6
28 6
72 11
24 6
72 8
24 2
17 13
72 11
28 6
28 6
72 11
24 6
72 8
24 2
17 13
72 11
28 6
28 6
72 11
24 6
72 8
24 2
17 13
72 11
28 6
28 6
72 11
24 6
E
S
H
72 13
101 2
101 4
101 2
101 13
72 13
101 13
72 13
101 13
72 14
166 13
72 13
166 13
72 13
101 13
72 13
101 13
72 13
101 13
72 14
166 13
72 13
166 13
72 13
101 13
72 13
101 13
E
S
H
72 13
101 2
101 4
101 2
101 13
72 13
101 13
72 13
101 13
72 14
166 13
72 13
166 13
72 13
101 13
72 13
101 13
72 13
101 13
72 14
166 13
72 13
166 13
72 13
101 13
72 13
101 13
E
S
H
72 14
48 6
52 6
53 6
72 4
48 0
53 0
72 2
57 6
53 6
50 6
48 6
72 13
48 6
52 6
53 6
72 4
48 0
53 0
72 2
57 6
53 6
50 6
48 6
72 14
48 2
52 6
161 6
213 6
226 6
72 4
48 0
53 0
72 2
57 6
53 6
50 6
48 6
72 13
161 6
213 6
226 6
72 4
48 0
53 0
72 2
57 6
53 6
50 6
48 6
72 13
53 6
57 6
58 6
72 4
53 0
58 0
72 2
62 6
58 6
55 6
53 6
72 13
53 6
57 6
58 6
72 4
53 0
58 0
72 2
62 6
58 6
55 6
53 6
72 14
65 2
65 4
65 2
65 13
72 4
53 6
41 2
53 6
41 4
53 6
41 2
53 6
41 4
53 6
41 2
53 13
72 4
53 6
41 2
53 6
41 4
57 6
41 2
53 6
41 4
58 6
41 2
60 4
53 6
48 2
53 13
72 14
48 6
52 6
53 6
72 4
48 0
53 0
72 2
57 6
53 6
50 6
48 6
72 13
48 6
52 6
53 6
72 4
48 0
53 0
72 2
57 6
53 6
50 6
48 6
72 14
48 2
52 6
161 6
213 6
226 6
72 4
48 0
53 0
72 2
57 6
53 6
50 6
48 6
72 13
161 6
213 6
226 6
72 4
48 0
53 0
72 2
57 6
53 6
50 6
48 6
72 13
53 6
57 6
58 6
72 4
53 0
58 0
72 2
62 6
58 6
55 6
53 6
72 13
53 6
57 6
58 6
72 4
53 0
58 0
72 2
62 6
58 6
55 6
53 6
72 14
65 2
65 4
65 2
65 13
72 4
53 6
41 2
53 6
41 4
53 6
41 2
53 6
41 4
53 6
41 2
53 13
72 4
53 6
41 2
53 6
41 4
57 6
41 2
53 6
41 4
58 6
41 2
60 4
53 6
48 2
53 13
E
S
H
72 13
684 11
214 13
528 11
855 13
684 11
214 13
528 11
855 13
684 11
214 13
528 11
855 13
684 11
214 13
528 11
855 13
72 14
1169 13
855 13
1457 14
1169 13
855 13
1457 14
1457 11
855 13
1157 11
1628 13
1457 11
855 13
1157 11
1628 13
1457 11
855 13
1157 11
1628 13
1457 11
855 13
1157 11
1628 13
72 14
1457 11
855 13
1157 11
1628 13
1457 11
855 13
1157 11
1628 13
684 11
214 13
528 11
855 13
684 11
214 13
528 11
855 13
684 11
214 13
528 11
855 13
684 11
214 13
528 11
855 13
72 14
1169 13
855 13
1457 14
1169 13
855 13
1457 14
1457 11
855 13
1157 11
1628 13
1457 11
855 13
1157 11
1628 13
1457 11
855 13
1157 11
1628 13
1457 11
855 13
1157 11
1628 13
72 14
1457 11
855 13
1157 11
1628 13
1457 11
855 13
1157 11
1628 13
684 11
214 13
528 11
855 13
684 11
214 13
528 11
855 13
E
S
L
72 13
684 11
214 13
528 11
855 13
684 11
214 13
528 11
855 13
684 11
214 13
528 11
855 13
684 11
214 13
528 11
855 13
830 13
660 12
841 12
855 13
841 12
684 12
830 13
660 12
841 12
855 13
841 12
684 12
72 14
1169 13
855 13
1457 14
1169 13
855 13
1457 14
1457 11
855 13
1157 11
1628 13
1457 11
855 13
1157 11
1628 13
1457 11
855 13
1157 11
1628 13
1457 11
855 13
1157 11
1628 13
830 13
660 12
841 12
855 13
841 12
684 12
830 13
660 12
841 12
855 13
841 12
684 12
1457 11
855 13
1157 11
1628 13
1457 11
855 13
1157 11
1628 13
684 11
214 13
528 11
855 13
684 11
214 13
528 11
855 13
684 11
214 13
528 11
855 13
684 11
214 13
528 11
855 13
830 13
660 12
841 12
855 13
841 12
684 12
830 13
660 12
841 12
855 13
841 12
684 12
72 14
1169 13
855 13
1457 14
1169 13
855 13
1457 14
1457 11
855 13
1157 11
1628 13
1457 11
855 13
1157 11
1628 13
1457 11
855 13
1157 11
1628 13
1457 11
855 13
1157 11
1628 13
830 13
660 12
841 12
855 13
841 12
684 12
830 13
660 12
841 12
855 13
841 12
684 12
1457 11
855 13
1157 11
1628 13
1457 11
855 13
1157 11
1628 13
684 11
214 13
528 11
855 13
684 11
214 13
528 11
855 13
E
S
L
72 13
7 2
10 4
11 2
0 6
5 6
7 6
5 6
7 6
5 6
72 14
0 6
5 6
7 6
5 6
7 6
5 6
72 14
0 6
5 6
7 6
5 6
7 6
5 6
72 14
0 6
5 6
7 6
5 6
7 6
5 6
72 14
5 13
3 12
1 12
10 13
72 14
5 13
3 12
1 12
10 13
72 14
0 2
5 6
0 6
3 6
5 6
0 6
3 6
5 6
3 6
5 6
0 6
3 6
5 6
0 6
3 6
5 6
3 6
5 6
0 6
3 6
5 6
0 6
3 6
5 6
3 6
5 6
0 6
3 6
5 6
0 6
3 6
5 6
3 6
5 6
0 6
3 6
5 6
0 6
3 6
5 6
3 6
5 6
0 6
3 6
5 6
0 6
3 6
5 6
3 6
5 6
0 6
3 6
5 6
0 6
3 6
5 6
3 6
5 6
0 6
3 6
5 6
0 6
3 6
5 6
3 6
5 6
0 6
3 6
5 6
0 6
3 6
5 6
3 6
5 6
0 6
3 6
5 6
0 6
3 6
5 6
3 6
5 6
0 6
3 6
5 6
0 6
3 6
5 6
3 6
5 6
0 6
3 6
5 6
0 6
3 6
5 6
3 6
5 6
10 6
12 6
10 6
12 6
10 6
7 6
5 6
12 4
12 2
7 6
10 6
3 6
7 6
10 6
12 6
15 6
5 6
10 6
12 6
72 4
10 2
12 6
10 6
7 6
5 6
12 6
15 6
17 6
12 6
72 4
7 2
10 6
12 6
3 6
5 6
10 6
12 6
10 6
12 6
10 6
7 6
5 6
12 4
12 2
7 6
10 6
3 6
7 6
10 6
12 6
15 6
5 6
10 6
12 6
72 4
10 2
12 6
10 6
7 6
5 6
12 6
15 6
17 6
12 6
72 4
7 2
10 6
12 6
3 6
5 13
3 12
1 12
10 13
72 14
5 13
3 12
1 12
10 13
72 13
0 6
3 6
4 6
5 6
10 6
12 6
10 6
12 6
10 6
72 14
3 2
5 6
10 6
12 6
72 4
10 2
12 6
10 6
72 14
0 6
5 6
7 6
5 6
7 6
5 6
72 14
10 2
0 6
5 6
7 6
5 6
7 6
5 6
72 14
0 6
5 6
7 6
5 6
7 6
5 6
72 14
0 6
5 6
7 6
5 6
7 6
5 6
72 14
5 13
3 12
1 12
10 13
72 14
5 13
3 12
1 12
10 13
72 14
0 2
5 6
0 6
3 6
5 6
0 6
3 6
5 6
3 6
5 6
0 6
3 6
5 6
0 6
3 6
5 6
3 6
5 6
0 6
3 6
5 6
0 6
3 6
5 6
3 6
5 6
0 6
3 6
5 6
0 6
3 6
5 6
3 6
5 6
0 6
3 6
5 6
0 6
3 6
5 6
3 6
5 6
0 6
3 6
5 6
0 6
3 6
5 6
3 6
5 6
0 6
3 6
5 6
0 6
3 6
5 6
3 6
5 6
0 6
3 6
5 6
0 6
3 6
5 6
3 6
5 6
0 6
3 6
5 6
0 6
3 6
5 6
3 6
5 6
0 6
3 6
5 6
0 6
3 6
5 6
3 6
5 6
0 6
3 6
5 6
0 6
3 6
5 6
3 6
5 6
0 6
3 6
5 6
0 6
3 6
5 6
3 6
5 6
10 6
12 6
10 6
12 6
10 6
7 6
5 6
12 4
12 2
7 6
10 6
3 6
7 6
10 6
12 6
15 6
5 6
10 6
12 6
72 4
10 2
12 6
10 6
7 6
5 6
12 6
15 6
17 6
12 6
72 4
7 2
10 6
12 6
3 6
5 6
10 6
12 6
10 6
12 6
10 6
7 6
5 6
12 4
12 2
7 6
10 6
3 6
7 6
10 6
12 6
15 6
5 6
10 6
12 6
72 4
10 2
12 6
10 6
7 6
5 6
12 6
15 6
17 6
12 6
72 4
7 2
10 6
12 6
3 6
5 13
3 12
1 12
10 13
72 14
5 13
3 12
1 12
10 13
72 13
0 6
3 6
4 6
5 6
10 6
12 6
10 6
12 6
10 6
72 14
3 2
5 6
10 6
12 6
72 4
10 2
12 6
10 6
72 14
0 6
5 6
7 6
5 6
7 6
5 6
72 14
10 2
0 6
5 6
7 6
5 6
7 6
5 6
E
S
H
72 14
36 4
36 2
39 4
39 2
41 4
36 2
39 11
43 2
45 4
45 2
39 4
39 2
41 13
72 10
22 2
24 4
24 2
22 6
22 6
72 13
25 11
72 6
22 2
24 4
24 2
24 9
17 4
72 2
36 4
36 2
39 4
39 2
41 4
36 2
39 11
43 2
45 4
45 2
39 4
39 2
41 13
72 10
22 2
24 4
24 2
22 6
22 6
72 13
25 11
72 6
22 2
24 4
24 2
24 9
17 4
72 14
36 6
36 2
36 2
36 2
36 2
36 2
36 2
38 2
38 2
38 2
34 2
34 2
34 2
34 7
72 8
34 6
34 2
34 2
34 2
34 2
34 2
34 2
36 2
36 2
36 2
72 4
29 2
29 13
72 14
36 6
36 2
36 2
36 2
36 2
36 2
36 2
38 2
38 2
38 2
34 2
34 2
34 2
34 7
72 8
34 6
34 2
34 2
34 2
34 2
34 2
34 2
36 2
36 2
36 2
72 4
29 2
29 13
72 14
36 4
36 2
39 4
39 2
41 4
36 2
39 11
43 2
45 4
45 2
39 4
39 2
41 13
72 10
22 2
24 4
24 2
22 6
22 6
72 13
25 11
72 6
22 2
24 4
24 2
24 9
17 4
72 2
36 4
36 2
39 4
39 2
41 4
36 2
39 11
43 2
45 4
45 2
39 4
39 2
41 13
72 10
22 2
24 4
24 2
22 6
22 6
72 13
25 11
72 6
22 2
24 4
24 2
24 9
17 4
72 14
36 4
36 2
39 4
39 2
41 4
36 2
39 11
43 2
45 4
45 2
39 4
39 2
41 13
72 10
22 2
24 4
24 2
22 6
22 6
72 13
25 11
72 6
22 2
24 4
24 2
24 9
17 4
72 2
36 4
36 2
39 4
39 2
41 4
36 2
39 11
43 2
45 4
45 2
39 4
39 2
41 13
72 10
22 2
24 4
24 2
22 6
22 6
72 13
25 11
72 6
22 2
24 4
24 2
24 9
17 4
72 14
36 6
36 2
36 2
36 2
36 2
36 2
36 2
38 2
38 2
38 2
34 2
34 2
34 2
34 7
72 8
34 6
34 2
34 2
34 2
34 2
34 2
34 2
36 2
36 2
36 2
72 4
29 2
29 13
72 14
36 6
36 2
36 2
36 2
36 2
36 2
36 2
38 2
38 2
38 2
34 2
34 2
34 2
34 7
72 8
34 6
34 2
34 2
34 2
34 2
34 2
34 2
36 2
36 2
36 2
72 4
29 2
29 13
72 14
36 4
36 2
39 4
39 2
41 4
36 2
39 11
43 2
45 4
45 2
39 4
39 2
41 13
72 10
22 2
24 4
24 2
22 6
22 6
72 13
25 11
72 6
22 2
24 4
24 2
24 9
17 4
72 2
36 4
36 2
39 4
39 2
41 4
36 2
39 11
43 2
45 4
45 2
39 4
39 2
41 13
72 10
22 2
24 4
24 2
22 6
22 6
72 13
25 11
72 6
22 2
24 4
24 2
24 9
17 4
E
S
H
72 14
166 2
166 4
166 2
166 13
72 4
166 6
166 2
166 6
166 4
166 6
166 2
166 6
166 4
166 6
166 2
166 13
72 4
166 6
166 2
166 6
166 4
218 6
166 2
166 6
166 4
231 6
166 2
101 4
166 6
101 2
166 13
72 14
166 2
166 4
166 2
166 13
72 4
166 6
166 2
166 6
166 4
166 6
166 2
166 6
166 4
166 6
166 2
166 13
72 4
166 6
166 2
166 6
166 4
218 6
166 2
166 6
166 4
231 6
166 2
101 4
166 6
101 2
166 13
E
S
L
228 14
E
X
