minor
S
H
44 4
72 7
46 4
72 14
E
S
L
72 13
19 2
19 2
19 2
19 2
19 2
19 2
19 2
19 2
19 2
19 2
19 2
19 2
19 2
19 2
19 2
19 2
72 14
E
S
L
72 14
135 4
31 7
228 7
135 7
110 7
228 7
228 7
110 7
187 7
161 7
135 7
108 4
108 4
72 4
108 4
72 4
108 4
135 7
135 4
72 4
135 4
135 4
135 4
72 4
135 4
163 4
163 4
163 4
135 4
163 4
163 4
72 4
163 4
72 7
163 4
135 4
163 4
72 4
163 4
72 4
163 4
163 4
135 4
163 4
72 4
161 4
187 4
226 4
108 4
72 4
135 4
72 4
134 4
147 4
72 7
147 4
72 4
147 4
228 4
110 4
228 4
72 4
187 7
72 11
147 7
72 4
147 7
108 7
147 7
72 4
147 7
72 4
108 7
72 7
108 7
72 4
147 7
72 4
147 7
72 4
147 7
72 4
147 7
72 7
108 7
72 4
147 7
72 4
147 7
72 4
147 7
72 4
108 7
135 4
31 7
228 7
135 7
110 7
228 7
228 7
110 7
187 7
161 7
135 7
108 4
108 4
72 4
108 4
72 4
108 4
135 7
135 4
72 4
135 4
135 4
135 4
72 4
135 4
163 4
163 4
163 4
135 4
163 4
163 4
72 4
163 4
72 7
163 4
135 4
163 4
72 4
163 4
72 4
163 4
163 4
135 4
163 4
72 4
161 4
187 4
226 4
108 4
72 4
135 4
72 4
134 4
147 4
72 7
147 4
72 4
147 4
228 4
110 4
228 4
72 4
187 7
72 11
147 7
72 4
147 7
108 7
147 7
72 4
147 7
72 4
108 7
72 7
108 7
72 4
147 7
72 4
147 7
72 4
147 7
72 4
147 7
72 7
108 7
72 4
147 7
72 4
147 7
72 4
147 7
72 4
108 7
135 4
31 7
228 7
135 7
110 7
228 7
228 7
110 7
187 7
161 7
135 7
108 4
108 4
72 4
108 4
72 4
108 4
135 7
135 4
72 4
135 4
135 4
135 4
72 4
135 4
163 4
163 4
163 4
135 4
163 4
163 4
72 4
163 4
72 7
163 4
135 4
163 4
72 4
163 4
72 4
163 4
163 4
135 4
163 4
72 4
161 4
187 4
226 4
108 4
72 4
135 4
72 4
134 4
147 4
72 7
147 4
72 4
147 4
228 4
110 4
228 4
72 4
187 7
72 11
147 7
72 4
147 7
108 7
147 7
72 4
147 7
72 4
108 7
72 7
108 7
72 4
147 7
72 4
147 7
72 4
147 7
72 4
147 7
72 7
108 7
72 4
147 7
72 4
147 7
72 4
147 7
72 4
108 7
135 4
31 7
228 7
135 7
110 7
228 7
228 7
110 7
187 7
161 7
135 7
108 4
108 4
72 4
108 4
72 4
108 4
135 7
135 4
72 4
135 4
135 4
135 4
72 4
135 4
163 4
163 4
163 4
135 4
163 4
163 4
72 4
163 4
72 7
163 4
135 4
163 4
72 4
163 4
72 4
163 4
163 4
135 4
163 4
72 4
161 4
187 4
226 4
108 4
72 4
135 4
72 4
134 4
147 4
72 7
147 4
72 4
147 4
228 4
110 4
228 4
72 4
187 7
72 11
147 7
72 4
147 7
108 7
147 7
72 4
147 7
72 4
108 7
72 7
108 7
72 4
147 7
72 4
147 7
72 4
147 7
72 4
147 7
72 7
108 7
72 4
147 7
72 4
147 7
72 4
147 7
72 4
108 7
135 4
31 7
228 7
135 7
110 7
228 7
228 7
110 7
187 7
161 7
135 7
108 4
108 4
72 4
108 4
72 4
108 4
135 7
135 4
72 4
135 4
135 4
135 4
72 4
135 4
163 4
163 4
163 4
135 4
163 4
163 4
72 4
163 4
72 7
163 4
135 4
163 4
72 4
163 4
72 4
163 4
163 4
135 4
163 4
72 4
161 4
187 4
226 4
108 4
72 4
135 4
72 4
134 4
147 4
72 7
147 4
72 4
147 4
228 4
110 4
228 4
72 4
187 7
72 11
147 7
72 4
147 7
108 7
147 7
72 4
147 7
72 4
108 7
72 7
108 7
72 4
147 7
72 4
147 7
72 4
147 7
72 4
147 7
72 7
108 7
72 4
147 7
72 4
147 7
72 4
147 7
72 4
108 7
135 4
31 7
228 7
135 7
110 7
228 7
228 7
110 7
187 7
161 7
135 7
108 4
108 4
72 4
108 4
72 4
108 4
135 7
135 4
72 4
135 4
135 4
135 4
72 4
135 4
163 4
163 4
163 4
135 4
163 4
163 4
72 4
163 4
72 7
163 4
135 4
163 4
72 4
163 4
72 4
163 4
163 4
135 4
163 4
72 4
161 4
187 4
226 4
108 4
72 4
135 4
72 4
134 4
147 4
72 7
147 4
72 4
147 4
228 4
110 4
228 4
72 4
187 7
72 11
147 7
72 4
147 7
108 7
147 7
72 4
147 7
72 4
108 7
72 7
108 7
72 4
147 7
72 4
147 7
72 4
147 7
72 4
147 7
72 7
108 7
72 4
147 7
72 4
147 7
72 4
147 7
72 4
108 7
72 13
E
S
L
72 14
7 4
7 4
7 4
7 4
7 4
7 4
7 4
7 4
7 4
7 4
7 4
7 4
7 4
7 4
7 4
7 4
7 4
7 4
7 4
7 4
7 4
7 4
7 4
7 4
7 4
7 4
7 4
7 4
7 4
7 4
7 4
7 4
7 4
7 4
7 4
7 4
7 4
7 4
7 4
7 4
7 4
7 4
7 4
7 4
7 4
7 4
7 4
7 4
7 4
7 4
7 4
7 4
7 4
7 4
7 4
7 4
7 4
7 4
7 4
7 4
7 4
7 4
7 4
7 4
3 4
3 4
3 4
3 4
3 4
3 4
3 4
3 4
3 4
3 4
3 4
3 4
3 4
3 4
3 4
3 4
3 4
3 4
3 4
3 4
3 4
3 4
3 4
3 4
3 4
3 4
3 4
3 4
3 4
3 4
3 4
3 4
7 4
7 4
7 4
7 4
7 4
7 4
7 4
7 4
7 4
7 4
7 4
7 4
7 4
7 4
7 4
7 4
7 4
7 4
7 4
7 4
7 4
7 4
7 4
7 4
7 4
7 4
7 4
7 4
7 4
7 4
7 4
7 4
7 4
7 4
7 4
7 4
7 4
7 4
7 4
7 4
7 4
7 4
7 4
7 4
7 4
7 4
7 4
7 4
7 4
7 4
7 4
7 4
7 4
7 4
7 4
7 4
7 4
7 4
7 4
7 4
7 4
7 4
7 4
7 4
7 4
7 4
7 4
7 4
7 4
7 4
7 4
7 4
7 4
7 4
7 4
7 4
7 4
7 4
7 4
7 4
7 4
7 4
7 4
7 4
7 4
7 4
7 4
7 4
7 4
7 4
7 4
7 4
7 4
7 4
7 4
7 4
3 4
3 4
3 4
3 4
3 4
3 4
3 4
3 4
3 4
3 4
3 4
3 4
3 4
3 4
3 4
3 4
3 4
3 4
3 4
3 4
3 4
3 4
3 4
3 4
3 4
3 4
3 4
3 4
3 4
3 4
3 4
3 4
7 4
7 4
7 4
7 4
7 4
7 4
7 4
7 4
7 4
7 4
7 4
7 4
7 4
7 4
7 4
7 4
7 4
7 4
7 4
7 4
7 4
7 4
7 4
7 4
7 4
7 4
7 4
7 4
7 4
7 4
7 4
7 4
7 4
7 4
7 4
7 4
7 4
7 4
7 4
7 4
7 4
7 4
7 4
7 4
7 4
7 4
7 4
7 4
7 4
7 4
7 4
7 4
7 4
7 4
7 4
7 4
7 4
7 4
7 4
7 4
7 4
7 4
7 4
7 4
7 4
7 4
7 4
7 4
7 4
7 4
7 4
7 4
7 4
7 4
7 4
7 4
7 4
7 4
7 4
7 4
7 4
7 4
7 4
7 4
7 4
7 4
7 4
7 4
7 4
7 4
7 4
7 4
7 4
7 4
7 4
7 4
3 4
3 4
3 4
3 4
3 4
3 4
3 4
3 4
3 4
3 4
3 4
3 4
3 4
3 4
3 4
3 4
3 4
3 4
3 4
3 4
3 4
3 4
3 4
3 4
3 4
3 4
3 4
3 4
3 4
3 4
3 4
3 4
7 4
7 4
7 4
7 4
7 4
7 4
7 4
7 4
7 4
7 4
7 4
7 4
7 4
7 4
7 4
7 4
7 4
7 4
7 4
7 4
7 4
7 4
7 4
7 4
7 4
7 4
7 4
7 4
7 4
7 4
7 4
7 4
7 4
7 4
7 4
7 4
7 4
7 4
7 4
7 4
7 4
7 4
7 4
7 4
7 4
7 4
7 4
7 4
7 4
7 4
7 4
7 4
7 4
7 4
7 4
7 4
7 4
7 4
7 4
7 4
7 4
7 4
7 4
7 4
7 4
7 4
7 4
7 4
7 4
7 4
7 4
7 4
7 4
7 4
7 4
7 4
7 4
7 4
7 4
7 4
7 4
7 4
7 4
7 4
7 4
7 4
7 4
7 4
7 4
7 4
7 4
7 4
7 4
7 4
7 4
7 4
3 4
3 4
3 4
3 4
3 4
3 4
3 4
3 4
3 4
3 4
3 4
3 4
3 4
3 4
3 4
3 4
3 4
3 4
3 4
3 4
3 4
3 4
3 4
3 4
3 4
3 4
3 4
3 4
3 4
3 4
3 4
3 4
7 4
7 4
7 4
7 4
7 4
7 4
7 4
7 4
7 4
7 4
7 4
7 4
7 4
7 4
7 4
7 4
7 4
7 4
7 4
7 4
7 4
7 4
7 4
7 4
7 4
7 4
7 4
7 4
7 4
7 4
7 4
7 4
7 4
7 4
7 4
7 4
7 4
7 4
7 4
7 4
7 4
7 4
7 4
7 4
7 4
7 4
7 4
7 4
7 4
7 4
7 4
7 4
7 4
7 4
7 4
7 4
7 4
7 4
7 4
7 4
7 4
7 4
7 4
7 4
7 4
7 4
7 4
7 4
7 4
7 4
7 4
7 4
7 4
7 4
7 4
7 4
7 4
7 4
7 4
7 4
7 4
7 4
7 4
7 4
7 4
7 4
7 4
7 4
7 4
7 4
7 4
7 4
7 4
7 4
7 4
7 4
3 4
3 4
3 4
3 4
3 4
3 4
3 4
3 4
3 4
3 4
3 4
3 4
3 4
3 4
3 4
3 4
3 4
3 4
3 4
3 4
3 4
3 4
3 4
3 4
3 4
3 4
3 4
3 4
3 4
3 4
3 4
3 4
7 4
7 4
7 4
7 4
7 4
7 4
7 4
7 4
7 4
7 4
7 4
7 4
7 4
7 4
7 4
7 4
7 4
7 4
7 4
7 4
7 4
7 4
7 4
7 4
7 4
7 4
7 4
7 4
7 4
7 4
7 4
7 4
7 4
7 4
7 4
7 4
7 4
7 4
7 4
7 4
7 4
7 4
7 4
7 4
7 4
7 4
7 4
7 4
7 4
7 4
7 4
7 4
7 4
7 4
7 4
7 4
7 4
7 4
7 4
7 4
7 4
7 4
7 4
7 4
7 4
7 4
7 4
7 4
7 4
7 4
7 4
7 4
7 4
7 4
7 4
7 4
7 4
7 4
7 4
7 4
7 4
7 4
7 4
7 4
7 4
7 4
7 4
7 4
7 4
7 4
7 4
7 4
7 4
7 4
7 4
7 4
3 4
3 4
3 4
3 4
3 4
3 4
3 4
3 4
3 4
3 4
3 4
3 4
3 4
3 4
3 4
3 4
3 4
3 4
3 4
3 4
3 4
3 4
3 4
3 4
3 4
3 4
3 4
3 4
3 4
3 4
3 4
3 4
7 4
7 4
7 4
7 4
7 4
7 4
7 4
7 4
7 4
7 4
7 4
7 4
7 4
7 4
7 4
7 4
7 4
7 4
7 4
7 4
7 4
7 4
7 4
7 4
7 4
7 4
7 4
7 4
7 4
7 4
7 4
7 4
72 13
E
S
L
72 14
1140 13
1140 13
1140 13
1140 13
1140 13
1140 13
1140 13
1140 13
656 13
656 13
656 13
656 13
1140 13
1140 13
1140 13
1140 13
1140 13
1140 13
1140 13
1140 13
1140 13
1140 13
1140 13
1140 13
656 13
656 13
656 13
656 13
1140 13
1140 13
1140 13
1140 13
1140 13
1140 13
1140 13
1140 13
1140 13
1140 13
1140 13
1140 13
656 13
656 13
656 13
656 13
1140 13
1140 13
1140 13
1140 13
1140 13
1140 13
1140 13
1140 13
1140 13
1140 13
1140 13
1140 13
656 13
656 13
656 13
656 13
1140 13
1140 13
1140 13
1140 13
1140 13
1140 13
1140 13
1140 13
1140 13
1140 13
1140 13
1140 13
656 13
656 13
656 13
656 13
1140 13
1140 13
1140 13
1140 13
1140 13
1140 13
1140 13
1140 13
1140 13
1140 13
1140 13
1140 13
656 13
656 13
656 13
656 13
1140 13
1140 13
1140 13
1140 13
72 13
E
S
H
72 14
135 3
72 1
43 6
72 2
228 6
72 2
135 6
72 2
110 6
72 2
228 6
72 2
228 6
72 2
110 6
72 2
187 6
72 2
161 6
72 2
135 6
72 2
108 3
72 1
108 3
72 5
108 3
72 5
108 3
72 1
135 6
72 2
135 3
72 5
135 3
72 1
135 3
72 1
135 3
72 5
135 3
72 1
163 3
72 1
163 3
72 1
163 3
72 1
135 3
72 1
163 3
72 1
163 3
72 5
163 3
72 8
163 3
72 1
135 3
72 1
163 3
72 5
163 3
72 5
163 3
72 1
163 3
72 1
135 3
72 1
163 3
72 5
161 3
72 1
187 3
72 1
226 3
72 1
108 3
72 5
135 3
72 5
134 3
72 1
147 3
72 8
147 3
72 5
147 3
72 1
228 3
72 1
110 3
72 1
228 3
72 5
187 6
72 11
147 6
72 6
147 6
72 2
108 6
72 2
147 6
72 6
147 6
72 6
108 6
72 8
108 6
72 6
147 6
72 6
147 6
72 6
147 6
72 6
147 6
72 8
108 6
72 6
147 6
72 6
147 6
72 6
147 6
72 6
108 6
72 2
135 3
72 1
43 6
72 2
228 6
72 2
135 6
72 2
110 6
72 2
228 6
72 2
228 6
72 2
110 6
72 2
187 6
72 2
161 6
72 2
135 6
72 2
108 3
72 1
108 3
72 5
108 3
72 5
108 3
72 1
135 6
72 2
135 3
72 5
135 3
72 1
135 3
72 1
135 3
72 5
135 3
72 1
163 3
72 1
163 3
72 1
163 3
72 1
135 3
72 1
163 3
72 1
163 3
72 5
163 3
72 8
163 3
72 1
135 3
72 1
163 3
72 5
163 3
72 5
163 3
72 1
163 3
72 1
135 3
72 1
163 3
72 5
161 3
72 1
187 3
72 1
226 3
72 1
108 3
72 5
135 3
72 5
134 3
72 1
147 3
72 8
147 3
72 5
147 3
72 1
228 3
72 1
110 3
72 1
228 3
72 5
187 6
72 11
147 6
72 6
147 6
72 2
108 6
72 2
147 6
72 6
147 6
72 6
108 6
72 8
108 6
72 6
147 6
72 6
147 6
72 6
147 6
72 6
147 6
72 8
108 6
72 6
147 6
72 6
147 6
72 6
147 6
72 6
108 6
72 2
135 3
72 1
43 6
72 2
228 6
72 2
135 6
72 2
110 6
72 2
228 6
72 2
228 6
72 2
110 6
72 2
187 6
72 2
161 6
72 2
135 6
72 2
108 3
72 1
108 3
72 5
108 3
72 5
108 3
72 1
135 6
72 2
135 3
72 5
135 3
72 1
135 3
72 1
135 3
72 5
135 3
72 1
163 3
72 1
163 3
72 1
163 3
72 1
135 3
72 1
163 3
72 1
163 3
72 5
163 3
72 8
163 3
72 1
135 3
72 1
163 3
72 5
163 3
72 5
163 3
72 1
163 3
72 1
135 3
72 1
163 3
72 5
161 3
72 1
187 3
72 1
226 3
72 1
108 3
72 5
135 3
72 5
134 3
72 1
147 3
72 8
147 3
72 5
147 3
72 1
228 3
72 1
110 3
72 1
228 3
72 5
187 6
72 11
147 6
72 6
147 6
72 2
108 6
72 2
147 6
72 6
147 6
72 6
108 6
72 8
108 6
72 6
147 6
72 6
147 6
72 6
147 6
72 6
147 6
72 8
108 6
72 6
147 6
72 6
147 6
72 6
147 6
72 6
108 6
72 2
135 3
72 1
43 6
72 2
228 6
72 2
135 6
72 2
110 6
72 2
228 6
72 2
228 6
72 2
110 6
72 2
187 6
72 2
161 6
72 2
135 6
72 2
108 3
72 1
108 3
72 5
108 3
72 5
108 3
72 1
135 6
72 2
135 3
72 5
135 3
72 1
135 3
72 1
135 3
72 5
135 3
72 1
163 3
72 1
163 3
72 1
163 3
72 1
135 3
72 1
163 3
72 1
163 3
72 5
163 3
72 8
163 3
72 1
135 3
72 1
163 3
72 5
163 3
72 5
163 3
72 1
163 3
72 1
135 3
72 1
163 3
72 5
161 3
72 1
187 3
72 1
226 3
72 1
108 3
72 5
135 3
72 5
134 3
72 1
147 3
72 8
147 3
72 5
147 3
72 1
228 3
72 1
110 3
72 1
228 3
72 5
187 6
72 11
147 6
72 6
147 6
72 2
108 6
72 2
147 6
72 6
147 6
72 6
108 6
72 8
108 6
72 6
147 6
72 6
147 6
72 6
147 6
72 6
147 6
72 8
108 6
72 6
147 6
72 6
147 6
72 6
147 6
72 6
108 6
72 2
135 3
72 1
43 6
72 2
228 6
72 2
135 6
72 2
110 6
72 2
228 6
72 2
228 6
72 2
110 6
72 2
187 6
72 2
161 6
72 2
135 6
72 2
108 3
72 1
108 3
72 5
108 3
72 5
108 3
72 1
135 6
72 2
135 3
72 5
135 3
72 1
135 3
72 1
135 3
72 5
135 3
72 1
163 3
72 1
163 3
72 1
163 3
72 1
135 3
72 1
163 3
72 1
163 3
72 5
163 3
72 8
163 3
72 1
135 3
72 1
163 3
72 5
163 3
72 5
163 3
72 1
163 3
72 1
135 3
72 1
163 3
72 5
161 3
72 1
187 3
72 1
226 3
72 1
108 3
72 5
135 3
72 5
134 3
72 1
147 3
72 8
147 3
72 5
147 3
72 1
228 3
72 1
110 3
72 1
228 3
72 5
187 6
72 11
147 6
72 6
147 6
72 2
108 6
72 2
147 6
72 6
147 6
72 6
108 6
72 8
108 6
72 6
147 6
72 6
147 6
72 6
147 6
72 6
147 6
72 8
108 6
72 6
147 6
72 6
147 6
72 6
147 6
72 6
108 6
72 2
135 3
72 1
43 6
72 2
228 6
72 2
135 6
72 2
110 6
72 2
228 6
72 2
228 6
72 2
110 6
72 2
187 6
72 2
161 6
72 2
135 6
72 2
108 3
72 1
108 3
72 5
108 3
72 5
108 3
72 1
135 6
72 2
135 3
72 5
135 3
72 1
135 3
72 1
135 3
72 5
135 3
72 1
163 3
72 1
163 3
72 1
163 3
72 1
135 3
72 1
163 3
72 1
163 3
72 5
163 3
72 8
163 3
72 1
135 3
72 1
163 3
72 5
163 3
72 5
163 3
72 1
163 3
72 1
135 3
72 1
163 3
72 5
161 3
72 1
187 3
72 1
226 3
72 1
108 3
72 5
135 3
72 5
134 3
72 1
147 3
72 8
147 3
72 5
147 3
72 1
228 3
72 1
110 3
72 1
228 3
72 5
187 6
72 11
147 6
72 6
147 6
72 2
108 6
72 2
147 6
72 6
147 6
72 6
108 6
72 8
108 6
72 6
147 6
72 6
147 6
72 6
147 6
72 6
147 6
72 8
108 6
72 6
147 6
72 6
147 6
72 6
147 6
72 6
108 6
72 13
E
S
H
72 14
41 4
46 4
50 4
49 13
72 9
45 4
72 4
41 4
72 4
43 13
72 14
41 4
46 4
50 4
49 13
72 9
45 4
72 4
41 4
72 4
43 13
72 14
41 4
46 4
50 4
49 13
72 9
45 4
72 4
41 4
72 4
43 13
72 13
E
S
L
216 3
72 8
214 3
72 10
28 2
28 2
28 13
16 2
72 0
16 2
72 0
16 2
72 0
16 2
72 0
16 2
72 0
16 2
72 0
138 4
72 4
1798 4
72 4
1552 4
11 4
225 4
11 4
1552 4
11 4
225 4
11 4
1552 4
11 4
225 4
11 4
1552 4
11 4
225 4
11 4
1552 4
11 4
225 4
11 4
1552 4
11 4
225 4
11 4
1552 4
11 4
225 4
11 4
1552 4
11 4
225 4
11 4
1552 4
11 4
225 4
11 4
1552 4
11 4
225 4
11 4
1552 4
11 4
225 4
11 4
1552 4
11 4
225 4
11 4
1552 4
11 4
225 4
11 4
1552 4
11 4
225 4
11 4
1552 4
11 4
225 4
11 4
1552 4
11 4
225 4
11 4
1552 4
11 4
225 4
11 4
1552 4
11 4
225 4
11 4
1552 4
11 4
225 4
11 4
1552 4
11 4
225 4
11 4
1552 4
11 4
225 4
11 4
1552 4
11 4
225 4
11 4
1552 4
11 4
225 4
11 4
1552 4
11 4
225 4
11 4
1552 4
11 4
225 4
11 4
1552 4
11 4
225 4
11 4
1552 4
11 4
225 4
11 4
1552 4
11 4
225 4
11 4
1552 4
11 4
225 4
11 4
1552 4
11 4
225 4
11 4
1552 4
11 4
225 4
11 4
1552 4
712 4
225 4
160 4
256 4
11 4
225 4
11 4
1552 4
11 4
225 4
11 4
1552 4
11 4
225 4
11 4
1552 4
11 4
225 4
11 4
1552 4
11 4
225 4
11 4
1552 4
11 4
225 4
11 4
1552 4
11 4
225 4
11 4
1552 4
11 4
225 4
11 4
1552 4
11 4
225 4
11 4
1552 4
11 4
225 4
11 4
1552 4
11 4
225 4
11 4
1552 4
11 4
225 4
11 4
1552 4
11 4
225 4
11 4
1552 4
11 4
225 4
11 4
1552 4
11 4
225 4
11 4
1552 4
11 4
225 4
11 4
256 4
11 4
225 4
11 4
1552 4
11 4
225 4
11 4
1552 4
11 4
225 4
11 4
1552 4
11 4
225 4
11 4
1552 4
11 4
225 4
11 4
1552 4
11 4
225 4
11 4
1552 4
11 4
225 4
11 4
1552 4
11 4
225 4
11 4
1552 4
11 4
225 4
11 4
1552 4
11 4
225 4
11 4
1552 4
11 4
225 4
11 4
1552 4
11 4
225 4
11 4
1552 4
11 4
225 4
11 4
1552 4
11 4
225 4
11 4
1552 4
11 4
225 4
11 4
1552 4
712 4
225 4
160 4
1552 4
11 4
225 4
11 4
1552 4
11 4
225 4
11 4
1552 4
11 4
225 4
11 4
1552 4
11 4
225 4
11 4
1552 4
11 4
225 4
11 4
1552 4
11 4
225 4
11 4
1552 4
11 4
225 4
11 4
1552 4
11 4
225 4
11 4
1552 4
11 4
225 4
11 4
1552 4
11 4
225 4
11 4
1552 4
11 4
225 4
11 4
1552 4
11 4
225 4
11 4
1552 4
11 4
225 4
11 4
1552 4
11 4
225 4
11 4
1552 4
11 4
225 4
11 4
1552 4
11 4
225 4
11 4
1552 4
11 4
225 4
11 4
1552 4
11 4
225 4
11 4
1552 4
11 4
225 4
11 4
1552 4
11 4
225 4
11 4
1552 4
11 4
225 4
11 4
1552 4
11 4
225 4
11 4
1552 4
11 4
225 4
11 4
1552 4
11 4
225 4
11 4
1552 4
11 4
225 4
11 4
1552 4
11 4
225 4
11 4
1552 4
11 4
225 4
11 4
1552 4
11 4
225 4
11 4
1552 4
11 4
225 4
11 4
1552 4
11 4
225 4
11 4
1552 4
11 4
225 4
11 4
1552 4
712 4
225 4
160 4
256 4
11 4
225 4
11 4
1552 4
11 4
225 4
11 4
1552 4
11 4
225 4
11 4
1552 4
11 4
225 4
11 4
1552 4
11 4
225 4
11 4
1552 4
11 4
225 4
11 4
1552 4
11 4
225 4
11 4
1552 4
11 4
225 4
11 4
1552 4
11 4
225 4
11 4
1552 4
11 4
225 4
11 4
1552 4
11 4
225 4
11 4
1552 4
11 4
225 4
11 4
1552 4
11 4
225 4
11 4
1552 4
11 4
225 4
11 4
1552 4
11 4
225 4
11 4
1552 4
11 4
225 4
11 4
256 4
11 4
225 4
11 4
1552 4
11 4
225 4
11 4
1552 4
11 4
225 4
11 4
1552 4
11 4
225 4
11 4
1552 4
11 4
225 4
11 4
1552 4
11 4
225 4
11 4
1552 4
11 4
225 4
11 4
1552 4
11 4
225 4
11 4
1552 4
11 4
225 4
11 4
1552 4
11 4
225 4
11 4
1552 4
11 4
225 4
11 4
1552 4
11 4
225 4
11 4
1552 4
11 4
225 4
11 4
1552 4
11 4
225 4
11 4
1552 4
11 4
225 4
11 4
1552 4
712 4
225 4
160 4
1552 4
11 4
225 4
11 4
1552 4
11 4
225 4
11 4
1552 4
11 4
225 4
11 4
1552 4
11 4
225 4
11 4
1552 4
11 4
225 4
11 4
1552 4
11 4
225 4
11 4
1552 4
11 4
225 4
11 4
1552 4
11 4
225 4
11 4
1552 4
11 4
225 4
11 4
1552 4
11 4
225 4
11 4
1552 4
11 4
225 4
11 4
1552 4
11 4
225 4
11 4
1552 4
11 4
225 4
11 4
1552 4
11 4
225 4
11 4
1552 4
11 4
225 4
11 4
1552 4
11 4
225 4
11 4
1552 4
11 4
225 4
11 4
1552 4
11 4
225 4
11 4
1552 4
11 4
225 4
11 4
1552 4
11 4
225 4
11 4
1552 4
11 4
225 4
11 4
1552 4
11 4
225 4
11 4
1552 4
11 4
225 4
11 4
1552 4
11 4
225 4
11 4
1552 4
11 4
225 4
11 4
1552 4
11 4
225 4
11 4
1552 4
11 4
225 4
11 4
1552 4
11 4
225 4
11 4
1552 4
11 4
225 4
11 4
1552 4
11 4
225 4
11 4
1552 4
11 4
225 4
11 4
1552 4
712 4
225 4
160 4
256 4
11 4
225 4
11 4
1552 4
11 4
225 4
11 4
1552 4
11 4
225 4
11 4
1552 4
11 4
225 4
11 4
1552 4
11 4
225 4
11 4
1552 4
11 4
225 4
11 4
1552 4
11 4
225 4
11 4
1552 4
11 4
225 4
11 4
1552 4
11 4
225 4
11 4
1552 4
11 4
225 4
11 4
1552 4
11 4
225 4
11 4
1552 4
11 4
225 4
11 4
1552 4
11 4
225 4
11 4
1552 4
11 4
225 4
11 4
1552 4
11 4
225 4
11 4
1552 4
11 4
225 4
11 4
256 4
11 4
225 4
11 4
1552 4
11 4
225 4
11 4
1552 4
11 4
225 4
11 4
1552 4
11 4
225 4
11 4
1552 4
11 4
225 4
11 4
1552 4
11 4
225 4
11 4
1552 4
11 4
225 4
11 4
1552 4
11 4
225 4
11 4
1552 4
11 4
225 4
11 4
1552 4
11 4
225 4
11 4
1552 4
11 4
225 4
11 4
1552 4
11 4
225 4
11 4
1552 4
11 4
225 4
11 4
1552 4
11 4
225 4
11 4
1552 4
11 4
225 4
11 4
1552 4
712 4
225 4
160 4
72 13
E
X
