major
S
L
72 14
17 4
10 4
17 4
10 4
17 2
22 2
17 4
10 4
17 7
10 4
17 4
10 4
17 2
22 2
17 4
10 4
17 4
17 4
10 4
17 4
10 4
17 2
22 2
17 4
10 4
17 7
10 4
17 4
10 4
17 2
22 2
17 4
10 4
17 4
17 4
10 4
17 4
10 4
17 2
22 2
17 4
10 4
17 7
10 4
17 4
10 4
17 2
22 2
17 4
10 4
17 4
17 4
10 4
17 4
10 4
17 2
22 2
17 4
10 4
17 7
10 4
17 4
10 4
12 2
10 2
12 4
14 4
10 4
17 4
10 4
17 4
10 4
17 2
22 2
17 4
10 4
17 7
10 4
17 4
10 4
12 2
10 2
12 4
14 4
10 4
15 4
10 4
15 4
10 4
15 2
22 2
15 4
10 4
15 7
10 4
15 4
10 4
15 4
10 4
15 4
10 4
14 4
7 4
14 4
7 4
14 2
19 2
14 4
7 4
14 7
7 4
14 4
7 4
12 4
5 4
12 4
5 4
3 4
15 4
3 4
15 4
3 4
15 4
3 4
15 4
5 4
72 12
17 4
10 4
17 4
10 4
17 2
22 2
17 4
10 4
17 7
10 4
17 4
10 4
17 2
22 2
17 4
10 4
17 7
10 4
17 4
10 4
17 2
22 2
17 4
10 4
17 4
10 14
E
S
H
72 14
41 9
53 13
41 11
55 12
53 12
51 11
50 9
53 13
46 7
48 7
50 5
46 5
41 14
41 9
48 13
50 7
51 7
53 9
51 9
50 7
51 12
55 4
57 4
58 13
60 7
57 7
53 7
58 13
72 11
57 11
58 14
E
S
H
72 14
41 9
53 13
41 11
55 12
53 12
51 11
50 9
53 13
46 7
48 7
50 5
46 5
41 14
72 0
41 9
48 13
50 7
51 7
53 9
51 9
50 7
51 12
55 4
57 4
58 13
60 7
57 7
53 7
58 13
72 11
57 11
58 14
E
S
H
29 2
31 2
33 2
35 2
31 2
33 2
35 2
36 2
33 2
35 2
36 2
38 2
35 2
36 2
38 2
40 2
36 2
38 2
40 2
41 2
38 2
40 2
41 2
43 2
45 0
47 0
72 2
48 0
72 0
50 0
72 1
52 0
72 1
53 0
72 0
55 0
57 0
72 2
59 0
60 0
72 2
62 0
72 0
64 0
72 1
65 0
72 1
67 0
72 0
69 0
71 0
E
S
H
29 2
31 2
33 2
35 2
31 2
33 2
35 2
36 2
33 2
35 2
36 2
38 2
35 2
36 2
38 2
40 2
36 2
38 2
40 2
41 2
38 2
40 2
41 2
43 2
45 0
72 2
47 0
48 0
72 0
50 0
72 1
52 0
72 1
53 0
72 0
55 0
72 2
57 0
59 0
72 2
60 0
62 0
72 0
64 0
72 1
65 0
72 1
67 0
72 0
69 0
72 2
71 0
E
S
H
39 0
43 0
72 2
46 0
72 0
48 0
72 1
51 0
72 1
53 0
72 0
58 0
60 0
72 2
65 0
60 0
72 2
58 0
72 0
53 0
72 1
51 0
72 1
48 0
72 0
46 0
43 0
72 2
39 0
43 0
72 2
46 0
72 0
48 0
72 1
51 0
72 1
53 0
72 0
58 0
60 0
72 2
65 0
60 0
72 2
58 0
72 0
53 0
72 1
58 0
72 1
60 0
72 0
65 0
68 0
72 2
70 0
60 0
72 2
63 0
72 0
62 0
72 1
63 0
72 1
62 0
72 0
63 0
62 0
72 2
63 0
62 0
72 2
63 0
72 0
62 0
72 1
63 0
72 1
62 0
72 0
63 0
62 0
72 2
63 0
62 0
72 2
63 0
72 0
62 0
72 1
63 0
72 1
62 0
72 0
63 0
62 0
72 2
63 0
62 0
72 2
63 0
72 0
62 0
72 1
63 0
72 1
62 0
72 0
63 0
62 0
72 2
41 2
46 2
48 2
53 2
58 2
60 2
65 2
60 2
58 2
53 2
48 2
46 2
41 2
46 2
48 2
53 2
58 2
60 2
65 2
60 2
58 2
53 2
48 2
46 2
41 2
46 2
48 2
53 2
58 2
60 2
65 2
60 2
58 2
53 2
48 2
46 2
41 2
46 2
48 2
53 2
58 2
60 2
65 2
60 2
58 2
53 2
48 2
46 2
41 2
46 2
51 2
53 2
58 2
63 2
65 2
63 2
58 2
53 2
51 2
46 2
41 2
46 2
51 2
53 2
58 2
63 2
65 2
63 2
58 2
53 2
51 2
46 2
41 2
46 2
51 2
53 2
58 2
63 2
65 2
63 2
58 2
53 2
51 2
46 2
41 2
46 2
51 2
53 2
58 2
63 2
65 2
63 2
58 2
53 2
51 2
46 2
41 2
46 2
50 2
53 2
58 2
62 2
65 2
62 2
58 2
53 2
50 2
46 2
41 2
46 2
50 2
53 2
58 2
62 2
65 2
62 2
58 2
53 2
50 2
46 2
41 2
46 2
50 2
53 2
58 2
62 2
65 2
62 2
58 2
53 2
50 2
46 2
41 2
46 2
50 2
53 2
58 2
62 2
65 2
62 2
58 2
53 2
50 2
46 2
41 2
46 2
51 2
55 2
58 2
63 2
67 2
63 2
58 2
55 2
51 2
46 2
41 2
46 2
50 2
53 2
58 2
62 2
65 2
62 2
58 2
53 2
50 2
46 2
65 2
62 2
58 2
53 2
50 2
46 2
65 2
62 2
58 2
53 2
50 2
46 2
65 2
62 2
58 2
53 2
50 2
46 2
65 2
62 2
58 2
53 2
50 2
46 2
60 2
65 2
60 2
57 2
53 2
60 2
57 2
53 2
48 2
57 2
53 2
48 2
45 2
53 2
48 2
45 2
53 2
48 2
45 2
41 2
48 2
45 2
41 2
36 2
34 2
39 2
43 2
46 2
51 2
55 2
41 2
46 2
51 2
55 2
58 2
63 2
63 2
67 2
63 2
58 2
55 2
63 2
58 2
55 2
51 2
58 2
55 2
51 2
46 2
55 2
51 2
46 2
43 2
51 2
46 2
43 2
51 2
46 2
43 2
39 2
34 2
39 2
43 2
46 2
51 2
55 2
46 2
51 2
55 2
58 2
63 2
67 2
67 2
62 2
58 2
62 2
58 2
55 2
58 2
55 2
50 2
55 2
50 2
46 2
50 2
46 2
43 2
46 2
43 2
38 2
43 2
38 2
34 2
38 2
34 2
31 2
31 2
34 2
38 2
43 2
46 2
50 2
55 2
58 2
57 2
53 2
50 2
45 2
41 2
38 2
33 2
29 2
27 2
31 2
34 2
39 2
34 2
39 2
43 2
46 2
43 2
46 2
51 2
55 2
51 2
55 2
58 2
63 2
72 11
41 2
48 2
53 2
55 2
60 2
63 2
65 2
63 2
60 2
55 2
53 2
48 2
41 2
46 2
50 2
53 2
58 2
62 2
65 2
62 2
58 2
53 2
50 2
46 2
41 2
46 2
50 2
53 2
58 2
62 2
65 2
62 2
58 2
53 2
50 2
46 2
41 2
46 2
50 2
53 2
58 2
62 2
65 2
62 2
58 2
53 2
50 2
46 2
41 2
46 2
50 2
53 2
58 2
62 2
65 2
70 2
62 2
65 2
68 2
70 2
E
S
H
72 14
29 2
27 2
29 2
31 2
34 2
32 2
34 2
36 2
38 2
36 2
38 2
39 2
41 13
41 2
41 2
43 2
45 2
46 4
39 2
38 2
39 2
72 2
46 4
39 2
38 2
39 2
72 2
46 13
46 2
48 2
50 2
51 2
50 2
48 2
46 7
41 9
38 9
34 9
29 7
41 7
39 6
38 6
36 4
34 13
34 2
36 2
38 2
36 2
29 13
29 2
33 2
36 2
33 2
36 2
39 2
36 2
39 2
41 12
39 4
38 4
39 12
38 4
36 4
34 13
36 7
33 7
29 7
39 13
72 11
39 11
38 14
E
X
