minor
S
L
72 14
4 2
4 2
16 2
4 2
4 2
4 2
16 2
72 0
4 2
4 2
4 2
16 2
4 2
4 2
4 2
16 2
4 2
4 2
4 2
16 2
4 2
4 2
4 2
16 2
72 0
4 2
4 2
4 2
16 2
4 2
4 2
4 2
16 2
4 2
14 2
14 2
26 2
14 2
14 2
14 2
26 2
72 0
14 2
14 2
14 2
26 2
14 2
14 2
14 2
26 2
14 2
14 2
14 2
26 2
14 2
14 2
14 2
26 2
72 0
14 2
14 2
14 2
26 2
14 2
24 2
12 2
26 2
14 2
9 2
9 2
21 2
9 2
9 2
9 2
21 2
72 0
9 2
9 2
9 2
21 2
9 2
9 2
9 2
21 2
9 2
9 2
9 2
21 2
9 2
9 2
9 2
21 2
72 0
9 2
9 2
9 2
21 2
9 2
9 2
9 2
21 2
9 2
10 2
10 2
22 2
10 2
10 2
10 2
22 2
72 0
10 2
10 2
10 2
22 2
10 2
10 2
10 2
22 2
10 2
11 2
11 2
23 2
11 2
11 2
11 2
23 2
72 0
11 2
11 2
11 2
23 2
11 2
11 2
11 2
23 2
11 2
13 2
13 2
25 2
13 2
13 2
13 2
25 2
72 0
13 2
13 2
13 2
25 2
13 2
13 2
13 2
25 2
13 2
14 2
14 2
26 2
14 2
14 2
14 2
26 2
72 0
14 2
14 2
14 2
26 2
14 2
14 2
14 2
26 2
14 2
15 2
15 2
27 2
15 2
15 2
15 2
27 2
72 0
15 2
15 2
15 2
27 2
15 2
15 2
15 2
27 2
15 2
4 2
4 2
16 2
4 2
4 2
4 2
16 2
72 0
4 2
4 2
4 2
16 2
4 2
4 2
4 2
16 2
4 2
5 2
5 2
17 2
5 2
5 2
5 2
17 2
72 0
5 2
5 2
5 2
17 2
5 2
5 2
5 2
17 2
5 2
13 2
13 2
25 2
13 2
13 2
13 2
25 2
72 0
13 2
13 2
13 2
25 2
13 2
13 2
13 2
25 2
13 2
15 2
15 2
27 2
15 2
15 2
15 2
27 2
72 0
15 2
15 2
15 2
27 2
15 2
15 2
15 2
27 2
15 2
15 2
15 2
27 2
15 2
15 2
15 2
27 2
72 0
15 2
15 2
15 2
27 2
15 2
15 2
15 2
27 2
15 2
4 2
4 2
18 2
19 2
4 2
4 2
18 2
72 0
19 2
4 2
4 2
18 2
19 2
4 2
4 2
18 2
19 2
4 2
4 2
18 2
19 2
4 2
4 2
18 2
72 0
19 2
4 2
4 2
18 2
19 2
4 2
4 2
18 2
19 2
14 2
14 2
28 2
29 2
14 2
14 2
28 2
72 0
29 2
14 2
14 2
28 2
29 2
14 2
14 2
28 2
29 2
14 2
14 2
28 2
29 2
14 2
14 2
28 2
72 0
29 2
14 2
14 2
28 2
29 2
14 2
14 2
28 2
29 2
9 2
9 2
23 2
24 2
9 2
9 2
23 2
72 0
24 2
9 2
9 2
23 2
24 2
9 2
9 2
23 2
24 2
9 2
9 2
23 2
24 2
9 2
9 2
23 2
72 0
24 2
9 2
9 2
23 2
24 2
9 2
9 2
23 2
24 2
10 2
10 2
24 2
25 2
10 2
10 2
24 2
72 0
25 2
10 2
10 2
24 2
25 2
10 2
10 2
24 2
25 2
11 2
11 2
25 2
26 2
11 2
11 2
25 2
72 0
26 2
11 2
11 2
25 2
26 2
11 2
11 2
25 2
26 2
13 2
13 2
25 2
13 2
13 2
13 2
25 2
72 0
13 2
13 2
13 2
25 2
13 2
13 2
13 2
25 2
13 2
14 2
14 2
26 2
14 2
14 2
14 2
26 2
72 0
14 2
14 2
14 2
26 2
14 2
14 2
14 2
26 2
14 2
15 2
15 2
27 2
15 2
15 2
15 2
27 2
72 0
15 2
15 2
15 2
27 2
15 2
15 2
15 2
27 2
15 2
16 2
16 2
28 2
16 2
16 2
16 2
28 2
72 0
16 2
16 2
16 2
28 2
16 2
16 2
16 2
28 2
16 2
17 2
17 2
29 2
17 2
17 2
17 2
29 2
72 0
17 2
17 2
17 2
29 2
17 2
17 2
17 2
29 2
17 2
13 2
13 2
25 2
13 2
13 2
13 2
25 2
72 0
13 2
13 2
13 2
25 2
13 2
13 2
13 2
25 2
13 2
15 2
15 2
27 2
15 2
15 2
15 2
27 2
72 0
15 2
15 2
15 2
27 2
15 2
15 2
15 2
27 2
15 2
16 2
16 2
28 2
16 2
16 2
16 2
28 2
72 0
16 2
16 2
16 2
28 2
16 2
16 2
16 2
28 2
16 2
11 3
11 3
72 0
11 3
11 3
72 1
12 3
12 3
72 1
12 3
72 0
12 3
13 3
13 3
72 0
13 3
13 3
72 1
14 3
14 3
72 1
14 3
72 0
14 3
11 3
11 3
72 0
11 3
11 3
72 1
12 3
12 3
72 1
12 3
72 0
12 3
13 3
13 3
72 0
13 3
13 3
72 1
14 3
14 3
72 1
14 3
72 0
14 3
7 3
7 3
72 0
7 3
7 3
72 1
8 3
8 3
72 1
8 3
72 0
8 3
9 3
9 3
72 0
9 3
9 3
72 1
10 3
10 3
72 1
10 3
72 0
10 3
7 3
7 3
72 0
7 3
7 3
72 1
8 3
8 3
72 1
8 3
72 0
8 3
9 3
9 3
72 0
9 3
9 3
72 1
10 3
10 3
72 1
10 3
72 0
10 3
11 3
11 3
72 0
11 3
11 3
72 1
12 3
12 3
72 1
12 3
72 0
12 3
13 3
13 3
72 0
13 3
13 3
72 1
14 3
14 3
72 1
14 3
72 0
14 3
15 3
15 3
72 0
15 3
15 3
72 1
16 3
16 3
72 1
16 3
72 0
16 3
12 3
12 3
72 0
12 3
12 3
72 1
12 3
12 3
72 1
12 3
72 0
12 3
11 3
11 3
72 0
11 3
11 3
72 1
11 3
11 3
72 1
11 3
72 0
11 3
11 3
11 3
72 0
11 3
11 3
72 1
11 3
11 3
72 1
11 3
72 0
11 3
E
S
L
72 14
4 2
4 2
16 2
4 2
4 2
4 2
16 2
72 0
4 2
4 2
4 2
16 2
4 2
4 2
4 2
16 2
4 2
4 2
4 2
16 2
4 2
4 2
4 2
16 2
72 0
4 2
4 2
4 2
16 2
4 2
4 2
4 2
16 2
4 2
14 2
14 2
26 2
14 2
14 2
14 2
26 2
72 0
14 2
14 2
14 2
26 2
14 2
14 2
14 2
26 2
14 2
14 2
14 2
26 2
14 2
14 2
14 2
26 2
72 0
14 2
14 2
14 2
26 2
14 2
24 2
12 2
26 2
14 2
9 2
9 2
21 2
9 2
9 2
9 2
21 2
72 0
9 2
9 2
9 2
21 2
9 2
9 2
9 2
21 2
9 2
9 2
9 2
21 2
9 2
9 2
9 2
21 2
72 0
9 2
9 2
9 2
21 2
9 2
9 2
9 2
21 2
9 2
10 2
10 2
22 2
10 2
10 2
10 2
22 2
72 0
10 2
10 2
10 2
22 2
10 2
10 2
10 2
22 2
10 2
11 2
11 2
23 2
11 2
11 2
11 2
23 2
72 0
11 2
11 2
11 2
23 2
11 2
11 2
11 2
23 2
11 2
13 2
13 2
25 2
13 2
13 2
13 2
25 2
72 0
13 2
13 2
13 2
25 2
13 2
13 2
13 2
25 2
13 2
14 2
14 2
26 2
14 2
14 2
14 2
26 2
72 0
14 2
14 2
14 2
26 2
14 2
14 2
14 2
26 2
14 2
15 2
15 2
27 2
15 2
15 2
15 2
27 2
72 0
15 2
15 2
15 2
27 2
15 2
15 2
15 2
27 2
15 2
4 2
4 2
16 2
4 2
4 2
4 2
16 2
72 0
4 2
4 2
4 2
16 2
4 2
4 2
4 2
16 2
4 2
5 2
5 2
17 2
5 2
5 2
5 2
17 2
72 0
5 2
5 2
5 2
17 2
5 2
5 2
5 2
17 2
5 2
13 2
13 2
25 2
13 2
13 2
13 2
25 2
72 0
13 2
13 2
13 2
25 2
13 2
13 2
13 2
25 2
13 2
15 2
15 2
27 2
15 2
15 2
15 2
27 2
72 0
15 2
15 2
15 2
27 2
15 2
15 2
15 2
27 2
15 2
15 2
15 2
27 2
15 2
15 2
15 2
27 2
72 0
15 2
15 2
15 2
27 2
15 2
15 2
15 2
27 2
15 2
4 2
4 2
18 2
19 2
4 2
4 2
18 2
72 0
19 2
4 2
4 2
18 2
19 2
4 2
4 2
18 2
19 2
4 2
4 2
18 2
19 2
4 2
4 2
18 2
72 0
19 2
4 2
4 2
18 2
19 2
4 2
4 2
18 2
19 2
14 2
14 2
28 2
29 2
14 2
14 2
28 2
72 0
29 2
14 2
14 2
28 2
29 2
14 2
14 2
28 2
29 2
14 2
14 2
28 2
29 2
14 2
14 2
28 2
72 0
29 2
14 2
14 2
28 2
29 2
14 2
14 2
28 2
29 2
9 2
9 2
23 2
24 2
9 2
9 2
23 2
72 0
24 2
9 2
9 2
23 2
24 2
9 2
9 2
23 2
24 2
9 2
9 2
23 2
24 2
9 2
9 2
23 2
72 0
24 2
9 2
9 2
23 2
24 2
9 2
9 2
23 2
24 2
10 2
10 2
24 2
25 2
10 2
10 2
24 2
72 0
25 2
10 2
10 2
24 2
25 2
10 2
10 2
24 2
25 2
11 2
11 2
25 2
26 2
11 2
11 2
25 2
72 0
26 2
11 2
11 2
25 2
26 2
11 2
11 2
25 2
26 2
13 2
13 2
25 2
13 2
13 2
13 2
25 2
72 0
13 2
13 2
13 2
25 2
13 2
13 2
13 2
25 2
13 2
14 2
14 2
26 2
14 2
14 2
14 2
26 2
72 0
14 2
14 2
14 2
26 2
14 2
14 2
14 2
26 2
14 2
15 2
15 2
27 2
15 2
15 2
15 2
27 2
72 0
15 2
15 2
15 2
27 2
15 2
15 2
15 2
27 2
15 2
16 2
16 2
28 2
16 2
16 2
16 2
28 2
72 0
16 2
16 2
16 2
28 2
16 2
16 2
16 2
28 2
16 2
17 2
17 2
29 2
17 2
17 2
17 2
29 2
72 0
17 2
17 2
17 2
29 2
17 2
17 2
17 2
29 2
17 2
13 2
13 2
25 2
13 2
13 2
13 2
25 2
72 0
13 2
13 2
13 2
25 2
13 2
13 2
13 2
25 2
13 2
15 2
15 2
27 2
15 2
15 2
15 2
27 2
72 0
15 2
15 2
15 2
27 2
15 2
15 2
15 2
27 2
15 2
16 2
16 2
28 2
16 2
16 2
16 2
28 2
72 0
16 2
16 2
16 2
28 2
16 2
16 2
16 2
28 2
16 2
11 3
11 3
72 0
11 3
11 3
72 1
12 3
12 3
72 1
12 3
72 0
12 3
13 3
13 3
72 0
13 3
13 3
72 1
14 3
14 3
72 1
14 3
72 0
14 3
11 3
11 3
72 0
11 3
11 3
72 1
12 3
12 3
72 1
12 3
72 0
12 3
13 3
13 3
72 0
13 3
13 3
72 1
14 3
14 3
72 1
14 3
72 0
14 3
7 3
7 3
72 0
7 3
7 3
72 1
8 3
8 3
72 1
8 3
72 0
8 3
9 3
9 3
72 0
9 3
9 3
72 1
10 3
10 3
72 1
10 3
72 0
10 3
7 3
7 3
72 0
7 3
7 3
72 1
8 3
8 3
72 1
8 3
72 0
8 3
9 3
9 3
72 0
9 3
9 3
72 1
10 3
10 3
72 1
10 3
72 0
10 3
11 3
11 3
72 0
11 3
11 3
72 1
12 3
12 3
72 1
12 3
72 0
12 3
13 3
13 3
72 0
13 3
13 3
72 1
14 3
14 3
72 1
14 3
72 0
14 3
15 3
15 3
72 0
15 3
15 3
72 1
16 3
16 3
72 1
16 3
72 0
16 3
12 3
12 3
72 0
12 3
12 3
72 1
12 3
12 3
72 1
12 3
72 0
12 3
11 3
11 3
72 0
11 3
11 3
72 1
11 3
11 3
72 1
11 3
72 0
11 3
11 3
11 3
72 0
11 3
11 3
72 1
11 3
11 3
72 1
11 3
72 0
11 3
E
S
H
72 14
52 9
54 6
55 6
58 9
59 6
61 6
62 9
53 9
57 12
64 9
57 9
59 12
61 9
66 4
61 4
72 1
66 3
62 9
64 6
66 6
66 9
61 9
61 9
59 9
63 9
63 4
64 4
72 1
66 3
66 9
64 9
65 12
61 12
63 12
152 12
52 9
54 6
55 6
58 9
58 4
54 4
72 1
49 3
50 2
52 2
53 7
72 1
57 4
55 4
72 1
53 3
52 9
45 9
52 9
52 4
53 4
72 1
55 3
56 9
52 6
59 6
54 12
54 12
54 9
54 4
56 4
72 1
54 3
54 12
54 9
54 4
55 4
72 1
57 3
55 12
56 9
57 9
54 9
56 9
57 12
55 12
52 2
53 2
57 2
56 2
52 2
59 2
58 2
72 0
47 2
53 2
47 2
57 2
56 2
48 2
47 2
53 2
52 2
58 2
59 2
47 2
48 2
53 2
52 2
43 2
72 0
44 2
53 2
52 2
47 2
48 2
53 2
52 2
57 2
56 2
52 2
53 2
59 2
58 2
47 2
56 2
55 2
72 0
58 2
53 2
48 2
49 2
55 2
54 2
48 2
49 2
50 2
58 2
59 2
47 2
57 2
54 2
48 2
51 2
72 0
52 2
54 2
59 2
58 2
59 2
54 2
50 2
49 2
48 2
59 2
60 2
57 2
62 2
61 2
57 2
64 2
72 0
63 2
57 2
56 2
55 2
62 2
61 2
54 2
53 2
52 2
58 2
59 2
60 2
52 2
59 2
58 2
57 2
72 0
55 2
52 2
57 2
58 2
53 2
54 2
53 2
52 2
51 2
63 2
64 2
59 2
62 2
61 2
57 2
59 2
72 0
58 2
57 2
62 2
61 2
55 2
56 2
57 2
58 2
53 2
52 2
53 2
52 2
53 2
54 2
53 2
52 2
72 0
53 2
52 2
57 2
52 2
58 2
52 2
59 2
52 2
60 2
59 2
60 2
58 2
57 2
56 2
55 2
60 2
72 0
54 2
53 2
62 2
53 2
61 2
60 2
59 2
57 2
56 2
56 2
57 2
59 2
53 2
52 2
51 2
57 2
72 0
55 2
56 2
50 2
44 2
49 2
54 2
47 2
49 2
48 2
52 7
54 3
72 1
55 6
52 11
57 9
54 13
E
S
H
72 14
52 9
54 6
55 6
58 9
59 6
61 6
62 9
53 9
57 12
64 9
57 9
59 12
61 9
66 4
61 4
72 1
66 3
62 9
64 6
66 6
66 9
61 9
61 9
59 9
63 9
63 4
64 4
72 1
66 3
66 9
64 9
65 12
61 12
63 12
152 12
52 9
54 6
55 6
58 9
58 4
54 4
72 1
49 3
50 2
52 2
53 7
72 1
57 4
55 4
72 1
53 3
52 9
45 9
52 9
52 4
53 4
72 1
55 3
56 9
52 6
59 6
54 12
54 12
54 9
54 4
56 4
72 1
54 3
54 12
54 9
54 4
55 4
72 1
57 3
55 12
56 9
57 9
54 9
56 9
57 12
55 12
52 2
53 2
57 2
56 2
52 2
59 2
58 2
72 0
47 2
53 2
47 2
57 2
56 2
48 2
47 2
53 2
52 2
58 2
59 2
47 2
48 2
53 2
52 2
43 2
72 0
44 2
53 2
52 2
47 2
48 2
53 2
52 2
57 2
56 2
52 2
53 2
59 2
58 2
47 2
56 2
55 2
72 0
58 2
53 2
48 2
49 2
55 2
54 2
48 2
49 2
50 2
58 2
59 2
47 2
57 2
54 2
48 2
51 2
72 0
52 2
54 2
59 2
58 2
59 2
54 2
50 2
49 2
48 2
59 2
60 2
57 2
62 2
61 2
57 2
64 2
72 0
63 2
57 2
56 2
55 2
62 2
61 2
54 2
53 2
52 2
58 2
59 2
60 2
52 2
59 2
58 2
57 2
72 0
55 2
52 2
57 2
58 2
53 2
54 2
53 2
52 2
51 2
63 2
64 2
59 2
62 2
61 2
57 2
59 2
72 0
58 2
57 2
62 2
61 2
55 2
56 2
57 2
58 2
53 2
52 2
53 2
52 2
53 2
54 2
53 2
52 2
72 0
53 2
52 2
57 2
52 2
58 2
52 2
59 2
52 2
60 2
59 2
60 2
58 2
57 2
56 2
55 2
60 2
72 0
54 2
53 2
62 2
53 2
61 2
60 2
59 2
57 2
56 2
56 2
57 2
59 2
53 2
52 2
51 2
57 2
72 0
55 2
56 2
50 2
44 2
49 2
54 2
47 2
49 2
48 2
52 7
54 3
72 1
55 6
52 11
57 9
54 13
E
S
L
72 14
0 6
0 6
0 6
0 6
0 6
0 6
0 6
0 6
0 6
0 6
0 6
0 6
0 6
0 6
0 6
0 6
0 6
0 6
0 6
0 6
0 6
0 6
0 6
0 6
0 6
0 6
0 6
0 6
0 6
0 6
0 6
0 6
0 6
0 6
0 6
0 6
0 6
0 6
0 6
0 6
0 6
0 6
0 6
0 6
0 6
0 6
0 6
0 6
0 6
0 6
0 6
0 6
0 6
0 6
0 6
0 6
0 6
0 6
0 6
0 6
0 6
0 6
0 6
0 6
72 13
179 4
72 7
179 4
72 14
0 6
0 6
0 6
0 6
0 2
0 2
0 2
0 2
0 2
0 2
0 2
72 0
0 2
0 2
0 2
0 2
0 2
0 2
0 2
0 2
0 2
72 14
179 4
72 7
179 4
E
S
H
72 14
52 9
54 6
55 6
58 9
59 6
61 6
62 9
53 9
57 12
64 9
57 9
59 12
61 9
66 4
61 4
72 1
66 3
62 9
64 6
66 6
66 9
61 9
61 9
59 9
63 9
63 4
64 4
72 1
66 3
66 9
64 9
65 12
61 12
63 12
152 12
52 9
54 6
55 6
58 9
58 4
54 4
72 1
49 3
50 2
52 2
53 7
72 1
57 4
55 4
72 1
53 3
52 9
45 9
52 9
52 4
53 4
72 1
55 3
56 9
52 6
59 6
54 12
54 12
54 9
54 4
56 4
72 1
54 3
54 12
54 9
54 4
55 4
72 1
57 3
55 12
56 9
57 9
54 9
56 9
57 12
55 12
52 2
53 2
57 2
56 2
52 2
59 2
58 2
72 0
47 2
53 2
47 2
57 2
56 2
48 2
47 2
53 2
52 2
58 2
59 2
47 2
48 2
53 2
52 2
43 2
72 0
44 2
53 2
52 2
47 2
48 2
53 2
52 2
57 2
56 2
52 2
53 2
59 2
58 2
47 2
56 2
55 2
72 0
58 2
53 2
48 2
49 2
55 2
54 2
48 2
49 2
50 2
58 2
59 2
47 2
57 2
54 2
48 2
51 2
72 0
52 2
54 2
59 2
58 2
59 2
54 2
50 2
49 2
48 2
59 2
60 2
57 2
62 2
61 2
57 2
64 2
72 0
63 2
57 2
56 2
55 2
62 2
61 2
54 2
53 2
52 2
58 2
59 2
60 2
52 2
59 2
58 2
57 2
72 0
55 2
52 2
57 2
58 2
53 2
54 2
53 2
52 2
51 2
63 2
64 2
59 2
62 2
61 2
57 2
59 2
72 0
58 2
57 2
62 2
61 2
55 2
56 2
57 2
58 2
53 2
52 2
53 2
52 2
53 2
54 2
53 2
52 2
72 0
53 2
52 2
57 2
52 2
58 2
52 2
59 2
52 2
60 2
59 2
60 2
58 2
57 2
56 2
55 2
60 2
72 0
54 2
53 2
62 2
53 2
61 2
60 2
59 2
57 2
56 2
56 2
57 2
59 2
53 2
52 2
51 2
57 2
72 0
55 2
56 2
50 2
44 2
49 2
54 2
47 2
49 2
48 2
52 7
54 3
72 1
55 6
52 11
57 9
54 13
E
X
