major
S
H
72 14
43 13
50 13
54 13
55 7
50 13
72 13
43 11
44 4
47 4
48 4
50 11
51 4
53 4
51 4
50 11
51 4
50 4
48 4
47 9
48 4
47 7
44 7
43 11
44 4
47 4
48 4
50 11
51 4
53 4
51 4
53 7
55 4
53 4
51 4
50 4
51 4
50 4
48 4
47 7
44 4
43 11
43 2
44 2
47 4
48 4
47 4
44 4
43 7
43 2
44 2
47 4
48 4
47 4
44 4
43 11
43 2
44 2
47 4
48 4
47 4
44 4
43 7
43 2
44 2
47 4
48 4
47 4
44 4
43 11
72 7
48 4
50 4
51 4
48 4
55 7
55 4
54 7
50 11
72 7
48 4
50 4
51 4
48 4
55 7
55 4
54 7
57 11
57 2
55 2
54 2
51 2
54 2
51 2
50 2
48 2
50 11
72 11
43 13
50 13
54 13
55 7
50 13
72 13
43 11
44 4
47 4
48 4
50 11
51 4
53 4
51 4
50 11
51 4
50 4
48 4
47 9
48 4
47 7
44 7
43 11
44 4
47 4
48 4
50 11
51 4
53 4
51 4
53 7
55 4
53 4
51 4
50 4
51 4
50 4
48 4
47 7
44 4
43 11
43 2
44 2
47 4
48 4
47 4
44 4
43 7
43 2
44 2
47 4
48 4
47 4
44 4
43 11
43 2
44 2
47 4
48 4
47 4
44 4
43 7
43 2
44 2
47 4
48 4
47 4
44 4
43 11
72 7
48 4
50 4
51 4
48 4
55 7
55 4
54 7
50 11
72 7
48 4
50 4
51 4
48 4
55 7
55 4
54 7
57 11
57 2
55 2
54 2
51 2
54 2
51 2
50 2
48 2
50 11
E
S
H
72 14
43 13
50 13
54 13
55 7
50 13
72 13
43 11
44 4
47 4
48 4
50 11
51 4
53 4
51 4
50 11
51 4
50 4
48 4
47 9
48 4
47 7
44 7
43 11
44 4
47 4
48 4
50 11
51 4
53 4
51 4
53 7
55 4
53 4
51 4
50 4
51 4
50 4
48 4
47 7
44 4
43 11
43 2
44 2
47 4
48 4
47 4
44 4
43 7
43 2
44 2
47 4
48 4
47 4
44 4
43 11
43 2
44 2
47 4
48 4
47 4
44 4
43 7
43 2
44 2
47 4
48 4
47 4
44 4
43 11
72 7
48 4
50 4
51 4
48 4
55 7
55 4
54 7
50 11
72 7
48 4
50 4
51 4
48 4
55 7
55 4
54 7
57 11
57 2
55 2
54 2
51 2
54 2
51 2
50 2
48 2
50 11
72 11
43 13
50 13
54 13
55 7
50 13
72 13
43 11
44 4
47 4
48 4
50 11
51 4
53 4
51 4
50 11
51 4
50 4
48 4
47 9
48 4
47 7
44 7
43 11
44 4
47 4
48 4
50 11
51 4
53 4
51 4
53 7
55 4
53 4
51 4
50 4
51 4
50 4
48 4
47 7
44 4
43 11
43 2
44 2
47 4
48 4
47 4
44 4
43 7
43 2
44 2
47 4
48 4
47 4
44 4
43 11
43 2
44 2
47 4
48 4
47 4
44 4
43 7
43 2
44 2
47 4
48 4
47 4
44 4
43 11
72 7
48 4
50 4
51 4
48 4
55 7
55 4
54 7
50 11
72 7
48 4
50 4
51 4
48 4
55 7
55 4
54 7
57 11
57 2
55 2
54 2
51 2
54 2
51 2
50 2
48 2
50 11
E
S
L
72 12
5 2
7 2
7 2
7 2
2 4
5 4
6 4
7 7
72 4
5 2
7 2
7 2
7 2
10 4
9 4
8 4
7 7
72 4
5 2
7 2
7 2
7 2
2 4
5 4
6 4
7 7
72 4
5 2
7 2
7 4
10 4
9 4
8 4
7 7
17 2
72 2
17 2
19 2
7 2
7 2
2 4
5 4
6 4
7 7
72 4
5 2
7 2
7 2
7 2
10 4
9 4
8 4
7 7
72 4
5 2
7 2
7 2
7 2
2 4
5 4
6 4
7 7
72 4
5 2
7 2
7 4
10 4
9 4
8 4
7 7
17 2
72 2
17 2
19 2
7 2
7 2
2 4
5 4
6 4
7 7
72 4
5 2
7 2
7 2
7 2
10 4
9 4
8 4
7 7
72 4
5 2
7 2
7 2
7 2
2 4
5 4
6 4
7 7
72 4
5 2
7 2
7 4
10 4
9 4
8 4
7 7
17 2
72 2
17 2
19 2
7 2
7 2
2 4
5 4
6 4
7 7
72 4
5 2
7 2
7 2
7 2
10 4
9 4
8 4
7 7
72 4
5 2
7 2
7 2
7 2
2 4
5 4
6 4
7 7
72 4
5 2
7 2
7 4
10 4
9 4
8 4
7 7
17 2
72 2
17 2
19 2
7 2
7 2
2 4
5 4
6 4
7 7
72 4
5 2
7 2
7 2
7 2
10 4
9 4
8 4
7 7
72 4
5 2
7 2
7 2
7 2
2 4
5 4
6 4
7 7
72 4
5 2
7 2
7 4
10 4
9 4
8 4
7 7
17 2
72 2
17 2
19 2
12 2
12 2
7 4
10 4
7 4
12 4
7 4
10 4
12 4
14 2
14 2
9 4
12 4
9 4
14 4
9 4
12 4
14 4
15 2
15 2
10 4
13 4
10 4
15 4
10 4
13 4
15 4
5 2
72 2
5 2
72 2
5 2
72 2
5 2
72 2
6 2
72 2
6 2
72 2
6 2
72 2
6 2
72 2
6 12
6 2
7 2
7 2
7 2
2 4
5 4
6 4
7 7
72 4
5 2
7 2
7 2
7 2
10 4
9 4
8 4
7 7
72 4
5 2
7 2
7 2
7 2
2 4
5 4
6 4
7 7
72 4
5 2
7 2
7 4
10 4
9 4
8 4
7 7
17 2
72 2
17 2
19 2
7 2
7 2
2 4
5 4
6 4
7 7
72 4
5 2
7 2
7 2
7 2
10 4
9 4
8 4
7 7
72 4
5 2
7 2
7 2
7 2
2 4
5 4
6 4
7 7
72 4
5 2
7 2
7 4
10 4
9 4
8 4
7 7
17 2
72 2
17 2
19 2
7 2
7 2
2 4
5 4
6 4
7 7
72 4
5 2
7 2
7 2
7 2
10 4
9 4
8 4
7 7
72 4
5 2
7 2
7 2
7 2
2 4
5 4
6 4
7 7
72 4
5 2
7 2
7 4
10 4
9 4
8 4
7 7
17 2
72 2
17 2
19 2
7 2
7 2
2 4
5 4
6 4
7 7
72 4
5 2
7 2
7 2
7 2
10 4
9 4
8 4
7 7
72 4
5 2
7 2
7 2
7 2
2 4
5 4
6 4
7 7
72 4
5 2
7 2
7 4
10 4
9 4
8 4
7 7
17 2
72 2
17 2
19 2
12 2
12 2
7 4
10 4
7 4
12 4
7 4
10 4
12 4
14 2
14 2
9 4
12 4
9 4
14 4
9 4
12 4
14 4
15 2
15 2
10 4
13 4
10 4
15 4
10 4
13 4
15 4
5 2
72 2
5 2
72 2
5 2
72 2
5 2
72 2
6 2
72 2
6 2
72 2
6 2
72 2
6 2
72 2
6 12
E
S
H
72 14
31 13
38 13
42 13
43 7
38 13
72 14
36 4
38 4
39 4
36 4
43 7
43 4
42 7
38 11
72 7
36 4
38 4
39 4
36 4
43 7
43 4
42 7
45 14
72 11
31 13
38 13
42 13
43 7
38 13
72 14
36 4
38 4
39 4
36 4
43 7
43 4
42 7
38 11
72 7
36 4
38 4
39 4
36 4
43 7
43 4
42 7
45 14
E
S
L
72 13
187 2
72 8
187 2
72 2
187 2
72 10
187 2
72 8
187 2
72 2
187 2
72 6
108 7
187 2
72 8
187 2
72 2
187 2
72 10
187 2
72 8
187 2
72 2
187 2
72 6
161 7
187 2
72 8
187 2
72 2
187 2
72 10
187 2
72 8
187 2
72 2
187 2
72 6
108 7
187 2
72 8
187 2
72 2
187 2
72 10
187 2
72 8
187 2
72 2
187 2
72 6
161 7
187 2
72 8
187 2
72 2
187 2
72 10
187 2
72 8
187 2
72 2
187 2
72 6
108 7
187 2
72 8
187 2
72 2
187 2
72 10
187 2
72 8
187 2
72 2
187 2
72 6
161 7
187 2
72 8
187 2
72 2
187 2
72 10
187 2
72 8
187 2
72 2
187 2
72 6
108 7
187 2
72 8
187 2
72 2
187 2
72 10
187 2
72 8
187 2
72 2
187 2
72 6
161 7
187 2
72 8
187 2
72 2
187 2
72 10
187 2
72 8
187 2
72 2
187 2
72 6
108 7
187 2
72 8
187 2
72 2
187 2
72 10
187 2
72 8
187 2
72 2
187 2
72 6
161 7
108 2
72 8
108 2
72 2
108 2
72 6
108 7
134 2
72 8
134 2
72 2
134 2
72 6
134 7
147 2
72 8
147 2
72 2
147 2
72 6
147 7
161 2
72 2
161 2
72 2
161 2
72 2
161 2
72 2
174 2
72 2
174 2
72 2
174 2
72 2
174 2
72 8
174 12
187 2
72 8
187 2
72 2
187 2
72 10
187 2
72 8
187 2
72 2
187 2
72 6
108 7
187 2
72 8
187 2
72 2
187 2
72 10
187 2
72 8
187 2
72 2
187 2
72 6
161 7
187 2
72 8
187 2
72 2
187 2
72 10
187 2
72 8
187 2
72 2
187 2
72 6
108 7
187 2
72 8
187 2
72 2
187 2
72 10
187 2
72 8
187 2
72 2
187 2
72 6
161 7
187 2
72 8
187 2
72 2
187 2
72 10
187 2
72 8
187 2
72 2
187 2
72 6
108 7
187 2
72 8
187 2
72 2
187 2
72 10
187 2
72 8
187 2
72 2
187 2
72 6
161 7
187 2
72 8
187 2
72 2
187 2
72 10
187 2
72 8
187 2
72 2
187 2
72 6
108 7
187 2
72 8
187 2
72 2
187 2
72 10
187 2
72 8
187 2
72 2
187 2
72 6
161 7
108 2
72 8
108 2
72 2
108 2
72 6
108 7
134 2
72 8
134 2
72 2
134 2
72 6
134 7
147 2
72 8
147 2
72 2
147 2
72 6
147 7
161 2
72 2
161 2
72 2
161 2
72 2
161 2
72 2
174 2
72 2
174 2
72 2
174 2
72 2
174 2
72 8
174 12
E
S
H
72 14
31 13
38 13
42 13
43 7
38 13
72 14
36 4
38 4
39 4
36 4
43 7
43 4
42 7
38 11
72 7
36 4
38 4
39 4
36 4
43 7
43 4
42 7
45 14
72 11
31 13
38 13
42 13
43 7
38 13
72 14
36 4
38 4
39 4
36 4
43 7
43 4
42 7
38 11
72 7
36 4
38 4
39 4
36 4
43 7
43 4
42 7
45 14
E
S
L
72 13
187 2
72 8
187 2
72 2
187 2
72 10
187 2
72 8
187 2
72 2
187 2
72 6
108 7
187 2
72 8
187 2
72 2
187 2
72 10
187 2
72 8
187 2
72 2
187 2
72 6
161 7
187 2
72 8
187 2
72 2
187 2
72 10
187 2
72 8
187 2
72 2
187 2
72 6
108 7
187 2
72 8
187 2
72 2
187 2
72 10
187 2
72 8
187 2
72 2
187 2
72 6
161 7
187 2
72 8
187 2
72 2
187 2
72 10
187 2
72 8
187 2
72 2
187 2
72 6
108 7
187 2
72 8
187 2
72 2
187 2
72 10
187 2
72 8
187 2
72 2
187 2
72 6
161 7
187 2
72 8
187 2
72 2
187 2
72 10
187 2
72 8
187 2
72 2
187 2
72 6
108 7
187 2
72 8
187 2
72 2
187 2
72 10
187 2
72 8
187 2
72 2
187 2
72 6
161 7
187 2
72 8
187 2
72 2
187 2
72 10
187 2
72 8
187 2
72 2
187 2
72 6
108 7
187 2
72 8
187 2
72 2
187 2
72 10
187 2
72 8
187 2
72 2
187 2
72 6
161 7
108 2
72 8
108 2
72 2
108 2
72 6
108 7
134 2
72 8
134 2
72 2
134 2
72 6
134 7
147 2
72 8
147 2
72 2
147 2
72 6
147 7
161 2
72 2
161 2
72 2
161 2
72 2
161 2
72 2
174 2
72 2
174 2
72 2
174 2
72 2
174 2
72 8
174 12
187 2
72 8
187 2
72 2
187 2
72 10
187 2
72 8
187 2
72 2
187 2
72 6
108 7
187 2
72 8
187 2
72 2
187 2
72 10
187 2
72 8
187 2
72 2
187 2
72 6
161 7
187 2
72 8
187 2
72 2
187 2
72 10
187 2
72 8
187 2
72 2
187 2
72 6
108 7
187 2
72 8
187 2
72 2
187 2
72 10
187 2
72 8
187 2
72 2
187 2
72 6
161 7
187 2
72 8
187 2
72 2
187 2
72 10
187 2
72 8
187 2
72 2
187 2
72 6
108 7
187 2
72 8
187 2
72 2
187 2
72 10
187 2
72 8
187 2
72 2
187 2
72 6
161 7
187 2
72 8
187 2
72 2
187 2
72 10
187 2
72 8
187 2
72 2
187 2
72 6
108 7
187 2
72 8
187 2
72 2
187 2
72 10
187 2
72 8
187 2
72 2
187 2
72 6
161 7
108 2
72 8
108 2
72 2
108 2
72 6
108 7
134 2
72 8
134 2
72 2
134 2
72 6
134 7
147 2
72 8
147 2
72 2
147 2
72 6
147 7
161 2
72 2
161 2
72 2
161 2
72 2
161 2
72 2
174 2
72 2
174 2
72 2
174 2
72 2
174 2
72 8
174 12
E
S
H
213 2
40 2
201 2
56 2
212 2
72 2
200 2
56 2
688 2
72 2
1447 2
40 2
1437 2
72 2
1293 2
1303 2
688 2
40 2
688 2
56 2
583 2
72 2
544 2
1303 2
688 2
72 2
213 2
40 2
583 2
72 2
200 2
56 2
688 2
40 2
688 2
56 2
583 2
72 2
544 2
1303 2
688 2
72 2
213 2
40 2
583 2
72 2
200 2
56 2
688 2
40 2
688 2
56 2
583 2
72 2
544 2
1303 2
688 2
72 2
213 2
40 2
583 2
72 2
200 2
56 2
688 2
40 2
688 2
56 2
583 2
72 2
544 2
1303 2
688 2
72 2
213 2
40 2
583 2
72 2
583 2
1303 2
688 2
40 2
688 2
56 2
583 2
72 2
544 2
1303 2
688 2
72 2
213 2
40 2
583 2
72 2
200 2
56 2
688 2
40 2
688 2
56 2
583 2
72 2
544 2
1303 2
688 2
72 2
213 2
40 2
583 2
72 2
200 2
56 2
688 2
40 2
688 2
56 2
583 2
72 2
544 2
1303 2
688 2
72 2
213 2
40 2
583 2
72 2
200 2
56 2
688 2
40 2
688 2
56 2
583 2
72 2
544 2
1303 2
688 2
72 2
213 2
40 2
583 2
72 2
583 2
1303 2
688 2
40 2
688 2
56 2
583 2
72 2
544 2
1303 2
688 2
72 2
213 2
40 2
583 2
72 2
200 2
56 2
688 2
40 2
688 2
56 2
583 2
72 2
544 2
1303 2
688 2
72 2
213 2
40 2
583 2
72 2
200 2
56 2
688 2
40 2
688 2
56 2
583 2
72 2
544 2
1303 2
688 2
72 2
213 2
40 2
583 2
72 2
200 2
56 2
688 2
40 2
688 2
56 2
583 2
72 2
544 2
1303 2
688 2
72 2
213 2
40 2
583 2
72 2
583 2
1303 2
688 2
40 2
688 2
56 2
583 2
72 2
544 2
1303 2
688 2
72 2
213 2
40 2
583 2
72 2
200 2
56 2
688 2
40 2
688 2
56 2
583 2
72 2
544 2
1303 2
688 2
72 2
213 2
40 2
583 2
72 2
200 2
56 2
688 2
40 2
688 2
56 2
583 2
72 2
544 2
1303 2
688 2
72 2
213 2
40 2
583 2
72 2
200 2
56 2
688 2
40 2
688 2
56 2
583 2
72 2
544 2
1303 2
688 2
72 2
213 2
40 2
583 2
72 2
583 2
1303 2
688 2
40 2
688 2
56 2
583 2
72 2
544 2
1303 2
688 2
72 2
213 2
40 2
583 2
72 2
200 2
56 2
688 2
40 2
688 2
56 2
583 2
72 2
544 2
1303 2
688 2
72 2
213 2
40 2
583 2
72 2
200 2
56 2
688 2
40 2
688 2
56 2
583 2
72 2
544 2
1303 2
688 2
72 2
213 2
40 2
583 2
72 2
200 2
56 2
688 2
40 2
688 2
56 2
583 2
72 2
544 2
1303 2
688 2
72 2
213 2
40 2
583 2
72 2
200 2
56 2
688 2
40 2
688 2
56 2
583 2
72 2
544 2
1303 2
688 2
72 2
213 2
40 2
583 2
72 2
200 2
56 2
688 2
40 2
688 2
56 2
583 2
72 2
544 2
1303 2
688 2
72 2
213 2
40 2
583 2
72 2
200 2
56 2
688 2
40 2
688 2
56 2
583 2
72 2
544 2
1303 2
688 2
72 2
213 2
40 2
583 2
72 2
200 2
56 2
688 2
40 2
688 2
56 2
583 2
72 2
544 2
1303 2
688 2
72 2
213 2
40 2
583 2
72 2
200 2
56 2
213 2
40 2
201 2
56 2
212 2
72 2
200 2
56 2
688 2
72 2
1447 2
40 2
1437 2
72 2
1293 2
1303 2
688 2
40 2
688 2
56 2
583 2
72 2
544 2
1303 2
688 2
72 2
213 2
40 2
583 2
72 2
200 2
56 2
688 2
40 2
688 2
56 2
583 2
72 2
544 2
1303 2
688 2
72 2
213 2
40 2
583 2
72 2
200 2
56 2
688 2
40 2
688 2
56 2
583 2
72 2
544 2
1303 2
688 2
72 2
213 2
40 2
583 2
72 2
200 2
56 2
688 2
40 2
688 2
56 2
583 2
72 2
544 2
1303 2
688 2
72 2
213 2
40 2
583 2
72 2
583 2
1303 2
688 2
40 2
688 2
56 2
583 2
72 2
544 2
1303 2
688 2
72 2
213 2
40 2
583 2
72 2
200 2
56 2
688 2
40 2
688 2
56 2
583 2
72 2
544 2
1303 2
688 2
72 2
213 2
40 2
583 2
72 2
200 2
56 2
688 2
40 2
688 2
56 2
583 2
72 2
544 2
1303 2
688 2
72 2
213 2
40 2
583 2
72 2
200 2
56 2
688 2
40 2
688 2
56 2
583 2
72 2
544 2
1303 2
688 2
72 2
213 2
40 2
583 2
72 2
583 2
1303 2
688 2
40 2
688 2
56 2
583 2
72 2
544 2
1303 2
688 2
72 2
213 2
40 2
583 2
72 2
200 2
56 2
688 2
40 2
688 2
56 2
583 2
72 2
544 2
1303 2
688 2
72 2
213 2
40 2
583 2
72 2
200 2
56 2
688 2
40 2
688 2
56 2
583 2
72 2
544 2
1303 2
688 2
72 2
213 2
40 2
583 2
72 2
200 2
56 2
688 2
40 2
688 2
56 2
583 2
72 2
544 2
1303 2
688 2
72 2
213 2
40 2
583 2
72 2
583 2
1303 2
688 2
40 2
688 2
56 2
583 2
72 2
544 2
1303 2
688 2
72 2
213 2
40 2
583 2
72 2
200 2
56 2
688 2
40 2
688 2
56 2
583 2
72 2
544 2
1303 2
688 2
72 2
213 2
40 2
583 2
72 2
200 2
56 2
688 2
40 2
688 2
56 2
583 2
72 2
544 2
1303 2
688 2
72 2
213 2
40 2
583 2
72 2
200 2
56 2
688 2
40 2
688 2
56 2
583 2
72 2
544 2
1303 2
688 2
72 2
213 2
40 2
583 2
72 2
200 2
56 2
688 2
40 2
688 2
56 2
583 2
72 2
544 2
1303 2
688 2
72 2
213 2
40 2
583 2
72 2
200 2
56 2
688 2
40 2
688 2
56 2
583 2
72 2
544 2
1303 2
688 2
72 2
213 2
40 2
583 2
72 2
200 2
56 2
688 2
40 2
688 2
56 2
583 2
72 2
544 2
1303 2
688 2
72 2
213 2
40 2
583 2
72 2
200 2
56 2
688 2
40 2
688 2
56 2
583 2
72 2
544 2
1303 2
688 2
72 2
213 2
40 2
583 2
72 2
200 2
56 2
213 2
40 2
201 2
56 2
212 2
72 2
200 2
56 2
40 2
72 2
213 2
40 2
212 2
E
S
L
72 12
5 2
7 2
7 2
7 2
2 4
5 4
6 4
7 7
72 4
5 2
7 2
7 2
7 2
10 4
9 4
8 4
7 7
72 4
5 2
7 2
7 2
7 2
2 4
5 4
6 4
7 7
72 4
5 2
7 2
7 4
10 4
9 4
8 4
7 7
17 2
72 2
17 2
19 2
7 2
7 2
2 4
5 4
6 4
7 7
72 4
5 2
7 2
7 2
7 2
10 4
9 4
8 4
7 7
72 4
5 2
7 2
7 2
7 2
2 4
5 4
6 4
7 7
72 4
5 2
7 2
7 4
10 4
9 4
8 4
7 7
17 2
72 2
17 2
19 2
7 2
7 2
2 4
5 4
6 4
7 7
72 4
5 2
7 2
7 2
7 2
10 4
9 4
8 4
7 7
72 4
5 2
7 2
7 2
7 2
2 4
5 4
6 4
7 7
72 4
5 2
7 2
7 4
10 4
9 4
8 4
7 7
17 2
72 2
17 2
19 2
7 2
7 2
2 4
5 4
6 4
7 7
72 4
5 2
7 2
7 2
7 2
10 4
9 4
8 4
7 7
72 4
5 2
7 2
7 2
7 2
2 4
5 4
6 4
7 7
72 4
5 2
7 2
7 4
10 4
9 4
8 4
7 7
17 2
72 2
17 2
19 2
7 2
7 2
2 4
5 4
6 4
7 7
72 4
5 2
7 2
7 2
7 2
10 4
9 4
8 4
7 7
72 4
5 2
7 2
7 2
7 2
2 4
5 4
6 4
7 7
72 4
5 2
7 2
7 4
10 4
9 4
8 4
7 7
17 2
72 2
17 2
19 2
12 2
12 2
7 4
10 4
7 4
12 4
7 4
10 4
12 4
14 2
14 2
9 4
12 4
9 4
14 4
9 4
12 4
14 4
15 2
15 2
10 4
13 4
10 4
15 4
10 4
13 4
15 4
5 2
72 2
5 2
72 2
5 2
72 2
5 2
72 2
6 2
72 2
6 2
72 2
6 2
72 2
6 2
72 2
6 12
6 2
7 2
7 2
7 2
2 4
5 4
6 4
7 7
72 4
5 2
7 2
7 2
7 2
10 4
9 4
8 4
7 7
72 4
5 2
7 2
7 2
7 2
2 4
5 4
6 4
7 7
72 4
5 2
7 2
7 4
10 4
9 4
8 4
7 7
17 2
72 2
17 2
19 2
7 2
7 2
2 4
5 4
6 4
7 7
72 4
5 2
7 2
7 2
7 2
10 4
9 4
8 4
7 7
72 4
5 2
7 2
7 2
7 2
2 4
5 4
6 4
7 7
72 4
5 2
7 2
7 4
10 4
9 4
8 4
7 7
17 2
72 2
17 2
19 2
7 2
7 2
2 4
5 4
6 4
7 7
72 4
5 2
7 2
7 2
7 2
10 4
9 4
8 4
7 7
72 4
5 2
7 2
7 2
7 2
2 4
5 4
6 4
7 7
72 4
5 2
7 2
7 4
10 4
9 4
8 4
7 7
17 2
72 2
17 2
19 2
7 2
7 2
2 4
5 4
6 4
7 7
72 4
5 2
7 2
7 2
7 2
10 4
9 4
8 4
7 7
72 4
5 2
7 2
7 2
7 2
2 4
5 4
6 4
7 7
72 4
5 2
7 2
7 4
10 4
9 4
8 4
7 7
17 2
72 2
17 2
19 2
12 2
12 2
7 4
10 4
7 4
12 4
7 4
10 4
12 4
14 2
14 2
9 4
12 4
9 4
14 4
9 4
12 4
14 4
15 2
15 2
10 4
13 4
10 4
15 4
10 4
13 4
15 4
5 2
72 2
5 2
72 2
5 2
72 2
5 2
72 2
6 2
72 2
6 2
72 2
6 2
72 2
6 2
72 2
6 12
E
X
