minor
S
L
9 3
72 1
9 3
72 1
11 3
72 1
11 3
72 1
12 3
72 1
12 3
72 1
13 3
72 1
13 3
72 1
2 3
9 2
14 3
72 1
12 3
72 1
11 4
12 3
72 10
7 3
72 1
7 3
72 1
9 3
72 1
9 3
72 1
10 3
72 10
2 3
9 2
14 3
72 1
12 3
72 1
11 4
12 3
72 10
7 3
72 1
7 3
72 1
9 3
72 1
9 3
72 1
10 3
72 10
2 4
14 3
72 1
12 3
72 1
14 4
2 2
72 0
2 2
14 4
12 4
14 3
9 2
7 3
72 1
7 4
9 3
72 1
9 4
10 3
72 9
12 2
2 4
14 3
72 1
12 3
72 1
14 4
2 2
72 0
2 2
14 4
12 4
14 3
9 2
7 3
72 1
7 4
9 3
72 1
9 4
10 3
72 10
2 4
14 3
72 1
12 3
72 1
14 4
2 2
72 0
2 2
14 4
12 4
14 3
9 2
7 3
72 1
7 4
9 3
72 1
9 4
10 3
72 9
12 2
2 4
14 3
72 1
12 3
72 1
14 4
2 2
72 0
2 2
14 4
12 4
14 3
9 2
7 3
72 1
7 4
9 3
72 1
9 4
10 3
72 10
12 3
72 1
12 3
72 1
11 3
72 1
10 3
72 1
9 3
72 1
9 3
72 1
16 3
72 1
9 3
72 1
14 3
72 1
9 3
72 1
12 3
72 1
13 3
72 1
14 3
14 2
9 3
72 1
12 3
72 1
14 3
72 1
12 3
72 1
12 3
72 1
11 3
72 1
10 3
72 1
9 3
72 1
9 3
72 1
16 3
72 1
9 3
72 1
14 3
72 1
9 3
72 1
12 3
72 1
13 3
72 1
14 3
14 2
9 3
72 1
12 3
72 1
14 3
72 1
12 3
72 1
12 3
72 1
11 3
72 1
10 3
72 1
9 3
72 1
9 3
72 1
16 3
72 1
9 3
72 1
14 3
72 1
9 3
72 1
12 3
72 1
13 3
72 1
14 3
14 2
9 3
72 1
12 3
72 1
14 3
72 1
12 3
72 1
12 3
72 1
11 3
72 1
10 3
72 1
9 3
72 1
9 3
72 1
16 3
72 1
9 3
72 4
2 2
14 4
2 4
14 3
2 2
72 11
2 3
9 2
14 3
72 1
12 3
72 1
11 4
12 3
72 10
7 3
72 1
7 3
72 1
9 3
72 1
9 3
72 1
10 3
72 10
2 3
9 2
14 3
72 1
12 3
72 1
11 4
12 3
72 10
7 3
72 1
7 3
72 1
9 3
72 1
9 3
72 1
10 3
72 10
2 4
14 3
72 1
12 3
72 1
14 4
2 2
72 0
2 2
14 4
12 4
14 3
9 2
7 3
72 1
7 4
9 3
72 1
9 4
10 3
72 9
12 2
2 4
14 3
72 1
12 3
72 1
14 4
2 2
72 0
2 2
14 4
12 4
14 3
9 2
7 3
72 1
7 4
9 3
72 1
9 4
10 3
72 10
2 4
14 3
72 1
12 3
72 1
14 4
2 2
72 0
2 2
14 4
12 4
14 3
9 2
7 3
72 1
7 4
9 3
72 1
9 4
10 3
72 9
12 2
2 4
14 3
72 1
12 3
72 1
14 4
2 2
72 0
2 2
14 4
12 4
14 3
9 2
7 3
72 1
7 4
9 3
72 1
9 4
10 3
72 10
12 3
72 1
12 3
72 1
11 3
72 1
10 3
72 1
9 3
72 1
9 3
72 1
16 3
72 1
9 3
72 1
14 3
72 1
9 3
72 1
12 3
72 1
13 3
72 1
14 3
14 2
9 3
72 1
12 3
72 1
14 3
72 1
12 3
72 1
12 3
72 1
11 3
72 1
10 3
72 1
9 3
72 1
9 3
72 1
16 3
72 1
9 3
72 1
14 3
72 1
9 3
72 1
12 3
72 1
13 3
72 1
14 3
14 2
9 3
72 1
12 3
72 1
14 3
72 1
12 3
72 1
12 3
72 1
11 3
72 1
10 3
72 1
9 3
72 1
9 3
72 1
16 3
72 1
9 3
72 1
14 3
72 1
9 3
72 1
12 3
72 1
13 3
72 1
14 3
14 2
9 3
72 1
12 3
72 1
14 3
72 1
12 3
72 1
12 3
72 1
11 3
72 1
10 3
72 1
9 3
72 1
9 3
72 1
16 3
72 1
9 3
72 4
2 2
14 4
2 4
14 3
2 2
72 11
2 3
9 2
14 3
72 1
12 3
72 1
11 4
12 3
72 10
7 3
72 1
7 3
72 1
9 3
72 1
9 3
72 1
10 3
72 10
2 3
9 2
14 3
72 1
12 3
72 1
11 4
12 3
72 10
7 3
72 1
7 3
72 1
9 3
72 1
9 3
72 1
10 3
72 10
2 4
14 3
72 1
12 3
72 1
14 4
2 2
72 0
2 2
14 4
12 4
14 3
9 2
7 3
72 1
7 4
9 3
72 1
9 4
10 3
72 9
12 2
2 4
14 3
72 1
12 3
72 1
14 4
2 2
72 0
2 2
14 4
12 4
14 3
9 2
7 3
72 1
7 4
9 3
72 1
9 4
10 3
E
S
L
9 3
72 1
9 3
72 1
11 3
72 1
11 3
72 1
12 3
72 1
12 3
72 1
13 3
72 1
13 3
72 1
2 3
9 2
14 3
72 1
12 3
72 1
11 4
12 3
72 10
7 3
72 1
7 3
72 1
9 3
72 1
9 3
72 1
10 3
72 10
2 3
9 2
14 3
72 1
12 3
72 1
11 4
12 3
72 10
7 3
72 1
7 3
72 1
9 3
72 1
9 3
72 1
10 3
72 10
2 4
14 3
72 1
12 3
72 1
14 4
2 2
72 0
2 2
14 4
12 4
14 3
9 2
7 3
72 1
7 4
9 3
72 1
9 4
10 3
72 9
12 2
2 4
14 3
72 1
12 3
72 1
14 4
2 2
72 0
2 2
14 4
12 4
14 3
9 2
7 3
72 1
7 4
9 3
72 1
9 4
10 3
72 10
2 4
14 3
72 1
12 3
72 1
14 4
2 2
72 0
2 2
14 4
12 4
14 3
9 2
7 3
72 1
7 4
9 3
72 1
9 4
10 3
72 9
12 2
2 4
14 3
72 1
12 3
72 1
14 4
2 2
72 0
2 2
14 4
12 4
14 3
9 2
7 3
72 1
7 4
9 3
72 1
9 4
10 3
72 10
12 3
72 1
12 3
72 1
11 3
72 1
10 3
72 1
9 3
72 1
9 3
72 1
16 3
72 1
9 3
72 1
14 3
72 1
9 3
72 1
12 3
72 1
13 3
72 1
14 3
14 2
9 3
72 1
12 3
72 1
14 3
72 1
12 3
72 1
12 3
72 1
11 3
72 1
10 3
72 1
9 3
72 1
9 3
72 1
16 3
72 1
9 3
72 1
14 3
72 1
9 3
72 1
12 3
72 1
13 3
72 1
14 3
14 2
9 3
72 1
12 3
72 1
14 3
72 1
12 3
72 1
12 3
72 1
11 3
72 1
10 3
72 1
9 3
72 1
9 3
72 1
16 3
72 1
9 3
72 1
14 3
72 1
9 3
72 1
12 3
72 1
13 3
72 1
14 3
14 2
9 3
72 1
12 3
72 1
14 3
72 1
12 3
72 1
12 3
72 1
11 3
72 1
10 3
72 1
9 3
72 1
9 3
72 1
16 3
72 1
9 3
72 4
2 2
14 4
2 4
14 3
2 2
72 11
2 3
9 2
14 3
72 1
12 3
72 1
11 4
12 3
72 10
7 3
72 1
7 3
72 1
9 3
72 1
9 3
72 1
10 3
72 10
2 3
9 2
14 3
72 1
12 3
72 1
11 4
12 3
72 10
7 3
72 1
7 3
72 1
9 3
72 1
9 3
72 1
10 3
72 10
2 4
14 3
72 1
12 3
72 1
14 4
2 2
72 0
2 2
14 4
12 4
14 3
9 2
7 3
72 1
7 4
9 3
72 1
9 4
10 3
72 9
12 2
2 4
14 3
72 1
12 3
72 1
14 4
2 2
72 0
2 2
14 4
12 4
14 3
9 2
7 3
72 1
7 4
9 3
72 1
9 4
10 3
72 10
2 4
14 3
72 1
12 3
72 1
14 4
2 2
72 0
2 2
14 4
12 4
14 3
9 2
7 3
72 1
7 4
9 3
72 1
9 4
10 3
72 9
12 2
2 4
14 3
72 1
12 3
72 1
14 4
2 2
72 0
2 2
14 4
12 4
14 3
9 2
7 3
72 1
7 4
9 3
72 1
9 4
10 3
72 10
12 3
72 1
12 3
72 1
11 3
72 1
10 3
72 1
9 3
72 1
9 3
72 1
16 3
72 1
9 3
72 1
14 3
72 1
9 3
72 1
12 3
72 1
13 3
72 1
14 3
14 2
9 3
72 1
12 3
72 1
14 3
72 1
12 3
72 1
12 3
72 1
11 3
72 1
10 3
72 1
9 3
72 1
9 3
72 1
16 3
72 1
9 3
72 1
14 3
72 1
9 3
72 1
12 3
72 1
13 3
72 1
14 3
14 2
9 3
72 1
12 3
72 1
14 3
72 1
12 3
72 1
12 3
72 1
11 3
72 1
10 3
72 1
9 3
72 1
9 3
72 1
16 3
72 1
9 3
72 1
14 3
72 1
9 3
72 1
12 3
72 1
13 3
72 1
14 3
14 2
9 3
72 1
12 3
72 1
14 3
72 1
12 3
72 1
12 3
72 1
11 3
72 1
10 3
72 1
9 3
72 1
9 3
72 1
16 3
72 1
9 3
72 4
2 2
14 4
2 4
14 3
2 2
72 11
2 3
9 2
14 3
72 1
12 3
72 1
11 4
12 3
72 10
7 3
72 1
7 3
72 1
9 3
72 1
9 3
72 1
10 3
72 10
2 3
9 2
14 3
72 1
12 3
72 1
11 4
12 3
72 10
7 3
72 1
7 3
72 1
9 3
72 1
9 3
72 1
10 3
72 10
2 4
14 3
72 1
12 3
72 1
14 4
2 2
72 0
2 2
14 4
12 4
14 3
9 2
7 3
72 1
7 4
9 3
72 1
9 4
10 3
72 9
12 2
2 4
14 3
72 1
12 3
72 1
14 4
2 2
72 0
2 2
14 4
12 4
14 3
9 2
7 3
72 1
7 4
9 3
72 1
9 4
10 3
E
S
H
218 3
72 5
218 6
153 2
218 2
72 2
192 2
72 2
166 2
72 2
153 2
72 2
101 3
127 2
72 1
127 2
72 3
127 2
101 4
166 2
72 2
127 9
72 13
101 3
127 2
72 1
127 2
72 3
127 2
101 4
166 2
72 2
127 9
72 13
53 6
52 2
50 2
72 2
48 4
52 2
72 2
48 4
50 2
72 13
53 6
52 2
50 2
72 2
48 4
52 2
72 2
48 4
50 2
72 13
214 6
189 2
163 2
72 2
149 4
189 2
72 2
149 4
163 2
72 13
214 6
189 2
163 2
72 2
149 4
189 2
72 2
149 4
163 2
72 13
192 5
153 2
72 2
101 2
72 2
166 7
153 7
127 2
72 2
127 2
72 2
101 3
127 2
72 1
218 11
72 3
192 5
153 2
72 2
101 2
72 2
166 7
153 7
72 4
127 2
72 2
153 3
127 2
72 1
166 11
72 3
192 5
153 2
72 2
101 2
72 2
166 7
153 7
127 2
72 2
127 2
72 2
101 3
127 2
72 1
218 11
72 3
192 5
153 2
72 2
101 2
72 2
166 7
153 7
72 4
127 4
166 2
72 0
153 2
72 1
127 3
72 11
101 3
127 2
72 1
127 2
72 3
127 2
101 4
166 2
72 2
127 9
72 13
101 3
127 2
72 1
127 2
72 3
127 2
101 4
166 2
72 2
127 9
72 13
53 6
52 2
50 2
72 2
48 4
52 2
72 2
48 4
50 2
72 13
53 6
52 2
50 2
72 2
48 4
52 2
72 2
48 4
50 2
72 13
214 6
189 2
163 2
72 2
149 4
189 2
72 2
149 4
163 2
72 13
214 6
189 2
163 2
72 2
149 4
189 2
72 2
149 4
163 2
72 13
192 5
153 2
72 2
101 2
72 2
166 7
153 7
127 2
72 2
127 2
72 2
101 3
127 2
72 1
218 11
72 3
192 5
153 2
72 2
101 2
72 2
166 7
153 7
72 4
127 2
72 2
153 3
127 2
72 1
166 11
72 3
192 5
153 2
72 2
101 2
72 2
166 7
153 7
127 2
72 2
127 2
72 2
101 3
127 2
72 1
218 11
72 3
192 5
153 2
72 2
101 2
72 2
166 7
153 7
72 4
127 4
166 2
72 0
153 2
72 1
127 3
72 11
101 3
127 2
72 1
127 2
72 3
127 2
101 4
166 2
72 2
127 9
72 13
101 3
127 2
72 1
127 2
72 3
127 2
101 4
166 2
72 2
127 9
72 13
53 6
52 2
50 2
72 2
48 4
52 2
72 2
48 4
50 2
72 13
53 6
52 2
50 2
72 2
48 4
52 2
72 2
48 4
50 2
E
S
H
72 2
218 3
72 5
218 6
153 2
218 2
72 1
192 2
72 3
166 2
72 1
153 2
72 3
101 3
127 2
72 2
127 2
72 2
127 2
101 4
72 0
166 2
72 1
127 9
72 13
101 3
127 2
72 2
127 2
72 2
127 2
101 4
72 0
166 2
72 1
127 9
72 13
53 6
52 2
50 2
72 1
48 4
72 0
52 2
72 1
48 4
72 0
50 2
72 13
53 6
52 2
50 2
72 1
48 4
72 0
52 2
72 1
48 4
72 0
50 2
72 13
214 6
189 2
163 2
72 1
149 4
72 0
189 2
72 1
149 4
72 0
163 2
72 13
214 6
189 2
163 2
72 1
149 4
72 0
189 2
72 1
149 4
72 0
163 2
72 13
192 5
72 0
153 2
72 1
101 2
72 3
166 7
153 7
127 2
72 1
127 2
72 3
101 3
127 2
72 2
218 11
72 2
192 5
72 0
153 2
72 1
101 2
72 3
166 7
153 7
72 4
127 2
72 3
153 3
127 2
72 2
166 11
72 2
192 5
72 0
153 2
72 1
101 2
72 3
166 7
153 7
127 2
72 1
127 2
72 3
101 3
127 2
72 2
218 11
72 2
192 5
72 0
153 2
72 1
101 2
72 3
166 7
153 7
72 4
127 4
72 0
166 2
153 2
72 2
127 3
72 11
101 3
127 2
72 2
127 2
72 2
127 2
101 4
72 0
166 2
72 1
127 9
72 13
101 3
127 2
72 2
127 2
72 2
127 2
101 4
72 0
166 2
72 1
127 9
72 13
53 6
52 2
50 2
72 1
48 4
72 0
52 2
72 1
48 4
72 0
50 2
72 13
53 6
52 2
50 2
72 1
48 4
72 0
52 2
72 1
48 4
72 0
50 2
72 13
214 6
189 2
163 2
72 1
149 4
72 0
189 2
72 1
149 4
72 0
163 2
72 13
214 6
189 2
163 2
72 1
149 4
72 0
189 2
72 1
149 4
72 0
163 2
72 13
192 5
72 0
153 2
72 1
101 2
72 3
166 7
153 7
127 2
72 1
127 2
72 3
101 3
127 2
72 2
218 11
72 2
192 5
72 0
153 2
72 1
101 2
72 3
166 7
153 7
72 4
127 2
72 3
153 3
127 2
72 2
166 11
72 2
192 5
72 0
153 2
72 1
101 2
72 3
166 7
153 7
127 2
72 1
127 2
72 3
101 3
127 2
72 2
218 11
72 2
192 5
72 0
153 2
72 1
101 2
72 3
166 7
153 7
72 4
127 4
72 0
166 2
153 2
72 2
127 3
72 11
101 3
127 2
72 2
127 2
72 2
127 2
101 4
72 0
166 2
72 1
127 9
72 13
101 3
127 2
72 2
127 2
72 2
127 2
101 4
72 0
166 2
72 1
127 9
72 13
53 6
52 2
50 2
72 1
48 4
72 0
52 2
72 1
48 4
72 0
50 2
72 13
53 6
52 2
50 2
72 1
48 4
72 0
52 2
72 1
48 4
72 0
50 2
E
S
H
72 3
218 3
72 5
218 6
72 1
153 2
218 2
72 1
192 2
72 3
166 2
72 1
153 2
72 3
101 3
127 2
72 3
127 2
72 1
127 2
101 4
72 0
166 2
72 1
127 9
72 13
101 3
127 2
72 3
127 2
72 1
127 2
101 4
72 0
166 2
72 1
127 9
72 13
53 6
72 1
52 2
50 2
72 1
48 4
72 0
52 2
72 1
48 4
72 0
50 2
72 13
53 6
72 1
52 2
50 2
72 1
48 4
72 0
52 2
72 1
48 4
72 0
50 2
72 13
214 6
72 1
189 2
163 2
72 1
149 4
72 0
189 2
72 1
149 4
72 0
163 2
72 13
214 6
72 1
189 2
163 2
72 1
149 4
72 0
189 2
72 1
149 4
72 0
163 2
72 13
192 5
153 2
72 1
101 2
72 3
166 7
153 7
127 2
72 1
127 2
72 3
101 3
127 2
72 3
218 11
72 1
192 5
153 2
72 1
101 2
72 3
166 7
153 7
72 4
127 2
72 3
153 3
127 2
72 3
166 11
72 1
192 5
153 2
72 1
101 2
72 3
166 7
153 7
127 2
72 1
127 2
72 3
101 3
127 2
72 3
218 11
72 1
192 5
153 2
72 1
101 2
72 3
166 7
153 7
72 4
127 4
72 0
166 2
72 0
153 2
72 3
127 3
72 10
101 3
127 2
72 3
127 2
72 1
127 2
101 4
72 0
166 2
72 1
127 9
72 13
101 3
127 2
72 3
127 2
72 1
127 2
101 4
72 0
166 2
72 1
127 9
72 13
53 6
72 1
52 2
50 2
72 1
48 4
72 0
52 2
72 1
48 4
72 0
50 2
72 13
53 6
72 1
52 2
50 2
72 1
48 4
72 0
52 2
72 1
48 4
72 0
50 2
72 13
214 6
72 1
189 2
163 2
72 1
149 4
72 0
189 2
72 1
149 4
72 0
163 2
72 13
214 6
72 1
189 2
163 2
72 1
149 4
72 0
189 2
72 1
149 4
72 0
163 2
72 13
192 5
153 2
72 1
101 2
72 3
166 7
153 7
127 2
72 1
127 2
72 3
101 3
127 2
72 3
218 11
72 1
192 5
153 2
72 1
101 2
72 3
166 7
153 7
72 4
127 2
72 3
153 3
127 2
72 3
166 11
72 1
192 5
153 2
72 1
101 2
72 3
166 7
153 7
127 2
72 1
127 2
72 3
101 3
127 2
72 3
218 11
72 1
192 5
153 2
72 1
101 2
72 3
166 7
153 7
72 4
127 4
72 0
166 2
72 0
153 2
72 3
127 3
72 10
101 3
127 2
72 3
127 2
72 1
127 2
101 4
72 0
166 2
72 1
127 9
72 13
101 3
127 2
72 3
127 2
72 1
127 2
101 4
72 0
166 2
72 1
127 9
72 13
53 6
72 1
52 2
50 2
72 1
48 4
72 0
52 2
72 1
48 4
72 0
50 2
72 13
53 6
72 1
52 2
50 2
72 1
48 4
72 0
52 2
72 1
48 4
72 0
50 2
E
S
H
72 13
850 2
72 6
850 2
72 6
850 2
72 6
850 2
72 6
511 2
72 6
511 2
72 6
511 2
72 6
511 2
72 6
850 2
72 6
850 2
72 6
850 2
72 6
850 2
72 6
511 2
72 6
511 2
72 6
511 2
72 6
511 2
72 13
850 2
72 6
850 2
72 6
850 2
72 6
850 2
72 13
850 2
72 6
850 2
72 6
850 2
850 2
72 4
850 2
72 13
850 2
72 6
850 2
72 6
850 2
72 6
850 2
72 13
850 2
72 6
850 2
72 6
850 2
72 6
850 2
72 6
209 2
72 6
209 2
72 6
354 2
72 6
354 2
72 6
499 2
72 6
499 2
72 6
499 2
72 6
499 2
72 6
209 2
72 6
209 2
72 6
354 2
72 6
354 2
72 6
499 2
72 6
499 2
72 6
499 2
72 6
499 2
72 6
209 2
72 6
209 2
72 6
354 2
72 6
354 2
72 6
499 2
72 6
499 2
72 6
499 2
72 6
499 2
72 6
209 2
72 6
209 2
72 6
354 2
72 6
354 2
72 13
850 2
72 6
850 2
72 6
850 2
72 6
850 2
72 6
511 2
72 6
511 2
72 6
511 2
72 6
511 2
72 6
850 2
72 6
850 2
72 6
850 2
72 6
850 2
72 6
511 2
72 6
511 2
72 6
511 2
72 6
511 2
72 13
850 2
72 6
850 2
72 6
850 2
72 6
850 2
72 13
850 2
72 6
850 2
72 6
850 2
850 2
72 4
850 2
72 13
850 2
72 6
850 2
72 6
850 2
72 6
850 2
72 13
850 2
72 6
850 2
72 6
850 2
72 6
850 2
72 6
209 2
72 6
209 2
72 6
354 2
72 6
354 2
72 6
499 2
72 6
499 2
72 6
499 2
72 6
499 2
72 6
209 2
72 6
209 2
72 6
354 2
72 6
354 2
72 6
499 2
72 6
499 2
72 6
499 2
72 6
499 2
72 6
209 2
72 6
209 2
72 6
354 2
72 6
354 2
72 6
499 2
72 6
499 2
72 6
499 2
72 6
499 2
72 6
209 2
72 6
209 2
72 6
354 2
72 6
354 2
72 13
850 2
72 6
850 2
72 6
850 2
72 6
850 2
72 6
511 2
72 6
511 2
72 6
511 2
72 6
511 2
72 6
850 2
72 6
850 2
72 6
850 2
72 6
850 2
72 6
511 2
72 6
511 2
72 6
511 2
72 6
511 2
72 13
850 2
72 6
850 2
72 6
850 2
72 6
850 2
72 13
850 2
72 6
850 2
72 6
850 2
850 2
72 4
850 2
E
S
H
72 13
850 2
72 6
850 2
72 6
850 2
72 6
850 2
72 6
511 2
72 6
511 2
72 6
511 2
72 6
511 2
72 6
850 2
72 6
850 2
72 6
850 2
72 6
850 2
72 6
511 2
72 6
511 2
72 6
511 2
72 6
511 2
72 13
850 2
72 6
850 2
72 6
850 2
72 6
850 2
72 13
850 2
72 6
850 2
72 6
850 2
72 0
850 2
72 4
850 2
72 13
850 2
72 6
850 2
72 6
850 2
72 6
850 2
72 13
850 2
72 6
850 2
72 6
850 2
72 6
850 2
72 6
209 2
72 6
209 2
72 6
354 2
72 6
354 2
72 6
499 2
72 6
499 2
72 6
499 2
72 6
499 2
72 6
209 2
72 6
209 2
72 6
354 2
72 6
354 2
72 6
499 2
72 6
499 2
72 6
499 2
72 6
499 2
72 6
209 2
72 6
209 2
72 6
354 2
72 6
354 2
72 6
499 2
72 6
499 2
72 6
499 2
72 6
499 2
72 6
209 2
72 6
209 2
72 6
354 2
72 6
354 2
72 13
850 2
72 6
850 2
72 6
850 2
72 6
850 2
72 6
511 2
72 6
511 2
72 6
511 2
72 6
511 2
72 6
850 2
72 6
850 2
72 6
850 2
72 6
850 2
72 6
511 2
72 6
511 2
72 6
511 2
72 6
511 2
72 13
850 2
72 6
850 2
72 6
850 2
72 6
850 2
72 13
850 2
72 6
850 2
72 6
850 2
72 0
850 2
72 4
850 2
72 13
850 2
72 6
850 2
72 6
850 2
72 6
850 2
72 13
850 2
72 6
850 2
72 6
850 2
72 6
850 2
72 6
209 2
72 6
209 2
72 6
354 2
72 6
354 2
72 6
499 2
72 6
499 2
72 6
499 2
72 6
499 2
72 6
209 2
72 6
209 2
72 6
354 2
72 6
354 2
72 6
499 2
72 6
499 2
72 6
499 2
72 6
499 2
72 6
209 2
72 6
209 2
72 6
354 2
72 6
354 2
72 6
499 2
72 6
499 2
72 6
499 2
72 6
499 2
72 6
209 2
72 6
209 2
72 6
354 2
72 6
354 2
72 13
850 2
72 6
850 2
72 6
850 2
72 6
850 2
72 6
511 2
72 6
511 2
72 6
511 2
72 6
511 2
72 6
850 2
72 6
850 2
72 6
850 2
72 6
850 2
72 6
511 2
72 6
511 2
72 6
511 2
72 6
511 2
72 13
850 2
72 6
850 2
72 6
850 2
72 6
850 2
72 13
850 2
72 6
850 2
72 6
850 2
72 0
850 2
72 4
850 2
E
S
H
72 14
163 3
149 2
163 3
149 2
163 2
72 14
163 3
149 2
163 3
149 2
163 2
72 14
45 2
72 2
41 4
43 3
41 2
38 4
72 13
45 2
72 2
41 4
43 3
45 2
72 14
45 2
72 2
41 4
43 3
41 2
38 4
72 13
45 2
72 2
41 4
43 3
45 2
72 14
163 3
149 2
163 3
149 2
163 2
72 14
163 3
149 2
163 3
149 2
163 2
72 14
45 2
72 2
41 4
43 3
41 2
38 4
72 13
45 2
72 2
41 4
43 3
45 2
72 14
45 2
72 2
41 4
43 3
41 2
38 4
72 13
45 2
72 2
41 4
43 3
45 2
72 14
163 3
149 2
163 3
149 2
163 2
72 14
163 3
149 2
163 3
149 2
163 2
72 14
45 2
72 2
41 4
43 3
41 2
38 4
72 13
45 2
72 2
41 4
43 3
45 2
E
S
H
72 14
163 3
72 1
149 2
163 3
149 2
163 2
72 14
163 3
72 1
149 2
163 3
149 2
163 2
72 14
45 2
72 1
41 4
72 0
43 3
41 2
38 4
72 14
45 2
72 1
41 4
72 0
43 3
45 2
72 14
45 2
72 1
41 4
72 0
43 3
41 2
38 4
72 14
45 2
72 1
41 4
72 0
43 3
45 2
72 14
163 3
72 1
149 2
163 3
149 2
163 2
72 14
163 3
72 1
149 2
163 3
149 2
163 2
72 14
45 2
72 1
41 4
72 0
43 3
41 2
38 4
72 14
45 2
72 1
41 4
72 0
43 3
45 2
72 14
45 2
72 1
41 4
72 0
43 3
41 2
38 4
72 14
45 2
72 1
41 4
72 0
43 3
45 2
72 14
163 3
72 1
149 2
163 3
149 2
163 2
72 14
163 3
72 1
149 2
163 3
149 2
163 2
72 14
45 2
72 1
41 4
72 0
43 3
41 2
38 4
72 14
45 2
72 1
41 4
72 0
43 3
45 2
E
S
L
173 2
72 0
18 2
175 2
18 2
221 2
72 0
18 2
175 2
173 2
175 2
72 0
18 2
175 2
72 2
223 2
72 0
12 2
175 2
175 2
1469 2
72 0
18 2
221 2
18 2
175 2
72 0
184 2
173 2
18 2
173 2
72 0
18 2
184 2
18 2
175 2
72 0
18 2
173 2
18 2
173 2
72 0
18 2
221 2
18 2
175 2
72 0
184 2
173 2
18 2
173 2
72 0
18 2
184 2
18 2
175 2
72 0
18 2
173 2
18 2
173 2
72 0
18 2
221 2
18 2
175 2
72 0
184 2
173 2
18 2
173 2
72 0
18 2
184 2
18 2
175 2
72 0
18 2
173 2
18 2
173 2
72 0
18 2
221 2
18 2
175 2
72 0
184 2
173 2
18 2
173 2
72 0
18 2
184 2
18 2
175 2
72 0
18 2
173 2
18 2
317 2
72 0
18 2
221 2
18 2
175 2
72 0
184 2
173 2
18 2
173 2
72 0
18 2
184 2
18 2
175 2
72 0
18 2
173 2
18 2
173 2
72 0
18 2
221 2
18 2
175 2
72 0
184 2
173 2
18 2
173 2
72 0
18 2
184 2
18 2
175 2
72 0
18 2
173 2
18 2
173 2
72 0
18 2
221 2
18 2
175 2
72 0
184 2
173 2
18 2
173 2
72 0
18 2
184 2
18 2
175 2
72 0
18 2
173 2
18 2
173 2
72 0
18 2
221 2
18 2
175 2
72 0
184 2
173 2
18 2
173 2
72 0
18 2
184 2
18 2
175 2
72 0
18 2
173 2
18 2
1469 2
72 0
18 2
221 2
18 2
175 2
72 0
184 2
173 2
18 2
173 2
72 0
18 2
184 2
18 2
175 2
72 0
18 2
173 2
18 2
173 2
72 0
18 2
221 2
18 2
175 2
72 0
184 2
173 2
18 2
173 2
72 0
18 2
184 2
18 2
175 2
72 0
18 2
173 2
18 2
173 2
72 0
18 2
221 2
18 2
175 2
72 0
184 2
173 2
18 2
173 2
72 0
18 2
184 2
18 2
175 2
72 0
18 2
173 2
18 2
173 2
72 0
18 2
221 2
18 2
175 2
72 0
184 2
173 2
18 2
173 2
72 0
18 2
184 2
18 2
175 2
72 0
18 2
989 2
175 2
1433 2
72 2
161 2
72 2
139 2
72 0
11 2
161 2
72 2
137 2
72 2
172 2
72 2
139 2
72 2
161 2
72 2
137 2
72 2
161 2
72 2
139 2
72 0
11 2
161 2
72 2
137 2
72 2
172 2
72 2
139 2
72 2
161 2
72 2
137 2
72 2
161 2
72 2
139 2
72 0
11 2
161 2
72 2
137 2
72 2
172 2
72 2
139 2
72 2
161 2
72 2
137 2
72 2
161 2
72 2
139 2
72 0
11 2
161 2
72 2
137 2
72 2
172 2
72 2
139 2
72 2
161 2
72 2
137 2
72 2
161 2
72 2
139 2
72 0
11 2
161 2
72 2
137 2
72 2
172 2
72 2
139 2
72 2
161 2
72 2
137 2
72 2
161 2
72 2
139 2
72 0
11 2
161 2
72 2
137 2
72 2
172 2
72 2
139 2
72 2
161 2
72 2
137 2
72 2
161 2
72 2
139 2
72 0
11 2
161 2
72 2
137 2
72 2
172 2
72 2
139 2
72 2
161 2
72 2
137 2
72 2
161 2
72 2
139 2
72 2
161 2
139 2
72 7
14 2
72 2
14 2
14 2
1469 2
72 0
18 2
221 2
18 2
175 2
72 0
184 2
173 2
18 2
173 2
72 0
18 2
184 2
18 2
175 2
72 0
18 2
173 2
18 2
173 2
72 0
18 2
221 2
18 2
175 2
72 0
184 2
173 2
18 2
173 2
72 0
18 2
184 2
18 2
175 2
72 0
18 2
173 2
18 2
173 2
72 0
18 2
221 2
18 2
175 2
72 0
184 2
173 2
18 2
173 2
72 0
18 2
184 2
18 2
175 2
72 0
18 2
173 2
18 2
173 2
72 0
18 2
221 2
18 2
175 2
72 0
184 2
173 2
18 2
173 2
72 0
18 2
184 2
18 2
175 2
72 0
18 2
173 2
18 2
317 2
72 0
18 2
221 2
18 2
175 2
72 0
184 2
173 2
18 2
173 2
72 0
18 2
184 2
18 2
175 2
72 0
18 2
173 2
18 2
173 2
72 0
18 2
221 2
18 2
175 2
72 0
184 2
173 2
18 2
173 2
72 0
18 2
184 2
18 2
175 2
72 0
18 2
173 2
18 2
173 2
72 0
18 2
221 2
18 2
175 2
72 0
184 2
173 2
18 2
173 2
72 0
18 2
184 2
18 2
175 2
72 0
18 2
173 2
18 2
173 2
72 0
18 2
221 2
18 2
175 2
72 0
184 2
173 2
18 2
173 2
72 0
18 2
184 2
18 2
175 2
72 0
18 2
173 2
18 2
1469 2
72 0
18 2
221 2
18 2
175 2
72 0
184 2
173 2
18 2
173 2
72 0
18 2
184 2
18 2
175 2
72 0
18 2
173 2
18 2
173 2
72 0
18 2
221 2
18 2
175 2
72 0
184 2
173 2
18 2
173 2
72 0
18 2
184 2
18 2
175 2
72 0
18 2
173 2
18 2
173 2
72 0
18 2
221 2
18 2
175 2
72 0
184 2
173 2
18 2
173 2
72 0
18 2
184 2
18 2
175 2
72 0
18 2
173 2
18 2
173 2
72 0
18 2
221 2
18 2
175 2
72 0
184 2
173 2
18 2
173 2
72 0
18 2
184 2
18 2
175 2
72 0
18 2
989 2
175 2
1433 2
72 2
161 2
72 2
139 2
72 0
11 2
161 2
72 2
137 2
72 2
172 2
72 2
139 2
72 2
161 2
72 2
137 2
72 2
161 2
72 2
139 2
72 0
11 2
161 2
72 2
137 2
72 2
172 2
72 2
139 2
72 2
161 2
72 2
137 2
72 2
161 2
72 2
139 2
72 0
11 2
161 2
72 2
137 2
72 2
172 2
72 2
139 2
72 2
161 2
72 2
137 2
72 2
161 2
72 2
139 2
72 0
11 2
161 2
72 2
137 2
72 2
172 2
72 2
139 2
72 2
161 2
72 2
137 2
72 2
161 2
72 2
139 2
72 0
11 2
161 2
72 2
137 2
72 2
172 2
72 2
139 2
72 2
161 2
72 2
137 2
72 2
161 2
72 2
139 2
72 0
11 2
161 2
72 2
137 2
72 2
172 2
72 2
139 2
72 2
161 2
72 2
137 2
72 2
161 2
72 2
139 2
72 0
11 2
161 2
72 2
137 2
72 2
172 2
72 2
139 2
72 2
161 2
72 2
137 2
72 2
161 2
72 2
139 2
72 2
161 2
139 2
72 7
14 2
72 2
14 2
14 2
1469 2
72 0
18 2
221 2
18 2
175 2
72 0
184 2
173 2
18 2
173 2
72 0
18 2
184 2
18 2
175 2
72 0
18 2
173 2
18 2
173 2
72 0
18 2
221 2
18 2
175 2
72 0
184 2
173 2
18 2
173 2
72 0
18 2
184 2
18 2
175 2
72 0
18 2
173 2
18 2
173 2
72 0
18 2
221 2
18 2
175 2
72 0
184 2
173 2
18 2
173 2
72 0
18 2
184 2
18 2
175 2
72 0
18 2
173 2
18 2
173 2
72 0
18 2
221 2
18 2
175 2
72 0
184 2
173 2
18 2
173 2
72 0
18 2
184 2
18 2
175 2
72 0
18 2
173 2
18 2
317 2
72 0
18 2
221 2
18 2
175 2
72 0
184 2
173 2
18 2
173 2
72 0
18 2
184 2
18 2
175 2
72 0
18 2
173 2
18 2
173 2
72 0
18 2
221 2
18 2
175 2
72 0
184 2
173 2
18 2
173 2
72 0
18 2
184 2
18 2
175 2
72 0
18 2
173 2
18 2
173 2
72 0
18 2
221 2
18 2
175 2
72 0
184 2
173 2
18 2
173 2
72 0
18 2
184 2
18 2
175 2
72 0
18 2
173 2
18 2
173 2
72 0
18 2
221 2
18 2
175 2
72 0
184 2
173 2
18 2
173 2
72 0
18 2
184 2
18 2
175 2
72 0
18 2
173 2
18 2
E
S
H
72 14
163 2
72 2
163 2
72 2
149 3
163 2
72 1
163 4
72 0
149 2
163 2
72 2
149 3
163 2
72 13
41 2
72 2
43 3
41 2
72 1
45 11
72 13
163 2
72 2
163 2
72 2
149 3
163 2
72 1
163 4
72 0
149 2
163 2
72 2
149 3
163 2
72 13
163 4
72 3
163 2
72 1
163 3
72 14
163 2
72 2
163 2
72 2
149 3
163 2
72 1
163 4
72 0
149 2
163 2
72 2
149 3
163 2
72 13
41 2
72 2
43 3
41 2
72 1
45 11
72 13
163 2
72 2
163 2
72 2
149 3
163 2
72 1
163 4
72 0
149 2
163 2
72 2
149 3
163 2
72 13
163 4
72 3
163 2
72 1
163 3
E
S
H
72 14
163 2
72 1
163 2
72 3
149 3
163 2
72 3
163 4
149 2
163 2
72 3
149 3
163 2
72 13
41 2
72 3
43 3
41 2
72 3
45 11
72 13
163 2
72 1
163 2
72 3
149 3
163 2
72 3
163 4
149 2
163 2
72 3
149 3
163 2
72 13
163 4
72 4
163 2
72 3
163 3
72 14
163 2
72 1
163 2
72 3
149 3
163 2
72 3
163 4
149 2
163 2
72 3
149 3
163 2
72 13
41 2
72 3
43 3
41 2
72 3
45 11
72 13
163 2
72 1
163 2
72 3
149 3
163 2
72 3
163 4
149 2
163 2
72 3
149 3
163 2
72 13
163 4
72 4
163 2
72 3
163 3
E
X
