major
S
L
12 6
12 2
72 3
10 2
10 4
72 3
9 2
9 4
10 4
10 3
12 2
72 3
24 2
72 1
12 2
72 3
10 2
10 4
72 3
9 2
9 4
10 4
10 4
12 6
12 2
72 3
10 2
10 4
72 3
9 2
9 4
10 4
10 3
12 2
72 3
22 2
72 1
12 2
72 3
10 2
10 4
72 3
9 2
9 4
10 4
10 4
12 6
12 2
72 3
10 2
10 4
72 3
9 2
9 4
10 4
10 3
12 2
72 3
24 2
72 1
12 2
72 3
10 2
10 4
72 3
9 2
9 4
10 4
10 4
12 6
12 2
72 3
10 2
10 4
72 3
9 2
9 4
10 4
10 3
12 2
72 3
22 2
72 1
12 2
72 3
10 2
10 4
72 3
9 2
9 4
10 4
10 4
8 4
6 4
5 4
5 3
6 2
72 3
6 2
5 4
3 4
5 4
8 3
20 2
15 4
17 4
18 3
17 2
72 9
8 4
10 4
8 4
7 4
7 3
8 2
72 3
8 2
7 4
5 4
7 4
10 3
22 2
17 4
19 4
20 3
19 2
72 7
10 3
10 5
8 4
6 4
5 4
5 3
6 2
72 3
6 2
5 4
3 4
5 4
8 3
20 2
15 4
17 4
18 3
17 2
72 9
8 4
10 4
8 4
7 4
7 3
8 2
72 3
8 2
7 4
5 4
7 4
7 4
7 4
7 4
7 3
7 2
72 9
7 3
7 2
5 6
5 2
3 3
5 2
72 6
7 2
19 4
7 7
8 6
8 2
8 3
8 2
72 6
10 2
10 4
10 4
10 3
10 2
5 6
5 2
3 3
5 2
72 6
7 2
19 4
7 7
12 3
12 4
12 2
10 3
10 4
22 2
72 3
8 2
8 4
7 4
7 2
7 2
5 6
5 2
3 3
5 2
72 6
7 2
19 4
7 7
8 6
8 2
8 3
8 2
72 6
10 2
10 4
10 4
10 3
10 2
8 6
8 2
8 3
8 2
72 6
5 2
5 4
5 4
5 3
5 2
72 3
7 2
72 1
7 2
72 3
7 2
7 4
7 2
72 6
5 2
72 0
6 2
7 2
10 2
12 6
12 2
72 3
10 2
10 4
72 3
9 2
9 4
10 4
10 3
12 2
72 3
24 2
72 1
12 2
72 3
10 2
10 4
72 3
9 2
9 4
10 4
10 4
12 6
12 2
72 3
10 2
10 4
72 3
9 2
9 4
10 4
10 3
12 2
72 3
22 2
72 1
12 2
72 3
10 2
10 4
72 3
9 2
9 4
10 4
10 4
12 6
12 2
72 3
10 2
10 4
72 3
9 2
9 4
10 4
10 3
12 2
72 3
24 2
72 1
12 2
72 3
10 2
10 4
72 3
9 2
9 4
10 4
10 4
12 6
12 2
72 3
10 2
10 4
72 3
9 2
9 4
10 4
10 3
12 2
72 3
22 2
72 1
12 2
72 3
10 2
10 4
72 3
9 2
9 4
10 4
10 4
8 4
6 4
5 4
5 3
6 2
72 3
6 2
5 4
3 4
5 4
8 3
20 2
15 4
17 4
18 3
17 2
72 9
8 4
10 4
8 4
7 4
7 3
8 2
72 3
8 2
7 4
5 4
7 4
10 3
22 2
17 4
19 4
20 3
19 2
72 7
10 3
10 5
8 4
6 4
5 4
5 3
6 2
72 3
6 2
5 4
3 4
5 4
8 3
20 2
15 4
17 4
18 3
17 2
72 9
8 4
10 4
8 4
7 4
7 3
8 2
72 3
8 2
7 4
5 4
7 4
7 4
7 4
7 4
7 3
7 2
72 9
7 3
7 2
5 6
5 2
3 3
5 2
72 6
7 2
19 4
7 7
8 6
8 2
8 3
8 2
72 6
10 2
10 4
10 4
10 3
10 2
5 6
5 2
3 3
5 2
72 6
7 2
19 4
7 7
12 3
12 4
12 2
10 3
10 4
22 2
72 3
8 2
8 4
7 4
7 2
7 2
5 6
5 2
3 3
5 2
72 6
7 2
19 4
7 7
8 6
8 2
8 3
8 2
72 6
10 2
10 4
10 4
10 3
10 2
8 6
8 2
8 3
8 2
72 6
5 2
5 4
5 4
5 3
5 2
72 3
7 2
72 1
7 2
72 3
7 2
7 4
7 2
72 6
5 2
72 0
6 2
7 2
10 2
12 6
12 2
72 3
10 2
10 4
72 3
9 2
9 4
10 4
10 3
12 2
72 3
24 2
72 1
12 2
72 3
10 2
10 4
72 3
9 2
9 4
10 4
10 4
12 6
12 2
72 3
10 2
10 4
72 3
9 2
9 4
10 4
10 3
12 2
72 3
22 2
72 1
12 2
72 3
10 2
10 4
72 3
9 2
9 4
10 4
10 4
E
S
L
12 6
12 2
72 3
10 2
10 4
72 3
9 2
9 4
10 4
10 3
12 2
72 3
24 2
72 1
12 2
72 3
10 2
10 4
72 3
9 2
9 4
10 4
10 4
12 6
12 2
72 3
10 2
10 4
72 3
9 2
9 4
10 4
10 3
12 2
72 3
22 2
72 1
12 2
72 3
10 2
10 4
72 3
9 2
9 4
10 4
10 4
12 6
12 2
72 3
10 2
10 4
72 3
9 2
9 4
10 4
10 3
12 2
72 3
24 2
72 1
12 2
72 3
10 2
10 4
72 3
9 2
9 4
10 4
10 4
12 6
12 2
72 3
10 2
10 4
72 3
9 2
9 4
10 4
10 3
12 2
72 3
22 2
72 1
12 2
72 3
10 2
10 4
72 3
9 2
9 4
10 4
10 4
8 4
6 4
5 4
5 3
6 2
72 3
6 2
5 4
3 4
5 4
8 3
20 2
15 4
17 4
18 3
17 2
72 9
8 4
10 4
8 4
7 4
7 3
8 2
72 3
8 2
7 4
5 4
7 4
10 3
22 2
17 4
19 4
20 3
19 2
72 7
10 3
10 5
8 4
6 4
5 4
5 3
6 2
72 3
6 2
5 4
3 4
5 4
8 3
20 2
15 4
17 4
18 3
17 2
72 9
8 4
10 4
8 4
7 4
7 3
8 2
72 3
8 2
7 4
5 4
7 4
7 4
7 4
7 4
7 3
7 2
72 9
7 3
7 2
5 6
5 2
3 3
5 2
72 6
7 2
19 4
7 7
8 6
8 2
8 3
8 2
72 6
10 2
10 4
10 4
10 3
10 2
5 6
5 2
3 3
5 2
72 6
7 2
19 4
7 7
12 3
12 4
12 2
10 3
10 4
22 2
72 3
8 2
8 4
7 4
7 2
7 2
5 6
5 2
3 3
5 2
72 6
7 2
19 4
7 7
8 6
8 2
8 3
8 2
72 6
10 2
10 4
10 4
10 3
10 2
8 6
8 2
8 3
8 2
72 6
5 2
5 4
5 4
5 3
5 2
72 3
7 2
72 1
7 2
72 3
7 2
7 4
7 2
72 6
5 2
72 0
6 2
7 2
10 2
12 6
12 2
72 3
10 2
10 4
72 3
9 2
9 4
10 4
10 3
12 2
72 3
24 2
72 1
12 2
72 3
10 2
10 4
72 3
9 2
9 4
10 4
10 4
12 6
12 2
72 3
10 2
10 4
72 3
9 2
9 4
10 4
10 3
12 2
72 3
22 2
72 1
12 2
72 3
10 2
10 4
72 3
9 2
9 4
10 4
10 4
12 6
12 2
72 3
10 2
10 4
72 3
9 2
9 4
10 4
10 3
12 2
72 3
24 2
72 1
12 2
72 3
10 2
10 4
72 3
9 2
9 4
10 4
10 4
12 6
12 2
72 3
10 2
10 4
72 3
9 2
9 4
10 4
10 3
12 2
72 3
22 2
72 1
12 2
72 3
10 2
10 4
72 3
9 2
9 4
10 4
10 4
8 4
6 4
5 4
5 3
6 2
72 3
6 2
5 4
3 4
5 4
8 3
20 2
15 4
17 4
18 3
17 2
72 9
8 4
10 4
8 4
7 4
7 3
8 2
72 3
8 2
7 4
5 4
7 4
10 3
22 2
17 4
19 4
20 3
19 2
72 7
10 3
10 5
8 4
6 4
5 4
5 3
6 2
72 3
6 2
5 4
3 4
5 4
8 3
20 2
15 4
17 4
18 3
17 2
72 9
8 4
10 4
8 4
7 4
7 3
8 2
72 3
8 2
7 4
5 4
7 4
7 4
7 4
7 4
7 3
7 2
72 9
7 3
7 2
5 6
5 2
3 3
5 2
72 6
7 2
19 4
7 7
8 6
8 2
8 3
8 2
72 6
10 2
10 4
10 4
10 3
10 2
5 6
5 2
3 3
5 2
72 6
7 2
19 4
7 7
12 3
12 4
12 2
10 3
10 4
22 2
72 3
8 2
8 4
7 4
7 2
7 2
5 6
5 2
3 3
5 2
72 6
7 2
19 4
7 7
8 6
8 2
8 3
8 2
72 6
10 2
10 4
10 4
10 3
10 2
8 6
8 2
8 3
8 2
72 6
5 2
5 4
5 4
5 3
5 2
72 3
7 2
72 1
7 2
72 3
7 2
7 4
7 2
72 6
5 2
72 0
6 2
7 2
10 2
12 6
12 2
72 3
10 2
10 4
72 3
9 2
9 4
10 4
10 3
12 2
72 3
24 2
72 1
12 2
72 3
10 2
10 4
72 3
9 2
9 4
10 4
10 4
12 6
12 2
72 3
10 2
10 4
72 3
9 2
9 4
10 4
10 3
12 2
72 3
22 2
72 1
12 2
72 3
10 2
10 4
72 3
9 2
9 4
10 4
10 4
E
S
H
60 2
55 0
72 0
53 0
51 0
72 1
50 0
48 0
72 1
46 0
72 0
45 0
43 0
72 2
41 0
72 3
46 2
45 3
43 2
41 0
42 2
72 0
41 2
39 3
36 2
46 4
46 3
45 3
72 1
43 0
72 0
42 0
41 0
72 1
39 0
38 0
72 1
36 0
72 0
34 0
33 0
72 2
31 0
72 11
46 3
47 2
48 2
43 0
72 0
41 0
39 0
72 1
38 0
36 0
72 1
34 0
72 0
33 0
31 0
72 2
29 0
72 3
41 0
42 0
72 1
41 3
39 2
41 3
39 2
36 3
34 2
43 4
43 3
38 0
39 8
72 12
60 2
55 0
72 0
53 0
51 0
72 1
50 0
48 0
72 1
46 0
72 0
45 0
43 0
72 2
41 0
72 3
46 2
45 3
43 2
41 0
42 2
72 0
41 2
39 3
36 2
46 4
46 3
45 3
72 1
43 0
72 0
42 0
41 0
72 1
39 0
38 0
72 1
36 0
72 0
34 0
33 0
72 2
31 0
72 11
46 3
47 2
48 2
43 0
72 0
41 0
39 0
72 1
38 0
36 0
72 1
34 0
72 0
33 0
31 0
72 2
29 0
72 3
41 0
42 0
72 1
41 3
39 2
41 3
39 2
36 3
34 2
43 4
43 3
38 0
39 8
72 14
36 3
38 2
39 9
38 3
36 2
72 3
38 5
36 2
72 2
34 2
72 2
31 7
34 6
36 8
72 4
36 3
38 2
39 9
38 3
36 2
72 3
38 5
36 2
72 2
34 2
72 2
38 7
38 7
39 7
41 4
36 3
38 2
39 9
38 3
36 2
72 3
38 5
36 2
72 2
34 2
72 2
31 7
34 6
36 8
72 4
36 3
38 2
39 6
39 2
72 3
38 2
39 6
72 0
39 2
41 4
39 4
36 2
39 2
44 2
72 3
48 2
72 1
48 2
72 3
48 2
48 4
47 2
72 10
60 2
55 0
72 0
53 0
51 0
72 1
50 0
48 0
72 1
46 0
72 0
45 0
43 0
72 2
41 0
72 3
46 2
45 3
43 2
41 0
42 2
72 0
41 2
39 3
36 2
46 4
46 3
45 3
72 1
43 0
72 0
42 0
41 0
72 1
39 0
38 0
72 1
36 0
72 0
34 0
33 0
72 2
31 0
72 11
46 3
47 2
48 2
43 0
72 0
41 0
39 0
72 1
38 0
36 0
72 1
34 0
72 0
33 0
31 0
72 2
29 0
72 3
41 0
42 0
72 1
41 3
39 2
41 3
39 2
36 3
34 2
43 4
43 3
38 0
39 8
72 12
60 2
55 0
72 0
53 0
51 0
72 1
50 0
48 0
72 1
46 0
72 0
45 0
43 0
72 2
41 0
72 3
46 2
45 3
43 2
41 0
42 2
72 0
41 2
39 3
36 2
46 4
46 3
45 3
72 1
43 0
72 0
42 0
41 0
72 1
39 0
38 0
72 1
36 0
72 0
34 0
33 0
72 2
31 0
72 11
46 3
47 2
48 2
43 0
72 0
41 0
39 0
72 1
38 0
36 0
72 1
34 0
72 0
33 0
31 0
72 2
29 0
72 3
41 0
42 0
72 1
41 3
39 2
41 3
39 2
36 3
34 2
43 4
43 3
38 0
39 8
72 14
36 3
38 2
39 9
38 3
36 2
72 3
38 5
36 2
72 2
34 2
72 2
31 7
34 6
36 8
72 4
36 3
38 2
39 9
38 3
36 2
72 3
38 5
36 2
72 2
34 2
72 2
38 7
38 7
39 7
41 4
36 3
38 2
39 9
38 3
36 2
72 3
38 5
36 2
72 2
34 2
72 2
31 7
34 6
36 8
72 4
36 3
38 2
39 6
39 2
72 3
38 2
39 6
72 0
39 2
41 4
39 4
36 2
39 2
44 2
72 3
48 2
72 1
48 2
72 3
48 2
48 4
47 2
72 10
60 2
55 0
72 0
53 0
51 0
72 1
50 0
48 0
72 1
46 0
72 0
45 0
43 0
72 2
41 0
72 3
46 2
45 3
43 2
41 0
42 2
72 0
41 2
39 3
36 2
46 4
46 3
45 3
72 1
43 0
72 0
42 0
41 0
72 1
39 0
38 0
72 1
36 0
72 0
34 0
33 0
72 2
31 0
72 11
46 3
47 2
48 2
43 0
72 0
41 0
39 0
72 1
38 0
36 0
72 1
34 0
72 0
33 0
31 0
72 2
29 0
72 3
41 0
42 0
72 1
41 3
39 2
41 3
39 2
36 3
34 2
43 4
43 3
38 0
39 8
E
S
H
72 4
60 2
55 0
53 0
72 2
51 0
50 0
48 0
72 2
46 0
45 0
72 0
43 0
41 0
72 4
46 2
45 3
43 2
41 0
42 2
41 2
39 3
36 2
46 4
46 3
45 3
72 0
43 0
42 0
72 2
41 0
39 0
38 0
72 2
36 0
34 0
72 0
33 0
31 0
72 12
46 3
47 2
48 2
43 0
41 0
72 2
39 0
38 0
36 0
72 2
34 0
33 0
72 0
31 0
29 0
72 4
41 0
72 2
42 0
41 3
39 2
41 3
39 2
36 3
34 2
43 4
43 3
38 0
39 8
72 12
60 2
55 0
53 0
72 2
51 0
50 0
48 0
72 2
46 0
45 0
72 0
43 0
41 0
72 4
46 2
45 3
43 2
41 0
42 2
41 2
39 3
36 2
46 4
46 3
45 3
72 0
43 0
42 0
72 2
41 0
39 0
38 0
72 2
36 0
34 0
72 0
33 0
31 0
72 12
46 3
47 2
48 2
43 0
41 0
72 2
39 0
38 0
36 0
72 2
34 0
33 0
72 0
31 0
29 0
72 4
41 0
72 2
42 0
41 3
39 2
41 3
39 2
36 3
34 2
43 4
43 3
38 0
39 8
72 14
36 3
38 2
39 9
38 3
36 2
72 1
38 5
72 0
36 2
72 2
34 2
72 2
31 7
34 6
72 0
36 8
72 3
36 3
38 2
39 9
38 3
36 2
72 1
38 5
72 0
36 2
72 2
34 2
72 2
38 7
38 7
39 7
41 4
36 3
38 2
39 9
38 3
36 2
72 1
38 5
72 0
36 2
72 2
34 2
72 2
31 7
34 6
72 0
36 8
72 3
36 3
38 2
39 6
72 0
39 2
72 1
38 2
39 6
39 2
41 4
39 4
36 2
39 2
44 2
72 1
48 2
72 3
48 2
72 1
48 2
48 4
47 2
72 10
60 2
55 0
53 0
72 2
51 0
50 0
48 0
72 2
46 0
45 0
72 0
43 0
41 0
72 4
46 2
45 3
43 2
41 0
42 2
41 2
39 3
36 2
46 4
46 3
45 3
72 0
43 0
42 0
72 2
41 0
39 0
38 0
72 2
36 0
34 0
72 0
33 0
31 0
72 12
46 3
47 2
48 2
43 0
41 0
72 2
39 0
38 0
36 0
72 2
34 0
33 0
72 0
31 0
29 0
72 4
41 0
72 2
42 0
41 3
39 2
41 3
39 2
36 3
34 2
43 4
43 3
38 0
39 8
72 12
60 2
55 0
53 0
72 2
51 0
50 0
48 0
72 2
46 0
45 0
72 0
43 0
41 0
72 4
46 2
45 3
43 2
41 0
42 2
41 2
39 3
36 2
46 4
46 3
45 3
72 0
43 0
42 0
72 2
41 0
39 0
38 0
72 2
36 0
34 0
72 0
33 0
31 0
72 12
46 3
47 2
48 2
43 0
41 0
72 2
39 0
38 0
36 0
72 2
34 0
33 0
72 0
31 0
29 0
72 4
41 0
72 2
42 0
41 3
39 2
41 3
39 2
36 3
34 2
43 4
43 3
38 0
39 8
72 14
36 3
38 2
39 9
38 3
36 2
72 1
38 5
72 0
36 2
72 2
34 2
72 2
31 7
34 6
72 0
36 8
72 3
36 3
38 2
39 9
38 3
36 2
72 1
38 5
72 0
36 2
72 2
34 2
72 2
38 7
38 7
39 7
41 4
36 3
38 2
39 9
38 3
36 2
72 1
38 5
72 0
36 2
72 2
34 2
72 2
31 7
34 6
72 0
36 8
72 3
36 3
38 2
39 6
72 0
39 2
72 1
38 2
39 6
39 2
41 4
39 4
36 2
39 2
44 2
72 1
48 2
72 3
48 2
72 1
48 2
48 4
47 2
72 10
60 2
55 0
53 0
72 2
51 0
50 0
48 0
72 2
46 0
45 0
72 0
43 0
41 0
72 4
46 2
45 3
43 2
41 0
42 2
41 2
39 3
36 2
46 4
46 3
45 3
72 0
43 0
42 0
72 2
41 0
39 0
38 0
72 2
36 0
34 0
72 0
33 0
31 0
72 12
46 3
47 2
48 2
43 0
41 0
72 2
39 0
38 0
36 0
72 2
34 0
33 0
72 0
31 0
29 0
72 4
41 0
72 2
42 0
41 3
39 2
41 3
39 2
36 3
34 2
43 4
43 3
38 0
39 8
E
S
H
72 14
114 3
140 2
72 3
140 2
231 3
231 2
72 11
166 4
166 3
179 2
166 4
166 3
140 2
72 3
205 2
244 0
101 2
140 2
179 3
179 2
884 7
257 7
1669 7
179 0
140 3
166 2
72 3
166 2
101 3
101 2
72 11
192 4
192 3
205 2
192 4
192 3
166 2
72 11
114 3
140 2
72 3
140 2
231 3
231 2
72 11
166 4
166 3
179 2
166 4
166 3
140 2
72 3
205 2
244 0
101 2
140 2
179 3
179 2
884 7
257 7
1669 7
179 0
140 3
166 2
72 3
166 2
101 3
101 2
72 9
127 2
166 2
192 2
205 3
72 1
205 3
72 1
205 3
72 1
205 3
192 2
72 9
48 3
50 2
51 9
50 3
48 2
72 3
50 5
48 2
72 2
46 2
72 2
43 7
46 6
48 8
72 4
48 3
50 2
51 9
50 3
48 2
72 3
50 5
48 2
72 2
46 2
72 2
50 7
50 7
51 7
53 4
48 3
50 2
51 9
50 3
48 2
72 3
50 5
48 2
72 2
46 2
72 2
43 7
46 6
48 8
72 4
48 3
50 2
51 6
51 2
72 3
50 2
51 6
72 0
51 2
53 4
51 4
48 2
51 2
56 2
72 3
60 2
72 1
60 2
72 3
60 2
60 4
59 2
72 14
114 3
140 2
72 3
140 2
231 3
231 2
72 11
166 4
166 3
179 2
166 4
166 3
140 2
72 3
205 2
244 0
101 2
140 2
179 3
179 2
884 7
257 7
1669 7
179 0
140 3
166 2
72 3
166 2
101 3
101 2
72 11
192 4
192 3
205 2
192 4
192 3
166 2
72 11
114 3
140 2
72 3
140 2
231 3
231 2
72 11
166 4
166 3
179 2
166 4
166 3
140 2
72 3
205 2
244 0
101 2
140 2
179 3
179 2
884 7
257 7
1669 7
179 0
140 3
166 2
72 3
166 2
101 3
101 2
72 9
127 2
166 2
192 2
205 3
72 1
205 3
72 1
205 3
72 1
205 3
192 2
72 9
48 3
50 2
51 9
50 3
48 2
72 3
50 5
48 2
72 2
46 2
72 2
43 7
46 6
48 8
72 4
48 3
50 2
51 9
50 3
48 2
72 3
50 5
48 2
72 2
46 2
72 2
50 7
50 7
51 7
53 4
48 3
50 2
51 9
50 3
48 2
72 3
50 5
48 2
72 2
46 2
72 2
43 7
46 6
48 8
72 4
48 3
50 2
51 6
51 2
72 3
50 2
51 6
72 0
51 2
53 4
51 4
48 2
51 2
56 2
72 3
60 2
72 1
60 2
72 3
60 2
60 4
59 2
E
S
L
256 2
72 0
184 2
22 2
184 2
1015 2
72 0
18 2
1552 2
18 2
18 2
72 0
976 2
232 2
184 2
1015 2
72 0
18 2
1552 2
18 2
976 2
72 0
18 2
1552 2
184 2
1015 2
72 0
184 2
22 2
18 2
184 2
72 0
184 2
1552 2
18 2
1015 2
72 0
18 2
22 2
18 2
976 2
72 0
184 2
22 2
184 2
1015 2
72 0
18 2
1552 2
18 2
18 2
72 0
976 2
232 2
184 2
1015 2
72 0
18 2
1552 2
18 2
976 2
72 0
18 2
1552 2
184 2
1015 2
72 0
184 2
22 2
18 2
184 2
72 0
184 2
1552 2
18 2
1015 2
72 0
18 2
22 2
18 2
976 2
72 0
184 2
22 2
184 2
1015 2
72 0
18 2
1552 2
18 2
18 2
72 0
976 2
232 2
184 2
1015 2
72 0
18 2
1552 2
18 2
976 2
72 0
18 2
1552 2
184 2
1015 2
72 0
184 2
22 2
18 2
184 2
72 0
184 2
1552 2
18 2
1015 2
72 0
18 2
22 2
18 2
976 2
72 0
184 2
22 2
184 2
1015 2
72 0
18 2
1552 2
18 2
18 2
72 0
976 2
232 2
184 2
1015 2
72 0
18 2
1552 2
18 2
976 2
72 0
18 2
1552 2
184 2
1015 2
72 0
184 2
22 2
18 2
184 2
72 0
184 2
1552 2
18 2
1015 2
72 0
18 2
1591 2
1015 2
976 2
72 0
184 2
22 2
184 2
1015 2
72 0
18 2
1552 2
18 2
18 2
72 0
184 2
22 2
976 2
1015 2
72 0
18 2
232 2
18 2
976 2
72 0
18 2
232 2
184 2
1591 2
72 0
18 2
1552 2
1015 2
184 2
72 0
184 2
1552 2
18 2
1015 2
18 2
976 2
232 2
72 2
976 2
72 0
184 2
22 2
184 2
1015 2
72 0
18 2
1552 2
18 2
18 2
72 0
184 2
22 2
976 2
1015 2
72 0
18 2
232 2
18 2
976 2
72 0
18 2
232 2
184 2
1591 2
72 0
18 2
1552 2
1015 2
184 2
72 0
184 2
1552 2
242 2
1487 2
1015 2
18 2
976 2
1600 2
151 2
976 2
72 0
184 2
22 2
184 2
1015 2
72 0
18 2
1552 2
18 2
18 2
72 0
184 2
22 2
976 2
1015 2
72 0
18 2
232 2
18 2
976 2
72 0
18 2
232 2
184 2
1591 2
72 0
18 2
1552 2
1015 2
184 2
72 0
184 2
1552 2
18 2
1015 2
18 2
976 2
232 2
72 2
976 2
72 0
184 2
22 2
184 2
1015 2
72 0
18 2
1552 2
18 2
18 2
72 0
184 2
22 2
976 2
1015 2
72 0
18 2
232 2
18 2
1591 2
72 2
701 2
72 2
1591 2
72 2
1552 2
1015 2
72 7
976 2
72 0
18 2
1552 2
242 2
1492 2
256 2
72 0
184 2
232 2
184 2
1015 2
72 0
184 2
1552 2
184 2
18 2
72 0
184 2
22 2
976 2
1015 2
72 0
18 2
232 2
18 2
976 2
72 0
184 2
232 2
184 2
1015 2
72 0
184 2
232 2
976 2
18 2
72 0
976 2
22 2
184 2
1015 2
72 0
18 2
232 2
18 2
976 2
72 0
184 2
232 2
184 2
1015 2
72 0
184 2
1552 2
184 2
18 2
72 0
184 2
22 2
976 2
1015 2
72 0
18 2
232 2
18 2
976 2
72 0
184 2
232 2
184 2
1015 2
72 0
184 2
232 2
976 2
18 2
72 0
976 2
22 2
184 2
1015 2
72 0
18 2
232 2
18 2
976 2
72 0
184 2
232 2
184 2
1015 2
72 0
184 2
1552 2
184 2
18 2
72 0
184 2
22 2
976 2
1015 2
72 0
18 2
232 2
18 2
976 2
72 0
184 2
232 2
184 2
1015 2
72 0
184 2
232 2
976 2
18 2
72 0
976 2
22 2
184 2
1015 2
72 0
18 2
232 2
18 2
976 2
72 0
184 2
232 2
184 2
1015 2
72 0
184 2
1552 2
184 2
18 2
72 0
184 2
22 2
976 2
1015 2
72 0
18 2
232 2
18 2
976 2
72 0
1015 2
72 1
1015 2
72 3
1015 2
1015 2
72 2
701 2
72 6
1015 2
72 0
976 2
1591 2
242 2
1492 2
256 2
72 0
184 2
22 2
184 2
1015 2
72 0
18 2
1552 2
18 2
18 2
72 0
976 2
232 2
184 2
1015 2
72 0
18 2
1552 2
18 2
976 2
72 0
18 2
1552 2
184 2
1015 2
72 0
184 2
22 2
18 2
184 2
72 0
184 2
1552 2
18 2
1015 2
72 0
18 2
22 2
18 2
976 2
72 0
184 2
22 2
184 2
1015 2
72 0
18 2
1552 2
18 2
18 2
72 0
976 2
232 2
184 2
1015 2
72 0
18 2
1552 2
18 2
976 2
72 0
18 2
1552 2
184 2
1015 2
72 0
184 2
22 2
18 2
184 2
72 0
184 2
1552 2
18 2
1015 2
72 0
18 2
22 2
18 2
976 2
72 0
184 2
22 2
184 2
1015 2
72 0
18 2
1552 2
18 2
18 2
72 0
976 2
232 2
184 2
1015 2
72 0
18 2
1552 2
18 2
976 2
72 0
18 2
1552 2
184 2
1015 2
72 0
184 2
22 2
18 2
184 2
72 0
184 2
1552 2
18 2
1015 2
72 0
18 2
22 2
18 2
976 2
72 0
184 2
22 2
184 2
1015 2
72 0
18 2
1552 2
18 2
18 2
72 0
976 2
232 2
184 2
1015 2
72 0
18 2
1552 2
18 2
976 2
72 0
18 2
1552 2
184 2
1015 2
72 0
184 2
22 2
18 2
184 2
72 0
184 2
1552 2
18 2
1015 2
72 0
18 2
1591 2
1015 2
976 2
72 0
184 2
22 2
184 2
1015 2
72 0
18 2
1552 2
18 2
18 2
72 0
184 2
22 2
976 2
1015 2
72 0
18 2
232 2
18 2
976 2
72 0
18 2
232 2
184 2
1591 2
72 0
18 2
1552 2
1015 2
184 2
72 0
184 2
1552 2
18 2
1015 2
18 2
976 2
232 2
72 2
976 2
72 0
184 2
22 2
184 2
1015 2
72 0
18 2
1552 2
18 2
18 2
72 0
184 2
22 2
976 2
1015 2
72 0
18 2
232 2
18 2
976 2
72 0
18 2
232 2
184 2
1591 2
72 0
18 2
1552 2
1015 2
184 2
72 0
184 2
1552 2
242 2
1487 2
1015 2
18 2
976 2
1600 2
151 2
976 2
72 0
184 2
22 2
184 2
1015 2
72 0
18 2
1552 2
18 2
18 2
72 0
184 2
22 2
976 2
1015 2
72 0
18 2
232 2
18 2
976 2
72 0
18 2
232 2
184 2
1591 2
72 0
18 2
1552 2
1015 2
184 2
72 0
184 2
1552 2
18 2
1015 2
18 2
976 2
232 2
72 2
976 2
72 0
184 2
22 2
184 2
1015 2
72 0
18 2
1552 2
18 2
18 2
72 0
184 2
22 2
976 2
1015 2
72 0
18 2
232 2
18 2
1591 2
72 2
701 2
72 2
1591 2
72 2
1552 2
1015 2
72 7
976 2
72 0
18 2
1552 2
242 2
1492 2
256 2
72 0
184 2
232 2
184 2
1015 2
72 0
184 2
1552 2
184 2
18 2
72 0
184 2
22 2
976 2
1015 2
72 0
18 2
232 2
18 2
976 2
72 0
184 2
232 2
184 2
1015 2
72 0
184 2
232 2
976 2
18 2
72 0
976 2
22 2
184 2
1015 2
72 0
18 2
232 2
18 2
976 2
72 0
184 2
232 2
184 2
1015 2
72 0
184 2
1552 2
184 2
18 2
72 0
184 2
22 2
976 2
1015 2
72 0
18 2
232 2
18 2
976 2
72 0
184 2
232 2
184 2
1015 2
72 0
184 2
232 2
976 2
18 2
72 0
976 2
22 2
184 2
1015 2
72 0
18 2
232 2
18 2
976 2
72 0
184 2
232 2
184 2
1015 2
72 0
184 2
1552 2
184 2
18 2
72 0
184 2
22 2
976 2
1015 2
72 0
18 2
232 2
18 2
976 2
72 0
184 2
232 2
184 2
1015 2
72 0
184 2
232 2
976 2
18 2
72 0
976 2
22 2
184 2
1015 2
72 0
18 2
232 2
18 2
976 2
72 0
184 2
232 2
184 2
1015 2
72 0
184 2
1552 2
184 2
18 2
72 0
184 2
22 2
976 2
1015 2
72 0
18 2
232 2
18 2
976 2
72 0
1015 2
72 1
1015 2
72 3
1015 2
1015 2
72 2
701 2
72 6
1015 2
72 0
976 2
1591 2
242 2
1492 2
256 2
72 0
184 2
22 2
184 2
1015 2
72 0
18 2
1552 2
18 2
18 2
72 0
976 2
232 2
184 2
1015 2
72 0
18 2
1552 2
18 2
976 2
72 0
18 2
1552 2
184 2
1015 2
72 0
184 2
22 2
18 2
184 2
72 0
184 2
1552 2
18 2
1015 2
72 0
18 2
22 2
18 2
976 2
72 0
184 2
22 2
184 2
1015 2
72 0
18 2
1552 2
18 2
18 2
72 0
976 2
232 2
184 2
1015 2
72 0
18 2
1552 2
18 2
976 2
72 0
18 2
1552 2
184 2
1015 2
72 0
184 2
22 2
18 2
184 2
72 0
184 2
1552 2
18 2
1015 2
72 0
18 2
22 2
18 2
E
S
H
72 14
114 3
140 2
72 1
140 2
231 3
231 2
72 11
166 4
166 3
179 2
166 4
166 3
140 2
72 1
205 2
244 0
101 2
72 0
140 2
179 3
179 2
884 7
257 7
1669 7
179 0
140 3
166 2
72 1
166 2
101 3
101 2
72 11
192 4
192 3
205 2
192 4
192 3
166 2
72 11
114 3
140 2
72 1
140 2
231 3
231 2
72 11
166 4
166 3
179 2
166 4
166 3
140 2
72 1
205 2
244 0
101 2
72 0
140 2
179 3
179 2
884 7
257 7
1669 7
179 0
140 3
166 2
72 1
166 2
101 3
101 2
72 9
127 2
166 2
192 2
205 3
72 1
205 3
72 1
205 3
72 1
205 3
192 2
72 9
48 3
50 2
51 9
50 3
48 2
72 1
50 5
72 0
48 2
72 2
46 2
72 2
43 7
46 6
72 0
48 8
72 3
48 3
50 2
51 9
50 3
48 2
72 1
50 5
72 0
48 2
72 2
46 2
72 2
50 7
50 7
51 7
53 4
48 3
50 2
51 9
50 3
48 2
72 1
50 5
72 0
48 2
72 2
46 2
72 2
43 7
46 6
72 0
48 8
72 3
48 3
50 2
51 6
72 0
51 2
72 1
50 2
51 6
51 2
53 4
51 4
48 2
51 2
56 2
72 1
60 2
72 3
60 2
72 1
60 2
60 4
59 2
72 14
114 3
140 2
72 1
140 2
231 3
231 2
72 11
166 4
166 3
179 2
166 4
166 3
140 2
72 1
205 2
244 0
101 2
72 0
140 2
179 3
179 2
884 7
257 7
1669 7
179 0
140 3
166 2
72 1
166 2
101 3
101 2
72 11
192 4
192 3
205 2
192 4
192 3
166 2
72 11
114 3
140 2
72 1
140 2
231 3
231 2
72 11
166 4
166 3
179 2
166 4
166 3
140 2
72 1
205 2
244 0
101 2
72 0
140 2
179 3
179 2
884 7
257 7
1669 7
179 0
140 3
166 2
72 1
166 2
101 3
101 2
72 9
127 2
166 2
192 2
205 3
72 1
205 3
72 1
205 3
72 1
205 3
192 2
72 9
48 3
50 2
51 9
50 3
48 2
72 1
50 5
72 0
48 2
72 2
46 2
72 2
43 7
46 6
72 0
48 8
72 3
48 3
50 2
51 9
50 3
48 2
72 1
50 5
72 0
48 2
72 2
46 2
72 2
50 7
50 7
51 7
53 4
48 3
50 2
51 9
50 3
48 2
72 1
50 5
72 0
48 2
72 2
46 2
72 2
43 7
46 6
72 0
48 8
72 3
48 3
50 2
51 6
72 0
51 2
72 1
50 2
51 6
51 2
53 4
51 4
48 2
51 2
56 2
72 1
60 2
72 3
60 2
72 1
60 2
60 4
59 2
E
X
