minor
S
L
4 4
4 2
72 2
4 2
72 2
4 4
4 2
72 2
4 2
72 2
4 4
4 4
72 4
0 9
2 11
4 4
4 2
72 2
4 2
72 2
4 4
4 2
72 2
4 2
72 2
4 4
4 4
72 4
0 9
2 11
4 4
16 4
4 4
16 4
4 4
16 4
4 4
16 4
4 4
16 4
4 4
16 4
4 4
16 4
4 4
16 4
4 4
16 4
4 4
16 4
4 4
16 4
4 4
16 4
2 4
14 4
2 4
14 4
2 4
14 4
2 4
14 4
4 4
16 4
4 4
16 4
4 4
16 4
4 4
16 4
4 4
16 4
4 4
16 4
4 4
16 4
4 4
16 4
4 4
16 4
4 4
16 4
4 4
16 4
4 4
16 4
2 4
14 4
2 4
14 4
2 4
14 4
2 4
14 4
0 4
0 4
12 4
12 4
7 4
7 4
12 4
12 4
2 4
2 4
14 4
14 4
9 4
9 4
14 4
14 4
4 4
4 4
16 4
16 4
11 4
11 4
4 4
4 4
16 4
14 4
16 4
4 4
4 4
11 4
16 4
11 4
0 4
0 4
12 4
12 4
7 4
7 4
12 4
12 4
2 4
2 4
14 4
14 4
9 4
9 4
14 4
14 4
4 4
16 4
16 4
4 4
16 4
16 4
14 4
16 4
21 4
23 4
14 4
16 4
9 4
11 4
4 7
4 4
4 2
72 2
4 2
72 2
4 4
4 2
72 2
4 2
72 2
4 4
4 4
72 4
0 9
2 11
4 4
4 2
72 2
4 2
72 2
4 4
4 2
72 2
4 2
72 2
4 4
4 4
72 4
0 9
2 11
4 4
16 4
4 4
16 4
4 4
16 4
4 4
16 4
4 4
16 4
4 4
16 4
4 4
16 4
4 4
16 4
4 4
16 4
4 4
16 4
4 4
16 4
4 4
16 4
2 4
14 4
2 4
14 4
2 4
14 4
2 4
14 4
4 4
16 4
4 4
16 4
4 4
16 4
4 4
16 4
4 4
16 4
4 4
16 4
4 4
16 4
4 4
16 4
4 4
16 4
4 4
16 4
4 4
16 4
4 4
16 4
2 4
14 4
2 4
14 4
2 4
14 4
2 4
14 4
0 4
0 4
12 4
12 4
7 4
7 4
12 4
12 4
2 4
2 4
14 4
14 4
9 4
9 4
14 4
14 4
4 4
4 4
16 4
16 4
11 4
11 4
4 4
4 4
16 4
14 4
16 4
4 4
4 4
11 4
16 4
11 4
0 4
0 4
12 4
12 4
7 4
7 4
12 4
12 4
2 4
2 4
14 4
14 4
9 4
9 4
14 4
14 4
4 4
16 4
16 4
4 4
16 4
16 4
14 4
16 4
21 4
23 4
14 4
16 4
9 4
11 4
4 7
4 4
4 2
72 2
4 2
72 2
4 4
4 2
72 2
4 2
72 2
4 4
4 4
72 4
0 9
2 11
4 4
4 2
72 2
4 2
72 2
4 4
4 2
72 2
4 2
72 2
4 4
4 4
72 4
0 9
2 11
4 4
16 4
4 4
16 4
4 4
16 4
4 4
16 4
4 4
16 4
4 4
16 4
4 4
16 4
4 4
16 4
4 4
16 4
4 4
16 4
4 4
16 4
4 4
16 4
2 4
14 4
2 4
14 4
2 4
14 4
2 4
14 4
4 4
16 4
4 4
16 4
4 4
16 4
4 4
16 4
4 4
16 4
4 4
16 4
4 4
16 4
4 4
16 4
4 4
16 4
4 4
16 4
4 4
16 4
4 4
16 4
2 4
14 4
2 4
14 4
2 4
14 4
2 4
14 4
E
S
L
4 4
4 2
72 2
4 2
72 2
4 4
4 2
72 2
4 2
72 2
4 4
4 4
72 4
0 9
2 11
4 4
4 2
72 2
4 2
72 2
4 4
4 2
72 2
4 2
72 2
4 4
4 4
72 4
0 9
2 11
4 4
16 4
4 4
16 4
4 4
16 4
4 4
16 4
4 4
16 4
4 4
16 4
4 4
16 4
4 4
16 4
4 4
16 4
4 4
16 4
4 4
16 4
4 4
16 4
2 4
14 4
2 4
14 4
2 4
14 4
2 4
14 4
4 4
16 4
4 4
16 4
4 4
16 4
4 4
16 4
4 4
16 4
4 4
16 4
4 4
16 4
4 4
16 4
4 4
16 4
4 4
16 4
4 4
16 4
4 4
16 4
2 4
14 4
2 4
14 4
2 4
14 4
2 4
14 4
0 4
0 4
12 4
12 4
7 4
7 4
12 4
12 4
2 4
2 4
14 4
14 4
9 4
9 4
14 4
14 4
4 4
4 4
16 4
16 4
11 4
11 4
4 4
4 4
16 4
14 4
16 4
4 4
4 4
11 4
16 4
11 4
0 4
0 4
12 4
12 4
7 4
7 4
12 4
12 4
2 4
2 4
14 4
14 4
9 4
9 4
14 4
14 4
4 4
16 4
16 4
4 4
16 4
16 4
14 4
16 4
21 4
23 4
14 4
16 4
9 4
11 4
4 7
4 4
4 2
72 2
4 2
72 2
4 4
4 2
72 2
4 2
72 2
4 4
4 4
72 4
0 9
2 11
4 4
4 2
72 2
4 2
72 2
4 4
4 2
72 2
4 2
72 2
4 4
4 4
72 4
0 9
2 11
4 4
16 4
4 4
16 4
4 4
16 4
4 4
16 4
4 4
16 4
4 4
16 4
4 4
16 4
4 4
16 4
4 4
16 4
4 4
16 4
4 4
16 4
4 4
16 4
2 4
14 4
2 4
14 4
2 4
14 4
2 4
14 4
4 4
16 4
4 4
16 4
4 4
16 4
4 4
16 4
4 4
16 4
4 4
16 4
4 4
16 4
4 4
16 4
4 4
16 4
4 4
16 4
4 4
16 4
4 4
16 4
2 4
14 4
2 4
14 4
2 4
14 4
2 4
14 4
0 4
0 4
12 4
12 4
7 4
7 4
12 4
12 4
2 4
2 4
14 4
14 4
9 4
9 4
14 4
14 4
4 4
4 4
16 4
16 4
11 4
11 4
4 4
4 4
16 4
14 4
16 4
4 4
4 4
11 4
16 4
11 4
0 4
0 4
12 4
12 4
7 4
7 4
12 4
12 4
2 4
2 4
14 4
14 4
9 4
9 4
14 4
14 4
4 4
16 4
16 4
4 4
16 4
16 4
14 4
16 4
21 4
23 4
14 4
16 4
9 4
11 4
4 7
4 4
4 2
72 2
4 2
72 2
4 4
4 2
72 2
4 2
72 2
4 4
4 4
72 4
0 9
2 11
4 4
4 2
72 2
4 2
72 2
4 4
4 2
72 2
4 2
72 2
4 4
4 4
72 4
0 9
2 11
4 4
16 4
4 4
16 4
4 4
16 4
4 4
16 4
4 4
16 4
4 4
16 4
4 4
16 4
4 4
16 4
4 4
16 4
4 4
16 4
4 4
16 4
4 4
16 4
2 4
14 4
2 4
14 4
2 4
14 4
2 4
14 4
4 4
16 4
4 4
16 4
4 4
16 4
4 4
16 4
4 4
16 4
4 4
16 4
4 4
16 4
4 4
16 4
4 4
16 4
4 4
16 4
4 4
16 4
4 4
16 4
2 4
14 4
2 4
14 4
2 4
14 4
2 4
14 4
E
S
H
160 4
240 2
72 2
240 2
72 2
240 4
189 2
72 2
189 2
72 2
189 4
160 2
72 2
160 2
72 2
189 9
215 11
160 4
240 2
72 2
240 2
72 2
240 4
189 2
72 2
189 2
72 2
189 4
160 2
72 2
160 2
72 2
189 9
215 11
40 11
42 4
43 4
45 4
47 7
45 7
43 7
42 7
43 4
40 2
72 2
40 2
72 2
40 4
35 2
72 2
35 2
72 2
40 4
42 2
72 2
45 4
43 4
42 4
45 11
40 11
42 4
43 4
45 4
47 7
45 7
43 7
42 7
43 4
40 2
72 2
40 2
72 2
40 4
35 2
72 2
35 2
72 2
40 4
42 2
72 2
45 4
43 4
42 4
45 7
45 4
47 4
45 4
43 4
40 2
72 2
36 2
72 2
43 4
40 2
72 2
36 2
72 2
43 4
40 2
72 2
45 4
42 2
72 2
38 2
72 2
45 4
42 2
72 2
38 2
72 2
45 4
42 2
72 2
47 4
43 2
72 2
40 2
72 2
47 4
43 2
72 2
40 2
72 2
50 4
48 4
47 4
48 2
72 2
47 2
72 2
43 11
43 4
40 2
72 2
36 2
72 2
43 4
40 2
72 2
36 2
72 2
43 4
40 2
72 2
45 4
42 2
72 2
38 2
72 2
45 4
42 2
72 2
38 2
72 2
45 4
42 2
72 2
47 4
43 2
72 2
40 2
72 2
47 4
43 2
72 2
40 2
72 2
50 4
48 4
47 4
45 2
72 2
47 2
72 2
52 11
160 4
240 2
72 2
240 2
72 2
240 4
189 2
72 2
189 2
72 2
189 4
160 2
72 2
160 2
72 2
189 9
215 11
160 4
240 2
72 2
240 2
72 2
240 4
189 2
72 2
189 2
72 2
189 4
160 2
72 2
160 2
72 2
189 9
215 11
40 11
42 4
43 4
45 4
47 7
45 7
43 7
42 7
43 4
40 2
72 2
40 2
72 2
40 4
35 2
72 2
35 2
72 2
40 4
42 2
72 2
45 4
43 4
42 4
45 11
40 11
42 4
43 4
45 4
47 7
45 7
43 7
42 7
43 4
40 2
72 2
40 2
72 2
40 4
35 2
72 2
35 2
72 2
40 4
42 2
72 2
45 4
43 4
42 4
45 7
45 4
47 4
45 4
43 4
40 2
72 2
36 2
72 2
43 4
40 2
72 2
36 2
72 2
43 4
40 2
72 2
45 4
42 2
72 2
38 2
72 2
45 4
42 2
72 2
38 2
72 2
45 4
42 2
72 2
47 4
43 2
72 2
40 2
72 2
47 4
43 2
72 2
40 2
72 2
50 4
48 4
47 4
48 2
72 2
47 2
72 2
43 11
43 4
40 2
72 2
36 2
72 2
43 4
40 2
72 2
36 2
72 2
43 4
40 2
72 2
45 4
42 2
72 2
38 2
72 2
45 4
42 2
72 2
38 2
72 2
45 4
42 2
72 2
47 4
43 2
72 2
40 2
72 2
47 4
43 2
72 2
40 2
72 2
50 4
48 4
47 4
45 2
72 2
47 2
72 2
52 11
160 4
240 2
72 2
240 2
72 2
240 4
189 2
72 2
189 2
72 2
189 4
160 2
72 2
160 2
72 2
189 9
215 11
160 4
240 2
72 2
240 2
72 2
240 4
189 2
72 2
189 2
72 2
189 4
160 2
72 2
160 2
72 2
189 9
215 11
40 11
42 4
43 4
45 4
47 7
45 7
43 7
42 7
43 4
40 2
72 2
40 2
72 2
40 4
35 2
72 2
35 2
72 2
40 4
42 2
72 2
45 4
43 4
42 4
45 11
40 11
42 4
43 4
45 4
47 7
45 7
43 7
42 7
43 4
40 2
72 2
40 2
72 2
40 4
35 2
72 2
35 2
72 2
40 4
42 2
72 2
45 4
43 4
42 4
45 7
45 4
47 4
45 4
E
S
H
72 2
160 4
240 2
72 2
240 2
72 2
240 4
189 2
72 2
189 2
72 2
189 4
160 2
72 2
160 2
72 2
189 9
215 11
160 4
240 2
72 2
240 2
72 2
240 4
189 2
72 2
189 2
72 2
189 4
160 2
72 2
160 2
72 2
189 9
215 11
40 11
42 4
43 4
45 4
47 7
45 7
43 7
42 7
43 4
40 2
72 2
40 2
72 2
40 4
35 2
72 2
35 2
72 2
40 4
42 2
72 2
45 4
43 4
42 4
45 11
40 11
42 4
43 4
45 4
47 7
45 7
43 7
42 7
43 4
40 2
72 2
40 2
72 2
40 4
35 2
72 2
35 2
72 2
40 4
42 2
72 2
45 4
43 4
42 4
45 7
45 4
47 4
45 4
43 4
40 2
72 2
36 2
72 2
43 4
40 2
72 2
36 2
72 2
43 4
40 2
72 2
45 4
42 2
72 2
38 2
72 2
45 4
42 2
72 2
38 2
72 2
45 4
42 2
72 2
47 4
43 2
72 2
40 2
72 2
47 4
43 2
72 2
40 2
72 2
50 4
48 4
47 4
48 2
72 2
47 2
72 2
43 11
43 4
40 2
72 2
36 2
72 2
43 4
40 2
72 2
36 2
72 2
43 4
40 2
72 2
45 4
42 2
72 2
38 2
72 2
45 4
42 2
72 2
38 2
72 2
45 4
42 2
72 2
47 4
43 2
72 2
40 2
72 2
47 4
43 2
72 2
40 2
72 2
50 4
48 4
47 4
45 2
72 2
47 2
72 2
52 11
160 4
240 2
72 2
240 2
72 2
240 4
189 2
72 2
189 2
72 2
189 4
160 2
72 2
160 2
72 2
189 9
215 11
160 4
240 2
72 2
240 2
72 2
240 4
189 2
72 2
189 2
72 2
189 4
160 2
72 2
160 2
72 2
189 9
215 11
40 11
42 4
43 4
45 4
47 7
45 7
43 7
42 7
43 4
40 2
72 2
40 2
72 2
40 4
35 2
72 2
35 2
72 2
40 4
42 2
72 2
45 4
43 4
42 4
45 11
40 11
42 4
43 4
45 4
47 7
45 7
43 7
42 7
43 4
40 2
72 2
40 2
72 2
40 4
35 2
72 2
35 2
72 2
40 4
42 2
72 2
45 4
43 4
42 4
45 7
45 4
47 4
45 4
43 4
40 2
72 2
36 2
72 2
43 4
40 2
72 2
36 2
72 2
43 4
40 2
72 2
45 4
42 2
72 2
38 2
72 2
45 4
42 2
72 2
38 2
72 2
45 4
42 2
72 2
47 4
43 2
72 2
40 2
72 2
47 4
43 2
72 2
40 2
72 2
50 4
48 4
47 4
48 2
72 2
47 2
72 2
43 11
43 4
40 2
72 2
36 2
72 2
43 4
40 2
72 2
36 2
72 2
43 4
40 2
72 2
45 4
42 2
72 2
38 2
72 2
45 4
42 2
72 2
38 2
72 2
45 4
42 2
72 2
47 4
43 2
72 2
40 2
72 2
47 4
43 2
72 2
40 2
72 2
50 4
48 4
47 4
45 2
72 2
47 2
72 2
52 11
160 4
240 2
72 2
240 2
72 2
240 4
189 2
72 2
189 2
72 2
189 4
160 2
72 2
160 2
72 2
189 9
215 11
160 4
240 2
72 2
240 2
72 2
240 4
189 2
72 2
189 2
72 2
189 4
160 2
72 2
160 2
72 2
189 9
215 11
40 11
42 4
43 4
45 4
47 7
45 7
43 7
42 7
43 4
40 2
72 2
40 2
72 2
40 4
35 2
72 2
35 2
72 2
40 4
42 2
72 2
45 4
43 4
42 4
45 11
40 11
42 4
43 4
45 4
47 7
45 7
43 7
42 7
43 4
40 2
72 2
40 2
72 2
40 4
35 2
72 2
35 2
72 2
40 4
42 2
72 2
45 4
43 4
42 4
45 7
45 4
47 4
45 4
E
S
H
72 4
160 4
240 2
72 2
240 2
72 2
240 4
189 2
72 2
189 2
72 2
189 4
160 2
72 2
160 2
72 2
189 9
215 11
160 4
240 2
72 2
240 2
72 2
240 4
189 2
72 2
189 2
72 2
189 4
160 2
72 2
160 2
72 2
189 9
215 11
40 11
42 4
43 4
45 4
47 7
45 7
43 7
42 7
43 4
40 2
72 2
40 2
72 2
40 4
35 2
72 2
35 2
72 2
40 4
42 2
72 2
45 4
43 4
42 4
45 11
40 11
42 4
43 4
45 4
47 7
45 7
43 7
42 7
43 4
40 2
72 2
40 2
72 2
40 4
35 2
72 2
35 2
72 2
40 4
42 2
72 2
45 4
43 4
42 4
45 7
45 4
47 4
45 4
43 4
40 2
72 2
36 2
72 2
43 4
40 2
72 2
36 2
72 2
43 4
40 2
72 2
45 4
42 2
72 2
38 2
72 2
45 4
42 2
72 2
38 2
72 2
45 4
42 2
72 2
47 4
43 2
72 2
40 2
72 2
47 4
43 2
72 2
40 2
72 2
50 4
48 4
47 4
48 2
72 2
47 2
72 2
43 11
43 4
40 2
72 2
36 2
72 2
43 4
40 2
72 2
36 2
72 2
43 4
40 2
72 2
45 4
42 2
72 2
38 2
72 2
45 4
42 2
72 2
38 2
72 2
45 4
42 2
72 2
47 4
43 2
72 2
40 2
72 2
47 4
43 2
72 2
40 2
72 2
50 4
48 4
47 4
45 2
72 2
47 2
72 2
52 11
160 4
240 2
72 2
240 2
72 2
240 4
189 2
72 2
189 2
72 2
189 4
160 2
72 2
160 2
72 2
189 9
215 11
160 4
240 2
72 2
240 2
72 2
240 4
189 2
72 2
189 2
72 2
189 4
160 2
72 2
160 2
72 2
189 9
215 11
40 11
42 4
43 4
45 4
47 7
45 7
43 7
42 7
43 4
40 2
72 2
40 2
72 2
40 4
35 2
72 2
35 2
72 2
40 4
42 2
72 2
45 4
43 4
42 4
45 11
40 11
42 4
43 4
45 4
47 7
45 7
43 7
42 7
43 4
40 2
72 2
40 2
72 2
40 4
35 2
72 2
35 2
72 2
40 4
42 2
72 2
45 4
43 4
42 4
45 7
45 4
47 4
45 4
43 4
40 2
72 2
36 2
72 2
43 4
40 2
72 2
36 2
72 2
43 4
40 2
72 2
45 4
42 2
72 2
38 2
72 2
45 4
42 2
72 2
38 2
72 2
45 4
42 2
72 2
47 4
43 2
72 2
40 2
72 2
47 4
43 2
72 2
40 2
72 2
50 4
48 4
47 4
48 2
72 2
47 2
72 2
43 11
43 4
40 2
72 2
36 2
72 2
43 4
40 2
72 2
36 2
72 2
43 4
40 2
72 2
45 4
42 2
72 2
38 2
72 2
45 4
42 2
72 2
38 2
72 2
45 4
42 2
72 2
47 4
43 2
72 2
40 2
72 2
47 4
43 2
72 2
40 2
72 2
50 4
48 4
47 4
45 2
72 2
47 2
72 2
52 11
160 4
240 2
72 2
240 2
72 2
240 4
189 2
72 2
189 2
72 2
189 4
160 2
72 2
160 2
72 2
189 9
215 11
160 4
240 2
72 2
240 2
72 2
240 4
189 2
72 2
189 2
72 2
189 4
160 2
72 2
160 2
72 2
189 9
215 11
40 11
42 4
43 4
45 4
47 7
45 7
43 7
42 7
43 4
40 2
72 2
40 2
72 2
40 4
35 2
72 2
35 2
72 2
40 4
42 2
72 2
45 4
43 4
42 4
45 11
40 11
42 4
43 4
45 4
47 7
45 7
43 7
42 7
43 4
40 2
72 2
40 2
72 2
40 4
35 2
72 2
35 2
72 2
40 4
42 2
72 2
45 4
43 4
42 4
45 7
45 4
47 4
45 4
E
S
H
59 2
72 2
59 2
72 2
59 2
72 2
59 2
72 2
59 2
72 2
59 2
72 2
59 2
72 2
59 2
72 2
59 2
72 2
59 2
72 2
59 2
72 2
59 2
72 11
59 2
72 2
59 2
72 2
59 2
72 2
59 2
72 2
59 2
72 2
59 2
72 2
59 2
72 2
59 2
72 2
59 2
72 2
59 2
72 2
59 2
72 2
59 2
72 14
59 2
72 2
59 2
72 2
59 2
72 2
59 2
72 2
59 2
72 2
59 2
72 2
59 2
72 2
59 2
72 2
59 2
72 2
59 2
72 2
59 2
72 2
59 2
72 11
59 2
72 2
59 2
72 2
59 2
72 2
59 2
72 2
59 2
72 2
59 2
72 2
59 2
72 2
59 2
72 2
59 2
72 2
59 2
72 2
59 2
72 2
59 2
72 14
59 2
72 2
59 2
72 2
59 2
72 2
59 2
72 2
59 2
72 2
59 2
72 2
59 2
72 2
59 2
72 2
59 2
72 2
59 2
72 2
59 2
72 2
59 2
72 11
59 2
72 2
59 2
72 2
59 2
72 2
59 2
72 2
59 2
72 2
59 2
72 2
59 2
72 2
59 2
72 2
59 2
72 2
59 2
72 2
59 2
72 2
59 2
E
S
H
72 2
59 2
72 2
59 2
72 2
59 2
72 2
59 2
72 2
59 2
72 2
59 2
72 2
59 2
72 2
59 2
72 2
59 2
72 2
59 2
72 2
59 2
72 2
59 2
72 11
59 2
72 2
59 2
72 2
59 2
72 2
59 2
72 2
59 2
72 2
59 2
72 2
59 2
72 2
59 2
72 2
59 2
72 2
59 2
72 2
59 2
72 2
59 2
72 14
59 2
72 2
59 2
72 2
59 2
72 2
59 2
72 2
59 2
72 2
59 2
72 2
59 2
72 2
59 2
72 2
59 2
72 2
59 2
72 2
59 2
72 2
59 2
72 11
59 2
72 2
59 2
72 2
59 2
72 2
59 2
72 2
59 2
72 2
59 2
72 2
59 2
72 2
59 2
72 2
59 2
72 2
59 2
72 2
59 2
72 2
59 2
72 14
59 2
72 2
59 2
72 2
59 2
72 2
59 2
72 2
59 2
72 2
59 2
72 2
59 2
72 2
59 2
72 2
59 2
72 2
59 2
72 2
59 2
72 2
59 2
72 11
59 2
72 2
59 2
72 2
59 2
72 2
59 2
72 2
59 2
72 2
59 2
72 2
59 2
72 2
59 2
72 2
59 2
72 2
59 2
72 2
59 2
72 2
59 2
E
S
L
72 13
149 9
175 11
72 13
149 9
175 11
240 4
72 12
189 4
72 12
240 4
72 12
103 4
235 4
211 4
211 11
240 4
72 12
189 4
72 12
240 4
72 12
103 4
235 4
211 4
127 11
189 11
108 11
215 11
134 11
189 11
240 11
160 7
240 7
189 7
160 7
189 11
108 11
215 11
134 11
189 11
240 11
160 7
240 7
189 7
160 7
72 13
149 9
175 11
72 13
149 9
175 11
240 4
72 12
189 4
72 12
240 4
72 12
103 4
235 4
211 4
211 11
240 4
72 12
189 4
72 12
240 4
72 12
103 4
235 4
211 4
127 11
189 11
108 11
215 11
134 11
189 11
240 11
160 7
240 7
189 7
160 7
189 11
108 11
215 11
134 11
189 11
240 11
160 7
240 7
189 7
160 7
72 13
149 9
175 11
72 13
149 9
175 11
240 4
72 12
189 4
72 12
240 4
72 12
103 4
235 4
211 4
211 11
240 4
72 12
189 4
72 12
240 4
72 12
103 4
235 4
211 4
127 11
E
S
L
72 13
149 9
175 11
72 13
149 9
175 11
240 4
72 12
189 4
72 12
240 4
72 12
103 4
235 4
211 4
211 11
240 4
72 12
189 4
72 12
240 4
72 12
103 4
235 4
211 4
127 11
189 11
108 11
215 11
134 11
189 11
240 11
160 7
240 7
189 7
160 7
189 11
108 11
215 11
134 11
189 11
240 11
160 7
240 7
189 7
160 7
72 13
149 9
175 11
72 13
149 9
175 11
240 4
72 12
189 4
72 12
240 4
72 12
103 4
235 4
211 4
211 11
240 4
72 12
189 4
72 12
240 4
72 12
103 4
235 4
211 4
127 11
189 11
108 11
215 11
134 11
189 11
240 11
160 7
240 7
189 7
160 7
189 11
108 11
215 11
134 11
189 11
240 11
160 7
240 7
189 7
160 7
72 13
149 9
175 11
72 13
149 9
175 11
240 4
72 12
189 4
72 12
240 4
72 12
103 4
235 4
211 4
211 11
240 4
72 12
189 4
72 12
240 4
72 12
103 4
235 4
211 4
127 11
E
S
L
1421 2
72 2
233 2
72 2
1793 2
72 2
125 2
72 2
1793 2
72 2
1481 2
72 2
125 2
72 2
1481 2
72 2
125 2
72 2
113 2
72 8
209 2
72 6
14 2
72 2
14 2
72 2
1421 2
72 2
233 2
72 2
1793 2
72 2
125 2
72 2
1793 2
72 2
1481 2
72 2
125 2
72 2
1481 2
72 2
125 2
72 2
113 2
72 8
209 2
72 6
14 2
72 2
14 2
72 2
209 2
72 2
14 2
72 2
125 2
72 2
14 2
14 2
125 2
72 2
14 2
72 2
12 2
72 2
14 2
72 2
12 2
72 2
14 2
72 2
125 2
72 2
14 2
14 2
125 2
72 2
14 2
72 2
12 2
72 2
14 2
72 2
12 2
72 2
14 2
72 2
125 2
72 2
14 2
14 2
125 2
72 2
14 2
72 2
12 2
72 2
14 2
72 2
12 2
72 2
14 2
72 2
125 2
72 2
14 2
14 2
125 2
72 2
14 2
72 2
12 2
72 2
14 2
72 2
12 2
72 2
14 2
72 2
125 2
72 2
14 2
14 2
125 2
72 2
14 2
72 2
12 2
72 2
14 2
72 2
12 2
72 2
14 2
72 2
125 2
72 2
14 2
14 2
125 2
72 2
14 2
72 2
12 2
72 2
14 2
72 2
12 2
72 2
14 2
72 2
125 2
72 2
14 2
14 2
125 2
72 2
14 2
72 2
12 2
72 2
14 2
72 2
12 2
72 2
14 2
72 2
125 2
72 2
14 2
14 2
125 2
72 2
14 2
72 2
12 2
72 2
14 2
72 2
209 2
72 2
14 2
72 2
125 2
72 2
14 2
14 2
125 2
72 2
14 2
72 2
12 2
72 2
14 2
72 2
12 2
72 2
14 2
72 2
125 2
72 2
14 2
14 2
125 2
72 2
14 2
72 2
12 2
72 2
14 2
72 2
12 2
72 2
14 2
72 2
125 2
72 2
14 2
14 2
125 2
72 2
14 2
72 2
12 2
72 2
14 2
72 2
12 2
72 2
14 2
72 2
125 2
72 2
14 2
14 2
125 2
72 2
14 2
72 2
12 2
72 2
14 2
72 2
12 2
72 2
14 2
72 2
125 2
72 2
14 2
14 2
125 2
72 2
14 2
72 2
12 2
72 2
14 2
72 2
12 2
72 2
14 2
72 2
125 2
72 2
14 2
14 2
125 2
72 2
14 2
72 2
12 2
72 2
14 2
72 2
12 2
72 2
14 2
72 2
125 2
72 2
14 2
14 2
125 2
72 2
14 2
72 2
12 2
72 2
14 2
72 2
12 2
72 2
14 2
72 2
125 2
72 2
14 2
14 2
125 2
72 2
14 2
72 2
12 2
72 2
14 2
72 2
1421 2
72 2
233 2
72 2
1793 2
72 2
125 2
72 2
1793 2
72 2
1481 2
72 2
125 2
72 2
1481 2
72 2
125 2
72 2
113 2
72 8
209 2
72 6
14 2
72 2
14 2
72 2
1421 2
72 2
233 2
72 2
1793 2
72 2
125 2
72 2
1793 2
72 2
1481 2
72 2
125 2
72 2
1481 2
72 2
125 2
72 2
113 2
72 8
209 2
72 6
14 2
72 2
14 2
72 2
209 2
72 2
14 2
72 2
125 2
72 2
14 2
14 2
125 2
72 2
14 2
72 2
12 2
72 2
14 2
72 2
12 2
72 2
14 2
72 2
125 2
72 2
14 2
14 2
125 2
72 2
14 2
72 2
12 2
72 2
14 2
72 2
12 2
72 2
14 2
72 2
125 2
72 2
14 2
14 2
125 2
72 2
14 2
72 2
12 2
72 2
14 2
72 2
12 2
72 2
14 2
72 2
125 2
72 2
14 2
14 2
125 2
72 2
14 2
72 2
12 2
72 2
14 2
72 2
12 2
72 2
14 2
72 2
125 2
72 2
14 2
14 2
125 2
72 2
14 2
72 2
12 2
72 2
14 2
72 2
12 2
72 2
14 2
72 2
125 2
72 2
14 2
14 2
125 2
72 2
14 2
72 2
12 2
72 2
14 2
72 2
12 2
72 2
14 2
72 2
125 2
72 2
14 2
14 2
125 2
72 2
14 2
72 2
12 2
72 2
14 2
72 2
12 2
72 2
14 2
72 2
125 2
72 2
14 2
14 2
125 2
72 2
14 2
72 2
12 2
72 2
14 2
72 2
209 2
72 2
14 2
72 2
125 2
72 2
14 2
14 2
125 2
72 2
14 2
72 2
12 2
72 2
14 2
72 2
12 2
72 2
14 2
72 2
125 2
72 2
14 2
14 2
125 2
72 2
14 2
72 2
12 2
72 2
14 2
72 2
12 2
72 2
14 2
72 2
125 2
72 2
14 2
14 2
125 2
72 2
14 2
72 2
12 2
72 2
14 2
72 2
12 2
72 2
14 2
72 2
125 2
72 2
14 2
14 2
125 2
72 2
14 2
72 2
12 2
72 2
14 2
72 2
12 2
72 2
14 2
72 2
125 2
72 2
14 2
14 2
125 2
72 2
14 2
72 2
12 2
72 2
14 2
72 2
12 2
72 2
14 2
72 2
125 2
72 2
14 2
14 2
125 2
72 2
14 2
72 2
12 2
72 2
14 2
72 2
12 2
72 2
14 2
72 2
125 2
72 2
14 2
14 2
125 2
72 2
14 2
72 2
12 2
72 2
14 2
72 2
12 2
72 2
14 2
72 2
125 2
72 2
14 2
14 2
125 2
72 2
14 2
72 2
12 2
72 2
14 2
72 2
1421 2
72 2
233 2
72 2
1793 2
72 2
125 2
72 2
1793 2
72 2
1481 2
72 2
125 2
72 2
1481 2
72 2
125 2
72 2
113 2
72 8
209 2
72 6
14 2
72 2
14 2
72 2
1421 2
72 2
233 2
72 2
1793 2
72 2
125 2
72 2
1793 2
72 2
1481 2
72 2
125 2
72 2
1481 2
72 2
125 2
72 2
113 2
72 8
209 2
72 6
14 2
72 2
14 2
72 2
209 2
72 2
14 2
72 2
125 2
72 2
14 2
14 2
125 2
72 2
14 2
72 2
12 2
72 2
14 2
72 2
12 2
72 2
14 2
72 2
125 2
72 2
14 2
14 2
125 2
72 2
14 2
72 2
12 2
72 2
14 2
72 2
12 2
72 2
14 2
72 2
125 2
72 2
14 2
14 2
125 2
72 2
14 2
72 2
12 2
72 2
14 2
72 2
12 2
72 2
14 2
72 2
125 2
72 2
14 2
14 2
125 2
72 2
14 2
72 2
12 2
72 2
14 2
72 2
12 2
72 2
14 2
72 2
125 2
72 2
14 2
14 2
125 2
72 2
14 2
72 2
12 2
72 2
14 2
72 2
12 2
72 2
14 2
72 2
125 2
72 2
14 2
14 2
125 2
72 2
14 2
72 2
12 2
72 2
14 2
72 2
12 2
72 2
14 2
72 2
125 2
72 2
14 2
14 2
125 2
72 2
14 2
72 2
12 2
72 2
14 2
72 2
12 2
72 2
14 2
72 2
125 2
72 2
14 2
14 2
125 2
72 2
14 2
72 2
12 2
72 2
14 2
E
S
H
72 14
50 4
52 2
72 2
50 2
72 2
47 11
47 4
43 2
72 2
40 2
72 2
47 4
43 2
72 2
40 2
72 2
47 4
43 2
72 2
48 4
45 2
72 2
42 2
72 2
48 4
45 2
72 2
42 2
72 2
48 4
45 2
72 2
50 4
47 2
72 2
43 2
72 2
50 4
47 2
72 2
43 2
72 2
54 4
52 4
50 4
48 2
72 2
50 2
72 2
55 11
72 14
50 4
52 2
72 2
50 2
72 2
47 11
47 4
43 2
72 2
40 2
72 2
47 4
43 2
72 2
40 2
72 2
47 4
43 2
72 2
48 4
45 2
72 2
42 2
72 2
48 4
45 2
72 2
42 2
72 2
48 4
45 2
72 2
50 4
47 2
72 2
43 2
72 2
50 4
47 2
72 2
43 2
72 2
54 4
52 4
50 4
48 2
72 2
50 2
72 2
55 11
E
S
H
72 14
50 4
52 2
72 2
50 2
72 2
47 11
47 4
43 2
72 2
40 2
72 2
47 4
43 2
72 2
40 2
72 2
47 4
43 2
72 2
48 4
45 2
72 2
42 2
72 2
48 4
45 2
72 2
42 2
72 2
48 4
45 2
72 2
50 4
47 2
72 2
43 2
72 2
50 4
47 2
72 2
43 2
72 2
54 4
52 4
50 4
48 2
72 2
50 2
72 2
55 11
72 14
50 4
52 2
72 2
50 2
72 2
47 11
47 4
43 2
72 2
40 2
72 2
47 4
43 2
72 2
40 2
72 2
47 4
43 2
72 2
48 4
45 2
72 2
42 2
72 2
48 4
45 2
72 2
42 2
72 2
48 4
45 2
72 2
50 4
47 2
72 2
43 2
72 2
50 4
47 2
72 2
43 2
72 2
54 4
52 4
50 4
48 2
72 2
50 2
72 2
55 11
E
S
H
72 14
50 4
52 2
72 2
50 2
72 2
47 11
47 4
43 2
72 2
40 2
72 2
47 4
43 2
72 2
40 2
72 2
47 4
43 2
72 2
48 4
45 2
72 2
42 2
72 2
48 4
45 2
72 2
42 2
72 2
48 4
45 2
72 2
50 4
47 2
72 2
43 2
72 2
50 4
47 2
72 2
43 2
72 2
54 4
52 4
50 4
48 2
72 2
50 2
72 2
55 11
72 14
50 4
52 2
72 2
50 2
72 2
47 11
47 4
43 2
72 2
40 2
72 2
47 4
43 2
72 2
40 2
72 2
47 4
43 2
72 2
48 4
45 2
72 2
42 2
72 2
48 4
45 2
72 2
42 2
72 2
48 4
45 2
72 2
50 4
47 2
72 2
43 2
72 2
50 4
47 2
72 2
43 2
72 2
54 4
52 4
50 4
48 2
72 2
50 2
72 2
55 11
E
X
