major
S
L
29 7
24 7
17 7
24 4
24 4
23 4
22 4
25 4
24 4
23 4
25 4
20 4
17 4
29 7
24 7
17 7
24 4
24 4
23 4
22 4
25 4
24 4
23 4
25 4
20 4
17 4
29 7
24 7
17 7
24 4
24 4
23 4
22 4
25 4
24 4
23 4
25 4
20 4
17 4
29 7
24 7
17 7
24 4
24 4
23 4
22 4
25 4
24 4
23 4
25 4
20 4
17 4
29 7
24 7
17 7
24 4
24 4
23 4
22 4
25 4
24 4
23 4
25 4
20 4
17 4
29 7
24 7
17 7
24 4
24 4
23 4
22 4
25 4
24 4
23 4
25 4
20 4
17 4
29 7
24 7
17 7
24 4
24 4
23 4
22 4
25 4
24 4
23 4
25 4
20 4
17 4
29 7
24 7
17 7
24 4
24 4
23 4
22 4
25 4
24 4
23 4
25 4
20 4
17 4
29 7
24 7
17 7
24 4
24 4
23 4
22 4
25 4
24 4
23 4
25 4
20 4
17 4
29 7
24 7
17 7
24 4
24 4
23 4
22 4
25 4
24 4
23 4
25 4
20 4
17 4
29 7
24 7
17 7
24 4
24 4
23 4
22 4
25 4
24 4
23 4
25 4
20 4
17 4
29 7
24 7
17 7
24 4
24 4
23 4
22 4
25 4
24 4
23 4
25 4
20 4
17 4
29 7
24 7
17 7
24 4
24 4
23 4
22 4
25 4
24 4
23 4
25 4
20 4
17 4
29 7
24 7
17 7
24 4
24 4
23 4
22 4
25 4
24 4
23 4
25 4
20 4
17 4
29 7
24 7
17 7
24 4
24 4
23 4
22 4
25 4
24 4
23 4
25 4
20 4
17 4
29 7
24 7
17 7
24 4
24 4
23 4
22 4
25 4
24 4
23 4
25 4
20 4
17 4
E
S
H
72 14
36 2
72 2
41 2
72 2
36 2
33 2
72 4
36 2
29 2
24 2
36 4
24 2
36 6
29 2
33 2
29 2
36 2
29 2
36 2
41 2
36 2
33 2
29 2
28 2
36 3
29 3
33 3
36 2
72 2
41 2
72 2
36 2
33 2
72 4
36 2
29 2
24 2
36 4
24 2
36 6
29 2
33 2
29 2
36 2
29 2
36 2
41 2
36 2
33 2
29 2
28 2
36 3
29 3
33 3
36 2
72 2
41 2
72 2
36 2
33 2
72 4
36 2
29 2
24 2
36 4
24 2
36 6
29 2
33 2
29 2
36 2
29 2
36 2
41 2
36 2
33 2
29 2
28 2
36 3
29 3
33 3
36 2
72 2
41 2
72 2
36 2
33 2
72 4
36 2
29 2
24 2
36 4
24 2
36 6
29 2
33 2
29 2
36 2
29 2
36 2
41 2
36 2
33 2
29 2
28 2
36 3
29 3
33 3
72 14
36 2
72 2
41 2
72 2
36 2
33 2
72 4
36 2
29 2
24 2
36 4
24 2
36 6
29 2
33 2
29 2
36 2
29 2
36 2
41 2
36 2
33 2
29 2
28 2
36 3
29 3
33 3
36 2
72 2
41 2
72 2
36 2
33 2
72 4
36 2
29 2
24 2
36 4
24 2
36 6
29 2
33 2
29 2
36 2
29 2
36 2
41 2
36 2
33 2
29 2
28 2
36 3
29 3
33 3
36 2
72 2
41 2
72 2
36 2
33 2
72 4
36 2
29 2
24 2
36 4
24 2
36 6
29 2
33 2
29 2
36 2
29 2
36 2
41 2
36 2
33 2
29 2
28 2
36 3
29 3
33 3
36 2
72 2
41 2
72 2
36 2
33 2
72 4
36 2
29 2
24 2
36 4
24 2
36 6
29 2
33 2
29 2
36 2
29 2
36 2
41 2
36 2
33 2
29 2
28 2
36 3
29 3
33 3
E
S
H
72 14
36 2
72 2
41 2
72 2
36 2
33 2
72 4
36 2
29 2
24 2
36 4
24 2
36 6
29 2
33 2
29 2
36 2
29 2
36 2
41 2
36 2
33 2
29 2
28 2
36 3
29 3
33 3
36 2
72 2
41 2
72 2
36 2
33 2
72 4
36 2
29 2
24 2
36 4
24 2
36 6
29 2
33 2
29 2
36 2
29 2
36 2
41 2
36 2
33 2
29 2
28 2
36 3
29 3
33 3
36 2
72 2
41 2
72 2
36 2
33 2
72 4
36 2
29 2
24 2
36 4
24 2
36 6
29 2
33 2
29 2
36 2
29 2
36 2
41 2
36 2
33 2
29 2
28 2
36 3
29 3
33 3
36 2
72 2
41 2
72 2
36 2
33 2
72 4
36 2
29 2
24 2
36 4
24 2
36 6
29 2
33 2
29 2
36 2
29 2
36 2
41 2
36 2
33 2
29 2
28 2
36 3
29 3
33 3
72 14
36 2
72 2
41 2
72 2
36 2
33 2
72 4
36 2
29 2
24 2
36 4
24 2
36 6
29 2
33 2
29 2
36 2
29 2
36 2
41 2
36 2
33 2
29 2
28 2
36 3
29 3
33 3
36 2
72 2
41 2
72 2
36 2
33 2
72 4
36 2
29 2
24 2
36 4
24 2
36 6
29 2
33 2
29 2
36 2
29 2
36 2
41 2
36 2
33 2
29 2
28 2
36 3
29 3
33 3
36 2
72 2
41 2
72 2
36 2
33 2
72 4
36 2
29 2
24 2
36 4
24 2
36 6
29 2
33 2
29 2
36 2
29 2
36 2
41 2
36 2
33 2
29 2
28 2
36 3
29 3
33 3
36 2
72 2
41 2
72 2
36 2
33 2
72 4
36 2
29 2
24 2
36 4
24 2
36 6
29 2
33 2
29 2
36 2
29 2
36 2
41 2
36 2
33 2
29 2
28 2
36 3
29 3
33 3
E
S
L
17 4
17 4
24 2
29 2
24 4
31 4
19 2
24 2
18 2
17 2
20 2
24 2
17 4
17 4
24 2
29 2
24 4
31 4
19 2
24 2
18 2
17 2
20 2
24 2
17 4
17 4
24 2
29 2
24 4
31 4
19 2
24 2
18 2
17 2
20 2
24 2
17 4
17 4
24 2
29 2
24 4
31 4
19 2
24 2
18 2
17 2
20 2
24 2
17 4
17 4
24 2
29 2
24 4
31 4
19 2
24 2
18 2
17 2
20 2
24 2
17 4
17 4
24 2
29 2
24 4
31 4
19 2
24 2
18 2
17 2
20 2
24 2
17 4
17 4
24 2
29 2
24 4
31 4
19 2
24 2
18 2
17 2
20 2
24 2
17 4
17 4
24 2
29 2
24 4
31 4
19 2
24 2
18 2
17 2
20 2
24 2
17 4
17 4
24 2
29 2
24 4
31 4
19 2
24 2
18 2
17 2
20 2
24 2
17 4
17 4
24 2
29 2
24 4
31 4
19 2
24 2
18 2
17 2
20 2
24 2
17 4
17 4
24 2
29 2
24 4
31 4
19 2
24 2
18 2
17 2
20 2
24 2
17 4
17 4
24 2
29 2
24 4
31 4
19 2
24 2
18 2
17 2
20 2
24 2
17 4
17 4
24 2
29 2
24 4
31 4
19 2
24 2
18 2
17 2
20 2
24 2
17 4
17 4
24 2
29 2
24 4
31 4
19 2
24 2
18 2
17 2
20 2
24 2
17 4
17 4
24 2
29 2
24 4
31 4
19 2
24 2
18 2
17 2
20 2
24 2
17 4
17 4
24 2
29 2
24 4
31 4
19 2
24 2
18 2
17 2
20 2
24 2
17 4
17 4
24 2
29 2
24 4
31 4
19 2
24 2
18 2
17 2
20 2
24 2
17 4
17 4
24 2
29 2
24 4
31 4
19 2
24 2
18 2
17 2
20 2
24 2
17 4
17 4
24 2
29 2
24 4
31 4
19 2
24 2
18 2
17 2
20 2
24 2
17 4
17 4
24 2
29 2
24 4
31 4
19 2
24 2
18 2
17 2
20 2
24 2
17 4
17 4
24 2
29 2
24 4
31 4
19 2
24 2
18 2
17 2
20 2
24 2
17 4
17 4
24 2
29 2
24 4
31 4
19 2
24 2
18 2
17 2
20 2
24 2
17 4
17 4
24 2
29 2
24 4
31 4
19 2
24 2
18 2
17 2
20 2
24 2
17 4
17 4
24 2
29 2
24 4
31 4
19 2
24 2
18 2
17 2
20 2
24 2
17 4
17 4
24 2
29 2
24 4
31 4
19 2
24 2
18 2
17 2
20 2
24 2
17 4
17 4
24 2
29 2
24 4
31 4
19 2
24 2
18 2
17 2
20 2
24 2
17 4
17 4
24 2
29 2
24 4
31 4
19 2
24 2
18 2
17 2
20 2
24 2
17 4
17 4
24 2
29 2
24 4
31 4
19 2
24 2
18 2
17 2
20 2
24 2
17 4
17 4
24 2
29 2
24 4
31 4
19 2
24 2
18 2
17 2
20 2
24 2
17 4
17 4
24 2
29 2
24 4
31 4
19 2
24 2
18 2
17 2
20 2
24 2
17 4
17 4
24 2
29 2
24 4
31 4
19 2
24 2
18 2
17 2
20 2
24 2
17 4
17 4
24 2
29 2
24 4
31 4
19 2
24 2
18 2
17 2
20 2
24 2
E
S
H
41 4
41 4
36 11
36 7
41 4
24 7
53 4
60 4
36 9
41 4
41 4
36 11
36 7
41 4
24 7
53 4
60 4
36 9
41 4
41 4
36 11
36 7
41 4
24 7
53 4
60 4
36 9
41 4
41 4
36 11
36 7
41 4
24 7
53 4
60 4
36 9
41 4
41 4
36 11
36 7
41 4
24 7
53 4
60 4
36 9
41 4
41 4
36 11
36 7
41 4
24 7
53 4
60 4
36 9
41 4
41 4
36 11
36 7
41 4
24 7
53 4
60 4
36 9
41 4
41 4
36 11
36 7
41 4
24 7
53 4
60 4
36 9
41 4
41 4
36 11
36 7
41 4
24 7
53 4
60 4
36 9
41 4
41 4
36 11
36 7
41 4
24 7
53 4
60 4
36 9
41 4
41 4
36 11
36 7
41 4
24 7
53 4
60 4
36 9
41 4
41 4
36 11
36 7
41 4
24 7
53 4
60 4
36 9
41 4
41 4
36 11
36 7
41 4
24 7
53 4
60 4
36 9
41 4
41 4
36 11
36 7
41 4
24 7
53 4
60 4
36 9
41 4
41 4
36 11
36 7
41 4
24 7
53 4
60 4
36 9
41 4
41 4
36 11
36 7
41 4
24 7
53 4
60 4
36 9
E
S
L
1756 0
72 4
27 0
72 4
1774 0
72 4
27 0
72 4
1756 0
72 4
27 0
72 4
1780 0
72 4
27 0
72 4
1756 0
72 4
604 0
72 4
240 0
72 4
604 0
72 4
35 0
72 4
604 0
72 4
240 0
72 4
604 0
72 4
1756 0
72 4
27 0
72 4
1780 0
72 4
27 0
72 4
1756 0
72 4
27 0
72 4
1180 0
72 4
27 0
72 4
1756 0
72 4
604 0
72 4
240 0
72 4
604 0
72 4
35 0
72 4
604 0
72 4
240 0
72 4
604 0
72 4
1756 0
72 4
27 0
72 4
1780 0
72 4
27 0
72 4
1756 0
72 4
27 0
72 4
1756 0
72 4
27 0
72 4
1756 0
72 4
604 0
72 4
240 0
72 4
604 0
72 4
35 0
72 4
604 0
72 4
240 0
72 4
604 0
72 4
1756 0
72 4
27 0
72 4
1756 0
72 4
27 0
72 4
1756 0
72 4
27 0
72 4
1756 0
72 4
27 0
72 4
1756 0
72 4
604 0
72 4
240 0
72 4
604 0
72 4
35 0
72 4
604 0
72 4
240 0
72 4
604 0
72 4
1756 0
72 4
27 0
72 4
1180 0
72 4
27 0
72 4
1756 0
72 4
27 0
72 4
1780 0
72 4
27 0
72 4
1756 0
72 4
604 0
72 4
240 0
72 4
604 0
72 4
35 0
72 4
604 0
72 4
240 0
72 4
604 0
72 4
1756 0
72 4
27 0
72 4
1180 0
72 4
27 0
72 4
1756 0
72 4
27 0
72 4
1180 0
72 4
27 0
72 4
1756 0
72 4
604 0
72 4
240 0
72 4
604 0
72 4
35 0
72 4
604 0
72 4
240 0
72 4
604 0
72 4
1756 0
72 4
27 0
72 4
1780 0
72 4
27 0
72 4
1756 0
72 4
27 0
72 4
1180 0
72 4
27 0
72 4
1756 0
72 4
604 0
72 4
240 0
72 4
604 0
72 4
35 0
72 4
604 0
72 4
240 0
72 4
604 0
72 4
1756 0
72 4
27 0
72 4
1774 0
72 4
27 0
72 4
1756 0
72 4
27 0
72 4
1774 0
72 4
27 0
72 4
1756 0
72 4
604 0
72 4
240 0
72 4
604 0
72 4
35 0
72 4
604 0
72 4
240 0
72 4
604 0
72 4
1756 0
72 4
27 0
72 4
1774 0
72 4
27 0
72 4
1756 0
72 4
27 0
72 4
1780 0
72 4
27 0
72 4
1756 0
72 4
604 0
72 4
240 0
72 4
604 0
72 4
35 0
72 4
604 0
72 4
240 0
72 4
604 0
72 4
1756 0
72 4
27 0
72 4
1780 0
72 4
27 0
72 4
1756 0
72 4
27 0
72 4
1180 0
72 4
27 0
72 4
1756 0
72 4
604 0
72 4
240 0
72 4
604 0
72 4
35 0
72 4
604 0
72 4
240 0
72 4
604 0
72 4
1756 0
72 4
27 0
72 4
1780 0
72 4
27 0
72 4
1756 0
72 4
27 0
72 4
1756 0
72 4
27 0
72 4
1756 0
72 4
604 0
72 4
240 0
72 4
604 0
72 4
35 0
72 4
604 0
72 4
240 0
72 4
604 0
72 4
1756 0
72 4
27 0
72 4
1756 0
72 4
27 0
72 4
1756 0
72 4
27 0
72 4
1756 0
72 4
27 0
72 4
1756 0
72 4
604 0
72 4
240 0
72 4
604 0
72 4
35 0
72 4
604 0
72 4
240 0
72 4
604 0
72 4
1756 0
72 4
27 0
72 4
1180 0
72 4
27 0
72 4
1756 0
72 4
27 0
72 4
1780 0
72 4
27 0
72 4
1756 0
72 4
604 0
72 4
240 0
72 4
604 0
72 4
35 0
72 4
604 0
72 4
240 0
72 4
604 0
72 4
1756 0
72 4
27 0
72 4
1180 0
72 4
27 0
72 4
1756 0
72 4
27 0
72 4
1180 0
72 4
27 0
72 4
1756 0
72 4
604 0
72 4
240 0
72 4
604 0
72 4
35 0
72 4
604 0
72 4
240 0
72 4
604 0
72 4
1756 0
72 4
27 0
72 4
1780 0
72 4
27 0
72 4
1756 0
72 4
27 0
72 4
1180 0
72 4
27 0
72 4
1756 0
72 4
604 0
72 4
240 0
72 4
604 0
72 4
35 0
72 4
604 0
72 4
240 0
72 4
604 0
72 4
1756 0
72 4
27 0
72 4
1774 0
72 4
27 0
72 4
1756 0
72 4
27 0
72 4
1774 0
72 4
27 0
72 4
1756 0
72 4
604 0
72 4
240 0
72 4
604 0
72 4
35 0
72 4
604 0
72 4
240 0
72 4
604 0
E
X
