major
S
L
13 4
7 7
7 4
17 2
72 2
19 2
17 4
17 2
7 11
10 4
12 7
11 4
7 4
16 4
10 7
10 4
20 2
72 2
22 2
20 4
20 2
10 11
13 4
15 7
14 4
10 4
13 4
7 7
7 4
17 2
72 2
19 2
17 4
17 2
7 11
10 4
12 7
11 4
7 4
16 4
10 7
10 4
20 2
72 2
22 2
20 4
20 2
10 11
13 4
15 7
14 4
10 4
37 4
28 4
37 7
19 4
39 4
27 4
29 4
27 4
17 7
36 7
17 4
17 7
37 4
28 4
37 7
19 4
39 4
27 4
29 4
27 4
17 7
36 7
17 4
17 7
13 4
7 7
7 4
17 2
72 2
19 2
17 4
17 2
7 11
10 4
12 7
11 4
7 4
16 4
10 7
10 4
20 2
72 2
22 2
20 4
20 2
10 11
13 4
15 7
14 4
10 4
13 4
7 7
7 4
17 2
72 2
19 2
17 4
17 2
7 11
10 4
12 7
11 4
7 4
16 4
10 7
10 4
20 2
72 2
22 2
20 4
20 2
10 11
13 4
15 7
14 4
10 4
37 4
28 4
37 7
19 4
39 4
27 4
29 4
27 4
17 7
36 7
17 4
17 7
37 4
28 4
37 7
19 4
39 4
27 4
29 4
27 4
17 7
36 7
17 4
17 7
E
S
H
53 4
43 4
43 7
44 7
44 4
58 4
58 4
58 4
44 7
37 2
44 2
51 4
51 4
50 2
51 2
56 4
46 4
46 7
47 7
47 4
61 4
61 4
61 4
47 7
40 2
47 2
54 4
54 4
53 2
58 2
53 4
43 4
43 7
44 7
44 4
58 4
58 4
58 4
44 7
37 2
44 2
51 4
51 4
50 2
51 2
56 4
46 4
46 7
47 7
47 4
61 4
61 4
61 4
47 7
40 2
47 2
54 4
54 4
53 2
58 2
59 4
50 4
59 7
50 7
61 4
50 4
50 7
50 7
47 4
57 4
47 4
47 4
59 4
50 4
59 4
52 4
50 4
49 4
61 2
57 2
50 4
50 4
55 4
50 7
47 2
47 2
47 2
47 2
47 7
53 4
43 4
43 7
44 7
44 4
58 4
58 4
58 4
44 7
37 2
44 2
51 4
51 4
50 2
51 2
56 4
46 4
46 7
47 7
47 4
61 4
61 4
61 4
47 7
40 2
47 2
54 4
54 4
53 2
58 2
53 4
43 4
43 7
44 7
44 4
58 4
58 4
58 4
44 7
37 2
44 2
51 4
51 4
50 2
51 2
56 4
46 4
46 7
47 7
47 4
61 4
61 4
61 4
47 7
40 2
47 2
54 4
54 4
53 2
58 2
59 4
50 4
59 7
50 7
61 4
50 4
50 7
50 7
47 4
57 4
47 4
47 4
59 4
50 4
59 4
52 4
50 4
49 4
61 2
57 2
50 4
50 4
55 4
50 7
47 2
47 2
47 2
47 2
47 7
E
S
L
50 4
31 2
72 2
31 2
72 2
32 2
72 2
32 2
46 8
53 6
53 2
32 2
72 2
39 2
72 2
48 2
72 2
39 7
45 4
43 4
53 4
34 2
72 2
34 2
72 2
35 2
72 2
35 2
49 8
56 6
56 2
35 2
72 2
42 2
72 2
51 2
72 2
42 7
48 4
46 4
50 4
31 2
72 2
31 2
72 2
32 2
72 2
32 2
46 8
53 6
53 2
32 2
72 2
39 2
72 2
48 2
72 2
39 7
45 4
43 4
53 4
34 2
72 2
34 2
72 2
35 2
72 2
35 2
49 8
56 6
56 2
35 2
72 2
42 2
72 2
51 2
72 2
42 7
48 4
46 4
47 4
47 7
54 4
38 7
58 4
45 4
38 4
47 4
42 7
45 4
35 7
35 4
47 4
47 7
54 4
38 7
58 4
45 4
38 4
47 4
42 7
45 4
35 7
35 4
50 4
31 2
72 2
31 2
72 2
32 2
72 2
32 2
46 8
53 6
53 2
32 2
72 2
39 2
72 2
48 2
72 2
39 7
45 4
43 4
53 4
34 2
72 2
34 2
72 2
35 2
72 2
35 2
49 8
56 6
56 2
35 2
72 2
42 2
72 2
51 2
72 2
42 7
48 4
46 4
50 4
31 2
72 2
31 2
72 2
32 2
72 2
32 2
46 8
53 6
53 2
32 2
72 2
39 2
72 2
48 2
72 2
39 7
45 4
43 4
53 4
34 2
72 2
34 2
72 2
35 2
72 2
35 2
49 8
56 6
56 2
35 2
72 2
42 2
72 2
51 2
72 2
42 7
48 4
46 4
47 4
47 7
54 4
38 7
58 4
45 4
38 4
47 4
42 7
45 4
35 7
35 4
47 4
47 7
54 4
38 7
58 4
45 4
38 4
47 4
42 7
45 4
35 7
35 4
E
S
L
13 4
7 7
7 4
17 2
72 2
19 2
17 4
17 2
7 11
10 4
12 7
11 4
7 4
16 4
10 7
10 4
20 2
72 2
22 2
20 4
20 2
10 11
13 4
15 7
14 4
10 4
13 4
7 7
7 4
17 2
72 2
19 2
17 4
17 2
7 11
10 4
12 7
11 4
7 4
16 4
10 7
10 4
20 2
72 2
22 2
20 4
20 2
10 11
13 4
15 7
14 4
10 4
31 4
22 4
31 7
13 4
33 4
21 4
23 4
21 4
11 7
30 7
11 4
11 7
31 4
22 4
31 7
13 4
33 4
21 4
23 4
21 4
11 7
30 7
11 4
11 7
13 4
7 7
7 4
17 2
72 2
19 2
17 4
17 2
7 11
10 4
12 7
11 4
7 4
16 4
10 7
10 4
20 2
72 2
22 2
20 4
20 2
10 11
13 4
15 7
14 4
10 4
13 4
7 7
7 4
17 2
72 2
19 2
17 4
17 2
7 11
10 4
12 7
11 4
7 4
16 4
10 7
10 4
20 2
72 2
22 2
20 4
20 2
10 11
13 4
15 7
14 4
10 4
31 4
22 4
31 7
13 4
33 4
21 4
23 4
21 4
11 7
30 7
11 4
11 7
31 4
22 4
31 7
13 4
33 4
21 4
23 4
21 4
11 7
30 7
11 4
11 7
E
S
L
1324 0
72 4
1612 0
72 4
20 0
72 4
1612 0
72 4
20 0
72 4
1612 0
72 4
20 0
72 4
1612 0
72 4
20 0
72 4
1612 0
72 4
20 0
72 4
1612 0
72 4
20 0
72 4
1612 0
72 4
20 0
72 4
1612 0
72 4
20 0
72 4
1612 0
72 4
20 0
72 4
1612 0
72 4
20 0
72 4
1612 0
72 4
20 0
72 4
1612 0
72 4
20 0
72 4
1612 0
72 4
20 0
72 4
1612 0
72 4
20 0
72 4
1612 0
72 4
20 0
72 4
1612 0
72 4
1324 0
72 4
1171 0
72 4
1315 0
72 4
1612 0
72 4
1324 0
72 4
22 0
72 4
1324 0
72 2
187 0
72 2
22 0
72 2
172 0
72 2
1324 0
72 4
1603 0
72 4
1210 0
72 4
1612 0
72 2
172 0
172 0
72 2
1324 0
72 2
172 0
72 2
1612 0
72 2
172 0
72 2
1324 0
72 2
1171 0
72 2
1612 0
72 2
172 0
72 2
1324 0
72 4
1171 0
72 4
20 0
72 4
1612 0
72 4
1324 0
72 4
22 0
72 4
1324 0
72 2
187 0
72 2
22 0
72 2
172 0
72 2
1324 0
72 4
22 0
72 4
1171 0
72 4
1612 0
72 2
172 0
172 0
72 2
1324 0
72 2
172 0
72 2
1612 0
72 2
172 0
72 2
1324 0
72 2
1171 0
72 2
1612 0
72 2
172 0
72 2
1324 0
72 2
20 0
72 2
223 0
72 2
20 0
72 2
1324 0
72 2
20 0
72 2
223 0
72 2
20 0
72 2
1612 0
72 2
20 0
72 2
199 0
72 2
20 0
72 2
1324 0
72 2
22 0
72 2
199 0
72 2
20 0
72 2
1324 0
72 2
20 0
72 2
223 0
72 2
20 0
72 2
1324 0
72 2
20 0
72 2
223 0
72 2
20 0
72 2
1612 0
72 2
20 0
72 2
199 0
72 2
20 0
72 2
1324 0
72 2
22 0
72 2
199 0
72 2
20 0
72 2
1324 0
72 2
1324 0
72 2
223 0
72 2
20 0
72 2
1324 0
72 2
20 0
72 2
223 0
72 2
20 0
72 2
1612 0
72 2
20 0
72 2
199 0
72 2
20 0
72 2
1324 0
72 2
22 0
72 2
199 0
72 2
20 0
72 2
1324 0
72 2
20 0
72 2
223 0
72 2
20 0
72 2
1324 0
72 2
20 0
72 2
223 0
72 2
20 0
72 2
1612 0
72 2
20 0
72 2
199 0
72 2
20 0
72 2
1324 0
72 2
22 0
72 2
199 0
72 2
20 0
72 2
1324 0
72 4
1612 0
72 4
20 0
72 4
1612 0
72 4
20 0
72 4
1612 0
72 4
20 0
72 4
1612 0
72 4
20 0
72 4
1612 0
72 4
20 0
72 4
1612 0
72 4
20 0
72 4
1612 0
72 4
20 0
72 4
1612 0
72 4
20 0
72 4
1612 0
72 4
20 0
72 4
1612 0
72 4
20 0
72 4
1612 0
72 4
20 0
72 4
1612 0
72 4
20 0
72 4
1612 0
72 4
20 0
72 4
1612 0
72 4
20 0
72 4
1612 0
72 4
20 0
72 4
1612 0
72 4
1324 0
72 4
1171 0
72 4
1315 0
72 4
1612 0
72 4
1324 0
72 4
22 0
72 4
1324 0
72 2
187 0
72 2
22 0
72 2
172 0
72 2
1324 0
72 4
1603 0
72 4
1210 0
72 4
1612 0
72 2
172 0
172 0
72 2
1324 0
72 2
172 0
72 2
1612 0
72 2
172 0
72 2
1324 0
72 2
1171 0
72 2
1612 0
72 2
172 0
72 2
1324 0
72 4
1171 0
72 4
20 0
72 4
1612 0
72 4
1324 0
72 4
22 0
72 4
1324 0
72 2
187 0
72 2
22 0
72 2
172 0
72 2
1324 0
72 4
22 0
72 4
1171 0
72 4
1612 0
72 2
172 0
172 0
72 2
1324 0
72 2
172 0
72 2
1612 0
72 2
172 0
72 2
1324 0
72 2
1171 0
72 2
1612 0
72 2
172 0
72 2
1324 0
72 2
20 0
72 2
223 0
72 2
20 0
72 2
1324 0
72 2
20 0
72 2
223 0
72 2
20 0
72 2
1612 0
72 2
20 0
72 2
199 0
72 2
20 0
72 2
1324 0
72 2
22 0
72 2
199 0
72 2
20 0
72 2
1324 0
72 2
20 0
72 2
223 0
72 2
20 0
72 2
1324 0
72 2
20 0
72 2
223 0
72 2
20 0
72 2
1612 0
72 2
20 0
72 2
199 0
72 2
20 0
72 2
1324 0
72 2
22 0
72 2
199 0
72 2
20 0
72 2
1324 0
72 2
1324 0
72 2
223 0
72 2
20 0
72 2
1324 0
72 2
20 0
72 2
223 0
72 2
20 0
72 2
1612 0
72 2
20 0
72 2
199 0
72 2
20 0
72 2
1324 0
72 2
22 0
72 2
199 0
72 2
20 0
72 2
1324 0
72 2
20 0
72 2
223 0
72 2
20 0
72 2
1324 0
72 2
20 0
72 2
223 0
72 2
20 0
72 2
1612 0
72 2
20 0
72 2
199 0
72 2
20 0
72 2
1324 0
72 2
22 0
72 2
199 0
72 2
20 0
E
X
