minor
S
L
72 4
0 6
72 0
0 0
72 1
3 5
72 0
10 0
72 2
5 6
72 0
7 5
7 3
12 6
72 2
10 5
72 2
10 0
72 0
8 6
72 2
5 6
72 1
0 6
0 0
72 2
3 6
10 0
72 2
5 6
72 2
3 7
10 7
8 6
72 2
7 6
72 2
5 6
72 2
0 7
3 7
5 7
7 5
7 3
12 5
72 0
12 2
10 6
72 2
8 6
72 2
7 6
72 2
5 6
72 2
8 5
72 0
8 3
12 7
16 7
17 7
18 7
19 4
15 4
12 4
10 4
0 6
0 0
72 2
3 6
3 0
72 2
5 6
5 0
72 2
7 5
7 3
72 1
12 5
12 2
72 2
10 5
72 0
10 0
72 2
8 5
72 0
8 0
72 2
7 5
7 0
72 0
6 6
72 2
3 5
72 0
3 2
12 6
72 2
20 6
72 2
19 6
72 2
14 6
72 2
10 6
72 2
17 6
72 2
16 5
72 0
16 3
10 7
9 7
1 7
2 7
4 7
5 7
7 7
6 7
9 7
2 7
6 7
4 7
7 7
10 7
4 7
5 7
8 7
11 7
15 7
7 7
11 7
14 7
19 7
0 6
72 1
0 0
72 0
3 5
72 2
10 0
72 0
5 6
72 1
7 5
72 0
7 3
12 6
72 2
10 5
72 0
10 0
72 2
8 6
72 2
5 6
72 2
0 6
0 0
72 2
3 6
10 0
72 2
5 6
3 7
10 7
8 6
72 2
7 6
72 2
5 6
72 2
0 7
3 7
5 7
7 5
7 3
12 5
12 2
72 0
10 6
72 2
8 6
72 2
7 6
72 2
5 6
72 2
8 5
8 3
12 7
16 7
17 7
18 7
19 4
72 0
15 4
12 4
72 0
10 4
0 6
72 1
0 0
72 0
3 6
72 1
3 0
72 0
5 6
72 1
5 0
72 0
7 5
72 0
7 3
12 5
72 0
12 2
10 5
72 2
10 0
72 0
8 5
72 2
8 0
72 0
7 5
72 0
7 0
72 2
6 6
72 2
3 5
3 2
72 0
12 6
72 2
20 6
72 2
19 6
72 2
14 6
72 2
10 6
72 2
17 6
72 2
16 5
16 3
10 7
9 7
1 7
2 7
4 7
5 7
7 7
6 7
9 7
2 7
6 7
4 7
7 7
10 7
4 7
5 7
8 7
11 7
15 7
7 7
11 7
14 7
19 7
0 6
0 0
72 2
3 5
72 0
10 0
72 2
5 6
72 2
7 5
7 3
12 6
72 2
10 5
72 3
10 0
8 6
72 2
5 6
72 2
0 6
0 0
72 2
3 6
10 0
72 2
5 6
72 2
3 7
10 7
8 6
72 2
7 6
72 2
5 6
0 7
3 7
5 7
7 5
72 0
7 3
12 5
72 0
12 2
10 6
72 2
8 6
72 2
7 6
72 2
5 6
72 2
8 5
72 0
8 3
12 7
16 7
17 7
18 7
19 4
15 4
12 4
72 0
10 4
0 6
72 0
0 0
72 1
3 6
72 0
3 0
72 1
5 6
72 0
5 0
72 1
7 5
7 3
12 5
12 2
72 0
10 5
72 1
10 0
72 1
8 5
72 1
8 0
72 1
7 5
72 1
7 0
72 1
6 6
72 2
3 5
3 2
12 6
72 2
20 6
72 2
19 6
72 2
14 6
72 2
10 6
72 2
17 6
72 2
16 5
72 0
16 3
10 7
9 7
1 7
2 7
4 7
5 7
7 7
6 7
9 7
2 7
6 7
4 7
7 7
10 7
4 7
5 7
8 7
11 7
15 7
7 7
11 7
14 7
19 7
0 0
E
S
H
72 4
38 13
34 4
43 4
72 0
43 7
41 2
32 4
39 9
34 6
36 4
72 1
43 4
34 2
39 4
57 3
57 4
29 5
72 0
43 7
41 7
35 7
39 7
38 3
38 4
31 4
38 4
36 4
38 9
29 4
45 2
41 3
31 4
46 2
43 3
32 4
48 2
44 3
34 4
50 2
34 3
32 5
36 2
41 2
48 5
36 2
41 2
48 11
48 7
46 7
39 4
41 4
38 4
39 4
38 6
48 5
72 0
46 7
43 6
72 1
41 4
38 7
41 4
52 4
44 4
55 4
41 5
39 3
34 7
41 7
38 8
41 3
72 1
43 4
43 9
72 0
34 2
41 3
48 4
72 0
50 4
36 4
72 0
37 4
38 5
48 6
72 1
25 2
31 3
41 4
72 0
40 4
43 4
72 0
41 4
40 8
35 7
45 7
38 6
36 4
48 7
42 4
45 5
72 0
45 4
46 4
72 0
45 4
48 7
47 7
46 7
47 7
46 7
44 7
43 7
41 7
37 11
46 11
38 13
34 4
43 4
43 7
41 2
32 4
39 9
72 0
34 6
36 4
43 4
34 2
39 4
57 3
57 4
29 5
43 7
41 7
35 7
39 7
38 3
38 4
31 4
72 0
38 4
36 4
72 0
38 9
29 4
72 0
45 2
41 3
31 4
72 0
46 2
43 3
32 4
72 0
48 2
44 3
34 4
72 0
50 2
34 3
32 5
72 0
36 2
41 2
48 5
72 0
36 2
41 2
48 11
48 7
46 7
39 4
72 0
41 4
38 4
72 0
39 4
38 6
72 1
48 5
46 7
43 6
41 4
72 1
38 7
41 4
52 4
72 1
44 4
55 4
72 1
41 5
39 3
34 7
41 7
38 8
41 3
43 4
43 9
34 2
41 3
48 4
50 4
36 4
37 4
38 5
72 0
48 6
25 2
31 3
41 4
40 4
43 4
41 4
40 8
35 7
45 7
38 6
36 4
72 1
48 7
42 4
45 5
45 4
46 4
45 4
48 7
47 7
46 7
47 7
46 7
44 7
43 7
41 7
37 11
46 11
38 13
34 4
43 4
43 7
41 2
32 4
39 9
34 6
36 4
72 0
43 4
34 2
39 4
57 3
57 4
72 0
29 5
43 7
41 7
35 7
39 7
38 3
72 1
38 4
31 4
72 0
38 4
36 4
72 0
38 9
29 4
72 0
45 2
41 3
31 4
72 0
46 2
43 3
32 4
72 0
48 2
44 3
34 4
72 0
50 2
34 3
32 5
36 2
41 2
48 5
36 2
41 2
48 11
48 7
46 7
39 4
41 4
38 4
72 0
39 4
38 6
72 0
48 5
72 0
46 7
43 6
41 4
38 7
41 4
52 4
44 4
55 4
41 5
39 3
72 1
34 7
41 7
38 8
41 3
43 4
72 0
43 9
34 2
41 3
48 4
50 4
72 0
36 4
37 4
72 0
38 5
48 6
25 2
31 3
41 4
40 4
72 0
43 4
41 4
72 0
40 8
35 7
45 7
38 6
36 4
48 7
42 4
45 5
72 0
45 4
46 4
45 4
72 0
48 7
47 7
46 7
47 7
46 7
44 7
43 7
41 7
37 11
46 11
38 0
E
S
L
72 4
18 2
18 2
18 2
72 0
18 2
16 2
18 2
18 2
18 2
18 2
16 2
22 3
18 2
16 2
72 0
18 2
18 2
72 2
18 2
18 2
72 0
18 2
18 2
72 2
18 2
16 2
72 0
18 2
18 2
72 2
18 2
18 2
72 0
16 2
22 3
72 1
18 2
16 2
72 0
18 2
18 2
18 2
18 2
72 1
18 2
18 2
18 2
16 2
72 1
18 2
18 2
18 2
18 2
16 2
22 3
18 2
16 2
18 2
18 2
18 2
18 2
18 2
18 2
18 2
16 2
18 2
18 2
72 0
18 2
18 2
16 2
22 3
18 2
16 2
18 2
18 2
72 0
18 2
18 2
18 2
18 2
72 0
18 2
16 2
18 2
18 2
72 0
18 2
18 2
16 2
22 3
18 2
16 2
18 2
18 2
72 0
18 2
18 2
72 2
18 2
18 2
72 0
18 2
16 2
72 2
18 2
18 2
72 0
18 2
18 2
72 2
16 2
22 3
18 2
16 2
72 2
18 2
18 2
72 0
18 2
18 2
72 2
18 2
18 2
72 0
18 2
16 2
72 0
18 2
18 2
72 2
18 2
18 2
72 0
16 2
22 3
18 2
16 2
72 0
18 2
18 2
18 2
18 2
72 0
18 2
18 2
18 2
16 2
72 0
18 2
18 2
18 2
18 2
72 0
16 2
72 1
16 2
16 2
72 0
16 2
16 2
16 2
16 2
18 2
72 0
18 2
18 2
18 2
16 2
18 2
18 2
18 2
18 2
16 2
22 3
72 0
18 2
16 2
18 2
18 2
72 1
18 2
18 2
18 2
18 2
72 1
18 2
16 2
18 2
18 2
72 1
18 2
18 2
16 2
22 3
72 0
18 2
16 2
18 2
18 2
72 0
18 2
18 2
72 2
18 2
18 2
72 0
18 2
16 2
72 2
18 2
18 2
72 0
18 2
18 2
72 2
16 2
22 3
18 2
16 2
72 2
18 2
18 2
72 0
18 2
18 2
72 2
18 2
18 2
72 0
18 2
16 2
72 2
18 2
18 2
72 0
18 2
18 2
72 2
16 2
22 3
18 2
16 2
72 2
18 2
18 2
72 0
18 2
18 2
72 2
18 2
18 2
72 0
18 2
16 2
72 2
18 2
18 2
72 0
18 2
18 2
72 2
16 2
22 3
18 2
16 2
72 2
18 2
18 2
72 0
18 2
18 2
72 2
18 2
18 2
72 0
18 2
16 2
18 2
18 2
72 1
18 2
18 2
16 2
22 3
18 2
16 2
18 2
18 2
18 2
18 2
72 0
18 2
18 2
18 2
16 2
72 0
18 2
18 2
18 2
18 2
72 0
16 2
22 3
18 2
16 2
72 0
18 2
18 2
18 2
18 2
72 0
18 2
18 2
18 2
16 2
72 0
18 2
18 2
72 2
18 2
18 2
72 0
16 2
22 3
18 2
16 2
18 2
18 2
72 0
18 2
18 2
18 2
18 2
72 0
18 2
16 2
18 2
18 2
72 0
18 2
18 2
16 2
22 3
18 2
16 2
18 2
18 2
18 2
18 2
18 2
18 2
18 2
16 2
18 2
18 2
18 2
18 2
72 0
16 2
72 3
16 2
16 2
72 0
16 2
16 2
16 2
16 2
18 2
72 0
18 2
18 2
72 2
18 2
16 2
72 0
18 2
18 2
72 2
18 2
18 2
72 0
16 2
22 3
18 2
16 2
18 2
18 2
18 2
18 2
18 2
18 2
18 2
16 2
18 2
18 2
72 0
18 2
18 2
16 2
22 3
18 2
16 2
18 2
18 2
72 0
18 2
18 2
18 2
18 2
72 0
18 2
16 2
18 2
18 2
72 0
18 2
18 2
16 2
22 3
18 2
16 2
72 2
18 2
18 2
72 0
18 2
18 2
72 2
18 2
18 2
72 0
18 2
16 2
72 0
18 2
18 2
72 2
18 2
18 2
72 0
16 2
22 3
18 2
16 2
72 0
18 2
18 2
18 2
18 2
72 0
18 2
18 2
18 2
16 2
72 0
18 2
18 2
18 2
18 2
72 0
16 2
22 3
18 2
16 2
72 0
18 2
18 2
18 2
18 2
72 0
18 2
18 2
18 2
16 2
72 0
18 2
18 2
18 2
18 2
72 0
16 2
22 3
18 2
16 2
72 0
18 2
18 2
18 2
18 2
72 0
18 2
18 2
18 2
16 2
18 2
18 2
18 2
18 2
16 2
22 3
72 0
18 2
16 2
18 2
18 2
72 1
18 2
18 2
18 2
18 2
72 1
18 2
16 2
18 2
18 2
72 0
18 2
18 2
72 2
16 2
72 1
16 2
16 2
72 2
16 2
16 2
16 2
16 2
18 2
72 2
18 2
18 2
72 0
18 2
16 2
72 2
18 2
18 2
72 0
18 2
18 2
16 2
22 3
72 0
18 2
16 2
18 2
18 2
72 1
18 2
18 2
18 2
18 2
72 1
18 2
16 2
18 2
18 2
72 1
18 2
18 2
16 2
22 3
72 0
18 2
16 2
18 2
18 2
18 2
18 2
18 2
18 2
18 2
16 2
18 2
18 2
18 2
18 2
72 0
16 2
22 3
18 2
16 2
72 0
18 2
18 2
18 2
18 2
72 0
18 2
18 2
18 2
16 2
72 0
18 2
18 2
18 2
18 2
72 0
16 2
22 3
18 2
16 2
72 0
18 2
18 2
18 2
18 2
72 0
18 2
18 2
18 2
16 2
72 0
18 2
18 2
18 2
18 2
72 0
16 2
22 3
18 2
16 2
72 0
18 2
18 2
18 2
18 2
72 0
18 2
18 2
18 2
16 2
72 0
18 2
18 2
18 2
18 2
72 0
16 2
22 3
72 1
18 2
16 2
72 0
18 2
18 2
72 0
18 2
18 2
72 2
18 2
18 2
72 0
18 2
16 2
72 2
18 2
18 2
72 0
18 2
18 2
16 2
22 3
18 2
16 2
18 2
18 2
72 0
18 2
18 2
18 2
18 2
72 0
18 2
16 2
18 2
18 2
72 0
18 2
18 2
16 2
22 3
18 2
16 2
18 2
18 2
18 2
18 2
72 1
18 2
18 2
18 2
16 2
72 0
18 2
18 2
72 2
18 2
18 2
72 0
16 2
22 3
72 1
18 2
16 2
72 0
18 2
18 2
72 2
18 2
18 2
72 0
18 2
18 2
72 2
18 2
16 2
72 0
18 2
18 2
18 2
18 2
16 2
72 2
16 2
16 2
16 2
16 2
16 2
16 2
18 2
18 2
18 2
72 0
18 2
16 2
18 2
18 2
72 0
18 2
18 2
16 2
22 3
18 2
16 2
18 2
18 2
72 0
18 2
18 2
72 2
18 2
18 2
72 0
18 2
16 2
72 0
18 2
18 2
72 2
18 2
18 2
72 0
16 2
22 3
18 2
16 2
72 0
18 2
18 2
18 2
18 2
72 0
18 2
18 2
18 2
16 2
72 0
18 2
18 2
18 2
18 2
72 0
16 2
22 3
18 2
16 2
72 0
18 2
18 2
18 2
18 2
72 0
18 2
18 2
18 2
16 2
18 2
18 2
18 2
18 2
16 2
22 3
72 0
18 2
16 2
18 2
18 2
72 0
18 2
18 2
72 2
18 2
18 2
72 0
18 2
16 2
72 2
18 2
18 2
72 0
18 2
18 2
72 2
16 2
22 3
18 2
16 2
72 2
18 2
18 2
72 0
18 2
18 2
72 2
18 2
18 2
72 0
18 2
16 2
72 2
18 2
18 2
72 0
18 2
18 2
72 2
16 2
22 3
18 2
16 2
72 2
18 2
18 2
72 0
18 2
18 2
72 2
18 2
18 2
72 0
18 2
16 2
72 2
18 2
18 2
72 0
18 2
18 2
16 2
22 3
72 0
18 2
16 2
18 2
18 2
72 1
18 2
18 2
18 2
18 2
72 1
18 2
16 2
18 2
18 2
18 2
18 2
16 2
72 2
16 2
16 2
72 0
16 2
16 2
16 2
16 2
18 2
72 0
18 2
18 2
18 2
16 2
72 0
18 2
18 2
18 2
18 2
72 0
16 2
22 3
18 2
16 2
72 0
18 2
18 2
18 2
18 2
72 0
18 2
18 2
18 2
16 2
72 0
18 2
18 2
18 2
18 2
72 0
16 2
22 3
18 2
16 2
72 0
18 2
18 2
72 2
18 2
18 2
72 0
18 2
18 2
72 2
18 2
16 2
72 0
18 2
18 2
72 0
18 2
18 2
16 2
22 3
18 2
16 2
18 2
18 2
72 0
18 2
18 2
18 2
18 2
72 0
18 2
16 2
18 2
18 2
72 0
18 2
18 2
16 2
22 3
18 2
16 2
18 2
18 2
72 0
18 2
18 2
18 2
18 2
72 0
18 2
16 2
18 2
18 2
72 0
18 2
18 2
16 2
22 3
18 2
16 2
18 2
18 2
72 0
18 2
18 2
18 2
18 2
72 0
18 2
16 2
18 2
18 2
72 0
18 2
18 2
16 2
22 3
18 2
16 2
18 2
18 2
18 2
18 2
18 2
18 2
18 2
16 2
18 2
18 2
18 2
18 2
16 2
22 3
18 2
16 2
72 0
18 2
18 2
72 2
18 2
18 2
72 0
18 2
18 2
72 2
18 2
16 2
72 0
18 2
18 2
72 2
18 2
18 2
72 0
16 2
22 3
72 1
18 2
16 2
72 0
18 2
18 2
18 2
18 2
72 1
18 2
18 2
18 2
16 2
18 2
18 2
18 2
18 2
16 2
22 3
18 2
16 2
18 2
18 2
72 0
18 2
18 2
18 2
18 2
72 0
18 2
16 2
18 2
18 2
72 0
18 2
18 2
16 2
72 2
16 2
16 2
72 2
16 2
16 2
16 2
16 2
18 0
E
S
L
72 4
34 13
33 4
39 4
72 0
39 7
37 5
35 9
19 6
36 4
72 1
33 8
46 3
46 4
34 5
72 0
36 7
36 7
32 7
35 7
34 3
34 4
34 4
22 11
36 7
38 7
39 7
41 7
43 5
38 3
51 5
38 3
72 1
51 7
51 8
43 7
41 7
35 4
36 4
33 4
35 4
34 6
43 5
72 0
41 7
38 6
72 1
37 4
34 7
36 4
47 4
39 4
50 4
37 5
34 3
41 7
37 7
34 8
24 3
72 1
26 4
34 9
72 0
43 4
43 4
72 0
43 4
32 4
72 0
34 4
34 5
41 8
37 4
72 0
37 4
37 4
72 0
37 4
41 8
33 7
38 7
34 6
33 4
40 7
39 4
42 5
72 0
40 4
38 4
72 0
38 4
43 7
43 7
43 7
43 7
39 11
39 7
39 7
35 11
41 11
34 13
33 4
39 4
39 7
37 5
35 9
72 0
19 6
36 4
33 8
46 3
46 4
34 5
36 7
36 7
32 7
35 7
34 3
34 4
34 4
72 0
22 11
36 7
38 7
39 7
41 7
43 5
72 0
38 3
51 5
72 0
38 3
51 7
51 8
43 7
41 7
35 4
72 0
36 4
33 4
72 0
35 4
34 6
72 1
43 5
41 7
38 6
37 4
72 1
34 7
36 4
47 4
72 1
39 4
50 4
72 1
37 5
34 3
41 7
37 7
34 8
24 3
26 4
34 9
43 4
43 4
43 4
32 4
34 4
34 5
72 0
41 8
37 4
37 4
37 4
37 4
41 8
33 7
38 7
34 6
33 4
72 1
40 7
39 4
42 5
40 4
38 4
38 4
43 7
43 7
43 7
43 7
39 11
39 7
39 7
35 11
41 11
34 13
33 4
39 4
39 7
37 5
35 9
19 6
36 4
72 0
33 8
46 3
46 4
72 0
34 5
36 7
36 7
32 7
35 7
34 3
72 1
34 4
34 4
72 0
22 11
36 7
38 7
39 7
41 7
43 5
38 3
51 5
38 3
51 7
51 8
43 7
41 7
35 4
36 4
33 4
72 0
35 4
34 6
72 0
43 5
72 0
41 7
38 6
37 4
34 7
36 4
47 4
39 4
50 4
37 5
34 3
72 1
41 7
37 7
34 8
24 3
26 4
72 0
34 9
43 4
72 0
43 4
43 4
72 0
32 4
34 4
72 0
34 5
41 8
37 4
37 4
72 0
37 4
37 4
72 0
41 8
33 7
38 7
34 6
33 4
40 7
39 4
42 5
72 0
40 4
38 4
38 4
72 0
43 7
43 7
43 7
43 7
39 11
39 7
39 7
35 11
41 11
34 0
E
S
L
72 4
33 13
38 4
72 0
38 7
36 5
46 7
32 4
38 6
41 4
72 1
34 8
52 3
52 4
33 5
72 0
32 7
30 7
29 7
32 7
33 3
33 4
33 4
33 4
48 4
50 8
31 7
33 7
34 7
36 8
39 5
41 3
55 5
41 3
72 1
55 7
55 8
37 7
35 7
29 4
30 4
27 4
32 4
33 6
37 5
72 0
35 7
32 6
72 1
44 4
43 7
30 4
41 4
33 4
44 4
31 5
29 3
36 7
34 7
31 8
30 3
72 1
32 4
29 9
72 0
37 4
37 4
72 0
38 4
31 4
72 0
31 4
31 5
37 8
34 4
72 0
34 4
34 4
72 0
34 4
33 8
29 7
33 7
33 6
30 4
34 4
33 2
34 3
36 4
36 5
72 0
34 4
36 4
72 0
34 4
37 7
37 7
37 7
37 7
35 11
35 7
35 7
31 11
35 11
33 13
38 4
38 7
36 5
46 7
32 4
72 0
38 6
41 4
34 8
52 3
52 4
33 5
32 7
30 7
29 7
32 7
33 3
33 4
33 4
72 0
33 4
48 4
72 0
50 8
31 7
33 7
34 7
36 8
39 5
72 0
41 3
55 5
72 0
41 3
55 7
55 8
37 7
35 7
29 4
72 0
30 4
27 4
72 0
32 4
33 6
72 1
37 5
35 7
32 6
44 4
72 1
43 7
30 4
41 4
72 1
33 4
44 4
72 1
31 5
29 3
36 7
34 7
31 8
30 3
32 4
29 9
37 4
37 4
38 4
31 4
31 4
31 5
72 0
37 8
34 4
34 4
34 4
34 4
33 8
29 7
33 7
33 6
30 4
72 1
34 4
33 2
34 3
72 1
36 4
36 5
34 4
36 4
34 4
37 7
37 7
37 7
37 7
35 11
35 7
35 7
31 11
35 11
33 13
38 4
38 7
36 5
46 7
32 4
38 6
41 4
72 0
34 8
52 3
52 4
72 0
33 5
32 7
30 7
29 7
32 7
33 3
72 1
33 4
33 4
72 0
33 4
48 4
72 0
50 8
31 7
33 7
34 7
36 8
39 5
41 3
55 5
41 3
55 7
55 8
37 7
35 7
29 4
30 4
27 4
72 0
32 4
33 6
72 0
37 5
72 0
35 7
32 6
44 4
43 7
30 4
41 4
33 4
44 4
31 5
29 3
72 1
36 7
34 7
31 8
30 3
32 4
72 0
29 9
37 4
72 0
37 4
38 4
72 0
31 4
31 4
72 0
31 5
37 8
34 4
34 4
72 0
34 4
34 4
72 0
33 8
29 7
33 7
33 6
30 4
34 4
33 2
34 3
36 4
36 5
72 0
34 4
36 4
34 4
72 0
37 7
37 7
37 7
37 7
35 11
35 7
35 7
31 11
35 11
33 0
E
X
