minor
S
L
72 6
41 2
40 2
35 2
31 2
28 2
29 8
29 2
21 2
29 9
21 2
29 4
28 11
35 2
40 2
42 2
40 2
35 2
28 4
27 8
27 2
21 2
27 9
27 2
21 2
27 2
26 0
21 0
72 2
26 0
21 0
72 0
26 0
21 0
72 1
26 0
21 0
72 1
26 0
72 0
21 0
26 0
72 2
21 0
26 0
21 0
72 2
26 0
21 0
72 0
26 0
21 0
72 1
26 0
21 0
72 1
26 0
72 0
21 0
26 0
72 2
21 0
26 0
21 0
72 2
26 0
21 0
72 0
26 0
21 0
72 1
26 0
21 0
72 1
26 0
72 0
21 0
26 0
72 2
21 0
28 7
29 8
41 2
40 2
36 4
29 7
29 2
21 2
29 11
29 2
21 2
29 7
29 2
28 8
38 4
28 9
28 2
31 2
34 9
34 4
33 9
33 2
28 2
29 11
29 2
21 2
29 4
28 6
26 2
21 0
72 0
26 0
21 0
72 1
26 0
21 0
72 1
26 0
72 0
21 0
26 0
72 2
21 0
26 0
21 0
72 2
26 0
21 2
26 2
28 4
29 7
33 6
34 8
34 2
29 2
34 8
33 7
31 4
26 2
31 4
31 2
33 2
34 6
33 2
31 4
31 2
21 2
31 2
29 8
41 2
40 2
36 4
29 7
28 6
26 2
21 0
72 0
26 0
21 0
72 1
26 0
21 0
72 1
26 0
72 0
21 0
26 0
72 2
21 0
26 0
21 0
72 2
26 0
21 2
26 2
28 4
29 7
33 6
31 13
30 13
29 14
29 4
E
S
H
72 11
57 13
59 4
55 11
55 13
53 4
48 8
50 7
52 4
53 2
52 2
53 2
48 11
50 2
48 2
51 4
50 2
48 2
50 2
51 10
53 4
51 2
55 13
50 11
52 9
53 2
55 2
57 13
65 2
64 2
60 4
62 10
65 7
64 7
60 7
62 11
57 4
55 8
58 6
64 9
57 13
62 4
60 4
53 10
50 7
52 7
53 7
55 7
56 7
58 7
60 7
62 7
64 14
E
S
H
72 11
57 13
59 4
55 11
55 13
53 4
48 8
50 6
53 0
50 0
72 2
52 0
72 0
53 0
72 1
48 0
72 1
52 0
72 0
41 0
48 0
72 2
53 0
41 0
72 2
52 0
72 0
53 0
72 1
48 0
72 1
52 0
72 0
41 0
48 0
72 2
53 0
41 0
72 2
52 0
72 0
53 0
72 1
48 0
72 1
52 0
72 0
41 0
48 0
72 2
53 0
41 0
72 2
52 0
72 0
53 0
72 1
48 0
72 1
52 0
72 0
41 0
48 0
72 2
51 0
41 0
72 2
48 0
72 0
51 0
72 1
44 0
72 1
48 0
72 0
41 0
44 0
72 2
51 0
41 0
72 2
48 0
72 0
51 0
72 1
44 0
72 1
48 0
72 0
41 0
44 0
72 2
51 0
41 0
72 2
48 0
72 0
51 0
72 1
44 0
72 1
48 0
72 0
41 0
44 0
72 2
51 0
41 0
72 2
48 0
72 0
51 0
72 1
44 0
72 1
48 0
72 0
41 0
44 0
72 2
50 0
41 0
72 2
47 0
72 0
50 0
72 1
43 0
72 1
47 0
72 0
40 0
43 0
72 2
50 0
40 0
72 2
47 0
72 0
50 0
72 1
43 0
72 1
47 0
72 0
40 0
43 0
72 2
50 0
40 0
72 2
47 0
72 0
50 0
72 1
43 0
72 1
47 0
72 0
40 0
43 0
72 2
50 0
40 0
72 2
47 0
72 0
50 0
72 1
43 0
72 1
47 0
72 0
40 0
43 0
72 2
50 0
40 0
72 2
46 0
72 0
50 0
72 1
43 0
72 1
46 0
72 0
40 0
43 0
72 2
50 0
40 0
72 2
46 0
72 0
50 0
72 1
43 0
72 1
46 0
72 0
50 0
43 0
72 2
49 0
50 0
72 2
46 0
72 0
49 0
72 1
43 0
72 1
46 0
72 0
40 0
43 0
72 2
46 0
40 0
72 2
45 0
72 0
46 0
72 1
49 0
72 1
45 0
72 0
52 0
49 0
72 2
53 0
52 0
72 2
52 0
72 0
53 0
72 1
48 0
72 1
52 0
72 0
41 0
48 0
72 2
53 0
41 0
72 2
52 0
72 0
53 0
72 1
48 0
72 1
52 0
72 0
41 0
48 0
72 2
53 0
41 0
72 2
52 0
72 0
53 0
72 1
48 0
72 1
52 0
72 0
41 0
48 0
72 2
53 0
41 0
72 2
52 0
72 0
53 0
72 1
48 0
72 1
52 0
72 0
41 0
48 0
72 2
53 0
41 0
72 2
50 0
72 0
53 0
72 1
48 0
72 1
50 0
72 0
45 0
48 0
72 2
53 0
45 0
72 2
50 0
72 0
53 0
72 1
48 0
72 1
50 0
72 0
45 0
48 0
72 2
53 0
45 0
72 2
50 0
72 0
53 0
72 1
48 0
72 1
50 0
72 0
45 0
48 0
72 2
53 0
45 0
72 2
50 0
72 0
53 0
72 1
48 0
72 1
50 0
72 0
45 0
48 0
72 2
53 0
45 0
72 2
50 0
72 0
53 0
72 1
46 0
72 1
50 0
72 0
45 0
46 0
72 2
53 0
45 0
72 2
50 0
72 0
53 0
72 1
46 0
72 1
50 0
72 0
45 0
46 0
72 2
53 0
45 0
72 2
50 0
72 0
53 0
72 1
46 0
72 1
50 0
72 0
45 0
46 0
72 2
53 0
45 0
72 2
50 0
72 0
53 0
72 1
46 0
72 1
50 0
72 0
45 0
46 0
72 2
50 0
45 0
72 2
48 0
72 0
50 0
72 1
45 0
72 1
48 0
72 0
41 0
45 0
72 2
50 0
41 0
72 2
48 0
72 0
50 0
72 1
45 0
72 1
48 0
72 0
41 0
45 0
72 2
49 0
41 0
72 2
46 0
72 0
49 0
72 1
45 0
72 1
46 0
72 0
43 0
45 0
72 2
46 0
43 0
72 2
45 0
72 0
46 0
72 1
43 0
72 1
45 0
72 0
40 0
43 0
72 2
53 0
40 0
72 2
52 0
72 0
53 0
72 1
48 0
72 1
52 0
72 0
41 0
48 0
72 2
53 0
41 0
72 2
52 0
72 0
53 0
72 1
48 0
72 1
52 0
72 0
41 0
48 0
72 2
53 0
41 0
72 2
52 0
72 0
53 0
72 1
48 0
72 1
52 0
72 0
41 0
48 0
72 2
53 0
41 0
72 2
52 0
72 0
53 0
72 1
48 0
72 1
52 0
72 0
41 0
48 0
72 2
53 0
41 0
72 2
50 0
72 0
53 0
72 1
48 0
72 1
50 0
72 0
45 0
48 0
72 2
53 0
45 0
72 2
50 0
72 0
53 0
72 1
48 0
72 1
50 0
72 0
45 0
48 0
72 2
53 0
45 0
72 2
50 0
72 0
53 0
72 1
48 0
72 1
50 0
72 0
45 0
48 0
72 2
53 0
45 0
72 2
50 0
72 0
53 0
72 1
48 0
72 1
50 0
72 0
45 0
48 0
72 2
53 0
45 0
72 2
50 0
72 0
53 0
72 1
46 0
72 1
50 0
72 0
43 0
46 0
72 2
53 0
43 0
72 2
50 0
72 0
53 0
72 1
46 0
72 1
50 0
72 0
43 0
46 0
72 2
53 0
43 0
72 2
50 0
72 0
53 0
72 1
46 0
72 1
50 0
72 0
43 0
46 0
72 2
53 0
43 0
72 2
50 0
72 0
53 0
72 1
46 0
72 1
50 0
72 0
43 0
46 0
72 2
53 0
43 0
72 2
49 0
72 0
53 0
72 1
46 0
72 1
49 0
72 0
42 0
46 0
72 2
53 0
42 0
72 2
49 0
72 0
53 0
72 1
46 0
72 1
49 0
72 0
42 0
46 0
72 2
53 2
49 2
46 2
42 2
53 2
49 2
46 2
42 2
52 0
72 2
48 0
72 0
52 0
72 1
45 0
72 1
48 0
72 0
41 0
45 0
72 2
52 0
41 0
72 2
48 0
72 0
52 0
72 1
45 0
72 2
106 0
45 0
72 2
52 0
41 0
72 2
48 0
72 0
52 0
72 1
45 0
72 1
48 0
72 0
41 0
45 0
72 2
52 0
41 0
72 2
48 0
72 0
52 0
72 1
45 0
72 1
48 0
72 0
41 0
45 0
72 2
52 0
41 0
72 2
48 0
72 0
52 0
72 1
45 0
72 1
48 0
72 0
41 0
45 0
72 2
52 0
41 0
72 2
48 0
72 0
52 0
72 1
45 0
72 1
48 0
72 0
41 0
45 0
72 2
52 0
41 0
72 2
48 0
72 0
52 0
72 1
45 0
72 1
48 0
72 0
41 0
45 0
72 2
52 0
41 0
72 2
48 0
72 0
52 0
72 1
45 0
72 1
48 0
72 0
41 0
45 0
72 2
52 0
41 0
72 2
48 0
72 0
52 0
72 1
45 0
72 1
48 0
72 0
41 0
45 0
72 2
52 0
41 0
72 2
48 0
72 0
52 0
72 1
45 0
72 1
48 0
72 0
41 0
45 0
72 2
52 0
41 0
72 2
48 0
72 0
52 0
72 1
45 0
72 1
48 0
72 0
41 0
45 0
72 2
52 0
41 0
72 2
48 0
72 0
52 0
72 1
45 0
72 1
48 0
72 0
41 0
45 0
E
S
L
72 11
20 0
72 4
20 0
72 4
18 0
72 4
20 0
72 4
18 0
72 4
20 0
72 4
22 0
72 4
20 0
72 2
18 0
72 2
20 0
72 4
20 0
72 4
18 0
72 4
20 0
72 4
18 0
72 4
20 0
72 4
22 0
72 4
20 0
72 2
18 0
72 2
20 0
72 4
20 0
72 4
18 0
72 4
20 0
72 4
18 0
72 4
20 0
72 4
22 0
72 4
20 0
72 2
18 0
72 2
20 0
72 4
20 0
72 4
18 0
72 4
20 0
72 4
18 0
72 4
20 0
72 4
22 0
72 4
20 0
72 2
18 0
72 2
20 0
72 4
20 0
72 4
18 0
72 4
20 0
72 4
18 0
72 4
20 0
72 4
22 0
72 4
20 0
72 2
18 0
72 2
20 0
72 4
20 0
72 4
18 0
72 4
20 0
72 4
18 0
72 4
20 0
72 4
22 0
72 4
20 0
72 2
18 0
72 2
20 0
72 4
20 0
72 4
18 0
72 4
20 0
72 4
18 0
72 4
20 0
72 4
22 0
72 4
20 0
72 2
18 0
72 2
20 0
72 4
20 0
72 4
18 0
72 4
20 0
72 4
18 0
72 4
20 0
72 4
22 0
72 4
20 0
72 2
18 0
72 2
20 0
72 4
20 0
72 4
18 0
72 4
20 0
72 4
18 0
72 4
20 0
72 4
22 0
72 4
20 0
72 2
18 0
72 2
20 0
72 4
20 0
72 4
18 0
72 4
20 0
72 4
18 0
72 4
20 0
72 4
22 0
72 4
20 0
72 2
18 0
72 2
20 0
72 4
20 0
72 4
18 0
72 4
20 0
72 4
18 0
72 4
20 0
72 4
22 0
72 4
20 0
72 2
18 0
72 2
20 0
72 4
20 0
72 4
18 0
72 4
20 0
72 4
18 0
72 4
20 0
72 4
22 0
72 4
20 0
72 2
18 0
72 2
20 0
72 4
20 0
72 4
18 0
72 4
20 0
72 4
18 0
72 4
20 0
72 4
22 0
72 4
20 0
72 2
18 0
72 2
20 0
72 4
20 0
72 4
18 0
72 4
20 0
72 4
18 0
72 4
20 0
72 4
22 0
72 4
20 0
72 2
18 0
72 2
20 0
72 4
20 0
72 4
18 0
72 4
20 0
72 4
18 0
72 4
20 0
72 4
22 0
72 4
20 0
72 2
18 0
72 2
20 0
72 4
20 0
72 4
18 0
72 4
20 0
72 4
18 0
72 4
20 0
72 4
22 0
72 4
20 0
E
X
