minor
S
H
72 7
72 14
42 7
44 7
49 7
51 7
56 7
58 7
56 7
58 7
56 7
58 7
56 7
58 7
72 14
45 7
72 7
50 7
72 7
52 7
72 14
42 7
44 7
49 7
51 7
56 7
58 7
56 7
58 7
56 7
58 7
56 7
58 7
72 14
45 7
72 7
50 7
72 7
52 7
72 14
42 7
44 7
49 7
51 7
56 7
58 7
56 7
58 7
56 7
58 7
56 7
58 7
72 14
45 7
72 7
50 7
72 7
52 7
E
S
H
72 7
72 14
63 2
61 2
70 2
68 2
66 2
63 2
61 2
63 2
66 2
68 2
61 2
63 2
65 2
63 2
61 2
68 2
66 2
63 2
61 2
63 2
66 2
68 2
61 2
63 2
65 2
63 2
61 2
68 2
66 2
63 2
61 2
63 2
66 2
68 2
61 2
63 2
65 2
63 2
61 2
68 2
66 2
63 2
61 2
63 2
66 2
68 2
61 2
63 2
65 2
63 2
61 2
68 2
66 2
63 2
61 2
63 2
66 2
68 2
61 2
63 2
65 2
63 2
61 2
68 2
66 2
63 2
61 2
63 2
66 2
68 2
61 2
63 2
72 14
63 2
61 2
70 2
68 2
66 2
63 2
61 2
63 2
66 2
68 2
61 2
63 2
65 2
63 2
61 2
68 2
66 2
63 2
61 2
63 2
66 2
68 2
61 2
63 2
65 2
63 2
61 2
68 2
66 2
63 2
61 2
63 2
66 2
68 2
61 2
63 2
65 2
63 2
61 2
68 2
66 2
63 2
61 2
63 2
66 2
68 2
61 2
63 2
65 2
63 2
61 2
68 2
66 2
63 2
61 2
63 2
66 2
68 2
61 2
63 2
65 2
63 2
61 2
68 2
66 2
63 2
61 2
63 2
66 2
68 2
61 2
63 2
72 14
63 2
61 2
70 2
68 2
66 2
63 2
61 2
63 2
66 2
68 2
61 2
63 2
65 2
63 2
61 2
68 2
66 2
63 2
61 2
63 2
66 2
68 2
61 2
63 2
65 2
63 2
61 2
68 2
66 2
63 2
61 2
63 2
66 2
68 2
61 2
63 2
65 2
63 2
61 2
68 2
66 2
63 2
61 2
63 2
66 2
68 2
61 2
63 2
65 2
63 2
61 2
68 2
66 2
63 2
61 2
63 2
66 2
68 2
61 2
63 2
65 2
63 2
61 2
68 2
66 2
63 2
61 2
63 2
66 2
68 2
61 2
63 2
E
S
H
72 8
72 14
39 3
42 3
44 3
47 3
49 3
51 3
72 5
51 2
72 4
51 2
72 7
51 2
72 4
51 2
72 7
51 2
72 4
51 2
72 7
51 2
72 4
51 2
72 7
49 2
72 4
45 2
47 2
49 2
72 6
49 2
72 4
45 2
47 2
49 2
72 6
49 2
72 4
45 2
47 2
49 2
72 6
49 2
72 4
45 2
47 2
49 2
72 6
49 2
72 4
49 2
72 7
49 2
72 4
49 2
72 7
49 2
72 4
49 2
72 7
49 2
72 4
49 2
72 7
49 2
72 4
49 2
72 7
49 2
72 4
49 2
72 7
49 2
72 4
49 2
72 7
49 2
72 4
49 2
72 7
45 2
72 4
45 2
72 7
45 2
72 4
45 2
72 7
45 2
72 4
45 2
72 7
45 2
72 4
45 2
72 4
49 13
47 5
49 5
45 5
45 13
43 8
42 5
47 13
45 5
47 5
43 5
40 14
72 12
39 3
42 3
44 3
47 3
49 3
51 3
72 5
51 2
72 4
51 2
72 7
51 2
72 4
51 2
72 7
51 2
72 4
51 2
72 7
51 2
72 4
51 2
72 7
49 2
72 4
45 2
47 2
49 2
72 6
49 2
72 4
45 2
47 2
49 2
72 6
49 2
72 4
45 2
47 2
49 2
72 6
49 2
72 4
45 2
47 2
49 2
72 6
49 2
72 4
49 2
72 7
49 2
72 4
49 2
72 7
49 2
72 4
49 2
72 7
49 2
72 4
49 2
72 7
49 2
72 4
49 2
72 7
49 2
72 4
49 2
72 7
49 2
72 4
49 2
72 7
49 2
72 4
49 2
72 7
45 2
72 4
45 2
72 7
45 2
72 4
45 2
72 7
45 2
72 4
45 2
72 7
45 2
72 4
45 2
72 4
49 13
47 5
49 5
45 5
45 13
43 8
42 5
47 13
45 5
47 5
43 5
40 14
72 12
39 3
42 3
44 3
47 3
49 3
51 3
72 5
51 2
72 4
51 2
72 7
51 2
72 4
51 2
72 7
51 2
72 4
51 2
72 7
51 2
72 4
51 2
72 7
49 2
72 4
45 2
47 2
49 2
72 6
49 2
72 4
45 2
47 2
49 2
72 6
49 2
72 4
45 2
47 2
49 2
72 6
49 2
72 4
45 2
47 2
49 2
72 6
49 2
72 4
49 2
72 7
49 2
72 4
49 2
72 7
49 2
72 4
49 2
72 7
49 2
72 4
49 2
72 7
49 2
72 4
49 2
72 7
49 2
72 4
49 2
72 7
49 2
72 4
49 2
72 7
49 2
72 4
49 2
72 7
45 2
72 4
45 2
72 7
45 2
72 4
45 2
72 7
45 2
72 4
45 2
72 7
45 2
72 4
45 2
72 4
49 13
47 5
49 5
45 5
45 13
43 8
42 5
47 13
45 5
47 5
43 5
40 14
E
S
L
72 8
72 14
179 14
127 14
218 14
205 14
179 14
179 14
153 14
127 14
101 14
72 13
179 14
127 14
218 14
205 14
179 14
179 14
153 14
127 14
101 14
72 13
179 14
127 14
218 14
205 14
179 14
179 14
153 14
127 14
101 14
E
S
H
72 8
72 14
344 14
1823 14
671 14
551 14
1079 14
359 14
815 14
815 14
501 14
72 13
344 14
1823 14
671 14
551 14
1079 14
359 14
815 14
815 14
501 14
72 13
344 14
1823 14
671 14
551 14
1079 14
359 14
815 14
815 14
501 14
E
S
H
72 8
72 14
65 2
63 2
61 2
56 2
54 2
51 2
49 2
51 2
54 2
56 2
61 2
63 2
65 2
63 2
61 2
56 2
54 2
51 2
49 2
51 2
54 2
56 2
61 2
63 2
65 2
63 2
61 2
56 2
54 2
51 2
49 2
51 2
54 2
56 2
61 2
63 2
65 2
63 2
61 2
56 2
54 2
51 2
49 2
51 2
54 2
56 2
61 2
63 2
61 2
59 2
54 2
50 2
47 2
45 2
42 2
45 2
47 2
50 2
54 2
59 2
61 2
59 2
54 2
50 2
47 2
45 2
42 2
45 2
47 2
50 2
54 2
59 2
61 2
59 2
54 2
50 2
47 2
45 2
42 2
45 2
47 2
50 2
54 2
59 2
61 2
59 2
54 2
50 2
47 2
45 2
42 2
45 2
47 2
50 2
54 2
59 2
63 2
61 2
59 2
54 2
51 2
47 2
42 2
47 2
51 2
54 2
59 2
61 2
63 2
61 2
59 2
54 2
51 2
47 2
42 2
47 2
51 2
54 2
59 2
61 2
63 2
61 2
59 2
54 2
51 2
47 2
42 2
47 2
51 2
54 2
59 2
61 2
63 2
61 2
59 2
54 2
51 2
47 2
42 2
47 2
51 2
54 2
59 2
61 2
63 2
61 2
59 2
54 2
51 2
47 2
42 2
47 2
51 2
54 2
59 2
61 2
63 2
61 2
59 2
54 2
51 2
47 2
42 2
47 2
51 2
54 2
59 2
61 2
63 2
61 2
59 2
54 2
51 2
47 2
42 2
47 2
51 2
54 2
59 2
61 2
63 2
61 2
59 2
54 2
51 2
47 2
42 2
47 2
51 2
54 2
59 2
61 2
61 2
59 2
57 2
54 2
49 2
45 2
42 2
45 2
49 2
54 2
57 2
59 2
61 2
59 2
57 2
54 2
49 2
45 2
42 2
45 2
49 2
54 2
57 2
59 2
61 7
59 7
57 7
54 7
49 7
45 7
42 7
45 7
49 7
54 7
57 7
59 7
61 7
59 7
57 7
54 7
49 7
45 7
42 7
45 7
49 7
54 7
57 7
59 7
61 7
59 7
57 7
54 7
49 7
45 7
42 7
45 7
49 7
54 7
57 7
59 7
61 7
59 7
57 7
54 7
49 7
45 7
42 7
45 7
49 7
54 7
57 7
59 7
61 7
59 7
57 7
54 7
49 7
45 7
42 7
45 7
49 7
54 7
57 7
59 7
61 7
59 7
57 7
54 7
49 7
45 7
42 7
45 7
49 7
54 7
57 7
59 7
61 7
59 7
215 2
175 2
124 2
216 2
177 2
216 2
124 2
175 2
215 2
59 7
61 7
59 7
215 2
175 2
124 2
216 2
177 2
216 2
124 2
175 2
215 2
59 7
61 7
59 7
54 7
50 7
47 7
43 7
40 7
43 7
47 7
50 7
54 7
59 7
61 7
59 7
54 7
50 7
47 7
43 7
40 7
43 7
47 7
50 7
54 7
59 7
61 7
59 7
54 7
50 7
47 7
43 7
40 7
43 7
47 7
50 7
54 7
59 7
61 7
59 7
54 7
50 7
47 7
43 7
40 7
43 7
47 7
50 7
54 7
59 7
61 7
59 7
54 7
50 7
47 7
43 7
40 7
43 7
47 7
50 7
54 7
59 7
61 7
59 7
54 7
50 7
47 7
43 7
40 7
43 7
47 7
50 7
54 7
59 7
59 2
57 2
52 2
48 2
45 2
41 2
40 2
41 2
45 2
48 2
52 2
57 2
59 2
57 2
52 2
48 2
45 2
41 2
40 2
41 2
45 2
48 2
52 2
57 2
59 14
72 13
65 2
63 2
61 2
56 2
54 2
51 2
49 2
51 2
54 2
56 2
61 2
63 2
65 2
63 2
61 2
56 2
54 2
51 2
49 2
51 2
54 2
56 2
61 2
63 2
65 2
63 2
61 2
56 2
54 2
51 2
49 2
51 2
54 2
56 2
61 2
63 2
65 2
63 2
61 2
56 2
54 2
51 2
49 2
51 2
54 2
56 2
61 2
63 2
61 2
59 2
54 2
50 2
47 2
45 2
42 2
45 2
47 2
50 2
54 2
59 2
61 2
59 2
54 2
50 2
47 2
45 2
42 2
45 2
47 2
50 2
54 2
59 2
61 2
59 2
54 2
50 2
47 2
45 2
42 2
45 2
47 2
50 2
54 2
59 2
61 2
59 2
54 2
50 2
47 2
45 2
42 2
45 2
47 2
50 2
54 2
59 2
63 2
61 2
59 2
54 2
51 2
47 2
42 2
47 2
51 2
54 2
59 2
61 2
63 2
61 2
59 2
54 2
51 2
47 2
42 2
47 2
51 2
54 2
59 2
61 2
63 2
61 2
59 2
54 2
51 2
47 2
42 2
47 2
51 2
54 2
59 2
61 2
63 2
61 2
59 2
54 2
51 2
47 2
42 2
47 2
51 2
54 2
59 2
61 2
63 2
61 2
59 2
54 2
51 2
47 2
42 2
47 2
51 2
54 2
59 2
61 2
63 2
61 2
59 2
54 2
51 2
47 2
42 2
47 2
51 2
54 2
59 2
61 2
63 2
61 2
59 2
54 2
51 2
47 2
42 2
47 2
51 2
54 2
59 2
61 2
63 2
61 2
59 2
54 2
51 2
47 2
42 2
47 2
51 2
54 2
59 2
61 2
61 2
59 2
57 2
54 2
49 2
45 2
42 2
45 2
49 2
54 2
57 2
59 2
61 2
59 2
57 2
54 2
49 2
45 2
42 2
45 2
49 2
54 2
57 2
59 2
61 7
59 7
57 7
54 7
49 7
45 7
42 7
45 7
49 7
54 7
57 7
59 7
61 7
59 7
57 7
54 7
49 7
45 7
42 7
45 7
49 7
54 7
57 7
59 7
61 7
59 7
57 7
54 7
49 7
45 7
42 7
45 7
49 7
54 7
57 7
59 7
61 7
59 7
57 7
54 7
49 7
45 7
42 7
45 7
49 7
54 7
57 7
59 7
61 7
59 7
57 7
54 7
49 7
45 7
42 7
45 7
49 7
54 7
57 7
59 7
61 7
59 7
57 7
54 7
49 7
45 7
42 7
45 7
49 7
54 7
57 7
59 7
61 7
59 7
215 2
175 2
124 2
216 2
177 2
216 2
124 2
175 2
215 2
59 7
61 7
59 7
215 2
175 2
124 2
216 2
177 2
216 2
124 2
175 2
215 2
59 7
61 7
59 7
54 7
50 7
47 7
43 7
40 7
43 7
47 7
50 7
54 7
59 7
61 7
59 7
54 7
50 7
47 7
43 7
40 7
43 7
47 7
50 7
54 7
59 7
61 7
59 7
54 7
50 7
47 7
43 7
40 7
43 7
47 7
50 7
54 7
59 7
61 7
59 7
54 7
50 7
47 7
43 7
40 7
43 7
47 7
50 7
54 7
59 7
61 7
59 7
54 7
50 7
47 7
43 7
40 7
43 7
47 7
50 7
54 7
59 7
61 7
59 7
54 7
50 7
47 7
43 7
40 7
43 7
47 7
50 7
54 7
59 7
59 2
57 2
52 2
48 2
45 2
41 2
40 2
41 2
45 2
48 2
52 2
57 2
59 2
57 2
52 2
48 2
45 2
41 2
40 2
41 2
45 2
48 2
52 2
57 2
59 14
72 13
65 2
63 2
61 2
56 2
54 2
51 2
49 2
51 2
54 2
56 2
61 2
63 2
65 2
63 2
61 2
56 2
54 2
51 2
49 2
51 2
54 2
56 2
61 2
63 2
65 2
63 2
61 2
56 2
54 2
51 2
49 2
51 2
54 2
56 2
61 2
63 2
65 2
63 2
61 2
56 2
54 2
51 2
49 2
51 2
54 2
56 2
61 2
63 2
61 2
59 2
54 2
50 2
47 2
45 2
42 2
45 2
47 2
50 2
54 2
59 2
61 2
59 2
54 2
50 2
47 2
45 2
42 2
45 2
47 2
50 2
54 2
59 2
61 2
59 2
54 2
50 2
47 2
45 2
42 2
45 2
47 2
50 2
54 2
59 2
61 2
59 2
54 2
50 2
47 2
45 2
42 2
45 2
47 2
50 2
54 2
59 2
63 2
61 2
59 2
54 2
51 2
47 2
42 2
47 2
51 2
54 2
59 2
61 2
63 2
61 2
59 2
54 2
51 2
47 2
42 2
47 2
51 2
54 2
59 2
61 2
63 2
61 2
59 2
54 2
51 2
47 2
42 2
47 2
51 2
54 2
59 2
61 2
63 2
61 2
59 2
54 2
51 2
47 2
42 2
47 2
51 2
54 2
59 2
61 2
63 2
61 2
59 2
54 2
51 2
47 2
42 2
47 2
51 2
54 2
59 2
61 2
63 2
61 2
59 2
54 2
51 2
47 2
42 2
47 2
51 2
54 2
59 2
61 2
63 2
61 2
59 2
54 2
51 2
47 2
42 2
47 2
51 2
54 2
59 2
61 2
63 2
61 2
59 2
54 2
51 2
47 2
42 2
47 2
51 2
54 2
59 2
61 2
61 2
59 2
57 2
54 2
49 2
45 2
42 2
45 2
49 2
54 2
57 2
59 2
61 2
59 2
57 2
54 2
49 2
45 2
42 2
45 2
49 2
54 2
57 2
59 2
61 7
59 7
57 7
54 7
49 7
45 7
42 7
45 7
49 7
54 7
57 7
59 7
61 7
59 7
57 7
54 7
49 7
45 7
42 7
45 7
49 7
54 7
57 7
59 7
61 7
59 7
57 7
54 7
49 7
45 7
42 7
45 7
49 7
54 7
57 7
59 7
61 7
59 7
57 7
54 7
49 7
45 7
42 7
45 7
49 7
54 7
57 7
59 7
61 7
59 7
57 7
54 7
49 7
45 7
42 7
45 7
49 7
54 7
57 7
59 7
61 7
59 7
57 7
54 7
49 7
45 7
42 7
45 7
49 7
54 7
57 7
59 7
61 7
59 7
215 2
175 2
124 2
216 2
177 2
216 2
124 2
175 2
215 2
59 7
61 7
59 7
215 2
175 2
124 2
216 2
177 2
216 2
124 2
175 2
215 2
59 7
61 7
59 7
54 7
50 7
47 7
43 7
40 7
43 7
47 7
50 7
54 7
59 7
61 7
59 7
54 7
50 7
47 7
43 7
40 7
43 7
47 7
50 7
54 7
59 7
61 7
59 7
54 7
50 7
47 7
43 7
40 7
43 7
47 7
50 7
54 7
59 7
61 7
59 7
54 7
50 7
47 7
43 7
40 7
43 7
47 7
50 7
54 7
59 7
61 7
59 7
54 7
50 7
47 7
43 7
40 7
43 7
47 7
50 7
54 7
59 7
61 7
59 7
54 7
50 7
47 7
43 7
40 7
43 7
47 7
50 7
54 7
59 7
59 2
57 2
52 2
48 2
45 2
41 2
40 2
41 2
45 2
48 2
52 2
57 2
59 2
57 2
52 2
48 2
45 2
41 2
40 2
41 2
45 2
48 2
52 2
57 2
59 14
E
S
H
72 8
72 14
56 2
54 2
51 2
49 2
51 2
54 2
56 2
61 2
63 2
65 2
63 2
61 2
56 2
54 2
51 2
49 2
51 2
54 2
56 2
61 2
63 2
65 2
63 2
61 2
56 2
54 2
51 2
49 2
51 2
54 2
56 2
61 2
63 2
65 2
63 2
61 2
56 2
54 2
51 2
49 2
51 2
54 2
56 2
61 2
63 2
65 2
63 2
61 2
50 2
47 2
45 2
42 2
45 2
47 2
50 2
54 2
59 2
61 2
59 2
54 2
50 2
47 2
45 2
42 2
45 2
47 2
50 2
54 2
59 2
61 2
59 2
54 2
50 2
47 2
45 2
42 2
45 2
47 2
50 2
54 2
59 2
61 2
59 2
54 2
50 2
47 2
45 2
42 2
45 2
47 2
50 2
54 2
59 2
61 2
59 2
54 2
54 2
51 2
47 2
42 2
47 2
51 2
54 2
59 2
61 2
63 2
61 2
59 2
54 2
51 2
47 2
42 2
47 2
51 2
54 2
59 2
61 2
63 2
61 2
59 2
54 2
51 2
47 2
42 2
47 2
51 2
54 2
59 2
61 2
63 2
61 2
59 2
54 2
51 2
47 2
42 2
47 2
51 2
54 2
59 2
61 2
63 2
61 2
59 2
54 2
51 2
47 2
42 2
47 2
51 2
54 2
59 2
61 2
63 2
61 2
59 2
54 2
51 2
47 2
42 2
47 2
51 2
54 2
59 2
61 2
63 2
61 2
59 2
54 2
51 2
47 2
42 2
47 2
51 2
54 2
59 2
61 2
63 2
61 2
59 2
54 2
51 2
47 2
42 2
47 2
51 2
54 2
59 2
61 2
63 2
61 2
59 2
54 2
49 2
45 2
42 2
45 2
49 2
54 2
57 2
59 2
61 2
59 2
57 2
54 2
49 2
45 2
42 2
45 2
49 2
54 2
57 2
59 2
61 2
59 2
57 2
54 2
49 2
45 2
42 2
45 2
49 2
54 2
57 2
59 2
61 2
59 2
57 2
54 2
49 2
45 2
42 2
45 2
49 2
54 2
57 2
59 2
61 2
59 2
57 2
54 2
49 2
45 2
42 2
45 2
49 2
54 2
57 2
59 2
61 2
59 2
57 2
54 2
49 2
45 2
42 2
45 2
49 2
54 2
57 2
59 2
61 2
59 2
57 2
54 2
49 2
45 2
42 2
45 2
49 2
54 2
57 2
59 2
61 2
59 2
57 2
54 2
49 2
45 2
42 2
45 2
49 2
54 2
57 2
59 2
61 2
59 2
54 2
50 2
47 2
43 2
40 2
43 2
47 2
50 2
54 2
59 2
61 2
59 2
54 2
50 2
47 2
43 2
40 2
43 2
47 2
50 2
54 2
59 2
61 2
59 2
54 2
50 2
47 2
43 2
40 2
43 2
47 2
50 2
54 2
59 2
61 2
59 2
54 2
50 2
47 2
43 2
40 2
43 2
47 2
50 2
54 2
59 2
61 2
59 2
54 2
50 2
47 2
43 2
40 2
43 2
47 2
50 2
54 2
59 2
61 2
59 2
54 2
50 2
47 2
43 2
40 2
43 2
47 2
50 2
54 2
59 2
61 2
59 2
54 2
50 2
47 2
43 2
40 2
43 2
47 2
50 2
54 2
59 2
61 2
59 2
54 2
50 2
47 2
43 2
40 2
43 2
47 2
50 2
54 2
59 2
59 2
57 2
52 2
48 2
45 2
41 2
40 2
41 2
45 2
48 2
52 2
57 2
59 2
57 2
52 2
48 2
45 2
41 2
40 2
41 2
45 2
48 2
52 2
57 2
59 2
57 2
52 2
72 14
56 2
54 2
51 2
49 2
51 2
54 2
56 2
61 2
63 2
65 2
63 2
61 2
56 2
54 2
51 2
49 2
51 2
54 2
56 2
61 2
63 2
65 2
63 2
61 2
56 2
54 2
51 2
49 2
51 2
54 2
56 2
61 2
63 2
65 2
63 2
61 2
56 2
54 2
51 2
49 2
51 2
54 2
56 2
61 2
63 2
65 2
63 2
61 2
50 2
47 2
45 2
42 2
45 2
47 2
50 2
54 2
59 2
61 2
59 2
54 2
50 2
47 2
45 2
42 2
45 2
47 2
50 2
54 2
59 2
61 2
59 2
54 2
50 2
47 2
45 2
42 2
45 2
47 2
50 2
54 2
59 2
61 2
59 2
54 2
50 2
47 2
45 2
42 2
45 2
47 2
50 2
54 2
59 2
61 2
59 2
54 2
54 2
51 2
47 2
42 2
47 2
51 2
54 2
59 2
61 2
63 2
61 2
59 2
54 2
51 2
47 2
42 2
47 2
51 2
54 2
59 2
61 2
63 2
61 2
59 2
54 2
51 2
47 2
42 2
47 2
51 2
54 2
59 2
61 2
63 2
61 2
59 2
54 2
51 2
47 2
42 2
47 2
51 2
54 2
59 2
61 2
63 2
61 2
59 2
54 2
51 2
47 2
42 2
47 2
51 2
54 2
59 2
61 2
63 2
61 2
59 2
54 2
51 2
47 2
42 2
47 2
51 2
54 2
59 2
61 2
63 2
61 2
59 2
54 2
51 2
47 2
42 2
47 2
51 2
54 2
59 2
61 2
63 2
61 2
59 2
54 2
51 2
47 2
42 2
47 2
51 2
54 2
59 2
61 2
63 2
61 2
59 2
54 2
49 2
45 2
42 2
45 2
49 2
54 2
57 2
59 2
61 2
59 2
57 2
54 2
49 2
45 2
42 2
45 2
49 2
54 2
57 2
59 2
61 2
59 2
57 2
54 2
49 2
45 2
42 2
45 2
49 2
54 2
57 2
59 2
61 2
59 2
57 2
54 2
49 2
45 2
42 2
45 2
49 2
54 2
57 2
59 2
61 2
59 2
57 2
54 2
49 2
45 2
42 2
45 2
49 2
54 2
57 2
59 2
61 2
59 2
57 2
54 2
49 2
45 2
42 2
45 2
49 2
54 2
57 2
59 2
61 2
59 2
57 2
54 2
49 2
45 2
42 2
45 2
49 2
54 2
57 2
59 2
61 2
59 2
57 2
54 2
49 2
45 2
42 2
45 2
49 2
54 2
57 2
59 2
61 2
59 2
54 2
50 2
47 2
43 2
40 2
43 2
47 2
50 2
54 2
59 2
61 2
59 2
54 2
50 2
47 2
43 2
40 2
43 2
47 2
50 2
54 2
59 2
61 2
59 2
54 2
50 2
47 2
43 2
40 2
43 2
47 2
50 2
54 2
59 2
61 2
59 2
54 2
50 2
47 2
43 2
40 2
43 2
47 2
50 2
54 2
59 2
61 2
59 2
54 2
50 2
47 2
43 2
40 2
43 2
47 2
50 2
54 2
59 2
61 2
59 2
54 2
50 2
47 2
43 2
40 2
43 2
47 2
50 2
54 2
59 2
61 2
59 2
54 2
50 2
47 2
43 2
40 2
43 2
47 2
50 2
54 2
59 2
61 2
59 2
54 2
50 2
47 2
43 2
40 2
43 2
47 2
50 2
54 2
59 2
59 2
57 2
52 2
48 2
45 2
41 2
40 2
41 2
45 2
48 2
52 2
57 2
59 2
57 2
52 2
48 2
45 2
41 2
40 2
41 2
45 2
48 2
52 2
57 2
59 2
57 2
52 2
72 14
56 2
54 2
51 2
49 2
51 2
54 2
56 2
61 2
63 2
65 2
63 2
61 2
56 2
54 2
51 2
49 2
51 2
54 2
56 2
61 2
63 2
65 2
63 2
61 2
56 2
54 2
51 2
49 2
51 2
54 2
56 2
61 2
63 2
65 2
63 2
61 2
56 2
54 2
51 2
49 2
51 2
54 2
56 2
61 2
63 2
65 2
63 2
61 2
50 2
47 2
45 2
42 2
45 2
47 2
50 2
54 2
59 2
61 2
59 2
54 2
50 2
47 2
45 2
42 2
45 2
47 2
50 2
54 2
59 2
61 2
59 2
54 2
50 2
47 2
45 2
42 2
45 2
47 2
50 2
54 2
59 2
61 2
59 2
54 2
50 2
47 2
45 2
42 2
45 2
47 2
50 2
54 2
59 2
61 2
59 2
54 2
54 2
51 2
47 2
42 2
47 2
51 2
54 2
59 2
61 2
63 2
61 2
59 2
54 2
51 2
47 2
42 2
47 2
51 2
54 2
59 2
61 2
63 2
61 2
59 2
54 2
51 2
47 2
42 2
47 2
51 2
54 2
59 2
61 2
63 2
61 2
59 2
54 2
51 2
47 2
42 2
47 2
51 2
54 2
59 2
61 2
63 2
61 2
59 2
54 2
51 2
47 2
42 2
47 2
51 2
54 2
59 2
61 2
63 2
61 2
59 2
54 2
51 2
47 2
42 2
47 2
51 2
54 2
59 2
61 2
63 2
61 2
59 2
54 2
51 2
47 2
42 2
47 2
51 2
54 2
59 2
61 2
63 2
61 2
59 2
54 2
51 2
47 2
42 2
47 2
51 2
54 2
59 2
61 2
63 2
61 2
59 2
54 2
49 2
45 2
42 2
45 2
49 2
54 2
57 2
59 2
61 2
59 2
57 2
54 2
49 2
45 2
42 2
45 2
49 2
54 2
57 2
59 2
61 2
59 2
57 2
54 2
49 2
45 2
42 2
45 2
49 2
54 2
57 2
59 2
61 2
59 2
57 2
54 2
49 2
45 2
42 2
45 2
49 2
54 2
57 2
59 2
61 2
59 2
57 2
54 2
49 2
45 2
42 2
45 2
49 2
54 2
57 2
59 2
61 2
59 2
57 2
54 2
49 2
45 2
42 2
45 2
49 2
54 2
57 2
59 2
61 2
59 2
57 2
54 2
49 2
45 2
42 2
45 2
49 2
54 2
57 2
59 2
61 2
59 2
57 2
54 2
49 2
45 2
42 2
45 2
49 2
54 2
57 2
59 2
61 2
59 2
54 2
50 2
47 2
43 2
40 2
43 2
47 2
50 2
54 2
59 2
61 2
59 2
54 2
50 2
47 2
43 2
40 2
43 2
47 2
50 2
54 2
59 2
61 2
59 2
54 2
50 2
47 2
43 2
40 2
43 2
47 2
50 2
54 2
59 2
61 2
59 2
54 2
50 2
47 2
43 2
40 2
43 2
47 2
50 2
54 2
59 2
61 2
59 2
54 2
50 2
47 2
43 2
40 2
43 2
47 2
50 2
54 2
59 2
61 2
59 2
54 2
50 2
47 2
43 2
40 2
43 2
47 2
50 2
54 2
59 2
61 2
59 2
54 2
50 2
47 2
43 2
40 2
43 2
47 2
50 2
54 2
59 2
61 2
59 2
54 2
50 2
47 2
43 2
40 2
43 2
47 2
50 2
54 2
59 2
59 2
57 2
52 2
48 2
45 2
41 2
40 2
41 2
45 2
48 2
52 2
57 2
59 2
57 2
52 2
48 2
45 2
41 2
40 2
41 2
45 2
48 2
52 2
57 2
59 2
57 2
52 2
E
S
L
72 8
72 14
19 13
72 13
14 13
72 13
23 13
72 13
21 13
72 13
19 13
72 13
21 13
72 14
19 13
72 13
45 7
72 7
50 7
72 7
52 7
72 14
19 13
72 13
14 13
72 13
23 13
72 13
21 13
72 13
19 13
72 13
21 13
72 14
19 13
72 13
45 7
72 7
50 7
72 7
52 7
72 14
19 13
72 13
14 13
72 13
23 13
72 13
21 13
72 13
19 13
72 13
21 13
72 14
19 13
72 13
45 7
72 7
50 7
72 7
52 7
E
S
H
72 9
72 14
57 4
72 1
45 4
72 1
52 4
72 1
40 4
72 1
54 4
72 1
42 4
72 1
57 4
72 1
45 4
72 1
52 4
72 1
40 4
72 1
59 4
72 1
47 4
72 1
57 4
72 1
45 4
72 1
52 4
72 1
40 4
72 1
56 4
72 1
44 4
72 1
57 4
72 1
45 4
72 1
50 4
72 1
38 4
72 1
55 4
72 1
43 4
72 1
57 4
72 1
45 4
72 1
52 4
72 1
40 4
72 1
54 4
72 1
42 4
72 1
57 4
72 1
45 4
72 1
50 4
72 1
38 4
72 1
52 4
72 1
40 4
72 1
55 4
72 1
43 4
72 1
50 4
72 1
38 4
72 1
52 4
72 1
40 4
72 1
55 4
72 1
43 4
72 1
50 4
72 1
38 4
72 1
52 4
72 1
40 4
72 1
55 4
72 14
57 4
72 1
45 4
72 1
52 4
72 1
40 4
72 1
54 4
72 1
42 4
72 1
57 4
72 1
45 4
72 1
52 4
72 1
40 4
72 1
59 4
72 1
47 4
72 1
57 4
72 1
45 4
72 1
52 4
72 1
40 4
72 1
56 4
72 1
44 4
72 1
57 4
72 1
45 4
72 1
50 4
72 1
38 4
72 1
55 4
72 1
43 4
72 1
57 4
72 1
45 4
72 1
52 4
72 1
40 4
72 1
54 4
72 1
42 4
72 1
57 4
72 1
45 4
72 1
50 4
72 1
38 4
72 1
52 4
72 1
40 4
72 1
55 4
72 1
43 4
72 1
50 4
72 1
38 4
72 1
52 4
72 1
40 4
72 1
55 4
72 1
43 4
72 1
50 4
72 1
38 4
72 1
52 4
72 1
40 4
72 1
55 4
72 14
57 4
72 1
45 4
72 1
52 4
72 1
40 4
72 1
54 4
72 1
42 4
72 1
57 4
72 1
45 4
72 1
52 4
72 1
40 4
72 1
59 4
72 1
47 4
72 1
57 4
72 1
45 4
72 1
52 4
72 1
40 4
72 1
56 4
72 1
44 4
72 1
57 4
72 1
45 4
72 1
50 4
72 1
38 4
72 1
55 4
72 1
43 4
72 1
57 4
72 1
45 4
72 1
52 4
72 1
40 4
72 1
54 4
72 1
42 4
72 1
57 4
72 1
45 4
72 1
50 4
72 1
38 4
72 1
52 4
72 1
40 4
72 1
55 4
72 1
43 4
72 1
50 4
72 1
38 4
72 1
52 4
72 1
40 4
72 1
55 4
72 1
43 4
72 1
50 4
72 1
38 4
72 1
52 4
72 1
40 4
72 1
55 4
E
S
H
72 9
72 14
57 4
72 1
45 4
72 1
52 4
72 1
40 4
72 1
54 4
72 1
42 4
72 1
57 4
72 1
45 4
72 1
52 4
72 1
40 4
72 1
59 4
72 1
47 4
72 1
57 4
72 1
45 4
72 1
52 4
72 1
40 4
72 1
56 4
72 1
44 4
72 1
57 4
72 1
45 4
72 1
50 4
72 1
38 4
72 1
55 4
72 1
43 4
72 1
57 4
72 1
45 4
72 1
52 4
72 1
40 4
72 1
54 4
72 1
42 4
72 1
57 4
72 1
45 4
72 1
50 4
72 1
38 4
72 1
52 4
72 1
40 4
72 1
55 4
72 1
43 4
72 1
50 4
72 1
38 4
72 1
52 4
72 1
40 4
72 1
55 4
72 1
43 4
72 1
50 4
72 1
38 4
72 1
52 4
72 1
40 4
72 1
55 4
72 14
57 4
72 1
45 4
72 1
52 4
72 1
40 4
72 1
54 4
72 1
42 4
72 1
57 4
72 1
45 4
72 1
52 4
72 1
40 4
72 1
59 4
72 1
47 4
72 1
57 4
72 1
45 4
72 1
52 4
72 1
40 4
72 1
56 4
72 1
44 4
72 1
57 4
72 1
45 4
72 1
50 4
72 1
38 4
72 1
55 4
72 1
43 4
72 1
57 4
72 1
45 4
72 1
52 4
72 1
40 4
72 1
54 4
72 1
42 4
72 1
57 4
72 1
45 4
72 1
50 4
72 1
38 4
72 1
52 4
72 1
40 4
72 1
55 4
72 1
43 4
72 1
50 4
72 1
38 4
72 1
52 4
72 1
40 4
72 1
55 4
72 1
43 4
72 1
50 4
72 1
38 4
72 1
52 4
72 1
40 4
72 1
55 4
72 14
57 4
72 1
45 4
72 1
52 4
72 1
40 4
72 1
54 4
72 1
42 4
72 1
57 4
72 1
45 4
72 1
52 4
72 1
40 4
72 1
59 4
72 1
47 4
72 1
57 4
72 1
45 4
72 1
52 4
72 1
40 4
72 1
56 4
72 1
44 4
72 1
57 4
72 1
45 4
72 1
50 4
72 1
38 4
72 1
55 4
72 1
43 4
72 1
57 4
72 1
45 4
72 1
52 4
72 1
40 4
72 1
54 4
72 1
42 4
72 1
57 4
72 1
45 4
72 1
50 4
72 1
38 4
72 1
52 4
72 1
40 4
72 1
55 4
72 1
43 4
72 1
50 4
72 1
38 4
72 1
52 4
72 1
40 4
72 1
55 4
72 1
43 4
72 1
50 4
72 1
38 4
72 1
52 4
72 1
40 4
72 1
55 4
E
S
H
72 9
72 14
40 14
187 14
72 14
40 14
187 14
72 14
40 14
187 14
E
X
