minor
S
L
72 14
13 11
8 6
8 2
6 4
8 7
8 2
11 2
13 2
15 2
18 4
8 6
8 2
6 4
8 7
8 2
6 2
2 2
1 2
11 4
8 6
8 2
6 4
8 7
8 2
11 2
13 2
15 2
18 4
1 6
1 2
13 4
5 4
5 2
17 2
5 2
5 2
11 6
11 2
8 6
8 2
6 4
8 7
8 2
11 2
13 2
15 2
18 4
8 6
8 2
6 4
8 7
8 2
6 2
2 2
1 2
11 4
8 6
8 2
6 4
8 7
8 2
11 2
13 2
15 2
18 4
1 6
1 2
13 4
5 4
5 2
17 2
5 2
5 2
11 6
11 2
3 4
3 2
3 2
3 4
3 2
3 2
3 4
3 2
3 2
3 4
3 2
3 2
3 4
3 2
3 2
3 4
3 2
3 2
3 4
3 2
3 2
3 4
3 2
3 2
3 4
3 2
3 2
3 4
3 2
3 2
3 4
3 2
3 2
3 4
3 2
3 2
3 4
3 2
3 2
3 4
3 2
3 2
12 2
13 2
12 2
10 2
12 2
10 2
6 2
3 2
3 4
3 2
3 2
3 4
3 2
3 2
3 4
3 2
3 2
3 4
3 2
3 2
3 4
3 2
3 2
3 4
3 2
3 2
3 4
3 2
3 2
3 4
3 2
3 2
3 7
3 4
15 7
15 4
13 4
13 2
13 2
13 4
13 2
13 2
13 4
13 2
13 2
13 4
13 2
13 2
13 4
13 2
13 2
72 13
1 4
1 2
1 2
1 4
1 2
1 2
1 4
1 2
1 2
1 4
1 2
1 2
1 4
1 2
1 2
1 4
1 2
1 2
1 4
1 2
1 2
4 4
4 2
4 2
9 4
9 2
9 2
9 4
9 2
9 2
9 4
9 2
9 2
9 4
9 2
9 2
9 4
9 2
9 2
9 4
9 2
9 2
9 4
9 2
9 2
9 4
9 2
9 2
11 4
11 2
11 2
11 4
11 2
11 2
11 4
11 2
11 2
11 4
11 2
11 2
4 6
8 6
11 4
10 6
8 6
0 4
1 4
1 2
1 2
1 4
1 2
1 2
1 4
1 2
1 2
1 4
1 2
1 2
3 7
4 7
6 7
11 7
1 4
1 2
1 2
1 4
1 2
1 2
1 4
1 2
1 2
1 4
1 2
1 2
1 4
1 2
1 2
1 4
1 2
1 2
1 4
1 2
1 2
4 4
4 2
4 2
9 4
9 2
9 2
9 4
9 2
9 2
9 4
9 2
9 2
9 4
9 2
9 2
9 4
9 2
9 2
9 4
9 2
9 2
9 4
9 2
9 2
9 4
9 2
9 2
11 4
11 2
11 2
11 4
11 2
11 2
11 4
11 2
11 2
11 4
11 2
11 2
4 6
8 6
11 4
10 6
8 6
0 4
1 4
1 2
1 2
1 4
1 2
1 2
1 4
1 2
1 2
1 4
1 2
1 2
3 7
4 7
6 7
11 7
1 4
1 2
1 2
1 4
1 2
1 2
1 4
1 2
1 2
1 4
1 2
1 2
1 4
1 2
1 2
1 4
1 2
1 2
1 4
1 2
1 2
4 4
4 2
4 2
9 4
9 2
9 2
9 4
9 2
9 2
9 4
9 2
9 2
9 4
9 2
9 2
9 4
9 2
9 2
9 4
9 2
9 2
9 4
9 2
9 2
9 4
9 2
9 2
15 4
15 2
15 2
15 4
15 2
15 2
15 4
15 2
15 2
15 4
15 2
15 2
72 13
20 5
14 5
13 5
11 5
6 5
72 14
13 11
8 6
8 2
6 4
8 7
8 2
11 2
13 2
15 2
18 4
8 6
8 2
6 4
8 7
8 2
6 2
2 2
1 2
11 4
8 6
8 2
6 4
8 7
8 2
11 2
13 2
15 2
18 4
1 6
1 2
13 4
5 4
5 2
17 2
5 2
5 2
11 6
11 2
8 6
8 2
6 4
8 7
8 2
11 2
13 2
15 2
18 4
8 6
8 2
6 4
8 7
8 2
6 2
2 2
1 2
11 4
8 6
8 2
6 4
8 7
8 2
11 2
13 2
15 2
18 4
1 6
1 2
13 4
5 4
5 2
17 2
5 2
5 2
11 6
11 2
3 4
3 2
3 2
3 4
3 2
3 2
3 4
3 2
3 2
3 4
3 2
3 2
3 4
3 2
3 2
3 4
3 2
3 2
3 4
3 2
3 2
3 4
3 2
3 2
3 4
3 2
3 2
3 4
3 2
3 2
3 4
3 2
3 2
3 4
3 2
3 2
3 4
3 2
3 2
3 4
3 2
3 2
12 2
13 2
12 2
10 2
12 2
10 2
6 2
3 2
3 4
3 2
3 2
3 4
3 2
3 2
3 4
3 2
3 2
3 4
3 2
3 2
3 4
3 2
3 2
3 4
3 2
3 2
3 4
3 2
3 2
3 4
3 2
3 2
3 7
3 4
15 7
15 4
13 4
13 2
13 2
13 4
13 2
13 2
13 4
13 2
13 2
13 4
13 2
13 2
13 4
13 2
13 2
72 13
1 4
1 2
1 2
1 4
1 2
1 2
1 4
1 2
1 2
1 4
1 2
1 2
1 4
1 2
1 2
1 4
1 2
1 2
1 4
1 2
1 2
4 4
4 2
4 2
9 4
9 2
9 2
9 4
9 2
9 2
9 4
9 2
9 2
9 4
9 2
9 2
9 4
9 2
9 2
9 4
9 2
9 2
9 4
9 2
9 2
9 4
9 2
9 2
11 4
11 2
11 2
11 4
11 2
11 2
11 4
11 2
11 2
11 4
11 2
11 2
4 6
8 6
11 4
10 6
8 6
0 4
1 4
1 2
1 2
1 4
1 2
1 2
1 4
1 2
1 2
1 4
1 2
1 2
3 7
4 7
6 7
11 7
1 4
1 2
1 2
1 4
1 2
1 2
1 4
1 2
1 2
1 4
1 2
1 2
1 4
1 2
1 2
1 4
1 2
1 2
1 4
1 2
1 2
4 4
4 2
4 2
9 4
9 2
9 2
9 4
9 2
9 2
9 4
9 2
9 2
9 4
9 2
9 2
9 4
9 2
9 2
9 4
9 2
9 2
9 4
9 2
9 2
9 4
9 2
9 2
11 4
11 2
11 2
11 4
11 2
11 2
11 4
11 2
11 2
11 4
11 2
11 2
4 6
8 6
11 4
10 6
8 6
0 4
1 4
1 2
1 2
1 4
1 2
1 2
1 4
1 2
1 2
1 4
1 2
1 2
3 7
4 7
6 7
11 7
1 4
1 2
1 2
1 4
1 2
1 2
1 4
1 2
1 2
1 4
1 2
1 2
1 4
1 2
1 2
1 4
1 2
1 2
1 4
1 2
1 2
4 4
4 2
4 2
9 4
9 2
9 2
9 4
9 2
9 2
9 4
9 2
9 2
9 4
9 2
9 2
9 4
9 2
9 2
9 4
9 2
9 2
9 4
9 2
9 2
9 4
9 2
9 2
15 4
15 2
15 2
15 4
15 2
15 2
15 4
15 2
15 2
15 4
15 2
15 2
72 13
20 5
14 5
13 5
11 5
6 5
72 14
13 11
8 6
8 2
6 4
8 7
8 2
11 2
13 2
15 2
18 4
8 6
8 2
6 4
8 7
8 2
6 2
2 2
1 2
11 4
8 6
8 2
6 4
8 7
8 2
11 2
13 2
15 2
18 4
1 6
1 2
13 4
5 4
5 2
17 2
5 2
5 2
11 6
11 2
E
S
L
72 7
20 6
20 2
18 4
20 7
23 2
20 2
25 2
23 2
18 4
20 6
20 2
18 4
20 7
30 2
25 2
26 2
25 2
23 4
20 6
20 2
18 4
20 7
23 2
20 2
25 2
23 2
18 4
25 9
18 7
20 4
23 7
20 6
20 2
18 4
20 7
23 2
20 2
25 2
23 2
18 4
20 6
20 2
18 4
20 7
30 2
25 2
26 2
25 2
23 4
20 6
20 2
18 4
20 7
23 2
20 2
25 2
23 2
18 4
25 9
18 7
20 4
23 7
20 6
20 2
18 4
20 7
23 2
20 2
25 2
23 2
18 4
20 6
20 2
18 4
20 7
30 2
25 2
26 2
25 2
23 4
20 6
20 2
18 4
20 7
23 2
20 2
25 2
23 2
18 4
72 14
24 2
25 2
24 2
22 2
24 2
22 2
18 2
15 2
72 14
20 13
72 14
32 5
26 5
25 5
23 5
18 5
20 6
20 2
18 4
20 7
23 2
20 2
25 2
23 2
18 4
20 6
20 2
18 4
20 7
30 2
25 2
26 2
25 2
23 4
20 6
20 2
18 4
20 7
23 2
20 2
25 2
23 2
18 4
25 9
18 7
20 4
23 7
20 6
20 2
18 4
20 7
23 2
20 2
25 2
23 2
18 4
20 6
20 2
18 4
20 7
30 2
25 2
26 2
25 2
23 4
20 6
20 2
18 4
20 7
23 2
20 2
25 2
23 2
18 4
25 9
18 7
20 4
23 7
20 6
20 2
18 4
20 7
23 2
20 2
25 2
23 2
18 4
20 6
20 2
18 4
20 7
30 2
25 2
26 2
25 2
23 4
20 6
20 2
18 4
20 7
23 2
20 2
25 2
23 2
18 4
72 14
24 2
25 2
24 2
22 2
24 2
22 2
18 2
15 2
72 14
20 13
72 14
32 5
26 5
25 5
23 5
18 5
20 6
20 2
18 4
20 7
23 2
20 2
25 2
23 2
18 4
20 6
20 2
18 4
20 7
30 2
25 2
26 2
25 2
23 4
20 6
20 2
18 4
20 7
23 2
20 2
25 2
23 2
18 4
25 9
18 7
20 4
23 7
20 6
20 2
18 4
20 7
23 2
20 2
25 2
23 2
18 4
20 6
20 2
18 4
20 7
30 2
25 2
26 2
25 2
23 4
20 6
20 2
18 4
20 7
23 2
20 2
25 2
23 2
18 4
25 9
18 7
20 4
23 7
E
S
L
72 8
20 6
20 2
18 4
20 7
23 2
20 2
25 2
23 2
18 4
20 6
20 2
18 4
20 7
30 2
25 2
26 2
25 2
23 4
20 6
20 2
18 4
20 7
23 2
20 2
25 2
23 2
18 4
25 9
18 7
20 4
23 7
20 6
20 2
18 4
20 7
23 2
20 2
25 2
23 2
18 4
20 6
20 2
18 4
20 7
30 2
25 2
26 2
25 2
23 4
20 6
20 2
18 4
20 7
23 2
20 2
25 2
23 2
18 4
25 9
18 7
20 4
23 7
20 6
20 2
18 4
20 7
23 2
20 2
25 2
23 2
18 4
20 6
20 2
18 4
20 7
30 2
25 2
26 2
25 2
23 4
20 6
20 2
18 4
20 7
23 2
20 2
25 2
23 2
18 4
72 14
24 2
25 2
24 2
22 2
24 2
22 2
18 2
15 2
72 14
20 13
72 14
32 5
26 5
72 0
25 5
72 0
23 5
18 5
72 0
20 6
20 2
18 4
20 7
23 2
20 2
25 2
23 2
18 4
20 6
20 2
18 4
20 7
30 2
25 2
26 2
25 2
23 4
20 6
20 2
18 4
20 7
23 2
20 2
25 2
23 2
18 4
25 9
18 7
20 4
23 7
20 6
20 2
18 4
20 7
23 2
20 2
25 2
23 2
18 4
20 6
20 2
18 4
20 7
30 2
25 2
26 2
25 2
23 4
20 6
20 2
18 4
20 7
23 2
20 2
25 2
23 2
18 4
25 9
18 7
20 4
23 7
20 6
20 2
18 4
20 7
23 2
20 2
25 2
23 2
18 4
20 6
20 2
18 4
20 7
30 2
25 2
26 2
25 2
23 4
20 6
20 2
18 4
20 7
23 2
20 2
25 2
23 2
18 4
72 14
24 2
25 2
24 2
22 2
24 2
22 2
18 2
15 2
72 14
20 13
72 14
32 5
26 5
72 0
25 5
72 0
23 5
18 5
72 0
20 6
20 2
18 4
20 7
23 2
20 2
25 2
23 2
18 4
20 6
20 2
18 4
20 7
30 2
25 2
26 2
25 2
23 4
20 6
20 2
18 4
20 7
23 2
20 2
25 2
23 2
18 4
25 9
18 7
20 4
23 7
20 6
20 2
18 4
20 7
23 2
20 2
25 2
23 2
18 4
20 6
20 2
18 4
20 7
30 2
25 2
26 2
25 2
23 4
20 6
20 2
18 4
20 7
23 2
20 2
25 2
23 2
18 4
25 9
18 7
20 4
E
S
L
72 14
25 12
27 4
27 4
25 4
13 2
13 2
25 4
13 2
13 2
13 2
13 2
25 4
13 2
13 2
13 2
13 2
25 4
13 2
13 2
13 2
13 2
25 4
13 2
13 2
25 4
13 2
13 2
27 4
25 4
13 2
13 2
25 4
13 2
13 2
13 2
13 2
25 4
13 2
13 2
13 2
13 2
25 4
13 2
13 2
13 2
13 2
72 11
27 4
25 4
13 2
13 2
25 4
13 2
13 2
13 2
13 2
25 4
13 2
13 2
13 2
13 2
25 4
13 2
13 2
13 2
13 2
25 4
13 2
13 2
25 4
13 2
13 2
27 9
25 9
28 13
72 13
25 4
25 2
25 2
25 4
25 2
25 2
25 4
25 2
25 2
25 4
25 2
25 2
25 4
25 2
25 2
25 4
25 2
25 2
25 4
25 2
25 2
28 4
28 2
28 2
23 4
23 2
23 2
23 4
23 2
23 2
23 4
23 2
23 2
23 4
23 2
23 2
23 4
23 2
23 2
23 4
23 2
23 2
23 4
23 2
23 2
23 4
23 2
23 2
23 4
23 2
23 2
23 4
23 2
23 2
23 4
23 2
23 2
23 4
23 2
23 2
16 6
20 6
23 4
22 6
20 6
12 4
25 4
25 2
25 2
25 4
25 2
25 2
25 4
25 2
25 2
25 4
25 2
25 2
27 7
28 7
30 7
23 7
25 4
25 2
25 2
25 4
25 2
25 2
25 4
25 2
25 2
25 4
25 2
25 2
25 4
25 2
25 2
25 4
25 2
25 2
25 4
25 2
25 2
28 4
28 2
28 2
23 4
23 2
23 2
23 4
23 2
23 2
23 4
23 2
23 2
23 4
23 2
23 2
23 4
23 2
23 2
23 4
23 2
23 2
23 4
23 2
23 2
23 4
23 2
23 2
23 4
23 2
23 2
23 4
23 2
23 2
23 4
23 2
23 2
23 4
23 2
23 2
16 6
20 6
23 4
22 6
20 6
12 4
25 4
25 2
25 2
25 4
25 2
25 2
25 4
25 2
25 2
25 4
25 2
25 2
27 7
28 7
30 7
23 7
25 4
25 2
25 2
25 4
25 2
25 2
25 4
25 2
25 2
25 4
25 2
25 2
25 4
25 2
25 2
25 4
25 2
25 2
25 4
25 2
25 2
28 4
28 2
28 2
23 4
23 2
23 2
23 4
23 2
23 2
23 4
23 2
23 2
23 4
23 2
23 2
23 4
23 2
23 2
23 4
23 2
23 2
23 4
23 2
23 2
23 4
23 2
23 2
23 4
23 2
23 2
23 4
23 2
23 2
23 4
23 2
23 2
23 4
23 2
23 2
72 14
25 12
27 4
27 4
25 4
13 2
13 2
25 4
13 2
13 2
13 2
13 2
25 4
13 2
13 2
13 2
13 2
25 4
13 2
13 2
13 2
13 2
25 4
13 2
13 2
25 4
13 2
13 2
27 4
25 4
13 2
13 2
25 4
13 2
13 2
13 2
13 2
25 4
13 2
13 2
13 2
13 2
25 4
13 2
13 2
13 2
13 2
72 11
27 4
25 4
13 2
13 2
25 4
13 2
13 2
13 2
13 2
25 4
13 2
13 2
13 2
13 2
25 4
13 2
13 2
13 2
13 2
25 4
13 2
13 2
25 4
13 2
13 2
27 9
25 9
28 13
72 13
25 4
25 2
25 2
25 4
25 2
25 2
25 4
25 2
25 2
25 4
25 2
25 2
25 4
25 2
25 2
25 4
25 2
25 2
25 4
25 2
25 2
28 4
28 2
28 2
23 4
23 2
23 2
23 4
23 2
23 2
23 4
23 2
23 2
23 4
23 2
23 2
23 4
23 2
23 2
23 4
23 2
23 2
23 4
23 2
23 2
23 4
23 2
23 2
23 4
23 2
23 2
23 4
23 2
23 2
23 4
23 2
23 2
23 4
23 2
23 2
16 6
20 6
23 4
22 6
20 6
12 4
25 4
25 2
25 2
25 4
25 2
25 2
25 4
25 2
25 2
25 4
25 2
25 2
27 7
28 7
30 7
23 7
25 4
25 2
25 2
25 4
25 2
25 2
25 4
25 2
25 2
25 4
25 2
25 2
25 4
25 2
25 2
25 4
25 2
25 2
25 4
25 2
25 2
28 4
28 2
28 2
23 4
23 2
23 2
23 4
23 2
23 2
23 4
23 2
23 2
23 4
23 2
23 2
23 4
23 2
23 2
23 4
23 2
23 2
23 4
23 2
23 2
23 4
23 2
23 2
23 4
23 2
23 2
23 4
23 2
23 2
23 4
23 2
23 2
23 4
23 2
23 2
16 6
20 6
23 4
22 6
20 6
12 4
25 4
25 2
25 2
25 4
25 2
25 2
25 4
25 2
25 2
25 4
25 2
25 2
27 7
28 7
30 7
23 7
25 4
25 2
25 2
25 4
25 2
25 2
25 4
25 2
25 2
25 4
25 2
25 2
25 4
25 2
25 2
25 4
25 2
25 2
25 4
25 2
25 2
28 4
28 2
28 2
23 4
23 2
23 2
23 4
23 2
23 2
23 4
23 2
23 2
23 4
23 2
23 2
23 4
23 2
23 2
23 4
23 2
23 2
23 4
23 2
23 2
23 4
23 2
23 2
23 4
23 2
23 2
23 4
23 2
23 2
23 4
23 2
23 2
23 4
23 2
23 2
E
S
L
72 14
25 12
27 4
27 4
25 4
13 2
13 2
25 4
13 2
13 2
13 2
13 2
25 4
13 2
13 2
13 2
13 2
25 4
13 2
13 2
13 2
13 2
25 4
13 2
13 2
25 4
13 2
13 2
27 4
25 4
13 2
13 2
25 4
13 2
13 2
13 2
13 2
25 4
13 2
13 2
13 2
13 2
25 4
13 2
13 2
13 2
13 2
72 11
27 4
25 4
13 2
13 2
25 4
13 2
13 2
13 2
13 2
25 4
13 2
13 2
13 2
13 2
25 4
13 2
13 2
13 2
13 2
25 4
13 2
13 2
25 4
13 2
13 2
27 9
25 9
28 13
72 14
25 12
27 4
27 4
25 4
13 2
13 2
25 4
13 2
13 2
13 2
13 2
25 4
13 2
13 2
13 2
13 2
25 4
13 2
13 2
13 2
13 2
25 4
13 2
13 2
25 4
13 2
13 2
27 4
25 4
13 2
13 2
25 4
13 2
13 2
13 2
13 2
25 4
13 2
13 2
13 2
13 2
25 4
13 2
13 2
13 2
13 2
72 11
27 4
25 4
13 2
13 2
25 4
13 2
13 2
13 2
13 2
25 4
13 2
13 2
13 2
13 2
25 4
13 2
13 2
13 2
13 2
25 4
13 2
13 2
25 4
13 2
13 2
27 9
25 9
28 13
E
S
H
72 14
49 13
49 3
47 3
44 3
42 3
44 3
49 3
47 3
44 3
43 3
42 3
40 3
37 3
40 3
37 3
42 3
40 3
37 3
35 3
32 3
31 3
30 3
28 3
30 3
28 3
37 12
32 3
35 3
37 3
40 3
45 3
44 3
42 12
41 0
72 0
42 0
43 0
72 2
44 0
45 3
47 3
49 3
52 3
51 3
49 3
51 7
49 3
47 3
49 3
56 5
55 0
72 0
54 0
52 0
72 2
50 0
49 7
61 11
54 3
51 3
47 3
42 3
40 3
47 3
44 3
42 3
40 3
39 3
40 2
41 2
42 2
44 2
45 3
44 3
45 3
44 3
42 3
40 3
45 3
44 3
45 3
44 3
42 3
40 3
45 3
47 3
49 3
51 3
52 3
49 3
51 3
47 3
49 3
47 3
49 3
50 0
72 0
51 0
52 0
72 2
53 0
54 3
55 3
54 3
52 3
54 3
52 3
54 3
52 3
49 3
47 3
49 3
56 3
49 3
52 3
56 3
57 3
59 3
56 3
57 3
54 3
56 3
54 3
56 2
54 2
52 2
51 2
49 3
47 3
45 3
44 3
42 3
40 3
42 11
37 3
39 3
40 3
42 3
44 3
45 3
47 3
49 3
51 3
52 3
51 3
49 3
52 3
51 3
52 3
51 3
49 3
47 3
52 3
51 3
52 3
51 3
49 3
47 3
51 7
47 7
46 7
44 7
49 2
44 2
49 2
44 2
40 2
44 2
49 2
44 2
49 2
44 2
49 2
44 2
40 2
44 2
49 2
44 2
45 2
48 2
45 2
44 2
42 2
40 2
39 2
40 2
42 2
40 2
39 2
37 2
36 2
45 2
44 2
42 2
57 2
52 2
57 2
52 2
49 2
52 2
57 2
52 2
57 2
52 2
57 2
52 2
49 2
52 2
57 2
52 2
57 2
60 2
57 2
56 2
54 2
52 2
51 2
52 2
54 2
52 2
51 2
49 2
48 2
57 2
56 2
54 2
47 2
42 2
57 2
42 2
39 2
42 2
47 2
42 2
47 2
42 2
57 2
42 2
39 2
42 2
47 2
42 2
197 13
72 14
49 13
49 3
47 3
44 3
42 3
44 3
49 3
47 3
44 3
43 3
42 3
40 3
37 3
40 3
37 3
42 3
40 3
37 3
35 3
32 3
31 3
30 3
28 3
30 3
28 3
37 12
32 3
35 3
37 3
40 3
45 3
44 3
42 12
41 0
72 0
42 0
43 0
72 2
44 0
45 3
47 3
49 3
52 3
51 3
49 3
51 7
49 3
47 3
49 3
56 5
55 0
72 0
54 0
52 0
72 2
50 0
49 7
61 11
54 3
51 3
47 3
42 3
40 3
47 3
44 3
42 3
40 3
39 3
40 2
41 2
42 2
44 2
45 3
44 3
45 3
44 3
42 3
40 3
45 3
44 3
45 3
44 3
42 3
40 3
45 3
47 3
49 3
51 3
52 3
49 3
51 3
47 3
49 3
47 3
49 3
50 0
72 0
51 0
52 0
72 2
53 0
54 3
55 3
54 3
52 3
54 3
52 3
54 3
52 3
49 3
47 3
49 3
56 3
49 3
52 3
56 3
57 3
59 3
56 3
57 3
54 3
56 3
54 3
56 2
54 2
52 2
51 2
49 3
47 3
45 3
44 3
42 3
40 3
42 11
37 3
39 3
40 3
42 3
44 3
45 3
47 3
49 3
51 3
52 3
51 3
49 3
52 3
51 3
52 3
51 3
49 3
47 3
52 3
51 3
52 3
51 3
49 3
47 3
51 7
47 7
46 7
44 7
49 2
44 2
49 2
44 2
40 2
44 2
49 2
44 2
49 2
44 2
49 2
44 2
40 2
44 2
49 2
44 2
45 2
48 2
45 2
44 2
42 2
40 2
39 2
40 2
42 2
40 2
39 2
37 2
36 2
45 2
44 2
42 2
57 2
52 2
57 2
52 2
49 2
52 2
57 2
52 2
57 2
52 2
57 2
52 2
49 2
52 2
57 2
52 2
57 2
60 2
57 2
56 2
54 2
52 2
51 2
52 2
54 2
52 2
51 2
49 2
48 2
57 2
56 2
54 2
47 2
42 2
57 2
42 2
39 2
42 2
47 2
42 2
47 2
42 2
57 2
42 2
39 2
42 2
47 2
42 2
197 13
E
S
H
72 14
49 13
49 3
47 3
72 1
44 3
42 3
44 3
72 1
49 3
47 3
44 3
72 1
43 3
42 3
40 3
72 1
37 3
40 3
37 3
72 1
42 3
40 3
37 3
72 1
35 3
32 3
31 3
72 1
30 3
28 3
30 3
72 1
28 3
37 12
72 0
32 3
35 3
37 3
72 1
40 3
45 3
44 3
72 1
42 12
41 0
42 0
43 0
72 2
44 0
45 3
47 3
72 1
49 3
52 3
51 3
72 1
49 3
51 7
49 3
47 3
72 1
49 3
56 5
72 0
55 0
54 0
52 0
72 2
50 0
49 7
61 11
54 3
51 3
72 1
47 3
42 3
40 3
72 1
47 3
44 3
42 3
72 1
40 3
39 3
40 2
41 2
42 2
44 2
45 3
44 3
72 1
45 3
44 3
42 3
72 1
40 3
45 3
44 3
72 1
45 3
44 3
42 3
72 1
40 3
45 3
47 3
72 1
49 3
51 3
52 3
72 1
49 3
51 3
47 3
72 1
49 3
47 3
49 3
72 1
50 0
51 0
52 0
72 2
53 0
54 3
55 3
72 1
54 3
52 3
54 3
72 1
52 3
54 3
52 3
72 1
49 3
47 3
49 3
72 1
56 3
49 3
52 3
72 1
56 3
57 3
59 3
72 1
56 3
57 3
54 3
72 1
56 3
54 3
56 2
54 2
52 2
51 2
49 3
47 3
72 1
45 3
44 3
42 3
72 1
40 3
42 11
37 3
39 3
72 1
40 3
42 3
44 3
72 1
45 3
47 3
49 3
72 1
51 3
52 3
51 3
72 1
49 3
52 3
51 3
72 1
52 3
51 3
49 3
72 1
47 3
52 3
51 3
72 1
52 3
51 3
49 3
72 1
47 3
51 7
47 7
46 7
44 7
49 2
44 2
49 2
44 2
40 2
44 2
49 2
44 2
49 2
44 2
49 2
44 2
40 2
44 2
49 2
44 2
45 2
48 2
45 2
44 2
42 2
40 2
39 2
40 2
42 2
40 2
39 2
37 2
36 2
45 2
44 2
42 2
57 2
52 2
57 2
52 2
49 2
52 2
57 2
52 2
57 2
52 2
57 2
52 2
49 2
52 2
57 2
52 2
57 2
60 2
57 2
56 2
54 2
52 2
51 2
52 2
54 2
52 2
51 2
49 2
48 2
57 2
56 2
54 2
47 2
42 2
57 2
42 2
39 2
42 2
47 2
42 2
47 2
42 2
57 2
42 2
39 2
42 2
47 2
42 2
197 13
72 14
49 13
49 3
47 3
72 1
44 3
42 3
44 3
72 1
49 3
47 3
44 3
72 1
43 3
42 3
40 3
72 1
37 3
40 3
37 3
72 1
42 3
40 3
37 3
72 1
35 3
32 3
31 3
72 1
30 3
28 3
30 3
72 1
28 3
37 12
72 0
32 3
35 3
37 3
72 1
40 3
45 3
44 3
72 1
42 12
41 0
42 0
43 0
72 2
44 0
45 3
47 3
72 1
49 3
52 3
51 3
72 1
49 3
51 7
49 3
47 3
72 1
49 3
56 5
72 0
55 0
54 0
52 0
72 2
50 0
49 7
61 11
54 3
51 3
72 1
47 3
42 3
40 3
72 1
47 3
44 3
42 3
72 1
40 3
39 3
40 2
41 2
42 2
44 2
45 3
44 3
72 1
45 3
44 3
42 3
72 1
40 3
45 3
44 3
72 1
45 3
44 3
42 3
72 1
40 3
45 3
47 3
72 1
49 3
51 3
52 3
72 1
49 3
51 3
47 3
72 1
49 3
47 3
49 3
72 1
50 0
51 0
52 0
72 2
53 0
54 3
55 3
72 1
54 3
52 3
54 3
72 1
52 3
54 3
52 3
72 1
49 3
47 3
49 3
72 1
56 3
49 3
52 3
72 1
56 3
57 3
59 3
72 1
56 3
57 3
54 3
72 1
56 3
54 3
56 2
54 2
52 2
51 2
49 3
47 3
72 1
45 3
44 3
42 3
72 1
40 3
42 11
37 3
39 3
72 1
40 3
42 3
44 3
72 1
45 3
47 3
49 3
72 1
51 3
52 3
51 3
72 1
49 3
52 3
51 3
72 1
52 3
51 3
49 3
72 1
47 3
52 3
51 3
72 1
52 3
51 3
49 3
72 1
47 3
51 7
47 7
46 7
44 7
49 2
44 2
49 2
44 2
40 2
44 2
49 2
44 2
49 2
44 2
49 2
44 2
40 2
44 2
49 2
44 2
45 2
48 2
45 2
44 2
42 2
40 2
39 2
40 2
42 2
40 2
39 2
37 2
36 2
45 2
44 2
42 2
57 2
52 2
57 2
52 2
49 2
52 2
57 2
52 2
57 2
52 2
57 2
52 2
49 2
52 2
57 2
52 2
57 2
60 2
57 2
56 2
54 2
52 2
51 2
52 2
54 2
52 2
51 2
49 2
48 2
57 2
56 2
54 2
47 2
42 2
57 2
42 2
39 2
42 2
47 2
42 2
47 2
42 2
57 2
42 2
39 2
42 2
47 2
42 2
197 13
E
S
H
72 14
49 13
49 3
47 3
72 1
44 3
42 3
44 3
72 1
49 3
47 3
44 3
72 1
43 3
42 3
40 3
72 1
37 3
40 3
37 3
72 1
42 3
40 3
37 3
72 1
35 3
32 3
31 3
72 1
30 3
28 3
30 3
72 1
28 3
37 12
72 0
32 3
35 3
37 3
72 1
40 3
45 3
44 3
72 1
42 12
41 0
42 0
72 0
43 0
44 0
72 1
45 3
47 3
72 1
49 3
52 3
51 3
72 1
49 3
51 7
49 3
47 3
72 1
49 3
56 5
72 0
55 0
54 0
72 0
52 0
50 0
72 1
49 7
61 11
54 3
51 3
72 1
47 3
42 3
40 3
72 1
47 3
44 3
42 3
72 1
40 3
39 3
40 2
41 2
42 2
44 2
45 3
44 3
72 1
45 3
44 3
42 3
72 1
40 3
45 3
44 3
72 1
45 3
44 3
42 3
72 1
40 3
45 3
47 3
72 1
49 3
51 3
52 3
72 1
49 3
51 3
47 3
72 1
49 3
47 3
49 3
72 1
50 0
51 0
72 0
52 0
53 0
72 1
54 3
55 3
72 1
54 3
52 3
54 3
72 1
52 3
54 3
52 3
72 1
49 3
47 3
49 3
72 1
56 3
49 3
52 3
72 1
56 3
57 3
59 3
72 1
56 3
57 3
54 3
72 1
56 3
54 3
56 2
54 2
52 2
51 2
49 3
47 3
72 1
45 3
44 3
42 3
72 1
40 3
42 11
37 3
39 3
72 1
40 3
42 3
44 3
72 1
45 3
47 3
49 3
72 1
51 3
52 3
51 3
72 1
49 3
52 3
51 3
72 1
52 3
51 3
49 3
72 1
47 3
52 3
51 3
72 1
52 3
51 3
49 3
72 1
47 3
51 7
47 7
46 7
44 7
49 2
44 2
49 2
44 2
40 2
44 2
49 2
44 2
49 2
44 2
49 2
44 2
40 2
44 2
49 2
44 2
45 2
48 2
45 2
44 2
42 2
40 2
39 2
40 2
42 2
40 2
39 2
37 2
36 2
45 2
44 2
42 2
57 2
52 2
57 2
52 2
49 2
52 2
57 2
52 2
57 2
52 2
57 2
52 2
49 2
52 2
57 2
52 2
57 2
60 2
57 2
56 2
54 2
52 2
51 2
52 2
54 2
52 2
51 2
49 2
48 2
57 2
56 2
54 2
47 2
42 2
57 2
42 2
39 2
42 2
47 2
42 2
47 2
42 2
57 2
42 2
39 2
42 2
47 2
42 2
197 13
72 14
49 13
49 3
47 3
72 1
44 3
42 3
44 3
72 1
49 3
47 3
44 3
72 1
43 3
42 3
40 3
72 1
37 3
40 3
37 3
72 1
42 3
40 3
37 3
72 1
35 3
32 3
31 3
72 1
30 3
28 3
30 3
72 1
28 3
37 12
72 0
32 3
35 3
37 3
72 1
40 3
45 3
44 3
72 1
42 12
41 0
42 0
72 0
43 0
44 0
72 1
45 3
47 3
72 1
49 3
52 3
51 3
72 1
49 3
51 7
49 3
47 3
72 1
49 3
56 5
72 0
55 0
54 0
72 0
52 0
50 0
72 1
49 7
61 11
54 3
51 3
72 1
47 3
42 3
40 3
72 1
47 3
44 3
42 3
72 1
40 3
39 3
40 2
41 2
42 2
44 2
45 3
44 3
72 1
45 3
44 3
42 3
72 1
40 3
45 3
44 3
72 1
45 3
44 3
42 3
72 1
40 3
45 3
47 3
72 1
49 3
51 3
52 3
72 1
49 3
51 3
47 3
72 1
49 3
47 3
49 3
72 1
50 0
51 0
72 0
52 0
53 0
72 1
54 3
55 3
72 1
54 3
52 3
54 3
72 1
52 3
54 3
52 3
72 1
49 3
47 3
49 3
72 1
56 3
49 3
52 3
72 1
56 3
57 3
59 3
72 1
56 3
57 3
54 3
72 1
56 3
54 3
56 2
54 2
52 2
51 2
49 3
47 3
72 1
45 3
44 3
42 3
72 1
40 3
42 11
37 3
39 3
72 1
40 3
42 3
44 3
72 1
45 3
47 3
49 3
72 1
51 3
52 3
51 3
72 1
49 3
52 3
51 3
72 1
52 3
51 3
49 3
72 1
47 3
52 3
51 3
72 1
52 3
51 3
49 3
72 1
47 3
51 7
47 7
46 7
44 7
49 2
44 2
49 2
44 2
40 2
44 2
49 2
44 2
49 2
44 2
49 2
44 2
40 2
44 2
49 2
44 2
45 2
48 2
45 2
44 2
42 2
40 2
39 2
40 2
42 2
40 2
39 2
37 2
36 2
45 2
44 2
42 2
57 2
52 2
57 2
52 2
49 2
52 2
57 2
52 2
57 2
52 2
57 2
52 2
49 2
52 2
57 2
52 2
57 2
60 2
57 2
56 2
54 2
52 2
51 2
52 2
54 2
52 2
51 2
49 2
48 2
57 2
56 2
54 2
47 2
42 2
57 2
42 2
39 2
42 2
47 2
42 2
47 2
42 2
57 2
42 2
39 2
42 2
47 2
42 2
197 13
E
S
H
72 14
41 12
72 14
41 12
E
S
L
72 7
18 2
72 6
18 2
72 6
18 2
72 6
18 2
72 6
18 2
72 6
18 2
72 6
18 2
72 6
18 2
72 6
18 2
72 6
18 2
72 6
18 2
72 6
18 2
72 6
23 2
21 2
19 2
17 2
24 2
23 2
72 1
16 0
72 0
16 0
16 0
72 2
16 2
16 2
16 2
16 2
21 2
19 2
17 2
72 2
1528 2
72 4
11 2
225 2
72 2
11 2
72 2
22 2
72 2
11 2
72 2
225 2
72 6
232 2
72 4
11 2
225 2
72 2
11 2
72 2
22 2
72 2
11 2
11 2
225 2
72 6
232 2
72 4
11 2
225 2
72 2
11 2
72 2
22 2
72 2
11 2
72 2
225 2
72 6
232 2
72 4
11 2
225 2
72 2
11 2
72 2
22 2
72 2
11 2
11 2
225 2
72 2
16 2
16 2
1528 2
72 4
11 2
225 2
72 2
11 2
72 2
22 2
72 2
11 2
72 2
225 2
72 6
232 2
72 4
11 2
225 2
72 2
11 2
72 2
22 2
72 2
11 2
11 2
225 2
72 6
232 2
72 4
11 2
225 2
72 2
11 2
72 2
22 2
72 2
11 2
72 2
225 2
72 6
232 2
72 4
11 2
225 2
72 2
11 2
72 2
22 2
72 2
16 2
16 2
225 2
16 2
16 2
16 2
148 2
72 6
141 2
72 6
148 2
72 6
141 2
72 6
148 2
72 6
141 2
72 6
148 2
72 6
141 2
72 6
148 2
72 6
141 2
72 6
148 2
72 6
141 2
72 6
148 2
72 6
141 2
72 6
16 0
16 0
72 2
16 2
16 2
16 2
23 2
21 2
19 2
17 2
148 2
72 6
141 2
72 6
148 2
72 6
141 2
72 6
148 2
72 6
141 2
72 6
16 0
16 0
72 2
16 2
16 2
16 2
16 2
16 2
16 2
16 2
148 2
72 6
141 2
72 6
148 2
72 6
141 2
72 6
148 2
72 6
141 2
72 6
148 2
72 6
141 2
72 6
16 0
16 0
72 13
148 2
72 6
141 2
72 6
148 2
72 6
141 2
72 6
148 2
72 6
141 2
72 6
148 2
72 6
141 2
72 6
148 2
72 6
141 2
72 6
148 2
72 6
141 2
72 6
148 2
72 6
141 2
72 6
148 2
72 6
141 2
72 6
148 2
72 6
141 2
72 6
148 2
72 6
141 2
72 6
220 2
72 2
23 2
23 2
23 2
72 2
124 2
72 2
21 2
21 2
21 2
72 2
1468 2
17 2
17 2
72 2
148 2
72 6
141 2
72 6
148 2
72 6
141 2
72 6
148 2
72 6
141 2
72 6
148 2
72 2
16 2
72 2
141 2
16 2
16 2
16 2
148 2
72 6
141 2
72 6
148 2
72 6
141 2
72 6
148 2
72 6
141 2
72 6
148 2
72 6
141 2
72 6
148 2
72 6
141 2
72 6
148 2
72 6
141 2
72 6
148 2
72 6
141 2
72 6
148 2
72 6
141 2
72 6
148 2
72 6
141 2
72 6
148 2
72 6
141 2
72 6
220 2
72 2
23 2
23 2
23 2
72 2
124 2
72 2
21 2
21 2
21 2
72 2
1468 2
17 2
17 2
72 2
148 2
72 6
141 2
72 6
148 2
72 6
141 2
72 6
148 2
72 6
141 2
72 6
148 2
72 2
16 2
72 2
141 2
16 2
16 2
16 2
148 2
72 6
141 2
72 6
148 2
72 6
141 2
72 6
148 2
72 6
141 2
72 6
148 2
72 6
141 2
72 6
148 2
72 6
141 2
72 6
148 2
72 6
141 2
72 6
148 2
72 6
141 2
72 6
148 2
72 6
141 2
72 6
148 2
72 6
141 2
72 6
148 2
72 6
141 2
72 6
23 0
23 0
72 2
23 2
72 4
21 0
21 0
72 2
21 2
72 4
16 0
16 0
72 2
16 2
16 2
16 2
19 2
19 2
17 2
17 2
72 5
16 0
72 0
16 2
72 3
23 0
23 2
72 4
21 0
21 2
72 4
19 0
72 0
19 2
72 3
17 0
17 2
72 4
18 2
72 6
18 2
72 6
18 2
72 6
18 2
72 6
18 2
72 6
18 2
72 6
18 2
72 6
18 2
72 6
18 2
72 6
18 2
72 6
18 2
72 6
18 2
72 6
23 2
21 2
19 2
17 2
24 2
23 2
72 1
16 0
72 0
16 0
16 0
72 2
16 2
16 2
16 2
16 2
21 2
19 2
17 2
72 2
1528 2
72 4
11 2
225 2
72 2
11 2
72 2
22 2
72 2
11 2
72 2
225 2
72 6
232 2
72 4
11 2
225 2
72 2
11 2
72 2
22 2
72 2
11 2
11 2
225 2
72 6
232 2
72 4
11 2
225 2
72 2
11 2
72 2
22 2
72 2
11 2
72 2
225 2
72 6
232 2
72 4
11 2
225 2
72 2
11 2
72 2
22 2
72 2
11 2
11 2
225 2
72 2
16 2
16 2
1528 2
72 4
11 2
225 2
72 2
11 2
72 2
22 2
72 2
11 2
72 2
225 2
72 6
232 2
72 4
11 2
225 2
72 2
11 2
72 2
22 2
72 2
11 2
11 2
225 2
72 6
232 2
72 4
11 2
225 2
72 2
11 2
72 2
22 2
72 2
11 2
72 2
225 2
72 6
232 2
72 4
11 2
225 2
72 2
11 2
72 2
22 2
72 2
16 2
16 2
225 2
16 2
16 2
16 2
148 2
72 6
141 2
72 6
148 2
72 6
141 2
72 6
148 2
72 6
141 2
72 6
148 2
72 6
141 2
72 6
148 2
72 6
141 2
72 6
148 2
72 6
141 2
72 6
148 2
72 6
141 2
72 6
16 0
16 0
72 2
16 2
16 2
16 2
23 2
21 2
19 2
17 2
148 2
72 6
141 2
72 6
148 2
72 6
141 2
72 6
148 2
72 6
141 2
72 6
16 0
16 0
72 2
16 2
16 2
16 2
16 2
16 2
16 2
16 2
148 2
72 6
141 2
72 6
148 2
72 6
141 2
72 6
148 2
72 6
141 2
72 6
148 2
72 6
141 2
72 6
16 0
16 0
72 13
148 2
72 6
141 2
72 6
148 2
72 6
141 2
72 6
148 2
72 6
141 2
72 6
148 2
72 6
141 2
72 6
148 2
72 6
141 2
72 6
148 2
72 6
141 2
72 6
148 2
72 6
141 2
72 6
148 2
72 6
141 2
72 6
148 2
72 6
141 2
72 6
148 2
72 6
141 2
72 6
220 2
72 2
23 2
23 2
23 2
72 2
124 2
72 2
21 2
21 2
21 2
72 2
1468 2
17 2
17 2
72 2
148 2
72 6
141 2
72 6
148 2
72 6
141 2
72 6
148 2
72 6
141 2
72 6
148 2
72 2
16 2
72 2
141 2
16 2
16 2
16 2
148 2
72 6
141 2
72 6
148 2
72 6
141 2
72 6
148 2
72 6
141 2
72 6
148 2
72 6
141 2
72 6
148 2
72 6
141 2
72 6
148 2
72 6
141 2
72 6
148 2
72 6
141 2
72 6
148 2
72 6
141 2
72 6
148 2
72 6
141 2
72 6
148 2
72 6
141 2
72 6
220 2
72 2
23 2
23 2
23 2
72 2
124 2
72 2
21 2
21 2
21 2
72 2
1468 2
17 2
17 2
72 2
148 2
72 6
141 2
72 6
148 2
72 6
141 2
72 6
148 2
72 6
141 2
72 6
148 2
72 2
16 2
72 2
141 2
16 2
16 2
16 2
148 2
72 6
141 2
72 6
148 2
72 6
141 2
72 6
148 2
72 6
141 2
72 6
148 2
72 6
141 2
72 6
148 2
72 6
141 2
72 6
148 2
72 6
141 2
72 6
148 2
72 6
141 2
72 6
148 2
72 6
141 2
72 6
148 2
72 6
141 2
72 6
148 2
72 6
141 2
72 6
23 0
23 0
72 2
23 2
72 4
21 0
21 0
72 2
21 2
72 4
16 0
16 0
72 2
16 2
16 2
16 2
19 2
19 2
17 2
17 2
72 5
16 0
72 0
16 2
72 3
23 0
23 2
72 4
21 0
21 2
72 4
19 0
72 0
19 2
72 3
17 0
17 2
72 4
18 2
72 6
18 2
72 6
18 2
72 6
18 2
72 6
18 2
72 6
18 2
72 6
18 2
72 6
18 2
72 6
18 2
72 6
18 2
72 6
18 2
72 6
18 2
72 6
23 2
21 2
19 2
17 2
24 2
23 2
72 1
16 0
72 0
16 0
16 0
72 2
16 2
16 2
16 2
16 2
21 2
19 2
17 2
72 2
1528 2
72 4
11 2
225 2
72 2
11 2
72 2
22 2
72 2
11 2
72 2
225 2
72 6
232 2
72 4
11 2
225 2
72 2
11 2
72 2
22 2
72 2
11 2
11 2
225 2
72 6
232 2
72 4
11 2
225 2
72 2
11 2
72 2
22 2
72 2
11 2
72 2
225 2
72 6
232 2
72 4
11 2
225 2
72 2
11 2
72 2
22 2
72 2
11 2
11 2
225 2
72 2
16 2
16 2
E
S
L
72 14
121 12
147 4
147 4
121 4
121 2
121 2
121 4
121 2
121 2
121 2
121 2
121 4
121 2
121 2
121 2
121 2
121 4
121 2
121 2
121 2
121 2
121 4
121 2
121 2
121 4
121 2
121 2
147 4
121 4
121 2
121 2
121 4
121 2
121 2
121 2
121 2
121 4
121 2
121 2
121 2
121 2
121 4
121 2
121 2
121 2
121 2
72 11
147 4
121 4
121 2
121 2
121 4
121 2
121 2
121 2
121 2
121 4
121 2
121 2
121 2
121 2
121 4
121 2
121 2
121 2
121 2
121 4
121 2
121 2
121 4
121 2
121 2
147 9
121 9
160 13
72 13
121 4
121 2
121 2
121 4
121 2
121 2
121 4
121 2
121 2
121 4
121 2
121 2
121 4
121 2
121 2
121 4
121 2
121 2
121 4
121 2
121 2
160 4
160 2
160 2
239 4
239 2
239 2
239 4
239 2
239 2
239 4
239 2
239 2
239 4
239 2
239 2
239 4
239 2
239 2
239 4
239 2
239 2
239 4
239 2
239 2
239 4
239 2
239 2
239 4
239 2
239 2
239 4
239 2
239 2
239 4
239 2
239 2
239 4
239 2
239 2
160 6
200 6
239 4
226 6
200 6
108 4
121 4
121 2
121 2
121 4
121 2
121 2
121 4
121 2
121 2
121 4
121 2
121 2
147 7
160 7
174 7
239 7
121 4
121 2
121 2
121 4
121 2
121 2
121 4
121 2
121 2
121 4
121 2
121 2
121 4
121 2
121 2
121 4
121 2
121 2
121 4
121 2
121 2
160 4
160 2
160 2
239 4
239 2
239 2
239 4
239 2
239 2
239 4
239 2
239 2
239 4
239 2
239 2
239 4
239 2
239 2
239 4
239 2
239 2
239 4
239 2
239 2
239 4
239 2
239 2
239 4
239 2
239 2
239 4
239 2
239 2
239 4
239 2
239 2
239 4
239 2
239 2
160 6
200 6
239 4
226 6
200 6
108 4
121 4
121 2
121 2
121 4
121 2
121 2
121 4
121 2
121 2
121 4
121 2
121 2
147 7
160 7
174 7
239 7
121 4
121 2
121 2
121 4
121 2
121 2
121 4
121 2
121 2
121 4
121 2
121 2
121 4
121 2
121 2
121 4
121 2
121 2
121 4
121 2
121 2
160 4
160 2
160 2
239 4
239 2
239 2
239 4
239 2
239 2
239 4
239 2
239 2
239 4
239 2
239 2
239 4
239 2
239 2
239 4
239 2
239 2
239 4
239 2
239 2
239 4
239 2
239 2
239 4
239 2
239 2
239 4
239 2
239 2
239 4
239 2
239 2
239 4
239 2
239 2
72 14
121 12
147 4
147 4
121 4
121 2
121 2
121 4
121 2
121 2
121 2
121 2
121 4
121 2
121 2
121 2
121 2
121 4
121 2
121 2
121 2
121 2
121 4
121 2
121 2
121 4
121 2
121 2
147 4
121 4
121 2
121 2
121 4
121 2
121 2
121 2
121 2
121 4
121 2
121 2
121 2
121 2
121 4
121 2
121 2
121 2
121 2
72 11
147 4
121 4
121 2
121 2
121 4
121 2
121 2
121 2
121 2
121 4
121 2
121 2
121 2
121 2
121 4
121 2
121 2
121 2
121 2
121 4
121 2
121 2
121 4
121 2
121 2
147 9
121 9
160 13
72 13
121 4
121 2
121 2
121 4
121 2
121 2
121 4
121 2
121 2
121 4
121 2
121 2
121 4
121 2
121 2
121 4
121 2
121 2
121 4
121 2
121 2
160 4
160 2
160 2
239 4
239 2
239 2
239 4
239 2
239 2
239 4
239 2
239 2
239 4
239 2
239 2
239 4
239 2
239 2
239 4
239 2
239 2
239 4
239 2
239 2
239 4
239 2
239 2
239 4
239 2
239 2
239 4
239 2
239 2
239 4
239 2
239 2
239 4
239 2
239 2
160 6
200 6
239 4
226 6
200 6
108 4
121 4
121 2
121 2
121 4
121 2
121 2
121 4
121 2
121 2
121 4
121 2
121 2
147 7
160 7
174 7
239 7
121 4
121 2
121 2
121 4
121 2
121 2
121 4
121 2
121 2
121 4
121 2
121 2
121 4
121 2
121 2
121 4
121 2
121 2
121 4
121 2
121 2
160 4
160 2
160 2
239 4
239 2
239 2
239 4
239 2
239 2
239 4
239 2
239 2
239 4
239 2
239 2
239 4
239 2
239 2
239 4
239 2
239 2
239 4
239 2
239 2
239 4
239 2
239 2
239 4
239 2
239 2
239 4
239 2
239 2
239 4
239 2
239 2
239 4
239 2
239 2
160 6
200 6
239 4
226 6
200 6
108 4
121 4
121 2
121 2
121 4
121 2
121 2
121 4
121 2
121 2
121 4
121 2
121 2
147 7
160 7
174 7
239 7
121 4
121 2
121 2
121 4
121 2
121 2
121 4
121 2
121 2
121 4
121 2
121 2
121 4
121 2
121 2
121 4
121 2
121 2
121 4
121 2
121 2
160 4
160 2
160 2
239 4
239 2
239 2
239 4
239 2
239 2
239 4
239 2
239 2
239 4
239 2
239 2
239 4
239 2
239 2
239 4
239 2
239 2
239 4
239 2
239 2
239 4
239 2
239 2
239 4
239 2
239 2
239 4
239 2
239 2
239 4
239 2
239 2
239 4
239 2
239 2
E
S
L
72 14
121 12
147 4
147 4
121 4
121 2
121 2
121 4
121 2
121 2
121 2
121 2
121 4
121 2
121 2
121 2
121 2
121 4
121 2
121 2
121 2
121 2
121 4
121 2
121 2
121 4
121 2
121 2
147 4
121 4
121 2
121 2
121 4
121 2
121 2
121 2
121 2
121 4
121 2
121 2
121 2
121 2
121 4
121 2
121 2
121 2
121 2
72 11
147 4
121 4
121 2
121 2
121 4
121 2
121 2
121 2
121 2
121 4
121 2
121 2
121 2
121 2
121 4
121 2
121 2
121 2
121 2
121 4
121 2
121 2
121 4
121 2
121 2
147 9
121 9
160 13
72 14
121 12
147 4
147 4
121 4
121 2
121 2
121 4
121 2
121 2
121 2
121 2
121 4
121 2
121 2
121 2
121 2
121 4
121 2
121 2
121 2
121 2
121 4
121 2
121 2
121 4
121 2
121 2
147 4
121 4
121 2
121 2
121 4
121 2
121 2
121 2
121 2
121 4
121 2
121 2
121 2
121 2
121 4
121 2
121 2
121 2
121 2
72 11
147 4
121 4
121 2
121 2
121 4
121 2
121 2
121 2
121 2
121 4
121 2
121 2
121 2
121 2
121 4
121 2
121 2
121 2
121 2
121 4
121 2
121 2
121 4
121 2
121 2
147 9
121 9
160 13
E
X
