minor
S
H
72 4
72 14
58 13
72 2
56 7
58 7
179 13
72 2
166 13
72 2
140 13
72 2
205 7
231 7
244 13
72 2
114 13
72 14
231 14
244 7
179 13
72 2
166 13
72 2
231 13
72 1
205 6
72 0
231 7
244 13
72 2
114 13
72 2
E
S
L
72 4
15 2
25 2
27 2
15 2
25 2
27 2
15 2
25 2
27 2
15 2
25 2
27 2
15 2
25 2
27 2
15 2
25 2
27 2
15 2
25 2
27 2
15 2
25 2
27 2
15 2
25 2
27 2
15 2
25 2
27 2
15 2
25 2
27 2
15 2
25 2
27 2
15 2
25 2
27 2
15 2
25 2
27 2
15 2
25 2
27 2
15 2
25 2
27 2
15 2
25 2
27 2
15 2
25 2
27 2
15 2
25 2
27 2
15 2
25 2
27 2
15 2
25 2
27 2
15 2
25 2
27 2
15 2
25 2
27 2
15 2
25 2
27 2
15 2
25 2
27 2
15 2
25 2
27 2
15 2
25 2
27 2
15 2
25 2
27 2
15 2
25 2
27 2
15 2
25 2
27 2
15 2
25 2
27 2
15 2
25 2
27 2
15 2
25 2
27 2
15 2
25 2
27 2
15 2
25 2
27 2
15 2
25 2
27 2
15 2
25 2
27 2
15 2
25 2
27 2
15 2
25 2
27 2
15 2
25 2
27 2
15 2
25 2
27 2
15 2
25 2
27 2
15 2
25 2
27 2
15 2
25 2
27 2
15 2
25 2
27 2
15 2
25 2
27 2
15 2
25 2
27 2
15 2
25 2
27 2
15 2
25 2
27 2
15 2
25 2
27 2
15 2
25 2
27 2
15 2
25 2
27 2
15 2
25 2
27 2
15 2
25 2
27 2
15 2
25 2
27 2
15 2
25 2
27 2
15 2
25 2
27 2
15 2
25 2
27 2
15 2
25 2
27 2
15 2
25 2
27 2
15 2
25 2
27 2
15 2
25 2
27 2
15 2
25 2
27 2
15 2
25 2
27 2
15 2
25 2
27 2
15 2
25 2
27 2
15 2
25 2
27 2
15 2
25 2
27 2
15 2
25 2
27 2
15 2
25 2
27 2
15 2
25 2
27 2
15 2
25 2
27 2
15 2
25 2
27 2
15 2
25 2
27 2
15 2
25 2
27 2
15 2
25 2
27 2
15 2
25 2
27 2
15 2
25 2
27 2
15 2
25 2
27 2
15 2
25 2
27 2
15 2
25 2
27 2
15 2
25 2
27 2
15 2
25 2
27 2
15 2
25 2
27 2
15 2
25 2
27 2
15 2
25 2
27 2
15 2
25 2
27 2
15 2
25 2
27 2
15 2
25 2
27 2
15 2
25 2
27 2
15 2
25 2
27 2
15 2
25 2
27 2
15 2
25 2
27 2
15 2
25 2
27 2
15 2
25 2
27 2
15 2
25 2
27 2
15 2
25 2
27 2
15 2
25 2
27 2
15 2
25 2
27 2
15 2
25 2
27 2
15 2
25 2
27 2
15 2
25 2
27 2
15 2
25 2
27 2
15 2
25 2
27 2
15 2
25 2
27 2
15 2
25 2
27 2
15 2
25 2
27 2
15 2
25 2
27 2
15 2
25 2
27 2
15 2
25 2
27 2
15 2
25 2
27 2
15 2
25 2
27 2
15 2
25 2
27 2
15 2
25 2
27 2
15 2
25 2
27 2
15 2
25 2
27 2
15 2
25 2
27 2
15 2
25 2
27 2
15 2
25 2
27 2
15 2
25 2
27 2
15 2
25 2
27 2
15 2
25 2
27 2
15 2
25 2
27 2
15 2
25 2
27 2
15 2
25 2
27 2
15 2
25 2
27 2
15 2
25 2
27 2
15 2
25 2
27 2
E
S
L
72 4
197 6
72 2
197 6
72 2
197 6
72 2
197 6
72 2
197 6
72 2
197 6
72 2
197 4
14 2
14 2
14 2
1277 4
14 4
197 6
72 2
197 6
72 2
197 6
72 2
197 6
72 2
197 6
72 2
1277 6
72 2
197 4
14 2
14 2
14 2
1277 4
14 4
112 6
72 2
14 6
72 2
112 6
72 2
14 6
72 2
112 6
72 2
14 6
72 2
112 6
72 2
14 6
72 2
112 6
72 2
14 6
72 2
112 6
72 2
14 6
72 2
112 6
72 2
14 6
72 2
12 7
14 2
14 2
14 2
125 4
14 4
112 6
72 2
14 6
72 2
112 6
72 2
14 6
72 2
112 6
72 2
14 6
72 2
112 6
72 2
14 6
72 2
112 6
72 2
14 6
72 2
112 6
72 2
14 6
72 2
112 6
72 2
14 6
72 2
12 7
14 2
14 2
14 2
125 4
14 4
112 6
72 2
14 6
72 2
112 6
72 2
14 6
72 2
112 6
72 2
14 6
72 2
112 6
72 2
14 6
72 2
112 6
72 2
14 6
72 2
112 6
72 2
14 6
72 2
112 6
72 2
14 6
72 2
112 4
23 2
23 2
21 2
21 2
19 4
112 6
72 2
14 6
72 2
112 6
72 2
14 6
72 2
112 6
72 2
14 6
72 2
112 6
72 2
14 6
72 2
112 6
72 2
14 6
72 2
112 6
72 2
14 6
72 2
112 6
72 2
14 6
72 2
12 7
14 2
14 2
14 2
125 4
14 4
112 6
72 2
14 6
72 2
112 6
72 2
14 6
72 2
112 6
72 2
14 6
72 2
112 6
72 2
14 6
72 2
112 6
72 2
14 6
72 2
112 6
72 2
14 6
72 2
112 6
72 2
14 6
72 2
12 7
14 2
14 2
14 2
125 4
14 4
72 9
11 4
E
S
L
72 4
72 14
18 2
18 2
18 2
18 2
18 2
18 2
18 2
18 2
18 2
18 2
22 2
18 2
18 2
18 2
18 2
18 2
18 2
18 2
18 2
18 2
18 2
18 2
18 2
18 2
18 2
18 2
22 2
18 2
18 2
18 2
18 2
18 2
18 2
18 2
18 2
18 2
18 2
18 2
18 2
18 2
18 2
18 2
22 2
18 2
18 2
18 2
18 2
18 2
18 2
18 2
18 2
18 2
18 2
18 2
18 2
18 2
18 2
18 2
22 2
18 2
18 2
18 2
18 2
18 2
18 2
18 2
18 2
18 2
18 2
18 2
18 2
18 2
18 2
18 2
22 2
18 2
18 2
18 2
18 2
18 2
18 2
18 2
18 2
18 2
18 2
18 2
18 2
18 2
18 2
18 2
22 2
18 2
18 2
18 2
18 2
18 2
18 2
18 2
18 2
18 2
18 2
18 2
18 2
18 2
18 2
18 2
22 2
18 2
18 2
18 2
18 2
18 2
18 2
18 2
18 2
18 2
18 2
18 2
18 2
18 2
18 2
18 2
22 2
18 2
18 2
18 2
18 2
18 2
18 2
18 2
18 2
18 2
18 2
18 2
18 2
18 2
18 2
18 2
22 2
18 2
18 2
18 2
18 2
18 2
18 2
18 2
18 2
18 2
18 2
18 2
18 2
18 2
18 2
18 2
22 2
18 2
18 2
18 2
18 2
18 2
18 2
18 2
18 2
18 2
18 2
18 2
18 2
18 2
18 2
18 2
22 2
18 2
18 2
18 2
18 2
18 2
18 2
18 2
18 2
18 2
18 2
18 2
18 2
18 2
18 2
18 2
22 2
18 2
18 2
18 2
18 2
18 2
18 2
18 2
18 2
18 2
18 2
18 2
18 2
18 2
18 2
18 2
22 2
18 2
18 2
18 2
18 2
18 2
18 2
18 2
18 2
18 2
18 2
18 2
18 2
18 2
18 2
18 2
22 2
18 2
18 2
18 2
18 2
18 2
18 2
18 2
18 2
18 2
18 2
18 2
18 2
18 2
18 2
18 2
22 2
18 2
18 2
18 2
18 2
18 2
18 2
18 2
18 2
18 2
18 2
18 2
18 2
18 2
18 2
18 2
22 2
18 2
18 2
18 2
18 2
18 2
18 2
18 2
18 2
18 2
18 2
18 2
18 2
18 2
18 2
18 2
22 2
18 2
18 2
18 2
18 2
18 2
18 2
18 2
18 2
18 2
18 2
18 2
18 2
18 2
18 2
18 2
22 2
18 2
18 2
18 2
18 2
18 2
18 2
18 2
18 2
18 2
18 2
18 2
18 2
18 2
18 2
18 2
22 2
18 2
18 2
18 2
18 2
18 2
18 2
18 2
18 2
18 2
18 2
18 2
18 2
18 2
18 2
18 2
22 2
18 2
18 2
18 2
18 2
18 2
E
S
L
72 4
72 14
1297 14
72 2
572 14
72 2
179 13
72 2
114 13
72 2
572 14
72 2
179 13
72 2
205 13
72 2
656 14
72 2
572 14
72 2
244 13
72 2
114 13
72 2
572 14
72 2
1828 13
72 2
258 13
72 2
E
S
H
72 4
72 14
1297 14
72 14
44 7
46 6
72 14
44 7
46 6
72 14
1297 14
72 14
44 7
46 6
72 14
E
S
L
72 4
72 14
27 8
72 14
E
S
H
72 4
72 14
44 2
72 4
44 2
72 4
44 2
72 4
44 2
72 4
44 2
72 4
44 2
72 4
44 2
72 4
44 2
72 4
44 2
72 4
44 2
72 4
44 2
72 14
39 2
72 4
39 2
72 4
39 2
72 4
39 2
72 4
39 2
72 4
39 2
72 4
39 2
72 4
39 2
72 4
39 2
72 4
39 2
72 4
39 2
72 2
39 2
72 4
39 2
72 4
39 2
72 4
39 2
72 4
39 2
72 4
39 2
72 4
39 2
72 4
39 2
72 4
39 2
72 4
39 2
72 4
39 2
72 14
E
S
H
72 4
72 14
231 13
72 11
44 7
46 6
72 2
179 13
166 13
72 2
572 13
72 11
44 7
46 6
72 2
244 13
114 13
72 14
231 13
72 13
179 13
166 13
72 2
572 13
72 11
44 7
46 6
72 2
244 13
114 13
72 2
E
X
