major
S
H
72 13
147 11
224 2
72 2
119 7
143 7
119 7
143 7
119 7
224 2
72 2
224 11
183 2
72 2
198 7
224 7
119 7
145 7
119 7
72 4
147 11
224 2
72 2
119 7
143 7
119 7
143 7
183 7
143 2
72 2
210 9
72 4
198 4
184 4
145 4
208 7
184 4
147 4
174 7
116 2
72 2
116 4
143 4
183 13
198 11
183 11
224 7
198 2
72 2
183 4
72 4
143 4
72 4
183 4
72 4
198 4
72 4
183 4
72 4
116 2
72 2
116 4
143 4
183 13
198 11
183 11
119 4
143 4
72 4
116 4
72 4
222 4
72 4
116 4
72 4
143 4
72 4
143 4
72 14
147 2
147 2
121 2
121 2
121 2
72 2
147 4
72 4
147 4
72 4
147 7
121 4
147 4
174 7
147 4
174 7
72 14
147 2
147 2
121 2
121 2
121 2
72 2
147 4
72 4
147 4
72 4
224 7
121 2
121 2
147 4
121 7
147 4
174 7
72 14
147 2
147 2
121 2
121 2
121 2
72 2
147 4
72 4
147 4
72 4
147 7
121 4
147 4
174 7
147 4
174 7
143 7
118 4
143 4
72 4
222 4
72 4
208 4
72 4
183 4
72 4
169 4
72 4
118 4
72 4
143 13
72 11
147 11
224 2
72 2
119 7
143 7
119 7
143 7
119 7
224 2
72 2
224 11
183 2
72 2
198 7
224 7
119 7
145 7
119 7
72 4
147 11
224 2
72 2
119 7
143 7
119 7
143 7
183 7
143 2
72 2
210 9
72 4
198 4
184 4
145 4
208 7
184 4
147 4
174 7
116 2
72 2
116 4
143 4
183 13
198 11
183 11
224 7
198 2
72 2
183 4
72 4
143 4
72 4
183 4
72 4
198 4
72 4
183 4
72 4
116 2
72 2
116 4
143 4
183 13
198 11
183 11
119 4
143 4
72 4
116 4
72 4
222 4
72 4
116 4
72 4
143 4
72 4
143 4
72 14
147 2
147 2
121 2
121 2
121 2
72 2
147 4
72 4
147 4
72 4
147 7
121 4
147 4
174 7
147 4
174 7
72 14
147 2
147 2
121 2
121 2
121 2
72 2
147 4
72 4
147 4
72 4
224 7
121 2
121 2
147 4
121 7
147 4
174 7
72 14
147 2
147 2
121 2
121 2
121 2
72 2
147 4
72 4
147 4
72 4
147 7
121 4
147 4
174 7
147 4
174 7
143 7
118 4
143 4
72 4
222 4
72 4
208 4
72 4
183 4
72 4
169 4
72 4
118 4
72 4
143 13
72 11
147 11
224 2
72 2
119 7
143 7
119 7
143 7
119 7
224 2
72 2
224 11
183 2
72 2
198 7
224 7
119 7
145 7
119 7
72 4
147 11
224 2
72 2
119 7
143 7
119 7
143 7
183 7
143 2
72 2
210 9
72 4
198 4
184 4
145 4
208 7
E
S
H
72 13
147 11
224 2
72 2
119 7
143 7
119 7
143 7
119 7
224 2
72 2
224 11
183 2
72 2
198 7
224 7
119 7
145 7
119 7
72 4
147 11
224 2
72 2
119 7
143 7
119 7
143 7
183 7
143 2
72 2
210 9
72 4
198 4
184 4
145 4
208 7
184 4
147 4
174 7
116 2
72 2
116 4
143 4
183 13
198 11
183 11
224 7
198 2
72 2
183 4
72 4
143 4
72 4
183 4
72 4
198 4
72 4
183 4
72 4
116 2
72 2
116 4
143 4
183 13
198 11
183 11
119 4
143 4
72 4
116 4
72 4
222 4
72 4
116 4
72 4
143 4
72 4
143 4
72 14
147 2
147 2
121 2
121 2
121 2
72 2
147 4
72 4
147 4
72 4
147 7
121 4
147 4
174 7
147 4
174 7
72 14
147 2
147 2
121 2
121 2
121 2
72 2
147 4
72 4
147 4
72 4
224 7
121 2
121 2
147 4
121 7
147 4
174 7
72 14
147 2
147 2
121 2
121 2
121 2
72 2
147 4
72 4
147 4
72 4
147 7
121 4
147 4
174 7
147 4
174 7
143 7
118 4
143 4
72 4
222 4
72 4
208 4
72 4
183 4
72 4
169 4
72 4
118 4
72 4
143 13
72 11
147 11
224 2
72 2
119 7
143 7
119 7
143 7
119 7
224 2
72 2
224 11
183 2
72 2
198 7
224 7
119 7
145 7
119 7
72 4
147 11
224 2
72 2
119 7
143 7
119 7
143 7
183 7
143 2
72 2
210 9
72 4
198 4
184 4
145 4
208 7
184 4
147 4
174 7
116 2
72 2
116 4
143 4
183 13
198 11
183 11
224 7
198 2
72 2
183 4
72 4
143 4
72 4
183 4
72 4
198 4
72 4
183 4
72 4
116 2
72 2
116 4
143 4
183 13
198 11
183 11
119 4
143 4
72 4
116 4
72 4
222 4
72 4
116 4
72 4
143 4
72 4
143 4
72 14
147 2
147 2
121 2
121 2
121 2
72 2
147 4
72 4
147 4
72 4
147 7
121 4
147 4
174 7
147 4
174 7
72 14
147 2
147 2
121 2
121 2
121 2
72 2
147 4
72 4
147 4
72 4
224 7
121 2
121 2
147 4
121 7
147 4
174 7
72 14
147 2
147 2
121 2
121 2
121 2
72 2
147 4
72 4
147 4
72 4
147 7
121 4
147 4
174 7
147 4
174 7
143 7
118 4
143 4
72 4
222 4
72 4
208 4
72 4
183 4
72 4
169 4
72 4
118 4
72 4
143 13
72 11
147 11
224 2
72 2
119 7
143 7
119 7
143 7
119 7
224 2
72 2
224 11
183 2
72 2
198 7
224 7
119 7
145 7
119 7
72 4
147 11
224 2
72 2
119 7
143 7
119 7
143 7
183 7
143 2
72 2
210 9
72 4
198 4
184 4
145 4
E
S
L
72 13
15 4
15 4
72 4
6 4
10 4
10 4
15 4
10 4
22 4
10 4
72 4
8 4
10 7
13 7
11 4
11 4
72 4
11 4
10 4
13 4
6 4
10 7
5 4
72 4
8 4
10 7
13 7
15 4
15 4
72 4
6 4
10 4
10 4
15 4
10 4
22 4
10 4
72 4
8 4
10 7
13 7
11 4
11 4
72 4
9 4
11 4
13 4
6 4
10 7
13 4
72 4
17 4
20 7
13 7
11 4
11 4
72 4
10 4
11 7
11 4
22 7
13 4
72 4
13 4
8 7
13 7
15 4
15 4
72 4
15 4
15 7
10 4
13 4
72 4
15 4
72 4
13 4
13 4
8 4
13 4
10 4
11 7
72 4
10 4
11 7
11 4
13 4
10 4
13 4
72 4
8 4
10 7
13 7
15 4
15 4
72 4
15 4
15 7
10 4
13 4
72 4
15 4
72 4
15 4
22 4
10 4
18 4
13 4
11 7
11 4
11 4
6 4
6 4
11 4
13 7
13 4
13 4
13 4
8 4
8 4
13 4
13 4
15 4
15 2
15 2
15 2
72 2
22 7
15 4
10 4
15 4
15 4
15 2
15 2
15 4
18 7
18 4
17 4
13 4
11 7
13 4
11 4
6 4
6 4
11 4
13 7
13 4
13 4
13 4
8 4
8 4
13 4
13 4
15 4
15 2
15 2
15 2
72 2
15 7
22 4
15 4
13 4
13 4
25 2
25 2
13 4
25 7
13 4
13 4
13 4
11 7
11 4
11 4
6 4
6 4
11 4
13 7
25 4
13 4
25 4
8 4
8 4
25 4
13 4
15 4
15 2
15 2
15 2
72 2
22 7
15 4
15 4
15 4
15 4
15 2
15 2
15 4
22 7
18 4
22 4
15 4
11 7
11 4
11 4
6 4
6 4
11 4
13 7
13 4
13 4
13 4
8 4
8 4
13 4
13 4
15 4
27 2
27 2
15 2
72 2
15 7
15 4
27 4
15 4
15 4
27 2
27 2
15 4
27 7
10 4
13 4
15 4
15 4
15 4
72 4
6 4
10 4
10 4
15 4
10 4
22 4
10 4
72 4
8 4
10 7
13 7
11 4
11 4
72 4
11 4
10 4
13 4
6 4
10 7
5 4
72 4
8 4
10 7
13 7
15 4
15 4
72 4
6 4
10 4
10 4
15 4
10 4
22 4
10 4
72 4
8 4
10 7
13 7
11 4
11 4
72 4
9 4
11 4
13 4
6 4
10 7
13 4
72 4
17 4
20 7
13 7
11 4
11 4
72 4
10 4
11 7
11 4
22 7
13 4
72 4
13 4
8 7
13 7
15 4
15 4
72 4
15 4
15 7
10 4
13 4
72 4
15 4
72 4
13 4
13 4
8 4
13 4
10 4
11 7
72 4
10 4
11 7
11 4
13 4
10 4
13 4
72 4
8 4
10 7
13 7
15 4
15 4
72 4
15 4
15 7
10 4
13 4
72 4
15 4
72 4
15 4
22 4
10 4
18 4
13 4
11 7
11 4
11 4
6 4
6 4
11 4
13 7
13 4
13 4
13 4
8 4
8 4
13 4
13 4
15 4
15 2
15 2
15 2
72 2
22 7
15 4
10 4
15 4
15 4
15 2
15 2
15 4
18 7
18 4
17 4
13 4
11 7
13 4
11 4
6 4
6 4
11 4
13 7
13 4
13 4
13 4
8 4
8 4
13 4
13 4
15 4
15 2
15 2
15 2
72 2
15 7
22 4
15 4
13 4
13 4
25 2
25 2
13 4
25 7
13 4
13 4
13 4
11 7
11 4
11 4
6 4
6 4
11 4
13 7
25 4
13 4
25 4
8 4
8 4
25 4
13 4
15 4
15 2
15 2
15 2
72 2
22 7
15 4
15 4
15 4
15 4
15 2
15 2
15 4
22 7
18 4
22 4
15 4
11 7
11 4
11 4
6 4
6 4
11 4
13 7
13 4
13 4
13 4
8 4
8 4
13 4
13 4
15 4
27 2
27 2
15 2
72 2
15 7
15 4
27 4
15 4
15 4
27 2
27 2
15 4
27 7
10 4
13 4
15 4
15 4
15 4
72 4
6 4
10 4
10 4
15 4
10 4
22 4
10 4
72 4
8 4
10 7
13 7
11 4
11 4
72 4
11 4
10 4
13 4
6 4
10 7
5 4
72 4
8 4
10 7
13 7
15 4
15 4
72 4
6 4
10 4
10 4
15 4
10 4
22 4
10 4
72 4
8 4
10 7
13 7
11 4
11 4
72 4
9 4
11 4
13 4
6 4
10 7
E
S
L
72 13
15 4
15 4
72 4
6 4
10 4
10 4
15 4
10 4
22 4
10 4
72 4
8 4
10 7
13 7
11 4
11 4
72 4
11 4
10 4
13 4
6 4
10 7
5 4
72 4
8 4
10 7
13 7
15 4
15 4
72 4
6 4
10 4
10 4
15 4
10 4
22 4
10 4
72 4
8 4
10 7
13 7
11 4
11 4
72 4
9 4
11 4
13 4
6 4
10 7
13 4
72 4
17 4
20 7
13 7
11 4
11 4
72 4
10 4
11 7
11 4
22 7
13 4
72 4
13 4
8 7
13 7
15 4
15 4
72 4
15 4
15 7
10 4
13 4
72 4
15 4
72 4
13 4
13 4
8 4
13 4
10 4
11 7
72 4
10 4
11 7
11 4
13 4
10 4
13 4
72 4
8 4
10 7
13 7
15 4
15 4
72 4
15 4
15 7
10 4
13 4
72 4
15 4
72 4
15 4
22 4
10 4
18 4
13 4
11 7
11 4
11 4
6 4
6 4
11 4
13 7
13 4
13 4
13 4
8 4
8 4
13 4
13 4
15 4
15 2
15 2
15 2
72 2
22 7
15 4
10 4
15 4
15 4
15 2
15 2
15 4
18 7
18 4
17 4
13 4
11 7
13 4
11 4
6 4
6 4
11 4
13 7
13 4
13 4
13 4
8 4
8 4
13 4
13 4
15 4
15 2
15 2
15 2
72 2
15 7
22 4
15 4
13 4
13 4
25 2
25 2
13 4
25 7
13 4
13 4
13 4
11 7
11 4
11 4
6 4
6 4
11 4
13 7
25 4
13 4
25 4
8 4
8 4
25 4
13 4
15 4
15 2
15 2
15 2
72 2
22 7
15 4
15 4
15 4
15 4
15 2
15 2
15 4
22 7
18 4
22 4
15 4
11 7
11 4
11 4
6 4
6 4
11 4
13 7
13 4
13 4
13 4
8 4
8 4
13 4
13 4
15 4
27 2
27 2
15 2
72 2
15 7
15 4
27 4
15 4
15 4
27 2
27 2
15 4
27 7
10 4
13 4
15 4
15 4
15 4
72 4
6 4
10 4
10 4
15 4
10 4
22 4
10 4
72 4
8 4
10 7
13 7
11 4
11 4
72 4
11 4
10 4
13 4
6 4
10 7
5 4
72 4
8 4
10 7
13 7
15 4
15 4
72 4
6 4
10 4
10 4
15 4
10 4
22 4
10 4
72 4
8 4
10 7
13 7
11 4
11 4
72 4
9 4
11 4
13 4
6 4
10 7
13 4
72 4
17 4
20 7
13 7
11 4
11 4
72 4
10 4
11 7
11 4
22 7
13 4
72 4
13 4
8 7
13 7
15 4
15 4
72 4
15 4
15 7
10 4
13 4
72 4
15 4
72 4
13 4
13 4
8 4
13 4
10 4
11 7
72 4
10 4
11 7
11 4
13 4
10 4
13 4
72 4
8 4
10 7
13 7
15 4
15 4
72 4
15 4
15 7
10 4
13 4
72 4
15 4
72 4
15 4
22 4
10 4
18 4
13 4
11 7
11 4
11 4
6 4
6 4
11 4
13 7
13 4
13 4
13 4
8 4
8 4
13 4
13 4
15 4
15 2
15 2
15 2
72 2
22 7
15 4
10 4
15 4
15 4
15 2
15 2
15 4
18 7
18 4
17 4
13 4
11 7
13 4
11 4
6 4
6 4
11 4
13 7
13 4
13 4
13 4
8 4
8 4
13 4
13 4
15 4
15 2
15 2
15 2
72 2
15 7
22 4
15 4
13 4
13 4
25 2
25 2
13 4
25 7
13 4
13 4
13 4
11 7
11 4
11 4
6 4
6 4
11 4
13 7
25 4
13 4
25 4
8 4
8 4
25 4
13 4
15 4
15 2
15 2
15 2
72 2
22 7
15 4
15 4
15 4
15 4
15 2
15 2
15 4
22 7
18 4
22 4
15 4
11 7
11 4
11 4
6 4
6 4
11 4
13 7
13 4
13 4
13 4
8 4
8 4
13 4
13 4
15 4
27 2
27 2
15 2
72 2
15 7
15 4
27 4
15 4
15 4
27 2
27 2
15 4
27 7
10 4
13 4
15 4
15 4
15 4
72 4
6 4
10 4
10 4
15 4
10 4
22 4
10 4
72 4
8 4
10 7
13 7
11 4
11 4
72 4
11 4
10 4
13 4
6 4
10 7
5 4
72 4
8 4
10 7
13 7
15 4
15 4
72 4
6 4
10 4
10 4
15 4
10 4
22 4
10 4
72 4
8 4
10 7
13 7
11 4
11 4
72 4
9 4
11 4
13 4
6 4
10 7
E
S
H
39 2
143 2
143 2
117 0
143 7
116 2
143 2
224 2
119 2
119 0
147 7
224 2
147 2
224 2
224 2
224 2
119 7
145 2
184 0
198 7
183 2
145 2
183 7
224 2
198 2
183 2
39 2
143 2
143 2
117 0
143 7
116 2
143 2
224 2
119 2
119 0
147 7
224 2
147 2
183 2
210 4
210 4
143 2
119 2
224 2
198 2
183 2
145 2
119 7
145 2
183 2
184 0
198 7
183 2
145 2
183 2
66 2
68 2
68 0
69 6
68 4
66 4
63 4
66 4
63 4
66 4
68 4
68 0
70 13
65 0
66 6
63 4
61 4
58 4
61 4
58 4
59 0
61 3
63 4
62 0
63 13
66 2
68 2
68 0
69 6
68 4
66 4
63 4
64 0
66 3
63 4
66 4
68 4
68 0
70 13
60 0
61 13
39 2
143 2
143 2
117 0
143 7
116 2
143 2
224 2
119 2
119 0
147 7
224 2
147 2
224 2
224 2
224 2
119 7
145 2
184 0
198 7
183 2
145 2
183 7
224 2
198 2
183 2
39 2
143 2
143 2
117 0
143 7
116 2
143 2
224 2
119 2
119 0
147 7
224 2
147 2
183 2
210 4
210 4
143 2
119 2
224 2
198 2
183 2
145 2
119 7
145 2
183 2
184 0
198 7
183 2
145 2
183 2
66 2
68 2
68 0
69 6
68 4
66 4
63 4
66 4
63 4
66 4
68 4
68 0
70 13
65 0
66 6
63 4
61 4
58 4
61 4
58 4
59 0
61 3
63 4
62 0
63 13
66 2
68 2
68 0
69 6
68 4
66 4
63 4
64 0
66 3
63 4
66 4
68 4
68 0
70 13
60 0
61 13
39 2
143 2
143 2
117 0
143 7
116 2
143 2
224 2
119 2
119 0
147 7
224 2
147 2
224 2
224 2
224 2
119 7
145 2
184 0
198 7
183 2
145 2
183 7
224 2
198 2
183 2
39 2
143 2
143 2
117 0
143 7
116 2
143 2
224 2
119 2
119 0
147 7
224 2
147 2
183 2
210 4
210 4
143 2
119 2
224 2
198 2
183 2
145 2
119 7
E
S
L
72 13
15 4
15 2
72 2
15 2
72 2
15 2
72 2
15 4
15 2
72 2
15 2
72 2
15 7
15 2
72 2
15 2
72 2
15 7
15 2
72 2
15 2
72 2
15 2
72 2
11 4
11 2
72 2
11 2
72 2
11 2
72 2
11 4
11 2
72 2
11 2
72 2
11 7
11 2
72 2
11 2
72 2
11 7
11 2
72 2
11 2
72 2
11 2
72 2
15 4
15 2
72 2
15 2
72 2
15 2
72 2
15 4
15 2
72 2
15 2
72 2
15 7
15 2
72 2
15 2
72 2
15 7
15 2
72 2
13 2
72 2
13 2
72 2
11 4
11 2
72 2
11 2
72 2
11 2
72 2
11 4
11 2
72 2
11 2
72 2
13 7
13 2
72 2
13 2
72 2
13 7
13 2
72 2
13 2
72 2
13 2
72 2
11 12
11 2
72 2
13 9
13 2
72 2
15 7
27 2
72 2
27 2
72 2
27 2
72 2
22 6
72 2
22 2
72 2
18 4
18 2
72 2
15 4
15 2
72 2
18 4
18 2
72 2
20 4
20 2
72 2
22 4
22 2
72 6
22 0
72 2
20 0
18 0
72 0
15 0
72 1
13 0
72 1
11 0
72 0
10 0
72 2
6 0
11 12
11 2
72 2
13 9
13 2
72 2
15 7
27 2
72 2
27 2
72 2
27 2
72 2
27 4
15 2
72 2
18 2
72 2
27 7
18 2
72 2
22 2
72 2
27 4
25 2
72 2
22 2
72 2
25 2
72 2
27 4
27 2
72 2
27 2
72 2
27 2
72 2
27 2
72 2
11 4
11 2
72 2
11 2
72 2
11 4
72 4
11 4
11 2
72 2
13 4
13 2
72 2
10 4
10 2
72 2
13 4
13 2
72 2
13 2
72 2
10 2
72 2
13 2
72 2
15 4
3 2
72 2
10 2
72 2
15 7
3 2
72 2
10 2
72 2
15 4
15 2
72 2
13 2
72 2
15 2
72 2
15 2
72 2
13 2
72 2
15 2
72 2
15 2
72 2
15 2
72 2
11 4
11 2
72 2
11 2
72 2
11 4
72 4
11 4
11 2
72 2
13 4
13 2
72 2
10 4
10 2
72 2
13 4
13 2
72 2
13 2
72 2
10 2
72 2
13 2
72 2
15 4
3 2
72 2
10 2
72 2
15 7
3 2
72 2
10 2
72 2
15 4
15 2
72 2
13 2
72 2
15 2
72 2
15 2
72 2
13 2
72 2
15 2
72 2
15 2
72 2
15 2
72 2
11 4
11 2
72 2
11 2
72 2
11 4
72 4
11 4
11 2
72 2
13 4
13 2
72 2
10 4
10 2
72 2
13 4
13 2
72 2
13 2
72 2
10 2
72 2
13 2
72 2
15 4
3 2
72 2
10 2
72 2
15 7
3 2
72 2
10 2
72 2
15 4
15 2
72 2
13 2
72 2
15 2
72 2
15 2
72 2
13 2
72 2
15 2
72 2
15 2
72 2
15 2
72 2
11 12
11 2
72 2
13 4
13 4
13 4
13 4
13 4
13 4
72 4
27 14
72 7
15 4
15 2
72 2
15 2
72 2
15 2
72 2
15 4
15 2
72 2
15 2
72 2
15 7
15 2
72 2
15 2
72 2
15 7
15 2
72 2
15 2
72 2
15 2
72 2
11 4
11 2
72 2
11 2
72 2
11 2
72 2
11 4
11 2
72 2
11 2
72 2
11 7
11 2
72 2
11 2
72 2
11 7
11 2
72 2
11 2
72 2
11 2
72 2
15 4
15 2
72 2
15 2
72 2
15 2
72 2
15 4
15 2
72 2
15 2
72 2
15 7
15 2
72 2
15 2
72 2
15 7
15 2
72 2
13 2
72 2
13 2
72 2
11 4
11 2
72 2
11 2
72 2
11 2
72 2
11 4
11 2
72 2
11 2
72 2
13 7
13 2
72 2
13 2
72 2
13 7
13 2
72 2
13 2
72 2
13 2
72 2
11 12
11 2
72 2
13 9
13 2
72 2
15 7
27 2
72 2
27 2
72 2
27 2
72 2
22 6
72 2
22 2
72 2
18 4
18 2
72 2
15 4
15 2
72 2
18 4
18 2
72 2
20 4
20 2
72 2
22 4
22 2
72 6
22 0
72 2
20 0
18 0
72 0
15 0
72 1
13 0
72 1
11 0
72 0
10 0
72 2
6 0
11 12
11 2
72 2
13 9
13 2
72 2
15 7
27 2
72 2
27 2
72 2
27 2
72 2
27 4
15 2
72 2
18 2
72 2
27 7
18 2
72 2
22 2
72 2
27 4
25 2
72 2
22 2
72 2
25 2
72 2
27 4
27 2
72 2
27 2
72 2
27 2
72 2
27 2
72 2
11 4
11 2
72 2
11 2
72 2
11 4
72 4
11 4
11 2
72 2
13 4
13 2
72 2
10 4
10 2
72 2
13 4
13 2
72 2
13 2
72 2
10 2
72 2
13 2
72 2
15 4
3 2
72 2
10 2
72 2
15 7
3 2
72 2
10 2
72 2
15 4
15 2
72 2
13 2
72 2
15 2
72 2
15 2
72 2
13 2
72 2
15 2
72 2
15 2
72 2
15 2
72 2
11 4
11 2
72 2
11 2
72 2
11 4
72 4
11 4
11 2
72 2
13 4
13 2
72 2
10 4
10 2
72 2
13 4
13 2
72 2
13 2
72 2
10 2
72 2
13 2
72 2
15 4
3 2
72 2
10 2
72 2
15 7
3 2
72 2
10 2
72 2
15 4
15 2
72 2
13 2
72 2
15 2
72 2
15 2
72 2
13 2
72 2
15 2
72 2
15 2
72 2
15 2
72 2
11 4
11 2
72 2
11 2
72 2
11 4
72 4
11 4
11 2
72 2
13 4
13 2
72 2
10 4
10 2
72 2
13 4
13 2
72 2
13 2
72 2
10 2
72 2
13 2
72 2
15 4
3 2
72 2
10 2
72 2
15 7
3 2
72 2
10 2
72 2
15 4
15 2
72 2
13 2
72 2
15 2
72 2
15 2
72 2
13 2
72 2
15 2
72 2
15 2
72 2
15 2
72 2
11 12
11 2
72 2
13 4
13 4
13 4
13 4
13 4
13 4
72 4
27 14
72 7
15 4
15 2
72 2
15 2
72 2
15 2
72 2
15 4
15 2
72 2
15 2
72 2
15 7
15 2
72 2
15 2
72 2
15 7
15 2
72 2
15 2
72 2
15 2
72 2
11 4
11 2
72 2
11 2
72 2
11 2
72 2
11 4
11 2
72 2
11 2
72 2
11 7
11 2
72 2
11 2
72 2
11 7
11 2
72 2
11 2
72 2
11 2
72 2
15 4
15 2
72 2
15 2
72 2
15 2
72 2
15 4
15 2
72 2
15 2
72 2
15 7
15 2
72 2
15 2
72 2
15 7
15 2
72 2
13 2
72 2
13 2
72 2
11 4
11 2
72 2
11 2
72 2
11 2
72 2
11 4
11 2
72 2
11 2
72 2
13 7
E
S
L
72 13
15 4
15 2
72 2
15 2
72 2
15 2
72 2
15 4
15 2
72 2
15 2
72 2
15 7
15 2
72 2
15 2
72 2
15 7
15 2
72 2
15 2
72 2
15 2
72 2
11 4
11 2
72 2
11 2
72 2
11 2
72 2
11 4
11 2
72 2
11 2
72 2
11 7
11 2
72 2
11 2
72 2
11 7
11 2
72 2
11 2
72 2
11 2
72 2
15 4
15 2
72 2
15 2
72 2
15 2
72 2
15 4
15 2
72 2
15 2
72 2
15 7
15 2
72 2
15 2
72 2
15 7
15 2
72 2
13 2
72 2
13 2
72 2
11 4
11 2
72 2
11 2
72 2
11 2
72 2
11 4
11 2
72 2
11 2
72 2
13 7
13 2
72 2
13 2
72 2
13 7
13 2
72 2
13 2
72 2
13 2
72 2
11 12
11 2
72 2
13 9
13 2
72 2
15 7
27 2
72 2
27 2
72 2
27 2
72 2
22 6
72 2
22 2
72 2
18 4
18 2
72 2
15 4
15 2
72 2
18 4
18 2
72 2
20 4
20 2
72 2
22 4
22 2
72 6
22 0
72 1
20 0
72 0
18 0
72 2
15 0
13 0
72 2
11 0
10 0
72 0
6 0
72 1
11 12
11 2
72 2
13 9
13 2
72 2
15 7
27 2
72 2
27 2
72 2
27 2
72 2
27 4
15 2
72 2
18 2
72 2
27 7
18 2
72 2
22 2
72 2
27 4
25 2
72 2
22 2
72 2
25 2
72 2
27 4
27 2
72 2
27 2
72 2
27 2
72 2
27 2
72 2
11 4
11 2
72 2
11 2
72 2
11 4
72 4
11 4
11 2
72 2
13 4
13 2
72 2
10 4
10 2
72 2
13 4
13 2
72 2
13 2
72 2
10 2
72 2
13 2
72 2
15 4
3 2
72 2
10 2
72 2
15 7
3 2
72 2
10 2
72 2
15 4
15 2
72 2
13 2
72 2
15 2
72 2
15 2
72 2
13 2
72 2
15 2
72 2
15 2
72 2
15 2
72 2
11 4
11 2
72 2
11 2
72 2
11 4
72 4
11 4
11 2
72 2
13 4
13 2
72 2
10 4
10 2
72 2
13 4
13 2
72 2
13 2
72 2
10 2
72 2
13 2
72 2
15 4
3 2
72 2
10 2
72 2
15 7
3 2
72 2
10 2
72 2
15 4
15 2
72 2
13 2
72 2
15 2
72 2
15 2
72 2
13 2
72 2
15 2
72 2
15 2
72 2
15 2
72 2
11 4
11 2
72 2
11 2
72 2
11 4
72 4
11 4
11 2
72 2
13 4
13 2
72 2
10 4
10 2
72 2
13 4
13 2
72 2
13 2
72 2
10 2
72 2
13 2
72 2
15 4
3 2
72 2
10 2
72 2
15 7
3 2
72 2
10 2
72 2
15 4
15 2
72 2
13 2
72 2
15 2
72 2
15 2
72 2
13 2
72 2
15 2
72 2
15 2
72 2
15 2
72 2
11 12
11 2
72 2
13 4
13 4
13 4
13 4
13 4
13 4
72 4
27 14
72 7
15 4
15 2
72 2
15 2
72 2
15 2
72 2
15 4
15 2
72 2
15 2
72 2
15 7
15 2
72 2
15 2
72 2
15 7
15 2
72 2
15 2
72 2
15 2
72 2
11 4
11 2
72 2
11 2
72 2
11 2
72 2
11 4
11 2
72 2
11 2
72 2
11 7
11 2
72 2
11 2
72 2
11 7
11 2
72 2
11 2
72 2
11 2
72 2
15 4
15 2
72 2
15 2
72 2
15 2
72 2
15 4
15 2
72 2
15 2
72 2
15 7
15 2
72 2
15 2
72 2
15 7
15 2
72 2
13 2
72 2
13 2
72 2
11 4
11 2
72 2
11 2
72 2
11 2
72 2
11 4
11 2
72 2
11 2
72 2
13 7
13 2
72 2
13 2
72 2
13 7
13 2
72 2
13 2
72 2
13 2
72 2
11 12
11 2
72 2
13 9
13 2
72 2
15 7
27 2
72 2
27 2
72 2
27 2
72 2
22 6
72 2
22 2
72 2
18 4
18 2
72 2
15 4
15 2
72 2
18 4
18 2
72 2
20 4
20 2
72 2
22 4
22 2
72 6
22 0
72 1
20 0
72 0
18 0
72 2
15 0
13 0
72 2
11 0
10 0
72 0
6 0
72 1
11 12
11 2
72 2
13 9
13 2
72 2
15 7
27 2
72 2
27 2
72 2
27 2
72 2
27 4
15 2
72 2
18 2
72 2
27 7
18 2
72 2
22 2
72 2
27 4
25 2
72 2
22 2
72 2
25 2
72 2
27 4
27 2
72 2
27 2
72 2
27 2
72 2
27 2
72 2
11 4
11 2
72 2
11 2
72 2
11 4
72 4
11 4
11 2
72 2
13 4
13 2
72 2
10 4
10 2
72 2
13 4
13 2
72 2
13 2
72 2
10 2
72 2
13 2
72 2
15 4
3 2
72 2
10 2
72 2
15 7
3 2
72 2
10 2
72 2
15 4
15 2
72 2
13 2
72 2
15 2
72 2
15 2
72 2
13 2
72 2
15 2
72 2
15 2
72 2
15 2
72 2
11 4
11 2
72 2
11 2
72 2
11 4
72 4
11 4
11 2
72 2
13 4
13 2
72 2
10 4
10 2
72 2
13 4
13 2
72 2
13 2
72 2
10 2
72 2
13 2
72 2
15 4
3 2
72 2
10 2
72 2
15 7
3 2
72 2
10 2
72 2
15 4
15 2
72 2
13 2
72 2
15 2
72 2
15 2
72 2
13 2
72 2
15 2
72 2
15 2
72 2
15 2
72 2
11 4
11 2
72 2
11 2
72 2
11 4
72 4
11 4
11 2
72 2
13 4
13 2
72 2
10 4
10 2
72 2
13 4
13 2
72 2
13 2
72 2
10 2
72 2
13 2
72 2
15 4
3 2
72 2
10 2
72 2
15 7
3 2
72 2
10 2
72 2
15 4
15 2
72 2
13 2
72 2
15 2
72 2
15 2
72 2
13 2
72 2
15 2
72 2
15 2
72 2
15 2
72 2
11 12
11 2
72 2
13 4
13 4
13 4
13 4
13 4
13 4
72 4
27 14
72 7
15 4
15 2
72 2
15 2
72 2
15 2
72 2
15 4
15 2
72 2
15 2
72 2
15 7
15 2
72 2
15 2
72 2
15 7
15 2
72 2
15 2
72 2
15 2
72 2
11 4
11 2
72 2
11 2
72 2
11 2
72 2
11 4
11 2
72 2
11 2
72 2
11 7
11 2
72 2
11 2
72 2
11 7
11 2
72 2
11 2
72 2
11 2
72 2
15 4
15 2
72 2
15 2
72 2
15 2
72 2
15 4
15 2
72 2
15 2
72 2
15 7
15 2
72 2
15 2
72 2
15 7
15 2
72 2
13 2
72 2
13 2
72 2
11 4
11 2
72 2
11 2
72 2
11 2
72 2
11 4
11 2
72 2
11 2
E
S
H
72 14
39 13
42 13
46 13
46 13
42 13
44 13
46 14
39 13
42 13
46 13
49 13
47 13
49 13
51 14
72 14
39 13
42 13
46 13
46 13
42 13
44 13
46 14
39 13
42 13
46 13
49 13
47 13
49 13
51 14
E
S
H
72 14
116 2
72 2
116 4
143 4
183 13
198 11
183 11
224 7
198 2
72 2
183 4
72 4
143 4
72 4
183 4
72 4
198 4
72 4
183 4
72 4
116 2
72 2
116 4
143 4
183 13
198 11
183 11
119 4
143 4
72 4
116 4
72 4
222 4
72 4
116 4
72 4
143 4
72 4
143 4
72 14
143 7
118 4
143 4
72 4
222 4
72 4
208 4
72 4
183 4
72 4
169 4
72 4
118 4
72 4
143 13
72 14
116 2
72 2
116 4
143 4
183 13
198 11
183 11
224 7
198 2
72 2
183 4
72 4
143 4
72 4
183 4
72 4
198 4
72 4
183 4
72 4
116 2
72 2
116 4
143 4
183 13
198 11
183 11
119 4
143 4
72 4
116 4
72 4
222 4
72 4
116 4
72 4
143 4
72 4
143 4
72 14
143 7
118 4
143 4
72 4
222 4
72 4
208 4
72 4
183 4
72 4
169 4
72 4
118 4
72 4
143 13
E
S
H
72 14
116 2
72 2
116 4
143 4
183 13
198 11
183 11
224 7
198 2
72 2
183 4
72 4
143 4
72 4
183 4
72 4
198 4
72 4
183 4
72 4
116 2
72 2
116 4
143 4
183 13
198 11
183 11
119 4
143 4
72 4
116 4
72 4
222 4
72 4
116 4
72 4
143 4
72 4
143 4
72 14
143 7
118 4
143 4
72 4
222 4
72 4
208 4
72 4
183 4
72 4
169 4
72 4
118 4
72 4
143 13
72 14
116 2
72 2
116 4
143 4
183 13
198 11
183 11
224 7
198 2
72 2
183 4
72 4
143 4
72 4
183 4
72 4
198 4
72 4
183 4
72 4
116 2
72 2
116 4
143 4
183 13
198 11
183 11
119 4
143 4
72 4
116 4
72 4
222 4
72 4
116 4
72 4
143 4
72 4
143 4
72 14
143 7
118 4
143 4
72 4
222 4
72 4
208 4
72 4
183 4
72 4
169 4
72 4
118 4
72 4
143 13
E
S
H
72 14
51 4
54 4
58 4
72 4
51 11
72 14
51 4
54 4
58 4
72 4
51 11
72 14
37 2
34 2
37 2
39 2
42 2
46 2
49 2
51 2
39 2
72 2
46 2
72 6
46 2
72 2
46 2
72 2
46 2
72 2
46 2
72 2
44 2
72 6
44 2
72 6
44 2
72 2
44 2
72 2
44 2
72 2
44 2
72 2
44 2
72 2
46 11
51 11
56 11
58 11
39 2
72 2
46 2
72 6
46 2
72 2
46 2
72 2
46 2
72 2
46 2
72 2
44 2
72 6
44 2
72 6
44 2
72 2
44 2
72 2
44 2
72 2
44 2
72 2
44 2
72 2
46 11
51 11
56 11
58 11
39 2
72 2
46 2
72 6
46 2
72 2
46 2
72 2
46 2
72 2
46 2
72 2
44 2
72 6
44 2
72 6
44 2
72 2
44 2
72 2
44 2
72 2
44 2
72 2
44 2
72 2
46 9
51 9
54 7
56 9
58 9
56 7
66 4
65 4
66 4
63 9
72 4
68 7
66 7
65 7
66 7
58 4
63 11
51 2
49 2
51 2
54 2
58 2
61 2
63 2
66 2
72 11
51 4
54 4
58 4
63 4
72 14
51 4
54 4
58 4
72 4
51 11
72 14
51 4
54 4
58 4
72 4
51 11
72 14
37 2
34 2
37 2
39 2
42 2
46 2
49 2
51 2
39 2
72 2
46 2
72 6
46 2
72 2
46 2
72 2
46 2
72 2
46 2
72 2
44 2
72 6
44 2
72 6
44 2
72 2
44 2
72 2
44 2
72 2
44 2
72 2
44 2
72 2
46 11
51 11
56 11
58 11
39 2
72 2
46 2
72 6
46 2
72 2
46 2
72 2
46 2
72 2
46 2
72 2
44 2
72 6
44 2
72 6
44 2
72 2
44 2
72 2
44 2
72 2
44 2
72 2
44 2
72 2
46 11
51 11
56 11
58 11
39 2
72 2
46 2
72 6
46 2
72 2
46 2
72 2
46 2
72 2
46 2
72 2
44 2
72 6
44 2
72 6
44 2
72 2
44 2
72 2
44 2
72 2
44 2
72 2
44 2
72 2
46 9
51 9
54 7
56 9
58 9
56 7
66 4
65 4
66 4
63 9
72 4
68 7
66 7
65 7
66 7
58 4
63 11
51 2
49 2
51 2
54 2
58 2
61 2
63 2
66 2
72 11
51 4
54 4
58 4
63 4
E
X
