major
S
H
47 4
46 4
45 4
44 4
43 4
42 4
41 4
40 4
39 4
38 4
37 4
36 4
35 4
34 4
33 4
32 4
225 12
239 14
72 13
42 4
42 4
46 4
42 4
47 4
46 4
42 4
40 7
42 4
44 4
42 9
72 7
42 4
42 4
46 4
42 4
47 4
46 4
42 4
40 7
42 4
44 4
42 9
72 7
42 4
42 4
46 4
42 4
47 4
46 4
42 4
40 7
42 4
44 4
42 9
72 7
42 4
42 4
46 4
42 4
47 4
46 4
42 4
44 9
49 4
47 9
72 7
44 4
44 4
48 4
44 4
49 4
48 4
44 4
42 7
44 4
46 4
44 9
72 7
44 4
44 4
48 4
44 4
49 4
48 4
44 4
42 7
44 4
46 4
44 9
72 7
47 4
47 4
51 4
47 4
52 4
51 4
47 4
45 7
47 4
49 4
47 9
72 13
53 4
54 4
55 4
56 4
57 4
58 4
59 4
60 4
72 14
47 4
46 4
45 4
44 4
43 4
42 4
41 4
40 4
39 4
38 4
37 4
36 4
35 4
34 4
33 4
32 4
225 12
239 14
72 13
42 4
42 4
46 4
42 4
47 4
46 4
42 4
40 7
42 4
44 4
42 9
72 7
42 4
42 4
46 4
42 4
47 4
46 4
42 4
40 7
42 4
44 4
42 9
72 7
42 4
42 4
46 4
42 4
47 4
46 4
42 4
40 7
42 4
44 4
42 9
72 7
42 4
42 4
46 4
42 4
47 4
46 4
42 4
44 9
49 4
47 9
72 7
44 4
44 4
48 4
44 4
49 4
48 4
44 4
42 7
44 4
46 4
44 9
72 7
44 4
44 4
48 4
44 4
49 4
48 4
44 4
42 7
44 4
46 4
44 9
72 7
47 4
47 4
51 4
47 4
52 4
51 4
47 4
45 7
47 4
49 4
47 9
72 13
53 4
54 4
55 4
56 4
57 4
58 4
59 4
60 4
E
S
H
72 4
47 4
46 4
45 4
44 4
43 4
42 4
41 4
40 4
39 4
38 4
37 4
36 4
35 4
34 4
33 4
32 4
225 12
239 14
72 13
42 4
42 4
46 4
42 4
47 4
46 4
42 4
40 7
42 4
44 4
42 9
72 7
42 4
42 4
46 4
42 4
47 4
46 4
42 4
40 7
42 4
44 4
42 9
72 7
42 4
42 4
46 4
42 4
47 4
46 4
42 4
40 7
42 4
44 4
42 9
72 7
42 4
42 4
46 4
42 4
47 4
46 4
42 4
44 9
49 4
47 9
72 7
44 4
44 4
48 4
44 4
49 4
48 4
44 4
42 7
44 4
46 4
44 9
72 7
44 4
44 4
48 4
44 4
49 4
48 4
44 4
42 7
44 4
46 4
44 9
72 7
47 4
47 4
51 4
47 4
52 4
51 4
47 4
45 7
47 4
49 4
47 9
72 13
53 4
54 4
55 4
56 4
57 4
58 4
59 4
60 4
72 14
47 4
46 4
45 4
44 4
43 4
42 4
41 4
40 4
39 4
38 4
37 4
36 4
35 4
34 4
33 4
32 4
225 12
239 14
72 13
42 4
42 4
46 4
42 4
47 4
46 4
42 4
40 7
42 4
44 4
42 9
72 7
42 4
42 4
46 4
42 4
47 4
46 4
42 4
40 7
42 4
44 4
42 9
72 7
42 4
42 4
46 4
42 4
47 4
46 4
42 4
40 7
42 4
44 4
42 9
72 7
42 4
42 4
46 4
42 4
47 4
46 4
42 4
44 9
49 4
47 9
72 7
44 4
44 4
48 4
44 4
49 4
48 4
44 4
42 7
44 4
46 4
44 9
72 7
44 4
44 4
48 4
44 4
49 4
48 4
44 4
42 7
44 4
46 4
44 9
72 7
47 4
47 4
51 4
47 4
52 4
51 4
47 4
45 7
47 4
49 4
47 9
72 13
53 4
54 4
55 4
56 4
57 4
58 4
59 4
60 4
E
S
L
23 4
22 4
21 4
20 4
19 4
18 4
17 4
16 4
15 4
14 4
12 4
11 4
10 4
9 4
8 4
7 4
8 3
72 1
8 4
8 4
8 4
8 4
8 4
9 3
72 1
10 4
11 3
72 1
11 4
11 4
11 4
11 4
11 4
11 4
11 4
11 3
72 1
11 4
11 4
11 4
11 4
11 4
11 4
11 4
11 3
72 1
11 4
11 4
11 4
11 4
11 4
11 4
11 4
11 3
72 1
11 4
11 4
11 4
11 4
11 4
11 4
11 4
11 3
72 1
11 4
11 4
11 4
11 4
11 4
11 4
11 4
11 3
72 1
11 4
11 4
11 4
11 4
11 4
11 4
11 4
11 3
72 1
11 4
11 4
11 4
11 4
11 4
11 4
11 4
18 3
72 1
18 4
18 4
18 4
18 4
18 4
18 4
18 4
18 3
72 1
18 4
18 4
18 4
18 4
18 4
18 4
18 4
11 3
72 1
11 4
11 4
11 4
11 4
11 4
11 4
11 4
11 3
72 1
11 4
11 4
11 4
11 4
11 4
11 4
11 4
13 3
72 1
13 4
13 4
13 4
13 4
13 4
13 4
13 4
13 3
72 1
13 4
13 4
13 4
13 4
13 4
13 4
13 4
13 3
72 1
13 4
13 4
13 4
13 4
13 4
13 4
13 4
13 3
72 1
13 4
13 4
13 4
13 4
13 4
13 4
13 4
16 3
72 1
16 4
16 4
16 4
16 4
16 4
16 4
16 4
16 3
72 1
16 4
16 4
16 4
16 4
16 4
16 4
16 4
23 4
22 4
21 4
20 4
19 4
18 4
17 4
16 4
72 4
11 4
11 4
11 4
11 4
11 4
11 4
11 4
11 3
72 1
11 4
11 4
11 4
11 4
11 4
11 4
11 4
11 3
72 1
11 4
11 4
11 4
11 4
11 4
11 4
11 4
11 3
72 1
11 4
11 4
11 4
11 4
11 4
11 4
11 4
11 3
72 1
11 4
11 4
11 4
11 4
11 4
11 4
11 4
16 4
16 4
11 4
11 4
16 4
16 4
11 4
11 4
16 4
16 4
11 4
11 4
16 4
16 4
11 4
11 4
16 4
16 4
11 4
11 4
16 4
16 4
11 4
11 4
16 4
16 4
11 4
11 4
16 4
16 4
11 4
11 4
7 3
72 1
7 4
7 4
7 4
7 4
7 4
7 4
7 4
7 3
72 1
7 4
7 4
7 4
7 4
7 4
7 4
7 4
9 3
72 1
9 4
9 4
9 4
9 4
9 4
9 4
9 4
9 3
72 1
9 4
9 4
9 4
9 4
9 4
9 4
9 4
8 3
72 1
8 4
8 4
8 4
8 4
8 4
8 4
8 4
8 3
72 1
8 4
8 4
8 4
8 4
8 4
8 4
8 4
4 3
72 1
4 4
4 4
4 4
4 4
4 4
4 4
4 4
16 3
72 1
16 4
16 4
16 4
16 4
16 4
16 4
16 4
23 4
22 4
21 4
20 4
19 4
18 4
17 4
16 4
15 4
14 4
12 4
11 4
10 4
9 4
8 4
7 4
8 3
72 1
8 4
8 4
8 4
8 4
8 4
9 3
72 1
10 4
11 3
72 1
11 4
11 4
11 4
11 4
11 4
11 4
11 4
11 3
72 1
11 4
11 4
11 4
11 4
11 4
11 4
11 4
11 3
72 1
11 4
11 4
11 4
11 4
11 4
11 4
11 4
11 3
72 1
11 4
11 4
11 4
11 4
11 4
11 4
11 4
11 3
72 1
11 4
11 4
11 4
11 4
11 4
11 4
11 4
11 3
72 1
11 4
11 4
11 4
11 4
11 4
11 4
11 4
11 3
72 1
11 4
11 4
11 4
11 4
11 4
11 4
11 4
18 3
72 1
18 4
18 4
18 4
18 4
18 4
18 4
18 4
18 3
72 1
18 4
18 4
18 4
18 4
18 4
18 4
18 4
11 3
72 1
11 4
11 4
11 4
11 4
11 4
11 4
11 4
11 3
72 1
11 4
11 4
11 4
11 4
11 4
11 4
11 4
13 3
72 1
13 4
13 4
13 4
13 4
13 4
13 4
13 4
13 3
72 1
13 4
13 4
13 4
13 4
13 4
13 4
13 4
13 3
72 1
13 4
13 4
13 4
13 4
13 4
13 4
13 4
13 3
72 1
13 4
13 4
13 4
13 4
13 4
13 4
13 4
16 3
72 1
16 4
16 4
16 4
16 4
16 4
16 4
16 4
16 3
72 1
16 4
16 4
16 4
16 4
16 4
16 4
16 4
23 4
22 4
21 4
20 4
19 4
18 4
17 4
16 4
72 4
11 4
11 4
11 4
11 4
11 4
11 4
11 4
11 3
72 1
11 4
11 4
11 4
11 4
11 4
11 4
11 4
11 3
72 1
11 4
11 4
11 4
11 4
11 4
11 4
11 4
11 3
72 1
11 4
11 4
11 4
11 4
11 4
11 4
11 4
11 3
72 1
11 4
11 4
11 4
11 4
11 4
11 4
11 4
16 4
16 4
11 4
11 4
16 4
16 4
11 4
11 4
16 4
16 4
11 4
11 4
16 4
16 4
11 4
11 4
16 4
16 4
11 4
11 4
16 4
16 4
11 4
11 4
16 4
16 4
11 4
11 4
16 4
16 4
11 4
11 4
7 3
72 1
7 4
7 4
7 4
7 4
7 4
7 4
7 4
7 3
72 1
7 4
7 4
7 4
7 4
7 4
7 4
7 4
9 3
72 1
9 4
9 4
9 4
9 4
9 4
9 4
9 4
9 3
72 1
9 4
9 4
9 4
9 4
9 4
9 4
9 4
8 3
72 1
8 4
8 4
8 4
8 4
8 4
8 4
8 4
8 3
72 1
8 4
8 4
8 4
8 4
8 4
8 4
8 4
4 3
72 1
4 4
4 4
4 4
4 4
4 4
4 4
4 4
16 3
72 1
16 4
16 4
16 4
16 4
16 4
16 4
16 4
E
S
L
23 4
22 4
21 4
20 4
19 4
18 4
17 4
16 4
15 4
14 4
12 4
11 4
10 4
9 4
8 4
7 4
8 3
72 1
8 4
8 4
8 4
8 4
8 4
9 3
72 1
10 4
11 3
72 1
11 4
11 4
11 4
11 4
11 4
11 4
11 4
11 3
72 1
11 4
11 4
11 4
11 4
11 4
11 4
11 4
11 3
72 1
11 4
11 4
11 4
11 4
11 4
11 4
11 4
11 3
72 1
11 4
11 4
11 4
11 4
11 4
11 4
11 4
11 3
72 1
11 4
11 4
11 4
11 4
11 4
11 4
11 4
11 3
72 1
11 4
11 4
11 4
11 4
11 4
11 4
11 4
11 3
72 1
11 4
11 4
11 4
11 4
11 4
11 4
11 4
18 3
72 1
18 4
18 4
18 4
18 4
18 4
18 4
18 4
18 3
72 1
18 4
18 4
18 4
18 4
18 4
18 4
18 4
11 3
72 1
11 4
11 4
11 4
11 4
11 4
11 4
11 4
11 3
72 1
11 4
11 4
11 4
11 4
11 4
11 4
11 4
13 3
72 1
13 4
13 4
13 4
13 4
13 4
13 4
13 4
13 3
72 1
13 4
13 4
13 4
13 4
13 4
13 4
13 4
13 3
72 1
13 4
13 4
13 4
13 4
13 4
13 4
13 4
13 3
72 1
13 4
13 4
13 4
13 4
13 4
13 4
13 4
16 3
72 1
16 4
16 4
16 4
16 4
16 4
16 4
16 4
16 3
72 1
16 4
16 4
16 4
16 4
16 4
16 4
16 4
23 4
22 4
21 4
20 4
19 4
18 4
17 4
16 4
72 4
11 4
11 4
11 4
11 4
11 4
11 4
11 4
11 3
72 1
11 4
11 4
11 4
11 4
11 4
11 4
11 4
11 3
72 1
11 4
11 4
11 4
11 4
11 4
11 4
11 4
11 3
72 1
11 4
11 4
11 4
11 4
11 4
11 4
11 4
11 3
72 1
11 4
11 4
11 4
11 4
11 4
11 4
11 4
16 4
16 4
11 4
11 4
16 4
16 4
11 4
11 4
16 4
16 4
11 4
11 4
16 4
16 4
11 4
11 4
16 4
16 4
11 4
11 4
16 4
16 4
11 4
11 4
16 4
16 4
11 4
11 4
16 4
16 4
11 4
11 4
7 3
72 1
7 4
7 4
7 4
7 4
7 4
7 4
7 4
7 3
72 1
7 4
7 4
7 4
7 4
7 4
7 4
7 4
9 3
72 1
9 4
9 4
9 4
9 4
9 4
9 4
9 4
9 3
72 1
9 4
9 4
9 4
9 4
9 4
9 4
9 4
8 3
72 1
8 4
8 4
8 4
8 4
8 4
8 4
8 4
8 3
72 1
8 4
8 4
8 4
8 4
8 4
8 4
8 4
4 3
72 1
4 4
4 4
4 4
4 4
4 4
4 4
4 4
16 3
72 1
16 4
16 4
16 4
16 4
16 4
16 4
16 4
23 4
22 4
21 4
20 4
19 4
18 4
17 4
16 4
15 4
14 4
12 4
11 4
10 4
9 4
8 4
7 4
8 3
72 1
8 4
8 4
8 4
8 4
8 4
9 3
72 1
10 4
11 3
72 1
11 4
11 4
11 4
11 4
11 4
11 4
11 4
11 3
72 1
11 4
11 4
11 4
11 4
11 4
11 4
11 4
11 3
72 1
11 4
11 4
11 4
11 4
11 4
11 4
11 4
11 3
72 1
11 4
11 4
11 4
11 4
11 4
11 4
11 4
11 3
72 1
11 4
11 4
11 4
11 4
11 4
11 4
11 4
11 3
72 1
11 4
11 4
11 4
11 4
11 4
11 4
11 4
11 3
72 1
11 4
11 4
11 4
11 4
11 4
11 4
11 4
18 3
72 1
18 4
18 4
18 4
18 4
18 4
18 4
18 4
18 3
72 1
18 4
18 4
18 4
18 4
18 4
18 4
18 4
11 3
72 1
11 4
11 4
11 4
11 4
11 4
11 4
11 4
11 3
72 1
11 4
11 4
11 4
11 4
11 4
11 4
11 4
13 3
72 1
13 4
13 4
13 4
13 4
13 4
13 4
13 4
13 3
72 1
13 4
13 4
13 4
13 4
13 4
13 4
13 4
13 3
72 1
13 4
13 4
13 4
13 4
13 4
13 4
13 4
13 3
72 1
13 4
13 4
13 4
13 4
13 4
13 4
13 4
16 3
72 1
16 4
16 4
16 4
16 4
16 4
16 4
16 4
16 3
72 1
16 4
16 4
16 4
16 4
16 4
16 4
16 4
23 4
22 4
21 4
20 4
19 4
18 4
17 4
16 4
72 4
11 4
11 4
11 4
11 4
11 4
11 4
11 4
11 3
72 1
11 4
11 4
11 4
11 4
11 4
11 4
11 4
11 3
72 1
11 4
11 4
11 4
11 4
11 4
11 4
11 4
11 3
72 1
11 4
11 4
11 4
11 4
11 4
11 4
11 4
11 3
72 1
11 4
11 4
11 4
11 4
11 4
11 4
11 4
16 4
16 4
11 4
11 4
16 4
16 4
11 4
11 4
16 4
16 4
11 4
11 4
16 4
16 4
11 4
11 4
16 4
16 4
11 4
11 4
16 4
16 4
11 4
11 4
16 4
16 4
11 4
11 4
16 4
16 4
11 4
11 4
7 3
72 1
7 4
7 4
7 4
7 4
7 4
7 4
7 4
7 3
72 1
7 4
7 4
7 4
7 4
7 4
7 4
7 4
9 3
72 1
9 4
9 4
9 4
9 4
9 4
9 4
9 4
9 3
72 1
9 4
9 4
9 4
9 4
9 4
9 4
9 4
8 3
72 1
8 4
8 4
8 4
8 4
8 4
8 4
8 4
8 3
72 1
8 4
8 4
8 4
8 4
8 4
8 4
8 4
4 3
72 1
4 4
4 4
4 4
4 4
4 4
4 4
4 4
16 3
72 1
16 4
16 4
16 4
16 4
16 4
16 4
16 4
E
X
