major
S
H
72 14
37 4
37 4
33 2
35 7
40 7
72 6
45 4
44 4
42 2
44 7
37 7
72 2
42 7
40 4
38 2
40 7
45 7
72 2
45 7
72 2
44 2
45 2
47 6
44 4
42 4
40 4
72 4
37 4
37 4
33 2
35 7
40 7
72 6
45 4
44 4
42 2
44 7
37 7
72 2
42 7
44 4
45 2
45 7
40 7
72 2
45 7
44 2
45 2
72 2
47 9
45 2
47 2
49 8
50 6
47 8
49 6
45 9
44 2
45 2
72 2
47 2
45 2
44 2
40 7
49 8
50 6
47 7
54 2
52 6
50 9
49 2
47 2
45 2
44 2
45 2
47 2
52 7
72 6
45 2
72 2
47 2
49 2
72 2
47 6
72 2
52 4
50 2
49 2
47 2
49 4
47 4
45 4
47 2
44 8
72 2
40 2
42 2
44 2
42 6
44 6
45 2
45 7
40 7
72 2
50 4
49 4
47 2
45 2
72 2
47 8
72 2
47 2
49 2
47 2
45 6
40 2
40 6
47 7
40 2
40 6
72 2
49 7
49 2
50 2
52 2
54 6
52 2
50 2
72 2
49 2
47 2
45 2
42 6
44 6
45 2
45 7
52 4
50 2
49 2
47 2
49 4
47 4
45 2
44 2
72 2
45 11
72 4
44 2
42 2
40 2
38 2
37 2
35 2
40 2
72 4
37 4
37 4
33 2
35 7
40 7
72 6
45 4
44 4
42 2
44 7
37 7
72 2
42 7
40 4
38 2
40 7
45 7
72 2
45 7
72 2
44 2
45 2
47 6
44 4
42 4
40 4
72 4
37 4
37 4
33 2
35 7
40 8
72 4
45 4
44 4
42 2
44 7
37 7
72 2
42 7
44 4
45 2
45 7
40 7
72 2
45 7
44 2
45 2
72 2
47 9
45 2
47 2
49 8
50 6
47 8
49 6
45 9
44 2
45 2
72 2
47 2
45 2
44 2
40 7
49 8
50 6
47 7
54 2
52 6
50 9
49 2
47 2
45 2
44 2
45 2
47 2
52 7
72 6
45 2
72 2
47 2
49 2
72 2
47 6
72 2
52 4
50 2
49 2
47 2
49 4
47 4
45 4
47 2
44 8
72 2
40 2
42 2
44 2
42 6
44 6
45 2
45 7
40 7
72 2
50 4
49 4
47 2
45 2
72 2
47 8
72 2
47 2
49 2
47 2
45 6
40 2
40 6
47 7
40 2
40 6
72 2
49 7
49 2
50 2
52 2
54 6
52 2
50 2
72 2
49 2
47 2
45 2
42 6
44 6
45 2
45 7
52 4
50 2
49 2
47 2
49 4
47 4
45 2
44 2
72 2
45 11
72 2
44 2
42 2
40 2
38 2
37 2
35 2
40 2
72 4
37 4
37 4
33 2
35 7
40 7
72 6
45 4
44 4
42 2
44 7
37 7
72 2
42 7
40 4
38 2
40 7
45 7
72 2
45 7
72 2
44 2
45 2
47 6
44 4
42 4
40 4
72 4
37 4
37 4
33 2
35 7
40 7
72 6
45 4
44 4
42 2
44 7
37 7
72 2
42 7
44 4
45 2
45 7
40 7
72 2
45 7
44 2
45 2
72 2
47 9
45 2
47 2
49 8
50 6
47 8
49 6
45 9
44 2
45 2
72 2
47 2
45 2
44 2
40 7
49 8
50 6
47 7
54 2
52 6
50 9
49 2
47 2
45 2
44 2
45 2
47 2
52 7
72 6
45 2
72 2
47 2
49 2
72 2
47 6
72 2
52 4
50 2
49 2
47 2
49 4
47 4
45 4
47 2
44 8
72 2
40 2
42 2
44 2
42 6
44 6
45 2
45 7
40 7
72 2
50 4
49 4
47 2
45 2
72 2
47 8
72 2
47 2
49 2
47 2
45 6
40 2
40 6
47 7
40 2
40 6
72 2
49 7
49 2
50 2
52 2
54 6
52 2
50 2
72 2
49 2
47 2
45 2
42 6
44 6
45 2
45 7
52 4
50 2
49 2
47 2
49 4
47 4
45 2
44 2
72 2
45 11
72 4
44 2
42 2
40 2
38 2
37 2
35 2
40 2
72 4
37 4
37 4
33 2
35 7
40 7
72 6
45 4
44 4
42 2
44 7
37 7
72 2
42 7
40 4
38 2
40 7
45 7
72 2
45 7
72 2
44 2
45 2
47 6
44 4
42 4
40 4
72 4
37 4
37 4
33 2
35 7
40 8
72 4
45 4
44 4
42 2
44 7
37 7
72 2
42 7
44 4
45 2
45 7
40 7
72 2
45 7
44 2
45 2
72 2
47 9
45 2
47 2
49 8
50 6
47 8
49 6
45 9
44 2
45 2
72 2
47 2
45 2
44 2
40 7
49 8
50 6
47 7
54 2
52 6
50 9
49 2
47 2
45 2
44 2
45 2
47 2
52 7
72 6
45 2
72 2
47 2
49 2
72 2
47 6
72 2
52 4
50 2
49 2
47 2
49 4
47 4
45 4
47 2
44 8
72 2
40 2
42 2
44 2
42 6
44 6
45 2
45 7
40 7
72 2
50 4
49 4
47 2
45 2
72 2
47 8
72 2
47 2
49 2
47 2
45 6
40 2
40 6
47 7
40 2
40 6
72 2
49 7
49 2
50 2
52 2
54 6
52 2
50 2
72 2
49 2
47 2
45 2
42 6
44 6
45 2
45 7
52 4
50 2
49 2
47 2
49 4
47 4
45 2
44 2
72 2
45 11
72 2
44 2
42 2
40 2
38 2
37 2
35 2
40 2
72 4
37 4
37 4
33 2
35 7
40 7
72 6
45 4
44 4
42 2
44 7
37 7
72 2
42 7
40 4
38 2
40 7
45 7
72 2
45 7
72 2
44 2
45 2
47 6
44 4
42 4
40 4
72 4
37 4
37 4
33 2
35 7
40 7
72 6
45 4
44 4
42 2
44 7
37 7
E
S
H
72 14
37 4
72 0
37 4
33 2
35 7
40 7
72 6
45 4
72 0
44 4
42 2
44 7
37 7
72 3
42 7
40 4
38 2
40 7
45 7
72 3
45 7
72 3
44 2
45 2
47 6
44 4
72 0
42 4
40 4
72 4
37 4
72 0
37 4
33 2
35 7
40 7
72 6
45 4
72 0
44 4
42 2
44 7
37 7
72 3
42 7
44 4
45 2
45 7
40 7
72 3
45 7
44 2
72 0
45 2
72 0
47 9
72 1
45 2
47 2
49 8
72 0
50 6
47 8
72 0
49 6
45 9
72 1
44 2
45 2
72 3
47 2
72 0
45 2
44 2
40 7
49 8
72 0
50 6
47 7
54 2
72 0
52 6
50 9
72 1
49 2
47 2
45 2
72 0
44 2
72 0
45 2
47 2
52 7
72 6
45 2
72 3
47 2
72 0
49 2
72 0
47 6
72 2
52 4
72 1
50 2
49 2
47 2
72 0
49 4
47 4
72 0
45 4
47 2
44 8
72 4
40 2
42 2
44 2
72 0
42 6
44 6
45 2
45 7
40 7
72 3
50 4
49 4
72 0
47 2
72 0
45 2
72 0
47 8
72 4
47 2
49 2
47 2
72 0
45 6
40 2
72 0
40 6
47 7
40 2
72 0
40 6
72 2
49 7
49 2
72 0
50 2
52 2
54 6
52 2
50 2
72 4
49 2
47 2
45 2
72 0
42 6
44 6
45 2
45 7
52 4
72 1
50 2
49 2
47 2
72 0
49 4
47 4
72 0
45 2
72 0
44 2
72 0
45 11
72 5
44 2
42 2
40 2
72 0
38 2
72 0
37 2
35 2
40 2
72 4
37 4
72 0
37 4
33 2
35 7
40 7
72 6
45 4
72 0
44 4
42 2
44 7
37 7
72 3
42 7
40 4
38 2
40 7
45 7
72 3
45 7
72 3
44 2
45 2
47 6
44 4
72 0
42 4
40 4
72 4
37 4
72 0
37 4
33 2
35 7
40 8
72 4
45 4
72 0
44 4
42 2
44 7
37 7
72 3
42 7
44 4
45 2
45 7
40 7
72 3
45 7
44 2
72 0
45 2
72 0
47 9
72 1
45 2
47 2
49 8
72 0
50 6
47 8
72 0
49 6
45 9
72 1
44 2
45 2
72 3
47 2
72 0
45 2
44 2
40 7
49 8
72 0
50 6
47 7
54 2
72 0
52 6
50 9
72 1
49 2
47 2
45 2
72 0
44 2
72 0
45 2
47 2
52 7
72 6
45 2
72 3
47 2
72 0
49 2
72 0
47 6
72 2
52 4
72 1
50 2
49 2
47 2
72 0
49 4
47 4
72 0
45 4
47 2
44 8
72 4
40 2
42 2
44 2
72 0
42 6
44 6
45 2
45 7
40 7
72 3
50 4
49 4
72 0
47 2
72 0
45 2
72 0
47 8
72 4
47 2
49 2
47 2
72 0
45 6
40 2
72 0
40 6
47 7
40 2
72 0
40 6
72 2
49 7
49 2
72 0
50 2
52 2
54 6
52 2
50 2
72 4
49 2
47 2
45 2
72 0
42 6
44 6
45 2
45 7
52 4
72 1
50 2
49 2
47 2
72 0
49 4
47 4
72 0
45 2
72 0
44 2
72 0
45 11
72 4
44 2
42 2
40 2
72 0
38 2
72 0
37 2
35 2
40 2
72 4
37 4
72 0
37 4
33 2
35 7
40 7
72 6
45 4
72 0
44 4
42 2
44 7
37 7
72 3
42 7
40 4
38 2
40 7
45 7
72 3
45 7
72 3
44 2
45 2
47 6
44 4
72 0
42 4
40 4
72 4
37 4
72 0
37 4
33 2
35 7
40 7
72 6
45 4
72 0
44 4
42 2
44 7
37 7
72 3
42 7
44 4
45 2
45 7
40 7
72 3
45 7
44 2
72 0
45 2
72 0
47 9
72 1
45 2
47 2
49 8
72 0
50 6
47 8
72 0
49 6
45 9
72 1
44 2
45 2
72 3
47 2
72 0
45 2
44 2
40 7
49 8
72 0
50 6
47 7
54 2
72 0
52 6
50 9
72 1
49 2
47 2
45 2
72 0
44 2
72 0
45 2
47 2
52 7
72 6
45 2
72 3
47 2
72 0
49 2
72 0
47 6
72 2
52 4
72 1
50 2
49 2
47 2
72 0
49 4
47 4
72 0
45 4
47 2
44 8
72 4
40 2
42 2
44 2
72 0
42 6
44 6
45 2
45 7
40 7
72 3
50 4
49 4
72 0
47 2
72 0
45 2
72 0
47 8
72 4
47 2
49 2
47 2
72 0
45 6
40 2
72 0
40 6
47 7
40 2
72 0
40 6
72 2
49 7
49 2
72 0
50 2
52 2
54 6
52 2
50 2
72 4
49 2
47 2
45 2
72 0
42 6
44 6
45 2
45 7
52 4
72 1
50 2
49 2
47 2
72 0
49 4
47 4
72 0
45 2
72 0
44 2
72 0
45 11
72 5
44 2
42 2
40 2
72 0
38 2
72 0
37 2
35 2
40 2
72 4
37 4
72 0
37 4
33 2
35 7
40 7
72 6
45 4
72 0
44 4
42 2
44 7
37 7
72 3
42 7
40 4
38 2
40 7
45 7
72 3
45 7
72 3
44 2
45 2
47 6
44 4
72 0
42 4
40 4
72 4
37 4
72 0
37 4
33 2
35 7
40 8
72 4
45 4
72 0
44 4
42 2
44 7
37 7
72 3
42 7
44 4
45 2
45 7
40 7
72 3
45 7
44 2
72 0
45 2
72 0
47 9
72 1
45 2
47 2
49 8
72 0
50 6
47 8
72 0
49 6
45 9
72 1
44 2
45 2
72 3
47 2
72 0
45 2
44 2
40 7
49 8
72 0
50 6
47 7
54 2
72 0
52 6
50 9
72 1
49 2
47 2
45 2
72 0
44 2
72 0
45 2
47 2
52 7
72 6
45 2
72 3
47 2
72 0
49 2
72 0
47 6
72 2
52 4
72 1
50 2
49 2
47 2
72 0
49 4
47 4
72 0
45 4
47 2
44 8
72 4
40 2
42 2
44 2
72 0
42 6
44 6
45 2
45 7
40 7
72 3
50 4
49 4
72 0
47 2
72 0
45 2
72 0
47 8
72 4
47 2
49 2
47 2
72 0
45 6
40 2
72 0
40 6
47 7
40 2
72 0
40 6
72 2
49 7
49 2
72 0
50 2
52 2
54 6
52 2
50 2
72 4
49 2
47 2
45 2
72 0
42 6
44 6
45 2
45 7
52 4
72 1
50 2
49 2
47 2
72 0
49 4
47 4
72 0
45 2
72 0
44 2
72 0
45 11
72 4
44 2
42 2
40 2
72 0
38 2
72 0
37 2
35 2
40 2
72 4
37 4
72 0
37 4
33 2
35 7
40 7
72 6
45 4
72 0
44 4
42 2
44 7
37 7
72 3
42 7
40 4
38 2
40 7
45 7
72 3
45 7
72 3
44 2
45 2
47 6
44 4
72 0
42 4
40 4
72 4
37 4
72 0
37 4
33 2
35 7
40 7
72 6
45 4
72 0
44 4
42 2
44 7
37 7
E
S
L
9 2
9 2
9 2
9 2
9 2
9 2
9 2
9 4
21 2
9 2
9 2
9 2
9 2
9 2
8 4
8 2
8 2
8 2
8 2
8 2
8 2
8 4
20 2
8 2
8 2
8 2
8 2
8 2
6 4
6 2
6 2
6 2
6 2
18 2
6 2
4 4
4 2
4 2
4 2
4 2
16 2
4 2
14 4
14 2
14 2
14 2
14 2
14 2
26 2
11 4
11 2
11 2
11 2
16 2
16 2
16 2
9 4
9 2
9 2
9 2
9 2
9 2
9 2
9 4
20 2
18 2
16 2
14 2
13 2
11 2
16 2
9 2
9 2
9 2
9 2
9 2
9 2
9 2
16 4
16 2
16 2
16 2
16 2
16 2
16 2
16 2
18 2
18 2
18 2
18 2
18 2
18 2
18 2
13 4
13 2
13 2
13 2
13 2
13 2
13 2
13 2
14 2
14 2
14 2
14 2
14 2
14 2
14 2
13 4
13 2
13 2
13 2
13 2
13 2
13 2
13 2
11 2
11 2
11 2
11 2
11 2
11 2
11 2
16 4
16 2
16 2
16 2
16 2
16 2
18 2
16 2
9 2
9 2
9 2
9 2
9 2
9 2
9 2
16 4
16 2
16 2
16 2
16 2
16 2
16 2
16 2
18 2
18 2
18 2
18 2
18 2
18 2
18 2
13 4
13 2
13 2
13 2
13 2
13 2
13 2
13 2
14 2
14 2
14 2
14 2
14 2
14 2
14 2
13 4
13 2
13 2
13 2
13 2
13 2
13 2
13 2
11 2
11 2
11 2
11 2
11 2
11 2
11 2
16 4
16 2
16 2
16 2
16 2
16 2
16 2
18 4
18 2
18 2
18 2
18 2
18 2
18 2
16 4
16 2
16 2
16 2
16 2
16 2
16 2
14 4
14 2
14 2
14 2
14 2
14 2
14 2
16 4
16 2
16 2
16 2
16 2
16 2
16 2
18 4
18 2
18 2
18 2
18 2
18 2
18 2
16 4
16 2
16 2
16 2
16 2
16 2
16 2
14 4
14 2
14 2
14 2
14 2
14 2
14 2
16 4
16 2
16 2
16 2
16 2
16 2
18 2
16 2
9 2
9 2
9 2
9 2
9 2
9 2
9 2
16 4
16 2
16 2
16 2
16 2
16 2
16 2
16 2
18 2
18 2
18 2
18 2
18 2
18 2
18 2
13 4
13 2
13 2
13 2
13 2
13 2
13 2
13 2
14 2
14 2
14 2
14 2
14 2
14 2
14 2
13 4
13 2
13 2
13 2
13 2
13 2
13 2
13 2
11 2
11 2
11 2
11 2
11 2
11 2
11 2
16 4
16 2
16 2
16 2
16 2
16 2
18 2
16 2
9 2
9 2
9 2
9 2
9 2
9 2
9 2
16 4
16 2
16 2
16 2
16 2
16 2
16 2
16 2
18 2
18 2
18 2
18 2
18 2
18 2
18 2
13 4
13 2
13 2
13 2
13 2
13 2
13 2
13 2
14 2
14 2
14 2
14 2
14 2
14 2
14 2
13 4
13 2
13 2
13 2
13 2
13 2
13 2
13 2
11 2
11 2
11 2
11 2
16 2
16 2
16 2
9 4
9 2
9 2
9 2
9 2
9 2
9 2
9 4
20 2
18 2
16 2
14 2
13 2
11 2
16 2
9 2
9 2
9 2
9 2
9 2
9 2
9 2
16 4
16 2
16 2
16 2
16 2
16 2
16 2
16 2
18 2
18 2
18 2
18 2
18 2
18 2
18 2
13 4
13 2
13 2
13 2
13 2
13 2
13 2
13 2
14 2
14 2
14 2
14 2
14 2
14 2
14 2
13 4
13 2
13 2
13 2
13 2
13 2
13 2
13 2
11 2
11 2
11 2
11 2
11 2
11 2
11 2
16 4
16 2
16 2
16 2
16 2
16 2
18 2
16 2
9 2
9 2
9 2
9 2
9 2
9 2
9 2
16 4
16 2
16 2
16 2
16 2
16 2
16 2
16 2
18 2
18 2
18 2
18 2
18 2
18 2
18 2
13 4
13 2
13 2
13 2
13 2
13 2
13 2
13 2
14 2
14 2
14 2
14 2
14 2
14 2
14 2
13 4
13 2
13 2
13 2
13 2
13 2
13 2
13 2
11 2
11 2
11 2
11 2
11 2
11 2
11 2
16 4
16 2
16 2
16 2
16 2
16 2
16 2
18 4
18 2
18 2
18 2
18 2
18 2
18 2
16 4
16 2
16 2
16 2
16 2
16 2
16 2
14 4
14 2
14 2
14 2
14 2
14 2
14 2
16 4
16 2
16 2
16 2
16 2
16 2
16 2
18 4
18 2
18 2
18 2
18 2
18 2
18 2
16 4
16 2
16 2
16 2
16 2
16 2
16 2
14 4
14 2
14 2
14 2
14 2
14 2
14 2
16 4
16 2
16 2
16 2
16 2
16 2
18 2
16 2
9 2
9 2
9 2
9 2
9 2
9 2
9 2
16 4
16 2
16 2
16 2
16 2
16 2
16 2
16 2
18 2
18 2
18 2
18 2
18 2
18 2
18 2
13 4
13 2
13 2
13 2
13 2
13 2
13 2
13 2
14 2
14 2
14 2
14 2
14 2
14 2
14 2
13 4
13 2
13 2
13 2
13 2
13 2
13 2
13 2
11 2
11 2
11 2
11 2
11 2
11 2
11 2
16 4
16 2
16 2
16 2
16 2
16 2
18 2
16 2
9 2
9 2
9 2
9 2
9 2
9 2
9 2
16 4
16 2
16 2
16 2
16 2
16 2
16 2
16 2
18 2
18 2
18 2
18 2
18 2
18 2
18 2
13 4
13 2
13 2
13 2
13 2
13 2
13 2
13 2
14 2
14 2
14 2
14 2
14 2
14 2
14 2
13 4
13 2
13 2
13 2
13 2
13 2
13 2
13 2
11 2
11 2
11 2
11 2
16 2
16 2
16 2
9 4
9 2
9 2
9 2
9 2
9 2
9 2
9 4
20 2
18 2
16 2
14 2
13 2
11 2
16 2
9 2
9 2
9 2
9 2
9 2
9 2
9 2
16 4
16 2
16 2
16 2
16 2
16 2
16 2
16 2
18 2
18 2
18 2
18 2
18 2
18 2
18 2
13 4
13 2
13 2
13 2
13 2
13 2
13 2
13 2
14 2
14 2
14 2
14 2
14 2
14 2
14 2
13 4
13 2
13 2
13 2
13 2
13 2
13 2
13 2
11 2
11 2
11 2
11 2
11 2
11 2
11 2
16 4
16 2
16 2
16 2
16 2
16 2
18 2
16 2
9 2
9 2
9 2
9 2
9 2
9 2
9 2
16 4
16 2
16 2
16 2
16 2
16 2
16 2
16 2
18 2
18 2
18 2
18 2
18 2
18 2
18 2
13 4
13 2
13 2
13 2
13 2
13 2
13 2
13 2
14 2
14 2
14 2
14 2
14 2
14 2
14 2
13 4
13 2
13 2
13 2
13 2
13 2
13 2
13 2
11 2
11 2
11 2
11 2
11 2
11 2
11 2
16 4
16 2
16 2
16 2
16 2
16 2
16 2
18 4
18 2
18 2
18 2
18 2
18 2
18 2
16 4
16 2
16 2
16 2
16 2
16 2
16 2
14 4
14 2
14 2
14 2
14 2
14 2
14 2
16 4
16 2
16 2
16 2
16 2
16 2
16 2
18 4
18 2
18 2
18 2
18 2
18 2
18 2
16 4
16 2
16 2
16 2
16 2
16 2
16 2
14 4
14 2
14 2
14 2
14 2
14 2
14 2
16 4
16 2
16 2
16 2
16 2
16 2
18 2
16 2
9 2
9 2
9 2
9 2
9 2
9 2
9 2
16 4
16 2
16 2
16 2
16 2
16 2
16 2
16 2
18 2
18 2
18 2
18 2
18 2
18 2
18 2
13 4
13 2
13 2
13 2
13 2
13 2
13 2
13 2
14 2
14 2
14 2
14 2
14 2
14 2
14 2
13 4
13 2
13 2
13 2
13 2
13 2
13 2
13 2
11 2
11 2
11 2
11 2
11 2
11 2
11 2
16 4
16 2
16 2
16 2
16 2
16 2
18 2
16 2
9 2
9 2
9 2
9 2
9 2
9 2
9 2
16 4
16 2
16 2
16 2
16 2
16 2
16 2
16 2
18 2
18 2
18 2
18 2
18 2
18 2
18 2
13 4
13 2
13 2
13 2
13 2
13 2
13 2
13 2
14 2
14 2
14 2
14 2
14 2
14 2
14 2
13 4
13 2
13 2
13 2
13 2
13 2
13 2
13 2
11 2
11 2
11 2
11 2
16 2
16 2
16 2
9 4
9 2
9 2
9 2
9 2
9 2
9 2
9 4
20 2
18 2
16 2
14 2
13 2
11 2
16 2
9 2
9 2
9 2
9 2
9 2
9 2
9 2
16 4
16 2
16 2
16 2
16 2
16 2
16 2
16 2
18 2
18 2
18 2
18 2
18 2
18 2
18 2
13 4
13 2
13 2
13 2
13 2
13 2
13 2
13 2
14 2
14 2
14 2
14 2
14 2
14 2
14 2
13 4
13 2
13 2
13 2
13 2
13 2
13 2
13 2
11 2
11 2
11 2
11 2
11 2
11 2
11 2
16 4
16 2
16 2
16 2
16 2
16 2
18 2
16 2
9 2
9 2
9 2
9 2
9 2
9 2
9 2
16 4
16 2
16 2
16 2
16 2
16 2
16 2
16 2
18 2
18 2
18 2
18 2
18 2
18 2
18 2
13 4
13 2
13 2
13 2
13 2
13 2
13 2
13 2
14 2
14 2
14 2
14 2
14 2
14 2
14 2
13 4
13 2
13 2
13 2
13 2
13 2
13 2
13 2
11 2
11 2
11 2
11 2
11 2
11 2
11 2
16 4
16 2
16 2
16 2
16 2
16 2
16 2
18 4
18 2
18 2
18 2
18 2
18 2
18 2
16 4
16 2
16 2
16 2
16 2
16 2
16 2
14 4
14 2
14 2
14 2
14 2
14 2
14 2
16 4
16 2
16 2
16 2
16 2
16 2
16 2
18 4
18 2
18 2
18 2
18 2
18 2
18 2
16 4
16 2
16 2
16 2
16 2
16 2
16 2
14 4
14 2
14 2
14 2
14 2
14 2
14 2
16 4
16 2
16 2
16 2
16 2
16 2
18 2
16 2
9 2
9 2
9 2
9 2
9 2
9 2
9 2
16 4
16 2
16 2
16 2
16 2
16 2
16 2
16 2
18 2
18 2
18 2
18 2
18 2
18 2
18 2
13 4
13 2
13 2
13 2
13 2
13 2
13 2
13 2
14 2
14 2
14 2
14 2
14 2
14 2
14 2
13 4
13 2
13 2
13 2
13 2
13 2
13 2
13 2
11 2
11 2
11 2
11 2
11 2
11 2
11 2
16 4
16 2
16 2
16 2
16 2
16 2
18 2
16 2
9 2
9 2
9 2
9 2
9 2
9 2
9 2
16 4
16 2
16 2
16 2
16 2
16 2
16 2
16 2
18 2
18 2
18 2
18 2
18 2
18 2
18 2
13 4
13 2
13 2
13 2
13 2
13 2
13 2
13 2
14 2
14 2
14 2
14 2
14 2
14 2
14 2
13 4
13 2
13 2
13 2
13 2
13 2
13 2
13 2
11 2
11 2
11 2
11 2
16 2
16 2
16 2
9 4
9 2
9 2
9 2
9 2
9 2
9 2
9 4
20 2
18 2
16 2
14 2
13 2
11 2
16 2
9 2
9 2
9 2
9 2
9 2
9 2
9 2
16 4
16 2
16 2
16 2
16 2
16 2
16 2
16 2
18 2
18 2
18 2
18 2
18 2
18 2
18 2
13 4
13 2
13 2
13 2
13 2
13 2
13 2
13 2
14 2
14 2
14 2
14 2
14 2
14 2
14 2
13 4
13 2
13 2
13 2
13 2
13 2
13 2
13 2
11 2
11 2
11 2
11 2
11 2
11 2
11 2
16 4
16 2
16 2
16 2
16 2
16 2
18 2
16 2
9 2
9 2
9 2
9 2
9 2
9 2
9 2
16 4
16 2
16 2
16 2
16 2
16 2
16 2
16 2
18 2
18 2
18 2
18 2
18 2
18 2
18 2
13 4
13 2
13 2
13 2
13 2
13 2
13 2
13 2
E
S
L
9 2
9 2
9 2
9 2
9 2
9 2
9 2
9 4
21 2
9 2
9 2
9 2
9 2
9 2
8 4
8 2
8 2
8 2
8 2
8 2
8 2
8 4
20 2
8 2
8 2
8 2
8 2
8 2
6 4
6 2
6 2
6 2
6 2
18 2
6 2
4 4
4 2
4 2
4 2
4 2
16 2
4 2
14 4
14 2
14 2
14 2
14 2
14 2
26 2
11 4
11 2
11 2
11 2
16 2
16 2
16 2
9 4
9 2
9 2
9 2
9 2
9 2
9 2
9 4
20 2
18 2
16 2
14 2
13 2
11 2
16 2
9 2
9 2
9 2
9 2
9 2
9 2
9 2
16 4
16 2
16 2
16 2
16 2
16 2
16 2
16 2
18 2
18 2
18 2
18 2
18 2
18 2
18 2
13 4
13 2
13 2
13 2
13 2
13 2
13 2
13 2
14 2
14 2
14 2
14 2
14 2
14 2
14 2
13 4
13 2
13 2
13 2
13 2
13 2
13 2
13 2
11 2
11 2
11 2
11 2
11 2
11 2
11 2
16 4
16 2
16 2
16 2
16 2
16 2
18 2
16 2
9 2
9 2
9 2
9 2
9 2
9 2
9 2
16 4
16 2
16 2
16 2
16 2
16 2
16 2
16 2
18 2
18 2
18 2
18 2
18 2
18 2
18 2
13 4
13 2
13 2
13 2
13 2
13 2
13 2
13 2
14 2
14 2
14 2
14 2
14 2
14 2
14 2
13 4
13 2
13 2
13 2
13 2
13 2
13 2
13 2
11 2
11 2
11 2
11 2
11 2
11 2
11 2
16 4
16 2
16 2
16 2
16 2
16 2
16 2
18 4
18 2
18 2
18 2
18 2
18 2
18 2
16 4
16 2
16 2
16 2
16 2
16 2
16 2
14 4
14 2
14 2
14 2
14 2
14 2
14 2
16 4
16 2
16 2
16 2
16 2
16 2
16 2
18 4
18 2
18 2
18 2
18 2
18 2
18 2
16 4
16 2
16 2
16 2
16 2
16 2
16 2
14 4
14 2
14 2
14 2
14 2
14 2
14 2
16 4
16 2
16 2
16 2
16 2
16 2
18 2
16 2
9 2
9 2
9 2
9 2
9 2
9 2
9 2
16 4
16 2
16 2
16 2
16 2
16 2
16 2
16 2
18 2
18 2
18 2
18 2
18 2
18 2
18 2
13 4
13 2
13 2
13 2
13 2
13 2
13 2
13 2
14 2
14 2
14 2
14 2
14 2
14 2
14 2
13 4
13 2
13 2
13 2
13 2
13 2
13 2
13 2
11 2
11 2
11 2
11 2
11 2
11 2
11 2
16 4
16 2
16 2
16 2
16 2
16 2
18 2
16 2
9 2
9 2
9 2
9 2
9 2
9 2
9 2
16 4
16 2
16 2
16 2
16 2
16 2
16 2
16 2
18 2
18 2
18 2
18 2
18 2
18 2
18 2
13 4
13 2
13 2
13 2
13 2
13 2
13 2
13 2
14 2
14 2
14 2
14 2
14 2
14 2
14 2
13 4
13 2
13 2
13 2
13 2
13 2
13 2
13 2
11 2
11 2
11 2
11 2
16 2
16 2
16 2
9 4
9 2
9 2
9 2
9 2
9 2
9 2
9 4
20 2
18 2
16 2
14 2
13 2
11 2
16 2
9 2
9 2
9 2
9 2
9 2
9 2
9 2
16 4
16 2
16 2
16 2
16 2
16 2
16 2
16 2
18 2
18 2
18 2
18 2
18 2
18 2
18 2
13 4
13 2
13 2
13 2
13 2
13 2
13 2
13 2
14 2
14 2
14 2
14 2
14 2
14 2
14 2
13 4
13 2
13 2
13 2
13 2
13 2
13 2
13 2
11 2
11 2
11 2
11 2
11 2
11 2
11 2
16 4
16 2
16 2
16 2
16 2
16 2
18 2
16 2
9 2
9 2
9 2
9 2
9 2
9 2
9 2
16 4
16 2
16 2
16 2
16 2
16 2
16 2
16 2
18 2
18 2
18 2
18 2
18 2
18 2
18 2
13 4
13 2
13 2
13 2
13 2
13 2
13 2
13 2
14 2
14 2
14 2
14 2
14 2
14 2
14 2
13 4
13 2
13 2
13 2
13 2
13 2
13 2
13 2
11 2
11 2
11 2
11 2
11 2
11 2
11 2
16 4
16 2
16 2
16 2
16 2
16 2
16 2
18 4
18 2
18 2
18 2
18 2
18 2
18 2
16 4
16 2
16 2
16 2
16 2
16 2
16 2
14 4
14 2
14 2
14 2
14 2
14 2
14 2
16 4
16 2
16 2
16 2
16 2
16 2
16 2
18 4
18 2
18 2
18 2
18 2
18 2
18 2
16 4
16 2
16 2
16 2
16 2
16 2
16 2
14 4
14 2
14 2
14 2
14 2
14 2
14 2
16 4
16 2
16 2
16 2
16 2
16 2
18 2
16 2
9 2
9 2
9 2
9 2
9 2
9 2
9 2
16 4
16 2
16 2
16 2
16 2
16 2
16 2
16 2
18 2
18 2
18 2
18 2
18 2
18 2
18 2
13 4
13 2
13 2
13 2
13 2
13 2
13 2
13 2
14 2
14 2
14 2
14 2
14 2
14 2
14 2
13 4
13 2
13 2
13 2
13 2
13 2
13 2
13 2
11 2
11 2
11 2
11 2
11 2
11 2
11 2
16 4
16 2
16 2
16 2
16 2
16 2
18 2
16 2
9 2
9 2
9 2
9 2
9 2
9 2
9 2
16 4
16 2
16 2
16 2
16 2
16 2
16 2
16 2
18 2
18 2
18 2
18 2
18 2
18 2
18 2
13 4
13 2
13 2
13 2
13 2
13 2
13 2
13 2
14 2
14 2
14 2
14 2
14 2
14 2
14 2
13 4
13 2
13 2
13 2
13 2
13 2
13 2
13 2
11 2
11 2
11 2
11 2
16 2
16 2
16 2
9 4
9 2
9 2
9 2
9 2
9 2
9 2
9 4
20 2
18 2
16 2
14 2
13 2
11 2
16 2
9 2
9 2
9 2
9 2
9 2
9 2
9 2
16 4
16 2
16 2
16 2
16 2
16 2
16 2
16 2
18 2
18 2
18 2
18 2
18 2
18 2
18 2
13 4
13 2
13 2
13 2
13 2
13 2
13 2
13 2
14 2
14 2
14 2
14 2
14 2
14 2
14 2
13 4
13 2
13 2
13 2
13 2
13 2
13 2
13 2
11 2
11 2
11 2
11 2
11 2
11 2
11 2
16 4
16 2
16 2
16 2
16 2
16 2
18 2
16 2
9 2
9 2
9 2
9 2
9 2
9 2
9 2
16 4
16 2
16 2
16 2
16 2
16 2
16 2
16 2
18 2
18 2
18 2
18 2
18 2
18 2
18 2
13 4
13 2
13 2
13 2
13 2
13 2
13 2
13 2
14 2
14 2
14 2
14 2
14 2
14 2
14 2
13 4
13 2
13 2
13 2
13 2
13 2
13 2
13 2
11 2
11 2
11 2
11 2
11 2
11 2
11 2
16 4
16 2
16 2
16 2
16 2
16 2
16 2
18 4
18 2
18 2
18 2
18 2
18 2
18 2
16 4
16 2
16 2
16 2
16 2
16 2
16 2
14 4
14 2
14 2
14 2
14 2
14 2
14 2
16 4
16 2
16 2
16 2
16 2
16 2
16 2
18 4
18 2
18 2
18 2
18 2
18 2
18 2
16 4
16 2
16 2
16 2
16 2
16 2
16 2
14 4
14 2
14 2
14 2
14 2
14 2
14 2
16 4
16 2
16 2
16 2
16 2
16 2
18 2
16 2
9 2
9 2
9 2
9 2
9 2
9 2
9 2
16 4
16 2
16 2
16 2
16 2
16 2
16 2
16 2
18 2
18 2
18 2
18 2
18 2
18 2
18 2
13 4
13 2
13 2
13 2
13 2
13 2
13 2
13 2
14 2
14 2
14 2
14 2
14 2
14 2
14 2
13 4
13 2
13 2
13 2
13 2
13 2
13 2
13 2
11 2
11 2
11 2
11 2
11 2
11 2
11 2
16 4
16 2
16 2
16 2
16 2
16 2
18 2
16 2
9 2
9 2
9 2
9 2
9 2
9 2
9 2
16 4
16 2
16 2
16 2
16 2
16 2
16 2
16 2
18 2
18 2
18 2
18 2
18 2
18 2
18 2
13 4
13 2
13 2
13 2
13 2
13 2
13 2
13 2
14 2
14 2
14 2
14 2
14 2
14 2
14 2
13 4
13 2
13 2
13 2
13 2
13 2
13 2
13 2
11 2
11 2
11 2
11 2
16 2
16 2
16 2
9 4
9 2
9 2
9 2
9 2
9 2
9 2
9 4
20 2
18 2
16 2
14 2
13 2
11 2
16 2
9 2
9 2
9 2
9 2
9 2
9 2
9 2
16 4
16 2
16 2
16 2
16 2
16 2
16 2
16 2
18 2
18 2
18 2
18 2
18 2
18 2
18 2
13 4
13 2
13 2
13 2
13 2
13 2
13 2
13 2
14 2
14 2
14 2
14 2
14 2
14 2
14 2
13 4
13 2
13 2
13 2
13 2
13 2
13 2
13 2
11 2
11 2
11 2
11 2
11 2
11 2
11 2
16 4
16 2
16 2
16 2
16 2
16 2
18 2
16 2
9 2
9 2
9 2
9 2
9 2
9 2
9 2
16 4
16 2
16 2
16 2
16 2
16 2
16 2
16 2
18 2
18 2
18 2
18 2
18 2
18 2
18 2
13 4
13 2
13 2
13 2
13 2
13 2
13 2
13 2
14 2
14 2
14 2
14 2
14 2
14 2
14 2
13 4
13 2
13 2
13 2
13 2
13 2
13 2
13 2
11 2
11 2
11 2
11 2
11 2
11 2
11 2
16 4
16 2
16 2
16 2
16 2
16 2
16 2
18 4
18 2
18 2
18 2
18 2
18 2
18 2
16 4
16 2
16 2
16 2
16 2
16 2
16 2
14 4
14 2
14 2
14 2
14 2
14 2
14 2
16 4
16 2
16 2
16 2
16 2
16 2
16 2
18 4
18 2
18 2
18 2
18 2
18 2
18 2
16 4
16 2
16 2
16 2
16 2
16 2
16 2
14 4
14 2
14 2
14 2
14 2
14 2
14 2
16 4
16 2
16 2
16 2
16 2
16 2
18 2
16 2
9 2
9 2
9 2
9 2
9 2
9 2
9 2
16 4
16 2
16 2
16 2
16 2
16 2
16 2
16 2
18 2
18 2
18 2
18 2
18 2
18 2
18 2
13 4
13 2
13 2
13 2
13 2
13 2
13 2
13 2
14 2
14 2
14 2
14 2
14 2
14 2
14 2
13 4
13 2
13 2
13 2
13 2
13 2
13 2
13 2
11 2
11 2
11 2
11 2
11 2
11 2
11 2
16 4
16 2
16 2
16 2
16 2
16 2
18 2
16 2
9 2
9 2
9 2
9 2
9 2
9 2
9 2
16 4
16 2
16 2
16 2
16 2
16 2
16 2
16 2
18 2
18 2
18 2
18 2
18 2
18 2
18 2
13 4
13 2
13 2
13 2
13 2
13 2
13 2
13 2
14 2
14 2
14 2
14 2
14 2
14 2
14 2
13 4
13 2
13 2
13 2
13 2
13 2
13 2
13 2
11 2
11 2
11 2
11 2
16 2
16 2
16 2
9 4
9 2
9 2
9 2
9 2
9 2
9 2
9 4
20 2
18 2
16 2
14 2
13 2
11 2
16 2
9 2
9 2
9 2
9 2
9 2
9 2
9 2
16 4
16 2
16 2
16 2
16 2
16 2
16 2
16 2
18 2
18 2
18 2
18 2
18 2
18 2
18 2
13 4
13 2
13 2
13 2
13 2
13 2
13 2
13 2
14 2
14 2
14 2
14 2
14 2
14 2
14 2
13 4
13 2
13 2
13 2
13 2
13 2
13 2
13 2
11 2
11 2
11 2
11 2
11 2
11 2
11 2
16 4
16 2
16 2
16 2
16 2
16 2
18 2
16 2
9 2
9 2
9 2
9 2
9 2
9 2
9 2
16 4
16 2
16 2
16 2
16 2
16 2
16 2
16 2
18 2
18 2
18 2
18 2
18 2
18 2
18 2
13 4
13 2
13 2
13 2
13 2
13 2
13 2
13 2
E
S
H
45 2
52 2
57 2
45 2
52 2
57 2
45 2
52 2
57 2
45 2
52 2
57 2
45 2
52 2
57 2
45 2
44 2
52 2
56 2
44 2
52 2
56 2
44 2
52 2
56 2
44 2
52 2
56 2
44 2
52 2
56 2
44 2
45 2
54 2
57 2
45 2
54 2
57 2
45 2
54 2
44 2
52 2
56 2
44 2
52 2
56 2
44 2
52 2
45 2
50 2
57 2
45 2
50 2
57 2
45 2
50 2
44 2
52 2
56 2
44 2
52 2
56 2
44 2
52 2
45 2
52 2
57 2
45 2
52 2
57 2
45 2
52 2
44 0
47 2
52 0
72 0
56 2
47 0
72 0
52 2
56 0
59 2
52 0
56 2
59 0
72 0
157 2
59 0
72 0
64 2
68 0
69 2
72 12
69 2
68 2
66 3
72 12
62 2
64 2
62 3
72 12
59 2
61 2
62 3
72 14
69 2
68 2
66 3
72 12
62 2
64 2
62 3
72 12
59 2
61 2
62 3
72 9
64 4
72 11
69 6
66 4
68 7
64 6
72 7
66 6
62 4
64 7
68 6
72 7
69 6
66 4
68 7
61 6
72 7
66 6
68 4
72 2
47 2
52 2
56 0
72 0
52 2
56 2
59 2
56 0
59 2
64 0
59 2
64 0
72 0
68 2
64 0
72 0
68 0
72 0
71 0
61 2
72 12
69 2
68 2
66 3
72 12
62 2
64 2
62 3
72 12
59 2
61 2
62 3
72 9
64 4
72 13
69 2
68 2
66 3
72 12
62 2
64 2
62 3
72 12
59 2
61 2
62 3
72 9
64 4
72 6
57 4
72 4
44 0
47 2
52 0
72 0
56 2
47 0
72 0
52 2
56 0
59 2
52 0
56 2
59 0
72 0
157 2
59 0
72 0
64 2
68 0
69 2
72 12
69 2
68 2
66 3
72 12
62 2
64 2
62 3
72 12
59 2
61 2
62 3
72 14
69 2
68 2
66 3
72 12
62 2
64 2
62 3
72 12
59 2
61 2
62 3
72 9
64 4
72 11
69 6
66 4
68 7
64 6
72 7
66 6
62 4
64 7
68 6
72 7
69 6
66 4
68 7
61 6
72 7
66 6
68 4
72 2
47 2
52 2
56 0
72 0
52 2
56 2
59 2
56 0
59 2
64 0
59 2
64 0
72 0
68 2
64 0
72 0
68 0
72 0
71 0
61 2
72 12
69 2
68 2
66 3
72 12
62 2
64 2
62 3
72 12
59 2
61 2
62 3
72 9
64 4
72 13
69 2
68 2
66 3
72 12
62 2
64 2
62 3
72 12
59 2
61 2
62 3
72 9
64 4
72 6
57 4
72 4
44 0
47 2
52 0
72 0
56 2
47 0
72 0
52 2
56 0
59 2
52 0
56 2
59 0
72 0
157 2
59 0
72 0
64 2
68 0
69 2
72 12
69 2
68 2
66 3
72 12
62 2
64 2
62 3
72 12
59 2
61 2
62 3
72 14
69 2
68 2
66 3
72 12
62 2
64 2
62 3
72 12
59 2
61 2
62 3
72 9
64 4
72 11
69 6
66 4
68 7
64 6
72 7
66 6
62 4
64 7
68 6
72 7
69 6
66 4
68 7
61 6
72 7
66 6
68 4
72 2
47 2
52 2
56 0
72 0
52 2
56 2
59 2
56 0
59 2
64 0
59 2
64 0
72 0
68 2
64 0
72 0
68 0
72 0
71 0
61 2
72 12
69 2
68 2
66 3
72 12
62 2
64 2
62 3
72 12
59 2
61 2
62 3
72 9
64 4
72 13
69 2
68 2
66 3
72 12
62 2
64 2
62 3
72 12
59 2
61 2
62 3
72 9
64 4
72 6
57 4
72 4
44 0
47 2
52 0
72 0
56 2
47 0
72 0
52 2
56 0
59 2
52 0
56 2
59 0
72 0
157 2
59 0
72 0
64 2
68 0
69 2
72 12
69 2
68 2
66 3
72 12
62 2
64 2
62 3
72 12
59 2
61 2
62 3
72 14
69 2
68 2
66 3
72 12
62 2
64 2
62 3
72 12
59 2
61 2
62 3
72 9
64 4
72 11
69 6
66 4
68 7
64 6
72 7
66 6
62 4
64 7
68 6
72 7
69 6
66 4
68 7
61 6
72 7
66 6
68 4
72 2
47 2
52 2
56 0
72 0
52 2
56 2
59 2
56 0
59 2
64 0
59 2
64 0
72 0
68 2
64 0
72 0
68 0
72 0
71 0
61 2
72 12
69 2
68 2
66 3
72 12
62 2
64 2
62 3
72 12
59 2
61 2
62 3
72 9
64 4
72 13
69 2
68 2
66 3
72 12
62 2
64 2
62 3
72 12
59 2
61 2
62 3
72 9
64 4
72 6
57 4
72 4
44 0
47 2
52 0
72 0
56 2
47 0
72 0
52 2
56 0
59 2
52 0
56 2
59 0
72 0
157 2
59 0
72 0
64 2
68 0
69 2
72 12
69 2
68 2
66 3
72 12
62 2
64 2
62 3
72 12
59 2
61 2
62 3
72 14
69 2
68 2
66 3
72 12
62 2
64 2
E
S
H
72 2
45 2
52 2
57 2
45 2
52 2
57 2
45 2
52 2
57 2
45 2
52 2
57 2
45 2
52 2
57 2
45 2
44 2
52 2
56 2
44 2
52 2
56 2
44 2
52 2
56 2
44 2
52 2
56 2
44 2
52 2
56 2
44 2
45 2
54 2
57 2
45 2
54 2
57 2
45 2
54 2
44 2
52 2
56 2
44 2
52 2
56 2
44 2
52 2
45 2
50 2
57 2
45 2
50 2
57 2
45 2
50 2
44 2
52 2
56 2
44 2
52 2
56 2
44 2
52 2
45 2
52 2
57 2
45 2
52 2
57 2
45 2
52 2
44 0
72 0
47 2
52 0
72 0
56 2
47 0
52 2
56 0
59 2
52 0
72 0
56 2
59 0
72 0
157 2
59 0
64 2
68 0
69 2
72 12
69 2
68 2
66 3
72 12
62 2
64 2
62 3
72 12
59 2
61 2
62 3
72 14
69 2
68 2
66 3
72 12
62 2
64 2
62 3
72 12
59 2
61 2
62 3
72 9
64 4
72 11
69 6
66 4
68 7
64 6
72 7
66 6
62 4
64 7
68 6
72 7
69 6
66 4
68 7
61 6
72 7
66 6
68 4
72 2
47 2
52 2
56 0
72 0
52 2
56 2
59 2
56 0
59 2
64 0
72 0
59 2
64 0
72 0
68 2
64 0
68 0
72 0
71 0
61 2
72 12
69 2
68 2
66 3
72 12
62 2
64 2
62 3
72 12
59 2
61 2
62 3
72 9
64 4
72 13
69 2
68 2
66 3
72 12
62 2
64 2
62 3
72 12
59 2
61 2
62 3
72 9
64 4
72 6
57 4
72 4
44 0
72 0
47 2
52 0
72 0
56 2
47 0
52 2
56 0
59 2
52 0
72 0
56 2
59 0
72 0
157 2
59 0
64 2
68 0
69 2
72 12
69 2
68 2
66 3
72 12
62 2
64 2
62 3
72 12
59 2
61 2
62 3
72 14
69 2
68 2
66 3
72 12
62 2
64 2
62 3
72 12
59 2
61 2
62 3
72 9
64 4
72 11
69 6
66 4
68 7
64 6
72 7
66 6
62 4
64 7
68 6
72 7
69 6
66 4
68 7
61 6
72 7
66 6
68 4
72 2
47 2
52 2
56 0
72 0
52 2
56 2
59 2
56 0
59 2
64 0
72 0
59 2
64 0
72 0
68 2
64 0
68 0
72 0
71 0
61 2
72 12
69 2
68 2
66 3
72 12
62 2
64 2
62 3
72 12
59 2
61 2
62 3
72 9
64 4
72 13
69 2
68 2
66 3
72 12
62 2
64 2
62 3
72 12
59 2
61 2
62 3
72 9
64 4
72 6
57 4
72 4
44 0
72 0
47 2
52 0
72 0
56 2
47 0
52 2
56 0
59 2
52 0
72 0
56 2
59 0
72 0
157 2
59 0
64 2
68 7
69 7
72 12
69 2
68 2
66 3
72 12
62 2
64 2
62 3
72 12
59 2
61 2
62 3
72 14
69 2
68 2
66 3
72 12
62 2
64 2
62 3
72 12
59 2
61 2
62 3
72 9
64 4
72 11
69 6
66 4
68 7
64 6
72 7
66 6
62 4
64 7
68 6
72 7
69 6
66 4
68 7
61 6
72 7
66 6
68 4
72 2
47 2
52 2
56 0
72 0
52 2
56 2
59 2
56 0
59 2
64 0
72 0
59 2
64 0
72 0
68 2
64 0
68 0
72 0
71 0
61 2
72 12
69 2
68 2
66 3
72 12
62 2
64 2
62 3
72 12
59 2
61 2
62 3
72 9
64 4
72 13
69 2
68 2
66 3
72 12
62 2
64 2
62 3
72 12
59 2
61 2
62 3
72 9
64 4
72 6
57 4
72 4
44 0
72 0
47 2
52 0
72 0
56 2
47 0
52 2
56 0
59 2
52 0
72 0
56 2
59 0
72 0
157 2
59 0
64 2
68 0
69 2
72 12
69 2
68 2
66 3
72 12
62 2
64 2
62 3
72 12
59 2
61 2
62 3
72 14
69 2
68 2
66 3
72 12
62 2
64 2
62 3
72 12
59 2
61 2
62 3
72 9
64 4
72 11
69 6
66 4
68 7
64 6
72 7
66 6
62 4
64 7
68 6
72 7
69 6
66 4
68 7
61 6
72 7
66 6
68 4
72 2
47 2
52 2
56 0
72 0
52 2
56 2
59 2
56 0
59 2
64 0
72 0
59 2
64 0
72 0
68 2
64 0
68 0
72 0
71 0
61 2
72 12
69 2
68 2
66 3
72 12
62 2
64 2
62 3
72 12
59 2
61 2
62 3
72 9
64 4
72 13
69 2
68 2
66 3
72 12
62 2
64 2
62 3
72 12
59 2
61 2
62 3
72 9
64 4
72 6
57 4
72 4
44 0
72 0
47 2
52 0
72 0
56 2
47 0
52 2
56 0
59 2
52 0
72 0
56 2
59 0
72 0
157 2
59 0
64 2
68 7
69 7
72 12
69 2
68 2
66 3
72 12
62 2
64 2
62 3
72 12
59 2
61 2
62 3
72 14
69 2
68 2
66 3
72 12
62 2
E
S
H
49 12
52 2
57 2
72 2
47 13
42 8
44 6
45 8
47 6
49 8
47 6
50 8
49 6
52 11
72 11
57 10
56 11
72 2
54 10
52 11
72 2
50 10
49 11
72 2
47 10
52 11
72 2
57 10
56 11
72 2
54 10
52 11
72 2
50 10
49 11
72 2
47 10
52 11
72 2
57 10
56 11
54 11
56 6
59 8
57 10
59 11
62 11
72 2
64 6
59 8
57 10
56 11
72 2
54 10
52 11
72 2
50 10
49 11
72 2
47 10
52 11
72 2
57 10
56 11
72 2
61 10
66 11
72 2
62 10
61 11
72 2
59 7
56 6
64 11
72 11
57 10
56 11
72 2
54 10
52 11
72 2
50 10
49 11
72 2
47 10
52 11
72 2
57 10
56 11
72 2
54 10
52 11
72 2
50 10
49 11
72 2
47 10
52 11
72 2
57 10
56 11
54 11
56 6
59 8
57 10
59 11
62 11
72 2
64 6
59 8
57 10
56 11
72 2
54 10
52 11
72 2
50 10
49 11
72 2
47 10
52 11
72 2
57 10
56 11
72 2
61 10
66 11
72 2
62 10
61 11
72 2
59 7
56 6
64 11
72 11
57 10
56 11
72 2
54 10
52 11
72 2
50 10
49 11
72 2
47 10
52 11
72 2
57 10
56 11
72 2
54 10
52 11
72 2
50 10
49 11
72 2
47 10
52 11
72 2
57 10
56 11
54 11
56 6
59 8
57 10
59 11
62 11
72 2
64 6
59 8
57 10
56 11
72 2
54 10
52 11
72 2
50 10
49 11
72 2
47 10
52 11
72 2
57 10
56 11
72 2
61 10
66 11
72 2
62 10
61 11
72 2
59 7
56 6
64 11
72 11
57 10
56 11
72 2
54 10
52 11
72 2
50 10
49 11
72 2
47 10
52 11
72 2
57 10
56 11
72 2
54 10
52 11
72 2
50 10
49 11
72 2
47 10
52 11
72 2
57 10
56 11
54 11
56 6
59 8
57 10
59 11
62 11
72 2
64 6
59 8
57 10
56 11
72 2
54 10
52 11
72 2
50 10
49 11
72 2
47 10
52 11
72 2
57 10
56 11
72 2
61 10
66 11
72 2
62 10
61 11
72 2
59 7
56 6
64 11
72 11
57 10
56 11
72 2
54 10
52 11
72 2
50 10
49 11
72 2
47 10
52 11
72 2
57 10
56 11
72 2
54 10
52 11
E
X
