major
S
H
72 14
40 2
45 2
47 2
49 10
72 3
50 4
49 4
47 4
45 4
47 5
72 0
49 10
72 6
40 2
45 2
47 2
49 10
72 3
50 4
49 4
47 4
45 4
47 7
49 7
50 7
52 7
52 5
72 0
50 5
72 0
45 9
42 4
45 4
52 5
72 0
50 5
72 0
45 8
72 1
50 7
50 5
72 0
49 12
72 13
40 2
45 2
47 2
49 10
72 3
50 4
49 4
47 4
45 4
47 5
72 0
49 10
72 6
40 2
45 2
47 2
49 10
72 3
50 4
49 4
47 4
45 4
47 7
49 7
50 7
52 7
52 5
72 0
50 5
72 0
45 9
42 4
45 4
52 5
72 0
50 5
72 0
45 8
72 1
50 7
50 5
72 0
49 12
72 14
49 10
72 3
50 4
49 4
47 4
45 4
47 5
72 0
49 10
72 6
40 2
45 2
47 2
49 10
72 3
50 4
49 4
47 4
45 4
47 7
49 7
50 7
52 7
52 5
72 0
50 5
72 0
45 9
42 4
45 4
52 5
72 0
50 5
72 0
45 8
72 1
50 7
50 5
72 0
49 12
72 13
40 2
45 2
47 2
49 10
72 3
50 4
49 4
47 4
45 4
47 5
72 0
49 10
72 6
40 2
45 2
47 2
49 10
72 3
50 4
49 4
47 4
45 4
47 7
49 7
50 7
52 7
52 5
72 0
50 5
72 0
45 9
42 4
45 4
52 5
72 0
50 5
72 0
45 8
72 1
50 7
50 5
72 0
49 12
72 14
49 10
72 3
50 4
49 4
47 4
45 4
47 5
72 0
49 10
72 6
40 2
45 2
47 2
49 10
72 3
50 4
49 4
47 4
45 4
47 7
49 7
50 7
52 7
52 5
72 0
50 5
72 0
45 9
42 4
45 4
52 5
72 0
50 5
72 0
45 8
72 1
50 7
50 5
72 0
49 12
72 13
40 2
45 2
47 2
E
S
H
72 14
40 2
45 2
47 2
49 10
72 2
50 4
49 4
47 4
45 4
47 6
49 10
72 6
40 2
45 2
47 2
49 10
72 2
50 4
49 4
47 4
45 4
47 7
49 7
50 7
52 7
52 6
50 6
45 9
42 4
45 4
52 5
72 0
50 6
45 9
50 7
50 5
72 0
49 12
72 13
40 2
45 2
47 2
49 10
72 2
50 4
49 4
47 4
45 4
47 6
49 10
72 6
40 2
45 2
47 2
49 10
72 2
50 4
49 4
47 4
45 4
47 7
49 7
50 7
52 7
52 6
50 6
45 9
42 4
45 4
52 5
72 0
50 6
45 9
50 7
50 5
72 0
49 12
72 14
45 2
47 2
49 10
72 2
50 4
49 4
47 4
45 4
47 6
49 10
72 6
40 2
45 2
47 2
49 10
72 2
50 4
49 4
47 4
45 4
47 7
49 7
50 7
52 7
52 6
50 6
45 9
42 4
45 4
52 5
72 0
50 6
45 9
50 7
50 5
72 0
49 12
72 13
40 2
45 2
47 2
49 10
72 2
50 4
49 4
47 4
45 4
47 6
49 10
72 6
40 2
45 2
47 2
49 10
72 2
50 4
49 4
47 4
45 4
47 7
49 7
50 7
52 7
52 6
50 6
45 9
42 4
45 4
52 5
72 0
50 6
45 9
50 7
50 5
72 0
49 12
72 14
45 2
47 2
49 10
72 2
50 4
49 4
47 4
45 4
47 6
49 10
72 6
40 2
45 2
47 2
49 10
72 2
50 4
49 4
47 4
45 4
47 7
49 7
50 7
52 7
52 6
50 6
45 9
42 4
45 4
52 5
72 0
50 6
45 9
50 7
50 5
72 0
49 12
72 13
40 2
E
S
L
21 9
21 2
21 2
21 7
16 7
25 4
25 2
25 2
16 4
16 2
16 2
21 4
21 2
21 2
25 2
21 2
16 2
21 2
9 4
21 2
21 2
9 4
21 2
72 2
9 4
21 2
21 2
9 4
21 2
72 2
9 4
21 2
21 2
9 4
21 2
72 2
9 4
21 2
21 2
9 4
21 2
72 2
9 4
21 2
21 2
9 4
21 2
72 2
9 4
21 2
21 2
9 4
21 2
72 2
9 4
21 2
21 2
9 4
21 2
72 2
16 2
14 2
13 2
9 2
4 2
9 2
11 4
9 4
9 2
9 2
9 4
21 4
9 4
21 4
9 2
9 2
9 4
9 4
9 2
9 2
9 4
21 4
9 4
21 4
9 2
9 2
21 4
7 4
7 2
7 2
7 4
19 4
7 4
19 4
7 2
7 2
7 4
7 4
7 2
7 2
7 4
19 4
7 4
19 4
7 2
7 2
19 4
14 4
14 2
14 2
14 4
26 4
14 4
26 4
14 2
14 2
14 4
14 4
14 2
14 2
14 4
26 4
14 4
26 4
14 2
14 2
26 4
9 4
9 2
9 2
9 4
21 4
9 4
21 4
9 2
9 2
9 4
9 4
9 2
9 2
9 4
21 4
9 4
21 4
9 2
9 2
21 4
9 4
9 2
9 2
9 4
21 4
9 4
21 4
9 2
9 2
9 4
9 4
9 2
9 2
9 4
21 4
9 4
21 4
9 2
9 2
21 4
7 4
7 2
7 2
7 4
19 4
7 4
19 4
7 2
7 2
7 4
7 4
7 2
7 2
7 4
19 4
7 4
19 4
7 2
7 2
19 4
14 4
14 2
14 2
14 4
26 4
14 4
26 4
14 2
14 2
14 4
14 4
14 2
14 2
14 4
26 4
14 4
26 4
14 2
14 2
26 4
9 4
9 2
9 2
9 4
21 4
9 4
21 4
9 2
9 2
9 4
9 4
9 2
9 2
9 4
21 4
9 4
21 4
9 2
9 2
21 4
9 4
21 2
21 2
9 4
21 2
21 2
9 4
21 2
21 2
9 4
21 2
21 2
9 4
21 2
21 2
9 4
21 2
21 2
9 4
21 2
21 2
9 4
21 2
21 2
7 4
19 2
19 2
7 4
19 2
19 2
7 4
19 2
19 2
7 4
19 2
19 2
7 4
19 2
19 2
7 4
19 2
19 2
7 4
19 2
19 2
7 4
19 2
19 2
14 4
26 2
26 2
14 4
26 2
26 2
14 4
26 2
26 2
14 4
26 2
26 2
14 4
26 2
26 2
14 4
26 2
26 2
14 4
26 2
26 2
14 4
26 2
26 2
9 4
21 2
21 2
9 4
21 2
21 2
9 4
21 2
21 2
9 4
21 2
21 2
9 4
21 2
21 2
9 4
21 2
21 2
9 4
21 2
21 2
9 4
21 2
21 2
9 4
21 2
21 2
9 4
21 2
21 2
9 4
21 2
21 2
9 4
21 2
21 2
9 4
21 2
21 2
9 4
21 2
21 2
9 4
21 2
21 2
9 4
21 2
21 2
7 4
19 2
19 2
7 4
19 2
19 2
7 4
19 2
19 2
7 4
19 2
19 2
7 4
19 2
19 2
7 4
19 2
19 2
7 4
19 2
19 2
7 4
19 2
19 2
14 4
26 2
26 2
14 4
26 2
26 2
14 4
26 2
26 2
14 4
26 2
26 2
14 4
26 2
26 2
14 4
26 2
26 2
14 4
26 2
26 2
14 4
26 2
26 2
9 4
21 2
21 2
9 4
21 2
21 2
9 4
21 2
21 2
9 4
21 2
21 2
9 4
21 2
21 2
9 4
21 2
21 2
9 4
21 2
21 2
9 4
21 2
21 2
9 4
9 2
9 2
9 4
21 4
9 4
21 4
9 2
9 2
9 4
9 4
9 2
9 2
9 4
21 4
9 4
21 4
9 2
9 2
21 4
7 4
7 2
7 2
7 4
19 4
7 4
19 4
7 2
7 2
7 4
7 4
7 2
7 2
7 4
19 4
7 4
19 4
7 2
7 2
19 4
14 4
14 2
14 2
14 4
26 4
14 4
26 4
14 2
14 2
14 4
14 4
14 2
14 2
14 4
26 4
14 4
26 4
14 2
14 2
26 4
9 4
9 2
9 2
9 4
21 4
9 4
21 4
9 2
9 2
9 4
9 4
9 2
9 2
9 4
21 4
9 4
21 4
9 2
9 2
21 4
9 4
9 2
9 2
9 4
21 4
9 4
21 4
9 2
9 2
9 4
9 4
9 2
9 2
9 4
21 4
9 4
21 4
9 2
9 2
21 4
7 4
7 2
7 2
7 4
19 4
7 4
19 4
7 2
7 2
7 4
7 4
7 2
7 2
7 4
19 4
7 4
19 4
7 2
7 2
19 4
14 4
14 2
14 2
14 4
26 4
14 4
26 4
14 2
14 2
14 4
14 4
14 2
14 2
14 4
26 4
14 4
26 4
14 2
14 2
26 4
9 4
9 2
9 2
9 4
21 4
9 4
21 4
9 2
9 2
9 4
9 4
9 2
9 2
9 4
21 4
9 4
21 4
9 2
9 2
21 4
9 4
21 2
21 2
9 4
21 2
21 2
9 4
21 2
21 2
9 4
21 2
21 2
9 4
21 2
21 2
9 4
21 2
21 2
9 4
21 2
21 2
9 4
21 2
21 2
7 4
19 2
19 2
7 4
19 2
19 2
7 4
19 2
19 2
7 4
19 2
19 2
7 4
19 2
19 2
7 4
19 2
19 2
7 4
19 2
19 2
7 4
19 2
19 2
14 4
26 2
26 2
14 4
26 2
26 2
14 4
26 2
26 2
14 4
26 2
26 2
14 4
26 2
26 2
14 4
26 2
26 2
14 4
26 2
26 2
14 4
26 2
26 2
9 4
21 2
21 2
9 4
21 2
21 2
9 4
21 2
21 2
9 4
21 2
21 2
9 4
21 2
21 2
9 4
21 2
21 2
9 4
21 2
21 2
9 4
21 2
21 2
9 4
21 2
21 2
9 4
21 2
21 2
9 4
21 2
21 2
9 4
21 2
21 2
9 4
21 2
21 2
9 4
21 2
21 2
9 4
21 2
21 2
9 4
21 2
21 2
7 4
19 2
19 2
7 4
19 2
19 2
7 4
19 2
19 2
7 4
19 2
19 2
7 4
19 2
19 2
7 4
19 2
19 2
7 4
19 2
19 2
7 4
19 2
19 2
14 4
26 2
26 2
14 4
26 2
26 2
14 4
26 2
26 2
14 4
26 2
26 2
14 4
26 2
26 2
14 4
26 2
26 2
14 4
26 2
26 2
14 4
26 2
26 2
9 4
21 2
21 2
9 4
21 2
21 2
9 4
21 2
21 2
9 4
21 2
21 2
9 4
21 2
21 2
9 4
21 2
21 2
9 4
21 2
21 2
9 4
21 2
21 2
9 4
9 2
9 2
9 4
21 4
9 4
21 4
9 2
9 2
9 4
9 4
9 2
9 2
9 4
21 4
9 4
21 4
9 2
9 2
21 4
7 4
7 2
7 2
7 4
19 4
7 4
19 4
7 2
7 2
7 4
7 4
7 2
7 2
7 4
19 4
7 4
19 4
7 2
7 2
19 4
14 4
14 2
14 2
14 4
26 4
14 4
26 4
14 2
14 2
14 4
14 4
14 2
14 2
14 4
26 4
14 4
26 4
14 2
14 2
26 4
9 4
9 2
9 2
9 4
21 4
9 4
21 4
9 2
9 2
9 4
9 4
9 2
9 2
9 4
21 4
9 4
21 4
9 2
9 2
21 4
E
S
H
72 13
52 2
49 2
52 2
57 2
61 2
57 2
52 2
49 2
72 14
40 2
45 2
47 2
49 10
72 3
50 4
49 4
47 4
45 4
47 4
47 2
49 10
72 6
40 2
45 2
47 2
49 10
72 3
50 4
49 4
47 4
45 4
47 7
49 7
50 7
52 7
52 5
72 0
50 5
72 0
45 9
42 4
45 4
52 5
72 0
50 5
72 0
45 8
72 1
50 7
50 5
72 0
49 13
72 11
40 2
45 2
47 2
49 10
72 3
50 4
49 4
47 4
45 4
47 4
47 2
49 10
72 6
40 2
45 2
47 2
49 10
72 3
50 4
49 4
47 4
45 4
47 7
49 7
50 7
52 7
52 5
72 0
50 5
72 0
45 9
42 4
45 4
52 5
72 0
50 5
72 0
45 8
72 1
50 7
52 5
72 0
57 12
72 14
40 2
45 2
47 2
49 10
72 3
50 4
49 4
47 4
45 4
47 4
47 2
49 10
72 6
40 2
45 2
47 2
49 10
72 3
50 4
49 4
47 4
45 4
47 7
49 7
50 7
52 7
52 5
72 0
50 5
72 0
45 9
42 4
45 4
52 5
72 0
50 5
72 0
45 8
72 1
50 7
50 5
72 0
49 13
72 11
40 2
45 2
47 2
49 10
72 3
50 4
49 4
47 4
45 4
47 4
47 2
49 10
72 6
40 2
45 2
47 2
49 10
72 3
50 4
49 4
47 4
45 4
47 7
49 7
50 7
52 7
52 5
72 0
50 5
72 0
45 9
42 4
45 4
52 5
72 0
50 5
72 0
45 8
72 1
50 7
52 5
72 0
57 12
E
S
H
72 14
52 2
49 2
52 2
57 2
61 2
57 2
52 2
49 2
72 14
40 2
45 2
47 2
49 10
72 3
50 4
49 4
47 4
45 4
47 4
47 2
49 10
72 6
40 2
45 2
47 2
49 10
72 3
50 4
49 4
47 4
45 4
47 7
49 7
50 7
52 7
52 5
72 0
50 5
72 0
45 9
42 4
45 4
52 5
72 0
50 5
72 0
45 8
72 1
50 7
50 5
72 0
49 13
72 11
40 2
45 2
47 2
49 10
72 3
50 4
49 4
47 4
45 4
47 4
47 2
49 10
72 6
40 2
45 2
47 2
49 10
72 3
50 4
49 4
47 4
45 4
47 7
49 7
50 7
52 7
52 5
72 0
50 5
72 0
45 9
42 4
45 4
52 5
72 0
50 5
72 0
45 8
72 1
50 7
52 5
72 0
57 12
72 14
40 2
45 2
47 2
49 10
72 3
50 4
49 4
47 4
45 4
47 4
47 2
49 10
72 6
40 2
45 2
47 2
49 10
72 3
50 4
49 4
47 4
45 4
47 7
49 7
50 7
52 7
52 5
72 0
50 5
72 0
45 9
42 4
45 4
52 5
72 0
50 5
72 0
45 8
72 1
50 7
50 5
72 0
49 13
72 11
40 2
45 2
47 2
49 10
72 3
50 4
49 4
47 4
45 4
47 4
47 2
49 10
72 6
40 2
45 2
47 2
49 10
72 3
50 4
49 4
47 4
45 4
47 7
49 7
50 7
52 7
52 5
72 0
50 5
72 0
45 9
42 4
45 4
52 5
72 0
50 5
72 0
45 8
72 1
50 7
52 5
72 0
57 12
E
S
L
21 9
21 2
21 2
21 7
16 7
25 4
25 2
25 2
16 4
16 2
16 2
21 4
21 2
21 2
25 2
21 2
16 2
21 2
9 4
21 2
21 2
9 4
21 2
72 2
9 4
21 2
21 2
9 4
21 2
72 2
9 4
21 2
21 2
9 4
21 2
72 2
9 4
21 2
21 2
9 4
21 2
72 2
9 4
21 2
21 2
9 4
21 2
72 2
9 4
21 2
21 2
9 4
21 2
72 2
9 4
21 2
21 2
9 4
21 2
72 2
16 2
14 2
13 2
9 2
4 2
9 2
11 4
9 4
9 2
9 2
9 4
21 4
9 4
21 4
9 2
9 2
9 4
9 4
9 2
9 2
9 4
21 4
9 4
21 4
9 2
9 2
21 4
7 4
7 2
7 2
7 4
19 4
7 4
19 4
7 2
7 2
7 4
7 4
7 2
7 2
7 4
19 4
7 4
19 4
7 2
7 2
19 4
14 4
14 2
14 2
14 4
26 4
14 4
26 4
14 2
14 2
14 4
14 4
14 2
14 2
14 4
26 4
14 4
26 4
14 2
14 2
26 4
9 4
9 2
9 2
9 4
21 4
9 4
21 4
9 2
9 2
9 4
9 4
9 2
9 2
9 4
21 4
9 4
21 4
9 2
9 2
21 4
9 4
9 2
9 2
9 4
21 4
9 4
21 4
9 2
9 2
9 4
9 4
9 2
9 2
9 4
21 4
9 4
21 4
9 2
9 2
21 4
7 4
7 2
7 2
7 4
19 4
7 4
19 4
7 2
7 2
7 4
7 4
7 2
7 2
7 4
19 4
7 4
19 4
7 2
7 2
19 4
14 4
14 2
14 2
14 4
26 4
14 4
26 4
14 2
14 2
14 4
14 4
14 2
14 2
14 4
26 4
14 4
26 4
14 2
14 2
26 4
9 4
9 2
9 2
9 4
21 4
9 4
21 4
9 2
9 2
9 4
9 4
9 2
9 2
9 4
21 4
9 4
21 4
9 2
9 2
21 4
9 4
21 2
21 2
9 4
21 2
21 2
9 4
21 2
21 2
9 4
21 2
21 2
9 4
21 2
21 2
9 4
21 2
21 2
9 4
21 2
21 2
9 4
21 2
21 2
7 4
19 2
19 2
7 4
19 2
19 2
7 4
19 2
19 2
7 4
19 2
19 2
7 4
19 2
19 2
7 4
19 2
19 2
7 4
19 2
19 2
7 4
19 2
19 2
14 4
26 2
26 2
14 4
26 2
26 2
14 4
26 2
26 2
14 4
26 2
26 2
14 4
26 2
26 2
14 4
26 2
26 2
14 4
26 2
26 2
14 4
26 2
26 2
9 4
21 2
21 2
9 4
21 2
21 2
9 4
21 2
21 2
9 4
21 2
21 2
9 4
21 2
21 2
9 4
21 2
21 2
9 4
21 2
21 2
9 4
21 2
21 2
9 4
21 2
21 2
9 4
21 2
21 2
9 4
21 2
21 2
9 4
21 2
21 2
9 4
21 2
21 2
9 4
21 2
21 2
9 4
21 2
21 2
9 4
21 2
21 2
7 4
19 2
19 2
7 4
19 2
19 2
7 4
19 2
19 2
7 4
19 2
19 2
7 4
19 2
19 2
7 4
19 2
19 2
7 4
19 2
19 2
7 4
19 2
19 2
14 4
26 2
26 2
14 4
26 2
26 2
14 4
26 2
26 2
14 4
26 2
26 2
14 4
26 2
26 2
14 4
26 2
26 2
14 4
26 2
26 2
14 4
26 2
26 2
9 4
21 2
21 2
9 4
21 2
21 2
9 4
21 2
21 2
9 4
21 2
21 2
9 4
21 2
21 2
9 4
21 2
21 2
9 4
21 2
21 2
9 4
21 2
21 2
9 4
9 2
9 2
9 4
21 4
9 4
21 4
9 2
9 2
9 4
9 4
9 2
9 2
9 4
21 4
9 4
21 4
9 2
9 2
21 4
7 4
7 2
7 2
7 4
19 4
7 4
19 4
7 2
7 2
7 4
7 4
7 2
7 2
7 4
19 4
7 4
19 4
7 2
7 2
19 4
14 4
14 2
14 2
14 4
26 4
14 4
26 4
14 2
14 2
14 4
14 4
14 2
14 2
14 4
26 4
14 4
26 4
14 2
14 2
26 4
9 4
9 2
9 2
9 4
21 4
9 4
21 4
9 2
9 2
9 4
9 4
9 2
9 2
9 4
21 4
9 4
21 4
9 2
9 2
21 4
9 4
9 2
9 2
9 4
21 4
9 4
21 4
9 2
9 2
9 4
9 4
9 2
9 2
9 4
21 4
9 4
21 4
9 2
9 2
21 4
7 4
7 2
7 2
7 4
19 4
7 4
19 4
7 2
7 2
7 4
7 4
7 2
7 2
7 4
19 4
7 4
19 4
7 2
7 2
19 4
14 4
14 2
14 2
14 4
26 4
14 4
26 4
14 2
14 2
14 4
14 4
14 2
14 2
14 4
26 4
14 4
26 4
14 2
14 2
26 4
9 4
9 2
9 2
9 4
21 4
9 4
21 4
9 2
9 2
9 4
9 4
9 2
9 2
9 4
21 4
9 4
21 4
9 2
9 2
21 4
9 4
21 2
21 2
9 4
21 2
21 2
9 4
21 2
21 2
9 4
21 2
21 2
9 4
21 2
21 2
9 4
21 2
21 2
9 4
21 2
21 2
9 4
21 2
21 2
7 4
19 2
19 2
7 4
19 2
19 2
7 4
19 2
19 2
7 4
19 2
19 2
7 4
19 2
19 2
7 4
19 2
19 2
7 4
19 2
19 2
7 4
19 2
19 2
14 4
26 2
26 2
14 4
26 2
26 2
14 4
26 2
26 2
14 4
26 2
26 2
14 4
26 2
26 2
14 4
26 2
26 2
14 4
26 2
26 2
14 4
26 2
26 2
9 4
21 2
21 2
9 4
21 2
21 2
9 4
21 2
21 2
9 4
21 2
21 2
9 4
21 2
21 2
9 4
21 2
21 2
9 4
21 2
21 2
9 4
21 2
21 2
9 4
21 2
21 2
9 4
21 2
21 2
9 4
21 2
21 2
9 4
21 2
21 2
9 4
21 2
21 2
9 4
21 2
21 2
9 4
21 2
21 2
9 4
21 2
21 2
7 4
19 2
19 2
7 4
19 2
19 2
7 4
19 2
19 2
7 4
19 2
19 2
7 4
19 2
19 2
7 4
19 2
19 2
7 4
19 2
19 2
7 4
19 2
19 2
14 4
26 2
26 2
14 4
26 2
26 2
14 4
26 2
26 2
14 4
26 2
26 2
14 4
26 2
26 2
14 4
26 2
26 2
14 4
26 2
26 2
14 4
26 2
26 2
9 4
21 2
21 2
9 4
21 2
21 2
9 4
21 2
21 2
9 4
21 2
21 2
9 4
21 2
21 2
9 4
21 2
21 2
9 4
21 2
21 2
9 4
21 2
21 2
9 4
9 2
9 2
9 4
21 4
9 4
21 4
9 2
9 2
9 4
9 4
9 2
9 2
9 4
21 4
9 4
21 4
9 2
9 2
21 4
7 4
7 2
7 2
7 4
19 4
7 4
19 4
7 2
7 2
7 4
7 4
7 2
7 2
7 4
19 4
7 4
19 4
7 2
7 2
19 4
14 4
14 2
14 2
14 4
26 4
14 4
26 4
14 2
14 2
14 4
14 4
14 2
14 2
14 4
26 4
14 4
26 4
14 2
14 2
26 4
9 4
9 2
9 2
9 4
21 4
9 4
21 4
9 2
9 2
9 4
9 4
9 2
9 2
9 4
21 4
9 4
21 4
9 2
9 2
21 4
E
S
H
72 14
122 2
122 2
122 2
72 2
122 2
72 6
122 2
122 2
122 2
72 2
122 2
72 6
122 2
122 2
122 2
72 2
122 2
72 6
122 2
122 2
122 2
72 2
122 2
72 6
150 2
150 2
150 2
72 2
150 2
72 6
150 2
150 2
150 2
72 2
150 2
72 6
150 2
150 2
150 2
72 2
150 2
72 6
150 2
150 2
150 2
72 2
150 2
72 6
122 2
122 2
122 2
72 2
122 2
72 6
122 2
122 2
122 2
72 2
122 2
72 6
122 2
122 2
122 2
72 2
122 2
72 6
122 2
122 2
122 2
72 2
122 2
72 6
240 2
240 2
240 2
72 2
240 2
72 6
240 2
240 2
240 2
72 2
240 2
72 6
240 2
240 2
240 2
72 2
122 2
72 6
150 2
150 2
150 2
72 2
150 2
72 6
175 2
175 2
175 2
72 2
175 2
72 6
175 2
175 2
175 2
72 2
175 2
72 6
163 2
163 2
163 2
72 2
163 2
72 6
163 2
163 2
163 2
72 2
163 2
72 6
122 2
122 2
122 2
72 2
122 2
72 6
122 2
122 2
122 2
72 2
122 2
72 6
122 2
122 2
122 2
72 2
122 2
72 6
122 2
122 2
122 2
72 2
122 2
72 6
122 2
122 2
122 2
72 2
122 2
72 6
122 2
122 2
122 2
72 2
122 2
72 6
122 2
122 2
122 2
72 2
122 2
72 6
122 2
122 2
122 2
72 2
122 2
72 6
240 2
240 2
240 2
72 2
240 2
72 6
240 2
240 2
240 2
72 2
240 2
72 6
240 2
240 2
240 2
72 2
122 2
72 6
150 2
150 2
150 2
72 2
150 2
72 6
175 2
175 2
175 2
72 2
175 2
72 6
175 2
175 2
175 2
72 2
175 2
72 6
163 2
163 2
163 2
72 2
163 2
72 6
163 2
163 2
163 2
72 2
163 2
72 6
122 2
122 2
122 2
72 2
122 2
72 6
122 2
122 2
122 2
72 2
122 2
72 6
122 2
122 2
122 2
72 2
122 2
72 6
122 2
122 2
122 2
72 2
122 2
72 6
122 2
122 2
122 2
72 2
122 2
72 6
122 2
122 2
122 2
72 2
122 2
72 6
122 2
122 2
122 2
72 2
122 2
72 6
122 2
122 2
122 2
72 2
122 2
72 6
240 2
240 2
240 2
72 2
240 2
72 6
240 2
240 2
240 2
72 2
240 2
72 6
240 2
240 2
240 2
72 2
122 2
72 6
150 2
150 2
150 2
72 2
150 2
72 6
175 2
175 2
175 2
72 2
175 2
72 6
175 2
175 2
175 2
72 2
175 2
72 6
163 2
163 2
163 2
72 2
163 2
72 6
163 2
163 2
163 2
72 2
163 2
72 6
122 2
122 2
122 2
72 2
122 2
72 6
122 2
122 2
122 2
72 2
122 2
72 6
122 2
122 2
122 2
72 2
122 2
72 6
122 2
122 2
122 2
72 2
122 2
72 6
122 2
122 2
122 2
72 2
122 2
72 6
122 2
122 2
122 2
72 2
122 2
72 6
122 2
122 2
122 2
72 2
122 2
72 6
122 2
122 2
122 2
72 2
122 2
72 6
240 2
240 2
240 2
72 2
240 2
72 6
240 2
240 2
240 2
72 2
240 2
72 6
240 2
240 2
240 2
72 2
122 2
72 6
150 2
150 2
150 2
72 2
150 2
72 6
175 2
175 2
175 2
72 2
175 2
72 6
175 2
175 2
175 2
72 2
175 2
72 6
163 2
163 2
163 2
72 2
163 2
72 6
163 2
163 2
163 2
72 2
163 2
72 6
122 2
122 2
122 2
72 2
122 2
72 6
122 2
122 2
122 2
72 2
122 2
72 6
122 2
122 2
122 2
72 2
122 2
72 6
122 2
122 2
122 2
72 2
122 2
72 6
122 2
122 2
122 2
72 2
122 2
72 6
122 2
122 2
122 2
72 2
122 2
72 6
122 2
122 2
122 2
72 2
122 2
72 6
122 2
122 2
122 2
72 2
122 2
72 6
240 2
240 2
240 2
72 2
240 2
72 6
240 2
240 2
240 2
72 2
240 2
72 6
240 2
240 2
240 2
72 2
122 2
72 6
150 2
150 2
150 2
72 2
150 2
72 6
175 2
175 2
175 2
72 2
175 2
72 6
175 2
175 2
175 2
72 2
175 2
72 6
163 2
163 2
163 2
72 2
163 2
72 6
163 2
163 2
163 2
72 2
163 2
72 6
122 2
122 2
122 2
72 2
122 2
72 6
122 2
122 2
122 2
72 2
122 2
72 6
122 2
122 2
122 2
72 2
122 2
72 6
122 2
122 2
122 2
72 2
122 2
72 6
122 2
122 2
122 2
72 2
122 2
72 6
122 2
122 2
122 2
72 2
122 2
72 6
122 2
122 2
122 2
72 2
122 2
72 6
122 2
122 2
122 2
72 2
122 2
72 6
240 2
240 2
240 2
72 2
240 2
72 6
240 2
240 2
240 2
72 2
240 2
72 6
240 2
240 2
240 2
72 2
122 2
72 6
150 2
150 2
150 2
72 2
150 2
72 6
175 2
175 2
175 2
72 2
175 2
72 6
175 2
175 2
175 2
72 2
175 2
72 6
163 2
163 2
163 2
72 2
163 2
72 6
163 2
163 2
163 2
72 2
163 2
72 6
122 2
122 2
122 2
72 2
122 2
72 6
122 2
122 2
122 2
72 2
122 2
72 6
122 2
122 2
122 2
72 2
122 2
72 6
122 2
122 2
122 2
72 2
122 2
72 6
122 2
122 2
122 2
72 2
122 2
72 6
122 2
122 2
122 2
72 2
122 2
72 6
122 2
122 2
122 2
72 2
122 2
72 6
122 2
122 2
122 2
72 2
122 2
72 6
240 2
240 2
240 2
72 2
240 2
72 6
240 2
240 2
240 2
72 2
240 2
72 6
240 2
240 2
240 2
72 2
122 2
72 6
150 2
150 2
150 2
72 2
150 2
72 6
175 2
175 2
175 2
72 2
175 2
72 6
175 2
175 2
175 2
72 2
175 2
72 6
163 2
163 2
163 2
72 2
163 2
72 6
163 2
163 2
163 2
72 2
163 2
72 6
122 2
122 2
122 2
72 2
122 2
72 6
122 2
122 2
122 2
72 2
122 2
72 6
122 2
122 2
122 2
72 2
122 2
72 6
122 2
122 2
122 2
72 2
122 2
72 6
122 2
122 2
122 2
72 2
122 2
72 6
122 2
122 2
122 2
72 2
122 2
72 6
122 2
122 2
122 2
72 2
122 2
72 6
122 2
122 2
122 2
72 2
122 2
72 6
240 2
240 2
240 2
72 2
240 2
72 6
240 2
240 2
240 2
72 2
240 2
72 6
240 2
240 2
240 2
72 2
122 2
72 6
150 2
150 2
150 2
72 2
150 2
72 6
175 2
175 2
175 2
72 2
175 2
72 6
175 2
175 2
175 2
72 2
175 2
72 6
163 2
163 2
163 2
72 2
163 2
72 6
163 2
163 2
163 2
72 2
163 2
72 6
122 2
122 2
122 2
72 2
122 2
72 6
122 2
122 2
122 2
72 2
122 2
72 6
122 2
122 2
122 2
72 2
122 2
72 6
122 2
122 2
122 2
72 2
122 2
72 6
122 2
122 2
122 2
72 2
122 2
72 6
122 2
122 2
122 2
72 2
122 2
72 6
122 2
122 2
122 2
72 2
122 2
72 6
122 2
122 2
122 2
72 2
122 2
72 6
240 2
240 2
240 2
72 2
240 2
72 6
240 2
240 2
240 2
72 2
240 2
72 6
240 2
240 2
240 2
72 2
122 2
72 6
150 2
150 2
150 2
72 2
150 2
72 6
175 2
175 2
175 2
72 2
175 2
72 6
175 2
175 2
175 2
72 2
175 2
72 6
163 2
163 2
163 2
72 2
163 2
72 6
163 2
163 2
163 2
72 2
163 2
72 6
122 2
122 2
122 2
72 2
122 2
72 6
122 2
122 2
122 2
72 2
122 2
72 6
122 2
122 2
122 2
72 2
122 2
72 6
122 2
122 2
122 2
72 2
122 2
E
X
