minor
S
L
16 12
16 7
9 9
11 4
18 11
16 12
16 7
9 9
11 4
18 11
16 12
16 7
9 9
11 4
18 11
13 11
13 9
13 4
11 11
15 7
16 4
11 4
13 11
13 9
13 4
11 11
15 7
16 4
11 4
16 9
16 4
16 9
16 4
16 9
16 4
16 9
16 4
16 9
16 4
16 9
16 4
16 9
16 4
16 9
16 4
17 9
17 4
17 9
17 4
17 9
17 4
17 9
17 4
16 9
16 4
16 9
16 4
16 9
16 4
16 9
16 4
17 9
17 4
17 9
17 4
17 9
17 4
17 9
17 4
16 9
16 4
16 9
16 4
16 9
16 4
16 9
16 4
17 9
17 4
17 9
17 4
17 9
17 4
17 9
17 4
16 9
16 4
16 4
16 4
14 4
16 4
16 9
16 4
16 4
16 4
21 4
16 4
17 9
17 4
17 9
17 4
17 9
17 4
17 9
17 4
16 9
16 4
16 4
16 4
14 4
16 4
16 9
16 4
16 4
16 4
14 4
16 4
17 9
17 4
17 9
17 4
19 9
19 4
19 9
19 4
16 9
16 4
16 9
16 4
21 9
21 4
21 4
19 4
17 4
16 4
17 9
17 4
17 4
16 4
14 4
12 4
11 9
11 4
11 4
11 4
12 4
14 4
16 9
16 4
16 4
14 4
12 4
11 4
9 9
9 4
9 4
9 4
11 4
12 4
14 9
14 4
14 4
12 4
11 4
9 4
8 9
8 4
8 4
8 4
9 4
11 4
9 12
13 7
9 14
E
S
L
16 12
16 7
9 9
11 4
18 11
16 12
16 7
9 9
11 4
18 11
16 12
16 7
9 9
11 4
18 11
13 11
13 9
13 4
11 11
15 7
16 4
11 4
13 11
13 9
13 4
11 11
15 7
16 4
11 4
16 9
16 4
16 9
16 4
16 9
16 4
16 9
16 4
16 9
16 4
16 9
16 4
16 9
16 4
16 9
16 4
17 9
17 4
17 9
17 4
17 9
17 4
17 9
17 4
16 9
16 4
16 9
16 4
16 9
16 4
16 9
16 4
17 9
17 4
17 9
17 4
17 9
17 4
17 9
17 4
16 9
16 4
16 9
16 4
16 9
16 4
16 9
16 4
17 9
17 4
17 9
17 4
17 9
17 4
17 9
17 4
16 9
16 4
16 4
16 4
14 4
16 4
16 9
16 4
16 4
16 4
21 4
16 4
17 9
17 4
17 9
17 4
17 9
17 4
17 9
17 4
16 9
16 4
16 4
16 4
14 4
16 4
16 9
16 4
16 4
16 4
14 4
16 4
17 9
17 4
17 9
17 4
19 9
19 4
19 9
19 4
16 9
16 4
16 9
16 4
21 9
21 4
21 4
19 4
17 4
16 4
17 9
17 4
17 4
16 4
14 4
12 4
11 9
11 4
11 4
11 4
12 4
14 4
16 9
16 4
16 4
14 4
12 4
11 4
9 9
9 4
9 4
9 4
11 4
12 4
14 9
14 4
14 4
12 4
11 4
9 4
8 9
8 4
8 4
8 4
9 4
11 4
9 12
13 7
9 14
E
S
L
72 14
33 12
29 7
26 11
26 4
31 4
33 4
35 11
31 7
35 7
37 11
38 7
40 4
40 4
41 9
36 4
45 7
41 7
38 11
72 4
38 4
43 4
38 4
40 11
40 4
38 4
36 4
35 4
33 7
33 4
33 4
41 7
36 7
38 9
33 4
38 4
36 4
35 4
33 4
32 7
28 4
32 4
35 4
32 4
28 4
32 4
33 11
37 7
40 7
45 14
E
S
L
72 14
33 12
29 7
26 11
26 4
31 4
33 4
35 11
31 7
35 7
37 11
38 7
40 4
40 4
41 9
36 4
45 7
41 7
38 11
72 4
38 4
43 4
38 4
40 11
40 4
38 4
36 4
35 4
33 7
33 4
33 4
41 7
36 7
38 9
33 4
38 4
36 4
35 4
33 4
32 7
28 4
32 4
35 4
32 4
28 4
32 4
33 11
37 7
40 7
45 14
E
X
