minor
S
H
237 4
106 4
145 4
184 4
158 4
145 4
237 4
237 4
106 4
211 4
237 3
184 3
185 3
158 4
184 4
185 4
211 4
237 4
132 6
72 2
184 6
72 2
211 6
72 2
198 6
72 2
184 6
72 2
158 7
184 4
198 4
184 14
72 2
237 4
132 6
72 2
184 6
72 2
211 6
72 2
198 6
72 2
184 6
72 2
158 7
184 4
198 4
211 11
158 9
211 7
224 9
184 9
224 7
237 4
184 6
72 2
237 6
72 2
132 6
72 2
119 6
72 2
237 6
72 2
184 11
72 2
185 4
158 4
184 4
185 7
158 4
184 4
185 4
211 4
184 4
198 4
211 7
184 4
198 4
211 4
224 4
184 4
224 4
119 4
158 4
119 4
224 4
184 4
477 11
359 11
156 4
185 6
72 2
237 6
72 2
132 6
72 2
119 6
72 2
237 6
72 2
211 4
211 4
237 4
119 4
1768 14
72 14
237 4
132 6
72 2
184 6
72 2
211 6
72 2
198 6
72 2
184 6
72 2
158 7
184 4
198 4
184 14
72 2
237 4
132 6
72 2
184 6
72 2
211 6
72 2
198 6
72 2
184 6
72 2
158 7
184 4
198 4
211 11
158 9
211 7
224 9
184 9
224 7
237 4
184 6
72 2
237 6
72 2
132 6
72 2
119 6
72 2
237 6
72 2
184 11
72 2
185 4
158 4
184 4
185 7
158 4
184 4
185 4
211 4
184 4
198 4
211 7
184 4
198 4
211 4
224 4
184 4
224 4
119 4
158 4
119 4
224 4
184 4
525 11
1471 11
156 4
185 6
72 2
237 6
72 2
132 6
72 2
119 6
72 2
237 6
72 2
211 4
211 4
237 4
119 4
1761 14
72 14
119 8
72 2
119 8
72 2
237 13
72 2
119 8
72 2
119 8
72 2
132 13
72 2
119 8
72 2
119 8
72 2
237 7
132 8
72 2
119 8
72 2
158 7
145 14
72 4
237 4
132 4
237 4
237 4
211 4
72 4
198 4
72 4
184 4
198 4
184 4
158 4
72 4
132 4
158 4
132 4
184 4
72 4
158 4
184 4
72 4
184 4
158 4
132 4
237 4
184 4
237 4
211 4
72 4
184 4
132 4
184 4
158 4
237 4
158 4
132 4
119 4
72 4
237 4
72 4
211 4
237 4
185 4
211 4
72 4
237 4
211 4
185 4
158 4
185 4
237 4
158 4
158 4
72 4
132 4
72 4
119 4
132 4
237 4
119 4
72 4
237 4
72 4
211 4
237 4
132 6
72 2
184 6
72 2
211 6
72 2
198 6
72 2
184 6
72 2
158 7
184 4
198 4
184 14
72 2
237 4
132 6
72 2
184 6
72 2
211 6
72 2
198 6
72 2
184 6
72 2
158 7
184 4
198 4
211 11
158 9
211 7
224 9
184 9
224 7
237 4
184 6
72 2
237 6
72 2
132 6
72 2
119 6
72 2
237 6
72 2
184 11
72 2
185 4
158 4
184 4
185 7
158 4
184 4
185 4
211 4
184 4
198 4
211 7
184 4
198 4
211 4
224 4
184 4
224 4
119 4
158 4
119 4
224 4
184 4
477 11
359 11
156 4
185 6
72 2
237 6
72 2
132 6
72 2
119 6
72 2
237 6
72 2
211 4
211 4
237 4
119 4
1768 14
72 14
237 4
132 6
72 2
184 6
72 2
211 6
72 2
198 6
72 2
184 6
72 2
158 7
184 4
198 4
184 14
72 2
237 4
132 6
72 2
184 6
72 2
211 6
72 2
198 6
72 2
184 6
72 2
158 7
184 4
198 4
211 11
158 9
211 7
224 9
184 9
224 7
237 4
184 6
72 2
237 6
72 2
132 6
72 2
119 6
72 2
237 6
72 2
184 11
72 2
185 4
158 4
184 4
185 7
158 4
184 4
185 4
211 4
184 4
198 4
211 7
184 4
198 4
211 4
224 4
184 4
224 4
119 4
158 4
119 4
224 4
184 4
525 11
1471 11
156 4
185 6
72 2
237 6
72 2
132 6
72 2
119 6
72 2
237 6
72 2
211 4
211 4
237 4
119 4
1761 14
72 14
119 8
72 2
119 8
72 2
237 13
72 2
119 8
72 2
119 8
72 2
132 13
72 2
119 8
72 2
119 8
72 2
237 7
132 8
72 2
119 8
72 2
158 7
145 14
72 4
237 4
132 4
237 4
237 4
211 4
72 4
198 4
72 4
184 4
198 4
184 4
158 4
72 4
132 4
158 4
132 4
184 4
72 4
158 4
184 4
72 4
184 4
158 4
132 4
237 4
184 4
237 4
211 4
72 4
184 4
132 4
184 4
158 4
237 4
158 4
132 4
119 4
72 4
237 4
72 4
211 4
237 4
185 4
211 4
72 4
237 4
211 4
185 4
158 4
185 4
237 4
158 4
158 4
72 4
132 4
72 4
119 4
132 4
237 4
119 4
72 4
237 4
72 4
211 4
237 4
132 6
72 2
184 6
72 2
211 6
72 2
198 6
72 2
184 6
72 2
158 7
184 4
198 4
184 14
72 2
237 4
132 6
72 2
184 6
72 2
211 6
72 2
198 6
72 2
184 6
72 2
158 7
184 4
198 4
211 11
158 9
211 7
224 9
184 9
224 7
237 4
184 6
72 2
237 6
72 2
132 6
72 2
119 6
72 2
237 6
72 2
184 11
72 2
185 4
158 4
184 4
185 7
158 4
184 4
185 4
211 4
184 4
198 4
211 7
184 4
198 4
211 4
224 4
184 4
224 4
119 4
158 4
119 4
224 4
184 4
477 11
359 11
156 4
185 6
72 2
237 6
72 2
132 6
72 2
119 6
72 2
237 6
72 2
211 4
211 4
237 4
119 4
1768 14
72 14
237 4
132 6
72 2
184 6
72 2
211 6
72 2
198 6
72 2
184 6
72 2
158 7
184 4
198 4
184 14
72 2
237 4
132 6
72 2
184 6
72 2
211 6
72 2
198 6
72 2
184 6
72 2
158 7
184 4
198 4
211 11
158 9
211 7
224 9
184 9
224 7
237 4
184 6
72 2
237 6
72 2
132 6
72 2
119 6
72 2
237 6
72 2
184 11
72 2
185 4
158 4
184 4
185 7
158 4
184 4
185 4
211 4
184 4
198 4
211 7
184 4
198 4
211 4
224 4
184 4
224 4
119 4
158 4
119 4
224 4
184 4
525 11
1471 11
156 4
185 6
72 2
237 6
72 2
132 6
72 2
119 6
72 2
237 6
72 2
211 4
211 4
237 4
119 4
1761 14
72 14
119 8
72 2
119 8
72 2
237 13
72 2
119 8
72 2
119 8
72 2
132 13
72 2
119 8
72 2
119 8
72 2
237 7
132 8
72 2
119 8
72 2
158 7
145 14
72 4
237 4
132 4
237 4
237 4
211 4
72 4
198 4
72 4
184 4
198 4
184 4
158 4
72 4
132 4
158 4
132 4
184 4
72 4
158 4
184 4
72 4
184 4
158 4
132 4
237 4
184 4
237 4
211 4
72 4
184 4
132 4
184 4
158 4
237 4
158 4
132 4
119 4
72 4
237 4
72 4
211 4
237 4
185 4
211 4
72 4
237 4
211 4
185 4
158 4
185 4
237 4
158 4
158 4
72 4
132 4
72 4
119 4
132 4
237 4
119 4
72 4
237 4
72 4
211 4
237 4
132 6
72 2
184 6
72 2
211 6
72 2
198 6
72 2
184 6
72 2
158 7
184 4
198 4
184 14
72 2
237 4
132 6
72 2
184 6
72 2
211 6
72 2
198 6
72 2
184 6
72 2
158 7
184 4
198 4
211 11
158 9
211 7
224 9
184 9
224 7
237 4
184 6
72 2
237 6
72 2
132 6
72 2
119 6
72 2
237 6
72 2
184 11
72 2
185 4
158 4
184 4
185 7
158 4
184 4
185 4
211 4
184 4
198 4
211 7
184 4
198 4
211 4
224 4
184 4
224 4
119 4
158 4
119 4
224 4
184 4
477 11
359 11
156 4
185 6
72 2
237 6
72 2
132 6
72 2
119 6
72 2
237 6
72 2
211 4
211 4
237 4
119 4
1768 14
72 14
237 4
132 6
72 2
184 6
72 2
211 6
72 2
198 6
72 2
184 6
72 2
158 7
184 4
198 4
184 14
72 2
237 4
132 6
72 2
184 6
72 2
211 6
72 2
198 6
72 2
184 6
72 2
158 7
184 4
198 4
211 11
158 9
211 7
224 9
184 9
224 7
237 4
184 6
72 2
237 6
72 2
132 6
72 2
119 6
72 2
237 6
72 2
184 11
72 2
185 4
158 4
184 4
185 7
158 4
184 4
185 4
211 4
184 4
198 4
211 7
184 4
198 4
211 4
224 4
184 4
224 4
119 4
158 4
119 4
224 4
184 4
525 11
1471 11
156 4
185 6
72 2
237 6
72 2
132 6
72 2
119 6
72 2
237 6
72 2
211 4
211 4
237 4
119 4
1761 14
72 14
119 8
72 2
119 8
72 2
237 13
72 2
119 8
72 2
119 8
72 2
132 13
72 2
119 8
72 2
119 8
72 2
237 7
132 8
72 2
119 8
72 2
158 7
145 14
72 4
237 4
132 4
237 4
237 4
211 4
72 4
198 4
72 4
184 4
198 4
184 4
158 4
72 4
132 4
158 4
132 4
184 4
72 4
158 4
184 4
72 4
184 4
158 4
132 4
237 4
184 4
237 4
211 4
72 4
184 4
132 4
184 4
158 4
237 4
158 4
132 4
119 4
72 4
237 4
72 4
211 4
237 4
185 4
211 4
72 4
237 4
211 4
185 4
158 4
185 4
237 4
158 4
158 4
72 4
132 4
72 4
119 4
132 4
237 4
119 4
72 4
237 4
72 4
211 4
E
S
H
237 2
72 2
106 2
72 2
145 2
72 2
184 2
72 2
158 2
72 2
145 2
72 2
237 2
72 2
237 2
72 2
106 2
72 2
211 2
72 2
237 2
72 0
184 2
72 0
185 2
72 0
158 2
72 2
184 2
72 2
185 2
72 2
211 2
72 14
36 2
72 6
43 2
72 2
40 2
72 6
47 2
72 6
40 2
72 2
43 2
72 2
42 2
72 2
40 2
72 2
42 2
72 6
43 2
72 6
38 2
72 2
39 2
72 6
42 2
72 2
39 2
72 6
47 2
72 6
42 2
72 2
45 2
72 2
43 2
72 2
42 2
72 2
43 2
72 6
40 2
72 6
35 2
72 2
36 2
72 2
40 2
72 2
43 2
72 2
47 2
72 2
45 2
72 2
43 2
72 2
42 2
72 2
40 2
72 2
42 2
72 2
42 2
72 2
42 2
72 2
43 2
72 2
43 2
72 2
43 2
72 2
45 2
72 2
45 2
72 2
47 2
72 2
45 2
72 2
47 2
72 2
43 2
72 2
47 2
72 2
42 2
72 2
47 2
72 2
40 2
72 2
47 2
72 2
39 2
72 2
47 2
72 2
36 2
72 2
47 2
72 2
35 2
72 2
47 2
72 2
30 2
72 14
119 2
72 8
119 2
72 8
237 2
72 13
119 2
72 8
119 2
72 8
132 2
72 13
119 2
72 8
119 2
72 8
237 2
72 6
132 2
72 8
119 2
72 8
158 2
72 6
145 2
72 14
237 2
72 2
132 2
72 2
237 2
72 2
237 2
72 2
211 2
72 6
198 2
72 6
184 2
72 2
198 2
72 2
184 2
72 2
158 2
72 6
132 2
72 2
158 2
72 2
132 2
72 2
184 2
72 6
158 2
72 2
184 2
72 6
184 2
72 2
158 2
72 2
132 2
72 2
237 2
72 2
184 2
72 2
237 2
72 2
211 2
72 6
184 2
72 2
132 2
72 2
184 2
72 2
158 2
72 2
237 2
72 2
158 2
72 2
132 2
72 2
119 2
72 6
237 2
72 6
211 2
72 2
237 2
72 2
185 2
72 2
211 2
72 6
237 2
72 2
211 2
72 2
185 2
72 2
158 2
72 2
185 2
72 2
237 2
72 2
158 2
72 2
158 2
72 6
132 2
72 6
119 2
72 2
132 2
72 2
237 2
72 2
119 2
72 6
237 2
72 6
211 2
72 14
36 2
72 6
43 2
72 2
40 2
72 6
47 2
72 6
40 2
72 2
43 2
72 2
42 2
72 2
40 2
72 2
42 2
72 6
43 2
72 6
38 2
72 2
39 2
72 6
42 2
72 2
39 2
72 6
47 2
72 6
42 2
72 2
45 2
72 2
43 2
72 2
42 2
72 2
43 2
72 6
40 2
72 6
35 2
72 2
36 2
72 2
40 2
72 2
43 2
72 2
47 2
72 2
45 2
72 2
43 2
72 2
42 2
72 2
40 2
72 2
42 2
72 2
42 2
72 2
42 2
72 2
43 2
72 2
43 2
72 2
43 2
72 2
45 2
72 2
45 2
72 2
47 2
72 2
45 2
72 2
47 2
72 2
43 2
72 2
47 2
72 2
42 2
72 2
47 2
72 2
40 2
72 2
47 2
72 2
39 2
72 2
47 2
72 2
36 2
72 2
47 2
72 2
35 2
72 2
47 2
72 2
30 2
72 14
119 2
72 8
119 2
72 8
237 2
72 13
119 2
72 8
119 2
72 8
132 2
72 13
119 2
72 8
119 2
72 8
237 2
72 6
132 2
72 8
119 2
72 8
158 2
72 6
145 2
72 14
237 2
72 2
132 2
72 2
237 2
72 2
237 2
72 2
211 2
72 6
198 2
72 6
184 2
72 2
198 2
72 2
184 2
72 2
158 2
72 6
132 2
72 2
158 2
72 2
132 2
72 2
184 2
72 6
158 2
72 2
184 2
72 6
184 2
72 2
158 2
72 2
132 2
72 2
237 2
72 2
184 2
72 2
237 2
72 2
211 2
72 6
184 2
72 2
132 2
72 2
184 2
72 2
158 2
72 2
237 2
72 2
158 2
72 2
132 2
72 2
119 2
72 6
237 2
72 6
211 2
72 2
237 2
72 2
185 2
72 2
211 2
72 6
237 2
72 2
211 2
72 2
185 2
72 2
158 2
72 2
185 2
72 2
237 2
72 2
158 2
72 2
158 2
72 6
132 2
72 6
119 2
72 2
132 2
72 2
237 2
72 2
119 2
72 6
237 2
72 6
211 2
72 14
36 2
72 6
43 2
72 2
40 2
72 6
47 2
72 6
40 2
72 2
43 2
72 2
42 2
72 2
40 2
72 2
42 2
72 6
43 2
72 6
38 2
72 2
39 2
72 6
42 2
72 2
39 2
72 6
47 2
72 6
42 2
72 2
45 2
72 2
43 2
72 2
42 2
72 2
43 2
72 6
40 2
72 6
35 2
72 2
36 2
72 2
40 2
72 2
43 2
72 2
47 2
72 2
45 2
72 2
43 2
72 2
42 2
72 2
40 2
72 2
42 2
72 2
42 2
72 2
42 2
72 2
43 2
72 2
43 2
72 2
43 2
72 2
45 2
72 2
45 2
72 2
47 2
72 2
45 2
72 2
47 2
72 2
43 2
72 2
47 2
72 2
42 2
72 2
47 2
72 2
40 2
72 2
47 2
72 2
39 2
72 2
47 2
72 2
36 2
72 2
47 2
72 2
35 2
72 2
47 2
72 2
30 2
72 14
119 2
72 8
119 2
72 8
237 2
72 13
119 2
72 8
119 2
72 8
132 2
72 13
119 2
72 8
119 2
72 8
237 2
72 6
132 2
72 8
119 2
72 8
158 2
72 6
145 2
72 14
237 2
72 2
132 2
72 2
237 2
72 2
237 2
72 2
211 2
72 6
198 2
72 6
184 2
72 2
198 2
72 2
184 2
72 2
158 2
72 6
132 2
72 2
158 2
72 2
132 2
72 2
184 2
72 6
158 2
72 2
184 2
72 6
184 2
72 2
158 2
72 2
132 2
72 2
237 2
72 2
184 2
72 2
237 2
72 2
211 2
72 6
184 2
72 2
132 2
72 2
184 2
72 2
158 2
72 2
237 2
72 2
158 2
72 2
132 2
72 2
119 2
72 6
237 2
72 6
211 2
72 2
237 2
72 2
185 2
72 2
211 2
72 6
237 2
72 2
211 2
72 2
185 2
72 2
158 2
72 2
185 2
72 2
237 2
72 2
158 2
72 2
158 2
72 6
132 2
72 6
119 2
72 2
132 2
72 2
237 2
72 2
119 2
72 6
237 2
72 6
211 2
72 14
36 2
72 6
43 2
72 2
40 2
72 6
47 2
72 6
40 2
72 2
43 2
72 2
42 2
72 2
40 2
72 2
42 2
72 6
43 2
72 6
38 2
72 2
39 2
72 6
42 2
72 2
39 2
72 6
47 2
72 6
42 2
72 2
45 2
72 2
43 2
72 2
42 2
72 2
43 2
72 6
40 2
72 6
35 2
72 2
36 2
72 2
40 2
72 2
43 2
72 2
47 2
72 2
45 2
72 2
43 2
72 2
42 2
72 2
40 2
72 2
42 2
72 2
42 2
72 2
42 2
72 2
43 2
72 2
43 2
72 2
43 2
72 2
45 2
72 2
45 2
72 2
47 2
72 2
45 2
72 2
47 2
72 2
43 2
72 2
47 2
72 2
42 2
72 2
47 2
72 2
40 2
72 2
47 2
72 2
39 2
72 2
47 2
72 2
36 2
72 2
47 2
72 2
35 2
72 2
47 2
72 2
30 2
72 14
119 2
72 8
119 2
72 8
237 2
72 13
119 2
72 8
119 2
72 8
132 2
72 13
119 2
72 8
119 2
72 8
237 2
72 6
132 2
72 8
119 2
72 8
158 2
72 6
145 2
72 14
237 2
72 2
132 2
72 2
237 2
72 2
237 2
72 2
211 2
72 6
198 2
72 6
184 2
72 2
198 2
72 2
184 2
72 2
158 2
72 6
132 2
72 2
158 2
72 2
132 2
72 2
184 2
72 6
158 2
72 2
184 2
72 6
184 2
72 2
158 2
72 2
132 2
72 2
237 2
72 2
184 2
72 2
237 2
72 2
211 2
72 6
184 2
72 2
132 2
72 2
184 2
72 2
158 2
72 2
237 2
72 2
158 2
72 2
132 2
72 2
119 2
72 6
237 2
72 6
211 2
72 2
237 2
72 2
185 2
72 2
211 2
72 6
237 2
72 2
211 2
72 2
185 2
72 2
158 2
72 2
185 2
72 2
237 2
72 2
158 2
72 2
158 2
72 6
132 2
72 6
119 2
72 2
132 2
72 2
237 2
72 2
119 2
72 6
237 2
72 6
211 2
E
S
L
4 4
5 4
8 4
11 4
9 4
8 4
4 4
16 4
17 4
14 4
16 3
11 3
12 3
9 4
11 4
12 4
14 4
4 7
4 4
16 7
4 4
11 4
14 4
4 7
4 4
16 4
4 4
4 4
2 4
3 4
4 7
4 4
16 7
4 4
11 4
14 4
4 7
4 4
16 4
4 4
4 4
2 4
3 4
4 7
4 4
16 7
4 4
11 4
14 4
4 7
4 4
16 4
4 4
4 4
3 4
2 9
2 4
14 7
2 4
9 4
14 4
11 4
11 4
23 4
18 4
11 4
15 4
18 4
23 4
4 13
14 13
12 12
12 7
14 9
2 9
14 7
15 9
11 9
15 7
16 4
4 4
11 4
16 4
14 4
9 4
2 4
14 4
12 4
12 4
7 4
12 4
12 4
12 4
7 4
12 4
14 4
14 4
9 4
14 7
14 4
9 4
14 4
4 7
4 4
4 7
4 4
2 4
3 4
4 7
4 4
4 7
4 4
2 4
4 4
12 9
12 9
12 7
14 9
2 9
14 7
15 4
16 4
18 4
11 4
23 4
18 4
15 4
11 4
16 4
4 4
11 4
16 4
14 4
2 4
9 4
14 4
12 4
12 4
7 4
12 7
12 4
7 4
12 4
14 4
14 4
9 4
14 7
14 4
9 4
14 4
11 9
11 9
11 7
11 9
11 9
11 7
4 7
4 4
16 7
4 4
11 4
14 4
4 7
4 4
16 4
4 4
4 4
2 4
3 4
4 7
4 4
16 7
4 4
11 4
14 4
4 7
4 4
16 4
4 4
4 4
2 4
3 4
4 7
4 4
16 7
4 4
11 4
14 4
4 7
4 4
16 4
4 4
4 4
3 4
2 9
2 4
14 7
2 4
9 4
14 4
11 4
11 4
23 4
18 4
11 4
15 4
18 4
23 4
4 13
14 13
12 12
12 7
14 9
2 9
14 7
15 9
11 9
15 7
16 4
4 4
11 4
16 4
14 4
9 4
2 4
14 4
12 4
12 4
7 4
12 4
12 4
12 4
7 4
12 4
14 4
14 4
9 4
14 7
14 4
9 4
14 4
4 7
4 4
4 7
4 4
2 4
3 4
4 7
4 4
4 7
4 4
2 4
4 4
12 9
12 9
11 7
14 9
14 9
2 7
4 9
4 9
4 7
14 9
2 9
14 7
12 9
12 9
0 7
2 9
2 9
14 7
11 9
11 9
18 7
11 9
6 9
11 7
12 9
12 9
11 7
14 9
14 9
2 7
4 9
4 9
4 7
14 9
2 9
14 7
12 9
12 9
0 7
2 9
2 9
14 7
4 9
4 9
2 7
4 9
4 9
2 7
6 7
6 7
18 7
6 4
13 7
16 4
13 7
16 7
18 4
19 4
6 7
6 7
18 7
6 4
13 7
16 4
13 7
16 7
18 4
19 4
6 7
6 7
18 7
6 4
13 7
16 4
13 7
16 7
18 4
19 4
6 7
6 7
18 7
6 4
13 7
16 4
13 7
16 7
18 4
19 4
4 7
4 7
16 7
4 4
11 7
14 4
11 7
14 7
16 4
17 4
4 7
4 7
16 7
4 4
11 7
14 4
11 7
14 7
16 4
17 4
9 7
9 7
21 7
9 4
16 7
19 4
16 7
19 7
21 4
22 4
9 7
9 7
21 7
9 4
16 7
19 4
16 7
19 7
21 4
22 4
4 7
4 4
16 7
4 4
11 4
14 4
4 7
4 4
16 4
4 4
4 4
2 4
3 4
4 7
4 4
16 7
4 4
11 4
14 4
4 7
4 4
16 4
4 4
4 4
2 4
3 4
4 7
4 4
16 7
4 4
11 4
14 4
4 7
4 4
16 4
4 4
4 4
3 4
2 9
2 4
14 7
2 4
9 4
14 4
11 4
11 4
23 4
18 4
11 4
15 4
18 4
23 4
4 13
14 13
12 12
12 7
14 9
2 9
14 7
15 9
11 9
15 7
16 4
4 4
11 4
16 4
14 4
9 4
2 4
14 4
12 4
12 4
7 4
12 4
12 4
12 4
7 4
12 4
14 4
14 4
9 4
14 7
14 4
9 4
14 4
4 7
4 4
4 7
4 4
2 4
3 4
4 7
4 4
4 7
4 4
2 4
4 4
12 9
12 9
12 7
14 9
2 9
14 7
15 4
16 4
18 4
11 4
23 4
18 4
15 4
11 4
16 4
4 4
11 4
16 4
14 4
2 4
9 4
14 4
12 4
12 4
7 4
12 7
12 4
7 4
12 4
14 4
14 4
9 4
14 7
14 4
9 4
14 4
11 9
11 9
11 7
11 9
11 9
11 7
4 7
4 4
16 7
4 4
11 4
14 4
4 7
4 4
16 4
4 4
4 4
2 4
3 4
4 7
4 4
16 7
4 4
11 4
14 4
4 7
4 4
16 4
4 4
4 4
2 4
3 4
4 7
4 4
16 7
4 4
11 4
14 4
4 7
4 4
16 4
4 4
4 4
3 4
2 9
2 4
14 7
2 4
9 4
14 4
11 4
11 4
23 4
18 4
11 4
15 4
18 4
23 4
4 13
14 13
12 12
12 7
14 9
2 9
14 7
15 9
11 9
15 7
16 4
4 4
11 4
16 4
14 4
9 4
2 4
14 4
12 4
12 4
7 4
12 4
12 4
12 4
7 4
12 4
14 4
14 4
9 4
14 7
14 4
9 4
14 4
4 7
4 4
4 7
4 4
2 4
3 4
4 7
4 4
4 7
4 4
2 4
4 4
12 9
12 9
11 7
14 9
14 9
2 7
4 9
4 9
4 7
14 9
2 9
14 7
12 9
12 9
0 7
2 9
2 9
14 7
11 9
11 9
18 7
11 9
6 9
11 7
12 9
12 9
11 7
14 9
14 9
2 7
4 9
4 9
4 7
14 9
2 9
14 7
12 9
12 9
0 7
2 9
2 9
14 7
4 9
4 9
2 7
4 9
4 9
2 7
6 7
6 7
18 7
6 4
13 7
16 4
13 7
16 7
18 4
19 4
6 7
6 7
18 7
6 4
13 7
16 4
13 7
16 7
18 4
19 4
6 7
6 7
18 7
6 4
13 7
16 4
13 7
16 7
18 4
19 4
6 7
6 7
18 7
6 4
13 7
16 4
13 7
16 7
18 4
19 4
4 7
4 7
16 7
4 4
11 7
14 4
11 7
14 7
16 4
17 4
4 7
4 7
16 7
4 4
11 7
14 4
11 7
14 7
16 4
17 4
9 7
9 7
21 7
9 4
16 7
19 4
16 7
19 7
21 4
22 4
9 7
9 7
21 7
9 4
16 7
19 4
16 7
19 7
21 4
22 4
4 7
4 4
16 7
4 4
11 4
14 4
4 7
4 4
16 4
4 4
4 4
2 4
3 4
4 7
4 4
16 7
4 4
11 4
14 4
4 7
4 4
16 4
4 4
4 4
2 4
3 4
4 7
4 4
16 7
4 4
11 4
14 4
4 7
4 4
16 4
4 4
4 4
3 4
2 9
2 4
14 7
2 4
9 4
14 4
11 4
11 4
23 4
18 4
11 4
15 4
18 4
23 4
4 13
14 13
12 12
12 7
14 9
2 9
14 7
15 9
11 9
15 7
16 4
4 4
11 4
16 4
14 4
9 4
2 4
14 4
12 4
12 4
7 4
12 4
12 4
12 4
7 4
12 4
14 4
14 4
9 4
14 7
14 4
9 4
14 4
4 7
4 4
4 7
4 4
2 4
3 4
4 7
4 4
4 7
4 4
2 4
4 4
12 9
12 9
12 7
14 9
2 9
14 7
15 4
16 4
18 4
11 4
23 4
18 4
15 4
11 4
16 4
4 4
11 4
16 4
14 4
2 4
9 4
14 4
12 4
12 4
7 4
12 7
12 4
7 4
12 4
14 4
14 4
9 4
14 7
14 4
9 4
14 4
11 9
11 9
11 7
11 9
11 9
11 7
4 7
4 4
16 7
4 4
11 4
14 4
4 7
4 4
16 4
4 4
4 4
2 4
3 4
4 7
4 4
16 7
4 4
11 4
14 4
4 7
4 4
16 4
4 4
4 4
2 4
3 4
4 7
4 4
16 7
4 4
11 4
14 4
4 7
4 4
16 4
4 4
4 4
3 4
2 9
2 4
14 7
2 4
9 4
14 4
11 4
11 4
23 4
18 4
11 4
15 4
18 4
23 4
4 13
14 13
12 12
12 7
14 9
2 9
14 7
15 9
11 9
15 7
16 4
4 4
11 4
16 4
14 4
9 4
2 4
14 4
12 4
12 4
7 4
12 4
12 4
12 4
7 4
12 4
14 4
14 4
9 4
14 7
14 4
9 4
14 4
4 7
4 4
4 7
4 4
2 4
3 4
4 7
4 4
4 7
4 4
2 4
4 4
12 9
12 9
11 7
14 9
14 9
2 7
4 9
4 9
4 7
14 9
2 9
14 7
12 9
12 9
0 7
2 9
2 9
14 7
11 9
11 9
18 7
11 9
6 9
11 7
12 9
12 9
11 7
14 9
14 9
2 7
4 9
4 9
4 7
14 9
2 9
14 7
12 9
12 9
0 7
2 9
2 9
14 7
4 9
4 9
2 7
4 9
4 9
2 7
6 7
6 7
18 7
6 4
13 7
16 4
13 7
16 7
18 4
19 4
6 7
6 7
18 7
6 4
13 7
16 4
13 7
16 7
18 4
19 4
6 7
6 7
18 7
6 4
13 7
16 4
13 7
16 7
18 4
19 4
6 7
6 7
18 7
6 4
13 7
16 4
13 7
16 7
18 4
19 4
4 7
4 7
16 7
4 4
11 7
14 4
11 7
14 7
16 4
17 4
4 7
4 7
16 7
4 4
11 7
14 4
11 7
14 7
16 4
17 4
9 7
9 7
21 7
9 4
16 7
19 4
16 7
19 7
21 4
22 4
9 7
9 7
21 7
9 4
16 7
19 4
16 7
19 7
21 4
22 4
4 7
4 4
16 7
4 4
11 4
14 4
4 7
4 4
16 4
4 4
4 4
2 4
3 4
4 7
4 4
16 7
4 4
11 4
14 4
4 7
4 4
16 4
4 4
4 4
2 4
3 4
4 7
4 4
16 7
4 4
11 4
14 4
4 7
4 4
16 4
4 4
4 4
3 4
2 9
2 4
14 7
2 4
9 4
14 4
11 4
11 4
23 4
18 4
11 4
15 4
18 4
23 4
4 13
14 13
12 12
12 7
14 9
2 9
14 7
15 9
11 9
15 7
16 4
4 4
11 4
16 4
14 4
9 4
2 4
14 4
12 4
12 4
7 4
12 4
12 4
12 4
7 4
12 4
14 4
14 4
9 4
14 7
14 4
9 4
14 4
4 7
4 4
4 7
4 4
2 4
3 4
4 7
4 4
4 7
4 4
2 4
4 4
12 9
12 9
12 7
14 9
2 9
14 7
15 4
16 4
18 4
11 4
23 4
18 4
15 4
11 4
16 4
4 4
11 4
16 4
14 4
2 4
9 4
14 4
12 4
12 4
7 4
12 7
12 4
7 4
12 4
14 4
14 4
9 4
14 7
14 4
9 4
14 4
11 9
11 9
11 7
11 9
11 9
11 7
4 7
4 4
16 7
4 4
11 4
14 4
4 7
4 4
16 4
4 4
4 4
2 4
3 4
4 7
4 4
16 7
4 4
11 4
14 4
4 7
4 4
16 4
4 4
4 4
2 4
3 4
4 7
4 4
16 7
4 4
11 4
14 4
4 7
4 4
16 4
4 4
4 4
3 4
2 9
2 4
14 7
2 4
9 4
14 4
11 4
11 4
23 4
18 4
11 4
15 4
18 4
23 4
4 13
14 13
12 12
12 7
14 9
2 9
14 7
15 9
11 9
15 7
16 4
4 4
11 4
16 4
14 4
9 4
2 4
14 4
12 4
12 4
7 4
12 4
12 4
12 4
7 4
12 4
14 4
14 4
9 4
14 7
14 4
9 4
14 4
4 7
4 4
4 7
4 4
2 4
3 4
4 7
4 4
4 7
4 4
2 4
4 4
12 9
12 9
11 7
14 9
14 9
2 7
4 9
4 9
4 7
14 9
2 9
14 7
12 9
12 9
0 7
2 9
2 9
14 7
11 9
11 9
18 7
11 9
6 9
11 7
12 9
12 9
11 7
14 9
14 9
2 7
4 9
4 9
4 7
14 9
2 9
14 7
12 9
12 9
0 7
2 9
2 9
14 7
4 9
4 9
2 7
4 9
4 9
2 7
6 7
6 7
18 7
6 4
13 7
16 4
13 7
16 7
18 4
19 4
6 7
6 7
18 7
6 4
13 7
16 4
13 7
16 7
18 4
19 4
6 7
6 7
18 7
6 4
13 7
16 4
13 7
16 7
18 4
19 4
6 7
6 7
18 7
6 4
13 7
16 4
13 7
16 7
18 4
19 4
4 7
4 7
16 7
4 4
11 7
14 4
11 7
14 7
16 4
17 4
4 7
4 7
16 7
4 4
11 7
14 4
11 7
14 7
16 4
17 4
9 7
9 7
21 7
9 4
16 7
19 4
16 7
19 7
21 4
22 4
9 7
9 7
21 7
9 4
16 7
19 4
16 7
19 7
21 4
22 4
E
S
H
72 14
503 10
72 2
1471 8
72 2
503 7
671 8
72 2
1012 8
72 2
671 7
816 13
503 13
189 13
503 13
659 13
816 11
503 11
189 13
503 12
816 13
1456 13
72 14
815 8
72 2
815 8
72 2
815 7
671 8
72 2
1012 8
72 2
1760 7
72 14
503 10
72 2
1471 8
72 2
503 7
671 8
72 2
1012 8
72 2
671 7
816 13
503 13
189 13
503 13
659 13
816 11
503 11
189 13
503 12
816 13
1456 13
72 14
986 6
72 8
986 6
72 8
986 6
72 8
986 6
72 8
986 6
72 8
986 6
72 8
986 6
72 8
986 6
72 8
986 6
72 8
986 6
72 8
986 6
72 8
986 6
72 8
986 6
72 8
986 6
72 8
986 6
72 8
986 6
72 8
816 6
72 8
816 6
72 8
816 6
72 8
816 6
72 8
816 6
72 8
816 6
72 8
816 6
72 8
816 6
72 8
1445 6
72 8
1445 6
72 8
1445 6
72 8
1445 6
72 8
1445 6
72 8
1445 6
72 8
1445 6
72 8
1445 6
72 14
503 10
72 2
1471 8
72 2
503 7
671 8
72 2
1012 8
72 2
671 7
816 13
503 13
189 13
503 13
659 13
816 11
503 11
189 13
503 12
816 13
1456 13
72 14
815 8
72 2
815 8
72 2
815 7
671 8
72 2
1012 8
72 2
1760 7
72 14
503 10
72 2
1471 8
72 2
503 7
671 8
72 2
1012 8
72 2
671 7
816 13
503 13
189 13
503 13
659 13
816 11
503 11
189 13
503 12
816 13
1456 13
72 14
986 6
72 8
986 6
72 8
986 6
72 8
986 6
72 8
986 6
72 8
986 6
72 8
986 6
72 8
986 6
72 8
986 6
72 8
986 6
72 8
986 6
72 8
986 6
72 8
986 6
72 8
986 6
72 8
986 6
72 8
986 6
72 8
816 6
72 8
816 6
72 8
816 6
72 8
816 6
72 8
816 6
72 8
816 6
72 8
816 6
72 8
816 6
72 8
1445 6
72 8
1445 6
72 8
1445 6
72 8
1445 6
72 8
1445 6
72 8
1445 6
72 8
1445 6
72 8
1445 6
72 14
503 10
72 2
1471 8
72 2
503 7
671 8
72 2
1012 8
72 2
671 7
816 13
503 13
189 13
503 13
659 13
816 11
503 11
189 13
503 12
816 13
1456 13
72 14
815 8
72 2
815 8
72 2
815 7
671 8
72 2
1012 8
72 2
1760 7
72 14
503 10
72 2
1471 8
72 2
503 7
671 8
72 2
1012 8
72 2
671 7
816 13
503 13
189 13
503 13
659 13
816 11
503 11
189 13
503 12
816 13
1456 13
72 14
986 6
72 8
986 6
72 8
986 6
72 8
986 6
72 8
986 6
72 8
986 6
72 8
986 6
72 8
986 6
72 8
986 6
72 8
986 6
72 8
986 6
72 8
986 6
72 8
986 6
72 8
986 6
72 8
986 6
72 8
986 6
72 8
816 6
72 8
816 6
72 8
816 6
72 8
816 6
72 8
816 6
72 8
816 6
72 8
816 6
72 8
816 6
72 8
1445 6
72 8
1445 6
72 8
1445 6
72 8
1445 6
72 8
1445 6
72 8
1445 6
72 8
1445 6
72 8
1445 6
72 14
503 10
72 2
1471 8
72 2
503 7
671 8
72 2
1012 8
72 2
671 7
816 13
503 13
189 13
503 13
659 13
816 11
503 11
189 13
503 12
816 13
1456 13
72 14
815 8
72 2
815 8
72 2
815 7
671 8
72 2
1012 8
72 2
1760 7
72 14
503 10
72 2
1471 8
72 2
503 7
671 8
72 2
1012 8
72 2
671 7
816 13
503 13
189 13
503 13
659 13
816 11
503 11
189 13
503 12
816 13
1456 13
72 14
986 6
72 8
986 6
72 8
986 6
72 8
986 6
72 8
986 6
72 8
986 6
72 8
986 6
72 8
986 6
72 8
986 6
72 8
986 6
72 8
986 6
72 8
986 6
72 8
986 6
72 8
986 6
72 8
986 6
72 8
986 6
72 8
816 6
72 8
816 6
72 8
816 6
72 8
816 6
72 8
816 6
72 8
816 6
72 8
816 6
72 8
816 6
72 8
1445 6
72 8
1445 6
72 8
1445 6
72 8
1445 6
72 8
1445 6
72 8
1445 6
72 8
1445 6
72 8
1445 6
E
S
H
72 14
52 13
72 2
50 10
72 2
55 10
72 2
52 13
72 2
50 13
72 2
52 13
72 2
54 13
72 2
52 8
72 2
51 8
72 2
48 6
72 2
47 13
72 2
52 13
72 2
50 10
72 2
55 10
72 2
52 13
72 2
50 13
72 2
52 13
72 2
54 13
72 2
55 14
72 14
52 13
72 2
50 10
72 2
55 10
72 2
52 13
72 2
50 13
72 2
52 13
72 2
54 13
72 2
52 8
72 2
51 8
72 2
48 6
72 2
47 13
72 2
52 13
72 2
50 10
72 2
55 10
72 2
52 13
72 2
50 13
72 2
52 13
72 2
54 13
72 2
55 14
72 14
52 13
72 2
50 10
72 2
55 10
72 2
52 13
72 2
50 13
72 2
52 13
72 2
54 13
72 2
52 8
72 2
51 8
72 2
48 6
72 2
47 13
72 2
52 13
72 2
50 10
72 2
55 10
72 2
52 13
72 2
50 13
72 2
52 13
72 2
54 13
72 2
55 14
72 14
52 13
72 2
50 10
72 2
55 10
72 2
52 13
72 2
50 13
72 2
52 13
72 2
54 13
72 2
52 8
72 2
51 8
72 2
48 6
72 2
47 13
72 2
52 13
72 2
50 10
72 2
55 10
72 2
52 13
72 2
50 13
72 2
52 13
72 2
54 13
72 2
55 14
E
S
H
237 4
106 4
145 4
184 4
158 4
145 4
237 4
237 4
106 4
211 4
237 3
184 3
185 3
158 4
184 4
185 4
211 4
72 14
48 4
72 4
55 4
52 4
72 4
59 4
72 4
52 4
55 4
54 4
52 4
54 4
72 4
55 4
72 4
50 4
51 4
72 4
54 4
51 4
72 4
59 4
72 4
54 4
57 4
55 4
54 4
55 4
72 4
52 4
72 4
47 4
48 4
52 4
55 4
59 4
57 4
55 4
54 4
52 4
54 4
54 4
54 4
55 4
55 4
55 4
57 4
57 4
59 4
57 4
59 4
55 4
59 4
54 4
59 4
52 4
59 4
51 4
59 4
48 4
59 4
47 4
59 4
42 4
72 14
119 7
72 4
119 7
72 4
237 13
72 4
119 7
72 4
119 7
72 4
132 13
72 4
119 7
72 4
119 7
72 4
237 7
132 7
72 4
119 7
72 4
158 7
145 14
72 4
237 4
132 4
237 4
237 4
211 4
72 4
198 4
72 4
184 4
198 4
184 4
158 4
72 4
132 4
158 4
132 4
184 4
72 4
158 4
184 4
72 4
184 4
158 4
132 4
237 4
184 4
237 4
211 4
72 4
184 4
132 4
184 4
158 4
237 4
158 4
132 4
119 4
72 4
237 4
72 4
211 4
237 4
185 4
211 4
72 4
237 4
211 4
185 4
158 4
185 4
237 4
158 4
158 4
72 4
132 4
72 4
119 4
132 4
237 4
119 4
72 4
237 4
72 4
211 4
72 14
48 4
72 4
55 4
52 4
72 4
59 4
72 4
52 4
55 4
54 4
52 4
54 4
72 4
55 4
72 4
50 4
51 4
72 4
54 4
51 4
72 4
59 4
72 4
54 4
57 4
55 4
54 4
55 4
72 4
52 4
72 4
47 4
48 4
52 4
55 4
59 4
57 4
55 4
54 4
52 4
54 4
54 4
54 4
55 4
55 4
55 4
57 4
57 4
59 4
57 4
59 4
55 4
59 4
54 4
59 4
52 4
59 4
51 4
59 4
48 4
59 4
47 4
59 4
42 4
72 14
119 7
72 4
119 7
72 4
237 13
72 4
119 7
72 4
119 7
72 4
132 13
72 4
119 7
72 4
119 7
72 4
237 7
132 7
72 4
119 7
72 4
158 7
145 14
72 4
237 4
132 4
237 4
237 4
211 4
72 4
198 4
72 4
184 4
198 4
184 4
158 4
72 4
132 4
158 4
132 4
184 4
72 4
158 4
184 4
72 4
184 4
158 4
132 4
237 4
184 4
237 4
211 4
72 4
184 4
132 4
184 4
158 4
237 4
158 4
132 4
119 4
72 4
237 4
72 4
211 4
237 4
185 4
211 4
72 4
237 4
211 4
185 4
158 4
185 4
237 4
158 4
158 4
72 4
132 4
72 4
119 4
132 4
237 4
119 4
72 4
237 4
72 4
211 4
72 14
48 4
72 4
55 4
52 4
72 4
59 4
72 4
52 4
55 4
54 4
52 4
54 4
72 4
55 4
72 4
50 4
51 4
72 4
54 4
51 4
72 4
59 4
72 4
54 4
57 4
55 4
54 4
55 4
72 4
52 4
72 4
47 4
48 4
52 4
55 4
59 4
57 4
55 4
54 4
52 4
54 4
54 4
54 4
55 4
55 4
55 4
57 4
57 4
59 4
57 4
59 4
55 4
59 4
54 4
59 4
52 4
59 4
51 4
59 4
48 4
59 4
47 4
59 4
42 4
72 14
119 7
72 4
119 7
72 4
237 13
72 4
119 7
72 4
119 7
72 4
132 13
72 4
119 7
72 4
119 7
72 4
237 7
132 7
72 4
119 7
72 4
158 7
145 14
72 4
237 4
132 4
237 4
237 4
211 4
72 4
198 4
72 4
184 4
198 4
184 4
158 4
72 4
132 4
158 4
132 4
184 4
72 4
158 4
184 4
72 4
184 4
158 4
132 4
237 4
184 4
237 4
211 4
72 4
184 4
132 4
184 4
158 4
237 4
158 4
132 4
119 4
72 4
237 4
72 4
211 4
237 4
185 4
211 4
72 4
237 4
211 4
185 4
158 4
185 4
237 4
158 4
158 4
72 4
132 4
72 4
119 4
132 4
237 4
119 4
72 4
237 4
72 4
211 4
72 14
48 4
72 4
55 4
52 4
72 4
59 4
72 4
52 4
55 4
54 4
52 4
54 4
72 4
55 4
72 4
50 4
51 4
72 4
54 4
51 4
72 4
59 4
72 4
54 4
57 4
55 4
54 4
55 4
72 4
52 4
72 4
47 4
48 4
52 4
55 4
59 4
57 4
55 4
54 4
52 4
54 4
54 4
54 4
55 4
55 4
55 4
57 4
57 4
59 4
57 4
59 4
55 4
59 4
54 4
59 4
52 4
59 4
51 4
59 4
48 4
59 4
47 4
59 4
42 4
72 14
119 7
72 4
119 7
72 4
237 13
72 4
119 7
72 4
119 7
72 4
132 13
72 4
119 7
72 4
119 7
72 4
237 7
132 7
72 4
119 7
72 4
158 7
145 14
72 4
237 4
132 4
237 4
237 4
211 4
72 4
198 4
72 4
184 4
198 4
184 4
158 4
72 4
132 4
158 4
132 4
184 4
72 4
158 4
184 4
72 4
184 4
158 4
132 4
237 4
184 4
237 4
211 4
72 4
184 4
132 4
184 4
158 4
237 4
158 4
132 4
119 4
72 4
237 4
72 4
211 4
237 4
185 4
211 4
72 4
237 4
211 4
185 4
158 4
185 4
237 4
158 4
158 4
72 4
132 4
72 4
119 4
132 4
237 4
119 4
72 4
237 4
72 4
211 4
E
S
L
72 13
1483 2
72 2
1651 2
72 2
1567 2
72 0
23 2
223 2
26 2
72 0
1399 2
72 2
1507 2
72 2
1483 2
72 2
1459 2
72 2
1123 2
72 2
20 2
72 2
1663 2
72 2
20 2
72 2
175 2
72 2
199 2
72 2
1663 2
72 2
20 2
72 2
175 2
72 2
199 2
72 2
1663 2
72 2
199 2
72 2
18 2
72 2
199 2
72 2
1663 2
20 2
18 2
20 2
175 2
72 2
20 2
72 2
1663 2
72 2
20 2
72 2
175 2
72 2
199 2
72 2
1663 2
72 2
20 2
72 2
175 2
72 2
199 2
72 2
1663 2
72 2
199 2
72 2
18 2
72 2
199 2
72 2
1663 2
20 2
72 2
20 2
1415 2
72 2
20 2
72 2
1663 2
72 2
20 2
72 2
175 2
72 2
199 2
72 2
231 2
72 2
20 2
72 2
175 2
72 2
199 2
72 2
1663 2
72 2
199 2
72 2
18 2
72 2
199 2
72 2
1663 2
20 2
18 2
20 2
175 2
72 2
20 2
72 2
1663 2
72 2
121 2
72 2
175 2
72 2
199 2
72 2
1663 2
72 2
20 2
72 2
1183 2
72 2
199 2
72 2
1663 2
72 2
1495 2
72 2
18 2
72 2
199 2
72 2
1663 2
20 2
223 2
20 2
754 2
72 6
20 2
72 2
859 2
72 2
18 2
72 6
1549 2
72 2
20 2
72 2
859 2
72 6
20 2
72 2
859 2
72 2
18 2
72 2
20 2
72 2
1679 2
72 2
20 2
72 2
1027 2
72 6
20 2
72 2
859 2
72 2
18 2
72 6
1649 2
72 2
20 2
72 2
859 2
72 6
20 2
72 2
859 2
72 2
18 2
72 2
20 2
72 2
1679 2
72 2
20 2
72 2
859 2
72 6
20 2
72 2
859 2
72 2
18 2
72 6
1657 2
72 2
20 2
72 2
1124 2
72 2
230 2
72 2
230 2
72 2
230 2
72 2
221 2
72 2
1543 2
72 2
1675 2
72 2
1675 2
72 2
1127 2
72 2
20 2
72 2
231 2
72 2
20 2
72 2
175 2
72 2
199 2
72 2
231 2
72 2
20 2
72 2
175 2
72 2
199 2
72 2
231 2
72 2
199 2
72 2
175 2
72 2
199 2
72 2
231 2
20 2
1183 2
20 2
18 2
72 2
199 2
72 2
231 2
72 2
20 2
72 2
175 2
72 2
199 2
72 2
231 2
72 2
20 2
72 2
175 2
72 2
199 2
72 2
231 2
72 2
199 2
72 2
227 2
72 2
229 2
72 2
1659 2
72 2
1657 2
72 2
1002 2
72 6
20 2
72 2
558 2
72 2
18 2
72 6
1657 2
72 2
20 2
72 2
1027 2
72 6
20 2
72 2
558 2
72 2
18 2
72 2
20 2
72 2
1535 2
72 2
20 2
72 2
1003 2
72 6
20 2
72 2
859 2
72 2
18 2
72 6
1549 2
72 2
20 2
72 2
1002 2
72 6
20 2
72 2
859 2
72 2
18 2
72 2
20 2
72 2
1655 2
72 2
20 2
72 2
1026 2
72 6
20 2
72 2
858 2
72 2
18 2
72 6
1549 2
72 2
20 2
72 2
1003 2
72 6
20 2
72 2
859 2
72 2
18 2
72 2
20 2
72 2
1655 2
72 2
20 2
72 2
1183 2
72 6
20 2
72 2
859 2
72 2
18 2
72 6
1656 2
72 2
20 2
72 2
692 2
72 2
230 2
72 2
230 2
72 2
230 2
72 2
221 2
72 2
1543 2
72 2
1675 2
72 2
1675 2
72 2
1127 2
72 2
20 2
72 2
1663 2
72 2
20 2
72 2
175 2
72 2
199 2
72 2
1663 2
72 2
20 2
72 2
175 2
72 2
199 2
72 2
1663 2
72 2
199 2
72 2
18 2
72 2
199 2
72 2
1663 2
20 2
18 2
20 2
990 2
72 2
20 2
72 2
1663 2
72 2
198 2
72 2
175 2
72 2
199 2
72 2
1663 2
72 2
20 2
72 2
990 2
72 2
199 2
72 2
1663 2
72 2
1278 2
72 2
18 2
72 2
199 2
72 2
1663 2
20 2
72 2
20 2
270 2
72 2
20 2
72 2
1663 2
72 2
198 2
72 2
175 2
72 2
199 2
72 2
231 2
72 2
20 2
72 2
990 2
72 2
199 2
72 2
1663 2
72 2
1278 2
72 2
18 2
72 2
199 2
72 2
1663 2
20 2
18 2
20 2
990 2
72 2
20 2
72 2
1663 2
72 2
342 2
72 2
175 2
72 2
199 2
72 2
1651 2
72 2
20 2
72 2
1182 2
72 2
199 2
72 2
1663 2
72 2
1495 2
72 2
18 2
72 2
199 2
72 2
1663 2
20 2
223 2
20 2
751 2
72 6
20 2
72 2
859 2
72 2
18 2
72 6
1657 2
72 2
20 2
72 2
1002 2
72 6
20 2
72 2
859 2
72 2
18 2
72 2
20 2
72 2
1660 2
72 2
20 2
72 2
1028 2
72 6
20 2
72 2
859 2
72 2
18 2
72 6
1405 2
72 2
20 2
72 2
1003 2
72 6
20 2
72 2
859 2
72 2
18 2
72 2
20 2
72 2
1655 2
72 2
20 2
72 2
1027 2
72 6
20 2
72 2
859 2
72 2
18 2
72 6
1649 2
72 2
20 2
72 2
283 2
72 2
230 2
72 2
230 2
72 2
230 2
72 2
221 2
72 2
1543 2
72 2
1675 2
72 2
1675 2
72 2
1415 2
72 2
20 2
72 2
231 2
72 2
20 2
72 2
175 2
72 2
199 2
72 2
231 2
72 2
20 2
72 2
175 2
72 2
199 2
72 2
231 2
72 2
199 2
72 2
175 2
72 2
199 2
72 2
231 2
20 2
1183 2
20 2
18 2
72 2
199 2
72 2
231 2
72 2
20 2
72 2
175 2
72 2
199 2
72 2
231 2
72 2
20 2
72 2
175 2
72 2
199 2
72 2
231 2
72 2
199 2
72 2
227 2
72 2
229 2
72 2
1659 2
72 2
1657 2
72 2
308 2
72 6
20 2
72 2
558 2
72 2
18 2
72 6
1649 2
72 2
20 2
72 2
846 2
72 6
20 2
72 2
846 2
72 2
18 2
72 2
20 2
72 2
1660 2
72 2
20 2
72 2
1003 2
72 6
20 2
72 2
859 2
72 2
18 2
72 6
1657 2
72 2
20 2
72 2
859 2
72 6
20 2
72 2
558 2
72 2
18 2
72 2
20 2
72 2
1679 2
72 2
20 2
72 2
1028 2
72 6
20 2
72 2
859 2
72 2
18 2
72 6
1657 2
72 2
20 2
72 2
1002 2
72 6
20 2
72 2
859 2
72 2
18 2
72 2
20 2
72 2
1535 2
72 2
20 2
72 2
1027 2
72 6
20 2
72 2
859 2
72 2
18 2
72 6
1656 2
72 2
20 2
72 2
1003 2
72 2
230 2
72 2
230 2
72 2
230 2
72 2
221 2
72 2
1543 2
72 2
1675 2
72 2
1675 2
72 2
308 2
72 6
20 2
72 2
859 2
72 2
18 2
72 6
1405 2
72 2
20 2
72 2
1028 2
72 6
20 2
72 2
859 2
72 2
18 2
72 2
20 2
72 2
1535 2
72 2
20 2
72 2
846 2
72 6
20 2
72 2
858 2
72 2
18 2
72 6
1405 2
72 2
20 2
72 2
1028 2
72 6
20 2
72 2
859 2
72 2
18 2
72 2
20 2
72 2
1660 2
72 2
20 2
72 2
1002 2
72 6
20 2
72 2
858 2
72 2
18 2
72 6
1649 2
72 2
20 2
72 2
859 2
72 6
20 2
72 2
846 2
72 2
18 2
72 2
20 2
72 2
1535 2
72 2
20 2
72 2
990 2
72 6
20 2
72 2
858 2
72 2
18 2
72 6
1625 2
72 2
20 2
72 2
1026 2
72 2
230 2
72 2
230 2
72 2
1650 2
72 2
221 2
72 2
1543 2
72 2
1675 2
72 2
1675 2
72 2
1655 2
72 6
1291 2
72 2
1 2
72 2
1681 2
72 6
859 2
72 6
1679 2
72 6
859 2
72 6
1679 2
72 6
1315 2
72 2
859 2
72 2
1679 2
72 6
1291 2
72 2
1 2
72 2
1681 2
72 6
859 2
72 6
1758 2
72 6
859 2
72 2
1 2
72 2
1679 2
72 6
1315 2
72 2
859 2
72 2
1614 2
72 6
1316 2
72 2
1 2
72 2
1681 2
72 6
859 2
72 6
1674 2
72 6
859 2
72 2
1 2
72 2
1679 2
72 6
859 2
72 2
859 2
72 2
1758 2
72 6
1291 2
72 2
1 2
72 2
1681 2
72 6
859 2
72 6
1614 2
72 6
859 2
72 2
1 2
72 2
1679 2
72 6
1315 2
72 2
859 2
72 2
1482 2
72 6
1315 2
72 2
1 2
72 2
1681 2
72 6
859 2
72 6
1614 2
72 6
859 2
72 6
1679 2
72 6
1316 2
72 2
859 2
72 2
1679 2
72 6
1314 2
72 6
1681 2
72 6
846 2
72 6
1679 2
72 6
846 2
72 6
1679 2
72 6
1315 2
72 2
846 2
72 2
1535 2
72 6
1291 2
72 6
1681 2
72 6
858 2
72 6
1679 2
72 6
858 2
72 6
1679 2
72 6
1314 2
72 2
846 2
72 2
1631 2
72 6
1291 2
72 6
1681 2
72 6
846 2
72 6
1679 2
72 6
859 2
72 6
1679 2
72 6
858 2
72 2
859 2
72 2
1483 2
72 2
20 2
72 2
1663 2
72 2
20 2
72 2
175 2
72 2
199 2
72 2
1662 2
72 2
20 2
72 2
175 2
72 2
199 2
72 2
1566 2
72 2
199 2
72 2
18 2
72 2
199 2
72 2
1566 2
20 2
174 2
20 2
175 2
72 2
20 2
72 2
1566 2
72 2
20 2
72 2
175 2
72 2
199 2
72 2
1566 2
72 2
20 2
72 2
175 2
72 2
199 2
72 2
1663 2
72 2
199 2
72 2
18 2
72 2
199 2
72 2
1662 2
20 2
1 2
20 2
1127 2
72 2
20 2
72 2
1566 2
72 2
20 2
72 2
175 2
72 2
199 2
72 2
1662 2
72 2
20 2
72 2
175 2
72 2
199 2
72 2
1566 2
72 2
199 2
72 2
18 2
72 2
199 2
72 2
1662 2
20 2
174 2
20 2
175 2
72 2
20 2
72 2
1566 2
72 2
121 2
72 2
175 2
72 2
199 2
72 2
1663 2
72 2
20 2
72 2
1183 2
72 2
199 2
72 2
1662 2
72 2
1495 2
72 2
18 2
72 2
199 2
72 2
1230 2
20 2
1566 2
20 2
322 2
72 6
198 2
72 2
859 2
72 2
18 2
72 6
1494 2
72 2
20 2
72 2
1003 2
72 6
198 2
72 2
859 2
72 2
18 2
72 2
20 2
72 2
1679 2
72 2
198 2
72 2
859 2
72 6
20 2
72 2
859 2
72 2
18 2
72 6
1657 2
72 2
20 2
72 2
859 2
72 6
20 2
72 2
859 2
72 2
18 2
72 2
20 2
72 2
1535 2
72 2
20 2
72 2
1003 2
72 6
20 2
72 2
859 2
72 2
18 2
72 6
1549 2
72 2
20 2
72 2
1171 2
72 2
230 2
72 2
230 2
72 2
230 2
72 2
221 2
72 2
1543 2
72 2
1675 2
72 2
1675 2
72 2
1183 2
72 2
20 2
72 2
231 2
72 2
20 2
72 2
175 2
72 2
199 2
72 2
231 2
72 2
20 2
72 2
175 2
72 2
199 2
72 2
231 2
72 2
199 2
72 2
175 2
72 2
199 2
72 2
231 2
20 2
1183 2
20 2
18 2
72 2
199 2
72 2
231 2
72 2
20 2
72 2
175 2
72 2
199 2
72 2
231 2
72 2
20 2
72 2
175 2
72 2
199 2
72 2
231 2
72 2
199 2
72 2
227 2
72 2
229 2
72 2
1659 2
72 2
1657 2
72 2
738 2
72 6
20 2
72 2
558 2
72 2
18 2
72 6
1405 2
72 2
20 2
72 2
859 2
72 6
20 2
72 2
858 2
72 2
18 2
72 2
20 2
72 2
1655 2
72 2
20 2
72 2
858 2
72 6
20 2
72 2
858 2
72 2
18 2
72 6
1657 2
72 2
20 2
72 2
1028 2
72 6
20 2
72 2
858 2
72 2
18 2
72 2
20 2
72 2
1660 2
72 2
20 2
72 2
858 2
72 6
20 2
72 2
858 2
72 2
18 2
72 6
1649 2
72 2
20 2
72 2
1026 2
72 6
20 2
72 2
859 2
72 2
18 2
72 2
20 2
72 2
1660 2
72 2
20 2
72 2
1459 2
72 6
20 2
72 2
1459 2
72 2
18 2
72 6
1649 2
72 2
20 2
72 2
283 2
72 2
230 2
72 2
230 2
72 2
230 2
72 2
221 2
72 2
1543 2
72 2
1675 2
72 2
1675 2
72 2
1411 2
72 2
20 2
72 2
1663 2
72 2
20 2
72 2
175 2
72 2
199 2
72 2
1663 2
72 2
20 2
72 2
175 2
72 2
199 2
72 2
1663 2
72 2
199 2
72 2
18 2
72 2
199 2
72 2
1663 2
20 2
18 2
20 2
990 2
72 2
20 2
72 2
1663 2
72 2
198 2
72 2
175 2
72 2
199 2
72 2
1663 2
72 2
20 2
72 2
990 2
72 2
199 2
72 2
1663 2
72 2
1278 2
72 2
18 2
72 2
199 2
72 2
1663 2
20 2
72 2
20 2
270 2
72 2
20 2
72 2
1663 2
72 2
198 2
72 2
175 2
72 2
199 2
72 2
231 2
72 2
20 2
72 2
990 2
72 2
199 2
72 2
1663 2
72 2
1278 2
72 2
18 2
72 2
199 2
72 2
1663 2
20 2
18 2
20 2
990 2
72 2
20 2
72 2
1663 2
72 2
342 2
72 2
175 2
72 2
199 2
72 2
1663 2
72 2
20 2
72 2
1134 2
72 2
199 2
72 2
1663 2
72 2
1495 2
72 2
18 2
72 2
199 2
72 2
1663 2
20 2
223 2
20 2
739 2
72 6
20 2
72 2
858 2
72 2
18 2
72 6
1657 2
72 2
20 2
72 2
558 2
72 6
20 2
72 2
859 2
72 2
18 2
72 2
20 2
72 2
1679 2
72 2
20 2
72 2
1027 2
72 6
20 2
72 2
859 2
72 2
18 2
72 6
1657 2
72 2
20 2
72 2
1027 2
72 6
20 2
72 2
859 2
72 2
18 2
72 2
20 2
72 2
1679 2
72 2
20 2
72 2
1003 2
72 6
20 2
72 2
859 2
72 2
18 2
72 6
1405 2
72 2
20 2
72 2
1172 2
72 2
230 2
72 2
230 2
72 2
230 2
72 2
221 2
72 2
1543 2
72 2
1675 2
72 2
1675 2
72 2
1127 2
72 2
20 2
72 2
231 2
72 2
20 2
72 2
175 2
72 2
199 2
72 2
231 2
72 2
20 2
72 2
175 2
72 2
199 2
72 2
231 2
72 2
199 2
72 2
175 2
72 2
199 2
72 2
231 2
20 2
1183 2
20 2
18 2
72 2
199 2
72 2
231 2
72 2
20 2
72 2
175 2
72 2
199 2
72 2
231 2
72 2
20 2
72 2
175 2
72 2
199 2
72 2
231 2
72 2
199 2
72 2
227 2
72 2
229 2
72 2
1659 2
72 2
1657 2
72 2
694 2
72 6
20 2
72 2
858 2
72 2
18 2
72 6
1405 2
72 2
20 2
72 2
1028 2
72 6
20 2
72 2
858 2
72 2
18 2
72 2
20 2
72 2
1535 2
72 2
20 2
72 2
990 2
72 6
20 2
72 2
846 2
72 2
18 2
72 6
1657 2
72 2
20 2
72 2
859 2
72 6
20 2
72 2
846 2
72 2
18 2
72 2
20 2
72 2
1679 2
72 2
20 2
72 2
1027 2
72 6
20 2
72 2
558 2
72 2
18 2
72 6
1405 2
72 2
20 2
72 2
558 2
72 6
20 2
72 2
859 2
72 2
18 2
72 2
20 2
72 2
1660 2
72 2
20 2
72 2
1471 2
72 6
20 2
72 2
1435 2
72 2
18 2
72 6
1656 2
72 2
20 2
72 2
1003 2
72 2
230 2
72 2
230 2
72 2
230 2
72 2
221 2
72 2
1543 2
72 2
1675 2
72 2
1675 2
72 2
751 2
72 6
20 2
72 2
859 2
72 2
18 2
72 6
1405 2
72 2
20 2
72 2
859 2
72 6
20 2
72 2
859 2
72 2
18 2
72 2
20 2
72 2
1660 2
72 2
20 2
72 2
1003 2
72 6
20 2
72 2
846 2
72 2
18 2
72 6
1549 2
72 2
20 2
72 2
1003 2
72 6
20 2
72 2
858 2
72 2
18 2
72 2
20 2
72 2
1655 2
72 2
20 2
72 2
1003 2
72 6
20 2
72 2
859 2
72 2
18 2
72 6
1549 2
72 2
20 2
72 2
1003 2
72 6
20 2
72 2
846 2
72 2
18 2
72 2
20 2
72 2
1655 2
72 2
20 2
72 2
1482 2
72 6
20 2
72 2
1460 2
72 2
18 2
72 6
1649 2
72 2
20 2
72 2
702 2
72 2
230 2
72 2
230 2
72 2
1650 2
72 2
221 2
72 2
1543 2
72 2
1675 2
72 2
1675 2
72 2
1535 2
72 6
1315 2
72 2
1 2
72 2
1681 2
72 6
859 2
72 6
1758 2
72 6
859 2
72 6
1679 2
72 6
1291 2
72 2
859 2
72 2
1674 2
72 6
859 2
72 2
1 2
72 2
1681 2
72 6
859 2
72 6
1679 2
72 6
859 2
72 2
1 2
72 2
1679 2
72 6
1291 2
72 2
859 2
72 2
1674 2
72 6
1315 2
72 2
1 2
72 2
1681 2
72 6
859 2
72 6
1614 2
72 6
859 2
72 2
1 2
72 2
1679 2
72 6
1315 2
72 2
859 2
72 2
1614 2
72 6
1316 2
72 2
1 2
72 2
1681 2
72 6
859 2
72 6
1758 2
72 6
859 2
72 2
1 2
72 2
1679 2
72 6
1291 2
72 2
859 2
72 2
1636 2
72 6
859 2
72 2
1 2
72 2
1681 2
72 6
859 2
72 6
1674 2
72 6
859 2
72 6
1679 2
72 6
1316 2
72 2
859 2
72 2
1679 2
72 6
558 2
72 6
1681 2
72 6
858 2
72 6
1679 2
72 6
858 2
72 6
1679 2
72 6
1314 2
72 2
859 2
72 2
1487 2
72 6
1278 2
72 6
1681 2
72 6
558 2
72 6
1679 2
72 6
558 2
72 6
1679 2
72 6
1314 2
72 2
846 2
72 2
1679 2
72 6
1278 2
72 6
1681 2
72 6
846 2
72 6
1679 2
72 6
858 2
72 6
1679 2
72 6
1314 2
72 2
859 2
72 2
1415 2
72 2
20 2
72 2
1566 2
72 2
20 2
72 2
175 2
72 2
199 2
72 2
1662 2
72 2
20 2
72 2
175 2
72 2
199 2
72 2
1566 2
72 2
199 2
72 2
18 2
72 2
199 2
72 2
1566 2
20 2
174 2
20 2
175 2
72 2
20 2
72 2
1663 2
72 2
20 2
72 2
175 2
72 2
199 2
72 2
1662 2
72 2
20 2
72 2
175 2
72 2
199 2
72 2
1662 2
72 2
199 2
72 2
18 2
72 2
199 2
72 2
1662 2
20 2
1 2
20 2
1127 2
72 2
20 2
72 2
1566 2
72 2
20 2
72 2
175 2
72 2
199 2
72 2
1662 2
72 2
20 2
72 2
175 2
72 2
199 2
72 2
1662 2
72 2
199 2
72 2
18 2
72 2
199 2
72 2
1566 2
20 2
174 2
20 2
175 2
72 2
20 2
72 2
1566 2
72 2
121 2
72 2
175 2
72 2
199 2
72 2
1422 2
72 2
20 2
72 2
1183 2
72 2
199 2
72 2
1662 2
72 2
1495 2
72 2
18 2
72 2
199 2
72 2
1134 2
20 2
1566 2
20 2
1003 2
72 6
198 2
72 2
859 2
72 2
18 2
72 6
1638 2
72 2
20 2
72 2
859 2
72 6
198 2
72 2
859 2
72 2
18 2
72 2
20 2
72 2
1535 2
72 2
198 2
72 2
859 2
72 6
20 2
72 2
859 2
72 2
18 2
72 6
1649 2
72 2
20 2
72 2
859 2
72 6
20 2
72 2
859 2
72 2
18 2
72 2
20 2
72 2
1679 2
72 2
20 2
72 2
1027 2
72 6
20 2
72 2
859 2
72 2
18 2
72 6
1657 2
72 2
20 2
72 2
1028 2
72 2
230 2
72 2
230 2
72 2
230 2
72 2
221 2
72 2
1543 2
72 2
1675 2
72 2
1675 2
72 2
1123 2
72 2
20 2
72 2
231 2
72 2
20 2
72 2
175 2
72 2
199 2
72 2
231 2
72 2
20 2
72 2
175 2
72 2
199 2
72 2
231 2
72 2
199 2
72 2
175 2
72 2
199 2
72 2
231 2
20 2
1183 2
20 2
18 2
72 2
199 2
72 2
231 2
72 2
20 2
72 2
175 2
72 2
199 2
72 2
231 2
72 2
20 2
72 2
175 2
72 2
199 2
72 2
231 2
72 2
199 2
72 2
227 2
72 2
229 2
72 2
1659 2
72 2
1657 2
72 2
282 2
72 6
20 2
72 2
558 2
72 2
18 2
72 6
1649 2
72 2
20 2
72 2
858 2
72 6
20 2
72 2
859 2
72 2
18 2
72 2
20 2
72 2
1655 2
72 2
20 2
72 2
990 2
72 6
20 2
72 2
558 2
72 2
18 2
72 6
1657 2
72 2
20 2
72 2
1027 2
72 6
20 2
72 2
859 2
72 2
18 2
72 2
20 2
72 2
1535 2
72 2
20 2
72 2
990 2
72 6
20 2
72 2
858 2
72 2
18 2
72 6
1657 2
72 2
20 2
72 2
846 2
72 6
20 2
72 2
859 2
72 2
18 2
72 2
20 2
72 2
1679 2
72 2
20 2
72 2
1483 2
72 6
20 2
72 2
859 2
72 2
18 2
72 6
1656 2
72 2
20 2
72 2
754 2
72 2
230 2
72 2
230 2
72 2
230 2
72 2
221 2
72 2
1543 2
72 2
1675 2
72 2
1675 2
72 2
1487 2
72 2
20 2
72 2
1663 2
72 2
20 2
72 2
175 2
72 2
199 2
72 2
1663 2
72 2
20 2
72 2
175 2
72 2
199 2
72 2
1663 2
72 2
199 2
72 2
18 2
72 2
199 2
72 2
1663 2
20 2
18 2
20 2
990 2
72 2
20 2
72 2
1663 2
72 2
198 2
72 2
175 2
72 2
199 2
72 2
1663 2
72 2
20 2
72 2
990 2
72 2
199 2
72 2
1663 2
72 2
1278 2
72 2
18 2
72 2
199 2
72 2
1663 2
20 2
72 2
20 2
1482 2
72 2
20 2
72 2
1663 2
72 2
198 2
72 2
175 2
72 2
199 2
72 2
231 2
72 2
20 2
72 2
990 2
72 2
199 2
72 2
1663 2
72 2
1278 2
72 2
18 2
72 2
199 2
72 2
1663 2
20 2
18 2
20 2
990 2
72 2
20 2
72 2
1663 2
72 2
342 2
72 2
175 2
72 2
199 2
72 2
1651 2
72 2
20 2
72 2
1182 2
72 2
199 2
72 2
1663 2
72 2
1278 2
72 2
18 2
72 2
199 2
72 2
1231 2
20 2
223 2
20 2
858 2
72 6
20 2
72 2
846 2
72 2
18 2
72 6
1649 2
72 2
20 2
72 2
858 2
72 6
20 2
72 2
859 2
72 2
18 2
72 2
20 2
72 2
1655 2
72 2
20 2
72 2
1003 2
72 6
20 2
72 2
859 2
72 2
18 2
72 6
1649 2
72 2
20 2
72 2
1028 2
72 6
20 2
72 2
859 2
72 2
18 2
72 2
20 2
72 2
1535 2
72 2
20 2
72 2
1003 2
72 6
20 2
72 2
859 2
72 2
18 2
72 6
1405 2
72 2
20 2
72 2
1172 2
72 2
230 2
72 2
230 2
72 2
230 2
72 2
221 2
72 2
1543 2
72 2
1675 2
72 2
1675 2
72 2
1411 2
72 2
20 2
72 2
231 2
72 2
20 2
72 2
175 2
72 2
199 2
72 2
231 2
72 2
20 2
72 2
175 2
72 2
199 2
72 2
231 2
72 2
199 2
72 2
175 2
72 2
199 2
72 2
231 2
20 2
1183 2
20 2
18 2
72 2
199 2
72 2
231 2
72 2
20 2
72 2
175 2
72 2
199 2
72 2
231 2
72 2
20 2
72 2
175 2
72 2
199 2
72 2
231 2
72 2
199 2
72 2
227 2
72 2
229 2
72 2
1659 2
72 2
1657 2
72 2
1028 2
72 6
20 2
72 2
859 2
72 2
18 2
72 6
1657 2
72 2
20 2
72 2
558 2
72 6
20 2
72 2
558 2
72 2
18 2
72 2
20 2
72 2
1655 2
72 2
20 2
72 2
990 2
72 6
20 2
72 2
846 2
72 2
18 2
72 6
1549 2
72 2
20 2
72 2
558 2
72 6
20 2
72 2
858 2
72 2
18 2
72 2
20 2
72 2
1679 2
72 2
20 2
72 2
558 2
72 6
20 2
72 2
846 2
72 2
18 2
72 6
1649 2
72 2
20 2
72 2
1002 2
72 6
20 2
72 2
859 2
72 2
18 2
72 2
20 2
72 2
1655 2
72 2
20 2
72 2
1171 2
72 6
20 2
72 2
1460 2
72 2
18 2
72 6
1656 2
72 2
20 2
72 2
320 2
72 2
230 2
72 2
230 2
72 2
230 2
72 2
221 2
72 2
1543 2
72 2
1675 2
72 2
1675 2
72 2
752 2
72 6
20 2
72 2
859 2
72 2
18 2
72 6
1405 2
72 2
20 2
72 2
1028 2
72 6
20 2
72 2
859 2
72 2
18 2
72 2
20 2
72 2
1660 2
72 2
20 2
72 2
1027 2
72 6
20 2
72 2
558 2
72 2
18 2
72 6
1405 2
72 2
20 2
72 2
1026 2
72 6
20 2
72 2
558 2
72 2
18 2
72 2
20 2
72 2
1679 2
72 2
20 2
72 2
1002 2
72 6
20 2
72 2
859 2
72 2
18 2
72 6
1549 2
72 2
20 2
72 2
859 2
72 6
20 2
72 2
558 2
72 2
18 2
72 2
20 2
72 2
1679 2
72 2
20 2
72 2
1484 2
72 6
20 2
72 2
1460 2
72 2
18 2
72 6
1549 2
72 2
20 2
72 2
1002 2
72 2
230 2
72 2
230 2
72 2
1650 2
72 2
221 2
72 2
1543 2
72 2
1675 2
72 2
1675 2
72 2
1660 2
72 6
1291 2
72 2
1 2
72 2
1681 2
72 6
859 2
72 6
1614 2
72 6
859 2
72 6
1679 2
72 6
1291 2
72 2
859 2
72 2
1758 2
72 6
859 2
72 2
1 2
72 2
1681 2
72 6
859 2
72 6
1758 2
72 6
859 2
72 2
1 2
72 2
1679 2
72 6
1315 2
72 2
859 2
72 2
1674 2
72 6
859 2
72 2
1 2
72 2
1681 2
72 6
859 2
72 6
1674 2
72 6
859 2
72 2
1 2
72 2
1679 2
72 6
1315 2
72 2
859 2
72 2
1614 2
72 6
859 2
72 2
1 2
72 2
1681 2
72 6
859 2
72 6
1758 2
72 6
859 2
72 2
1 2
72 2
1679 2
72 6
1316 2
72 2
859 2
72 2
1650 2
72 6
1316 2
72 2
1 2
72 2
1681 2
72 6
859 2
72 6
1758 2
72 6
859 2
72 6
1679 2
72 6
1315 2
72 2
859 2
72 2
1679 2
72 6
1316 2
72 6
1681 2
72 6
558 2
72 6
1679 2
72 6
859 2
72 6
1679 2
72 6
558 2
72 2
846 2
72 2
1535 2
72 6
859 2
72 6
1681 2
72 6
558 2
72 6
1679 2
72 6
558 2
72 6
1679 2
72 6
846 2
72 2
859 2
72 2
1247 2
72 6
859 2
72 6
1681 2
72 6
858 2
72 6
1679 2
72 6
859 2
72 6
1679 2
72 6
1290 2
72 2
846 2
72 2
1411 2
72 2
20 2
72 2
1663 2
72 2
20 2
72 2
175 2
72 2
199 2
72 2
1662 2
72 2
20 2
72 2
175 2
72 2
199 2
72 2
1566 2
72 2
199 2
72 2
18 2
72 2
199 2
72 2
1662 2
20 2
174 2
20 2
175 2
72 2
20 2
72 2
1566 2
72 2
20 2
72 2
175 2
72 2
199 2
72 2
1566 2
72 2
20 2
72 2
175 2
72 2
199 2
72 2
1566 2
72 2
199 2
72 2
18 2
72 2
199 2
72 2
1663 2
20 2
1 2
20 2
1415 2
72 2
20 2
72 2
1566 2
72 2
20 2
72 2
175 2
72 2
199 2
72 2
1662 2
72 2
20 2
72 2
175 2
72 2
199 2
72 2
1663 2
72 2
199 2
72 2
18 2
72 2
199 2
72 2
1566 2
20 2
174 2
20 2
175 2
72 2
20 2
72 2
1662 2
72 2
121 2
72 2
175 2
72 2
199 2
72 2
1566 2
72 2
20 2
72 2
1183 2
72 2
199 2
72 2
1566 2
72 2
1495 2
72 2
18 2
72 2
199 2
72 2
1662 2
20 2
1566 2
20 2
695 2
72 6
198 2
72 2
859 2
72 2
18 2
72 6
1638 2
72 2
20 2
72 2
1028 2
72 6
198 2
72 2
859 2
72 2
18 2
72 2
20 2
72 2
1650 2
72 2
198 2
72 2
1028 2
72 6
20 2
72 2
859 2
72 2
18 2
72 6
1549 2
72 2
20 2
72 2
1027 2
72 6
20 2
72 2
859 2
72 2
18 2
72 2
20 2
72 2
1655 2
72 2
20 2
72 2
1027 2
72 6
20 2
72 2
859 2
72 2
18 2
72 6
1657 2
72 2
20 2
72 2
307 2
72 2
230 2
72 2
230 2
72 2
230 2
72 2
221 2
72 2
1543 2
72 2
1675 2
72 2
1675 2
72 2
1415 2
72 2
20 2
72 2
231 2
72 2
20 2
72 2
175 2
72 2
199 2
72 2
231 2
72 2
20 2
72 2
175 2
72 2
199 2
72 2
231 2
72 2
199 2
72 2
175 2
72 2
199 2
72 2
231 2
20 2
1183 2
20 2
18 2
72 2
199 2
72 2
231 2
72 2
20 2
72 2
175 2
72 2
199 2
72 2
231 2
72 2
20 2
72 2
175 2
72 2
199 2
72 2
231 2
72 2
199 2
72 2
227 2
72 2
229 2
72 2
1659 2
72 2
1657 2
72 2
320 2
72 6
20 2
72 2
859 2
72 2
18 2
72 6
1549 2
72 2
20 2
72 2
1002 2
72 6
20 2
72 2
859 2
72 2
18 2
72 2
20 2
72 2
1660 2
72 2
20 2
72 2
1026 2
72 6
20 2
72 2
858 2
72 2
18 2
72 6
1649 2
72 2
20 2
72 2
846 2
72 6
20 2
72 2
859 2
72 2
18 2
72 2
20 2
72 2
1679 2
72 2
20 2
72 2
1026 2
72 6
20 2
72 2
858 2
72 2
18 2
72 6
1405 2
72 2
20 2
72 2
1002 2
72 6
20 2
72 2
859 2
72 2
18 2
72 2
20 2
72 2
1660 2
72 2
20 2
72 2
1186 2
72 6
20 2
72 2
859 2
72 2
18 2
72 6
1489 2
72 2
20 2
72 2
691 2
72 2
230 2
72 2
230 2
72 2
230 2
72 2
221 2
72 2
1543 2
72 2
1675 2
72 2
1675 2
72 2
1483 2
72 2
20 2
72 2
1663 2
72 2
20 2
72 2
175 2
72 2
199 2
72 2
1663 2
72 2
20 2
72 2
175 2
72 2
199 2
72 2
1663 2
72 2
199 2
72 2
18 2
72 2
199 2
72 2
1663 2
20 2
18 2
20 2
990 2
72 2
20 2
72 2
1663 2
72 2
198 2
72 2
175 2
72 2
199 2
72 2
1663 2
72 2
20 2
72 2
990 2
72 2
199 2
72 2
1663 2
72 2
1278 2
72 2
18 2
72 2
199 2
72 2
1663 2
20 2
72 2
20 2
1487 2
72 2
20 2
72 2
1663 2
72 2
198 2
72 2
175 2
72 2
199 2
72 2
231 2
72 2
20 2
72 2
990 2
72 2
199 2
72 2
1663 2
72 2
1278 2
72 2
18 2
72 2
199 2
72 2
1663 2
20 2
18 2
20 2
990 2
72 2
20 2
72 2
1663 2
72 2
342 2
72 2
175 2
72 2
199 2
72 2
1659 2
72 2
20 2
72 2
1134 2
72 2
199 2
72 2
1663 2
72 2
1494 2
72 2
18 2
72 2
199 2
72 2
1635 2
20 2
223 2
20 2
990 2
72 6
20 2
72 2
846 2
72 2
18 2
72 6
1549 2
72 2
20 2
72 2
859 2
72 6
20 2
72 2
859 2
72 2
18 2
72 2
20 2
72 2
1655 2
72 2
20 2
72 2
1027 2
72 6
20 2
72 2
859 2
72 2
18 2
72 6
1657 2
72 2
20 2
72 2
1003 2
72 6
20 2
72 2
859 2
72 2
18 2
72 2
20 2
72 2
1660 2
72 2
20 2
72 2
859 2
72 6
20 2
72 2
859 2
72 2
18 2
72 6
1649 2
72 2
20 2
72 2
1127 2
72 2
230 2
72 2
230 2
72 2
230 2
72 2
221 2
72 2
1543 2
72 2
1675 2
72 2
1675 2
72 2
1123 2
72 2
20 2
72 2
231 2
72 2
20 2
72 2
175 2
72 2
199 2
72 2
231 2
72 2
20 2
72 2
175 2
72 2
199 2
72 2
231 2
72 2
199 2
72 2
175 2
72 2
199 2
72 2
231 2
20 2
1183 2
20 2
18 2
72 2
199 2
72 2
231 2
72 2
20 2
72 2
175 2
72 2
199 2
72 2
231 2
72 2
20 2
72 2
175 2
72 2
199 2
72 2
231 2
72 2
199 2
72 2
227 2
72 2
229 2
72 2
1659 2
72 2
1657 2
72 2
318 2
72 6
20 2
72 2
859 2
72 2
18 2
72 6
1405 2
72 2
20 2
72 2
1002 2
72 6
20 2
72 2
859 2
72 2
18 2
72 2
20 2
72 2
1679 2
72 2
20 2
72 2
1002 2
72 6
20 2
72 2
846 2
72 2
18 2
72 6
1405 2
72 2
20 2
72 2
1027 2
72 6
20 2
72 2
859 2
72 2
18 2
72 2
20 2
72 2
1660 2
72 2
20 2
72 2
846 2
72 6
20 2
72 2
859 2
72 2
18 2
72 6
1405 2
72 2
20 2
72 2
1027 2
72 6
20 2
72 2
859 2
72 2
18 2
72 2
20 2
72 2
1679 2
72 2
20 2
72 2
1459 2
72 6
20 2
72 2
859 2
72 2
18 2
72 6
1405 2
72 2
20 2
72 2
752 2
72 2
230 2
72 2
230 2
72 2
230 2
72 2
221 2
72 2
1543 2
72 2
1675 2
72 2
1675 2
72 2
751 2
72 6
20 2
72 2
859 2
72 2
18 2
72 6
1649 2
72 2
20 2
72 2
1028 2
72 6
20 2
72 2
859 2
72 2
18 2
72 2
20 2
72 2
1655 2
72 2
20 2
72 2
558 2
72 6
20 2
72 2
846 2
72 2
18 2
72 6
1649 2
72 2
20 2
72 2
1028 2
72 6
20 2
72 2
846 2
72 2
18 2
72 2
20 2
72 2
1655 2
72 2
20 2
72 2
858 2
72 6
20 2
72 2
859 2
72 2
18 2
72 6
1405 2
72 2
20 2
72 2
1003 2
72 6
20 2
72 2
558 2
72 2
18 2
72 2
20 2
72 2
1660 2
72 2
20 2
72 2
1471 2
72 6
20 2
72 2
858 2
72 2
18 2
72 6
1489 2
72 2
20 2
72 2
695 2
72 2
230 2
72 2
230 2
72 2
1650 2
72 2
221 2
72 2
1543 2
72 2
1675 2
72 2
1675 2
72 2
1655 2
72 6
859 2
72 2
1 2
72 2
1681 2
72 6
859 2
72 6
1679 2
72 6
859 2
72 6
1679 2
72 6
859 2
72 2
859 2
72 2
1674 2
72 6
1316 2
72 2
1 2
72 2
1681 2
72 6
859 2
72 6
1614 2
72 6
859 2
72 2
1 2
72 2
1679 2
72 6
859 2
72 2
859 2
72 2
1614 2
72 6
1316 2
72 2
1 2
72 2
1681 2
72 6
859 2
72 6
1674 2
72 6
859 2
72 2
1 2
72 2
1679 2
72 6
1315 2
72 2
859 2
72 2
1758 2
72 6
1291 2
72 2
1 2
72 2
1681 2
72 6
859 2
72 6
1679 2
72 6
859 2
72 2
1 2
72 2
1679 2
72 6
1316 2
72 2
859 2
72 2
1631 2
72 6
859 2
72 2
1 2
72 2
1681 2
72 6
859 2
72 6
1614 2
72 6
859 2
72 6
1679 2
72 6
1315 2
72 2
859 2
72 2
1679 2
72 6
846 2
72 6
1681 2
72 6
846 2
72 6
1679 2
72 6
846 2
72 6
1679 2
72 6
846 2
72 2
558 2
72 2
1487 2
72 6
1316 2
72 6
1681 2
72 6
858 2
72 6
1679 2
72 6
846 2
72 6
1679 2
72 6
1291 2
72 2
858 2
72 2
1247 2
72 6
1314 2
72 6
1681 2
72 6
846 2
72 6
1679 2
72 6
858 2
72 6
1679 2
72 6
1316 2
72 2
1 2
72 8
1 2
72 10
1 2
72 10
1 2
72 10
1 2
72 2
1 2
72 8
1 2
72 10
1 2
72 10
1 2
72 10
1 2
72 2
1 2
72 8
1 2
72 10
1 2
72 10
1 2
72 10
1 2
72 2
1 2
72 8
1 2
72 10
1 2
72 10
1 2
72 10
1 2
72 2
1 2
72 8
1 2
72 10
1 2
72 10
1 2
72 10
1 2
E
S
H
237 4
106 4
145 4
184 4
158 4
145 4
237 4
237 4
106 4
211 4
237 3
184 3
185 3
158 4
184 4
185 4
211 4
237 4
132 6
72 2
184 6
72 2
211 6
72 2
198 6
72 2
184 6
72 2
158 7
184 4
198 4
184 14
72 2
237 4
132 6
72 2
184 6
72 2
211 6
72 2
198 6
72 2
184 6
72 2
158 7
184 4
198 4
211 11
158 9
211 7
224 9
184 9
224 7
237 4
184 6
72 2
237 6
72 2
132 6
72 2
119 6
72 2
237 6
72 2
184 11
72 2
185 4
158 4
184 4
185 7
158 4
184 4
185 4
211 4
184 4
198 4
211 7
184 4
198 4
211 4
224 4
184 4
224 4
119 4
158 4
119 4
224 4
184 4
477 11
359 11
156 4
185 6
72 2
237 6
72 2
132 6
72 2
119 6
72 2
237 6
72 2
211 4
211 4
237 4
119 4
1768 14
72 14
237 4
132 6
72 2
184 6
72 2
211 6
72 2
198 6
72 2
184 6
72 2
158 7
184 4
198 4
184 14
72 2
237 4
132 6
72 2
184 6
72 2
211 6
72 2
198 6
72 2
184 6
72 2
158 7
184 4
198 4
211 11
158 9
211 7
224 9
184 9
224 7
237 4
184 6
72 2
237 6
72 2
132 6
72 2
119 6
72 2
237 6
72 2
184 11
72 2
185 4
158 4
184 4
185 7
158 4
184 4
185 4
211 4
184 4
198 4
211 7
184 4
198 4
211 4
224 4
184 4
224 4
119 4
158 4
119 4
224 4
184 4
525 11
1471 11
156 4
185 6
72 2
237 6
72 2
132 6
72 2
119 6
72 2
237 6
72 2
211 4
211 4
237 4
119 4
1761 14
72 14
119 8
72 2
119 8
72 2
237 13
72 2
119 8
72 2
119 8
72 2
132 13
72 2
119 8
72 2
119 8
72 2
237 7
132 8
72 2
119 8
72 2
158 7
145 14
72 4
237 4
132 4
237 4
237 4
211 4
72 4
198 4
72 4
184 4
198 4
184 4
158 4
72 4
132 4
158 4
132 4
184 4
72 4
158 4
184 4
72 4
184 4
158 4
132 4
237 4
184 4
237 4
211 4
72 4
184 4
132 4
184 4
158 4
237 4
158 4
132 4
119 4
72 4
237 4
72 4
211 4
237 4
185 4
211 4
72 4
237 4
211 4
185 4
158 4
185 4
237 4
158 4
158 4
72 4
132 4
72 4
119 4
132 4
237 4
119 4
72 4
237 4
72 4
211 4
237 4
132 6
72 2
184 6
72 2
211 6
72 2
198 6
72 2
184 6
72 2
158 7
184 4
198 4
184 14
72 2
237 4
132 6
72 2
184 6
72 2
211 6
72 2
198 6
72 2
184 6
72 2
158 7
184 4
198 4
211 11
158 9
211 7
224 9
184 9
224 7
237 4
184 6
72 2
237 6
72 2
132 6
72 2
119 6
72 2
237 6
72 2
184 11
72 2
185 4
158 4
184 4
185 7
158 4
184 4
185 4
211 4
184 4
198 4
211 7
184 4
198 4
211 4
224 4
184 4
224 4
119 4
158 4
119 4
224 4
184 4
477 11
359 11
156 4
185 6
72 2
237 6
72 2
132 6
72 2
119 6
72 2
237 6
72 2
211 4
211 4
237 4
119 4
1768 14
72 14
237 4
132 6
72 2
184 6
72 2
211 6
72 2
198 6
72 2
184 6
72 2
158 7
184 4
198 4
184 14
72 2
237 4
132 6
72 2
184 6
72 2
211 6
72 2
198 6
72 2
184 6
72 2
158 7
184 4
198 4
211 11
158 9
211 7
224 9
184 9
224 7
237 4
184 6
72 2
237 6
72 2
132 6
72 2
119 6
72 2
237 6
72 2
184 11
72 2
185 4
158 4
184 4
185 7
158 4
184 4
185 4
211 4
184 4
198 4
211 7
184 4
198 4
211 4
224 4
184 4
224 4
119 4
158 4
119 4
224 4
184 4
525 11
1471 11
156 4
185 6
72 2
237 6
72 2
132 6
72 2
119 6
72 2
237 6
72 2
211 4
211 4
237 4
119 4
1761 14
72 14
119 8
72 2
119 8
72 2
237 13
72 2
119 8
72 2
119 8
72 2
132 13
72 2
119 8
72 2
119 8
72 2
237 7
132 8
72 2
119 8
72 2
158 7
145 14
72 4
237 4
132 4
237 4
237 4
211 4
72 4
198 4
72 4
184 4
198 4
184 4
158 4
72 4
132 4
158 4
132 4
184 4
72 4
158 4
184 4
72 4
184 4
158 4
132 4
237 4
184 4
237 4
211 4
72 4
184 4
132 4
184 4
158 4
237 4
158 4
132 4
119 4
72 4
237 4
72 4
211 4
237 4
185 4
211 4
72 4
237 4
211 4
185 4
158 4
185 4
237 4
158 4
158 4
72 4
132 4
72 4
119 4
132 4
237 4
119 4
72 4
237 4
72 4
211 4
237 4
132 6
72 2
184 6
72 2
211 6
72 2
198 6
72 2
184 6
72 2
158 7
184 4
198 4
184 14
72 2
237 4
132 6
72 2
184 6
72 2
211 6
72 2
198 6
72 2
184 6
72 2
158 7
184 4
198 4
211 11
158 9
211 7
224 9
184 9
224 7
237 4
184 6
72 2
237 6
72 2
132 6
72 2
119 6
72 2
237 6
72 2
184 11
72 2
185 4
158 4
184 4
185 7
158 4
184 4
185 4
211 4
184 4
198 4
211 7
184 4
198 4
211 4
224 4
184 4
224 4
119 4
158 4
119 4
224 4
184 4
477 11
359 11
156 4
185 6
72 2
237 6
72 2
132 6
72 2
119 6
72 2
237 6
72 2
211 4
211 4
237 4
119 4
1768 14
72 14
237 4
132 6
72 2
184 6
72 2
211 6
72 2
198 6
72 2
184 6
72 2
158 7
184 4
198 4
184 14
72 2
237 4
132 6
72 2
184 6
72 2
211 6
72 2
198 6
72 2
184 6
72 2
158 7
184 4
198 4
211 11
158 9
211 7
224 9
184 9
224 7
237 4
184 6
72 2
237 6
72 2
132 6
72 2
119 6
72 2
237 6
72 2
184 11
72 2
185 4
158 4
184 4
185 7
158 4
184 4
185 4
211 4
184 4
198 4
211 7
184 4
198 4
211 4
224 4
184 4
224 4
119 4
158 4
119 4
224 4
184 4
525 11
1471 11
156 4
185 6
72 2
237 6
72 2
132 6
72 2
119 6
72 2
237 6
72 2
211 4
211 4
237 4
119 4
1761 14
72 14
119 8
72 2
119 8
72 2
237 13
72 2
119 8
72 2
119 8
72 2
132 13
72 2
119 8
72 2
119 8
72 2
237 7
132 8
72 2
119 8
72 2
158 7
145 14
72 4
237 4
132 4
237 4
237 4
211 4
72 4
198 4
72 4
184 4
198 4
184 4
158 4
72 4
132 4
158 4
132 4
184 4
72 4
158 4
184 4
72 4
184 4
158 4
132 4
237 4
184 4
237 4
211 4
72 4
184 4
132 4
184 4
158 4
237 4
158 4
132 4
119 4
72 4
237 4
72 4
211 4
237 4
185 4
211 4
72 4
237 4
211 4
185 4
158 4
185 4
237 4
158 4
158 4
72 4
132 4
72 4
119 4
132 4
237 4
119 4
72 4
237 4
72 4
211 4
237 4
132 6
72 2
184 6
72 2
211 6
72 2
198 6
72 2
184 6
72 2
158 7
184 4
198 4
184 14
72 2
237 4
132 6
72 2
184 6
72 2
211 6
72 2
198 6
72 2
184 6
72 2
158 7
184 4
198 4
211 11
158 9
211 7
224 9
184 9
224 7
237 4
184 6
72 2
237 6
72 2
132 6
72 2
119 6
72 2
237 6
72 2
184 11
72 2
185 4
158 4
184 4
185 7
158 4
184 4
185 4
211 4
184 4
198 4
211 7
184 4
198 4
211 4
224 4
184 4
224 4
119 4
158 4
119 4
224 4
184 4
477 11
359 11
156 4
185 6
72 2
237 6
72 2
132 6
72 2
119 6
72 2
237 6
72 2
211 4
211 4
237 4
119 4
1768 14
72 14
237 4
132 6
72 2
184 6
72 2
211 6
72 2
198 6
72 2
184 6
72 2
158 7
184 4
198 4
184 14
72 2
237 4
132 6
72 2
184 6
72 2
211 6
72 2
198 6
72 2
184 6
72 2
158 7
184 4
198 4
211 11
158 9
211 7
224 9
184 9
224 7
237 4
184 6
72 2
237 6
72 2
132 6
72 2
119 6
72 2
237 6
72 2
184 11
72 2
185 4
158 4
184 4
185 7
158 4
184 4
185 4
211 4
184 4
198 4
211 7
184 4
198 4
211 4
224 4
184 4
224 4
119 4
158 4
119 4
224 4
184 4
525 11
1471 11
156 4
185 6
72 2
237 6
72 2
132 6
72 2
119 6
72 2
237 6
72 2
211 4
211 4
237 4
119 4
1761 14
72 14
119 8
72 2
119 8
72 2
237 13
72 2
119 8
72 2
119 8
72 2
132 13
72 2
119 8
72 2
119 8
72 2
237 7
132 8
72 2
119 8
72 2
158 7
145 14
72 4
237 4
132 4
237 4
237 4
211 4
72 4
198 4
72 4
184 4
198 4
184 4
158 4
72 4
132 4
158 4
132 4
184 4
72 4
158 4
184 4
72 4
184 4
158 4
132 4
237 4
184 4
237 4
211 4
72 4
184 4
132 4
184 4
158 4
237 4
158 4
132 4
119 4
72 4
237 4
72 4
211 4
237 4
185 4
211 4
72 4
237 4
211 4
185 4
158 4
185 4
237 4
158 4
158 4
72 4
132 4
72 4
119 4
132 4
237 4
119 4
72 4
237 4
72 4
211 4
E
S
L
4 4
5 4
8 4
11 4
9 4
8 4
4 4
16 4
17 4
14 4
16 3
11 3
12 3
9 4
11 4
12 4
14 4
4 7
4 4
16 7
4 4
11 4
14 4
4 7
4 4
16 4
4 4
4 4
2 4
3 4
4 7
4 4
16 7
4 4
11 4
14 4
4 7
4 4
16 4
4 4
4 4
2 4
3 4
4 7
4 4
16 7
4 4
11 4
14 4
4 7
4 4
16 4
4 4
4 4
3 4
2 9
2 4
14 7
2 4
9 4
14 4
11 4
11 4
23 4
18 4
11 4
15 4
18 4
23 4
4 13
14 13
12 12
12 7
14 9
2 9
14 7
15 9
11 9
15 7
16 4
4 4
11 4
16 4
14 4
9 4
2 4
14 4
12 4
12 4
7 4
12 4
12 4
12 4
7 4
12 4
14 4
14 4
9 4
14 7
14 4
9 4
14 4
4 7
4 4
4 7
4 4
2 4
3 4
4 7
4 4
4 7
4 4
2 4
4 4
12 9
12 9
12 7
14 9
2 9
14 7
15 4
16 4
18 4
11 4
23 4
18 4
15 4
11 4
16 4
4 4
11 4
16 4
14 4
2 4
9 4
14 4
12 4
12 4
7 4
12 7
12 4
7 4
12 4
14 4
14 4
9 4
14 7
14 4
9 4
14 4
11 9
11 9
11 7
11 9
11 9
11 7
4 7
4 4
16 7
4 4
11 4
14 4
4 7
4 4
16 4
4 4
4 4
2 4
3 4
4 7
4 4
16 7
4 4
11 4
14 4
4 7
4 4
16 4
4 4
4 4
2 4
3 4
4 7
4 4
16 7
4 4
11 4
14 4
4 7
4 4
16 4
4 4
4 4
3 4
2 9
2 4
14 7
2 4
9 4
14 4
11 4
11 4
23 4
18 4
11 4
15 4
18 4
23 4
4 13
14 13
12 12
12 7
14 9
2 9
14 7
15 9
11 9
15 7
16 4
4 4
11 4
16 4
14 4
9 4
2 4
14 4
12 4
12 4
7 4
12 4
12 4
12 4
7 4
12 4
14 4
14 4
9 4
14 7
14 4
9 4
14 4
4 7
4 4
4 7
4 4
2 4
3 4
4 7
4 4
4 7
4 4
2 4
4 4
12 9
12 9
11 7
14 9
14 9
2 7
4 9
4 9
4 7
14 9
2 9
14 7
12 9
12 9
0 7
2 9
2 9
14 7
11 9
11 9
18 7
11 9
6 9
11 7
12 9
12 9
11 7
14 9
14 9
2 7
4 9
4 9
4 7
14 9
2 9
14 7
12 9
12 9
0 7
2 9
2 9
14 7
4 9
4 9
2 7
4 9
4 9
2 7
6 7
6 7
18 7
6 4
13 7
16 4
13 7
16 7
18 4
19 4
6 7
6 7
18 7
6 4
13 7
16 4
13 7
16 7
18 4
19 4
6 7
6 7
18 7
6 4
13 7
16 4
13 7
16 7
18 4
19 4
6 7
6 7
18 7
6 4
13 7
16 4
13 7
16 7
18 4
19 4
4 7
4 7
16 7
4 4
11 7
14 4
11 7
14 7
16 4
17 4
4 7
4 7
16 7
4 4
11 7
14 4
11 7
14 7
16 4
17 4
9 7
9 7
21 7
9 4
16 7
19 4
16 7
19 7
21 4
22 4
9 7
9 7
21 7
9 4
16 7
19 4
16 7
19 7
21 4
22 4
4 7
4 4
16 7
4 4
11 4
14 4
4 7
4 4
16 4
4 4
4 4
2 4
3 4
4 7
4 4
16 7
4 4
11 4
14 4
4 7
4 4
16 4
4 4
4 4
2 4
3 4
4 7
4 4
16 7
4 4
11 4
14 4
4 7
4 4
16 4
4 4
4 4
3 4
2 9
2 4
14 7
2 4
9 4
14 4
11 4
11 4
23 4
18 4
11 4
15 4
18 4
23 4
4 13
14 13
12 12
12 7
14 9
2 9
14 7
15 9
11 9
15 7
16 4
4 4
11 4
16 4
14 4
9 4
2 4
14 4
12 4
12 4
7 4
12 4
12 4
12 4
7 4
12 4
14 4
14 4
9 4
14 7
14 4
9 4
14 4
4 7
4 4
4 7
4 4
2 4
3 4
4 7
4 4
4 7
4 4
2 4
4 4
12 9
12 9
12 7
14 9
2 9
14 7
15 4
16 4
18 4
11 4
23 4
18 4
15 4
11 4
16 4
4 4
11 4
16 4
14 4
2 4
9 4
14 4
12 4
12 4
7 4
12 7
12 4
7 4
12 4
14 4
14 4
9 4
14 7
14 4
9 4
14 4
11 9
11 9
11 7
11 9
11 9
11 7
4 7
4 4
16 7
4 4
11 4
14 4
4 7
4 4
16 4
4 4
4 4
2 4
3 4
4 7
4 4
16 7
4 4
11 4
14 4
4 7
4 4
16 4
4 4
4 4
2 4
3 4
4 7
4 4
16 7
4 4
11 4
14 4
4 7
4 4
16 4
4 4
4 4
3 4
2 9
2 4
14 7
2 4
9 4
14 4
11 4
11 4
23 4
18 4
11 4
15 4
18 4
23 4
4 13
14 13
12 12
12 7
14 9
2 9
14 7
15 9
11 9
15 7
16 4
4 4
11 4
16 4
14 4
9 4
2 4
14 4
12 4
12 4
7 4
12 4
12 4
12 4
7 4
12 4
14 4
14 4
9 4
14 7
14 4
9 4
14 4
4 7
4 4
4 7
4 4
2 4
3 4
4 7
4 4
4 7
4 4
2 4
4 4
12 9
12 9
11 7
14 9
14 9
2 7
4 9
4 9
4 7
14 9
2 9
14 7
12 9
12 9
0 7
2 9
2 9
14 7
11 9
11 9
18 7
11 9
6 9
11 7
12 9
12 9
11 7
14 9
14 9
2 7
4 9
4 9
4 7
14 9
2 9
14 7
12 9
12 9
0 7
2 9
2 9
14 7
4 9
4 9
2 7
4 9
4 9
2 7
6 7
6 7
18 7
6 4
13 7
16 4
13 7
16 7
18 4
19 4
6 7
6 7
18 7
6 4
13 7
16 4
13 7
16 7
18 4
19 4
6 7
6 7
18 7
6 4
13 7
16 4
13 7
16 7
18 4
19 4
6 7
6 7
18 7
6 4
13 7
16 4
13 7
16 7
18 4
19 4
4 7
4 7
16 7
4 4
11 7
14 4
11 7
14 7
16 4
17 4
4 7
4 7
16 7
4 4
11 7
14 4
11 7
14 7
16 4
17 4
9 7
9 7
21 7
9 4
16 7
19 4
16 7
19 7
21 4
22 4
9 7
9 7
21 7
9 4
16 7
19 4
16 7
19 7
21 4
22 4
4 7
4 4
16 7
4 4
11 4
14 4
4 7
4 4
16 4
4 4
4 4
2 4
3 4
4 7
4 4
16 7
4 4
11 4
14 4
4 7
4 4
16 4
4 4
4 4
2 4
3 4
4 7
4 4
16 7
4 4
11 4
14 4
4 7
4 4
16 4
4 4
4 4
3 4
2 9
2 4
14 7
2 4
9 4
14 4
11 4
11 4
23 4
18 4
11 4
15 4
18 4
23 4
4 13
14 13
12 12
12 7
14 9
2 9
14 7
15 9
11 9
15 7
16 4
4 4
11 4
16 4
14 4
9 4
2 4
14 4
12 4
12 4
7 4
12 4
12 4
12 4
7 4
12 4
14 4
14 4
9 4
14 7
14 4
9 4
14 4
4 7
4 4
4 7
4 4
2 4
3 4
4 7
4 4
4 7
4 4
2 4
4 4
12 9
12 9
12 7
14 9
2 9
14 7
15 4
16 4
18 4
11 4
23 4
18 4
15 4
11 4
16 4
4 4
11 4
16 4
14 4
2 4
9 4
14 4
12 4
12 4
7 4
12 7
12 4
7 4
12 4
14 4
14 4
9 4
14 7
14 4
9 4
14 4
11 9
11 9
11 7
11 9
11 9
11 7
4 7
4 4
16 7
4 4
11 4
14 4
4 7
4 4
16 4
4 4
4 4
2 4
3 4
4 7
4 4
16 7
4 4
11 4
14 4
4 7
4 4
16 4
4 4
4 4
2 4
3 4
4 7
4 4
16 7
4 4
11 4
14 4
4 7
4 4
16 4
4 4
4 4
3 4
2 9
2 4
14 7
2 4
9 4
14 4
11 4
11 4
23 4
18 4
11 4
15 4
18 4
23 4
4 13
14 13
12 12
12 7
14 9
2 9
14 7
15 9
11 9
15 7
16 4
4 4
11 4
16 4
14 4
9 4
2 4
14 4
12 4
12 4
7 4
12 4
12 4
12 4
7 4
12 4
14 4
14 4
9 4
14 7
14 4
9 4
14 4
4 7
4 4
4 7
4 4
2 4
3 4
4 7
4 4
4 7
4 4
2 4
4 4
12 9
12 9
11 7
14 9
14 9
2 7
4 9
4 9
4 7
14 9
2 9
14 7
12 9
12 9
0 7
2 9
2 9
14 7
11 9
11 9
18 7
11 9
6 9
11 7
12 9
12 9
11 7
14 9
14 9
2 7
4 9
4 9
4 7
14 9
2 9
14 7
12 9
12 9
0 7
2 9
2 9
14 7
4 9
4 9
2 7
4 9
4 9
2 7
6 7
6 7
18 7
6 4
13 7
16 4
13 7
16 7
18 4
19 4
6 7
6 7
18 7
6 4
13 7
16 4
13 7
16 7
18 4
19 4
6 7
6 7
18 7
6 4
13 7
16 4
13 7
16 7
18 4
19 4
6 7
6 7
18 7
6 4
13 7
16 4
13 7
16 7
18 4
19 4
4 7
4 7
16 7
4 4
11 7
14 4
11 7
14 7
16 4
17 4
4 7
4 7
16 7
4 4
11 7
14 4
11 7
14 7
16 4
17 4
9 7
9 7
21 7
9 4
16 7
19 4
16 7
19 7
21 4
22 4
9 7
9 7
21 7
9 4
16 7
19 4
16 7
19 7
21 4
22 4
4 7
4 4
16 7
4 4
11 4
14 4
4 7
4 4
16 4
4 4
4 4
2 4
3 4
4 7
4 4
16 7
4 4
11 4
14 4
4 7
4 4
16 4
4 4
4 4
2 4
3 4
4 7
4 4
16 7
4 4
11 4
14 4
4 7
4 4
16 4
4 4
4 4
3 4
2 9
2 4
14 7
2 4
9 4
14 4
11 4
11 4
23 4
18 4
11 4
15 4
18 4
23 4
4 13
14 13
12 12
12 7
14 9
2 9
14 7
15 9
11 9
15 7
16 4
4 4
11 4
16 4
14 4
9 4
2 4
14 4
12 4
12 4
7 4
12 4
12 4
12 4
7 4
12 4
14 4
14 4
9 4
14 7
14 4
9 4
14 4
4 7
4 4
4 7
4 4
2 4
3 4
4 7
4 4
4 7
4 4
2 4
4 4
12 9
12 9
12 7
14 9
2 9
14 7
15 4
16 4
18 4
11 4
23 4
18 4
15 4
11 4
16 4
4 4
11 4
16 4
14 4
2 4
9 4
14 4
12 4
12 4
7 4
12 7
12 4
7 4
12 4
14 4
14 4
9 4
14 7
14 4
9 4
14 4
11 9
11 9
11 7
11 9
11 9
11 7
4 7
4 4
16 7
4 4
11 4
14 4
4 7
4 4
16 4
4 4
4 4
2 4
3 4
4 7
4 4
16 7
4 4
11 4
14 4
4 7
4 4
16 4
4 4
4 4
2 4
3 4
4 7
4 4
16 7
4 4
11 4
14 4
4 7
4 4
16 4
4 4
4 4
3 4
2 9
2 4
14 7
2 4
9 4
14 4
11 4
11 4
23 4
18 4
11 4
15 4
18 4
23 4
4 13
14 13
12 12
12 7
14 9
2 9
14 7
15 9
11 9
15 7
16 4
4 4
11 4
16 4
14 4
9 4
2 4
14 4
12 4
12 4
7 4
12 4
12 4
12 4
7 4
12 4
14 4
14 4
9 4
14 7
14 4
9 4
14 4
4 7
4 4
4 7
4 4
2 4
3 4
4 7
4 4
4 7
4 4
2 4
4 4
12 9
12 9
11 7
14 9
14 9
2 7
4 9
4 9
4 7
14 9
2 9
14 7
12 9
12 9
0 7
2 9
2 9
14 7
11 9
11 9
18 7
11 9
6 9
11 7
12 9
12 9
11 7
14 9
14 9
2 7
4 9
4 9
4 7
14 9
2 9
14 7
12 9
12 9
0 7
2 9
2 9
14 7
4 9
4 9
2 7
4 9
4 9
2 7
6 7
6 7
18 7
6 4
13 7
16 4
13 7
16 7
18 4
19 4
6 7
6 7
18 7
6 4
13 7
16 4
13 7
16 7
18 4
19 4
6 7
6 7
18 7
6 4
13 7
16 4
13 7
16 7
18 4
19 4
6 7
6 7
18 7
6 4
13 7
16 4
13 7
16 7
18 4
19 4
4 7
4 7
16 7
4 4
11 7
14 4
11 7
14 7
16 4
17 4
4 7
4 7
16 7
4 4
11 7
14 4
11 7
14 7
16 4
17 4
9 7
9 7
21 7
9 4
16 7
19 4
16 7
19 7
21 4
22 4
9 7
9 7
21 7
9 4
16 7
19 4
16 7
19 7
21 4
22 4
E
S
H
72 14
52 13
72 2
50 10
72 2
55 10
72 2
52 13
72 2
50 13
72 2
52 13
72 2
54 13
72 2
52 8
72 2
51 8
72 2
48 6
72 2
47 13
72 2
52 13
72 2
50 10
72 2
55 10
72 2
52 13
72 2
50 13
72 2
52 13
72 2
54 13
72 2
55 14
72 14
52 13
72 2
50 10
72 2
55 10
72 2
52 13
72 2
50 13
72 2
52 13
72 2
54 13
72 2
52 8
72 2
51 8
72 2
48 6
72 2
47 13
72 2
52 13
72 2
50 10
72 2
55 10
72 2
52 13
72 2
50 13
72 2
52 13
72 2
54 13
72 2
55 14
72 14
52 13
72 2
50 10
72 2
55 10
72 2
52 13
72 2
50 13
72 2
52 13
72 2
54 13
72 2
52 8
72 2
51 8
72 2
48 6
72 2
47 13
72 2
52 13
72 2
50 10
72 2
55 10
72 2
52 13
72 2
50 13
72 2
52 13
72 2
54 13
72 2
55 14
72 14
52 13
72 2
50 10
72 2
55 10
72 2
52 13
72 2
50 13
72 2
52 13
72 2
54 13
72 2
52 8
72 2
51 8
72 2
48 6
72 2
47 13
72 2
52 13
72 2
50 10
72 2
55 10
72 2
52 13
72 2
50 13
72 2
52 13
72 2
54 13
72 2
55 14
E
X
