minor
S
H
53 2
55 2
72 2
58 2
62 4
60 3
72 5
58 2
55 4
72 6
53 2
55 2
72 2
58 2
62 4
60 3
72 11
53 2
55 2
72 2
58 2
62 4
60 3
72 5
58 2
55 4
72 6
53 2
55 2
72 2
58 2
62 4
60 3
72 11
53 2
55 2
72 2
58 2
60 2
62 2
72 2
65 2
67 11
65 2
62 2
72 2
60 2
58 2
55 2
72 2
53 2
58 11
53 2
55 2
72 2
58 2
62 4
60 4
58 4
55 4
53 4
55 4
58 13
53 2
55 2
72 2
58 2
62 4
60 3
72 5
58 2
55 4
72 6
53 2
55 2
72 2
58 2
62 4
60 3
72 11
53 2
55 2
72 2
58 2
62 4
60 3
72 5
58 2
55 4
72 6
53 2
55 2
72 2
58 2
62 4
60 3
72 11
53 2
55 2
72 2
58 2
60 2
62 2
72 2
65 2
67 11
65 2
62 2
72 2
60 2
58 2
55 2
72 2
53 2
58 11
53 2
55 2
72 2
58 2
62 4
60 4
58 4
55 4
53 4
55 4
58 13
E
S
H
48 2
46 2
72 2
43 2
41 4
43 4
46 4
50 4
72 7
48 2
46 2
72 2
43 2
41 4
43 4
46 4
50 4
72 7
48 2
46 2
72 2
43 2
41 4
43 4
46 4
50 4
72 7
48 2
46 2
72 2
43 2
41 4
43 4
46 4
50 4
72 7
48 2
46 2
72 2
43 2
41 2
43 2
72 2
46 2
48 2
46 2
72 2
43 2
41 2
43 2
72 2
46 2
48 2
46 2
72 2
43 2
41 2
43 2
72 2
46 2
48 2
46 2
72 2
43 2
41 2
43 2
72 2
46 2
48 2
46 2
72 2
43 2
41 2
43 2
72 2
46 2
48 2
46 2
72 2
43 2
41 2
43 2
72 2
46 2
48 2
46 2
72 2
43 2
41 2
43 2
72 2
46 2
48 2
46 2
72 2
43 2
41 2
43 2
72 2
46 2
48 2
46 2
72 2
43 2
41 4
43 4
46 4
50 4
72 7
48 2
46 2
72 2
43 2
41 4
43 4
46 4
50 4
72 7
48 2
46 2
72 2
43 2
41 4
43 4
46 4
50 4
72 7
48 2
46 2
72 2
43 2
41 4
43 4
46 4
50 4
72 7
48 2
46 2
72 2
43 2
41 2
43 2
72 2
46 2
48 2
46 2
72 2
43 2
41 2
43 2
72 2
46 2
48 2
46 2
72 2
43 2
41 2
43 2
72 2
46 2
48 2
46 2
72 2
43 2
41 2
43 2
72 2
46 2
48 2
46 2
72 2
43 2
41 2
43 2
72 2
46 2
48 2
46 2
72 2
43 2
41 2
43 2
72 2
46 2
48 2
46 2
72 2
43 2
41 2
43 2
72 2
46 2
48 2
46 2
72 2
43 2
41 2
43 2
72 2
46 2
E
S
H
34 2
72 2
38 2
43 2
34 2
72 2
38 2
43 2
34 2
72 2
38 2
43 2
34 2
72 2
38 2
43 2
34 2
72 2
38 2
43 2
34 2
72 2
38 2
43 2
34 2
72 2
38 2
43 2
34 2
72 2
38 2
43 2
34 2
72 2
38 2
43 2
34 2
72 2
38 2
43 2
34 2
72 2
38 2
43 2
34 2
72 2
38 2
43 2
34 2
72 2
38 2
43 2
34 2
72 2
38 2
43 2
34 2
72 2
38 2
43 2
34 2
72 2
38 2
43 2
34 2
72 2
38 2
43 2
34 2
72 2
38 2
43 2
34 2
72 2
38 2
43 2
34 2
72 2
38 2
43 2
34 2
72 2
38 2
43 2
34 2
72 2
38 2
43 2
34 2
72 2
38 2
43 2
34 2
72 2
38 2
43 2
34 2
72 2
38 2
43 2
34 2
72 2
38 2
43 2
34 2
72 2
38 2
43 2
34 2
72 2
38 2
43 2
34 2
72 2
38 2
43 2
34 2
72 2
38 2
43 2
34 2
72 2
38 2
43 2
34 2
72 2
38 2
43 2
34 2
72 2
38 2
43 2
34 2
72 2
38 2
43 2
34 2
72 2
38 2
43 2
34 2
72 2
38 2
43 2
34 2
72 2
38 2
43 2
34 2
72 2
38 2
43 2
34 2
72 2
38 2
43 2
34 2
72 2
38 2
43 2
34 2
72 2
38 2
43 2
34 2
72 2
38 2
43 2
34 2
72 2
38 2
43 2
34 2
72 2
38 2
43 2
34 2
72 2
38 2
43 2
34 2
72 2
38 2
43 2
34 2
72 2
38 2
43 2
34 2
72 2
38 2
43 2
34 2
72 2
38 2
43 2
34 2
72 2
38 2
43 2
34 2
72 2
38 2
43 2
34 2
72 2
38 2
43 2
34 2
72 2
38 2
43 2
34 2
72 2
38 2
43 2
34 2
72 2
38 2
43 2
34 2
72 2
38 2
43 2
34 2
72 2
38 2
43 2
34 2
72 2
38 2
43 2
34 2
72 2
38 2
43 2
34 2
72 2
38 2
43 2
34 2
72 2
38 2
43 2
34 2
72 2
38 2
43 2
34 2
72 2
38 2
43 2
34 2
72 2
38 2
43 2
E
X
