minor
S
L
17 4
24 4
32 11
17 4
24 4
32 11
22 4
29 4
38 11
22 4
29 4
36 11
17 4
24 4
32 11
17 4
24 4
32 11
22 4
29 4
38 11
22 4
29 4
36 11
25 4
32 4
39 7
32 7
25 4
32 4
41 11
27 4
34 4
41 9
34 4
27 4
34 4
43 4
44 4
43 4
39 4
25 4
32 4
39 7
32 7
25 4
32 4
41 11
27 4
34 4
41 9
34 4
27 4
34 4
43 4
44 4
43 4
39 4
E
S
L
17 10
72 2
24 6
72 2
17 10
72 2
17 7
10 10
72 2
17 7
22 10
72 2
10 6
72 2
17 10
72 2
24 6
72 2
17 10
72 2
17 7
10 10
72 2
17 7
22 10
72 2
10 4
12 4
13 10
72 2
20 6
72 2
13 12
72 2
15 10
72 2
10 6
72 2
3 12
72 2
13 10
72 2
20 6
72 2
13 12
72 2
15 10
72 2
10 6
72 2
3 12
E
S
H
53 4
48 4
60 13
72 2
63 6
72 2
62 4
58 4
53 13
72 2
53 4
48 4
60 13
72 2
63 6
72 2
62 4
63 4
65 13
68 2
68 2
67 2
67 2
65 2
65 2
63 2
63 2
65 2
65 2
65 2
65 2
65 2
65 2
65 2
65 2
65 2
65 2
65 2
65 2
65 2
65 2
65 2
65 2
68 2
68 2
67 2
67 2
65 2
65 2
63 2
63 2
65 2
65 2
65 2
65 2
60 2
60 2
60 2
60 2
60 2
60 2
60 2
60 2
60 2
60 2
60 2
60 2
68 2
68 2
67 2
67 2
65 2
65 2
63 2
63 2
65 2
65 2
65 2
65 2
65 2
65 2
65 2
65 2
65 2
65 2
65 2
65 2
65 2
65 2
65 2
65 2
68 2
68 2
67 2
68 2
67 2
65 2
65 2
63 2
63 2
65 2
65 2
65 2
65 2
58 2
58 2
58 2
58 2
58 2
58 2
58 2
58 2
58 2
58 2
58 2
58 2
E
S
H
72 14
56 2
56 2
55 2
55 2
53 2
53 2
51 2
51 2
53 2
53 2
53 2
53 2
53 2
53 2
53 2
53 2
53 2
53 2
53 2
53 2
53 2
53 2
53 2
53 2
56 2
56 2
55 2
55 2
53 2
53 2
51 2
51 2
51 2
51 2
51 2
51 2
46 2
46 2
46 2
46 2
46 2
46 2
46 2
46 2
46 2
46 2
46 2
46 2
56 2
56 2
55 2
55 2
53 2
53 2
51 2
51 2
53 2
53 2
53 2
53 2
53 2
53 2
53 2
53 2
53 2
53 2
53 2
53 2
53 2
53 2
53 2
53 2
56 2
56 2
55 2
56 2
55 2
53 2
53 2
51 2
51 2
51 2
51 2
51 2
51 2
46 2
46 2
46 2
46 2
46 2
46 2
46 2
46 2
E
S
H
44 13
46 13
44 13
46 12
50 12
49 11
51 7
53 12
51 11
53 7
51 12
49 11
51 7
53 12
51 11
53 7
55 11
43 7
E
S
H
36 13
38 13
36 13
38 11
39 7
41 12
41 11
43 7
44 12
43 11
44 7
43 12
41 11
43 7
44 12
43 11
44 7
46 11
46 7
E
X
