major
S
L
17 4
72 4
17 4
72 4
17 4
72 4
17 4
72 4
24 4
72 4
24 4
72 4
19 4
72 4
19 4
72 4
17 4
72 4
17 4
72 4
19 4
72 4
19 4
72 4
12 4
72 4
12 4
72 4
19 4
72 4
19 4
72 4
17 4
72 4
17 4
72 4
17 4
72 4
17 4
72 4
24 4
72 4
24 4
72 4
19 4
72 4
19 4
72 4
17 4
72 4
17 4
72 4
19 4
72 4
19 4
72 4
12 4
72 4
19 4
72 4
12 2
72 6
12 6
72 2
14 4
14 2
72 2
14 2
72 2
14 2
72 2
19 4
19 2
72 2
19 2
72 2
19 2
72 2
14 4
14 2
72 2
14 2
72 2
14 2
72 2
19 4
19 2
72 2
19 2
72 2
19 2
72 2
16 4
16 2
72 2
16 2
72 2
16 2
72 2
21 4
21 2
72 2
21 2
72 2
21 2
72 2
16 4
16 2
72 2
16 2
72 2
16 2
72 2
21 4
21 2
72 2
21 2
72 2
21 2
72 2
14 4
14 2
72 2
14 2
72 2
14 2
72 2
19 4
19 2
72 2
19 2
72 2
19 2
72 2
14 4
14 2
72 2
14 2
72 2
14 2
72 2
19 4
19 2
72 2
19 2
72 2
19 2
72 2
16 4
16 2
72 2
16 2
72 2
16 2
72 2
21 4
21 2
72 2
21 2
72 2
21 2
72 2
16 4
16 2
72 2
16 2
72 2
16 2
72 2
21 4
21 2
72 2
21 2
72 2
21 2
72 2
14 4
14 2
72 2
14 2
72 2
14 2
72 2
14 4
14 2
72 2
14 2
72 2
14 2
72 2
19 4
19 2
72 2
19 2
72 2
19 2
72 2
19 4
19 2
72 2
19 2
72 2
19 2
72 2
19 4
19 2
72 2
19 2
72 2
19 2
72 2
19 2
72 2
17 2
72 2
16 2
72 2
14 2
E
S
H
57 2
72 8
60 2
72 2
57 2
72 8
60 2
72 2
62 2
72 2
60 2
72 2
59 2
57 2
72 2
55 3
72 11
53 2
72 2
53 2
72 2
53 2
72 2
55 3
72 5
53 3
72 5
52 2
72 2
52 2
72 2
52 2
50 2
48 2
50 3
72 11
57 2
72 8
60 2
72 2
57 2
72 8
60 2
72 2
62 2
72 2
60 2
72 2
59 2
57 2
72 2
55 3
72 11
53 2
72 2
53 2
72 2
53 2
72 2
55 3
72 5
53 3
72 5
52 2
72 2
52 2
72 2
50 2
48 2
72 2
48 3
72 11
50 2
72 2
50 2
72 2
52 2
53 2
72 2
50 0
72 2
50 0
50 0
72 2
50 0
72 0
50 0
72 1
50 0
72 1
50 0
72 0
50 0
72 2
50 0
50 0
72 2
50 0
72 0
50 0
72 1
50 0
72 1
50 0
72 0
50 2
72 4
50 2
72 2
52 2
72 2
53 2
72 2
55 2
72 2
53 2
72 2
52 2
72 2
50 2
72 2
52 2
72 2
52 2
72 2
53 2
55 2
72 2
52 0
72 2
52 0
52 0
72 2
52 0
72 0
52 0
72 1
52 0
72 1
52 0
72 0
52 0
72 2
52 0
52 0
72 2
52 0
72 0
52 0
72 1
52 0
72 1
52 0
72 0
52 2
72 4
52 2
72 2
53 2
72 2
55 2
72 2
57 2
72 2
55 2
72 2
53 2
72 2
52 2
72 2
50 2
72 2
50 2
72 2
52 2
53 2
72 2
50 0
72 2
50 0
50 0
72 2
50 0
72 0
50 0
72 1
50 0
72 1
50 0
72 0
50 0
72 2
50 0
50 0
72 2
50 0
72 0
50 0
72 1
50 0
72 1
50 0
72 0
50 2
72 4
50 2
72 2
52 2
72 2
53 2
72 2
55 2
72 2
53 2
72 2
52 2
72 2
50 2
72 2
52 2
72 2
52 2
72 2
53 2
55 2
72 2
52 0
72 2
52 0
52 0
72 2
52 0
72 0
52 0
72 1
52 0
72 1
52 0
72 0
52 0
72 2
52 0
52 0
72 2
52 0
72 0
52 0
72 1
52 0
72 1
52 0
72 0
52 2
72 4
52 2
72 2
53 2
72 2
55 2
72 2
57 2
72 2
55 2
72 2
53 2
72 2
52 2
72 2
50 0
72 2
50 0
50 0
72 2
50 0
50 0
72 2
50 0
50 0
72 2
52 2
72 2
54 2
72 2
57 2
72 2
62 0
72 1
62 0
72 0
62 0
72 2
62 0
62 0
72 2
62 0
72 0
62 0
72 1
57 2
72 2
60 0
72 2
60 0
60 0
72 2
60 0
60 0
72 2
60 0
60 0
72 2
60 0
72 2
60 2
60 2
59 2
57 2
59 2
59 2
59 2
59 2
59 2
59 0
72 0
59 0
59 0
72 2
59 0
72 0
59 0
72 1
59 0
72 1
59 0
72 0
59 0
E
S
H
72 4
36 6
72 2
36 2
72 6
36 2
72 6
36 2
72 6
40 6
72 2
40 2
72 6
38 2
72 6
38 2
72 6
36 6
72 2
36 2
72 6
38 2
72 6
38 2
72 6
40 2
72 6
40 2
72 6
38 2
72 6
38 2
72 6
36 6
72 2
36 2
72 6
36 2
72 6
36 2
72 6
40 6
72 2
40 2
72 6
38 2
72 6
38 2
72 6
36 6
72 2
36 2
72 6
38 2
72 6
38 2
72 6
40 6
72 2
38 2
72 2
36 3
72 10
38 2
72 2
38 4
38 2
72 2
38 4
43 2
72 2
43 4
43 2
72 2
43 4
38 2
72 2
38 4
38 2
72 2
38 4
43 2
72 2
43 4
43 2
72 2
43 4
40 2
72 2
40 4
40 2
72 2
40 4
45 2
72 2
45 4
45 2
72 2
45 4
40 2
72 2
40 4
40 2
72 2
40 4
45 2
72 2
45 4
45 2
72 2
45 4
38 2
72 2
38 4
38 2
72 2
38 4
43 2
72 2
43 4
43 2
72 2
43 4
38 2
72 2
38 4
38 2
72 2
38 4
43 2
72 2
43 4
43 2
72 2
43 4
40 2
72 2
40 4
40 2
72 2
40 4
45 2
72 2
45 4
45 2
72 2
45 4
40 2
72 2
40 4
40 2
72 2
40 4
45 2
72 2
45 4
45 2
72 2
45 4
45 0
72 2
45 0
45 0
72 2
45 0
45 0
72 2
45 0
45 0
72 2
45 2
72 2
50 2
72 2
54 2
72 2
57 0
72 1
57 0
72 0
57 0
72 2
57 0
57 0
72 2
57 0
72 0
57 0
72 1
54 2
72 2
55 0
72 2
55 0
55 0
72 2
55 0
55 0
72 2
55 0
55 0
72 2
55 0
72 2
55 2
55 2
55 2
55 2
55 2
55 2
55 2
55 2
55 2
55 0
72 0
55 0
55 0
72 2
55 0
72 0
55 0
72 1
55 0
72 1
55 0
72 0
55 0
72 2
52 11
50 11
E
S
L
72 4
33 6
72 2
33 2
72 6
33 2
72 6
33 2
72 6
31 6
72 2
31 2
72 6
35 2
72 6
35 2
72 6
33 6
72 2
33 2
72 6
35 2
72 6
35 2
72 6
31 2
72 6
31 2
72 6
35 2
72 6
35 2
72 6
33 6
72 2
33 2
72 6
33 2
72 6
33 2
72 6
31 6
72 2
31 2
72 6
35 2
72 6
35 2
72 6
33 6
72 2
33 2
72 6
35 2
72 6
35 2
72 6
31 6
72 2
35 2
72 2
28 3
72 10
33 2
72 2
33 4
33 2
72 2
33 4
38 2
72 2
38 4
38 2
72 2
38 4
33 2
72 2
33 4
33 2
72 2
33 4
38 2
72 2
38 4
38 2
72 2
38 4
35 2
72 2
35 4
35 2
72 2
35 4
40 2
72 2
40 4
40 2
72 2
40 4
35 2
72 2
35 4
35 2
72 2
35 4
40 2
72 2
40 4
40 2
72 2
40 4
33 2
72 2
33 4
33 2
72 2
33 4
38 2
72 2
38 4
38 2
72 2
38 4
33 2
72 2
33 4
33 2
72 2
33 4
38 2
72 2
38 4
38 2
72 2
38 4
35 2
72 2
35 4
35 2
72 2
35 4
40 2
72 2
40 4
40 2
72 2
40 4
35 2
72 2
35 4
35 2
72 2
35 4
40 2
72 2
40 4
40 2
72 2
40 4
72 14
43 11
43 11
E
S
L
72 4
18 7
18 7
18 7
18 4
72 4
18 7
18 7
18 7
18 4
72 4
18 7
18 7
18 7
18 4
72 4
18 7
18 7
18 7
18 4
72 4
18 7
18 7
18 7
18 4
72 4
18 7
18 7
18 7
18 4
72 4
18 7
18 7
18 7
18 4
72 4
18 7
18 7
18 7
18 4
72 4
18 7
18 7
18 7
18 4
72 4
18 7
18 7
18 7
18 4
72 4
18 7
18 7
18 7
18 4
72 4
18 7
18 7
18 7
18 4
72 4
18 7
18 7
18 7
18 4
72 4
18 7
18 7
18 7
18 4
72 4
18 7
18 7
18 7
18 4
72 4
18 7
18 7
18 7
18 4
72 4
18 7
18 7
18 7
18 4
72 4
18 7
18 7
18 7
18 4
72 4
18 7
18 7
18 7
18 4
E
X
