minor
S
H
43 9
72 1
44 9
72 0
46 9
72 2
47 9
41 9
72 2
42 9
49 9
72 0
48 9
72 1
43 9
72 1
44 9
72 0
51 9
50 9
72 2
53 9
72 2
54 6
61 6
60 10
72 0
56 10
72 14
43 9
44 9
72 2
46 9
47 9
72 0
41 9
72 1
42 9
72 1
49 9
72 0
48 9
43 9
72 2
44 9
72 2
51 9
50 9
72 0
53 9
72 1
54 6
61 6
72 1
60 3
E
S
H
43 9
72 1
44 9
72 1
46 9
72 1
47 9
41 9
72 2
42 9
49 9
72 0
48 9
72 1
43 9
72 1
44 9
72 0
51 9
72 2
50 9
53 9
72 2
54 6
61 6
60 10
72 0
56 10
72 14
43 9
44 9
72 2
46 9
47 9
72 0
41 9
72 1
42 9
72 1
49 9
72 0
48 9
72 2
43 9
44 9
72 2
51 9
50 9
72 0
53 9
72 1
54 6
61 6
72 1
60 3
E
S
L
28 9
72 1
29 9
72 1
31 9
72 1
32 9
26 9
72 2
27 9
34 9
72 0
33 9
72 1
28 9
72 1
29 9
72 0
36 9
72 2
35 9
38 9
72 2
39 6
46 6
45 10
72 0
41 10
72 14
28 9
29 9
72 2
31 9
32 9
72 0
26 9
72 1
27 9
72 1
34 9
72 0
33 9
72 2
28 9
29 9
72 2
36 9
35 9
72 0
38 9
72 1
39 6
46 6
72 1
45 3
E
S
L
72 14
28 9
72 1
29 9
30 9
72 2
31 9
26 9
72 2
27 9
34 9
72 2
33 9
72 0
28 9
72 1
29 9
72 1
36 9
72 0
35 9
38 9
72 2
39 6
72 0
46 6
72 1
45 10
41 10
E
S
L
72 14
31 9
72 1
32 9
33 9
72 2
34 9
29 9
72 2
30 9
37 9
72 2
36 9
72 0
31 9
72 1
32 9
72 1
39 9
72 0
38 9
72 2
41 9
42 6
72 0
49 6
72 1
48 10
44 10
E
S
H
72 14
31 10
72 0
32 9
33 9
72 2
34 9
29 9
72 2
30 9
37 9
72 1
36 9
72 1
31 9
72 1
32 9
72 1
39 9
72 0
38 9
41 9
72 2
42 6
72 0
49 6
72 1
48 10
44 10
72 14
46 3
45 3
72 1
44 3
72 1
43 3
42 3
72 0
41 3
72 1
42 3
41 3
72 1
46 3
45 3
72 0
44 3
72 1
43 3
72 0
42 3
41 3
72 1
42 3
72 1
41 3
44 3
72 0
43 3
72 1
42 3
72 0
41 3
40 3
72 1
39 3
72 1
40 3
39 3
72 0
44 3
72 1
43 3
72 0
42 3
41 3
72 1
40 3
72 1
39 3
40 3
72 0
39 3
72 1
46 3
72 0
45 3
44 3
72 1
43 3
72 1
42 3
41 3
72 0
42 3
72 1
41 3
72 0
46 3
45 3
72 1
44 3
72 1
43 3
42 3
72 0
41 3
72 1
42 3
72 0
41 3
44 3
72 1
43 3
72 1
42 3
41 3
72 0
40 3
72 1
39 3
72 0
40 3
39 3
72 1
44 3
72 1
43 3
42 3
72 0
41 3
72 1
40 3
72 0
39 3
40 3
72 1
39 3
E
S
H
72 14
43 10
72 0
44 6
51 6
50 12
72 1
41 10
42 6
72 0
49 6
72 0
48 12
72 0
43 10
44 6
72 1
51 6
50 12
72 1
53 10
54 6
72 2
61 6
60 12
72 14
55 10
72 0
56 6
63 6
72 2
62 12
53 10
54 6
61 6
72 1
60 12
72 0
55 10
56 6
72 0
63 6
72 0
62 12
72 0
65 10
72 0
66 6
72 0
61 6
72 1
60 12
E
S
H
72 14
43 2
44 2
72 0
40 2
42 2
41 2
45 2
37 2
39 2
72 0
43 2
44 2
72 0
40 2
42 2
41 2
45 2
37 2
39 2
72 0
43 2
44 2
40 2
42 2
41 2
45 2
37 2
39 2
43 2
44 2
40 2
72 0
42 2
41 2
45 2
37 2
39 2
43 2
44 2
40 2
72 0
42 2
41 2
45 2
37 2
39 2
43 2
44 2
40 2
72 0
42 2
41 2
45 2
72 0
37 2
39 2
43 2
44 2
40 2
42 2
41 2
45 2
72 0
37 2
39 2
43 2
44 2
40 2
42 2
41 2
45 2
37 2
39 2
43 2
44 2
40 2
72 0
42 2
41 2
45 2
37 2
39 2
43 2
44 2
40 2
42 2
41 2
45 2
72 0
37 2
39 2
43 2
44 2
40 2
42 2
72 0
41 2
45 2
72 0
37 2
39 2
43 2
44 2
40 2
42 2
72 0
41 2
45 2
37 2
39 2
43 2
44 2
40 2
42 2
41 2
45 2
37 2
72 0
39 2
43 2
44 2
40 2
42 2
41 2
45 2
37 2
72 0
39 2
43 2
44 2
40 2
42 2
41 2
72 0
45 2
37 2
39 2
43 2
44 2
40 2
42 2
41 2
72 0
45 2
37 2
39 2
72 14
43 2
44 2
40 2
42 2
41 2
72 0
45 2
37 2
39 2
43 2
44 2
40 2
42 2
41 2
72 0
45 2
37 2
39 2
72 0
43 2
44 2
40 2
42 2
41 2
45 2
37 2
39 2
72 0
43 2
44 2
40 2
42 2
41 2
45 2
72 0
37 2
39 2
72 0
43 2
44 2
40 2
42 2
41 2
45 2
37 2
39 2
43 2
44 2
40 2
42 2
41 2
45 2
37 2
39 2
43 2
72 0
44 2
40 2
42 2
41 2
45 2
37 2
39 2
43 2
44 2
40 2
42 2
41 2
45 2
72 0
37 2
39 2
43 2
44 2
40 2
42 2
41 2
45 2
72 0
37 2
39 2
43 2
72 0
44 2
40 2
42 2
41 2
45 2
37 2
39 2
43 2
72 0
44 2
40 2
42 2
41 2
45 2
37 2
39 2
43 2
72 0
44 2
40 2
42 2
41 2
45 2
37 2
39 2
43 2
44 2
40 2
42 2
72 0
41 2
45 2
37 2
39 2
43 2
44 2
72 0
40 2
42 2
72 0
41 2
45 2
37 2
39 2
43 2
44 2
72 0
40 2
42 2
41 2
45 2
37 2
39 2
72 0
43 2
44 2
40 2
42 2
41 2
45 2
37 2
39 2
72 0
43 2
44 2
40 2
72 0
42 2
41 2
45 2
72 0
37 2
39 2
72 0
43 2
44 2
40 2
42 2
41 2
45 2
37 2
39 2
43 2
44 2
40 2
42 2
41 2
45 2
37 2
39 2
43 2
72 0
44 2
40 2
72 0
42 2
41 2
45 2
37 2
39 2
43 2
72 0
44 2
40 2
42 2
41 2
45 2
37 2
72 0
39 2
43 2
72 0
44 2
40 2
42 2
41 2
45 2
37 2
39 2
43 2
44 2
40 2
42 2
41 2
45 2
37 2
72 0
39 2
43 2
44 2
40 2
42 2
41 2
45 2
37 2
39 2
43 2
44 2
40 2
42 2
41 2
72 0
45 2
37 2
39 2
43 2
44 2
40 2
42 2
41 2
45 2
37 2
39 2
72 0
43 2
44 2
40 2
42 2
41 2
45 2
72 0
37 2
39 2
43 2
44 2
40 2
42 2
41 2
45 2
72 0
37 2
39 2
43 2
44 2
40 2
42 2
72 0
41 2
45 2
72 0
37 2
39 2
43 2
44 2
40 2
42 2
72 0
41 2
45 2
37 2
39 2
43 2
44 2
72 0
40 2
42 2
72 0
41 2
45 2
37 2
39 2
43 2
44 2
72 0
40 2
42 2
41 2
45 2
37 2
39 2
E
S
L
72 14
7 4
8 2
9 2
10 2
11 2
0 2
1 2
2 2
3 2
4 2
5 2
6 2
7 2
8 2
9 2
10 2
11 2
12 2
13 2
14 2
15 2
16 2
17 2
18 2
19 2
20 2
21 2
22 2
23 2
24 2
25 2
26 2
27 2
28 2
29 2
30 2
31 2
32 2
33 2
34 2
35 2
36 2
37 2
38 2
39 2
40 2
41 2
42 2
43 2
44 2
45 2
46 2
47 2
48 2
49 2
50 2
51 2
52 2
53 2
54 2
55 2
56 2
57 2
58 2
59 2
60 2
61 2
62 2
63 2
64 2
65 2
66 2
67 12
72 0
9 4
72 0
10 2
11 2
0 2
1 2
2 2
3 2
4 2
5 2
6 2
7 2
8 2
9 2
10 2
11 2
12 2
13 2
14 2
15 2
16 2
17 2
18 2
19 2
20 2
21 2
22 2
23 2
24 2
25 2
26 2
27 2
28 2
29 2
30 2
31 2
32 2
33 2
34 2
35 2
36 2
37 2
38 2
39 2
40 2
41 2
42 2
43 2
44 2
45 2
46 2
47 2
48 2
49 2
50 2
51 2
52 2
53 2
54 2
55 2
56 2
57 2
58 2
59 2
60 2
61 2
62 2
63 2
64 2
65 2
66 2
67 2
68 2
69 12
72 14
7 4
8 2
9 2
10 2
11 2
0 2
1 2
2 2
3 2
4 2
5 2
6 2
7 2
8 2
9 2
10 2
11 2
12 2
13 2
14 2
15 2
16 2
17 2
18 2
19 2
20 2
21 2
22 2
23 2
24 2
25 2
26 2
27 2
28 2
29 2
30 2
31 2
32 2
33 2
34 2
35 2
36 2
37 2
38 2
39 2
40 2
41 2
42 2
43 2
44 2
45 2
46 2
47 2
48 2
49 2
50 2
51 2
52 2
53 2
54 2
55 2
56 2
57 2
58 2
59 2
60 2
61 2
62 2
63 2
64 2
65 2
66 2
67 12
72 0
9 4
10 2
11 2
0 2
1 2
2 2
3 2
4 2
5 2
6 2
7 2
8 2
9 2
10 2
11 2
12 2
13 2
14 2
15 2
16 2
17 2
18 2
19 2
20 2
21 2
22 2
23 2
24 2
25 2
26 2
27 2
28 2
29 2
30 2
31 2
32 2
33 2
34 2
35 2
36 2
37 2
38 2
39 2
40 2
41 2
42 2
43 2
44 2
45 2
46 2
47 2
48 2
49 2
50 2
51 2
52 2
53 2
54 2
55 2
56 2
57 2
58 2
59 2
60 2
61 2
62 2
63 2
64 2
65 2
66 2
67 2
68 2
69 12
E
S
H
72 14
32 12
33 2
72 0
34 3
35 2
72 0
36 3
37 2
38 3
39 2
40 3
41 2
72 0
42 3
43 2
44 3
43 2
42 3
41 3
40 3
39 3
38 3
37 3
36 3
35 3
72 1
34 3
33 3
32 2
31 3
30 3
29 2
28 3
72 1
27 3
26 2
25 3
24 3
23 2
72 0
22 3
21 2
20 2
21 2
22 2
23 2
24 2
25 2
26 2
27 2
72 0
28 2
72 0
29 2
30 2
72 2
31 2
32 2
72 0
33 2
72 0
34 3
35 2
36 3
37 3
38 2
72 0
39 3
40 3
41 2
42 3
43 3
44 2
43 3
42 3
41 3
40 3
39 3
38 3
37 3
36 3
35 3
34 3
33 3
32 3
31 3
30 3
29 3
28 3
27 3
26 3
25 3
24 3
23 3
22 3
21 2
E
S
L
31 14
72 1
29 14
72 1
31 14
72 1
29 13
30 3
31 3
32 2
33 3
72 1
34 3
35 2
36 2
37 3
38 2
39 2
40 2
31 14
72 0
29 14
31 14
72 1
29 13
30 3
31 3
32 2
33 3
34 3
35 2
36 3
37 3
38 2
72 0
39 2
40 2
31 14
29 14
72 0
31 14
29 13
72 0
30 3
72 1
31 2
32 2
33 3
34 3
35 2
72 0
36 3
37 2
38 3
72 1
39 2
40 2
72 0
31 14
29 14
31 14
72 0
29 13
72 1
30 3
31 3
32 2
33 3
34 3
35 2
72 0
36 3
37 2
72 0
38 3
39 2
40 2
32 12
72 0
33 12
32 12
72 0
31 12
72 1
32 12
72 0
33 12
32 12
72 1
31 12
72 1
31 14
29 14
72 3
31 14
29 12
E
S
H
40 14
38 14
40 14
38 12
39 2
40 3
41 3
42 2
43 3
44 3
45 2
72 0
46 2
47 3
48 2
49 2
50 2
40 14
38 14
40 14
72 0
38 12
39 2
72 0
40 3
41 3
42 2
43 3
44 3
45 2
46 3
47 3
48 2
72 0
49 2
50 2
40 14
38 14
72 0
40 14
72 1
38 12
39 2
72 0
40 3
41 2
42 2
43 3
44 3
45 2
72 0
46 3
47 2
72 0
48 3
49 2
50 2
40 14
38 14
40 14
38 12
72 0
39 2
72 0
40 3
41 3
42 2
43 3
44 3
72 1
45 2
46 3
47 2
72 0
48 3
49 2
50 2
42 12
41 14
40 12
42 12
72 0
41 14
72 0
40 12
72 1
40 14
38 14
72 1
40 14
38 12
39 0
E
S
H
40 10
41 10
43 10
44 10
72 0
38 10
39 10
72 0
46 10
45 10
40 10
41 10
48 10
47 10
72 0
50 10
51 6
72 2
58 6
57 10
53 10
72 1
52 10
53 6
72 1
60 6
72 0
59 12
72 1
50 10
51 6
72 0
58 6
72 0
57 12
52 10
53 6
72 1
60 6
59 12
62 10
63 6
72 2
70 6
69 12
40 10
41 10
72 0
42 10
72 0
43 10
38 10
39 10
46 10
45 10
40 10
41 10
48 10
72 0
47 10
50 10
72 0
51 6
58 6
57 10
72 0
53 10
52 10
72 0
53 6
60 6
72 2
59 12
50 10
72 0
51 6
58 6
72 1
57 12
52 10
53 6
72 0
60 6
72 0
59 12
72 0
62 10
72 0
63 6
70 6
72 2
69 12
55 4
54 3
72 1
53 3
52 4
51 3
72 0
50 4
51 3
72 1
50 4
55 4
54 3
72 0
53 4
52 4
51 4
50 3
72 1
51 4
50 4
53 4
52 4
51 3
72 0
50 4
49 4
48 4
49 3
48 4
53 4
52 4
51 4
50 3
72 1
49 4
48 4
72 0
49 3
48 4
72 0
55 4
54 4
53 3
72 1
52 4
51 4
72 0
50 4
51 3
72 1
50 4
55 4
54 4
53 4
52 3
72 1
51 4
50 4
72 0
51 3
50 4
53 4
52 3
51 4
50 4
49 3
48 4
49 4
48 4
53 4
52 3
72 1
51 4
50 4
49 4
48 4
49 4
48 4
40 10
72 0
41 10
43 10
44 10
38 10
39 10
46 10
45 10
40 10
72 0
41 10
48 10
47 10
50 10
51 6
58 6
72 1
57 3
E
S
L
7 3
72 1
19 3
7 3
72 1
19 3
72 0
7 3
19 3
72 1
7 3
19 3
72 2
3 3
15 3
3 3
72 1
15 3
72 1
3 3
15 3
72 0
3 3
15 3
72 1
5 3
72 1
17 3
5 3
72 0
17 3
72 1
5 3
17 3
72 1
5 3
17 3
72 0
1 3
72 1
13 3
72 0
1 3
13 3
1 3
72 0
13 3
72 1
1 3
72 0
13 3
7 3
72 1
19 3
7 3
72 1
19 3
72 0
7 3
19 3
72 1
7 3
19 3
72 1
3 3
72 0
15 3
3 3
72 1
15 3
72 1
3 3
15 3
3 3
15 3
72 1
17 3
72 1
29 3
17 3
72 0
29 3
72 1
17 3
29 3
72 1
17 3
29 3
72 0
1 3
72 1
13 3
72 0
1 3
13 3
72 1
1 3
72 1
13 3
1 3
72 0
13 3
72 1
7 3
72 0
19 3
7 3
72 1
19 3
72 1
7 3
19 3
72 0
7 3
72 1
19 3
3 3
72 1
15 3
72 1
3 3
15 3
72 1
3 3
72 0
15 3
3 3
72 1
15 3
72 1
5 3
17 3
72 0
5 3
72 1
17 3
72 0
5 3
17 3
72 1
5 3
72 1
17 3
1 3
72 0
13 3
72 1
1 3
72 0
13 3
1 3
13 3
72 0
1 3
72 1
13 3
72 0
7 3
19 3
72 1
7 3
72 1
19 3
7 3
72 0
19 3
72 1
7 3
72 0
19 3
3 3
72 1
15 3
72 1
3 3
15 3
72 0
3 3
72 1
15 3
3 3
72 1
15 3
72 1
17 3
29 3
72 1
17 3
72 0
29 3
72 2
17 3
29 3
72 1
17 3
29 3
72 0
1 3
72 1
13 3
72 0
1 3
13 3
72 1
1 3
72 1
13 3
1 3
72 0
13 3
72 1
7 3
72 0
19 3
72 2
7 3
19 3
72 1
7 3
19 3
72 0
7 3
72 1
19 3
3 3
72 1
15 3
3 3
72 0
15 3
72 1
3 3
72 0
15 3
3 3
72 1
15 3
5 3
72 1
17 3
72 0
5 3
17 3
72 1
5 3
17 3
72 1
5 3
72 0
17 3
1 3
72 1
13 3
72 1
1 3
13 3
72 0
1 3
72 1
13 3
1 3
72 1
13 3
7 3
72 0
19 3
72 1
7 3
19 3
72 1
7 3
19 3
72 0
7 3
72 1
19 3
72 0
3 3
15 3
72 1
3 3
15 3
72 1
3 3
72 0
15 3
3 3
72 1
15 3
17 3
72 2
29 3
17 3
29 3
72 1
17 3
72 1
29 3
17 3
72 0
29 3
72 1
1 3
13 3
72 1
1 3
72 1
13 3
1 3
72 1
13 3
72 0
1 3
72 2
13 3
7 3
72 1
19 3
7 3
72 0
19 3
72 1
7 3
72 0
19 3
7 3
72 1
19 3
72 1
3 3
15 3
72 0
3 3
72 1
15 3
72 0
3 3
15 3
72 1
3 3
15 3
72 2
5 3
72 0
17 3
72 1
5 3
17 3
72 1
5 3
72 1
17 3
5 3
72 1
17 3
72 0
1 3
72 2
13 3
1 3
72 1
13 3
1 3
72 0
13 3
72 1
1 3
72 0
13 3
7 3
72 1
19 3
7 3
72 1
19 3
72 0
7 3
72 2
19 3
7 3
72 1
19 3
3 3
72 0
15 3
72 1
3 3
72 0
15 3
3 3
72 1
15 3
72 1
3 3
15 3
72 0
17 3
72 1
29 3
72 0
17 3
29 3
72 1
17 3
72 1
29 3
17 3
72 0
29 3
72 1
1 3
72 0
13 3
1 3
72 1
13 3
72 1
1 3
13 3
72 0
1 3
72 1
13 3
72 0
8 3
8 3
72 1
7 3
72 1
7 3
6 3
72 0
6 3
72 1
5 3
5 3
72 1
8 3
72 1
8 3
7 3
72 1
7 3
72 0
6 3
6 3
72 1
5 3
72 1
5 3
10 3
72 0
10 3
72 1
9 3
72 0
9 3
8 3
72 1
8 3
72 1
7 3
7 3
72 0
10 3
72 1
10 3
72 0
9 3
9 3
72 1
8 3
72 1
8 3
7 3
72 0
7 3
72 1
8 3
72 0
8 3
7 3
72 1
7 3
72 1
6 3
6 3
72 0
5 3
72 1
5 3
72 0
8 3
8 3
72 1
7 3
72 1
7 3
6 3
72 0
6 3
72 1
5 3
72 0
5 3
10 3
72 1
10 3
72 1
9 3
9 3
72 0
8 3
72 1
8 3
72 0
7 3
7 3
72 1
10 3
72 1
10 3
9 3
72 0
9 3
72 1
8 3
72 0
8 3
7 3
72 1
7 3
72 1
7 3
19 3
72 0
7 3
72 1
19 3
7 3
72 1
19 3
7 3
72 0
19 3
72 1
3 3
15 3
72 1
3 3
15 3
72 0
3 3
72 1
15 3
72 0
3 3
15 3
5 3
72 0
17 3
72 1
5 3
72 0
17 3
5 3
72 1
17 3
5 3
72 1
17 3
72 0
1 3
13 3
72 1
1 3
13 3
72 1
1 3
72 0
13 3
1 3
72 1
13 3
72 1
7 3
19 3
7 3
19 3
72 1
7 3
72 1
19 3
7 3
72 0
19 3
72 1
3 3
15 3
72 1
3 3
15 3
72 0
3 3
72 1
15 3
3 3
72 1
15 3
17 3
72 0
29 3
72 1
17 3
72 0
29 3
17 3
29 3
72 0
17 3
72 1
29 3
72 0
1 3
E
S
L
12 2
72 4
14 0
72 7
12 0
72 3
12 0
72 4
14 0
72 6
12 2
72 4
14 0
72 7
12 0
72 3
12 0
72 3
14 0
72 6
12 0
72 6
14 0
72 7
12 0
72 2
12 0
72 4
14 0
72 6
12 0
72 6
14 0
72 6
12 0
72 4
12 0
72 4
14 0
72 6
12 2
72 4
14 0
72 7
12 0
72 3
12 0
72 4
14 0
72 6
12 0
72 6
14 0
72 6
12 0
72 4
12 0
72 3
14 0
72 6
12 2
72 4
14 0
72 7
12 0
72 2
12 0
72 4
14 0
72 6
12 2
72 5
14 0
72 6
12 0
72 6
14 0
72 4
14 0
72 4
12 2
72 4
14 0
72 6
12 0
72 4
12 0
72 4
14 0
72 6
12 2
72 6
14 0
72 6
12 0
72 4
12 0
72 3
14 2
72 6
12 0
72 6
14 0
72 7
12 0
72 3
12 0
72 4
14 0
72 6
12 2
72 5
14 0
72 6
12 0
72 3
12 0
72 4
14 0
72 7
12 2
72 4
14 0
72 6
12 0
72 4
12 0
72 4
14 0
72 6
12 2
72 6
14 0
72 6
12 0
72 4
12 0
72 2
14 2
72 6
12 0
72 6
14 0
72 6
12 0
72 4
12 0
72 4
14 0
72 6
26 0
72 4
26 0
72 4
23 0
72 3
23 0
72 4
19 0
72 4
19 0
72 3
17 0
72 4
17 0
72 4
12 2
72 4
14 2
72 6
12 0
72 3
12 0
72 4
14 0
72 6
12 0
72 6
14 2
72 5
12 0
72 4
12 0
72 3
14 0
72 6
12 0
72 7
14 0
72 6
12 0
72 2
12 0
72 4
14 0
72 6
12 2
72 6
14 0
72 5
12 0
72 4
12 0
72 2
14 0
72 6
12 2
72 5
14 0
72 6
12 0
72 3
12 0
72 4
14 0
72 7
12 2
72 4
14 0
72 6
12 0
72 4
12 0
72 3
14 0
72 6
12 2
72 5
14 0
72 6
12 0
72 4
12 0
72 3
14 0
72 7
12 2
72 4
14 0
72 6
12 2
72 5
14 0
72 4
14 0
72 2
12 2
72 4
14 0
72 7
12 0
72 4
12 0
72 3
14 2
72 6
12 2
72 4
14 2
72 5
12 0
72 3
12 0
72 4
14 0
72 6
12 2
72 5
14 0
72 6
12 0
72 4
12 0
72 2
14 2
72 5
12 0
72 6
14 0
72 6
12 0
72 4
12 0
72 4
14 0
72 6
12 2
72 4
14 0
72 7
12 0
72 4
12 0
72 2
14 0
72 6
12 2
72 5
14 0
72 6
12 0
72 4
12 0
72 4
14 0
72 6
12 2
72 5
14 0
72 6
12 0
72 4
12 0
72 3
14 0
72 7
26 0
72 4
26 0
72 3
23 0
72 4
23 0
72 4
19 0
72 3
19 0
72 4
17 0
72 4
17 0
72 4
12 0
72 3
26 0
72 4
24 0
72 4
24 0
72 3
23 0
72 4
23 0
72 4
21 0
72 2
21 0
72 4
12 0
72 3
26 0
72 4
24 0
72 4
24 0
72 4
23 0
72 3
23 0
72 4
21 0
72 4
21 0
72 3
12 0
72 4
26 0
72 4
24 0
72 4
24 0
72 3
23 0
72 4
23 0
72 4
21 0
72 3
21 0
72 4
12 0
72 4
26 0
72 4
24 0
72 3
24 0
72 4
23 0
72 4
23 0
72 3
21 0
72 4
21 0
72 4
12 0
72 4
26 0
72 3
24 0
72 4
24 0
72 4
23 0
72 3
23 0
72 4
21 0
72 4
21 0
72 4
12 0
72 3
26 0
72 4
24 0
72 4
24 0
72 3
23 0
72 4
23 0
72 4
21 0
72 4
21 0
72 3
12 0
72 4
26 0
72 4
24 0
72 3
24 0
72 4
23 0
72 4
23 0
72 4
21 0
72 3
21 0
72 4
12 0
72 2
14 0
72 4
14 0
72 4
12 0
72 4
14 0
72 4
14 0
72 3
12 0
72 4
14 0
72 2
12 2
72 6
14 0
72 6
12 0
72 4
12 0
72 3
14 0
72 7
12 2
72 4
14 0
72 6
12 0
72 4
12 0
72 2
14 0
72 6
12 0
72 7
14 0
72 6
12 0
72 4
12 0
72 2
14 0
72 7
12 0
72 6
14 0
72 6
12 0
72 4
12 0
72 3
14 0
72 6
12 2
72 5
14 0
72 6
12 0
72 4
12 0
72 3
14 0
72 7
12 0
72 6
14 0
72 6
12 0
72 4
12 0
72 2
14 0
72 6
12 2
72 5
14 0
72 6
12 0
72 3
12 0
72 4
14 0
72 7
12 2
E
X
