minor
S
L
72 11
33 3
21 2
72 0
21 3
21 3
72 1
21 2
21 3
72 1
21 2
72 1
40 0
72 0
31 0
72 2
30 0
72 2
28 2
21 2
72 1
21 3
72 1
21 2
21 3
72 1
21 2
21 3
72 0
21 2
72 0
33 3
21 3
72 0
21 2
72 2
21 3
21 2
72 2
33 3
21 2
72 1
21 3
33 2
72 0
21 3
72 0
27 2
72 2
21 3
21 3
72 1
27 5
21 3
33 3
72 1
21 2
21 3
72 1
21 2
21 3
72 1
21 2
72 0
21 3
72 0
40 0
72 2
31 2
30 0
72 0
28 0
72 1
21 3
72 1
21 2
21 3
72 0
21 3
21 3
21 2
72 1
21 3
72 1
33 2
21 3
72 1
21 3
21 2
72 1
21 2
72 0
33 3
21 3
72 0
21 3
72 1
33 3
21 2
72 2
21 3
21 2
72 0
21 3
27 4
39 4
72 2
33 3
21 3
72 1
21 2
72 0
21 3
72 0
21 3
21 2
72 2
21 2
72 2
40 0
31 0
72 2
30 2
28 0
72 1
21 2
72 0
21 3
21 3
72 0
21 2
72 2
21 2
21 2
72 2
21 3
33 3
72 0
21 3
21 2
72 2
21 2
21 2
72 2
33 3
21 3
72 1
21 2
72 0
33 3
72 0
21 2
27 3
72 1
21 3
21 3
72 1
27 5
72 0
21 2
72 0
33 3
72 0
21 2
21 3
72 1
21 2
21 3
72 1
21 3
72 0
21 2
72 0
40 0
72 2
31 2
30 0
28 0
72 2
21 3
72 1
21 2
21 3
72 1
21 3
21 2
72 1
21 2
72 0
21 3
33 3
72 0
21 2
72 2
21 3
21 2
72 2
21 3
33 2
72 0
27 3
35 3
72 1
47 0
72 1
31 0
72 0
28 0
72 2
27 2
43 0
72 0
30 2
72 0
27 0
72 0
24 0
72 2
35 0
72 2
33 2
27 4
72 1
39 4
33 3
72 1
21 3
21 2
72 0
21 3
21 3
72 1
21 2
21 3
72 1
40 0
72 0
31 0
72 1
30 2
28 0
72 2
21 2
72 0
21 3
72 0
21 3
21 2
72 2
21 3
72 1
21 2
21 3
72 0
33 2
72 0
21 3
21 2
72 1
21 2
72 2
21 2
33 3
72 1
21 3
21 2
72 1
33 3
21 2
72 0
27 3
72 0
21 2
72 2
21 3
27 5
72 0
21 3
72 0
33 3
21 2
72 2
21 2
21 2
72 2
21 3
21 3
72 1
21 2
72 0
40 0
72 1
31 2
30 0
72 2
28 2
21 2
72 2
21 2
72 2
21 2
21 3
72 0
21 2
72 0
21 2
72 0
21 3
72 0
33 3
21 3
72 1
21 3
72 1
21 2
21 2
72 1
33 2
72 0
21 3
21 3
72 0
33 2
72 2
21 3
21 2
72 2
21 3
21 2
72 1
27 4
72 0
39 4
33 3
72 1
21 3
72 1
21 3
72 1
21 3
72 0
21 3
72 2
21 3
72 0
21 3
40 0
72 3
31 2
30 2
28 2
21 3
72 1
21 3
72 1
21 3
72 1
21 3
72 1
21 3
21 3
72 3
21 3
33 3
72 0
21 3
72 2
21 3
72 0
21 3
72 1
21 3
72 1
33 3
72 1
21 3
72 0
21 3
72 2
33 3
72 0
21 3
27 3
72 1
21 3
72 1
21 3
72 1
27 6
72 2
21 3
72 1
33 3
21 3
72 0
21 3
72 2
21 3
72 0
21 3
72 1
21 3
72 1
21 3
72 1
40 2
31 2
30 0
72 2
28 0
72 2
21 3
72 0
21 3
21 3
72 1
21 3
72 1
21 3
72 1
21 3
72 1
21 3
72 1
33 3
72 1
21 3
21 3
72 3
21 3
21 3
72 0
33 3
72 2
27 3
72 0
35 4
47 2
31 2
28 2
27 2
43 2
30 2
27 2
72 0
24 0
72 2
35 2
33 2
72 0
27 5
39 5
E
S
H
72 11
45 13
47 13
48 13
72 0
47 14
72 1
45 13
72 0
47 13
48 13
47 14
72 1
45 13
72 0
47 13
48 13
72 0
47 14
72 0
45 14
72 2
47 14
48 14
47 14
E
S
H
72 12
45 13
47 13
72 1
48 13
47 14
72 1
45 13
47 13
72 0
48 13
47 14
72 0
45 13
47 13
48 13
72 2
47 14
45 14
47 14
72 0
48 14
72 1
47 14
E
S
H
72 11
48 13
51 13
52 13
72 0
51 14
72 1
48 13
72 0
51 13
52 13
51 14
72 1
48 13
72 0
51 13
52 13
72 0
51 14
72 0
48 14
72 2
51 14
52 14
51 14
E
S
L
72 11
12 0
72 3
12 0
72 3
14 0
72 3
12 0
72 4
12 0
72 2
12 0
72 4
14 0
72 4
12 0
72 3
12 0
72 3
12 0
72 4
14 0
72 4
12 0
72 2
12 0
72 4
12 0
72 2
14 0
72 4
14 0
72 3
12 0
72 3
12 0
72 4
14 0
72 4
12 0
72 2
12 0
72 4
12 0
72 3
14 0
72 3
12 0
72 3
12 0
72 4
12 0
72 2
14 0
72 4
12 0
72 2
12 0
72 4
12 0
72 3
14 0
72 3
14 0
72 3
12 0
72 4
12 0
72 2
14 0
72 4
12 0
72 4
12 0
72 3
12 0
72 3
14 0
72 4
12 0
72 4
12 0
72 2
12 0
72 4
14 0
72 2
12 0
72 4
12 0
72 3
12 0
72 3
14 0
72 4
14 0
72 4
12 0
72 2
12 0
72 4
14 0
72 3
12 0
72 3
12 0
72 3
12 0
72 4
14 0
72 2
12 0
72 4
12 0
72 2
12 0
72 4
14 0
72 3
12 0
72 3
12 0
72 3
12 0
72 4
14 0
72 2
14 0
72 4
12 0
72 4
12 0
72 3
14 0
72 3
12 0
72 4
12 0
72 4
12 0
72 2
14 0
72 4
12 0
72 2
12 0
72 4
12 0
72 3
14 0
72 4
12 0
72 2
12 0
72 4
12 0
72 2
14 0
72 4
14 0
72 3
12 0
72 3
12 0
72 3
14 0
72 4
12 0
72 2
12 0
72 4
12 0
72 2
14 0
72 4
12 0
72 3
12 0
72 3
12 0
72 3
14 0
72 4
12 0
72 2
12 0
72 4
12 0
72 4
14 0
72 3
14 0
72 3
12 0
72 4
12 0
72 2
14 0
72 4
12 0
72 2
12 0
72 4
12 0
72 4
14 0
72 3
12 0
72 3
12 0
72 4
12 0
72 4
14 0
72 2
12 0
72 4
12 0
72 3
12 0
72 3
14 0
72 3
14 0
72 4
12 0
72 2
12 0
72 4
14 0
72 2
12 0
72 4
12 0
72 3
12 0
72 3
14 0
72 3
12 0
72 4
24 0
24 0
72 1
24 0
72 0
24 0
72 2
24 0
72 2
19 0
72 2
19 0
72 1
19 0
72 0
19 0
72 2
17 0
72 2
17 0
72 0
17 0
72 1
17 0
72 2
14 0
14 0
72 2
14 0
72 2
14 0
72 0
14 0
72 1
12 0
72 4
12 0
72 3
14 0
72 3
12 0
72 3
12 0
72 4
12 0
72 2
14 0
72 4
12 0
72 4
12 0
72 3
12 0
72 3
14 0
72 4
12 0
72 4
12 0
72 2
12 0
72 4
14 0
72 2
14 0
72 4
12 0
72 3
12 0
72 3
14 0
72 4
12 0
72 4
12 0
72 2
12 0
72 4
14 0
72 3
12 0
72 3
12 0
72 3
12 0
72 4
14 0
72 2
12 0
72 4
12 0
72 2
12 0
72 4
14 0
72 3
14 0
72 3
12 0
72 3
12 0
72 4
14 0
72 2
12 0
72 4
12 0
72 2
12 0
72 4
14 0
72 3
12 0
72 4
12 0
72 4
12 0
72 2
14 0
72 2
12 0
72 4
12 0
72 4
12 0
72 3
14 0
72 3
14 0
72 4
12 0
72 4
12 0
72 2
14 0
72 4
12 0
72 2
12 0
72 4
12 0
72 3
14 0
72 3
12 0
72 4
12 0
72 4
12 0
72 2
14 0
72 4
12 0
72 3
12 0
72 3
12 0
72 3
14 0
72 4
14 0
72 2
12 0
72 4
12 0
72 4
14 0
72 4
12 0
72 4
12 0
72 4
12 0
72 4
14 0
72 4
12 0
72 4
12 0
72 3
12 0
72 4
14 0
72 4
12 0
72 4
12 0
72 4
12 0
72 4
14 0
72 4
14 0
72 3
12 0
72 4
12 0
72 4
14 0
72 4
12 0
72 4
12 0
72 4
12 0
72 4
14 0
72 4
12 0
72 4
12 0
72 4
12 0
72 3
14 0
72 4
12 0
72 4
12 0
72 4
12 0
72 4
14 0
72 4
14 0
72 4
12 0
72 3
12 0
72 4
14 0
72 4
12 0
72 4
12 0
72 4
12 0
72 4
14 0
72 4
12 0
72 4
12 0
72 4
12 0
72 4
14 0
72 4
12 0
72 4
12 0
72 3
12 0
72 4
14 0
72 4
14 0
72 4
12 0
72 4
12 0
72 4
14 0
72 4
12 0
72 3
12 0
72 4
12 0
72 4
14 0
72 4
12 0
72 4
24 0
72 0
24 0
72 1
24 0
72 2
24 0
72 2
24 0
72 2
19 0
72 2
19 0
72 1
19 0
72 3
19 0
72 2
17 0
72 2
17 0
72 1
17 0
72 3
17 0
72 2
14 0
14 0
72 0
14 0
72 3
14 0
72 0
14 0
E
S
H
72 11
52 13
54 13
55 13
72 0
54 14
52 13
72 0
54 13
55 13
54 14
52 13
72 0
54 13
72 0
55 13
54 14
52 14
72 2
54 14
55 14
54 14
E
S
H
72 12
52 13
54 13
72 1
55 13
54 14
52 13
54 13
72 0
55 13
54 14
72 0
52 13
54 13
55 13
72 2
54 14
41 12
48 14
29 14
72 0
60 0
72 1
64 0
34 14
32 0
E
S
L
72 11
18 0
72 3
18 0
72 3
18 0
72 3
18 0
72 4
18 0
72 2
18 0
72 4
18 0
72 4
18 0
72 3
18 0
72 3
18 0
72 4
18 0
72 4
18 0
72 2
18 0
72 4
18 0
72 2
18 0
72 4
18 0
72 3
18 0
72 3
18 0
72 4
18 0
72 4
18 0
72 2
18 0
72 4
18 0
72 3
18 0
72 3
18 0
72 3
18 0
72 4
18 0
72 2
18 0
72 4
18 0
72 2
18 0
72 4
18 0
72 3
18 0
72 3
18 0
72 3
22 0
72 4
18 0
72 2
18 0
72 4
18 0
72 4
18 0
72 3
18 0
72 3
18 0
72 4
18 0
72 4
18 0
72 2
18 0
72 4
18 0
72 2
18 0
72 4
18 0
72 3
18 0
72 3
18 0
72 4
18 0
72 4
18 0
72 2
18 0
72 4
18 0
72 3
18 0
72 3
18 0
72 3
18 0
72 4
18 0
72 2
18 0
72 4
18 0
72 2
18 0
72 4
18 0
72 3
18 0
72 3
18 0
72 3
18 0
72 4
18 0
72 2
22 0
72 4
18 0
72 4
18 0
72 3
18 0
72 3
18 0
72 4
18 0
72 4
18 0
72 2
18 0
72 4
18 0
72 2
18 0
72 4
18 0
72 3
18 0
72 4
18 0
72 2
18 0
72 4
18 0
72 2
18 0
72 4
18 0
72 3
18 0
72 3
18 0
72 3
18 0
72 4
18 0
72 2
18 0
72 4
18 0
72 2
18 0
72 4
18 0
72 3
18 0
72 3
18 0
72 3
18 0
72 4
18 0
72 2
18 0
72 4
18 0
72 4
18 0
72 3
22 0
72 3
18 0
72 4
18 0
72 2
18 0
72 4
18 0
72 2
18 0
72 4
18 0
72 4
18 0
72 3
18 0
72 3
18 0
72 4
18 0
72 4
18 0
72 2
18 0
72 4
18 0
72 3
18 0
72 3
18 0
72 3
18 0
72 4
18 0
72 2
18 0
72 4
18 0
72 2
18 0
72 4
18 0
72 3
18 0
72 3
18 0
72 3
18 0
72 12
18 0
72 4
18 0
72 3
18 0
72 3
18 0
72 3
18 0
72 4
18 0
72 2
18 0
72 4
18 0
72 4
18 0
72 3
18 0
72 3
18 0
72 4
18 0
72 4
18 0
72 2
18 0
72 4
18 0
72 2
18 0
72 4
18 0
72 3
18 0
72 3
18 0
72 4
18 0
72 4
18 0
72 2
18 0
72 4
18 0
72 3
18 0
72 3
18 0
72 3
18 0
72 4
18 0
72 2
18 0
72 4
18 0
72 2
18 0
72 4
18 0
72 3
22 0
72 3
18 0
72 3
18 0
72 4
18 0
72 2
18 0
72 4
18 0
72 2
18 0
72 4
18 0
72 3
18 0
72 4
18 0
72 4
18 0
72 2
18 0
72 2
18 0
72 4
18 0
72 4
18 0
72 3
18 0
72 3
18 0
72 4
18 0
72 4
18 0
72 2
18 0
72 4
18 0
72 2
18 0
72 4
18 0
72 3
18 0
72 3
18 0
72 4
18 0
72 4
18 0
72 2
18 0
72 4
18 0
72 3
18 0
72 3
18 0
72 3
18 0
72 4
22 0
72 2
18 0
72 4
18 0
72 4
18 0
72 4
18 0
72 4
18 0
72 4
18 0
72 4
18 0
72 4
18 0
72 4
18 0
72 3
18 0
72 4
18 0
72 4
18 0
72 4
18 0
72 4
18 0
72 4
18 0
72 4
18 0
72 3
18 0
72 4
18 0
72 4
18 0
72 4
18 0
72 4
18 0
72 4
18 0
72 4
18 0
72 4
18 0
72 4
18 0
72 4
18 0
72 3
18 0
72 4
18 0
72 4
18 0
72 4
18 0
72 4
18 0
72 4
22 0
72 4
18 0
72 3
18 0
72 4
18 0
72 4
18 0
72 4
18 0
72 4
18 0
72 4
18 0
72 4
18 0
72 4
18 0
72 4
18 0
72 4
18 0
72 4
18 0
72 4
18 0
72 3
18 0
72 4
18 0
72 4
18 0
72 4
18 0
72 4
18 0
72 4
18 0
72 4
18 0
72 3
18 0
72 4
18 0
72 4
18 0
72 4
18 0
E
X
