major
S
L
72 7
72 14
1423 11
1580 11
1737 11
1580 11
1423 11
1580 11
1737 11
1580 11
1430 7
72 7
1587 7
72 7
1744 7
72 7
161 7
72 7
1430 7
72 7
161 7
72 7
1744 7
72 7
1587 7
72 7
1430 7
72 7
1587 7
72 7
1744 7
72 7
161 7
72 7
1430 7
72 7
161 7
72 7
1744 7
72 7
1587 7
72 7
1430 7
72 7
1587 7
72 7
1744 7
72 7
161 7
72 7
1430 7
72 7
161 7
72 7
1744 7
72 7
1587 7
72 7
1430 7
72 7
1587 7
72 7
1744 7
72 7
161 7
72 7
1430 7
72 7
161 7
72 7
1744 7
72 7
1587 7
72 7
1423 11
1580 11
1737 11
1580 11
1423 11
1580 11
1737 11
1580 11
1423 11
1580 11
1737 11
1580 11
1423 11
1580 11
1737 11
1580 11
1430 7
72 7
1430 7
72 7
1430 7
72 7
1430 7
72 7
1430 7
72 7
1430 7
72 7
1116 7
72 7
789 7
72 7
1430 7
72 7
1430 7
72 7
1430 7
72 7
1430 7
72 7
1430 7
72 7
1430 7
72 7
1116 7
72 7
789 7
72 7
1430 7
72 7
1430 7
72 7
1430 7
72 7
1430 7
72 7
1430 7
72 7
1430 7
72 7
1116 7
72 7
789 7
72 7
1430 7
72 7
1430 7
72 7
1430 7
72 7
1430 7
72 7
1430 7
72 7
161 7
72 7
1744 7
72 7
1587 7
72 7
1611 14
72 14
1108 11
1109 11
1266 11
1109 11
1108 11
1109 11
1266 11
1109 11
1103 7
72 7
1103 7
72 7
1103 7
72 7
1103 7
72 7
1103 7
72 7
1103 7
72 7
789 7
72 7
318 7
72 7
1103 7
72 7
1103 7
72 7
1103 7
72 7
1103 7
72 7
1103 7
72 7
1103 7
72 7
789 7
72 7
318 7
72 7
1103 7
72 7
1103 7
72 7
1103 7
72 7
1103 7
72 7
1103 7
72 7
1103 7
72 7
789 7
72 7
318 7
72 7
1103 7
72 7
1103 7
72 7
1103 7
72 7
1103 7
72 7
1103 7
72 7
1430 7
72 7
1273 7
72 7
1116 7
72 7
1768 14
72 14
1430 13
1116 13
1248 13
946 11
1116 11
1430 13
1116 13
1248 13
946 11
1116 11
1430 13
1116 13
1248 13
946 11
1116 11
1430 13
1116 13
1248 13
946 11
1116 11
E
S
H
72 7
72 14
50 4
55 4
62 4
72 4
51 4
55 4
62 4
72 4
52 4
55 4
62 4
72 4
51 4
55 4
62 4
72 4
50 4
55 4
62 4
72 4
51 4
55 4
62 4
72 4
52 4
55 4
62 4
72 4
51 4
55 4
62 4
50 4
72 4
57 5
72 3
56 5
72 3
52 5
72 3
55 4
72 4
53 5
72 3
52 4
72 4
51 5
72 3
50 5
72 3
57 5
72 3
52 5
72 3
60 5
72 3
59 5
72 3
56 6
72 2
57 10
72 3
50 4
72 4
57 5
72 3
56 5
72 3
52 5
72 3
55 4
72 4
53 5
72 3
52 4
72 4
51 5
72 3
50 5
72 3
57 5
72 3
52 5
72 3
60 5
72 3
59 5
72 3
56 6
72 2
57 10
72 3
50 4
72 4
57 5
72 3
56 5
72 3
52 5
72 3
55 4
72 4
53 5
72 3
52 4
72 4
51 5
72 3
50 5
72 3
57 5
72 3
52 5
72 3
60 5
72 3
59 5
72 3
56 6
72 2
57 10
72 3
50 4
72 4
57 5
72 3
56 5
72 3
52 5
72 3
55 4
72 4
53 5
72 3
52 4
72 4
51 5
72 3
50 5
72 3
57 5
72 3
52 5
72 3
60 5
72 3
59 5
72 3
56 6
72 2
57 10
72 14
50 4
55 4
134 4
72 4
51 4
55 4
134 4
72 4
52 4
55 4
134 4
72 4
51 4
55 4
134 4
72 4
50 4
55 4
134 4
72 4
51 4
55 4
134 4
72 4
52 4
55 4
134 4
72 4
51 4
55 4
134 4
72 4
50 4
55 4
134 4
72 4
51 4
55 4
134 4
72 4
52 4
55 4
134 4
72 4
51 4
55 4
134 4
50 4
72 4
57 5
72 3
56 5
72 3
52 5
72 3
55 4
72 4
53 5
72 3
52 4
72 4
51 5
72 3
50 5
72 3
57 5
72 3
52 5
72 3
60 5
72 3
59 5
72 3
56 6
72 2
57 10
72 3
50 4
72 4
57 5
72 3
56 5
72 3
52 5
72 3
55 4
72 4
53 5
72 3
52 4
72 4
51 5
72 3
50 5
72 3
57 5
72 3
52 5
72 3
60 5
72 3
59 5
72 3
56 6
72 2
57 10
72 3
50 4
72 4
57 5
72 3
56 5
72 3
52 5
72 3
55 4
72 4
53 5
72 3
52 4
72 4
51 5
72 3
50 5
72 3
57 5
72 3
52 5
72 3
60 5
72 3
59 5
72 3
56 6
72 2
57 10
72 3
50 4
72 4
57 5
72 3
56 5
72 3
52 5
72 3
55 4
72 4
53 5
72 3
52 4
72 4
51 5
72 3
50 5
72 3
57 5
72 3
52 5
72 3
60 5
72 3
59 5
72 3
56 6
72 2
57 10
72 3
46 7
72 13
48 7
72 12
50 7
72 11
57 7
60 7
62 7
64 7
65 7
72 12
67 7
72 7
65 7
72 7
62 7
72 12
62 7
72 12
61 7
72 12
61 6
72 12
61 6
72 12
61 5
72 8
62 6
72 8
61 6
72 12
61 5
72 12
61 8
72 12
61 6
72 8
62 5
72 8
61 5
72 8
61 4
72 9
61 3
72 10
61 3
72 10
61 4
72 9
61 4
72 9
61 4
72 12
61 4
72 9
61 2
72 10
61 2
72 10
61 2
72 10
61 3
72 14
59 3
72 14
47 4
72 4
54 5
72 3
53 5
72 3
49 5
72 3
52 4
72 4
50 5
72 3
49 4
72 4
48 5
72 3
47 5
72 3
54 5
72 3
49 5
72 3
57 5
72 3
56 5
72 3
53 6
72 2
54 10
72 3
47 4
72 4
54 5
72 3
53 5
72 3
49 5
72 3
52 4
72 4
50 5
72 3
49 4
72 4
48 5
72 3
47 5
72 3
54 5
72 3
49 5
72 3
57 5
72 3
56 5
72 3
53 6
72 2
54 10
72 3
47 4
72 4
54 5
72 3
53 5
72 3
49 5
72 3
52 4
72 4
50 5
72 3
49 4
72 4
48 5
72 3
47 5
72 3
54 5
72 3
49 5
72 3
57 5
72 3
56 5
72 3
53 6
72 2
54 10
72 3
47 4
72 4
54 5
72 3
53 5
72 3
49 5
72 3
52 4
72 4
50 5
72 3
49 4
72 4
48 5
72 3
47 5
72 3
54 5
72 3
49 5
72 3
57 5
72 3
56 5
72 3
53 6
72 2
54 10
72 3
61 7
72 12
61 6
72 12
61 6
72 12
61 5
72 8
62 6
72 8
61 6
72 12
61 5
72 14
61 7
72 12
61 6
72 12
61 6
72 12
61 5
72 8
62 6
72 8
61 6
72 12
61 5
72 14
64 7
72 12
64 6
72 12
64 6
72 12
64 5
72 8
65 6
72 8
64 6
72 12
64 5
72 12
64 8
72 12
64 6
72 8
65 5
72 8
64 5
72 8
64 4
72 9
64 3
72 10
64 3
72 10
64 4
72 9
64 4
72 9
64 4
72 12
64 4
72 9
64 2
72 10
64 2
72 10
64 2
72 10
64 3
72 14
62 3
E
S
H
72 7
72 14
50 4
72 4
57 5
72 3
56 5
72 3
52 4
72 4
55 4
72 4
53 4
72 4
52 4
53 2
52 2
51 4
72 4
50 4
72 4
57 4
72 4
52 4
72 4
60 4
72 4
59 4
60 2
59 2
56 6
72 2
57 8
72 5
50 4
72 4
57 5
72 3
56 5
72 3
52 4
72 4
55 4
72 4
53 4
72 4
52 4
53 2
52 2
51 4
72 4
50 8
72 6
53 8
72 6
52 6
72 8
51 2
72 2
51 2
72 2
51 2
72 2
51 2
72 2
50 8
72 14
37 10
72 3
37 5
35 5
42 5
37 10
72 2
37 5
35 4
72 1
42 5
37 10
72 2
37 5
35 5
42 5
35 4
37 5
35 4
37 4
38 4
37 4
38 4
37 4
35 5
37 8
72 2
37 5
35 6
42 5
37 10
72 2
37 5
35 6
42 5
37 12
72 2
35 6
72 2
37 4
38 4
42 3
72 1
28 4
30 4
33 4
35 8
72 14
47 4
72 4
54 5
72 3
53 5
72 3
49 4
72 4
52 4
72 4
50 4
72 4
49 4
50 2
49 2
48 4
72 4
47 4
72 4
54 4
72 4
49 4
72 4
57 4
72 4
56 4
57 2
56 2
53 6
72 2
54 8
72 5
47 4
72 4
54 5
72 3
53 5
72 3
49 4
72 4
52 4
72 4
50 4
72 4
49 4
50 2
49 2
48 4
72 4
47 8
72 6
50 8
72 6
49 6
72 8
48 2
72 2
48 2
72 2
48 2
72 2
48 2
72 2
47 8
72 14
37 10
72 3
37 5
35 5
42 5
37 10
72 2
37 5
35 4
72 1
42 5
37 10
72 2
37 5
35 5
42 5
35 4
37 5
35 4
37 4
38 4
37 4
38 4
37 4
35 5
37 8
72 2
37 5
35 6
42 5
37 10
72 2
37 5
35 6
42 5
37 12
72 2
35 6
72 2
37 4
38 4
42 3
72 1
36 4
38 4
40 4
43 2
E
S
L
72 13
14 11
15 11
16 11
15 11
14 11
15 11
16 11
15 11
14 11
15 11
16 11
15 11
14 11
15 11
16 11
15 11
14 7
72 7
15 7
72 7
16 7
72 7
17 7
72 7
14 7
72 7
17 7
72 7
16 7
72 7
15 7
72 7
14 7
72 7
15 7
72 7
16 7
72 7
17 7
72 7
14 7
72 7
17 7
72 7
16 7
72 7
15 7
72 7
14 7
72 7
15 7
72 7
16 7
72 7
17 7
72 7
14 7
72 7
17 7
72 7
16 7
72 7
15 7
72 7
14 7
72 7
15 7
72 7
16 7
72 7
17 7
72 7
14 7
72 7
17 7
72 7
16 7
72 7
15 7
72 14
23 13
21 13
20 13
19 11
21 11
23 13
21 13
20 13
19 11
21 11
23 13
21 13
20 13
19 11
21 11
23 13
21 13
20 13
19 11
21 11
72 14
23 13
21 13
20 13
19 11
21 11
23 13
21 13
20 13
19 11
21 11
23 13
21 13
20 13
19 11
21 11
23 13
21 13
20 13
19 11
21 11
26 13
24 13
23 13
22 11
24 11
26 13
24 13
23 13
22 11
24 11
26 13
24 13
23 13
22 11
24 11
26 13
24 13
23 13
22 11
24 11
14 11
15 11
16 11
15 11
14 11
15 11
16 11
15 11
E
S
H
72 7
72 14
163 4
72 4
163 4
72 4
176 4
72 4
176 4
72 4
189 4
72 4
189 4
72 4
202 4
72 4
202 4
72 4
163 4
72 4
163 4
72 4
202 4
72 4
202 4
72 4
189 4
72 4
189 4
72 4
176 4
72 4
176 4
72 4
163 4
72 4
163 4
72 4
176 4
72 4
176 4
72 4
189 4
72 4
189 4
72 4
202 4
72 4
202 4
72 4
163 4
72 4
163 4
72 4
202 4
72 4
202 4
72 4
189 4
72 4
189 4
72 4
176 4
72 4
176 4
72 4
163 4
72 4
163 4
72 4
176 4
72 4
176 4
72 4
189 4
72 4
189 4
72 4
202 4
72 4
202 4
72 4
163 4
72 4
163 4
72 4
202 4
72 4
202 4
72 4
189 4
72 4
189 4
72 4
176 4
72 4
176 4
72 4
163 4
72 4
163 4
72 4
176 4
72 4
176 4
72 4
189 4
72 4
189 4
72 4
202 4
72 4
202 4
72 4
163 4
72 4
163 4
72 4
202 4
72 4
202 4
72 4
189 4
72 4
189 4
72 4
176 4
72 4
176 4
72 4
211 4
72 4
211 4
72 4
224 4
72 4
224 4
72 4
237 4
72 4
237 4
72 4
224 4
72 4
224 4
72 4
211 4
72 4
211 4
72 4
224 4
72 4
224 4
72 4
237 4
72 4
237 4
72 4
224 4
72 4
224 4
72 4
211 4
72 4
211 4
72 4
224 4
72 4
224 4
72 4
237 4
72 4
237 4
72 4
224 4
72 4
224 4
72 4
211 4
72 4
211 4
72 4
224 4
72 4
224 4
72 4
237 4
72 4
237 4
72 4
224 4
72 4
224 4
72 14
23 13
26 12
30 11
35 7
37 7
35 7
30 6
26 4
21 13
25 12
28 11
33 7
37 7
33 7
28 6
25 4
20 13
23 12
28 11
35 7
37 7
35 7
28 6
23 4
19 10
23 8
26 6
31 4
21 10
25 8
28 6
33 4
23 13
26 12
30 11
35 7
37 7
35 7
30 6
26 4
21 13
25 12
28 11
33 7
37 7
33 7
28 6
25 4
20 13
23 12
28 11
35 7
37 7
35 7
28 6
23 4
19 10
23 8
26 6
31 4
21 10
25 8
28 6
33 4
72 14
184 4
72 4
184 4
72 4
185 4
72 4
185 4
72 4
198 4
72 4
198 4
72 4
185 4
72 4
185 4
72 4
184 4
72 4
184 4
72 4
185 4
72 4
185 4
72 4
198 4
72 4
198 4
72 4
185 4
72 4
185 4
72 14
23 13
26 12
30 11
35 7
37 7
35 7
30 6
26 4
21 13
25 12
28 11
33 7
37 7
33 7
28 6
25 4
20 13
23 12
28 11
35 7
37 7
35 7
28 6
23 4
19 10
23 8
26 6
31 4
21 10
25 8
28 6
33 4
23 13
26 12
30 11
35 7
37 7
35 7
30 6
26 4
21 13
25 12
28 11
33 7
37 7
33 7
28 6
25 4
20 13
23 12
28 11
35 7
37 7
35 7
28 6
23 4
19 10
23 8
26 6
31 4
21 10
28 8
33 6
36 4
26 13
29 12
33 11
38 7
40 7
38 7
33 6
29 4
24 13
28 12
31 11
36 7
40 7
36 7
31 6
28 4
23 13
26 12
31 11
38 7
40 7
38 7
31 6
26 4
22 10
26 8
29 6
34 4
24 10
28 8
31 6
36 4
26 13
29 12
33 11
38 7
40 7
38 7
33 6
29 4
24 13
28 12
31 11
36 7
40 7
36 7
31 6
28 4
23 13
26 12
31 11
38 7
40 7
38 7
31 6
26 4
22 10
26 8
29 6
34 4
24 10
28 8
31 6
36 4
26 13
29 12
33 11
38 7
40 7
38 7
33 6
29 4
24 13
28 12
31 11
36 7
40 7
36 7
31 6
28 4
23 13
26 12
31 11
38 7
40 7
38 7
31 6
26 4
22 10
26 8
29 6
34 4
24 10
28 8
31 6
36 4
26 13
29 12
33 11
38 7
40 7
38 7
33 6
29 4
24 13
28 12
31 11
36 7
40 7
36 7
31 6
28 4
23 13
26 12
31 11
38 7
40 7
38 7
31 6
26 4
22 10
26 8
29 6
34 4
24 10
28 8
31 6
36 4
E
S
L
72 7
72 14
26 4
29 4
31 2
33 2
31 2
29 2
27 4
29 4
31 2
33 2
31 2
29 2
28 4
29 4
31 2
33 2
31 2
29 2
27 4
29 4
31 2
33 2
31 2
29 2
26 4
29 4
31 2
33 2
31 2
29 2
27 4
29 4
31 2
33 2
31 2
29 2
28 4
29 4
31 2
33 2
31 2
29 2
27 4
29 4
31 2
33 2
31 2
29 2
72 14
26 4
29 4
31 2
33 2
31 2
29 2
27 4
29 4
31 2
33 2
31 2
29 2
28 4
29 4
31 2
33 2
31 2
29 2
27 4
29 4
31 2
33 2
31 2
29 2
26 4
29 4
31 2
33 2
31 2
29 2
27 4
29 4
31 2
33 2
31 2
29 2
28 4
29 4
31 2
33 2
31 2
29 2
27 4
29 4
31 2
33 2
31 2
29 2
26 4
29 4
31 2
33 2
31 2
29 2
27 4
29 4
31 2
33 2
31 2
29 2
28 4
29 4
31 2
33 2
31 2
29 2
27 4
29 4
31 2
33 2
31 2
29 2
26 4
29 4
31 2
33 2
31 2
29 2
27 4
29 4
31 2
33 2
31 2
29 2
28 4
29 4
31 2
33 2
31 2
29 2
27 4
29 4
31 2
33 2
31 2
29 2
72 14
23 4
26 4
28 2
30 2
28 2
26 2
24 4
26 4
28 2
30 2
28 2
26 2
25 4
26 4
28 2
30 2
28 2
26 2
24 4
26 4
28 2
30 2
28 2
26 2
23 4
26 4
28 2
30 2
28 2
26 2
24 4
26 4
28 2
30 2
28 2
26 2
25 4
26 4
28 2
30 2
28 2
26 2
24 4
26 4
28 2
30 2
28 2
26 2
E
S
L
72 7
72 12
125 0
72 7
22 0
72 4
12 0
72 2
12 0
72 2
125 0
72 7
22 0
72 7
125 0
72 7
22 0
72 4
12 0
72 2
12 0
72 2
125 0
72 7
22 0
72 7
125 0
72 7
22 0
72 4
12 0
72 2
12 0
72 2
125 0
72 7
22 0
72 7
401 0
72 7
222 0
72 4
12 0
72 2
12 0
72 2
401 0
72 7
123 0
72 7
12 0
72 4
14 0
72 4
12 0
72 4
14 0
72 4
12 0
72 4
14 0
72 4
12 0
72 4
14 0
72 4
12 0
72 4
14 0
72 4
12 0
72 4
14 0
72 4
12 0
72 4
14 0
72 4
12 0
72 4
14 0
72 4
12 0
72 4
14 0
72 4
12 0
72 4
14 0
72 4
12 0
72 4
14 0
72 4
12 0
72 4
14 0
72 2
14 0
72 2
269 0
72 7
12 0
72 4
14 0
72 4
269 0
72 4
14 0
72 2
14 0
72 2
125 0
72 6
14 0
72 2
12 0
72 7
125 0
72 7
12 0
72 2
12 0
72 2
12 0
72 4
125 0
72 7
12 0
72 7
125 0
72 7
12 0
72 2
12 0
72 2
12 0
72 4
125 0
72 7
12 0
72 7
125 0
72 7
12 0
72 2
12 0
72 2
12 0
72 4
125 0
72 7
12 0
72 7
12 0
72 4
14 0
72 4
125 0
72 7
12 0
72 4
14 0
72 4
12 0
72 7
125 0
72 7
12 0
72 2
12 0
72 2
12 0
72 4
125 0
72 7
12 0
72 7
125 0
72 7
12 0
72 2
12 0
72 2
12 0
72 4
125 0
72 7
12 0
72 7
125 0
72 7
12 0
72 2
12 0
72 2
12 0
72 4
125 0
72 7
12 0
72 7
125 0
72 7
12 0
72 2
12 0
72 2
12 0
72 4
125 0
72 7
12 0
72 4
14 0
72 4
12 0
72 2
12 0
72 2
14 0
72 4
12 0
72 4
14 0
72 4
12 0
72 4
14 0
72 4
12 0
72 4
14 0
72 4
12 0
72 2
12 0
72 2
14 0
72 4
12 0
72 4
14 0
72 4
12 0
72 4
14 0
72 4
12 0
72 4
14 0
72 4
12 0
72 4
14 0
72 4
12 0
72 2
12 0
72 2
14 0
72 4
12 0
72 4
14 0
72 4
12 0
72 4
14 0
72 4
12 0
72 2
12 0
72 2
14 0
72 2
12 0
72 2
12 0
72 4
14 0
72 4
12 0
72 4
14 0
72 4
12 0
72 4
14 0
72 4
12 0
72 2
12 0
72 2
14 0
72 2
12 0
72 2
12 0
72 4
14 0
72 4
12 0
72 4
14 0
72 4
12 0
72 4
14 0
72 4
12 0
72 2
12 0
72 2
14 0
72 2
12 0
72 2
12 0
72 4
14 0
72 4
12 0
72 4
14 0
72 4
113 0
72 7
12 0
72 4
12 0
72 2
12 0
72 2
113 0
72 7
12 0
72 4
14 0
72 2
14 0
72 2
115 0
72 9
14 0
72 4
115 0
72 4
14 0
72 2
14 0
72 2
14 0
72 6
14 0
72 2
113 0
72 4
14 0
72 4
12 0
72 4
14 0
72 4
113 0
72 4
14 0
72 4
12 0
72 2
12 0
72 2
14 0
72 4
113 0
72 4
14 0
72 4
12 0
72 4
14 0
72 4
113 0
72 4
14 0
72 4
12 0
72 2
12 0
72 2
14 0
72 4
113 0
72 4
14 0
72 4
12 0
72 4
14 0
72 4
113 0
72 4
14 0
72 4
12 0
72 2
12 0
72 2
14 0
72 2
14 0
72 2
115 0
72 9
14 0
72 4
115 0
72 4
14 0
72 4
14 0
72 6
14 0
72 2
113 0
72 4
14 0
72 4
12 0
72 4
14 0
72 4
113 0
72 4
14 0
72 4
12 0
72 2
12 0
72 2
14 0
72 4
113 0
72 4
14 0
72 4
12 0
72 4
14 0
72 4
113 0
72 4
14 0
72 4
12 0
72 2
12 0
72 2
14 0
72 4
113 0
72 4
14 0
72 4
12 0
72 4
14 0
72 4
113 0
72 4
14 0
72 4
12 0
72 2
12 0
72 2
14 0
72 2
14 0
72 2
115 0
72 9
14 0
72 4
115 0
72 4
14 0
72 4
14 0
72 6
14 0
72 2
989 0
72 4
18 0
72 2
18 0
72 2
989 0
72 4
173 0
72 2
173 0
72 2
989 0
72 4
18 0
72 2
18 0
72 2
989 0
72 4
18 0
72 2
18 0
72 2
989 0
72 4
18 0
72 2
18 0
72 2
989 0
72 4
173 0
72 2
173 0
72 2
989 0
72 4
18 0
72 2
18 0
72 2
989 0
72 4
18 0
72 2
18 0
72 2
989 0
72 4
18 0
72 2
18 0
72 2
989 0
72 4
173 0
72 2
173 0
72 2
989 0
72 4
18 0
72 2
18 0
72 2
989 0
72 4
18 0
72 2
18 0
72 2
989 0
72 4
18 0
72 2
18 0
72 2
989 0
72 4
173 0
72 2
173 0
72 2
989 0
72 4
18 0
72 2
18 0
72 2
989 0
72 4
18 0
72 2
18 0
72 2
989 0
72 4
20 0
72 2
18 0
72 2
989 0
72 4
197 0
72 2
173 0
72 2
989 0
72 4
20 0
72 2
18 0
72 2
989 0
72 4
20 0
72 2
18 0
72 2
989 0
72 4
20 0
72 2
18 0
72 2
989 0
72 4
197 0
72 2
173 0
72 2
989 0
72 4
20 0
72 2
18 0
72 2
989 0
72 4
20 0
72 2
18 0
72 2
989 0
72 4
20 0
72 2
18 0
72 2
989 0
72 4
197 0
72 2
173 0
72 2
989 0
72 4
20 0
72 2
18 0
72 2
989 0
72 4
20 0
72 2
18 0
72 2
989 0
72 4
20 0
72 2
18 0
72 2
989 0
72 4
197 0
72 2
173 0
72 2
989 0
72 4
20 0
72 2
18 0
72 2
989 0
72 2
14 0
72 2
199 0
72 2
175 0
72 2
893 0
72 2
27 0
72 2
139 0
72 2
143 0
72 2
893 0
72 2
27 0
72 2
557 0
72 2
605 0
72 2
893 0
72 2
27 0
72 2
139 0
72 2
143 0
72 2
893 0
72 2
27 0
72 2
139 0
72 2
143 0
72 2
893 0
72 2
27 0
72 2
139 0
72 2
143 0
72 2
893 0
72 2
27 0
72 2
557 0
72 2
605 0
72 2
893 0
72 2
27 0
72 2
139 0
72 2
143 0
72 2
893 0
72 2
27 0
72 2
139 0
72 2
143 0
72 2
893 0
72 2
27 0
72 2
139 0
72 2
143 0
72 2
893 0
72 2
27 0
72 2
557 0
72 2
605 0
72 2
893 0
72 2
27 0
72 2
139 0
72 2
143 0
72 2
893 0
72 2
27 0
72 2
139 0
72 2
143 0
72 2
893 0
72 2
27 0
72 2
139 0
72 2
143 0
72 2
893 0
72 2
27 0
72 2
557 0
72 2
605 0
72 2
893 0
72 2
27 0
72 2
139 0
72 2
143 0
72 2
893 0
72 2
27 0
72 2
139 0
72 2
143 0
72 2
893 0
72 2
27 0
72 2
139 0
72 2
143 0
72 2
893 0
72 2
27 0
72 2
557 0
72 2
605 0
72 2
893 0
72 2
27 0
72 2
139 0
72 2
143 0
72 2
893 0
72 2
27 0
72 2
139 0
72 2
143 0
72 2
893 0
72 2
27 0
72 2
139 0
72 2
143 0
72 2
893 0
72 2
27 0
72 2
557 0
72 2
605 0
72 2
893 0
72 2
27 0
72 2
139 0
72 2
143 0
72 2
893 0
72 2
27 0
72 2
139 0
72 2
143 0
72 2
269 0
72 7
607 0
72 7
269 0
72 7
143 0
72 4
14 0
72 2
14 0
72 2
269 0
72 7
143 0
72 4
14 0
72 4
269 0
72 4
14 0
72 4
607 0
72 2
14 0
72 4
175 0
72 2
12 0
72 7
145 0
72 7
12 0
72 7
145 0
72 7
12 0
72 7
145 0
72 7
12 0
72 7
145 0
72 7
12 0
72 7
630 0
72 7
12 0
72 7
630 0
72 7
545 0
72 7
545 0
72 7
545 0
72 7
545 0
72 7
12 0
72 7
630 0
72 7
12 0
72 7
630 0
72 7
12 0
72 7
630 0
72 7
12 0
72 7
630 0
72 7
12 0
72 9
630 0
72 4
12 0
72 7
630 0
72 7
545 0
72 7
545 0
72 6
113 0
72 2
145 0
72 7
545 0
72 7
12 0
72 7
630 0
72 7
12 0
72 7
630 0
72 7
12 0
72 7
630 0
72 7
12 0
72 7
630 0
72 7
12 0
72 7
630 0
72 7
12 0
72 7
630 0
72 7
629 0
72 7
630 0
72 7
629 0
72 7
630 0
72 7
12 0
72 7
630 0
72 7
12 0
72 7
630 0
72 7
12 0
72 7
630 0
72 7
12 0
72 7
630 0
72 7
12 0
72 7
630 0
72 7
12 0
72 7
630 0
72 7
12 0
72 7
630 0
72 7
12 0
72 7
630 0
72 4
14 0
72 4
12 0
72 7
14 0
72 7
12 0
72 2
12 0
72 2
12 0
72 4
14 0
72 7
12 0
72 7
14 0
72 7
12 0
72 2
12 0
72 2
12 0
72 4
14 0
72 7
12 0
72 7
14 0
72 7
12 0
72 2
12 0
72 2
12 0
72 4
14 0
72 7
12 0
72 7
14 0
72 7
12 0
72 2
12 0
72 2
12 0
72 4
14 0
72 7
12 0
72 7
14 0
72 7
12 0
72 2
12 0
72 2
12 0
72 4
14 0
72 7
12 0
72 7
14 0
72 7
12 0
72 2
12 0
72 2
12 0
72 4
14 0
72 7
12 0
72 7
14 0
72 7
12 0
72 2
12 0
72 2
12 0
72 4
14 0
72 7
12 0
72 7
14 0
72 7
16 0
72 4
16 0
72 2
16 0
72 2
16 0
72 4
16 0
72 4
701 0
72 7
22 0
72 4
12 0
72 2
12 0
72 2
125 0
72 7
22 0
72 7
125 0
72 7
22 0
72 4
12 0
72 2
12 0
72 2
125 0
72 7
22 0
72 7
125 0
72 7
22 0
72 4
12 0
72 2
12 0
72 2
125 0
72 7
22 0
72 7
401 0
72 7
222 0
72 4
12 0
72 2
12 0
72 2
401 0
72 7
123 0
72 7
12 0
72 4
14 0
72 4
12 0
72 4
14 0
72 4
12 0
72 4
14 0
72 4
12 0
72 4
14 0
72 4
12 0
72 4
14 0
72 4
12 0
72 4
14 0
72 4
12 0
72 4
14 0
72 4
12 0
72 4
14 0
72 4
12 0
72 4
14 0
72 4
12 0
72 4
14 0
72 4
12 0
72 4
14 0
72 4
12 0
72 4
14 0
72 2
14 0
72 2
269 0
72 7
12 0
72 4
14 0
72 4
269 0
72 4
14 0
72 2
14 0
72 2
125 0
72 6
14 0
72 2
989 0
72 4
18 0
72 2
18 0
72 2
989 0
72 4
173 0
72 2
173 0
72 2
989 0
72 4
18 0
72 2
18 0
72 2
989 0
72 4
18 0
72 2
18 0
72 2
989 0
72 4
18 0
72 2
18 0
72 2
989 0
72 4
173 0
72 2
173 0
72 2
989 0
72 4
18 0
72 2
18 0
72 2
989 0
72 4
18 0
72 2
18 0
72 2
989 0
72 4
18 0
72 2
18 0
72 2
989 0
72 4
173 0
72 2
173 0
72 2
989 0
72 4
18 0
72 2
18 0
72 2
989 0
72 4
18 0
72 2
18 0
72 2
989 0
72 4
18 0
72 2
18 0
72 2
989 0
72 4
173 0
72 2
173 0
72 2
989 0
72 4
18 0
72 2
18 0
72 2
989 0
72 4
18 0
72 2
18 0
72 2
989 0
72 4
20 0
72 2
18 0
72 2
989 0
72 4
197 0
72 2
173 0
72 2
989 0
72 4
20 0
72 2
18 0
72 2
989 0
72 4
20 0
72 2
18 0
72 2
989 0
72 4
20 0
72 2
18 0
72 2
989 0
72 4
197 0
72 2
173 0
72 2
989 0
72 4
20 0
72 2
18 0
72 2
989 0
72 4
20 0
72 2
18 0
72 2
989 0
72 4
20 0
72 2
18 0
72 2
989 0
72 4
197 0
72 2
173 0
72 2
989 0
72 4
20 0
72 2
18 0
72 2
989 0
72 4
20 0
72 2
18 0
72 2
989 0
72 4
20 0
72 2
18 0
72 2
989 0
72 4
197 0
72 2
173 0
72 2
989 0
72 4
20 0
72 2
18 0
72 2
989 0
72 2
14 0
72 2
199 0
72 2
175 0
72 2
893 0
72 2
27 0
72 2
139 0
72 2
143 0
72 2
893 0
72 2
27 0
72 2
557 0
72 2
605 0
72 2
893 0
72 2
27 0
72 2
139 0
72 2
143 0
72 2
893 0
72 2
27 0
72 2
139 0
72 2
143 0
72 2
893 0
72 2
27 0
72 2
139 0
72 2
143 0
72 2
893 0
72 2
27 0
72 2
557 0
72 2
605 0
72 2
893 0
72 2
27 0
72 2
139 0
72 2
143 0
72 2
893 0
72 2
27 0
72 2
139 0
72 2
143 0
72 2
893 0
72 2
27 0
72 2
139 0
72 2
143 0
72 2
893 0
72 2
27 0
72 2
557 0
72 2
605 0
72 2
893 0
72 2
27 0
72 2
139 0
72 2
143 0
72 2
893 0
72 2
27 0
72 2
139 0
72 2
143 0
72 2
893 0
72 2
27 0
72 2
139 0
72 2
143 0
72 2
893 0
72 2
27 0
72 2
557 0
72 2
605 0
72 2
893 0
72 2
27 0
72 2
139 0
72 2
143 0
72 2
893 0
72 2
27 0
72 2
139 0
72 2
143 0
72 2
893 0
72 2
27 0
72 2
139 0
72 2
143 0
72 2
893 0
72 2
27 0
72 2
557 0
72 2
605 0
72 2
893 0
72 2
27 0
72 2
139 0
72 2
143 0
72 2
893 0
72 2
27 0
72 2
139 0
72 2
143 0
72 2
893 0
72 2
27 0
72 2
139 0
72 2
143 0
72 2
893 0
72 2
27 0
72 2
557 0
72 2
605 0
72 2
893 0
72 2
27 0
72 2
139 0
72 2
143 0
72 2
893 0
72 2
27 0
72 2
139 0
72 2
143 0
72 2
269 0
72 7
607 0
72 7
269 0
72 7
143 0
72 4
14 0
72 2
14 0
72 2
269 0
72 7
143 0
72 4
14 0
72 4
269 0
72 4
14 0
72 4
607 0
72 2
14 0
72 4
175 0
72 2
12 0
72 7
630 0
72 7
12 0
72 7
630 0
72 7
12 0
72 7
630 0
72 7
12 0
72 7
630 0
72 7
12 0
72 7
630 0
72 7
12 0
72 7
630 0
72 7
629 0
72 7
630 0
72 7
629 0
72 7
630 0
72 7
12 0
72 7
630 0
72 7
12 0
72 7
630 0
72 7
12 0
72 7
630 0
72 7
12 0
72 7
630 0
72 7
12 0
72 7
630 0
72 7
12 0
72 7
630 0
72 7
12 0
72 7
630 0
72 7
12 0
72 7
630 0
72 4
14 0
72 4
12 0
72 7
14 0
72 7
12 0
72 2
12 0
72 2
12 0
72 4
14 0
72 7
12 0
72 7
14 0
72 7
12 0
72 2
12 0
72 2
12 0
72 4
14 0
72 7
12 0
72 7
14 0
72 7
12 0
72 2
12 0
72 2
12 0
72 4
14 0
72 7
12 0
72 7
14 0
72 7
12 0
72 2
12 0
72 2
12 0
72 4
14 0
72 7
12 0
72 7
14 0
72 7
12 0
72 2
12 0
72 2
12 0
72 4
14 0
72 7
12 0
72 7
14 0
72 7
12 0
72 2
12 0
72 2
12 0
72 4
14 0
72 7
12 0
72 7
14 0
72 7
12 0
72 2
12 0
72 2
12 0
72 4
14 0
72 7
12 0
72 7
14 0
72 7
16 0
72 4
16 0
72 2
16 0
72 2
16 0
72 4
16 0
72 4
293 0
72 4
16 0
72 4
12 0
72 2
12 0
72 2
149 0
72 4
12 0
72 4
16 0
72 4
12 0
72 4
16 0
72 4
113 0
72 4
16 0
72 4
12 0
72 2
12 0
72 2
149 0
72 4
12 0
72 4
16 0
72 4
12 0
72 4
16 0
72 4
113 0
72 4
16 0
72 4
12 0
72 2
12 0
72 2
149 0
72 2
12 0
72 2
12 0
72 4
16 0
72 4
12 0
72 4
16 0
72 4
113 0
72 4
16 0
72 4
12 0
72 2
12 0
72 2
149 0
72 2
12 0
72 2
113 0
72 4
16 0
72 4
12 0
72 4
16 0
72 4
113 0
72 4
16 0
72 4
12 0
72 2
12 0
72 2
149 0
72 4
12 0
72 4
16 0
72 4
12 0
72 4
16 0
72 4
113 0
72 4
16 0
72 4
12 0
72 2
12 0
72 2
149 0
72 4
12 0
72 4
16 0
72 4
12 0
72 4
16 0
72 4
113 0
72 4
16 0
72 4
12 0
72 2
12 0
72 2
149 0
72 2
12 0
72 2
12 0
72 4
16 0
72 4
12 0
72 4
16 0
72 4
113 0
72 4
16 0
72 4
12 0
72 2
12 0
72 2
149 0
72 2
12 0
72 2
12 0
72 4
16 0
72 4
12 0
72 4
16 0
72 4
113 0
72 4
16 0
72 4
12 0
72 2
12 0
72 2
149 0
72 4
12 0
72 4
16 0
72 4
12 0
72 4
16 0
72 4
113 0
72 4
16 0
72 4
12 0
72 2
12 0
72 2
149 0
72 4
12 0
72 4
16 0
72 4
12 0
72 4
16 0
72 4
113 0
72 4
16 0
72 4
12 0
72 2
12 0
72 2
149 0
72 2
12 0
72 2
12 0
72 4
16 0
72 4
12 0
72 4
16 0
72 4
113 0
72 4
16 0
72 4
12 0
72 2
12 0
72 2
149 0
72 2
12 0
72 2
113 0
72 4
16 0
72 4
12 0
72 4
16 0
72 4
113 0
72 4
16 0
72 4
12 0
72 2
12 0
72 2
149 0
72 4
12 0
72 4
16 0
72 4
12 0
72 4
16 0
72 4
113 0
72 4
16 0
72 4
12 0
72 2
12 0
72 2
149 0
72 4
12 0
72 4
16 0
72 4
12 0
72 4
16 0
72 4
113 0
72 4
16 0
72 4
12 0
72 2
12 0
72 2
149 0
72 2
12 0
72 2
12 0
72 4
16 0
72 4
12 0
72 4
16 0
72 4
113 0
72 4
16 0
72 4
12 0
72 2
12 0
72 2
149 0
72 2
12 0
72 2
12 0
72 4
16 0
72 4
12 0
72 4
16 0
72 4
125 0
72 7
22 0
72 4
12 0
72 2
12 0
72 2
125 0
72 7
22 0
72 7
125 0
72 7
22 0
72 4
12 0
72 2
12 0
72 2
125 0
72 7
22 0
72 7
125 0
72 7
22 0
72 4
12 0
72 2
12 0
72 2
125 0
72 7
22 0
72 7
401 0
72 7
222 0
72 4
12 0
72 2
12 0
72 2
401 0
72 7
123 0
E
S
L
72 14
167 0
72 2
143 0
72 2
145 0
72 2
143 0
72 2
167 0
72 2
143 0
72 2
145 0
72 2
143 0
72 2
167 0
72 2
143 0
72 2
145 0
72 2
143 0
72 2
167 0
72 2
143 0
72 2
145 0
72 2
143 0
72 2
167 0
72 2
143 0
72 2
145 0
72 2
143 0
72 2
167 0
72 2
143 0
72 2
145 0
72 2
143 0
72 2
167 0
72 2
143 0
72 2
145 0
72 2
143 0
72 2
167 0
72 2
143 0
72 2
145 0
72 2
143 0
72 2
167 0
72 2
143 0
72 2
145 0
72 2
143 0
72 2
167 0
72 2
143 0
72 2
145 0
72 2
143 0
72 2
167 0
72 2
143 0
72 2
145 0
72 2
143 0
72 2
167 0
72 2
143 0
72 2
145 0
72 2
143 0
72 2
167 0
72 2
143 0
72 2
145 0
72 2
143 0
72 2
167 0
72 2
143 0
72 2
145 0
72 2
143 0
72 2
167 0
72 2
143 0
72 2
145 0
72 2
143 0
72 2
167 0
72 2
143 0
72 2
145 0
72 2
143 0
72 2
167 0
72 2
143 0
72 2
145 0
72 2
143 0
72 2
167 0
72 2
143 0
72 2
145 0
72 2
143 0
72 2
167 0
72 2
143 0
72 2
145 0
72 2
143 0
72 2
167 0
72 2
143 0
72 2
145 0
72 2
143 0
72 2
167 0
72 2
143 0
72 2
145 0
72 2
143 0
72 2
167 0
72 2
143 0
72 2
145 0
72 2
143 0
72 2
167 0
72 2
143 0
72 2
145 0
72 2
143 0
72 2
167 0
72 2
143 0
72 2
145 0
72 2
143 0
72 2
167 0
72 2
143 0
72 2
145 0
72 2
143 0
72 2
167 0
72 2
143 0
72 2
145 0
72 2
143 0
72 2
167 0
72 2
143 0
72 2
145 0
72 2
143 0
72 2
167 0
72 2
143 0
72 2
145 0
72 2
143 0
72 2
167 0
72 9
145 0
72 2
143 0
72 2
167 0
72 2
143 0
72 2
145 0
72 2
143 0
72 2
167 0
72 2
143 0
72 2
145 0
72 2
143 0
72 2
167 0
72 2
143 0
72 2
145 0
72 2
143 0
72 2
167 0
72 2
143 0
72 2
145 0
72 2
143 0
72 2
167 0
72 2
143 0
72 2
145 0
72 2
143 0
72 2
167 0
72 2
143 0
72 2
145 0
72 2
143 0
72 2
167 0
72 2
143 0
72 2
145 0
72 2
143 0
72 2
167 0
72 2
143 0
72 2
145 0
72 2
143 0
72 2
167 0
72 2
143 0
72 2
145 0
72 2
143 0
72 2
167 0
72 2
143 0
72 2
145 0
72 2
143 0
72 2
167 0
72 2
143 0
72 2
145 0
72 2
143 0
72 2
167 0
72 2
143 0
72 2
145 0
72 2
143 0
72 2
167 0
72 2
143 0
72 2
145 0
72 2
143 0
72 2
167 0
72 2
143 0
72 2
145 0
72 2
143 0
72 2
167 0
72 2
143 0
72 2
145 0
72 2
143 0
72 2
167 0
72 2
143 0
72 2
145 0
72 2
143 0
72 2
167 0
72 2
143 0
72 2
145 0
72 2
143 0
72 2
167 0
72 2
143 0
72 2
145 0
72 2
143 0
72 2
167 0
72 2
143 0
72 2
145 0
72 2
143 0
72 2
167 0
72 2
143 0
72 2
145 0
72 2
143 0
72 2
167 0
72 2
143 0
72 2
145 0
72 2
143 0
72 2
167 0
72 2
143 0
72 2
145 0
72 2
143 0
72 2
167 0
72 2
143 0
72 2
145 0
72 2
143 0
72 2
167 0
72 2
143 0
72 2
145 0
72 2
143 0
72 2
167 0
72 2
143 0
72 2
145 0
72 2
143 0
72 2
167 0
72 2
143 0
72 2
145 0
72 2
143 0
72 2
167 0
72 2
143 0
72 2
145 0
72 2
143 0
72 2
167 0
72 2
143 0
72 2
145 0
72 2
143 0
72 2
167 0
72 2
143 0
72 2
145 0
72 2
143 0
72 2
167 0
72 2
143 0
72 2
145 0
72 2
143 0
72 2
167 0
72 2
143 0
72 2
145 0
72 2
143 0
72 2
167 0
72 2
143 0
72 2
145 0
72 2
143 0
72 2
167 0
72 2
143 0
72 2
145 0
72 2
143 0
72 2
167 0
72 2
143 0
72 2
145 0
72 2
143 0
72 2
167 0
72 2
143 0
72 2
145 0
72 2
143 0
72 2
167 0
72 2
143 0
72 2
145 0
72 2
143 0
72 2
167 0
72 2
143 0
72 2
145 0
72 2
143 0
72 2
167 0
72 2
143 0
72 2
145 0
72 2
143 0
72 2
167 0
72 2
143 0
72 2
145 0
72 2
143 0
72 2
167 0
72 2
143 0
72 2
145 0
72 2
143 0
72 2
167 0
72 2
143 0
72 2
145 0
72 2
143 0
72 2
167 0
72 2
143 0
72 2
145 0
72 2
143 0
72 2
171 0
72 7
18 0
72 7
171 0
72 7
18 0
72 7
171 0
72 7
18 0
72 7
171 0
72 7
18 0
72 14
20 0
72 2
18 0
72 2
18 0
72 2
18 0
72 2
20 0
72 2
18 0
72 2
18 0
72 2
18 0
72 2
20 0
72 2
18 0
72 2
18 0
72 2
18 0
72 2
20 0
72 2
18 0
72 2
18 0
72 2
18 0
72 2
20 0
72 2
18 0
72 2
18 0
72 2
18 0
72 2
20 0
72 2
18 0
72 2
18 0
72 2
18 0
72 2
20 0
72 2
18 0
72 2
18 0
72 2
18 0
72 2
20 0
72 2
18 0
72 2
18 0
72 2
18 0
72 2
203 0
72 2
18 0
72 2
18 0
72 2
18 0
72 2
20 0
72 2
18 0
72 2
18 0
72 2
18 0
72 2
20 0
72 2
18 0
72 2
18 0
72 2
18 0
72 2
20 0
72 2
18 0
72 2
18 0
72 2
18 0
72 2
20 0
72 2
18 0
72 2
18 0
72 2
18 0
72 2
20 0
72 2
18 0
72 2
18 0
72 2
18 0
72 2
20 0
72 2
18 0
72 2
18 0
72 2
18 0
72 2
20 0
72 2
18 0
72 2
18 0
72 2
18 0
72 2
203 0
72 2
18 0
72 2
18 0
72 2
18 0
72 2
20 0
72 2
18 0
72 2
18 0
72 2
18 0
72 2
20 0
72 2
18 0
72 2
18 0
72 2
18 0
72 2
20 0
72 2
18 0
72 2
18 0
72 2
18 0
72 2
20 0
72 2
18 0
72 2
18 0
72 2
18 0
72 2
20 0
72 2
18 0
72 2
18 0
72 2
18 0
72 2
20 0
72 2
18 0
72 2
18 0
72 2
18 0
72 2
20 0
72 2
18 0
72 2
18 0
72 2
18 0
72 2
203 0
72 2
18 0
72 2
18 0
72 2
18 0
72 2
20 0
72 2
18 0
72 2
18 0
72 2
18 0
72 2
20 0
72 2
18 0
72 2
18 0
72 2
18 0
72 2
20 0
72 2
18 0
72 2
18 0
72 2
18 0
72 2
20 0
72 2
18 0
72 2
18 0
72 2
18 0
72 2
20 0
72 2
18 0
72 2
18 0
72 2
18 0
72 2
20 0
72 2
18 0
72 2
18 0
72 2
18 0
72 2
20 0
72 2
18 0
72 2
18 0
72 2
18 0
72 2
18 0
72 14
167 0
72 2
143 0
72 2
145 0
72 2
143 0
72 2
167 0
72 2
143 0
72 2
145 0
72 2
143 0
72 2
167 0
72 2
143 0
72 2
145 0
72 2
143 0
72 2
167 0
72 2
143 0
72 2
145 0
72 2
143 0
72 2
167 0
72 2
143 0
72 2
145 0
72 2
143 0
72 2
167 0
72 2
143 0
72 2
145 0
72 2
143 0
72 2
167 0
72 2
143 0
72 2
145 0
72 2
143 0
72 2
167 0
72 2
143 0
72 2
145 0
72 2
143 0
72 2
167 0
72 2
143 0
72 2
145 0
72 2
143 0
72 2
167 0
72 2
143 0
72 2
145 0
72 2
143 0
72 2
167 0
72 2
143 0
72 2
145 0
72 2
143 0
72 2
167 0
72 2
143 0
72 2
145 0
72 2
143 0
72 2
167 0
72 2
143 0
72 2
145 0
72 2
143 0
72 2
167 0
72 2
143 0
72 2
145 0
72 2
143 0
72 2
167 0
72 2
143 0
72 2
145 0
72 2
143 0
72 2
167 0
72 2
143 0
72 2
145 0
72 2
143 0
72 14
20 0
72 2
18 0
72 2
18 0
72 2
18 0
72 2
20 0
72 2
18 0
72 2
18 0
72 2
18 0
72 2
20 0
72 2
18 0
72 2
18 0
72 2
18 0
72 2
20 0
72 2
18 0
72 2
18 0
72 2
18 0
72 2
20 0
72 2
18 0
72 2
18 0
72 2
18 0
72 2
20 0
72 2
18 0
72 2
18 0
72 2
18 0
72 2
20 0
72 2
18 0
72 2
18 0
72 2
18 0
72 2
20 0
72 2
18 0
72 2
18 0
72 2
18 0
72 2
203 0
72 2
18 0
72 2
18 0
72 2
18 0
72 2
20 0
72 2
18 0
72 2
18 0
72 2
18 0
72 2
20 0
72 2
18 0
72 2
18 0
72 2
18 0
72 2
20 0
72 2
18 0
72 2
18 0
72 2
18 0
72 2
20 0
72 2
18 0
72 2
18 0
72 2
18 0
72 2
20 0
72 2
18 0
72 2
18 0
72 2
18 0
72 2
20 0
72 2
18 0
72 2
18 0
72 2
18 0
72 2
20 0
72 2
18 0
72 2
18 0
72 2
18 0
72 2
203 0
72 2
18 0
72 2
18 0
72 2
18 0
72 2
20 0
72 2
18 0
72 2
18 0
72 2
18 0
72 2
20 0
72 2
18 0
72 2
18 0
72 2
18 0
72 2
20 0
72 2
18 0
72 2
18 0
72 2
18 0
72 2
20 0
72 2
18 0
72 2
18 0
72 2
18 0
72 2
20 0
72 2
18 0
72 2
18 0
72 2
18 0
72 2
20 0
72 2
18 0
72 2
18 0
72 2
18 0
72 2
20 0
72 2
18 0
72 2
18 0
72 2
18 0
72 2
203 0
72 2
18 0
72 2
18 0
72 2
18 0
72 2
20 0
72 2
18 0
72 2
18 0
72 2
18 0
72 2
20 0
72 2
18 0
72 2
18 0
72 2
18 0
72 2
20 0
72 2
18 0
72 2
18 0
72 2
18 0
72 2
20 0
72 2
18 0
72 2
18 0
72 2
18 0
72 2
20 0
72 2
18 0
72 2
18 0
72 2
18 0
72 2
20 0
72 2
18 0
72 2
18 0
72 2
18 0
72 2
20 0
72 2
18 0
72 2
18 0
72 2
18 0
72 2
203 0
72 2
18 0
72 2
18 0
72 2
18 0
72 2
20 0
72 2
18 0
72 2
18 0
72 2
18 0
72 2
20 0
72 2
18 0
72 2
18 0
72 2
18 0
72 2
20 0
72 2
18 0
72 2
18 0
72 2
18 0
72 2
20 0
72 2
18 0
72 2
18 0
72 2
18 0
72 2
20 0
72 2
18 0
72 2
18 0
72 2
18 0
72 2
20 0
72 2
18 0
72 2
18 0
72 2
18 0
72 2
20 0
72 2
18 0
72 2
18 0
72 2
18 0
72 2
203 0
72 2
18 0
72 2
18 0
72 2
18 0
72 2
20 0
72 2
18 0
72 2
18 0
72 2
18 0
72 2
20 0
72 2
18 0
72 2
18 0
72 2
18 0
72 2
20 0
72 2
18 0
72 2
18 0
72 2
18 0
72 2
20 0
72 2
18 0
72 2
18 0
72 2
18 0
72 2
20 0
72 2
18 0
72 2
18 0
72 2
18 0
72 2
20 0
72 2
18 0
72 2
18 0
72 2
18 0
72 2
20 0
72 2
18 0
72 2
18 0
72 2
18 0
72 2
203 0
72 2
18 0
72 2
18 0
72 2
18 0
72 2
20 0
72 2
18 0
72 2
18 0
72 2
18 0
72 2
20 0
72 2
18 0
72 2
18 0
72 2
18 0
72 2
20 0
72 2
18 0
72 2
18 0
72 2
18 0
72 2
20 0
72 2
18 0
72 2
18 0
72 2
18 0
72 2
20 0
72 2
18 0
72 2
18 0
72 2
18 0
72 2
20 0
72 2
18 0
72 2
18 0
72 2
18 0
72 2
20 0
72 2
18 0
72 2
18 0
72 2
18 0
72 2
203 0
72 2
18 0
72 2
18 0
72 2
18 0
72 2
20 0
72 2
18 0
72 2
18 0
72 2
18 0
72 2
20 0
72 2
18 0
72 2
18 0
72 2
18 0
72 2
20 0
72 2
18 0
72 2
18 0
72 2
18 0
72 2
20 0
72 2
18 0
72 2
18 0
72 2
18 0
72 2
20 0
72 2
18 0
72 2
18 0
72 2
18 0
72 2
20 0
72 2
18 0
72 2
18 0
72 2
18 0
72 2
20 0
72 2
18 0
72 2
18 0
72 2
18 0
72 2
203 0
72 2
18 0
72 2
18 0
72 2
18 0
72 2
20 0
72 2
18 0
72 2
18 0
72 2
18 0
72 2
20 0
72 2
18 0
72 2
18 0
72 2
18 0
72 2
20 0
72 2
18 0
72 2
18 0
72 2
18 0
72 2
20 0
72 2
18 0
72 2
18 0
72 2
18 0
72 2
20 0
72 2
18 0
72 2
18 0
72 2
18 0
72 2
20 0
72 2
18 0
72 2
18 0
72 2
18 0
72 2
20 0
72 2
18 0
72 2
18 0
72 2
18 0
72 2
203 0
72 2
18 0
72 2
18 0
72 2
18 0
72 2
20 0
72 2
18 0
72 2
18 0
72 2
18 0
72 2
20 0
72 2
18 0
72 2
18 0
72 2
18 0
72 2
20 0
72 2
18 0
72 2
18 0
72 2
18 0
72 2
20 0
72 2
18 0
72 2
18 0
72 2
18 0
72 2
20 0
72 2
18 0
72 2
18 0
72 2
18 0
72 2
20 0
72 2
18 0
72 2
18 0
72 2
18 0
72 2
20 0
72 2
18 0
72 2
18 0
72 2
18 0
72 2
203 0
72 2
18 0
72 2
18 0
72 2
18 0
72 2
20 0
72 2
18 0
72 2
18 0
72 2
18 0
72 2
20 0
72 2
18 0
72 2
18 0
72 2
18 0
72 2
20 0
72 2
18 0
72 2
18 0
72 2
18 0
72 2
20 0
72 2
18 0
72 2
18 0
72 2
18 0
72 2
20 0
72 2
18 0
72 2
18 0
72 2
18 0
72 2
20 0
72 2
18 0
72 2
18 0
72 2
18 0
72 2
20 0
72 2
18 0
72 2
18 0
72 2
18 0
72 2
203 0
72 2
18 0
72 2
18 0
72 2
18 0
72 2
20 0
72 2
18 0
72 2
18 0
72 2
18 0
72 2
20 0
72 2
18 0
72 2
18 0
72 2
18 0
72 2
20 0
72 2
18 0
72 2
18 0
72 2
18 0
72 2
20 0
72 2
18 0
72 2
18 0
72 2
18 0
72 2
20 0
72 2
18 0
72 2
18 0
72 2
18 0
72 2
20 0
72 2
18 0
72 2
18 0
72 2
18 0
72 2
20 0
72 2
18 0
72 2
18 0
72 2
18 0
72 2
18 0
E
S
L
72 7
72 14
1423 11
1580 11
1737 11
1580 11
1423 11
1580 11
1737 11
1580 11
1430 7
72 7
1587 7
72 7
1744 7
72 7
161 7
72 7
1430 7
72 7
161 7
72 7
1744 7
72 7
1587 7
72 7
1430 7
72 7
1587 7
72 7
1744 7
72 7
161 7
72 7
1430 7
72 7
161 7
72 7
1744 7
72 7
1587 7
72 7
1430 7
72 7
1587 7
72 7
1744 7
72 7
161 7
72 7
1430 7
72 7
161 7
72 7
1744 7
72 7
1587 7
72 7
1430 7
72 7
1587 7
72 7
1744 7
72 7
161 7
72 7
1430 7
72 7
161 7
72 7
1744 7
72 7
1587 7
72 7
1423 11
1580 11
1737 11
1580 11
1423 11
1580 11
1737 11
1580 11
1423 11
1580 11
1737 11
1580 11
1423 11
1580 11
1737 11
1580 11
1430 7
72 7
1430 7
72 7
1430 7
72 7
1430 7
72 7
1430 7
72 7
1430 7
72 7
1116 7
72 7
789 7
72 7
1430 7
72 7
1430 7
72 7
1430 7
72 7
1430 7
72 7
1430 7
72 7
1430 7
72 7
1116 7
72 7
789 7
72 7
1430 7
72 7
1430 7
72 7
1430 7
72 7
1430 7
72 7
1430 7
72 7
1430 7
72 7
1116 7
72 7
789 7
72 7
1430 7
72 7
1430 7
72 7
1430 7
72 7
1430 7
72 7
1430 7
72 7
161 7
72 7
1744 7
72 7
1587 7
72 7
1611 14
72 14
1108 11
1109 11
1266 11
1109 11
1108 11
1109 11
1266 11
1109 11
1103 7
72 7
1103 7
72 7
1103 7
72 7
1103 7
72 7
1103 7
72 7
1103 7
72 7
789 7
72 7
318 7
72 7
1103 7
72 7
1103 7
72 7
1103 7
72 7
1103 7
72 7
1103 7
72 7
1103 7
72 7
789 7
72 7
318 7
72 7
1103 7
72 7
1103 7
72 7
1103 7
72 7
1103 7
72 7
1103 7
72 7
1103 7
72 7
789 7
72 7
318 7
72 7
1103 7
72 7
1103 7
72 7
1103 7
72 7
1103 7
72 7
1103 7
72 7
1430 7
72 7
1273 7
72 7
1116 7
72 7
1768 14
72 14
1430 13
1116 13
1248 13
946 11
1116 11
1430 13
1116 13
1248 13
946 11
1116 11
1430 13
1116 13
1248 13
946 11
1116 11
1430 13
1116 13
1248 13
946 11
1116 11
E
X
