minor
S
H
1478 11
523 13
1321 13
E
S
H
179 11
244 13
166 13
E
S
L
72 14
29 14
24 14
20 4
17 14
72 2
29 14
24 14
20 4
17 14
72 14
29 14
24 14
20 4
17 14
72 2
29 14
24 14
20 4
17 14
72 14
29 14
24 14
20 4
17 14
72 2
29 14
24 14
20 4
17 14
72 14
29 14
24 14
20 4
17 14
72 2
29 14
24 14
20 4
17 14
72 2
29 14
24 14
20 4
17 14
72 2
29 14
24 14
20 4
17 14
72 14
29 14
24 14
20 4
17 14
72 2
29 14
24 14
20 4
17 14
72 14
29 14
24 14
20 4
17 14
72 2
29 14
24 14
20 4
17 14
72 14
29 14
24 14
20 4
17 14
72 2
29 14
24 14
20 4
17 14
72 14
29 14
24 14
20 4
17 14
72 2
29 14
24 14
20 4
17 14
72 2
29 14
24 14
20 4
17 14
72 2
29 14
24 14
20 4
17 14
72 14
29 14
24 14
20 4
17 14
72 2
29 14
24 14
20 4
17 14
72 14
29 14
24 14
20 4
17 14
72 2
29 14
24 14
20 4
17 14
E
S
L
72 14
24 4
24 4
24 4
25 4
25 4
25 2
28 6
25 4
24 4
72 12
24 4
24 4
24 4
25 4
25 4
25 2
28 6
25 4
24 4
72 12
24 4
24 4
24 4
25 4
25 4
25 2
28 6
25 4
24 4
72 12
24 4
24 4
24 4
25 4
25 4
25 2
28 6
25 4
24 4
72 12
24 4
24 4
24 4
25 4
25 4
25 2
28 6
25 4
24 4
72 12
24 4
24 4
24 4
25 4
25 4
25 2
28 6
25 4
24 4
72 12
24 4
24 4
24 4
25 4
25 4
25 2
28 6
25 4
24 4
72 12
24 4
24 4
24 4
25 4
25 4
25 2
28 6
25 4
24 4
E
S
L
72 14
342 4
72 4
342 4
72 4
342 4
342 4
25 2
72 2
342 4
72 4
342 4
25 2
72 2
25 2
72 2
342 4
342 4
25 2
72 2
25 2
72 2
185 4
72 4
185 4
72 4
185 4
185 4
24 2
72 2
185 4
72 4
185 4
24 2
72 2
24 2
72 2
185 4
185 4
24 2
72 2
24 2
72 2
826 4
72 4
826 4
72 4
826 4
826 4
17 2
72 2
1140 4
72 4
1140 4
19 2
72 2
1297 4
72 4
1297 4
20 2
72 2
20 2
72 2
826 4
72 4
826 4
72 4
826 4
826 4
17 2
72 2
1140 4
72 4
1140 4
19 2
72 2
1297 4
72 4
1297 4
20 2
72 2
20 2
72 2
342 4
72 4
342 4
72 4
342 4
342 4
25 2
72 2
342 4
72 4
342 4
25 2
72 2
25 2
72 2
342 4
342 4
25 2
72 2
25 2
72 2
185 4
72 4
185 4
72 4
185 4
185 4
24 2
72 2
185 4
72 4
185 4
24 2
72 2
24 2
72 2
185 4
185 4
24 2
72 2
24 2
72 2
826 4
72 4
826 4
72 4
826 4
826 4
17 2
72 2
1140 4
72 4
1140 4
19 2
72 2
1297 4
72 4
1297 4
20 2
72 2
20 2
72 2
826 4
72 4
826 4
72 4
826 4
826 4
17 2
72 2
1140 4
72 4
1140 4
19 2
72 2
1297 4
72 4
1297 4
20 2
72 2
20 2
72 14
185 4
185 4
72 4
342 4
72 4
813 7
813 4
72 4
1140 4
1140 4
1140 4
1140 4
1297 7
32 2
72 2
185 4
185 4
72 4
342 4
72 4
813 7
813 4
72 4
1140 4
1140 4
1140 4
1140 4
1297 7
32 2
72 2
185 4
185 4
72 4
342 4
72 4
813 7
813 4
72 4
1140 4
1140 4
1140 4
1140 4
1297 7
32 2
72 2
185 4
185 4
72 4
342 4
72 4
813 7
813 4
72 4
1140 4
1140 4
1140 4
1140 4
1297 7
32 2
72 2
185 4
185 4
72 4
342 4
72 4
813 7
813 4
72 4
1140 4
1140 4
1140 4
1140 4
1297 7
32 2
72 2
185 4
185 4
72 4
342 4
72 4
813 7
813 4
72 4
1140 4
1140 4
1140 4
1140 4
1297 7
32 2
72 2
185 4
185 4
72 4
342 4
72 4
813 7
813 4
72 4
1140 4
1140 4
1140 4
1140 4
1297 7
32 2
72 2
185 4
185 4
72 4
342 4
72 4
813 7
813 4
72 4
1140 4
1140 4
1140 4
1140 4
1297 7
32 2
72 2
185 4
185 4
72 4
342 4
72 4
813 7
813 4
72 4
1140 4
1140 4
1140 4
1140 4
1297 7
32 2
72 2
185 4
185 4
72 4
342 4
72 4
813 7
813 4
72 4
1140 4
1140 4
1140 4
1140 4
1297 7
32 2
72 2
185 4
185 4
72 4
342 4
72 4
813 7
813 4
72 4
1140 4
1140 4
1140 4
1140 4
1297 7
32 2
72 2
185 4
185 4
72 4
342 4
72 4
813 7
813 4
72 4
1140 4
1140 4
1140 4
1140 4
1297 7
32 2
72 14
342 4
72 4
342 4
72 4
342 4
342 4
25 2
72 2
342 4
72 4
342 4
25 2
72 2
25 2
72 2
342 4
342 4
25 2
72 2
25 2
72 2
185 4
72 4
185 4
72 4
185 4
185 4
24 2
72 2
185 4
72 4
185 4
24 2
72 2
24 2
72 2
185 4
185 4
24 2
72 2
24 2
72 2
826 4
72 4
826 4
72 4
826 4
826 4
17 2
72 2
1140 4
72 4
1140 4
19 2
72 2
1297 4
72 4
1297 4
20 2
72 2
20 2
72 2
826 4
72 4
826 4
72 4
826 4
826 4
17 2
72 2
1140 4
72 4
1140 4
19 2
72 2
1297 4
72 4
1297 4
20 2
72 2
20 2
72 2
342 4
72 4
342 4
72 4
342 4
342 4
25 2
72 2
342 4
72 4
342 4
25 2
72 2
25 2
72 2
342 4
342 4
25 2
72 2
25 2
72 2
185 4
72 4
185 4
72 4
185 4
185 4
24 2
72 2
185 4
72 4
185 4
24 2
72 2
24 2
72 2
185 4
185 4
24 2
72 2
24 2
72 2
826 4
72 4
826 4
72 4
826 4
826 4
17 2
72 2
1140 4
72 4
1140 4
19 2
72 2
1297 4
72 4
1297 4
20 2
72 2
20 2
72 2
826 4
72 4
826 4
72 4
826 4
826 4
17 2
72 2
1140 4
72 4
1140 4
19 2
72 2
1297 4
72 4
1297 4
20 2
72 2
20 2
72 2
342 4
72 4
342 4
72 4
342 4
342 4
25 2
72 2
342 4
72 4
342 4
25 2
72 2
25 2
72 2
342 4
342 4
25 2
72 2
25 2
72 2
185 4
72 4
185 4
72 4
185 4
185 4
24 2
72 2
185 4
72 4
185 4
24 2
72 2
24 2
72 2
185 4
185 4
24 2
72 2
24 2
72 2
826 4
72 4
826 4
72 4
826 4
826 4
17 2
72 2
1140 4
72 4
1140 4
19 2
72 2
1297 4
72 4
1297 4
20 2
72 2
20 2
72 2
826 4
72 4
826 4
72 4
826 4
826 4
17 2
72 2
1140 4
72 4
1140 4
19 2
72 2
1297 4
72 4
1297 4
20 2
72 2
20 2
72 2
342 4
72 4
342 4
72 4
342 4
342 4
25 2
72 2
342 4
72 4
342 4
25 2
72 2
25 2
72 2
342 4
342 4
25 2
72 2
25 2
72 2
185 4
72 4
185 4
72 4
185 4
185 4
24 2
72 2
185 4
72 4
185 4
24 2
72 2
24 2
72 2
185 4
185 4
24 2
72 2
24 2
72 2
826 4
72 4
826 4
72 4
826 4
826 4
17 2
72 2
1140 4
72 4
1140 4
19 2
72 2
1297 4
72 4
1297 4
20 2
72 2
20 2
72 2
826 4
72 4
826 4
72 4
826 4
826 4
17 2
72 2
1140 4
72 4
1140 4
19 2
72 2
1297 4
72 4
1297 4
20 2
72 2
20 2
72 14
342 4
72 4
342 4
72 4
342 4
342 4
25 2
72 2
342 4
72 4
342 4
25 2
72 2
25 2
72 2
342 4
342 4
25 2
72 2
25 2
72 2
185 4
72 4
185 4
72 4
185 4
185 4
24 2
72 2
185 4
72 4
185 4
24 2
72 2
24 2
72 2
185 4
185 4
24 2
72 2
24 2
72 2
826 4
72 4
826 4
72 4
826 4
826 4
17 2
72 2
1140 4
72 4
1140 4
19 2
72 2
1297 4
72 4
1297 4
20 2
72 2
20 2
72 2
826 4
72 4
826 4
72 4
826 4
826 4
17 2
72 2
1140 4
72 4
1140 4
19 2
72 2
1297 4
72 4
1297 4
20 2
72 2
20 2
72 2
342 4
72 4
342 4
72 4
342 4
342 4
25 2
72 2
342 4
72 4
342 4
25 2
72 2
25 2
72 2
342 4
342 4
25 2
72 2
25 2
72 2
185 4
72 4
185 4
72 4
185 4
185 4
24 2
72 2
185 4
72 4
185 4
24 2
72 2
24 2
72 2
185 4
185 4
24 2
72 2
24 2
72 2
826 4
72 4
826 4
72 4
826 4
826 4
17 2
72 2
1140 4
72 4
1140 4
19 2
72 2
1297 4
72 4
1297 4
20 2
72 2
20 2
72 2
826 4
72 4
826 4
72 4
826 4
826 4
17 2
72 2
1140 4
72 4
1140 4
19 2
72 2
1297 4
72 4
1297 4
20 2
72 2
20 2
E
S
H
72 14
47 0
72 0
50 0
52 0
72 2
55 4
72 1
53 3
52 4
72 1
47 3
41 3
40 10
72 4
38 2
36 2
35 6
37 2
38 6
41 2
38 6
41 2
38 0
39 5
72 0
46 2
48 2
51 4
53 4
55 3
72 1
58 4
58 2
55 2
53 2
55 2
51 2
46 10
72 2
46 6
48 6
46 0
47 5
72 0
43 6
40 6
38 8
36 2
35 2
33 6
31 6
33 4
35 6
36 4
38 4
43 2
44 4
48 3
51 3
72 1
53 3
72 0
55 3
56 3
72 1
58 4
55 2
53 2
51 2
48 2
51 0
49 0
72 2
48 0
72 0
46 0
72 1
49 0
72 1
48 0
72 0
46 0
44 0
72 2
48 0
46 0
72 2
44 0
72 0
43 0
72 1
46 0
72 1
44 0
72 0
43 0
41 0
72 2
44 0
43 0
72 2
41 0
72 0
43 0
72 1
41 0
72 1
43 0
72 0
44 0
41 0
72 2
43 0
44 0
72 2
43 0
72 0
46 0
72 1
44 2
46 2
43 12
72 14
43 0
44 6
72 2
46 5
42 0
72 0
43 6
41 11
72 9
39 7
46 0
72 1
48 6
72 0
46 7
44 4
41 2
43 2
41 7
39 9
37 4
36 7
34 7
34 0
72 1
36 13
72 14
43 0
44 6
72 2
46 5
42 0
72 0
43 6
41 11
72 9
39 7
46 0
72 1
48 6
72 0
46 7
44 4
41 2
43 2
41 7
39 9
37 4
36 7
34 7
34 0
72 1
36 13
E
S
H
72 14
39 4
41 4
72 12
46 4
44 4
41 7
72 11
39 4
41 4
72 12
36 4
36 4
39 2
41 4
72 11
39 4
41 4
72 11
39 2
41 2
44 4
36 4
41 6
72 11
39 4
41 4
72 11
39 2
41 2
44 4
36 4
41 6
72 11
39 4
41 4
72 12
46 4
44 4
41 7
72 11
39 4
41 4
72 12
36 4
36 4
39 2
41 4
72 11
39 4
41 4
72 11
39 2
41 2
44 4
36 4
41 6
72 11
39 4
41 4
72 11
44 2
44 2
44 2
44 2
44 2
44 2
44 7
72 14
39 4
41 4
72 12
46 4
44 4
41 7
72 11
39 4
41 4
72 12
36 4
36 4
39 2
41 4
72 11
39 4
41 4
72 11
39 2
41 2
44 4
36 4
41 6
72 11
39 4
41 4
72 11
39 2
41 2
44 4
36 4
41 6
72 11
39 4
41 4
72 12
46 4
44 4
41 7
72 11
39 4
41 4
72 12
36 4
36 4
39 2
41 4
72 11
39 4
41 4
72 11
39 2
41 2
44 4
36 4
41 6
72 11
39 4
41 4
72 11
39 2
41 2
44 4
36 4
41 6
72 14
53 2
53 2
53 2
53 2
53 2
53 2
53 2
53 2
53 2
53 2
53 4
53 2
53 2
53 7
72 11
39 4
41 4
72 12
46 4
44 4
41 7
72 11
39 4
41 4
72 12
36 4
36 4
39 2
41 4
72 11
39 4
41 4
72 11
39 2
41 2
44 4
36 4
41 6
72 11
39 4
41 4
72 11
39 2
41 2
44 4
36 4
41 6
72 11
39 4
41 4
72 12
46 4
44 4
41 7
72 11
39 4
41 4
72 12
36 4
36 4
39 2
41 4
72 11
39 4
41 4
72 11
39 2
41 2
44 4
36 4
41 6
72 11
39 4
41 4
72 11
39 2
41 2
44 4
36 4
41 6
E
S
L
72 14
13 4
72 4
13 4
72 4
13 4
13 4
72 4
13 4
72 4
13 4
72 7
13 4
13 4
72 7
12 4
72 4
12 4
72 4
12 4
12 4
72 4
12 4
72 4
12 4
72 7
12 4
12 4
72 7
5 4
72 4
5 4
72 4
5 4
5 4
72 4
7 4
72 4
7 4
72 4
8 4
72 4
8 4
72 7
5 4
72 4
5 4
72 4
5 4
5 4
72 4
7 4
72 4
7 4
72 4
8 4
72 4
8 4
72 7
13 4
72 4
13 4
72 4
13 4
13 4
72 4
13 4
72 4
13 4
72 7
13 4
13 4
72 7
12 4
72 4
12 4
72 4
12 4
12 4
72 4
12 4
72 4
12 4
72 7
12 4
12 4
72 7
5 4
72 4
5 4
72 4
5 4
5 4
72 4
7 4
72 4
7 4
72 4
8 4
72 4
8 4
72 7
5 4
72 4
5 4
72 4
5 4
5 4
72 4
7 4
72 4
7 4
72 4
8 4
72 4
8 4
72 14
12 4
12 4
72 4
13 4
72 4
16 9
72 4
19 4
19 4
19 4
19 4
20 7
72 4
12 4
12 4
72 4
13 4
72 4
16 9
72 4
19 4
19 4
19 4
19 4
20 4
72 9
0 4
72 4
0 4
72 4
0 4
72 4
0 4
72 4
0 4
72 4
0 4
72 4
0 4
72 4
0 4
72 4
0 4
72 4
0 4
72 4
0 4
72 4
0 4
72 4
0 4
72 4
0 4
72 4
0 4
72 4
0 4
72 4
0 4
72 4
0 4
72 4
0 4
72 4
0 4
72 4
0 4
72 4
0 4
72 4
0 4
72 4
0 4
72 4
0 4
72 4
0 4
72 4
0 4
72 4
0 4
72 4
0 4
72 4
0 4
72 4
0 4
72 4
0 4
72 4
0 4
72 4
0 4
72 4
0 4
72 4
0 4
72 4
0 4
72 4
0 4
72 4
0 4
72 4
0 4
72 4
0 4
72 4
0 4
72 4
0 4
72 4
0 4
72 4
0 4
72 4
0 4
72 4
0 4
72 4
0 4
72 4
0 4
72 4
0 4
72 4
0 4
72 4
0 4
72 4
0 4
72 4
0 4
72 4
0 4
72 4
0 4
72 4
0 4
72 4
0 4
72 4
0 4
72 4
0 4
72 4
0 4
72 4
0 4
72 4
0 4
72 4
0 4
72 14
13 4
72 4
13 4
72 4
13 4
13 4
72 4
13 4
72 4
13 4
72 7
13 4
13 4
72 7
12 4
72 4
12 4
72 4
12 4
12 4
72 4
12 4
72 4
12 4
72 7
12 4
12 4
72 7
5 4
72 4
5 4
72 4
5 4
5 4
72 4
7 4
72 4
7 4
72 4
8 4
72 4
8 4
72 7
5 4
72 4
5 4
72 4
5 4
5 4
72 4
7 4
72 4
7 4
72 4
8 4
72 4
8 4
72 7
13 4
72 4
13 4
72 4
13 4
13 4
72 4
13 4
72 4
13 4
72 7
13 4
13 4
72 7
12 4
72 4
12 4
72 4
12 4
12 4
72 4
12 4
72 4
12 4
72 7
12 4
12 4
72 7
5 4
72 4
5 4
72 4
5 4
5 4
72 4
7 4
72 4
7 4
72 4
8 4
72 4
8 4
72 7
5 4
72 4
5 4
72 4
5 4
5 4
72 4
7 4
72 4
7 4
72 4
8 4
72 4
8 4
72 7
13 4
72 4
13 4
72 4
13 4
13 4
72 4
13 4
72 4
13 4
72 7
13 4
13 4
72 7
12 4
72 4
12 4
72 4
12 4
12 4
72 4
12 4
72 4
12 4
72 7
12 4
12 4
72 7
5 4
72 4
5 4
72 4
5 4
5 4
72 4
7 4
72 4
7 4
72 4
8 4
72 4
8 4
72 7
5 4
72 4
5 4
72 4
5 4
5 4
72 4
7 4
72 4
7 4
72 4
8 4
72 4
8 4
72 7
13 4
72 4
13 4
72 4
13 4
13 4
72 4
13 4
72 4
13 4
72 7
13 4
13 4
72 7
12 4
72 4
12 4
72 4
12 4
12 4
72 4
12 4
72 4
12 4
72 7
12 4
12 4
72 7
5 4
72 4
5 4
72 4
5 4
5 4
72 4
7 4
72 4
7 4
72 4
8 4
72 4
8 4
72 7
5 4
72 4
5 4
72 4
5 4
5 4
72 4
7 4
72 4
7 4
72 4
8 4
72 4
8 4
72 14
13 4
72 4
13 4
72 4
13 4
13 4
72 4
13 4
72 4
13 4
72 7
13 4
13 4
72 7
12 4
72 4
12 4
72 4
12 4
12 4
72 4
12 4
72 4
12 4
72 7
12 4
12 4
72 7
5 4
72 4
5 4
72 4
5 4
5 4
72 4
7 4
72 4
7 4
72 4
8 4
72 4
8 4
72 7
5 4
72 4
5 4
72 4
5 4
5 4
72 4
7 4
72 4
7 4
72 4
8 4
72 4
8 4
72 7
13 4
72 4
13 4
72 4
13 4
13 4
72 4
13 4
72 4
13 4
72 7
13 4
13 4
72 7
12 4
72 4
12 4
72 4
12 4
12 4
72 4
12 4
72 4
12 4
72 7
12 4
12 4
72 7
5 4
72 4
5 4
72 4
5 4
5 4
72 4
7 4
72 4
7 4
72 4
8 4
72 4
8 4
72 7
5 4
72 4
5 4
72 4
5 4
5 4
72 4
7 4
72 4
7 4
72 4
8 4
72 4
8 4
E
S
L
72 14
1000 2
72 2
22 2
72 2
124 2
72 2
22 2
72 2
1000 2
72 2
22 2
72 2
184 2
72 2
22 2
72 2
1000 2
72 2
22 2
72 2
184 2
72 2
22 2
72 2
1000 2
72 2
22 2
72 2
184 2
72 2
22 2
72 2
1000 2
72 2
22 2
72 2
184 2
72 2
22 2
72 2
1000 2
72 2
22 2
72 2
184 2
72 2
22 2
72 2
1000 2
72 2
22 2
72 2
184 2
72 2
22 2
72 2
1000 2
72 2
22 2
72 2
184 2
72 2
22 2
72 2
1000 2
72 6
124 2
72 2
22 2
72 2
1000 2
72 2
22 2
72 2
184 2
72 2
22 2
72 2
1000 2
72 2
22 2
72 2
184 2
72 2
22 2
72 2
1000 2
72 2
22 2
72 2
184 2
72 2
22 2
72 2
1000 2
72 2
22 2
72 2
184 2
72 2
22 2
72 2
1000 2
72 2
22 2
72 2
184 2
72 2
22 2
72 2
1000 2
72 2
22 2
72 2
184 2
72 2
22 2
72 2
1000 2
72 2
22 2
72 2
184 2
72 2
22 2
72 2
1000 2
72 2
22 2
72 2
124 2
72 2
22 2
72 2
1000 2
72 2
22 2
72 2
184 2
72 2
22 2
72 2
1000 2
72 2
22 2
72 2
184 2
72 2
22 2
72 2
1000 2
72 2
22 2
72 2
184 2
72 2
22 2
72 2
1000 2
72 2
22 2
72 2
184 2
72 2
22 2
72 2
1000 2
72 2
22 2
72 2
184 2
72 2
22 2
72 2
1000 2
72 2
22 2
72 2
184 2
72 2
22 2
72 2
1000 2
72 2
22 2
72 2
184 2
72 2
22 2
72 2
1000 2
72 2
22 2
72 2
124 2
72 2
22 2
72 2
1000 2
72 2
22 2
72 2
184 2
72 2
22 2
72 2
1000 2
72 2
22 2
72 2
184 2
72 2
22 2
72 2
1000 2
72 2
22 2
72 2
184 2
72 2
22 2
72 2
1000 2
72 2
22 2
72 2
184 2
72 2
22 2
72 2
1000 2
72 2
22 2
72 2
184 2
72 2
22 2
72 2
1000 2
72 2
22 2
72 2
184 2
72 2
22 2
72 2
1000 2
72 2
22 2
72 2
184 2
72 2
22 2
72 2
1000 2
72 2
22 2
72 2
124 2
72 2
22 2
72 2
1000 2
72 2
22 2
72 2
184 2
72 2
22 2
72 2
1000 2
72 2
22 2
72 2
184 2
72 2
22 2
72 2
1000 2
72 2
22 2
72 2
184 2
72 2
22 2
72 2
1000 2
72 2
22 2
72 2
184 2
72 2
22 2
72 2
1000 2
72 2
22 2
72 2
184 2
72 2
22 2
72 2
1000 2
72 2
22 2
72 2
184 2
72 2
22 2
72 2
184 2
72 2
223 2
14 2
1000 2
14 2
223 2
14 2
1000 2
14 2
223 2
14 2
124 2
72 2
22 2
72 2
1000 2
72 2
22 2
72 2
184 2
72 2
22 2
72 2
1000 2
72 2
22 2
72 2
184 2
72 2
22 2
72 2
1000 2
72 2
22 2
72 2
184 2
72 2
22 2
72 2
1000 2
72 2
22 2
72 2
184 2
72 2
22 2
72 2
1000 2
72 2
22 2
72 2
184 2
72 2
22 2
72 2
1000 2
72 2
22 2
72 2
184 2
72 2
22 2
72 2
1000 2
72 2
22 2
72 2
184 2
72 2
22 2
72 2
1000 2
72 2
22 2
72 2
124 2
72 2
22 2
72 2
1000 2
72 2
22 2
72 2
184 2
72 2
22 2
72 2
1000 2
72 2
22 2
72 2
184 2
72 2
22 2
72 2
1000 2
72 2
22 2
72 2
184 2
72 2
22 2
72 2
1000 2
72 2
22 2
72 2
184 2
72 2
22 2
72 2
1000 2
72 2
22 2
72 2
184 2
72 2
22 2
72 2
1000 2
72 2
22 2
72 2
184 2
72 2
22 2
72 2
1000 2
72 2
22 2
72 2
184 2
72 10
124 2
72 2
191 2
19 2
136 2
72 2
191 2
187 2
11 2
72 2
191 2
19 2
136 2
72 2
191 2
19 2
11 2
72 2
191 2
19 2
136 2
72 2
191 2
187 2
11 2
72 2
191 2
19 2
136 2
72 2
191 2
19 2
11 2
72 2
191 2
19 2
136 2
72 2
191 2
187 2
11 2
72 2
191 2
19 2
136 2
72 2
191 2
19 2
11 2
72 2
191 2
19 2
136 2
72 2
191 2
187 2
11 2
72 2
191 2
21 2
220 2
19 2
17 2
72 2
304 2
72 2
225 2
16 2
712 2
16 2
225 2
16 2
160 2
16 2
225 2
16 2
712 2
16 2
225 2
16 2
160 2
16 2
225 2
16 2
712 2
16 2
225 2
16 2
160 2
16 2
225 2
16 2
712 2
16 2
225 2
16 2
160 2
16 2
225 2
16 2
712 2
16 2
225 2
16 2
160 2
16 2
225 2
16 2
712 2
16 2
225 2
16 2
160 2
16 2
225 2
16 2
712 2
16 2
225 2
16 2
1024 2
16 2
16 2
16 2
16 2
16 2
16 2
16 2
124 2
72 2
22 2
72 2
1000 2
72 2
22 2
72 2
184 2
72 2
22 2
72 2
1000 2
72 2
22 2
72 2
184 2
72 2
22 2
72 2
1000 2
72 2
22 2
72 2
184 2
72 2
22 2
72 2
1000 2
72 2
22 2
72 2
184 2
72 2
22 2
72 2
1000 2
72 2
22 2
72 2
184 2
72 2
22 2
72 2
1000 2
72 2
22 2
72 2
184 2
72 2
22 2
72 2
1000 2
72 2
22 2
72 2
184 2
72 2
22 2
72 2
1000 2
72 2
22 2
72 2
124 2
72 2
22 2
72 2
1000 2
72 2
22 2
72 2
184 2
72 2
22 2
72 2
1000 2
72 2
22 2
72 2
184 2
72 2
22 2
72 2
1000 2
72 2
22 2
72 2
184 2
72 2
22 2
72 2
1000 2
72 2
22 2
72 2
184 2
72 2
22 2
72 2
1000 2
72 2
22 2
72 2
184 2
72 2
22 2
72 2
1000 2
72 2
22 2
72 2
184 2
72 2
22 2
72 2
1000 2
72 2
111 2
24 2
107 2
72 2
243 2
72 2
239 2
21 2
228 2
17 2
124 2
72 2
22 2
72 2
1000 2
72 2
22 2
72 2
184 2
72 2
22 2
72 2
1000 2
72 2
22 2
72 2
184 2
72 2
22 2
72 2
1000 2
72 2
22 2
72 2
184 2
72 2
22 2
72 2
1000 2
72 2
22 2
72 2
184 2
72 2
22 2
72 2
1000 2
72 2
22 2
72 2
184 2
72 2
22 2
72 2
1000 2
72 2
22 2
72 2
184 2
72 2
22 2
72 2
1000 2
72 2
22 2
72 2
184 2
72 2
22 2
72 2
1000 2
72 2
22 2
72 2
124 2
72 2
22 2
72 2
1000 2
72 2
22 2
72 2
184 2
72 2
22 2
72 2
1000 2
72 2
22 2
72 2
184 2
72 2
22 2
72 2
1000 2
72 2
22 2
72 2
184 2
72 2
22 2
72 2
1000 2
72 2
22 2
72 2
184 2
72 2
22 2
72 2
1000 2
72 2
22 2
72 2
184 2
72 2
22 2
72 2
1000 2
72 2
22 2
72 2
184 2
72 2
22 2
72 2
1000 2
72 2
225 2
16 2
1024 2
72 2
225 2
72 2
1000 2
16 2
225 2
16 2
124 2
72 2
22 2
72 2
1000 2
72 2
22 2
72 2
184 2
72 2
22 2
72 2
1000 2
72 2
22 2
72 2
184 2
72 2
22 2
72 2
1000 2
72 2
22 2
72 2
184 2
72 2
22 2
72 2
1000 2
72 2
22 2
72 2
184 2
72 2
22 2
72 2
1000 2
72 2
22 2
72 2
184 2
72 2
22 2
72 2
1000 2
72 2
22 2
72 2
184 2
72 2
22 2
72 2
1000 2
72 2
22 2
72 2
184 2
72 2
22 2
72 2
1000 2
72 2
22 2
72 2
124 2
72 2
22 2
72 2
1000 2
72 2
22 2
72 2
184 2
72 2
22 2
72 2
1000 2
72 2
22 2
72 2
184 2
72 2
22 2
72 2
1000 2
72 2
22 2
72 2
184 2
72 2
22 2
72 2
1000 2
72 2
22 2
72 2
184 2
72 2
22 2
72 2
1000 2
72 2
22 2
72 2
184 2
72 2
22 2
72 2
1000 2
72 2
22 2
72 2
184 2
232 2
72 4
1576 2
72 6
1000 2
72 2
14 2
72 2
1000 2
11 2
72 4
124 2
72 2
22 2
72 2
1000 2
72 2
22 2
72 2
184 2
72 2
22 2
72 2
1000 2
72 2
22 2
72 2
184 2
72 2
22 2
72 2
1000 2
72 2
22 2
72 2
184 2
72 2
22 2
72 2
1000 2
72 2
22 2
72 2
184 2
72 2
22 2
72 2
1000 2
72 2
22 2
72 2
184 2
72 2
22 2
72 2
1000 2
72 2
22 2
72 2
184 2
72 2
22 2
72 2
1000 2
72 2
22 2
72 2
184 2
72 2
22 2
72 2
1000 2
72 2
22 2
72 2
124 2
72 2
22 2
72 2
1000 2
72 2
22 2
72 2
184 2
72 2
22 2
72 2
1000 2
72 2
22 2
72 2
184 2
72 2
22 2
72 2
1000 2
72 2
22 2
72 2
184 2
72 2
22 2
72 2
1000 2
72 2
22 2
72 2
184 2
72 2
22 2
72 2
1000 2
72 2
22 2
72 2
184 2
72 2
22 2
72 2
1000 2
72 2
225 2
16 2
1024 2
16 2
225 2
16 2
1024 2
16 2
225 2
16 2
1024 2
16 2
225 2
16 2
1024 2
72 2
223 2
72 2
25 2
72 14
25 2
72 14
16 2
16 2
16 2
16 2
16 2
16 2
16 2
16 2
14 2
72 2
14 2
72 2
14 2
14 2
14 2
14 2
124 2
72 2
22 2
72 2
1000 2
72 2
22 2
72 2
184 2
72 2
22 2
72 2
1000 2
72 2
22 2
72 2
184 2
72 2
22 2
72 2
1000 2
72 2
22 2
72 2
184 2
72 2
22 2
72 2
1000 2
72 2
22 2
72 2
184 2
72 2
22 2
72 2
1000 2
72 2
22 2
72 2
184 2
72 2
22 2
72 2
1000 2
72 2
22 2
72 2
184 2
72 2
22 2
72 2
1000 2
72 2
22 2
72 2
184 2
72 2
22 2
72 2
1000 2
72 2
22 2
72 2
124 2
72 2
22 2
72 2
1000 2
72 2
22 2
72 2
184 2
72 2
22 2
72 2
1000 2
72 2
22 2
72 2
184 2
72 2
22 2
72 2
1000 2
72 2
22 2
72 2
184 2
72 2
22 2
72 2
1000 2
72 2
22 2
72 2
184 2
72 2
22 2
72 2
1000 2
72 2
22 2
72 2
184 2
72 2
22 2
72 2
1000 2
72 2
22 2
72 2
184 2
72 2
225 2
16 2
1000 2
72 2
243 2
23 2
1768 2
72 2
225 2
16 2
1000 2
14 2
223 2
14 2
124 2
72 2
22 2
72 2
1000 2
72 2
22 2
72 2
184 2
72 2
22 2
72 2
1000 2
72 2
22 2
72 2
184 2
72 2
22 2
72 2
1000 2
72 2
22 2
72 2
184 2
72 2
22 2
72 2
1000 2
72 2
22 2
72 2
184 2
72 2
22 2
72 2
1000 2
72 2
22 2
72 2
184 2
72 2
22 2
72 2
1000 2
72 2
22 2
72 2
184 2
72 2
22 2
72 2
1000 2
72 2
22 2
72 2
184 2
72 2
22 2
72 2
1000 2
72 2
22 2
72 2
124 2
72 2
22 2
72 2
1000 2
72 2
22 2
72 2
184 2
72 2
22 2
72 2
1000 2
72 2
22 2
72 2
184 2
72 2
22 2
72 2
1000 2
72 2
22 2
72 2
184 2
72 2
22 2
72 2
1000 2
72 2
22 2
72 2
184 2
72 2
22 2
72 2
1000 2
72 2
22 2
72 2
184 2
72 2
22 2
72 2
1000 2
72 2
22 2
72 2
184 2
72 2
22 2
72 2
1000 2
72 2
223 2
14 2
1000 2
72 2
223 2
14 2
1000 2
14 2
223 2
14 2
124 2
72 2
22 2
72 2
1000 2
72 2
22 2
72 2
184 2
72 2
22 2
72 2
1000 2
72 2
22 2
72 2
184 2
72 2
22 2
72 2
1000 2
72 2
22 2
72 2
184 2
72 2
22 2
72 2
1000 2
72 2
22 2
72 2
184 2
72 2
22 2
72 2
1000 2
72 2
22 2
72 2
184 2
72 2
22 2
72 2
1000 2
72 2
22 2
72 2
136 2
72 4
232 2
72 2
232 2
72 4
136 2
72 2
14 2
72 2
136 2
14 2
14 2
14 2
124 2
72 2
22 2
72 2
1000 2
72 2
22 2
72 2
184 2
72 2
22 2
72 2
1000 2
72 2
22 2
72 2
184 2
72 2
22 2
72 2
1000 2
72 2
22 2
72 2
184 2
72 2
22 2
72 2
1000 2
72 2
22 2
72 2
184 2
72 2
22 2
72 2
1000 2
72 2
22 2
72 2
184 2
72 2
22 2
72 2
1000 2
72 2
22 2
72 2
184 2
72 2
22 2
72 2
1000 2
72 2
22 2
72 2
184 2
72 2
22 2
72 2
1000 2
72 2
22 2
72 2
124 2
72 2
22 2
72 2
1000 2
72 2
22 2
72 2
184 2
72 2
22 2
72 2
1000 2
72 2
22 2
72 2
184 2
72 2
22 2
72 2
1000 2
72 2
22 2
72 2
184 2
72 2
22 2
72 2
1000 2
72 2
22 2
72 2
184 2
72 2
22 2
72 2
1000 2
72 2
22 2
72 2
184 2
72 2
22 2
72 2
1000 2
72 2
22 2
72 2
184 2
72 2
22 2
72 2
1000 2
72 2
22 2
72 2
184 2
72 2
22 2
72 2
1000 2
72 2
22 2
72 2
124 2
72 2
22 2
72 2
1000 2
72 2
22 2
72 2
184 2
72 2
22 2
72 2
1000 2
72 2
22 2
72 2
184 2
72 2
22 2
72 2
1000 2
72 2
22 2
72 2
184 2
72 2
22 2
72 2
1000 2
72 2
22 2
72 2
184 2
72 2
22 2
72 2
1000 2
72 2
22 2
72 2
184 2
72 2
22 2
72 2
1000 2
72 2
22 2
72 2
184 2
72 2
22 2
72 2
1000 2
72 2
22 2
72 2
184 2
72 2
22 2
72 2
1000 2
72 2
22 2
72 2
124 2
72 2
22 2
72 2
1000 2
72 2
22 2
72 2
184 2
72 2
22 2
72 2
1000 2
72 2
22 2
72 2
184 2
72 2
22 2
72 2
1000 2
72 2
22 2
72 2
184 2
72 2
22 2
72 2
1000 2
72 2
22 2
72 2
184 2
72 2
22 2
72 2
1000 2
72 2
22 2
72 2
184 2
72 2
22 2
72 2
1000 2
72 2
22 2
72 2
184 2
72 2
22 2
72 2
1000 2
72 2
22 2
72 2
1480 2
21 2
228 2
17 2
1480 2
21 2
228 2
17 2
18 2
E
S
H
72 14
200 7
226 4
188 7
162 13
147 7
108 7
226 7
200 4
161 9
147 9
121 4
108 7
226 7
109 14
200 7
226 4
109 9
171 9
185 7
200 7
226 4
188 7
162 13
147 7
108 7
226 7
200 4
161 9
147 9
121 4
108 7
226 7
109 14
226 6
200 6
187 4
161 6
147 6
121 4
108 6
226 6
200 4
187 6
161 6
147 4
121 6
108 6
226 4
194 14
193 14
1109 14
193 14
72 14
200 7
226 4
188 7
162 13
147 7
108 7
226 7
200 4
161 9
147 9
121 4
108 7
226 7
109 14
200 7
226 4
109 9
171 9
185 7
200 7
226 4
188 7
162 13
147 7
108 7
226 7
200 4
161 9
147 9
121 4
108 7
226 7
109 14
226 6
200 6
187 4
161 6
147 6
121 4
108 6
226 6
200 4
187 6
161 6
147 4
121 6
108 6
226 4
109 14
72 14
200 7
226 4
188 7
162 13
147 7
108 7
226 7
200 4
161 9
147 9
121 4
108 7
226 7
109 14
200 7
226 4
109 9
171 9
185 7
200 7
226 4
188 7
162 13
147 7
108 7
226 7
200 4
161 9
147 9
121 4
108 7
226 7
109 14
226 6
200 6
187 4
161 6
147 6
121 4
108 6
226 6
200 4
187 6
161 6
147 4
121 6
108 6
226 4
194 14
E
S
H
72 14
41 4
37 2
36 2
41 4
36 2
41 6
72 7
41 7
72 7
41 7
72 9
41 4
37 2
36 2
41 4
36 2
41 6
72 7
41 7
72 7
41 7
72 9
41 4
37 2
36 2
41 4
36 2
41 6
72 7
41 7
72 7
41 7
72 9
41 4
37 2
36 2
41 4
36 2
41 6
37 7
36 4
41 6
36 6
41 7
43 7
72 4
41 4
37 2
36 2
41 4
36 2
41 6
41 7
41 4
43 2
41 2
36 2
39 2
41 4
36 2
41 6
72 9
41 4
37 2
36 2
41 4
36 2
41 6
41 7
41 4
43 2
41 2
36 2
39 2
41 4
36 2
41 6
72 9
41 4
37 2
36 2
41 4
36 2
41 6
41 7
41 4
43 2
41 2
36 2
39 2
41 4
36 2
41 6
72 9
41 4
37 2
36 2
41 4
36 2
41 6
37 7
36 4
41 6
36 6
41 7
43 7
72 14
43 4
43 4
35 4
33 4
31 4
35 7
72 13
41 4
37 2
36 2
41 4
36 2
41 6
72 7
41 7
72 7
41 7
72 9
41 4
37 2
36 2
41 4
36 2
41 6
72 7
41 7
72 7
41 7
72 9
41 4
37 2
36 2
41 4
36 2
41 6
72 7
41 7
72 7
41 7
72 13
41 7
41 4
43 2
41 2
36 2
39 2
41 4
36 2
41 6
72 9
41 4
37 2
36 2
41 4
36 2
41 6
41 7
41 4
43 2
41 2
36 2
39 2
41 4
36 2
41 6
72 9
41 4
37 2
36 2
41 4
36 2
41 6
41 7
41 4
43 2
41 2
36 2
39 2
41 4
36 2
41 6
72 9
41 4
37 2
36 2
41 4
36 2
41 6
41 7
41 4
43 2
41 2
36 2
39 2
41 4
36 2
41 6
37 7
36 4
41 6
36 6
41 7
43 7
72 14
41 4
37 2
36 2
41 4
36 2
41 6
72 7
41 7
72 7
41 7
72 9
41 4
37 2
36 2
41 4
36 2
41 6
72 7
41 7
72 7
41 7
72 9
41 4
37 2
36 2
41 4
36 2
41 6
72 7
41 7
72 7
41 7
72 9
41 4
37 2
36 2
41 4
36 2
41 6
72 14
41 4
37 2
36 2
41 4
36 2
41 6
72 13
41 4
37 2
36 2
41 4
36 2
41 6
72 13
41 4
37 2
36 2
41 4
36 2
41 6
72 7
41 7
72 7
41 7
72 9
41 4
37 2
36 2
41 4
36 2
41 6
72 13
41 4
37 2
36 2
41 4
36 2
41 6
72 13
41 4
37 2
36 2
41 4
36 2
41 6
41 7
41 4
43 2
41 2
36 2
39 2
41 4
36 2
41 6
72 9
41 4
37 2
36 2
41 4
36 2
41 6
41 7
41 4
43 2
41 2
36 2
39 2
41 4
36 2
41 6
37 7
36 4
41 6
36 6
41 7
43 7
72 14
41 4
37 2
36 2
41 4
36 2
41 6
72 7
41 7
72 7
41 7
72 9
41 4
37 2
36 2
41 4
36 2
41 6
72 7
41 7
72 7
41 7
72 9
41 4
37 2
36 2
41 4
36 2
41 6
72 7
41 7
72 7
41 7
72 9
41 4
37 2
36 2
41 4
36 2
41 6
37 7
36 4
41 6
36 6
41 7
43 7
72 4
41 4
37 2
36 2
41 4
36 2
41 6
41 7
41 4
43 2
41 2
36 2
39 2
41 4
36 2
41 6
72 9
41 4
37 2
36 2
41 4
36 2
41 6
41 7
41 4
43 2
41 2
36 2
39 2
41 4
36 2
41 6
72 9
41 4
37 2
36 2
41 4
36 2
41 6
41 7
41 4
43 2
41 2
36 2
39 2
41 4
36 2
41 6
72 9
41 4
37 2
36 2
41 4
36 2
41 6
37 7
36 4
41 6
36 6
41 7
43 7
E
X
