major
S
H
49 4
47 2
72 2
45 2
72 2
40 4
45 2
72 2
47 2
72 2
49 4
47 2
49 2
47 2
45 2
72 2
40 4
45 2
72 2
47 2
72 2
49 4
47 2
72 2
45 2
72 2
40 4
45 2
72 2
47 2
72 2
49 4
47 2
49 2
47 2
45 2
72 2
40 7
45 4
52 2
72 2
52 2
72 2
52 2
72 2
52 6
51 2
52 2
72 2
54 4
182 2
72 10
45 4
52 2
72 2
52 2
72 2
52 2
72 2
52 6
51 2
52 2
72 2
54 4
52 4
72 9
52 4
54 7
54 4
56 7
56 4
57 7
57 4
57 4
56 4
52 4
52 7
50 4
50 7
52 4
47 9
72 7
45 4
52 2
72 2
52 2
72 2
52 2
72 2
52 6
51 2
52 2
72 2
54 4
182 2
72 10
45 4
52 2
72 2
52 2
72 2
52 2
72 2
52 6
51 2
52 2
72 2
54 4
52 4
72 9
52 4
57 7
57 4
56 7
54 4
52 7
49 4
45 4
47 4
49 4
52 7
52 4
52 7
50 4
50 9
49 4
72 4
49 4
44 2
72 2
44 2
72 2
44 2
72 2
44 4
45 4
47 4
45 7
40 4
42 9
44 2
72 2
44 2
72 2
44 2
72 2
44 4
45 4
47 4
47 7
49 4
45 9
44 2
72 2
44 2
72 2
44 2
72 2
44 4
45 4
47 4
45 7
40 4
42 7
40 2
38 2
40 7
45 4
44 4
45 4
47 4
45 4
40 4
45 4
45 9
37 4
35 4
33 4
28 4
33 4
35 4
38 4
37 4
35 4
33 4
35 4
38 4
37 4
35 4
33 4
30 4
33 4
35 4
37 7
38 4
35 7
45 4
44 2
72 2
44 2
72 2
44 2
72 2
44 4
45 4
47 4
45 7
40 4
42 9
44 2
72 2
44 2
72 2
44 2
72 2
44 4
45 4
47 4
47 7
49 4
45 9
44 2
72 2
44 2
72 2
44 2
72 2
44 4
45 4
47 4
45 7
40 4
42 7
40 2
38 2
40 7
45 4
44 4
45 4
47 4
45 4
40 4
45 4
45 7
45 4
52 2
72 2
52 2
72 2
52 2
72 2
52 6
51 2
52 2
72 2
54 4
174 4
72 9
45 4
52 2
72 2
52 2
72 2
52 2
72 2
52 6
51 2
52 2
72 2
54 4
52 4
72 9
52 4
54 7
54 4
56 7
56 4
57 7
57 4
57 4
56 4
52 4
52 7
50 4
50 7
52 4
47 9
72 7
45 4
52 2
72 2
52 2
72 2
52 2
72 2
52 6
51 2
52 2
72 2
54 4
182 2
72 10
45 4
52 2
72 2
52 2
72 2
52 2
72 2
52 6
51 2
52 2
72 2
54 4
52 4
72 9
52 4
57 7
57 4
56 7
54 4
52 7
49 4
45 4
47 4
49 4
52 7
52 4
52 7
50 4
50 9
49 4
72 4
49 4
44 2
72 2
44 2
72 2
44 2
72 2
44 4
45 4
47 4
45 7
40 4
42 9
44 2
72 2
44 2
72 2
44 2
72 2
44 4
45 4
47 4
47 7
49 4
45 9
44 2
72 2
44 2
72 2
44 2
72 2
44 4
45 4
47 4
45 7
40 4
42 7
40 2
38 2
40 7
45 4
44 4
45 4
47 4
45 4
40 4
45 4
45 9
37 4
35 4
33 4
28 4
33 4
35 4
38 4
37 4
35 4
33 4
35 4
38 4
37 4
35 4
33 4
30 4
33 4
35 4
37 7
38 4
35 7
45 4
44 2
72 2
44 2
72 2
44 2
72 2
44 4
45 4
47 4
45 7
40 4
42 9
44 2
72 2
44 2
72 2
44 2
72 2
44 4
45 4
47 4
47 7
49 4
45 9
44 2
72 2
44 2
72 2
44 2
72 2
44 4
45 4
47 4
45 7
40 4
42 7
40 2
38 2
40 7
45 4
44 4
45 4
47 4
45 4
40 4
45 4
45 9
E
S
L
33 4
28 4
33 4
28 4
33 4
28 4
33 4
28 2
30 2
32 2
33 4
150 2
150 4
28 4
137 4
150 4
33 4
150 2
28 2
30 2
32 2
33 4
150 2
150 4
28 4
137 4
150 4
33 4
150 2
42 2
38 0
201 6
175 2
150 4
175 7
33 4
201 7
35 4
215 7
37 4
30 4
32 4
33 4
31 2
38 2
43 2
45 6
43 2
38 4
40 7
35 4
28 2
30 2
32 2
33 4
150 2
150 4
28 4
137 4
150 4
33 4
150 2
28 2
30 2
32 2
33 4
150 2
150 4
28 4
137 4
150 4
33 4
150 2
42 2
38 0
201 6
175 2
150 4
175 7
175 4
151 7
151 4
150 7
150 4
175 7
175 4
160 7
160 4
199 7
199 4
241 4
215 4
201 4
213 4
201 2
201 2
201 2
241 4
215 4
201 4
213 7
213 4
175 9
201 2
201 2
215 2
241 4
122 4
136 4
136 4
122 4
241 4
215 9
160 7
160 2
136 7
136 2
122 7
122 2
134 7
38 2
33 0
122 7
122 2
136 7
136 2
122 2
28 2
25 2
21 2
21 9
19 9
18 9
17 9
16 9
15 9
14 9
16 9
201 2
201 2
201 2
241 4
215 4
201 4
213 7
213 4
175 9
201 2
201 2
215 2
241 4
122 4
136 4
136 4
122 4
241 4
215 9
160 7
160 2
136 7
136 2
122 7
122 2
134 7
38 2
33 0
122 7
122 2
136 7
136 2
122 2
28 2
25 2
21 2
33 4
150 2
150 4
28 4
137 4
150 4
33 4
150 2
28 2
30 2
32 2
33 4
150 2
150 4
28 4
137 4
150 4
33 4
150 2
42 2
38 0
201 6
175 2
150 4
175 7
33 4
201 7
35 4
215 7
37 4
30 4
32 4
33 4
31 2
38 2
43 2
45 6
43 2
38 4
40 7
35 4
28 2
30 2
32 2
33 4
150 2
150 4
28 4
137 4
150 4
33 4
150 2
28 2
30 2
32 2
33 4
150 2
150 4
28 4
137 4
150 4
33 4
150 2
42 2
38 0
201 6
175 2
150 4
175 7
175 4
151 7
151 4
150 7
150 4
175 7
175 4
160 7
160 4
199 7
199 4
241 4
215 4
201 4
213 4
201 2
201 2
201 2
241 4
215 4
201 4
213 7
213 4
175 9
201 2
201 2
215 2
241 4
122 4
136 4
136 4
122 4
241 4
215 9
160 7
160 2
136 7
136 2
122 7
122 2
134 7
38 2
33 0
122 7
122 2
136 7
136 2
122 2
28 2
25 2
21 2
21 9
19 9
18 9
17 9
16 9
15 9
14 9
16 9
201 2
201 2
201 2
241 4
215 4
201 4
213 7
213 4
175 9
201 2
201 2
215 2
241 4
122 4
136 4
136 4
122 4
241 4
215 9
160 7
160 2
136 7
136 2
122 7
122 2
134 7
38 2
33 0
122 7
122 2
136 7
136 2
122 2
28 2
25 2
21 2
E
X
