minor
S
L
72 9
72 11
14 11
14 11
14 11
14 3
72 1
14 3
72 1
14 2
72 2
14 2
72 2
14 2
72 2
14 2
72 2
14 2
72 2
14 2
72 2
14 2
72 2
14 2
72 2
14 2
72 2
14 2
72 2
14 2
72 2
14 2
72 2
14 4
9 4
12 4
14 6
72 2
14 2
72 2
14 2
72 2
14 2
72 2
14 2
72 2
14 2
72 2
14 2
72 2
14 2
72 2
14 2
72 2
14 2
72 2
14 2
72 2
14 2
72 2
14 4
9 4
12 4
14 6
72 2
14 2
72 2
10 2
72 2
10 2
72 2
12 2
72 2
12 2
72 2
12 2
72 2
9 6
72 2
9 2
72 2
9 2
72 2
9 2
72 2
9 2
72 2
9 2
72 2
9 2
72 2
9 2
72 2
14 2
72 2
14 2
72 2
14 2
72 2
14 2
72 2
14 2
72 2
14 2
72 2
14 2
72 2
12 6
72 2
12 2
72 2
12 2
72 2
12 2
72 2
12 2
72 2
12 4
14 4
9 4
14 2
72 2
14 2
72 2
14 2
72 2
14 2
72 2
14 2
72 2
14 2
72 2
14 2
72 2
12 6
72 2
12 2
72 2
12 2
72 2
12 2
72 2
12 2
72 2
12 4
16 4
10 6
72 2
10 2
72 2
10 2
72 2
10 2
72 2
10 2
72 2
10 4
14 4
12 6
72 2
12 2
72 2
12 2
72 2
12 2
72 2
12 2
72 2
12 4
16 4
14 6
72 2
14 2
72 2
14 2
72 2
14 2
72 2
14 2
72 2
14 2
72 2
14 2
72 2
14 2
72 2
14 4
9 4
5 4
12 7
14 4
16 4
10 6
72 2
10 2
72 2
10 2
72 2
10 2
72 2
10 2
72 2
10 4
14 4
12 6
72 2
12 2
72 2
12 2
72 2
12 2
72 2
12 2
72 2
12 4
16 4
14 6
72 2
14 2
72 2
14 2
72 2
14 2
72 2
14 2
72 2
14 2
72 2
14 2
72 2
14 2
72 2
14 2
72 2
14 2
72 2
14 2
72 2
12 2
72 2
12 2
72 2
12 2
72 2
12 2
72 2
12 2
72 2
10 2
72 2
10 2
72 2
10 2
72 2
10 2
72 2
10 2
72 2
10 2
72 2
10 2
72 2
10 2
72 2
10 2
72 2
10 2
72 2
10 2
72 2
10 2
72 2
10 2
72 2
10 2
72 2
10 2
72 2
10 2
72 2
12 2
72 2
12 2
72 2
12 2
72 2
12 2
72 2
12 2
72 2
12 2
72 2
12 2
72 2
12 2
72 2
12 2
72 2
12 2
72 2
12 2
72 2
12 2
72 2
12 2
72 2
12 4
10 4
9 4
10 2
72 2
10 2
72 2
10 2
72 2
10 2
72 2
10 2
72 2
10 2
72 2
10 2
72 2
10 2
72 2
10 2
72 2
10 2
72 2
10 2
72 2
10 2
72 2
10 2
72 2
10 2
72 2
10 2
72 2
10 2
72 2
12 2
72 2
12 2
72 2
12 2
72 2
12 2
72 2
12 2
72 2
12 2
72 2
12 2
72 2
12 2
72 2
12 2
72 2
12 2
72 2
12 2
72 2
12 2
72 2
12 2
72 2
12 4
16 4
12 4
14 2
72 2
14 2
72 2
14 2
72 2
14 2
72 2
14 2
72 2
14 2
72 2
14 2
72 2
14 2
72 2
14 2
72 2
14 2
72 2
14 2
72 2
14 2
72 2
14 2
72 2
14 4
17 4
14 4
12 2
72 2
12 2
72 2
12 2
72 2
12 2
72 2
12 2
72 2
12 2
72 2
12 2
72 2
12 2
72 2
12 2
72 2
12 2
72 2
12 2
72 2
12 2
72 2
12 2
72 2
12 4
16 4
12 4
10 2
72 2
10 2
72 2
10 2
72 2
10 2
72 2
10 2
72 2
10 2
72 2
10 2
72 2
10 2
72 2
10 2
72 2
10 2
72 2
10 2
72 2
10 2
72 2
10 2
72 2
10 4
14 4
10 4
7 2
72 2
7 2
72 2
7 2
72 2
7 2
72 2
7 2
72 2
7 2
72 2
7 2
72 2
7 2
72 2
9 2
72 2
9 2
72 2
9 2
72 2
9 2
72 2
9 2
72 2
9 2
72 2
9 4
12 4
14 2
72 2
14 2
72 2
14 2
72 2
14 2
72 2
12 2
72 2
12 2
72 2
12 2
72 2
12 2
72 2
10 2
72 2
10 2
72 2
10 2
72 2
10 2
72 2
12 2
72 2
12 2
72 2
12 2
72 2
12 2
72 2
14 2
72 2
14 2
72 2
14 2
72 2
14 2
72 2
12 2
72 2
12 2
72 2
12 2
72 2
12 2
72 2
10 2
72 2
10 2
72 2
10 2
72 2
10 2
72 2
12 2
72 2
12 2
72 2
12 2
72 2
12 2
72 2
14 2
72 2
14 2
72 2
14 2
72 2
14 2
72 2
12 2
72 2
12 2
72 2
12 2
72 2
12 2
72 2
10 2
72 2
10 2
72 2
10 2
72 2
10 2
72 2
12 2
72 2
12 2
72 2
12 2
72 2
12 2
72 2
14 2
72 2
14 2
72 2
14 2
72 2
14 2
72 2
10 2
72 2
10 2
72 2
10 2
72 2
9 6
72 2
9 2
72 2
9 2
72 2
9 2
72 2
9 2
72 2
9 2
72 2
9 2
72 2
9 2
72 2
14 2
72 2
14 2
72 2
14 2
72 2
14 2
72 2
14 2
72 2
14 2
72 2
14 2
72 2
12 6
72 2
12 2
72 2
12 2
72 2
12 2
72 2
12 2
72 2
12 4
14 4
9 4
14 2
72 2
14 2
72 2
14 2
72 2
14 2
72 2
14 2
72 2
14 2
72 2
14 2
72 2
12 6
72 2
12 2
72 2
12 2
72 2
12 2
72 2
12 2
72 2
12 4
16 4
10 6
72 2
10 2
72 2
10 2
72 2
10 2
72 2
10 2
72 2
10 4
14 4
12 6
72 2
12 2
72 2
12 2
72 2
12 2
72 2
12 2
72 2
12 4
16 4
14 6
72 2
14 2
72 2
14 2
72 2
14 2
72 2
14 2
72 2
14 2
72 2
14 2
72 2
14 2
72 2
14 4
9 4
5 4
12 7
14 4
16 4
10 6
72 2
10 2
72 2
10 2
72 2
10 2
72 2
10 2
72 2
10 4
14 4
12 6
72 2
12 2
72 2
12 2
72 2
12 2
72 2
12 2
72 2
12 4
16 4
14 6
72 2
14 2
72 2
14 2
72 2
14 2
72 2
14 2
72 2
14 2
72 2
14 2
72 2
14 2
72 2
14 2
72 2
14 2
72 2
14 2
72 2
12 2
72 2
12 2
72 2
12 2
72 2
12 2
72 2
12 2
72 2
10 2
72 2
10 2
72 2
10 2
72 2
10 2
72 2
10 2
72 2
10 2
72 2
10 2
72 2
10 2
72 2
10 2
72 2
10 2
72 2
10 2
72 2
10 2
72 2
10 2
72 2
10 2
72 2
10 2
72 2
10 2
72 2
12 2
72 2
12 2
72 2
12 2
72 2
12 2
72 2
12 2
72 2
12 2
72 2
12 2
72 2
12 2
72 2
12 2
72 2
12 2
72 2
12 2
72 2
12 2
72 2
12 2
72 2
12 4
10 4
9 4
10 2
72 2
10 2
72 2
10 2
72 2
10 2
72 2
10 2
72 2
10 2
72 2
10 2
72 2
10 2
72 2
10 2
72 2
10 2
72 2
10 2
72 2
10 2
72 2
10 2
72 2
10 2
72 2
10 2
72 2
10 2
72 2
12 2
72 2
12 2
72 2
12 2
72 2
12 2
72 2
12 2
72 2
12 2
72 2
12 2
72 2
12 2
72 2
12 2
72 2
12 2
72 2
12 2
72 2
12 2
72 2
12 2
72 2
12 4
16 4
12 4
14 2
72 2
14 2
72 2
14 2
72 2
14 2
72 2
14 2
72 2
14 2
72 2
14 2
72 2
14 2
72 2
14 2
72 2
14 2
72 2
14 2
72 2
14 2
72 2
14 2
72 2
14 4
17 4
14 4
12 2
72 2
12 2
72 2
12 2
72 2
12 2
72 2
12 2
72 2
12 2
72 2
12 2
72 2
12 2
72 2
12 2
72 2
12 2
72 2
12 2
72 2
12 2
72 2
12 2
72 2
12 4
16 4
12 4
10 2
72 2
10 2
72 2
10 2
72 2
10 2
72 2
10 2
72 2
10 2
72 2
10 2
72 2
10 2
72 2
10 2
72 2
10 2
72 2
10 2
72 2
10 2
72 2
10 2
72 2
10 4
14 4
10 4
7 2
72 2
7 2
72 2
7 2
72 2
7 2
72 2
7 2
72 2
7 2
72 2
7 2
72 2
7 2
72 2
9 2
72 2
9 2
72 2
9 2
72 2
9 2
72 2
9 2
72 2
9 2
72 2
9 4
12 4
14 2
72 2
14 2
72 2
14 2
72 2
14 2
72 2
12 2
72 2
12 2
72 2
12 2
72 2
12 2
72 2
10 2
72 2
10 2
72 2
10 2
72 2
10 2
72 2
12 2
72 2
12 2
72 2
12 2
72 2
12 2
72 2
14 2
72 2
14 2
72 2
14 2
72 2
14 2
72 2
12 2
72 2
12 2
72 2
12 2
72 2
12 2
72 2
10 2
72 2
10 2
72 2
10 2
72 2
10 2
72 2
12 2
72 2
12 2
72 2
12 2
72 2
12 2
72 2
14 2
72 2
14 2
72 2
14 2
72 2
14 2
72 2
12 2
72 2
12 2
72 2
12 2
72 2
12 2
72 2
10 2
72 2
10 2
72 2
10 2
72 2
10 2
72 2
12 2
72 2
12 2
72 2
12 2
72 2
12 2
72 2
14 2
72 2
14 2
72 2
14 2
72 2
14 2
72 2
10 2
72 2
10 2
72 2
10 2
72 2
9 6
72 2
9 2
72 2
9 2
72 2
9 2
72 2
9 2
72 2
9 2
72 2
9 2
72 2
9 2
72 2
14 2
72 2
14 2
72 2
14 2
72 2
14 2
72 2
14 2
72 2
14 2
72 2
14 2
72 2
12 6
72 2
12 2
72 2
12 2
72 2
12 2
72 2
12 2
72 2
12 4
14 4
9 4
14 2
72 2
14 2
72 2
14 2
72 2
14 2
72 2
14 2
72 2
14 2
72 2
14 2
72 2
12 6
72 2
12 2
72 2
12 2
72 2
12 2
72 2
12 2
72 2
12 4
16 4
10 6
72 2
10 2
72 2
10 2
72 2
10 2
72 2
10 2
72 2
10 4
14 4
12 6
72 2
12 2
72 2
12 2
72 2
12 2
72 2
12 2
72 2
12 4
16 4
14 6
72 2
14 2
72 2
14 2
72 2
14 2
72 2
14 2
72 2
14 2
72 2
14 2
72 2
14 2
72 2
14 4
9 4
5 4
12 7
14 4
16 4
E
S
H
72 9
72 14
43 4
42 7
43 7
45 11
43 2
42 2
40 11
72 4
42 4
43 4
45 7
50 7
55 11
53 2
52 2
50 7
52 4
53 11
52 2
50 2
46 9
55 11
53 2
52 2
48 6
72 2
48 3
72 1
50 14
72 4
50 4
52 4
53 11
52 2
50 2
46 9
55 11
53 2
52 2
48 7
52 3
72 1
54 14
72 7
41 7
46 7
50 7
50 9
46 9
41 7
48 9
43 9
48 7
52 9
48 11
72 7
50 7
52 7
53 7
55 9
53 7
52 7
50 4
48 14
72 2
46 7
48 4
50 14
72 1
52 7
53 4
52 14
72 2
50 7
52 4
53 14
72 1
55 7
57 4
55 11
50 11
53 11
52 8
72 1
45 2
48 2
50 13
72 2
50 6
52 6
53 4
55 9
53 2
52 2
53 4
50 7
48 2
50 2
52 7
45 11
72 2
45 2
48 2
50 13
72 2
50 6
52 6
53 4
55 11
52 9
57 13
72 7
43 4
42 7
43 7
45 11
43 2
42 2
40 11
72 4
42 4
43 4
45 7
50 7
55 11
53 2
52 2
50 7
52 4
53 11
52 2
50 2
46 9
55 11
53 2
52 2
48 6
72 2
48 3
72 1
50 14
72 4
50 4
52 4
53 11
52 2
50 2
46 9
55 11
53 2
52 2
48 7
52 3
72 1
54 14
72 7
41 7
46 7
50 7
50 9
46 9
41 7
48 9
43 9
48 7
52 9
48 11
72 7
50 7
52 7
53 7
55 9
53 7
52 7
50 4
48 14
72 2
46 7
48 4
50 14
72 1
52 7
53 4
52 14
72 2
50 7
52 4
53 14
72 1
55 7
57 4
55 11
50 11
53 11
52 8
72 1
45 2
48 2
50 13
72 2
50 6
52 6
53 4
55 9
53 2
52 2
53 4
50 7
48 2
50 2
52 7
45 11
72 2
45 2
48 2
50 13
72 2
50 6
52 6
53 4
55 11
52 9
57 13
72 7
43 4
42 7
43 7
45 11
43 2
42 2
40 11
72 4
42 4
43 4
45 7
50 7
55 11
53 2
52 2
50 7
52 4
53 11
52 2
50 2
46 9
55 11
53 2
52 2
48 6
72 2
48 3
72 1
50 14
72 4
50 4
52 4
E
S
H
72 8
72 14
33 2
36 2
38 13
38 6
40 6
41 4
43 9
41 2
40 2
41 4
38 7
36 2
38 2
40 7
33 11
33 2
36 2
38 13
38 6
40 6
41 4
43 11
40 9
45 13
72 14
33 2
36 2
38 13
38 6
40 6
41 4
43 9
41 2
40 2
41 4
38 7
36 2
38 2
40 7
33 11
33 2
36 2
38 13
38 6
40 6
41 4
43 11
40 9
45 13
E
S
L
72 9
72 11
503 4
72 4
503 11
503 4
72 4
503 7
189 3
72 1
189 3
72 1
503 3
72 1
503 8
72 2
503 4
72 4
503 11
503 6
72 2
503 7
189 3
72 1
189 3
72 1
503 3
72 1
503 8
72 2
503 4
72 4
503 11
503 6
72 2
503 7
189 3
72 1
189 3
72 1
503 3
72 1
503 9
1603 4
72 4
189 4
72 7
1446 13
72 7
503 4
72 4
503 3
72 1
503 4
72 4
189 6
72 2
189 3
72 1
189 4
72 4
189 7
684 4
189 3
72 8
503 4
72 4
503 3
72 1
503 4
72 4
189 6
72 2
189 3
72 1
189 4
72 4
189 7
684 4
1603 6
72 2
1603 3
72 1
1603 4
72 4
1603 7
514 3
72 1
189 6
72 2
189 3
72 1
189 4
72 4
189 7
684 3
72 1
502 6
72 2
502 3
72 1
502 4
72 4
502 7
502 3
72 1
502 6
72 2
189 4
502 4
854 6
72 2
686 4
502 4
1603 6
72 2
1603 3
72 1
1603 4
72 4
1603 7
514 3
72 1
189 6
72 2
189 3
72 1
189 4
72 4
189 7
684 3
72 1
503 6
72 2
503 3
72 1
503 4
72 4
503 7
503 3
72 1
503 6
72 2
503 3
72 1
503 3
72 1
189 7
503 3
72 1
684 3
72 1
189 3
72 1
855 13
1603 9
855 9
135 7
1157 13
189 9
1157 9
684 7
855 13
1603 9
855 9
514 7
1157 13
189 9
1157 9
684 7
1459 13
854 13
1157 13
684 13
855 13
1603 13
1143 13
1446 13
170 11
156 11
130 11
156 11
170 11
156 11
130 11
156 11
170 11
156 11
130 11
156 11
170 11
130 9
150 13
72 7
503 4
72 4
503 3
72 1
503 4
72 4
189 6
72 2
189 3
72 1
189 4
72 4
189 7
684 4
189 3
72 8
503 4
72 4
503 3
72 1
503 4
72 4
189 6
72 2
189 3
72 1
189 4
72 4
189 7
684 4
1603 6
72 2
1603 3
72 1
1603 4
72 4
1603 7
514 3
72 1
189 6
72 2
189 3
72 1
189 4
72 4
189 7
684 3
72 1
502 6
72 2
502 3
72 1
502 4
72 4
502 7
502 3
72 1
502 6
72 2
189 4
502 4
854 6
72 2
686 4
502 4
1603 6
72 2
1603 3
72 1
1603 4
72 4
1603 7
514 3
72 1
189 6
72 2
189 3
72 1
189 4
72 4
189 7
684 3
72 1
503 6
72 2
503 3
72 1
503 4
72 4
503 7
503 3
72 1
503 6
72 2
503 3
72 1
503 3
72 1
189 7
503 3
72 1
684 3
72 1
189 3
72 1
855 13
1603 9
855 9
135 7
1157 13
189 9
1157 9
684 7
855 13
1603 9
855 9
514 7
1157 13
189 9
1157 9
684 7
1459 13
854 13
1157 13
684 13
855 13
1603 13
1143 13
1446 13
170 11
156 11
130 11
156 11
170 11
156 11
130 11
156 11
170 11
156 11
130 11
156 11
170 11
130 9
150 13
72 7
503 4
72 4
503 3
72 1
503 4
72 4
189 6
72 2
189 3
72 1
189 4
72 4
189 7
684 4
189 3
72 8
503 4
72 4
503 3
72 1
503 4
72 4
189 6
72 2
189 3
72 1
189 4
72 4
189 7
684 4
1603 6
72 2
1603 3
72 1
1603 4
72 4
1603 7
514 3
72 1
189 6
72 2
189 3
72 1
189 4
72 4
189 7
684 3
72 1
502 6
72 2
502 3
72 1
502 4
72 4
502 7
502 3
72 1
502 6
72 2
189 4
502 4
854 6
72 2
686 4
502 4
E
S
L
72 8
72 12
211 14
211 2
72 2
211 2
72 2
211 2
72 2
211 2
72 2
211 2
72 2
211 2
72 2
211 2
72 2
211 2
72 2
211 2
72 2
211 2
72 2
211 2
72 2
211 2
72 2
211 2
72 2
211 2
72 2
211 2
72 2
211 2
72 2
211 2
72 2
211 2
72 2
211 2
72 2
211 2
72 2
211 2
72 2
211 2
72 2
211 2
72 2
211 2
72 2
211 2
72 2
211 2
72 2
211 2
72 2
211 2
72 2
211 2
72 2
211 2
72 2
211 2
72 2
211 2
72 2
211 3
72 1
211 0
72 4
171 3
72 1
171 0
72 4
185 3
72 1
185 0
72 4
185 0
72 4
158 13
211 12
185 13
211 12
185 13
171 13
185 12
72 1
185 0
72 4
211 13
158 10
72 2
171 13
185 12
72 1
185 0
72 4
211 13
211 9
185 11
72 2
171 13
171 8
72 1
171 8
72 1
171 6
72 2
185 13
185 8
72 1
185 8
72 1
185 6
72 2
171 13
171 8
72 1
171 8
72 1
171 6
72 2
185 13
185 8
72 1
185 8
72 1
185 6
72 2
211 13
211 8
72 1
158 8
72 1
106 7
237 13
237 8
72 1
132 8
72 1
185 7
171 13
171 8
72 1
211 8
72 1
106 7
132 11
171 11
158 11
237 11
211 11
185 11
171 11
185 11
211 11
185 11
171 11
185 11
211 11
185 11
171 11
185 11
211 11
171 9
158 13
211 12
185 13
211 12
185 13
171 13
185 12
72 1
185 0
72 4
211 13
158 10
72 2
171 13
185 12
72 1
185 0
72 4
211 13
211 9
185 11
72 2
171 13
171 8
72 1
171 8
72 1
171 6
72 2
185 13
185 8
72 1
185 8
72 1
185 6
72 2
171 13
171 8
72 1
171 8
72 1
171 6
72 2
185 13
185 8
72 1
185 8
72 1
185 6
72 2
211 13
211 8
72 1
158 8
72 1
106 7
237 13
237 8
72 1
132 8
72 1
185 7
171 13
171 8
72 1
211 8
72 1
106 7
132 11
171 11
158 11
237 11
211 11
185 11
171 11
185 11
211 11
185 11
171 11
185 11
211 11
185 11
171 11
185 11
211 11
171 9
158 13
211 12
185 13
211 12
185 13
171 13
185 12
72 1
185 0
72 4
211 13
158 10
E
S
H
72 9
72 14
38 2
42 2
45 2
50 2
42 2
45 2
50 2
54 2
43 2
48 2
52 2
55 2
48 2
52 2
55 2
60 8
72 14
50 4
53 4
57 4
62 11
72 13
52 4
55 4
60 4
64 11
72 13
46 4
50 4
53 4
58 11
72 14
38 2
42 2
45 2
50 2
42 2
45 2
50 2
54 2
43 2
48 2
52 2
55 2
48 2
52 2
55 2
60 8
72 14
50 4
53 4
57 4
62 11
72 13
52 4
55 4
60 4
64 11
72 13
46 4
50 4
53 4
58 11
E
S
H
72 9
72 14
43 4
42 7
43 7
45 11
43 2
42 2
72 0
40 11
72 4
42 4
72 0
43 4
45 7
50 7
55 11
53 2
52 2
72 0
50 7
52 4
53 11
52 2
50 2
72 0
46 9
55 11
53 2
52 2
72 0
48 6
72 2
48 3
72 0
50 14
72 4
50 4
72 0
52 4
53 11
52 2
50 2
72 0
46 9
55 11
53 2
52 2
72 0
48 7
52 3
72 0
54 14
72 7
41 7
46 7
50 7
50 9
46 9
72 0
41 7
48 9
43 9
72 0
48 7
52 9
48 11
72 7
50 7
52 7
53 7
55 9
53 7
52 7
50 4
72 0
48 14
72 1
46 7
48 4
72 0
50 14
72 0
52 7
53 4
72 0
52 14
72 1
50 7
52 4
72 0
53 14
72 0
55 7
57 4
72 0
55 11
50 11
53 11
52 8
72 0
45 2
48 2
72 0
50 13
72 2
50 6
52 6
53 4
72 0
55 9
53 2
52 2
72 0
53 4
50 7
48 2
50 2
72 0
52 7
45 11
72 1
45 2
48 2
72 0
50 13
72 2
50 6
52 6
53 4
72 0
55 11
52 9
57 13
72 7
43 4
42 7
43 7
45 11
43 2
42 2
72 0
40 11
72 4
42 4
72 0
43 4
45 7
50 7
55 11
53 2
52 2
72 0
50 7
52 4
53 11
52 2
50 2
72 0
46 9
55 11
53 2
52 2
72 0
48 6
72 2
48 3
72 0
50 14
72 4
50 4
72 0
52 4
53 11
52 2
50 2
72 0
46 9
55 11
53 2
52 2
72 0
48 7
52 3
72 0
54 14
72 7
41 7
46 7
50 7
50 9
46 9
72 0
41 7
48 9
43 9
72 0
48 7
52 9
48 11
72 7
50 7
52 7
53 7
55 9
53 7
52 7
50 4
72 0
48 14
72 1
46 7
48 4
72 0
50 14
72 0
52 7
53 4
72 0
52 14
72 1
50 7
52 4
72 0
53 14
72 0
55 7
57 4
72 0
55 11
50 11
53 11
52 8
72 0
45 2
48 2
72 0
50 13
72 2
50 6
52 6
53 4
72 0
55 9
53 2
52 2
72 0
53 4
50 7
48 2
50 2
72 0
52 7
45 11
72 1
45 2
48 2
72 0
50 13
72 2
50 6
52 6
53 4
72 0
55 11
52 9
57 13
72 7
43 4
42 7
43 7
45 11
43 2
42 2
72 0
40 11
72 4
42 4
72 0
43 4
45 7
50 7
55 11
53 2
52 2
72 0
50 7
52 4
53 11
52 2
50 2
72 0
46 9
55 11
53 2
52 2
72 0
48 6
72 2
48 3
72 0
50 14
72 4
50 4
72 0
52 4
E
S
H
72 9
72 14
33 2
36 2
72 0
38 13
38 6
40 6
41 4
72 0
43 9
41 2
40 2
72 0
41 4
38 7
36 2
38 2
72 0
40 7
33 11
33 2
36 2
72 0
38 13
38 6
40 6
41 4
72 0
43 11
40 9
45 13
72 14
33 2
36 2
72 0
38 13
38 6
40 6
41 4
72 0
43 9
41 2
40 2
72 0
41 4
38 7
36 2
38 2
72 0
40 7
33 11
33 2
36 2
72 0
38 13
38 6
40 6
41 4
72 0
43 11
40 9
45 13
E
S
L
72 7
72 12
12 0
72 11
12 0
72 11
12 0
72 11
12 0
72 4
12 0
72 11
12 0
72 4
12 0
72 9
12 0
72 11
12 0
72 4
12 0
72 7
12 0
72 11
12 0
72 4
12 0
72 9
12 0
72 11
12 0
72 4
12 0
72 7
12 0
72 9
12 0
72 7
12 0
72 9
12 0
72 9
12 0
72 7
12 0
72 7
12 0
72 7
12 0
72 11
12 0
72 4
12 0
72 7
12 0
72 7
12 0
72 9
12 0
72 4
12 0
72 7
12 0
72 4
12 0
72 11
12 0
72 4
12 0
72 7
12 0
72 7
12 0
72 9
12 0
72 4
12 0
72 7
12 0
72 11
12 0
72 4
12 0
72 7
12 0
72 11
12 0
72 4
12 0
72 7
12 0
72 11
12 0
72 4
12 0
72 7
12 0
72 4
12 0
72 9
12 0
72 11
12 0
72 11
12 0
72 4
12 0
72 7
12 0
72 11
12 0
72 4
12 0
72 7
12 0
72 11
12 0
72 4
12 0
72 9
12 0
72 11
12 0
72 11
12 0
72 11
12 0
72 4
12 0
72 9
12 0
72 4
12 0
72 7
12 0
72 7
12 0
72 9
12 0
72 11
12 0
72 4
12 0
72 9
12 0
72 4
12 0
72 7
12 0
72 7
12 0
72 9
12 0
72 11
12 0
72 4
12 0
72 9
12 0
72 4
12 0
72 7
12 0
72 7
12 0
72 9
12 0
72 11
12 0
72 4
12 0
72 9
12 0
72 4
12 0
72 7
12 0
72 7
12 0
72 9
12 0
72 11
12 0
72 4
12 0
72 9
12 0
72 4
12 0
72 7
12 0
72 7
12 0
72 9
12 0
72 11
12 0
72 4
12 0
72 9
12 0
72 4
12 0
72 7
12 0
72 7
12 0
72 9
12 0
72 11
12 0
72 4
12 0
72 9
12 0
72 4
12 0
72 7
12 0
72 7
12 0
72 9
12 0
72 4
12 0
72 7
12 0
72 4
12 0
72 4
12 0
72 7
12 0
72 4
12 0
72 4
12 0
72 7
12 0
72 4
12 0
72 11
12 0
72 11
12 0
72 4
12 0
72 9
12 0
72 4
12 0
72 7
12 0
72 7
12 0
72 7
12 0
72 4
12 0
72 11
12 0
72 4
12 0
72 9
12 0
72 4
12 0
72 7
12 0
72 7
12 0
72 9
12 0
72 11
12 0
72 4
12 0
72 9
12 0
72 4
12 0
72 7
12 0
72 7
12 0
72 7
12 0
72 4
12 0
72 4
12 0
72 7
12 0
72 4
12 0
72 4
12 0
72 7
12 0
72 9
12 0
72 7
12 0
72 7
12 0
72 7
12 0
72 11
12 0
72 4
12 0
72 7
12 0
72 7
12 0
72 9
12 0
72 4
12 0
72 7
12 0
72 4
12 0
72 11
12 0
72 4
12 0
72 7
12 0
72 7
12 0
72 9
12 0
72 4
12 0
72 7
12 0
72 11
12 0
72 4
12 0
72 7
12 0
72 11
12 0
72 4
12 0
72 7
12 0
72 11
12 0
72 4
12 0
72 7
12 0
72 4
12 0
72 9
12 0
72 11
12 0
72 11
12 0
72 4
12 0
72 7
12 0
72 11
12 0
72 4
12 0
72 7
12 0
72 11
12 0
72 4
12 0
72 9
12 0
72 11
12 0
72 11
12 0
72 11
12 0
72 4
12 0
72 9
12 0
72 4
12 0
72 7
12 0
72 7
12 0
72 9
12 0
72 11
12 0
72 4
12 0
72 9
12 0
72 4
12 0
72 7
12 0
72 7
12 0
72 9
12 0
72 11
12 0
72 4
12 0
72 9
12 0
72 4
12 0
72 7
12 0
72 7
12 0
72 9
12 0
72 11
12 0
72 4
12 0
72 9
12 0
72 4
12 0
72 7
12 0
72 7
12 0
72 9
12 0
72 11
12 0
72 4
12 0
72 9
12 0
72 4
12 0
72 7
12 0
72 7
12 0
72 9
12 0
72 11
12 0
72 4
12 0
72 9
12 0
72 4
12 0
72 7
12 0
72 7
12 0
72 9
12 0
72 11
12 0
72 4
12 0
72 9
12 0
72 4
12 0
72 7
12 0
72 7
12 0
72 9
12 0
72 4
12 0
72 7
12 0
72 4
12 0
72 4
12 0
72 7
12 0
72 4
12 0
72 4
12 0
72 7
12 0
72 4
12 0
72 11
12 0
72 11
12 0
72 4
12 0
72 9
12 0
72 4
12 0
72 7
12 0
72 7
12 0
72 7
12 0
72 4
12 0
72 11
12 0
72 4
12 0
72 9
12 0
72 4
12 0
72 7
12 0
72 7
12 0
72 9
12 0
72 11
12 0
72 4
12 0
72 9
12 0
72 4
12 0
72 7
12 0
72 7
12 0
72 7
12 0
72 4
12 0
72 4
12 0
72 7
12 0
72 4
12 0
72 4
12 0
72 7
12 0
72 9
12 0
72 7
12 0
72 7
12 0
72 7
12 0
72 11
12 0
72 4
12 0
72 7
12 0
72 7
12 0
72 9
12 0
72 4
12 0
72 7
12 0
72 4
12 0
72 11
12 0
72 4
12 0
72 7
12 0
72 7
12 0
72 9
12 0
72 4
12 0
72 7
12 0
72 11
12 0
72 4
12 0
72 7
12 0
72 11
12 0
72 4
12 0
72 7
12 0
72 11
12 0
72 4
12 0
72 7
12 0
72 4
12 0
72 9
12 0
72 11
12 0
E
S
L
72 14
14 0
72 9
14 0
72 11
14 0
72 11
14 0
72 11
14 0
72 11
14 0
72 11
14 0
72 11
14 0
72 11
14 0
72 11
14 0
72 7
14 0
72 9
14 0
72 7
14 0
72 4
14 0
72 4
14 0
72 4
14 0
72 4
14 0
72 4
14 0
72 4
14 0
72 9
14 0
72 11
14 0
72 11
14 0
72 11
14 0
72 2
14 0
72 10
14 0
72 11
14 0
72 11
14 0
72 11
14 0
72 11
14 0
72 11
14 0
72 11
14 0
72 11
14 0
72 11
14 0
72 11
14 0
72 12
14 0
72 4
14 0
72 2
14 0
72 10
14 0
72 11
14 0
72 11
14 0
72 11
14 0
72 11
14 0
72 11
14 0
72 12
14 0
72 4
14 0
72 4
14 0
72 2
14 0
72 8
14 0
72 11
14 0
72 11
14 0
72 11
14 0
72 11
14 0
72 11
14 0
72 11
14 0
72 7
14 0
72 7
14 0
72 4
14 0
72 9
14 0
72 11
14 0
72 11
14 0
72 11
14 0
72 11
14 0
72 11
14 0
72 11
14 0
72 7
14 0
72 7
14 0
72 2
14 0
72 2
14 0
72 2
14 0
72 8
14 0
72 11
14 0
72 11
14 0
72 11
14 0
72 11
14 0
72 11
14 0
72 11
14 0
72 11
14 0
72 11
14 0
72 11
14 0
72 11
14 0
72 11
14 0
72 11
14 0
72 11
14 0
72 11
14 0
72 9
14 0
72 4
14 0
72 4
14 0
72 2
14 0
72 8
14 0
72 11
14 0
72 11
14 0
72 7
14 0
72 7
14 0
72 11
14 0
72 11
14 0
72 11
14 0
72 7
14 0
72 7
14 0
72 4
14 0
72 2
14 0
72 8
14 0
72 11
14 0
72 11
14 0
72 7
14 0
72 7
14 0
72 11
14 0
72 11
14 0
72 9
14 0
72 4
14 0
72 4
14 0
72 4
14 0
72 4
14 0
72 4
14 0
72 4
14 0
72 9
14 0
72 11
14 0
72 11
14 0
72 11
14 0
72 2
14 0
72 10
14 0
72 11
14 0
72 11
14 0
72 11
14 0
72 11
14 0
72 11
14 0
72 11
14 0
72 11
14 0
72 11
14 0
72 11
14 0
72 12
14 0
72 4
14 0
72 2
14 0
72 10
14 0
72 11
14 0
72 11
14 0
72 11
14 0
72 11
14 0
72 11
14 0
72 12
14 0
72 4
14 0
72 4
14 0
72 2
14 0
72 8
14 0
72 11
14 0
72 11
14 0
72 11
14 0
72 11
14 0
72 11
14 0
72 11
14 0
72 7
14 0
72 7
14 0
72 4
14 0
72 9
14 0
72 11
14 0
72 11
14 0
72 11
14 0
72 11
14 0
72 11
14 0
72 11
14 0
72 7
14 0
72 7
14 0
72 2
14 0
72 2
14 0
72 2
14 0
72 8
14 0
72 11
14 0
72 11
14 0
72 11
14 0
72 11
14 0
72 11
14 0
72 11
14 0
72 11
14 0
72 11
14 0
72 11
14 0
72 11
14 0
72 11
14 0
72 11
14 0
72 11
14 0
72 11
14 0
72 9
14 0
72 4
14 0
72 4
14 0
72 2
14 0
72 8
14 0
72 11
14 0
72 11
14 0
72 7
14 0
72 7
14 0
72 11
14 0
72 11
14 0
72 11
14 0
72 7
14 0
72 7
14 0
72 4
14 0
72 2
14 0
72 8
14 0
72 11
14 0
72 11
14 0
72 7
14 0
72 7
14 0
72 11
14 0
72 11
14 0
72 9
14 0
72 4
14 0
72 4
14 0
72 4
14 0
72 4
14 0
72 4
14 0
72 4
14 0
72 9
14 0
72 11
14 0
72 11
14 0
72 11
14 0
72 2
14 0
72 10
14 0
72 11
14 0
72 11
14 0
72 11
14 0
72 11
14 0
72 11
14 0
72 11
14 0
72 11
14 0
72 11
14 0
72 11
14 0
72 12
14 0
72 4
14 0
72 2
14 0
E
S
L
72 14
24 0
72 2
21 0
72 2
17 0
72 14
17 0
72 4
17 0
72 4
17 0
72 4
17 0
72 4
17 0
72 4
17 0
72 4
17 0
72 14
24 0
72 4
21 0
72 2
17 0
72 14
21 0
72 4
24 0
72 2
21 0
72 2
17 0
72 14
17 0
72 4
17 0
72 4
17 0
72 4
17 0
72 4
17 0
72 4
17 0
72 4
17 0
72 14
24 0
72 4
21 0
72 2
17 0
72 14
21 0
72 4
24 0
72 2
21 0
72 2
17 0
72 14
17 0
72 4
17 0
72 4
17 0
72 4
17 0
72 4
17 0
72 4
17 0
72 4
17 0
72 14
24 0
72 4
21 0
72 2
17 0
E
S
L
72 13
22 0
72 11
22 0
72 11
22 0
72 12
22 0
72 7
22 0
72 7
22 0
72 7
22 0
72 7
22 0
72 7
22 0
72 7
22 0
72 7
22 0
72 7
22 0
72 7
22 0
72 7
22 0
72 7
22 0
72 7
22 0
72 7
22 0
72 7
22 0
72 7
22 0
72 14
22 0
72 7
22 0
72 7
22 0
72 11
22 0
72 7
22 0
72 7
22 0
72 11
22 0
72 7
22 0
72 7
22 0
72 11
22 0
72 7
22 0
72 7
22 0
72 7
22 0
72 7
22 0
72 7
22 0
72 7
22 0
72 7
22 0
72 7
22 0
72 7
22 0
72 7
22 0
72 7
22 0
72 7
22 0
72 7
22 0
72 7
22 0
72 7
22 0
72 13
22 0
72 7
22 0
72 7
22 0
72 7
22 0
72 7
22 0
72 7
22 0
72 7
22 0
72 7
22 0
72 7
22 0
72 7
22 0
72 7
22 0
72 7
22 0
72 13
18 0
72 4
18 0
72 4
18 0
72 4
18 0
72 4
18 0
72 4
18 0
72 4
18 0
72 4
18 0
72 4
18 0
72 4
18 0
72 4
18 0
72 4
18 0
72 4
18 0
72 4
18 0
72 4
18 0
72 4
18 0
72 4
18 0
72 4
18 0
72 4
18 0
72 4
18 0
72 4
18 0
72 4
18 0
72 4
18 0
72 4
18 0
72 4
18 0
72 4
18 0
72 4
18 0
72 4
18 0
72 4
18 0
72 4
18 0
72 4
18 0
72 4
22 0
72 4
18 0
72 4
18 0
72 4
18 0
72 4
18 0
72 4
18 0
72 4
18 0
72 4
18 0
72 4
18 0
72 4
18 0
72 4
18 0
72 4
18 0
72 4
18 0
72 4
18 0
72 4
18 0
72 4
18 0
72 4
18 0
72 4
18 0
72 4
18 0
72 4
18 0
72 4
18 0
72 4
18 0
72 4
18 0
72 4
18 0
72 4
18 0
72 4
18 0
72 4
18 0
72 4
18 0
72 4
18 0
72 4
18 0
72 4
18 0
72 4
18 0
72 4
22 0
72 9
22 0
72 7
22 0
72 7
22 0
72 7
22 0
72 7
22 0
72 7
22 0
72 7
22 0
72 11
22 0
72 7
22 0
72 7
22 0
72 7
22 0
72 7
22 0
72 7
22 0
72 7
22 0
72 11
22 0
72 7
22 0
72 7
22 0
72 7
22 0
72 7
22 0
72 7
22 0
72 7
22 0
72 11
22 0
72 11
22 0
72 11
22 0
72 13
29 0
72 4
27 0
72 4
29 0
72 4
27 0
72 4
29 0
72 4
27 0
72 4
29 0
72 4
27 0
72 4
29 0
72 4
27 0
72 4
29 0
72 4
27 0
72 4
29 0
72 4
27 0
72 9
29 0
72 4
27 0
72 4
29 0
72 4
27 0
72 4
29 0
72 4
27 0
72 4
29 0
72 4
27 0
72 4
29 0
72 4
27 0
72 4
29 0
72 4
27 0
72 4
29 0
72 4
27 0
72 9
29 0
72 4
27 0
72 4
29 0
72 4
27 0
72 4
29 0
72 4
27 0
72 4
29 0
72 4
27 0
72 4
29 0
72 4
27 0
72 4
29 0
72 4
27 0
72 4
29 0
72 4
27 0
72 14
22 0
72 7
22 0
72 7
22 0
72 11
22 0
72 7
22 0
72 7
22 0
72 11
22 0
72 7
22 0
72 7
22 0
72 11
22 0
72 7
22 0
72 7
22 0
72 7
22 0
72 7
22 0
72 7
22 0
72 7
22 0
72 7
22 0
72 7
22 0
72 7
22 0
72 7
22 0
72 7
22 0
72 7
22 0
72 7
22 0
72 7
22 0
72 7
22 0
72 13
22 0
72 7
22 0
72 7
22 0
72 7
22 0
72 7
22 0
72 7
22 0
72 7
22 0
72 7
22 0
72 7
22 0
72 7
22 0
72 7
22 0
72 7
22 0
72 13
18 0
72 4
18 0
72 4
18 0
72 4
18 0
72 4
18 0
72 4
18 0
72 4
18 0
72 4
18 0
72 4
18 0
72 4
18 0
72 4
18 0
72 4
18 0
72 4
18 0
72 4
18 0
72 4
18 0
72 4
18 0
72 4
18 0
72 4
18 0
72 4
18 0
72 4
18 0
72 4
18 0
72 4
18 0
72 4
18 0
72 4
18 0
72 4
18 0
72 4
18 0
72 4
18 0
72 4
18 0
72 4
18 0
72 4
18 0
72 4
18 0
72 4
22 0
72 4
18 0
72 4
18 0
72 4
18 0
72 4
18 0
72 4
18 0
72 4
18 0
72 4
18 0
72 4
18 0
72 4
18 0
72 4
18 0
72 4
18 0
72 4
18 0
72 4
18 0
72 4
18 0
72 4
18 0
72 4
18 0
72 4
18 0
72 4
18 0
72 4
18 0
72 4
18 0
72 4
18 0
72 4
18 0
72 4
18 0
72 4
18 0
72 4
18 0
72 4
18 0
72 4
18 0
72 4
18 0
72 4
18 0
72 4
18 0
72 4
18 0
72 4
22 0
72 9
22 0
72 7
22 0
72 7
22 0
72 7
22 0
72 7
22 0
72 7
22 0
72 7
22 0
72 11
22 0
72 7
22 0
72 7
22 0
72 7
22 0
72 7
22 0
72 7
22 0
72 7
22 0
72 11
22 0
72 7
22 0
72 7
22 0
72 7
22 0
72 7
22 0
72 7
22 0
72 7
22 0
72 11
22 0
72 11
22 0
72 11
22 0
72 13
29 0
72 4
27 0
72 4
29 0
72 4
27 0
72 4
29 0
72 4
27 0
72 4
29 0
72 4
27 0
72 4
29 0
72 4
27 0
72 4
29 0
72 4
27 0
72 4
29 0
72 4
27 0
72 9
29 0
72 4
27 0
72 4
29 0
72 4
27 0
72 4
29 0
72 4
27 0
72 4
29 0
72 4
27 0
72 4
29 0
72 4
27 0
72 4
29 0
72 4
27 0
72 4
29 0
72 4
27 0
72 9
29 0
72 4
27 0
72 4
29 0
72 4
27 0
72 4
29 0
72 4
27 0
72 4
29 0
72 4
27 0
72 4
29 0
72 4
27 0
72 4
29 0
72 4
27 0
72 4
29 0
72 4
27 0
72 14
22 0
72 7
22 0
72 7
22 0
72 11
22 0
72 7
22 0
72 7
22 0
72 11
22 0
72 7
22 0
72 7
22 0
72 11
22 0
72 7
22 0
72 7
22 0
72 7
22 0
72 7
22 0
72 7
22 0
72 7
22 0
72 7
22 0
72 7
22 0
72 7
22 0
72 7
22 0
72 7
22 0
72 7
22 0
72 7
22 0
72 7
22 0
72 7
22 0
E
S
L
72 13
25 0
72 14
25 0
72 14
25 0
72 14
25 0
72 9
25 0
72 7
25 0
72 9
25 0
72 13
25 0
72 14
25 0
72 14
25 0
72 13
25 0
72 13
25 0
72 13
25 0
72 11
25 0
72 13
25 0
72 13
25 0
72 13
25 0
72 11
25 0
72 11
25 0
72 14
25 0
72 14
25 0
72 14
25 0
72 14
25 0
72 14
25 0
72 11
25 0
72 11
25 0
72 11
25 0
72 11
25 0
72 14
25 0
72 14
25 0
72 14
25 0
72 11
25 0
72 9
25 0
72 13
25 0
72 14
25 0
72 14
25 0
72 13
25 0
72 13
25 0
72 13
25 0
72 11
25 0
72 13
25 0
72 13
25 0
72 13
25 0
72 11
25 0
72 11
25 0
72 14
25 0
72 14
25 0
72 14
25 0
72 14
25 0
72 14
25 0
72 11
25 0
72 11
25 0
72 11
25 0
72 11
25 0
72 14
25 0
72 14
25 0
72 14
25 0
72 11
25 0
72 9
25 0
72 13
25 0
72 14
25 0
72 14
25 0
72 13
25 0
72 13
25 0
72 13
25 0
72 11
25 0
E
X
