major
S
H
57 11
55 4
54 4
50 4
47 13
57 11
54 4
55 4
57 4
62 11
58 4
57 4
55 4
57 12
55 4
54 4
50 4
47 11
50 7
52 7
57 11
54 4
55 4
57 4
62 11
64 4
57 2
62 4
72 6
57 11
55 4
54 4
50 4
47 13
57 11
54 4
55 4
57 4
62 11
58 4
57 4
55 4
57 12
55 4
54 4
50 4
47 11
50 7
52 7
57 11
54 4
55 4
57 4
62 11
64 4
57 2
62 4
E
S
H
57 11
55 4
54 4
50 4
47 13
57 11
54 4
55 4
57 4
62 11
58 4
57 4
55 4
57 12
55 4
54 4
50 4
47 11
50 7
52 7
57 11
54 4
55 4
57 4
62 11
64 4
57 2
62 4
72 6
57 11
55 4
54 4
50 4
47 13
57 11
54 4
55 4
57 4
62 11
58 4
57 4
55 4
57 12
55 4
54 4
50 4
47 11
50 7
52 7
57 11
54 4
55 4
57 4
62 11
64 4
57 2
62 4
E
S
H
1471 11
1144 4
998 4
528 4
240 11
228 11
1471 11
998 4
1158 4
1471 4
528 11
228 4
215 4
189 4
1471 12
1144 4
998 4
528 4
240 11
516 7
698 7
1471 11
42 4
43 4
45 4
50 11
49 4
43 2
42 4
72 6
1471 11
1144 4
998 4
528 4
240 11
228 11
1471 11
998 4
1158 4
1471 4
528 11
228 4
215 4
189 4
1471 12
1144 4
998 4
528 4
240 11
516 7
698 7
1471 11
42 4
43 4
45 4
50 11
49 4
43 2
42 4
E
S
H
175 11
189 7
175 7
180 11
136 7
240 7
175 11
189 7
215 7
175 11
189 7
150 7
175 11
189 7
175 7
180 11
136 7
240 7
175 11
189 7
215 7
175 11
72 11
175 11
189 7
175 7
180 11
136 7
240 7
175 11
189 7
215 7
175 11
189 7
150 7
175 11
189 7
175 7
180 11
136 7
240 7
175 11
189 7
215 7
175 11
E
S
H
42 11
43 7
42 7
42 11
38 7
35 7
42 11
43 7
45 7
42 11
43 7
40 7
42 11
43 7
42 7
42 11
38 7
35 7
42 11
43 7
45 7
42 11
72 11
42 11
43 7
42 7
42 11
38 7
35 7
42 11
43 7
45 7
42 11
43 7
40 7
42 11
43 7
42 7
42 11
38 7
35 7
42 11
43 7
45 7
42 11
E
S
H
72 13
38 2
40 2
38 2
45 2
72 2
43 2
72 2
42 2
38 2
72 2
33 11
72 8
38 2
40 2
38 2
45 2
45 2
72 6
38 2
40 2
38 2
45 2
45 2
72 6
38 2
40 2
38 2
45 8
72 11
38 2
40 2
38 2
45 2
72 2
45 2
72 2
43 2
42 2
72 2
38 2
72 2
33 10
72 12
38 2
40 2
38 2
50 2
72 2
47 2
72 2
45 2
72 2
42 2
72 2
40 2
72 2
33 2
38 2
72 14
38 2
40 2
38 2
45 2
72 2
43 2
72 2
42 2
38 2
72 2
33 11
72 8
38 2
40 2
38 2
45 2
45 2
72 6
38 2
40 2
38 2
45 2
45 2
72 6
38 2
40 2
38 2
45 8
72 11
38 2
40 2
38 2
45 2
72 2
45 2
72 2
43 2
42 2
72 2
38 2
72 2
33 10
72 12
38 2
40 2
38 2
50 2
72 2
47 2
72 2
45 2
72 2
42 2
72 2
40 2
72 2
33 2
38 2
E
S
H
72 13
50 2
52 2
50 2
57 2
72 2
55 2
72 2
54 2
50 2
72 2
45 11
72 8
50 2
52 2
50 2
57 2
57 2
72 6
50 2
52 2
50 2
57 2
57 2
72 6
50 2
52 2
50 2
57 7
72 11
50 2
52 2
50 2
57 2
72 2
57 2
72 2
55 2
54 2
72 2
50 2
72 2
45 10
72 12
50 2
52 2
50 2
62 2
72 2
59 2
72 2
57 2
72 2
54 2
72 2
52 2
72 2
45 2
50 2
72 14
50 2
52 2
50 2
57 2
72 2
55 2
72 2
54 2
50 2
72 2
45 11
72 8
50 2
52 2
50 2
57 2
57 2
72 6
50 2
52 2
50 2
57 2
57 2
72 6
50 2
52 2
50 2
57 7
72 11
50 2
52 2
50 2
57 2
72 2
57 2
72 2
55 2
54 2
72 2
50 2
72 2
45 10
72 12
50 2
52 2
50 2
62 2
72 2
59 2
72 2
57 2
72 2
54 2
72 2
52 2
72 2
45 2
50 2
E
S
H
72 4
215 2
72 6
215 2
72 6
215 2
72 6
215 2
72 6
240 2
72 6
240 2
72 6
240 2
72 6
215 2
72 6
215 2
72 6
215 2
72 6
215 2
72 6
215 2
72 6
240 2
72 6
240 2
72 6
240 2
72 6
215 2
72 6
215 2
72 6
215 2
72 6
215 2
72 6
215 2
72 6
240 2
72 6
240 2
72 6
215 2
72 6
189 2
72 6
215 2
72 6
215 2
72 6
189 2
72 6
240 2
72 6
240 2
72 6
240 2
72 6
215 2
72 10
215 2
72 6
215 2
72 6
215 2
72 6
215 2
72 6
240 2
72 6
240 2
72 6
240 2
72 6
215 2
72 6
215 2
72 6
215 2
72 6
215 2
72 6
215 2
72 6
240 2
72 6
240 2
72 6
240 2
72 6
215 2
72 6
215 2
72 6
215 2
72 6
215 2
72 6
215 2
72 6
240 2
72 6
240 2
72 6
215 2
72 6
189 2
72 6
215 2
72 6
215 2
72 6
189 2
72 6
240 2
72 6
240 2
72 6
240 2
72 6
215 2
E
S
L
26 2
72 4
26 2
72 2
21 2
23 2
22 2
21 2
72 6
21 4
20 4
19 2
72 4
19 2
72 4
18 2
72 6
16 2
72 2
21 2
72 2
21 2
72 2
26 2
72 4
26 2
72 2
21 2
23 2
22 2
21 2
72 6
21 4
20 4
19 2
72 4
19 2
72 4
18 2
72 6
16 2
72 2
21 2
72 2
21 2
72 2
26 2
72 4
26 2
72 2
21 2
23 2
22 2
21 2
72 6
21 4
20 4
19 2
72 4
19 2
72 4
18 2
72 6
16 2
72 2
21 2
72 2
21 2
72 2
26 2
72 4
26 2
72 2
21 2
23 2
22 2
21 2
72 6
21 4
20 4
26 4
23 4
21 4
18 4
21 4
21 2
26 2
72 7
26 2
72 4
26 2
72 2
21 2
23 2
22 2
21 2
72 6
21 4
20 4
19 2
72 4
19 2
72 4
18 2
72 6
16 2
72 2
21 2
72 2
21 2
72 2
26 2
72 4
26 2
72 2
21 2
23 2
22 2
21 2
72 6
21 4
20 4
19 2
72 4
19 2
72 4
18 2
72 6
16 2
72 2
21 2
72 2
21 2
72 2
26 2
72 4
26 2
72 2
21 2
23 2
22 2
21 2
72 6
21 4
20 4
19 2
72 4
19 2
72 4
18 2
72 6
16 2
72 2
21 2
72 2
21 2
72 2
26 2
72 4
26 2
72 2
21 2
23 2
22 2
21 2
72 6
21 4
20 4
26 4
23 4
21 4
18 4
21 4
21 2
26 2
E
S
H
54 2
72 4
54 2
72 2
52 2
54 2
72 6
52 2
72 2
54 2
72 2
52 2
72 2
54 2
72 4
54 2
72 2
52 2
72 7
50 2
72 2
54 2
72 6
54 2
72 4
54 2
72 2
52 2
54 2
72 6
52 2
72 2
54 2
72 2
52 2
72 2
54 2
72 4
54 2
72 2
52 2
72 7
50 2
72 2
54 2
72 6
54 2
72 4
54 2
72 2
52 2
54 2
72 6
52 2
72 2
54 2
72 2
52 2
72 2
54 2
72 4
54 2
72 2
52 2
72 7
50 2
72 2
54 2
72 6
54 2
72 4
54 2
72 2
52 2
54 2
72 6
52 2
72 2
54 2
72 2
52 2
72 2
54 2
72 4
54 2
72 12
54 2
72 4
54 2
72 2
52 2
54 2
72 6
52 2
72 2
54 2
72 2
52 2
72 2
54 2
72 4
54 2
72 2
52 2
72 7
50 2
72 2
54 2
72 6
54 2
72 4
54 2
72 2
52 2
54 2
72 6
52 2
72 2
54 2
72 2
52 2
72 2
54 2
72 4
54 2
72 2
52 2
72 7
50 2
72 2
54 2
72 6
54 2
72 4
54 2
72 2
52 2
54 2
72 6
52 2
72 2
54 2
72 2
52 2
72 2
54 2
72 4
54 2
72 2
52 2
72 7
50 2
72 2
54 2
72 6
54 2
72 4
54 2
72 2
52 2
54 2
72 6
52 2
72 2
54 2
72 2
52 2
72 2
54 2
72 4
54 2
E
S
H
72 4
215 2
72 6
215 2
72 6
215 2
72 6
215 2
72 6
240 2
72 6
240 2
72 6
240 2
72 6
215 2
72 6
215 2
72 6
215 2
72 6
215 2
72 6
215 2
72 6
240 2
72 6
240 2
72 6
240 2
72 6
215 2
72 6
215 2
72 6
215 2
72 6
215 2
72 6
215 2
72 6
240 2
72 6
240 2
72 6
215 2
72 6
189 2
72 6
215 2
72 6
215 2
72 6
189 2
72 6
240 2
72 6
240 2
72 6
240 2
72 6
215 2
72 10
215 2
72 6
215 2
72 6
215 2
72 6
215 2
72 6
240 2
72 6
240 2
72 6
240 2
72 6
215 2
72 6
215 2
72 6
215 2
72 6
215 2
72 6
215 2
72 6
240 2
72 6
240 2
72 6
240 2
72 6
215 2
72 6
215 2
72 6
215 2
72 6
215 2
72 6
215 2
72 6
240 2
72 6
240 2
72 6
215 2
72 6
189 2
72 6
215 2
72 6
215 2
72 6
189 2
72 6
240 2
72 6
240 2
72 6
240 2
72 6
215 2
E
S
H
72 4
215 2
72 6
215 2
72 6
215 2
72 6
215 2
72 6
240 2
72 6
240 2
72 6
240 2
72 6
215 2
72 6
215 2
72 6
215 2
72 6
215 2
72 6
215 2
72 6
240 2
72 6
240 2
72 6
240 2
72 6
215 2
72 6
215 2
72 6
215 2
72 6
215 2
72 6
215 2
72 6
240 2
72 6
240 2
72 6
215 2
72 6
189 2
72 6
215 2
72 6
215 2
72 6
189 2
72 6
240 2
72 6
240 2
72 6
240 2
72 6
215 2
72 10
215 2
72 6
215 2
72 6
215 2
72 6
215 2
72 6
240 2
72 6
240 2
72 6
240 2
72 6
215 2
72 6
215 2
72 6
215 2
72 6
215 2
72 6
215 2
72 6
240 2
72 6
240 2
72 6
240 2
72 6
215 2
72 6
215 2
72 6
215 2
72 6
215 2
72 6
215 2
72 6
240 2
72 6
240 2
72 6
215 2
72 6
189 2
72 6
215 2
72 6
215 2
72 6
189 2
72 6
240 2
72 6
240 2
72 6
240 2
72 6
215 2
E
X
