minor
S
L
72 11
35 2
72 2
35 2
72 13
35 2
72 10
35 4
35 4
35 4
72 4
35 4
35 4
35 4
72 4
35 4
35 4
35 4
72 4
35 4
35 4
72 4
35 4
35 4
72 4
35 4
35 4
72 4
35 4
72 4
35 4
35 4
35 4
35 4
72 9
35 4
72 4
35 4
35 4
35 4
72 4
35 4
35 4
35 4
72 4
35 4
35 4
35 4
72 4
35 4
35 4
72 4
35 4
35 4
72 4
35 4
35 4
72 4
35 4
72 4
35 4
35 4
35 4
35 4
72 9
35 4
72 4
35 4
35 4
35 4
72 9
35 4
72 4
35 4
35 4
35 4
72 4
35 4
72 9
35 4
35 4
35 4
72 4
35 4
72 7
35 4
35 4
35 4
35 4
72 11
35 4
35 4
35 4
72 4
35 4
35 4
35 4
72 4
35 4
35 4
35 4
72 4
35 4
35 4
72 4
35 4
35 4
72 4
35 4
35 4
72 4
35 4
72 4
35 4
35 4
35 4
35 4
72 9
35 4
72 4
35 4
35 4
35 4
72 4
35 4
35 4
35 4
72 4
35 4
35 4
35 4
72 4
35 4
35 4
72 4
35 4
35 4
72 4
35 4
35 4
72 4
35 4
72 4
35 4
35 4
35 4
35 4
72 9
35 4
72 4
35 4
35 4
35 4
72 9
35 4
72 4
35 4
35 4
35 4
72 4
35 4
72 9
35 7
35 7
E
X
