minor
S
H
72 4
60 4
57 4
53 4
52 4
53 4
54 4
55 4
53 4
51 4
44 4
46 2
48 9
72 2
50 2
72 6
43 2
72 4
42 2
72 4
40 10
72 6
43 2
72 4
42 2
72 4
40 10
72 6
43 2
72 4
43 2
72 4
45 10
72 6
43 2
72 4
43 2
72 4
45 10
72 6
43 2
72 4
42 2
72 4
40 10
72 6
43 2
72 4
42 2
72 4
40 10
72 6
43 2
72 4
43 2
72 4
45 10
72 6
43 2
72 4
43 2
72 4
43 10
72 2
72 2
62 2
59 2
62 2
64 2
62 2
59 2
62 6
64 4
60 4
57 4
72 2
60 2
57 2
60 2
62 2
60 2
57 2
60 6
62 4
59 4
55 4
72 2
62 2
59 2
62 2
64 2
62 2
59 2
62 6
64 4
60 4
57 4
72 2
60 2
57 2
60 2
62 2
60 2
57 2
60 4
50 2
51 2
53 2
55 2
56 2
58 2
60 2
72 2
36 12
36 7
36 7
38 7
36 7
35 6
48 2
72 9
43 6
42 2
72 2
41 2
72 8
43 2
72 4
42 2
72 4
40 10
72 6
43 2
72 4
42 2
72 4
40 10
72 6
43 2
72 4
42 2
72 4
40 10
72 4
35 2
36 2
40 2
42 2
43 2
47 2
48 2
52 2
50 2
45 2
47 2
50 2
54 2
57 2
58 2
59 2
60 2
59 2
72 2
58 2
59 6
62 4
57 2
59 7
72 4
59 2
60 2
59 2
58 2
59 2
72 2
64 6
57 2
59 4
60 2
59 2
55 2
57 2
72 2
57 2
72 2
57 4
48 2
50 11
72 6
57 7
55 2
72 2
60 4
59 2
57 2
72 2
55 4
72 2
59 2
60 2
59 2
72 2
58 2
59 6
62 4
57 2
59 7
72 4
59 2
60 2
59 2
58 2
59 2
72 2
64 6
57 2
59 4
59 2
60 2
62 2
60 2
72 2
60 2
72 2
62 2
64 2
72 2
57 11
72 6
41 7
43 2
72 2
45 2
72 2
47 2
72 2
48 2
50 6
52 11
62 4
60 4
59 4
57 9
55 4
53 7
57 7
55 11
65 4
64 4
62 4
60 11
57 7
56 7
57 14
59 4
60 2
72 9
55 6
54 2
72 2
53 2
72 6
72 4
36 4
39 4
43 4
41 6
39 6
41 4
43 6
72 2
40 2
72 2
43 11
72 6
32 4
36 4
39 4
41 6
46 6
44 4
43 13
72 2
72 4
65 4
69 4
60 4
71 6
70 6
71 4
62 6
60 6
67 4
65 7
63 7
56 8
72 1
56 2
55 2
54 2
53 4
54 6
72 2
55 4
56 13
72 2
54 8
72 1
54 2
53 2
52 2
51 4
52 6
72 2
53 4
54 13
72 2
45 6
47 2
52 2
72 6
47 6
48 2
55 6
72 6
52 2
72 2
53 2
72 2
55 2
72 2
57 2
72 2
59 2
72 2
60 2
72 2
62 2
72 6
60 4
57 4
53 4
52 4
53 4
54 4
55 4
53 4
51 4
44 4
46 2
48 9
72 2
50 2
72 6
43 2
72 4
42 2
72 4
40 10
72 6
43 2
72 4
42 2
72 4
40 10
72 6
43 2
72 4
43 2
72 4
45 10
72 6
43 2
72 4
43 2
72 4
45 10
72 6
43 2
72 4
42 2
72 4
40 10
72 6
43 2
72 4
42 2
72 4
40 10
72 6
43 2
72 4
43 2
72 4
45 10
72 6
43 2
72 4
43 2
72 4
43 10
72 2
72 2
62 2
59 2
62 2
64 2
62 2
59 2
62 6
64 4
60 4
57 4
72 2
60 2
57 2
60 2
62 2
60 2
57 2
60 6
62 4
59 4
55 4
72 2
62 2
59 2
62 2
64 2
62 2
59 2
62 6
64 4
60 4
57 4
72 2
60 2
57 2
60 2
62 2
60 2
57 2
60 4
50 2
51 2
53 2
55 2
56 2
58 2
60 2
72 2
36 12
36 7
36 7
38 7
36 7
35 6
48 2
72 9
43 6
42 2
72 2
41 2
72 8
43 2
72 4
42 2
72 4
40 10
72 6
43 2
72 4
42 2
72 4
40 10
72 6
43 2
72 4
42 2
72 4
40 10
72 4
35 2
36 2
40 2
42 2
43 2
47 2
48 2
52 2
50 2
45 2
47 2
50 2
54 2
57 2
58 2
59 2
60 2
59 2
72 2
58 2
59 6
62 4
57 2
59 7
72 4
59 2
60 2
59 2
58 2
59 2
72 2
64 6
57 2
59 4
60 2
59 2
55 2
57 2
72 2
57 2
72 2
57 4
48 2
50 11
72 6
57 7
55 2
72 2
60 4
59 2
57 2
72 2
55 4
72 2
59 2
60 2
59 2
72 2
58 2
59 6
62 4
57 2
59 7
72 4
59 2
60 2
59 2
58 2
59 2
72 2
64 6
57 2
59 4
59 2
60 2
62 2
60 2
72 2
60 2
72 2
62 2
64 2
72 2
57 11
72 6
41 7
43 2
72 2
45 2
72 2
47 2
72 2
48 2
50 6
52 11
62 4
60 4
59 4
57 9
55 4
53 7
57 7
55 11
65 4
64 4
62 4
60 11
57 7
56 7
57 14
59 4
60 2
72 9
55 6
54 2
72 2
53 2
72 6
72 4
36 4
39 4
43 4
41 6
39 6
41 4
43 6
72 2
40 2
72 2
43 11
72 6
32 4
36 4
39 4
41 6
46 6
44 4
43 13
72 2
72 4
65 4
69 4
60 4
71 6
70 6
71 4
62 6
60 6
67 4
65 7
63 7
56 8
72 1
56 2
55 2
54 2
53 4
54 6
72 2
55 4
56 13
72 2
54 8
72 1
54 2
53 2
52 2
51 4
52 6
72 2
53 4
54 13
72 2
45 6
47 2
52 2
72 6
47 6
48 2
55 6
72 6
52 2
72 2
53 2
72 2
55 2
72 2
57 2
72 2
59 2
72 2
60 2
72 2
62 2
72 6
60 4
57 4
53 4
52 4
53 4
54 4
55 4
53 4
51 4
44 4
46 2
48 9
72 2
50 2
72 6
43 2
72 4
42 2
72 4
40 10
72 6
43 2
72 4
42 2
72 4
40 10
72 6
43 2
72 4
43 2
72 4
45 10
72 6
43 2
72 4
43 2
72 4
45 10
72 6
43 2
72 4
42 2
72 4
40 10
72 6
43 2
72 4
42 2
72 4
40 10
72 6
43 2
72 4
43 2
72 4
45 10
72 6
43 2
72 4
43 2
72 4
43 10
72 2
72 2
62 2
59 2
62 2
64 2
62 2
59 2
62 6
64 4
60 4
57 4
72 2
60 2
57 2
60 2
62 2
60 2
57 2
60 6
62 4
59 4
55 4
72 2
62 2
59 2
62 2
64 2
62 2
59 2
62 6
64 4
60 4
57 4
72 2
60 2
57 2
60 2
62 2
60 2
57 2
60 4
50 2
51 2
53 2
55 2
56 2
58 2
60 2
72 2
36 12
36 7
36 7
38 7
36 7
35 6
48 2
72 9
43 6
42 2
72 2
41 2
72 8
43 2
72 4
42 2
72 4
40 10
72 6
43 2
72 4
42 2
72 4
40 10
72 6
43 2
72 4
42 2
72 4
40 10
72 4
35 2
36 2
40 2
42 2
43 2
47 2
48 2
52 2
50 2
45 2
47 2
50 2
54 2
57 2
58 2
59 2
60 2
59 2
72 2
58 2
59 6
62 4
57 2
59 7
72 4
59 2
60 2
59 2
58 2
59 2
72 2
64 6
57 2
59 4
60 2
59 2
55 2
57 2
72 2
57 2
72 2
57 4
48 2
50 11
72 6
57 7
55 2
72 2
60 4
59 2
57 2
72 2
55 4
72 2
59 2
60 2
59 2
72 2
58 2
59 6
62 4
57 2
59 7
72 4
59 2
60 2
59 2
58 2
59 2
72 2
64 6
57 2
59 4
59 2
60 2
62 2
60 2
72 2
60 2
72 2
62 2
64 2
72 2
57 11
72 6
41 7
43 2
72 2
45 2
72 2
47 2
72 2
48 2
50 6
52 11
62 4
60 4
59 4
57 9
55 4
53 7
57 7
55 11
65 4
64 4
62 4
60 11
57 7
56 7
57 14
59 4
60 2
72 9
55 6
54 2
72 2
53 2
72 6
72 4
36 4
39 4
43 4
41 6
39 6
41 4
43 6
72 2
40 2
72 2
43 11
72 6
32 4
36 4
39 4
41 6
46 6
44 4
43 13
72 2
72 4
65 4
69 4
60 4
71 6
70 6
71 4
62 6
60 6
67 4
65 7
63 7
56 8
72 1
56 2
55 2
54 2
53 4
54 6
72 2
55 4
56 13
72 2
54 8
72 1
54 2
53 2
52 2
51 4
52 6
72 2
53 4
54 13
72 2
45 6
47 2
52 2
72 6
47 6
48 2
55 6
72 6
52 2
72 2
53 2
72 2
55 2
72 2
57 2
72 2
59 2
72 2
60 2
72 2
62 2
72 6
60 4
57 4
53 4
52 4
53 4
54 4
55 4
53 4
51 4
44 4
46 2
48 9
72 2
50 2
72 6
43 2
72 4
42 2
72 4
40 10
72 6
43 2
72 4
42 2
72 4
40 10
72 6
43 2
72 4
43 2
72 4
45 10
72 6
43 2
72 4
43 2
72 4
45 10
72 6
43 2
72 4
42 2
72 4
40 10
72 6
43 2
72 4
42 2
72 4
40 10
72 6
43 2
72 4
43 2
72 4
45 10
72 6
43 2
72 4
43 2
72 4
43 10
72 2
72 2
62 2
59 2
62 2
64 2
62 2
59 2
62 6
64 4
60 4
57 4
72 2
60 2
57 2
60 2
62 2
60 2
57 2
60 6
62 4
59 4
55 4
72 2
62 2
59 2
62 2
64 2
62 2
59 2
62 6
64 4
60 4
57 4
72 2
60 2
57 2
60 2
62 2
60 2
57 2
60 4
50 2
51 2
53 2
55 2
56 2
58 2
60 2
72 2
36 12
36 7
36 7
38 7
36 7
35 6
48 2
72 9
43 6
42 2
72 2
41 2
72 8
43 2
72 4
42 2
72 4
40 10
72 6
43 2
72 4
42 2
72 4
40 10
72 6
43 2
72 4
42 2
72 4
40 10
72 4
35 2
36 2
40 2
42 2
43 2
47 2
48 2
52 2
50 2
45 2
47 2
50 2
54 2
57 2
58 2
59 2
60 2
59 2
72 2
58 2
59 6
62 4
57 2
59 7
72 4
59 2
60 2
59 2
58 2
59 2
72 2
64 6
57 2
59 4
60 2
59 2
55 2
57 2
72 2
57 2
72 2
57 4
48 2
50 11
72 6
57 7
55 2
72 2
60 4
59 2
57 2
72 2
55 4
72 2
59 2
60 2
59 2
72 2
58 2
59 6
62 4
57 2
59 7
72 4
59 2
60 2
59 2
58 2
59 2
72 2
64 6
57 2
59 4
59 2
60 2
62 2
60 2
72 2
60 2
72 2
62 2
64 2
72 2
57 11
72 6
41 7
43 2
72 2
45 2
72 2
47 2
72 2
48 2
50 6
52 11
62 4
60 4
59 4
57 9
55 4
53 7
57 7
55 11
65 4
64 4
62 4
60 11
57 7
56 7
57 14
59 4
60 2
72 9
55 6
54 2
72 2
53 2
72 6
72 4
36 4
39 4
43 4
41 6
39 6
41 4
43 6
72 2
40 2
72 2
43 11
72 6
32 4
36 4
39 4
41 6
46 6
44 4
43 13
72 2
72 4
65 4
69 4
60 4
71 6
70 6
71 4
62 6
60 6
67 4
65 7
63 7
56 8
72 1
56 2
55 2
54 2
53 4
54 6
72 2
55 4
56 13
72 2
54 8
72 1
54 2
53 2
52 2
51 4
52 6
72 2
53 4
54 13
72 2
45 6
47 2
52 2
72 6
47 6
48 2
55 6
72 6
52 2
72 2
53 2
72 2
55 2
72 2
57 2
72 2
59 2
72 2
60 2
72 2
62 2
E
S
L
14 11
12 11
10 11
7 11
12 2
72 6
7 2
72 6
12 2
72 6
7 2
72 6
12 2
72 6
7 2
72 6
12 2
72 4
12 2
72 4
7 2
72 2
17 2
72 6
12 2
72 6
17 2
72 6
12 2
72 6
17 2
72 6
12 2
72 6
17 2
72 4
12 2
72 2
12 2
17 2
72 2
12 2
72 6
7 2
72 6
12 2
72 6
7 2
72 6
12 2
72 6
7 2
72 6
12 2
72 4
12 2
72 4
7 2
72 2
17 2
72 6
12 2
72 6
17 2
72 6
12 2
72 6
17 2
72 6
16 2
72 6
14 2
72 6
19 4
17 4
16 7
72 4
16 2
72 2
17 4
72 4
17 7
14 7
72 4
14 2
72 2
19 7
17 7
16 7
72 4
16 2
72 2
21 4
72 4
19 7
17 7
72 4
17 2
72 2
22 7
34 7
33 7
32 7
31 7
30 7
29 7
28 7
26 6
26 2
24 2
72 2
12 4
17 2
72 9
19 6
31 2
72 2
19 2
72 6
12 2
72 6
7 2
72 6
12 2
72 6
7 2
72 6
12 2
72 6
7 2
72 6
12 2
72 4
12 2
72 4
7 2
72 2
12 2
72 6
7 2
72 6
12 2
72 6
7 2
72 6
12 2
72 6
7 2
72 6
12 2
72 2
21 2
19 2
72 2
14 2
7 2
72 2
12 2
72 6
7 2
72 6
12 2
72 6
7 2
72 6
12 2
72 6
7 2
72 6
12 2
72 4
12 2
72 4
7 2
72 2
17 2
72 6
12 2
72 6
17 2
72 6
12 2
72 6
17 2
72 6
12 2
72 6
17 2
72 4
12 2
72 2
12 2
17 2
72 2
12 2
72 6
7 2
72 6
12 2
72 6
7 2
72 6
12 2
72 6
7 2
72 6
12 2
72 4
12 2
72 4
7 2
72 2
17 2
72 6
12 2
72 6
17 2
72 6
12 2
72 6
17 2
72 6
16 2
72 6
14 2
72 6
19 4
17 4
16 7
72 4
16 2
72 2
17 4
72 4
17 7
14 7
72 4
14 2
72 2
19 7
17 7
16 7
72 4
16 2
72 2
21 4
72 4
19 7
17 7
72 4
17 2
72 2
22 7
34 7
33 7
32 7
31 7
30 7
29 7
28 7
26 6
26 2
24 2
72 2
12 4
17 2
72 9
19 6
31 2
72 2
19 2
72 6
20 11
25 11
24 11
17 11
13 11
15 11
20 11
16 11
26 11
28 11
29 11
32 11
35 11
72 4
35 7
40 13
33 11
72 4
33 7
38 13
19 2
72 10
24 2
72 10
17 11
16 11
14 11
12 11
10 11
7 11
12 2
72 6
7 2
72 6
12 2
72 6
7 2
72 6
12 2
72 6
7 2
72 6
12 2
72 4
12 2
72 4
7 2
72 2
17 2
72 6
12 2
72 6
17 2
72 6
12 2
72 6
17 2
72 6
12 2
72 6
17 2
72 4
12 2
72 2
12 2
17 2
72 2
12 2
72 6
7 2
72 6
12 2
72 6
7 2
72 6
12 2
72 6
7 2
72 6
12 2
72 4
12 2
72 4
7 2
72 2
17 2
72 6
12 2
72 6
17 2
72 6
12 2
72 6
17 2
72 6
16 2
72 6
14 2
72 6
19 4
17 4
16 7
72 4
16 2
72 2
17 4
72 4
17 7
14 7
72 4
14 2
72 2
19 7
17 7
16 7
72 4
16 2
72 2
21 4
72 4
19 7
17 7
72 4
17 2
72 2
22 7
34 7
33 7
32 7
31 7
30 7
29 7
28 7
26 6
26 2
24 2
72 2
12 4
17 2
72 9
19 6
31 2
72 2
19 2
72 6
12 2
72 6
7 2
72 6
12 2
72 6
7 2
72 6
12 2
72 6
7 2
72 6
12 2
72 4
12 2
72 4
7 2
72 2
12 2
72 6
7 2
72 6
12 2
72 6
7 2
72 6
12 2
72 6
7 2
72 6
12 2
72 2
21 2
19 2
72 2
14 2
7 2
72 2
12 2
72 6
7 2
72 6
12 2
72 6
7 2
72 6
12 2
72 6
7 2
72 6
12 2
72 4
12 2
72 4
7 2
72 2
17 2
72 6
12 2
72 6
17 2
72 6
12 2
72 6
17 2
72 6
12 2
72 6
17 2
72 4
12 2
72 2
12 2
17 2
72 2
12 2
72 6
7 2
72 6
12 2
72 6
7 2
72 6
12 2
72 6
7 2
72 6
12 2
72 4
12 2
72 4
7 2
72 2
17 2
72 6
12 2
72 6
17 2
72 6
12 2
72 6
17 2
72 6
16 2
72 6
14 2
72 6
19 4
17 4
16 7
72 4
16 2
72 2
17 4
72 4
17 7
14 7
72 4
14 2
72 2
19 7
17 7
16 7
72 4
16 2
72 2
21 4
72 4
19 7
17 7
72 4
17 2
72 2
22 7
34 7
33 7
32 7
31 7
30 7
29 7
28 7
26 6
26 2
24 2
72 2
12 4
17 2
72 9
19 6
31 2
72 2
19 2
72 6
20 11
25 11
24 11
17 11
13 11
15 11
20 11
16 11
26 11
28 11
29 11
32 11
35 11
72 4
35 7
40 13
33 11
72 4
33 7
38 13
19 2
72 10
24 2
72 10
17 11
16 11
14 11
12 11
10 11
7 11
12 2
72 6
7 2
72 6
12 2
72 6
7 2
72 6
12 2
72 6
7 2
72 6
12 2
72 4
12 2
72 4
7 2
72 2
17 2
72 6
12 2
72 6
17 2
72 6
12 2
72 6
17 2
72 6
12 2
72 6
17 2
72 4
12 2
72 2
12 2
17 2
72 2
12 2
72 6
7 2
72 6
12 2
72 6
7 2
72 6
12 2
72 6
7 2
72 6
12 2
72 4
12 2
72 4
7 2
72 2
17 2
72 6
12 2
72 6
17 2
72 6
12 2
72 6
17 2
72 6
16 2
72 6
14 2
72 6
19 4
17 4
16 7
72 4
16 2
72 2
17 4
72 4
17 7
14 7
72 4
14 2
72 2
19 7
17 7
16 7
72 4
16 2
72 2
21 4
72 4
19 7
17 7
72 4
17 2
72 2
22 7
34 7
33 7
32 7
31 7
30 7
29 7
28 7
26 6
26 2
24 2
72 2
12 4
17 2
72 9
19 6
31 2
72 2
19 2
72 6
12 2
72 6
7 2
72 6
12 2
72 6
7 2
72 6
12 2
72 6
7 2
72 6
12 2
72 4
12 2
72 4
7 2
72 2
12 2
72 6
7 2
72 6
12 2
72 6
7 2
72 6
12 2
72 6
7 2
72 6
12 2
72 2
21 2
19 2
72 2
14 2
7 2
72 2
12 2
72 6
7 2
72 6
12 2
72 6
7 2
72 6
12 2
72 6
7 2
72 6
12 2
72 4
12 2
72 4
7 2
72 2
17 2
72 6
12 2
72 6
17 2
72 6
12 2
72 6
17 2
72 6
12 2
72 6
17 2
72 4
12 2
72 2
12 2
17 2
72 2
12 2
72 6
7 2
72 6
12 2
72 6
7 2
72 6
12 2
72 6
7 2
72 6
12 2
72 4
12 2
72 4
7 2
72 2
17 2
72 6
12 2
72 6
17 2
72 6
12 2
72 6
17 2
72 6
16 2
72 6
14 2
72 6
19 4
17 4
16 7
72 4
16 2
72 2
17 4
72 4
17 7
14 7
72 4
14 2
72 2
19 7
17 7
16 7
72 4
16 2
72 2
21 4
72 4
19 7
17 7
72 4
17 2
72 2
22 7
34 7
33 7
32 7
31 7
30 7
29 7
28 7
26 6
26 2
24 2
72 2
12 4
17 2
72 9
19 6
31 2
72 2
19 2
72 6
20 11
25 11
24 11
17 11
13 11
15 11
20 11
16 11
26 11
28 11
29 11
32 11
35 11
72 4
35 7
40 13
33 11
72 4
33 7
38 13
19 2
72 10
24 2
72 10
17 11
16 11
14 11
12 11
10 11
7 11
12 2
72 6
7 2
72 6
12 2
72 6
7 2
72 6
12 2
72 6
7 2
72 6
12 2
72 4
12 2
72 4
7 2
72 2
17 2
72 6
12 2
72 6
17 2
72 6
12 2
72 6
17 2
72 6
12 2
72 6
17 2
72 4
12 2
72 2
12 2
17 2
72 2
12 2
72 6
7 2
72 6
12 2
72 6
7 2
72 6
12 2
72 6
7 2
72 6
12 2
72 4
12 2
72 4
7 2
72 2
17 2
72 6
12 2
72 6
17 2
72 6
12 2
72 6
17 2
72 6
16 2
72 6
14 2
72 6
19 4
17 4
16 7
72 4
16 2
72 2
17 4
72 4
17 7
14 7
72 4
14 2
72 2
19 7
17 7
16 7
72 4
16 2
72 2
21 4
72 4
19 7
17 7
72 4
17 2
72 2
22 7
34 7
33 7
32 7
31 7
30 7
29 7
28 7
26 6
26 2
24 2
72 2
12 4
17 2
72 9
19 6
31 2
72 2
19 2
72 6
12 2
72 6
7 2
72 6
12 2
72 6
7 2
72 6
12 2
72 6
7 2
72 6
12 2
72 4
12 2
72 4
7 2
72 2
12 2
72 6
7 2
72 6
12 2
72 6
7 2
72 6
12 2
72 6
7 2
72 6
12 2
72 2
21 2
19 2
72 2
14 2
7 2
72 2
12 2
72 6
7 2
72 6
12 2
72 6
7 2
72 6
12 2
72 6
7 2
72 6
12 2
72 4
12 2
72 4
7 2
72 2
17 2
72 6
12 2
72 6
17 2
72 6
12 2
72 6
17 2
72 6
12 2
72 6
17 2
72 4
12 2
72 2
12 2
17 2
72 2
12 2
72 6
7 2
72 6
12 2
72 6
7 2
72 6
12 2
72 6
7 2
72 6
12 2
72 4
12 2
72 4
7 2
72 2
17 2
72 6
12 2
72 6
17 2
72 6
12 2
72 6
17 2
72 6
16 2
72 6
14 2
72 6
19 4
17 4
16 7
72 4
16 2
72 2
17 4
72 4
17 7
14 7
72 4
14 2
72 2
19 7
17 7
16 7
72 4
16 2
72 2
21 4
72 4
19 7
17 7
72 4
17 2
72 2
22 7
34 7
33 7
32 7
31 7
30 7
29 7
28 7
26 6
26 2
24 2
72 2
12 4
17 2
72 9
19 6
31 2
72 2
19 2
72 6
20 11
25 11
24 11
17 11
13 11
15 11
20 11
16 11
26 11
28 11
29 11
32 11
35 11
72 4
35 7
40 13
33 11
72 4
33 7
38 13
19 2
72 10
24 2
72 10
17 11
16 11
E
S
H
36 11
38 11
39 11
41 11
72 4
40 2
72 4
40 2
72 4
36 10
72 6
40 2
72 4
40 2
72 4
36 10
72 6
40 2
72 4
40 2
72 4
40 6
40 7
72 6
40 2
72 4
40 2
72 4
40 6
40 7
72 6
40 2
72 4
40 2
72 4
36 10
72 6
40 2
72 4
40 2
72 4
36 10
72 6
40 2
72 4
40 2
72 4
40 6
40 7
72 6
40 2
72 4
38 2
72 4
38 10
72 2
72 4
62 2
59 2
62 2
64 2
62 2
59 2
62 6
64 4
60 4
57 4
72 2
60 2
57 2
60 2
62 2
60 2
57 2
60 6
62 4
59 4
55 4
72 2
62 2
59 2
62 2
64 2
62 2
59 2
62 6
64 4
60 4
57 4
72 2
60 2
57 2
60 2
62 2
60 2
57 2
60 4
50 2
51 2
53 2
55 2
56 2
58 2
36 12
36 7
36 7
38 7
36 7
35 7
29 2
72 9
38 6
38 2
72 2
38 2
72 8
40 2
72 4
40 2
72 4
36 10
72 6
40 2
72 4
40 2
72 4
36 10
72 6
40 2
72 4
40 2
72 4
36 10
72 13
72 12
67 7
64 12
67 7
65 12
69 7
65 12
65 2
67 2
69 4
67 12
67 7
64 12
67 7
65 12
69 7
65 11
69 4
67 4
65 4
62 4
72 6
38 4
36 4
35 4
33 6
32 6
33 4
36 10
72 2
35 11
72 4
29 4
30 4
31 6
72 2
32 4
35 4
33 7
43 4
41 4
43 4
41 11
36 12
72 2
45 7
45 6
72 2
43 6
72 2
41 6
72 2
40 6
52 2
72 9
50 6
50 2
72 2
50 2
72 6
72 2
51 2
55 2
51 2
48 2
44 2
43 2
39 2
36 2
53 2
55 0
72 1
53 0
72 0
49 2
48 2
44 2
41 2
37 2
36 2
38 2
52 2
55 2
52 2
50 2
48 2
47 2
43 2
40 2
52 2
55 0
72 1
52 0
72 0
48 2
47 2
45 2
43 2
40 2
38 2
40 2
53 2
56 2
53 2
49 2
48 2
44 2
41 2
37 2
53 2
58 0
72 1
53 0
72 0
51 2
50 2
46 2
41 2
38 2
34 2
38 2
55 2
58 2
55 2
53 2
51 2
46 2
43 2
39 2
55 2
59 2
55 2
52 2
47 2
55 2
52 2
50 2
47 2
40 2
72 2
38 2
40 2
41 2
45 2
48 4
48 4
72 2
40 2
41 2
43 2
47 2
50 4
50 4
72 2
41 2
43 2
45 2
48 2
52 4
52 4
72 2
43 2
44 2
48 2
53 2
55 4
56 4
72 13
72 4
39 2
72 2
35 2
72 2
32 2
72 2
34 6
39 6
35 2
72 13
37 2
72 2
33 2
72 2
30 2
72 2
32 6
37 6
33 2
72 7
57 6
72 8
52 6
72 2
36 11
38 7
35 7
36 11
38 11
39 11
41 11
72 4
40 2
72 4
40 2
72 4
36 10
72 6
40 2
72 4
40 2
72 4
36 10
72 6
40 2
72 4
40 2
72 4
40 6
40 7
72 6
40 2
72 4
40 2
72 4
40 6
40 7
72 6
40 2
72 4
40 2
72 4
36 10
72 6
40 2
72 4
40 2
72 4
36 10
72 6
40 2
72 4
40 2
72 4
40 6
40 7
72 6
40 2
72 4
38 2
72 4
38 10
72 2
72 4
62 2
59 2
62 2
64 2
62 2
59 2
62 6
64 4
60 4
57 4
72 2
60 2
57 2
60 2
62 2
60 2
57 2
60 6
62 4
59 4
55 4
72 2
62 2
59 2
62 2
64 2
62 2
59 2
62 6
64 4
60 4
57 4
72 2
60 2
57 2
60 2
62 2
60 2
57 2
60 4
50 2
51 2
53 2
55 2
56 2
58 2
36 12
36 7
36 7
38 7
36 7
35 7
29 2
72 9
38 6
38 2
72 2
38 2
72 8
40 2
72 4
40 2
72 4
36 10
72 6
40 2
72 4
40 2
72 4
36 10
72 6
40 2
72 4
40 2
72 4
36 10
72 13
72 12
67 7
64 12
67 7
65 12
69 7
65 12
65 2
67 2
69 4
67 12
67 7
64 12
67 7
65 12
69 7
65 11
69 4
67 4
65 4
62 4
72 6
38 4
36 4
35 4
33 6
32 6
33 4
36 10
72 2
35 11
72 4
29 4
30 4
31 6
72 2
32 4
35 4
33 7
43 4
41 4
43 4
41 11
36 12
72 2
45 7
45 6
72 2
43 6
72 2
41 6
72 2
40 6
52 2
72 9
50 6
50 2
72 2
50 2
72 6
72 2
51 2
55 2
51 2
48 2
44 2
43 2
39 2
36 2
53 2
55 0
72 1
53 0
72 0
49 2
48 2
44 2
41 2
37 2
36 2
38 2
52 2
55 2
52 2
50 2
48 2
47 2
43 2
40 2
52 2
55 0
72 1
52 0
72 0
48 2
47 2
45 2
43 2
40 2
38 2
40 2
53 2
56 2
53 2
49 2
48 2
44 2
41 2
37 2
53 2
58 0
72 1
53 0
72 0
51 2
50 2
46 2
41 2
38 2
34 2
38 2
55 2
58 2
55 2
53 2
51 2
46 2
43 2
39 2
55 2
59 2
55 2
52 2
47 2
55 2
52 2
50 2
47 2
40 2
72 2
38 2
40 2
41 2
45 2
48 4
48 4
72 2
40 2
41 2
43 2
47 2
50 4
50 4
72 2
41 2
43 2
45 2
48 2
52 4
52 4
72 2
43 2
44 2
48 2
53 2
55 4
56 4
72 13
72 4
39 2
72 2
35 2
72 2
32 2
72 2
34 6
39 6
35 2
72 13
37 2
72 2
33 2
72 2
30 2
72 2
32 6
37 6
33 2
72 7
57 6
72 8
52 6
72 2
36 11
38 7
35 7
36 11
38 11
39 11
41 11
72 4
40 2
72 4
40 2
72 4
36 10
72 6
40 2
72 4
40 2
72 4
36 10
72 6
40 2
72 4
40 2
72 4
40 6
40 7
72 6
40 2
72 4
40 2
72 4
40 6
40 7
72 6
40 2
72 4
40 2
72 4
36 10
72 6
40 2
72 4
40 2
72 4
36 10
72 6
40 2
72 4
40 2
72 4
40 6
40 7
72 6
40 2
72 4
38 2
72 4
38 10
72 2
72 4
62 2
59 2
62 2
64 2
62 2
59 2
62 6
64 4
60 4
57 4
72 2
60 2
57 2
60 2
62 2
60 2
57 2
60 6
62 4
59 4
55 4
72 2
62 2
59 2
62 2
64 2
62 2
59 2
62 6
64 4
60 4
57 4
72 2
60 2
57 2
60 2
62 2
60 2
57 2
60 4
50 2
51 2
53 2
55 2
56 2
58 2
36 12
36 7
36 7
38 7
36 7
35 7
29 2
72 9
38 6
38 2
72 2
38 2
72 8
40 2
72 4
40 2
72 4
36 10
72 6
40 2
72 4
40 2
72 4
36 10
72 6
40 2
72 4
40 2
72 4
36 10
72 13
72 12
67 7
64 12
67 7
65 12
69 7
65 12
65 2
67 2
69 4
67 12
67 7
64 12
67 7
65 12
69 7
65 11
69 4
67 4
65 4
62 4
72 6
38 4
36 4
35 4
33 6
32 6
33 4
36 10
72 2
35 11
72 4
29 4
30 4
31 6
72 2
32 4
35 4
33 7
43 4
41 4
43 4
41 11
36 12
72 2
45 7
45 6
72 2
43 6
72 2
41 6
72 2
40 6
52 2
72 9
50 6
50 2
72 2
50 2
72 6
72 2
51 2
55 2
51 2
48 2
44 2
43 2
39 2
36 2
53 2
55 0
72 1
53 0
72 0
49 2
48 2
44 2
41 2
37 2
36 2
38 2
52 2
55 2
52 2
50 2
48 2
47 2
43 2
40 2
52 2
55 0
72 1
52 0
72 0
48 2
47 2
45 2
43 2
40 2
38 2
40 2
53 2
56 2
53 2
49 2
48 2
44 2
41 2
37 2
53 2
58 0
72 1
53 0
72 0
51 2
50 2
46 2
41 2
38 2
34 2
38 2
55 2
58 2
55 2
53 2
51 2
46 2
43 2
39 2
55 2
59 2
55 2
52 2
47 2
55 2
52 2
50 2
47 2
40 2
72 2
38 2
40 2
41 2
45 2
48 4
48 4
72 2
40 2
41 2
43 2
47 2
50 4
50 4
72 2
41 2
43 2
45 2
48 2
52 4
52 4
72 2
43 2
44 2
48 2
53 2
55 4
56 4
72 13
72 4
39 2
72 2
35 2
72 2
32 2
72 2
34 6
39 6
35 2
72 13
37 2
72 2
33 2
72 2
30 2
72 2
32 6
37 6
33 2
72 7
57 6
72 8
52 6
72 2
36 11
38 7
35 7
36 11
38 11
39 11
41 11
72 4
40 2
72 4
40 2
72 4
36 10
72 6
40 2
72 4
40 2
72 4
36 10
72 6
40 2
72 4
40 2
72 4
40 6
40 7
72 6
40 2
72 4
40 2
72 4
40 6
40 7
72 6
40 2
72 4
40 2
72 4
36 10
72 6
40 2
72 4
40 2
72 4
36 10
72 6
40 2
72 4
40 2
72 4
40 6
40 7
72 6
40 2
72 4
38 2
72 4
38 10
72 2
72 4
62 2
59 2
62 2
64 2
62 2
59 2
62 6
64 4
60 4
57 4
72 2
60 2
57 2
60 2
62 2
60 2
57 2
60 6
62 4
59 4
55 4
72 2
62 2
59 2
62 2
64 2
62 2
59 2
62 6
64 4
60 4
57 4
72 2
60 2
57 2
60 2
62 2
60 2
57 2
60 4
50 2
51 2
53 2
55 2
56 2
58 2
36 12
36 7
36 7
38 7
36 7
35 7
29 2
72 9
38 6
38 2
72 2
38 2
72 8
40 2
72 4
40 2
72 4
36 10
72 6
40 2
72 4
40 2
72 4
36 10
72 6
40 2
72 4
40 2
72 4
36 10
72 13
72 12
67 7
64 12
67 7
65 12
69 7
65 12
65 2
67 2
69 4
67 12
67 7
64 12
67 7
65 12
69 7
65 11
69 4
67 4
65 4
62 4
72 6
38 4
36 4
35 4
33 6
32 6
33 4
36 10
72 2
35 11
72 4
29 4
30 4
31 6
72 2
32 4
35 4
33 7
43 4
41 4
43 4
41 11
36 12
72 2
45 7
45 6
72 2
43 6
72 2
41 6
72 2
40 6
52 2
72 9
50 6
50 2
72 2
50 2
72 6
72 2
51 2
55 2
51 2
48 2
44 2
43 2
39 2
36 2
53 2
55 0
72 1
53 0
72 0
49 2
48 2
44 2
41 2
37 2
36 2
38 2
52 2
55 2
52 2
50 2
48 2
47 2
43 2
40 2
52 2
55 0
72 1
52 0
72 0
48 2
47 2
45 2
43 2
40 2
38 2
40 2
53 2
56 2
53 2
49 2
48 2
44 2
41 2
37 2
53 2
58 0
72 1
53 0
72 0
51 2
50 2
46 2
41 2
38 2
34 2
38 2
55 2
58 2
55 2
53 2
51 2
46 2
43 2
39 2
55 2
59 2
55 2
52 2
47 2
55 2
52 2
50 2
47 2
40 2
72 2
38 2
40 2
41 2
45 2
48 4
48 4
72 2
40 2
41 2
43 2
47 2
50 4
50 4
72 2
41 2
43 2
45 2
48 2
52 4
52 4
72 2
43 2
44 2
48 2
53 2
55 4
56 4
72 13
72 4
39 2
72 2
35 2
72 2
32 2
72 2
34 6
39 6
35 2
72 13
37 2
72 2
33 2
72 2
30 2
72 2
32 6
37 6
33 2
72 7
57 6
72 8
52 6
72 2
36 11
38 7
35 7
E
S
H
41 11
43 11
44 11
45 11
72 4
36 2
72 4
36 2
72 4
35 6
35 7
72 6
36 2
72 4
36 2
72 4
35 6
35 7
72 6
38 2
72 4
36 2
72 4
36 10
72 6
38 2
72 4
36 2
72 4
36 10
72 6
36 2
72 4
36 2
72 4
35 6
35 7
72 6
36 2
72 4
36 2
72 4
35 6
35 7
72 6
38 2
72 4
36 2
72 4
36 10
72 6
38 2
72 4
36 2
72 4
33 7
33 7
72 4
38 4
36 4
35 4
33 6
32 6
33 4
36 10
72 2
35 10
72 6
29 4
30 4
31 6
72 2
32 4
35 4
33 7
43 4
41 4
43 4
45 6
72 2
44 6
72 2
45 12
45 7
45 7
43 7
41 7
40 7
52 2
72 9
36 6
36 2
72 2
31 2
72 8
36 2
72 4
36 2
72 4
35 6
35 7
72 6
36 2
72 4
36 2
72 4
35 6
35 7
72 6
36 2
72 4
36 2
72 4
35 6
35 7
72 12
42 2
43 2
47 2
50 2
54 4
55 2
57 2
55 2
72 2
54 2
55 6
59 4
54 2
55 7
72 4
55 2
57 2
55 2
54 2
55 2
72 2
59 6
54 2
55 4
57 2
55 2
52 2
53 2
72 2
53 2
72 2
53 4
45 2
45 11
72 6
53 7
53 2
72 2
57 4
55 2
53 2
72 2
52 4
72 2
55 2
57 2
55 2
72 2
54 2
55 6
59 4
54 2
55 7
72 4
55 2
57 2
55 2
54 2
55 2
72 2
59 6
54 2
55 4
55 2
57 2
59 2
57 2
72 2
57 2
72 2
59 2
60 2
72 2
53 11
72 6
38 7
40 2
72 2
41 2
72 2
43 2
72 2
45 2
47 6
72 4
38 4
36 4
35 4
33 6
32 6
33 4
36 10
72 2
35 10
72 6
29 4
30 4
31 6
72 2
32 4
35 4
33 7
43 4
41 4
43 4
41 10
72 2
36 12
72 2
45 6
72 2
45 6
72 2
43 6
72 2
41 6
72 2
40 6
72 2
33 2
72 9
48 6
48 2
72 2
43 2
72 6
51 2
55 2
51 2
48 2
44 2
43 2
39 2
36 2
53 2
55 0
72 0
53 0
72 1
49 2
48 2
44 2
41 2
37 2
36 2
37 2
52 2
55 2
52 2
50 2
48 2
47 2
43 2
40 2
52 2
55 0
72 0
52 0
72 1
48 2
47 2
45 2
43 2
40 2
38 2
40 2
53 2
56 2
53 2
49 2
48 2
44 2
41 2
37 2
53 2
58 0
72 0
53 0
72 1
51 2
50 2
46 2
41 2
38 2
34 2
38 2
55 2
58 2
55 2
53 2
51 2
46 2
43 2
39 2
55 2
59 2
55 2
52 2
47 2
55 2
52 2
50 2
47 2
40 2
72 3
38 2
40 2
41 2
45 2
48 4
48 4
72 3
40 2
41 2
43 2
47 2
50 4
50 4
72 3
41 2
43 2
45 2
48 2
52 4
52 4
72 3
43 2
44 2
48 2
53 2
55 4
56 4
72 13
72 4
39 2
72 2
35 2
72 2
32 2
72 2
34 6
39 6
35 2
72 13
37 2
72 2
33 2
72 2
30 2
72 2
32 6
37 6
33 2
72 2
41 6
72 2
59 6
72 2
43 6
72 2
60 6
72 2
72 4
43 2
72 2
45 2
72 2
47 2
72 2
48 2
72 2
50 2
72 2
52 2
72 2
53 2
72 2
41 11
43 11
44 11
45 11
72 4
36 2
72 4
36 2
72 4
35 6
35 7
72 6
36 2
72 4
36 2
72 4
35 6
35 7
72 6
38 2
72 4
36 2
72 4
36 10
72 6
38 2
72 4
36 2
72 4
36 10
72 6
36 2
72 4
36 2
72 4
35 6
35 7
72 6
36 2
72 4
36 2
72 4
35 6
35 7
72 6
38 2
72 4
36 2
72 4
36 10
72 6
38 2
72 4
36 2
72 4
33 7
33 7
72 4
38 4
36 4
35 4
33 6
32 6
33 4
36 10
72 2
35 10
72 6
29 4
30 4
31 6
72 2
32 4
35 4
33 7
43 4
41 4
43 4
45 6
72 2
44 6
72 2
45 12
45 7
45 7
43 7
41 7
40 7
52 2
72 9
36 6
36 2
72 2
31 2
72 8
36 2
72 4
36 2
72 4
35 6
35 7
72 6
36 2
72 4
36 2
72 4
35 6
35 7
72 6
36 2
72 4
36 2
72 4
35 6
35 7
72 12
42 2
43 2
47 2
50 2
54 4
55 2
57 2
55 2
72 2
54 2
55 6
59 4
54 2
55 7
72 4
55 2
57 2
55 2
54 2
55 2
72 2
59 6
54 2
55 4
57 2
55 2
52 2
53 2
72 2
53 2
72 2
53 4
45 2
45 11
72 6
53 7
53 2
72 2
57 4
55 2
53 2
72 2
52 4
72 2
55 2
57 2
55 2
72 2
54 2
55 6
59 4
54 2
55 7
72 4
55 2
57 2
55 2
54 2
55 2
72 2
59 6
54 2
55 4
55 2
57 2
59 2
57 2
72 2
57 2
72 2
59 2
60 2
72 2
53 11
72 6
38 7
40 2
72 2
41 2
72 2
43 2
72 2
45 2
47 6
72 4
38 4
36 4
35 4
33 6
32 6
33 4
36 10
72 2
35 10
72 6
29 4
30 4
31 6
72 2
32 4
35 4
33 7
43 4
41 4
43 4
41 10
72 2
36 12
72 2
45 6
72 2
45 6
72 2
43 6
72 2
41 6
72 2
40 6
72 2
33 2
72 9
48 6
48 2
72 2
43 2
72 6
51 2
55 2
51 2
48 2
44 2
43 2
39 2
36 2
53 2
55 0
72 0
53 0
72 1
49 2
48 2
44 2
41 2
37 2
36 2
37 2
52 2
55 2
52 2
50 2
48 2
47 2
43 2
40 2
52 2
55 0
72 0
52 0
72 1
48 2
47 2
45 2
43 2
40 2
38 2
40 2
53 2
56 2
53 2
49 2
48 2
44 2
41 2
37 2
53 2
58 0
72 0
53 0
72 1
51 2
50 2
46 2
41 2
38 2
34 2
38 2
55 2
58 2
55 2
53 2
51 2
46 2
43 2
39 2
55 2
59 2
55 2
52 2
47 2
55 2
52 2
50 2
47 2
40 2
72 3
38 2
40 2
41 2
45 2
48 4
48 4
72 3
40 2
41 2
43 2
47 2
50 4
50 4
72 3
41 2
43 2
45 2
48 2
52 4
52 4
72 3
43 2
44 2
48 2
53 2
55 4
56 4
72 13
72 4
39 2
72 2
35 2
72 2
32 2
72 2
34 6
39 6
35 2
72 13
37 2
72 2
33 2
72 2
30 2
72 2
32 6
37 6
33 2
72 2
41 6
72 2
59 6
72 2
43 6
72 2
60 6
72 2
72 4
43 2
72 2
45 2
72 2
47 2
72 2
48 2
72 2
50 2
72 2
52 2
72 2
53 2
72 2
41 11
43 11
44 11
45 11
72 4
36 2
72 4
36 2
72 4
35 6
35 7
72 6
36 2
72 4
36 2
72 4
35 6
35 7
72 6
38 2
72 4
36 2
72 4
36 10
72 6
38 2
72 4
36 2
72 4
36 10
72 6
36 2
72 4
36 2
72 4
35 6
35 7
72 6
36 2
72 4
36 2
72 4
35 6
35 7
72 6
38 2
72 4
36 2
72 4
36 10
72 6
38 2
72 4
36 2
72 4
33 7
33 7
72 4
38 4
36 4
35 4
33 6
32 6
33 4
36 10
72 2
35 10
72 6
29 4
30 4
31 6
72 2
32 4
35 4
33 7
43 4
41 4
43 4
45 6
72 2
44 6
72 2
45 12
45 7
45 7
43 7
41 7
40 7
52 2
72 9
36 6
36 2
72 2
31 2
72 8
36 2
72 4
36 2
72 4
35 6
35 7
72 6
36 2
72 4
36 2
72 4
35 6
35 7
72 6
36 2
72 4
36 2
72 4
35 6
35 7
72 12
42 2
43 2
47 2
50 2
54 4
55 2
57 2
55 2
72 2
54 2
55 6
59 4
54 2
55 7
72 4
55 2
57 2
55 2
54 2
55 2
72 2
59 6
54 2
55 4
57 2
55 2
52 2
53 2
72 2
53 2
72 2
53 4
45 2
45 11
72 6
53 7
53 2
72 2
57 4
55 2
53 2
72 2
52 4
72 2
55 2
57 2
55 2
72 2
54 2
55 6
59 4
54 2
55 7
72 4
55 2
57 2
55 2
54 2
55 2
72 2
59 6
54 2
55 4
55 2
57 2
59 2
57 2
72 2
57 2
72 2
59 2
60 2
72 2
53 11
72 6
38 7
40 2
72 2
41 2
72 2
43 2
72 2
45 2
47 6
72 4
38 4
36 4
35 4
33 6
32 6
33 4
36 10
72 2
35 10
72 6
29 4
30 4
31 6
72 2
32 4
35 4
33 7
43 4
41 4
43 4
41 10
72 2
36 12
72 2
45 6
72 2
45 6
72 2
43 6
72 2
41 6
72 2
40 6
72 2
33 2
72 9
48 6
48 2
72 2
43 2
72 6
51 2
55 2
51 2
48 2
44 2
43 2
39 2
36 2
53 2
55 0
72 0
53 0
72 1
49 2
48 2
44 2
41 2
37 2
36 2
37 2
52 2
55 2
52 2
50 2
48 2
47 2
43 2
40 2
52 2
55 0
72 0
52 0
72 1
48 2
47 2
45 2
43 2
40 2
38 2
40 2
53 2
56 2
53 2
49 2
48 2
44 2
41 2
37 2
53 2
58 0
72 0
53 0
72 1
51 2
50 2
46 2
41 2
38 2
34 2
38 2
55 2
58 2
55 2
53 2
51 2
46 2
43 2
39 2
55 2
59 2
55 2
52 2
47 2
55 2
52 2
50 2
47 2
40 2
72 3
38 2
40 2
41 2
45 2
48 4
48 4
72 3
40 2
41 2
43 2
47 2
50 4
50 4
72 3
41 2
43 2
45 2
48 2
52 4
52 4
72 3
43 2
44 2
48 2
53 2
55 4
56 4
72 13
72 4
39 2
72 2
35 2
72 2
32 2
72 2
34 6
39 6
35 2
72 13
37 2
72 2
33 2
72 2
30 2
72 2
32 6
37 6
33 2
72 2
41 6
72 2
59 6
72 2
43 6
72 2
60 6
72 2
72 4
43 2
72 2
45 2
72 2
47 2
72 2
48 2
72 2
50 2
72 2
52 2
72 2
53 2
72 2
41 11
43 11
44 11
45 11
72 4
36 2
72 4
36 2
72 4
35 6
35 7
72 6
36 2
72 4
36 2
72 4
35 6
35 7
72 6
38 2
72 4
36 2
72 4
36 10
72 6
38 2
72 4
36 2
72 4
36 10
72 6
36 2
72 4
36 2
72 4
35 6
35 7
72 6
36 2
72 4
36 2
72 4
35 6
35 7
72 6
38 2
72 4
36 2
72 4
36 10
72 6
38 2
72 4
36 2
72 4
33 7
33 7
72 4
38 4
36 4
35 4
33 6
32 6
33 4
36 10
72 2
35 10
72 6
29 4
30 4
31 6
72 2
32 4
35 4
33 7
43 4
41 4
43 4
45 6
72 2
44 6
72 2
45 12
45 7
45 7
43 7
41 7
40 7
52 2
72 9
36 6
36 2
72 2
31 2
72 8
36 2
72 4
36 2
72 4
35 6
35 7
72 6
36 2
72 4
36 2
72 4
35 6
35 7
72 6
36 2
72 4
36 2
72 4
35 6
35 7
72 12
42 2
43 2
47 2
50 2
54 4
55 2
57 2
55 2
72 2
54 2
55 6
59 4
54 2
55 7
72 4
55 2
57 2
55 2
54 2
55 2
72 2
59 6
54 2
55 4
57 2
55 2
52 2
53 2
72 2
53 2
72 2
53 4
45 2
45 11
72 6
53 7
53 2
72 2
57 4
55 2
53 2
72 2
52 4
72 2
55 2
57 2
55 2
72 2
54 2
55 6
59 4
54 2
55 7
72 4
55 2
57 2
55 2
54 2
55 2
72 2
59 6
54 2
55 4
55 2
57 2
59 2
57 2
72 2
57 2
72 2
59 2
60 2
72 2
53 11
72 6
38 7
40 2
72 2
41 2
72 2
43 2
72 2
45 2
47 6
72 4
38 4
36 4
35 4
33 6
32 6
33 4
36 10
72 2
35 10
72 6
29 4
30 4
31 6
72 2
32 4
35 4
33 7
43 4
41 4
43 4
41 10
72 2
36 12
72 2
45 6
72 2
45 6
72 2
43 6
72 2
41 6
72 2
40 6
72 2
33 2
72 9
48 6
48 2
72 2
43 2
72 6
51 2
55 2
51 2
48 2
44 2
43 2
39 2
36 2
53 2
55 0
72 0
53 0
72 1
49 2
48 2
44 2
41 2
37 2
36 2
37 2
52 2
55 2
52 2
50 2
48 2
47 2
43 2
40 2
52 2
55 0
72 0
52 0
72 1
48 2
47 2
45 2
43 2
40 2
38 2
40 2
53 2
56 2
53 2
49 2
48 2
44 2
41 2
37 2
53 2
58 0
72 0
53 0
72 1
51 2
50 2
46 2
41 2
38 2
34 2
38 2
55 2
58 2
55 2
53 2
51 2
46 2
43 2
39 2
55 2
59 2
55 2
52 2
47 2
55 2
52 2
50 2
47 2
40 2
72 3
38 2
40 2
41 2
45 2
48 4
48 4
72 3
40 2
41 2
43 2
47 2
50 4
50 4
72 3
41 2
43 2
45 2
48 2
52 4
52 4
72 3
43 2
44 2
48 2
53 2
55 4
56 4
72 13
72 4
39 2
72 2
35 2
72 2
32 2
72 2
34 6
39 6
35 2
72 13
37 2
72 2
33 2
72 2
30 2
72 2
32 6
37 6
33 2
72 2
41 6
72 2
59 6
72 2
43 6
72 2
60 6
72 2
72 4
43 2
72 2
45 2
72 2
47 2
72 2
48 2
72 2
50 2
72 2
52 2
72 2
53 2
E
S
H
72 6
60 4
57 4
53 4
52 4
53 4
54 4
55 4
53 4
51 4
44 4
46 2
48 9
72 2
50 2
72 6
43 2
72 4
42 2
72 4
40 10
72 6
43 2
72 4
42 2
72 4
40 10
72 6
43 2
72 4
43 2
72 4
45 10
72 6
43 2
72 4
43 2
72 4
45 10
72 6
43 2
72 4
42 2
72 4
40 10
72 6
43 2
72 4
42 2
72 4
40 10
72 6
43 2
72 4
43 2
72 4
45 10
72 6
43 2
72 4
43 2
72 4
43 10
72 6
38 4
36 4
35 4
33 6
32 6
33 4
36 10
72 2
35 10
72 6
29 4
30 4
31 6
72 2
32 4
35 4
33 7
43 4
41 4
43 4
45 6
72 2
44 6
72 2
45 12
45 7
45 7
43 7
41 7
40 7
52 2
72 9
43 6
42 2
72 2
41 2
72 8
43 2
72 4
42 2
72 4
40 10
72 6
43 2
72 4
42 2
72 4
40 10
72 6
43 2
72 4
42 2
72 4
40 10
72 4
35 2
36 2
40 2
42 2
43 2
47 2
48 2
52 2
50 2
45 2
47 2
50 2
54 2
57 2
58 2
59 2
60 2
59 2
72 2
58 2
59 6
62 4
57 2
59 7
72 4
59 2
60 2
59 2
58 2
59 2
72 2
64 6
57 2
59 4
60 2
59 2
55 2
57 2
72 2
57 2
72 2
57 4
48 2
50 11
72 6
57 7
55 2
72 2
60 4
59 2
57 2
72 2
55 4
72 2
59 2
60 2
59 2
72 2
58 2
59 6
62 4
57 2
59 7
72 4
59 2
60 2
59 2
58 2
59 2
72 2
64 6
57 2
59 4
59 2
60 2
62 2
60 2
72 2
60 2
72 2
62 2
64 2
72 2
57 11
72 6
41 7
43 2
72 2
45 2
72 2
47 2
72 2
48 2
50 6
52 11
62 4
60 4
59 4
57 9
55 4
53 7
57 7
55 11
65 4
64 4
62 4
60 11
57 7
56 7
57 14
59 4
60 2
72 9
55 6
54 2
72 2
53 2
72 6
72 4
36 4
39 4
43 4
41 6
39 6
41 4
43 6
72 2
40 2
72 2
43 11
72 6
32 4
36 4
39 4
41 6
46 6
44 4
43 13
72 2
72 4
65 4
69 4
60 4
71 6
70 6
71 4
62 6
60 6
67 4
65 7
63 7
56 8
72 1
56 2
55 2
54 2
53 4
54 6
72 2
55 4
56 13
72 2
54 8
72 1
54 2
53 2
52 2
51 4
52 6
72 2
53 4
54 13
72 2
45 6
47 2
52 2
72 6
47 6
48 2
55 6
72 6
52 2
72 2
53 2
72 2
55 2
72 2
57 2
72 2
59 2
72 2
60 2
72 2
62 2
72 6
60 4
57 4
53 4
52 4
53 4
54 4
55 4
53 4
51 4
44 4
46 2
48 9
72 2
50 2
72 6
43 2
72 4
42 2
72 4
40 10
72 6
43 2
72 4
42 2
72 4
40 10
72 6
43 2
72 4
43 2
72 4
45 10
72 6
43 2
72 4
43 2
72 4
45 10
72 6
43 2
72 4
42 2
72 4
40 10
72 6
43 2
72 4
42 2
72 4
40 10
72 6
43 2
72 4
43 2
72 4
45 10
72 6
43 2
72 4
43 2
72 4
43 10
72 6
38 4
36 4
35 4
33 6
32 6
33 4
36 10
72 2
35 10
72 6
29 4
30 4
31 6
72 2
32 4
35 4
33 7
43 4
41 4
43 4
45 6
72 2
44 6
72 2
45 12
45 7
45 7
43 7
41 7
40 7
52 2
72 9
43 6
42 2
72 2
41 2
72 8
43 2
72 4
42 2
72 4
40 10
72 6
43 2
72 4
42 2
72 4
40 10
72 6
43 2
72 4
42 2
72 4
40 10
72 4
35 2
36 2
40 2
42 2
43 2
47 2
48 2
52 2
50 2
45 2
47 2
50 2
54 2
57 2
58 2
59 2
60 2
59 2
72 2
58 2
59 6
62 4
57 2
59 7
72 4
59 2
60 2
59 2
58 2
59 2
72 2
64 6
57 2
59 4
60 2
59 2
55 2
57 2
72 2
57 2
72 2
57 4
48 2
50 11
72 6
57 7
55 2
72 2
60 4
59 2
57 2
72 2
55 4
72 2
59 2
60 2
59 2
72 2
58 2
59 6
62 4
57 2
59 7
72 4
59 2
60 2
59 2
58 2
59 2
72 2
64 6
57 2
59 4
59 2
60 2
62 2
60 2
72 2
60 2
72 2
62 2
64 2
72 2
57 11
72 6
41 7
43 2
72 2
45 2
72 2
47 2
72 2
48 2
50 6
52 11
62 4
60 4
59 4
57 9
55 4
53 7
57 7
55 11
65 4
64 4
62 4
60 11
57 7
56 7
57 14
59 4
60 2
72 9
55 6
54 2
72 2
53 2
72 6
72 4
36 4
39 4
43 4
41 6
39 6
41 4
43 6
72 2
40 2
72 2
43 11
72 6
32 4
36 4
39 4
41 6
46 6
44 4
43 13
72 2
72 4
65 4
69 4
60 4
71 6
70 6
71 4
62 6
60 6
67 4
65 7
63 7
56 8
72 1
56 2
55 2
54 2
53 4
54 6
72 2
55 4
56 13
72 2
54 8
72 1
54 2
53 2
52 2
51 4
52 6
72 2
53 4
54 13
72 2
45 6
47 2
52 2
72 6
47 6
48 2
55 6
72 6
52 2
72 2
53 2
72 2
55 2
72 2
57 2
72 2
59 2
72 2
60 2
72 2
62 2
72 6
60 4
57 4
53 4
52 4
53 4
54 4
55 4
53 4
51 4
44 4
46 2
48 9
72 2
50 2
72 6
43 2
72 4
42 2
72 4
40 10
72 6
43 2
72 4
42 2
72 4
40 10
72 6
43 2
72 4
43 2
72 4
45 10
72 6
43 2
72 4
43 2
72 4
45 10
72 6
43 2
72 4
42 2
72 4
40 10
72 6
43 2
72 4
42 2
72 4
40 10
72 6
43 2
72 4
43 2
72 4
45 10
72 6
43 2
72 4
43 2
72 4
43 10
72 6
38 4
36 4
35 4
33 6
32 6
33 4
36 10
72 2
35 10
72 6
29 4
30 4
31 6
72 2
32 4
35 4
33 7
43 4
41 4
43 4
45 6
72 2
44 6
72 2
45 12
45 7
45 7
43 7
41 7
40 7
52 2
72 9
43 6
42 2
72 2
41 2
72 8
43 2
72 4
42 2
72 4
40 10
72 6
43 2
72 4
42 2
72 4
40 10
72 6
43 2
72 4
42 2
72 4
40 10
72 4
35 2
36 2
40 2
42 2
43 2
47 2
48 2
52 2
50 2
45 2
47 2
50 2
54 2
57 2
58 2
59 2
60 2
59 2
72 2
58 2
59 6
62 4
57 2
59 7
72 4
59 2
60 2
59 2
58 2
59 2
72 2
64 6
57 2
59 4
60 2
59 2
55 2
57 2
72 2
57 2
72 2
57 4
48 2
50 11
72 6
57 7
55 2
72 2
60 4
59 2
57 2
72 2
55 4
72 2
59 2
60 2
59 2
72 2
58 2
59 6
62 4
57 2
59 7
72 4
59 2
60 2
59 2
58 2
59 2
72 2
64 6
57 2
59 4
59 2
60 2
62 2
60 2
72 2
60 2
72 2
62 2
64 2
72 2
57 11
72 6
41 7
43 2
72 2
45 2
72 2
47 2
72 2
48 2
50 6
52 11
62 4
60 4
59 4
57 9
55 4
53 7
57 7
55 11
65 4
64 4
62 4
60 11
57 7
56 7
57 14
59 4
60 2
72 9
55 6
54 2
72 2
53 2
72 6
72 4
36 4
39 4
43 4
41 6
39 6
41 4
43 6
72 2
40 2
72 2
43 11
72 6
32 4
36 4
39 4
41 6
46 6
44 4
43 13
72 2
72 4
65 4
69 4
60 4
71 6
70 6
71 4
62 6
60 6
67 4
65 7
63 7
56 8
72 1
56 2
55 2
54 2
53 4
54 6
72 2
55 4
56 13
72 2
54 8
72 1
54 2
53 2
52 2
51 4
52 6
72 2
53 4
54 13
72 2
45 6
47 2
52 2
72 6
47 6
48 2
55 6
72 6
52 2
72 2
53 2
72 2
55 2
72 2
57 2
72 2
59 2
72 2
60 2
72 2
62 2
72 6
60 4
57 4
53 4
52 4
53 4
54 4
55 4
53 4
51 4
44 4
46 2
48 9
72 2
50 2
72 6
43 2
72 4
42 2
72 4
40 10
72 6
43 2
72 4
42 2
72 4
40 10
72 6
43 2
72 4
43 2
72 4
45 10
72 6
43 2
72 4
43 2
72 4
45 10
72 6
43 2
72 4
42 2
72 4
40 10
72 6
43 2
72 4
42 2
72 4
40 10
72 6
43 2
72 4
43 2
72 4
45 10
72 6
43 2
72 4
43 2
72 4
43 10
72 6
38 4
36 4
35 4
33 6
32 6
33 4
36 10
72 2
35 10
72 6
29 4
30 4
31 6
72 2
32 4
35 4
33 7
43 4
41 4
43 4
45 6
72 2
44 6
72 2
45 12
45 7
45 7
43 7
41 7
40 7
52 2
72 9
43 6
42 2
72 2
41 2
72 8
43 2
72 4
42 2
72 4
40 10
72 6
43 2
72 4
42 2
72 4
40 10
72 6
43 2
72 4
42 2
72 4
40 10
72 4
35 2
36 2
40 2
42 2
43 2
47 2
48 2
52 2
50 2
45 2
47 2
50 2
54 2
57 2
58 2
59 2
60 2
59 2
72 2
58 2
59 6
62 4
57 2
59 7
72 4
59 2
60 2
59 2
58 2
59 2
72 2
64 6
57 2
59 4
60 2
59 2
55 2
57 2
72 2
57 2
72 2
57 4
48 2
50 11
72 6
57 7
55 2
72 2
60 4
59 2
57 2
72 2
55 4
72 2
59 2
60 2
59 2
72 2
58 2
59 6
62 4
57 2
59 7
72 4
59 2
60 2
59 2
58 2
59 2
72 2
64 6
57 2
59 4
59 2
60 2
62 2
60 2
72 2
60 2
72 2
62 2
64 2
72 2
57 11
72 6
41 7
43 2
72 2
45 2
72 2
47 2
72 2
48 2
50 6
52 11
62 4
60 4
59 4
57 9
55 4
53 7
57 7
55 11
65 4
64 4
62 4
60 11
57 7
56 7
57 14
59 4
60 2
72 9
55 6
54 2
72 2
53 2
72 6
72 4
36 4
39 4
43 4
41 6
39 6
41 4
43 6
72 2
40 2
72 2
43 11
72 6
32 4
36 4
39 4
41 6
46 6
44 4
43 13
72 2
72 4
65 4
69 4
60 4
71 6
70 6
71 4
62 6
60 6
67 4
65 7
63 7
56 8
72 1
56 2
55 2
54 2
53 4
54 6
72 2
55 4
56 13
72 2
54 8
72 1
54 2
53 2
52 2
51 4
52 6
72 2
53 4
54 13
72 2
45 6
47 2
52 2
72 6
47 6
48 2
55 6
72 6
52 2
72 2
53 2
72 2
55 2
72 2
57 2
72 2
59 2
72 2
60 2
72 2
62 2
E
S
L
33 11
35 11
36 11
36 7
35 7
72 4
189 2
72 6
189 2
72 6
189 2
72 6
189 2
72 6
189 2
72 6
189 2
72 6
189 2
72 4
189 2
72 7
214 2
72 6
214 2
72 6
214 2
72 6
214 2
72 6
214 2
72 6
214 2
72 6
214 2
72 6
33 2
72 6
189 2
72 6
189 2
72 6
189 2
72 6
189 2
72 6
189 2
72 6
189 2
72 6
189 2
72 4
189 2
72 7
214 2
72 6
214 2
72 6
214 2
72 6
214 2
72 6
214 2
72 6
189 2
72 6
163 2
72 14
189 2
72 6
189 2
72 6
189 2
72 6
189 2
72 6
189 2
72 6
189 2
72 6
189 2
72 4
189 2
72 7
189 2
72 6
189 2
72 6
189 2
72 6
189 2
72 6
189 2
72 6
189 2
72 12
189 2
72 6
189 2
72 6
189 2
72 6
189 2
72 6
189 2
72 6
189 2
72 6
189 2
72 4
189 2
72 7
214 2
72 6
214 2
72 6
214 2
72 6
214 2
72 6
214 2
72 6
214 2
72 6
214 2
72 6
33 2
72 6
189 2
72 6
189 2
72 6
189 2
72 6
189 2
72 6
189 2
72 6
189 2
72 6
189 2
72 4
189 2
72 7
214 2
72 6
214 2
72 6
214 2
72 6
214 2
72 6
214 2
72 6
189 2
72 6
163 2
72 14
33 11
31 11
33 11
35 11
36 11
36 7
35 7
72 4
189 2
72 6
189 2
72 6
189 2
72 6
189 2
72 6
189 2
72 6
189 2
72 6
189 2
72 4
189 2
72 7
214 2
72 6
214 2
72 6
214 2
72 6
214 2
72 6
214 2
72 6
214 2
72 6
214 2
72 6
33 2
72 6
189 2
72 6
189 2
72 6
189 2
72 6
189 2
72 6
189 2
72 6
189 2
72 6
189 2
72 4
189 2
72 7
214 2
72 6
214 2
72 6
214 2
72 6
214 2
72 6
214 2
72 6
189 2
72 6
163 2
72 14
189 2
72 6
189 2
72 6
189 2
72 6
189 2
72 6
189 2
72 6
189 2
72 6
189 2
72 4
189 2
72 7
189 2
72 6
189 2
72 6
189 2
72 6
189 2
72 6
189 2
72 6
189 2
72 12
189 2
72 6
189 2
72 6
189 2
72 6
189 2
72 6
189 2
72 6
189 2
72 6
189 2
72 4
189 2
72 7
214 2
72 6
214 2
72 6
214 2
72 6
214 2
72 6
214 2
72 6
214 2
72 6
214 2
72 6
33 2
72 6
189 2
72 6
189 2
72 6
189 2
72 6
189 2
72 6
189 2
72 6
189 2
72 6
189 2
72 4
189 2
72 7
214 2
72 6
214 2
72 6
214 2
72 6
214 2
72 6
214 2
72 6
189 2
72 6
163 2
72 14
33 11
31 11
33 11
35 11
36 11
36 7
35 7
72 4
189 2
72 6
189 2
72 6
189 2
72 6
189 2
72 6
189 2
72 6
189 2
72 6
189 2
72 4
189 2
72 7
214 2
72 6
214 2
72 6
214 2
72 6
214 2
72 6
214 2
72 6
214 2
72 6
214 2
72 6
33 2
72 6
189 2
72 6
189 2
72 6
189 2
72 6
189 2
72 6
189 2
72 6
189 2
72 6
189 2
72 4
189 2
72 7
214 2
72 6
214 2
72 6
214 2
72 6
214 2
72 6
214 2
72 6
189 2
72 6
163 2
72 14
189 2
72 6
189 2
72 6
189 2
72 6
189 2
72 6
189 2
72 6
189 2
72 6
189 2
72 4
189 2
72 7
189 2
72 6
189 2
72 6
189 2
72 6
189 2
72 6
189 2
72 6
189 2
72 12
189 2
72 6
189 2
72 6
189 2
72 6
189 2
72 6
189 2
72 6
189 2
72 6
189 2
72 4
189 2
72 7
214 2
72 6
214 2
72 6
214 2
72 6
214 2
72 6
214 2
72 6
214 2
72 6
214 2
72 6
33 2
72 6
189 2
72 6
189 2
72 6
189 2
72 6
189 2
72 6
189 2
72 6
189 2
72 6
189 2
72 4
189 2
72 7
214 2
72 6
214 2
72 6
214 2
72 6
214 2
72 6
214 2
72 6
189 2
72 6
163 2
72 14
33 11
31 11
33 11
35 11
36 11
36 7
35 7
72 4
189 2
72 6
189 2
72 6
189 2
72 6
189 2
72 6
189 2
72 6
189 2
72 6
189 2
72 4
189 2
72 7
214 2
72 6
214 2
72 6
214 2
72 6
214 2
72 6
214 2
72 6
214 2
72 6
214 2
72 6
33 2
72 6
189 2
72 6
189 2
72 6
189 2
72 6
189 2
72 6
189 2
72 6
189 2
72 6
189 2
72 4
189 2
72 7
214 2
72 6
214 2
72 6
214 2
72 6
214 2
72 6
214 2
72 6
189 2
72 6
163 2
72 14
189 2
72 6
189 2
72 6
189 2
72 6
189 2
72 6
189 2
72 6
189 2
72 6
189 2
72 4
189 2
72 7
189 2
72 6
189 2
72 6
189 2
72 6
189 2
72 6
189 2
72 6
189 2
72 12
189 2
72 6
189 2
72 6
189 2
72 6
189 2
72 6
189 2
72 6
189 2
72 6
189 2
72 4
189 2
72 7
214 2
72 6
214 2
72 6
214 2
72 6
214 2
72 6
214 2
72 6
214 2
72 6
214 2
72 6
33 2
72 6
189 2
72 6
189 2
72 6
189 2
72 6
189 2
72 6
189 2
72 6
189 2
72 6
189 2
72 4
189 2
72 7
214 2
72 6
214 2
72 6
214 2
72 6
214 2
72 6
214 2
72 6
189 2
72 6
163 2
72 14
33 11
31 11
E
S
H
36 11
38 11
39 11
41 11
47 2
48 2
47 2
72 2
46 2
47 6
50 4
45 2
47 7
72 4
47 2
48 2
47 2
46 2
47 2
72 2
52 6
45 2
47 4
48 2
47 2
43 2
45 2
72 2
45 2
72 2
45 4
36 2
38 10
40 2
38 2
72 4
45 7
43 2
72 2
48 4
47 2
45 2
72 2
43 6
47 2
48 2
47 2
72 2
46 2
47 6
50 4
45 2
47 7
72 4
47 2
48 2
47 2
46 2
47 2
72 2
52 6
45 2
47 4
47 2
48 2
50 2
48 2
72 2
48 2
72 2
50 2
52 2
72 2
45 11
72 6
38 7
40 2
72 2
41 2
72 2
43 2
72 2
45 2
47 6
43 7
50 6
48 7
72 2
40 4
41 4
43 4
41 4
40 4
41 2
45 6
35 4
36 4
38 4
40 7
50 6
48 7
72 2
48 4
50 4
52 4
50 4
52 4
53 2
48 7
72 2
50 6
72 2
52 2
53 2
52 2
72 2
51 2
52 2
72 2
53 6
52 2
51 2
72 2
52 6
72 2
52 2
53 2
52 2
51 2
52 2
72 2
57 6
52 2
50 4
52 2
50 2
48 2
45 2
47 2
48 2
72 2
52 2
45 9
72 2
47 6
72 2
48 14
72 13
43 2
72 4
42 2
72 4
42 6
40 7
72 6
43 2
72 4
42 2
72 4
42 6
40 7
72 6
43 2
72 4
43 2
72 4
43 6
45 7
72 6
43 2
72 4
43 2
72 4
43 6
45 7
72 6
43 2
72 4
42 2
72 4
42 6
40 7
72 6
43 2
72 4
42 2
72 4
42 6
40 7
72 6
43 2
72 4
43 2
72 4
43 6
45 7
72 6
38 7
40 2
72 2
41 2
72 2
43 2
72 2
45 2
47 6
43 7
50 6
48 7
72 2
40 4
41 4
43 4
41 4
40 4
41 2
45 6
35 4
36 4
38 4
40 7
50 6
48 7
72 2
48 4
50 4
52 4
50 4
52 4
53 2
48 7
72 2
50 6
72 2
52 2
53 2
52 2
72 2
51 2
52 2
72 2
53 6
52 2
51 2
72 2
52 6
72 2
52 2
53 2
52 2
51 2
52 2
72 2
57 6
52 2
50 4
52 2
50 2
48 2
45 2
47 2
48 2
72 2
52 2
45 9
72 2
47 6
72 2
48 14
72 8
51 7
50 11
48 11
47 11
45 11
43 11
51 2
72 0
51 2
72 0
51 2
72 0
51 11
51 7
51 13
49 2
72 0
49 2
72 0
49 2
72 0
49 11
49 7
49 11
47 11
72 13
36 11
38 7
35 7
36 11
38 11
39 11
41 11
47 2
48 2
47 2
72 2
46 2
47 6
50 4
45 2
47 7
72 4
47 2
48 2
47 2
46 2
47 2
72 2
52 6
45 2
47 4
48 2
47 2
43 2
45 2
72 2
45 2
72 2
45 4
36 2
38 10
40 2
38 2
72 4
45 7
43 2
72 2
48 4
47 2
45 2
72 2
43 6
47 2
48 2
47 2
72 2
46 2
47 6
50 4
45 2
47 7
72 4
47 2
48 2
47 2
46 2
47 2
72 2
52 6
45 2
47 4
47 2
48 2
50 2
48 2
72 2
48 2
72 2
50 2
52 2
72 2
45 11
72 6
38 7
40 2
72 2
41 2
72 2
43 2
72 2
45 2
47 6
43 7
50 6
48 7
72 2
40 4
41 4
43 4
41 4
40 4
41 2
45 6
35 4
36 4
38 4
40 7
50 6
48 7
72 2
48 4
50 4
52 4
50 4
52 4
53 2
48 7
72 2
50 6
72 2
52 2
53 2
52 2
72 2
51 2
52 2
72 2
53 6
52 2
51 2
72 2
52 6
72 2
52 2
53 2
52 2
51 2
52 2
72 2
57 6
52 2
50 4
52 2
50 2
48 2
45 2
47 2
48 2
72 2
52 2
45 9
72 2
47 6
72 2
48 14
72 13
43 2
72 4
42 2
72 4
42 6
40 7
72 6
43 2
72 4
42 2
72 4
42 6
40 7
72 6
43 2
72 4
43 2
72 4
43 6
45 7
72 6
43 2
72 4
43 2
72 4
43 6
45 7
72 6
43 2
72 4
42 2
72 4
42 6
40 7
72 6
43 2
72 4
42 2
72 4
42 6
40 7
72 6
43 2
72 4
43 2
72 4
43 6
45 7
72 6
38 7
40 2
72 2
41 2
72 2
43 2
72 2
45 2
47 6
43 7
50 6
48 7
72 2
40 4
41 4
43 4
41 4
40 4
41 2
45 6
35 4
36 4
38 4
40 7
50 6
48 7
72 2
48 4
50 4
52 4
50 4
52 4
53 2
48 7
72 2
50 6
72 2
52 2
53 2
52 2
72 2
51 2
52 2
72 2
53 6
52 2
51 2
72 2
52 6
72 2
52 2
53 2
52 2
51 2
52 2
72 2
57 6
52 2
50 4
52 2
50 2
48 2
45 2
47 2
48 2
72 2
52 2
45 9
72 2
47 6
72 2
48 14
72 8
51 7
50 11
48 11
47 11
45 11
43 11
51 2
72 0
51 2
72 0
51 2
72 0
51 11
51 7
51 13
49 2
72 0
49 2
72 0
49 2
72 0
49 11
49 7
49 11
47 11
72 13
36 11
38 7
35 7
36 11
38 11
39 11
41 11
47 2
48 2
47 2
72 2
46 2
47 6
50 4
45 2
47 7
72 4
47 2
48 2
47 2
46 2
47 2
72 2
52 6
45 2
47 4
48 2
47 2
43 2
45 2
72 2
45 2
72 2
45 4
36 2
38 10
40 2
38 2
72 4
45 7
43 2
72 2
48 4
47 2
45 2
72 2
43 6
47 2
48 2
47 2
72 2
46 2
47 6
50 4
45 2
47 7
72 4
47 2
48 2
47 2
46 2
47 2
72 2
52 6
45 2
47 4
47 2
48 2
50 2
48 2
72 2
48 2
72 2
50 2
52 2
72 2
45 11
72 6
38 7
40 2
72 2
41 2
72 2
43 2
72 2
45 2
47 6
43 7
50 6
48 7
72 2
40 4
41 4
43 4
41 4
40 4
41 2
45 6
35 4
36 4
38 4
40 7
50 6
48 7
72 2
48 4
50 4
52 4
50 4
52 4
53 2
48 7
72 2
50 6
72 2
52 2
53 2
52 2
72 2
51 2
52 2
72 2
53 6
52 2
51 2
72 2
52 6
72 2
52 2
53 2
52 2
51 2
52 2
72 2
57 6
52 2
50 4
52 2
50 2
48 2
45 2
47 2
48 2
72 2
52 2
45 9
72 2
47 6
72 2
48 14
72 13
43 2
72 4
42 2
72 4
42 6
40 7
72 6
43 2
72 4
42 2
72 4
42 6
40 7
72 6
43 2
72 4
43 2
72 4
43 6
45 7
72 6
43 2
72 4
43 2
72 4
43 6
45 7
72 6
43 2
72 4
42 2
72 4
42 6
40 7
72 6
43 2
72 4
42 2
72 4
42 6
40 7
72 6
43 2
72 4
43 2
72 4
43 6
45 7
72 6
38 7
40 2
72 2
41 2
72 2
43 2
72 2
45 2
47 6
43 7
50 6
48 7
72 2
40 4
41 4
43 4
41 4
40 4
41 2
45 6
35 4
36 4
38 4
40 7
50 6
48 7
72 2
48 4
50 4
52 4
50 4
52 4
53 2
48 7
72 2
50 6
72 2
52 2
53 2
52 2
72 2
51 2
52 2
72 2
53 6
52 2
51 2
72 2
52 6
72 2
52 2
53 2
52 2
51 2
52 2
72 2
57 6
52 2
50 4
52 2
50 2
48 2
45 2
47 2
48 2
72 2
52 2
45 9
72 2
47 6
72 2
48 14
72 8
51 7
50 11
48 11
47 11
45 11
43 11
51 2
72 0
51 2
72 0
51 2
72 0
51 11
51 7
51 13
49 2
72 0
49 2
72 0
49 2
72 0
49 11
49 7
49 11
47 11
72 13
36 11
38 7
35 7
36 11
38 11
39 11
41 11
47 2
48 2
47 2
72 2
46 2
47 6
50 4
45 2
47 7
72 4
47 2
48 2
47 2
46 2
47 2
72 2
52 6
45 2
47 4
48 2
47 2
43 2
45 2
72 2
45 2
72 2
45 4
36 2
38 10
40 2
38 2
72 4
45 7
43 2
72 2
48 4
47 2
45 2
72 2
43 6
47 2
48 2
47 2
72 2
46 2
47 6
50 4
45 2
47 7
72 4
47 2
48 2
47 2
46 2
47 2
72 2
52 6
45 2
47 4
47 2
48 2
50 2
48 2
72 2
48 2
72 2
50 2
52 2
72 2
45 11
72 6
38 7
40 2
72 2
41 2
72 2
43 2
72 2
45 2
47 6
43 7
50 6
48 7
72 2
40 4
41 4
43 4
41 4
40 4
41 2
45 6
35 4
36 4
38 4
40 7
50 6
48 7
72 2
48 4
50 4
52 4
50 4
52 4
53 2
48 7
72 2
50 6
72 2
52 2
53 2
52 2
72 2
51 2
52 2
72 2
53 6
52 2
51 2
72 2
52 6
72 2
52 2
53 2
52 2
51 2
52 2
72 2
57 6
52 2
50 4
52 2
50 2
48 2
45 2
47 2
48 2
72 2
52 2
45 9
72 2
47 6
72 2
48 14
72 13
43 2
72 4
42 2
72 4
42 6
40 7
72 6
43 2
72 4
42 2
72 4
42 6
40 7
72 6
43 2
72 4
43 2
72 4
43 6
45 7
72 6
43 2
72 4
43 2
72 4
43 6
45 7
72 6
43 2
72 4
42 2
72 4
42 6
40 7
72 6
43 2
72 4
42 2
72 4
42 6
40 7
72 6
43 2
72 4
43 2
72 4
43 6
45 7
72 6
38 7
40 2
72 2
41 2
72 2
43 2
72 2
45 2
47 6
43 7
50 6
48 7
72 2
40 4
41 4
43 4
41 4
40 4
41 2
45 6
35 4
36 4
38 4
40 7
50 6
48 7
72 2
48 4
50 4
52 4
50 4
52 4
53 2
48 7
72 2
50 6
72 2
52 2
53 2
52 2
72 2
51 2
52 2
72 2
53 6
52 2
51 2
72 2
52 6
72 2
52 2
53 2
52 2
51 2
52 2
72 2
57 6
52 2
50 4
52 2
50 2
48 2
45 2
47 2
48 2
72 2
52 2
45 9
72 2
47 6
72 2
48 14
72 8
51 7
50 11
48 11
47 11
45 11
43 11
51 2
72 0
51 2
72 0
51 2
72 0
51 11
51 7
51 13
49 2
72 0
49 2
72 0
49 2
72 0
49 11
49 7
49 11
47 11
72 13
36 11
38 7
35 7
E
S
H
33 11
35 11
36 11
36 7
35 7
72 2
47 2
48 2
47 2
72 2
46 2
47 6
50 4
45 2
47 7
72 4
47 2
48 2
47 2
46 2
47 2
72 2
52 6
45 2
47 4
48 2
47 2
43 2
45 2
72 2
45 2
72 2
45 4
36 2
38 10
40 2
38 2
72 4
45 7
43 2
72 2
48 4
47 2
45 2
72 2
43 6
47 2
48 2
47 2
72 2
46 2
47 6
50 4
45 2
47 7
72 4
47 2
48 2
47 2
46 2
47 2
72 2
52 6
45 2
47 4
47 2
48 2
50 2
48 2
72 2
48 2
72 2
50 2
52 2
72 2
45 11
72 6
38 7
40 2
72 2
41 2
72 2
43 2
72 2
45 2
47 6
43 7
50 6
48 7
72 2
40 4
41 4
43 4
41 4
40 4
41 2
45 6
35 4
36 4
38 4
40 7
50 6
48 7
72 2
48 4
50 4
52 4
50 4
52 4
53 2
48 7
72 2
50 6
72 2
52 2
53 2
52 2
72 2
51 2
52 2
72 2
53 6
52 2
51 2
72 2
52 6
72 2
52 2
53 2
52 2
51 2
52 2
72 2
57 6
52 2
50 4
52 2
50 2
48 2
45 2
47 2
48 2
72 2
52 2
45 9
72 2
47 6
72 2
48 14
72 13
40 2
72 4
40 2
72 4
38 6
36 7
72 6
40 2
72 4
40 2
72 4
38 6
36 7
72 6
40 2
72 4
40 2
72 4
40 6
40 7
72 6
40 2
72 4
40 2
72 4
40 6
40 7
72 6
40 2
72 4
40 2
72 4
38 6
36 7
72 6
40 2
72 4
40 2
72 4
38 6
36 7
72 6
40 2
72 4
40 2
72 4
40 6
40 7
72 7
38 7
40 2
72 2
41 2
72 2
43 2
72 2
45 2
47 6
43 7
50 6
48 7
72 2
40 4
41 4
43 4
41 4
40 4
41 2
45 6
35 4
36 4
38 4
40 7
50 6
48 7
72 2
48 4
50 4
52 4
50 4
52 4
53 2
48 7
72 2
50 6
72 2
52 2
53 2
52 2
72 2
51 2
52 2
72 2
53 6
52 2
51 2
72 2
52 6
72 2
52 2
53 2
52 2
51 2
52 2
72 2
57 6
52 2
50 4
52 2
50 2
48 2
45 2
47 2
48 2
72 2
52 2
45 9
72 2
47 6
72 2
48 14
72 7
46 6
72 2
47 10
72 2
45 11
43 11
41 11
36 11
47 2
72 0
47 2
72 0
47 2
72 0
47 11
47 7
47 13
45 2
72 0
45 2
72 0
45 2
72 0
45 11
45 7
45 13
72 13
33 11
31 11
33 11
35 11
36 11
36 7
35 7
72 2
47 2
48 2
47 2
72 2
46 2
47 6
50 4
45 2
47 7
72 4
47 2
48 2
47 2
46 2
47 2
72 2
52 6
45 2
47 4
48 2
47 2
43 2
45 2
72 2
45 2
72 2
45 4
36 2
38 10
40 2
38 2
72 4
45 7
43 2
72 2
48 4
47 2
45 2
72 2
43 6
47 2
48 2
47 2
72 2
46 2
47 6
50 4
45 2
47 7
72 4
47 2
48 2
47 2
46 2
47 2
72 2
52 6
45 2
47 4
47 2
48 2
50 2
48 2
72 2
48 2
72 2
50 2
52 2
72 2
45 11
72 6
38 7
40 2
72 2
41 2
72 2
43 2
72 2
45 2
47 6
43 7
50 6
48 7
72 2
40 4
41 4
43 4
41 4
40 4
41 2
45 6
35 4
36 4
38 4
40 7
50 6
48 7
72 2
48 4
50 4
52 4
50 4
52 4
53 2
48 7
72 2
50 6
72 2
52 2
53 2
52 2
72 2
51 2
52 2
72 2
53 6
52 2
51 2
72 2
52 6
72 2
52 2
53 2
52 2
51 2
52 2
72 2
57 6
52 2
50 4
52 2
50 2
48 2
45 2
47 2
48 2
72 2
52 2
45 9
72 2
47 6
72 2
48 14
72 13
40 2
72 4
40 2
72 4
38 6
36 7
72 6
40 2
72 4
40 2
72 4
38 6
36 7
72 6
40 2
72 4
40 2
72 4
40 6
40 7
72 6
40 2
72 4
40 2
72 4
40 6
40 7
72 6
40 2
72 4
40 2
72 4
38 6
36 7
72 6
40 2
72 4
40 2
72 4
38 6
36 7
72 6
40 2
72 4
40 2
72 4
40 6
40 7
72 7
38 7
40 2
72 2
41 2
72 2
43 2
72 2
45 2
47 6
43 7
50 6
48 7
72 2
40 4
41 4
43 4
41 4
40 4
41 2
45 6
35 4
36 4
38 4
40 7
50 6
48 7
72 2
48 4
50 4
52 4
50 4
52 4
53 2
48 7
72 2
50 6
72 2
52 2
53 2
52 2
72 2
51 2
52 2
72 2
53 6
52 2
51 2
72 2
52 6
72 2
52 2
53 2
52 2
51 2
52 2
72 2
57 6
52 2
50 4
52 2
50 2
48 2
45 2
47 2
48 2
72 2
52 2
45 9
72 2
47 6
72 2
48 14
72 7
46 6
72 2
47 10
72 2
45 11
43 11
41 11
36 11
47 2
72 0
47 2
72 0
47 2
72 0
47 11
47 7
47 13
45 2
72 0
45 2
72 0
45 2
72 0
45 11
45 7
45 13
72 13
33 11
31 11
33 11
35 11
36 11
36 7
35 7
72 2
47 2
48 2
47 2
72 2
46 2
47 6
50 4
45 2
47 7
72 4
47 2
48 2
47 2
46 2
47 2
72 2
52 6
45 2
47 4
48 2
47 2
43 2
45 2
72 2
45 2
72 2
45 4
36 2
38 10
40 2
38 2
72 4
45 7
43 2
72 2
48 4
47 2
45 2
72 2
43 6
47 2
48 2
47 2
72 2
46 2
47 6
50 4
45 2
47 7
72 4
47 2
48 2
47 2
46 2
47 2
72 2
52 6
45 2
47 4
47 2
48 2
50 2
48 2
72 2
48 2
72 2
50 2
52 2
72 2
45 11
72 6
38 7
40 2
72 2
41 2
72 2
43 2
72 2
45 2
47 6
43 7
50 6
48 7
72 2
40 4
41 4
43 4
41 4
40 4
41 2
45 6
35 4
36 4
38 4
40 7
50 6
48 7
72 2
48 4
50 4
52 4
50 4
52 4
53 2
48 7
72 2
50 6
72 2
52 2
53 2
52 2
72 2
51 2
52 2
72 2
53 6
52 2
51 2
72 2
52 6
72 2
52 2
53 2
52 2
51 2
52 2
72 2
57 6
52 2
50 4
52 2
50 2
48 2
45 2
47 2
48 2
72 2
52 2
45 9
72 2
47 6
72 2
48 14
72 13
40 2
72 4
40 2
72 4
38 6
36 7
72 6
40 2
72 4
40 2
72 4
38 6
36 7
72 6
40 2
72 4
40 2
72 4
40 6
40 7
72 6
40 2
72 4
40 2
72 4
40 6
40 7
72 6
40 2
72 4
40 2
72 4
38 6
36 7
72 6
40 2
72 4
40 2
72 4
38 6
36 7
72 6
40 2
72 4
40 2
72 4
40 6
40 7
72 7
38 7
40 2
72 2
41 2
72 2
43 2
72 2
45 2
47 6
43 7
50 6
48 7
72 2
40 4
41 4
43 4
41 4
40 4
41 2
45 6
35 4
36 4
38 4
40 7
50 6
48 7
72 2
48 4
50 4
52 4
50 4
52 4
53 2
48 7
72 2
50 6
72 2
52 2
53 2
52 2
72 2
51 2
52 2
72 2
53 6
52 2
51 2
72 2
52 6
72 2
52 2
53 2
52 2
51 2
52 2
72 2
57 6
52 2
50 4
52 2
50 2
48 2
45 2
47 2
48 2
72 2
52 2
45 9
72 2
47 6
72 2
48 14
72 7
46 6
72 2
47 10
72 2
45 11
43 11
41 11
36 11
47 2
72 0
47 2
72 0
47 2
72 0
47 11
47 7
47 13
45 2
72 0
45 2
72 0
45 2
72 0
45 11
45 7
45 13
72 13
33 11
31 11
33 11
35 11
36 11
36 7
35 7
72 2
47 2
48 2
47 2
72 2
46 2
47 6
50 4
45 2
47 7
72 4
47 2
48 2
47 2
46 2
47 2
72 2
52 6
45 2
47 4
48 2
47 2
43 2
45 2
72 2
45 2
72 2
45 4
36 2
38 10
40 2
38 2
72 4
45 7
43 2
72 2
48 4
47 2
45 2
72 2
43 6
47 2
48 2
47 2
72 2
46 2
47 6
50 4
45 2
47 7
72 4
47 2
48 2
47 2
46 2
47 2
72 2
52 6
45 2
47 4
47 2
48 2
50 2
48 2
72 2
48 2
72 2
50 2
52 2
72 2
45 11
72 6
38 7
40 2
72 2
41 2
72 2
43 2
72 2
45 2
47 6
43 7
50 6
48 7
72 2
40 4
41 4
43 4
41 4
40 4
41 2
45 6
35 4
36 4
38 4
40 7
50 6
48 7
72 2
48 4
50 4
52 4
50 4
52 4
53 2
48 7
72 2
50 6
72 2
52 2
53 2
52 2
72 2
51 2
52 2
72 2
53 6
52 2
51 2
72 2
52 6
72 2
52 2
53 2
52 2
51 2
52 2
72 2
57 6
52 2
50 4
52 2
50 2
48 2
45 2
47 2
48 2
72 2
52 2
45 9
72 2
47 6
72 2
48 14
72 13
40 2
72 4
40 2
72 4
38 6
36 7
72 6
40 2
72 4
40 2
72 4
38 6
36 7
72 6
40 2
72 4
40 2
72 4
40 6
40 7
72 6
40 2
72 4
40 2
72 4
40 6
40 7
72 6
40 2
72 4
40 2
72 4
38 6
36 7
72 6
40 2
72 4
40 2
72 4
38 6
36 7
72 6
40 2
72 4
40 2
72 4
40 6
40 7
72 7
38 7
40 2
72 2
41 2
72 2
43 2
72 2
45 2
47 6
43 7
50 6
48 7
72 2
40 4
41 4
43 4
41 4
40 4
41 2
45 6
35 4
36 4
38 4
40 7
50 6
48 7
72 2
48 4
50 4
52 4
50 4
52 4
53 2
48 7
72 2
50 6
72 2
52 2
53 2
52 2
72 2
51 2
52 2
72 2
53 6
52 2
51 2
72 2
52 6
72 2
52 2
53 2
52 2
51 2
52 2
72 2
57 6
52 2
50 4
52 2
50 2
48 2
45 2
47 2
48 2
72 2
52 2
45 9
72 2
47 6
72 2
48 14
72 7
46 6
72 2
47 10
72 2
45 11
43 11
41 11
36 11
47 2
72 0
47 2
72 0
47 2
72 0
47 11
47 7
47 13
45 2
72 0
45 2
72 0
45 2
72 0
45 11
45 7
45 13
72 13
33 11
31 11
E
X
