major
S
L
72 14
25 12
72 14
25 12
72 14
25 12
72 14
25 12
72 14
25 12
E
S
H
72 14
41 4
47 4
41 4
72 4
41 4
47 4
41 4
72 13
41 4
47 4
41 4
72 4
41 4
47 4
41 4
72 13
41 4
47 4
41 4
72 4
41 4
47 4
41 4
72 13
41 4
47 4
41 4
72 4
41 4
47 4
41 4
72 13
41 4
47 4
41 4
72 4
41 4
47 4
41 4
72 13
41 4
47 4
41 4
72 4
41 4
47 4
41 4
72 13
41 4
47 4
41 4
72 4
41 4
47 4
41 4
72 13
41 4
47 4
41 4
72 4
41 4
47 4
41 4
72 13
41 4
47 4
41 4
72 4
41 4
47 4
41 4
72 13
41 4
47 4
41 4
72 4
41 4
47 4
41 4
72 14
41 4
47 4
41 4
72 4
41 4
47 4
41 4
E
S
L
72 14
9 4
9 7
9 4
9 9
9 4
9 4
9 7
9 4
9 9
9 4
9 4
9 7
9 4
9 9
9 4
9 4
9 7
9 4
9 9
9 4
9 4
9 7
9 4
9 9
9 4
9 4
9 7
9 4
9 9
9 4
9 4
9 7
9 4
9 9
9 4
9 4
9 7
9 4
9 9
9 4
9 4
9 7
9 4
9 9
9 4
9 4
9 7
9 4
9 9
9 4
9 4
9 7
9 4
9 9
9 4
9 4
9 7
9 4
9 9
9 4
9 4
9 7
9 4
9 9
9 4
9 4
9 7
9 4
9 9
9 4
9 4
9 7
9 4
9 9
9 4
9 4
9 7
9 4
9 9
9 4
9 4
9 7
9 4
9 9
9 4
9 4
9 7
9 4
9 9
9 4
9 4
9 7
9 4
9 9
9 4
9 4
9 7
9 4
9 9
72 11
9 14
E
X
