major
S
L
5 4
5 4
5 4
5 4
5 4
5 4
5 4
5 2
5 2
5 4
5 4
5 4
5 4
5 4
5 4
5 4
5 2
5 2
5 4
5 4
5 4
5 4
5 4
5 4
5 4
5 2
5 2
4 4
4 4
4 4
4 4
4 4
4 4
4 4
4 2
4 2
2 4
2 4
2 4
2 4
2 4
2 4
2 4
2 2
2 2
0 4
0 4
0 4
0 4
0 4
0 4
0 4
0 2
0 2
5 4
5 4
5 4
5 4
5 4
5 4
5 4
5 2
5 2
4 4
4 4
4 4
4 4
4 4
4 4
4 4
4 2
4 2
5 4
5 4
5 4
5 4
5 4
5 4
5 4
5 2
5 2
5 4
5 4
5 4
5 4
5 4
5 4
5 4
5 2
5 2
5 4
5 4
5 4
5 4
5 4
5 4
5 4
5 2
5 2
4 4
4 4
4 4
4 4
4 4
4 4
4 4
4 2
4 2
2 4
2 4
2 4
2 4
2 4
2 4
2 4
2 2
2 2
0 4
0 4
0 4
0 4
0 4
0 4
0 4
0 2
0 2
5 4
5 4
5 4
5 4
5 4
5 4
5 4
5 2
5 2
4 4
4 4
4 4
4 4
4 4
4 4
4 4
4 2
4 2
5 4
5 4
5 4
5 4
5 4
5 4
5 4
5 2
5 2
5 4
5 4
5 4
5 4
5 4
5 4
5 4
5 2
5 2
5 4
5 4
5 4
5 4
5 4
5 4
5 4
5 2
5 2
4 4
4 4
4 4
4 4
4 4
4 4
4 4
4 2
4 2
2 4
2 4
2 4
2 4
2 4
2 4
2 4
2 2
2 2
0 4
0 4
0 4
0 4
0 4
0 4
0 4
0 2
0 2
5 4
5 4
5 4
5 4
5 4
5 4
5 4
5 2
5 2
4 4
4 4
4 4
4 4
4 4
4 4
4 4
4 2
4 2
5 4
5 4
5 4
5 4
5 4
5 4
5 4
5 2
5 2
5 4
5 4
5 4
5 4
5 4
5 4
5 4
5 2
5 2
5 4
5 4
5 4
5 4
5 4
5 4
5 4
5 2
5 2
4 4
4 4
4 4
4 4
4 4
4 4
4 4
4 2
4 2
2 4
2 4
2 4
2 4
2 4
2 4
2 4
2 2
2 2
0 4
0 4
0 4
0 4
0 4
0 4
0 4
0 2
0 2
5 4
5 4
5 4
5 4
5 4
5 4
5 4
5 2
5 2
4 4
4 4
4 4
4 4
4 4
4 4
4 4
4 2
4 2
5 4
5 4
5 4
5 4
5 4
5 4
5 4
5 2
5 2
5 4
5 4
5 4
5 4
5 4
5 4
5 4
5 2
5 2
5 4
5 4
5 4
5 4
5 4
5 4
5 4
5 2
5 2
4 4
4 4
4 4
4 4
4 4
4 4
4 4
4 2
4 2
2 4
2 4
2 4
2 4
2 4
2 4
2 4
2 2
2 2
0 4
0 4
0 4
0 4
0 4
0 4
0 4
0 2
0 2
5 4
5 4
5 4
5 4
5 4
5 4
5 4
5 2
5 2
4 4
4 4
4 4
4 4
4 4
4 4
4 4
4 2
4 2
5 4
5 4
5 4
5 4
5 4
5 4
5 4
5 2
5 2
5 4
5 4
5 4
5 4
5 4
5 4
5 4
5 2
5 2
5 4
5 4
5 4
5 4
5 4
5 4
5 4
5 2
5 2
4 4
4 4
4 4
4 4
4 4
4 4
4 4
4 2
4 2
2 4
2 4
2 4
2 4
2 4
2 4
2 4
2 2
2 2
0 4
0 4
0 4
0 4
0 4
0 4
0 4
0 2
0 2
5 4
5 4
5 4
5 4
5 4
5 4
5 4
5 2
5 2
4 4
4 4
4 4
4 4
4 4
4 4
4 4
4 2
4 2
5 4
5 4
5 4
5 4
5 4
5 4
5 4
5 2
5 2
5 4
5 4
5 4
5 4
5 4
5 4
5 4
5 2
5 2
5 4
5 4
5 4
5 4
5 4
5 4
5 4
5 2
5 2
4 4
4 4
4 4
4 4
4 4
4 4
4 4
4 2
4 2
2 4
2 4
2 4
2 4
2 4
2 4
2 4
2 2
2 2
0 4
0 4
0 4
0 4
0 4
0 4
0 4
0 2
0 2
5 4
5 4
5 4
5 4
5 4
5 4
5 4
5 2
5 2
4 4
4 4
4 4
4 4
4 4
4 4
4 4
4 2
4 2
5 4
5 4
5 4
5 4
5 4
5 4
5 4
5 2
5 2
5 4
5 4
5 4
5 4
5 4
5 4
5 4
5 2
5 2
5 4
5 4
5 4
5 4
5 4
5 4
5 4
5 2
5 2
4 4
4 4
4 4
4 4
4 4
4 4
4 4
4 2
4 2
2 4
2 4
2 4
2 4
2 4
2 4
2 4
2 2
2 2
0 4
0 4
0 4
0 4
0 4
0 4
0 4
0 2
0 2
5 4
5 4
5 4
5 4
5 4
5 4
5 4
5 2
5 2
4 4
4 4
4 4
4 4
4 4
4 4
4 4
4 2
4 2
5 4
5 4
5 4
5 4
5 4
5 4
5 4
5 2
5 2
5 4
5 4
5 4
5 4
5 4
5 4
5 4
5 2
5 2
E
S
H
72 14
161 13
160 13
108 13
161 13
161 13
187 13
213 13
161 13
161 13
160 13
108 13
161 13
161 13
187 13
213 13
161 13
161 13
160 13
108 13
161 13
161 13
187 13
213 13
161 13
161 13
160 13
108 13
161 13
161 13
187 13
213 13
161 13
161 13
160 13
108 13
161 13
161 13
187 13
213 13
161 13
161 13
160 13
108 13
161 13
161 13
187 13
213 13
161 13
161 13
160 13
108 13
161 13
161 13
187 13
213 13
161 13
161 13
160 13
108 13
161 13
161 13
187 13
213 13
161 13
E
S
L
72 14
161 4
161 4
161 4
72 4
161 4
161 4
161 4
72 4
160 4
160 4
160 4
72 4
160 4
160 4
160 4
72 4
110 4
110 4
110 4
72 4
110 4
110 4
110 4
72 4
214 4
214 4
214 4
72 4
214 4
214 4
214 4
72 4
161 4
161 4
161 4
72 4
161 4
161 4
161 4
72 4
108 4
108 4
108 4
72 4
108 4
108 4
108 4
72 4
161 4
161 4
161 4
72 4
161 4
161 4
161 4
72 4
161 4
161 4
161 4
72 4
161 4
161 4
161 4
72 4
161 4
161 4
161 4
72 4
161 4
161 4
161 4
72 4
160 4
160 4
160 4
72 4
160 4
160 4
160 4
72 4
110 4
110 4
110 4
72 4
110 4
110 4
110 4
72 4
214 4
214 4
214 4
72 4
214 4
214 4
214 4
72 4
161 4
161 4
161 4
72 4
161 4
161 4
161 4
72 4
108 4
108 4
108 4
72 4
108 4
108 4
108 4
72 4
161 4
161 4
161 4
72 4
161 4
161 4
161 4
72 4
161 4
161 4
161 4
72 4
161 4
161 4
161 4
72 4
161 4
161 4
161 4
72 4
161 4
161 4
161 4
72 4
160 4
160 4
160 4
72 4
160 4
160 4
160 4
72 4
110 4
110 4
110 4
72 4
110 4
110 4
110 4
72 4
214 4
214 4
214 4
72 4
214 4
214 4
214 4
72 4
161 4
161 4
161 4
72 4
161 4
161 4
161 4
72 4
108 4
108 4
108 4
72 4
108 4
108 4
108 4
72 4
161 4
161 4
161 4
72 4
161 4
161 4
161 4
72 4
161 4
161 4
161 4
72 4
161 4
161 4
161 4
72 4
161 4
161 4
161 4
72 4
161 4
161 4
161 4
72 4
160 4
160 4
160 4
72 4
160 4
160 4
160 4
72 4
110 4
110 4
110 4
72 4
110 4
110 4
110 4
72 4
214 4
214 4
214 4
72 4
214 4
214 4
214 4
72 4
161 4
161 4
161 4
72 4
161 4
161 4
161 4
72 4
108 4
108 4
108 4
72 4
108 4
108 4
108 4
72 4
161 4
161 4
161 4
72 4
161 4
161 4
161 4
72 4
161 4
161 4
161 4
72 4
161 4
161 4
161 4
72 4
161 4
161 4
161 4
72 4
161 4
161 4
161 4
72 4
160 4
160 4
160 4
72 4
160 4
160 4
160 4
72 4
110 4
110 4
110 4
72 4
110 4
110 4
110 4
72 4
214 4
214 4
214 4
72 4
214 4
214 4
214 4
72 4
161 4
161 4
161 4
72 4
161 4
161 4
161 4
72 4
108 4
108 4
108 4
72 4
108 4
108 4
108 4
72 4
161 4
161 4
161 4
72 4
161 4
161 4
161 4
72 4
161 4
161 4
161 4
72 4
161 4
161 4
161 4
72 4
161 4
161 4
161 4
72 4
161 4
161 4
161 4
72 4
160 4
160 4
160 4
72 4
160 4
160 4
160 4
72 4
110 4
110 4
110 4
72 4
110 4
110 4
110 4
72 4
214 4
214 4
214 4
72 4
214 4
214 4
214 4
72 4
161 4
161 4
161 4
72 4
161 4
161 4
161 4
72 4
108 4
108 4
108 4
72 4
108 4
108 4
108 4
72 4
161 4
161 4
161 4
72 4
161 4
161 4
161 4
72 4
161 4
161 4
161 4
72 4
161 4
161 4
161 4
72 4
161 4
161 4
161 4
72 4
161 4
161 4
161 4
72 4
160 4
160 4
160 4
72 4
160 4
160 4
160 4
72 4
110 4
110 4
110 4
72 4
110 4
110 4
110 4
72 4
214 4
214 4
214 4
72 4
214 4
214 4
214 4
72 4
161 4
161 4
161 4
72 4
161 4
161 4
161 4
72 4
108 4
108 4
108 4
72 4
108 4
108 4
108 4
72 4
161 4
161 4
161 4
72 4
161 4
161 4
161 4
72 4
161 4
161 4
161 4
72 4
161 4
161 4
161 4
72 4
161 4
161 4
161 4
72 4
161 4
161 4
161 4
72 4
160 4
160 4
160 4
72 4
160 4
160 4
160 4
72 4
110 4
110 4
110 4
72 4
110 4
110 4
110 4
72 4
214 4
214 4
214 4
72 4
214 4
214 4
214 4
72 4
161 4
161 4
161 4
72 4
161 4
161 4
161 4
72 4
108 4
108 4
108 4
72 4
108 4
108 4
108 4
72 4
161 4
161 4
161 4
72 4
161 4
161 4
161 4
72 4
161 4
161 4
161 4
72 4
161 4
161 4
161 4
E
S
H
72 14
53 9
48 7
53 9
52 13
55 9
48 7
55 9
57 13
53 9
48 7
53 9
52 9
50 9
48 4
45 13
72 14
53 9
48 7
53 9
52 13
55 9
48 7
55 9
57 13
53 9
48 7
53 9
52 9
50 9
48 4
45 13
72 14
53 9
48 7
53 9
52 13
55 9
48 7
55 9
57 13
53 9
48 7
53 9
52 9
50 9
48 4
45 13
72 14
53 9
48 7
53 9
52 13
55 9
48 7
55 9
57 13
53 9
48 7
53 9
52 9
50 9
48 4
45 13
E
S
H
72 14
53 9
48 7
53 9
52 13
55 9
48 7
55 9
57 13
53 9
48 7
53 9
52 9
50 9
48 4
45 13
72 14
53 9
48 7
53 9
52 13
55 9
48 7
55 9
57 13
53 9
48 7
53 9
52 9
50 9
48 4
45 13
72 14
53 9
48 7
53 9
52 13
55 9
48 7
55 9
57 13
53 9
48 7
53 9
52 9
50 9
48 4
45 13
72 14
53 9
48 7
53 9
52 13
55 9
48 7
55 9
57 13
53 9
48 7
53 9
52 9
50 9
48 4
45 13
E
X
