minor
S
H
45 11
40 4
40 4
45 4
43 2
41 2
43 12
72 4
45 11
40 4
40 4
45 4
43 2
41 2
43 12
72 4
45 11
38 4
38 4
45 4
43 2
41 2
40 11
36 7
38 7
45 9
41 4
41 4
48 4
40 2
38 2
40 12
45 11
38 4
38 4
45 4
43 2
41 2
40 11
36 7
38 2
40 2
41 9
40 2
41 2
43 9
41 2
43 2
48 12
43 3
41 3
43 3
48 9
72 4
48 7
50 14
E
S
H
72 14
33 3
34 3
36 3
38 3
40 3
41 3
43 3
45 12
50 7
45 9
43 2
41 2
40 7
36 7
38 11
36 11
41 13
43 13
45 14
E
S
H
72 14
38 4
45 4
40 7
38 4
45 4
40 7
38 4
45 4
41 4
48 4
43 6
41 6
40 13
E
S
L
72 14
31 13
E
X
