minor
S
H
72 14
53 2
60 2
58 2
60 2
53 2
60 2
58 2
60 2
49 2
59 2
58 2
59 2
51 2
60 2
55 2
58 2
53 2
60 2
58 2
60 2
55 2
60 2
58 2
60 2
56 2
60 2
58 2
60 2
58 2
61 2
60 2
61 2
49 2
56 2
55 2
56 2
49 2
58 2
56 2
58 2
49 2
60 2
58 2
60 2
49 2
61 2
60 2
61 2
72 14
53 2
60 2
58 2
60 2
53 2
60 2
58 2
60 2
49 2
59 2
58 2
59 2
51 2
60 2
55 2
58 2
53 2
60 2
58 2
60 2
55 2
60 2
58 2
60 2
56 2
60 2
58 2
60 2
58 2
61 2
60 2
61 2
49 2
56 2
55 2
56 2
49 2
58 2
56 2
58 2
49 2
60 2
58 2
60 2
49 2
61 2
60 2
61 2
72 13
29 2
36 2
37 2
36 2
29 2
36 2
41 2
36 2
34 2
41 2
44 2
41 2
34 2
41 2
44 2
41 2
37 2
41 2
44 2
41 2
37 2
41 2
44 2
41 2
36 2
41 2
44 2
41 2
36 2
40 2
43 2
40 2
29 2
36 2
37 2
36 2
29 2
36 2
41 2
36 2
34 2
41 2
44 2
41 2
34 2
41 2
44 2
41 2
37 2
41 2
44 2
41 2
37 2
41 2
44 2
41 2
36 2
41 2
44 2
41 2
36 2
40 2
43 2
40 2
29 2
36 2
37 2
36 2
29 2
36 2
41 2
36 2
34 2
41 2
44 2
41 2
34 2
41 2
44 2
41 2
37 2
41 2
44 2
41 2
37 2
41 2
44 2
41 2
36 2
41 2
44 2
41 2
36 2
40 2
43 2
40 2
29 2
36 2
37 2
36 2
29 2
36 2
41 2
36 2
30 2
36 2
37 2
36 2
30 2
36 2
37 2
42 2
37 2
41 2
44 2
41 2
36 2
40 2
43 2
40 2
37 2
44 2
37 2
43 2
41 2
72 6
29 2
36 2
37 2
36 2
29 2
36 2
41 2
36 2
34 2
41 2
44 2
41 2
34 2
41 2
44 2
41 2
37 2
41 2
44 2
41 2
37 2
41 2
44 2
41 2
36 2
41 2
44 2
41 2
36 2
40 2
43 2
40 2
29 2
36 2
37 2
36 2
29 2
36 2
41 2
36 2
34 2
41 2
44 2
41 2
34 2
41 2
44 2
41 2
37 2
41 2
44 2
41 2
37 2
41 2
44 2
41 2
36 2
41 2
44 2
41 2
36 2
40 2
43 2
40 2
29 2
36 2
37 2
36 2
29 2
36 2
41 2
36 2
34 2
41 2
44 2
41 2
34 2
41 2
44 2
41 2
37 2
41 2
44 2
41 2
37 2
41 2
44 2
41 2
36 2
41 2
44 2
41 2
36 2
40 2
43 2
40 2
29 2
36 2
37 2
36 2
29 2
36 2
41 2
36 2
30 2
36 2
37 2
36 2
30 2
36 2
37 2
42 2
37 2
41 2
44 2
41 2
36 2
40 2
43 2
40 2
37 2
44 2
37 2
43 2
41 2
72 14
25 0
72 2
32 0
72 2
34 0
72 2
32 0
72 2
25 0
72 2
32 0
72 2
34 0
72 2
32 0
72 2
25 0
72 2
32 0
72 2
34 0
72 2
32 0
72 2
25 0
72 2
32 0
72 2
34 0
72 2
32 0
72 2
29 0
72 2
36 0
72 2
37 0
72 2
36 0
72 2
29 0
72 2
36 0
72 2
37 0
72 2
36 0
72 2
29 0
72 2
36 0
72 2
37 0
72 2
36 0
72 2
29 0
72 2
36 0
72 2
37 0
72 2
36 0
72 2
25 0
72 2
32 0
72 2
34 0
72 2
32 0
72 2
25 0
72 2
32 0
72 2
34 0
72 2
32 0
72 2
25 0
72 2
32 0
72 2
34 0
72 2
32 0
72 2
25 0
72 2
32 0
72 2
34 0
72 2
32 0
72 2
29 0
72 2
36 0
72 2
37 0
72 2
36 0
72 2
29 0
72 2
36 0
72 2
37 0
72 2
36 0
72 2
29 0
72 2
36 0
72 2
37 0
72 2
36 0
72 2
29 0
72 2
36 0
72 2
37 0
72 2
36 0
72 2
25 0
72 2
32 0
72 2
34 0
72 2
32 0
72 2
25 0
72 2
32 0
72 2
34 0
72 2
32 0
72 2
25 0
72 2
32 0
72 2
34 0
72 2
32 0
72 2
25 0
72 2
32 0
72 2
34 0
72 2
32 0
72 2
29 0
72 2
36 0
72 2
37 0
72 2
36 0
72 2
29 0
72 2
36 0
72 2
37 0
72 2
36 0
72 2
29 0
72 2
36 0
72 2
37 0
72 2
36 0
72 2
29 0
72 2
36 0
72 2
37 0
72 2
36 0
72 2
25 0
72 2
32 0
72 2
34 0
72 2
32 0
72 2
25 0
72 2
32 0
72 2
34 0
72 2
32 0
72 2
25 0
72 2
32 0
72 2
34 0
72 2
32 0
72 2
25 0
72 2
32 0
72 2
34 0
72 2
37 0
72 2
36 0
72 4
36 0
72 4
40 0
72 2
36 0
72 4
34 0
72 2
36 6
72 8
E
S
H
72 14
53 2
60 2
58 2
60 2
53 2
60 2
58 2
60 2
49 2
59 2
58 2
59 2
51 2
60 2
55 2
58 2
53 2
60 2
58 2
60 2
55 2
60 2
58 2
60 2
56 2
60 2
58 2
60 2
58 2
61 2
60 2
61 2
49 2
56 2
55 2
56 2
49 2
58 2
56 2
58 2
49 2
60 2
58 2
60 2
49 2
61 2
60 2
61 2
72 14
53 2
60 2
58 2
60 2
53 2
60 2
58 2
60 2
49 2
59 2
58 2
59 2
51 2
60 2
55 2
58 2
53 2
60 2
58 2
60 2
55 2
60 2
58 2
60 2
56 2
60 2
58 2
60 2
58 2
61 2
60 2
61 2
49 2
56 2
55 2
56 2
49 2
58 2
56 2
58 2
49 2
60 2
58 2
60 2
49 2
61 2
60 2
61 2
72 13
29 2
36 2
37 2
36 2
29 2
36 2
41 2
36 2
34 2
41 2
44 2
41 2
34 2
41 2
44 2
41 2
37 2
41 2
44 2
41 2
37 2
41 2
44 2
41 2
36 2
41 2
44 2
41 2
36 2
40 2
43 2
40 2
29 2
36 2
37 2
36 2
29 2
36 2
41 2
36 2
34 2
41 2
44 2
41 2
34 2
41 2
44 2
41 2
37 2
41 2
44 2
41 2
37 2
41 2
44 2
41 2
36 2
41 2
44 2
41 2
36 2
40 2
43 2
40 2
29 2
36 2
37 2
36 2
29 2
36 2
41 2
36 2
34 2
41 2
44 2
41 2
34 2
41 2
44 2
41 2
37 2
41 2
44 2
41 2
37 2
41 2
44 2
41 2
36 2
41 2
44 2
41 2
36 2
40 2
43 2
40 2
29 2
36 2
37 2
36 2
29 2
36 2
41 2
36 2
30 2
36 2
37 2
36 2
30 2
36 2
37 2
42 2
37 2
41 2
44 2
41 2
36 2
40 2
43 2
40 2
37 2
44 2
37 2
43 2
41 2
72 6
29 2
36 2
37 2
36 2
29 2
36 2
41 2
36 2
34 2
41 2
44 2
41 2
34 2
41 2
44 2
41 2
37 2
41 2
44 2
41 2
37 2
41 2
44 2
41 2
36 2
41 2
44 2
41 2
36 2
40 2
43 2
40 2
29 2
36 2
37 2
36 2
29 2
36 2
41 2
36 2
34 2
41 2
44 2
41 2
34 2
41 2
44 2
41 2
37 2
41 2
44 2
41 2
37 2
41 2
44 2
41 2
36 2
41 2
44 2
41 2
36 2
40 2
43 2
40 2
29 2
36 2
37 2
36 2
29 2
36 2
41 2
36 2
34 2
41 2
44 2
41 2
34 2
41 2
44 2
41 2
37 2
41 2
44 2
41 2
37 2
41 2
44 2
41 2
36 2
41 2
44 2
41 2
36 2
40 2
43 2
40 2
29 2
36 2
37 2
36 2
29 2
36 2
41 2
36 2
30 2
36 2
37 2
36 2
30 2
36 2
37 2
42 2
37 2
41 2
44 2
41 2
36 2
40 2
43 2
40 2
37 2
44 2
37 2
43 2
41 2
72 14
25 0
72 2
32 0
72 2
34 0
72 2
32 0
72 2
25 0
72 2
32 0
72 2
34 0
72 2
32 0
72 2
25 0
72 2
32 0
72 2
34 0
72 2
32 0
72 2
25 0
72 2
32 0
72 2
34 0
72 2
32 0
72 2
29 0
72 2
36 0
72 2
37 0
72 2
36 0
72 2
29 0
72 2
36 0
72 2
37 0
72 2
36 0
72 2
29 0
72 2
36 0
72 2
37 0
72 2
36 0
72 2
29 0
72 2
36 0
72 2
37 0
72 2
36 0
72 2
25 0
72 2
32 0
72 2
34 0
72 2
32 0
72 2
25 0
72 2
32 0
72 2
34 0
72 2
32 0
72 2
25 0
72 2
32 0
72 2
34 0
72 2
32 0
72 2
25 0
72 2
32 0
72 2
34 0
72 2
32 0
72 2
29 0
72 2
36 0
72 2
37 0
72 2
36 0
72 2
29 0
72 2
36 0
72 2
37 0
72 2
36 0
72 2
29 0
72 2
36 0
72 2
37 0
72 2
36 0
72 2
29 0
72 2
36 0
72 2
37 0
72 2
36 0
72 2
25 0
72 2
32 0
72 2
34 0
72 2
32 0
72 2
25 0
72 2
32 0
72 2
34 0
72 2
32 0
72 2
25 0
72 2
32 0
72 2
34 0
72 2
32 0
72 2
25 0
72 2
32 0
72 2
34 0
72 2
32 0
72 2
29 0
72 2
36 0
72 2
37 0
72 2
36 0
72 2
29 0
72 2
36 0
72 2
37 0
72 2
36 0
72 2
29 0
72 2
36 0
72 2
37 0
72 2
36 0
72 2
29 0
72 2
36 0
72 2
37 0
72 2
36 0
72 2
25 0
72 2
32 0
72 2
34 0
72 2
32 0
72 2
25 0
72 2
32 0
72 2
34 0
72 2
32 0
72 2
25 0
72 2
32 0
72 2
34 0
72 2
32 0
72 2
25 0
72 2
32 0
72 2
34 0
72 2
37 0
72 2
36 0
72 4
36 0
72 4
40 0
72 2
36 0
72 4
34 0
72 2
36 6
72 6
E
S
H
72 14
70 2
68 2
72 2
70 2
68 2
72 6
70 2
68 2
72 2
70 2
68 2
72 2
68 2
70 0
72 0
68 0
72 1
65 2
72 2
65 2
72 2
64 2
65 11
72 4
70 2
68 2
72 2
70 2
68 2
72 6
70 2
68 2
72 2
70 2
68 2
72 2
68 2
72 2
70 2
72 2
71 2
70 2
72 2
68 2
65 11
72 4
70 2
68 2
72 2
70 2
68 2
72 6
70 2
68 2
72 2
70 2
68 2
72 2
68 2
70 0
72 0
68 0
72 1
65 2
72 2
65 2
72 2
64 2
65 11
72 4
70 2
68 2
72 2
70 2
68 2
72 6
70 2
68 2
72 2
70 2
68 2
72 2
68 2
72 2
70 2
72 2
71 2
70 2
72 2
68 2
65 11
72 4
58 2
56 2
72 2
58 2
56 2
72 6
58 2
56 2
72 2
58 2
56 2
72 2
56 2
58 0
72 0
56 0
72 1
53 2
72 2
53 2
72 2
52 2
53 7
56 0
53 0
72 2
56 0
53 0
72 2
56 0
72 0
53 0
72 1
56 0
72 1
53 0
72 0
56 0
53 0
72 6
58 2
56 2
72 2
58 2
56 2
72 6
58 2
56 2
72 2
58 2
56 2
72 2
56 2
72 2
58 2
72 2
59 2
58 2
72 2
56 2
53 10
72 6
58 2
56 2
72 2
58 2
56 2
72 6
58 2
56 2
72 2
58 2
56 2
72 2
56 2
58 0
72 0
56 0
72 1
53 2
72 2
53 2
72 2
52 2
53 7
56 0
53 0
72 2
56 0
53 0
72 2
56 0
72 0
53 0
72 1
56 0
72 1
53 0
72 0
56 0
53 0
72 6
58 2
56 2
72 2
58 2
56 2
72 6
58 2
56 2
72 2
58 2
56 2
72 2
60 2
72 2
60 2
72 2
64 2
60 2
72 2
58 2
60 0
61 0
72 2
60 0
72 0
61 0
72 1
60 0
72 1
61 0
72 0
60 0
61 0
72 2
60 0
61 0
72 2
60 0
72 0
61 0
72 1
60 0
72 1
61 0
72 0
60 0
61 0
72 2
E
S
H
72 14
70 2
68 2
72 2
70 2
68 2
72 6
70 2
68 2
72 2
70 2
68 2
72 2
68 2
70 0
68 0
72 2
65 2
72 2
65 2
72 2
64 2
65 11
72 4
70 2
68 2
72 2
70 2
68 2
72 6
70 2
68 2
72 2
70 2
68 2
72 2
68 2
72 2
70 2
72 2
71 2
70 2
72 2
68 2
65 11
72 4
70 2
68 2
72 2
70 2
68 2
72 6
70 2
68 2
72 2
70 2
68 2
72 2
68 2
70 0
68 0
72 2
65 2
72 2
65 2
72 2
64 2
65 11
72 4
70 2
68 2
72 2
70 2
68 2
72 6
70 2
68 2
72 2
70 2
68 2
72 2
68 2
72 2
70 2
72 2
71 2
70 2
72 2
68 2
65 11
72 4
58 2
56 2
72 2
58 2
56 2
72 6
58 2
56 2
72 2
58 2
56 2
72 2
56 2
58 0
56 0
72 2
53 2
72 2
53 2
72 2
52 2
53 7
56 0
72 1
53 0
72 0
56 0
53 0
72 2
56 0
53 0
72 2
56 0
72 0
53 0
72 1
56 0
72 1
53 0
72 4
58 2
56 2
72 2
58 2
56 2
72 6
58 2
56 2
72 2
58 2
56 2
72 2
56 2
72 2
58 2
72 2
59 2
58 2
72 2
56 2
53 10
72 6
58 2
56 2
72 2
58 2
56 2
72 6
58 2
56 2
72 2
58 2
56 2
72 2
56 2
58 0
56 0
72 2
53 2
72 2
53 2
72 2
52 2
53 7
56 0
72 1
53 0
72 0
56 0
53 0
72 2
56 0
53 0
72 2
56 0
72 0
53 0
72 1
56 0
72 1
53 0
72 4
58 2
56 2
72 2
58 2
56 2
72 6
58 2
56 2
72 2
58 2
56 2
72 2
60 2
72 2
60 2
72 2
64 2
60 2
72 2
58 2
60 0
61 0
72 2
60 0
61 0
72 2
60 0
72 0
61 0
72 1
60 0
72 1
61 0
72 0
60 0
61 0
72 2
E
S
L
29 2
29 2
36 2
29 2
29 2
29 2
27 2
27 2
25 2
29 2
32 2
29 2
24 2
28 2
31 2
28 2
29 2
29 2
29 2
29 2
31 2
31 2
31 2
31 2
32 2
32 2
32 2
32 2
27 2
27 2
27 2
27 2
25 2
25 2
34 2
25 2
25 2
25 2
34 2
25 2
25 2
25 2
29 2
25 2
25 2
25 2
32 2
25 2
24 4
72 7
24 2
72 2
24 6
72 8
29 2
29 2
36 2
36 2
29 2
29 2
27 2
27 2
25 2
25 2
29 2
29 2
24 2
24 2
34 2
34 2
29 2
29 2
24 2
24 2
31 2
31 2
24 2
24 2
32 2
32 2
24 2
24 2
34 2
34 2
24 2
24 2
29 2
29 2
25 2
72 2
31 2
31 2
25 2
72 2
32 2
32 2
25 2
72 2
34 2
34 2
25 2
72 2
24 4
72 7
24 2
72 2
24 6
72 8
29 2
29 2
36 2
29 2
29 2
29 2
27 2
27 2
25 2
29 2
32 2
29 2
24 2
28 2
31 2
28 2
29 2
29 2
29 2
29 2
31 2
31 2
31 2
31 2
32 2
32 2
32 2
32 2
27 2
27 2
27 2
27 2
25 2
25 2
34 2
25 2
25 2
25 2
34 2
25 2
25 2
25 2
29 2
25 2
25 2
25 2
32 2
25 2
24 4
72 7
24 2
72 2
24 6
72 8
29 2
29 2
36 2
36 2
29 2
29 2
27 2
27 2
25 2
25 2
29 2
29 2
24 2
24 2
34 2
34 2
29 2
29 2
24 2
24 2
31 2
31 2
24 2
24 2
32 2
32 2
24 2
24 2
34 2
34 2
24 2
24 2
29 2
29 2
25 2
72 2
31 2
31 2
25 2
72 2
32 2
32 2
25 2
72 2
34 2
34 2
25 2
72 2
24 4
72 7
24 2
72 2
24 6
72 8
17 5
72 3
17 5
72 3
22 5
72 3
22 5
72 3
25 5
72 3
25 5
72 3
24 5
72 3
24 5
72 3
17 5
72 3
17 5
72 3
22 5
72 3
22 5
72 3
25 5
72 3
25 5
72 3
24 5
72 3
24 5
72 3
17 5
72 3
17 5
72 3
22 5
72 3
22 5
72 3
25 5
72 3
25 5
72 3
24 5
72 3
24 5
72 3
17 5
72 3
17 5
72 3
18 5
72 3
18 5
72 3
25 5
72 3
24 5
72 3
25 4
28 4
29 7
17 5
72 3
17 5
72 3
22 5
72 3
22 4
24 2
72 2
25 4
37 0
72 2
32 0
72 2
25 3
27 0
72 1
28 0
29 4
28 4
24 2
19 2
24 4
28 4
29 5
72 3
17 5
72 3
22 5
72 0
32 0
33 0
72 2
34 2
32 2
31 2
29 2
25 5
72 3
25 4
32 4
24 4
20 2
22 2
24 4
16 4
17 5
72 3
17 5
72 3
22 5
72 3
22 5
72 3
25 5
72 3
25 5
72 3
24 5
72 3
24 5
72 3
17 5
72 3
17 5
72 3
18 5
72 3
18 5
72 3
25 5
72 3
24 5
72 3
25 4
28 4
29 7
72 14
E
S
L
17 2
17 2
24 2
17 2
17 2
17 2
15 2
15 2
13 2
17 2
20 2
17 2
12 2
16 2
19 2
16 2
17 2
17 2
17 2
17 2
19 2
19 2
19 2
19 2
20 2
20 2
20 2
20 2
15 2
15 2
15 2
15 2
13 2
13 2
22 2
13 2
13 2
13 2
22 2
13 2
13 2
13 2
17 2
13 2
13 2
13 2
20 2
13 2
12 4
72 7
12 2
72 2
12 6
72 8
17 2
17 2
24 2
24 2
17 2
17 2
15 2
15 2
13 2
13 2
17 2
17 2
12 2
12 2
22 2
22 2
17 2
17 2
12 2
12 2
19 2
19 2
12 2
12 2
20 2
20 2
12 2
12 2
22 2
22 2
12 2
12 2
17 2
17 2
13 2
72 2
19 2
19 2
13 2
72 2
20 2
20 2
13 2
72 2
22 2
22 2
13 2
72 2
12 4
72 7
12 2
72 2
12 6
72 8
17 2
17 2
24 2
17 2
17 2
17 2
15 2
15 2
13 2
17 2
20 2
17 2
12 2
16 2
19 2
16 2
17 2
17 2
17 2
17 2
19 2
19 2
19 2
19 2
20 2
20 2
20 2
20 2
15 2
15 2
15 2
15 2
13 2
13 2
22 2
13 2
13 2
13 2
22 2
13 2
13 2
13 2
17 2
13 2
13 2
13 2
20 2
13 2
12 4
72 7
12 2
72 2
12 6
72 8
17 2
17 2
24 2
24 2
17 2
17 2
15 2
15 2
13 2
13 2
17 2
17 2
12 2
12 2
22 2
22 2
17 2
17 2
12 2
12 2
19 2
19 2
12 2
12 2
20 2
20 2
12 2
12 2
22 2
22 2
12 2
12 2
17 2
17 2
13 2
72 2
19 2
19 2
13 2
72 2
20 2
20 2
13 2
72 2
22 2
22 2
13 2
72 2
12 4
72 7
12 2
72 2
12 6
72 8
5 5
72 3
5 5
72 3
10 5
72 3
10 5
72 3
13 5
72 3
13 5
72 3
12 5
72 3
12 5
72 3
5 5
72 3
5 5
72 3
10 5
72 3
10 5
72 3
13 5
72 3
13 5
72 3
12 5
72 3
12 5
72 3
5 5
72 3
5 5
72 3
10 5
72 3
10 5
72 3
13 5
72 3
13 5
72 3
12 5
72 3
12 5
72 3
5 5
72 3
5 5
72 3
6 5
72 3
6 5
72 3
13 5
72 3
12 5
72 3
13 4
16 4
17 7
5 5
72 3
5 5
72 3
10 5
72 3
10 4
12 2
72 2
13 4
25 0
72 2
20 0
72 2
13 3
15 0
72 1
16 0
17 4
16 4
12 2
7 2
12 4
16 4
17 5
72 3
5 5
72 3
10 5
72 0
20 0
21 0
72 2
22 2
20 2
19 2
17 2
13 5
72 3
13 4
20 4
12 4
8 2
10 2
12 4
4 4
5 5
72 3
5 5
72 3
10 5
72 3
10 5
72 3
13 5
72 3
13 5
72 3
12 5
72 3
12 5
72 3
5 5
72 3
5 5
72 3
6 5
72 3
6 5
72 3
13 5
72 3
12 5
72 3
13 4
16 4
17 7
72 14
E
S
L
72 6
17 2
17 2
24 2
17 2
17 2
17 2
15 2
15 2
13 2
17 2
20 2
17 2
12 2
16 2
19 2
16 2
17 2
17 2
17 2
17 2
19 2
19 2
19 2
19 2
20 2
20 2
20 2
20 2
15 2
15 2
15 2
15 2
13 2
13 2
22 2
13 2
13 2
13 2
22 2
13 2
13 2
13 2
17 2
13 2
13 2
13 2
20 2
13 2
12 4
72 7
12 2
72 2
12 6
72 8
17 2
17 2
24 2
24 2
17 2
17 2
15 2
15 2
13 2
13 2
17 2
17 2
12 2
12 2
22 2
22 2
17 2
17 2
12 2
12 2
19 2
19 2
12 2
12 2
20 2
20 2
12 2
12 2
22 2
22 2
12 2
12 2
17 2
17 2
13 2
72 2
19 2
19 2
13 2
72 2
20 2
20 2
13 2
72 2
22 2
22 2
13 2
72 2
12 4
72 7
12 2
72 2
12 6
72 8
17 2
17 2
24 2
17 2
17 2
17 2
15 2
15 2
13 2
17 2
20 2
17 2
12 2
16 2
19 2
16 2
17 2
17 2
17 2
17 2
19 2
19 2
19 2
19 2
20 2
20 2
20 2
20 2
15 2
15 2
15 2
15 2
13 2
13 2
22 2
13 2
13 2
13 2
22 2
13 2
13 2
13 2
17 2
13 2
13 2
13 2
20 2
13 2
12 4
72 7
12 2
72 2
12 6
72 8
17 2
17 2
24 2
24 2
17 2
17 2
15 2
15 2
13 2
13 2
17 2
17 2
12 2
12 2
22 2
22 2
17 2
17 2
12 2
12 2
19 2
19 2
12 2
12 2
20 2
20 2
12 2
12 2
22 2
22 2
12 2
12 2
17 2
17 2
13 2
72 2
19 2
19 2
13 2
72 2
20 2
20 2
13 2
72 2
22 2
22 2
13 2
72 2
12 4
72 7
12 2
72 2
12 6
72 8
5 5
72 3
5 5
72 3
10 5
72 3
10 5
72 3
13 5
72 3
13 5
72 3
12 5
72 3
12 5
72 3
5 5
72 3
5 5
72 3
10 5
72 3
10 5
72 3
13 5
72 3
13 5
72 3
12 5
72 3
12 5
72 3
5 5
72 3
5 5
72 3
10 5
72 3
10 5
72 3
13 5
72 3
13 5
72 3
12 5
72 3
12 5
72 3
5 5
72 3
5 5
72 3
6 5
72 3
6 5
72 3
13 5
72 3
12 5
72 3
13 4
16 4
17 7
5 5
72 3
5 5
72 3
10 5
72 3
10 4
12 2
72 2
13 4
25 0
72 2
20 0
72 2
13 3
15 0
72 1
16 0
17 4
16 4
12 2
7 2
12 4
16 4
17 5
72 3
5 5
72 3
10 5
72 0
20 0
72 1
21 0
72 0
22 2
20 2
19 2
17 2
13 5
72 3
13 4
20 4
12 4
8 2
10 2
12 4
4 4
5 5
72 3
5 5
72 3
10 5
72 3
10 5
72 3
13 5
72 3
13 5
72 3
12 5
72 3
12 5
72 3
5 5
72 3
5 5
72 3
6 5
72 3
6 5
72 3
13 5
72 3
12 5
72 3
13 4
16 4
17 7
72 14
E
S
H
1313 11
1314 7
189 7
1313 11
346 7
1157 7
306 7
1314 7
1314 7
1314 7
1157 11
189 11
1313 11
346 7
1157 7
202 11
1314 7
189 7
1314 7
634 7
922 7
346 7
1157 11
189 11
202 11
1314 7
189 7
1313 11
346 7
1157 7
306 7
1314 7
1314 7
1314 7
1157 11
189 11
1313 11
346 7
1157 7
202 11
1314 7
189 7
1314 7
634 7
922 7
346 7
1157 11
1157 11
161 11
370 11
1314 11
189 11
161 11
370 11
1314 11
189 11
161 11
370 11
1314 11
189 11
161 11
1614 11
1314 7
189 7
1157 4
1629 4
829 7
1313 11
370 11
1314 11
189 11
1313 11
370 11
306 11
1157 11
1313 11
370 11
306 11
1157 11
161 11
1614 11
1314 7
189 7
1157 4
1629 4
829 7
72 14
189 13
E
S
H
202 11
346 7
1157 7
202 11
1314 7
189 7
1314 7
634 7
922 7
346 7
189 11
1157 11
202 11
1314 7
189 7
1313 11
346 7
1157 7
306 7
1314 7
1314 7
1314 7
189 11
1157 11
1313 11
346 7
1157 7
202 11
1314 7
189 7
1314 7
634 7
922 7
346 7
189 11
1157 11
202 11
1314 7
189 7
1313 11
346 7
1157 7
306 7
1314 7
1314 7
1314 7
189 11
149 11
1313 11
1602 11
306 11
1157 11
1313 11
1602 11
306 11
1157 11
1313 11
1602 11
306 11
1157 11
1313 11
371 11
306 7
149 7
189 4
804 4
202 7
161 11
1602 11
306 11
1157 11
161 11
1602 11
1314 11
189 11
161 11
1602 11
1314 11
189 11
1313 11
371 11
306 7
149 7
189 4
804 4
202 7
72 14
684 13
E
X
