major
S
H
72 14
28 7
26 11
28 7
21 7
33 7
32 7
30 11
37 7
40 11
39 7
32 12
72 7
33 2
72 2
37 2
72 2
40 2
72 2
44 2
72 11
42 2
72 2
44 2
72 11
42 2
72 2
40 2
72 11
38 2
72 2
40 2
72 8
33 2
72 2
37 2
72 2
40 2
72 2
44 2
72 11
42 2
72 2
44 2
72 11
42 2
72 2
40 2
72 11
38 2
72 2
40 2
72 10
32 7
33 11
35 7
37 11
40 7
44 9
45 2
44 2
42 7
40 11
37 7
33 9
35 4
37 5
35 2
37 2
35 11
33 7
35 13
32 7
33 11
35 7
37 11
40 7
44 9
45 2
44 2
42 7
40 11
37 7
33 9
35 4
37 5
35 2
37 2
35 11
33 7
35 13
72 4
45 2
72 8
45 2
72 6
45 2
72 2
47 2
72 8
47 2
72 6
47 2
72 2
45 2
72 8
45 2
72 6
45 2
72 2
47 2
72 8
47 2
72 6
47 2
72 2
45 2
72 8
45 2
72 6
45 2
72 2
47 2
72 8
47 2
72 6
47 2
72 2
45 2
72 8
45 2
72 6
45 2
72 2
45 2
72 8
45 2
72 2
44 2
72 2
45 2
72 2
47 2
72 8
33 2
72 2
37 2
72 2
40 2
72 2
44 2
72 11
42 2
72 2
44 2
72 11
42 2
72 2
40 2
72 11
38 2
72 2
40 2
72 8
33 2
72 2
37 2
72 2
40 2
72 2
44 2
72 11
42 2
72 2
44 2
72 11
42 2
72 2
40 2
72 11
38 2
72 2
40 2
72 10
32 7
33 11
35 7
37 11
40 7
44 9
45 2
44 2
42 7
40 11
37 7
33 9
35 4
37 5
35 2
37 2
35 11
33 7
35 13
32 7
33 11
35 7
37 11
40 7
44 9
45 2
44 2
42 7
40 11
37 7
33 9
35 4
37 5
35 2
37 2
35 11
33 7
35 13
72 4
45 2
72 8
45 2
72 6
45 2
72 2
47 2
72 8
47 2
72 6
47 2
72 2
45 2
72 8
45 2
72 6
45 2
72 2
47 2
72 8
47 2
72 6
47 2
72 2
45 2
72 8
45 2
72 6
45 2
72 2
47 2
72 8
47 2
72 6
47 2
72 2
45 2
72 8
45 2
72 6
45 2
72 2
45 2
72 8
45 2
72 2
44 2
72 2
45 2
72 2
47 2
72 8
33 2
72 2
37 2
72 2
40 2
E
S
L
72 14
21 11
20 7
18 11
16 7
14 11
15 7
16 11
23 7
16 4
72 11
21 4
72 4
28 4
72 9
18 4
72 4
25 4
72 9
14 4
72 4
21 4
72 9
16 4
72 4
23 4
72 9
21 4
72 4
28 4
72 9
18 4
72 4
25 4
72 9
14 4
72 4
21 4
72 9
16 4
72 4
23 4
72 9
18 4
18 4
72 4
25 7
18 2
72 2
16 4
16 4
72 4
23 7
16 2
72 2
14 4
14 4
72 4
21 7
26 2
72 2
25 4
25 4
72 4
20 7
25 2
72 2
23 4
23 4
72 4
18 7
23 2
72 2
19 4
19 4
72 4
14 7
19 2
72 2
16 4
16 4
72 4
23 7
28 2
72 2
20 4
21 4
23 4
20 7
16 2
72 2
18 4
18 4
72 4
25 7
18 2
72 2
16 4
16 4
72 4
23 7
16 2
72 2
14 4
14 4
72 4
21 7
26 2
72 2
25 4
25 4
72 4
20 7
25 2
72 2
23 4
23 4
72 4
18 7
23 2
72 2
19 4
19 4
72 4
14 7
19 2
72 2
16 4
23 2
72 2
28 4
30 4
28 4
23 2
72 2
20 4
21 4
23 6
21 0
23 0
72 2
21 4
20 4
18 2
72 2
18 2
72 2
25 2
72 2
18 2
72 6
18 2
72 2
19 2
72 2
19 2
72 2
26 2
72 2
31 2
72 2
30 2
72 2
26 2
72 2
18 2
72 2
18 2
72 2
25 2
72 2
18 2
72 6
18 2
72 2
19 2
72 2
19 2
72 2
26 2
72 2
19 2
72 6
19 2
72 2
18 2
72 2
18 2
72 2
25 2
72 2
18 2
72 6
18 2
72 2
19 2
72 2
19 2
72 2
26 2
72 2
19 2
72 6
19 2
72 2
14 2
72 2
14 2
72 6
21 2
72 6
26 2
72 2
16 2
72 2
16 2
72 6
28 2
72 6
23 2
72 2
16 2
72 12
21 4
72 4
28 4
72 9
18 4
72 4
25 4
72 9
14 4
72 4
21 4
72 9
16 4
72 4
23 4
72 9
21 4
72 4
28 4
72 9
18 4
72 4
25 4
72 9
14 4
72 4
21 4
72 9
16 4
72 4
23 4
72 9
18 4
18 4
72 4
25 7
18 2
72 2
16 4
16 4
72 4
23 7
16 2
72 2
14 4
14 4
72 4
21 7
26 2
72 2
25 4
25 4
72 4
20 7
25 2
72 2
23 4
23 4
72 4
18 7
23 2
72 2
19 4
19 4
72 4
14 7
19 2
72 2
16 4
16 4
72 4
23 7
28 2
72 2
20 4
21 4
23 4
20 7
16 2
72 2
18 4
18 4
72 4
25 7
18 2
72 2
16 4
16 4
72 4
23 7
16 2
72 2
14 4
14 4
72 4
21 7
26 2
72 2
25 4
25 4
72 4
20 7
25 2
72 2
23 4
23 4
72 4
18 7
23 2
72 2
19 4
19 4
72 4
14 7
19 2
72 2
16 4
23 2
72 2
28 4
30 4
28 4
23 2
72 2
20 4
21 4
23 6
21 0
23 0
72 2
21 4
20 4
18 2
72 2
18 2
72 2
25 2
72 2
18 2
72 6
18 2
72 2
19 2
72 2
19 2
72 2
26 2
72 2
31 2
72 2
30 2
72 2
26 2
72 2
18 2
72 2
18 2
72 2
25 2
72 2
18 2
72 6
18 2
72 2
19 2
72 2
19 2
72 2
26 2
72 2
19 2
72 6
19 2
72 2
18 2
72 2
18 2
72 2
25 2
72 2
18 2
72 6
18 2
72 2
19 2
72 2
19 2
72 2
26 2
72 2
19 2
72 6
19 2
72 2
14 2
72 2
14 2
72 6
21 2
72 6
26 2
72 2
16 2
72 2
16 2
72 6
28 2
72 6
23 2
72 2
16 2
E
S
H
72 14
44 7
45 11
47 7
49 11
52 7
56 9
57 2
56 2
54 7
52 11
49 7
45 9
47 4
49 5
47 2
49 2
47 11
45 7
47 13
44 7
45 11
47 7
49 11
52 7
56 9
57 2
56 2
54 7
52 11
49 7
45 9
47 4
49 5
47 2
49 2
47 11
45 7
47 13
72 4
52 11
49 7
47 10
49 0
47 0
72 2
45 4
47 4
52 11
49 7
50 6
52 0
53 0
72 2
54 10
72 2
52 11
49 7
47 10
49 0
47 0
72 2
45 4
47 4
45 11
42 4
45 4
52 12
50 0
49 0
72 2
47 2
72 14
44 7
45 11
47 7
49 11
52 7
56 9
57 2
56 2
54 7
52 11
49 7
45 9
47 4
49 5
47 2
49 2
47 11
45 7
47 13
44 7
45 11
47 7
49 11
52 7
56 9
57 2
56 2
54 7
52 11
49 7
45 9
47 4
49 5
47 2
49 2
47 11
45 7
47 13
72 4
52 11
49 7
47 10
49 0
47 0
72 2
45 4
47 4
52 11
49 7
50 6
52 0
53 0
72 2
54 10
72 2
52 11
49 7
47 10
49 0
47 0
72 2
45 4
47 4
45 11
42 4
45 4
52 12
50 0
49 0
72 2
47 2
E
S
H
72 14
33 2
72 2
37 2
72 2
40 2
72 2
40 0
44 0
72 2
40 0
72 0
44 0
72 1
40 0
72 1
44 0
72 0
40 0
44 0
72 2
40 0
72 9
42 2
72 2
40 0
44 0
72 2
40 0
72 0
44 0
72 1
40 0
72 1
44 0
72 0
40 0
44 0
72 2
40 0
72 9
42 2
72 2
37 0
40 0
72 2
37 0
72 0
40 0
72 1
37 0
72 1
40 0
72 0
37 0
40 0
72 2
37 0
72 9
38 2
72 2
35 0
40 0
72 2
35 0
72 0
40 0
72 1
35 0
72 1
40 0
72 0
35 0
40 0
72 2
35 0
72 4
33 2
72 2
37 2
72 2
40 2
72 2
40 0
44 0
72 2
40 0
72 0
44 0
72 1
40 0
72 1
44 0
72 0
40 0
44 0
72 2
40 0
72 9
42 2
72 2
40 0
44 0
72 2
40 0
72 0
44 0
72 1
40 0
72 1
44 0
72 0
40 0
44 0
72 2
40 0
72 9
42 2
72 2
37 0
40 0
72 2
37 0
72 0
40 0
72 1
37 0
72 1
40 0
72 0
37 0
40 0
72 2
37 0
72 9
38 2
72 2
35 0
40 0
72 2
35 0
72 0
40 0
72 1
35 0
72 1
40 0
72 0
35 0
40 0
72 2
35 0
72 11
42 0
45 0
72 2
42 0
72 0
45 0
72 1
42 0
72 1
45 0
72 0
42 0
45 0
72 2
42 0
45 0
72 2
42 0
72 0
45 0
72 1
42 0
72 1
45 0
72 0
42 0
45 0
72 2
42 0
45 0
72 2
42 0
72 0
45 0
72 1
42 0
72 1
45 0
72 0
42 0
45 0
72 2
40 0
44 0
72 2
40 0
72 0
44 0
72 1
40 0
72 1
44 0
72 0
40 0
44 0
72 2
40 0
44 0
72 2
40 0
72 0
44 0
72 1
40 0
72 1
44 0
72 0
40 0
44 0
72 2
40 0
44 0
72 2
40 0
72 0
44 0
72 1
40 0
72 1
44 0
72 0
40 0
44 0
72 2
40 0
44 0
72 2
40 0
72 0
44 0
72 1
40 0
72 1
44 0
72 0
40 0
44 0
72 2
40 0
44 0
72 2
40 0
72 0
44 0
72 1
40 0
72 1
44 0
72 0
40 0
44 0
72 2
38 0
42 0
72 2
38 0
72 0
42 0
72 1
38 0
72 1
42 0
72 0
38 0
42 0
72 2
37 0
40 0
72 2
37 0
72 0
40 0
72 1
37 0
72 1
40 0
72 0
37 0
40 0
72 2
37 0
40 0
72 2
37 0
72 0
40 0
72 1
37 0
72 1
40 0
72 0
37 0
40 0
72 2
37 0
40 0
72 2
37 0
72 0
40 0
72 1
37 0
72 1
40 0
72 0
37 0
40 0
72 2
38 0
42 0
72 2
38 0
72 0
42 0
72 1
38 0
72 1
42 0
72 0
38 0
42 0
72 2
38 0
42 0
72 2
38 0
72 0
42 0
72 1
38 0
72 1
42 0
72 0
38 0
42 0
72 2
38 0
42 0
72 2
38 0
72 0
42 0
72 1
38 0
72 1
42 0
72 0
38 0
42 0
72 2
35 0
42 0
72 2
35 0
72 0
42 0
72 1
35 0
72 1
42 0
72 0
35 0
42 0
72 2
35 0
42 0
72 2
35 0
72 0
42 0
72 1
35 0
72 1
42 0
72 0
35 0
42 0
72 2
35 0
42 0
72 2
35 0
72 0
42 0
72 1
35 0
72 1
42 0
72 0
35 0
42 0
72 2
35 0
40 0
72 2
35 0
72 0
40 0
72 1
35 0
72 1
40 0
72 0
35 0
40 0
72 2
35 0
40 0
72 2
35 0
72 0
40 0
72 1
35 0
72 1
40 0
72 0
35 0
40 0
72 2
35 0
40 0
72 2
35 0
72 0
40 0
72 1
35 0
72 1
40 0
72 0
35 0
40 0
72 2
35 0
40 0
72 2
35 0
72 0
40 0
72 1
35 0
72 1
40 0
72 0
35 0
40 0
72 2
35 0
40 0
72 2
35 0
72 0
40 0
72 1
35 0
72 1
40 0
72 0
35 0
40 0
72 2
35 0
40 0
72 2
35 0
72 0
40 0
72 1
35 0
72 1
40 0
72 0
35 0
40 0
72 2
42 0
45 0
72 2
42 0
72 0
45 0
72 1
42 0
72 1
45 0
72 0
42 0
45 0
72 2
42 0
45 0
72 2
42 0
72 0
45 0
72 1
42 0
72 1
45 0
72 0
42 0
45 0
72 2
42 0
45 0
72 2
42 0
72 0
45 0
72 1
42 0
72 1
45 0
72 0
42 0
45 0
72 2
40 0
44 0
72 2
40 0
72 0
44 0
72 1
40 0
72 1
44 0
72 0
40 0
44 0
72 2
40 0
44 0
72 2
40 0
72 0
44 0
72 1
40 0
72 1
44 0
72 0
40 0
44 0
72 2
40 0
44 0
72 2
40 0
72 0
44 0
72 1
40 0
72 1
44 0
72 0
40 0
44 0
72 2
40 0
44 0
72 2
40 0
72 0
44 0
72 1
40 0
72 1
44 0
72 0
40 0
44 0
72 2
40 0
44 0
72 2
40 0
72 0
44 0
72 1
40 0
72 1
44 0
72 0
40 0
44 0
72 2
38 0
42 0
72 2
38 0
72 0
42 0
72 1
38 0
72 1
42 0
72 0
38 0
42 0
72 2
37 0
40 0
72 2
37 0
72 0
40 0
72 1
37 0
72 1
40 0
72 0
37 0
40 0
72 2
37 0
40 0
72 2
37 0
72 0
40 0
72 1
37 0
72 1
40 0
72 0
37 0
40 0
72 2
37 0
40 0
72 2
37 0
72 0
40 0
72 1
37 0
72 1
40 0
72 0
37 0
40 0
72 2
38 0
42 0
72 2
38 0
72 0
42 0
72 1
38 0
72 1
42 0
72 0
38 0
42 0
72 2
38 0
42 0
72 2
38 0
72 0
42 0
72 1
38 0
72 1
42 0
72 0
38 0
42 0
72 2
38 0
42 0
72 2
38 0
72 0
42 0
72 1
38 0
72 1
42 0
72 0
38 0
42 0
72 2
35 0
42 0
72 2
35 0
72 0
42 0
72 1
35 0
72 1
42 0
72 0
35 0
42 0
72 2
35 0
42 0
72 2
35 0
72 0
42 0
72 1
35 0
72 1
42 0
72 0
35 0
42 0
72 2
35 0
42 0
72 2
35 0
72 0
42 0
72 1
35 0
72 1
42 0
72 0
35 0
42 0
72 2
35 0
40 0
72 2
35 0
72 0
40 0
72 1
35 0
72 1
40 0
72 0
35 0
40 0
72 2
35 0
40 0
72 2
35 0
72 0
40 0
72 1
35 0
72 1
40 0
72 0
35 0
40 0
72 2
35 0
40 0
72 2
35 0
72 0
40 0
72 1
35 0
72 1
40 0
72 0
35 0
40 0
72 2
35 0
40 0
72 2
35 0
72 0
40 0
72 1
35 0
72 1
40 0
72 0
35 0
40 0
72 2
35 0
40 0
72 2
35 0
72 0
40 0
72 1
35 0
72 1
40 0
72 0
35 0
40 0
72 2
35 0
40 0
72 2
35 0
72 0
40 0
72 1
35 0
72 1
40 0
72 0
35 0
40 0
72 2
40 2
72 2
213 2
72 6
213 2
72 6
213 2
72 2
42 2
72 2
239 2
72 6
239 2
72 6
239 2
72 2
40 2
72 2
213 2
72 6
213 2
72 6
213 2
72 2
42 2
72 2
239 2
72 6
239 2
72 6
239 2
72 2
40 2
72 2
213 2
72 6
213 2
72 6
213 2
72 2
42 2
72 2
239 2
72 6
239 2
72 6
239 2
72 2
38 2
72 2
211 2
72 6
211 2
72 6
211 2
72 2
40 2
72 2
213 2
72 6
213 2
72 6
213 2
72 2
237 2
72 8
33 2
72 2
37 2
72 2
40 2
72 2
40 0
44 0
72 2
40 0
72 0
44 0
72 1
40 0
72 1
44 0
72 0
40 0
44 0
72 2
40 0
72 9
42 2
72 2
40 0
44 0
72 2
40 0
72 0
44 0
72 1
40 0
72 1
44 0
72 0
40 0
44 0
72 2
40 0
72 9
42 2
72 2
37 0
40 0
72 2
37 0
72 0
40 0
72 1
37 0
72 1
40 0
72 0
37 0
40 0
72 2
37 0
72 9
38 2
72 2
35 0
40 0
72 2
35 0
72 0
40 0
72 1
35 0
72 1
40 0
72 0
35 0
40 0
72 2
35 0
72 4
33 2
72 2
37 2
72 2
40 2
72 2
40 0
44 0
72 2
40 0
72 0
44 0
72 1
40 0
72 1
44 0
72 0
40 0
44 0
72 2
40 0
72 9
42 2
72 2
40 0
44 0
72 2
40 0
72 0
44 0
72 1
40 0
72 1
44 0
72 0
40 0
44 0
72 2
40 0
72 9
42 2
72 2
37 0
40 0
72 2
37 0
72 0
40 0
72 1
37 0
72 1
40 0
72 0
37 0
40 0
72 2
37 0
72 9
38 2
72 2
35 0
40 0
72 2
35 0
72 0
40 0
72 1
35 0
72 1
40 0
72 0
35 0
40 0
72 2
35 0
72 11
42 0
45 0
72 2
42 0
72 0
45 0
72 1
42 0
72 1
45 0
72 0
42 0
45 0
72 2
42 0
45 0
72 2
42 0
72 0
45 0
72 1
42 0
72 1
45 0
72 0
42 0
45 0
72 2
42 0
45 0
72 2
42 0
72 0
45 0
72 1
42 0
72 1
45 0
72 0
42 0
45 0
72 2
40 0
44 0
72 2
40 0
72 0
44 0
72 1
40 0
72 1
44 0
72 0
40 0
44 0
72 2
40 0
44 0
72 2
40 0
72 0
44 0
72 1
40 0
72 1
44 0
72 0
40 0
44 0
72 2
40 0
44 0
72 2
40 0
72 0
44 0
72 1
40 0
72 1
44 0
72 0
40 0
44 0
72 2
40 0
44 0
72 2
40 0
72 0
44 0
72 1
40 0
72 1
44 0
72 0
40 0
44 0
72 2
40 0
44 0
72 2
40 0
72 0
44 0
72 1
40 0
72 1
44 0
72 0
40 0
44 0
72 2
38 0
42 0
72 2
38 0
72 0
42 0
72 1
38 0
72 1
42 0
72 0
38 0
42 0
72 2
37 0
40 0
72 2
37 0
72 0
40 0
72 1
37 0
72 1
40 0
72 0
37 0
40 0
72 2
37 0
40 0
72 2
37 0
72 0
40 0
72 1
37 0
72 1
40 0
72 0
37 0
40 0
72 2
37 0
40 0
72 2
37 0
72 0
40 0
72 1
37 0
72 1
40 0
72 0
37 0
40 0
72 2
38 0
42 0
72 2
38 0
72 0
42 0
72 1
38 0
72 1
42 0
72 0
38 0
42 0
72 2
38 0
42 0
72 2
38 0
72 0
42 0
72 1
38 0
72 1
42 0
72 0
38 0
42 0
72 2
38 0
42 0
72 2
38 0
72 0
42 0
72 1
38 0
72 1
42 0
72 0
38 0
42 0
72 2
35 0
42 0
72 2
35 0
72 0
42 0
72 1
35 0
72 1
42 0
72 0
35 0
42 0
72 2
35 0
42 0
72 2
35 0
72 0
42 0
72 1
35 0
72 1
42 0
72 0
35 0
42 0
72 2
35 0
42 0
72 2
35 0
72 0
42 0
72 1
35 0
72 1
42 0
72 0
35 0
42 0
72 2
35 0
40 0
72 2
35 0
72 0
40 0
72 1
35 0
72 1
40 0
72 0
35 0
40 0
72 2
35 0
40 0
72 2
35 0
72 0
40 0
72 1
35 0
72 1
40 0
72 0
35 0
40 0
72 2
35 0
40 0
72 2
35 0
72 0
40 0
72 1
35 0
72 1
40 0
72 0
35 0
40 0
72 2
35 0
40 0
72 2
35 0
72 0
40 0
72 1
35 0
72 1
40 0
72 0
35 0
40 0
72 2
35 0
40 0
72 2
35 0
72 0
40 0
72 1
35 0
72 1
40 0
72 0
35 0
40 0
72 2
35 0
40 0
72 2
35 0
72 0
40 0
72 1
35 0
72 1
40 0
72 0
35 0
40 0
72 2
42 0
45 0
72 2
42 0
72 0
45 0
72 1
42 0
72 1
45 0
72 0
42 0
45 0
72 2
42 0
45 0
72 2
42 0
72 0
45 0
72 1
42 0
72 1
45 0
72 0
42 0
45 0
72 2
42 0
45 0
72 2
42 0
72 0
45 0
72 1
42 0
72 1
45 0
72 0
42 0
45 0
72 2
40 0
44 0
72 2
40 0
72 0
44 0
72 1
40 0
72 1
44 0
72 0
40 0
44 0
72 2
40 0
44 0
72 2
40 0
72 0
44 0
72 1
40 0
72 1
44 0
72 0
40 0
44 0
72 2
40 0
44 0
72 2
40 0
72 0
44 0
72 1
40 0
72 1
44 0
72 0
40 0
44 0
72 2
40 0
44 0
72 2
40 0
72 0
44 0
72 1
40 0
72 1
44 0
72 0
40 0
44 0
72 2
40 0
44 0
72 2
40 0
72 0
44 0
72 1
40 0
72 1
44 0
72 0
40 0
44 0
72 2
38 0
42 0
72 2
38 0
72 0
42 0
72 1
38 0
72 1
42 0
72 0
38 0
42 0
72 2
37 0
40 0
72 2
37 0
72 0
40 0
72 1
37 0
72 1
40 0
72 0
37 0
40 0
72 2
37 0
40 0
72 2
37 0
72 0
40 0
72 1
37 0
72 1
40 0
72 0
37 0
40 0
72 2
37 0
40 0
72 2
37 0
72 0
40 0
72 1
37 0
72 1
40 0
72 0
37 0
40 0
72 2
38 0
42 0
72 2
38 0
72 0
42 0
72 1
38 0
72 1
42 0
72 0
38 0
42 0
72 2
38 0
42 0
72 2
38 0
72 0
42 0
72 1
38 0
72 1
42 0
72 0
38 0
42 0
72 2
38 0
42 0
72 2
38 0
72 0
42 0
72 1
38 0
72 1
42 0
72 0
38 0
42 0
72 2
35 0
42 0
72 2
35 0
72 0
42 0
72 1
35 0
72 1
42 0
72 0
35 0
42 0
72 2
35 0
42 0
72 2
35 0
72 0
42 0
72 1
35 0
72 1
42 0
72 0
35 0
42 0
72 2
35 0
42 0
72 2
35 0
72 0
42 0
72 1
35 0
72 1
42 0
72 0
35 0
42 0
72 2
35 0
40 0
72 2
35 0
72 0
40 0
72 1
35 0
72 1
40 0
72 0
35 0
40 0
72 2
35 0
40 0
72 2
35 0
72 0
40 0
72 1
35 0
72 1
40 0
72 0
35 0
40 0
72 2
35 0
40 0
72 2
35 0
72 0
40 0
72 1
35 0
72 1
40 0
72 0
35 0
40 0
72 2
35 0
40 0
72 2
35 0
72 0
40 0
72 1
35 0
72 1
40 0
72 0
35 0
40 0
72 2
35 0
40 0
72 2
35 0
72 0
40 0
72 1
35 0
72 1
40 0
72 0
35 0
40 0
72 2
35 0
40 0
72 2
35 0
72 0
40 0
72 1
35 0
72 1
40 0
72 0
35 0
40 0
72 2
40 2
72 2
213 2
72 6
213 2
72 6
213 2
72 2
42 2
72 2
239 2
72 6
239 2
72 6
239 2
72 2
40 2
72 2
213 2
72 6
213 2
72 6
213 2
72 2
42 2
72 2
239 2
72 6
239 2
72 6
239 2
72 2
40 2
72 2
213 2
72 6
213 2
72 6
213 2
72 2
42 2
72 2
239 2
72 6
239 2
72 6
239 2
72 2
38 2
72 2
211 2
72 6
211 2
72 6
211 2
72 2
40 2
72 2
213 2
72 6
213 2
72 6
213 2
72 2
237 2
72 8
33 2
72 2
37 2
72 2
40 2
E
S
H
72 14
45 11
47 11
52 11
72 6
45 11
47 11
52 11
72 6
45 11
47 11
52 11
72 6
45 11
47 11
52 11
72 6
45 11
47 11
52 11
72 6
45 11
47 11
52 11
72 6
45 11
47 11
52 11
72 6
45 11
47 11
52 11
72 14
45 11
47 11
52 11
72 6
45 11
47 11
52 11
72 6
45 11
47 11
52 11
72 6
45 11
47 11
52 11
72 6
45 11
47 11
52 11
72 6
45 11
47 11
52 11
72 6
45 11
47 11
52 11
72 6
45 11
47 11
52 11
E
S
L
72 14
242 0
72 4
122 0
72 11
242 0
72 4
122 0
72 11
242 0
72 4
122 0
72 11
242 0
72 4
242 0
72 11
242 0
72 4
122 0
72 11
242 0
72 4
122 0
72 11
242 0
72 4
122 0
72 11
242 0
72 4
242 0
72 11
215 2
72 2
215 2
72 6
215 2
72 6
215 2
72 2
201 2
72 2
201 2
72 6
201 2
72 6
201 2
72 2
213 2
72 2
213 2
72 6
213 2
72 6
213 2
72 2
124 2
72 2
124 2
72 6
124 2
72 6
124 2
72 2
215 2
72 2
215 2
72 6
215 2
72 6
215 2
72 2
240 2
72 2
240 2
72 6
240 2
72 6
240 2
72 2
213 2
72 2
213 2
72 6
213 2
72 6
213 2
72 2
201 2
72 2
201 2
72 6
201 2
72 6
201 2
72 2
215 2
72 2
215 2
72 6
215 2
72 6
215 2
72 2
201 2
72 2
201 2
72 6
201 2
72 6
201 2
72 2
213 2
72 2
213 2
72 6
213 2
72 6
213 2
72 2
124 2
72 2
124 2
72 6
124 2
72 6
124 2
72 2
215 2
72 2
215 2
72 6
215 2
72 6
215 2
72 2
240 2
72 2
240 2
72 6
240 2
72 6
240 2
72 2
213 2
72 2
213 2
72 6
213 2
72 6
213 2
72 2
201 2
72 2
201 2
72 6
201 2
72 6
201 2
72 2
215 2
72 8
215 2
72 6
215 2
72 2
240 2
72 6
240 2
72 8
240 2
72 2
215 2
72 8
215 2
72 6
215 2
72 2
240 2
72 6
240 2
72 8
240 2
72 2
215 2
72 8
215 2
72 6
215 2
72 2
240 2
72 6
240 2
72 8
240 2
72 2
215 2
72 8
215 2
72 6
215 2
72 2
213 2
72 6
213 2
72 8
213 2
72 2
201 2
72 12
242 0
72 4
122 0
72 11
242 0
72 4
122 0
72 11
242 0
72 4
122 0
72 11
242 0
72 4
242 0
72 11
242 0
72 4
122 0
72 11
242 0
72 4
122 0
72 11
242 0
72 4
122 0
72 11
242 0
72 4
242 0
72 11
215 2
72 2
215 2
72 6
215 2
72 6
215 2
72 2
201 2
72 2
201 2
72 6
201 2
72 6
201 2
72 2
213 2
72 2
213 2
72 6
213 2
72 6
213 2
72 2
124 2
72 2
124 2
72 6
124 2
72 6
124 2
72 2
215 2
72 2
215 2
72 6
215 2
72 6
215 2
72 2
240 2
72 2
240 2
72 6
240 2
72 6
240 2
72 2
213 2
72 2
213 2
72 6
213 2
72 6
213 2
72 2
201 2
72 2
201 2
72 6
201 2
72 6
201 2
72 2
215 2
72 2
215 2
72 6
215 2
72 6
215 2
72 2
201 2
72 2
201 2
72 6
201 2
72 6
201 2
72 2
213 2
72 2
213 2
72 6
213 2
72 6
213 2
72 2
124 2
72 2
124 2
72 6
124 2
72 6
124 2
72 2
215 2
72 2
215 2
72 6
215 2
72 6
215 2
72 2
240 2
72 2
240 2
72 6
240 2
72 6
240 2
72 2
213 2
72 2
213 2
72 6
213 2
72 6
213 2
72 2
201 2
72 2
201 2
72 6
201 2
72 6
201 2
72 2
215 2
72 8
215 2
72 6
215 2
72 2
240 2
72 6
240 2
72 8
240 2
72 2
215 2
72 8
215 2
72 6
215 2
72 2
240 2
72 6
240 2
72 8
240 2
72 2
215 2
72 8
215 2
72 6
215 2
72 2
240 2
72 6
240 2
72 8
240 2
72 2
215 2
72 8
215 2
72 6
215 2
72 2
213 2
72 6
213 2
72 8
213 2
72 2
201 2
E
X
