major
S
H
72 12
72 3
72 5
69 10
66 10
62 9
72 0
69 11
66 11
62 10
72 2
71 11
68 10
64 11
E
S
H
72 5
72 0
72 14
40 12
41 13
43 12
45 11
43 11
72 1
40 12
41 13
43 12
45 12
43 4
45 4
41 13
43 13
45 13
41 14
43 13
45 13
41 14
43 13
45 13
41 14
43 13
45 13
41 14
43 13
45 13
41 14
43 13
45 13
E
S
H
72 9
72 2
72 14
218 14
101 12
101 11
101 11
218 14
101 12
101 4
72 4
101 4
72 4
101 4
72 4
101 4
101 4
72 9
101 4
72 7
101 4
72 4
101 2
101 3
72 7
101 4
72 7
101 4
72 4
101 2
101 2
72 7
101 4
72 7
101 4
72 4
101 2
101 2
72 7
192 4
72 4
218 6
192 6
127 4
72 7
101 4
72 7
101 4
72 4
101 2
101 3
72 7
101 4
72 7
101 4
72 4
101 2
101 2
72 7
101 4
72 7
101 4
72 4
101 2
101 2
72 7
192 4
72 4
218 6
192 6
127 4
72 7
101 4
72 7
101 4
72 4
101 2
101 3
72 7
101 4
72 7
101 4
72 4
101 2
101 2
72 7
101 4
72 7
101 4
72 4
101 2
101 2
72 7
192 4
72 4
218 6
192 6
127 4
72 7
101 4
72 7
101 4
72 4
101 2
101 3
72 7
101 4
72 7
101 4
72 4
101 2
101 2
72 7
101 4
72 7
101 4
72 4
101 2
101 2
72 7
192 4
72 4
218 6
192 6
127 4
72 7
101 4
72 7
101 4
72 4
101 2
101 3
72 7
101 4
72 7
101 4
72 4
101 2
101 2
72 7
101 4
72 7
101 4
72 4
101 2
101 2
72 7
192 4
72 4
218 6
192 6
127 4
72 7
101 4
72 7
101 4
72 4
101 2
101 3
72 7
101 4
72 7
101 4
72 4
101 2
101 2
72 7
101 4
72 7
101 4
72 4
101 2
101 2
72 7
192 4
72 4
218 6
192 6
127 4
E
S
L
72 11
72 14
110 0
72 2
110 0
72 2
110 0
72 2
110 0
72 2
686 0
72 2
686 0
72 2
686 0
72 2
686 0
72 6
686 0
72 2
686 0
72 2
686 0
72 2
686 0
72 6
686 0
72 2
686 0
72 2
686 0
72 2
686 0
72 2
686 0
72 2
686 0
72 2
686 0
72 2
686 0
72 6
686 0
72 2
686 0
72 2
686 0
72 2
686 0
72 6
686 0
72 2
686 0
72 2
686 0
72 2
686 0
72 2
686 0
72 2
686 0
72 2
686 0
72 2
686 0
72 6
686 0
72 2
686 0
72 2
686 0
72 2
686 0
72 6
686 0
72 2
686 0
72 2
686 0
72 2
686 0
72 2
686 0
72 2
686 0
72 2
686 0
72 2
686 0
72 6
686 0
72 2
686 0
72 11
686 0
72 2
686 0
72 2
686 0
72 2
686 0
72 6
686 0
72 2
686 0
72 2
686 0
72 2
686 0
72 6
686 0
72 2
686 0
72 2
686 0
72 2
686 0
72 2
686 0
72 2
686 0
72 2
686 0
72 2
686 0
72 6
686 0
72 2
686 0
72 2
686 0
72 2
686 0
72 6
686 0
72 2
686 0
72 2
686 0
72 2
686 0
72 2
686 0
72 2
686 0
72 2
686 0
72 2
686 0
72 6
686 0
72 2
686 0
72 2
686 0
72 2
686 0
72 6
686 0
72 2
686 0
72 2
686 0
72 2
686 0
72 2
686 0
72 2
686 0
72 2
686 0
72 2
686 0
72 6
686 0
72 2
686 0
72 11
686 0
72 2
686 0
72 2
686 0
72 2
686 0
72 6
686 0
72 2
686 0
72 2
686 0
72 2
686 0
72 6
686 0
72 2
686 0
72 2
686 0
72 2
686 0
72 2
686 0
72 2
686 0
72 2
686 0
72 2
686 0
72 6
686 0
72 2
686 0
72 2
686 0
72 2
686 0
72 6
686 0
72 2
686 0
72 2
686 0
72 2
686 0
72 2
686 0
72 2
686 0
72 2
686 0
72 2
686 0
72 6
686 0
72 2
686 0
72 2
686 0
72 2
686 0
72 6
686 0
72 2
686 0
72 2
686 0
72 2
686 0
72 2
686 0
72 2
686 0
72 2
686 0
72 2
686 0
72 6
686 0
72 2
686 0
72 11
686 0
72 2
686 0
72 2
686 0
72 2
686 0
72 6
686 0
72 2
686 0
72 2
686 0
72 2
686 0
72 6
686 0
72 2
686 0
72 2
686 0
72 2
686 0
72 2
686 0
72 2
686 0
72 2
686 0
72 2
686 0
72 6
686 0
72 2
686 0
72 2
686 0
72 2
686 0
72 6
686 0
72 2
686 0
72 2
686 0
72 2
686 0
72 2
686 0
72 2
686 0
72 2
686 0
72 2
686 0
72 6
686 0
72 2
686 0
72 2
686 0
72 2
686 0
72 6
686 0
72 2
686 0
72 2
686 0
72 2
686 0
72 2
686 0
72 2
686 0
72 2
686 0
72 2
686 0
72 6
686 0
72 2
686 0
72 11
686 0
72 2
686 0
72 2
686 0
72 2
686 0
72 6
686 0
72 2
686 0
72 2
686 0
72 2
686 0
72 6
686 0
72 2
686 0
72 2
686 0
72 2
686 0
72 2
686 0
72 2
686 0
72 2
686 0
72 2
686 0
72 6
686 0
72 2
686 0
72 2
686 0
72 2
686 0
72 6
686 0
72 2
686 0
72 2
686 0
72 2
686 0
72 2
686 0
72 2
686 0
72 2
686 0
72 2
686 0
72 6
686 0
72 2
686 0
72 2
686 0
72 2
686 0
72 6
686 0
72 2
686 0
72 2
686 0
72 2
686 0
72 2
686 0
72 2
686 0
72 2
686 0
72 2
686 0
72 6
686 0
72 2
686 0
72 11
686 0
72 2
686 0
72 2
686 0
72 2
686 0
72 6
686 0
72 2
686 0
72 2
686 0
72 2
686 0
72 6
686 0
72 2
686 0
72 2
686 0
72 2
686 0
72 2
686 0
72 2
686 0
72 2
686 0
72 2
686 0
72 6
686 0
72 2
686 0
72 2
686 0
72 2
686 0
72 6
686 0
72 2
686 0
72 2
686 0
72 2
686 0
72 2
686 0
72 2
686 0
72 2
686 0
72 2
686 0
72 6
686 0
72 2
686 0
72 2
686 0
72 2
686 0
72 6
686 0
72 2
686 0
72 2
686 0
72 2
686 0
72 2
686 0
72 2
686 0
72 2
686 0
72 2
686 0
72 6
686 0
72 2
686 0
E
S
L
72 7
72 14
9 4
9 7
9 8
72 5
9 4
9 4
9 7
9 8
72 5
9 4
12 4
12 7
12 11
72 4
14 4
14 7
12 7
12 4
12 7
9 4
9 7
9 8
72 5
9 4
9 4
9 7
9 8
72 5
9 4
12 4
12 7
12 8
72 1
12 4
14 4
72 4
14 4
72 4
14 4
72 4
14 4
12 4
9 4
21 2
21 2
21 2
21 3
72 4
21 2
21 2
21 2
21 3
72 4
21 2
21 2
72 4
21 2
21 2
21 2
21 3
72 4
21 2
21 2
21 2
21 3
72 4
21 2
21 2
72 4
21 2
21 2
21 2
21 3
72 4
21 2
21 2
21 2
21 3
72 4
21 2
21 2
72 4
21 2
21 2
21 2
21 3
72 4
21 2
21 2
72 11
21 2
21 2
21 2
21 3
72 4
21 2
21 2
21 2
21 3
72 4
21 2
21 2
72 4
21 2
21 2
21 2
21 3
72 4
21 2
21 2
21 2
21 3
72 4
21 2
21 2
72 4
21 2
21 2
21 2
21 3
72 4
21 2
21 2
21 2
21 3
72 4
21 2
21 2
72 4
21 2
21 2
21 2
21 3
72 4
21 2
21 2
72 11
21 2
21 2
21 2
21 3
72 4
21 2
21 2
21 2
21 3
72 4
21 2
21 2
72 4
21 2
21 2
21 2
21 3
72 4
21 2
21 2
21 2
21 3
72 4
21 2
21 2
72 4
21 2
21 2
21 2
21 3
72 4
21 2
21 2
21 2
21 3
72 4
21 2
21 2
72 4
21 2
21 2
21 2
21 3
72 4
21 2
21 2
72 11
21 2
21 2
21 2
21 3
72 4
21 2
21 2
21 2
21 3
72 4
21 2
21 2
72 4
21 2
21 2
21 2
21 3
72 4
21 2
21 2
21 2
21 3
72 4
21 2
21 2
72 4
21 2
21 2
21 2
21 3
72 4
21 2
21 2
21 2
21 3
72 4
21 2
21 2
72 4
21 2
21 2
21 2
21 3
72 4
21 2
21 2
72 11
21 2
21 2
21 2
21 3
72 4
21 2
21 2
21 2
21 3
72 4
21 2
21 2
72 4
21 2
21 2
21 2
21 3
72 4
21 2
21 2
21 2
21 3
72 4
21 2
21 2
72 4
21 2
21 2
21 2
21 3
72 4
21 2
21 2
21 2
21 3
72 4
21 2
21 2
72 4
21 2
21 2
21 2
21 3
72 4
21 2
21 2
72 11
21 2
21 2
21 2
21 3
72 4
21 2
21 2
21 2
21 3
72 4
21 2
21 2
72 4
21 2
21 2
21 2
21 3
72 4
21 2
21 2
21 2
21 3
72 4
21 2
21 2
72 4
21 2
21 2
21 2
21 3
72 4
21 2
21 2
21 2
21 3
72 4
21 2
21 2
72 4
21 2
21 2
21 2
21 3
72 4
21 2
21 2
E
S
H
72 11
72 2
72 14
845 13
1159 13
1510 13
398 13
845 13
1159 13
1510 13
398 13
845 13
1159 13
1510 13
398 13
845 13
1159 13
1510 13
398 13
845 13
1159 13
1510 13
398 13
845 13
1159 13
1510 13
398 13
E
S
H
72 12
72 13
40 12
41 13
43 12
45 11
43 11
72 1
40 12
41 13
43 12
45 12
43 4
45 4
41 13
43 13
45 13
41 14
43 13
45 13
41 14
43 13
45 13
41 14
43 13
45 13
41 14
43 13
45 13
41 14
43 13
45 13
E
S
L
72 11
72 14
12 0
72 4
12 0
72 4
18 0
72 4
12 0
72 9
18 0
72 4
12 0
72 4
12 0
72 4
12 0
72 4
18 0
72 4
12 0
72 9
18 0
72 7
12 0
72 4
12 0
72 4
18 0
72 4
12 0
72 9
18 0
72 4
12 0
72 4
12 0
72 4
12 0
72 4
18 0
72 4
12 0
72 7
173 0
72 2
18 0
72 2
221 0
72 7
173 0
72 4
173 0
72 4
1015 0
72 4
173 0
72 4
18 0
72 4
173 0
72 4
1015 0
72 4
173 0
72 4
173 0
72 4
173 0
72 4
1015 0
72 4
173 0
72 4
18 0
72 4
173 0
72 4
1015 0
72 4
173 0
72 4
173 0
72 4
173 0
72 4
1015 0
72 4
173 0
72 4
18 0
72 4
173 0
72 4
18 0
72 4
1013 0
72 7
12 0
72 7
12 0
72 7
12 0
72 4
151 0
72 2
151 0
72 2
151 0
72 2
12 0
72 2
12 0
72 4
583 0
72 4
12 0
72 4
583 0
72 4
12 0
72 4
583 0
72 4
12 0
72 4
583 0
72 4
12 0
72 4
583 0
72 4
12 0
72 4
583 0
72 4
12 0
72 4
583 0
72 4
12 0
72 4
583 0
72 4
12 0
72 4
583 0
72 4
12 0
72 4
583 0
72 4
12 0
72 4
583 0
72 4
12 0
72 4
583 0
72 4
12 0
72 4
583 0
72 4
12 0
72 4
583 0
72 4
12 0
72 4
583 0
72 4
151 0
72 4
583 0
72 2
151 0
72 2
12 0
72 4
583 0
72 4
12 0
72 4
583 0
72 4
12 0
72 4
583 0
72 4
12 0
72 4
583 0
72 4
12 0
72 4
583 0
72 4
12 0
72 4
583 0
72 4
12 0
72 4
583 0
72 4
12 0
72 4
583 0
72 4
12 0
72 4
583 0
72 4
12 0
72 4
583 0
72 4
12 0
72 4
583 0
72 4
12 0
72 4
583 0
72 4
12 0
72 4
583 0
72 4
12 0
72 4
583 0
72 4
12 0
72 4
583 0
72 4
151 0
72 4
583 0
72 2
151 0
72 2
12 0
72 4
583 0
72 4
12 0
72 4
583 0
72 4
12 0
72 4
583 0
72 4
12 0
72 4
583 0
72 4
12 0
72 4
583 0
72 4
12 0
72 4
583 0
72 4
12 0
72 4
583 0
72 4
12 0
72 4
583 0
72 4
12 0
72 4
583 0
72 4
12 0
72 4
583 0
72 4
12 0
72 4
583 0
72 4
12 0
72 4
583 0
72 4
12 0
72 4
583 0
72 4
12 0
72 4
583 0
72 4
12 0
72 4
583 0
72 4
151 0
72 4
583 0
72 2
151 0
72 2
12 0
72 4
583 0
72 4
12 0
72 4
583 0
72 4
12 0
72 4
583 0
72 4
12 0
72 4
583 0
72 4
12 0
72 4
583 0
72 4
12 0
72 4
583 0
72 4
12 0
72 4
583 0
72 4
12 0
72 4
583 0
72 4
12 0
72 4
583 0
72 4
12 0
72 4
583 0
72 4
12 0
72 4
583 0
72 4
12 0
72 4
583 0
72 4
12 0
72 4
583 0
72 4
12 0
72 4
583 0
72 4
12 0
72 4
583 0
72 4
151 0
72 4
583 0
72 2
151 0
72 2
12 0
72 4
583 0
72 4
12 0
72 4
583 0
72 4
12 0
72 4
583 0
72 4
12 0
72 4
583 0
72 4
12 0
72 4
583 0
72 4
12 0
72 4
583 0
72 4
12 0
72 4
583 0
72 4
12 0
72 4
583 0
72 4
12 0
72 4
583 0
72 4
12 0
72 4
583 0
72 4
12 0
72 4
583 0
72 4
12 0
72 4
583 0
72 4
12 0
72 4
583 0
72 4
12 0
72 4
583 0
72 4
12 0
72 4
583 0
72 4
151 0
72 4
583 0
72 2
151 0
72 2
12 0
72 4
583 0
72 4
12 0
72 4
583 0
72 4
12 0
72 4
583 0
72 4
12 0
72 4
583 0
72 4
12 0
72 4
583 0
72 4
12 0
72 4
583 0
72 4
12 0
72 4
583 0
72 4
12 0
72 4
583 0
72 4
12 0
72 4
583 0
72 4
12 0
72 4
583 0
72 4
12 0
72 4
583 0
72 4
12 0
72 4
583 0
72 4
12 0
72 4
583 0
72 4
12 0
72 4
583 0
72 4
12 0
72 4
583 0
72 4
151 0
72 4
583 0
72 2
151 0
E
S
L
72 10
72 14
25 0
72 14
25 0
72 14
25 0
72 7
25 0
72 7
25 0
72 7
25 0
72 4
25 0
E
X
