minor
S
L
5 13
10 7
8 7
5 4
5 4
5 4
5 4
5 4
5 4
5 4
5 4
5 4
5 4
5 4
5 4
5 4
5 4
5 4
5 4
5 4
5 4
5 4
5 4
5 4
5 4
5 4
5 4
5 4
5 4
5 4
5 4
5 4
5 4
5 4
5 4
5 4
5 4
5 4
5 4
5 4
5 4
5 4
5 4
5 4
5 4
5 4
5 4
5 4
5 4
5 4
5 4
72 4
20 4
19 7
20 7
19 4
20 7
19 4
20 11
72 9
20 4
19 7
20 7
19 4
20 7
19 4
20 4
22 4
24 4
22 2
20 2
17 2
15 2
12 4
17 13
17 0
72 2
18 0
72 0
19 0
72 1
20 10
20 0
72 0
19 0
72 0
18 0
72 1
17 12
17 7
20 4
22 0
72 1
20 0
72 0
17 0
20 0
72 2
22 0
20 0
72 2
17 0
72 0
20 0
72 1
22 0
72 1
20 0
72 0
17 0
20 0
72 2
22 0
20 0
72 2
17 0
72 0
20 0
72 1
22 0
72 1
20 0
72 0
17 0
20 0
72 2
22 0
20 0
72 2
17 0
72 0
20 0
72 1
22 0
72 1
20 0
72 0
17 0
20 0
72 2
22 0
20 0
72 2
17 0
72 0
20 0
72 1
22 0
72 1
20 0
72 0
17 0
20 0
72 2
22 0
20 0
72 2
17 0
72 0
20 0
72 1
22 0
72 1
20 0
72 0
17 0
20 0
72 2
22 0
20 0
72 2
17 0
72 0
20 0
72 1
22 0
72 1
20 0
72 0
17 0
20 0
72 2
17 4
20 2
22 2
24 2
27 2
29 2
32 2
36 9
72 4
72 4
20 4
19 7
20 7
19 4
20 7
19 4
20 11
72 9
20 4
19 7
20 7
19 4
20 7
19 4
20 4
22 4
24 4
22 2
20 2
17 2
15 2
12 4
5 4
5 4
5 4
5 4
5 4
5 4
5 4
5 4
5 4
5 4
5 4
5 4
5 4
5 4
5 4
5 4
5 4
5 4
5 4
5 4
5 4
5 4
5 4
5 4
5 4
5 4
5 4
5 4
5 4
5 4
5 4
5 4
5 4
5 4
5 4
5 4
5 4
5 4
5 4
5 4
5 4
5 4
5 4
5 4
5 4
5 4
5 4
5 4
72 4
20 4
19 7
20 7
19 4
20 7
19 4
20 11
72 9
20 4
19 7
20 7
19 4
20 7
19 4
20 4
22 4
24 4
22 2
20 2
17 2
15 2
12 4
17 13
17 0
72 2
18 0
72 0
19 0
72 1
20 10
20 0
72 0
19 0
72 0
18 0
72 1
17 12
17 7
20 4
22 0
72 1
20 0
72 0
17 0
20 0
72 2
22 0
20 0
72 2
17 0
72 0
20 0
72 1
22 0
72 1
20 0
72 0
17 0
20 0
72 2
22 0
20 0
72 2
17 0
72 0
20 0
72 1
22 0
72 1
20 0
72 0
17 0
20 0
72 2
22 0
20 0
72 2
17 0
72 0
20 0
72 1
22 0
72 1
20 0
72 0
17 0
20 0
72 2
22 0
20 0
72 2
17 0
72 0
20 0
72 1
22 0
72 1
20 0
72 0
17 0
20 0
72 2
22 0
20 0
72 2
17 0
72 0
20 0
72 1
22 0
72 1
20 0
72 0
17 0
20 0
72 2
22 0
20 0
72 2
17 0
72 0
20 0
72 1
22 0
72 1
20 0
72 0
17 0
20 0
72 2
17 4
20 2
22 2
24 2
27 2
29 2
32 2
36 9
72 4
72 4
20 4
19 7
20 7
19 4
20 7
19 4
20 11
72 9
20 4
19 7
20 7
19 4
20 7
19 4
20 4
22 4
24 4
22 2
20 2
17 2
15 2
12 4
E
S
H
24 4
24 4
29 2
27 2
24 4
27 4
29 9
24 4
24 4
29 2
27 2
24 4
29 7
27 7
72 4
27 4
29 7
32 4
29 7
27 4
29 7
32 4
29 4
72 11
41 4
44 7
48 4
46 7
41 4
44 4
46 4
48 4
46 4
72 11
41 4
44 7
51 0
53 3
72 1
51 7
44 4
48 4
46 2
44 2
46 4
48 9
72 7
72 4
44 4
43 7
44 7
43 4
44 7
43 4
44 11
72 9
44 4
43 7
44 7
43 4
44 7
43 4
44 4
46 9
72 7
72 4
27 4
29 7
32 4
29 7
27 4
29 7
32 4
29 4
72 11
27 4
29 7
32 4
29 7
27 4
29 7
32 4
29 4
72 11
27 4
29 7
32 4
29 7
27 4
29 7
32 4
29 4
72 11
72 4
44 4
43 7
44 7
43 4
44 7
43 4
44 11
72 9
44 4
43 7
44 7
43 4
44 7
43 4
44 4
46 9
72 7
72 4
27 4
29 7
32 4
29 7
27 4
29 7
32 4
29 4
72 11
41 4
44 7
48 4
46 7
41 4
44 4
46 4
48 4
46 4
72 11
41 4
44 7
51 0
53 3
72 1
51 7
44 4
48 4
46 2
44 2
46 4
48 9
72 7
72 4
44 4
43 7
44 7
43 4
44 7
43 4
44 11
72 9
44 4
43 7
44 7
43 4
44 7
43 4
44 4
46 9
72 7
72 4
27 4
29 7
32 4
29 7
27 4
29 7
32 4
29 4
72 11
27 4
29 7
32 4
29 7
27 4
29 7
32 4
29 4
72 11
27 4
29 7
32 4
29 7
27 4
29 7
32 4
29 4
72 11
72 4
44 4
43 7
44 7
43 4
44 7
43 4
44 11
72 9
44 4
43 7
44 7
43 4
44 7
43 4
44 4
46 9
72 7
E
S
H
36 4
36 4
41 2
39 2
36 4
39 4
41 9
36 4
36 4
41 2
39 2
36 4
41 7
39 7
72 4
39 4
41 7
44 4
41 7
39 4
41 7
44 4
41 4
72 11
53 4
56 7
60 4
58 7
53 4
56 4
58 4
60 4
58 4
72 11
53 4
56 7
63 0
65 3
72 1
63 7
56 4
60 4
58 2
56 2
58 4
60 9
72 9
56 4
55 7
56 7
55 4
56 7
55 4
56 11
72 9
56 4
55 7
56 7
55 4
56 7
55 4
56 4
58 9
72 9
39 4
41 7
44 4
41 7
39 4
41 7
44 4
41 4
72 11
39 4
41 7
44 4
41 7
39 4
41 7
44 4
41 4
72 11
39 4
41 7
44 4
41 7
39 4
41 7
44 4
41 4
72 11
56 4
55 7
56 7
55 4
56 7
55 4
56 11
72 9
56 4
55 7
56 7
55 4
56 7
55 4
56 4
58 9
72 9
39 4
41 7
44 4
41 7
39 4
41 7
44 4
41 4
72 11
53 4
56 7
60 4
58 7
53 4
56 4
58 4
60 4
58 4
72 11
53 4
56 7
63 0
65 3
72 1
63 7
56 4
60 4
58 2
56 2
58 4
60 9
72 9
56 4
55 7
56 7
55 4
56 7
55 4
56 11
72 9
56 4
55 7
56 7
55 4
56 7
55 4
56 4
58 9
72 9
39 4
41 7
44 4
41 7
39 4
41 7
44 4
41 4
72 11
39 4
41 7
44 4
41 7
39 4
41 7
44 4
41 4
72 11
39 4
41 7
44 4
41 7
39 4
41 7
44 4
41 4
72 11
56 4
55 7
56 7
55 4
56 7
55 4
56 11
72 9
56 4
55 7
56 7
55 4
56 7
55 4
56 4
58 9
E
S
H
53 13
46 7
44 7
72 4
39 4
41 7
44 4
41 7
39 4
41 7
44 4
41 4
72 11
39 4
41 7
44 4
41 7
39 4
41 7
44 4
41 4
72 11
39 4
41 7
44 4
41 7
39 4
41 7
44 4
41 4
72 11
41 4
40 7
41 7
40 4
41 7
40 4
41 11
72 9
41 4
40 7
41 7
40 4
41 7
40 4
41 4
43 9
72 9
34 4
36 7
39 4
36 7
34 4
36 7
39 4
36 4
72 11
34 4
36 7
39 4
36 7
34 4
36 7
39 4
36 4
72 11
34 4
36 7
39 4
36 7
34 4
36 7
39 4
36 4
72 11
41 4
40 7
41 7
40 4
41 7
40 4
41 11
72 9
41 4
40 7
41 7
40 4
41 7
40 4
41 4
43 9
72 9
39 4
41 7
44 4
41 7
39 4
41 7
44 4
41 4
72 11
39 4
41 7
44 4
41 7
39 4
41 7
44 4
41 4
72 11
39 4
41 7
44 4
41 7
39 4
41 7
44 4
41 4
72 11
41 4
40 7
41 7
40 4
41 7
40 4
41 11
72 9
41 4
40 7
41 7
40 4
41 7
40 4
41 4
43 9
72 9
34 4
36 7
39 4
36 7
34 4
36 7
39 4
36 4
72 11
34 4
36 7
39 4
36 7
34 4
36 7
39 4
36 4
72 11
34 4
36 7
39 4
36 7
34 4
36 7
39 4
36 4
72 11
41 4
40 7
41 7
40 4
41 7
40 4
41 11
72 9
41 4
40 7
41 7
40 4
41 7
40 4
41 4
43 9
E
S
L
41 13
34 7
32 7
72 4
27 4
29 7
32 4
29 7
27 4
29 7
32 4
29 4
72 11
27 4
29 7
32 4
29 7
27 4
29 7
32 4
29 4
72 11
27 4
29 7
32 4
29 7
27 4
29 7
32 4
29 4
72 11
29 4
28 7
29 7
28 4
29 7
28 4
29 11
72 9
29 4
28 7
29 7
28 4
29 7
28 4
29 4
31 9
72 9
22 4
24 7
27 4
24 7
22 4
24 7
27 4
24 4
72 11
22 4
24 7
27 4
24 7
22 4
24 7
27 4
24 4
72 11
22 4
24 7
27 4
24 7
22 4
24 7
27 4
24 4
72 11
29 4
28 7
29 7
28 4
29 7
28 4
29 11
72 9
29 4
28 7
29 7
28 4
29 7
28 4
29 4
31 9
72 9
27 4
29 7
32 4
29 7
27 4
29 7
32 4
29 4
72 11
27 4
29 7
32 4
29 7
27 4
29 7
32 4
29 4
72 11
27 4
29 7
32 4
29 7
27 4
29 7
32 4
29 4
72 11
29 4
28 7
29 7
28 4
29 7
28 4
29 11
72 9
29 4
28 7
29 7
28 4
29 7
28 4
29 4
31 9
72 9
22 4
24 7
27 4
24 7
22 4
24 7
27 4
24 4
72 11
22 4
24 7
27 4
24 7
22 4
24 7
27 4
24 4
72 11
22 4
24 7
27 4
24 7
22 4
24 7
27 4
24 4
72 11
29 4
28 7
29 7
28 4
29 7
28 4
29 11
72 9
29 4
28 7
29 7
28 4
29 7
28 4
29 4
31 9
E
S
L
199 2
72 12
22 2
72 2
22 2
199 2
199 2
199 2
199 2
199 2
199 2
199 2
199 2
199 2
199 2
199 2
199 2
199 2
199 2
199 2
199 2
208 2
20 2
208 2
72 2
199 2
72 2
20 2
20 2
208 2
20 2
208 2
72 2
199 2
72 2
20 2
20 2
208 2
20 2
208 2
72 2
199 2
72 2
20 2
20 2
208 2
20 2
208 2
72 2
199 2
72 2
20 2
20 2
208 2
20 2
208 2
72 2
199 2
72 2
20 2
20 2
208 2
20 2
208 2
72 2
199 2
72 2
20 2
20 2
208 2
20 2
208 2
72 2
199 2
72 2
20 2
20 2
208 2
20 2
208 2
72 2
199 2
72 2
20 2
20 2
208 2
20 2
208 2
72 2
199 2
72 2
20 2
20 2
208 2
20 2
208 2
72 2
199 2
72 2
20 2
20 2
208 2
20 2
208 2
72 2
199 2
72 2
20 2
20 2
208 2
20 2
208 2
72 2
199 2
72 2
20 2
20 2
208 2
72 2
208 2
72 2
199 2
72 6
208 2
72 2
208 2
72 2
199 2
72 6
208 2
72 2
208 2
72 2
199 2
72 6
208 2
20 2
208 2
72 2
199 2
72 2
20 2
20 2
208 2
72 2
208 2
72 2
199 2
72 6
208 2
72 2
208 2
72 2
199 2
72 6
208 2
72 2
208 2
72 2
199 2
72 6
208 2
20 2
208 2
72 2
199 2
72 2
20 2
20 2
208 2
20 2
208 2
72 2
199 2
72 2
20 2
20 2
208 2
20 2
208 2
72 2
199 2
72 2
20 2
20 2
208 2
20 2
208 2
72 2
199 2
72 2
20 2
20 2
208 2
20 2
208 2
72 2
199 2
72 2
20 2
20 2
208 2
20 2
208 2
72 2
199 2
72 2
20 2
20 2
208 2
20 2
208 2
72 2
199 2
72 2
20 2
20 2
208 2
20 2
208 2
72 2
199 2
72 2
20 2
20 2
208 2
20 2
208 2
72 2
199 2
72 2
20 2
20 2
208 2
20 2
208 2
72 2
199 2
72 2
20 2
20 2
208 2
20 2
208 2
72 2
199 2
72 2
20 2
20 2
208 2
20 2
208 2
72 2
199 2
72 2
20 2
20 2
208 2
20 2
208 2
72 2
199 2
72 2
20 2
20 2
208 2
72 2
208 2
72 2
199 2
72 6
208 2
72 2
208 2
72 2
199 2
72 6
208 2
72 2
208 2
72 2
199 2
72 6
208 2
20 2
208 2
72 2
199 2
72 2
20 2
20 2
208 2
72 2
208 2
72 2
199 2
72 6
208 2
72 2
208 2
72 2
199 2
72 6
208 2
72 2
208 2
72 2
199 2
72 6
208 2
20 2
208 2
72 2
199 2
72 2
20 2
20 2
208 2
20 2
208 2
72 2
199 2
72 2
20 2
20 2
208 2
20 2
208 2
72 2
199 2
72 2
20 2
20 2
208 2
20 2
208 2
72 2
199 2
72 2
20 2
20 2
208 2
20 2
208 2
72 2
199 2
72 2
20 2
20 2
208 2
20 2
208 2
72 2
199 2
72 2
20 2
20 2
208 2
20 2
208 2
72 2
199 2
72 2
20 2
20 2
208 2
20 2
208 2
72 2
199 2
72 2
20 2
20 2
208 2
20 2
208 2
72 2
199 2
72 2
20 2
20 2
208 2
20 2
208 2
72 2
199 2
72 2
20 2
20 2
208 2
20 2
208 2
72 2
199 2
72 2
20 2
20 2
208 2
20 2
208 2
72 2
199 2
72 2
20 2
20 2
208 2
20 2
208 2
72 2
199 2
72 2
20 2
20 2
208 2
72 2
208 2
72 2
199 2
72 6
208 2
72 2
208 2
72 2
199 2
72 6
208 2
72 2
208 2
72 2
199 2
72 6
208 2
20 2
208 2
72 2
199 2
72 2
20 2
20 2
208 2
72 2
208 2
72 2
199 2
72 6
208 2
72 2
208 2
72 2
199 2
72 6
208 2
72 2
208 2
72 2
199 2
72 6
208 2
20 2
208 2
72 2
199 2
72 2
20 2
20 2
208 2
20 2
208 2
72 2
199 2
72 2
20 2
20 2
208 2
20 2
208 2
72 2
199 2
72 2
20 2
20 2
208 2
20 2
208 2
72 2
199 2
72 2
20 2
20 2
208 2
20 2
208 2
72 2
199 2
72 2
20 2
20 2
208 2
20 2
208 2
72 2
199 2
72 2
20 2
20 2
208 2
20 2
208 2
72 2
199 2
72 2
20 2
20 2
208 2
20 2
208 2
72 2
199 2
72 2
20 2
20 2
208 2
20 2
208 2
72 2
199 2
72 2
20 2
20 2
208 2
20 2
208 2
72 2
199 2
72 2
20 2
20 2
208 2
20 2
208 2
72 2
199 2
72 2
20 2
20 2
208 2
20 2
208 2
72 2
199 2
72 2
20 2
20 2
208 2
20 2
208 2
72 2
199 2
72 2
20 2
20 2
208 2
72 2
208 2
72 2
199 2
72 6
208 2
72 2
208 2
72 2
199 2
72 6
208 2
72 2
208 2
72 2
199 2
72 6
208 2
20 2
208 2
72 2
199 2
72 2
20 2
20 2
208 2
72 2
208 2
72 2
199 2
72 6
208 2
72 2
208 2
72 2
199 2
72 6
208 2
72 2
208 2
72 2
199 2
72 6
208 2
20 2
208 2
72 2
199 2
72 2
20 2
20 2
E
X
