minor
S
L
72 14
21 2
72 8
21 0
72 0
21 2
72 9
21 0
72 2
21 2
72 9
16 2
72 0
21 2
16 2
19 2
26 2
24 5
72 0
21 2
21 2
72 0
21 2
21 2
21 2
21 2
21 2
21 2
21 2
21 2
21 2
72 0
21 2
21 2
21 2
21 2
21 2
21 2
21 2
21 2
21 2
72 0
21 2
21 2
21 2
21 2
16 2
21 2
72 0
16 2
19 2
26 2
72 0
24 2
16 2
19 2
72 2
33 2
31 2
72 0
24 2
26 2
27 2
28 2
31 2
40 2
36 2
35 2
31 2
72 0
28 2
23 2
19 2
21 2
E
S
H
72 14
57 2
72 8
57 0
72 0
57 2
72 9
57 0
72 2
57 2
72 10
40 2
45 2
40 2
43 2
50 2
48 5
72 0
45 9
50 10
57 2
57 10
60 6
62 7
E
S
L
72 6
36 0
72 2
33 0
72 2
38 2
33 0
72 1
39 0
72 0
33 2
33 0
72 3
36 4
33 0
72 1
38 2
33 0
72 2
39 0
72 1
33 2
33 0
72 0
36 4
33 0
72 2
38 2
33 0
72 2
39 0
72 0
36 0
72 3
38 0
72 0
39 2
40 0
72 3
45 0
72 1
40 2
43 0
72 2
50 0
72 2
48 4
36 0
72 2
33 0
72 2
38 2
33 0
72 1
39 2
72 0
33 0
72 2
33 0
72 0
36 4
33 0
72 1
38 2
33 0
72 2
39 2
33 0
72 2
33 0
72 2
36 4
33 0
38 0
72 2
33 0
72 2
39 2
36 0
72 1
38 0
72 3
39 2
40 0
72 0
45 0
72 1
40 0
72 2
43 0
72 2
50 2
48 4
72 2
36 0
33 2
72 0
38 0
72 1
33 0
72 2
40 2
33 0
72 2
33 0
72 2
36 4
33 2
38 0
72 3
33 0
72 1
40 2
33 0
72 2
33 0
72 2
36 4
33 2
38 0
72 0
33 0
72 3
40 2
36 0
72 1
38 0
72 2
39 0
72 2
40 0
72 0
45 2
72 0
40 0
72 0
43 0
72 2
50 2
72 0
48 4
72 4
33 2
31 2
72 0
24 2
26 2
27 2
28 2
31 2
40 2
36 2
35 2
31 2
72 0
28 2
23 2
19 2
21 2
E
S
H
72 14
52 2
72 8
52 0
72 0
52 2
72 9
52 0
72 2
52 2
72 12
40 9
45 10
52 2
52 10
55 6
57 7
E
S
H
72 14
57 2
55 2
72 0
48 2
50 2
51 2
52 2
55 2
64 2
60 2
59 2
55 2
72 0
52 2
43 2
43 2
61 2
E
S
H
72 14
45 2
43 2
72 0
36 2
38 2
39 2
40 2
43 2
52 2
48 2
47 2
43 2
72 0
40 2
35 2
31 2
55 2
E
S
L
11 0
20 0
11 0
11 0
20 0
20 0
11 0
11 0
20 0
20 0
11 0
11 0
14 0
14 0
23 0
21 0
19 0
11 0
11 0
20 0
11 0
20 0
14 0
20 0
20 0
11 0
20 0
20 0
11 0
20 0
14 0
20 0
20 0
11 0
20 0
20 0
11 0
20 0
14 0
20 0
20 0
20 0
28 0
20 0
20 0
20 0
14 0
14 0
21 0
19 0
14 0
11 0
11 0
14 0
20 0
20 0
14 0
14 0
14 0
23 0
23 0
21 0
19 0
14 0
14 0
25 10
E
X
