minor
S
H
39 7
72 7
39 7
72 7
39 7
72 7
39 4
72 4
38 7
39 4
39 4
72 7
39 4
39 4
72 7
39 4
39 4
72 7
39 4
39 4
46 7
39 4
39 4
72 7
39 4
39 4
72 7
39 4
39 4
72 7
39 4
39 4
47 7
39 4
39 4
72 7
39 4
39 4
72 7
39 4
39 4
72 7
39 4
39 4
49 7
39 4
39 4
46 7
39 4
39 4
47 7
39 4
39 4
46 7
39 4
39 4
38 7
39 4
39 4
46 7
39 4
39 4
47 7
39 4
39 4
46 7
39 4
39 4
41 7
39 4
39 4
46 7
39 4
39 4
47 7
39 4
39 4
46 7
39 4
39 4
38 7
39 4
39 4
46 7
39 4
39 4
47 7
39 4
39 4
48 7
39 4
39 4
49 7
51 11
39 11
52 13
51 9
46 9
51 4
50 4
49 7
48 7
47 7
46 7
47 11
52 11
44 4
44 4
47 7
44 4
44 4
49 7
51 9
46 9
51 4
50 4
49 7
48 7
47 7
46 4
47 4
52 11
56 11
52 11
59 11
51 4
51 4
72 4
51 4
72 4
51 4
72 4
51 4
72 4
51 4
72 4
51 4
52 11
51 4
51 4
72 4
51 4
72 4
51 4
72 4
51 4
72 4
51 4
72 4
51 4
54 7
54 7
51 11
39 11
49 11
37 11
39 14
41 13
42 13
63 7
62 7
61 7
60 7
63 4
62 4
61 4
60 4
59 7
59 7
63 7
62 7
61 7
60 7
63 4
62 4
61 4
60 4
59 7
59 7
39 13
47 13
46 13
44 13
39 4
39 4
46 7
39 4
39 4
47 7
39 4
39 4
46 7
39 4
39 4
45 7
39 4
39 4
46 7
39 4
39 4
47 7
39 4
39 4
49 7
39 4
39 4
50 7
51 11
52 11
54 11
52 11
51 11
52 11
54 11
56 11
51 9
46 9
51 4
50 4
49 7
48 7
47 7
46 7
47 11
52 11
44 4
44 4
47 7
44 4
44 4
49 7
51 9
46 9
51 4
50 4
49 7
48 7
47 7
46 4
47 4
52 11
56 11
52 11
59 11
51 4
51 4
72 4
51 4
72 4
51 4
72 4
51 4
72 4
51 4
72 4
51 4
52 11
51 4
51 4
72 4
51 4
72 4
51 4
72 4
51 4
72 4
51 4
72 4
51 4
54 7
54 7
51 11
39 11
49 11
37 11
39 14
41 13
42 13
63 7
62 7
61 7
60 7
63 4
62 4
61 4
60 4
59 7
59 7
63 7
62 7
61 7
60 7
63 4
62 4
61 4
60 4
59 7
59 7
39 13
47 13
46 13
44 13
39 4
39 4
46 7
39 4
39 4
47 7
39 4
39 4
46 7
39 4
39 4
45 7
39 4
39 4
46 7
39 4
39 4
47 7
39 4
39 4
49 7
39 4
39 4
50 7
51 11
52 11
54 11
52 11
51 11
52 11
54 11
56 11
E
S
L
34 7
72 7
34 7
72 7
34 7
72 7
34 4
72 4
35 7
34 4
34 4
72 7
34 4
34 4
72 7
34 4
34 4
72 7
34 4
34 4
39 7
34 4
34 4
72 7
34 4
34 4
72 7
34 4
34 4
72 7
34 4
34 4
39 7
34 4
34 4
72 7
34 4
34 4
72 7
34 4
34 4
72 7
34 4
34 4
40 7
34 4
34 4
39 7
34 4
34 4
39 7
34 4
34 4
39 7
34 4
34 4
35 7
34 4
34 4
39 7
34 4
34 4
39 7
34 4
34 4
39 7
34 4
34 4
39 7
34 4
34 4
39 7
34 4
34 4
39 7
34 4
34 4
39 7
34 4
34 4
35 7
34 4
34 4
39 7
34 4
34 4
40 7
34 4
34 4
42 7
34 4
34 4
44 7
46 11
34 11
47 12
46 2
47 2
48 2
49 2
39 4
46 4
39 4
42 7
41 4
40 4
47 4
42 4
46 4
41 4
45 4
40 4
44 4
39 4
43 4
40 4
40 4
42 7
40 4
40 4
44 7
40 4
40 4
44 7
40 4
40 4
47 7
39 4
46 4
39 4
42 7
41 4
40 4
47 4
42 4
46 4
41 4
45 4
40 4
44 4
39 4
43 4
40 4
40 4
42 7
40 4
40 4
44 7
40 4
40 4
47 7
40 4
40 4
52 7
46 4
46 4
72 4
46 4
72 4
46 4
72 4
46 4
72 4
46 4
72 4
46 4
47 7
44 7
46 4
46 4
72 4
46 4
72 4
46 4
72 4
46 4
72 4
46 4
72 4
46 4
50 7
50 7
46 11
34 11
42 11
30 11
35 13
35 13
37 13
39 13
54 7
53 7
52 7
51 7
50 7
49 7
54 7
54 7
54 7
53 7
52 7
51 7
54 4
56 4
51 4
52 4
54 7
54 7
34 13
42 11
40 7
40 7
39 13
37 13
34 4
34 4
39 7
34 4
34 4
39 7
34 4
34 4
39 7
34 4
34 4
39 7
36 4
36 4
39 7
36 4
36 4
40 7
36 4
36 4
42 7
36 4
36 4
44 7
39 4
39 4
46 7
39 4
39 4
47 7
39 4
39 4
49 7
39 4
39 4
47 7
39 4
39 4
46 7
39 4
39 4
47 7
39 4
39 4
49 7
39 4
39 4
50 7
39 4
46 4
39 4
42 7
41 4
40 4
47 4
42 4
46 4
41 4
45 4
40 4
44 4
39 4
43 4
40 4
40 4
42 7
40 4
40 4
44 7
40 4
40 4
44 7
40 4
40 4
47 7
39 4
46 4
39 4
42 7
41 4
40 4
47 4
42 4
46 4
41 4
45 4
40 4
44 4
39 4
43 4
40 4
40 4
42 7
40 4
40 4
44 7
40 4
40 4
47 7
40 4
40 4
52 7
46 4
46 4
72 4
46 4
72 4
46 4
72 4
46 4
72 4
46 4
72 4
46 4
47 7
44 7
46 4
46 4
72 4
46 4
72 4
46 4
72 4
46 4
72 4
46 4
72 4
46 4
50 7
50 7
46 11
34 11
42 11
30 11
35 13
35 13
37 13
39 13
54 7
53 7
52 7
51 7
50 7
49 7
54 7
54 7
54 7
53 7
52 7
51 7
54 4
56 4
51 4
52 4
54 7
54 7
34 13
42 11
40 7
40 7
39 13
37 13
34 4
34 4
39 7
34 4
34 4
39 7
34 4
34 4
39 7
34 4
34 4
39 7
36 4
36 4
39 7
36 4
36 4
40 7
36 4
36 4
42 7
36 4
36 4
44 7
39 4
39 4
46 7
39 4
39 4
47 7
39 4
39 4
49 7
39 4
39 4
47 7
39 4
39 4
46 7
39 4
39 4
47 7
39 4
39 4
49 7
39 4
39 4
50 7
E
S
L
27 4
72 9
27 4
72 9
27 4
72 9
27 4
72 4
28 7
27 2
72 2
27 2
72 8
27 2
72 2
27 2
72 8
27 2
72 2
27 2
72 8
27 2
72 2
27 2
72 2
35 7
27 2
72 2
27 2
72 8
27 2
72 2
27 2
72 8
27 2
72 2
27 2
72 8
27 2
72 2
27 2
72 2
35 7
27 2
72 2
27 2
72 8
27 2
72 2
27 2
72 8
27 2
72 2
27 2
72 8
27 2
72 2
27 2
72 2
35 7
27 2
72 2
27 2
72 2
34 7
27 2
72 2
27 2
72 2
35 7
27 2
72 2
27 2
72 2
34 7
27 2
72 2
27 2
72 2
28 7
27 2
72 2
27 2
72 2
34 7
27 2
72 2
27 2
72 2
35 7
27 2
72 2
27 2
72 2
34 7
27 2
72 2
27 2
72 2
33 7
27 2
72 2
27 2
72 2
34 7
27 2
72 2
27 2
72 2
35 7
27 2
72 2
27 2
72 2
34 7
27 2
72 2
27 2
72 2
28 7
27 2
72 2
27 2
72 2
34 7
27 2
72 2
27 2
72 2
34 7
27 2
72 2
27 2
72 2
35 7
27 2
72 2
27 2
72 2
37 7
39 11
27 11
35 7
31 4
35 4
30 4
34 4
29 4
33 4
27 4
34 4
27 4
34 4
27 4
34 4
27 4
34 4
27 4
34 4
27 4
34 4
27 4
34 4
27 4
34 4
28 4
35 4
28 4
35 4
28 4
35 4
28 4
35 4
28 4
35 4
28 4
36 4
33 4
35 4
31 4
33 4
27 4
34 4
27 4
34 4
27 4
34 4
27 4
34 4
27 4
34 4
27 4
34 4
27 4
34 4
27 4
34 4
28 4
35 4
28 4
35 4
28 4
35 4
28 4
35 4
28 4
35 4
28 4
35 4
28 4
35 4
28 4
35 4
27 4
30 4
27 4
30 4
27 4
38 4
37 4
36 4
27 4
28 4
27 4
28 4
27 4
38 4
37 4
36 4
27 4
30 4
27 4
30 4
27 4
38 4
37 4
36 4
27 4
34 4
27 4
34 4
27 4
38 4
37 4
36 4
34 11
27 11
35 11
27 11
27 4
30 4
27 4
30 4
27 4
30 4
27 4
30 4
27 4
30 4
27 4
30 4
27 4
30 4
27 4
30 4
27 4
30 4
27 4
30 4
27 4
30 4
27 4
30 4
27 4
30 4
27 4
30 4
27 4
30 4
27 4
30 4
28 4
35 4
28 4
35 4
28 4
35 4
39 4
40 4
28 4
35 4
39 4
40 4
42 4
35 4
39 4
40 4
28 4
35 4
28 4
35 4
28 4
35 4
39 4
40 4
28 4
35 4
28 4
35 4
28 4
35 4
28 4
35 4
27 4
34 4
27 4
34 4
27 4
34 4
27 4
34 4
27 4
34 4
35 4
39 4
27 4
72 4
27 4
72 4
28 4
35 4
28 4
35 4
28 4
35 4
28 4
35 4
28 4
35 4
37 4
40 4
28 4
72 4
28 4
72 4
27 4
32 4
27 4
32 4
27 4
32 4
27 4
32 4
27 4
32 4
27 4
32 4
27 4
32 4
27 4
32 4
27 4
34 4
27 4
34 4
27 4
34 4
27 4
34 4
27 4
34 4
27 4
34 4
27 4
34 4
35 4
34 4
27 4
34 4
38 4
39 4
27 4
34 4
38 4
39 4
27 4
34 4
38 4
39 4
27 4
34 4
38 4
39 4
27 4
34 4
38 4
39 4
27 4
34 4
38 4
39 4
27 4
34 4
38 4
39 4
37 4
35 4
34 4
32 4
27 4
34 4
27 4
34 4
27 4
34 4
27 4
34 4
27 4
34 4
27 4
34 4
27 4
34 4
27 4
34 4
28 4
35 4
28 4
35 4
28 4
35 4
28 4
35 4
28 4
35 4
28 4
36 4
33 4
35 4
31 4
33 4
27 4
34 4
27 4
34 4
27 4
34 4
27 4
34 4
27 4
34 4
27 4
34 4
27 4
34 4
27 4
34 4
28 4
35 4
28 4
35 4
28 4
35 4
28 4
35 4
28 4
35 4
28 4
35 4
28 4
35 4
28 4
35 4
27 4
30 4
27 4
30 4
27 4
38 4
37 4
36 4
27 4
28 4
27 4
28 4
27 4
38 4
37 4
36 4
27 4
30 4
27 4
30 4
27 4
38 4
37 4
36 4
27 4
34 4
27 4
34 4
27 4
38 4
37 4
36 4
34 11
27 11
35 11
27 11
27 4
30 4
27 4
30 4
27 4
30 4
27 4
30 4
27 4
30 4
27 4
30 4
27 4
30 4
27 4
30 4
27 4
30 4
27 4
30 4
27 4
30 4
27 4
30 4
27 4
30 4
27 4
30 4
27 4
30 4
27 4
30 4
28 4
35 4
28 4
35 4
28 4
35 4
39 4
40 4
28 4
35 4
39 4
40 4
42 4
35 4
39 4
40 4
28 4
35 4
28 4
35 4
28 4
35 4
39 4
40 4
28 4
35 4
28 4
35 4
28 4
35 4
28 4
35 4
27 4
34 4
27 4
34 4
27 4
34 4
27 4
34 4
27 4
34 4
35 4
39 4
27 4
72 4
27 4
72 4
28 4
35 4
28 4
35 4
28 4
35 4
28 4
35 4
28 4
35 4
37 4
40 4
28 4
72 4
28 4
72 4
27 4
32 4
27 4
32 4
27 4
32 4
27 4
32 4
27 4
32 4
27 4
32 4
27 4
32 4
27 4
32 4
27 4
34 4
27 4
34 4
27 4
34 4
27 4
34 4
27 4
34 4
27 4
34 4
27 4
34 4
35 4
34 4
27 4
34 4
38 4
39 4
27 4
34 4
38 4
39 4
27 4
34 4
38 4
39 4
27 4
34 4
38 4
39 4
27 4
34 4
38 4
39 4
27 4
34 4
38 4
39 4
27 4
34 4
38 4
39 4
37 4
35 4
34 4
32 4
E
X
