minor
S
L
72 3
72 1
108 4
108 4
108 4
108 4
108 4
108 4
108 4
108 4
108 4
108 4
108 4
108 4
108 4
108 4
108 4
108 4
108 4
108 4
108 4
108 4
108 4
108 4
108 4
108 4
108 4
108 4
108 4
108 4
108 4
108 4
108 4
108 4
108 4
108 4
108 4
108 4
108 4
108 4
108 4
108 4
108 4
108 4
108 4
108 4
108 4
108 4
108 4
108 4
108 4
108 4
108 4
108 4
108 4
108 4
108 4
108 4
108 4
108 4
108 4
108 4
108 4
108 4
108 4
108 4
72 14
218 2
218 2
218 2
218 2
218 2
218 2
179 2
179 2
179 2
179 2
179 2
179 2
179 2
179 2
179 2
179 2
127 2
127 2
127 2
127 2
127 2
127 2
127 2
127 2
153 2
153 2
153 2
153 2
153 2
153 2
153 2
153 2
244 2
244 2
244 2
244 2
244 2
244 2
218 2
218 2
218 2
218 2
218 2
218 2
218 2
218 2
218 2
218 2
218 2
218 2
218 2
218 2
218 2
218 2
218 2
218 2
72 11
218 2
218 2
218 2
218 2
218 2
218 2
179 2
179 2
179 2
179 2
179 2
179 2
179 2
179 2
179 2
179 2
127 2
127 2
127 2
127 2
127 2
127 2
127 2
127 2
153 2
153 2
153 2
153 2
153 2
153 2
153 2
153 2
205 2
205 2
205 2
205 2
205 2
205 2
218 2
218 2
218 2
218 2
218 2
218 2
218 2
218 2
218 2
218 2
218 2
218 2
218 2
218 2
E
S
L
72 3
72 1
24 2
72 2
24 2
72 2
48 2
48 2
36 2
36 2
48 2
48 2
48 2
48 2
48 2
36 2
36 2
36 2
36 2
43 2
48 2
50 2
52 2
50 2
48 2
43 2
41 2
41 2
36 2
36 2
36 2
36 2
36 2
36 2
24 2
24 2
24 2
24 2
24 2
24 2
41 2
41 2
36 2
43 2
48 2
50 2
52 2
50 2
48 2
43 2
48 2
41 2
36 2
24 2
48 2
48 2
48 2
48 2
48 2
48 2
48 2
48 2
48 2
48 2
48 2
48 2
36 2
38 2
40 2
40 2
38 2
36 2
40 2
36 2
48 2
48 2
48 2
48 2
48 2
41 2
36 2
41 2
48 2
48 2
36 2
36 2
48 2
48 2
36 2
40 2
38 2
43 2
53 2
53 2
53 2
48 2
41 2
36 2
29 2
72 2
24 2
72 2
41 2
41 2
24 2
24 2
48 2
48 2
48 2
48 2
48 2
48 2
41 2
53 2
48 2
55 2
52 2
52 2
50 2
48 2
36 2
36 2
48 2
48 2
36 2
36 2
36 2
36 2
48 2
48 2
12 4
24 4
23 4
22 4
12 4
24 4
12 4
24 4
23 4
22 4
12 4
24 4
12 4
24 4
23 4
22 4
12 4
24 4
23 4
22 4
12 4
24 4
12 4
24 4
23 4
22 4
12 4
24 4
12 4
24 4
23 4
22 4
12 4
24 4
23 4
22 4
12 4
24 4
12 4
24 4
23 4
22 4
12 4
24 4
12 4
24 4
23 4
22 4
12 4
24 4
23 4
22 4
12 4
24 4
12 4
24 4
23 4
22 4
12 4
24 4
12 4
24 4
23 4
22 4
12 4
24 4
23 4
22 4
12 4
24 4
12 4
24 4
23 4
22 4
12 4
24 4
12 4
24 4
23 4
22 4
12 4
24 4
23 4
22 4
12 4
24 4
12 4
24 4
23 4
22 4
12 4
24 4
12 4
24 4
23 4
22 4
12 4
24 4
23 4
22 4
12 4
24 4
12 4
24 4
23 4
22 4
12 4
24 4
12 4
24 4
23 4
22 4
12 4
24 4
23 4
22 4
12 4
24 4
12 4
24 4
23 4
22 4
12 4
24 4
12 4
24 4
23 4
22 4
12 4
24 4
23 4
22 4
12 4
24 4
12 4
24 4
23 4
22 4
12 4
24 4
12 4
24 4
23 4
22 4
12 4
24 4
23 4
22 4
12 4
24 4
12 4
24 4
23 4
22 4
12 4
24 4
12 4
24 4
23 4
22 4
12 4
24 4
23 4
22 4
12 4
24 4
12 4
24 4
23 4
22 4
12 4
24 4
12 4
24 4
23 4
22 4
12 4
24 4
23 4
22 4
12 4
24 4
12 4
24 4
23 4
22 4
12 4
24 4
12 4
24 4
23 4
22 4
12 4
24 4
23 4
22 4
12 4
24 4
12 4
24 4
23 4
22 4
12 4
24 4
12 4
24 4
23 4
22 4
12 4
24 4
23 4
22 4
12 4
24 4
12 4
24 4
23 4
22 4
12 4
24 4
12 4
24 4
23 4
22 4
12 4
24 4
23 4
22 4
12 4
24 4
12 4
24 4
23 4
22 4
12 4
24 4
12 4
24 4
23 4
22 4
12 4
24 4
23 4
22 4
12 4
24 4
12 4
24 4
23 4
22 4
12 4
24 4
12 4
24 4
23 4
22 4
12 4
24 4
23 4
22 4
12 4
24 4
12 4
24 4
23 4
22 4
12 4
24 4
12 4
24 4
23 4
22 4
12 4
24 4
23 4
22 4
12 4
24 4
12 4
24 4
23 4
22 4
12 4
24 4
12 4
24 4
23 4
22 4
12 4
24 4
23 4
22 4
12 4
24 4
12 4
24 4
23 4
22 4
12 4
24 4
12 4
24 4
23 4
22 4
12 4
24 4
23 4
22 4
12 4
24 4
12 4
24 4
23 4
22 4
12 4
24 4
12 4
24 4
23 4
22 4
12 4
24 4
23 4
22 4
12 4
24 4
12 4
24 4
23 4
22 4
12 4
24 4
12 4
24 4
23 4
22 4
12 4
24 4
23 4
22 4
12 4
24 4
12 4
24 4
23 4
22 4
12 4
24 4
12 4
24 4
23 4
22 4
72 14
8 4
7 4
6 4
5 4
17 4
16 4
15 4
5 4
17 4
5 4
17 4
16 4
15 4
22 4
17 4
5 4
17 4
16 4
15 4
15 4
20 4
19 4
18 4
15 4
20 4
15 4
20 4
19 4
18 4
25 4
20 4
15 4
20 4
19 4
18 4
10 4
22 4
21 4
20 4
10 4
22 4
10 4
22 4
21 4
20 4
27 4
22 4
10 4
22 4
21 4
20 4
15 4
19 4
18 4
17 4
15 4
19 4
15 4
19 4
18 4
17 4
24 4
19 4
15 4
19 4
18 4
17 4
12 4
17 4
16 4
15 4
12 4
17 4
12 4
17 4
16 4
15 4
22 4
17 4
12 4
17 4
16 4
15 4
15 4
20 4
19 4
18 4
15 4
20 4
15 4
20 4
19 4
18 4
24 4
20 4
15 4
20 4
19 4
18 4
20 4
24 4
23 4
22 4
20 4
24 4
20 4
24 4
23 4
22 4
29 4
24 4
20 4
24 4
23 4
22 4
17 4
22 4
21 4
20 4
17 4
22 4
17 4
22 4
21 4
20 4
27 4
22 4
17 4
22 4
21 4
20 4
12 4
24 4
23 4
22 4
12 4
24 4
12 4
24 4
23 4
22 4
12 4
24 4
12 4
24 4
23 4
22 4
12 4
24 4
23 4
22 4
12 4
24 4
12 4
24 4
23 4
22 4
12 4
24 4
12 4
24 4
23 4
22 4
12 4
24 4
23 4
22 4
12 4
24 4
12 4
24 4
23 4
22 4
12 4
24 4
12 4
24 4
23 4
22 4
12 4
24 4
23 4
22 4
12 4
24 4
12 4
24 4
23 4
22 4
12 4
24 4
12 4
24 4
23 4
22 4
12 4
24 4
23 4
22 4
12 4
24 4
12 4
24 4
23 4
22 4
12 4
24 4
12 4
24 4
23 4
22 4
12 4
24 4
23 4
22 4
12 4
24 4
12 4
24 4
23 4
22 4
12 4
24 4
12 4
24 4
23 4
22 4
12 4
24 4
23 4
22 4
12 4
24 4
12 4
24 4
23 4
22 4
12 4
24 4
12 4
24 4
23 4
22 4
12 4
24 4
23 4
22 4
12 4
24 4
12 4
24 4
23 4
22 4
12 4
24 4
12 4
24 4
23 4
22 4
12 4
24 4
23 4
22 4
12 4
24 4
12 4
24 4
23 4
22 4
12 4
24 4
12 4
24 4
23 4
22 4
12 4
24 4
23 4
22 4
12 4
24 4
12 4
24 4
23 4
22 4
12 4
24 4
12 4
24 4
23 4
22 4
12 4
24 4
23 4
22 4
12 4
24 4
12 4
24 4
23 4
22 4
12 4
24 4
12 4
24 4
23 4
22 4
12 4
24 4
23 4
22 4
12 4
24 4
12 4
24 4
23 4
22 4
12 4
24 4
12 4
24 4
23 4
22 4
12 4
24 4
23 4
22 4
12 4
24 4
12 4
24 4
23 4
22 4
12 4
24 4
12 4
24 4
23 4
22 4
12 4
24 4
23 4
22 4
12 4
24 4
12 4
24 4
23 4
22 4
12 4
24 4
12 4
24 4
23 4
22 4
12 4
24 4
23 4
22 4
12 4
24 4
12 4
24 4
23 4
22 4
12 4
24 4
12 4
24 4
23 4
22 4
12 4
24 4
23 4
22 4
12 4
24 4
12 4
24 4
23 4
22 4
12 4
24 4
12 4
24 4
23 4
22 4
12 4
E
S
H
72 3
72 14
29 2
72 2
36 2
72 2
41 2
72 2
36 2
72 6
41 2
72 6
36 2
72 2
29 2
72 2
36 2
72 2
41 2
72 2
36 2
72 6
41 2
72 2
36 2
72 2
31 2
72 2
29 2
72 2
36 2
72 2
41 2
72 2
36 2
72 6
41 2
72 6
36 2
72 2
29 2
72 2
36 2
72 2
41 2
72 2
36 2
72 6
41 2
72 2
36 2
72 2
41 2
72 14
29 2
72 2
36 2
72 2
41 2
72 2
36 2
72 6
41 2
72 6
36 2
72 2
29 2
72 2
36 2
72 2
41 2
72 2
36 2
72 6
41 2
72 2
36 2
72 2
31 2
72 2
29 2
72 2
36 2
72 2
41 2
72 2
36 2
72 6
41 2
72 6
36 2
72 2
29 2
72 2
36 2
72 2
41 2
72 2
36 2
72 6
41 2
72 2
36 2
72 2
41 2
72 14
29 2
72 2
36 2
72 2
41 2
72 2
36 2
72 6
41 2
72 6
36 2
72 2
29 2
72 2
36 2
72 2
41 2
72 2
36 2
72 6
41 2
72 2
36 2
72 2
31 2
72 2
29 2
72 2
36 2
72 2
41 2
72 2
36 2
72 6
41 2
72 6
36 2
72 2
29 2
72 2
36 2
72 2
41 2
72 2
36 2
72 6
41 2
72 2
36 2
72 2
41 2
72 2
29 2
72 2
36 2
72 2
41 2
72 2
36 2
72 6
41 2
72 6
36 2
72 2
29 2
72 2
36 2
72 2
41 2
72 2
36 2
72 6
41 2
72 2
36 2
72 2
31 2
72 2
29 2
72 2
36 2
72 2
41 2
72 2
36 2
72 6
41 2
72 6
36 2
72 2
29 2
72 2
36 2
72 2
41 2
72 2
36 2
72 6
41 2
72 2
36 2
72 2
41 2
E
S
H
72 3
72 14
1176 14
1381 14
72 14
1176 14
1381 14
1551 14
1224 14
72 14
1176 14
1381 14
1551 14
1224 14
161 11
109 7
161 4
200 13
72 2
200 4
200 11
147 7
200 4
109 13
72 2
226 11
162 7
226 4
121 13
72 2
188 11
147 7
188 4
228 13
161 11
109 7
161 4
200 13
72 2
200 4
200 11
147 7
200 4
109 13
72 2
226 11
162 7
226 4
121 13
72 2
188 11
147 7
188 4
228 13
161 9
200 14
187 9
147 14
200 9
108 14
226 9
121 13
147 7
161 14
174 14
187 14
200 14
213 14
72 14
342 7
499 14
E
S
H
72 3
72 14
29 2
72 2
36 2
72 2
29 2
72 2
36 2
72 2
29 2
36 2
41 2
72 2
29 2
72 2
36 2
36 2
29 2
72 2
36 2
29 2
41 2
72 2
41 2
36 2
36 2
41 2
41 2
36 2
29 2
41 2
72 2
36 2
29 2
72 2
36 2
29 2
41 2
72 2
41 2
36 2
36 2
41 2
41 2
36 2
29 2
41 2
72 2
36 2
29 2
72 2
36 2
29 2
41 2
72 2
41 2
36 2
36 2
41 2
41 2
36 2
29 2
41 2
72 2
36 2
29 2
72 2
36 2
72 2
29 2
72 2
36 2
72 2
29 2
36 2
41 2
72 2
29 2
72 2
36 2
36 2
29 2
72 2
36 2
29 2
41 2
72 2
41 2
36 2
36 2
41 2
41 2
36 2
29 2
41 2
72 2
36 2
29 2
72 2
36 2
29 2
41 2
72 2
41 2
36 2
36 2
41 2
41 2
36 2
29 2
41 2
72 2
36 2
29 2
72 2
36 2
29 2
41 2
72 2
41 2
36 2
36 2
41 2
41 2
36 2
29 2
41 2
72 2
36 2
41 2
72 2
36 2
72 2
38 2
72 6
31 2
36 2
72 2
43 2
31 2
36 2
72 2
43 2
72 4
48 2
43 2
72 4
48 2
43 2
43 2
48 2
36 2
43 2
43 2
48 2
36 2
43 2
72 4
48 2
43 2
72 4
48 2
43 2
43 2
48 2
36 2
43 2
43 2
48 2
36 2
43 2
72 4
48 2
43 2
72 4
48 2
43 2
43 2
48 2
36 2
43 2
43 2
48 2
36 2
43 2
72 14
29 2
72 2
36 2
72 2
29 2
72 2
36 2
72 2
29 2
36 2
41 2
72 2
29 2
72 2
36 2
36 2
29 2
72 2
36 2
29 2
41 2
72 2
41 2
36 2
36 2
41 2
41 2
36 2
29 2
41 2
72 2
36 2
29 2
72 2
36 2
29 2
41 2
72 2
41 2
36 2
36 2
41 2
41 2
36 2
29 2
41 2
72 2
36 2
29 2
72 2
36 2
29 2
41 2
72 2
41 2
36 2
36 2
41 2
41 2
36 2
29 2
41 2
72 2
36 2
41 2
72 2
36 2
72 2
38 2
72 6
31 2
36 2
72 2
43 2
31 2
36 2
72 2
43 2
72 4
48 2
43 2
72 4
48 2
43 2
43 2
48 2
36 2
43 2
43 2
48 2
36 2
43 2
72 4
48 2
43 2
72 4
48 2
43 2
43 2
48 2
36 2
43 2
43 2
48 2
36 2
43 2
72 4
48 2
43 2
72 4
48 2
43 2
43 2
48 2
36 2
43 2
43 2
48 2
36 2
43 2
43 2
72 2
48 2
48 2
43 2
72 2
48 2
48 2
E
S
H
72 3
72 14
38 13
72 14
38 13
E
S
H
72 3
72 14
113 2
1814 2
1343 2
152 2
126 2
152 2
1343 2
1814 2
113 2
72 2
242 2
342 2
342 2
342 2
342 2
1173 2
72 4
256 2
330 2
330 2
256 2
114 2
114 2
256 2
330 2
330 2
256 2
72 4
114 2
356 2
357 2
358 2
254 2
358 2
357 2
356 2
114 2
72 2
330 2
330 2
330 2
330 2
256 2
330 2
330 2
330 2
330 2
E
S
H
72 3
72 14
173 0
72 4
18 0
72 4
14 0
72 4
18 0
72 4
173 0
72 4
18 0
72 4
14 0
72 4
20 0
72 2
20 0
72 2
173 0
72 4
18 0
72 4
14 0
72 4
18 0
72 4
173 0
72 4
18 0
72 4
14 0
72 4
20 0
72 2
20 0
72 2
173 0
72 4
18 0
72 4
14 0
72 4
18 0
72 4
173 0
72 4
18 0
72 4
14 0
72 4
20 0
72 2
20 0
72 2
173 0
72 4
18 0
72 4
14 0
72 4
18 0
72 4
173 0
72 4
18 0
72 4
14 0
72 4
20 0
72 2
20 0
72 2
113 0
72 7
14 0
72 7
12 0
72 7
14 0
72 7
12 0
72 7
14 0
72 7
12 0
72 7
14 0
72 7
12 0
72 7
14 0
72 7
12 0
72 7
14 0
72 7
12 0
72 7
14 0
72 7
12 0
72 7
14 0
72 7
113 0
72 7
14 0
72 4
46 0
72 2
46 0
72 2
221 0
72 4
221 0
72 4
223 0
72 4
221 0
72 4
221 0
72 7
14 0
72 4
46 0
72 2
46 0
72 2
221 0
72 4
221 0
72 4
223 0
72 4
221 0
72 4
221 0
72 7
14 0
72 4
46 0
72 2
46 0
72 2
221 0
72 4
221 0
72 4
223 0
72 4
221 0
72 4
221 0
72 7
14 0
72 4
46 0
72 2
46 0
72 2
221 0
72 4
221 0
72 4
223 0
72 4
221 0
72 4
221 0
72 7
14 0
72 4
46 0
72 2
46 0
72 2
221 0
72 4
221 0
72 4
223 0
72 4
221 0
72 4
221 0
72 7
14 0
72 4
46 0
72 2
46 0
72 2
221 0
72 4
221 0
72 4
223 0
72 4
221 0
72 4
221 0
72 7
14 0
72 4
46 0
72 2
46 0
72 2
221 0
72 4
221 0
72 4
223 0
72 4
221 0
72 4
221 0
72 7
14 0
72 4
46 0
72 2
46 0
72 2
221 0
72 4
221 0
72 4
223 0
72 4
221 0
72 4
113 0
72 7
14 0
72 4
46 0
72 2
46 0
72 2
221 0
72 4
221 0
72 4
223 0
72 4
221 0
72 4
221 0
72 7
14 0
72 4
46 0
72 2
46 0
72 2
221 0
72 4
221 0
72 4
223 0
72 4
221 0
72 4
221 0
72 7
14 0
72 4
46 0
72 2
46 0
72 2
221 0
72 4
221 0
72 4
223 0
72 4
221 0
72 4
221 0
72 7
14 0
72 4
46 0
72 2
46 0
72 2
221 0
72 4
221 0
72 4
223 0
72 4
221 0
72 4
221 0
72 7
14 0
72 4
46 0
72 2
46 0
72 2
221 0
72 4
221 0
72 4
223 0
72 4
221 0
72 4
221 0
72 7
14 0
72 4
46 0
72 2
46 0
72 2
221 0
72 4
221 0
72 4
223 0
72 4
221 0
72 4
221 0
72 7
14 0
72 4
46 0
72 2
46 0
72 2
221 0
72 4
221 0
72 4
223 0
72 4
221 0
72 4
221 0
72 7
14 0
72 4
46 0
72 2
46 0
72 2
221 0
72 4
221 0
72 4
223 0
72 4
221 0
72 4
113 0
72 7
14 0
72 4
46 0
72 2
46 0
72 2
221 0
72 4
221 0
72 4
223 0
72 4
221 0
72 4
221 0
72 7
14 0
72 4
46 0
72 2
46 0
72 2
221 0
72 4
221 0
72 4
223 0
72 4
221 0
72 4
221 0
72 7
14 0
72 4
46 0
72 2
46 0
72 2
221 0
72 4
221 0
72 4
223 0
72 4
221 0
72 4
221 0
72 7
14 0
72 4
46 0
72 2
46 0
72 2
221 0
72 4
221 0
72 4
223 0
72 4
221 0
72 4
113 0
72 7
14 0
72 4
46 0
72 2
46 0
72 2
221 0
72 4
221 0
72 4
223 0
72 4
221 0
72 4
221 0
72 7
14 0
72 4
46 0
72 2
46 0
72 2
221 0
72 4
221 0
72 4
223 0
72 4
221 0
72 4
221 0
72 7
14 0
72 4
46 0
72 2
46 0
72 2
221 0
72 4
221 0
72 4
223 0
72 4
221 0
72 4
221 0
72 7
14 0
72 4
46 0
72 2
46 0
72 2
221 0
72 4
221 0
72 4
223 0
72 4
221 0
72 4
12 0
72 7
14 0
72 7
12 0
72 7
14 0
72 7
12 0
72 7
14 0
72 7
12 0
72 7
14 0
72 7
12 0
72 7
14 0
72 7
12 0
72 7
14 0
72 7
12 0
72 7
14 0
72 7
12 0
72 7
14 0
72 7
33 0
72 14
185 0
72 7
14 0
72 4
46 0
72 2
46 0
72 2
221 0
72 4
221 0
72 4
223 0
72 4
221 0
72 4
221 0
72 7
14 0
72 4
46 0
72 2
46 0
72 2
221 0
72 4
221 0
72 4
223 0
72 4
221 0
72 4
221 0
72 7
14 0
72 4
46 0
72 2
46 0
72 2
221 0
72 4
221 0
72 4
223 0
72 4
221 0
72 4
221 0
72 7
14 0
72 4
46 0
72 2
46 0
72 2
221 0
72 4
221 0
72 4
223 0
72 4
221 0
72 4
113 0
72 7
14 0
72 4
46 0
72 2
46 0
72 2
221 0
72 4
221 0
72 4
223 0
72 4
221 0
72 4
221 0
72 7
14 0
72 4
46 0
72 2
46 0
72 2
221 0
72 4
221 0
72 4
223 0
72 4
221 0
72 4
221 0
72 7
14 0
72 4
46 0
72 2
46 0
72 2
221 0
72 4
221 0
72 4
223 0
72 4
221 0
72 4
221 0
72 7
14 0
72 4
46 0
72 2
46 0
72 2
221 0
72 4
221 0
72 4
223 0
72 4
221 0
72 4
1654 0
72 4
20 0
72 7
1657 0
72 2
46 0
72 2
226 0
72 4
1642 0
72 4
46 0
72 4
229 0
72 4
226 0
72 4
20 0
72 7
229 0
72 2
46 0
72 2
226 0
72 4
1642 0
72 4
46 0
72 4
229 0
72 4
226 0
72 4
20 0
72 7
229 0
72 2
46 0
72 2
226 0
72 4
1642 0
72 4
46 0
72 4
229 0
72 4
226 0
72 4
20 0
72 7
229 0
72 2
46 0
72 2
226 0
72 4
1642 0
72 4
46 0
72 4
229 0
72 4
226 0
72 4
20 0
72 7
229 0
72 2
46 0
72 2
226 0
72 4
1642 0
72 4
46 0
72 4
229 0
72 4
226 0
72 4
20 0
72 7
229 0
72 2
46 0
72 2
226 0
72 4
1642 0
72 4
46 0
72 4
229 0
72 4
226 0
72 4
20 0
72 7
229 0
72 2
46 0
72 2
226 0
72 4
1642 0
72 4
46 0
72 4
229 0
72 4
1229 0
72 4
20 0
72 4
12 0
72 4
1633 0
72 2
221 0
72 2
1601 0
72 4
1642 0
72 4
1553 0
72 4
1637 0
72 4
1409 0
72 4
20 0
72 4
125 0
72 4
229 0
72 2
46 0
72 2
1601 0
72 4
1642 0
72 4
1565 0
72 4
229 0
72 4
1601 0
72 4
20 0
72 4
125 0
72 4
229 0
72 2
46 0
72 2
1601 0
72 4
1642 0
72 4
1565 0
72 4
229 0
72 4
1409 0
72 4
20 0
72 4
125 0
72 4
229 0
72 2
46 0
72 2
1601 0
72 4
1642 0
72 4
1565 0
72 4
229 0
72 4
1601 0
72 4
20 0
72 4
125 0
72 4
229 0
72 2
46 0
72 2
1601 0
72 4
1642 0
72 4
1553 0
72 4
229 0
72 4
1409 0
72 4
20 0
72 4
125 0
72 4
229 0
72 2
46 0
72 2
1601 0
72 4
1642 0
72 4
1565 0
72 4
229 0
72 4
1601 0
72 4
20 0
72 4
125 0
72 4
229 0
72 2
46 0
72 2
1601 0
72 4
1642 0
72 4
1565 0
72 4
229 0
72 4
1601 0
72 4
20 0
72 4
125 0
72 4
229 0
72 2
46 0
72 2
1601 0
72 4
1642 0
72 4
1565 0
72 4
229 0
72 4
1601 0
72 4
20 0
72 4
125 0
72 4
229 0
72 2
46 0
72 2
1601 0
72 4
1642 0
72 4
1565 0
72 4
229 0
72 4
1409 0
72 4
20 0
72 4
125 0
72 4
1650 0
72 2
46 0
72 2
1601 0
72 4
1642 0
72 4
1565 0
72 4
229 0
72 4
1601 0
72 4
20 0
72 4
125 0
72 4
229 0
72 2
46 0
72 2
1601 0
72 4
1642 0
72 4
1565 0
72 4
229 0
72 4
1601 0
72 4
20 0
72 4
125 0
72 4
229 0
72 2
46 0
72 2
1601 0
72 4
1642 0
72 4
1565 0
72 4
229 0
72 4
1601 0
72 4
20 0
72 4
125 0
72 4
229 0
72 2
46 0
72 2
1601 0
72 4
1642 0
72 4
1565 0
72 4
229 0
72 4
1649 0
72 4
20 0
72 4
125 0
72 4
1650 0
72 2
46 0
72 2
1601 0
72 4
1642 0
72 4
1565 0
72 4
229 0
72 4
1601 0
72 4
20 0
72 4
125 0
72 4
229 0
72 2
46 0
72 2
1601 0
72 4
1642 0
72 4
1565 0
72 4
229 0
72 4
1601 0
72 4
20 0
72 4
125 0
72 4
229 0
72 2
46 0
72 2
1601 0
72 4
1642 0
72 4
1565 0
72 4
229 0
72 4
1601 0
72 4
20 0
72 4
125 0
72 4
229 0
72 2
46 0
72 2
1601 0
72 4
1642 0
72 4
1565 0
72 4
229 0
72 4
1553 0
72 4
20 0
72 4
125 0
72 4
229 0
72 2
46 0
72 2
1601 0
72 4
1642 0
72 4
1565 0
72 4
229 0
72 4
1601 0
72 4
20 0
72 4
125 0
72 4
229 0
72 2
46 0
72 2
1601 0
72 4
1642 0
72 4
1565 0
72 4
229 0
72 4
1553 0
72 4
20 0
72 4
125 0
72 4
229 0
72 2
46 0
72 2
1601 0
72 4
1642 0
72 4
1565 0
72 4
229 0
72 4
1601 0
72 4
20 0
72 4
125 0
72 4
229 0
72 2
46 0
72 2
1601 0
72 4
1642 0
72 4
1565 0
72 4
229 0
72 4
305 0
72 4
20 0
72 4
269 0
72 4
229 0
72 2
46 0
72 2
1601 0
72 4
1642 0
72 4
1565 0
72 4
229 0
72 4
1601 0
72 4
20 0
72 4
125 0
72 4
229 0
72 2
46 0
72 2
1601 0
72 4
1642 0
72 4
1565 0
72 4
229 0
72 4
305 0
72 4
20 0
72 4
125 0
72 4
229 0
72 2
46 0
72 2
1601 0
72 4
1642 0
72 4
1565 0
72 4
229 0
72 4
1601 0
72 4
20 0
72 4
125 0
72 4
229 0
72 2
46 0
72 2
1601 0
72 4
1642 0
72 4
1565 0
72 4
229 0
72 4
1650 0
72 7
115 0
72 4
46 0
72 2
46 0
72 2
221 0
72 4
46 0
72 4
223 0
72 4
46 0
72 4
221 0
72 7
14 0
72 4
46 0
72 2
46 0
72 2
221 0
72 4
46 0
72 4
223 0
72 4
46 0
72 4
221 0
72 7
14 0
72 4
46 0
72 2
46 0
72 2
221 0
72 4
46 0
72 4
223 0
72 4
46 0
72 4
221 0
72 7
14 0
72 4
46 0
72 2
46 0
72 2
221 0
72 4
46 0
72 4
223 0
72 4
46 0
72 4
221 0
72 7
14 0
72 4
46 0
72 2
46 0
72 2
221 0
72 4
46 0
72 4
223 0
72 4
46 0
72 4
221 0
72 7
14 0
72 4
46 0
72 2
46 0
72 2
221 0
72 4
46 0
72 4
223 0
72 4
46 0
72 4
221 0
72 7
14 0
72 4
46 0
72 2
46 0
72 2
221 0
72 4
46 0
72 4
223 0
72 4
46 0
72 4
221 0
72 7
14 0
72 4
46 0
72 2
46 0
72 2
221 0
72 4
46 0
72 4
223 0
72 4
46 0
72 4
173 0
72 4
12 0
72 4
14 0
72 7
12 0
72 4
12 0
72 4
14 0
72 4
20 0
72 2
20 0
72 2
12 0
72 4
12 0
72 4
14 0
72 7
12 0
72 4
12 0
72 4
14 0
72 4
20 0
72 2
20 0
72 2
12 0
72 4
12 0
72 4
14 0
72 7
12 0
72 4
12 0
72 4
14 0
72 4
20 0
72 2
20 0
72 2
12 0
72 4
12 0
72 4
14 0
72 7
12 0
72 4
12 0
72 4
14 0
72 4
20 0
72 2
20 0
72 2
12 0
72 4
12 0
72 4
14 0
72 7
12 0
72 4
12 0
72 4
14 0
72 4
20 0
72 2
20 0
72 2
12 0
72 4
12 0
72 4
14 0
72 7
12 0
72 4
12 0
72 4
14 0
72 4
20 0
72 2
20 0
72 2
12 0
72 4
12 0
72 4
14 0
72 7
12 0
72 4
12 0
72 4
14 0
72 4
20 0
72 2
197 0
72 2
12 0
72 4
12 0
72 4
14 0
72 6
12 0
72 2
12 0
72 4
12 0
72 4
1411 0
72 4
20 0
72 2
197 0
72 2
365 0
72 7
14 0
72 7
12 0
72 7
14 0
72 7
12 0
72 7
14 0
72 7
12 0
72 7
14 0
72 7
12 0
72 7
14 0
72 7
12 0
72 7
14 0
72 7
12 0
72 7
14 0
72 7
12 0
72 7
14 0
72 7
12 0
72 7
14 0
72 7
12 0
72 7
14 0
72 7
12 0
72 7
14 0
72 7
12 0
72 7
14 0
72 7
12 0
72 7
14 0
72 7
12 0
72 7
14 0
72 7
125 0
72 7
12 0
72 4
14 0
72 4
12 0
72 7
125 0
72 2
12 0
72 2
12 0
72 2
12 0
72 2
1565 0
E
X
