major
S
H
72 8
72 12
44 14
56 13
58 13
53 14
46 11
48 11
49 11
51 11
44 14
56 13
58 13
53 14
72 14
44 14
56 13
58 13
53 14
46 11
48 11
49 11
51 11
44 14
56 13
58 13
53 14
E
S
H
72 8
72 12
46 11
51 11
53 11
55 11
53 12
55 7
53 7
51 7
50 7
46 7
48 12
55 7
55 14
53 11
51 11
50 14
188 14
163 13
72 14
108 11
226 7
185 7
171 7
144 14
51 14
53 14
55 14
192 11
231 11
101 11
127 11
140 11
166 11
192 11
231 11
101 11
127 11
140 11
166 11
192 12
166 4
72 4
166 13
46 11
51 11
53 11
55 11
53 12
55 7
53 7
51 7
50 7
46 7
48 12
55 7
55 14
53 11
51 11
50 14
188 14
163 13
72 14
108 11
226 7
185 7
171 7
144 14
51 14
53 14
55 14
192 11
231 11
101 11
127 11
140 11
166 11
192 11
231 11
101 11
127 11
140 11
166 11
192 12
166 4
72 4
166 13
E
S
L
72 8
72 12
944 14
636 14
855 13
27 14
145 14
135 13
72 14
1155 14
577 14
456 14
617 14
36 14
106 14
34 14
944 14
636 14
855 13
27 14
145 14
135 13
72 14
1155 14
577 14
456 14
617 14
36 14
106 14
34 14
E
S
H
72 8
72 12
46 4
72 4
108 4
72 4
226 4
108 4
51 4
72 4
46 4
72 4
185 4
72 4
46 4
72 4
161 4
72 4
46 4
72 4
108 4
72 4
58 4
72 4
226 4
72 4
190 4
224 4
163 4
72 4
50 4
72 4
147 4
72 4
46 4
72 4
108 4
72 4
226 4
108 4
51 4
72 4
48 4
72 4
188 4
72 4
46 4
72 4
163 4
72 4
46 4
72 4
108 4
72 4
58 4
72 4
226 4
72 4
190 4
224 4
163 4
72 4
50 4
72 4
147 4
72 4
46 4
72 4
108 4
72 4
226 4
108 4
51 4
72 4
46 4
72 4
185 4
72 4
46 4
72 4
161 4
72 4
46 4
72 4
108 4
72 4
58 4
72 4
226 4
72 4
190 4
224 4
163 4
72 4
50 4
72 4
147 4
72 4
46 4
72 4
108 4
72 4
226 4
108 4
51 4
72 4
48 4
72 4
188 4
72 4
46 4
72 4
188 4
72 4
46 4
72 4
108 4
72 4
58 4
72 4
226 4
72 4
190 4
224 4
163 4
72 4
50 4
72 4
147 4
72 4
46 4
72 4
108 4
72 4
226 4
108 4
51 4
72 4
46 4
72 4
185 4
72 4
171 4
185 4
144 4
72 4
46 4
72 4
108 4
72 4
58 4
72 4
226 4
72 4
190 4
224 4
163 4
72 4
50 4
72 4
147 4
72 4
46 4
72 4
108 4
72 4
226 4
108 4
51 4
72 4
48 4
72 4
185 4
72 4
171 4
185 4
158 4
72 4
46 4
72 4
108 4
72 4
231 4
72 4
226 4
72 4
190 4
224 4
163 4
72 4
50 4
72 4
135 4
72 4
46 4
72 4
108 4
72 4
226 4
108 4
51 4
72 4
46 4
72 4
185 4
72 4
171 4
185 4
147 4
72 4
46 4
72 4
108 4
72 4
58 4
72 4
226 4
72 4
190 4
224 4
163 4
72 4
51 4
72 4
161 4
72 4
46 4
72 4
108 4
72 4
226 4
108 4
51 4
72 4
48 4
72 4
185 4
72 4
171 4
185 4
132 4
72 4
46 4
72 4
108 4
72 4
58 4
72 4
226 4
72 4
190 4
224 4
163 4
72 4
147 4
72 4
161 4
72 4
46 4
72 4
108 4
72 4
226 4
108 4
51 4
72 4
46 4
72 4
185 4
72 4
171 4
185 4
147 4
72 4
46 4
72 4
108 4
72 4
58 4
72 4
226 4
72 4
190 4
224 4
163 4
72 4
51 4
72 4
161 4
72 4
46 4
72 4
108 4
72 4
226 4
108 4
51 4
72 4
48 4
72 4
185 4
72 4
171 4
185 4
132 4
72 4
46 4
72 4
108 4
72 4
58 4
72 4
226 4
72 4
190 4
224 4
163 4
72 4
147 4
72 4
137 4
72 4
46 4
72 4
108 4
72 4
226 4
108 4
51 4
72 4
48 4
72 4
185 4
72 4
171 4
185 4
132 4
72 4
46 4
72 4
108 4
72 4
58 4
72 4
226 4
72 4
190 4
224 4
55 4
72 4
187 4
72 4
161 4
72 4
46 4
72 4
108 4
72 4
226 4
108 4
51 4
72 4
48 4
72 4
185 4
72 4
171 4
185 4
147 4
72 4
46 4
72 4
108 4
72 4
58 4
72 4
226 4
72 4
190 4
224 4
163 4
72 4
147 4
72 4
161 4
72 4
46 4
72 4
108 4
72 4
226 4
108 4
51 4
72 4
46 4
72 4
185 4
72 4
46 4
72 4
161 4
72 4
46 4
72 4
108 4
72 4
58 4
72 4
226 4
72 4
190 4
224 4
163 4
72 4
50 4
72 4
147 4
72 4
46 4
72 4
108 4
72 4
226 4
108 4
51 4
72 4
48 4
72 4
188 4
72 4
46 4
72 4
163 4
72 4
46 4
72 4
108 4
72 4
58 4
72 4
226 4
72 4
190 4
224 4
163 4
72 4
50 4
72 4
147 4
72 4
46 4
72 4
108 4
72 4
226 4
108 4
51 4
72 4
46 4
72 4
185 4
72 4
46 4
72 4
161 4
72 4
46 4
72 4
108 4
72 4
58 4
72 4
226 4
72 4
190 4
224 4
163 4
72 4
50 4
72 4
147 4
72 4
46 4
72 4
108 4
72 4
226 4
108 4
51 4
72 4
48 4
72 4
188 4
72 4
46 4
72 4
188 4
72 4
46 4
72 4
108 4
72 4
58 4
72 4
226 4
72 4
190 4
224 4
163 4
72 4
50 4
72 4
147 4
72 4
46 4
72 4
108 4
72 4
226 4
108 4
51 4
72 4
46 4
72 4
185 4
72 4
171 4
185 4
144 4
72 4
46 4
72 4
108 4
72 4
58 4
72 4
226 4
72 4
190 4
224 4
163 4
72 4
50 4
72 4
147 4
72 4
46 4
72 4
108 4
72 4
226 4
108 4
51 4
72 4
48 4
72 4
185 4
72 4
171 4
185 4
158 4
72 4
46 4
72 4
108 4
72 4
231 4
72 4
226 4
72 4
190 4
224 4
163 4
72 4
50 4
72 4
135 4
72 4
46 4
72 4
108 4
72 4
226 4
108 4
51 4
72 4
46 4
72 4
185 4
72 4
171 4
185 4
147 4
72 4
46 4
72 4
108 4
72 4
58 4
72 4
226 4
72 4
190 4
224 4
163 4
72 4
51 4
72 4
161 4
72 4
46 4
72 4
108 4
72 4
226 4
108 4
51 4
72 4
48 4
72 4
185 4
72 4
171 4
185 4
132 4
72 4
46 4
72 4
108 4
72 4
58 4
72 4
226 4
72 4
190 4
224 4
163 4
72 4
147 4
72 4
161 4
72 4
46 4
72 4
108 4
72 4
226 4
108 4
51 4
72 4
46 4
72 4
185 4
72 4
171 4
185 4
147 4
72 4
46 4
72 4
108 4
72 4
58 4
72 4
226 4
72 4
190 4
224 4
163 4
72 4
51 4
72 4
161 4
72 4
46 4
72 4
108 4
72 4
226 4
108 4
51 4
72 4
48 4
72 4
185 4
72 4
171 4
185 4
132 4
72 4
46 4
72 4
108 4
72 4
58 4
72 4
226 4
72 4
190 4
224 4
163 4
72 4
147 4
72 4
137 4
72 4
46 4
72 4
108 4
72 4
226 4
108 4
51 4
72 4
48 4
72 4
185 4
72 4
171 4
185 4
132 4
72 4
46 4
72 4
108 4
72 4
58 4
72 4
226 4
72 4
190 4
224 4
55 4
72 4
187 4
72 4
161 4
72 4
46 4
72 4
108 4
72 4
226 4
108 4
51 4
72 4
48 4
72 4
185 4
72 4
171 4
185 4
147 4
72 4
46 4
72 4
108 4
72 4
58 4
72 4
226 4
72 4
190 4
224 4
163 4
72 4
147 4
72 4
161 4
E
S
H
72 8
72 12
70 11
72 14
70 11
63 11
65 11
67 11
65 12
67 7
65 7
63 7
62 7
70 7
60 12
67 7
67 12
72 14
60 7
72 11
63 7
65 7
72 11
63 7
60 7
72 11
63 7
65 7
67 7
70 7
67 7
65 7
72 11
67 7
70 7
72 11
60 7
62 7
72 11
63 7
65 7
67 4
65 4
72 7
63 7
60 7
72 11
67 7
67 13
65 7
72 11
63 7
63 13
60 11
62 11
63 11
65 11
67 12
65 7
65 13
70 11
72 14
70 11
63 11
65 11
67 11
65 12
67 7
65 7
63 7
62 7
70 7
60 12
67 7
67 12
72 14
60 7
72 11
63 7
65 7
72 11
63 7
60 7
72 11
63 7
65 7
67 7
70 7
67 7
65 7
72 11
67 7
70 7
72 11
60 7
62 7
72 11
63 7
65 7
67 4
65 4
72 7
63 7
60 7
72 11
67 7
67 13
65 7
72 11
63 7
63 13
60 11
62 11
63 11
65 11
67 12
65 7
65 13
E
S
L
72 8
72 13
31 4
72 12
29 4
72 9
31 4
72 9
31 4
72 12
29 4
72 9
31 4
72 9
31 4
72 12
29 4
72 9
31 4
72 9
31 4
72 12
29 4
72 9
31 4
72 9
31 4
72 12
29 4
72 9
31 4
72 9
31 4
72 12
29 4
72 9
31 4
72 9
31 4
72 12
29 4
72 9
31 4
72 9
31 4
72 12
29 4
72 9
31 4
72 4
15 4
72 4
15 4
72 4
15 4
72 4
15 4
72 4
14 4
72 4
14 4
72 4
14 4
72 4
14 4
72 4
12 4
72 4
12 4
72 4
12 4
72 4
12 4
72 4
10 4
72 4
10 4
72 4
10 4
72 4
10 4
72 4
8 4
72 4
8 4
72 4
8 4
72 4
8 4
72 4
9 4
72 4
9 4
72 4
9 4
72 4
9 4
72 4
10 4
72 4
10 4
72 4
10 4
72 4
10 4
72 4
10 4
72 4
17 4
72 4
14 4
72 4
10 4
72 4
7 4
72 4
7 4
72 4
7 4
72 4
7 4
72 4
7 4
72 4
7 4
72 4
7 4
72 4
7 4
72 4
12 4
72 4
12 4
72 4
12 4
72 4
12 4
72 4
12 4
72 4
12 4
72 4
12 4
72 4
12 4
72 4
5 4
72 4
5 4
72 4
5 4
72 4
5 4
72 4
10 4
72 4
10 4
72 4
10 4
72 4
10 4
72 4
15 4
72 4
15 4
72 4
15 4
72 4
15 4
72 4
15 4
72 4
15 4
72 4
15 4
72 4
15 4
72 4
8 4
72 4
8 4
72 4
8 4
72 4
8 4
72 4
8 4
72 4
8 4
72 4
8 4
72 4
8 4
72 4
8 4
72 4
8 4
72 4
8 4
72 4
8 4
72 4
8 4
72 4
8 4
72 4
8 4
72 4
8 4
72 4
7 4
72 4
7 4
72 4
7 4
72 4
7 4
72 4
7 4
72 4
7 4
72 4
7 4
72 4
7 4
72 4
12 4
72 4
12 4
72 4
12 4
72 4
12 4
72 4
12 4
72 4
12 4
72 4
12 4
72 4
12 4
72 4
5 4
72 4
5 4
72 4
5 4
72 4
5 4
72 4
5 4
72 4
5 4
72 4
5 4
72 4
5 4
72 4
8 4
72 4
8 4
72 4
8 4
72 4
8 4
72 4
8 4
72 4
8 4
72 4
8 4
72 4
8 4
72 4
10 4
72 4
10 4
72 4
10 4
72 4
10 4
72 4
10 4
72 4
10 4
72 4
10 4
72 4
10 4
72 4
10 4
72 4
10 4
72 4
10 4
72 4
10 4
72 4
10 4
72 4
10 4
72 4
10 4
72 4
10 4
72 9
31 4
72 12
29 4
72 9
31 4
72 9
31 4
72 12
29 4
72 9
31 4
72 9
31 4
72 12
29 4
72 9
31 4
72 9
31 4
72 12
29 4
72 9
31 4
72 9
31 4
72 12
29 4
72 9
31 4
72 9
31 4
72 12
29 4
72 9
31 4
72 9
31 4
72 12
29 4
72 9
31 4
72 9
31 4
72 12
29 4
72 9
31 4
72 4
15 4
72 4
15 4
72 4
15 4
72 4
15 4
72 4
14 4
72 4
14 4
72 4
14 4
72 4
14 4
72 4
12 4
72 4
12 4
72 4
12 4
72 4
12 4
72 4
10 4
72 4
10 4
72 4
10 4
72 4
10 4
72 4
8 4
72 4
8 4
72 4
8 4
72 4
8 4
72 4
9 4
72 4
9 4
72 4
9 4
72 4
9 4
72 4
10 4
72 4
10 4
72 4
10 4
72 4
10 4
72 4
10 4
72 4
17 4
72 4
14 4
72 4
10 4
72 4
7 4
72 4
7 4
72 4
7 4
72 4
7 4
72 4
7 4
72 4
7 4
72 4
7 4
72 4
7 4
72 4
12 4
72 4
12 4
72 4
12 4
72 4
12 4
72 4
12 4
72 4
12 4
72 4
12 4
72 4
12 4
72 4
5 4
72 4
5 4
72 4
5 4
72 4
5 4
72 4
10 4
72 4
10 4
72 4
10 4
72 4
10 4
72 4
15 4
72 4
15 4
72 4
15 4
72 4
15 4
72 4
15 4
72 4
15 4
72 4
15 4
72 4
15 4
72 4
8 4
72 4
8 4
72 4
8 4
72 4
8 4
72 4
8 4
72 4
8 4
72 4
8 4
72 4
8 4
72 4
8 4
72 4
8 4
72 4
8 4
72 4
8 4
72 4
8 4
72 4
8 4
72 4
8 4
72 4
8 4
72 4
7 4
72 4
7 4
72 4
7 4
72 4
7 4
72 4
7 4
72 4
7 4
72 4
7 4
72 4
7 4
72 4
12 4
72 4
12 4
72 4
12 4
72 4
12 4
72 4
12 4
72 4
12 4
72 4
12 4
72 4
12 4
72 4
5 4
72 4
5 4
72 4
5 4
72 4
5 4
72 4
5 4
72 4
5 4
72 4
5 4
72 4
5 4
72 4
8 4
72 4
8 4
72 4
8 4
72 4
8 4
72 4
8 4
72 4
8 4
72 4
8 4
72 4
8 4
72 4
10 4
72 4
10 4
72 4
10 4
72 4
10 4
72 4
10 4
72 4
10 4
72 4
10 4
72 4
10 4
72 4
10 4
72 4
10 4
72 4
10 4
72 4
10 4
72 4
10 4
72 4
10 4
72 4
10 4
72 4
10 4
E
S
H
72 8
72 14
55 11
72 7
58 6
72 2
53 11
72 7
58 6
72 2
51 11
72 7
53 6
72 2
55 6
72 2
60 6
72 2
58 6
72 2
55 6
72 2
53 11
72 7
51 6
72 2
48 6
72 2
50 6
72 2
51 6
72 2
53 6
72 2
55 11
72 7
53 5
72 3
53 13
72 2
53 11
72 7
58 6
72 2
60 11
72 7
62 6
72 2
63 11
72 7
62 6
72 2
60 7
58 7
55 7
53 7
51 13
72 2
53 6
72 2
55 3
72 1
53 8
72 2
51 6
72 2
51 14
48 11
72 7
51 6
72 2
53 11
72 7
51 6
72 2
48 11
72 7
51 5
72 3
53 7
55 7
58 7
55 7
53 11
72 7
55 6
72 2
58 11
72 7
60 6
72 2
62 11
72 7
63 6
72 2
65 6
72 2
67 3
72 1
65 8
72 2
63 6
72 2
60 11
72 7
55 6
72 2
55 13
72 2
53 11
72 7
51 6
72 2
51 13
72 3
48 11
72 7
46 6
72 2
46 14
72 14
55 11
72 7
58 6
72 2
53 11
72 7
58 6
72 2
51 11
72 7
53 6
72 2
55 6
72 2
60 6
72 2
58 6
72 2
55 6
72 2
53 11
72 7
51 6
72 2
48 6
72 2
50 6
72 2
51 6
72 2
53 6
72 2
55 11
72 7
53 5
72 3
53 13
72 2
53 11
72 7
58 6
72 2
60 11
72 7
62 6
72 2
63 11
72 7
62 6
72 2
60 7
58 7
55 7
53 7
51 13
72 2
53 6
72 2
55 3
72 1
53 8
72 2
51 6
72 2
51 14
48 11
72 7
51 6
72 2
53 11
72 7
51 6
72 2
48 11
72 7
51 5
72 3
53 7
55 7
58 7
55 7
53 11
72 7
55 6
72 2
58 11
72 7
60 6
72 2
62 11
72 7
63 6
72 2
65 6
72 2
67 3
72 1
65 8
72 2
63 6
72 2
60 11
72 7
55 6
72 2
55 13
72 2
53 11
72 7
51 6
72 2
51 13
72 3
48 11
72 7
46 6
72 2
46 14
E
S
L
72 8
72 12
15 14
72 13
20 14
22 13
15 14
20 14
22 13
72 14
20 14
19 14
24 14
17 14
20 14
22 14
72 14
15 14
72 13
20 14
22 13
15 14
20 14
22 13
72 14
20 14
19 14
24 14
17 14
20 14
22 14
E
S
H
72 8
72 14
108 7
226 4
108 4
226 4
108 4
72 14
108 7
226 4
108 4
226 4
108 4
E
X
