minor
S
H
72 11
72 14
59 7
62 7
66 7
64 9
61 9
57 7
59 9
66 11
72 4
57 9
64 11
72 4
55 9
62 7
72 4
59 7
61 7
62 7
64 7
69 7
66 13
72 12
59 7
62 7
66 7
64 9
61 9
57 7
59 9
66 11
72 4
64 9
69 11
72 4
66 9
71 11
72 2
64 7
62 7
61 6
69 6
66 4
71 13
69 11
61 11
71 14
72 14
59 7
62 7
66 7
64 9
61 9
57 7
59 9
66 11
72 4
57 9
64 11
72 4
55 9
62 7
72 4
59 7
61 7
62 7
64 7
69 7
66 13
72 12
59 7
62 7
66 7
64 9
61 9
57 7
59 9
66 11
72 4
64 9
69 11
72 4
66 9
71 11
72 2
64 7
62 7
61 6
69 6
66 4
71 13
69 11
61 11
71 14
E
S
L
72 11
72 13
11 12
11 4
9 11
16 4
16 4
14 4
9 4
8 4
7 4
7 4
72 4
14 7
7 4
72 4
6 4
72 4
18 4
16 4
14 4
13 4
9 4
6 4
11 13
72 14
6 4
9 4
11 13
72 13
7 13
6 13
4 13
6 13
2 11
7 11
6 7
72 4
6 7
6 4
9 4
11 4
11 4
6 2
72 2
9 2
72 2
11 7
6 4
9 2
72 2
4 7
4 2
72 2
11 2
72 2
16 7
14 4
9 4
10 4
11 4
6 2
72 2
9 2
72 2
11 7
6 4
9 2
72 2
4 7
4 2
72 2
11 2
72 2
4 7
9 4
4 4
6 4
11 4
6 2
72 2
9 2
72 2
11 7
6 4
9 2
72 2
4 7
4 2
72 2
11 2
72 2
16 7
72 2
16 2
9 4
10 4
11 4
6 2
72 2
9 2
72 2
11 7
6 4
9 2
72 2
11 7
6 2
72 2
11 2
72 2
16 7
10 4
9 4
8 4
7 2
72 2
7 12
6 9
13 11
7 2
72 2
7 12
6 9
13 11
7 2
72 2
7 2
72 2
7 2
72 2
7 2
72 2
7 2
72 2
7 2
72 2
7 2
72 2
7 2
72 2
7 2
72 2
7 2
72 2
7 2
72 2
7 2
72 2
7 2
72 2
7 2
72 2
7 2
72 2
7 2
8 2
9 12
7 2
8 2
9 12
7 2
8 2
9 7
9 4
9 4
9 4
9 4
9 4
9 4
72 4
9 4
7 4
5 4
4 4
12 4
9 4
14 14
72 14
14 11
12 11
10 3
72 1
10 0
72 2
10 0
72 2
10 3
72 1
10 0
72 2
10 0
72 2
10 0
72 2
10 0
72 2
5 3
72 1
14 3
72 1
10 0
72 2
10 0
72 2
10 3
72 1
10 0
72 2
10 0
72 2
10 3
72 1
10 0
72 2
14 5
72 0
22 3
72 1
17 3
72 1
10 0
72 2
10 0
72 2
9 3
72 1
9 0
72 2
9 0
72 2
9 3
72 1
9 0
72 2
9 0
72 2
9 0
72 2
9 0
72 2
16 3
72 1
19 3
72 1
9 0
72 2
9 0
72 2
14 3
72 1
14 0
72 2
14 0
72 2
14 3
72 1
14 0
72 2
14 5
72 0
12 3
72 1
16 7
10 8
72 1
7 8
72 1
4 6
72 2
4 3
72 1
4 3
72 1
4 3
72 1
4 3
72 1
4 3
72 1
4 3
72 1
4 3
72 1
4 4
9 10
72 2
9 6
72 6
6 0
72 2
6 0
72 2
6 13
72 2
11 14
9 2
10 2
11 14
9 2
10 2
11 12
11 4
9 11
16 4
16 4
14 4
9 4
8 4
7 4
7 4
72 4
14 7
7 4
72 4
6 4
72 4
18 4
16 4
14 4
13 4
9 4
6 4
11 13
72 14
6 4
9 4
11 13
72 13
7 13
6 13
4 13
6 13
2 11
7 11
6 7
72 4
6 7
6 4
9 4
11 4
11 4
6 2
72 2
9 2
72 2
11 7
6 4
9 2
72 2
4 7
4 2
72 2
11 2
72 2
16 7
14 4
9 4
10 4
11 4
6 2
72 2
9 2
72 2
11 7
6 4
9 2
72 2
4 7
4 2
72 2
11 2
72 2
4 7
9 4
4 4
6 4
11 4
6 2
72 2
9 2
72 2
11 7
6 4
9 2
72 2
4 7
4 2
72 2
11 2
72 2
16 7
72 2
16 2
9 4
10 4
11 4
6 2
72 2
9 2
72 2
11 7
6 4
9 2
72 2
11 7
6 2
72 2
11 2
72 2
16 7
10 4
9 4
8 4
7 2
72 2
7 12
6 9
13 11
7 2
72 2
7 12
6 9
13 11
7 2
72 2
7 2
72 2
7 2
72 2
7 2
72 2
7 2
72 2
7 2
72 2
7 2
72 2
7 2
72 2
7 2
72 2
7 2
72 2
7 2
72 2
7 2
72 2
7 2
72 2
7 2
72 2
7 2
72 2
7 2
8 2
9 12
7 2
8 2
9 12
7 2
8 2
9 7
9 4
9 4
9 4
9 4
9 4
9 4
72 4
9 4
7 4
5 4
4 4
12 4
9 4
14 14
72 14
14 11
12 11
10 3
72 1
10 0
72 2
10 0
72 2
10 3
72 1
10 0
72 2
10 0
72 2
10 0
72 2
10 0
72 2
5 3
72 1
14 3
72 1
10 0
72 2
10 0
72 2
10 3
72 1
10 0
72 2
10 0
72 2
10 3
72 1
10 0
72 2
14 5
72 0
22 3
72 1
17 3
72 1
10 0
72 2
10 0
72 2
9 3
72 1
9 0
72 2
9 0
72 2
9 3
72 1
9 0
72 2
9 0
72 2
9 0
72 2
9 0
72 2
16 3
72 1
19 3
72 1
9 0
72 2
9 0
72 2
14 3
72 1
14 0
72 2
14 0
72 2
14 3
72 1
14 0
72 2
14 5
72 0
12 3
72 1
16 7
10 8
72 1
7 8
72 1
4 6
72 2
4 3
72 1
4 3
72 1
4 3
72 1
4 3
72 1
4 3
72 1
4 3
72 1
4 3
72 1
4 4
9 10
72 2
9 6
72 6
6 0
72 2
6 0
72 2
6 13
72 2
11 14
9 2
10 2
11 14
9 2
10 2
E
S
H
72 11
72 13
47 12
42 12
38 12
33 12
242 3
175 3
72 1
119 11
213 10
119 7
215 8
72 1
240 3
175 3
72 1
240 3
175 3
72 5
240 7
38 6
240 3
175 3
72 5
227 7
150 6
42 4
40 4
38 4
37 4
33 4
30 4
35 4
239 3
42 3
72 1
175 2
175 2
175 3
72 1
239 2
38 0
239 2
42 0
239 3
175 3
72 1
239 2
38 0
239 2
42 0
239 3
38 3
72 1
239 2
38 0
239 2
42 0
215 3
150 3
72 1
359 2
38 0
215 2
150 0
215 3
150 3
72 1
359 2
215 2
37 0
215 3
150 3
72 1
359 2
215 2
150 0
215 3
150 3
72 1
215 2
37 0
359 2
40 0
239 3
38 3
72 1
240 2
38 0
240 2
38 0
240 3
38 3
72 1
240 2
38 0
240 2
38 0
240 3
38 3
72 1
240 2
38 0
240 2
38 0
240 3
175 3
72 1
240 2
38 0
240 2
38 0
215 3
150 3
72 1
215 2
37 0
215 2
150 0
215 3
150 3
72 1
215 2
150 0
215 2
150 0
215 3
150 3
72 1
215 2
37 0
215 2
150 0
215 3
150 3
72 1
215 2
213 2
240 3
38 3
72 1
240 2
240 2
38 0
240 3
175 3
72 1
240 2
38 0
240 2
38 0
240 3
38 3
72 1
240 2
38 0
240 2
175 0
240 3
175 3
72 1
240 2
38 0
240 2
175 0
215 3
150 3
72 1
215 2
126 0
215 2
150 0
215 3
150 3
72 1
215 2
37 0
215 2
37 0
215 3
150 3
72 1
215 2
37 0
215 2
150 0
215 3
150 3
72 1
215 2
37 0
215 2
37 0
239 3
175 3
72 1
239 2
38 0
239 2
175 0
175 3
35 3
72 1
239 2
38 0
239 2
175 0
239 3
175 3
72 1
239 2
175 0
239 2
175 0
239 3
175 3
72 1
239 2
175 0
239 2
175 0
215 3
150 3
72 1
215 2
150 0
215 2
150 0
215 3
150 3
72 1
215 2
150 0
215 2
150 0
215 3
150 3
72 1
215 2
150 0
215 2
150 0
215 3
150 3
72 1
215 2
150 0
215 2
150 0
239 3
42 3
72 1
175 2
175 2
175 3
72 1
239 2
38 0
239 2
42 0
239 3
175 3
72 1
239 2
38 0
239 2
42 0
239 3
38 3
72 1
239 2
38 0
239 2
42 0
215 3
150 3
72 1
359 2
38 0
215 2
150 0
215 3
150 3
72 1
359 2
215 2
37 0
215 3
150 3
72 1
359 2
215 2
150 0
215 3
150 3
72 1
215 2
37 0
359 2
40 0
240 3
175 3
72 1
240 2
38 0
240 2
175 0
240 3
38 3
72 1
240 2
38 0
240 2
175 0
240 3
175 3
72 1
240 2
175 0
240 2
175 0
240 3
175 3
72 1
240 2
175 0
240 2
175 0
215 3
150 3
72 1
215 2
37 0
215 2
150 0
215 3
150 3
72 1
215 2
150 0
215 2
150 0
215 3
150 3
72 1
215 2
37 0
215 2
150 0
215 3
150 3
72 1
215 2
213 2
240 3
175 3
72 1
240 2
175 0
240 2
175 0
240 3
175 3
72 1
240 2
240 2
38 0
240 3
175 3
72 1
240 2
175 0
240 2
175 0
240 3
175 3
72 1
240 2
175 0
240 2
175 0
215 3
150 3
72 1
215 2
150 0
215 2
150 0
215 3
150 3
72 1
215 2
37 0
215 2
37 0
215 3
150 3
72 1
215 2
150 0
215 2
150 0
215 3
150 3
72 1
215 2
150 0
215 2
150 0
240 3
175 3
72 1
240 2
175 0
240 2
175 0
240 3
175 3
72 1
240 2
38 0
240 2
38 0
240 3
38 3
72 1
240 2
175 0
240 2
175 0
240 3
175 3
72 1
240 2
175 0
240 2
175 0
215 3
150 3
72 1
215 2
150 0
215 2
150 0
215 3
150 3
72 1
215 2
37 0
215 2
37 0
215 3
150 3
72 1
215 2
150 0
215 2
150 0
215 3
150 3
72 1
215 2
37 0
215 2
37 0
239 3
175 3
72 1
239 2
38 0
239 2
38 0
239 3
38 3
72 1
239 2
38 0
239 2
175 0
239 3
175 3
72 1
239 2
38 0
239 2
175 0
239 3
175 3
72 1
239 2
38 0
239 2
175 0
241 3
40 3
72 1
241 2
241 2
241 3
72 1
241 2
40 0
241 2
40 0
241 3
40 3
72 1
241 2
241 2
40 0
241 3
40 3
72 1
241 2
241 2
40 0
239 3
38 3
72 1
175 2
35 0
175 2
35 0
175 3
35 3
72 1
239 2
38 0
239 2
38 0
239 3
175 3
72 1
239 2
38 0
239 2
38 0
239 3
38 3
72 1
239 2
38 0
239 2
38 0
241 3
40 3
72 1
241 2
40 0
241 2
40 0
241 3
72 1
241 2
241 2
241 3
201 3
72 1
241 2
201 0
241 2
201 0
241 3
40 3
72 1
241 2
40 0
241 2
40 0
239 3
175 3
72 1
239 2
38 0
239 2
38 0
239 3
38 3
72 1
239 2
38 0
239 2
175 0
239 3
175 3
72 1
239 2
38 0
239 2
175 0
239 3
175 3
72 1
239 2
38 0
239 2
175 0
241 3
40 3
72 1
241 2
241 2
241 3
72 1
241 2
40 0
241 2
40 0
241 3
40 3
72 1
241 2
241 2
40 0
241 3
40 3
72 1
241 2
241 2
40 0
239 3
38 3
72 1
175 2
35 0
175 2
35 0
175 3
35 3
72 1
239 2
38 0
239 2
38 0
239 3
175 3
72 1
239 2
38 0
239 2
38 0
239 3
38 3
72 1
239 2
38 0
239 2
38 0
241 3
40 3
72 1
241 2
40 0
241 2
40 0
241 3
72 1
241 2
241 2
241 3
201 3
72 1
241 2
201 0
241 2
201 0
241 3
40 3
72 1
241 2
40 0
241 2
40 0
240 3
175 3
72 1
240 2
175 0
240 2
175 0
240 3
175 3
72 1
240 2
175 0
240 2
175 0
240 3
175 3
72 1
240 2
175 0
240 2
175 0
240 3
175 3
72 1
240 2
175 0
240 2
175 0
215 3
150 3
72 1
215 2
150 0
215 2
150 0
215 3
150 3
72 1
215 2
150 0
215 2
150 0
215 3
150 3
72 1
215 2
150 0
215 2
150 0
215 3
150 3
72 1
215 2
150 0
215 2
150 0
240 3
175 3
72 1
240 2
175 0
240 2
175 0
240 3
175 3
72 1
240 2
175 0
240 2
175 0
240 3
175 3
72 1
240 2
175 0
240 2
175 0
240 3
175 3
72 1
240 2
175 0
240 2
175 0
215 3
150 3
72 1
215 2
150 0
215 2
150 0
215 3
150 3
72 1
215 2
150 0
215 2
150 0
215 3
150 3
72 1
215 2
150 0
215 2
150 0
215 3
150 3
72 1
215 2
150 0
215 2
150 0
240 3
175 3
72 1
240 2
38 0
240 2
38 0
240 3
175 3
72 1
240 2
38 0
240 2
175 0
240 3
175 3
72 1
240 2
38 0
240 2
175 0
240 3
175 3
72 1
240 2
38 0
240 2
175 0
240 3
163 3
72 1
240 2
163 0
240 2
163 0
240 3
163 3
72 1
240 2
38 0
240 2
38 0
240 3
38 3
72 1
240 2
163 0
240 2
163 0
240 3
163 3
72 1
240 2
38 0
240 2
163 0
213 3
37 3
72 1
213 2
37 0
213 2
37 0
213 3
37 3
72 1
213 2
37 0
213 2
37 0
226 3
38 3
72 1
226 2
38 0
226 2
38 0
226 3
38 3
72 1
226 2
38 0
226 2
38 0
108 3
40 3
72 1
108 2
40 0
108 2
40 0
108 3
40 3
72 1
108 2
40 0
108 2
40 0
226 3
38 3
72 1
226 2
38 0
226 2
38 0
226 3
38 3
72 1
226 2
38 0
226 2
38 0
213 3
37 3
72 1
213 3
37 3
72 1
213 3
37 3
72 1
213 3
37 3
72 1
213 3
37 3
72 1
213 3
37 3
72 1
213 3
37 3
72 1
213 3
37 3
72 13
214 3
163 2
72 1
214 0
36 0
72 2
214 0
36 0
72 2
214 3
161 2
72 1
134 0
72 2
134 0
41 0
72 2
214 3
163 2
72 1
214 0
163 0
72 2
214 0
36 0
72 2
214 3
36 3
72 1
214 0
161 0
72 2
214 0
163 0
72 2
108 3
40 3
72 1
108 0
189 0
72 2
189 0
149 0
72 2
189 3
149 2
72 1
189 0
149 0
72 2
189 0
149 0
72 2
189 3
158 2
72 1
189 0
158 0
72 2
189 0
158 0
72 2
189 3
149 2
72 1
189 0
1445 0
72 2
189 0
1445 0
72 2
214 3
161 2
72 1
214 0
161 0
72 2
211 0
125 0
72 2
211 3
125 2
72 1
211 0
125 0
72 2
211 0
125 0
72 2
211 3
125 2
72 1
211 0
125 0
72 2
211 0
125 0
72 2
214 3
161 2
72 1
214 0
161 0
72 2
214 0
161 0
72 2
108 3
189 2
72 1
108 0
40 0
72 2
108 0
40 0
72 2
108 3
40 3
72 1
105 0
40 0
72 2
230 0
40 0
72 2
230 3
40 3
72 1
108 0
40 0
72 2
108 0
40 0
72 2
105 3
40 3
72 1
108 0
40 0
72 2
111 0
40 0
72 2
214 3
163 2
72 1
214 0
36 0
72 2
214 0
36 0
72 2
214 3
161 2
72 1
134 0
72 2
134 0
41 0
72 2
214 3
163 2
72 1
214 0
163 0
72 2
214 0
36 0
72 2
214 3
36 3
72 1
214 0
161 0
72 2
214 0
163 0
72 2
108 3
40 3
72 1
108 0
189 0
72 2
189 0
149 0
72 2
189 3
149 2
72 1
189 0
149 0
72 2
189 0
149 0
72 2
189 3
158 2
72 1
189 0
158 0
72 2
189 0
158 0
72 2
189 3
149 2
72 1
189 0
1445 0
72 2
189 0
1445 0
72 2
214 3
161 2
72 1
214 0
161 0
72 2
211 0
125 0
72 2
211 3
125 2
72 1
211 0
125 0
72 2
211 0
125 0
72 2
211 3
125 2
72 1
211 0
125 0
72 2
211 0
125 0
72 2
214 3
161 2
72 1
214 0
161 0
72 2
214 0
161 0
72 2
136 3
43 3
72 1
136 0
43 0
72 2
136 0
43 0
72 2
240 3
38 3
72 1
240 0
38 0
72 2
238 0
38 0
72 2
238 3
187 2
72 1
238 0
187 0
72 2
238 0
187 0
72 2
136 3
43 3
72 1
136 0
43 0
72 2
136 0
43 0
72 2
214 3
163 2
72 1
214 0
36 0
72 2
214 0
36 0
72 2
214 3
161 2
72 1
134 0
72 2
134 0
41 0
72 2
214 3
163 2
72 1
214 0
163 0
72 2
214 0
36 0
72 2
214 3
36 3
72 1
214 0
161 0
72 2
214 0
163 0
72 2
108 3
40 3
72 1
108 0
189 0
72 2
189 0
149 0
72 2
189 3
149 2
72 1
189 0
149 0
72 2
189 0
149 0
72 2
189 3
158 2
72 1
189 0
158 0
72 2
189 0
158 0
72 2
189 3
149 2
72 1
189 0
1445 0
72 2
189 0
1445 0
72 2
214 3
161 2
72 1
214 0
161 0
72 2
211 0
125 0
72 2
211 3
125 2
72 1
211 0
125 0
72 2
211 0
125 0
72 2
211 3
125 2
72 1
211 0
125 0
72 2
211 0
125 0
72 2
214 3
161 2
72 1
214 0
161 0
72 2
214 0
161 0
72 2
136 3
43 3
72 1
136 0
43 0
72 2
136 0
43 0
72 2
240 3
38 3
72 1
240 0
38 0
72 2
238 0
38 0
72 2
238 3
187 2
72 1
238 0
187 0
72 2
238 0
187 0
72 2
136 3
43 3
72 1
136 0
43 0
72 2
136 0
43 0
72 14
47 12
42 12
38 12
33 12
242 3
175 3
72 1
119 11
213 10
119 7
215 8
72 1
240 3
175 3
72 1
240 3
175 3
72 5
240 7
38 6
240 3
175 3
72 5
227 7
150 6
42 4
40 4
38 4
37 4
33 4
30 4
35 4
239 3
42 3
72 1
175 2
175 2
175 3
72 1
239 2
38 0
239 2
42 0
239 3
175 3
72 1
239 2
38 0
239 2
42 0
239 3
38 3
72 1
239 2
38 0
239 2
42 0
215 3
150 3
72 1
359 2
38 0
215 2
150 0
215 3
150 3
72 1
359 2
215 2
37 0
215 3
150 3
72 1
359 2
215 2
150 0
215 3
150 3
72 1
215 2
37 0
359 2
40 0
239 3
38 3
72 1
240 2
38 0
240 2
38 0
240 3
38 3
72 1
240 2
38 0
240 2
38 0
240 3
38 3
72 1
240 2
38 0
240 2
38 0
240 3
175 3
72 1
240 2
38 0
240 2
38 0
215 3
150 3
72 1
215 2
37 0
215 2
150 0
215 3
150 3
72 1
215 2
150 0
215 2
150 0
215 3
150 3
72 1
215 2
37 0
215 2
150 0
215 3
150 3
72 1
215 2
213 2
240 3
38 3
72 1
240 2
240 2
38 0
240 3
175 3
72 1
240 2
38 0
240 2
38 0
240 3
38 3
72 1
240 2
38 0
240 2
175 0
240 3
175 3
72 1
240 2
38 0
240 2
175 0
215 3
150 3
72 1
215 2
126 0
215 2
150 0
215 3
150 3
72 1
215 2
37 0
215 2
37 0
215 3
150 3
72 1
215 2
37 0
215 2
150 0
215 3
150 3
72 1
215 2
37 0
215 2
37 0
239 3
175 3
72 1
239 2
38 0
239 2
175 0
175 3
35 3
72 1
239 2
38 0
239 2
175 0
239 3
175 3
72 1
239 2
175 0
239 2
175 0
239 3
175 3
72 1
239 2
175 0
239 2
175 0
215 3
150 3
72 1
215 2
150 0
215 2
150 0
215 3
150 3
72 1
215 2
150 0
215 2
150 0
215 3
150 3
72 1
215 2
150 0
215 2
150 0
215 3
150 3
72 1
215 2
150 0
215 2
150 0
239 3
42 3
72 1
175 2
175 2
175 3
72 1
239 2
38 0
239 2
42 0
239 3
175 3
72 1
239 2
38 0
239 2
42 0
239 3
38 3
72 1
239 2
38 0
239 2
42 0
215 3
150 3
72 1
359 2
38 0
215 2
150 0
215 3
150 3
72 1
359 2
215 2
37 0
215 3
150 3
72 1
359 2
215 2
150 0
215 3
150 3
72 1
215 2
37 0
359 2
40 0
240 3
175 3
72 1
240 2
38 0
240 2
175 0
240 3
38 3
72 1
240 2
38 0
240 2
175 0
240 3
175 3
72 1
240 2
175 0
240 2
175 0
240 3
175 3
72 1
240 2
175 0
240 2
175 0
215 3
150 3
72 1
215 2
37 0
215 2
150 0
215 3
150 3
72 1
215 2
150 0
215 2
150 0
215 3
150 3
72 1
215 2
37 0
215 2
150 0
215 3
150 3
72 1
215 2
213 2
240 3
175 3
72 1
240 2
175 0
240 2
175 0
240 3
175 3
72 1
240 2
240 2
38 0
240 3
175 3
72 1
240 2
175 0
240 2
175 0
240 3
175 3
72 1
240 2
175 0
240 2
175 0
215 3
150 3
72 1
215 2
150 0
215 2
150 0
215 3
150 3
72 1
215 2
37 0
215 2
37 0
215 3
150 3
72 1
215 2
150 0
215 2
150 0
215 3
150 3
72 1
215 2
150 0
215 2
150 0
240 3
175 3
72 1
240 2
175 0
240 2
175 0
240 3
175 3
72 1
240 2
38 0
240 2
38 0
240 3
38 3
72 1
240 2
175 0
240 2
175 0
240 3
175 3
72 1
240 2
175 0
240 2
175 0
215 3
150 3
72 1
215 2
150 0
215 2
150 0
215 3
150 3
72 1
215 2
37 0
215 2
37 0
215 3
150 3
72 1
215 2
150 0
215 2
150 0
215 3
150 3
72 1
215 2
37 0
215 2
37 0
239 3
175 3
72 1
239 2
38 0
239 2
38 0
239 3
38 3
72 1
239 2
38 0
239 2
175 0
239 3
175 3
72 1
239 2
38 0
239 2
175 0
239 3
175 3
72 1
239 2
38 0
239 2
175 0
241 3
40 3
72 1
241 2
241 2
241 3
72 1
241 2
40 0
241 2
40 0
241 3
40 3
72 1
241 2
241 2
40 0
241 3
40 3
72 1
241 2
241 2
40 0
239 3
38 3
72 1
175 2
35 0
175 2
35 0
175 3
35 3
72 1
239 2
38 0
239 2
38 0
239 3
175 3
72 1
239 2
38 0
239 2
38 0
239 3
38 3
72 1
239 2
38 0
239 2
38 0
241 3
40 3
72 1
241 2
40 0
241 2
40 0
241 3
72 1
241 2
241 2
241 3
201 3
72 1
241 2
201 0
241 2
201 0
241 3
40 3
72 1
241 2
40 0
241 2
40 0
239 3
175 3
72 1
239 2
38 0
239 2
38 0
239 3
38 3
72 1
239 2
38 0
239 2
175 0
239 3
175 3
72 1
239 2
38 0
239 2
175 0
239 3
175 3
72 1
239 2
38 0
239 2
175 0
241 3
40 3
72 1
241 2
241 2
241 3
72 1
241 2
40 0
241 2
40 0
241 3
40 3
72 1
241 2
241 2
40 0
241 3
40 3
72 1
241 2
241 2
40 0
239 3
38 3
72 1
175 2
35 0
175 2
35 0
175 3
35 3
72 1
239 2
38 0
239 2
38 0
239 3
175 3
72 1
239 2
38 0
239 2
38 0
239 3
38 3
72 1
239 2
38 0
239 2
38 0
241 3
40 3
72 1
241 2
40 0
241 2
40 0
241 3
72 1
241 2
241 2
241 3
201 3
72 1
241 2
201 0
241 2
201 0
241 3
40 3
72 1
241 2
40 0
241 2
40 0
240 3
175 3
72 1
240 2
175 0
240 2
175 0
240 3
175 3
72 1
240 2
175 0
240 2
175 0
240 3
175 3
72 1
240 2
175 0
240 2
175 0
240 3
175 3
72 1
240 2
175 0
240 2
175 0
215 3
150 3
72 1
215 2
150 0
215 2
150 0
215 3
150 3
72 1
215 2
150 0
215 2
150 0
215 3
150 3
72 1
215 2
150 0
215 2
150 0
215 3
150 3
72 1
215 2
150 0
215 2
150 0
240 3
175 3
72 1
240 2
175 0
240 2
175 0
240 3
175 3
72 1
240 2
175 0
240 2
175 0
240 3
175 3
72 1
240 2
175 0
240 2
175 0
240 3
175 3
72 1
240 2
175 0
240 2
175 0
215 3
150 3
72 1
215 2
150 0
215 2
150 0
215 3
150 3
72 1
215 2
150 0
215 2
150 0
215 3
150 3
72 1
215 2
150 0
215 2
150 0
215 3
150 3
72 1
215 2
150 0
215 2
150 0
240 3
175 3
72 1
240 2
38 0
240 2
38 0
240 3
175 3
72 1
240 2
38 0
240 2
175 0
240 3
175 3
72 1
240 2
38 0
240 2
175 0
240 3
175 3
72 1
240 2
38 0
240 2
175 0
240 3
163 3
72 1
240 2
163 0
240 2
163 0
240 3
163 3
72 1
240 2
38 0
240 2
38 0
240 3
38 3
72 1
240 2
163 0
240 2
163 0
240 3
163 3
72 1
240 2
38 0
240 2
163 0
213 3
37 3
72 1
213 2
37 0
213 2
37 0
213 3
37 3
72 1
213 2
37 0
213 2
37 0
226 3
38 3
72 1
226 2
38 0
226 2
38 0
226 3
38 3
72 1
226 2
38 0
226 2
38 0
108 3
40 3
72 1
108 2
40 0
108 2
40 0
108 3
40 3
72 1
108 2
40 0
108 2
40 0
226 3
38 3
72 1
226 2
38 0
226 2
38 0
226 3
38 3
72 1
226 2
38 0
226 2
38 0
213 3
37 3
72 1
213 3
37 3
72 1
213 3
37 3
72 1
213 3
37 3
72 1
213 3
37 3
72 1
213 3
37 3
72 1
213 3
37 3
72 1
213 3
37 3
72 13
214 3
163 2
72 1
214 0
36 0
72 2
214 0
36 0
72 2
214 3
161 2
72 1
134 0
72 2
134 0
41 0
72 2
214 3
163 2
72 1
214 0
163 0
72 2
214 0
36 0
72 2
214 3
36 3
72 1
214 0
161 0
72 2
214 0
163 0
72 2
108 3
40 3
72 1
108 0
189 0
72 2
189 0
149 0
72 2
189 3
149 2
72 1
189 0
149 0
72 2
189 0
149 0
72 2
189 3
158 2
72 1
189 0
158 0
72 2
189 0
158 0
72 2
189 3
149 2
72 1
189 0
1445 0
72 2
189 0
1445 0
72 2
214 3
161 2
72 1
214 0
161 0
72 2
211 0
125 0
72 2
211 3
125 2
72 1
211 0
125 0
72 2
211 0
125 0
72 2
211 3
125 2
72 1
211 0
125 0
72 2
211 0
125 0
72 2
214 3
161 2
72 1
214 0
161 0
72 2
214 0
161 0
72 2
108 3
189 2
72 1
108 0
40 0
72 2
108 0
40 0
72 2
108 3
40 3
72 1
105 0
40 0
72 2
230 0
40 0
72 2
230 3
40 3
72 1
108 0
40 0
72 2
108 0
40 0
72 2
105 3
40 3
72 1
108 0
40 0
72 2
111 0
40 0
72 2
214 3
163 2
72 1
214 0
36 0
72 2
214 0
36 0
72 2
214 3
161 2
72 1
134 0
72 2
134 0
41 0
72 2
214 3
163 2
72 1
214 0
163 0
72 2
214 0
36 0
72 2
214 3
36 3
72 1
214 0
161 0
72 2
214 0
163 0
72 2
108 3
40 3
72 1
108 0
189 0
72 2
189 0
149 0
72 2
189 3
149 2
72 1
189 0
149 0
72 2
189 0
149 0
72 2
189 3
158 2
72 1
189 0
158 0
72 2
189 0
158 0
72 2
189 3
149 2
72 1
189 0
1445 0
72 2
189 0
1445 0
72 2
214 3
161 2
72 1
214 0
161 0
72 2
211 0
125 0
72 2
211 3
125 2
72 1
211 0
125 0
72 2
211 0
125 0
72 2
211 3
125 2
72 1
211 0
125 0
72 2
211 0
125 0
72 2
214 3
161 2
72 1
214 0
161 0
72 2
214 0
161 0
72 2
136 3
43 3
72 1
136 0
43 0
72 2
136 0
43 0
72 2
240 3
38 3
72 1
240 0
38 0
72 2
238 0
38 0
72 2
238 3
187 2
72 1
238 0
187 0
72 2
238 0
187 0
72 2
136 3
43 3
72 1
136 0
43 0
72 2
136 0
43 0
72 2
214 3
163 2
72 1
214 0
36 0
72 2
214 0
36 0
72 2
214 3
161 2
72 1
134 0
72 2
134 0
41 0
72 2
214 3
163 2
72 1
214 0
163 0
72 2
214 0
36 0
72 2
214 3
36 3
72 1
214 0
161 0
72 2
214 0
163 0
72 2
108 3
40 3
72 1
108 0
189 0
72 2
189 0
149 0
72 2
189 3
149 2
72 1
189 0
149 0
72 2
189 0
149 0
72 2
189 3
158 2
72 1
189 0
158 0
72 2
189 0
158 0
72 2
189 3
149 2
72 1
189 0
1445 0
72 2
189 0
1445 0
72 2
214 3
161 2
72 1
214 0
161 0
72 2
211 0
125 0
72 2
211 3
125 2
72 1
211 0
125 0
72 2
211 0
125 0
72 2
211 3
125 2
72 1
211 0
125 0
72 2
211 0
125 0
72 2
214 3
161 2
72 1
214 0
161 0
72 2
214 0
161 0
72 2
136 3
43 3
72 1
136 0
43 0
72 2
136 0
43 0
72 2
240 3
38 3
72 1
240 0
38 0
72 2
238 0
38 0
72 2
238 3
187 2
72 1
238 0
187 0
72 2
238 0
187 0
72 2
136 3
43 3
72 1
136 0
43 0
72 2
136 0
43 0
E
S
H
72 11
72 14
38 4
72 12
33 4
72 14
28 4
72 12
38 4
72 14
38 4
72 12
33 4
72 14
40 4
72 14
40 4
72 14
40 4
72 14
40 4
72 14
40 4
72 14
40 4
72 14
38 4
72 12
33 4
72 14
28 4
72 12
38 4
72 14
38 4
72 12
33 4
72 14
40 4
72 14
40 4
72 14
40 4
72 14
40 4
72 14
40 4
72 14
40 4
E
S
H
72 11
72 13
47 12
42 12
38 12
33 12
242 3
175 3
72 1
119 11
213 10
119 7
215 8
72 1
240 3
175 3
72 1
240 3
175 3
72 5
240 7
38 6
240 3
175 3
72 5
227 7
150 6
42 4
40 4
38 4
37 4
33 4
30 4
35 4
239 3
42 3
72 1
175 2
175 2
175 3
72 1
239 2
38 0
239 2
42 0
239 3
175 3
72 1
239 2
38 0
239 2
42 0
239 3
38 3
72 1
239 2
38 0
239 2
42 0
215 3
150 3
72 1
359 2
38 0
215 2
150 0
215 3
150 3
72 1
359 2
215 2
37 0
215 3
150 3
72 1
359 2
215 2
150 0
215 3
150 3
72 1
215 2
37 0
359 2
40 0
239 3
38 3
72 1
240 2
38 0
240 2
38 0
240 3
38 3
72 1
240 2
38 0
240 2
38 0
240 3
38 3
72 1
240 2
38 0
240 2
38 0
240 3
175 3
72 1
240 2
38 0
240 2
38 0
215 3
150 3
72 1
215 2
37 0
215 2
150 0
215 3
150 3
72 1
215 2
150 0
215 2
150 0
215 3
150 3
72 1
215 2
37 0
215 2
150 0
215 3
150 3
72 1
215 2
213 2
240 3
38 3
72 1
240 2
240 2
38 0
240 3
175 3
72 1
240 2
38 0
240 2
38 0
240 3
38 3
72 1
240 2
38 0
240 2
175 0
240 3
175 3
72 1
240 2
38 0
240 2
175 0
215 3
150 3
72 1
215 2
126 0
215 2
150 0
215 3
150 3
72 1
215 2
37 0
215 2
37 0
215 3
150 3
72 1
215 2
37 0
215 2
150 0
215 3
150 3
72 1
215 2
37 0
215 2
37 0
239 3
175 3
72 1
239 2
38 0
239 2
175 0
175 3
35 3
72 1
239 2
38 0
239 2
175 0
239 3
175 3
72 1
239 2
175 0
239 2
175 0
239 3
175 3
72 1
239 2
175 0
239 2
175 0
215 3
150 3
72 1
215 2
150 0
215 2
150 0
215 3
150 3
72 1
215 2
150 0
215 2
150 0
215 3
150 3
72 1
215 2
150 0
215 2
150 0
215 3
150 3
72 1
215 2
150 0
215 2
150 0
239 3
42 3
72 1
175 2
175 2
175 3
72 1
239 2
38 0
239 2
42 0
239 3
175 3
72 1
239 2
38 0
239 2
42 0
239 3
38 3
72 1
239 2
38 0
239 2
42 0
215 3
150 3
72 1
359 2
38 0
215 2
150 0
215 3
150 3
72 1
359 2
215 2
37 0
215 3
150 3
72 1
359 2
215 2
150 0
215 3
150 3
72 1
215 2
37 0
359 2
40 0
240 3
175 3
72 1
240 2
38 0
240 2
175 0
240 3
38 3
72 1
240 2
38 0
240 2
175 0
240 3
175 3
72 1
240 2
175 0
240 2
175 0
240 3
175 3
72 1
240 2
175 0
240 2
175 0
215 3
150 3
72 1
215 2
37 0
215 2
150 0
215 3
150 3
72 1
215 2
150 0
215 2
150 0
215 3
150 3
72 1
215 2
37 0
215 2
150 0
215 3
150 3
72 1
215 2
213 2
240 3
175 3
72 1
240 2
175 0
240 2
175 0
240 3
175 3
72 1
240 2
240 2
38 0
240 3
175 3
72 1
240 2
175 0
240 2
175 0
240 3
175 3
72 1
240 2
175 0
240 2
175 0
215 3
150 3
72 1
215 2
150 0
215 2
150 0
215 3
150 3
72 1
215 2
37 0
215 2
37 0
215 3
150 3
72 1
215 2
150 0
215 2
150 0
215 3
150 3
72 1
215 2
150 0
215 2
150 0
240 3
175 3
72 1
240 2
175 0
240 2
175 0
240 3
175 3
72 1
240 2
38 0
240 2
38 0
240 3
38 3
72 1
240 2
175 0
240 2
175 0
240 3
175 3
72 1
240 2
175 0
240 2
175 0
215 3
150 3
72 1
215 2
150 0
215 2
150 0
215 3
150 3
72 1
215 2
37 0
215 2
37 0
215 3
150 3
72 1
215 2
150 0
215 2
150 0
215 3
150 3
72 1
215 2
37 0
215 2
37 0
239 3
175 3
72 1
239 2
38 0
239 2
38 0
239 3
38 3
72 1
239 2
38 0
239 2
175 0
239 3
175 3
72 1
239 2
38 0
239 2
175 0
239 3
175 3
72 1
239 2
38 0
239 2
175 0
241 3
40 3
72 1
241 2
241 2
241 3
72 1
241 2
40 0
241 2
40 0
241 3
40 3
72 1
241 2
241 2
40 0
241 3
40 3
72 1
241 2
241 2
40 0
239 3
38 3
72 1
175 2
35 0
175 2
35 0
175 3
35 3
72 1
239 2
38 0
239 2
38 0
239 3
175 3
72 1
239 2
38 0
239 2
38 0
239 3
38 3
72 1
239 2
38 0
239 2
38 0
241 3
40 3
72 1
241 2
40 0
241 2
40 0
241 3
72 1
241 2
241 2
241 3
201 3
72 1
241 2
201 0
241 2
201 0
241 3
40 3
72 1
241 2
40 0
241 2
40 0
239 3
175 3
72 1
239 2
38 0
239 2
38 0
239 3
38 3
72 1
239 2
38 0
239 2
175 0
239 3
175 3
72 1
239 2
38 0
239 2
175 0
239 3
175 3
72 1
239 2
38 0
239 2
175 0
241 3
40 3
72 1
241 2
241 2
241 3
72 1
241 2
40 0
241 2
40 0
241 3
40 3
72 1
241 2
241 2
40 0
241 3
40 3
72 1
241 2
241 2
40 0
239 3
38 3
72 1
175 2
35 0
175 2
35 0
175 3
35 3
72 1
239 2
38 0
239 2
38 0
239 3
175 3
72 1
239 2
38 0
239 2
38 0
239 3
38 3
72 1
239 2
38 0
239 2
38 0
241 3
40 3
72 1
241 2
40 0
241 2
40 0
241 3
72 1
241 2
241 2
241 3
201 3
72 1
241 2
201 0
241 2
201 0
241 3
40 3
72 1
241 2
40 0
241 2
40 0
240 3
175 3
72 1
240 2
175 0
240 2
175 0
240 3
175 3
72 1
240 2
175 0
240 2
175 0
240 3
175 3
72 1
240 2
175 0
240 2
175 0
240 3
175 3
72 1
240 2
175 0
240 2
175 0
215 3
150 3
72 1
215 2
150 0
215 2
150 0
215 3
150 3
72 1
215 2
150 0
215 2
150 0
215 3
150 3
72 1
215 2
150 0
215 2
150 0
215 3
150 3
72 1
215 2
150 0
215 2
150 0
240 3
175 3
72 1
240 2
175 0
240 2
175 0
240 3
175 3
72 1
240 2
175 0
240 2
175 0
240 3
175 3
72 1
240 2
175 0
240 2
175 0
240 3
175 3
72 1
240 2
175 0
240 2
175 0
215 3
150 3
72 1
215 2
150 0
215 2
150 0
215 3
150 3
72 1
215 2
150 0
215 2
150 0
215 3
150 3
72 1
215 2
150 0
215 2
150 0
215 3
150 3
72 1
215 2
150 0
215 2
150 0
240 3
175 3
72 1
240 2
38 0
240 2
38 0
240 3
175 3
72 1
240 2
38 0
240 2
175 0
240 3
175 3
72 1
240 2
38 0
240 2
175 0
240 3
175 3
72 1
240 2
38 0
240 2
175 0
240 3
163 3
72 1
240 2
163 0
240 2
163 0
240 3
163 3
72 1
240 2
38 0
240 2
38 0
240 3
38 3
72 1
240 2
163 0
240 2
163 0
240 3
163 3
72 1
240 2
38 0
240 2
163 0
213 3
37 3
72 1
213 2
37 0
213 2
37 0
213 3
37 3
72 1
213 2
37 0
213 2
37 0
226 3
38 3
72 1
226 2
38 0
226 2
38 0
226 3
38 3
72 1
226 2
38 0
226 2
38 0
108 3
40 3
72 1
108 2
40 0
108 2
40 0
108 3
40 3
72 1
108 2
40 0
108 2
40 0
226 3
38 3
72 1
226 2
38 0
226 2
38 0
226 3
38 3
72 1
226 2
38 0
226 2
38 0
213 3
37 3
72 1
213 3
37 3
72 1
213 3
37 3
72 1
213 3
37 3
72 1
213 3
37 3
72 1
213 3
37 3
72 1
213 3
37 3
72 1
213 3
37 3
72 13
214 3
163 2
72 1
214 0
36 0
72 2
214 0
36 0
72 2
214 3
161 2
72 1
134 0
72 2
134 0
41 0
72 2
214 3
163 2
72 1
214 0
163 0
72 2
214 0
36 0
72 2
214 3
36 3
72 1
214 0
161 0
72 2
214 0
163 0
72 2
108 3
40 3
72 1
108 0
189 0
72 2
189 0
149 0
72 2
189 3
149 2
72 1
189 0
149 0
72 2
189 0
149 0
72 2
189 3
158 2
72 1
189 0
158 0
72 2
189 0
158 0
72 2
189 3
149 2
72 1
189 0
1445 0
72 2
189 0
1445 0
72 2
214 3
161 2
72 1
214 0
161 0
72 2
211 0
125 0
72 2
211 3
125 2
72 1
211 0
125 0
72 2
211 0
125 0
72 2
211 3
125 2
72 1
211 0
125 0
72 2
211 0
125 0
72 2
214 3
161 2
72 1
214 0
161 0
72 2
214 0
161 0
72 2
108 3
189 2
72 1
108 0
40 0
72 2
108 0
40 0
72 2
108 3
40 3
72 1
105 0
40 0
72 2
230 0
40 0
72 2
230 3
40 3
72 1
108 0
40 0
72 2
108 0
40 0
72 2
105 3
40 3
72 1
108 0
40 0
72 2
111 0
40 0
72 2
214 3
163 2
72 1
214 0
36 0
72 2
214 0
36 0
72 2
214 3
161 2
72 1
134 0
72 2
134 0
41 0
72 2
214 3
163 2
72 1
214 0
163 0
72 2
214 0
36 0
72 2
214 3
36 3
72 1
214 0
161 0
72 2
214 0
163 0
72 2
108 3
40 3
72 1
108 0
189 0
72 2
189 0
149 0
72 2
189 3
149 2
72 1
189 0
149 0
72 2
189 0
149 0
72 2
189 3
158 2
72 1
189 0
158 0
72 2
189 0
158 0
72 2
189 3
149 2
72 1
189 0
1445 0
72 2
189 0
1445 0
72 2
214 3
161 2
72 1
214 0
161 0
72 2
211 0
125 0
72 2
211 3
125 2
72 1
211 0
125 0
72 2
211 0
125 0
72 2
211 3
125 2
72 1
211 0
125 0
72 2
211 0
125 0
72 2
214 3
161 2
72 1
214 0
161 0
72 2
214 0
161 0
72 2
136 3
43 3
72 1
136 0
43 0
72 2
136 0
43 0
72 2
240 3
38 3
72 1
240 0
38 0
72 2
238 0
38 0
72 2
238 3
187 2
72 1
238 0
187 0
72 2
238 0
187 0
72 2
136 3
43 3
72 1
136 0
43 0
72 2
136 0
43 0
72 2
214 3
163 2
72 1
214 0
36 0
72 2
214 0
36 0
72 2
214 3
161 2
72 1
134 0
72 2
134 0
41 0
72 2
214 3
163 2
72 1
214 0
163 0
72 2
214 0
36 0
72 2
214 3
36 3
72 1
214 0
161 0
72 2
214 0
163 0
72 2
108 3
40 3
72 1
108 0
189 0
72 2
189 0
149 0
72 2
189 3
149 2
72 1
189 0
149 0
72 2
189 0
149 0
72 2
189 3
158 2
72 1
189 0
158 0
72 2
189 0
158 0
72 2
189 3
149 2
72 1
189 0
1445 0
72 2
189 0
1445 0
72 2
214 3
161 2
72 1
214 0
161 0
72 2
211 0
125 0
72 2
211 3
125 2
72 1
211 0
125 0
72 2
211 0
125 0
72 2
211 3
125 2
72 1
211 0
125 0
72 2
211 0
125 0
72 2
214 3
161 2
72 1
214 0
161 0
72 2
214 0
161 0
72 2
136 3
43 3
72 1
136 0
43 0
72 2
136 0
43 0
72 2
240 3
38 3
72 1
240 0
38 0
72 2
238 0
38 0
72 2
238 3
187 2
72 1
238 0
187 0
72 2
238 0
187 0
72 2
136 3
43 3
72 1
136 0
43 0
72 2
136 0
43 0
72 14
47 12
42 12
38 12
33 12
242 3
175 3
72 1
119 11
213 10
119 7
215 8
72 1
240 3
175 3
72 1
240 3
175 3
72 5
240 7
38 6
240 3
175 3
72 5
227 7
150 6
42 4
40 4
38 4
37 4
33 4
30 4
35 4
239 3
42 3
72 1
175 2
175 2
175 3
72 1
239 2
38 0
239 2
42 0
239 3
175 3
72 1
239 2
38 0
239 2
42 0
239 3
38 3
72 1
239 2
38 0
239 2
42 0
215 3
150 3
72 1
359 2
38 0
215 2
150 0
215 3
150 3
72 1
359 2
215 2
37 0
215 3
150 3
72 1
359 2
215 2
150 0
215 3
150 3
72 1
215 2
37 0
359 2
40 0
239 3
38 3
72 1
240 2
38 0
240 2
38 0
240 3
38 3
72 1
240 2
38 0
240 2
38 0
240 3
38 3
72 1
240 2
38 0
240 2
38 0
240 3
175 3
72 1
240 2
38 0
240 2
38 0
215 3
150 3
72 1
215 2
37 0
215 2
150 0
215 3
150 3
72 1
215 2
150 0
215 2
150 0
215 3
150 3
72 1
215 2
37 0
215 2
150 0
215 3
150 3
72 1
215 2
213 2
240 3
38 3
72 1
240 2
240 2
38 0
240 3
175 3
72 1
240 2
38 0
240 2
38 0
240 3
38 3
72 1
240 2
38 0
240 2
175 0
240 3
175 3
72 1
240 2
38 0
240 2
175 0
215 3
150 3
72 1
215 2
126 0
215 2
150 0
215 3
150 3
72 1
215 2
37 0
215 2
37 0
215 3
150 3
72 1
215 2
37 0
215 2
150 0
215 3
150 3
72 1
215 2
37 0
215 2
37 0
239 3
175 3
72 1
239 2
38 0
239 2
175 0
175 3
35 3
72 1
239 2
38 0
239 2
175 0
239 3
175 3
72 1
239 2
175 0
239 2
175 0
239 3
175 3
72 1
239 2
175 0
239 2
175 0
215 3
150 3
72 1
215 2
150 0
215 2
150 0
215 3
150 3
72 1
215 2
150 0
215 2
150 0
215 3
150 3
72 1
215 2
150 0
215 2
150 0
215 3
150 3
72 1
215 2
150 0
215 2
150 0
239 3
42 3
72 1
175 2
175 2
175 3
72 1
239 2
38 0
239 2
42 0
239 3
175 3
72 1
239 2
38 0
239 2
42 0
239 3
38 3
72 1
239 2
38 0
239 2
42 0
215 3
150 3
72 1
359 2
38 0
215 2
150 0
215 3
150 3
72 1
359 2
215 2
37 0
215 3
150 3
72 1
359 2
215 2
150 0
215 3
150 3
72 1
215 2
37 0
359 2
40 0
240 3
175 3
72 1
240 2
38 0
240 2
175 0
240 3
38 3
72 1
240 2
38 0
240 2
175 0
240 3
175 3
72 1
240 2
175 0
240 2
175 0
240 3
175 3
72 1
240 2
175 0
240 2
175 0
215 3
150 3
72 1
215 2
37 0
215 2
150 0
215 3
150 3
72 1
215 2
150 0
215 2
150 0
215 3
150 3
72 1
215 2
37 0
215 2
150 0
215 3
150 3
72 1
215 2
213 2
240 3
175 3
72 1
240 2
175 0
240 2
175 0
240 3
175 3
72 1
240 2
240 2
38 0
240 3
175 3
72 1
240 2
175 0
240 2
175 0
240 3
175 3
72 1
240 2
175 0
240 2
175 0
215 3
150 3
72 1
215 2
150 0
215 2
150 0
215 3
150 3
72 1
215 2
37 0
215 2
37 0
215 3
150 3
72 1
215 2
150 0
215 2
150 0
215 3
150 3
72 1
215 2
150 0
215 2
150 0
240 3
175 3
72 1
240 2
175 0
240 2
175 0
240 3
175 3
72 1
240 2
38 0
240 2
38 0
240 3
38 3
72 1
240 2
175 0
240 2
175 0
240 3
175 3
72 1
240 2
175 0
240 2
175 0
215 3
150 3
72 1
215 2
150 0
215 2
150 0
215 3
150 3
72 1
215 2
37 0
215 2
37 0
215 3
150 3
72 1
215 2
150 0
215 2
150 0
215 3
150 3
72 1
215 2
37 0
215 2
37 0
239 3
175 3
72 1
239 2
38 0
239 2
38 0
239 3
38 3
72 1
239 2
38 0
239 2
175 0
239 3
175 3
72 1
239 2
38 0
239 2
175 0
239 3
175 3
72 1
239 2
38 0
239 2
175 0
241 3
40 3
72 1
241 2
241 2
241 3
72 1
241 2
40 0
241 2
40 0
241 3
40 3
72 1
241 2
241 2
40 0
241 3
40 3
72 1
241 2
241 2
40 0
239 3
38 3
72 1
175 2
35 0
175 2
35 0
175 3
35 3
72 1
239 2
38 0
239 2
38 0
239 3
175 3
72 1
239 2
38 0
239 2
38 0
239 3
38 3
72 1
239 2
38 0
239 2
38 0
241 3
40 3
72 1
241 2
40 0
241 2
40 0
241 3
72 1
241 2
241 2
241 3
201 3
72 1
241 2
201 0
241 2
201 0
241 3
40 3
72 1
241 2
40 0
241 2
40 0
239 3
175 3
72 1
239 2
38 0
239 2
38 0
239 3
38 3
72 1
239 2
38 0
239 2
175 0
239 3
175 3
72 1
239 2
38 0
239 2
175 0
239 3
175 3
72 1
239 2
38 0
239 2
175 0
241 3
40 3
72 1
241 2
241 2
241 3
72 1
241 2
40 0
241 2
40 0
241 3
40 3
72 1
241 2
241 2
40 0
241 3
40 3
72 1
241 2
241 2
40 0
239 3
38 3
72 1
175 2
35 0
175 2
35 0
175 3
35 3
72 1
239 2
38 0
239 2
38 0
239 3
175 3
72 1
239 2
38 0
239 2
38 0
239 3
38 3
72 1
239 2
38 0
239 2
38 0
241 3
40 3
72 1
241 2
40 0
241 2
40 0
241 3
72 1
241 2
241 2
241 3
201 3
72 1
241 2
201 0
241 2
201 0
241 3
40 3
72 1
241 2
40 0
241 2
40 0
240 3
175 3
72 1
240 2
175 0
240 2
175 0
240 3
175 3
72 1
240 2
175 0
240 2
175 0
240 3
175 3
72 1
240 2
175 0
240 2
175 0
240 3
175 3
72 1
240 2
175 0
240 2
175 0
215 3
150 3
72 1
215 2
150 0
215 2
150 0
215 3
150 3
72 1
215 2
150 0
215 2
150 0
215 3
150 3
72 1
215 2
150 0
215 2
150 0
215 3
150 3
72 1
215 2
150 0
215 2
150 0
240 3
175 3
72 1
240 2
175 0
240 2
175 0
240 3
175 3
72 1
240 2
175 0
240 2
175 0
240 3
175 3
72 1
240 2
175 0
240 2
175 0
240 3
175 3
72 1
240 2
175 0
240 2
175 0
215 3
150 3
72 1
215 2
150 0
215 2
150 0
215 3
150 3
72 1
215 2
150 0
215 2
150 0
215 3
150 3
72 1
215 2
150 0
215 2
150 0
215 3
150 3
72 1
215 2
150 0
215 2
150 0
240 3
175 3
72 1
240 2
38 0
240 2
38 0
240 3
175 3
72 1
240 2
38 0
240 2
175 0
240 3
175 3
72 1
240 2
38 0
240 2
175 0
240 3
175 3
72 1
240 2
38 0
240 2
175 0
240 3
163 3
72 1
240 2
163 0
240 2
163 0
240 3
163 3
72 1
240 2
38 0
240 2
38 0
240 3
38 3
72 1
240 2
163 0
240 2
163 0
240 3
163 3
72 1
240 2
38 0
240 2
163 0
213 3
37 3
72 1
213 2
37 0
213 2
37 0
213 3
37 3
72 1
213 2
37 0
213 2
37 0
226 3
38 3
72 1
226 2
38 0
226 2
38 0
226 3
38 3
72 1
226 2
38 0
226 2
38 0
108 3
40 3
72 1
108 2
40 0
108 2
40 0
108 3
40 3
72 1
108 2
40 0
108 2
40 0
226 3
38 3
72 1
226 2
38 0
226 2
38 0
226 3
38 3
72 1
226 2
38 0
226 2
38 0
213 3
37 3
72 1
213 3
37 3
72 1
213 3
37 3
72 1
213 3
37 3
72 1
213 3
37 3
72 1
213 3
37 3
72 1
213 3
37 3
72 1
213 3
37 3
72 13
214 3
163 2
72 1
214 0
36 0
72 2
214 0
36 0
72 2
214 3
161 2
72 1
134 0
72 2
134 0
41 0
72 2
214 3
163 2
72 1
214 0
163 0
72 2
214 0
36 0
72 2
214 3
36 3
72 1
214 0
161 0
72 2
214 0
163 0
72 2
108 3
40 3
72 1
108 0
189 0
72 2
189 0
149 0
72 2
189 3
149 2
72 1
189 0
149 0
72 2
189 0
149 0
72 2
189 3
158 2
72 1
189 0
158 0
72 2
189 0
158 0
72 2
189 3
149 2
72 1
189 0
1445 0
72 2
189 0
1445 0
72 2
214 3
161 2
72 1
214 0
161 0
72 2
211 0
125 0
72 2
211 3
125 2
72 1
211 0
125 0
72 2
211 0
125 0
72 2
211 3
125 2
72 1
211 0
125 0
72 2
211 0
125 0
72 2
214 3
161 2
72 1
214 0
161 0
72 2
214 0
161 0
72 2
108 3
189 2
72 1
108 0
40 0
72 2
108 0
40 0
72 2
108 3
40 3
72 1
105 0
40 0
72 2
230 0
40 0
72 2
230 3
40 3
72 1
108 0
40 0
72 2
108 0
40 0
72 2
105 3
40 3
72 1
108 0
40 0
72 2
111 0
40 0
72 2
214 3
163 2
72 1
214 0
36 0
72 2
214 0
36 0
72 2
214 3
161 2
72 1
134 0
72 2
134 0
41 0
72 2
214 3
163 2
72 1
214 0
163 0
72 2
214 0
36 0
72 2
214 3
36 3
72 1
214 0
161 0
72 2
214 0
163 0
72 2
108 3
40 3
72 1
108 0
189 0
72 2
189 0
149 0
72 2
189 3
149 2
72 1
189 0
149 0
72 2
189 0
149 0
72 2
189 3
158 2
72 1
189 0
158 0
72 2
189 0
158 0
72 2
189 3
149 2
72 1
189 0
1445 0
72 2
189 0
1445 0
72 2
214 3
161 2
72 1
214 0
161 0
72 2
211 0
125 0
72 2
211 3
125 2
72 1
211 0
125 0
72 2
211 0
125 0
72 2
211 3
125 2
72 1
211 0
125 0
72 2
211 0
125 0
72 2
214 3
161 2
72 1
214 0
161 0
72 2
214 0
161 0
72 2
136 3
43 3
72 1
136 0
43 0
72 2
136 0
43 0
72 2
240 3
38 3
72 1
240 0
38 0
72 2
238 0
38 0
72 2
238 3
187 2
72 1
238 0
187 0
72 2
238 0
187 0
72 2
136 3
43 3
72 1
136 0
43 0
72 2
136 0
43 0
72 2
214 3
163 2
72 1
214 0
36 0
72 2
214 0
36 0
72 2
214 3
161 2
72 1
134 0
72 2
134 0
41 0
72 2
214 3
163 2
72 1
214 0
163 0
72 2
214 0
36 0
72 2
214 3
36 3
72 1
214 0
161 0
72 2
214 0
163 0
72 2
108 3
40 3
72 1
108 0
189 0
72 2
189 0
149 0
72 2
189 3
149 2
72 1
189 0
149 0
72 2
189 0
149 0
72 2
189 3
158 2
72 1
189 0
158 0
72 2
189 0
158 0
72 2
189 3
149 2
72 1
189 0
1445 0
72 2
189 0
1445 0
72 2
214 3
161 2
72 1
214 0
161 0
72 2
211 0
125 0
72 2
211 3
125 2
72 1
211 0
125 0
72 2
211 0
125 0
72 2
211 3
125 2
72 1
211 0
125 0
72 2
211 0
125 0
72 2
214 3
161 2
72 1
214 0
161 0
72 2
214 0
161 0
72 2
136 3
43 3
72 1
136 0
43 0
72 2
136 0
43 0
72 2
240 3
38 3
72 1
240 0
38 0
72 2
238 0
38 0
72 2
238 3
187 2
72 1
238 0
187 0
72 2
238 0
187 0
72 2
136 3
43 3
72 1
136 0
43 0
72 2
136 0
43 0
E
S
H
72 11
72 14
38 4
72 12
33 4
72 14
28 4
72 12
38 4
72 14
38 4
72 12
33 4
72 14
40 4
72 14
40 4
72 14
40 4
72 14
40 4
72 14
40 4
72 14
40 4
72 14
38 4
72 12
33 4
72 14
28 4
72 12
38 4
72 14
38 4
72 12
33 4
72 14
40 4
72 14
40 4
72 14
40 4
72 14
40 4
72 14
40 4
72 14
40 4
E
S
H
72 11
72 14
179 2
218 2
244 2
114 2
127 2
153 2
72 13
179 2
192 2
218 2
244 2
114 2
127 2
153 2
179 2
218 2
231 2
244 2
72 14
235 7
117 7
131 7
117 9
158 11
72 14
153 7
127 7
114 6
218 6
179 4
35 13
127 7
114 4
244 4
179 4
218 11
114 11
244 14
179 2
72 2
179 2
72 6
153 7
127 2
72 2
114 2
72 2
218 4
244 4
153 2
72 2
218 2
72 2
205 4
72 4
153 2
72 6
179 13
72 13
244 2
72 6
244 2
72 6
244 2
72 6
244 2
72 6
244 2
72 6
244 2
72 6
244 2
72 2
179 2
218 2
244 2
114 2
127 2
153 2
72 9
127 7
114 4
244 4
218 7
114 4
153 4
218 9
192 7
72 9
179 7
244 4
179 4
153 7
179 4
114 4
218 9
179 7
72 13
166 2
192 2
218 2
72 2
192 9
166 7
72 14
153 7
166 7
179 7
192 7
72 4
218 4
192 4
166 4
153 4
101 4
218 4
127 4
170 13
156 13
170 13
156 13
170 13
156 13
170 13
156 13
170 13
156 13
170 13
156 7
244 2
101 2
127 2
72 2
127 7
153 7
166 7
153 7
127 7
101 7
127 11
127 6
166 6
218 4
192 9
153 7
101 7
153 4
166 2
153 2
127 7
72 11
166 4
153 2
72 2
166 2
72 2
192 4
166 2
72 2
192 2
72 2
205 7
153 7
205 7
244 7
153 7
127 7
72 4
114 2
72 2
114 11
244 7
72 4
231 2
72 2
231 11
1828 14
72 14
179 2
218 2
244 2
114 2
127 2
153 2
72 13
179 2
192 2
218 2
244 2
114 2
127 2
153 2
179 2
218 2
231 2
244 2
72 14
235 7
117 7
131 7
117 9
158 11
72 14
153 7
127 7
114 6
218 6
179 4
35 13
127 7
114 4
244 4
179 4
218 11
114 11
244 14
179 2
72 2
179 2
72 6
153 7
127 2
72 2
114 2
72 2
218 4
244 4
153 2
72 2
218 2
72 2
205 4
72 4
153 2
72 6
179 13
72 13
244 2
72 6
244 2
72 6
244 2
72 6
244 2
72 6
244 2
72 6
244 2
72 6
244 2
72 2
179 2
218 2
244 2
114 2
127 2
153 2
72 9
127 7
114 4
244 4
218 7
114 4
153 4
218 9
192 7
72 9
179 7
244 4
179 4
153 7
179 4
114 4
218 9
179 7
72 13
166 2
192 2
218 2
72 2
192 9
166 7
72 14
153 7
166 7
179 7
192 7
72 4
218 4
192 4
166 4
153 4
101 4
218 4
127 4
170 13
156 13
170 13
156 13
170 13
156 13
170 13
156 13
170 13
156 13
170 13
156 7
244 2
101 2
127 2
72 2
127 7
153 7
166 7
153 7
127 7
101 7
127 11
127 6
166 6
218 4
192 9
153 7
101 7
153 4
166 2
153 2
127 7
72 11
166 4
153 2
72 2
166 2
72 2
192 4
166 2
72 2
192 2
72 2
205 7
153 7
205 7
244 7
153 7
127 7
72 4
114 2
72 2
114 11
244 7
72 4
231 2
72 2
231 11
1828 14
E
S
H
72 11
72 14
54 4
52 4
50 4
49 4
45 4
42 4
47 4
72 14
45 4
72 4
47 4
72 14
47 2
47 2
47 2
47 2
47 7
72 14
45 4
72 4
47 4
72 14
42 4
42 11
72 13
42 4
42 11
72 14
41 2
43 2
45 7
72 11
40 13
43 13
45 7
45 4
45 4
45 4
45 4
45 4
45 4
72 4
45 4
43 4
41 4
40 4
36 4
33 4
38 4
72 14
54 4
52 4
50 4
49 4
45 4
42 4
47 4
72 14
45 4
72 4
47 4
72 14
47 2
47 2
47 2
47 2
47 7
72 14
45 4
72 4
47 4
72 14
42 4
42 11
72 13
42 4
42 11
72 14
41 2
43 2
45 7
72 11
40 13
43 13
45 7
45 4
45 4
45 4
45 4
45 4
45 4
72 4
45 4
43 4
41 4
40 4
36 4
33 4
38 4
E
S
H
72 11
72 13
31 0
72 11
25 0
72 14
25 0
72 12
25 0
72 9
114 7
114 7
114 7
114 7
114 7
114 7
114 7
114 7
114 7
114 7
114 7
114 7
114 7
114 7
114 7
114 7
114 7
114 7
114 7
114 7
25 4
72 12
4 0
72 2
4 0
72 2
4 0
72 4
4 0
72 1
4 0
72 0
4 0
72 2
4 0
72 14
4 0
72 2
4 0
72 2
4 0
72 4
4 0
72 1
4 0
72 0
4 0
72 2
4 0
72 14
25 0
72 13
4 0
72 2
4 0
72 2
4 0
72 4
4 0
72 1
4 0
72 0
4 0
72 2
4 0
72 14
4 0
72 2
4 0
72 2
4 0
72 4
4 0
72 1
4 0
72 0
4 0
72 2
4 0
72 13
31 0
72 14
25 0
72 12
4 0
72 2
4 0
72 2
4 0
72 4
4 0
72 1
4 0
72 0
4 0
72 2
4 0
72 14
25 0
72 11
31 0
72 11
4 0
72 2
4 0
72 2
4 0
72 4
4 0
72 1
4 0
72 0
4 0
72 2
4 0
72 14
114 7
114 7
114 7
114 7
114 7
114 7
114 7
114 7
114 7
114 7
114 7
114 7
114 7
114 7
114 7
114 7
25 0
72 13
114 7
114 7
114 7
114 7
114 7
114 7
114 7
114 7
114 7
114 7
114 7
114 7
114 7
114 7
114 7
114 7
25 0
72 13
114 7
114 7
114 7
114 7
114 7
114 7
114 7
114 7
114 7
114 7
114 7
114 7
114 7
114 7
114 7
114 7
25 0
72 12
4 0
72 2
4 0
72 2
4 0
72 13
25 0
72 14
25 0
72 7
114 7
114 7
114 7
114 7
114 7
114 7
114 7
114 7
114 7
114 7
114 7
114 7
114 7
114 7
114 7
114 7
114 7
114 7
114 7
114 7
114 7
114 7
114 7
114 7
4 0
72 12
25 0
72 4
39 0
72 4
38 0
72 4
38 0
72 4
39 0
72 2
39 0
72 2
39 0
72 2
39 0
72 2
38 0
72 4
38 0
72 4
39 0
72 2
39 0
72 2
39 0
72 4
38 0
72 4
38 0
72 2
38 0
72 2
39 0
72 2
39 0
72 2
38 0
72 2
39 0
72 6
38 0
72 4
39 0
72 2
39 0
72 2
39 0
72 4
38 0
72 2
38 0
72 2
38 0
72 4
39 0
72 2
39 0
72 2
39 0
72 2
39 0
72 2
38 0
72 4
38 0
72 4
39 0
72 2
39 0
72 2
39 0
72 4
38 0
72 4
38 0
72 2
38 0
72 4
39 0
72 4
39 0
72 4
38 0
72 2
38 0
72 4
39 0
72 2
39 0
72 2
39 0
72 4
38 0
72 4
38 0
72 4
39 0
72 2
39 0
72 2
39 0
72 2
39 0
72 2
38 0
72 4
38 0
72 4
39 0
72 2
39 0
72 2
39 0
72 4
38 0
72 4
38 0
72 2
38 0
72 2
39 0
72 2
39 0
72 2
38 0
72 2
39 0
72 6
38 0
72 4
39 0
72 2
39 0
72 2
39 0
72 4
38 0
72 2
38 0
72 2
38 0
72 4
39 0
72 2
39 0
72 2
39 0
72 2
39 0
72 2
38 0
72 4
38 0
72 4
39 0
72 2
39 0
72 2
39 0
72 4
38 0
72 4
38 0
72 2
38 0
72 4
39 0
72 4
39 0
72 4
38 0
72 2
38 0
72 4
39 0
72 2
39 0
72 2
39 0
72 4
38 0
72 4
38 0
72 4
39 0
72 2
39 0
72 2
39 0
72 2
39 0
72 2
38 0
72 4
38 0
72 4
39 0
72 2
39 0
72 2
39 0
72 4
38 0
72 4
38 0
72 2
38 0
72 2
39 0
72 2
39 0
72 2
38 0
72 2
39 0
72 6
38 0
72 4
39 0
72 2
39 0
72 2
39 0
72 4
38 0
72 2
38 0
72 2
38 0
72 4
39 0
72 2
39 0
72 2
39 0
72 2
39 0
72 2
38 0
72 4
38 0
72 4
39 0
72 2
39 0
72 2
39 0
72 4
38 0
72 4
38 0
72 2
38 0
72 4
39 0
72 4
39 0
72 4
38 0
72 2
38 0
72 4
39 0
72 2
39 0
72 2
138 0
72 4
38 0
72 4
38 0
72 4
39 0
72 2
39 0
72 2
39 0
72 2
39 0
72 2
38 0
72 4
38 0
72 4
39 0
72 2
39 0
72 2
39 0
72 4
38 0
72 4
38 0
72 2
38 0
72 2
39 0
72 2
39 0
72 2
38 0
72 2
39 0
72 6
38 0
72 4
39 0
72 2
39 0
72 2
39 0
72 4
38 0
72 2
38 0
72 2
38 0
72 4
39 0
72 2
39 0
72 2
39 0
72 2
39 0
72 2
38 0
72 4
38 0
72 4
39 0
72 2
39 0
72 2
39 0
72 4
38 0
72 4
38 0
72 2
38 0
72 4
39 0
72 4
39 0
72 4
38 0
72 2
38 0
72 4
39 0
72 2
39 0
72 2
138 0
72 4
38 0
72 4
38 0
72 4
146 0
72 2
39 0
72 2
39 0
72 2
39 0
72 2
38 0
72 4
126 0
72 4
39 0
72 2
39 0
72 2
39 0
72 4
38 0
72 4
38 0
72 2
38 0
72 2
39 0
72 2
39 0
72 2
38 0
72 2
39 0
72 6
38 0
72 4
39 0
72 2
39 0
72 2
138 0
72 4
38 0
72 2
38 0
72 2
38 0
72 4
39 0
72 2
39 0
72 2
39 0
72 2
39 0
72 2
38 0
72 4
38 0
72 4
39 0
72 2
39 0
72 2
39 0
72 4
38 0
72 4
38 0
72 2
38 0
72 4
39 0
72 4
39 0
72 4
38 0
72 2
38 0
72 4
39 0
72 2
39 0
72 14
34 0
72 14
25 0
72 14
25 0
72 12
25 0
72 9
114 7
114 7
114 7
114 7
114 7
114 7
114 7
114 7
114 7
114 7
114 7
114 7
114 7
114 7
114 7
114 7
114 7
114 7
114 7
114 7
25 4
72 12
4 0
72 2
4 0
72 2
4 0
72 4
4 0
72 1
4 0
72 0
4 0
72 2
4 0
72 14
4 0
72 2
4 0
72 2
4 0
72 4
4 0
72 1
4 0
72 0
4 0
72 2
4 0
72 14
25 0
72 13
4 0
72 2
4 0
72 2
4 0
72 4
4 0
72 1
4 0
72 0
4 0
72 2
4 0
72 14
4 0
72 2
4 0
72 2
4 0
72 4
4 0
72 1
4 0
72 0
4 0
72 2
4 0
72 13
31 0
72 14
25 0
72 12
4 0
72 2
4 0
72 2
4 0
72 4
4 0
72 1
4 0
72 0
4 0
72 2
4 0
72 14
25 0
72 11
31 0
72 11
4 0
72 2
4 0
72 2
4 0
72 4
4 0
72 1
4 0
72 0
4 0
72 2
4 0
72 14
114 7
114 7
114 7
114 7
114 7
114 7
114 7
114 7
114 7
114 7
114 7
114 7
114 7
114 7
114 7
114 7
25 0
72 13
114 7
114 7
114 7
114 7
114 7
114 7
114 7
114 7
114 7
114 7
114 7
114 7
114 7
114 7
114 7
114 7
25 0
72 13
114 7
114 7
114 7
114 7
114 7
114 7
114 7
114 7
114 7
114 7
114 7
114 7
114 7
114 7
114 7
114 7
25 0
72 12
4 0
72 2
4 0
72 2
4 0
72 13
25 0
72 14
25 0
72 7
114 7
114 7
114 7
114 7
114 7
114 7
114 7
114 7
114 7
114 7
114 7
114 7
114 7
114 7
114 7
114 7
114 7
114 7
114 7
114 7
114 7
114 7
114 7
114 7
4 0
72 12
25 0
72 4
39 0
72 4
38 0
72 4
38 0
72 4
39 0
72 2
39 0
72 2
39 0
72 2
39 0
72 2
38 0
72 4
38 0
72 4
39 0
72 2
39 0
72 2
39 0
72 4
38 0
72 4
38 0
72 2
38 0
72 2
39 0
72 2
39 0
72 2
38 0
72 2
39 0
72 6
38 0
72 4
39 0
72 2
39 0
72 2
39 0
72 4
38 0
72 2
38 0
72 2
38 0
72 4
39 0
72 2
39 0
72 2
39 0
72 2
39 0
72 2
38 0
72 4
38 0
72 4
39 0
72 2
39 0
72 2
39 0
72 4
38 0
72 4
38 0
72 2
38 0
72 4
39 0
72 4
39 0
72 4
38 0
72 2
38 0
72 4
39 0
72 2
39 0
72 2
39 0
72 4
38 0
72 4
38 0
72 4
39 0
72 2
39 0
72 2
39 0
72 2
39 0
72 2
38 0
72 4
38 0
72 4
39 0
72 2
39 0
72 2
39 0
72 4
38 0
72 4
38 0
72 2
38 0
72 2
39 0
72 2
39 0
72 2
38 0
72 2
39 0
72 6
38 0
72 4
39 0
72 2
39 0
72 2
39 0
72 4
38 0
72 2
38 0
72 2
38 0
72 4
39 0
72 2
39 0
72 2
39 0
72 2
39 0
72 2
38 0
72 4
38 0
72 4
39 0
72 2
39 0
72 2
39 0
72 4
38 0
72 4
38 0
72 2
38 0
72 4
39 0
72 4
39 0
72 4
38 0
72 2
38 0
72 4
39 0
72 2
39 0
72 2
39 0
72 4
38 0
72 4
38 0
72 4
39 0
72 2
39 0
72 2
39 0
72 2
39 0
72 2
38 0
72 4
38 0
72 4
39 0
72 2
39 0
72 2
39 0
72 4
38 0
72 4
38 0
72 2
38 0
72 2
39 0
72 2
39 0
72 2
38 0
72 2
39 0
72 6
38 0
72 4
39 0
72 2
39 0
72 2
39 0
72 4
38 0
72 2
38 0
72 2
38 0
72 4
39 0
72 2
39 0
72 2
39 0
72 2
39 0
72 2
38 0
72 4
38 0
72 4
39 0
72 2
39 0
72 2
39 0
72 4
38 0
72 4
38 0
72 2
38 0
72 4
39 0
72 4
39 0
72 4
38 0
72 2
38 0
72 4
39 0
72 2
39 0
72 2
138 0
72 4
38 0
72 4
38 0
72 4
39 0
72 2
39 0
72 2
39 0
72 2
39 0
72 2
38 0
72 4
38 0
72 4
39 0
72 2
39 0
72 2
39 0
72 4
38 0
72 4
38 0
72 2
38 0
72 2
39 0
72 2
39 0
72 2
38 0
72 2
39 0
72 6
38 0
72 4
39 0
72 2
39 0
72 2
39 0
72 4
38 0
72 2
38 0
72 2
38 0
72 4
39 0
72 2
39 0
72 2
39 0
72 2
39 0
72 2
38 0
72 4
38 0
72 4
39 0
72 2
39 0
72 2
39 0
72 4
38 0
72 4
38 0
72 2
38 0
72 4
39 0
72 4
39 0
72 4
38 0
72 2
38 0
72 4
39 0
72 2
39 0
72 2
138 0
72 4
38 0
72 4
38 0
72 4
146 0
72 2
39 0
72 2
39 0
72 2
39 0
72 2
38 0
72 4
126 0
72 4
39 0
72 2
39 0
72 2
39 0
72 4
38 0
72 4
38 0
72 2
38 0
72 2
39 0
72 2
39 0
72 2
38 0
72 2
39 0
72 6
38 0
72 4
39 0
72 2
39 0
72 2
138 0
72 4
38 0
72 2
38 0
72 2
38 0
72 4
39 0
72 2
39 0
72 2
39 0
72 2
39 0
72 2
38 0
72 4
38 0
72 4
39 0
72 2
39 0
72 2
39 0
72 4
38 0
72 4
38 0
72 2
38 0
72 4
39 0
72 4
39 0
72 4
38 0
72 2
38 0
72 4
39 0
72 2
39 0
72 14
34 0
E
S
L
72 14
12 0
72 4
14 0
72 7
12 0
72 12
12 0
72 4
12 0
72 11
21 0
72 6
19 0
72 2
185 0
72 4
14 0
72 4
19 0
72 2
19 0
72 2
14 0
72 4
14 0
72 4
24 0
72 6
23 0
72 2
21 0
72 4
187 0
72 4
17 0
72 4
125 0
72 7
12 0
72 4
149 0
72 4
149 0
72 4
149 0
72 4
149 0
72 4
149 0
72 4
149 0
72 4
12 0
72 7
12 0
72 7
12 0
72 7
12 0
72 7
12 0
72 7
12 0
72 7
12 0
72 7
12 0
72 7
12 0
72 7
12 0
72 7
12 0
72 7
12 0
72 7
12 0
72 7
12 0
72 7
12 0
72 7
12 0
72 7
12 0
72 7
12 0
72 7
12 0
72 7
12 0
72 7
12 0
72 7
12 0
72 7
12 0
72 7
12 0
72 7
12 0
72 7
12 0
72 7
12 0
72 7
12 0
72 7
12 0
72 4
24 0
72 4
101 0
72 4
23 0
72 4
233 0
72 4
211 0
72 4
185 0
72 4
163 0
72 4
12 0
72 7
12 0
72 7
12 0
72 7
12 0
72 7
12 0
72 7
12 0
72 7
12 0
72 7
12 0
72 7
12 0
72 7
12 0
72 7
12 0
72 7
12 0
72 7
12 0
72 7
12 0
72 7
12 0
72 7
12 0
72 7
12 0
72 7
12 0
72 7
12 0
72 7
12 0
72 7
12 0
72 7
12 0
72 7
12 0
72 7
12 0
72 7
12 0
72 7
12 0
72 4
14 0
72 4
12 0
72 4
23 0
72 2
23 0
72 2
209 0
72 4
19 0
72 4
12 0
72 7
12 0
72 4
14 0
72 4
125 0
72 6
14 0
14 0
72 2
125 0
72 2
14 0
72 2
21 0
72 2
17 0
72 2
12 0
72 7
12 0
72 7
12 0
72 7
125 0
72 7
12 0
72 7
12 0
72 7
12 0
72 7
125 0
72 7
12 0
72 7
12 0
72 7
12 0
72 7
125 0
72 7
12 0
72 7
12 0
72 4
23 0
72 4
12 0
72 2
21 0
72 2
17 0
72 4
12 0
72 4
14 0
72 4
12 0
72 6
23 0
72 2
125 0
72 7
12 0
72 7
125 0
72 7
12 0
72 7
12 0
72 7
12 0
72 7
125 0
72 7
12 0
72 7
12 0
72 7
12 0
72 7
125 0
72 7
12 0
72 7
12 0
72 4
24 0
72 4
12 0
72 4
23 0
72 4
1133 0
72 4
17 0
72 4
12 0
72 7
12 0
72 7
12 0
72 7
12 0
72 7
12 0
72 7
12 0
72 7
12 0
72 7
12 0
72 7
12 0
72 7
12 0
72 7
12 0
72 7
12 0
72 7
12 0
72 7
12 0
72 7
12 0
72 4
14 0
72 4
125 0
72 2
14 0
72 2
21 0
72 2
17 0
72 2
12 0
72 6
14 0
72 2
125 0
72 7
12 0
72 7
12 0
72 7
12 0
72 4
14 0
72 2
14 0
72 2
125 0
72 7
12 0
72 4
24 0
72 4
101 0
72 2
24 0
72 2
21 0
72 4
12 0
72 7
12 0
72 7
12 0
72 7
12 0
72 7
12 0
72 7
12 0
72 7
12 0
72 7
12 0
72 7
12 0
72 7
12 0
72 7
12 0
72 7
12 0
72 7
12 0
72 4
14 0
72 4
125 0
72 4
14 0
72 4
125 0
72 4
103 0
72 1
23 0
72 0
21 0
72 2
845 0
72 4
14 0
72 14
30 0
30 0
72 2
30 0
72 0
30 0
72 1
30 0
72 1
30 0
72 0
30 0
30 0
72 2
30 0
72 14
30 0
30 0
72 2
30 0
72 0
30 0
72 1
30 0
72 1
30 0
72 0
30 0
30 0
72 2
30 0
72 14
23 0
72 6
14 0
72 2
14 0
72 2
14 0
72 2
23 0
72 2
19 0
72 2
12 0
72 7
12 0
72 7
12 0
72 7
125 0
72 7
12 0
72 7
12 0
72 7
12 0
72 7
125 0
72 7
12 0
72 7
12 0
72 7
12 0
72 7
125 0
72 7
12 0
72 7
12 0
72 7
12 0
72 6
14 0
14 0
72 2
125 0
72 2
14 0
72 2
21 0
72 2
17 0
72 2
12 0
72 4
23 0
72 4
23 0
72 4
12 0
72 4
23 0
72 2
14 0
72 2
12 0
72 4
125 0
72 7
125 0
72 4
125 0
72 4
125 0
72 4
125 0
72 4
125 0
72 4
125 0
72 4
14 0
72 2
14 0
72 2
23 0
72 2
19 0
72 2
12 0
72 11
12 0
72 7
14 0
72 4
21 0
72 2
21 0
72 2
12 0
72 9
12 0
72 4
12 0
72 11
12 0
72 12
12 0
72 4
12 0
72 4
12 0
72 12
12 0
72 12
12 0
72 4
12 0
72 4
12 0
72 12
12 0
72 12
12 0
72 4
12 0
72 11
21 0
72 6
19 0
72 2
185 0
72 4
14 0
72 4
19 0
72 2
19 0
72 2
14 0
72 4
14 0
72 4
24 0
72 6
23 0
72 2
21 0
72 4
187 0
72 4
17 0
72 4
125 0
72 7
12 0
72 4
149 0
72 4
149 0
72 4
149 0
72 4
149 0
72 4
149 0
72 4
149 0
72 4
12 0
72 7
12 0
72 7
12 0
72 7
12 0
72 7
12 0
72 7
12 0
72 7
12 0
72 7
12 0
72 7
12 0
72 7
12 0
72 7
12 0
72 7
12 0
72 7
12 0
72 7
12 0
72 7
12 0
72 7
12 0
72 7
12 0
72 7
12 0
72 7
12 0
72 7
12 0
72 7
12 0
72 7
12 0
72 7
12 0
72 7
12 0
72 7
12 0
72 7
12 0
72 7
12 0
72 7
12 0
72 7
12 0
72 4
24 0
72 4
101 0
72 4
23 0
72 4
233 0
72 4
211 0
72 4
185 0
72 4
163 0
72 4
12 0
72 7
12 0
72 7
12 0
72 7
12 0
72 7
12 0
72 7
12 0
72 7
12 0
72 7
12 0
72 7
12 0
72 7
12 0
72 7
12 0
72 7
12 0
72 7
12 0
72 7
12 0
72 7
12 0
72 7
12 0
72 7
12 0
72 7
12 0
72 7
12 0
72 7
12 0
72 7
12 0
72 7
12 0
72 7
12 0
72 7
12 0
72 7
12 0
72 7
12 0
72 4
14 0
72 4
12 0
72 4
23 0
72 2
23 0
72 2
209 0
72 4
19 0
72 4
12 0
72 7
12 0
72 4
14 0
72 4
125 0
72 6
14 0
14 0
72 2
125 0
72 2
14 0
72 2
21 0
72 2
17 0
72 2
12 0
72 7
12 0
72 7
12 0
72 7
125 0
72 7
12 0
72 7
12 0
72 7
12 0
72 7
125 0
72 7
12 0
72 7
12 0
72 7
12 0
72 7
125 0
72 7
12 0
72 7
12 0
72 4
23 0
72 4
12 0
72 2
21 0
72 2
17 0
72 4
12 0
72 4
14 0
72 4
12 0
72 6
23 0
72 2
125 0
72 7
12 0
72 7
125 0
72 7
12 0
72 7
12 0
72 7
12 0
72 7
125 0
72 7
12 0
72 7
12 0
72 7
12 0
72 7
125 0
72 7
12 0
72 7
12 0
72 4
24 0
72 4
12 0
72 4
23 0
72 4
1133 0
72 4
17 0
72 4
12 0
72 7
12 0
72 7
12 0
72 7
12 0
72 7
12 0
72 7
12 0
72 7
12 0
72 7
12 0
72 7
12 0
72 7
12 0
72 7
12 0
72 7
12 0
72 7
12 0
72 7
12 0
72 7
12 0
72 4
14 0
72 4
125 0
72 2
14 0
72 2
21 0
72 2
17 0
72 2
12 0
72 6
14 0
72 2
125 0
72 7
12 0
72 7
12 0
72 7
12 0
72 4
14 0
72 2
14 0
72 2
125 0
72 7
12 0
72 4
24 0
72 4
101 0
72 2
24 0
72 2
21 0
72 4
12 0
72 7
12 0
72 7
12 0
72 7
12 0
72 7
12 0
72 7
12 0
72 7
12 0
72 7
12 0
72 7
12 0
72 7
12 0
72 7
12 0
72 7
12 0
72 7
12 0
72 4
14 0
72 4
125 0
72 4
14 0
72 4
125 0
72 4
103 0
72 1
23 0
72 0
21 0
72 2
845 0
72 4
14 0
72 14
30 0
30 0
72 2
30 0
72 0
30 0
72 1
30 0
72 1
30 0
72 0
30 0
30 0
72 2
30 0
72 14
30 0
30 0
72 2
30 0
72 0
30 0
72 1
30 0
72 1
30 0
72 0
30 0
30 0
72 2
30 0
72 14
23 0
72 6
14 0
72 2
14 0
72 2
14 0
72 2
23 0
72 2
19 0
72 2
12 0
72 7
12 0
72 7
12 0
72 7
125 0
72 7
12 0
72 7
12 0
72 7
12 0
72 7
125 0
72 7
12 0
72 7
12 0
72 7
12 0
72 7
125 0
72 7
12 0
72 7
12 0
72 7
12 0
72 6
14 0
14 0
72 2
125 0
72 2
14 0
72 2
21 0
72 2
17 0
72 2
12 0
72 4
23 0
72 4
23 0
72 4
12 0
72 4
23 0
72 2
14 0
72 2
12 0
72 4
125 0
72 7
125 0
72 4
125 0
72 4
125 0
72 4
125 0
72 4
125 0
72 4
125 0
72 4
14 0
72 2
14 0
72 2
23 0
72 2
19 0
72 2
12 0
72 11
12 0
72 7
14 0
72 4
21 0
72 2
21 0
72 2
12 0
72 9
12 0
72 4
12 0
72 11
12 0
72 12
12 0
72 4
12 0
72 4
12 0
72 12
12 0
72 12
12 0
72 4
12 0
72 4
12 0
E
S
H
72 14
227 0
72 4
227 0
72 2
227 0
72 2
227 0
72 4
227 0
72 2
227 0
72 2
227 0
72 4
227 0
72 2
227 0
72 2
227 0
72 4
227 0
72 2
227 0
72 2
227 0
72 4
227 0
72 2
227 0
72 2
227 0
72 4
227 0
72 2
227 0
72 2
227 0
72 4
227 0
72 2
227 0
72 2
227 0
72 4
227 0
72 2
227 0
72 2
227 0
72 4
227 0
72 2
227 0
72 2
227 0
72 4
227 0
72 2
227 0
72 2
227 0
72 4
227 0
72 2
227 0
72 2
227 0
72 4
227 0
72 2
227 0
72 2
227 0
72 4
227 0
72 2
227 0
72 2
227 0
72 4
227 0
72 2
227 0
72 2
227 0
72 4
227 0
72 2
227 0
72 2
227 0
72 4
227 0
72 2
227 0
72 2
46 0
72 4
46 0
72 2
46 0
72 2
46 0
72 4
46 0
72 2
46 0
72 2
46 0
72 4
46 0
72 2
46 0
72 2
46 0
72 4
46 0
72 2
46 0
72 2
46 0
72 4
46 0
72 2
46 0
72 2
46 0
72 4
46 0
72 2
46 0
72 2
46 0
72 4
46 0
72 2
46 0
72 2
46 0
72 4
46 0
72 2
46 0
72 2
46 0
72 4
46 0
72 2
46 0
72 2
46 0
72 4
46 0
72 2
46 0
72 2
46 0
72 4
46 0
72 2
46 0
72 2
46 0
72 4
46 0
72 2
46 0
72 2
46 0
72 4
46 0
72 2
46 0
72 2
46 0
72 4
46 0
72 2
46 0
72 2
46 0
72 4
46 0
72 2
46 0
72 2
46 0
72 4
46 0
72 2
46 0
72 2
46 0
72 4
46 0
72 2
46 0
72 2
46 0
72 4
46 0
72 2
46 0
72 2
46 0
72 4
46 0
72 2
46 0
72 2
46 0
72 4
46 0
72 2
46 0
72 2
46 0
72 4
46 0
72 2
46 0
72 2
46 0
72 4
46 0
72 2
46 0
72 2
46 0
72 4
46 0
72 2
46 0
72 2
46 0
72 4
46 0
72 2
46 0
72 2
46 0
72 4
46 0
72 2
46 0
72 2
46 0
72 4
46 0
72 2
46 0
72 2
46 0
72 4
46 0
72 2
46 0
72 2
46 0
72 4
46 0
72 2
46 0
72 2
46 0
72 4
46 0
72 2
46 0
72 2
46 0
72 4
46 0
72 2
46 0
72 2
46 0
72 4
46 0
72 2
46 0
72 2
46 0
72 4
46 0
72 2
46 0
72 2
46 0
72 4
46 0
72 2
46 0
72 2
46 0
72 4
46 0
72 2
46 0
72 2
46 0
72 4
46 0
72 2
46 0
72 2
46 0
72 4
46 0
72 2
46 0
72 2
46 0
72 4
46 0
72 2
46 0
72 2
46 0
72 4
46 0
72 2
46 0
72 2
46 0
72 4
46 0
72 2
46 0
72 2
46 0
72 4
46 0
72 2
46 0
72 2
46 0
72 4
46 0
72 2
46 0
72 2
46 0
72 4
46 0
72 2
46 0
72 2
46 0
72 4
46 0
72 2
46 0
72 2
46 0
72 4
46 0
72 2
46 0
72 2
46 0
72 4
46 0
72 2
46 0
72 2
46 0
72 4
46 0
72 2
46 0
72 2
46 0
72 4
46 0
72 2
46 0
72 2
46 0
72 4
46 0
72 2
46 0
72 2
46 0
72 4
46 0
72 2
46 0
72 2
46 0
72 4
46 0
72 2
46 0
72 2
46 0
72 4
46 0
72 2
46 0
72 2
46 0
72 4
46 0
72 2
46 0
72 2
46 0
72 4
46 0
72 2
46 0
72 2
46 0
72 4
46 0
72 2
46 0
72 2
46 0
72 4
46 0
72 2
46 0
72 2
46 0
72 4
46 0
72 2
46 0
72 2
46 0
72 4
46 0
72 2
46 0
72 2
46 0
72 4
46 0
72 2
46 0
72 2
46 0
72 4
46 0
72 2
46 0
72 2
46 0
72 4
46 0
72 2
46 0
72 2
46 0
72 4
46 0
72 2
46 0
72 2
46 0
72 4
46 0
72 2
46 0
72 2
46 0
72 4
22 0
72 4
46 0
72 4
46 0
72 2
46 0
72 2
46 0
72 4
46 0
72 2
46 0
72 2
46 0
72 4
46 0
72 2
46 0
72 2
46 0
72 4
46 0
72 2
46 0
72 2
46 0
72 4
46 0
72 2
46 0
72 2
46 0
72 4
46 0
72 2
46 0
72 2
46 0
72 4
46 0
72 2
46 0
72 2
46 0
72 4
46 0
72 2
46 0
72 2
46 0
72 4
46 0
72 2
46 0
72 2
46 0
72 4
46 0
72 2
46 0
72 2
46 0
72 4
46 0
72 2
46 0
72 2
46 0
72 4
46 0
72 2
46 0
72 2
46 0
72 4
46 0
72 2
46 0
72 2
46 0
72 4
46 0
72 2
46 0
72 2
46 0
72 4
46 0
72 2
46 0
72 2
46 0
72 4
46 0
72 2
46 0
72 2
46 0
72 4
46 0
72 2
46 0
72 2
46 0
72 4
46 0
72 2
46 0
72 2
46 0
72 4
46 0
72 2
46 0
72 2
46 0
72 4
46 0
72 2
46 0
72 2
46 0
72 4
46 0
72 2
46 0
72 2
46 0
72 4
46 0
72 2
46 0
72 2
46 0
72 4
46 0
72 2
46 0
72 2
46 0
72 4
46 0
72 2
46 0
72 2
46 0
72 4
46 0
72 2
46 0
72 2
46 0
72 4
46 0
72 2
46 0
72 2
46 0
72 4
46 0
72 2
46 0
72 2
46 0
72 4
46 0
72 2
46 0
72 2
46 0
72 4
46 0
72 2
46 0
72 2
46 0
72 4
46 0
72 2
46 0
72 2
46 0
72 4
46 0
72 2
46 0
72 2
46 0
72 4
46 0
72 2
46 0
72 2
46 0
72 4
46 0
72 2
46 0
72 2
46 0
72 4
46 0
72 2
46 0
72 2
46 0
72 4
227 0
72 2
227 0
72 2
227 0
72 4
231 0
72 2
46 0
72 2
46 0
72 4
227 0
72 2
227 0
72 2
227 0
72 4
227 0
72 2
227 0
72 2
227 0
72 4
227 0
72 2
227 0
72 2
227 0
72 4
227 0
72 2
227 0
72 2
227 0
72 4
227 0
72 2
227 0
72 2
46 0
72 4
46 0
72 2
46 0
72 2
46 0
72 4
227 0
72 2
227 0
72 2
227 0
72 4
231 0
72 2
46 0
72 2
46 0
72 4
227 0
72 2
227 0
72 2
227 0
72 4
227 0
72 2
227 0
72 2
227 0
72 4
227 0
72 2
227 0
72 2
227 0
72 4
227 0
72 2
227 0
72 2
227 0
72 4
227 0
72 2
227 0
72 2
227 0
72 2
227 0
72 2
227 0
72 7
227 0
72 2
227 0
72 2
227 0
72 7
227 0
72 2
227 0
72 2
227 0
72 7
227 0
72 2
227 0
72 2
227 0
72 4
227 0
72 2
227 0
72 2
227 0
72 9
227 0
72 2
227 0
72 2
227 0
72 4
227 0
72 2
227 0
72 2
227 0
72 4
227 0
72 2
227 0
72 2
227 0
72 4
227 0
72 2
227 0
72 2
227 0
72 4
227 0
72 2
227 0
72 2
227 0
72 4
227 0
72 2
227 0
72 2
227 0
72 4
227 0
72 2
227 0
72 2
227 0
72 4
227 0
72 2
227 0
72 2
227 0
72 4
227 0
72 2
227 0
72 2
227 0
72 4
227 0
72 2
227 0
72 2
227 0
72 4
227 0
72 2
227 0
72 2
227 0
72 4
227 0
72 2
227 0
72 2
227 0
72 4
227 0
72 2
227 0
72 2
227 0
72 4
227 0
72 2
227 0
72 2
227 0
72 4
227 0
72 2
227 0
72 2
227 0
72 4
227 0
72 2
227 0
72 2
227 0
72 4
227 0
72 2
227 0
72 2
224 0
72 4
46 0
72 2
46 0
72 2
224 0
72 4
46 0
72 2
224 0
72 2
224 0
72 4
46 0
72 2
46 0
72 2
224 0
72 4
46 0
72 2
224 0
72 2
224 0
72 4
46 0
72 2
46 0
72 2
224 0
72 4
46 0
72 2
224 0
72 2
224 0
72 4
46 0
72 2
46 0
72 2
224 0
72 4
46 0
72 2
224 0
72 2
224 0
72 4
46 0
72 2
46 0
72 2
224 0
72 4
46 0
72 2
224 0
72 2
224 0
72 4
46 0
72 2
46 0
72 2
224 0
72 4
46 0
72 2
224 0
72 2
224 0
72 4
46 0
72 2
46 0
72 2
224 0
72 4
46 0
72 2
224 0
72 2
224 0
72 4
46 0
72 2
46 0
72 2
224 0
72 4
46 0
72 2
224 0
72 2
224 0
72 4
46 0
72 2
46 0
72 2
224 0
72 4
46 0
72 2
224 0
72 2
224 0
72 4
46 0
72 2
46 0
72 2
224 0
72 4
46 0
72 2
224 0
72 2
224 0
72 4
46 0
72 2
46 0
72 2
224 0
72 4
46 0
72 2
224 0
72 2
224 0
72 4
46 0
72 2
46 0
72 2
224 0
72 4
46 0
72 2
224 0
72 2
224 0
72 4
46 0
72 2
46 0
72 2
224 0
72 4
46 0
72 2
224 0
72 2
224 0
72 4
46 0
72 2
46 0
72 2
224 0
72 4
46 0
72 2
224 0
72 2
224 0
72 4
46 0
72 2
46 0
72 2
224 0
72 4
46 0
72 2
224 0
72 2
224 0
72 4
46 0
72 2
46 0
72 2
224 0
72 4
46 0
72 2
224 0
72 2
224 0
72 4
46 0
72 2
46 0
72 2
224 0
72 4
46 0
72 2
224 0
72 2
224 0
72 4
46 0
72 2
46 0
72 2
224 0
72 4
46 0
72 2
224 0
72 2
224 0
72 4
46 0
72 2
46 0
72 2
224 0
72 4
46 0
72 2
224 0
72 2
224 0
72 4
46 0
72 2
46 0
72 2
224 0
72 4
46 0
72 2
224 0
72 2
224 0
72 4
46 0
72 2
46 0
72 2
224 0
72 4
46 0
72 2
224 0
72 2
224 0
72 4
46 0
72 2
46 0
72 2
224 0
72 4
46 0
72 2
224 0
72 2
224 0
72 4
46 0
72 2
46 0
72 2
224 0
72 4
46 0
72 2
224 0
72 2
224 0
72 4
46 0
72 2
46 0
72 2
1583 0
72 2
22 0
72 2
46 0
72 2
224 0
72 2
1616 0
72 4
227 0
72 2
227 0
72 2
1616 0
72 4
227 0
72 2
227 0
72 2
1616 0
72 4
227 0
72 2
227 0
72 2
1616 0
72 4
227 0
72 2
227 0
72 2
1616 0
72 4
227 0
72 2
227 0
72 2
1616 0
72 4
227 0
72 2
227 0
72 2
1616 0
72 4
227 0
72 2
227 0
72 2
1616 0
72 4
227 0
72 2
227 0
72 2
1616 0
72 4
227 0
72 2
227 0
72 2
1616 0
72 4
227 0
72 2
227 0
72 2
1616 0
72 4
227 0
72 2
227 0
72 2
1616 0
72 4
227 0
72 2
227 0
72 2
1616 0
72 4
227 0
72 2
227 0
72 2
1616 0
72 4
227 0
72 2
227 0
72 2
1616 0
72 4
227 0
72 2
227 0
72 2
1616 0
72 4
227 0
72 2
227 0
72 2
176 0
72 4
27 0
72 4
27 0
72 4
176 0
72 4
27 0
72 4
27 0
72 4
176 0
72 4
27 0
72 4
27 0
72 7
27 0
72 7
27 0
72 7
27 0
72 7
27 0
72 11
27 0
72 11
27 0
72 11
27 0
72 7
22 0
72 4
29 0
72 2
29 0
72 2
167 0
72 4
18 0
72 2
18 0
72 2
18 0
72 4
18 0
72 2
18 0
72 2
18 0
72 4
18 0
72 2
18 0
72 2
18 0
72 4
179 0
72 2
179 0
72 2
179 0
72 4
179 0
72 2
18 0
72 2
18 0
72 4
18 0
72 2
18 0
72 2
18 0
72 4
18 0
72 2
18 0
72 2
18 0
72 4
18 0
72 2
18 0
72 2
18 0
72 4
18 0
72 2
18 0
72 2
18 0
72 4
18 0
72 2
18 0
72 2
18 0
72 4
18 0
72 2
18 0
72 2
18 0
72 4
179 0
72 2
179 0
72 2
179 0
72 4
179 0
72 2
18 0
72 2
18 0
72 4
18 0
72 2
18 0
72 2
18 0
72 4
18 0
72 2
18 0
72 2
18 0
72 4
18 0
72 2
18 0
72 2
227 0
72 4
227 0
72 2
227 0
72 2
227 0
72 4
227 0
72 2
227 0
72 2
227 0
72 4
227 0
72 2
227 0
72 2
227 0
72 4
227 0
72 2
227 0
72 2
227 0
72 4
227 0
72 2
227 0
72 2
227 0
72 4
227 0
72 2
227 0
72 2
227 0
72 4
227 0
72 2
227 0
72 2
227 0
72 4
227 0
72 2
227 0
72 2
227 0
72 4
227 0
72 2
227 0
72 2
227 0
72 4
227 0
72 2
227 0
72 2
227 0
72 4
227 0
72 2
227 0
72 2
227 0
72 4
227 0
72 2
227 0
72 2
227 0
72 4
227 0
72 2
227 0
72 2
227 0
72 4
227 0
72 2
227 0
72 2
227 0
72 4
227 0
72 2
227 0
72 2
227 0
72 4
227 0
72 2
227 0
72 2
46 0
72 4
46 0
72 2
46 0
72 2
46 0
72 4
46 0
72 2
46 0
72 2
46 0
72 4
46 0
72 2
46 0
72 2
46 0
72 4
46 0
72 2
46 0
72 2
46 0
72 4
46 0
72 2
46 0
72 2
46 0
72 4
46 0
72 2
46 0
72 2
46 0
72 4
46 0
72 2
46 0
72 2
46 0
72 4
46 0
72 2
46 0
72 2
46 0
72 4
46 0
72 2
46 0
72 2
46 0
72 4
46 0
72 2
46 0
72 2
46 0
72 4
46 0
72 2
46 0
72 2
46 0
72 4
46 0
72 2
46 0
72 2
46 0
72 4
46 0
72 2
46 0
72 2
46 0
72 4
46 0
72 2
46 0
72 2
46 0
72 4
46 0
72 2
46 0
72 2
46 0
72 4
46 0
72 2
46 0
72 2
46 0
72 4
46 0
72 2
46 0
72 2
46 0
72 4
46 0
72 2
46 0
72 2
46 0
72 4
46 0
72 2
46 0
72 2
46 0
72 4
46 0
72 2
46 0
72 2
46 0
72 4
46 0
72 2
46 0
72 2
46 0
72 4
46 0
72 2
46 0
72 2
46 0
72 4
46 0
72 2
46 0
72 2
46 0
72 4
46 0
72 2
46 0
72 2
46 0
72 4
46 0
72 2
46 0
72 2
46 0
72 4
46 0
72 2
46 0
72 2
46 0
72 4
46 0
72 2
46 0
72 2
46 0
72 4
46 0
72 2
46 0
72 2
46 0
72 4
46 0
72 2
46 0
72 2
46 0
72 4
46 0
72 2
46 0
72 2
46 0
72 4
46 0
72 2
46 0
72 2
46 0
72 4
46 0
72 2
46 0
72 2
46 0
72 4
46 0
72 2
46 0
72 2
46 0
72 4
46 0
72 2
46 0
72 2
46 0
72 4
46 0
72 2
46 0
72 2
46 0
72 4
46 0
72 2
46 0
72 2
46 0
72 4
46 0
72 2
46 0
72 2
46 0
72 4
46 0
72 2
46 0
72 2
46 0
72 4
46 0
72 2
46 0
72 2
46 0
72 4
46 0
72 2
46 0
72 2
46 0
72 4
46 0
72 2
46 0
72 2
46 0
72 4
46 0
72 2
46 0
72 2
46 0
72 4
46 0
72 2
46 0
72 2
46 0
72 4
46 0
72 2
46 0
72 2
46 0
72 4
46 0
72 2
46 0
72 2
46 0
72 4
46 0
72 2
46 0
72 2
46 0
72 4
46 0
72 2
46 0
72 2
46 0
72 4
46 0
72 2
46 0
72 2
46 0
72 4
46 0
72 2
46 0
72 2
46 0
72 4
46 0
72 2
46 0
72 2
46 0
72 4
46 0
72 2
46 0
72 2
46 0
72 4
46 0
72 2
46 0
72 2
46 0
72 4
46 0
72 2
46 0
72 2
46 0
72 4
46 0
72 2
46 0
72 2
46 0
72 4
46 0
72 2
46 0
72 2
46 0
72 4
46 0
72 2
46 0
72 2
46 0
72 4
46 0
72 2
46 0
72 2
46 0
72 4
46 0
72 2
46 0
72 2
46 0
72 4
46 0
72 2
46 0
72 2
46 0
72 4
46 0
72 2
46 0
72 2
46 0
72 4
46 0
72 2
46 0
72 2
46 0
72 4
46 0
72 2
46 0
72 2
46 0
72 4
22 0
72 4
46 0
72 4
46 0
72 2
46 0
72 2
46 0
72 4
46 0
72 2
46 0
72 2
46 0
72 4
46 0
72 2
46 0
72 2
46 0
72 4
46 0
72 2
46 0
72 2
46 0
72 4
46 0
72 2
46 0
72 2
46 0
72 4
46 0
72 2
46 0
72 2
46 0
72 4
46 0
72 2
46 0
72 2
46 0
72 4
46 0
72 2
46 0
72 2
46 0
72 4
46 0
72 2
46 0
72 2
46 0
72 4
46 0
72 2
46 0
72 2
46 0
72 4
46 0
72 2
46 0
72 2
46 0
72 4
46 0
72 2
46 0
72 2
46 0
72 4
46 0
72 2
46 0
72 2
46 0
72 4
46 0
72 2
46 0
72 2
46 0
72 4
46 0
72 2
46 0
72 2
46 0
72 4
46 0
72 2
46 0
72 2
46 0
72 4
46 0
72 2
46 0
72 2
46 0
72 4
46 0
72 2
46 0
72 2
46 0
72 4
46 0
72 2
46 0
72 2
46 0
72 4
46 0
72 2
46 0
72 2
46 0
72 4
46 0
72 2
46 0
72 2
46 0
72 4
46 0
72 2
46 0
72 2
46 0
72 4
46 0
72 2
46 0
72 2
46 0
72 4
46 0
72 2
46 0
72 2
46 0
72 4
46 0
72 2
46 0
72 2
46 0
72 4
46 0
72 2
46 0
72 2
46 0
72 4
46 0
72 2
46 0
72 2
46 0
72 4
46 0
72 2
46 0
72 2
46 0
72 4
46 0
72 2
46 0
72 2
46 0
72 4
46 0
72 2
46 0
72 2
46 0
72 4
46 0
72 2
46 0
72 2
46 0
72 4
46 0
72 2
46 0
72 2
46 0
72 4
46 0
72 2
46 0
72 2
46 0
72 4
46 0
72 2
46 0
72 2
46 0
72 4
227 0
72 2
227 0
72 2
227 0
72 4
231 0
72 2
46 0
72 2
46 0
72 4
227 0
72 2
227 0
72 2
227 0
72 4
227 0
72 2
227 0
72 2
227 0
72 4
227 0
72 2
227 0
72 2
227 0
72 4
227 0
72 2
227 0
72 2
227 0
72 4
227 0
72 2
227 0
72 2
46 0
72 4
46 0
72 2
46 0
72 2
46 0
72 4
227 0
72 2
227 0
72 2
227 0
72 4
231 0
72 2
46 0
72 2
46 0
72 4
227 0
72 2
227 0
72 2
227 0
72 4
227 0
72 2
227 0
72 2
227 0
72 4
227 0
72 2
227 0
72 2
227 0
72 4
227 0
72 2
227 0
72 2
227 0
72 4
227 0
72 2
227 0
72 2
227 0
72 2
227 0
72 2
227 0
72 7
227 0
72 2
227 0
72 2
227 0
72 7
227 0
72 2
227 0
72 2
227 0
72 7
227 0
72 2
227 0
72 2
227 0
72 4
227 0
72 2
227 0
72 2
227 0
72 9
227 0
72 2
227 0
72 2
227 0
72 4
227 0
72 2
227 0
72 2
227 0
72 4
227 0
72 2
227 0
72 2
227 0
72 4
227 0
72 2
227 0
72 2
227 0
72 4
227 0
72 2
227 0
72 2
227 0
72 4
227 0
72 2
227 0
72 2
227 0
72 4
227 0
72 2
227 0
72 2
227 0
72 4
227 0
72 2
227 0
72 2
227 0
72 4
227 0
72 2
227 0
72 2
227 0
72 4
227 0
72 2
227 0
72 2
227 0
72 4
227 0
72 2
227 0
72 2
227 0
72 4
227 0
72 2
227 0
72 2
227 0
72 4
227 0
72 2
227 0
72 2
227 0
72 4
227 0
72 2
227 0
72 2
227 0
72 4
227 0
72 2
227 0
72 2
227 0
72 4
227 0
72 2
227 0
72 2
227 0
72 4
227 0
72 2
227 0
72 2
224 0
72 4
46 0
72 2
46 0
72 2
224 0
72 4
46 0
72 2
224 0
72 2
224 0
72 4
46 0
72 2
46 0
72 2
224 0
72 4
46 0
72 2
224 0
72 2
224 0
72 4
46 0
72 2
46 0
72 2
224 0
72 4
46 0
72 2
224 0
72 2
224 0
72 4
46 0
72 2
46 0
72 2
224 0
72 4
46 0
72 2
224 0
72 2
224 0
72 4
46 0
72 2
46 0
72 2
224 0
72 4
46 0
72 2
224 0
72 2
224 0
72 4
46 0
72 2
46 0
72 2
224 0
72 4
46 0
72 2
224 0
72 2
224 0
72 4
46 0
72 2
46 0
72 2
224 0
72 4
46 0
72 2
224 0
72 2
224 0
72 4
46 0
72 2
46 0
72 2
224 0
72 4
46 0
72 2
224 0
72 2
224 0
72 4
46 0
72 2
46 0
72 2
224 0
72 4
46 0
72 2
224 0
72 2
224 0
72 4
46 0
72 2
46 0
72 2
224 0
72 4
46 0
72 2
224 0
72 2
224 0
72 4
46 0
72 2
46 0
72 2
224 0
72 4
46 0
72 2
224 0
72 2
224 0
72 4
46 0
72 2
46 0
72 2
224 0
72 4
46 0
72 2
224 0
72 2
224 0
72 4
46 0
72 2
46 0
72 2
224 0
72 4
46 0
72 2
224 0
72 2
224 0
72 4
46 0
72 2
46 0
72 2
224 0
72 4
46 0
72 2
224 0
72 2
224 0
72 4
46 0
72 2
46 0
72 2
224 0
72 4
46 0
72 2
224 0
72 2
224 0
72 4
46 0
72 2
46 0
72 2
224 0
72 4
46 0
72 2
224 0
72 2
224 0
72 4
46 0
72 2
46 0
72 2
224 0
72 4
46 0
72 2
224 0
72 2
224 0
72 4
46 0
72 2
46 0
72 2
224 0
72 4
46 0
72 2
224 0
72 2
224 0
72 4
46 0
72 2
46 0
72 2
224 0
72 4
46 0
72 2
224 0
72 2
224 0
72 4
46 0
72 2
46 0
72 2
224 0
72 4
46 0
72 2
224 0
72 2
224 0
72 4
46 0
72 2
46 0
72 2
224 0
72 4
46 0
72 2
224 0
72 2
224 0
72 4
46 0
72 2
46 0
72 2
224 0
72 4
46 0
72 2
224 0
72 2
224 0
72 4
46 0
72 2
46 0
72 2
224 0
72 4
46 0
72 2
224 0
72 2
224 0
72 4
46 0
72 2
46 0
72 2
1583 0
72 2
22 0
72 2
46 0
72 2
224 0
72 2
1616 0
72 4
227 0
72 2
227 0
72 2
1616 0
72 4
227 0
72 2
227 0
72 2
1616 0
72 4
227 0
72 2
227 0
72 2
1616 0
72 4
227 0
72 2
227 0
72 2
1616 0
72 4
227 0
72 2
227 0
72 2
1616 0
72 4
227 0
72 2
227 0
72 2
1616 0
72 4
227 0
72 2
227 0
72 2
1616 0
72 4
227 0
72 2
227 0
72 2
1616 0
72 4
227 0
72 2
227 0
72 2
1616 0
72 4
227 0
72 2
227 0
72 2
1616 0
72 4
227 0
72 2
227 0
72 2
1616 0
72 4
227 0
72 2
227 0
72 2
1616 0
72 4
227 0
72 2
227 0
72 2
1616 0
72 4
227 0
72 2
227 0
72 2
1616 0
72 4
227 0
72 2
227 0
72 2
1616 0
72 4
227 0
72 2
227 0
72 2
176 0
72 4
27 0
72 4
27 0
72 4
176 0
72 4
27 0
72 4
27 0
72 4
176 0
72 4
27 0
72 4
27 0
72 7
27 0
72 7
27 0
72 7
27 0
72 7
27 0
72 11
27 0
72 11
27 0
72 11
27 0
72 7
22 0
72 4
29 0
72 2
29 0
72 2
167 0
72 4
18 0
72 2
18 0
72 2
18 0
72 4
18 0
72 2
18 0
72 2
18 0
72 4
18 0
72 2
18 0
72 2
18 0
72 4
179 0
72 2
179 0
72 2
179 0
72 4
179 0
72 2
18 0
72 2
18 0
72 4
18 0
72 2
18 0
72 2
18 0
72 4
18 0
72 2
18 0
72 2
18 0
72 4
18 0
72 2
18 0
72 2
18 0
72 4
18 0
72 2
18 0
72 2
18 0
72 4
18 0
72 2
18 0
72 2
18 0
72 4
18 0
72 2
18 0
72 2
18 0
72 4
179 0
72 2
179 0
72 2
179 0
72 4
179 0
72 2
18 0
72 2
18 0
72 4
18 0
72 2
18 0
72 2
18 0
72 4
18 0
72 2
18 0
72 2
18 0
72 4
18 0
72 2
18 0
E
S
H
72 11
72 13
527 12
357 13
72 14
1000 13
698 13
528 13
698 13
1000 13
698 13
1000 13
698 13
244 2
114 2
127 2
179 2
244 2
114 2
127 2
179 2
244 2
114 2
127 2
179 2
244 2
114 2
127 2
179 2
218 2
244 2
114 2
153 2
218 2
244 2
114 2
153 2
218 2
244 2
114 2
153 2
218 2
244 2
114 2
153 2
244 2
114 2
127 2
179 2
244 2
114 2
127 2
179 2
244 2
114 2
127 2
179 2
244 2
114 2
127 2
179 2
218 2
244 2
114 2
153 2
218 2
244 2
114 2
153 2
218 2
244 2
114 2
153 2
218 2
244 2
114 2
218 2
244 2
114 2
127 2
179 2
244 2
114 2
127 2
179 2
244 2
114 2
127 2
179 2
244 2
114 2
127 2
179 2
218 2
244 2
114 2
153 2
218 2
244 2
114 2
153 2
218 2
244 2
114 2
153 2
218 2
153 2
114 2
218 2
192 2
218 2
244 2
127 2
192 2
218 2
244 2
127 2
192 2
218 2
244 2
127 2
192 2
218 2
244 2
127 2
218 2
244 2
114 2
153 2
218 2
244 2
114 2
153 2
218 2
244 2
114 2
218 2
114 2
218 2
114 2
218 2
72 14
244 12
218 7
192 12
166 7
153 11
166 11
192 11
166 11
153 7
166 7
179 7
192 7
72 13
127 2
153 2
166 2
72 2
127 2
153 2
166 2
72 2
127 2
153 2
166 2
72 2
127 2
153 2
166 2
72 2
153 2
166 2
192 2
72 2
153 2
166 2
192 2
72 2
153 2
166 2
192 2
72 2
153 2
166 2
192 2
72 2
166 2
192 2
218 2
72 2
166 2
192 2
218 2
72 2
166 2
192 2
218 2
72 2
127 2
153 2
166 2
72 2
192 2
166 2
153 2
72 2
153 2
127 2
101 2
72 2
101 2
127 2
153 2
72 2
153 2
101 2
192 2
72 2
127 2
153 2
166 2
72 2
127 2
153 2
166 2
72 2
127 2
153 2
166 2
72 2
127 2
153 2
166 2
72 2
153 2
166 2
192 2
72 2
153 2
166 2
192 2
72 2
153 2
166 2
192 2
72 2
153 2
166 2
192 2
72 2
166 2
192 2
218 2
72 2
166 2
192 2
218 2
72 2
166 2
192 2
218 2
72 2
166 2
192 2
218 2
72 2
192 2
218 2
244 2
72 2
192 2
218 2
244 2
72 2
192 2
218 2
244 2
72 2
192 2
218 2
244 2
192 2
127 2
153 2
166 2
72 2
127 2
153 2
166 2
72 2
127 2
153 2
166 2
72 2
127 2
153 2
166 2
72 2
153 2
166 2
192 2
72 2
153 2
166 2
192 2
72 2
153 2
166 2
192 2
72 2
153 2
166 2
192 2
72 2
166 2
192 2
218 2
72 2
166 2
192 2
218 2
72 2
166 2
192 2
218 2
72 2
166 2
192 2
218 2
72 2
192 2
218 2
244 2
72 2
192 2
218 2
244 2
72 2
192 2
218 2
244 2
72 2
192 2
218 2
244 2
192 2
72 13
166 7
153 7
127 7
101 7
72 14
153 7
205 7
244 7
153 7
127 7
72 4
114 2
72 2
114 11
244 7
72 4
231 2
72 2
231 11
1471 14
527 12
357 13
72 14
1000 13
698 13
528 13
698 13
1000 13
698 13
1000 13
698 13
244 2
114 2
127 2
179 2
244 2
114 2
127 2
179 2
244 2
114 2
127 2
179 2
244 2
114 2
127 2
179 2
218 2
244 2
114 2
153 2
218 2
244 2
114 2
153 2
218 2
244 2
114 2
153 2
218 2
244 2
114 2
153 2
244 2
114 2
127 2
179 2
244 2
114 2
127 2
179 2
244 2
114 2
127 2
179 2
244 2
114 2
127 2
179 2
218 2
244 2
114 2
153 2
218 2
244 2
114 2
153 2
218 2
244 2
114 2
153 2
218 2
244 2
114 2
218 2
244 2
114 2
127 2
179 2
244 2
114 2
127 2
179 2
244 2
114 2
127 2
179 2
244 2
114 2
127 2
179 2
218 2
244 2
114 2
153 2
218 2
244 2
114 2
153 2
218 2
244 2
114 2
153 2
218 2
153 2
114 2
218 2
192 2
218 2
244 2
127 2
192 2
218 2
244 2
127 2
192 2
218 2
244 2
127 2
192 2
218 2
244 2
127 2
218 2
244 2
114 2
153 2
218 2
244 2
114 2
153 2
218 2
244 2
114 2
218 2
114 2
218 2
114 2
218 2
72 14
244 12
218 7
192 12
166 7
153 11
166 11
192 11
166 11
153 7
166 7
179 7
192 7
72 13
127 2
153 2
166 2
72 2
127 2
153 2
166 2
72 2
127 2
153 2
166 2
72 2
127 2
153 2
166 2
72 2
153 2
166 2
192 2
72 2
153 2
166 2
192 2
72 2
153 2
166 2
192 2
72 2
153 2
166 2
192 2
72 2
166 2
192 2
218 2
72 2
166 2
192 2
218 2
72 2
166 2
192 2
218 2
72 2
127 2
153 2
166 2
72 2
192 2
166 2
153 2
72 2
153 2
127 2
101 2
72 2
101 2
127 2
153 2
72 2
153 2
101 2
192 2
72 2
127 2
153 2
166 2
72 2
127 2
153 2
166 2
72 2
127 2
153 2
166 2
72 2
127 2
153 2
166 2
72 2
153 2
166 2
192 2
72 2
153 2
166 2
192 2
72 2
153 2
166 2
192 2
72 2
153 2
166 2
192 2
72 2
166 2
192 2
218 2
72 2
166 2
192 2
218 2
72 2
166 2
192 2
218 2
72 2
166 2
192 2
218 2
72 2
192 2
218 2
244 2
72 2
192 2
218 2
244 2
72 2
192 2
218 2
244 2
72 2
192 2
218 2
244 2
192 2
127 2
153 2
166 2
72 2
127 2
153 2
166 2
72 2
127 2
153 2
166 2
72 2
127 2
153 2
166 2
72 2
153 2
166 2
192 2
72 2
153 2
166 2
192 2
72 2
153 2
166 2
192 2
72 2
153 2
166 2
192 2
72 2
166 2
192 2
218 2
72 2
166 2
192 2
218 2
72 2
166 2
192 2
218 2
72 2
166 2
192 2
218 2
72 2
192 2
218 2
244 2
72 2
192 2
218 2
244 2
72 2
192 2
218 2
244 2
72 2
192 2
218 2
244 2
192 2
72 13
166 7
153 7
127 7
101 7
72 14
153 7
205 7
244 7
153 7
127 7
72 4
114 2
72 2
114 11
244 7
72 4
231 2
72 2
231 11
1471 14
E
S
L
72 11
72 14
235 7
131 7
182 7
157 11
157 6
131 6
117 4
235 13
72 13
235 7
131 7
182 7
157 13
72 7
131 7
182 7
211 7
208 9
47 11
72 14
23 9
26 9
33 7
31 12
29 7
158 11
171 11
185 11
171 11
158 7
171 7
184 7
185 7
72 14
130 4
40 2
41 2
42 2
196 9
72 4
196 6
170 6
156 4
36 13
72 13
151 7
170 7
209 7
106 7
235 9
196 11
855 13
72 4
135 2
135 2
135 2
135 2
135 2
72 2
127 7
101 7
158 11
108 7
156 7
170 7
156 7
850 7
1113 7
223 9
195 9
133 7
35 7
38 7
44 11
45 13
42 13
72 14
235 7
131 7
182 7
157 11
157 6
131 6
117 4
235 13
72 13
235 7
131 7
182 7
157 13
72 7
131 7
182 7
211 7
208 9
47 11
72 14
23 9
26 9
33 7
31 12
29 7
158 11
171 11
185 11
171 11
158 7
171 7
184 7
185 7
72 14
130 4
40 2
41 2
42 2
196 9
72 4
196 6
170 6
156 4
36 13
72 13
151 7
170 7
209 7
106 7
235 9
196 11
855 13
72 4
135 2
135 2
135 2
135 2
135 2
72 2
127 7
101 7
158 11
108 7
156 7
170 7
156 7
850 7
1113 7
223 9
195 9
133 7
35 7
38 7
44 11
45 13
42 13
E
S
L
72 11
72 14
136 4
136 4
72 4
240 7
136 4
72 4
159 12
72 7
1759 4
72 14
235 7
117 4
131 4
158 4
174 11
213 11
72 14
28 11
29 11
31 11
29 11
122 7
135 7
148 7
149 7
72 4
33 4
31 4
29 4
28 4
21 4
24 4
26 4
72 14
211 11
170 11
235 11
196 11
211 13
189 11
26 11
72 13
187 11
528 11
855 13
72 4
50 2
50 2
50 2
50 2
50 2
72 12
43 12
48 12
170 7
156 7
130 7
105 7
223 9
195 9
133 13
1446 11
1446 11
803 13
72 14
136 4
136 4
72 4
240 7
136 4
72 4
159 12
72 7
1759 4
72 14
235 7
117 4
131 4
158 4
174 11
213 11
72 14
28 11
29 11
31 11
29 11
122 7
135 7
148 7
149 7
72 4
33 4
31 4
29 4
28 4
21 4
24 4
26 4
72 14
211 11
170 11
235 11
196 11
211 13
189 11
26 11
72 13
187 11
528 11
855 13
72 4
50 2
50 2
50 2
50 2
50 2
72 12
43 12
48 12
170 7
156 7
130 7
105 7
223 9
195 9
133 13
1446 11
1446 11
803 13
E
S
L
72 11
72 13
11 2
72 2
11 2
72 2
14 2
72 2
11 2
72 2
18 2
72 2
11 2
72 2
9 2
72 2
11 2
72 6
11 2
72 2
14 2
72 2
11 2
72 2
18 2
72 2
11 2
72 2
9 2
72 2
18 2
72 6
11 2
72 2
14 2
72 2
11 2
72 2
16 2
72 2
18 2
72 2
11 2
72 13
11 4
11 4
11 4
11 4
11 4
11 4
11 4
11 4
11 4
11 4
11 4
11 4
11 4
11 4
11 4
11 4
11 4
11 4
11 4
11 4
11 4
11 4
11 4
11 4
11 4
11 4
11 4
11 4
11 4
11 4
11 4
11 4
11 4
11 4
11 4
11 4
11 4
11 4
11 4
11 4
11 4
11 4
11 4
11 4
11 4
11 4
11 4
11 4
11 4
11 4
11 4
11 4
11 4
11 4
11 4
11 4
11 4
11 4
11 4
11 4
11 4
11 4
11 4
11 4
11 4
11 4
11 4
11 4
11 4
11 4
11 4
11 4
11 4
11 4
11 4
11 4
11 4
11 4
11 4
11 4
11 4
11 4
11 4
11 4
11 4
11 4
11 4
11 4
11 4
11 4
11 4
11 4
11 4
11 4
11 4
11 4
11 4
11 4
11 4
11 4
11 4
11 4
11 4
11 4
11 4
11 4
11 4
11 4
11 4
11 4
11 4
11 4
11 4
11 4
11 4
11 4
11 4
11 4
11 4
11 4
11 4
11 4
11 4
11 4
11 4
11 4
11 4
11 4
72 14
11 2
72 2
11 2
72 2
14 2
72 2
11 2
72 6
18 2
72 2
9 2
72 2
11 2
72 2
11 2
72 2
16 2
72 2
11 2
72 2
11 2
72 2
21 2
72 2
20 2
72 2
9 2
72 2
11 2
72 2
11 2
72 2
11 2
72 2
14 2
72 2
11 2
72 2
18 2
72 2
11 2
72 2
9 2
72 2
11 2
72 6
16 2
72 2
11 2
72 2
11 2
72 2
21 2
72 2
20 2
72 2
9 2
72 2
11 2
72 2
11 2
72 2
11 2
72 2
14 2
72 2
11 2
72 2
18 2
72 2
11 2
72 2
9 2
72 2
11 2
72 6
11 2
72 2
14 2
72 2
11 2
72 2
18 2
72 2
11 2
72 2
9 2
72 2
18 2
72 6
11 2
72 2
14 2
72 2
11 2
72 2
16 2
72 2
18 2
72 2
11 2
72 13
11 4
11 4
11 4
11 4
11 4
11 4
11 4
11 4
11 4
11 4
11 4
11 4
11 4
11 4
11 4
11 4
11 4
11 4
11 4
11 4
11 4
11 4
11 4
11 4
11 4
11 4
11 4
11 4
11 4
11 4
11 4
11 4
11 4
11 4
11 4
11 4
11 4
11 4
11 4
11 4
11 4
11 4
11 4
11 4
11 4
11 4
11 4
11 4
11 4
11 4
11 4
11 4
11 4
11 4
11 4
11 4
11 4
11 4
11 4
11 4
11 4
11 4
11 4
11 4
11 4
11 4
11 4
11 4
11 4
11 4
11 4
11 4
11 4
11 4
11 4
11 4
11 4
11 4
11 4
11 4
11 4
11 4
11 4
11 4
11 4
11 4
11 4
11 4
11 4
11 4
11 4
11 4
11 4
11 4
11 4
11 4
11 4
11 4
11 4
11 4
11 4
11 4
11 4
11 4
11 4
11 4
11 4
11 4
11 4
11 4
11 4
11 4
11 4
11 4
11 4
11 4
11 4
11 4
11 4
11 4
11 4
11 4
11 4
11 4
11 4
11 4
11 4
11 4
72 14
11 2
72 2
11 2
72 2
14 2
72 2
11 2
72 6
18 2
72 2
9 2
72 2
11 2
72 2
11 2
72 2
16 2
72 2
11 2
72 2
11 2
72 2
21 2
72 2
20 2
72 2
9 2
72 2
11 2
72 2
11 2
72 2
11 2
72 2
14 2
72 2
11 2
72 2
18 2
72 2
11 2
72 2
9 2
72 2
11 2
72 6
16 2
72 2
11 2
72 2
11 2
72 2
21 2
72 2
20 2
72 2
9 2
72 2
11 2
E
S
L
72 11
72 14
19 4
19 2
19 2
19 2
19 2
19 2
19 2
19 2
19 2
19 2
19 2
19 2
19 2
19 2
19 2
19 2
19 2
19 2
19 2
19 2
19 2
19 2
18 2
18 2
18 2
18 2
18 2
18 2
18 2
18 2
18 2
18 2
18 2
18 2
18 2
18 2
18 2
18 2
18 2
18 2
18 2
18 2
18 2
18 2
18 2
18 2
19 4
19 2
19 2
19 2
19 2
19 2
19 2
19 2
19 2
19 2
19 2
19 2
19 2
19 2
19 2
19 2
19 2
19 2
19 2
19 2
19 2
19 2
18 2
18 2
18 2
18 2
18 2
18 2
18 2
18 2
18 2
18 2
18 2
18 2
18 2
18 2
18 2
18 2
18 2
18 2
18 2
18 2
18 2
18 2
18 2
18 2
72 14
72 11
33 0
36 0
72 2
40 0
43 0
72 0
47 0
50 0
72 1
53 0
57 0
72 1
60 0
72 0
64 0
67 0
72 2
71 0
69 0
65 0
72 2
62 0
59 0
72 0
55 0
52 0
72 1
48 0
45 0
72 1
41 0
72 0
38 0
35 0
72 2
31 0
72 14
21 11
21 9
18 2
18 2
18 13
72 14
19 4
19 2
19 2
19 2
19 2
19 2
19 2
19 2
19 2
19 2
19 2
19 2
19 2
19 2
19 2
19 2
19 2
19 2
19 2
19 2
19 2
19 2
18 2
18 2
18 2
18 2
18 2
18 2
18 2
18 2
18 2
18 2
18 2
18 2
18 2
18 2
18 2
18 2
18 2
18 2
18 2
18 2
18 2
18 2
18 2
18 2
19 4
19 2
19 2
19 2
19 2
19 2
19 2
19 2
19 2
19 2
19 2
19 2
19 2
19 2
19 2
19 2
19 2
19 2
19 2
19 2
19 2
19 2
18 2
18 2
18 2
18 2
18 2
18 2
18 2
18 2
18 2
18 2
18 2
18 2
18 2
18 2
18 2
18 2
18 2
18 2
18 2
18 2
18 2
18 2
18 2
18 2
72 14
72 11
33 0
36 0
72 2
40 0
43 0
72 0
47 0
50 0
72 1
53 0
57 0
72 1
60 0
72 0
64 0
67 0
72 2
71 0
69 0
65 0
72 2
62 0
59 0
72 0
55 0
52 0
72 1
48 0
45 0
72 1
41 0
72 0
38 0
35 0
72 2
31 0
72 14
21 11
21 9
18 2
18 2
18 13
E
X
