minor
S
L
72 13
192 14
192 14
127 13
101 13
231 13
218 11
127 11
72 11
192 11
205 13
72 11
192 11
205 13
192 11
179 13
231 14
192 14
127 13
101 13
231 13
218 11
127 11
72 11
192 11
205 13
72 11
192 11
205 13
192 11
179 13
231 14
E
S
H
72 14
43 11
72 11
43 11
72 11
43 11
72 11
43 11
72 11
43 11
72 11
43 11
72 11
43 11
72 11
43 11
72 11
43 12
72 7
43 12
72 7
43 12
72 7
43 11
72 14
42 11
41 11
43 11
42 11
41 11
40 11
43 11
42 11
41 11
40 11
43 11
72 11
43 11
72 11
43 11
72 11
43 11
72 11
43 11
72 11
43 11
72 11
43 11
72 11
43 11
72 11
43 12
72 7
43 12
72 7
43 12
72 7
43 11
72 14
42 11
41 11
43 11
42 11
41 11
40 11
43 11
42 11
41 11
40 11
E
S
H
72 14
56 7
55 2
56 2
57 2
58 2
59 2
60 2
61 2
62 2
63 2
64 2
65 2
66 2
72 13
68 7
67 2
66 2
65 2
64 2
63 2
62 2
61 2
60 2
59 2
58 2
56 2
55 2
72 14
56 7
55 2
56 2
57 2
58 2
59 2
60 2
61 2
62 2
63 2
64 2
65 2
66 2
72 13
68 7
67 2
66 2
65 2
64 2
63 2
62 2
61 2
60 2
59 2
58 2
56 2
55 2
E
S
H
72 14
192 2
218 2
231 2
101 2
231 2
72 2
192 2
218 2
231 2
221 2
231 2
72 2
192 2
218 2
231 2
101 2
231 2
101 2
127 2
140 2
127 2
72 2
231 2
101 2
127 2
140 2
127 2
72 2
231 2
101 2
127 2
140 2
72 14
231 2
101 2
127 2
140 2
127 2
72 2
231 2
101 2
127 2
140 2
127 2
72 2
231 2
101 2
127 2
140 2
127 2
153 2
179 2
192 2
179 2
72 2
127 2
153 2
179 2
192 2
179 2
72 2
127 2
153 2
179 2
192 2
50 2
51 2
50 2
57 2
50 2
51 2
50 2
58 2
50 2
51 2
50 2
60 2
50 2
51 2
50 2
62 2
50 2
51 2
50 2
57 2
50 2
51 2
50 2
58 2
50 2
51 2
50 2
60 2
50 2
51 2
50 2
62 2
50 2
51 2
50 2
57 2
50 2
51 2
50 2
58 2
50 2
51 2
50 2
60 2
50 2
51 2
50 2
62 2
50 2
51 2
50 2
57 2
50 2
51 2
50 2
58 2
50 2
51 2
50 2
60 2
50 2
51 2
50 2
62 2
72 13
56 7
55 2
56 2
57 2
58 2
59 2
60 2
61 2
62 2
63 2
64 2
65 2
66 2
72 13
68 7
67 2
66 2
65 2
64 2
63 2
62 2
61 2
60 2
59 2
58 2
56 2
55 2
72 14
192 2
218 2
231 2
101 2
231 2
72 2
192 2
218 2
231 2
221 2
231 2
72 2
192 2
218 2
231 2
101 2
231 2
101 2
127 2
140 2
127 2
72 2
231 2
101 2
127 2
140 2
127 2
72 2
231 2
101 2
127 2
140 2
72 14
231 2
101 2
127 2
140 2
127 2
72 2
231 2
101 2
127 2
140 2
127 2
72 2
231 2
101 2
127 2
140 2
127 2
153 2
179 2
192 2
179 2
72 2
127 2
153 2
179 2
192 2
179 2
72 2
127 2
153 2
179 2
192 2
50 2
51 2
50 2
57 2
50 2
51 2
50 2
58 2
50 2
51 2
50 2
60 2
50 2
51 2
50 2
62 2
50 2
51 2
50 2
57 2
50 2
51 2
50 2
58 2
50 2
51 2
50 2
60 2
50 2
51 2
50 2
62 2
50 2
51 2
50 2
57 2
50 2
51 2
50 2
58 2
50 2
51 2
50 2
60 2
50 2
51 2
50 2
62 2
50 2
51 2
50 2
57 2
50 2
51 2
50 2
58 2
50 2
51 2
50 2
60 2
50 2
51 2
50 2
62 2
72 13
56 7
55 2
56 2
57 2
58 2
59 2
60 2
61 2
62 2
63 2
64 2
65 2
66 2
72 13
68 7
67 2
66 2
65 2
64 2
63 2
62 2
61 2
60 2
59 2
58 2
56 2
55 2
E
S
L
72 14
231 7
101 14
231 14
72 13
101 13
231 14
72 14
192 11
205 13
72 11
192 11
72 11
179 11
72 14
101 14
231 14
72 13
101 13
231 14
72 14
192 11
205 13
72 11
192 11
72 11
179 11
E
S
H
72 14
40 13
72 14
40 14
72 14
55 13
56 13
55 13
54 13
55 13
54 13
58 13
55 13
72 13
40 13
72 14
40 14
72 14
55 13
56 13
55 13
54 13
55 13
54 13
58 13
55 13
E
S
H
72 14
55 2
72 2
54 2
72 2
53 2
72 2
52 2
72 11
52 2
72 2
53 2
72 2
54 2
72 2
55 2
72 11
55 2
72 2
54 2
72 2
53 2
72 2
52 2
72 11
52 2
72 2
53 2
72 2
54 2
72 2
55 2
72 14
55 2
72 2
54 2
72 2
53 2
72 2
52 2
72 11
52 2
72 2
53 2
72 2
54 2
72 2
55 2
72 11
55 2
72 2
54 2
72 2
53 2
72 2
52 2
72 11
52 2
72 2
53 2
72 2
54 2
72 2
55 2
E
S
L
72 13
192 14
192 14
127 13
101 13
231 13
218 11
127 11
72 11
192 11
205 13
72 11
192 11
205 13
192 11
179 13
231 14
192 14
127 13
101 13
231 13
218 11
127 11
72 11
192 11
205 13
72 11
192 11
205 13
192 11
179 13
231 14
E
S
L
72 14
19 4
72 4
14 4
72 14
19 4
72 4
14 4
72 14
19 2
19 2
19 2
19 2
19 2
19 2
19 2
19 2
72 14
19 2
19 2
19 2
19 2
19 2
19 2
19 2
19 2
72 14
19 2
19 2
19 2
19 2
19 2
19 2
19 2
19 2
72 14
19 2
19 2
19 2
19 2
19 2
19 2
19 2
19 2
72 14
19 2
19 2
19 2
19 2
19 2
19 2
19 2
19 2
E
S
H
72 14
103 13
127 13
163 13
175 13
55 13
56 13
55 13
54 13
55 13
54 13
58 13
55 13
72 14
103 13
127 13
163 13
175 13
55 13
56 13
55 13
54 13
55 13
54 13
58 13
55 13
E
S
H
72 14
40 14
38 14
40 14
38 14
48 13
50 13
53 13
54 13
55 13
56 13
55 13
54 13
72 14
40 14
38 14
40 14
38 14
48 13
50 13
53 13
54 13
55 13
56 13
55 13
54 13
E
S
H
72 14
48 14
43 13
46 14
43 13
48 14
43 13
46 14
43 13
72 14
48 14
43 13
46 14
43 13
48 14
43 13
46 14
43 13
E
X
