major
S
H
72 13
49 11
48 7
51 4
49 4
49 11
48 11
53 11
54 12
72 2
53 7
53 4
51 4
49 4
45 4
48 13
72 2
45 13
72 14
72 11
48 7
51 7
50 11
47 11
72 11
51 7
53 7
54 11
50 11
72 11
48 7
51 7
50 11
47 11
72 11
51 7
53 7
54 11
50 11
39 6
40 6
44 5
72 0
43 8
40 4
39 6
40 6
44 5
72 0
43 10
42 6
43 6
46 5
72 0
45 8
43 4
42 6
43 6
46 5
72 0
45 10
39 6
40 6
44 5
72 0
43 8
40 4
39 6
40 6
44 5
72 0
43 10
42 6
43 6
46 5
72 0
45 8
43 4
42 6
43 6
46 5
72 0
45 10
57 11
55 7
58 4
57 4
55 11
53 11
57 14
72 11
48 7
51 7
50 11
47 11
72 11
51 7
53 7
54 11
50 11
72 11
48 7
51 7
50 11
47 11
72 11
51 7
53 7
54 11
50 11
39 6
40 6
44 5
72 0
43 8
40 4
39 6
40 6
44 5
72 0
43 10
42 6
43 6
46 5
72 0
45 8
43 4
42 6
43 6
46 5
72 0
45 10
39 6
40 6
44 5
72 0
43 8
40 4
39 6
40 6
44 5
72 0
43 10
42 6
43 6
46 5
72 0
45 8
43 4
42 6
43 6
46 5
72 0
45 10
57 11
55 7
58 4
57 4
55 11
53 11
57 14
72 11
48 7
51 7
50 11
47 11
72 11
51 7
53 7
54 11
50 11
E
S
H
72 13
46 11
46 7
46 4
46 4
46 7
43 7
45 7
41 7
72 7
46 7
46 7
47 7
49 13
72 2
45 13
72 14
51 13
72 2
47 13
72 2
51 13
72 2
47 13
72 2
51 13
72 2
47 13
72 2
51 13
72 2
47 13
72 2
34 5
72 0
35 5
72 0
39 4
72 2
38 8
35 4
34 5
72 0
35 5
72 0
39 4
72 2
38 10
72 0
37 5
72 0
38 5
72 0
41 4
72 2
40 8
38 4
37 5
72 0
38 5
72 0
41 4
72 2
40 10
72 0
34 5
72 0
35 5
72 0
39 4
72 2
38 8
35 4
34 5
72 0
35 5
72 0
39 4
72 2
38 10
72 0
37 5
72 0
38 5
72 0
41 4
72 2
40 8
38 4
37 5
72 0
38 5
72 0
41 4
72 2
40 10
72 0
51 7
50 7
49 11
48 11
47 11
46 14
72 4
51 13
72 2
47 13
72 2
51 13
72 2
47 13
72 2
51 13
72 2
47 13
72 2
51 13
72 2
47 13
72 2
34 5
72 0
35 5
72 0
39 4
72 2
38 8
35 4
34 5
72 0
35 5
72 0
39 4
72 2
38 10
72 0
37 5
72 0
38 5
72 0
41 4
72 2
40 8
38 4
37 5
72 0
38 5
72 0
41 4
72 2
40 10
72 0
34 5
72 0
35 5
72 0
39 4
72 2
38 8
35 4
34 5
72 0
35 5
72 0
39 4
72 2
38 10
72 0
37 5
72 0
38 5
72 0
41 4
72 2
40 8
38 4
37 5
72 0
38 5
72 0
41 4
72 2
40 10
72 0
51 7
50 7
49 11
48 11
47 11
46 14
72 4
51 13
72 2
47 13
72 2
51 13
72 2
47 13
E
S
H
72 13
72 7
41 7
42 7
40 7
41 11
39 11
38 11
39 11
41 11
42 7
41 4
39 4
37 13
72 14
48 13
72 2
42 13
72 2
48 13
72 2
42 13
72 2
48 13
72 2
42 13
72 2
48 13
72 2
42 13
72 2
46 5
72 0
47 5
72 0
51 4
72 2
50 8
47 4
46 5
72 0
47 5
72 0
51 4
72 2
50 10
72 0
49 5
72 0
50 5
72 0
53 4
72 2
52 8
50 4
49 5
72 0
50 5
72 0
53 4
72 2
52 10
72 0
46 5
72 0
47 5
72 0
51 4
72 2
50 8
47 4
46 5
72 0
47 5
72 0
51 4
72 2
50 10
72 0
49 5
72 0
50 5
72 0
53 4
72 2
52 8
50 4
49 5
72 0
50 5
72 0
53 4
72 2
52 10
72 0
42 11
41 11
40 7
38 7
37 7
38 7
41 12
72 2
40 7
39 13
72 2
48 13
72 2
42 13
72 2
48 13
72 2
42 13
72 2
48 13
72 2
42 13
72 2
48 13
72 2
42 13
72 2
46 5
72 0
47 5
72 0
51 4
72 2
50 8
47 4
46 5
72 0
47 5
72 0
51 4
72 2
50 10
72 0
49 5
72 0
50 5
72 0
53 4
72 2
52 8
50 4
49 5
72 0
50 5
72 0
53 4
72 2
52 10
72 0
46 5
72 0
47 5
72 0
51 4
72 2
50 8
47 4
46 5
72 0
47 5
72 0
51 4
72 2
50 10
72 0
49 5
72 0
50 5
72 0
53 4
72 2
52 8
50 4
49 5
72 0
50 5
72 0
53 4
72 2
52 10
72 0
42 11
41 11
40 7
38 7
37 7
38 7
41 12
72 2
40 7
39 13
72 2
48 13
72 2
42 13
72 2
48 13
72 2
42 13
E
S
L
72 13
72 14
3 4
72 2
10 2
72 10
3 3
72 1
6 4
5 2
3 4
72 2
10 2
72 12
3 4
72 2
10 2
72 10
3 3
72 1
6 4
5 2
3 4
72 2
10 2
72 12
3 4
72 2
10 2
72 10
3 3
72 1
6 4
5 2
3 4
72 2
10 2
72 12
3 4
72 2
10 2
72 10
3 3
72 1
6 4
5 2
3 4
72 2
10 2
72 12
3 4
72 2
10 2
72 10
3 3
72 1
6 4
5 2
3 4
72 2
10 2
72 12
3 4
72 2
10 2
72 10
3 3
72 1
6 4
5 2
3 4
72 2
10 2
72 12
12 4
72 2
7 4
72 2
11 4
72 2
10 7
72 2
7 3
72 1
6 4
72 2
0 4
72 2
4 4
72 2
3 8
72 4
2 4
72 2
9 4
72 2
12 4
72 2
11 7
72 2
10 3
72 1
9 4
72 2
3 4
72 2
6 4
72 2
5 8
72 4
12 4
72 2
7 4
72 2
11 4
72 2
10 7
72 2
7 3
72 1
6 4
72 2
0 4
72 2
4 4
72 2
3 8
72 4
2 4
72 2
9 4
72 2
12 4
72 2
11 7
72 2
10 3
72 1
9 4
72 2
3 4
72 2
6 4
72 2
5 8
72 14
3 4
72 2
10 2
72 10
3 3
72 1
6 4
5 2
3 4
72 2
10 2
72 12
3 4
72 2
10 2
72 10
3 3
72 1
6 4
5 2
3 4
72 2
10 2
72 12
3 4
72 2
10 2
72 10
3 3
72 1
6 4
5 2
3 4
72 2
10 2
72 12
3 4
72 2
10 2
72 10
3 3
72 1
6 4
5 2
3 4
72 2
10 2
72 12
3 4
72 2
10 2
72 10
3 3
72 1
6 4
5 2
3 4
72 2
10 2
72 12
12 4
72 2
7 4
72 2
11 4
72 2
10 7
72 2
7 3
72 1
6 4
72 2
0 4
72 2
4 4
72 2
3 8
72 4
2 4
72 2
9 4
72 2
12 4
72 2
11 7
72 2
10 3
72 1
9 4
72 2
3 4
72 2
6 4
72 2
5 8
72 4
12 4
72 2
7 4
72 2
11 4
72 2
10 7
72 2
7 3
72 1
6 4
72 2
0 4
72 2
4 4
72 2
3 8
72 4
2 4
72 2
9 4
72 2
12 4
72 2
11 7
72 2
10 3
72 1
9 4
72 2
3 4
72 2
6 4
72 2
5 8
72 14
3 4
72 2
10 2
72 10
3 3
72 1
6 4
5 2
3 4
72 2
10 2
72 12
3 4
72 2
10 2
72 10
3 3
72 1
6 4
5 2
3 4
72 2
10 2
72 12
3 4
72 2
10 2
72 10
3 3
72 1
6 4
5 2
3 4
72 2
10 2
E
S
H
72 13
72 14
60 12
72 6
57 12
72 6
60 12
72 6
57 12
72 6
60 12
72 6
57 12
72 6
60 12
72 6
57 12
72 6
60 12
72 6
57 12
72 6
60 12
72 6
57 12
72 6
24 4
72 2
19 4
72 2
23 4
72 2
22 7
72 2
19 3
72 1
18 4
72 2
12 4
72 2
16 4
72 2
15 8
72 4
14 4
72 2
21 4
72 2
24 4
72 2
23 7
72 2
22 3
72 1
21 4
72 2
15 4
72 2
18 4
72 2
17 8
72 4
24 4
72 2
19 4
72 2
23 4
72 2
22 7
72 2
19 3
72 1
18 4
72 2
12 4
72 2
16 4
72 2
15 8
72 4
14 4
72 2
21 4
72 2
24 4
72 2
23 7
72 2
22 3
72 1
21 4
72 2
15 4
72 2
18 4
72 2
17 8
72 14
60 12
72 6
57 12
72 6
60 12
72 6
57 12
72 6
60 12
72 6
57 12
72 6
60 12
72 6
57 12
72 6
24 4
72 2
19 4
72 2
23 4
72 2
22 7
72 2
19 3
72 1
18 4
72 2
12 4
72 2
16 4
72 2
15 8
72 4
14 4
72 2
21 4
72 2
24 4
72 2
23 7
72 2
22 3
72 1
21 4
72 2
15 4
72 2
18 4
72 2
17 8
72 4
24 4
72 2
19 4
72 2
23 4
72 2
22 7
72 2
19 3
72 1
18 4
72 2
12 4
72 2
16 4
72 2
15 8
72 4
14 4
72 2
21 4
72 2
24 4
72 2
23 7
72 2
22 3
72 1
21 4
72 2
15 4
72 2
18 4
72 2
17 8
72 14
60 12
72 6
57 12
72 6
60 12
72 6
57 12
E
S
H
72 13
72 14
45 13
42 13
45 13
42 13
45 13
42 13
45 13
42 13
45 13
42 13
45 13
42 13
72 14
18 13
72 7
39 7
72 8
18 13
72 7
39 7
72 14
45 13
42 13
45 13
42 13
45 13
42 13
45 13
42 13
72 14
18 13
72 7
39 7
72 8
18 13
72 7
39 7
72 14
45 13
42 13
45 13
42 13
E
S
H
72 13
72 14
62 0
69 0
72 2
66 0
72 0
62 0
72 1
59 0
72 1
66 0
72 0
62 0
59 0
72 2
57 0
62 0
72 2
59 0
72 0
57 0
72 1
54 0
72 1
59 0
72 0
57 0
54 0
72 14
62 0
69 0
72 2
66 0
72 0
62 0
72 1
59 0
72 1
66 0
72 0
62 0
59 0
72 2
57 0
62 0
72 2
59 0
72 0
57 0
72 1
54 0
72 1
59 0
72 0
57 0
54 0
72 14
15 0
72 0
22 0
72 1
15 0
72 1
22 0
72 0
27 0
34 0
72 2
27 0
34 0
72 2
39 0
72 0
46 0
72 1
39 0
72 1
46 0
72 0
51 0
46 0
72 14
17 0
72 0
24 0
72 1
17 0
72 1
24 0
72 0
29 0
36 0
72 2
29 0
36 0
72 2
41 0
72 0
48 0
72 1
41 0
72 1
48 0
72 0
53 0
48 0
72 14
15 0
72 0
22 0
72 1
15 0
72 1
22 0
72 0
27 0
34 0
72 2
27 0
34 0
72 2
39 0
72 0
46 0
72 1
39 0
72 1
46 0
72 0
51 0
46 0
72 14
17 0
72 0
24 0
72 1
17 0
72 1
24 0
72 0
29 0
36 0
72 2
29 0
36 0
72 2
41 0
72 0
48 0
72 1
41 0
72 1
48 0
72 0
53 0
48 0
72 14
214 3
214 3
72 0
214 3
72 1
214 3
214 3
72 1
214 3
214 3
72 14
62 0
69 0
72 2
66 0
72 0
62 0
72 1
59 0
72 1
66 0
72 0
62 0
59 0
72 2
57 0
62 0
72 2
59 0
72 0
57 0
72 1
54 0
72 1
59 0
72 0
57 0
54 0
72 14
62 0
69 0
72 2
66 0
72 0
62 0
72 1
59 0
72 1
66 0
72 0
62 0
59 0
72 2
57 0
62 0
72 2
59 0
72 0
57 0
72 1
54 0
72 1
59 0
72 0
57 0
54 0
72 14
15 0
72 0
22 0
72 1
15 0
72 1
22 0
72 0
27 0
34 0
72 2
27 0
34 0
72 2
39 0
72 0
46 0
72 1
39 0
72 1
46 0
72 0
51 0
46 0
72 14
17 0
72 0
24 0
72 1
17 0
72 1
24 0
72 0
29 0
36 0
72 2
29 0
36 0
72 2
41 0
72 0
48 0
72 1
41 0
72 1
48 0
72 0
53 0
48 0
72 14
15 0
72 0
22 0
72 1
15 0
72 1
22 0
72 0
27 0
34 0
72 2
27 0
34 0
72 2
39 0
72 0
46 0
72 1
39 0
72 1
46 0
72 0
51 0
46 0
72 14
17 0
72 0
24 0
72 1
17 0
72 1
24 0
72 0
29 0
36 0
72 2
29 0
36 0
72 2
41 0
72 0
48 0
72 1
41 0
72 1
48 0
72 0
53 0
48 0
72 14
214 3
214 3
72 0
214 3
72 1
214 3
214 3
72 1
214 3
214 3
72 14
62 0
69 0
72 2
66 0
72 0
62 0
72 1
59 0
66 0
72 1
62 0
72 0
59 0
72 2
57 0
62 0
72 2
59 0
72 0
57 0
72 1
54 0
59 0
72 1
57 0
72 0
54 0
E
S
H
72 14
12 0
72 4
13 0
72 2
12 0
72 4
13 0
72 4
13 0
13 0
72 2
12 0
72 2
13 0
72 2
13 0
72 2
12 0
72 4
13 0
72 4
13 0
72 0
19 0
72 2
12 0
72 4
14 0
72 2
14 0
72 4
14 0
72 4
14 0
72 3
14 0
72 3
14 0
72 4
189 0
16 0
72 2
16 0
16 0
72 2
19 0
72 2
13 0
72 2
12 0
72 2
12 0
72 4
13 0
72 2
12 0
72 4
13 0
72 4
13 0
13 0
72 2
12 0
72 2
13 0
72 2
13 0
72 2
12 0
72 4
13 0
72 4
13 0
72 0
19 0
72 2
12 0
72 4
14 0
72 2
12 0
72 4
14 0
72 4
14 0
72 3
12 0
72 4
13 0
72 2
12 0
72 4
19 0
72 2
13 0
72 2
12 0
72 2
12 0
72 4
13 0
72 2
12 0
72 4
13 0
72 4
13 0
13 0
72 2
12 0
72 2
13 0
72 2
13 0
72 2
12 0
72 4
13 0
72 4
13 0
72 0
19 0
72 2
12 0
72 4
14 0
72 2
12 0
72 4
14 0
72 4
14 0
72 3
12 0
72 4
13 0
72 2
12 0
72 4
19 0
72 2
13 0
72 2
12 0
72 2
12 0
72 4
13 0
72 2
12 0
72 4
13 0
72 4
13 0
13 0
72 2
12 0
72 2
13 0
72 2
13 0
72 2
12 0
72 4
13 0
72 4
13 0
72 0
19 0
72 2
12 0
72 4
14 0
72 2
12 0
72 4
14 0
72 4
14 0
72 3
12 0
72 4
13 0
72 2
12 0
72 4
19 0
72 2
13 0
72 2
12 0
72 2
12 0
72 4
13 0
72 2
12 0
72 4
13 0
72 4
13 0
13 0
72 2
12 0
72 2
13 0
72 2
13 0
72 2
12 0
72 4
13 0
72 4
13 0
72 0
19 0
72 2
12 0
72 4
14 0
72 2
12 0
72 4
14 0
72 4
14 0
72 3
12 0
72 4
13 0
72 2
189 0
16 0
72 2
16 0
16 0
72 2
19 0
72 2
13 0
72 2
12 0
72 2
12 0
72 2
49 0
72 2
273 0
72 2
12 0
72 2
49 0
72 2
49 0
72 2
273 0
72 1
49 0
72 0
113 0
49 0
72 2
12 0
72 2
113 0
72 2
273 0
72 2
12 0
72 2
49 0
72 2
49 0
72 2
129 0
72 2
12 0
72 2
12 0
72 2
49 0
72 2
273 0
72 2
12 0
72 2
49 0
72 2
49 0
72 2
273 0
72 1
49 0
72 0
113 0
49 0
72 2
12 0
72 2
113 0
72 2
273 0
72 2
12 0
72 2
49 0
72 2
49 0
72 2
129 0
72 2
12 0
72 2
12 0
72 2
49 0
72 2
273 0
72 2
12 0
72 2
49 0
72 2
49 0
72 2
273 0
72 1
49 0
72 0
113 0
49 0
72 2
12 0
72 2
113 0
72 2
273 0
72 2
12 0
72 2
49 0
72 2
49 0
72 2
129 0
72 2
12 0
72 2
12 0
72 2
49 0
72 2
273 0
72 2
12 0
72 2
49 0
72 2
49 0
72 2
273 0
72 1
49 0
72 0
113 0
49 0
72 2
12 0
72 2
113 0
72 2
273 0
72 2
12 0
72 2
49 0
72 2
49 0
72 2
129 0
72 2
12 0
72 2
12 0
72 2
49 0
72 2
273 0
72 2
12 0
72 2
49 0
72 2
49 0
72 2
273 0
72 1
49 0
72 0
113 0
49 0
72 2
12 0
72 2
113 0
72 2
273 0
72 2
12 0
72 2
49 0
72 2
49 0
72 2
129 0
72 2
12 0
72 2
12 0
72 2
49 0
72 2
273 0
72 2
12 0
72 2
49 0
72 2
49 0
72 2
273 0
72 1
49 0
72 0
113 0
49 0
72 2
12 0
72 2
113 0
72 2
273 0
72 2
12 0
72 2
49 0
72 2
49 0
72 2
129 0
72 2
12 0
72 2
12 0
72 2
49 0
72 2
273 0
72 2
12 0
72 2
49 0
72 2
49 0
72 2
273 0
72 1
49 0
72 0
113 0
49 0
72 2
12 0
72 2
113 0
72 2
273 0
72 2
12 0
72 2
49 0
72 2
49 0
72 2
129 0
72 2
12 0
72 2
12 0
72 2
49 0
72 2
273 0
72 2
12 0
72 2
49 0
72 2
49 0
72 2
273 0
72 1
49 0
72 0
113 0
49 0
72 2
12 0
72 2
113 0
72 2
273 0
72 2
12 0
72 2
49 0
72 2
49 0
72 2
129 0
72 2
12 0
72 14
12 0
72 4
13 0
72 2
12 0
72 4
13 0
72 4
13 0
13 0
72 2
12 0
72 2
13 0
72 2
13 0
72 2
12 0
72 4
13 0
72 4
13 0
72 0
19 0
72 2
12 0
72 4
14 0
72 2
14 0
72 4
14 0
72 4
14 0
72 3
14 0
72 3
14 0
72 4
189 0
16 0
72 2
16 0
16 0
72 2
19 0
72 2
13 0
72 2
12 0
72 2
12 0
72 4
13 0
72 2
12 0
72 4
13 0
72 4
13 0
13 0
72 2
12 0
72 2
13 0
72 2
13 0
72 2
12 0
72 4
13 0
72 4
13 0
72 0
19 0
72 2
12 0
72 4
14 0
72 2
12 0
72 4
14 0
72 4
14 0
72 3
12 0
72 4
13 0
72 2
12 0
72 4
19 0
72 2
13 0
72 2
12 0
72 2
12 0
72 4
13 0
72 2
12 0
72 4
13 0
72 4
13 0
13 0
72 2
12 0
72 2
13 0
72 2
13 0
72 2
12 0
72 4
13 0
72 4
13 0
72 0
19 0
72 2
12 0
72 4
14 0
72 2
12 0
72 4
14 0
72 4
14 0
72 3
12 0
72 4
13 0
72 2
12 0
72 4
19 0
72 2
13 0
72 2
12 0
72 2
12 0
72 4
13 0
72 2
12 0
72 4
13 0
72 4
13 0
13 0
72 2
12 0
72 2
13 0
72 2
13 0
72 2
12 0
72 4
13 0
72 4
13 0
72 0
19 0
72 2
12 0
72 4
14 0
72 2
12 0
72 4
14 0
72 4
14 0
72 3
12 0
72 4
13 0
72 2
12 0
72 4
19 0
72 2
13 0
72 2
12 0
72 2
12 0
72 4
13 0
72 2
12 0
72 4
13 0
72 4
13 0
13 0
72 2
12 0
72 2
13 0
72 2
13 0
72 2
12 0
72 4
13 0
72 4
13 0
72 0
19 0
72 2
12 0
72 4
14 0
72 2
12 0
72 4
14 0
72 4
14 0
72 3
12 0
72 4
13 0
72 2
189 0
16 0
72 2
16 0
16 0
72 2
19 0
72 2
13 0
72 2
12 0
72 2
12 0
72 2
49 0
72 2
273 0
72 2
12 0
72 2
49 0
72 2
49 0
72 2
273 0
72 1
49 0
72 0
113 0
49 0
72 2
12 0
72 2
113 0
72 2
273 0
72 2
12 0
72 2
49 0
72 2
49 0
72 2
129 0
72 2
12 0
72 2
12 0
72 2
49 0
72 2
273 0
72 2
12 0
72 2
49 0
72 2
49 0
72 2
273 0
72 1
49 0
72 0
113 0
49 0
72 2
12 0
72 2
113 0
72 2
273 0
72 2
12 0
72 2
49 0
72 2
49 0
72 2
129 0
72 2
12 0
72 2
12 0
72 2
49 0
72 2
273 0
72 2
12 0
72 2
49 0
72 2
49 0
72 2
273 0
72 1
49 0
72 0
113 0
49 0
72 2
12 0
72 2
113 0
72 2
273 0
72 2
12 0
72 2
49 0
72 2
49 0
72 2
129 0
72 2
12 0
72 2
12 0
72 2
49 0
72 2
273 0
72 2
12 0
72 2
49 0
72 2
49 0
72 2
273 0
72 1
49 0
72 0
113 0
49 0
72 2
12 0
72 2
113 0
72 2
273 0
72 2
12 0
72 2
49 0
72 2
49 0
72 2
129 0
72 2
12 0
72 2
12 0
72 2
49 0
72 2
273 0
72 2
12 0
72 2
49 0
72 2
49 0
72 2
273 0
72 1
49 0
72 0
113 0
49 0
72 2
12 0
72 2
113 0
72 2
273 0
72 2
12 0
72 2
49 0
72 2
49 0
72 2
129 0
72 2
12 0
72 2
12 0
72 2
49 0
72 2
273 0
72 2
12 0
72 2
49 0
72 2
49 0
72 2
273 0
72 1
49 0
72 0
113 0
49 0
72 2
12 0
72 2
113 0
72 2
273 0
72 2
12 0
72 2
49 0
72 2
49 0
72 2
129 0
72 2
12 0
72 2
12 0
72 2
49 0
72 2
273 0
72 2
12 0
72 2
49 0
72 2
49 0
72 2
273 0
72 1
49 0
72 0
113 0
49 0
72 2
12 0
72 2
113 0
72 2
273 0
72 2
12 0
72 2
49 0
72 2
49 0
72 2
129 0
72 2
12 0
72 2
12 0
72 2
49 0
72 2
273 0
72 2
12 0
72 2
49 0
72 2
49 0
72 2
273 0
72 1
49 0
72 0
113 0
49 0
72 2
12 0
72 2
113 0
72 2
273 0
72 2
12 0
72 2
49 0
72 2
49 0
72 2
129 0
72 2
12 0
72 14
12 0
72 4
13 0
72 2
12 0
72 4
13 0
72 4
13 0
13 0
72 2
12 0
72 2
13 0
72 2
13 0
72 2
12 0
72 4
13 0
72 4
13 0
72 0
19 0
72 2
12 0
72 4
14 0
72 2
14 0
72 4
14 0
72 4
14 0
72 3
14 0
72 3
14 0
72 4
189 0
16 0
72 2
16 0
16 0
72 2
19 0
72 2
13 0
72 2
12 0
72 2
12 0
72 4
13 0
72 2
12 0
72 4
13 0
72 4
13 0
13 0
72 2
12 0
72 2
13 0
72 2
13 0
72 2
12 0
72 4
13 0
72 4
13 0
72 0
19 0
72 2
12 0
72 4
14 0
72 2
12 0
72 4
14 0
72 4
14 0
72 3
12 0
72 4
13 0
72 2
12 0
72 4
19 0
72 2
13 0
72 2
12 0
72 2
12 0
72 4
13 0
72 2
12 0
72 4
13 0
72 4
13 0
13 0
72 2
12 0
72 2
13 0
72 2
13 0
72 2
12 0
72 4
13 0
72 4
13 0
72 0
19 0
72 2
12 0
72 4
14 0
72 2
12 0
72 4
14 0
72 4
14 0
72 3
12 0
72 4
13 0
72 2
12 0
72 4
19 0
72 2
13 0
72 2
12 0
E
S
L
72 14
18 0
72 6
18 0
72 4
18 0
72 4
20 0
72 6
20 0
72 9
18 0
72 11
18 0
72 2
18 0
72 4
18 0
72 2
27 3
72 1
22 2
18 0
72 2
18 0
72 6
18 0
72 4
18 0
72 4
20 0
72 6
20 0
72 4
18 0
72 2
22 3
72 1
18 0
72 2
18 0
72 6
18 0
72 8
18 0
72 2
18 0
72 2
20 0
20 0
72 2
20 0
18 0
72 2
27 3
72 1
22 2
18 0
72 2
18 0
72 6
18 0
72 4
18 0
72 4
20 0
72 6
20 0
72 4
18 0
72 2
22 3
72 1
18 0
72 2
18 0
72 6
18 0
72 8
18 0
72 2
18 0
72 2
20 0
20 0
72 2
20 0
18 0
72 2
27 3
72 1
22 2
18 0
72 2
18 0
72 6
18 0
72 4
18 0
72 4
20 0
72 6
20 0
72 4
18 0
72 2
22 3
72 1
18 0
72 2
18 0
72 6
18 0
72 8
18 0
72 2
18 0
72 2
20 0
20 0
72 2
20 0
18 0
72 2
27 3
72 1
22 2
18 0
72 2
18 0
72 6
18 0
72 4
18 0
72 4
20 0
72 6
20 0
72 4
18 0
72 2
22 3
72 1
18 0
72 2
18 0
72 6
18 0
72 8
18 0
72 2
18 0
72 2
20 0
20 0
72 2
20 0
18 0
72 2
27 3
72 1
22 2
18 0
72 2
18 0
72 6
18 0
72 4
18 0
72 4
20 0
72 6
20 0
72 4
18 0
72 2
22 3
72 1
18 0
72 2
18 0
72 6
18 0
72 8
18 0
72 2
18 0
72 2
20 0
20 0
72 2
20 0
18 0
72 2
27 3
72 1
22 2
18 0
72 2
18 0
72 6
18 0
72 4
18 0
72 4
20 0
72 6
20 0
72 4
18 0
72 2
22 3
72 1
18 0
72 2
18 0
72 6
18 0
72 8
18 0
72 2
18 0
72 2
20 0
20 0
72 2
20 0
18 0
72 2
27 3
72 1
22 2
18 0
72 2
18 0
72 6
18 0
72 4
18 0
72 4
20 0
72 6
20 0
72 4
18 0
72 2
22 3
72 1
18 0
72 2
18 0
72 6
18 0
72 8
18 0
72 2
18 0
72 2
20 0
20 0
72 2
20 0
18 0
72 2
27 3
72 1
22 2
18 0
72 2
18 0
72 6
18 0
72 4
18 0
72 4
20 0
72 6
20 0
72 4
18 0
72 2
22 3
72 1
18 0
72 2
18 0
72 6
18 0
72 8
18 0
72 2
18 0
72 2
20 0
20 0
72 2
20 0
18 0
72 2
27 3
72 1
22 2
18 0
72 12
18 0
72 2
22 3
72 1
18 0
72 11
18 0
72 2
18 0
72 2
20 0
20 0
72 2
20 0
18 0
72 2
27 3
72 1
22 2
18 0
72 2
18 0
72 6
18 0
72 4
18 0
72 4
20 0
72 6
20 0
72 4
18 0
72 2
22 3
72 1
18 0
72 2
18 0
72 11
18 0
72 2
18 0
72 2
20 0
20 0
72 2
20 0
18 0
72 2
27 3
72 1
22 2
18 0
72 2
18 0
72 6
18 0
72 4
18 0
72 4
20 0
72 6
20 0
72 4
18 0
72 2
22 3
72 1
18 0
72 2
18 0
72 6
18 0
72 8
18 0
72 2
18 0
72 2
20 0
20 0
72 2
20 0
18 0
72 2
27 3
72 1
22 2
18 0
72 2
18 0
72 6
18 0
72 4
18 0
72 4
20 0
72 6
20 0
72 4
18 0
72 2
22 3
72 1
18 0
72 2
18 0
72 6
18 0
72 8
18 0
72 2
18 0
72 2
20 0
20 0
72 2
20 0
18 0
72 2
27 3
72 1
22 2
18 0
72 2
18 0
72 6
18 0
72 4
18 0
72 4
20 0
72 6
20 0
72 4
18 0
72 2
22 3
72 1
18 0
72 2
18 0
72 6
18 0
72 8
18 0
72 2
18 0
72 2
20 0
20 0
72 2
20 0
18 0
72 2
27 3
72 1
22 2
18 0
72 2
18 0
72 6
18 0
72 4
18 0
72 4
20 0
72 6
20 0
72 4
18 0
72 2
22 3
72 1
18 0
72 2
18 0
72 6
18 0
72 8
18 0
72 2
18 0
72 2
20 0
20 0
72 2
20 0
18 0
72 2
27 3
72 1
22 2
18 0
72 2
18 0
72 6
18 0
72 4
18 0
72 4
20 0
72 6
20 0
72 4
18 0
72 2
22 3
72 1
18 0
72 2
18 0
72 6
18 0
72 8
18 0
72 2
18 0
72 2
20 0
20 0
72 2
20 0
18 0
72 2
27 3
72 1
22 2
18 0
72 2
18 0
72 6
18 0
72 4
18 0
72 4
20 0
72 6
20 0
72 4
18 0
72 2
22 3
72 1
18 0
72 2
18 0
72 6
18 0
72 8
18 0
72 2
18 0
72 2
20 0
20 0
72 2
20 0
18 0
72 2
27 3
72 1
22 2
18 0
72 2
18 0
72 6
18 0
72 4
18 0
72 4
20 0
72 6
20 0
72 4
18 0
72 2
22 3
72 1
18 0
72 2
18 0
72 6
18 0
72 8
18 0
72 2
18 0
72 2
20 0
20 0
72 2
20 0
18 0
72 2
27 3
72 1
22 2
18 0
72 2
18 0
72 6
18 0
72 4
18 0
72 4
20 0
72 6
20 0
72 4
18 0
72 2
22 3
72 1
18 0
72 2
18 0
72 6
18 0
72 8
18 0
72 2
18 0
72 2
20 0
20 0
72 2
20 0
18 0
72 2
27 3
72 1
22 2
18 0
72 12
18 0
72 2
22 3
72 1
18 0
72 11
18 0
72 2
18 0
72 2
20 0
20 0
72 2
20 0
18 0
72 2
27 3
72 1
22 2
18 0
72 2
18 0
72 6
18 0
72 4
18 0
72 4
20 0
72 6
20 0
72 4
18 0
72 2
22 3
72 1
18 0
72 2
18 0
72 11
18 0
72 2
18 0
72 2
20 0
20 0
72 2
20 0
18 0
72 2
27 3
72 1
22 2
18 0
72 2
18 0
72 6
18 0
72 4
18 0
72 4
20 0
72 6
20 0
72 4
18 0
72 2
22 3
72 1
18 0
72 2
18 0
72 6
18 0
72 8
18 0
72 2
18 0
72 2
20 0
20 0
72 2
20 0
18 0
72 2
27 3
72 1
22 2
18 0
72 2
18 0
72 6
18 0
72 4
18 0
72 4
20 0
72 6
20 0
72 4
18 0
72 2
22 3
72 1
18 0
72 2
18 0
72 6
18 0
72 8
18 0
72 2
18 0
72 2
20 0
20 0
72 2
20 0
18 0
72 2
27 3
72 1
22 2
E
S
H
72 14
45 0
45 0
72 2
45 0
72 0
45 0
72 1
45 0
72 1
45 0
72 0
30 0
30 0
72 2
30 0
30 0
72 2
30 0
72 0
30 0
72 1
45 0
72 1
45 0
72 0
45 0
45 0
72 11
45 0
45 0
72 2
45 0
72 0
45 0
72 1
45 0
72 1
45 0
72 0
30 0
30 0
72 2
30 0
30 0
72 2
30 0
72 0
30 0
72 1
45 0
72 1
45 0
72 0
45 0
45 0
72 11
45 0
45 0
72 2
45 0
72 0
45 0
72 1
45 0
72 1
45 0
72 0
30 0
30 0
72 2
30 0
30 0
72 2
30 0
72 0
30 0
72 1
45 0
72 1
45 0
72 0
45 0
45 0
72 11
45 0
45 0
72 2
45 0
72 0
45 0
72 1
45 0
72 1
45 0
72 0
30 0
30 0
72 2
30 0
30 0
72 2
30 0
72 0
30 0
72 1
45 0
72 1
45 0
72 0
45 0
45 0
72 11
45 0
45 0
72 2
45 0
72 0
45 0
72 1
45 0
72 1
45 0
72 0
30 0
30 0
72 2
30 0
30 0
72 2
30 0
72 0
30 0
72 1
45 0
72 1
45 0
72 0
45 0
45 0
72 11
45 0
45 0
72 2
45 0
72 0
45 0
72 1
45 0
72 1
45 0
72 0
30 0
30 0
72 2
30 0
30 0
72 2
30 0
72 0
30 0
72 1
45 0
72 1
45 0
72 0
45 0
45 0
72 11
45 0
45 0
72 2
45 0
72 0
45 0
72 1
45 0
72 1
45 0
72 0
30 0
30 0
72 2
30 0
30 0
72 2
30 0
72 0
30 0
72 1
45 0
72 1
45 0
72 0
45 0
45 0
72 11
45 0
45 0
72 2
45 0
72 0
45 0
72 1
45 0
72 1
45 0
72 0
30 0
30 0
72 2
30 0
30 0
72 2
30 0
72 0
30 0
72 1
45 0
72 1
45 0
72 0
45 0
45 0
72 11
45 0
45 0
72 2
45 0
72 0
45 0
72 1
45 0
72 1
45 0
72 0
30 0
30 0
72 2
30 0
30 0
72 2
30 0
72 0
30 0
72 1
45 0
72 1
45 0
72 0
45 0
45 0
72 11
45 0
45 0
72 2
45 0
72 0
45 0
72 1
45 0
72 1
45 0
72 0
30 0
30 0
72 2
30 0
30 0
72 2
30 0
72 0
30 0
72 1
45 0
72 1
45 0
72 0
45 0
45 0
72 11
45 0
45 0
72 2
45 0
72 0
45 0
72 1
45 0
72 1
45 0
72 0
30 0
30 0
72 2
30 0
30 0
72 2
30 0
72 0
30 0
72 1
45 0
72 1
45 0
72 0
45 0
45 0
72 11
45 0
45 0
72 2
45 0
72 0
45 0
72 1
45 0
72 1
45 0
72 0
30 0
30 0
72 2
30 0
30 0
72 2
30 0
72 0
30 0
72 1
45 0
72 1
45 0
72 0
45 0
45 0
72 11
45 0
45 0
72 2
45 0
72 0
45 0
72 1
45 0
72 1
45 0
72 0
30 0
30 0
72 2
30 0
30 0
72 2
30 0
72 0
30 0
72 1
45 0
72 1
45 0
72 0
45 0
45 0
72 11
45 0
45 0
72 2
45 0
72 0
45 0
72 1
45 0
72 1
45 0
72 0
30 0
30 0
72 2
30 0
30 0
72 2
30 0
72 0
30 0
72 1
45 0
72 1
45 0
72 0
45 0
45 0
72 11
45 0
45 0
72 2
45 0
72 0
45 0
72 1
45 0
72 1
45 0
72 0
30 0
30 0
72 2
30 0
30 0
72 2
30 0
72 0
30 0
72 1
45 0
72 1
45 0
72 0
45 0
45 0
72 11
45 0
45 0
72 2
45 0
72 0
45 0
72 1
45 0
72 1
45 0
72 0
30 0
30 0
72 2
30 0
30 0
72 2
30 0
72 0
30 0
72 1
45 0
72 1
45 0
72 0
45 0
45 0
72 11
45 0
45 0
72 2
45 0
72 0
45 0
72 1
45 0
72 1
45 0
72 0
30 0
30 0
72 2
30 0
30 0
72 2
30 0
72 0
30 0
72 1
45 0
72 1
45 0
72 0
45 0
45 0
72 11
45 0
45 0
72 2
45 0
72 0
45 0
72 1
45 0
72 1
45 0
72 0
30 0
30 0
72 2
30 0
30 0
72 2
30 0
72 0
30 0
72 1
45 0
72 1
45 0
72 0
45 0
45 0
72 11
45 0
45 0
72 2
45 0
72 0
45 0
72 1
45 0
72 1
45 0
72 0
30 0
30 0
72 2
30 0
30 0
72 2
30 0
72 0
30 0
72 1
45 0
72 1
45 0
72 0
45 0
45 0
72 11
45 0
45 0
72 2
45 0
72 0
45 0
72 1
45 0
72 1
45 0
72 0
30 0
30 0
72 2
30 0
30 0
72 2
30 0
72 0
30 0
72 1
45 0
72 1
45 0
72 0
45 0
45 0
72 11
45 0
45 0
72 2
45 0
72 0
45 0
72 1
45 0
72 1
45 0
72 0
30 0
30 0
72 2
30 0
30 0
72 2
30 0
72 0
30 0
72 1
45 0
72 1
45 0
72 0
45 0
45 0
72 11
45 0
45 0
72 2
45 0
72 0
45 0
72 1
45 0
72 1
45 0
72 0
30 0
30 0
72 2
30 0
30 0
72 2
30 0
72 0
30 0
72 1
45 0
72 1
45 0
72 0
45 0
45 0
72 11
45 0
45 0
72 2
45 0
72 0
45 0
72 1
45 0
72 1
45 0
72 0
30 0
30 0
72 2
30 0
30 0
72 2
30 0
72 0
30 0
72 1
45 0
72 1
45 0
72 0
45 0
45 0
72 11
45 0
45 0
72 2
45 0
72 0
45 0
72 1
45 0
72 1
45 0
72 0
30 0
30 0
72 2
30 0
30 0
72 2
30 0
72 0
30 0
72 1
45 0
72 1
45 0
72 0
45 0
45 0
72 11
45 0
45 0
72 2
45 0
72 0
45 0
72 1
45 0
72 1
45 0
72 0
30 0
30 0
72 2
30 0
30 0
72 2
30 0
72 0
30 0
72 1
45 0
72 1
45 0
72 0
45 0
45 0
72 11
45 0
45 0
72 2
45 0
72 0
45 0
72 1
45 0
72 1
45 0
72 0
30 0
30 0
72 2
30 0
30 0
72 2
30 0
72 0
30 0
72 1
45 0
72 1
45 0
72 0
45 0
45 0
72 11
45 0
45 0
72 2
45 0
72 0
45 0
72 1
45 0
72 1
45 0
72 0
30 0
30 0
72 2
30 0
30 0
72 2
30 0
72 0
30 0
72 1
45 0
72 1
45 0
72 0
45 0
45 0
72 11
45 0
45 0
72 2
45 0
72 0
45 0
72 1
45 0
72 1
45 0
72 0
30 0
30 0
72 2
30 0
30 0
72 2
30 0
72 0
30 0
72 1
45 0
72 1
45 0
72 0
45 0
45 0
72 11
45 0
45 0
72 2
45 0
72 0
45 0
72 1
45 0
72 1
45 0
72 0
30 0
30 0
72 2
30 0
30 0
72 2
30 0
72 0
30 0
72 1
45 0
72 1
45 0
72 0
45 0
45 0
72 11
45 0
45 0
72 2
45 0
72 0
45 0
72 1
45 0
72 1
45 0
72 0
30 0
30 0
72 2
30 0
30 0
72 2
30 0
72 0
30 0
72 1
45 0
72 1
45 0
72 0
45 0
45 0
72 11
45 0
45 0
72 2
45 0
72 0
45 0
72 1
45 0
72 1
45 0
72 0
30 0
30 0
72 2
30 0
30 0
72 2
30 0
72 0
30 0
72 1
45 0
72 1
45 0
72 0
45 0
45 0
72 11
45 0
45 0
72 2
45 0
72 0
45 0
72 1
45 0
72 1
45 0
72 0
30 0
30 0
72 2
30 0
30 0
72 2
30 0
72 0
30 0
72 1
45 0
72 1
45 0
72 0
45 0
45 0
72 11
45 0
45 0
72 2
45 0
72 0
45 0
72 1
45 0
72 1
45 0
72 0
30 0
30 0
72 2
30 0
30 0
72 2
30 0
72 0
30 0
72 1
45 0
72 1
45 0
72 0
45 0
45 0
72 11
45 0
45 0
72 2
45 0
72 0
45 0
72 1
45 0
72 1
45 0
72 0
30 0
30 0
72 2
30 0
30 0
72 2
30 0
72 0
30 0
72 1
45 0
72 1
45 0
72 0
45 0
45 0
72 11
45 0
45 0
72 2
45 0
72 0
45 0
72 1
45 0
72 1
45 0
72 0
30 0
30 0
72 2
30 0
30 0
72 2
30 0
72 0
30 0
72 1
45 0
72 1
45 0
72 0
45 0
45 0
72 11
45 0
45 0
72 2
45 0
72 0
45 0
72 1
45 0
72 1
45 0
72 0
30 0
30 0
72 2
30 0
30 0
72 2
30 0
72 0
30 0
72 1
45 0
72 1
45 0
72 0
45 0
45 0
72 11
45 0
45 0
72 2
45 0
72 0
45 0
72 1
45 0
72 1
45 0
72 0
30 0
30 0
72 2
30 0
30 0
72 2
30 0
72 0
30 0
72 1
45 0
72 1
45 0
72 0
45 0
45 0
72 11
45 0
45 0
72 2
45 0
72 0
45 0
72 1
45 0
72 1
45 0
72 0
30 0
30 0
72 2
30 0
30 0
72 2
30 0
72 0
30 0
72 1
45 0
72 1
45 0
72 0
45 0
45 0
72 11
45 0
45 0
72 2
45 0
72 0
45 0
72 1
45 0
72 1
45 0
72 0
30 0
30 0
72 2
30 0
30 0
72 2
30 0
72 0
30 0
72 1
45 0
72 1
45 0
72 0
45 0
45 0
72 11
45 0
45 0
72 2
45 0
72 0
45 0
72 1
45 0
72 1
45 0
72 0
30 0
30 0
72 2
30 0
30 0
72 2
30 0
72 0
30 0
72 1
45 0
72 1
45 0
72 0
45 0
45 0
72 11
45 0
45 0
72 2
45 0
72 0
45 0
72 1
45 0
72 1
45 0
72 0
30 0
30 0
72 2
30 0
30 0
72 2
30 0
72 0
30 0
72 1
45 0
72 1
45 0
72 0
45 0
45 0
72 11
45 0
45 0
72 2
45 0
72 0
45 0
72 1
45 0
72 1
45 0
72 0
30 0
30 0
72 2
30 0
30 0
72 2
30 0
72 0
30 0
72 1
45 0
72 1
45 0
72 0
45 0
45 0
72 11
45 0
45 0
72 2
45 0
72 0
45 0
72 1
45 0
72 1
45 0
72 0
30 0
30 0
72 2
30 0
30 0
72 2
30 0
72 0
30 0
72 1
45 0
72 1
45 0
72 0
45 0
45 0
72 11
45 0
45 0
72 2
45 0
72 0
45 0
72 1
45 0
72 1
45 0
72 0
30 0
30 0
72 2
30 0
30 0
72 2
30 0
72 0
30 0
72 1
45 0
72 1
45 0
72 0
45 0
45 0
72 11
45 0
45 0
72 2
45 0
72 0
45 0
72 1
45 0
72 1
45 0
72 0
30 0
30 0
72 2
30 0
30 0
72 2
30 0
72 0
30 0
72 1
45 0
72 1
45 0
72 0
45 0
45 0
E
X
