minor
S
H
58 2
72 12
58 2
72 2
57 2
72 12
57 2
72 2
56 2
72 12
56 2
72 2
55 2
72 12
55 2
72 2
58 2
72 12
58 2
72 2
57 2
72 12
57 2
72 2
56 2
72 12
56 2
72 2
55 2
72 4
55 4
72 12
58 2
72 12
58 2
72 2
57 2
72 12
57 2
72 2
56 2
72 12
56 2
72 2
55 2
72 12
55 2
72 2
58 2
72 12
58 2
72 2
57 2
72 12
57 2
72 2
56 2
72 12
56 2
72 2
55 2
72 4
55 4
72 12
51 2
72 2
51 2
72 10
51 2
72 2
51 2
55 2
72 4
50 2
72 2
50 2
72 10
50 2
72 2
50 2
55 2
72 4
49 2
72 2
49 2
72 10
49 2
72 2
49 2
53 2
72 4
48 2
72 2
48 2
72 12
51 2
72 2
51 2
72 10
51 2
72 2
51 2
55 2
72 4
50 2
72 2
50 2
72 10
50 2
72 2
50 2
55 2
72 4
49 2
72 2
49 2
72 10
49 2
72 2
49 2
53 2
72 4
48 2
72 2
48 2
72 12
58 2
72 12
58 2
72 2
57 2
72 12
57 2
72 2
56 2
72 12
56 2
72 2
55 2
72 12
55 2
72 2
58 2
72 12
58 2
72 2
57 2
72 12
57 2
72 2
56 2
72 12
56 2
72 2
55 2
72 4
55 4
72 12
58 2
72 12
58 2
72 2
57 2
72 12
57 2
72 2
56 2
72 12
56 2
72 2
55 2
72 12
55 2
72 2
58 2
72 12
58 2
72 2
57 2
72 12
57 2
72 2
56 2
72 12
56 2
72 2
55 2
72 4
55 4
72 12
51 2
72 2
51 2
72 10
51 2
72 2
51 2
55 2
72 4
50 2
72 2
50 2
72 10
50 2
72 2
50 2
55 2
72 4
49 2
72 2
49 2
72 10
49 2
72 2
49 2
53 2
72 4
48 2
72 2
48 2
72 12
51 2
72 2
51 2
72 10
51 2
72 2
51 2
55 2
72 4
50 2
72 2
50 2
72 10
50 2
72 2
50 2
55 2
72 4
49 2
72 2
49 2
72 10
49 2
72 2
49 2
53 2
72 4
48 2
72 2
48 2
E
S
L
12 2
72 4
14 2
15 2
72 2
12 2
72 4
14 2
15 2
72 2
12 2
72 2
14 2
72 2
12 2
72 4
14 2
15 2
72 2
12 2
72 4
14 2
15 2
72 2
12 2
72 2
14 2
72 2
12 2
72 4
14 2
15 2
72 2
12 2
72 4
14 2
15 2
72 2
12 2
72 2
14 2
72 2
12 2
72 4
14 2
15 2
72 2
12 2
72 4
14 2
15 2
72 2
12 2
72 2
14 2
72 2
12 2
72 4
14 2
15 2
72 2
12 2
72 4
14 2
15 2
72 2
12 2
72 2
14 2
72 2
12 2
72 4
14 2
15 2
72 2
12 2
72 4
14 2
15 2
72 2
12 2
72 2
14 2
72 2
12 2
72 4
14 2
15 2
72 2
12 2
72 4
14 2
15 2
72 2
12 2
72 2
14 2
72 2
12 2
72 4
14 2
15 2
72 2
12 2
72 4
14 2
15 2
72 2
12 2
72 2
12 2
72 2
12 2
72 4
14 2
15 2
72 2
12 2
72 4
14 2
15 2
72 2
12 2
72 2
14 2
72 2
12 2
72 4
14 2
15 2
72 2
12 2
72 4
14 2
15 2
72 2
12 2
72 2
14 2
72 2
12 2
72 4
14 2
15 2
72 2
12 2
72 4
14 2
15 2
72 2
12 2
72 2
14 2
72 2
12 2
72 4
14 2
15 2
72 2
12 2
72 4
14 2
15 2
72 2
12 2
72 2
14 2
72 2
12 2
72 4
14 2
15 2
72 2
12 2
72 4
14 2
15 2
72 2
12 2
72 2
14 2
72 2
12 2
72 4
14 2
15 2
72 2
12 2
72 4
14 2
15 2
72 2
12 2
72 2
14 2
72 2
12 2
72 4
14 2
15 2
72 2
12 2
72 4
14 2
15 2
72 2
12 2
72 2
14 2
72 2
12 2
72 4
14 2
15 2
72 2
12 2
72 4
14 2
15 2
72 2
12 2
72 2
12 2
72 2
17 2
72 2
18 2
72 2
17 2
72 2
18 2
72 2
17 2
72 2
18 2
17 2
72 2
17 2
18 2
72 2
17 2
72 2
18 2
72 2
17 2
72 2
18 2
72 2
17 2
72 2
18 2
17 2
72 2
17 2
18 2
72 2
17 2
72 2
18 2
72 2
17 2
72 2
18 2
72 2
17 2
72 2
18 2
17 2
72 2
17 2
18 2
72 2
17 2
72 2
18 2
72 2
17 2
72 2
18 2
72 2
17 2
72 2
18 2
17 2
72 2
17 2
18 2
72 2
17 2
72 2
18 2
72 2
17 2
72 2
18 2
72 2
17 2
72 2
18 2
17 2
72 2
17 2
18 2
72 2
17 2
72 2
18 2
72 2
17 2
72 2
18 2
72 2
17 2
72 2
18 2
17 2
72 2
17 2
18 2
72 2
17 2
72 2
18 2
72 2
17 2
72 2
18 2
72 2
17 2
72 2
18 2
17 2
72 2
17 2
18 2
72 2
17 2
72 2
18 2
72 2
17 2
72 2
18 2
72 2
17 2
72 2
18 2
72 2
17 2
15 2
13 2
12 2
12 2
72 4
14 2
15 2
72 2
12 2
72 4
14 2
15 2
72 2
12 2
72 2
14 2
72 2
12 2
72 4
14 2
15 2
72 2
12 2
72 4
14 2
15 2
72 2
12 2
72 2
14 2
72 2
12 2
72 4
14 2
15 2
72 2
12 2
72 4
14 2
15 2
72 2
12 2
72 2
14 2
72 2
12 2
72 4
14 2
15 2
72 2
12 2
72 4
14 2
15 2
72 2
12 2
72 2
14 2
72 2
12 2
72 4
14 2
15 2
72 2
12 2
72 4
14 2
15 2
72 2
12 2
72 2
14 2
72 2
12 2
72 4
14 2
15 2
72 2
12 2
72 4
14 2
15 2
72 2
12 2
72 2
14 2
72 2
12 2
72 4
14 2
15 2
72 2
12 2
72 4
14 2
15 2
72 2
12 2
72 2
14 2
72 2
12 2
72 4
14 2
15 2
72 2
12 2
72 4
14 2
15 2
72 2
12 2
72 2
12 2
72 2
12 2
72 4
14 2
15 2
72 2
12 2
72 4
14 2
15 2
72 2
12 2
72 2
14 2
72 2
12 2
72 4
14 2
15 2
72 2
12 2
72 4
14 2
15 2
72 2
12 2
72 2
14 2
72 2
12 2
72 4
14 2
15 2
72 2
12 2
72 4
14 2
15 2
72 2
12 2
72 2
14 2
72 2
12 2
72 4
14 2
15 2
72 2
12 2
72 4
14 2
15 2
72 2
12 2
72 2
14 2
72 2
12 2
72 4
14 2
15 2
72 2
12 2
72 4
14 2
15 2
72 2
12 2
72 2
14 2
72 2
12 2
72 4
14 2
15 2
72 2
12 2
72 4
14 2
15 2
72 2
12 2
72 2
14 2
72 2
12 2
72 4
14 2
15 2
72 2
12 2
72 4
14 2
15 2
72 2
12 2
72 2
14 2
72 2
12 2
72 4
14 2
15 2
72 2
12 2
72 4
14 2
15 2
72 2
12 2
72 2
12 2
72 2
17 2
72 2
18 2
72 2
17 2
72 2
18 2
72 2
17 2
72 2
18 2
17 2
72 2
17 2
18 2
72 2
17 2
72 2
18 2
72 2
17 2
72 2
18 2
72 2
17 2
72 2
18 2
17 2
72 2
17 2
18 2
72 2
17 2
72 2
18 2
72 2
17 2
72 2
18 2
72 2
17 2
72 2
18 2
17 2
72 2
17 2
18 2
72 2
17 2
72 2
18 2
72 2
17 2
72 2
18 2
72 2
17 2
72 2
18 2
17 2
72 2
17 2
18 2
72 2
17 2
72 2
18 2
72 2
17 2
72 2
18 2
72 2
17 2
72 2
18 2
17 2
72 2
17 2
18 2
72 2
17 2
72 2
18 2
72 2
17 2
72 2
18 2
72 2
17 2
72 2
18 2
17 2
72 2
17 2
18 2
72 2
17 2
72 2
18 2
72 2
17 2
72 2
18 2
72 2
17 2
72 2
18 2
17 2
72 2
17 2
18 2
72 2
17 2
72 2
18 2
72 2
17 2
72 2
18 2
72 2
17 2
72 2
18 2
72 2
17 2
15 2
13 2
12 2
E
S
H
55 12
55 4
54 12
54 4
53 12
53 4
52 12
52 4
55 12
55 4
54 12
54 4
53 12
53 4
52 6
52 2
52 2
72 12
55 12
55 4
54 12
54 4
53 12
53 4
52 12
52 4
55 12
55 4
54 12
54 4
53 12
53 4
52 6
52 2
52 2
72 12
48 2
72 2
48 2
72 10
48 2
72 2
48 2
51 6
47 2
72 2
47 2
72 10
47 2
72 2
47 2
50 6
46 2
72 2
46 2
72 10
46 2
72 2
46 2
49 6
45 2
72 2
45 2
72 12
48 2
72 2
48 2
72 10
48 2
72 2
48 2
51 6
47 2
72 2
47 2
72 10
47 2
72 2
47 2
50 6
46 2
72 2
46 2
72 10
46 2
72 2
46 2
49 6
45 2
72 2
45 2
72 12
55 12
55 4
54 12
54 4
53 12
53 4
52 12
52 4
55 12
55 4
54 12
54 4
53 12
53 4
52 6
52 2
52 2
72 12
55 12
55 4
54 12
54 4
53 12
53 4
52 12
52 4
55 12
55 4
54 12
54 4
53 12
53 4
52 6
52 2
52 2
72 12
48 2
72 2
48 2
72 10
48 2
72 2
48 2
51 6
47 2
72 2
47 2
72 10
47 2
72 2
47 2
50 6
46 2
72 2
46 2
72 10
46 2
72 2
46 2
49 6
45 2
72 2
45 2
72 12
48 2
72 2
48 2
72 10
48 2
72 2
48 2
51 6
47 2
72 2
47 2
72 10
47 2
72 2
47 2
50 6
46 2
72 2
46 2
72 10
46 2
72 2
46 2
49 6
45 2
72 2
45 2
E
X
