major
S
H
72 11
54 2
72 2
50 2
54 2
72 2
50 2
52 2
54 2
55 2
72 2
59 2
72 2
47 2
72 6
49 2
72 2
49 2
72 2
49 2
50 2
49 2
47 2
45 2
57 2
72 10
54 2
72 2
50 2
54 2
72 2
50 2
52 2
54 2
55 2
72 2
57 2
72 2
59 2
72 6
57 4
72 4
57 4
72 4
50 4
72 9
54 2
72 2
50 2
54 2
72 2
50 2
52 2
54 2
55 2
72 2
59 2
72 2
47 2
72 6
49 2
72 2
49 2
72 2
49 2
50 2
49 2
47 2
45 2
57 2
72 10
54 2
72 2
50 2
54 2
72 2
50 2
52 2
54 2
55 2
72 2
57 2
72 2
59 2
72 6
57 4
72 4
57 4
72 4
50 4
72 9
54 2
72 2
50 2
54 2
72 2
50 2
52 2
54 2
55 2
72 2
59 2
72 2
47 2
72 6
49 2
72 2
49 2
72 2
49 2
50 2
49 2
47 2
45 2
57 2
72 10
54 2
72 2
50 2
54 2
72 2
50 2
52 2
54 2
55 2
72 2
57 2
72 2
59 2
72 6
57 4
72 4
57 4
72 4
50 4
72 9
54 2
72 2
50 2
54 2
72 2
50 2
52 2
54 2
55 2
72 2
59 2
72 2
47 2
72 6
49 2
72 2
49 2
72 2
49 2
50 2
49 2
47 2
45 2
57 2
72 10
54 2
72 2
50 2
54 2
72 2
50 2
52 2
54 2
55 2
72 2
57 2
72 2
59 2
72 6
57 4
72 4
57 4
72 4
50 4
E
S
L
72 4
21 2
72 2
23 2
72 2
25 2
72 2
30 2
72 2
26 2
72 2
30 2
72 2
26 2
72 2
31 2
72 2
29 2
28 2
26 2
28 2
72 6
28 2
72 2
25 2
72 2
28 2
72 2
25 2
72 2
26 2
72 2
26 2
28 2
30 2
21 2
72 6
30 2
72 2
26 2
72 2
30 2
72 2
26 2
72 2
31 2
72 2
30 2
31 2
33 2
35 2
72 6
33 2
72 2
26 2
28 2
31 2
33 2
72 2
21 2
23 2
25 2
26 2
72 2
21 2
72 2
26 2
72 2
21 2
72 2
30 2
72 2
26 2
72 2
30 2
72 2
26 2
72 2
31 2
72 2
29 2
28 2
26 2
28 2
72 6
28 2
72 2
25 2
72 2
28 2
72 2
25 2
72 2
26 2
72 2
26 2
28 2
30 2
21 2
72 6
30 2
72 2
26 2
72 2
30 2
72 2
26 2
72 2
31 2
72 2
30 2
31 2
33 2
35 2
72 6
33 2
72 2
26 2
28 2
31 2
33 2
72 2
21 2
23 2
25 2
26 2
72 2
21 2
72 2
26 2
72 2
21 2
72 2
30 2
72 2
26 2
72 2
30 2
72 2
26 2
72 2
31 2
72 2
29 2
28 2
26 2
28 2
72 6
28 2
72 2
25 2
72 2
28 2
72 2
25 2
72 2
26 2
72 2
26 2
28 2
30 2
21 2
72 6
30 2
72 2
26 2
72 2
30 2
72 2
26 2
72 2
31 2
72 2
30 2
31 2
33 2
35 2
72 6
33 2
72 2
26 2
28 2
31 2
33 2
72 2
21 2
23 2
25 2
26 2
72 2
21 2
72 2
26 2
72 2
21 2
72 2
30 2
72 2
26 2
72 2
30 2
72 2
26 2
72 2
31 2
72 2
29 2
28 2
26 2
28 2
72 6
28 2
72 2
25 2
72 2
28 2
72 2
25 2
72 2
26 2
72 2
26 2
28 2
30 2
21 2
72 6
30 2
72 2
26 2
72 2
30 2
72 2
26 2
72 2
31 2
72 2
30 2
31 2
33 2
35 2
72 6
33 2
72 2
26 2
28 2
31 2
33 2
72 2
21 2
23 2
25 2
26 2
72 2
21 2
72 2
26 2
72 2
21 2
E
S
H
72 11
50 4
45 2
50 4
45 2
49 2
50 2
52 4
55 4
43 7
45 4
45 4
45 2
47 2
45 2
43 2
42 2
52 7
72 7
50 4
45 2
50 4
45 2
49 2
50 2
52 4
52 4
55 7
72 4
43 2
45 2
47 2
49 2
72 2
43 2
45 2
49 2
50 7
72 7
50 4
45 2
50 4
45 2
49 2
50 2
52 4
55 4
43 7
45 4
45 4
45 2
47 2
45 2
43 2
42 2
52 7
72 7
50 4
45 2
50 4
45 2
49 2
50 2
52 4
52 4
55 7
72 4
43 2
45 2
47 2
49 2
72 2
43 2
45 2
49 2
50 7
72 7
50 4
45 2
50 4
45 2
49 2
50 2
52 4
55 4
43 7
45 4
45 4
45 2
47 2
45 2
43 2
42 2
52 7
72 7
50 4
45 2
50 4
45 2
49 2
50 2
52 4
52 4
55 7
72 4
43 2
45 2
47 2
49 2
72 2
43 2
45 2
49 2
50 7
72 7
50 4
45 2
50 4
45 2
49 2
50 2
52 4
55 4
43 7
45 4
45 4
45 2
47 2
45 2
43 2
42 2
52 7
72 7
50 4
45 2
50 4
45 2
49 2
50 2
52 4
52 4
55 7
72 4
43 2
45 2
47 2
49 2
72 2
43 2
45 2
49 2
50 7
E
X
