minor
S
L
14 7
72 12
12 7
72 12
10 7
72 12
7 4
19 4
72 4
9 7
21 4
12 4
24 4
14 7
72 12
12 7
72 12
10 7
72 12
7 4
19 4
72 4
9 7
21 4
12 4
24 4
14 4
14 4
21 4
14 4
72 4
12 4
13 4
72 4
14 4
14 4
21 4
14 4
72 4
12 4
13 4
14 4
16 4
16 4
23 4
16 4
72 4
20 4
19 4
17 4
16 4
16 4
23 4
16 4
72 4
24 4
23 4
22 4
21 4
21 4
16 4
21 4
72 4
17 4
18 4
19 4
21 4
21 4
16 4
21 4
72 4
17 4
18 4
19 4
22 4
22 4
72 4
10 4
10 4
72 4
22 7
21 7
72 11
21 2
19 2
17 2
16 2
14 4
14 4
21 4
14 4
72 4
12 4
13 4
72 4
14 4
14 4
21 4
14 4
72 4
12 4
13 4
14 4
16 4
16 4
23 4
16 4
72 4
20 4
19 4
17 4
16 4
16 4
23 4
16 4
72 4
24 4
22 4
20 4
19 4
19 4
14 4
19 4
72 4
17 4
18 4
19 4
21 4
21 4
16 4
21 4
72 4
19 4
17 4
16 4
14 4
14 4
72 4
12 4
12 4
72 4
12 4
14 4
72 11
26 4
72 4
24 4
72 4
22 4
22 4
72 4
19 4
17 4
72 4
16 4
14 4
12 4
12 4
72 4
24 4
22 4
72 4
19 4
16 4
14 4
14 4
12 4
72 4
10 4
72 4
12 4
72 4
14 4
72 9
16 4
17 4
16 4
14 4
12 4
10 4
10 4
72 4
17 4
16 4
72 4
17 4
19 4
21 4
21 4
72 4
16 4
14 4
72 4
17 4
19 2
72 2
19 2
72 2
19 2
72 2
19 2
72 2
19 2
72 2
19 2
72 2
19 2
72 2
19 2
72 2
21 2
72 2
21 2
72 2
21 2
72 2
21 2
72 2
21 2
72 2
21 2
72 2
10 2
72 2
12 2
72 2
14 2
72 2
14 2
72 2
14 2
72 2
14 2
72 2
14 2
72 2
14 2
72 2
14 2
72 2
14 2
72 2
12 2
72 2
12 2
72 2
12 2
72 2
12 2
72 2
12 2
72 2
12 2
72 2
12 2
72 2
12 2
72 2
10 2
72 2
10 2
72 2
10 2
72 2
10 2
72 2
10 2
72 2
10 2
72 2
10 2
72 2
10 2
72 2
7 4
19 4
72 4
9 7
21 4
12 4
12 4
14 2
72 2
14 2
72 2
14 2
72 2
14 2
72 2
14 2
72 2
14 2
72 2
14 2
72 2
14 2
72 2
12 2
72 2
12 2
72 2
12 2
72 2
12 2
72 2
12 2
72 2
12 2
72 2
12 2
72 2
12 2
72 2
10 2
72 2
10 2
72 2
10 2
72 2
10 2
72 2
10 2
72 2
10 2
72 2
10 2
72 2
10 2
72 2
7 4
19 4
72 4
9 7
21 4
12 4
12 4
14 4
14 4
21 4
14 4
72 4
12 4
13 4
72 4
14 4
14 4
21 4
14 4
72 4
12 4
13 4
14 4
16 4
16 4
23 4
16 4
72 4
20 4
19 4
17 4
16 4
16 4
23 4
16 4
72 4
24 4
23 4
22 4
21 4
21 4
16 4
21 4
72 4
17 4
18 4
19 4
21 4
21 4
16 4
21 4
72 4
17 4
18 4
19 4
22 4
22 4
72 4
10 4
10 4
72 4
22 7
21 7
72 11
21 2
19 2
17 2
16 2
14 4
14 4
21 4
14 4
72 4
12 4
13 4
72 4
14 4
14 4
21 4
14 4
72 4
12 4
13 4
14 4
16 4
16 4
23 4
16 4
72 4
20 4
19 4
17 4
16 4
16 4
23 4
16 4
72 4
24 4
22 4
20 4
19 4
19 4
14 4
19 4
72 4
17 4
18 4
19 4
21 4
21 4
16 4
21 4
72 4
19 4
17 4
16 4
14 4
14 4
72 4
12 4
12 4
72 4
12 4
14 4
72 11
26 4
72 4
24 4
72 4
22 4
22 4
72 4
19 4
17 4
72 4
16 4
14 4
12 4
12 4
72 4
24 4
22 4
72 4
19 4
16 4
14 4
14 4
12 4
72 4
10 4
72 4
12 4
72 4
14 4
72 9
16 4
17 4
16 4
14 4
12 4
10 4
10 4
72 4
17 4
16 4
72 4
17 4
19 4
21 4
21 4
72 4
16 4
14 4
72 4
17 4
19 2
72 2
19 2
72 2
19 2
72 2
19 2
72 2
19 2
72 2
19 2
72 2
19 2
72 2
19 2
72 2
21 2
72 2
21 2
72 2
21 2
72 2
21 2
72 2
21 2
72 2
21 2
72 2
10 2
72 2
12 2
72 2
14 2
72 2
14 2
72 2
14 2
72 2
14 2
72 2
14 2
72 2
14 2
72 2
14 2
72 2
14 2
72 2
12 2
72 2
12 2
72 2
12 2
72 2
12 2
72 2
12 2
72 2
12 2
72 2
12 2
72 2
12 2
72 2
10 2
72 2
10 2
72 2
10 2
72 2
10 2
72 2
10 2
72 2
10 2
72 2
10 2
72 2
10 2
72 2
7 4
19 4
72 4
9 7
21 4
12 4
12 4
14 2
72 2
14 2
72 2
14 2
72 2
14 2
72 2
14 2
72 2
14 2
72 2
14 2
72 2
14 2
72 2
12 2
72 2
12 2
72 2
12 2
72 2
12 2
72 2
12 2
72 2
12 2
72 2
12 2
72 2
12 2
72 2
10 2
72 2
10 2
72 2
10 2
72 2
10 2
72 2
10 2
72 2
10 2
72 2
10 2
72 2
10 2
72 2
7 4
19 4
72 4
9 7
21 4
12 4
12 4
E
S
H
72 4
48 4
50 4
48 4
50 2
72 4
53 6
55 4
57 2
55 2
72 2
55 2
55 2
53 2
72 2
53 2
53 2
52 2
72 2
52 2
52 2
50 2
72 2
48 2
72 4
48 4
50 4
48 4
53 6
50 6
72 7
48 4
50 4
48 4
53 6
52 6
48 4
72 4
48 4
50 4
48 4
50 2
72 4
53 6
55 4
57 2
55 2
72 2
55 2
55 2
53 2
72 2
53 2
53 2
52 2
72 2
52 2
52 2
50 2
72 2
48 2
72 4
48 4
50 4
48 4
53 6
50 6
72 7
48 4
50 4
48 4
53 6
52 6
48 4
50 7
53 4
58 4
72 4
57 7
53 4
50 4
49 4
50 4
53 4
57 4
58 4
57 4
53 4
56 12
57 4
55 2
53 2
52 13
52 7
53 4
55 4
72 4
53 7
52 4
57 2
72 2
57 2
72 2
55 2
72 2
55 2
72 2
53 2
72 2
53 2
72 2
52 2
72 2
52 2
72 2
50 11
53 4
50 4
58 4
57 4
72 7
57 7
55 4
53 4
52 4
50 7
53 4
58 4
72 4
57 7
53 4
50 4
49 4
50 4
53 4
57 4
58 4
57 4
53 4
56 12
57 4
55 2
53 2
52 12
52 4
53 4
55 12
53 4
55 4
57 4
58 4
72 4
57 4
55 4
53 4
53 4
52 4
52 7
72 4
50 4
72 7
48 4
50 4
72 11
62 4
72 4
64 4
72 4
65 9
62 9
67 7
65 9
64 9
60 7
65 4
64 4
62 4
64 4
72 4
62 4
60 7
57 7
72 7
50 4
48 4
46 4
45 4
53 4
50 4
46 4
53 4
50 4
46 4
53 4
50 4
52 4
48 4
45 4
52 4
48 4
45 4
52 4
48 4
50 4
46 4
43 4
50 4
46 4
43 4
50 4
46 4
52 4
49 4
45 4
52 4
49 4
45 4
46 4
48 4
72 4
48 4
50 4
48 4
50 2
72 4
53 6
55 4
57 2
55 2
72 2
55 2
55 2
53 2
72 2
53 2
53 2
52 2
72 2
52 2
52 2
50 2
72 2
48 2
72 4
48 4
50 4
48 4
53 6
50 6
72 7
48 4
50 4
48 4
53 6
52 6
48 4
72 4
48 4
50 4
48 4
50 2
72 4
53 6
55 4
57 2
55 2
72 2
55 2
55 2
53 2
72 2
53 2
53 2
52 2
72 2
52 2
52 2
50 2
72 2
48 2
72 4
48 4
50 4
48 4
53 6
50 6
72 7
48 4
50 4
48 4
53 6
52 6
48 4
50 7
53 4
58 4
72 4
57 7
53 4
50 4
49 4
50 4
53 4
57 4
58 4
57 4
53 4
56 12
57 4
55 2
53 2
52 13
52 7
53 4
55 4
72 4
53 7
52 4
57 2
72 2
57 2
72 2
55 2
72 2
55 2
72 2
53 2
72 2
53 2
72 2
52 2
72 2
52 2
72 2
50 11
53 4
50 4
58 4
57 4
72 7
57 7
55 4
53 4
52 4
50 7
53 4
58 4
72 4
57 7
53 4
50 4
49 4
50 4
53 4
57 4
58 4
57 4
53 4
56 12
57 4
55 2
53 2
52 12
52 4
53 4
55 12
53 4
55 4
57 4
58 4
72 4
57 4
55 4
53 4
53 4
52 4
52 7
72 4
50 4
72 7
48 4
50 4
72 11
62 4
72 4
64 4
72 4
65 9
62 9
67 7
65 9
64 9
60 7
65 4
64 4
62 4
64 4
72 4
62 4
60 7
57 7
72 7
50 4
48 4
46 4
45 4
53 4
50 4
46 4
53 4
50 4
46 4
53 4
50 4
52 4
48 4
45 4
52 4
48 4
45 4
52 4
48 4
50 4
46 4
43 4
50 4
46 4
43 4
50 4
46 4
52 4
49 4
45 4
52 4
49 4
45 4
46 4
48 4
72 4
48 4
50 4
48 4
50 2
72 4
53 6
55 4
57 2
55 2
72 2
55 2
55 2
53 2
72 2
53 2
53 2
52 2
72 2
52 2
52 2
50 2
72 2
48 2
72 4
48 4
50 4
48 4
53 6
50 6
72 7
48 4
50 4
48 4
53 6
52 6
48 4
72 4
48 4
50 4
48 4
50 2
72 4
53 6
55 4
57 2
55 2
72 2
55 2
55 2
53 2
72 2
53 2
53 2
52 2
72 2
52 2
52 2
50 2
72 2
48 2
72 4
48 4
50 4
48 4
53 6
50 6
72 7
48 4
50 4
48 4
53 6
52 6
48 4
E
S
H
72 4
48 4
50 4
48 4
50 2
72 4
53 6
55 4
57 2
55 2
72 2
55 2
55 2
53 2
72 2
53 2
53 2
52 2
72 2
52 2
52 2
50 2
72 2
48 2
72 4
48 4
50 4
48 4
53 6
50 6
72 7
48 4
50 4
48 4
53 6
52 6
48 4
72 4
48 4
50 4
48 4
50 2
72 4
53 6
55 4
57 2
55 2
72 2
55 2
55 2
53 2
72 2
53 2
53 2
52 2
72 2
52 2
52 2
50 2
72 2
48 2
72 4
48 4
50 4
48 4
53 6
50 6
72 7
48 4
50 4
48 4
53 6
52 6
48 4
50 7
53 4
58 4
72 4
57 7
53 4
50 4
49 4
50 4
53 4
57 4
58 4
57 4
53 4
56 12
57 4
55 2
53 2
52 13
52 7
53 4
55 4
72 4
53 7
52 4
57 2
72 2
57 2
72 2
55 2
72 2
55 2
72 2
53 2
72 2
53 2
72 2
52 2
72 2
52 2
72 2
50 11
53 4
50 4
58 4
57 4
72 7
57 7
55 4
53 4
52 4
50 7
53 4
58 4
72 4
57 7
53 4
50 4
49 4
50 4
53 4
57 4
58 4
57 4
53 4
56 12
57 4
55 2
53 2
52 12
52 4
53 4
55 12
53 4
55 4
57 4
58 4
72 4
57 4
55 4
53 4
53 4
52 4
52 7
72 4
50 4
72 7
48 4
50 4
72 11
62 4
72 4
64 4
72 4
65 9
62 9
67 7
65 9
64 9
60 7
65 4
64 4
62 4
64 4
72 4
62 4
60 7
57 7
72 7
50 4
48 4
46 4
45 4
53 4
50 4
46 4
53 4
50 4
46 4
53 4
50 4
52 4
48 4
45 4
52 4
48 4
45 4
52 4
48 4
50 4
46 4
43 4
50 4
46 4
43 4
50 4
46 4
52 4
49 4
45 4
52 4
49 4
45 4
46 4
48 4
72 4
48 4
50 4
48 4
50 2
72 4
53 6
55 4
57 2
55 2
72 2
55 2
55 2
53 2
72 2
53 2
53 2
52 2
72 2
52 2
52 2
50 2
72 2
48 2
72 4
48 4
50 4
48 4
53 6
50 6
72 7
48 4
50 4
48 4
53 6
52 6
48 4
72 4
48 4
50 4
48 4
50 2
72 4
53 6
55 4
57 2
55 2
72 2
55 2
55 2
53 2
72 2
53 2
53 2
52 2
72 2
52 2
52 2
50 2
72 2
48 2
72 4
48 4
50 4
48 4
53 6
50 6
72 7
48 4
50 4
48 4
53 6
52 6
48 4
50 7
53 4
58 4
72 4
57 7
53 4
50 4
49 4
50 4
53 4
57 4
58 4
57 4
53 4
56 12
57 4
55 2
53 2
52 13
52 7
53 4
55 4
72 4
53 7
52 4
57 2
72 2
57 2
72 2
55 2
72 2
55 2
72 2
53 2
72 2
53 2
72 2
52 2
72 2
52 2
72 2
50 11
53 4
50 4
58 4
57 4
72 7
57 7
55 4
53 4
52 4
50 7
53 4
58 4
72 4
57 7
53 4
50 4
49 4
50 4
53 4
57 4
58 4
57 4
53 4
56 12
57 4
55 2
53 2
52 12
52 4
53 4
55 12
53 4
55 4
57 4
58 4
72 4
57 4
55 4
53 4
53 4
52 4
52 7
72 4
50 4
72 7
48 4
50 4
72 11
62 4
72 4
64 4
72 4
65 9
62 9
67 7
65 9
64 9
60 7
65 4
64 4
62 4
64 4
72 4
62 4
60 7
57 7
72 7
50 4
48 4
46 4
45 4
53 4
50 4
46 4
53 4
50 4
46 4
53 4
50 4
52 4
48 4
45 4
52 4
48 4
45 4
52 4
48 4
50 4
46 4
43 4
50 4
46 4
43 4
50 4
46 4
52 4
49 4
45 4
52 4
49 4
45 4
46 4
48 4
72 4
48 4
50 4
48 4
50 2
72 4
53 6
55 4
57 2
55 2
72 2
55 2
55 2
53 2
72 2
53 2
53 2
52 2
72 2
52 2
52 2
50 2
72 2
48 2
72 4
48 4
50 4
48 4
53 6
50 6
72 7
48 4
50 4
48 4
53 6
52 6
48 4
72 4
48 4
50 4
48 4
50 2
72 4
53 6
55 4
57 2
55 2
72 2
55 2
55 2
53 2
72 2
53 2
53 2
52 2
72 2
52 2
52 2
50 2
72 2
48 2
72 4
48 4
50 4
48 4
53 6
50 6
72 7
48 4
50 4
48 4
53 6
52 6
48 4
E
S
H
50 2
72 8
45 2
72 8
41 4
72 4
43 2
72 2
48 2
72 6
43 2
72 2
48 2
72 6
52 6
72 2
50 2
72 2
50 2
72 11
45 2
72 2
43 2
72 2
41 6
41 2
72 4
38 2
72 2
43 2
72 6
43 4
72 4
50 2
50 2
50 2
72 6
45 2
72 8
41 4
72 4
43 2
43 2
48 2
72 6
43 2
72 2
48 2
72 6
52 6
72 2
50 2
72 2
50 2
72 11
45 2
45 2
43 2
72 2
41 6
41 2
72 4
38 2
72 2
43 2
72 6
43 4
72 4
26 4
29 4
38 4
38 4
26 4
29 4
38 4
38 4
26 4
29 4
38 4
38 4
26 4
29 4
38 4
38 4
28 4
31 4
38 4
38 4
28 4
31 4
38 4
38 4
28 4
31 4
38 4
38 4
28 4
31 4
38 4
38 4
28 4
33 4
40 4
40 4
28 4
33 4
40 4
40 4
28 4
33 4
40 4
40 4
28 4
33 4
40 4
40 4
38 4
29 4
29 4
38 4
29 4
29 4
38 4
29 4
40 4
72 7
33 7
31 4
29 4
28 4
26 4
29 4
38 4
38 4
26 4
29 4
38 4
38 4
26 4
29 4
38 4
38 4
26 4
29 4
38 4
38 4
28 4
31 4
38 4
38 4
28 4
31 4
38 4
38 4
28 4
31 4
38 4
38 4
28 4
31 4
38 4
38 4
26 4
31 4
38 4
38 4
26 4
31 4
38 4
38 4
28 4
33 4
40 4
40 4
28 4
33 4
40 4
40 4
38 4
72 7
38 4
72 7
36 2
36 2
38 4
72 11
38 7
40 7
38 4
29 4
29 4
38 4
29 4
29 4
38 4
29 4
40 4
31 4
31 4
40 4
31 4
31 4
40 4
31 4
41 4
40 4
38 4
40 4
72 4
38 4
36 7
41 11
38 7
40 7
41 9
38 9
38 7
43 9
40 9
43 7
38 2
72 6
40 2
72 6
41 11
40 2
72 6
41 2
72 6
43 11
50 2
72 8
45 2
72 8
41 4
72 4
43 2
72 2
48 2
72 6
43 2
72 2
48 2
72 6
52 6
72 2
50 2
72 2
50 2
72 11
45 2
72 2
43 2
72 2
41 6
41 2
72 4
38 2
72 2
43 2
72 6
43 4
72 4
50 2
50 2
50 2
72 6
45 2
72 8
41 4
72 4
43 2
43 2
48 2
72 6
43 2
72 2
48 2
72 6
52 6
72 2
50 2
72 2
50 2
72 11
45 2
45 2
43 2
72 2
41 6
41 2
72 4
38 2
72 2
43 2
72 6
43 4
72 4
26 4
29 4
38 4
38 4
26 4
29 4
38 4
38 4
26 4
29 4
38 4
38 4
26 4
29 4
38 4
38 4
28 4
31 4
38 4
38 4
28 4
31 4
38 4
38 4
28 4
31 4
38 4
38 4
28 4
31 4
38 4
38 4
28 4
33 4
40 4
40 4
28 4
33 4
40 4
40 4
28 4
33 4
40 4
40 4
28 4
33 4
40 4
40 4
38 4
29 4
29 4
38 4
29 4
29 4
38 4
29 4
40 4
72 7
33 7
31 4
29 4
28 4
26 4
29 4
38 4
38 4
26 4
29 4
38 4
38 4
26 4
29 4
38 4
38 4
26 4
29 4
38 4
38 4
28 4
31 4
38 4
38 4
28 4
31 4
38 4
38 4
28 4
31 4
38 4
38 4
28 4
31 4
38 4
38 4
26 4
31 4
38 4
38 4
26 4
31 4
38 4
38 4
28 4
33 4
40 4
40 4
28 4
33 4
40 4
40 4
38 4
72 7
38 4
72 7
36 2
36 2
38 4
72 11
38 7
40 7
38 4
29 4
29 4
38 4
29 4
29 4
38 4
29 4
40 4
31 4
31 4
40 4
31 4
31 4
40 4
31 4
41 4
40 4
38 4
40 4
72 4
38 4
36 7
41 11
38 7
40 7
41 9
38 9
38 7
43 9
40 9
43 7
38 2
72 6
40 2
72 6
41 11
40 2
72 6
41 2
72 6
43 11
50 2
72 8
45 2
72 8
41 4
72 4
43 2
72 2
48 2
72 6
43 2
72 2
48 2
72 6
52 6
72 2
50 2
72 2
50 2
72 11
45 2
72 2
43 2
72 2
41 6
41 2
72 4
38 2
72 2
43 2
72 6
43 4
72 4
50 2
50 2
50 2
72 6
45 2
72 8
41 4
72 4
43 2
43 2
48 2
72 6
43 2
72 2
48 2
72 6
52 6
72 2
50 2
72 2
50 2
72 11
45 2
45 2
43 2
72 2
41 6
41 2
72 4
38 2
72 2
43 2
72 6
43 4
72 4
E
S
L
45 2
72 8
41 2
72 8
38 4
72 4
40 2
72 2
43 2
72 6
40 2
72 2
43 2
72 6
48 6
72 2
46 2
72 2
46 2
72 11
41 2
72 2
40 2
72 2
38 6
38 2
72 4
34 2
72 2
40 2
72 6
52 4
72 4
45 2
45 2
45 2
72 6
41 2
72 8
38 4
72 4
40 2
40 2
43 2
72 6
40 2
72 2
43 2
72 6
48 6
72 2
46 2
72 2
46 2
72 11
41 2
41 2
40 2
72 2
38 6
38 2
72 4
34 2
72 2
40 2
72 6
52 4
72 4
14 4
17 4
33 4
33 4
14 4
17 4
33 4
33 4
14 4
17 4
33 4
33 4
14 4
17 4
33 4
33 4
16 4
19 4
32 4
32 4
16 4
19 4
32 4
32 4
16 4
19 4
32 4
32 4
16 4
19 4
32 4
32 4
16 4
21 4
37 4
37 4
16 4
21 4
37 4
37 4
16 4
21 4
37 4
37 4
16 4
21 4
37 4
37 4
34 4
17 4
17 4
34 4
17 4
17 4
34 4
17 4
33 4
72 7
28 7
28 4
26 4
25 4
14 4
17 4
33 4
33 4
14 4
17 4
33 4
33 4
14 4
17 4
33 4
33 4
14 4
17 4
33 4
33 4
16 4
19 4
32 4
32 4
16 4
19 4
32 4
32 4
16 4
19 4
32 4
32 4
16 4
19 4
32 4
32 4
14 4
19 4
34 4
34 4
14 4
19 4
34 4
34 4
16 4
21 4
37 4
37 4
16 4
21 4
37 4
37 4
33 4
72 7
33 4
72 7
31 2
31 2
33 4
72 11
34 7
34 7
34 4
22 4
22 4
34 4
22 4
22 4
34 4
22 4
36 4
24 4
24 4
36 4
24 4
24 4
36 4
24 4
38 4
36 4
34 4
36 4
72 4
34 4
33 7
33 11
34 7
34 7
38 9
34 9
33 7
36 9
36 9
36 7
34 2
72 6
36 2
72 6
38 11
37 2
72 6
38 2
72 6
40 11
45 2
72 8
41 2
72 8
38 4
72 4
40 2
72 2
43 2
72 6
40 2
72 2
43 2
72 6
48 6
72 2
46 2
72 2
46 2
72 11
41 2
72 2
40 2
72 2
38 6
38 2
72 4
34 2
72 2
40 2
72 6
52 4
72 4
45 2
45 2
45 2
72 6
41 2
72 8
38 4
72 4
40 2
40 2
43 2
72 6
40 2
72 2
43 2
72 6
48 6
72 2
46 2
72 2
46 2
72 11
41 2
41 2
40 2
72 2
38 6
38 2
72 4
34 2
72 2
40 2
72 6
52 4
72 4
14 4
17 4
33 4
33 4
14 4
17 4
33 4
33 4
14 4
17 4
33 4
33 4
14 4
17 4
33 4
33 4
16 4
19 4
32 4
32 4
16 4
19 4
32 4
32 4
16 4
19 4
32 4
32 4
16 4
19 4
32 4
32 4
16 4
21 4
37 4
37 4
16 4
21 4
37 4
37 4
16 4
21 4
37 4
37 4
16 4
21 4
37 4
37 4
34 4
17 4
17 4
34 4
17 4
17 4
34 4
17 4
33 4
72 7
28 7
28 4
26 4
25 4
14 4
17 4
33 4
33 4
14 4
17 4
33 4
33 4
14 4
17 4
33 4
33 4
14 4
17 4
33 4
33 4
16 4
19 4
32 4
32 4
16 4
19 4
32 4
32 4
16 4
19 4
32 4
32 4
16 4
19 4
32 4
32 4
14 4
19 4
34 4
34 4
14 4
19 4
34 4
34 4
16 4
21 4
37 4
37 4
16 4
21 4
37 4
37 4
33 4
72 7
33 4
72 7
31 2
31 2
33 4
72 11
34 7
34 7
34 4
22 4
22 4
34 4
22 4
22 4
34 4
22 4
36 4
24 4
24 4
36 4
24 4
24 4
36 4
24 4
38 4
36 4
34 4
36 4
72 4
34 4
33 7
33 11
34 7
34 7
38 9
34 9
33 7
36 9
36 9
36 7
34 2
72 6
36 2
72 6
38 11
37 2
72 6
38 2
72 6
40 11
45 2
72 8
41 2
72 8
38 4
72 4
40 2
72 2
43 2
72 6
40 2
72 2
43 2
72 6
48 6
72 2
46 2
72 2
46 2
72 11
41 2
72 2
40 2
72 2
38 6
38 2
72 4
34 2
72 2
40 2
72 6
52 4
72 4
45 2
45 2
45 2
72 6
41 2
72 8
38 4
72 4
40 2
40 2
43 2
72 6
40 2
72 2
43 2
72 6
48 6
72 2
46 2
72 2
46 2
72 11
41 2
41 2
40 2
72 2
38 6
38 2
72 4
34 2
72 2
40 2
72 6
52 4
72 4
E
S
L
172 0
72 4
13 0
72 2
13 0
72 2
223 0
72 4
13 0
72 2
13 0
72 2
172 0
72 4
13 0
72 2
13 0
72 2
223 0
72 4
13 0
72 2
13 0
72 2
172 0
72 4
13 0
72 2
13 0
72 2
223 0
72 4
13 0
72 2
13 0
72 2
172 0
72 4
13 0
72 2
13 0
72 2
223 0
72 4
13 0
72 2
13 0
72 2
172 0
72 4
13 0
72 2
13 0
72 2
223 0
72 4
13 0
72 2
13 0
72 2
172 0
72 4
13 0
72 2
13 0
72 2
223 0
72 4
13 0
72 2
13 0
72 2
172 0
72 4
13 0
72 2
13 0
72 2
223 0
72 4
13 0
72 2
13 0
72 2
136 0
72 2
136 0
72 2
110 0
72 2
110 0
72 2
240 0
72 2
240 0
72 2
1651 0
72 2
1651 0
72 2
172 0
72 4
13 0
72 2
13 0
72 2
223 0
72 4
13 0
72 2
13 0
72 2
172 0
72 4
13 0
72 2
13 0
72 2
223 0
72 4
13 0
72 2
13 0
72 2
172 0
72 4
13 0
72 2
13 0
72 2
223 0
72 4
13 0
72 2
13 0
72 2
172 0
72 4
13 0
72 2
13 0
72 2
223 0
72 4
13 0
72 2
13 0
72 2
172 0
72 4
13 0
72 2
13 0
72 2
223 0
72 4
13 0
72 2
13 0
72 2
172 0
72 4
13 0
72 2
13 0
72 2
223 0
72 4
13 0
72 2
13 0
72 2
172 0
72 4
13 0
72 2
13 0
72 2
223 0
72 4
13 0
72 2
13 0
72 2
136 0
72 2
136 0
72 2
110 0
72 2
110 0
72 2
240 0
72 2
240 0
72 2
1651 0
72 2
1651 0
72 2
172 0
72 4
13 0
72 2
13 0
72 2
223 0
72 4
13 0
72 2
13 0
72 2
172 0
72 4
13 0
72 2
13 0
72 2
223 0
72 4
13 0
72 2
13 0
72 2
172 0
72 4
13 0
72 2
13 0
72 2
223 0
72 4
13 0
72 2
13 0
72 2
172 0
72 4
13 0
72 2
13 0
72 2
223 0
72 4
13 0
72 2
13 0
72 2
172 0
72 4
13 0
72 2
13 0
72 2
223 0
72 4
13 0
72 2
13 0
72 2
172 0
72 4
13 0
72 2
13 0
72 2
223 0
72 4
13 0
72 2
13 0
72 2
172 0
72 4
13 0
72 2
13 0
72 2
223 0
72 4
13 0
72 2
13 0
72 2
136 0
72 2
136 0
72 2
110 0
72 2
110 0
72 2
240 0
72 2
240 0
72 2
1651 0
72 2
1651 0
72 2
172 0
72 4
13 0
72 2
13 0
72 2
223 0
72 4
13 0
72 2
13 0
72 2
172 0
72 4
13 0
72 2
13 0
72 2
223 0
72 4
13 0
72 2
13 0
72 2
172 0
72 4
13 0
72 2
13 0
72 2
223 0
72 4
13 0
72 2
13 0
72 2
172 0
72 4
13 0
72 2
13 0
72 2
223 0
72 4
13 0
72 2
13 0
72 2
172 0
72 4
13 0
72 2
13 0
72 2
223 0
72 4
13 0
72 2
13 0
72 2
172 0
72 4
13 0
72 2
13 0
72 2
223 0
72 4
13 0
72 2
13 0
72 2
172 0
72 4
13 0
72 2
13 0
72 2
223 0
72 4
13 0
72 2
13 0
72 2
136 0
72 2
136 0
72 2
110 0
72 2
110 0
72 2
240 0
72 2
240 0
72 2
1651 0
72 2
1651 0
72 2
172 0
72 4
13 0
72 2
13 0
72 2
223 0
72 4
13 0
72 2
13 0
72 2
172 0
72 4
13 0
72 2
13 0
72 2
223 0
72 4
13 0
72 2
13 0
72 2
172 0
72 4
13 0
72 2
13 0
72 2
223 0
72 4
13 0
72 2
13 0
72 2
172 0
72 4
13 0
72 2
13 0
72 2
223 0
72 4
13 0
72 2
13 0
72 2
172 0
72 4
13 0
72 2
13 0
72 2
223 0
72 4
13 0
72 2
13 0
72 2
172 0
72 4
13 0
72 2
13 0
72 2
223 0
72 4
13 0
72 2
13 0
72 2
172 0
72 4
13 0
72 2
13 0
72 2
223 0
72 4
13 0
72 2
13 0
72 2
136 0
72 2
136 0
72 2
110 0
72 2
110 0
72 2
240 0
72 2
240 0
72 2
1651 0
72 2
1651 0
72 2
172 0
72 4
13 0
72 2
13 0
72 2
223 0
72 4
13 0
72 2
13 0
72 2
172 0
72 4
13 0
72 2
13 0
72 2
223 0
72 4
13 0
72 2
13 0
72 2
172 0
72 4
13 0
72 2
13 0
72 2
223 0
72 4
13 0
72 2
13 0
72 2
172 0
72 4
13 0
72 2
13 0
72 2
223 0
72 4
13 0
72 2
13 0
72 2
172 0
72 4
13 0
72 2
13 0
72 2
223 0
72 4
13 0
72 2
13 0
72 2
172 0
72 4
13 0
72 2
13 0
72 2
223 0
72 4
13 0
72 2
13 0
72 2
172 0
72 4
13 0
72 2
13 0
72 2
223 0
72 4
13 0
72 2
13 0
72 2
136 0
72 2
136 0
72 2
110 0
72 2
110 0
72 2
240 0
72 2
240 0
72 2
1651 0
72 2
1651 0
72 2
172 0
72 4
13 0
72 2
13 0
72 2
223 0
72 4
13 0
72 2
13 0
72 2
172 0
72 4
13 0
72 2
13 0
72 2
223 0
72 4
13 0
72 2
13 0
72 2
172 0
72 4
13 0
72 2
13 0
72 2
223 0
72 4
13 0
72 2
13 0
72 2
172 0
72 4
13 0
72 2
13 0
72 2
223 0
72 4
13 0
72 2
13 0
72 2
172 0
72 4
13 0
72 2
13 0
72 2
223 0
72 4
13 0
72 2
13 0
72 2
172 0
72 4
13 0
72 2
13 0
72 2
223 0
72 4
13 0
72 2
13 0
72 2
172 0
72 4
13 0
72 2
13 0
72 2
223 0
72 4
13 0
72 2
13 0
72 2
136 0
72 2
136 0
72 2
110 0
72 2
110 0
72 2
240 0
72 2
240 0
72 2
1651 0
72 2
1651 0
72 2
172 0
72 4
13 0
72 2
13 0
72 2
223 0
72 4
13 0
72 2
13 0
72 2
172 0
72 4
13 0
72 2
13 0
72 2
223 0
72 4
13 0
72 2
13 0
72 2
172 0
72 4
13 0
72 2
13 0
72 2
223 0
72 4
13 0
72 2
13 0
72 2
172 0
72 4
13 0
72 2
13 0
72 2
223 0
72 4
13 0
72 2
13 0
72 2
172 0
72 4
13 0
72 2
13 0
72 2
223 0
72 4
13 0
72 2
13 0
72 2
172 0
72 4
13 0
72 2
13 0
72 2
223 0
72 4
13 0
72 2
13 0
72 2
172 0
72 4
13 0
72 2
13 0
72 2
223 0
72 4
13 0
72 2
13 0
72 2
136 0
72 2
136 0
72 2
110 0
72 2
110 0
72 2
240 0
72 2
240 0
72 2
1651 0
72 2
1651 0
72 2
172 0
72 4
13 0
72 2
13 0
72 2
223 0
72 4
13 0
72 2
13 0
72 2
172 0
72 4
13 0
72 2
13 0
72 2
223 0
72 4
13 0
72 2
13 0
72 2
172 0
72 4
13 0
72 2
13 0
72 2
223 0
72 4
13 0
72 2
13 0
72 2
172 0
72 4
13 0
72 2
13 0
72 2
223 0
72 4
13 0
72 2
13 0
72 2
172 0
72 4
13 0
72 2
13 0
72 2
223 0
72 4
13 0
72 2
13 0
72 2
172 0
72 4
13 0
72 2
13 0
72 2
223 0
72 4
13 0
72 2
13 0
72 2
172 0
72 4
13 0
72 2
13 0
72 2
223 0
72 4
13 0
72 2
13 0
72 2
136 0
72 2
136 0
72 2
110 0
72 2
110 0
72 2
240 0
72 2
240 0
72 2
1651 0
72 2
1651 0
72 2
172 0
72 4
13 0
72 2
13 0
72 2
223 0
72 4
13 0
72 2
13 0
72 2
172 0
72 4
13 0
72 2
13 0
72 2
223 0
72 4
13 0
72 2
13 0
72 2
172 0
72 4
13 0
72 2
13 0
72 2
223 0
72 4
13 0
72 2
13 0
72 2
172 0
72 4
13 0
72 2
13 0
72 2
223 0
72 4
13 0
72 2
13 0
72 2
172 0
72 4
13 0
72 2
13 0
72 2
223 0
72 4
13 0
72 2
13 0
72 2
172 0
72 4
13 0
72 2
13 0
72 2
223 0
72 4
13 0
72 2
13 0
72 2
172 0
72 4
13 0
72 2
13 0
72 2
223 0
72 4
13 0
72 2
13 0
72 2
136 0
72 2
136 0
72 2
110 0
72 2
110 0
72 2
240 0
72 2
240 0
72 2
1651 0
72 2
1651 0
72 2
172 0
72 4
13 0
72 2
13 0
72 2
223 0
72 4
13 0
72 2
13 0
72 2
172 0
72 4
13 0
72 2
13 0
72 2
223 0
72 4
13 0
72 2
13 0
72 2
172 0
72 4
13 0
72 2
13 0
72 2
223 0
72 4
13 0
72 2
13 0
72 2
172 0
72 4
13 0
72 2
13 0
72 2
223 0
72 4
13 0
72 2
13 0
72 2
172 0
72 4
13 0
72 2
13 0
72 2
223 0
72 4
13 0
72 2
13 0
72 2
172 0
72 4
13 0
72 2
13 0
72 2
223 0
72 4
13 0
72 2
13 0
72 2
172 0
72 4
13 0
72 2
13 0
72 2
223 0
72 4
13 0
72 2
13 0
72 2
136 0
72 2
136 0
72 2
110 0
72 2
110 0
72 2
240 0
72 2
240 0
72 2
1651 0
72 2
1651 0
72 2
172 0
72 4
13 0
72 2
13 0
72 2
223 0
72 4
13 0
72 2
13 0
72 2
172 0
72 4
13 0
72 2
13 0
72 2
223 0
72 4
13 0
72 2
13 0
72 2
172 0
72 4
13 0
72 2
13 0
72 2
223 0
72 4
13 0
72 2
13 0
72 2
172 0
72 4
13 0
72 2
13 0
72 2
223 0
72 4
13 0
72 2
13 0
72 2
172 0
72 4
13 0
72 2
13 0
72 2
223 0
72 4
13 0
72 2
13 0
72 2
172 0
72 4
13 0
72 2
13 0
72 2
223 0
72 4
13 0
72 2
13 0
72 2
172 0
72 4
13 0
72 2
13 0
72 2
223 0
72 4
13 0
72 2
13 0
72 2
136 0
72 2
136 0
72 2
110 0
72 2
110 0
72 2
240 0
72 2
240 0
72 2
1651 0
72 2
1651 0
72 2
172 0
72 4
13 0
72 2
13 0
72 2
223 0
72 4
13 0
72 2
13 0
72 2
172 0
72 4
13 0
72 2
13 0
72 2
223 0
72 4
13 0
72 2
13 0
72 2
172 0
72 4
13 0
72 2
13 0
72 2
223 0
72 4
13 0
72 2
13 0
72 2
172 0
72 4
13 0
72 2
13 0
72 2
223 0
72 4
13 0
72 2
13 0
72 2
172 0
72 4
13 0
72 2
13 0
72 2
223 0
72 4
13 0
72 2
13 0
72 2
172 0
72 4
13 0
72 2
13 0
72 2
223 0
72 4
13 0
72 2
13 0
72 2
172 0
72 4
13 0
72 2
13 0
72 2
223 0
72 4
13 0
72 2
13 0
72 2
136 0
72 2
136 0
72 2
110 0
72 2
110 0
72 2
240 0
72 2
240 0
72 2
1651 0
72 2
1651 0
72 2
172 0
72 4
13 0
72 2
13 0
72 2
223 0
72 4
13 0
72 2
13 0
72 2
172 0
72 4
13 0
72 2
13 0
72 2
223 0
72 4
13 0
72 2
13 0
72 2
172 0
72 4
13 0
72 2
13 0
72 2
223 0
72 4
13 0
72 2
13 0
72 2
172 0
72 4
13 0
72 2
13 0
72 2
223 0
72 4
13 0
72 2
13 0
72 2
172 0
72 4
13 0
72 2
13 0
72 2
223 0
72 4
13 0
72 2
13 0
72 2
172 0
72 4
13 0
72 2
13 0
72 2
223 0
72 4
13 0
72 2
13 0
72 2
172 0
72 4
13 0
72 2
13 0
72 2
223 0
72 4
13 0
72 2
13 0
72 2
136 0
72 2
136 0
72 2
110 0
72 2
110 0
72 2
240 0
72 2
240 0
72 2
1651 0
72 2
1651 0
72 2
172 0
72 4
13 0
72 2
13 0
72 2
223 0
72 4
13 0
72 2
13 0
72 2
172 0
72 4
13 0
72 2
13 0
72 2
223 0
72 4
13 0
72 2
13 0
72 2
172 0
72 4
13 0
72 2
13 0
72 2
223 0
72 4
13 0
72 2
13 0
72 2
172 0
72 4
13 0
72 2
13 0
72 2
223 0
72 4
13 0
72 2
13 0
72 2
172 0
72 4
13 0
72 2
13 0
72 2
223 0
72 4
13 0
72 2
13 0
72 2
172 0
72 4
13 0
72 2
13 0
72 2
223 0
72 4
13 0
72 2
13 0
72 2
172 0
72 4
13 0
72 2
13 0
72 2
223 0
72 4
13 0
72 2
13 0
72 2
136 0
72 2
136 0
72 2
110 0
72 2
110 0
72 2
240 0
72 2
240 0
72 2
1651 0
72 2
1651 0
72 2
172 0
72 4
13 0
72 2
13 0
72 2
223 0
72 4
13 0
72 2
13 0
72 2
172 0
72 4
13 0
72 2
13 0
72 2
223 0
72 4
13 0
72 2
13 0
72 2
172 0
72 4
13 0
72 2
13 0
72 2
223 0
72 4
13 0
72 2
13 0
72 2
172 0
72 4
13 0
72 2
13 0
72 2
223 0
72 4
13 0
72 2
13 0
72 2
172 0
72 4
13 0
72 2
13 0
72 2
223 0
72 4
13 0
72 2
13 0
72 2
172 0
72 4
13 0
72 2
13 0
72 2
223 0
72 4
13 0
72 2
13 0
72 2
172 0
72 4
13 0
72 2
13 0
72 2
223 0
72 4
13 0
72 2
13 0
72 2
136 0
72 2
136 0
72 2
110 0
72 2
110 0
72 2
240 0
72 2
240 0
72 2
1651 0
72 2
1651 0
72 2
172 0
72 4
13 0
72 2
13 0
72 2
223 0
72 4
13 0
72 2
13 0
72 2
172 0
72 4
13 0
72 2
13 0
72 2
223 0
72 4
13 0
72 2
13 0
72 2
172 0
72 4
13 0
72 2
13 0
72 2
223 0
72 4
13 0
72 2
13 0
72 2
172 0
72 4
13 0
72 2
13 0
72 2
223 0
72 4
13 0
72 2
13 0
72 2
172 0
72 4
13 0
72 2
13 0
72 2
223 0
72 4
13 0
72 2
13 0
72 2
172 0
72 4
13 0
72 2
13 0
72 2
223 0
72 4
13 0
72 2
13 0
72 2
172 0
72 4
13 0
72 2
13 0
72 2
223 0
72 4
13 0
72 2
13 0
72 2
136 0
72 2
136 0
72 2
110 0
72 2
110 0
72 2
240 0
72 2
240 0
72 2
1651 0
72 2
1651 0
72 2
172 0
72 4
13 0
72 2
13 0
72 2
223 0
72 4
13 0
72 2
13 0
72 2
172 0
72 4
13 0
72 2
13 0
72 2
223 0
72 4
13 0
72 2
13 0
72 2
172 0
72 4
13 0
72 2
13 0
72 2
223 0
72 4
13 0
72 2
13 0
72 2
172 0
72 4
13 0
72 2
13 0
72 2
223 0
72 4
13 0
72 2
13 0
72 2
172 0
72 4
13 0
72 2
13 0
72 2
223 0
72 4
13 0
72 2
13 0
72 2
172 0
72 4
13 0
72 2
13 0
72 2
223 0
72 4
13 0
72 2
13 0
72 2
172 0
72 4
13 0
72 2
13 0
72 2
223 0
72 4
13 0
72 2
13 0
72 2
136 0
72 2
136 0
72 2
110 0
72 2
110 0
72 2
240 0
72 2
240 0
72 2
1651 0
72 2
1651 0
E
X
