major
S
L
72 7
36 3
72 8
36 3
72 1
43 3
72 8
43 3
72 1
41 3
72 8
41 3
72 1
43 3
72 8
43 3
72 1
36 3
72 8
36 3
72 1
43 3
72 8
43 3
72 1
41 3
72 8
41 3
72 1
36 3
72 1
31 3
72 1
33 3
72 1
35 3
72 1
36 3
72 8
36 3
72 1
43 3
72 8
43 3
72 1
41 3
72 8
41 3
72 1
43 3
72 8
43 3
72 1
36 3
72 8
36 3
72 1
43 3
72 8
43 3
72 1
41 3
72 8
41 3
72 1
36 3
72 5
35 3
72 5
31 3
72 9
31 2
31 3
72 9
31 2
33 3
72 9
33 2
33 3
72 9
33 2
31 3
72 9
31 2
31 3
72 9
31 2
33 3
72 9
33 2
33 3
72 9
33 2
31 3
72 9
31 2
31 3
72 9
31 2
33 3
72 9
33 2
33 3
72 9
33 2
29 3
72 8
29 2
29 2
31 3
72 8
31 2
31 2
36 3
72 5
31 3
72 5
36 3
72 1
31 3
72 1
33 3
72 1
35 3
72 1
36 3
72 8
36 3
72 1
43 3
72 8
43 3
72 1
41 3
72 8
41 3
72 1
43 3
72 8
43 3
72 1
36 3
72 8
36 3
72 1
43 3
72 8
43 3
72 1
41 3
72 8
41 3
72 1
36 3
72 1
31 3
72 1
33 3
72 1
35 3
72 1
36 3
72 8
36 3
72 1
43 3
72 8
43 3
72 1
41 3
72 8
41 3
72 1
43 3
72 8
43 3
72 1
36 3
72 8
36 3
72 1
43 3
72 8
43 3
72 1
41 3
72 8
41 3
72 1
36 3
72 5
35 3
72 5
31 3
72 9
31 2
31 3
72 9
31 2
33 3
72 9
33 2
33 3
72 9
33 2
31 3
72 9
31 2
31 3
72 9
31 2
33 3
72 9
33 2
33 3
72 9
33 2
31 3
72 9
31 2
31 3
72 9
31 2
33 3
72 9
33 2
33 3
72 9
33 2
29 3
72 8
29 2
29 2
31 3
72 8
31 2
31 2
36 3
72 5
31 3
72 5
36 3
72 1
31 3
72 1
33 3
72 1
35 3
E
S
H
60 4
62 4
64 7
62 4
60 4
62 4
55 7
67 4
65 4
64 4
62 4
64 7
62 4
60 4
62 4
64 7
62 4
60 4
62 4
55 7
65 4
65 4
64 4
62 4
60 9
72 4
60 2
62 2
64 7
62 4
60 4
62 4
55 7
67 4
65 4
64 4
62 4
64 7
62 4
60 4
62 4
64 7
62 4
60 4
62 4
55 7
67 4
67 4
65 4
62 4
60 11
59 4
62 4
67 4
59 4
62 4
67 4
65 4
62 4
64 2
62 2
64 2
62 2
64 4
62 4
64 4
62 4
60 4
62 4
59 4
62 4
67 4
59 4
62 4
67 4
65 4
62 4
64 7
69 7
64 7
60 4
71 4
59 4
62 4
67 4
59 4
62 4
67 4
65 4
62 4
64 2
62 2
64 2
62 2
64 4
62 4
64 4
62 4
60 4
62 4
65 2
64 2
65 2
64 2
65 4
60 4
59 7
62 7
60 11
72 7
60 2
62 2
64 7
62 4
60 4
62 4
55 7
67 4
65 4
64 4
62 4
64 7
62 4
60 4
62 4
64 7
62 4
60 4
62 4
55 7
65 4
65 4
64 4
62 4
60 9
72 4
60 2
62 2
64 7
62 4
60 4
62 4
55 7
67 4
65 4
64 4
62 4
64 7
62 4
60 4
62 4
64 7
62 4
60 4
62 4
55 7
67 4
67 4
65 4
62 4
60 11
59 4
62 4
67 4
59 4
62 4
67 4
65 4
62 4
64 2
62 2
64 2
62 2
64 4
62 4
64 4
62 4
60 4
62 4
59 4
62 4
67 4
59 4
62 4
67 4
65 4
62 4
64 7
69 7
64 7
60 4
71 4
59 4
62 4
67 4
59 4
62 4
67 4
65 4
62 4
64 2
62 2
64 2
62 2
64 4
62 4
64 4
62 4
60 4
62 4
65 2
64 2
65 2
64 2
65 4
60 4
59 7
62 7
60 11
72 7
60 2
62 2
E
S
H
72 7
48 2
72 2
55 2
60 2
52 2
64 2
55 2
60 2
43 2
72 2
55 2
59 2
47 2
67 2
55 2
59 2
41 2
72 2
57 2
60 2
48 2
65 2
57 2
60 2
48 2
65 2
57 2
60 2
43 2
72 2
55 2
60 2
48 2
72 2
55 2
60 2
52 2
64 2
55 2
60 2
43 2
72 2
55 2
59 2
47 2
67 2
55 2
59 2
41 2
72 2
57 2
60 2
48 2
65 2
57 2
60 2
48 2
65 2
57 2
60 2
43 2
72 2
55 2
60 2
48 2
72 2
55 2
60 2
52 2
64 2
55 2
60 2
43 2
72 2
55 2
59 2
47 2
67 2
55 2
59 2
41 2
72 2
57 2
60 2
48 2
65 2
57 2
60 2
48 2
65 2
57 2
60 2
43 2
72 2
55 2
60 2
48 2
72 2
55 2
60 2
52 2
64 2
55 2
60 2
43 2
72 2
55 2
59 2
47 2
67 2
55 2
59 2
41 2
72 2
57 2
60 2
48 2
65 2
57 2
60 2
48 2
65 2
57 2
60 2
43 2
72 2
55 2
60 2
43 2
72 2
55 2
59 2
50 2
67 2
55 2
59 2
43 2
72 2
55 2
59 2
50 2
67 2
55 2
59 2
45 2
64 2
57 2
60 2
40 2
72 2
57 2
60 2
45 2
64 2
57 2
60 2
40 2
72 2
57 2
60 2
43 2
72 2
55 2
59 2
50 2
67 2
55 2
59 2
43 2
72 2
55 2
59 2
50 2
67 2
55 2
59 2
45 2
64 2
57 2
60 2
40 2
72 2
57 2
60 2
45 2
64 2
57 2
60 2
40 2
72 2
57 2
60 2
43 2
72 2
55 2
59 2
50 2
67 2
55 2
59 2
43 2
72 2
55 2
59 2
50 2
67 2
55 2
59 2
45 2
64 2
57 2
60 2
40 2
72 2
57 2
60 2
45 2
64 2
57 2
60 2
40 2
72 2
57 2
60 2
41 2
72 2
57 2
60 2
48 2
65 2
57 2
60 2
43 2
72 2
59 2
62 2
50 2
67 2
59 2
62 2
48 2
72 2
55 2
60 2
43 2
64 2
55 2
60 2
48 2
72 2
43 2
72 2
45 2
72 2
55 2
60 2
48 2
72 2
55 2
60 2
52 2
64 2
55 2
60 2
43 2
72 2
55 2
59 2
47 2
67 2
55 2
59 2
41 2
72 2
57 2
60 2
48 2
65 2
57 2
60 2
48 2
65 2
57 2
60 2
43 2
72 2
55 2
60 2
48 2
72 2
55 2
60 2
52 2
64 2
55 2
60 2
43 2
72 2
55 2
59 2
47 2
67 2
55 2
59 2
41 2
72 2
57 2
60 2
48 2
65 2
57 2
60 2
48 2
65 2
57 2
60 2
43 2
72 2
55 2
60 2
48 2
72 2
55 2
60 2
52 2
64 2
55 2
60 2
43 2
72 2
55 2
59 2
47 2
67 2
55 2
59 2
41 2
72 2
57 2
60 2
48 2
65 2
57 2
60 2
48 2
65 2
57 2
60 2
43 2
72 2
55 2
60 2
48 2
72 2
55 2
60 2
52 2
64 2
55 2
60 2
43 2
72 2
55 2
59 2
47 2
67 2
55 2
59 2
41 2
72 2
57 2
60 2
48 2
65 2
57 2
60 2
48 2
65 2
57 2
60 2
43 2
72 2
55 2
60 2
43 2
72 2
55 2
59 2
50 2
67 2
55 2
59 2
43 2
72 2
55 2
59 2
50 2
67 2
55 2
59 2
45 2
64 2
57 2
60 2
40 2
72 2
57 2
60 2
45 2
64 2
57 2
60 2
40 2
72 2
57 2
60 2
43 2
72 2
55 2
59 2
50 2
67 2
55 2
59 2
43 2
72 2
55 2
59 2
50 2
67 2
55 2
59 2
45 2
64 2
57 2
60 2
40 2
72 2
57 2
60 2
45 2
64 2
57 2
60 2
40 2
72 2
57 2
60 2
43 2
72 2
55 2
59 2
50 2
67 2
55 2
59 2
43 2
72 2
55 2
59 2
50 2
67 2
55 2
59 2
45 2
64 2
57 2
60 2
40 2
72 2
57 2
60 2
45 2
64 2
57 2
60 2
40 2
72 2
57 2
60 2
41 2
72 2
57 2
60 2
48 2
65 2
57 2
60 2
43 2
72 2
59 2
62 2
50 2
67 2
59 2
62 2
48 2
72 2
55 2
60 2
43 2
64 2
55 2
60 2
48 2
72 2
43 2
72 2
45 2
72 2
55 2
60 2
E
S
L
72 7
12 2
72 2
14 2
72 6
14 2
72 2
12 2
72 2
14 2
14 2
72 4
14 2
72 2
12 2
72 2
14 2
72 6
14 2
72 2
12 2
72 2
14 2
14 2
72 4
14 2
72 2
12 2
72 2
14 2
72 6
14 2
72 2
12 2
72 2
14 2
14 2
72 4
14 2
72 2
12 2
72 2
14 2
72 6
14 2
72 2
12 2
72 2
14 2
14 2
72 4
14 2
72 2
12 2
72 2
14 2
72 6
14 2
72 2
12 2
72 2
14 2
14 2
72 4
14 2
72 2
12 2
72 2
14 2
72 6
14 2
72 2
12 2
72 2
14 2
14 2
72 4
14 2
72 2
12 2
72 2
14 2
72 6
14 2
72 2
12 2
72 2
14 2
14 2
72 4
14 2
72 2
12 2
72 2
14 2
72 6
14 2
72 2
12 2
72 2
14 2
14 2
72 4
14 2
72 2
12 2
72 2
14 2
18 2
18 2
72 2
14 2
12 2
12 2
72 2
14 2
14 2
18 2
72 2
14 2
12 2
12 2
72 2
14 2
18 2
18 2
72 2
14 2
12 2
12 2
72 2
14 2
14 2
18 2
72 2
14 2
12 2
12 2
72 2
14 2
18 2
18 2
72 2
14 2
12 2
12 2
72 2
14 2
14 2
18 2
72 2
14 2
12 2
12 2
72 2
14 2
18 2
18 2
72 2
14 2
12 2
12 2
72 2
14 2
14 2
18 2
72 2
14 2
12 2
12 2
72 2
14 2
18 2
18 2
72 2
14 2
12 2
12 2
72 2
14 2
14 2
18 2
72 2
14 2
12 2
12 2
72 2
14 2
18 2
18 2
72 2
14 2
12 2
12 2
72 2
14 2
14 2
18 2
72 2
14 2
12 2
12 2
72 2
14 2
18 2
18 2
72 2
14 2
12 2
12 2
72 2
14 2
14 2
18 2
72 2
14 2
12 2
12 2
72 2
14 2
18 2
18 2
72 2
14 2
12 2
12 2
72 2
14 2
14 2
18 2
72 2
14 2
12 2
12 2
72 2
14 2
72 6
14 2
72 2
12 2
72 2
14 2
14 2
72 4
14 2
72 2
12 2
72 2
14 2
72 6
14 2
72 2
12 2
72 2
14 2
14 2
72 4
14 2
72 2
12 2
72 2
14 2
72 6
14 2
72 2
12 2
72 2
14 2
14 2
72 4
14 2
72 2
12 2
72 2
14 2
72 6
14 2
72 2
12 2
72 2
14 2
14 2
72 4
14 2
72 2
12 2
72 2
14 2
72 6
14 2
72 2
12 2
72 2
14 2
14 2
72 4
14 2
72 2
12 2
72 2
14 2
72 6
14 2
72 2
12 2
72 2
14 2
14 2
72 4
14 2
72 2
12 2
72 2
14 2
72 6
14 2
72 2
12 2
72 2
14 2
14 2
72 4
14 2
72 2
12 2
72 2
14 2
72 6
14 2
72 2
12 2
72 2
14 2
14 2
72 4
14 2
72 2
12 2
72 2
14 2
18 2
18 2
72 2
14 2
12 2
12 2
72 2
14 2
14 2
18 2
72 2
14 2
12 2
12 2
72 2
14 2
18 2
18 2
72 2
14 2
12 2
12 2
72 2
14 2
14 2
18 2
72 2
14 2
12 2
12 2
72 2
14 2
18 2
18 2
72 2
14 2
12 2
12 2
72 2
14 2
14 2
18 2
72 2
14 2
12 2
12 2
72 2
14 2
18 2
18 2
72 2
14 2
12 2
12 2
72 2
14 2
14 2
18 2
72 2
14 2
12 2
12 2
72 2
14 2
18 2
18 2
72 2
14 2
12 2
12 2
72 2
14 2
14 2
18 2
72 2
14 2
12 2
12 2
72 2
14 2
18 2
18 2
72 2
14 2
12 2
12 2
72 2
14 2
14 2
18 2
72 2
14 2
12 2
12 2
72 2
14 2
18 2
18 2
72 2
14 2
12 2
12 2
72 2
14 2
14 2
18 2
72 2
14 2
12 2
12 2
72 2
14 2
18 2
18 2
72 2
14 2
12 2
12 2
72 2
14 2
14 2
18 2
72 2
14 2
12 2
E
X
