minor
S
L
45 2
41 2
43 2
40 2
38 2
36 2
35 2
34 2
33 4
72 7
33 4
33 4
72 7
33 4
72 4
33 4
72 4
33 4
33 4
72 9
31 4
72 7
31 4
31 4
72 7
31 4
72 4
31 4
72 4
31 4
31 4
72 4
38 2
36 2
35 2
34 2
33 4
72 7
33 4
33 4
72 7
33 4
72 4
33 4
72 4
33 4
33 4
72 9
31 4
72 7
31 4
31 4
72 7
31 4
72 4
31 4
72 4
31 4
31 4
72 4
38 2
36 2
35 2
34 2
28 4
28 4
35 4
35 4
28 4
35 4
36 4
38 4
72 7
38 4
72 4
38 4
72 4
38 4
72 4
28 4
28 4
35 4
35 4
28 4
35 4
36 4
33 4
72 7
33 4
72 4
33 4
72 4
33 4
72 4
28 4
28 4
35 4
35 4
28 4
35 4
36 4
38 4
72 7
38 4
72 4
38 4
72 4
38 4
72 4
28 4
28 4
35 4
35 4
28 4
35 4
36 4
33 4
72 7
33 4
72 4
33 4
72 4
38 2
36 2
35 2
34 2
33 4
72 7
33 4
33 4
72 7
33 4
72 4
33 4
72 4
33 4
33 4
72 9
31 4
72 7
31 4
31 4
72 7
31 4
72 4
31 4
72 4
31 4
31 4
72 4
38 2
36 2
35 2
34 2
33 4
72 7
33 4
33 4
72 7
33 4
72 4
33 4
72 4
33 4
33 4
72 9
31 4
72 7
31 4
31 4
72 7
31 4
72 4
31 4
72 4
31 4
31 4
72 4
38 2
36 2
35 2
34 2
28 4
28 4
35 4
35 4
28 4
35 4
36 4
38 4
72 7
38 4
72 4
38 4
72 4
38 4
72 4
28 4
28 4
35 4
35 4
28 4
35 4
36 4
33 4
72 7
33 4
72 4
33 4
72 4
33 4
72 4
28 4
28 4
35 4
35 4
28 4
35 4
36 4
38 4
72 7
38 4
72 4
38 4
72 4
38 4
72 4
28 4
28 4
35 4
35 4
28 4
35 4
36 4
33 4
72 7
33 4
72 4
33 4
72 4
38 2
36 2
35 2
34 2
E
S
H
53 2
52 2
50 2
48 2
47 2
45 2
43 2
41 2
40 4
50 4
51 4
52 4
40 4
50 4
51 4
52 4
40 4
50 4
51 4
52 4
40 4
50 4
51 4
52 4
50 4
48 4
50 4
48 4
50 4
48 4
38 4
38 4
50 4
48 4
50 4
48 4
50 4
48 4
47 2
45 2
43 2
41 2
40 4
50 4
51 4
52 4
40 4
50 4
51 4
52 4
40 4
50 4
51 4
52 4
40 4
50 4
51 4
52 4
50 4
48 4
50 4
48 4
50 4
48 4
38 4
38 4
50 4
48 4
50 4
48 4
50 4
48 4
47 2
45 2
43 2
41 2
40 11
40 4
41 4
43 12
65 2
65 2
65 2
65 2
40 11
40 4
39 4
38 12
48 4
50 4
52 11
52 4
53 4
55 12
65 2
65 2
65 2
65 2
52 11
52 4
51 4
50 9
48 7
47 7
47 2
45 2
43 2
41 2
40 4
50 4
51 4
52 4
40 4
50 4
51 4
52 4
40 4
50 4
51 4
52 4
40 4
50 4
51 4
52 4
50 4
48 4
50 4
48 4
50 4
48 4
38 4
38 4
50 4
48 4
50 4
48 4
50 4
48 4
47 2
45 2
43 2
41 2
40 4
50 4
51 4
52 4
40 4
50 4
51 4
52 4
40 4
50 4
51 4
52 4
40 4
50 4
51 4
52 4
50 4
48 4
50 4
48 4
50 4
48 4
38 4
38 4
50 4
48 4
50 4
48 4
50 4
48 4
47 2
45 2
43 2
41 2
40 11
40 4
41 4
43 12
65 2
65 2
65 2
65 2
40 11
40 4
39 4
38 12
48 4
50 4
52 11
52 4
53 4
55 12
65 2
65 2
65 2
65 2
52 11
52 4
51 4
50 9
48 7
47 7
47 2
45 2
43 2
41 2
E
S
H
47 2
45 2
43 2
41 2
40 2
38 2
36 2
35 2
33 4
45 4
46 4
47 4
33 4
45 4
46 4
47 4
33 4
45 4
46 4
47 4
33 4
45 4
46 4
47 4
45 4
43 4
45 4
43 4
45 4
43 4
33 4
33 4
45 4
43 4
45 4
43 4
45 4
43 4
40 2
38 2
36 2
35 2
33 4
45 4
46 4
47 4
33 4
45 4
46 4
47 4
33 4
45 4
46 4
47 4
33 4
45 4
46 4
47 4
45 4
43 4
45 4
43 4
45 4
43 4
33 4
33 4
45 4
43 4
45 4
43 4
45 4
43 4
40 2
38 2
36 2
35 2
35 11
35 4
36 4
38 12
60 2
60 2
60 2
60 2
35 11
35 4
34 4
33 12
43 4
45 4
47 11
47 4
48 4
50 12
60 2
60 2
60 2
60 2
47 11
47 4
46 4
45 9
43 7
41 7
40 2
38 2
36 2
35 2
33 4
45 4
46 4
47 4
33 4
45 4
46 4
47 4
33 4
45 4
46 4
47 4
33 4
45 4
46 4
47 4
45 4
43 4
45 4
43 4
45 4
43 4
33 4
33 4
45 4
43 4
45 4
43 4
45 4
43 4
40 2
38 2
36 2
35 2
33 4
45 4
46 4
47 4
33 4
45 4
46 4
47 4
33 4
45 4
46 4
47 4
33 4
45 4
46 4
47 4
45 4
43 4
45 4
43 4
45 4
43 4
33 4
33 4
45 4
43 4
45 4
43 4
45 4
43 4
40 2
38 2
36 2
35 2
35 11
35 4
36 4
38 12
60 2
60 2
60 2
60 2
35 11
35 4
34 4
33 12
43 4
45 4
47 11
47 4
48 4
50 12
60 2
60 2
60 2
60 2
47 11
47 4
46 4
45 9
43 7
41 7
40 2
38 2
36 2
35 2
E
S
L
72 11
12 2
72 6
14 2
72 2
12 2
72 2
12 2
72 6
14 2
72 2
12 2
72 6
12 2
72 2
14 2
72 2
12 2
72 2
12 2
72 6
14 2
72 6
12 2
72 6
14 2
72 2
12 2
72 2
12 2
72 6
14 2
72 2
12 2
72 6
12 2
72 2
14 2
72 2
12 2
72 2
12 2
72 6
14 2
72 6
12 2
72 6
14 2
72 2
12 2
72 2
12 2
72 6
14 2
72 2
12 2
72 6
12 2
72 2
14 2
72 2
12 2
72 2
12 2
72 6
14 2
72 6
12 2
72 6
14 2
72 2
12 2
72 2
12 2
72 6
14 2
72 2
12 2
72 6
12 2
72 2
14 2
72 2
12 2
72 2
12 2
72 6
14 2
72 6
12 2
72 2
12 2
72 2
14 2
72 6
12 2
72 2
12 2
72 2
14 2
72 2
12 2
72 8
14 2
14 2
14 2
72 2
12 2
72 6
14 2
14 2
14 2
72 2
12 2
72 2
12 2
72 2
14 2
72 6
12 2
72 2
12 2
72 2
14 2
72 2
12 2
72 8
14 2
14 2
14 2
72 2
12 2
72 6
14 2
14 2
14 2
72 2
12 2
72 2
12 2
72 2
14 2
72 6
12 2
72 2
12 2
72 2
14 2
72 2
12 2
72 8
14 2
14 2
14 2
72 2
12 2
72 6
14 2
14 2
14 2
72 2
12 2
72 2
12 2
72 2
14 2
72 6
12 2
72 2
12 2
72 2
14 2
72 2
12 2
72 2
14 2
14 2
14 2
72 2
14 2
14 2
14 2
72 2
14 2
14 2
14 2
72 2
14 2
14 2
14 2
72 2
12 2
72 6
14 2
72 2
12 2
72 2
12 2
72 6
14 2
72 2
12 2
72 6
12 2
72 2
14 2
72 2
12 2
72 2
12 2
72 6
14 2
72 6
12 2
72 6
14 2
72 2
12 2
72 2
12 2
72 6
14 2
72 2
12 2
72 6
12 2
72 2
14 2
72 2
12 2
72 2
12 2
72 6
14 2
72 6
12 2
72 6
14 2
72 2
12 2
72 2
12 2
72 6
14 2
72 2
12 2
72 6
12 2
72 2
14 2
72 2
12 2
72 2
12 2
72 6
14 2
72 6
12 2
72 6
14 2
72 2
12 2
72 2
12 2
72 6
14 2
72 2
12 2
72 6
12 2
72 2
14 2
72 2
12 2
72 2
12 2
72 6
14 2
72 6
12 2
72 2
12 2
72 2
14 2
72 6
12 2
72 2
12 2
72 2
14 2
72 2
12 2
72 8
14 2
14 2
14 2
72 2
12 2
72 6
14 2
14 2
14 2
72 2
12 2
72 2
12 2
72 2
14 2
72 6
12 2
72 2
12 2
72 2
14 2
72 2
12 2
72 8
14 2
14 2
14 2
72 2
12 2
72 6
14 2
14 2
14 2
72 2
12 2
72 2
12 2
72 2
14 2
72 6
12 2
72 2
12 2
72 2
14 2
72 2
12 2
72 8
14 2
14 2
14 2
72 2
12 2
72 6
14 2
14 2
14 2
72 2
12 2
72 2
12 2
72 2
14 2
72 6
12 2
72 2
12 2
72 2
14 2
72 2
12 2
72 2
14 2
14 2
14 2
72 2
14 2
14 2
14 2
72 2
14 2
14 2
14 2
72 2
14 2
14 2
14 2
E
X
