major
S
H
72 12
48 7
50 7
52 7
50 7
48 7
50 7
43 7
55 7
53 7
52 7
50 7
52 7
50 7
48 7
50 7
52 7
50 7
48 7
50 7
43 7
55 7
53 7
52 7
50 7
48 7
72 7
48 7
50 7
52 7
50 7
48 7
50 7
43 7
55 7
53 7
52 7
50 7
52 7
50 7
48 7
50 7
52 7
50 7
48 7
50 7
43 7
55 7
55 7
53 7
50 7
48 7
72 9
47 7
50 7
55 7
47 7
50 7
55 7
53 7
50 7
52 7
50 7
52 7
50 7
52 7
50 7
52 7
50 7
48 7
50 7
47 7
50 7
55 7
47 7
50 7
55 7
53 7
50 7
52 7
57 7
52 7
60 7
59 7
47 7
50 7
55 7
47 7
50 7
55 7
53 7
50 7
52 7
50 7
52 7
50 7
52 7
50 7
52 7
50 7
48 7
50 7
53 7
52 7
53 7
52 7
53 7
48 7
47 7
50 7
48 7
72 11
48 7
50 7
52 7
50 7
48 7
50 7
43 7
55 7
53 7
52 7
50 7
52 7
50 7
48 7
50 7
52 7
50 7
48 7
50 7
43 7
55 7
53 7
52 7
50 7
48 7
72 7
48 7
50 7
52 7
50 7
48 7
50 7
43 7
55 7
53 7
52 7
50 7
52 7
50 7
48 7
50 7
52 7
50 7
48 7
50 7
43 7
55 7
55 7
53 7
50 7
48 7
72 9
47 7
50 7
55 7
47 7
50 7
55 7
53 7
50 7
52 7
50 7
52 7
50 7
52 7
50 7
52 7
50 7
48 7
50 7
47 7
50 7
55 7
47 7
50 7
55 7
53 7
50 7
52 7
57 7
52 7
60 7
59 7
47 7
50 7
55 7
47 7
50 7
55 7
53 7
50 7
52 7
50 7
52 7
50 7
52 7
50 7
52 7
50 7
48 7
50 7
53 7
52 7
53 7
52 7
53 7
48 7
47 7
50 7
48 7
72 11
48 2
50 2
52 7
50 7
48 7
50 7
43 7
55 7
53 7
52 7
50 7
52 7
50 7
48 7
50 7
52 7
50 7
48 7
50 7
43 7
55 7
53 7
52 7
50 7
48 7
72 7
48 7
50 7
52 7
50 7
48 7
50 7
43 7
55 7
53 7
52 7
50 7
52 7
50 7
48 7
50 7
52 7
50 7
48 7
50 7
43 7
55 7
55 7
53 7
50 7
48 7
E
S
L
72 13
12 7
72 6
12 7
19 7
72 6
19 7
17 7
72 6
17 7
19 7
72 6
19 7
12 7
72 6
12 7
19 7
72 6
19 7
17 7
72 7
12 7
7 7
9 7
11 7
12 7
72 6
12 7
19 7
72 6
19 7
17 7
72 6
17 7
19 7
72 6
19 7
12 7
72 6
12 7
19 7
72 6
19 7
17 7
72 6
17 7
12 7
11 7
7 7
72 6
7 7
7 7
72 6
7 7
9 7
72 6
9 7
9 7
72 6
9 7
7 7
72 6
7 7
7 7
72 6
7 7
9 7
72 6
9 7
9 7
72 6
9 7
7 7
72 6
7 7
7 7
72 6
7 7
9 7
72 6
218 7
9 10
9 7
5 7
72 6
5 7
7 7
72 4
7 7
9 7
12 7
7 7
12 7
7 7
9 7
11 7
12 7
72 6
12 7
19 7
72 6
19 7
17 7
72 6
17 7
19 7
72 6
19 7
12 7
72 6
12 7
19 7
72 6
19 7
17 7
72 7
12 7
7 7
9 7
11 7
12 7
72 6
12 7
19 7
72 6
19 7
17 7
72 6
17 7
19 7
72 6
19 7
12 7
72 6
12 7
19 7
72 6
19 7
17 7
72 6
17 7
12 7
11 7
7 7
72 6
7 7
7 7
72 6
7 7
9 7
72 6
9 7
9 7
72 6
9 7
7 7
72 6
7 7
7 7
72 6
7 7
9 7
72 6
9 7
9 7
72 6
9 7
7 7
72 6
7 7
7 7
72 6
7 7
9 7
72 6
218 7
9 10
9 7
5 7
72 6
5 7
7 7
72 4
7 7
9 7
12 7
7 7
12 7
7 7
9 7
11 7
12 7
72 6
12 7
19 7
72 6
19 7
17 7
72 6
17 7
19 7
72 6
19 7
12 7
72 6
12 7
19 7
72 6
19 7
17 7
72 7
12 7
7 7
9 7
11 7
12 7
72 6
12 7
19 7
72 6
19 7
17 7
72 6
17 7
19 7
72 6
19 7
12 7
72 6
12 7
19 7
72 6
19 7
17 7
72 6
17 7
12 7
11 7
E
S
H
72 13
101 2
72 10
192 2
72 10
166 2
72 6
101 2
72 6
101 2
72 6
192 2
72 6
101 2
72 10
192 2
72 10
166 2
72 6
101 2
72 6
101 2
72 6
192 2
72 6
101 2
72 10
192 2
72 10
166 2
72 6
101 2
72 6
101 2
72 6
192 2
72 6
101 2
72 10
192 2
72 10
166 2
72 6
101 2
72 6
101 2
72 6
192 2
72 6
192 2
72 10
192 2
72 10
218 2
72 6
153 2
72 6
218 2
72 6
153 2
72 6
192 2
72 10
192 2
72 10
218 2
72 6
153 2
72 6
218 2
72 6
153 2
72 6
192 2
72 10
192 2
72 10
218 2
72 6
153 2
72 6
218 2
72 6
153 2
72 6
166 2
72 10
192 2
72 10
101 6
72 2
192 6
72 2
101 4
192 4
218 4
244 4
101 2
72 10
192 2
72 10
166 2
72 6
101 2
72 6
101 2
72 6
192 2
72 6
101 2
72 10
192 2
72 10
166 2
72 6
101 2
72 6
101 2
72 6
192 2
72 6
101 2
72 10
192 2
72 10
166 2
72 6
101 2
72 6
101 2
72 6
192 2
72 6
101 2
72 10
192 2
72 10
166 2
72 6
101 2
72 6
101 2
72 6
192 2
72 6
192 2
72 10
192 2
72 10
218 2
72 6
153 2
72 6
218 2
72 6
153 2
72 6
192 2
72 10
192 2
72 10
218 2
72 6
153 2
72 6
218 2
72 6
153 2
72 6
192 2
72 10
192 2
72 10
218 2
72 6
153 2
72 6
218 2
72 6
153 2
72 6
166 2
72 10
192 2
72 10
101 2
72 6
192 2
72 6
101 2
72 2
192 4
218 4
244 4
101 2
72 10
192 2
72 10
166 2
72 6
101 2
72 6
101 2
72 6
192 2
72 6
101 2
72 10
192 2
72 10
166 2
72 6
101 2
72 6
101 2
72 6
192 2
72 6
101 2
72 10
192 2
72 10
166 2
72 6
101 2
72 6
101 2
72 6
192 2
72 6
101 2
72 10
192 2
72 10
166 2
72 6
101 2
72 6
101 2
72 6
192 2
E
S
H
72 13
48 7
50 7
52 7
50 7
48 7
50 7
43 7
55 7
53 7
52 7
50 7
52 7
50 7
48 7
50 7
52 7
50 7
48 7
50 7
43 7
55 7
53 7
52 7
50 7
48 7
72 7
48 7
50 7
52 7
50 7
48 7
50 7
43 7
55 7
53 7
52 7
50 7
52 7
50 7
48 7
50 7
52 7
50 7
48 7
50 7
43 7
55 7
55 7
53 7
50 7
48 7
72 9
47 7
50 7
55 7
47 7
50 7
55 7
53 7
50 7
52 7
50 7
52 7
50 7
52 7
50 7
52 7
50 7
48 7
50 7
47 7
50 7
55 7
47 7
50 7
55 7
53 7
50 7
52 7
57 7
52 7
60 7
59 7
47 7
50 7
55 7
47 7
50 7
55 7
53 7
50 7
52 7
50 7
52 7
50 7
52 7
50 7
52 7
50 7
48 7
50 7
53 7
52 7
53 7
52 7
53 7
48 7
47 7
50 7
48 7
72 11
48 7
50 7
52 7
50 7
48 7
50 7
43 7
55 7
53 7
52 7
50 7
52 7
50 7
48 7
50 7
52 7
50 7
48 7
50 7
43 7
55 7
53 7
52 7
50 7
48 7
72 7
48 7
50 7
52 7
50 7
48 7
50 7
43 7
55 7
53 7
52 7
50 7
52 7
50 7
48 7
50 7
52 7
50 7
48 7
50 7
43 7
55 7
55 7
53 7
50 7
48 7
72 9
47 7
50 7
55 7
47 7
50 7
55 7
53 7
50 7
52 7
50 7
52 7
50 7
52 7
50 7
52 7
50 7
48 7
50 7
47 7
50 7
55 7
47 7
50 7
55 7
53 7
50 7
52 7
57 7
52 7
60 7
59 7
47 7
50 7
55 7
47 7
50 7
55 7
53 7
50 7
52 7
50 7
52 7
50 7
52 7
50 7
52 7
50 7
48 7
50 7
53 7
52 7
53 7
52 7
53 7
48 7
47 7
50 7
48 7
72 11
48 2
50 7
52 7
50 7
48 7
50 7
43 7
55 7
53 7
52 7
50 7
52 7
50 7
48 7
50 7
52 7
50 7
48 7
50 7
43 7
55 7
53 7
52 7
50 7
48 7
72 7
48 7
50 7
52 7
50 7
48 7
50 7
43 7
55 7
53 7
52 7
50 7
52 7
50 7
48 7
50 7
52 7
50 7
48 7
50 7
43 7
55 7
55 7
53 7
50 7
48 7
E
S
H
72 12
48 7
50 7
52 7
50 7
48 7
50 7
43 7
55 7
53 7
52 7
50 7
52 7
50 7
48 7
50 7
52 7
50 7
48 7
50 7
43 7
55 7
53 7
52 7
50 7
48 7
72 7
48 7
50 7
52 7
50 7
48 7
50 7
43 7
55 7
53 7
52 7
50 7
52 7
50 7
48 7
50 7
52 7
50 7
48 7
50 7
43 7
55 7
55 7
53 7
50 7
48 7
72 9
47 7
50 7
55 7
47 7
50 7
55 7
53 7
50 7
52 7
50 7
52 7
50 7
52 7
50 7
52 7
50 7
48 7
50 7
47 7
50 7
55 7
47 7
50 7
55 7
53 7
50 7
52 7
57 7
52 7
60 7
59 7
47 7
50 7
55 7
47 7
50 7
55 7
53 7
50 7
52 7
50 7
52 7
50 7
52 7
50 7
52 7
50 7
48 7
50 7
53 7
52 7
53 7
52 7
53 7
48 7
47 7
50 7
48 7
72 11
48 7
50 7
52 7
50 7
48 7
50 7
43 7
55 7
53 7
52 7
50 7
52 7
50 7
48 7
50 7
52 7
50 7
48 7
50 7
43 7
55 7
53 7
52 7
50 7
48 7
72 7
48 7
50 7
52 7
50 7
48 7
50 7
43 7
55 7
53 7
52 7
50 7
52 7
50 7
48 7
50 7
52 7
50 7
48 7
50 7
43 7
55 7
55 7
53 7
50 7
48 7
72 9
47 7
50 7
55 7
47 7
50 7
55 7
53 7
50 7
52 7
50 7
52 7
50 7
52 7
50 7
52 7
50 7
48 7
50 7
47 7
50 7
55 7
47 7
50 7
55 7
53 7
50 7
52 7
57 7
52 7
60 7
59 7
47 7
50 7
55 7
47 7
50 7
55 7
53 7
50 7
52 7
50 7
52 7
50 7
52 7
50 7
52 7
50 7
48 7
50 7
53 7
52 7
53 7
52 7
53 7
48 7
47 7
50 7
48 7
72 11
48 2
50 2
52 7
50 7
48 7
50 7
43 7
55 7
53 7
52 7
50 7
52 7
50 7
48 7
50 7
52 7
50 7
48 7
50 7
43 7
55 7
53 7
52 7
50 7
48 7
72 7
48 7
50 7
52 7
50 7
48 7
50 7
43 7
55 7
53 7
52 7
50 7
52 7
50 7
48 7
50 7
52 7
50 7
48 7
50 7
43 7
55 7
55 7
53 7
50 7
48 7
E
S
H
72 14
47 7
50 7
55 7
47 7
50 7
55 7
53 7
50 7
52 7
50 7
52 7
50 7
52 7
50 7
52 7
50 7
48 7
50 7
47 7
50 7
55 7
47 7
50 7
55 7
53 7
50 7
52 7
57 7
52 7
60 7
59 7
47 7
50 7
55 7
47 7
50 7
55 7
53 7
50 7
52 7
50 7
52 7
50 7
52 7
50 7
52 7
50 7
48 7
50 7
53 7
52 7
53 7
52 7
53 7
48 7
47 7
50 7
48 7
72 14
47 7
50 7
55 7
47 7
50 7
55 7
53 7
50 7
52 7
50 7
52 7
50 7
52 7
50 7
52 7
50 7
48 7
50 7
47 7
50 7
55 7
47 7
50 7
55 7
53 7
50 7
52 7
57 7
52 7
60 7
59 7
47 7
50 7
55 7
47 7
50 7
55 7
53 7
50 7
52 7
50 7
52 7
50 7
52 7
50 7
52 7
50 7
48 7
50 7
53 7
52 7
53 7
52 7
53 7
48 7
47 7
50 7
48 7
E
S
H
72 14
35 7
38 7
43 7
35 7
38 7
43 7
41 7
38 7
40 7
38 7
40 7
38 7
40 7
38 7
40 7
38 7
36 7
38 7
35 7
38 7
43 7
35 7
38 7
43 7
41 7
38 7
40 7
45 7
40 7
48 7
47 7
35 7
38 7
43 7
35 7
38 7
43 7
41 7
38 7
40 7
38 7
40 7
38 7
40 7
38 7
40 7
38 7
36 7
38 7
41 7
40 7
41 7
40 7
41 7
36 7
35 7
38 7
36 7
72 14
35 7
38 7
43 7
35 7
38 7
43 7
41 7
38 7
40 7
38 7
40 7
38 7
40 7
38 7
40 7
38 7
36 7
38 7
35 7
38 7
43 7
35 7
38 7
43 7
41 7
38 7
40 7
45 7
40 7
48 7
47 7
35 7
38 7
43 7
35 7
38 7
43 7
41 7
38 7
40 7
38 7
40 7
38 7
40 7
38 7
40 7
38 7
36 7
38 7
41 7
40 7
41 7
40 7
41 7
36 7
35 7
38 7
36 7
E
S
H
72 13
36 2
72 2
36 2
40 2
36 2
40 2
38 2
31 2
31 2
72 2
36 2
43 2
36 2
43 2
41 2
31 2
29 2
72 2
36 2
40 2
36 7
40 2
38 2
31 2
36 2
40 2
31 2
36 2
31 2
40 2
31 2
36 2
36 2
72 2
36 2
40 2
36 2
40 2
38 2
31 2
31 2
72 2
36 2
43 2
36 2
43 2
41 2
31 2
29 2
72 2
36 2
40 2
36 7
40 2
38 2
31 2
36 2
40 2
31 2
36 2
31 2
40 2
31 2
36 2
36 2
72 2
36 2
40 2
36 2
40 2
38 2
31 2
31 2
72 2
36 2
43 2
36 2
43 2
41 2
31 2
29 2
72 2
36 2
40 2
36 7
40 2
38 2
31 2
36 2
40 2
31 2
36 2
31 2
40 2
31 2
36 2
36 2
72 2
36 2
40 2
36 2
40 2
38 2
31 2
31 2
72 2
36 2
43 2
36 2
43 2
41 2
31 2
29 2
72 2
36 2
40 2
36 7
40 2
38 2
31 2
36 2
40 2
31 2
36 2
31 2
40 2
31 2
36 2
72 4
35 2
38 2
35 2
43 2
38 2
35 2
72 4
35 2
38 2
35 2
43 2
38 2
35 2
38 2
40 2
36 2
33 2
28 4
33 2
36 2
38 2
40 2
36 2
33 2
28 4
33 2
36 2
72 4
35 2
38 2
35 2
43 2
38 2
35 2
72 4
35 2
38 2
35 2
43 2
38 2
35 2
38 2
40 2
36 2
33 2
28 4
33 2
36 2
38 2
40 2
36 2
33 2
28 4
33 2
36 2
72 4
35 2
38 2
35 2
43 2
38 2
35 2
72 4
35 2
38 2
35 2
43 2
38 2
35 2
38 2
40 2
36 2
33 2
28 4
33 2
36 2
38 2
40 2
36 2
33 2
28 4
33 2
36 2
72 4
41 2
36 2
33 2
45 2
41 2
36 2
72 4
43 2
38 2
35 2
47 2
43 2
38 2
72 4
31 2
36 2
72 4
40 2
31 2
36 2
72 10
36 2
72 2
36 2
40 2
36 2
40 2
38 2
31 2
31 2
72 2
36 2
43 2
36 2
43 2
41 2
31 2
29 2
72 2
36 2
40 2
36 7
40 2
38 2
31 2
36 2
40 2
31 2
36 2
31 2
40 2
31 2
36 2
36 2
72 2
36 2
40 2
36 2
40 2
38 2
31 2
31 2
72 2
36 2
43 2
36 2
43 2
41 2
31 2
29 2
72 2
36 2
40 2
36 7
40 2
38 2
31 2
36 2
40 2
31 2
36 2
31 2
40 2
31 2
36 2
36 2
72 2
36 2
40 2
36 2
40 2
38 2
31 2
31 2
72 2
36 2
43 2
36 2
43 2
41 2
31 2
29 2
72 2
36 2
40 2
36 7
40 2
38 2
31 2
36 2
40 2
31 2
36 2
31 2
40 2
31 2
36 2
36 2
72 2
36 2
40 2
36 2
40 2
38 2
31 2
31 2
72 2
36 2
43 2
36 2
43 2
41 2
31 2
29 2
72 2
36 2
40 2
36 7
40 2
38 2
31 2
36 2
40 2
31 2
36 2
31 2
40 2
31 2
36 2
72 4
35 2
38 2
35 2
43 2
38 2
35 2
72 4
35 2
38 2
35 2
43 2
38 2
35 2
38 2
40 2
36 2
33 2
28 4
33 2
36 2
38 2
40 2
36 2
33 2
28 4
33 2
36 2
72 4
35 2
38 2
35 2
43 2
38 2
35 2
72 4
35 2
38 2
35 2
43 2
38 2
35 2
38 2
40 2
36 2
33 2
28 4
33 2
36 2
38 2
40 2
36 2
33 2
28 4
33 2
36 2
72 4
35 2
38 2
35 2
43 2
38 2
35 2
72 4
35 2
38 2
35 2
43 2
38 2
35 2
38 2
40 2
36 2
33 2
28 4
33 2
36 2
38 2
40 2
36 2
33 2
28 4
33 2
36 2
72 4
41 2
36 2
33 2
45 2
41 2
36 2
72 4
43 2
38 2
35 2
47 2
43 2
38 2
72 4
31 2
36 2
72 4
40 2
31 2
36 2
72 10
36 2
72 2
36 2
40 2
36 2
40 2
38 2
31 2
31 2
72 2
36 2
43 2
36 2
43 2
41 2
31 2
29 2
72 2
36 2
40 2
36 7
40 2
38 2
31 2
36 2
40 2
31 2
36 2
31 2
40 2
31 2
36 2
36 2
72 2
36 2
40 2
36 2
40 2
38 2
31 2
31 2
72 2
36 2
43 2
36 2
43 2
41 2
31 2
29 2
72 2
36 2
40 2
36 7
40 2
38 2
31 2
36 2
40 2
31 2
36 2
31 2
40 2
31 2
36 2
36 2
72 2
36 2
40 2
36 2
40 2
38 2
31 2
31 2
72 2
36 2
43 2
36 2
43 2
41 2
31 2
29 2
72 2
36 2
40 2
36 7
40 2
38 2
31 2
36 2
40 2
31 2
36 2
31 2
40 2
31 2
36 2
36 2
72 2
36 2
40 2
36 2
40 2
38 2
31 2
31 2
72 2
36 2
43 2
36 2
43 2
41 2
31 2
29 2
72 2
36 2
40 2
36 7
40 2
38 2
31 2
36 2
40 2
31 2
36 2
31 2
40 2
31 2
36 2
E
X
