major
S
H
72 7
50 6
50 2
72 2
50 2
72 4
50 4
50 3
72 8
50 6
50 2
72 2
50 2
72 4
50 4
50 3
72 8
52 6
52 2
72 2
52 2
72 4
52 4
52 3
72 8
52 6
52 2
72 2
52 2
72 4
52 4
52 3
72 8
50 6
50 2
72 2
50 2
72 4
50 4
50 3
72 8
50 6
50 2
72 2
50 2
72 4
50 4
50 3
72 8
52 6
52 2
72 2
52 2
72 4
52 4
52 3
72 8
52 6
52 2
72 2
52 2
72 4
52 4
52 3
E
S
L
31 4
31 4
47 6
47 2
31 2
47 2
31 4
47 4
47 3
72 1
31 4
31 4
47 6
47 2
31 2
47 2
31 4
47 4
47 3
72 1
31 4
31 4
48 6
48 2
31 2
48 2
31 4
48 4
48 3
72 1
31 4
31 4
48 6
48 2
31 2
48 2
31 4
48 4
48 3
72 1
31 4
31 4
47 6
47 2
31 2
47 2
31 4
47 4
47 3
72 1
31 4
31 4
47 6
47 2
31 2
47 2
31 4
47 4
47 3
72 1
31 4
31 4
48 6
48 2
31 2
48 2
31 4
48 4
48 3
72 1
31 4
31 4
48 6
48 2
31 2
48 2
31 4
48 4
48 3
E
S
H
72 7
50 6
50 2
72 2
50 2
72 4
50 4
50 3
72 8
50 6
50 2
72 2
50 2
72 4
50 4
50 3
72 8
52 6
52 2
72 2
52 2
72 4
52 4
52 3
72 8
52 6
52 2
72 2
52 2
72 4
52 4
52 3
72 8
50 6
50 2
72 2
50 2
72 4
50 4
50 3
72 8
50 6
50 2
72 2
50 2
72 4
50 4
50 3
72 8
52 6
52 2
72 2
52 2
72 4
52 4
52 3
72 8
52 6
52 2
72 2
52 2
72 4
52 4
52 3
E
S
L
18 2
72 2
18 2
72 2
18 2
72 4
18 2
12 2
18 2
12 2
72 2
18 2
72 2
18 2
72 2
18 2
72 2
18 2
72 2
18 2
72 4
18 2
12 2
18 2
12 2
72 2
18 2
72 2
18 2
72 2
18 2
72 2
18 2
72 2
18 2
72 4
18 2
12 2
18 2
12 2
72 2
18 2
72 2
18 2
72 2
18 2
72 2
18 2
72 2
18 2
72 4
18 2
12 2
18 2
12 2
72 2
18 2
72 2
18 4
18 2
72 2
18 2
72 2
18 2
72 4
18 2
12 2
18 2
12 2
72 2
18 2
72 2
18 2
72 2
18 2
72 2
18 2
72 2
18 2
72 4
18 2
12 2
18 2
12 2
72 2
18 2
72 2
18 2
72 2
18 2
72 2
18 2
72 2
18 2
72 4
18 2
12 2
18 2
12 2
72 2
18 2
72 2
18 2
72 2
18 2
72 2
18 2
72 2
18 2
72 4
18 2
12 2
18 2
12 2
72 2
18 2
72 2
18 4
E
X
