major
S
L
72 13
20 2
20 3
72 0
20 2
22 3
20 2
20 2
20 2
20 2
20 2
20 2
22 2
20 2
20 2
20 2
20 2
20 3
72 1
20 2
22 3
20 2
20 2
20 2
20 2
20 2
20 2
22 2
20 2
20 2
20 2
20 2
20 3
72 1
20 2
22 3
72 0
20 2
20 2
20 2
20 2
20 2
20 2
22 2
20 2
20 2
20 2
20 2
20 3
20 2
22 3
72 1
20 2
20 3
20 2
20 2
20 2
22 2
22 2
20 2
20 2
20 2
20 3
20 2
22 3
72 1
20 2
20 2
20 2
20 2
20 2
20 2
22 2
20 2
20 2
20 2
20 2
20 3
72 0
20 2
22 3
20 2
20 2
20 2
20 2
20 2
20 2
22 2
20 2
20 2
20 2
22 2
22 2
22 2
22 5
22 2
22 2
22 2
22 5
22 2
22 2
22 2
22 4
E
S
H
72 13
49 3
44 3
72 1
49 3
44 3
72 0
49 3
72 1
44 3
49 3
72 1
44 3
49 3
72 0
44 3
72 1
49 3
44 3
72 1
49 3
44 3
72 0
49 3
72 1
44 3
49 3
72 1
44 3
49 3
72 0
44 3
72 1
49 3
44 3
72 1
49 3
44 3
72 0
49 3
72 1
44 3
49 3
72 1
44 3
49 3
72 0
44 3
72 1
49 3
44 3
72 1
49 3
44 3
72 0
49 3
72 1
44 3
49 3
72 1
44 3
49 3
72 0
44 3
72 1
49 3
44 3
72 1
49 3
44 3
72 0
49 3
72 1
44 3
49 3
72 1
44 3
49 3
72 0
49 3
72 4
49 3
72 1
49 3
72 4
49 3
72 1
49 2
49 0
E
S
L
72 13
13 0
72 0
13 3
72 0
13 0
72 2
23 0
72 2
25 0
72 0
18 0
72 1
20 0
72 2
13 0
72 2
23 0
72 2
25 0
72 0
10 3
72 0
10 0
72 2
22 0
72 2
23 0
72 0
13 0
72 1
13 3
72 1
13 0
72 2
23 0
72 0
25 0
72 1
18 0
72 2
20 0
72 2
13 0
72 2
23 0
72 0
25 0
72 1
10 3
72 1
10 0
72 2
22 0
72 0
23 0
72 1
13 0
72 2
13 3
72 1
13 0
72 0
23 0
72 1
25 0
72 2
18 0
72 2
20 0
72 2
13 0
72 0
23 0
72 1
25 0
72 2
10 3
72 1
10 0
72 0
22 0
72 1
23 0
72 2
30 0
72 2
32 0
72 2
13 0
72 0
23 0
72 1
25 0
72 2
13 0
72 2
13 0
72 2
27 0
72 0
28 0
72 1
13 0
72 2
22 0
72 2
23 0
72 2
10 0
72 0
10 0
72 1
30 0
72 2
11 0
72 2
13 0
72 2
13 3
13 0
72 1
23 0
72 2
25 0
72 2
18 0
72 0
20 0
72 1
13 0
72 2
23 0
72 2
25 0
72 2
10 3
10 0
72 1
22 0
72 2
23 0
72 2
13 0
72 0
13 3
72 0
13 0
72 2
23 0
72 2
25 0
72 0
18 0
72 1
20 0
72 2
13 0
72 2
23 0
72 2
25 0
72 0
10 3
72 0
10 0
72 2
22 0
72 2
23 0
72 0
29 0
72 1
30 0
72 2
23 0
72 2
23 0
72 4
29 0
72 2
30 0
72 2
23 0
72 2
23 0
72 4
29 0
72 2
30 0
72 2
25 0
72 0
25 0
E
S
H
72 13
44 12
72 0
47 12
72 1
51 12
72 2
49 12
72 2
44 12
72 2
51 12
72 0
51 0
72 1
49 0
72 2
44 0
72 2
37 0
72 4
51 0
72 2
49 0
72 2
44 0
72 2
37 0
72 4
51 0
72 2
49 0
72 2
48 0
72 0
44 0
E
S
H
72 13
49 12
72 0
51 12
72 1
54 12
72 2
53 12
72 2
49 12
72 2
54 12
72 0
54 0
72 1
53 0
72 2
49 0
72 2
44 0
72 4
54 0
72 2
53 0
72 2
49 0
72 2
44 0
72 4
54 0
72 2
53 0
72 2
51 0
72 0
49 0
E
S
H
72 13
37 3
72 0
37 3
72 1
37 3
37 3
72 1
37 3
37 3
72 0
37 3
72 1
37 3
37 3
72 1
37 3
37 3
72 0
37 3
72 1
37 3
37 3
72 1
37 3
37 3
72 0
37 3
72 1
37 3
37 3
72 1
37 3
37 3
72 0
37 3
72 1
37 3
37 3
72 1
37 3
37 3
72 0
37 3
72 1
37 3
37 3
72 1
37 3
37 3
72 0
37 3
72 1
37 3
37 3
72 1
37 3
37 3
72 0
37 3
72 1
37 3
37 3
72 1
37 3
37 3
72 0
37 3
72 1
37 3
37 3
72 1
37 3
37 3
72 0
37 3
72 1
37 3
37 3
72 1
37 0
72 6
37 3
72 1
37 0
72 6
37 3
37 0
E
S
L
72 13
12 2
12 3
72 0
12 2
14 3
12 2
12 2
12 2
12 2
12 2
12 2
14 2
12 2
12 2
12 2
12 2
12 3
72 1
12 2
14 3
12 2
12 2
12 2
12 2
12 2
12 2
14 2
12 2
12 2
12 2
12 2
12 3
72 1
12 2
14 3
72 0
12 2
12 2
12 2
12 2
12 2
12 2
14 2
12 2
12 2
12 2
12 2
12 3
12 2
14 3
72 1
12 2
12 3
12 2
12 2
12 2
14 2
14 2
12 2
12 2
12 2
12 3
12 2
14 3
72 1
12 2
12 2
12 2
12 2
12 2
12 2
14 2
12 2
12 2
12 2
12 2
12 3
72 0
12 2
14 3
12 2
12 2
12 2
12 2
12 2
12 2
14 2
12 2
12 2
12 2
14 2
14 2
14 2
14 5
14 2
14 2
14 2
14 5
14 2
14 2
14 2
14 4
E
S
L
72 13
35 3
30 3
72 1
35 3
30 3
72 0
35 3
72 1
30 3
35 3
72 1
30 3
35 3
72 0
30 3
72 1
35 3
30 3
72 1
35 3
30 3
72 0
35 3
72 1
30 3
35 3
72 1
30 3
35 3
72 0
30 3
72 1
35 3
30 3
72 1
35 3
30 3
72 0
35 3
72 1
30 3
35 3
72 1
30 3
35 3
72 0
30 3
72 1
35 3
30 3
72 1
35 3
30 3
72 0
35 3
72 1
30 3
35 3
72 1
30 3
35 3
72 0
30 3
72 1
35 3
30 3
72 1
35 3
30 3
72 0
35 3
72 1
30 3
35 3
72 1
30 3
35 3
72 0
35 3
72 4
35 3
72 1
35 3
72 4
35 3
72 1
35 2
35 0
E
X
