major
S
L
24 9
21 9
17 4
14 4
16 4
17 7
19 4
19 2
19 2
7 4
72 13
12 6
12 2
72 4
7 2
9 2
72 2
12 2
7 2
21 4
19 2
16 2
15 2
14 4
72 2
14 2
72 4
9 2
8 2
72 2
7 2
72 2
19 4
7 2
9 2
7 2
12 6
12 2
72 4
7 2
9 2
72 2
12 2
7 2
21 4
19 2
16 2
15 2
14 4
72 2
14 2
72 4
9 2
8 2
72 2
7 2
72 2
19 4
7 2
9 2
7 2
12 6
12 2
72 4
7 2
9 2
72 2
12 2
7 2
21 4
19 2
16 2
15 2
14 4
72 2
14 2
72 4
9 2
8 2
72 2
7 2
72 2
19 4
7 2
9 2
7 2
12 6
12 2
72 4
7 2
9 2
72 2
12 2
7 2
21 4
19 2
16 2
15 2
14 4
72 2
14 2
72 4
9 2
8 2
72 2
7 2
72 2
19 4
7 2
9 2
7 2
12 6
12 2
72 4
7 2
9 2
72 2
12 2
7 2
21 4
19 2
16 2
15 2
14 4
72 2
14 2
72 4
9 2
8 2
72 2
7 2
72 2
19 4
7 2
9 2
7 2
12 6
12 2
72 4
7 2
9 2
72 2
12 2
7 2
21 4
19 2
16 2
15 2
14 4
72 2
14 2
72 4
9 2
8 2
72 2
7 2
72 2
19 4
7 2
9 2
7 2
12 6
12 2
72 4
7 2
9 2
72 2
12 2
7 2
21 4
19 2
16 2
15 2
14 4
72 2
14 2
72 4
9 2
8 2
72 2
7 2
72 2
19 4
7 2
9 2
7 2
12 6
12 2
72 4
7 2
9 2
72 2
12 2
7 2
21 4
19 2
16 2
15 2
14 4
72 2
14 2
72 4
9 2
8 2
72 2
7 2
72 2
19 4
7 2
9 2
7 2
E
S
H
43 2
48 2
50 2
57 2
55 2
72 2
60 2
72 2
55 2
72 2
52 4
72 2
36 2
40 2
41 2
45 2
48 2
50 2
57 2
55 2
72 2
55 0
72 1
60 0
72 0
62 0
65 0
72 2
67 0
60 0
72 2
62 0
72 0
65 0
72 1
67 3
67 3
72 1
67 3
72 0
67 3
E
S
H
72 13
50 0
72 1
53 0
72 0
55 0
60 0
72 2
62 0
65 0
72 2
67 0
72 0
60 0
72 1
62 3
62 3
72 1
62 3
72 0
62 3
E
S
H
43 2
48 2
50 2
57 2
55 2
72 2
60 2
72 2
55 2
72 2
52 4
72 2
36 2
40 2
41 2
45 2
48 2
50 2
57 2
55 2
E
S
H
43 7
52 7
38 7
31 7
40 9
50 7
72 13
36 6
36 2
72 14
36 6
36 2
72 14
36 6
36 2
72 14
36 6
36 2
72 14
36 6
36 2
72 14
36 6
36 2
72 14
36 6
36 2
72 14
36 6
36 2
E
S
H
72 4
45 7
36 7
45 7
33 7
47 4
45 7
43 4
72 13
40 6
40 2
72 14
40 6
40 2
72 14
40 6
40 2
72 14
40 6
40 2
72 14
40 6
40 2
72 14
40 6
40 2
72 14
40 6
40 2
72 14
40 6
40 2
E
S
H
43 9
40 9
36 9
33 7
36 7
E
S
H
47 9
43 9
40 9
36 7
40 4
40 4
E
S
H
72 14
67 4
67 4
67 4
67 4
E
S
L
16 2
72 2
18 2
72 2
18 2
72 2
16 2
72 2
18 2
72 2
18 2
72 2
16 2
72 2
131 2
72 2
107 2
24 2
213 2
72 2
191 2
72 2
16 2
72 2
16 2
72 2
21 2
72 11
21 2
19 2
72 2
17 2
72 2
16 2
16 2
12 2
72 2
30 2
72 2
16 2
72 2
12 2
12 2
72 2
12 2
12 2
72 2
16 2
72 2
12 2
30 2
72 2
12 2
173 2
72 2
16 2
72 2
12 2
12 2
72 2
12 2
72 2
12 2
16 2
72 2
173 2
72 2
12 2
72 2
30 2
72 2
16 2
72 2
12 2
12 2
72 2
12 2
12 2
72 2
16 2
72 2
12 2
30 2
72 2
12 2
173 2
72 2
16 2
72 2
12 2
12 2
72 2
12 2
72 2
12 2
16 2
72 2
173 2
72 2
12 2
72 2
30 2
72 2
16 2
72 2
12 2
12 2
72 2
12 2
12 2
72 2
16 2
72 2
12 2
30 2
72 2
12 2
173 2
72 2
16 2
72 2
12 2
12 2
72 2
12 2
72 2
12 2
16 2
72 2
173 2
72 2
12 2
72 2
30 2
72 2
16 2
72 2
12 2
12 2
72 2
12 2
12 2
72 2
16 2
72 2
12 2
30 2
72 2
12 2
173 2
72 2
16 2
72 2
12 2
12 2
72 2
12 2
72 2
12 2
16 2
72 2
173 2
72 2
12 2
72 2
30 2
72 2
16 2
72 2
12 2
12 2
72 2
12 2
12 2
72 2
16 2
72 2
12 2
30 2
72 2
12 2
173 2
72 2
16 2
72 2
12 2
12 2
72 2
12 2
72 2
12 2
16 2
72 2
173 2
72 2
12 2
72 2
30 2
72 2
16 2
72 2
12 2
12 2
72 2
12 2
12 2
72 2
16 2
72 2
12 2
30 2
72 2
12 2
173 2
72 2
16 2
72 2
12 2
12 2
72 2
12 2
72 2
12 2
16 2
72 2
173 2
72 2
12 2
72 2
30 2
72 2
16 2
72 2
12 2
12 2
72 2
12 2
12 2
72 2
16 2
72 2
12 2
30 2
72 2
12 2
173 2
72 2
16 2
72 2
12 2
12 2
72 2
12 2
72 2
12 2
16 2
72 2
173 2
72 2
12 2
72 2
30 2
72 2
16 2
72 2
12 2
12 2
72 2
12 2
12 2
72 2
16 2
72 2
12 2
30 2
72 2
12 2
173 2
72 2
16 2
72 2
12 2
12 2
72 2
12 2
72 2
12 2
16 2
72 2
173 2
E
S
H
72 14
64 4
72 7
60 4
72 4
67 4
72 7
69 4
72 4
69 7
72 4
62 4
72 7
64 4
72 7
60 4
72 4
67 4
72 7
69 4
72 4
69 7
72 4
62 4
72 7
64 4
72 7
60 4
72 4
67 4
72 7
69 4
72 4
69 7
72 4
62 4
72 7
64 4
72 7
60 4
72 4
67 4
72 7
69 4
72 4
69 7
72 4
62 4
72 7
64 4
72 7
60 4
72 4
67 4
72 7
69 4
72 4
69 7
72 4
62 4
72 7
64 4
72 7
60 4
72 4
67 4
72 7
69 4
72 4
69 7
72 4
62 4
72 7
64 4
72 7
60 4
72 4
67 4
72 7
69 4
72 4
69 7
72 4
62 4
72 7
64 4
72 7
60 4
72 4
67 4
72 7
69 4
72 4
69 7
72 4
62 4
E
S
H
72 14
60 7
72 4
71 4
72 4
62 7
72 4
60 4
72 7
67 4
72 4
67 4
72 7
60 7
72 4
71 4
72 4
62 7
72 4
60 4
72 7
67 4
72 4
67 4
72 7
60 7
72 4
71 4
72 4
62 7
72 4
60 4
72 7
67 4
72 4
67 4
72 7
60 7
72 4
71 4
72 4
62 7
72 4
60 4
72 7
67 4
72 4
67 4
72 7
60 7
72 4
71 4
72 4
62 7
72 4
60 4
72 7
67 4
72 4
67 4
72 7
60 7
72 4
71 4
72 4
62 7
72 4
60 4
72 7
67 4
72 4
67 4
72 7
60 7
72 4
71 4
72 4
62 7
72 4
60 4
72 7
67 4
72 4
67 4
72 7
60 7
72 4
71 4
72 4
62 7
72 4
60 4
72 7
67 4
72 4
67 4
E
S
L
72 14
240 13
72 2
214 10
72 2
214 10
72 2
240 13
72 2
214 10
72 2
214 10
72 2
240 13
72 2
214 10
72 2
214 10
72 2
240 13
72 2
214 10
72 2
214 10
72 2
240 13
72 2
214 10
72 2
214 10
72 2
240 13
72 2
214 10
72 2
214 10
72 2
240 13
72 2
214 10
72 2
214 10
72 2
240 13
72 2
214 10
72 2
214 10
E
S
H
72 14
149 13
72 2
149 10
72 2
148 10
72 2
149 13
72 2
149 10
72 2
148 10
72 2
149 13
72 2
149 10
72 2
148 10
72 2
149 13
72 2
149 10
72 2
148 10
72 2
149 13
72 2
149 10
72 2
148 10
72 2
149 13
72 2
149 10
72 2
148 10
72 2
149 13
72 2
149 10
72 2
148 10
72 2
149 13
72 2
149 10
72 2
148 10
E
X
