minor
S
L
15 7
10 4
15 4
30 7
39 7
171 7
46 7
15 7
10 4
15 4
30 7
42 7
171 7
34 7
15 7
10 4
15 4
30 7
39 7
171 7
46 7
15 7
10 4
15 4
30 7
42 7
171 7
34 7
15 7
10 4
15 4
30 7
39 7
171 7
46 7
15 7
10 4
15 4
30 7
42 7
171 7
34 7
15 7
10 4
15 4
30 7
42 7
171 7
46 7
15 7
10 4
15 4
34 7
42 7
171 7
34 7
35 7
30 4
35 4
39 7
51 7
147 7
54 7
15 7
10 4
15 4
30 7
42 7
171 7
51 7
35 7
30 4
35 4
39 7
51 7
147 7
54 7
15 7
10 4
15 4
22 7
39 7
39 7
42 7
15 7
10 4
15 4
34 7
42 7
171 7
49 7
15 7
10 4
15 4
34 7
42 7
171 7
34 7
15 7
10 4
15 4
34 7
42 7
46 7
49 7
51 11
15 13
E
S
L
72 11
34 11
35 11
34 13
32 11
34 13
30 11
27 14
72 7
34 11
35 11
34 13
32 11
34 13
30 11
27 13
72 13
42 11
41 11
39 14
72 7
39 11
41 11
42 14
72 7
34 11
35 11
34 13
30 11
34 13
29 11
27 13
E
S
H
72 11
42 11
41 11
42 11
46 13
41 11
46 13
42 11
39 13
72 7
42 11
41 11
42 11
51 13
49 11
46 11
42 11
46 13
49 11
51 11
72 14
42 11
41 11
42 11
46 13
41 11
46 11
49 11
46 13
E
S
H
72 14
54 11
53 11
51 14
72 7
54 11
53 11
54 14
72 14
61 11
63 13
E
S
L
72 11
34 11
35 11
34 13
32 11
34 13
30 11
27 14
72 7
34 11
35 11
34 13
32 11
34 13
30 11
27 13
72 13
35 11
35 11
34 13
34 11
35 11
35 11
35 11
34 14
72 7
34 11
35 11
34 13
30 11
34 13
29 11
27 13
E
S
H
72 14
34 2
35 2
37 2
39 2
41 2
42 2
44 2
46 2
47 2
49 2
51 2
52 2
54 11
72 14
34 2
35 2
37 2
39 2
41 2
42 2
44 2
46 2
47 2
49 2
51 2
52 2
54 11
E
X
