minor
S
L
72 14
21 10
72 4
21 4
72 4
21 10
72 4
21 3
72 4
21 10
72 4
21 4
72 4
21 10
72 4
21 3
72 5
21 10
72 4
21 4
72 4
21 10
72 4
21 4
72 4
21 10
72 4
21 4
72 4
21 10
72 3
21 4
72 4
21 11
72 2
21 4
72 3
21 10
72 4
21 5
72 3
21 11
72 2
21 4
72 4
21 11
72 2
21 4
72 4
21 10
72 4
21 4
72 2
21 11
72 2
21 5
72 3
21 10
72 4
21 4
72 3
21 10
72 4
21 4
72 5
21 10
72 2
21 5
72 4
21 10
72 2
21 4
72 6
21 10
72 2
21 4
72 4
21 10
72 4
21 4
72 4
19 10
72 3
19 4
72 4
19 10
72 4
19 4
72 4
19 10
72 4
19 4
72 4
19 10
72 4
19 4
72 2
17 10
72 4
17 4
72 4
17 10
72 3
17 5
72 4
17 10
72 3
17 4
72 4
17 10
72 3
17 3
72 5
21 10
72 4
21 4
72 4
21 10
72 4
21 4
72 4
21 10
72 4
21 3
72 5
21 10
72 2
21 4
72 4
21 10
72 4
21 4
72 4
21 10
72 3
21 4
72 4
21 10
72 4
21 4
72 3
21 10
72 4
21 4
72 4
21 10
72 3
21 4
72 4
21 10
72 4
21 4
72 4
21 10
72 4
21 4
72 4
21 10
72 4
21 3
72 5
19 10
72 4
19 4
72 4
19 10
72 4
19 4
72 4
19 9
72 4
19 4
72 4
19 10
72 4
19 4
72 4
17 10
72 3
17 4
72 4
17 9
72 6
17 4
72 4
17 10
72 4
17 4
72 3
17 10
72 4
17 3
72 5
19 10
72 3
19 4
72 5
19 10
72 4
19 4
72 6
19 10
72 2
19 4
72 4
19 10
72 4
19 4
72 4
21 10
72 4
21 4
72 4
21 10
72 4
21 4
72 4
21 10
72 4
21 4
72 4
21 10
72 4
21 4
72 4
19 10
72 4
19 5
72 3
19 9
72 4
19 4
72 4
19 10
72 4
19 4
72 4
19 9
72 4
19 4
72 4
17 10
72 4
17 4
72 5
17 10
72 3
17 4
72 4
17 10
72 3
17 4
72 4
17 10
72 4
17 3
72 5
21 10
72 4
21 4
72 4
21 10
72 4
21 3
72 5
21 11
72 1
21 4
72 4
21 10
72 3
21 3
72 14
21 9
72 4
21 4
72 4
21 10
72 4
21 3
72 5
21 10
72 4
21 4
72 4
21 10
72 2
21 4
72 5
21 10
72 3
21 4
72 4
21 10
72 4
21 4
72 4
21 10
72 4
21 4
72 4
21 9
72 4
21 3
72 7
21 10
72 3
21 4
72 4
21 9
72 4
21 4
72 5
21 10
72 3
21 4
72 5
21 10
72 3
21 3
72 5
21 10
72 4
21 5
72 3
21 10
72 2
21 3
72 5
21 10
72 4
21 2
72 6
21 10
72 4
21 3
72 4
21 10
72 4
21 4
72 4
21 10
72 4
21 4
72 4
21 10
72 3
21 4
72 6
21 10
72 3
21 4
72 4
19 10
72 3
19 5
72 4
19 9
72 4
19 4
72 4
19 10
72 4
19 4
72 4
19 10
72 4
19 4
72 4
17 10
72 3
17 4
72 4
17 10
72 4
17 3
72 5
17 10
72 4
17 4
72 4
17 10
72 3
17 3
72 5
21 10
72 4
21 4
72 4
21 9
72 5
21 4
72 4
21 10
72 4
21 4
72 4
21 10
72 4
21 3
72 5
21 10
72 4
21 3
72 4
21 10
72 4
21 4
72 4
21 11
72 2
21 4
72 3
21 9
72 5
21 4
72 4
21 10
72 4
21 4
72 4
21 10
72 4
21 4
72 6
21 10
72 2
21 3
72 5
21 10
72 4
21 4
72 4
19 10
72 3
19 5
72 3
19 11
72 2
19 4
72 4
19 10
72 4
19 4
72 4
19 10
72 3
19 3
72 5
17 10
72 2
17 4
72 6
17 10
72 2
17 3
72 5
17 10
72 4
17 4
72 2
17 9
72 6
17 3
72 5
19 10
72 4
19 4
72 4
19 10
72 4
19 4
72 4
19 10
72 4
19 4
72 4
19 10
72 2
19 3
72 5
21 9
72 6
21 4
72 4
21 10
72 4
21 4
72 4
21 10
72 4
21 4
72 4
21 10
72 4
21 3
72 5
19 10
72 4
19 4
72 4
19 10
72 4
19 4
72 4
19 10
72 3
19 5
72 3
19 10
72 4
19 3
72 6
17 9
72 4
17 4
72 5
17 10
72 4
17 4
72 4
17 10
72 3
17 4
72 4
17 9
72 4
17 3
72 5
21 10
72 4
21 3
72 5
21 10
72 2
21 4
72 6
21 10
72 3
21 4
72 4
21 10
72 4
21 3
E
S
L
72 13
19 7
16 8
14 7
12 14
72 1
21 8
16 8
19 8
14 14
72 14
19 7
16 8
14 8
12 13
72 13
21 7
16 8
19 8
14 14
72 14
19 8
16 8
14 8
12 13
72 13
21 8
16 8
19 8
14 14
E
S
H
72 13
40 8
43 7
42 7
40 14
72 2
45 7
48 7
72 0
47 7
45 14
72 14
40 7
43 7
72 1
42 7
40 14
72 7
45 7
48 7
47 8
45 14
72 14
40 7
72 1
43 7
42 7
40 14
72 4
45 7
48 7
47 7
72 2
45 14
E
S
L
72 14
21 12
72 7
21 12
72 6
21 13
72 4
21 12
72 5
21 13
72 4
21 13
72 3
21 12
72 4
21 13
72 4
21 13
72 4
21 13
72 4
21 13
72 2
21 13
72 4
21 13
72 4
21 13
72 2
21 13
72 4
19 12
72 4
19 13
72 3
19 13
72 0
17 13
72 4
17 13
72 4
17 13
72 2
21 12
72 4
21 13
72 4
21 12
72 6
21 13
72 4
21 13
72 4
21 13
72 4
21 13
72 4
21 13
72 4
21 13
72 4
19 12
72 4
19 13
72 2
19 13
17 13
72 4
17 13
72 3
17 13
72 1
19 13
72 4
19 13
72 4
19 13
72 4
21 12
72 4
21 13
72 4
21 13
72 3
19 13
72 4
19 13
72 4
19 13
72 0
17 12
72 6
17 13
72 4
17 13
72 2
21 13
72 4
21 13
72 4
21 13
72 14
21 12
72 6
21 13
72 6
21 12
72 4
21 12
72 6
21 13
72 5
21 13
72 3
21 12
72 6
21 13
72 2
21 13
72 2
21 12
72 6
21 13
72 4
21 13
72 3
21 13
72 4
21 13
72 4
21 13
72 2
19 12
72 6
19 13
72 4
19 12
72 6
17 13
72 5
17 13
72 3
17 13
72 4
21 12
72 4
21 13
72 7
21 12
72 4
21 12
72 4
21 13
72 5
21 13
72 4
21 13
72 4
21 12
72 6
21 13
72 4
19 12
72 4
19 13
72 4
19 12
72 4
17 13
72 5
17 13
72 4
17 12
72 4
19 13
72 2
19 13
72 4
19 13
72 3
21 13
72 4
21 13
72 2
21 13
72 4
19 13
72 4
19 13
72 4
19 13
72 4
17 13
72 4
17 13
72 4
17 13
21 13
72 4
21 13
72 4
21 13
E
S
H
72 14
45 11
40 7
43 14
72 6
45 8
48 8
47 7
45 14
72 7
45 11
40 7
43 14
72 6
45 8
48 8
47 7
45 11
40 8
43 13
72 4
40 8
43 14
72 5
45 9
48 14
72 5
48 11
47 14
72 14
45 12
40 7
43 14
72 6
45 9
48 8
47 7
45 14
72 7
45 11
40 7
72 2
43 14
72 7
45 10
48 7
47 7
45 11
40 8
43 13
72 6
40 8
43 14
72 7
45 10
48 14
72 8
48 11
47 14
E
S
H
72 14
47 3
48 5
50 4
52 3
47 14
72 0
47 4
48 6
50 4
52 3
45 14
47 4
48 5
50 4
52 4
43 14
72 4
40 8
43 7
40 8
38 14
72 1
47 4
48 6
50 4
52 3
47 14
72 1
47 4
48 6
50 4
52 3
45 14
47 4
48 5
50 3
52 3
72 1
43 14
48 12
47 8
45 14
72 14
47 4
48 5
50 3
52 3
72 0
47 14
72 3
47 3
48 5
50 3
52 3
45 14
72 3
47 4
48 5
50 3
52 4
43 14
72 2
40 8
43 8
40 8
38 14
47 4
48 6
50 4
52 3
72 1
47 14
47 4
48 5
50 4
52 3
45 14
72 2
47 4
48 6
50 3
52 3
43 14
48 11
47 7
45 14
E
S
L
72 14
33 12
72 0
28 12
31 13
72 7
33 8
36 7
72 1
35 7
33 14
72 7
33 12
28 12
31 14
33 12
31 12
35 12
31 12
33 12
72 0
28 12
31 13
72 4
33 7
36 7
35 7
72 2
33 14
72 6
33 12
28 12
31 13
72 5
33 7
36 7
72 2
35 7
33 13
72 14
33 12
72 4
28 12
72 4
31 13
72 7
33 7
72 2
36 7
35 7
33 14
72 6
33 12
72 2
28 12
31 13
72 7
33 12
31 12
35 12
72 2
31 12
33 12
28 12
72 0
31 13
72 6
33 7
36 7
72 0
35 7
33 14
72 6
33 12
28 12
72 1
31 13
72 10
33 7
36 7
35 7
33 14
E
X
