major
S
L
1012 4
1616 4
1012 4
1616 14
1012 4
1616 4
1012 4
1616 14
1012 4
1616 4
1012 4
1616 14
1012 4
1616 4
1012 4
1616 14
1012 4
1616 4
1012 4
1616 14
1012 4
1616 4
1012 4
1616 14
1012 4
1616 4
1012 4
1616 14
1012 4
1616 4
1012 4
1616 14
1012 4
1616 4
1012 4
1616 14
1012 4
1616 4
1012 4
1616 14
1012 4
1616 4
1012 4
1616 14
1012 4
1616 4
1012 4
1616 14
1012 4
1616 4
1012 4
1616 14
1012 4
1616 4
1012 4
1616 14
1012 4
1616 4
1012 4
1616 14
1012 4
1616 4
1012 4
1616 14
1012 4
1616 4
1012 4
1616 14
1012 4
1616 4
1012 4
1616 14
1012 4
1616 4
320 4
1616 14
E
S
H
72 14
32 11
39 7
37 11
39 7
32 11
39 7
37 11
39 7
32 11
39 7
37 11
39 7
32 11
39 7
37 11
39 7
32 11
39 7
37 11
39 7
32 11
39 7
37 11
39 7
32 11
39 7
37 11
39 7
32 11
39 7
37 11
39 7
32 11
39 7
37 11
39 7
32 11
39 7
37 11
39 7
32 11
39 7
37 11
39 7
32 11
39 7
37 11
39 7
32 11
39 7
37 11
39 7
32 11
39 7
37 11
39 7
32 11
39 7
37 11
39 7
32 11
39 7
37 11
39 7
32 11
39 13
37 4
46 4
46 4
42 4
42 14
46 4
46 4
42 4
42 14
46 4
46 4
42 4
42 14
46 4
46 4
42 4
42 13
51 4
46 13
72 12
42 4
42 13
72 12
51 4
46 13
72 12
42 4
42 13
72 12
51 4
46 13
72 12
42 4
42 13
E
S
L
72 14
23 13
27 11
37 7
30 13
27 9
23 4
27 4
37 7
30 13
27 9
23 4
27 4
37 13
30 13
27 9
23 4
27 4
37 13
30 13
27 9
23 4
27 4
37 13
30 13
27 9
23 4
27 4
37 13
30 13
27 9
23 4
27 4
37 13
30 13
27 9
23 4
27 4
37 13
30 12
27 11
E
S
L
72 14
12 4
18 4
177 4
18 2
12 6
12 4
177 4
18 4
12 4
18 4
177 4
18 2
12 6
12 4
177 4
18 4
12 4
18 4
177 4
18 2
12 6
12 4
177 4
18 4
12 4
18 4
177 4
18 2
12 6
12 4
177 4
18 4
12 4
18 4
177 4
18 2
12 6
12 4
177 4
18 4
12 4
18 4
177 4
18 2
12 6
12 4
177 4
18 4
12 4
18 4
177 4
18 2
12 6
12 4
177 4
18 4
12 4
18 4
177 4
18 2
12 6
12 4
177 4
18 4
12 4
18 4
177 4
18 2
12 6
12 4
177 4
18 4
12 4
18 4
177 4
18 2
12 6
12 4
177 4
18 4
12 4
18 4
177 4
18 2
12 6
12 4
177 4
18 4
12 4
18 4
177 4
18 2
12 6
12 4
177 4
18 4
12 4
18 4
177 4
18 2
12 6
12 4
177 4
18 4
12 4
18 4
177 4
18 2
12 6
12 4
177 4
18 4
12 4
18 4
177 4
18 2
12 6
12 4
177 4
18 4
12 4
18 4
177 4
18 2
12 6
12 4
177 4
18 4
12 4
18 4
177 4
18 2
12 6
12 4
177 4
18 4
12 4
18 4
177 4
18 2
12 6
12 4
177 4
18 4
12 4
18 4
177 4
18 2
12 6
12 4
177 4
18 4
12 4
18 4
177 4
18 2
12 6
12 4
177 4
18 4
12 4
18 4
177 4
18 2
12 6
12 4
177 4
18 4
12 4
18 4
177 4
18 2
12 6
12 4
177 4
18 4
12 4
18 4
177 4
18 2
12 6
12 4
177 4
18 4
12 4
18 4
177 4
18 2
12 6
12 4
177 4
18 4
12 4
18 4
177 4
18 2
12 6
12 4
177 4
18 4
12 4
18 4
177 4
18 2
12 6
12 4
177 4
18 4
12 4
18 4
177 4
18 2
12 6
12 4
177 4
18 4
12 4
18 4
177 4
18 2
12 6
12 4
177 4
18 4
12 4
18 4
177 4
18 2
12 6
12 4
177 4
18 4
12 4
18 4
177 4
18 2
12 6
12 4
177 4
18 4
12 4
18 4
177 4
18 2
12 6
12 4
177 4
18 4
12 4
18 4
177 4
18 2
12 6
12 4
177 4
18 4
E
S
H
72 14
816 7
72 12
816 7
72 12
816 7
72 12
816 7
72 12
816 7
72 12
816 7
72 12
816 7
72 12
816 7
72 12
816 7
72 12
816 7
72 12
816 7
72 12
816 7
72 12
816 7
72 12
816 7
72 12
816 7
72 12
816 7
72 12
816 7
72 12
816 7
72 12
816 7
72 12
816 7
72 12
816 7
72 12
816 7
72 12
816 7
72 12
816 7
72 12
816 7
72 12
816 7
72 12
816 7
72 12
816 7
72 12
816 7
72 12
816 7
72 12
816 7
72 12
816 7
E
X
