major
S
L
20 2
27 2
25 2
27 2
20 2
27 2
25 2
27 2
20 2
27 2
25 2
27 2
20 2
27 2
25 2
27 2
23 2
30 2
25 2
30 2
23 2
30 2
25 2
30 2
23 2
30 2
25 2
30 2
23 2
30 2
25 2
30 2
20 2
27 2
25 2
27 2
20 2
27 2
25 2
27 2
20 2
27 2
25 2
27 2
20 2
27 2
25 2
27 2
23 2
30 2
25 2
30 2
23 2
30 2
25 2
30 2
23 2
30 2
25 2
30 2
23 2
30 2
25 2
30 2
20 2
27 2
25 2
27 2
20 2
27 2
25 2
27 2
20 2
27 2
25 2
27 2
20 2
27 2
25 2
27 2
23 2
30 2
25 2
30 2
23 2
30 2
25 2
30 2
23 2
30 2
25 2
30 2
23 2
30 2
25 2
30 2
20 2
27 2
25 2
27 2
20 2
27 2
25 2
27 2
20 2
27 2
25 2
27 2
20 2
27 2
25 2
27 2
23 2
30 2
25 2
30 2
23 2
30 2
25 2
30 2
23 2
30 2
25 2
30 2
23 2
30 2
25 2
30 2
20 2
27 2
25 2
27 2
20 2
27 2
25 2
27 2
20 2
27 2
25 2
27 2
20 2
27 2
25 2
27 2
23 2
30 2
25 2
30 2
23 2
30 2
25 2
30 2
23 2
30 2
25 2
30 2
23 2
30 2
25 2
30 2
20 2
27 2
25 2
27 2
20 2
27 2
25 2
27 2
20 2
27 2
25 2
27 2
20 2
27 2
25 2
27 2
23 2
30 2
25 2
30 2
23 2
30 2
25 2
30 2
23 2
30 2
25 2
30 2
23 2
30 2
25 2
30 2
20 2
27 2
25 2
27 2
20 2
27 2
25 2
27 2
20 2
27 2
25 2
27 2
20 2
27 2
25 2
27 2
23 2
30 2
25 2
30 2
23 2
30 2
25 2
30 2
23 2
30 2
25 2
30 2
23 2
30 2
25 2
30 2
20 2
27 2
25 2
27 2
20 2
27 2
25 2
27 2
20 2
27 2
25 2
27 2
20 2
27 2
25 2
27 2
23 2
30 2
25 2
30 2
23 2
30 2
25 2
30 2
23 2
30 2
25 2
30 2
23 2
30 2
25 2
30 2
72 14
32 2
35 2
39 2
35 2
30 2
34 2
42 2
34 2
28 2
32 2
35 2
28 2
30 2
34 2
42 2
34 2
32 2
35 2
39 2
35 2
30 2
34 2
42 2
34 2
28 2
32 2
35 2
28 2
27 2
30 2
34 2
30 2
32 2
35 2
39 2
35 2
30 2
34 2
42 2
34 2
28 2
32 2
35 2
28 2
30 2
34 2
42 2
34 2
32 2
35 2
39 2
35 2
30 2
34 2
42 2
34 2
28 2
32 2
35 2
28 2
27 2
30 2
34 2
30 2
32 2
35 2
39 2
35 2
30 2
34 2
42 2
34 2
28 2
32 2
35 2
28 2
30 2
34 2
42 2
34 2
32 2
35 2
39 2
35 2
30 2
34 2
42 2
34 2
28 2
32 2
35 2
28 2
27 2
30 2
34 2
30 2
32 2
35 2
39 2
35 2
30 2
34 2
42 2
34 2
28 2
32 2
35 2
28 2
30 2
34 2
42 2
34 2
32 2
35 2
39 2
35 2
30 2
34 2
42 2
34 2
28 2
32 2
35 2
28 2
27 2
30 2
659 11
72 11
20 2
27 2
25 2
27 2
20 2
27 2
25 2
27 2
20 2
27 2
25 2
27 2
20 2
27 2
25 2
27 2
23 2
30 2
25 2
30 2
23 2
30 2
25 2
30 2
23 2
30 2
25 2
30 2
23 2
30 2
25 2
30 2
20 2
27 2
25 2
27 2
20 2
27 2
25 2
27 2
20 2
27 2
25 2
27 2
20 2
27 2
25 2
27 2
23 2
30 2
25 2
30 2
23 2
30 2
25 2
30 2
23 2
30 2
25 2
30 2
23 2
30 2
25 2
30 2
20 2
27 2
25 2
27 2
20 2
27 2
25 2
27 2
20 2
27 2
25 2
27 2
20 2
27 2
25 2
27 2
23 2
30 2
25 2
30 2
23 2
30 2
25 2
30 2
23 2
30 2
25 2
30 2
23 2
30 2
25 2
30 2
20 2
27 2
25 2
27 2
20 2
27 2
25 2
27 2
20 2
27 2
25 2
27 2
20 2
27 2
25 2
27 2
23 2
30 2
25 2
30 2
23 2
30 2
25 2
30 2
23 2
30 2
25 2
30 2
23 2
30 2
25 2
30 2
20 2
27 2
25 2
27 2
20 2
27 2
25 2
27 2
20 2
27 2
25 2
27 2
20 2
27 2
25 2
27 2
23 2
30 2
25 2
30 2
23 2
30 2
25 2
30 2
23 2
30 2
25 2
30 2
23 2
30 2
25 2
30 2
20 2
27 2
25 2
27 2
20 2
27 2
25 2
27 2
20 2
27 2
25 2
27 2
20 2
27 2
25 2
27 2
23 2
30 2
25 2
30 2
23 2
30 2
25 2
30 2
23 2
30 2
25 2
30 2
23 2
30 2
25 2
30 2
20 2
27 2
25 2
27 2
20 2
27 2
25 2
27 2
20 2
27 2
25 2
27 2
20 2
27 2
25 2
27 2
23 2
30 2
25 2
30 2
23 2
30 2
25 2
30 2
23 2
30 2
25 2
30 2
23 2
30 2
25 2
30 2
20 2
27 2
25 2
27 2
20 2
27 2
25 2
27 2
20 2
27 2
25 2
27 2
20 2
27 2
25 2
27 2
23 2
30 2
25 2
30 2
23 2
30 2
25 2
30 2
23 2
30 2
25 2
30 2
23 2
30 2
25 2
30 2
20 2
27 2
25 2
27 2
20 2
27 2
25 2
27 2
20 2
27 2
25 2
27 2
20 2
27 2
25 2
27 2
23 2
30 2
25 2
30 2
23 2
30 2
25 2
30 2
23 2
30 2
25 2
30 2
23 2
30 2
25 2
30 2
20 2
27 2
25 2
27 2
20 2
27 2
25 2
27 2
20 2
27 2
25 2
27 2
20 2
27 2
25 2
27 2
23 2
30 2
25 2
30 2
23 2
30 2
25 2
30 2
23 2
30 2
25 2
30 2
23 2
30 2
25 2
30 2
20 2
27 2
25 2
27 2
20 2
27 2
25 2
27 2
20 2
27 2
25 2
27 2
20 2
27 2
25 2
27 2
23 2
30 2
25 2
30 2
23 2
30 2
25 2
30 2
23 2
30 2
25 2
30 2
23 2
30 2
25 2
30 2
20 2
27 2
25 2
27 2
20 2
27 2
25 2
27 2
20 2
27 2
25 2
27 2
20 2
27 2
25 2
27 2
23 2
30 2
25 2
30 2
23 2
30 2
25 2
30 2
23 2
30 2
25 2
30 2
23 2
30 2
25 2
30 2
20 2
27 2
25 2
27 2
20 2
27 2
25 2
27 2
20 2
27 2
25 2
27 2
20 2
27 2
25 2
27 2
23 2
30 2
25 2
30 2
23 2
30 2
25 2
30 2
23 2
30 2
25 2
30 2
23 2
30 2
25 2
30 2
20 2
27 2
25 2
27 2
20 2
27 2
25 2
27 2
20 2
27 2
25 2
27 2
20 2
27 2
25 2
27 2
23 2
30 2
25 2
30 2
23 2
30 2
25 2
30 2
23 2
30 2
25 2
30 2
23 2
30 2
25 2
30 2
20 2
27 2
25 2
27 2
20 2
27 2
25 2
27 2
20 2
27 2
25 2
27 2
20 2
27 2
25 2
27 2
23 2
30 2
25 2
30 2
23 2
30 2
25 2
30 2
23 2
30 2
25 2
30 2
23 2
30 2
25 2
30 2
20 2
27 2
25 2
27 2
20 2
27 2
25 2
27 2
20 2
27 2
25 2
27 2
20 2
27 2
25 2
27 2
23 2
30 2
25 2
30 2
23 2
30 2
25 2
30 2
23 2
30 2
25 2
30 2
23 2
30 2
25 2
30 2
20 2
27 2
25 2
27 2
20 2
27 2
25 2
27 2
20 2
27 2
25 2
27 2
20 2
27 2
25 2
27 2
23 2
30 2
25 2
30 2
23 2
30 2
25 2
30 2
23 2
30 2
25 2
30 2
23 2
30 2
25 2
30 2
E
S
L
72 14
342 11
1768 11
342 11
1768 11
342 11
1768 11
1611 12
1611 3
72 1
1611 3
E
S
L
37 2
42 13
51 2
46 13
37 2
42 13
51 2
46 13
37 2
42 13
51 2
46 13
37 2
42 13
51 2
46 13
72 14
32 4
35 6
39 12
30 4
35 6
39 12
44 2
47 4
49 7
47 6
47 9
47 4
51 2
47 2
51 2
47 2
51 2
47 2
51 2
47 2
51 2
47 2
51 2
47 2
51 2
47 2
72 4
25 2
27 2
28 2
30 2
32 2
35 8
39 4
35 4
72 4
25 2
27 2
28 2
30 2
32 2
35 8
39 4
35 4
72 4
25 2
27 2
28 2
30 2
32 2
35 8
39 4
35 4
34 12
226 3
72 1
226 3
72 1
32 7
34 7
35 6
37 8
32 13
32 7
34 7
35 6
37 8
32 13
32 7
34 7
35 6
37 8
32 13
32 7
34 7
35 6
37 8
32 13
E
S
H
72 14
227 0
72 2
227 0
72 2
174 4
174 4
174 4
174 4
200 9
72 4
200 4
200 4
174 2
174 2
174 2
174 11
174 4
174 4
200 4
200 4
200 4
200 9
200 4
200 7
174 4
174 4
174 2
174 2
174 7
30 0
72 4
145 2
145 2
145 2
121 2
121 2
121 2
145 2
121 2
145 2
145 2
145 2
145 2
145 2
145 2
145 2
121 2
145 2
145 2
145 2
121 2
121 2
121 2
145 2
121 2
145 2
145 2
145 2
145 2
145 2
145 2
145 2
121 2
145 2
145 2
145 2
121 2
121 2
121 2
145 2
121 2
145 2
145 2
145 2
145 2
145 2
145 2
145 2
121 2
145 2
145 2
145 2
121 2
121 2
121 2
145 2
121 2
145 2
145 2
145 2
145 2
145 2
145 2
145 2
121 2
39 6
40 6
37 4
39 7
35 7
39 2
40 2
42 4
42 2
40 4
40 2
39 11
39 6
40 6
37 4
39 11
39 2
40 2
42 6
40 6
39 9
51 4
145 2
145 2
145 2
121 2
121 2
121 2
145 2
121 2
145 2
145 2
145 2
145 2
145 2
145 2
145 2
121 2
145 2
145 2
145 2
121 2
121 2
121 2
145 2
121 2
145 2
145 2
145 2
145 2
145 2
145 2
145 2
121 2
145 2
145 2
145 2
121 2
121 2
121 2
145 2
121 2
145 2
145 2
145 2
145 2
145 2
145 2
145 2
121 2
145 2
145 2
145 2
121 2
121 2
121 2
145 2
121 2
145 2
145 2
145 2
145 2
145 2
145 2
145 2
121 2
239 2
239 2
239 2
239 2
239 2
239 2
239 2
239 2
239 2
239 2
239 2
239 2
239 2
239 2
239 2
239 2
227 2
227 2
227 2
227 2
227 2
227 2
227 2
227 2
119 2
119 2
119 2
119 2
119 2
119 2
119 2
119 2
200 2
200 2
200 2
200 2
200 2
200 2
200 2
200 2
200 2
200 2
200 2
200 2
200 2
200 2
200 2
200 2
224 2
224 2
224 2
224 2
224 2
224 2
104 2
104 2
104 2
104 2
104 2
104 2
104 2
104 2
104 2
60 0
72 2
174 4
200 2
200 4
200 2
200 4
72 9
200 4
200 4
72 4
174 2
174 2
227 0
72 2
174 2
174 2
227 0
72 2
174 4
72 4
174 4
174 4
200 2
200 4
200 2
200 4
72 9
200 4
200 4
72 4
174 2
174 2
227 0
72 2
174 2
174 2
227 0
72 2
174 4
72 4
174 4
39 6
40 6
37 4
39 11
39 2
40 2
42 6
40 6
39 11
39 6
40 6
37 4
39 11
39 2
40 2
42 6
40 6
39 9
51 4
E
S
H
72 14
227 0
72 2
227 0
72 2
174 4
174 4
174 4
174 4
200 9
72 4
200 4
200 4
174 2
174 2
174 2
174 11
174 4
174 4
200 4
200 4
200 4
200 9
200 4
200 7
174 4
174 4
174 2
174 2
174 7
30 0
72 4
145 2
145 2
145 2
121 2
121 2
121 2
145 2
121 2
145 2
145 2
145 2
145 2
145 2
145 2
145 2
121 2
145 2
145 2
145 2
121 2
121 2
121 2
145 2
121 2
145 2
145 2
145 2
145 2
145 2
145 2
145 2
121 2
145 2
145 2
145 2
121 2
121 2
121 2
145 2
121 2
145 2
145 2
145 2
145 2
145 2
145 2
145 2
121 2
145 2
145 2
145 2
121 2
121 2
121 2
145 2
121 2
145 2
145 2
145 2
145 2
145 2
145 2
145 2
121 2
39 6
40 6
37 4
39 7
35 7
39 2
40 2
42 4
42 2
40 4
40 2
39 11
39 6
40 6
37 4
39 11
39 2
40 2
42 6
40 6
39 9
51 4
145 2
145 2
145 2
121 2
121 2
121 2
145 2
121 2
145 2
145 2
145 2
145 2
145 2
145 2
145 2
121 2
145 2
145 2
145 2
121 2
121 2
121 2
145 2
121 2
145 2
145 2
145 2
145 2
145 2
145 2
145 2
121 2
145 2
145 2
145 2
121 2
121 2
121 2
145 2
121 2
145 2
145 2
145 2
145 2
145 2
145 2
145 2
121 2
145 2
145 2
145 2
121 2
121 2
121 2
145 2
121 2
145 2
145 2
145 2
145 2
145 2
145 2
145 2
121 2
239 2
239 2
239 2
239 2
239 2
239 2
239 2
239 2
239 2
239 2
239 2
239 2
239 2
239 2
239 2
239 2
227 2
227 2
227 2
227 2
227 2
227 2
227 2
227 2
119 2
119 2
119 2
119 2
119 2
119 2
119 2
119 2
200 2
200 2
200 2
200 2
200 2
200 2
200 2
200 2
200 2
200 2
200 2
200 2
200 2
200 2
200 2
200 2
224 2
224 2
224 2
224 2
224 2
224 2
104 2
104 2
104 2
104 2
104 2
104 2
104 2
104 2
104 2
39 0
72 2
174 4
200 2
200 4
200 2
200 4
72 9
200 4
200 4
72 4
174 2
174 2
227 0
72 2
174 2
174 2
227 0
72 2
174 4
72 4
174 4
174 4
200 2
200 4
200 2
200 4
72 9
200 4
200 4
72 4
174 2
174 2
227 0
72 2
174 2
174 2
179 0
72 2
174 4
72 4
174 4
39 6
40 6
37 4
39 11
39 2
40 2
42 6
40 6
39 11
39 6
40 6
37 4
39 11
39 2
40 2
40 6
40 6
39 9
51 2
E
S
H
72 14
227 0
72 3
227 0
72 0
174 4
72 0
174 4
174 4
72 0
174 4
200 9
72 4
200 4
72 0
200 4
174 2
174 2
72 0
174 2
72 0
174 11
174 4
72 0
174 4
200 4
72 0
200 4
200 4
72 0
200 9
200 4
72 0
200 7
174 4
174 4
72 0
174 2
72 0
174 2
174 7
30 0
72 4
145 2
72 0
145 2
145 2
121 2
72 0
121 2
72 0
121 2
145 2
121 2
72 0
145 2
72 0
145 2
145 2
145 2
72 0
145 2
72 0
145 2
145 2
121 2
72 0
145 2
72 0
145 2
145 2
121 2
72 0
121 2
72 0
121 2
145 2
121 2
72 0
145 2
72 0
145 2
145 2
145 2
72 0
145 2
72 0
145 2
145 2
121 2
72 0
145 2
72 0
145 2
145 2
121 2
72 0
121 2
72 0
121 2
145 2
121 2
72 0
145 2
72 0
145 2
145 2
145 2
72 0
145 2
72 0
145 2
145 2
121 2
72 0
145 2
72 0
145 2
145 2
121 2
72 0
121 2
72 0
121 2
145 2
121 2
72 0
145 2
72 0
145 2
145 2
145 2
72 0
145 2
72 0
145 2
145 2
121 2
72 0
39 6
40 6
37 4
72 0
39 7
35 7
39 2
72 0
40 2
42 4
72 0
42 2
72 0
40 4
40 2
72 0
39 11
39 6
40 6
37 4
72 0
39 11
39 2
72 0
40 2
42 6
72 1
40 6
39 9
51 4
72 0
145 2
72 0
145 2
145 2
121 2
72 0
121 2
72 0
121 2
145 2
121 2
72 0
145 2
72 0
145 2
145 2
145 2
72 0
145 2
72 0
145 2
145 2
121 2
72 0
145 2
72 0
145 2
145 2
121 2
72 0
121 2
72 0
121 2
145 2
121 2
72 0
145 2
72 0
145 2
145 2
145 2
72 0
145 2
72 0
145 2
145 2
121 2
72 0
145 2
72 0
145 2
145 2
121 2
72 0
121 2
72 0
121 2
145 2
121 2
72 0
145 2
72 0
145 2
145 2
145 2
72 0
145 2
72 0
145 2
145 2
121 2
72 0
145 2
72 0
145 2
145 2
121 2
72 0
121 2
72 0
121 2
145 2
121 2
72 0
145 2
72 0
145 2
145 2
145 2
72 0
145 2
72 0
145 2
145 2
121 2
72 0
239 2
72 0
239 2
239 2
239 2
72 0
239 2
72 0
239 2
239 2
239 2
72 0
239 2
72 0
239 2
239 2
239 2
72 0
239 2
72 0
239 2
239 2
239 2
72 0
227 2
72 0
227 2
227 2
227 2
72 0
227 2
72 0
227 2
227 2
227 2
72 0
119 2
72 0
119 2
119 2
119 2
72 0
119 2
72 0
119 2
119 2
119 2
72 0
200 2
72 0
200 2
200 2
200 2
72 0
200 2
72 0
200 2
200 2
200 2
72 0
200 2
72 0
200 2
200 2
200 2
72 0
200 2
72 0
200 2
200 2
200 2
72 0
224 2
72 0
224 2
224 2
224 2
72 0
224 2
72 0
224 2
104 2
104 2
72 0
104 2
72 0
104 2
104 2
104 2
72 0
104 2
72 0
104 2
104 2
39 0
72 3
174 4
200 2
200 4
72 1
200 2
200 4
72 9
200 4
72 0
200 4
72 4
174 2
72 0
174 2
227 0
72 0
174 2
72 0
174 2
72 0
227 0
72 0
174 4
72 4
174 4
72 0
174 4
200 2
200 4
72 1
200 2
200 4
72 9
200 4
72 0
200 4
72 4
174 2
72 0
174 2
227 0
72 0
174 2
72 0
174 2
72 0
227 0
72 0
174 4
72 4
174 4
72 0
39 6
40 6
37 4
72 0
39 11
39 2
72 0
40 2
42 6
72 1
40 6
39 11
39 6
40 6
37 4
72 0
39 11
39 2
72 0
40 2
40 6
72 1
40 6
39 9
51 0
E
S
L
8 2
8 2
8 2
8 2
8 2
8 2
8 2
8 2
8 2
8 2
8 2
8 2
8 2
8 2
8 2
8 2
11 2
11 2
11 2
11 2
11 2
11 2
11 2
11 2
11 2
11 2
11 2
11 2
11 2
11 2
11 2
11 2
8 2
8 2
8 2
8 2
8 2
8 2
8 2
8 2
8 2
8 2
8 2
8 2
8 2
8 2
8 2
8 2
11 2
11 2
11 2
11 2
11 2
11 2
11 2
11 2
11 2
11 2
11 2
11 2
11 2
11 2
11 2
11 2
20 11
20 4
23 6
27 6
30 11
32 4
27 6
30 6
20 11
20 4
23 6
27 6
30 11
20 4
18 7
72 4
8 2
8 2
8 2
8 2
8 2
8 2
8 2
8 2
8 2
8 2
8 2
8 2
8 2
8 2
8 2
8 2
11 2
11 2
11 2
11 2
11 2
11 2
11 2
11 2
11 2
11 2
11 2
11 2
11 2
11 2
11 2
11 2
8 2
8 2
8 2
8 2
8 2
8 2
8 2
8 2
8 2
8 2
8 2
8 2
8 2
8 2
8 2
8 2
11 2
11 2
11 2
11 2
11 2
11 2
11 2
11 2
11 2
11 2
11 2
11 2
11 2
11 2
11 2
11 2
8 2
8 2
8 2
8 2
8 2
8 2
8 2
8 2
8 2
8 2
8 2
8 2
8 2
8 2
8 2
8 2
11 2
11 2
11 2
11 2
11 2
11 2
11 2
11 2
11 2
11 2
11 2
11 2
11 2
11 2
11 2
11 2
8 2
8 2
8 2
8 2
8 2
8 2
8 2
8 2
8 2
8 2
8 2
8 2
8 2
8 2
8 2
8 2
11 2
11 2
11 2
11 2
11 2
11 2
11 2
11 2
11 2
11 2
11 2
11 2
11 2
11 2
11 2
11 2
13 2
13 2
13 2
13 2
13 2
13 2
13 2
13 2
11 2
11 2
11 2
11 2
11 2
11 2
11 2
11 2
13 2
13 2
13 2
13 2
13 2
13 2
13 2
13 2
11 2
11 2
11 2
11 2
11 2
11 2
11 2
11 2
13 2
13 2
13 2
13 2
13 2
13 2
13 2
13 2
11 2
11 2
11 2
11 2
11 2
11 2
11 2
11 2
10 2
10 2
10 2
10 2
10 2
10 2
10 2
10 2
10 2
10 2
10 2
10 2
10 3
72 1
10 3
72 1
8 2
8 2
8 2
8 2
6 2
6 2
6 2
6 2
4 2
4 2
4 2
4 2
6 2
6 2
6 2
6 2
8 2
8 2
8 2
8 2
6 2
6 2
6 2
6 2
4 2
4 2
4 2
4 2
3 2
3 2
3 2
3 2
8 2
8 2
8 2
8 2
6 2
6 2
6 2
6 2
4 2
4 2
4 2
4 2
6 2
6 2
6 2
6 2
8 2
8 2
8 2
8 2
6 2
6 2
6 2
6 2
4 2
4 2
4 2
4 2
3 2
3 2
3 2
3 2
8 2
8 2
8 2
8 2
6 2
6 2
6 2
6 2
4 2
4 2
4 2
4 2
6 2
6 2
6 2
6 2
8 2
8 2
8 2
8 2
6 2
6 2
6 2
6 2
4 2
4 2
4 2
4 2
3 2
3 2
3 2
3 2
8 2
8 2
8 2
8 2
6 2
6 2
6 2
6 2
4 2
4 2
4 2
4 2
6 2
6 2
6 2
6 2
8 2
8 2
8 2
8 2
6 2
6 2
6 2
6 2
4 2
4 2
4 2
4 2
3 2
3 2
3 4
72 13
8 2
8 2
8 2
8 2
8 2
8 2
8 2
8 2
8 2
8 2
8 2
8 2
8 2
8 2
8 2
8 2
11 2
11 2
11 2
11 2
11 2
11 2
11 2
11 2
11 2
11 2
11 2
11 2
11 2
11 2
11 2
11 2
8 2
8 2
8 2
8 2
8 2
8 2
8 2
8 2
8 2
8 2
8 2
8 2
8 2
8 2
8 2
8 2
11 2
11 2
11 2
11 2
11 2
11 2
11 2
11 2
11 2
11 2
11 2
11 2
11 2
11 2
11 2
11 2
8 2
8 2
8 2
8 2
8 2
8 2
8 2
8 2
8 2
8 2
8 2
8 2
8 2
8 2
8 2
8 2
11 2
11 2
11 2
11 2
11 2
11 2
11 2
11 2
11 2
11 2
11 2
11 2
11 2
11 2
11 2
11 2
8 2
8 2
8 2
8 2
8 2
8 2
8 2
8 2
8 2
8 2
8 2
8 2
8 2
8 2
8 2
8 2
11 2
11 2
11 2
11 2
11 2
11 2
11 2
11 2
11 2
11 2
11 2
11 2
11 2
11 2
11 2
11 2
8 2
8 2
8 2
8 2
8 2
8 2
8 2
8 2
8 2
8 2
8 2
8 2
8 2
8 2
8 2
8 2
11 2
11 2
11 2
11 2
11 2
11 2
11 2
11 2
11 2
11 2
11 2
11 2
11 2
11 2
11 2
11 2
8 2
8 2
8 2
8 2
8 2
8 2
8 2
8 2
8 2
8 2
8 2
8 2
8 2
8 2
8 2
8 2
11 2
11 2
11 2
11 2
11 2
11 2
11 2
11 2
11 2
11 2
11 2
11 2
11 2
11 2
11 2
11 2
8 2
8 2
8 2
8 2
8 2
8 2
8 2
8 2
8 2
8 2
8 2
8 2
8 2
8 2
8 2
8 2
11 2
11 2
11 2
11 2
11 2
11 2
11 2
11 2
11 2
11 2
11 2
11 2
11 2
11 2
11 2
11 2
8 2
8 2
8 2
8 2
8 2
8 2
8 2
8 2
8 2
8 2
8 2
8 2
8 2
8 2
8 2
8 2
11 2
11 2
11 2
11 2
11 2
11 2
11 2
11 2
11 2
11 2
11 2
11 2
11 2
11 2
11 2
11 2
8 2
8 2
8 2
8 2
8 2
8 2
8 2
8 2
8 2
8 2
8 2
8 2
8 2
8 2
8 2
8 2
11 2
11 2
11 2
11 2
11 2
11 2
11 2
11 2
11 2
11 2
11 2
11 2
11 2
11 2
11 2
11 2
8 2
8 2
8 2
8 2
8 2
8 2
8 2
8 2
8 2
8 2
8 2
8 2
8 2
8 2
8 2
8 2
11 2
11 2
11 2
11 2
11 2
11 2
11 2
11 2
11 2
11 2
11 2
11 2
11 2
11 2
11 2
11 2
8 2
8 2
8 2
8 2
8 2
8 2
8 2
8 2
8 2
8 2
8 2
8 2
8 2
8 2
8 2
8 2
11 2
11 2
11 2
11 2
11 2
11 2
11 2
11 2
11 2
11 2
11 2
11 2
11 2
11 2
11 2
11 2
8 2
8 2
8 2
8 2
8 2
8 2
8 2
8 2
8 2
8 2
8 2
8 2
8 2
8 2
8 2
8 2
11 2
11 2
11 2
11 2
11 2
11 2
11 2
11 2
11 2
11 2
11 2
11 2
11 2
11 2
11 2
11 2
8 2
8 2
8 2
8 2
8 2
8 2
8 2
8 2
8 2
8 2
8 2
8 2
8 2
8 2
8 2
8 2
11 2
11 2
11 2
11 2
11 2
11 2
11 2
11 2
11 2
11 2
11 2
11 2
11 2
11 2
11 2
11 2
8 2
8 2
8 2
8 2
8 2
8 2
8 2
8 2
8 2
8 2
8 2
8 2
8 2
8 2
8 2
8 2
11 2
11 2
11 2
11 2
11 2
11 2
11 2
11 2
11 2
11 2
11 2
11 2
11 2
11 2
11 2
11 2
8 2
8 2
8 2
8 2
8 2
8 2
8 2
8 2
8 2
8 2
8 2
8 2
8 2
8 2
8 2
8 2
11 2
11 2
11 2
11 2
11 2
11 2
11 2
11 2
11 2
11 2
11 2
11 2
11 2
11 2
11 2
11 2
8 2
8 2
8 2
8 2
8 2
8 2
8 2
8 2
8 2
8 2
8 2
8 2
8 2
8 2
8 2
8 2
11 2
11 2
11 2
11 2
11 2
11 2
11 2
11 2
11 2
11 2
11 2
11 2
11 2
11 2
11 2
11 2
8 2
8 2
8 2
8 2
8 2
8 2
8 2
8 2
8 2
8 2
8 2
8 2
8 2
8 2
8 2
8 2
11 2
11 2
11 2
11 2
11 2
11 2
11 2
11 2
11 2
11 2
11 2
11 2
11 2
11 2
11 2
11 2
E
S
L
72 14
20 11
20 4
23 6
27 6
30 11
32 4
27 6
30 6
20 11
20 4
23 6
27 6
30 11
20 4
18 7
E
S
L
177 2
18 2
177 2
18 2
177 2
18 2
177 2
18 2
177 2
18 2
177 2
18 2
177 2
18 2
177 2
18 2
177 2
18 2
177 2
18 2
177 2
18 2
177 2
18 2
177 2
18 2
177 2
18 2
177 2
22 2
177 2
22 2
177 2
18 2
177 2
18 2
177 2
18 2
177 2
18 2
177 2
18 2
177 2
18 2
177 2
18 2
177 2
18 2
177 2
18 2
177 2
18 2
177 2
18 2
177 2
18 2
177 2
18 2
177 2
18 2
16 2
16 0
72 2
16 0
72 1
16 0
72 0
16 2
177 2
22 2
177 2
18 2
225 2
72 2
16 2
18 2
177 2
22 2
177 2
18 2
225 2
72 2
16 2
18 2
177 2
22 2
177 2
18 2
225 2
72 2
16 2
18 2
177 2
22 2
177 2
18 2
225 2
72 2
16 2
18 2
177 2
22 2
177 2
18 2
225 2
72 2
16 2
18 2
177 2
22 2
177 2
18 2
225 2
72 2
16 2
18 2
177 2
22 2
177 2
18 2
225 2
72 2
16 2
18 2
177 2
22 2
177 2
18 2
225 2
72 2
16 2
18 2
177 2
18 2
177 2
18 2
177 2
18 2
177 2
18 2
177 2
18 2
177 2
18 2
177 2
18 2
177 2
18 2
177 2
18 2
177 2
18 2
177 2
18 2
177 2
18 2
177 2
18 2
177 2
18 2
177 2
22 2
177 2
22 2
177 2
18 2
177 2
18 2
177 2
18 2
177 2
18 2
177 2
18 2
177 2
18 2
177 2
18 2
177 2
18 2
177 2
18 2
177 2
18 2
177 2
18 2
177 2
18 2
177 2
18 2
177 2
18 2
16 2
16 0
72 0
16 0
72 1
16 0
72 1
16 0
72 0
16 2
177 2
22 2
177 2
18 2
225 2
72 2
16 2
18 2
177 2
22 2
177 2
18 2
225 2
72 2
16 2
18 2
177 2
22 2
177 2
18 2
225 2
72 2
16 2
18 2
177 2
22 2
177 2
18 2
225 2
72 2
16 2
18 2
177 2
22 2
177 2
18 2
225 2
72 2
16 2
18 2
177 2
22 2
177 2
18 2
225 2
72 2
16 2
18 2
177 2
22 2
177 2
18 2
225 2
72 2
16 2
18 2
177 2
22 2
177 2
18 2
225 2
16 0
72 0
16 0
72 1
16 0
72 1
16 0
72 0
16 2
177 2
18 2
177 2
18 2
177 2
18 2
177 2
18 2
177 2
18 2
177 2
18 2
177 2
18 2
177 2
18 2
177 2
18 2
177 2
18 2
177 2
18 2
177 2
18 2
177 2
18 2
177 2
18 2
177 2
22 2
177 2
22 2
177 2
18 2
177 2
18 2
177 2
18 2
177 2
18 2
177 2
18 2
177 2
18 2
177 2
22 2
177 2
22 2
177 2
18 2
177 2
18 2
177 2
18 2
177 2
18 2
177 2
18 2
72 4
23 2
72 2
23 2
72 2
177 2
22 2
177 2
18 2
225 2
72 2
16 2
18 2
177 2
22 2
177 2
18 2
225 2
72 2
16 2
18 2
177 2
22 2
177 2
18 2
225 2
72 2
16 2
18 2
177 2
22 2
177 2
18 2
225 2
72 2
16 2
18 2
177 2
22 2
177 2
18 2
225 2
72 2
16 2
18 2
177 2
22 2
177 2
18 2
225 2
72 2
16 2
18 2
177 2
22 2
177 2
18 2
225 2
72 2
16 2
18 2
177 2
22 2
177 2
18 2
225 2
72 2
16 2
18 2
177 2
22 2
177 2
18 2
225 2
72 2
16 2
18 2
177 2
22 2
177 2
18 2
225 2
72 2
16 2
18 2
177 2
22 2
177 2
18 2
225 2
72 2
16 2
18 2
177 2
22 2
177 2
18 2
225 2
72 2
16 2
18 2
177 2
22 2
177 2
18 2
225 2
72 2
16 2
18 2
177 2
22 2
177 2
18 2
225 2
72 2
16 2
18 2
177 2
18 2
177 2
18 2
177 2
18 2
177 2
18 2
177 2
18 2
177 2
18 2
72 13
18 4
18 4
18 2
72 2
18 2
72 2
18 2
72 2
18 2
72 2
18 2
72 2
18 2
72 2
18 2
72 2
18 2
72 2
18 2
72 2
18 2
72 2
18 2
72 2
18 2
72 2
18 2
72 2
18 2
72 2
18 2
72 2
18 2
72 2
177 2
18 2
177 2
18 2
177 2
18 2
177 2
18 2
177 2
18 2
177 2
18 2
177 2
18 2
177 2
22 2
177 2
18 2
177 2
18 2
177 2
18 2
177 2
18 2
177 2
18 2
177 2
18 2
177 2
22 2
177 2
22 2
177 2
22 2
177 2
18 2
225 2
72 2
16 2
18 2
177 2
22 2
177 2
18 2
225 2
72 2
16 2
18 2
177 2
22 2
177 2
18 2
225 2
72 2
16 2
18 2
177 2
22 2
177 2
18 2
225 2
72 2
16 2
18 2
177 2
22 2
177 2
18 2
225 2
72 2
16 2
18 2
177 2
22 2
177 2
18 2
225 2
72 2
16 2
18 2
177 2
22 2
177 2
18 2
225 2
72 2
16 2
18 2
177 2
22 2
177 2
18 2
225 2
72 2
16 2
18 2
177 2
22 2
177 2
18 2
225 2
72 2
16 2
18 2
177 2
22 2
177 2
18 2
225 2
72 2
16 2
18 2
177 2
22 2
177 2
18 2
225 2
72 2
16 2
18 2
177 2
22 2
177 2
18 2
225 2
16 0
72 0
16 0
72 1
16 0
72 1
16 0
72 0
16 2
177 2
18 2
177 2
18 2
177 2
18 2
177 2
18 2
177 2
18 2
177 2
18 2
177 2
18 2
177 2
18 2
177 2
18 2
177 2
18 2
177 2
18 2
177 2
18 2
177 2
18 2
177 2
18 2
177 2
18 2
177 2
22 2
177 2
18 2
177 2
18 2
177 2
18 2
177 2
18 2
177 2
18 2
177 2
18 2
177 2
18 2
177 2
18 2
177 2
18 2
177 2
18 2
177 2
18 2
177 2
18 2
177 2
18 2
177 2
18 2
177 2
18 2
177 2
18 2
177 2
22 2
177 2
18 2
225 2
72 2
16 2
18 2
177 2
22 2
177 2
18 2
225 2
72 2
16 2
18 2
177 2
22 2
177 2
18 2
225 2
72 2
16 2
18 2
177 2
22 2
177 2
18 2
225 2
72 2
16 2
18 2
177 2
22 2
177 2
18 2
225 2
72 2
16 2
18 2
177 2
22 2
177 2
18 2
225 2
72 2
16 2
18 2
177 2
22 2
177 2
18 2
225 2
72 2
16 2
18 2
177 2
22 2
177 2
18 2
225 2
72 2
16 2
18 2
177 2
18 2
177 2
18 2
177 2
18 2
177 2
18 2
177 2
18 2
177 2
18 2
177 2
18 2
177 2
18 2
177 2
18 2
177 2
18 2
177 2
18 2
177 2
18 2
177 2
18 2
177 2
18 2
177 2
22 2
177 2
22 2
177 2
18 2
177 2
18 2
177 2
18 2
177 2
18 2
177 2
18 2
177 2
18 2
177 2
18 2
177 2
18 2
177 2
18 2
177 2
18 2
177 2
18 2
177 2
18 2
177 2
18 2
16 0
72 1
16 0
72 0
16 2
177 2
16 0
72 0
16 0
72 1
16 0
72 1
16 0
72 0
16 2
177 2
22 2
177 2
18 2
225 2
72 2
16 2
18 2
177 2
22 2
177 2
18 2
225 2
72 2
16 2
18 2
177 2
22 2
177 2
18 2
225 2
72 2
16 2
18 2
177 2
22 2
177 2
18 2
225 2
72 2
16 2
18 2
177 2
22 2
177 2
18 2
225 2
72 2
16 2
18 2
177 2
22 2
177 2
18 2
225 2
72 2
16 2
18 2
177 2
22 2
177 2
18 2
225 2
72 2
16 2
18 2
177 2
22 2
177 2
18 2
225 2
72 2
16 2
18 2
177 2
18 2
177 2
18 2
177 2
18 2
177 2
18 2
177 2
18 2
177 2
18 2
177 2
18 2
177 2
18 2
177 2
18 2
177 2
18 2
177 2
18 2
177 2
18 2
177 2
18 2
177 2
18 2
177 2
22 2
177 2
22 2
177 2
18 2
177 2
18 2
177 2
18 2
177 2
18 2
177 2
18 2
177 2
18 2
177 2
18 2
177 2
18 2
177 2
18 2
177 2
18 2
177 2
18 2
177 2
18 2
177 2
18 2
177 2
18 2
177 2
22 2
177 2
22 2
177 2
22 2
177 2
18 2
225 2
72 2
16 2
18 2
177 2
22 2
177 2
18 2
225 2
72 2
16 2
18 2
177 2
22 2
177 2
18 2
225 2
72 2
16 2
18 2
177 2
22 2
177 2
18 2
225 2
72 2
16 2
18 2
177 2
22 2
177 2
18 2
225 2
72 2
16 2
18 2
177 2
22 2
177 2
18 2
225 2
72 2
16 2
18 2
177 2
22 2
177 2
18 2
225 2
72 2
16 2
18 2
177 2
22 2
177 2
18 2
225 2
72 2
16 2
18 2
E
X
