minor
S
H
36 11
38 7
40 7
35 11
36 7
38 7
33 11
35 7
31 7
33 13
72 13
36 11
38 7
40 7
35 11
36 7
38 7
33 11
35 7
31 7
33 13
E
S
L
33 13
31 13
29 11
31 11
33 13
33 13
33 13
31 13
29 11
31 11
33 13
33 13
E
S
H
72 4
40 4
47 4
40 4
48 4
40 4
45 4
40 4
43 4
38 4
45 4
38 4
47 4
38 4
43 4
38 4
41 4
36 4
45 4
41 4
43 4
40 4
47 4
43 4
45 4
40 4
47 4
40 4
48 4
40 4
47 4
40 4
45 4
40 4
47 4
40 4
48 4
40 4
47 4
40 4
72 4
40 4
47 4
40 4
48 4
40 4
45 4
40 4
43 4
38 4
45 4
38 4
47 4
38 4
43 4
38 4
41 4
36 4
45 4
41 4
43 4
40 4
47 4
43 4
45 4
40 4
47 4
40 4
48 4
40 4
47 4
40 4
45 4
40 4
47 4
40 4
48 4
40 4
47 4
40 4
E
X
