minor
S
L
39 11
44 4
42 7
37 4
35 11
34 4
35 7
37 4
39 14
39 11
44 4
42 7
37 4
35 11
34 4
35 7
37 4
35 4
32 14
44 6
46 6
47 11
46 6
44 6
42 11
44 7
32 7
35 4
37 4
35 4
39 11
40 7
42 7
44 6
46 6
47 11
46 6
44 6
42 11
44 11
46 4
47 4
46 11
47 7
49 7
51 14
40 11
32 4
35 4
40 4
42 11
37 7
34 7
36 14
39 11
44 4
42 7
37 4
35 11
34 4
35 7
37 4
39 14
39 11
44 4
42 7
37 4
35 11
34 4
35 7
37 4
35 4
32 14
44 6
46 6
47 11
46 6
44 6
42 11
44 7
32 7
35 4
37 4
35 4
39 11
40 7
42 7
44 6
46 6
47 11
46 6
44 6
42 11
44 11
46 4
47 4
46 11
47 7
49 7
51 14
40 11
32 4
35 4
40 4
42 11
37 7
34 7
36 14
E
S
H
32 4
44 2
44 2
32 4
44 2
44 2
32 4
44 2
44 2
32 4
44 2
44 2
28 4
40 2
40 2
28 4
40 2
40 2
30 4
42 2
42 2
30 4
42 2
42 2
32 4
44 2
44 2
32 4
44 2
44 2
32 4
44 2
44 2
32 4
44 2
44 2
32 4
44 2
44 2
32 4
44 2
44 2
32 4
44 2
44 2
32 4
44 2
44 2
32 4
44 2
44 2
32 4
44 2
44 2
32 4
44 2
44 2
32 4
44 2
44 2
28 4
40 2
40 2
28 4
40 2
40 2
30 4
42 2
42 2
30 4
42 2
42 2
32 4
44 2
44 2
32 4
44 2
44 2
32 4
44 2
44 2
32 4
44 2
44 2
32 4
44 2
44 2
32 4
44 2
44 2
32 4
44 2
44 2
32 4
44 2
44 2
40 6
40 6
40 6
40 2
44 2
47 2
52 2
47 2
44 2
47 2
39 6
39 6
39 6
39 2
42 2
46 2
51 2
46 2
42 2
46 2
37 4
37 2
37 2
37 4
37 2
37 2
37 4
37 2
37 2
37 4
37 2
37 2
35 4
35 2
35 2
35 4
35 2
35 2
35 4
35 2
35 2
35 4
35 2
35 2
40 6
40 6
40 6
40 2
44 2
47 2
52 2
47 2
44 2
47 2
39 6
39 6
39 6
39 2
42 2
46 2
51 2
46 2
42 2
46 2
37 4
37 2
49 2
37 4
37 2
49 2
37 4
37 2
49 2
37 4
37 2
49 2
39 4
39 2
51 2
39 4
39 2
51 2
39 4
39 2
51 2
39 4
39 2
51 2
44 4
32 2
44 4
32 2
44 4
42 4
30 2
42 4
30 2
42 4
40 4
28 2
40 4
28 2
40 4
42 4
30 2
42 4
30 2
42 4
40 4
28 2
40 4
28 2
40 4
42 4
30 2
42 4
30 2
42 4
40 4
28 2
40 4
28 2
40 4
42 4
30 2
42 4
30 2
42 4
40 4
40 2
52 2
40 4
40 2
52 2
40 4
40 2
52 2
40 4
40 2
52 2
42 4
42 2
54 2
42 4
42 2
54 2
42 4
42 2
54 2
42 4
42 2
54 2
32 4
32 2
44 2
32 4
32 2
44 2
32 4
32 2
44 2
32 4
32 2
44 2
32 4
32 2
44 2
32 4
32 2
44 2
32 4
32 2
44 2
32 4
32 2
44 2
32 4
44 2
44 2
32 4
44 2
44 2
32 4
44 2
44 2
32 4
44 2
44 2
28 4
40 2
40 2
28 4
40 2
40 2
30 4
42 2
42 2
30 4
42 2
42 2
32 4
44 2
44 2
32 4
44 2
44 2
32 4
44 2
44 2
32 4
44 2
44 2
32 4
44 2
44 2
32 4
44 2
44 2
32 4
44 2
44 2
32 4
44 2
44 2
32 4
44 2
44 2
32 4
44 2
44 2
32 4
44 2
44 2
32 4
44 2
44 2
28 4
40 2
40 2
28 4
40 2
40 2
30 4
42 2
42 2
30 4
42 2
42 2
32 4
44 2
44 2
32 4
44 2
44 2
32 4
44 2
44 2
32 4
44 2
44 2
32 4
44 2
44 2
32 4
44 2
44 2
32 4
44 2
44 2
32 4
44 2
44 2
40 6
40 6
40 6
40 2
44 2
47 2
52 2
47 2
44 2
47 2
39 6
39 6
39 6
39 2
42 2
46 2
51 2
46 2
42 2
46 2
37 4
37 2
37 2
37 4
37 2
37 2
37 4
37 2
37 2
37 4
37 2
37 2
35 4
35 2
35 2
35 4
35 2
35 2
35 4
35 2
35 2
35 4
35 2
35 2
40 6
40 6
40 6
40 2
44 2
47 2
52 2
47 2
44 2
47 2
39 6
39 6
39 6
39 2
42 2
46 2
51 2
46 2
42 2
46 2
37 4
37 2
49 2
37 4
37 2
49 2
37 4
37 2
49 2
37 4
37 2
49 2
39 4
39 2
51 2
39 4
39 2
51 2
39 4
39 2
51 2
39 4
39 2
51 2
44 4
32 2
44 4
32 2
44 4
42 4
30 2
42 4
30 2
42 4
40 4
28 2
40 4
28 2
40 4
42 4
30 2
42 4
30 2
42 4
40 4
28 2
40 4
28 2
40 4
42 4
30 2
42 4
30 2
42 4
40 4
28 2
40 4
28 2
40 4
42 4
30 2
42 4
30 2
42 4
40 4
40 2
52 2
40 4
40 2
52 2
40 4
40 2
52 2
40 4
40 2
52 2
42 4
42 2
54 2
42 4
42 2
54 2
42 4
42 2
54 2
42 4
42 2
54 2
32 4
32 2
44 2
32 4
32 2
44 2
32 4
32 2
44 2
32 4
32 2
44 2
32 4
32 2
44 2
32 4
32 2
44 2
32 4
32 2
44 2
32 4
32 2
44 2
E
S
H
32 13
39 11
37 11
34 13
72 4
46 2
46 2
46 2
46 2
72 4
46 2
46 2
46 2
46 2
72 7
32 13
39 11
42 11
44 13
32 2
34 2
35 2
37 2
35 2
34 2
32 2
30 2
28 6
30 6
32 11
30 6
28 6
27 11
35 11
37 11
39 11
42 11
28 6
30 6
32 11
30 6
28 6
27 11
40 11
40 4
42 4
44 4
43 9
43 7
47 7
49 7
51 13
49 11
47 7
46 7
51 13
49 11
47 7
46 7
44 13
46 13
48 14
32 13
39 11
37 11
34 13
72 4
46 2
46 2
46 2
46 2
72 4
46 2
46 2
46 2
46 2
72 7
32 13
39 11
42 11
44 13
32 2
34 2
35 2
37 2
35 2
34 2
32 2
30 2
28 6
30 6
32 11
30 6
28 6
27 11
35 11
37 11
39 11
42 11
28 6
30 6
32 11
30 6
28 6
27 11
40 11
40 4
42 4
44 4
43 9
43 7
47 7
49 7
51 13
49 11
47 7
46 7
51 13
49 11
47 7
46 7
44 13
46 13
48 14
E
S
L
11 0
72 4
11 0
72 2
11 0
72 2
14 0
72 4
11 0
72 2
11 0
72 2
11 0
72 4
11 0
72 2
11 0
72 2
14 0
72 4
11 0
72 2
11 0
72 2
11 0
72 4
11 0
72 2
11 0
72 2
14 0
72 4
11 0
72 2
11 0
72 2
11 0
72 4
11 0
72 2
11 0
72 2
14 0
72 4
11 0
72 2
11 0
72 2
11 0
72 4
11 0
72 2
11 0
72 2
14 0
72 4
11 0
72 2
11 0
72 2
11 0
72 4
11 0
72 2
11 0
72 2
14 0
72 4
11 0
72 2
11 0
72 2
11 0
72 4
11 0
72 2
11 0
72 2
14 0
72 4
11 0
72 2
11 0
72 2
11 0
72 2
14 0
72 2
14 0
72 2
11 0
72 2
11 0
72 4
14 0
72 4
11 0
72 4
11 0
72 2
11 0
72 2
14 0
72 4
11 0
72 2
11 0
72 2
11 0
72 4
11 0
72 2
11 0
72 2
14 0
72 4
11 0
72 2
11 0
72 2
11 0
72 4
11 0
72 2
11 0
72 2
14 0
72 4
11 0
72 2
11 0
72 2
11 0
72 4
11 0
72 2
11 0
72 2
14 0
72 4
11 0
72 2
11 0
72 2
11 0
72 4
11 0
72 2
11 0
72 2
14 0
72 4
11 0
72 2
11 0
72 2
11 0
72 4
11 0
72 2
11 0
72 2
14 0
72 4
11 0
72 2
11 0
72 2
11 0
72 4
11 0
72 2
11 0
72 2
14 0
72 4
11 0
72 2
11 0
72 2
11 0
72 2
14 0
72 2
14 0
72 2
11 0
72 2
11 0
72 4
14 0
72 4
14 0
72 6
14 0
72 6
14 0
72 4
11 0
72 2
14 0
72 2
14 0
72 2
11 0
72 2
14 0
72 2
11 0
72 2
11 0
72 4
14 0
72 6
14 0
72 6
14 0
72 4
11 0
72 2
14 0
72 2
14 0
72 2
11 0
72 2
14 0
72 2
11 0
72 2
11 0
72 4
11 0
72 4
11 0
72 2
11 0
72 2
14 0
72 4
11 0
72 2
11 0
72 2
11 0
72 4
11 0
72 2
11 0
72 2
14 0
72 4
11 0
72 2
11 0
72 2
11 0
72 4
11 0
72 2
11 0
72 2
14 0
72 4
11 0
72 2
11 0
72 2
11 0
72 4
11 0
72 2
11 0
72 2
14 0
72 4
11 0
72 2
11 0
72 2
14 0
72 6
14 0
72 6
14 0
72 4
11 0
72 2
14 0
72 2
14 0
72 2
11 0
72 2
14 0
72 2
11 0
72 2
11 0
72 4
14 0
72 6
14 0
72 6
14 0
72 4
11 0
72 2
14 0
72 2
14 0
72 2
11 0
72 2
14 0
72 2
11 0
72 2
11 0
72 4
11 0
72 4
11 0
72 2
11 0
72 2
14 0
72 4
11 0
72 2
11 0
72 2
11 0
72 4
11 0
72 2
11 0
72 2
14 0
72 4
11 0
72 2
11 0
72 2
11 0
72 4
11 0
72 2
11 0
72 2
14 0
72 4
11 0
72 2
11 0
72 2
11 0
72 4
11 0
72 2
11 0
72 2
14 0
72 4
11 0
72 2
11 0
72 2
14 0
72 4
11 0
72 2
14 0
72 4
11 0
72 2
14 0
72 4
14 0
72 4
11 0
72 2
14 0
72 4
11 0
72 2
14 0
72 4
14 0
72 4
11 0
72 2
14 0
72 6
136 0
72 4
14 0
72 4
11 0
72 2
14 0
72 4
11 0
72 2
14 0
72 4
14 0
72 4
11 0
72 2
14 0
72 4
11 0
72 2
14 0
72 4
14 0
72 4
11 0
72 2
14 0
72 4
11 0
72 2
14 0
72 4
14 0
72 4
11 0
72 2
14 0
72 6
136 0
72 4
14 0
72 4
11 0
72 2
14 0
72 4
11 0
72 2
14 0
72 4
11 0
72 4
11 0
72 2
11 0
72 2
14 0
72 4
11 0
72 2
11 0
72 2
11 0
72 4
11 0
72 2
11 0
72 2
14 0
72 4
11 0
72 2
11 0
72 2
11 0
72 4
11 0
72 2
11 0
72 2
14 0
72 4
11 0
72 2
11 0
72 2
11 0
72 4
11 0
72 2
11 0
72 2
14 0
72 4
11 0
72 2
11 0
72 2
11 0
72 4
11 0
72 2
11 0
72 2
14 0
72 4
11 0
72 2
11 0
72 2
11 0
72 4
11 0
72 2
11 0
72 2
14 0
72 4
11 0
72 2
11 0
72 2
11 0
72 4
11 0
72 2
11 0
72 2
14 0
72 4
11 0
72 2
11 0
72 2
11 0
72 2
14 0
72 2
14 0
72 2
11 0
72 2
14 0
72 2
11 0
72 2
14 0
72 2
14 0
72 2
11 0
72 4
11 0
72 2
11 0
72 2
14 0
72 4
11 0
72 2
11 0
72 2
11 0
72 4
11 0
72 2
11 0
72 2
14 0
72 4
11 0
72 2
11 0
72 2
11 0
72 4
11 0
72 2
11 0
72 2
14 0
72 4
11 0
72 2
11 0
72 2
11 0
72 4
11 0
72 2
11 0
72 2
14 0
72 4
11 0
72 2
11 0
72 2
11 0
72 4
11 0
72 2
11 0
72 2
14 0
72 4
11 0
72 2
11 0
72 2
11 0
72 4
11 0
72 2
11 0
72 2
14 0
72 4
11 0
72 2
11 0
72 2
11 0
72 4
11 0
72 2
11 0
72 2
14 0
72 4
11 0
72 2
11 0
72 2
11 0
72 2
14 0
72 2
14 0
72 2
11 0
72 2
11 0
72 4
14 0
72 4
11 0
72 4
11 0
72 2
11 0
72 2
14 0
72 4
11 0
72 2
11 0
72 2
11 0
72 4
11 0
72 2
11 0
72 2
14 0
72 4
11 0
72 2
11 0
72 2
11 0
72 4
11 0
72 2
11 0
72 2
14 0
72 4
11 0
72 2
11 0
72 2
11 0
72 4
11 0
72 2
11 0
72 2
14 0
72 4
11 0
72 2
11 0
72 2
11 0
72 4
11 0
72 2
11 0
72 2
14 0
72 4
11 0
72 2
11 0
72 2
11 0
72 4
11 0
72 2
11 0
72 2
14 0
72 4
11 0
72 2
11 0
72 2
11 0
72 4
11 0
72 2
11 0
72 2
14 0
72 4
11 0
72 2
11 0
72 2
11 0
72 2
14 0
72 2
14 0
72 2
11 0
72 2
11 0
72 4
14 0
72 4
14 0
72 6
14 0
72 6
14 0
72 4
11 0
72 2
14 0
72 2
14 0
72 2
11 0
72 2
14 0
72 2
11 0
72 2
11 0
72 4
14 0
72 6
14 0
72 6
14 0
72 4
11 0
72 2
14 0
72 2
14 0
72 2
11 0
72 2
14 0
72 2
11 0
72 2
11 0
72 4
11 0
72 4
11 0
72 2
11 0
72 2
14 0
72 4
11 0
72 2
11 0
72 2
11 0
72 4
11 0
72 2
11 0
72 2
14 0
72 4
11 0
72 2
11 0
72 2
11 0
72 4
11 0
72 2
11 0
72 2
14 0
72 4
11 0
72 2
11 0
72 2
11 0
72 4
11 0
72 2
11 0
72 2
14 0
72 4
11 0
72 2
11 0
72 2
14 0
72 6
14 0
72 6
14 0
72 4
11 0
72 2
14 0
72 2
14 0
72 2
11 0
72 2
14 0
72 2
11 0
72 2
11 0
72 4
14 0
72 6
14 0
72 6
14 0
72 4
11 0
72 2
14 0
72 2
14 0
72 2
11 0
72 2
14 0
72 2
11 0
72 2
11 0
72 4
11 0
72 4
11 0
72 2
11 0
72 2
14 0
72 4
11 0
72 2
11 0
72 2
11 0
72 4
11 0
72 2
11 0
72 2
14 0
72 4
11 0
72 2
11 0
72 2
11 0
72 4
11 0
72 2
11 0
72 2
14 0
72 4
11 0
72 2
11 0
72 2
11 0
72 4
11 0
72 2
11 0
72 2
14 0
72 4
11 0
72 2
11 0
72 2
14 0
72 4
11 0
72 2
14 0
72 4
11 0
72 2
14 0
72 4
14 0
72 4
11 0
72 2
14 0
72 4
11 0
72 2
14 0
72 4
14 0
72 4
11 0
72 2
14 0
72 6
136 0
72 4
14 0
72 4
11 0
72 2
14 0
72 4
11 0
72 2
14 0
72 4
14 0
72 4
11 0
72 2
14 0
72 4
11 0
72 2
14 0
72 4
14 0
72 4
11 0
72 2
14 0
72 4
11 0
72 2
14 0
72 4
14 0
72 4
11 0
72 2
14 0
72 6
136 0
72 4
14 0
72 4
11 0
72 2
14 0
72 4
11 0
72 2
14 0
72 4
11 0
72 4
11 0
72 2
11 0
72 2
14 0
72 4
11 0
72 2
11 0
72 2
11 0
72 4
11 0
72 2
11 0
72 2
14 0
72 4
11 0
72 2
11 0
72 2
11 0
72 4
11 0
72 2
11 0
72 2
14 0
72 4
11 0
72 2
11 0
72 2
11 0
72 4
11 0
72 2
11 0
72 2
14 0
72 4
11 0
72 2
11 0
72 2
11 0
72 4
11 0
72 2
11 0
72 2
14 0
72 4
11 0
72 2
11 0
72 2
11 0
72 4
11 0
72 2
11 0
72 2
14 0
72 4
11 0
72 2
11 0
72 2
11 0
72 4
11 0
72 2
11 0
72 2
14 0
72 4
11 0
72 2
11 0
72 2
11 0
72 2
14 0
72 2
14 0
72 2
11 0
72 2
14 0
72 2
11 0
72 2
14 0
72 2
14 0
E
X
