major
S
H
72 12
40 2
72 6
41 9
72 4
43 9
41 11
72 9
40 2
72 6
41 9
72 4
38 9
40 11
72 9
40 2
72 6
41 9
72 4
43 9
41 11
72 9
40 2
72 6
41 9
72 4
31 9
40 11
72 4
38 4
40 4
72 4
40 4
72 4
38 4
36 4
43 11
72 4
45 7
43 7
48 7
72 4
45 7
43 7
72 4
40 7
38 4
36 4
72 4
40 4
72 4
31 4
33 11
72 4
33 4
36 4
41 4
72 4
40 4
72 4
43 4
72 4
40 4
38 4
36 4
38 7
72 4
33 7
72 4
36 4
72 4
35 7
36 4
38 4
72 4
31 7
72 4
38 4
40 4
72 4
40 4
72 4
38 4
36 4
43 11
72 4
45 7
43 7
48 7
72 4
45 7
43 7
72 4
40 7
38 4
36 4
72 4
40 4
72 4
31 4
33 7
72 4
36 4
72 4
41 4
43 4
41 4
32 7
72 4
36 4
72 4
41 4
43 4
41 4
40 11
38 4
31 4
43 13
72 4
45 11
72 4
45 4
48 11
72 4
48 4
47 4
48 13
72 4
47 4
72 4
47 4
72 4
45 4
43 7
45 11
72 4
45 4
48 11
72 4
48 4
47 4
48 13
72 4
47 4
72 4
47 4
72 4
45 4
43 7
45 12
47 4
48 9
38 7
40 7
43 7
40 9
33 9
40 7
40 9
31 9
40 7
35 12
31 4
33 9
31 7
28 7
31 7
28 11
33 7
35 4
31 9
26 9
28 9
35 7
36 4
35 7
33 7
28 4
35 7
36 4
35 7
33 7
28 4
35 7
36 4
35 7
33 7
38 9
36 7
35 7
36 7
35 7
36 4
35 7
33 7
28 4
35 7
36 4
35 7
33 7
28 4
35 7
36 4
35 7
33 7
38 9
43 7
47 7
50 7
47 12
48 4
48 12
72 7
38 2
31 2
35 2
38 2
43 2
35 2
38 2
43 2
47 2
38 2
43 2
47 2
50 2
43 2
47 2
50 2
43 2
35 2
38 2
43 2
47 2
38 2
43 2
47 2
50 2
43 2
47 2
50 2
55 2
47 2
50 2
55 2
72 7
40 2
72 6
41 9
72 4
43 9
41 11
72 9
40 2
72 6
41 9
72 4
38 9
40 11
72 9
40 2
72 6
41 9
72 4
43 9
41 11
72 9
40 2
72 6
41 9
72 4
31 9
40 11
72 4
38 4
40 4
72 4
40 4
72 4
38 4
36 4
43 11
72 4
45 7
43 7
48 7
72 4
45 7
43 7
72 4
40 7
38 4
36 4
72 4
40 4
72 4
31 4
33 11
72 4
33 4
36 4
41 4
72 4
40 4
72 4
43 4
72 4
40 4
38 4
36 4
38 7
72 4
33 7
72 4
36 4
72 4
35 7
36 4
38 4
72 4
31 7
72 4
38 4
40 4
72 4
40 4
72 4
38 4
36 4
43 11
72 4
45 7
43 7
48 7
72 4
45 7
43 7
72 4
40 7
38 4
36 4
72 4
40 4
72 4
31 4
33 7
72 4
36 4
72 4
41 4
43 4
41 4
32 7
72 4
36 4
72 4
41 4
43 4
41 4
40 11
38 4
31 4
43 13
72 4
45 11
72 4
45 4
48 11
72 4
48 4
47 4
48 13
72 4
47 4
72 4
47 4
72 4
45 4
43 7
45 11
72 4
45 4
48 11
72 4
48 4
47 4
48 13
72 4
47 4
72 4
47 4
72 4
45 4
43 7
45 12
47 4
48 9
38 7
40 7
43 7
40 9
33 9
40 7
40 9
31 9
40 7
35 12
31 4
33 9
31 7
28 7
31 7
28 11
33 7
35 4
31 9
26 9
28 9
35 7
36 4
35 7
33 7
28 4
35 7
36 4
35 7
33 7
28 4
35 7
36 4
35 7
33 7
38 9
36 7
35 7
36 7
35 7
36 4
35 7
33 7
28 4
35 7
36 4
35 7
33 7
28 4
35 7
36 4
35 7
33 7
38 9
43 7
47 7
50 7
47 12
48 4
48 12
72 7
38 2
31 2
35 2
38 2
43 2
35 2
38 2
43 2
47 2
38 2
43 2
47 2
50 2
43 2
47 2
50 2
43 2
35 2
38 2
43 2
47 2
38 2
43 2
47 2
50 2
43 2
47 2
50 2
55 2
47 2
50 2
55 2
E
S
L
72 11
12 4
24 2
24 2
12 4
24 2
24 2
12 4
24 2
24 2
12 4
24 2
24 2
12 4
24 2
24 2
12 4
24 2
24 2
12 4
24 2
24 2
21 4
19 2
19 2
12 4
24 2
24 2
12 4
24 2
24 2
12 4
24 2
24 2
12 4
24 2
24 2
12 4
24 2
24 2
12 4
24 2
24 2
12 4
24 2
24 2
21 4
19 2
19 2
12 4
24 2
24 2
12 4
24 2
24 2
12 4
24 2
24 2
12 4
24 2
24 2
12 4
24 2
24 2
12 4
24 2
24 2
12 4
24 2
24 2
21 4
19 2
19 2
12 4
24 2
24 2
12 4
24 2
24 2
12 4
24 2
24 2
12 4
24 2
24 2
12 4
24 2
24 2
12 4
24 2
24 2
12 4
24 2
24 2
12 4
24 2
24 2
12 4
24 4
12 4
24 4
12 4
24 4
12 4
24 4
11 4
23 4
11 4
23 4
11 4
23 4
11 4
23 4
9 4
21 4
9 4
21 4
9 4
21 4
9 4
21 4
7 4
19 4
7 4
19 4
7 4
19 4
7 4
19 4
5 4
17 4
5 4
17 4
5 4
17 4
5 4
17 4
4 4
16 4
4 4
16 4
4 4
16 4
4 4
16 4
2 4
14 4
2 4
14 4
2 4
14 4
2 4
14 4
7 4
19 4
7 4
19 4
7 4
19 4
7 4
19 4
12 4
12 4
12 4
12 4
12 4
12 4
12 4
12 4
11 4
11 4
11 4
11 4
11 4
11 4
11 4
11 4
9 4
9 4
9 4
9 4
9 4
9 4
9 4
9 4
7 4
7 4
7 4
7 4
7 4
7 4
7 4
7 4
5 4
5 4
5 4
5 4
5 4
5 4
5 4
5 4
5 4
5 4
5 4
5 4
5 4
5 4
5 4
5 4
7 4
7 4
7 4
7 4
7 4
7 4
7 4
7 4
7 4
7 4
7 4
7 4
7 4
7 4
7 4
7 4
21 2
21 2
33 2
33 2
21 2
21 2
33 2
33 2
21 2
21 2
33 2
33 2
21 2
21 2
33 2
33 2
19 2
19 2
31 2
31 2
19 2
19 2
31 2
31 2
19 2
19 2
31 2
31 2
19 2
19 2
31 2
31 2
17 2
17 2
29 2
29 2
17 2
17 2
29 2
29 2
17 2
17 2
29 2
29 2
17 2
17 2
29 2
29 2
19 2
19 2
31 2
31 2
19 2
19 2
31 2
31 2
19 2
19 2
31 2
31 2
19 2
19 2
31 2
31 2
21 2
21 2
33 2
33 2
21 2
21 2
33 2
33 2
21 2
21 2
33 2
33 2
21 2
21 2
33 2
33 2
19 2
19 2
31 2
31 2
19 2
19 2
31 2
31 2
19 2
19 2
31 2
31 2
19 2
19 2
31 2
31 2
17 2
17 2
29 2
29 2
17 2
17 2
29 2
29 2
17 2
17 2
29 2
29 2
17 2
17 2
29 2
29 2
19 2
19 2
31 2
31 2
19 2
19 2
31 2
31 2
19 2
19 2
31 2
31 2
19 2
19 2
31 2
31 2
21 4
33 2
33 2
21 4
33 2
33 2
21 4
33 2
33 2
21 4
33 2
33 2
19 4
31 2
31 2
19 4
31 2
31 2
19 4
31 2
31 2
19 4
31 2
31 2
17 4
29 2
29 2
17 4
29 2
29 2
17 4
29 2
29 2
17 4
29 2
29 2
19 4
31 2
31 2
19 4
31 2
31 2
19 4
31 2
31 2
19 4
31 2
31 2
21 4
33 2
33 2
21 4
33 2
33 2
21 4
33 2
33 2
21 4
33 2
33 2
19 4
31 2
31 2
19 4
31 2
31 2
19 4
31 2
31 2
19 4
31 2
31 2
17 4
29 2
29 2
17 4
29 2
29 2
17 4
29 2
29 2
17 4
29 2
29 2
19 4
31 2
31 2
19 4
31 2
31 2
19 4
31 2
31 2
19 4
31 2
31 2
21 4
33 2
33 2
21 4
33 2
33 2
21 4
33 2
33 2
21 4
33 2
33 2
19 4
31 2
31 2
19 4
31 2
31 2
19 4
31 2
31 2
19 4
31 2
31 2
17 4
29 2
29 2
17 4
29 2
29 2
17 4
29 2
29 2
17 4
29 2
29 2
19 4
31 2
31 2
19 4
31 2
31 2
19 4
31 2
31 2
19 4
31 2
31 2
21 4
33 2
33 2
21 4
33 2
33 2
21 4
33 2
33 2
21 4
33 2
33 2
19 4
31 2
31 2
19 4
31 2
31 2
19 4
31 2
31 2
19 4
31 2
31 2
17 4
29 2
29 2
17 4
29 2
29 2
17 4
29 2
29 2
17 4
29 2
29 2
19 4
31 2
31 2
19 4
31 2
31 2
19 4
31 2
31 2
19 4
31 2
31 2
21 4
33 2
33 2
21 4
33 2
33 2
21 4
33 2
33 2
21 4
33 2
33 2
21 4
33 2
33 2
21 4
33 2
33 2
21 4
33 2
33 2
21 4
33 2
33 2
19 4
31 2
31 2
19 4
31 2
31 2
19 4
31 2
31 2
19 4
31 2
31 2
19 4
31 2
31 2
19 4
31 2
31 2
19 4
31 2
31 2
19 4
31 2
31 2
12 4
24 2
24 2
12 4
24 2
24 2
12 4
24 2
24 2
12 4
24 2
24 2
12 4
24 2
24 2
12 4
24 2
24 2
12 4
24 2
24 2
21 4
19 2
19 2
12 4
24 2
24 2
12 4
24 2
24 2
12 4
24 2
24 2
12 4
24 2
24 2
12 4
24 2
24 2
12 4
24 2
24 2
12 4
24 2
24 2
21 4
19 2
19 2
12 4
24 2
24 2
12 4
24 2
24 2
12 4
24 2
24 2
12 4
24 2
24 2
12 4
24 2
24 2
12 4
24 2
24 2
12 4
24 2
24 2
21 4
19 2
19 2
12 4
24 2
24 2
12 4
24 2
24 2
12 4
24 2
24 2
12 4
24 2
24 2
12 4
24 2
24 2
12 4
24 2
24 2
12 4
24 2
24 2
12 4
24 2
24 2
12 4
24 4
12 4
24 4
12 4
24 4
12 4
24 4
11 4
23 4
11 4
23 4
11 4
23 4
11 4
23 4
9 4
21 4
9 4
21 4
9 4
21 4
9 4
21 4
7 4
19 4
7 4
19 4
7 4
19 4
7 4
19 4
5 4
17 4
5 4
17 4
5 4
17 4
5 4
17 4
4 4
16 4
4 4
16 4
4 4
16 4
4 4
16 4
2 4
14 4
2 4
14 4
2 4
14 4
2 4
14 4
7 4
19 4
7 4
19 4
7 4
19 4
7 4
19 4
12 4
12 4
12 4
12 4
12 4
12 4
12 4
12 4
11 4
11 4
11 4
11 4
11 4
11 4
11 4
11 4
9 4
9 4
9 4
9 4
9 4
9 4
9 4
9 4
7 4
7 4
7 4
7 4
7 4
7 4
7 4
7 4
5 4
5 4
5 4
5 4
5 4
5 4
5 4
5 4
5 4
5 4
5 4
5 4
5 4
5 4
5 4
5 4
7 4
7 4
7 4
7 4
7 4
7 4
7 4
7 4
7 4
7 4
7 4
7 4
7 4
7 4
7 4
7 4
21 2
21 2
33 2
33 2
21 2
21 2
33 2
33 2
21 2
21 2
33 2
33 2
21 2
21 2
33 2
33 2
19 2
19 2
31 2
31 2
19 2
19 2
31 2
31 2
19 2
19 2
31 2
31 2
19 2
19 2
31 2
31 2
17 2
17 2
29 2
29 2
17 2
17 2
29 2
29 2
17 2
17 2
29 2
29 2
17 2
17 2
29 2
29 2
19 2
19 2
31 2
31 2
19 2
19 2
31 2
31 2
19 2
19 2
31 2
31 2
19 2
19 2
31 2
31 2
21 2
21 2
33 2
33 2
21 2
21 2
33 2
33 2
21 2
21 2
33 2
33 2
21 2
21 2
33 2
33 2
19 2
19 2
31 2
31 2
19 2
19 2
31 2
31 2
19 2
19 2
31 2
31 2
19 2
19 2
31 2
31 2
17 2
17 2
29 2
29 2
17 2
17 2
29 2
29 2
17 2
17 2
29 2
29 2
17 2
17 2
29 2
29 2
19 2
19 2
31 2
31 2
19 2
19 2
31 2
31 2
19 2
19 2
31 2
31 2
19 2
19 2
31 2
31 2
21 4
33 2
33 2
21 4
33 2
33 2
21 4
33 2
33 2
21 4
33 2
33 2
19 4
31 2
31 2
19 4
31 2
31 2
19 4
31 2
31 2
19 4
31 2
31 2
17 4
29 2
29 2
17 4
29 2
29 2
17 4
29 2
29 2
17 4
29 2
29 2
19 4
31 2
31 2
19 4
31 2
31 2
19 4
31 2
31 2
19 4
31 2
31 2
21 4
33 2
33 2
21 4
33 2
33 2
21 4
33 2
33 2
21 4
33 2
33 2
19 4
31 2
31 2
19 4
31 2
31 2
19 4
31 2
31 2
19 4
31 2
31 2
17 4
29 2
29 2
17 4
29 2
29 2
17 4
29 2
29 2
17 4
29 2
29 2
19 4
31 2
31 2
19 4
31 2
31 2
19 4
31 2
31 2
19 4
31 2
31 2
21 4
33 2
33 2
21 4
33 2
33 2
21 4
33 2
33 2
21 4
33 2
33 2
19 4
31 2
31 2
19 4
31 2
31 2
19 4
31 2
31 2
19 4
31 2
31 2
17 4
29 2
29 2
17 4
29 2
29 2
17 4
29 2
29 2
17 4
29 2
29 2
19 4
31 2
31 2
19 4
31 2
31 2
19 4
31 2
31 2
19 4
31 2
31 2
21 4
33 2
33 2
21 4
33 2
33 2
21 4
33 2
33 2
21 4
33 2
33 2
19 4
31 2
31 2
19 4
31 2
31 2
19 4
31 2
31 2
19 4
31 2
31 2
17 4
29 2
29 2
17 4
29 2
29 2
17 4
29 2
29 2
17 4
29 2
29 2
19 4
31 2
31 2
19 4
31 2
31 2
19 4
31 2
31 2
19 4
31 2
31 2
21 4
33 2
33 2
21 4
33 2
33 2
21 4
33 2
33 2
21 4
33 2
33 2
21 4
33 2
33 2
21 4
33 2
33 2
21 4
33 2
33 2
21 4
33 2
33 2
19 4
31 2
31 2
19 4
31 2
31 2
19 4
31 2
31 2
19 4
31 2
31 2
19 4
31 2
31 2
19 4
31 2
31 2
19 4
31 2
31 2
19 4
31 2
31 2
E
S
H
72 12
36 2
72 6
36 9
72 4
38 9
36 11
72 9
36 2
72 6
36 9
72 4
35 9
36 11
72 9
36 2
72 6
36 9
72 4
38 9
36 11
72 9
36 2
72 6
36 9
72 4
38 9
36 11
72 7
36 4
72 4
36 4
72 4
31 7
72 4
38 7
40 4
36 7
38 7
72 4
40 7
72 4
33 7
72 4
40 7
40 7
72 4
31 7
72 4
40 7
72 4
41 4
72 4
41 4
72 4
41 4
40 4
38 4
72 4
43 4
72 4
43 4
72 4
43 4
41 4
40 4
41 7
40 4
41 4
72 4
41 4
72 4
41 4
43 7
41 4
43 4
72 4
41 4
72 4
41 4
72 4
36 4
72 4
36 4
72 4
31 7
72 4
38 7
40 4
36 7
38 7
72 4
40 7
72 4
33 7
72 4
40 7
40 7
72 4
31 7
72 4
40 7
36 7
72 4
33 7
31 7
29 4
36 7
72 4
32 7
31 7
29 4
31 9
26 7
31 7
35 4
38 4
31 4
35 4
38 4
43 4
35 4
38 4
43 4
45 11
72 4
47 4
48 11
72 4
48 4
47 4
48 13
72 4
43 4
72 4
43 4
72 4
40 4
38 7
45 11
72 4
47 4
48 11
72 4
48 4
47 4
48 13
72 4
43 4
72 4
43 4
72 4
40 4
38 7
33 2
36 2
40 2
36 2
33 2
36 2
40 2
36 2
33 2
36 2
40 2
36 2
33 2
36 2
40 2
36 2
33 2
36 2
40 2
36 2
33 2
36 2
40 2
36 2
33 2
36 2
40 2
36 2
33 2
36 2
40 2
36 2
33 2
36 2
40 2
36 2
33 2
36 2
40 2
36 2
33 2
36 2
40 2
36 2
33 2
36 2
40 2
36 2
31 2
36 2
40 2
36 2
31 2
36 2
40 2
36 2
31 2
36 2
40 2
36 2
31 2
36 2
40 2
36 2
33 2
36 2
40 2
36 2
33 2
36 2
40 2
36 2
33 2
36 2
40 2
36 2
33 2
36 2
40 2
36 2
33 2
36 2
40 2
36 2
33 2
36 2
40 2
36 2
33 2
36 2
40 2
36 2
33 2
36 2
40 2
36 2
33 2
36 2
40 2
36 2
33 2
36 2
40 2
36 2
33 2
36 2
40 2
36 2
33 2
36 2
40 2
36 2
31 2
36 2
40 2
36 2
31 2
36 2
40 2
36 2
31 2
36 2
40 2
36 2
31 2
36 2
40 2
36 2
33 2
36 2
40 2
36 2
33 2
36 2
40 2
36 2
33 2
36 2
40 2
36 2
33 2
36 2
40 2
36 2
33 2
36 2
40 2
36 2
33 2
36 2
40 2
36 2
33 2
36 2
40 2
36 2
33 2
36 2
40 2
36 2
33 2
36 2
40 2
36 2
33 2
36 2
40 2
36 2
33 2
36 2
40 2
36 2
33 2
36 2
40 2
36 2
31 2
36 2
40 2
36 2
31 2
36 2
40 2
36 2
31 2
36 2
40 2
36 2
31 2
36 2
40 2
36 2
33 2
36 2
40 2
36 2
33 2
36 2
40 2
36 2
33 2
36 2
40 2
36 2
33 2
36 2
40 2
36 2
33 2
36 2
40 2
36 2
33 2
36 2
40 2
36 2
33 2
36 2
40 2
36 2
33 2
36 2
40 2
36 2
33 2
36 2
40 2
36 2
33 2
36 2
40 2
36 2
33 2
36 2
40 2
36 2
33 2
36 2
40 2
36 2
31 2
36 2
40 2
36 2
31 2
36 2
40 2
36 2
31 2
36 2
40 2
36 2
31 2
36 2
40 2
36 2
33 2
36 2
40 2
36 2
33 2
36 2
40 2
36 2
33 2
36 2
40 2
36 2
33 2
36 2
40 2
36 2
33 2
36 2
40 2
36 2
33 2
36 2
40 2
36 2
33 2
36 2
40 2
36 2
33 2
36 2
40 2
36 2
31 2
31 2
43 2
31 2
31 2
31 2
43 2
31 2
31 2
31 2
43 2
31 2
31 2
31 2
43 2
31 2
31 2
31 2
43 2
31 2
31 2
31 2
43 2
31 2
31 2
31 2
43 2
31 2
31 2
31 2
43 2
31 2
72 7
36 2
72 6
36 9
72 4
38 9
36 11
72 9
36 2
72 6
36 9
72 4
35 9
36 11
72 9
36 2
72 6
36 9
72 4
38 9
36 11
72 9
36 2
72 6
36 9
72 4
38 9
36 11
72 7
36 4
72 4
36 4
72 4
31 7
72 4
38 7
40 4
36 7
38 7
72 4
40 7
72 4
33 7
72 4
40 7
40 7
72 4
31 7
72 4
40 7
72 4
41 4
72 4
41 4
72 4
41 4
40 4
38 4
72 4
43 4
72 4
43 4
72 4
43 4
41 4
40 4
41 7
40 4
41 4
72 4
41 4
72 4
41 4
43 7
41 4
43 4
72 4
41 4
72 4
41 4
72 4
36 4
72 4
36 4
72 4
31 7
72 4
38 7
40 4
36 7
38 7
72 4
40 7
72 4
33 7
72 4
40 7
40 7
72 4
31 7
72 4
40 7
36 7
72 4
33 7
31 7
29 4
36 7
72 4
32 7
31 7
29 4
31 9
26 7
31 7
35 4
38 4
31 4
35 4
38 4
43 4
35 4
38 4
43 4
45 11
72 4
47 4
48 11
72 4
48 4
47 4
48 13
72 4
43 4
72 4
43 4
72 4
40 4
38 7
45 11
72 4
47 4
48 11
72 4
48 4
47 4
48 13
72 4
43 4
72 4
43 4
72 4
40 4
38 7
33 2
36 2
40 2
36 2
33 2
36 2
40 2
36 2
33 2
36 2
40 2
36 2
33 2
36 2
40 2
36 2
33 2
36 2
40 2
36 2
33 2
36 2
40 2
36 2
33 2
36 2
40 2
36 2
33 2
36 2
40 2
36 2
33 2
36 2
40 2
36 2
33 2
36 2
40 2
36 2
33 2
36 2
40 2
36 2
33 2
36 2
40 2
36 2
31 2
36 2
40 2
36 2
31 2
36 2
40 2
36 2
31 2
36 2
40 2
36 2
31 2
36 2
40 2
36 2
33 2
36 2
40 2
36 2
33 2
36 2
40 2
36 2
33 2
36 2
40 2
36 2
33 2
36 2
40 2
36 2
33 2
36 2
40 2
36 2
33 2
36 2
40 2
36 2
33 2
36 2
40 2
36 2
33 2
36 2
40 2
36 2
33 2
36 2
40 2
36 2
33 2
36 2
40 2
36 2
33 2
36 2
40 2
36 2
33 2
36 2
40 2
36 2
31 2
36 2
40 2
36 2
31 2
36 2
40 2
36 2
31 2
36 2
40 2
36 2
31 2
36 2
40 2
36 2
33 2
36 2
40 2
36 2
33 2
36 2
40 2
36 2
33 2
36 2
40 2
36 2
33 2
36 2
40 2
36 2
33 2
36 2
40 2
36 2
33 2
36 2
40 2
36 2
33 2
36 2
40 2
36 2
33 2
36 2
40 2
36 2
33 2
36 2
40 2
36 2
33 2
36 2
40 2
36 2
33 2
36 2
40 2
36 2
33 2
36 2
40 2
36 2
31 2
36 2
40 2
36 2
31 2
36 2
40 2
36 2
31 2
36 2
40 2
36 2
31 2
36 2
40 2
36 2
33 2
36 2
40 2
36 2
33 2
36 2
40 2
36 2
33 2
36 2
40 2
36 2
33 2
36 2
40 2
36 2
33 2
36 2
40 2
36 2
33 2
36 2
40 2
36 2
33 2
36 2
40 2
36 2
33 2
36 2
40 2
36 2
33 2
36 2
40 2
36 2
33 2
36 2
40 2
36 2
33 2
36 2
40 2
36 2
33 2
36 2
40 2
36 2
31 2
36 2
40 2
36 2
31 2
36 2
40 2
36 2
31 2
36 2
40 2
36 2
31 2
36 2
40 2
36 2
33 2
36 2
40 2
36 2
33 2
36 2
40 2
36 2
33 2
36 2
40 2
36 2
33 2
36 2
40 2
36 2
33 2
36 2
40 2
36 2
33 2
36 2
40 2
36 2
33 2
36 2
40 2
36 2
33 2
36 2
40 2
36 2
31 2
31 2
43 2
31 2
31 2
31 2
43 2
31 2
31 2
31 2
43 2
31 2
31 2
31 2
43 2
31 2
31 2
31 2
43 2
31 2
31 2
31 2
43 2
31 2
31 2
31 2
43 2
31 2
31 2
31 2
43 2
31 2
E
S
L
72 12
33 2
72 6
33 9
72 4
35 9
33 11
72 9
31 2
72 6
33 9
72 4
31 9
31 11
72 9
33 2
72 6
33 9
72 4
35 9
33 11
72 9
33 2
72 6
33 9
72 4
35 9
31 11
72 14
36 11
72 4
38 4
40 11
72 4
40 4
38 4
40 13
72 4
38 4
72 4
38 4
72 4
36 4
35 7
36 11
72 4
38 4
40 11
72 4
40 4
38 4
40 13
72 4
38 4
72 4
38 4
72 4
36 4
35 7
72 14
33 2
72 6
33 9
72 4
35 9
33 11
72 9
31 2
72 6
33 9
72 4
31 9
31 11
72 9
33 2
72 6
33 9
72 4
35 9
33 11
72 9
33 2
72 6
33 9
72 4
35 9
31 11
72 14
36 11
72 4
38 4
40 11
72 4
40 4
38 4
40 13
72 4
38 4
72 4
38 4
72 4
36 4
35 7
36 11
72 4
38 4
40 11
72 4
40 4
38 4
40 13
72 4
38 4
72 4
38 4
72 4
36 4
35 7
E
S
H
72 12
40 2
72 6
41 9
72 4
43 9
41 11
72 9
40 2
72 6
41 9
72 4
38 9
40 11
72 9
40 2
72 6
41 9
72 4
43 9
41 11
72 9
40 2
72 6
41 9
72 4
31 9
40 11
72 4
38 4
40 4
72 4
40 4
72 4
38 4
36 4
43 11
72 4
45 7
43 7
48 7
72 4
45 7
43 7
72 4
40 7
38 4
36 4
72 4
40 4
72 4
31 4
33 11
72 4
33 4
36 4
41 4
72 4
40 4
72 4
43 4
72 4
40 4
38 4
36 4
38 7
72 4
33 7
72 4
36 4
72 4
35 7
36 4
38 4
72 4
31 7
72 4
38 4
40 4
72 4
40 4
72 4
38 4
36 4
43 11
72 4
45 7
43 7
48 7
72 4
45 7
43 7
72 4
40 7
38 4
36 4
72 4
40 4
72 4
31 4
33 7
72 4
36 4
72 4
41 4
43 4
41 4
32 7
72 4
36 4
72 4
41 4
43 4
41 4
40 11
38 4
31 4
43 13
72 4
45 11
72 4
45 4
48 11
72 4
48 4
47 4
48 13
72 4
47 4
72 4
47 4
72 4
45 4
43 7
45 11
72 4
45 4
48 11
72 4
48 4
47 4
48 13
72 4
47 4
72 4
47 4
72 4
45 4
43 7
45 12
47 4
48 9
38 7
40 7
43 7
40 9
33 9
40 7
40 9
31 9
40 7
35 12
31 4
33 9
31 7
28 7
31 7
28 11
33 7
35 4
31 9
26 9
28 9
35 7
36 4
35 7
33 7
28 4
35 7
36 4
35 7
33 7
28 4
35 7
36 4
35 7
33 7
38 9
36 7
35 7
36 7
35 7
36 4
35 7
33 7
28 4
35 7
36 4
35 7
33 7
28 4
35 7
36 4
35 7
33 7
38 9
43 7
47 7
50 7
47 12
48 4
48 12
72 7
38 2
31 2
35 2
38 2
43 2
35 2
38 2
43 2
47 2
38 2
43 2
47 2
50 2
43 2
47 2
50 2
43 2
35 2
38 2
43 2
47 2
38 2
43 2
47 2
50 2
43 2
47 2
50 2
55 2
47 2
50 2
72 8
40 2
72 6
41 9
72 4
43 9
41 11
72 9
40 2
72 6
41 9
72 4
38 9
40 11
72 9
40 2
72 6
41 9
72 4
43 9
41 11
72 9
40 2
72 6
41 9
72 4
31 9
40 11
72 4
38 4
40 4
72 4
40 4
72 4
38 4
36 4
43 11
72 4
45 7
43 7
48 7
72 4
45 7
43 7
72 4
40 7
38 4
36 4
72 4
40 4
72 4
31 4
33 11
72 4
33 4
36 4
41 4
72 4
40 4
72 4
43 4
72 4
40 4
38 4
36 4
38 7
72 4
33 7
72 4
36 4
72 4
35 7
36 4
38 4
72 4
31 7
72 4
38 4
40 4
72 4
40 4
72 4
38 4
36 4
43 11
72 4
45 7
43 7
48 7
72 4
45 7
43 7
72 4
40 7
38 4
36 4
72 4
40 4
72 4
31 4
33 7
72 4
36 4
72 4
41 4
43 4
41 4
32 7
72 4
36 4
72 4
41 4
43 4
41 4
40 11
38 4
31 4
43 13
72 4
45 11
72 4
45 4
48 11
72 4
48 4
47 4
48 13
72 4
47 4
72 4
47 4
72 4
45 4
43 7
45 11
72 4
45 4
48 11
72 4
48 4
47 4
48 13
72 4
47 4
72 4
47 4
72 4
45 4
43 7
45 12
47 4
48 9
38 7
40 7
43 7
40 9
33 9
40 7
40 9
31 9
40 7
35 12
31 4
33 9
31 7
28 7
31 7
28 11
33 7
35 4
31 9
26 9
28 9
35 7
36 4
35 7
33 7
28 4
35 7
36 4
35 7
33 7
28 4
35 7
36 4
35 7
33 7
38 9
36 7
35 7
36 7
35 7
36 4
35 7
33 7
28 4
35 7
36 4
35 7
33 7
28 4
35 7
36 4
35 7
33 7
38 9
43 7
47 7
50 7
47 12
48 4
48 12
72 7
38 2
31 2
35 2
38 2
43 2
35 2
38 2
43 2
47 2
38 2
43 2
47 2
50 2
43 2
47 2
50 2
43 2
35 2
38 2
43 2
47 2
38 2
43 2
47 2
50 2
43 2
47 2
50 2
55 2
47 2
50 2
E
S
L
856 0
72 2
856 0
72 2
856 0
72 2
856 0
72 2
856 0
72 2
856 0
72 2
856 0
72 2
856 0
72 2
634 0
72 7
14 0
72 7
172 0
72 4
172 0
72 2
172 0
72 2
14 0
72 7
172 0
72 7
14 0
72 9
172 0
72 2
172 0
72 2
14 0
72 7
172 0
72 7
14 0
72 9
172 0
72 2
172 0
72 2
14 0
72 7
172 0
72 7
14 0
72 4
172 0
72 2
172 0
72 2
172 0
72 2
172 0
72 2
172 0
72 4
14 0
72 7
172 0
72 7
14 0
72 7
172 0
72 4
172 0
72 2
172 0
72 2
14 0
72 7
172 0
72 7
14 0
72 9
172 0
72 2
172 0
72 2
14 0
72 7
172 0
72 7
14 0
72 9
172 0
72 2
172 0
72 2
14 0
72 7
172 0
72 7
14 0
72 7
14 0
72 4
14 0
72 2
14 0
72 4
14 0
72 2
14 0
72 4
172 0
72 7
14 0
72 9
172 0
72 4
14 0
72 7
172 0
72 7
14 0
72 4
172 0
72 7
172 0
72 4
14 0
72 7
172 0
72 7
14 0
72 9
172 0
72 4
14 0
72 7
172 0
72 7
14 0
72 4
172 0
72 7
172 0
72 4
14 0
72 7
172 0
72 7
14 0
72 9
172 0
72 4
14 0
72 7
172 0
72 7
14 0
72 4
172 0
72 7
172 0
72 4
14 0
72 7
172 0
72 7
14 0
72 9
172 0
72 4
14 0
72 7
172 0
72 7
14 0
72 4
172 0
72 2
172 0
72 4
172 0
72 2
172 0
72 4
14 0
72 2
14 0
72 2
14 0
72 2
14 0
72 2
172 0
72 7
14 0
72 9
172 0
72 4
14 0
72 7
172 0
72 7
14 0
72 4
172 0
72 7
172 0
72 4
14 0
72 7
172 0
72 7
14 0
72 9
172 0
72 4
14 0
72 7
172 0
72 7
14 0
72 4
172 0
72 7
172 0
72 4
14 0
72 7
172 0
72 7
14 0
72 9
172 0
72 4
14 0
72 7
172 0
72 7
14 0
72 4
172 0
72 7
172 0
72 4
14 0
72 7
172 0
72 7
14 0
72 9
172 0
72 4
14 0
72 7
172 0
72 7
14 0
72 4
172 0
72 7
172 0
72 4
14 0
72 7
172 0
72 12
14 0
72 7
172 0
72 12
14 0
72 4
172 0
72 4
172 0
72 12
14 0
72 7
172 0
72 7
14 0
72 7
14 0
72 2
14 0
72 2
14 0
72 2
14 0
72 2
14 0
72 2
14 0
72 2
14 0
72 2
14 0
72 2
172 0
72 12
14 0
72 7
172 0
72 12
14 0
72 4
172 0
72 4
172 0
72 12
14 0
72 7
172 0
72 7
14 0
72 7
14 0
72 2
14 0
72 2
14 0
72 2
14 0
72 2
14 0
72 2
14 0
72 2
14 0
72 2
14 0
72 2
172 0
72 7
14 0
72 9
172 0
72 4
14 0
72 7
172 0
72 7
14 0
72 4
172 0
72 7
172 0
72 4
14 0
72 7
172 0
72 7
14 0
72 9
172 0
72 4
14 0
72 7
172 0
72 7
14 0
72 4
172 0
72 7
172 0
72 4
14 0
72 7
172 0
72 7
14 0
72 9
172 0
72 4
14 0
72 7
172 0
72 7
14 0
72 4
172 0
72 7
172 0
72 4
14 0
72 7
172 0
72 7
14 0
72 9
172 0
72 4
14 0
72 7
172 0
72 7
14 0
72 4
172 0
72 7
172 0
72 4
14 0
72 7
172 0
72 7
14 0
72 9
172 0
72 4
14 0
72 7
172 0
72 7
14 0
72 4
172 0
72 7
172 0
72 4
14 0
72 7
172 0
72 7
14 0
72 9
172 0
72 4
14 0
72 7
172 0
72 7
14 0
72 4
172 0
72 7
172 0
72 4
14 0
72 7
172 0
72 7
14 0
72 9
172 0
72 4
14 0
72 7
172 0
72 7
14 0
72 4
172 0
72 7
172 0
72 4
14 0
72 7
172 0
72 7
14 0
72 9
172 0
72 4
14 0
72 7
172 0
72 7
14 0
72 4
172 0
72 7
172 0
72 4
14 0
72 7
172 0
72 7
14 0
72 9
172 0
72 4
14 0
72 7
172 0
72 7
14 0
72 4
172 0
72 7
172 0
72 4
14 0
72 7
172 0
72 7
14 0
72 9
172 0
72 4
14 0
72 7
172 0
72 7
14 0
72 7
14 0
72 2
14 0
72 2
14 0
72 2
14 0
72 2
14 0
72 2
14 0
72 2
14 0
72 2
14 0
72 2
634 0
72 7
14 0
72 7
172 0
72 4
172 0
72 2
172 0
72 2
14 0
72 7
172 0
72 7
14 0
72 9
172 0
72 2
172 0
72 2
14 0
72 7
172 0
72 7
14 0
72 9
172 0
72 2
172 0
72 2
14 0
72 7
172 0
72 7
14 0
72 4
172 0
72 2
172 0
72 2
172 0
72 2
172 0
72 2
172 0
72 4
14 0
72 7
172 0
72 7
14 0
72 7
172 0
72 4
172 0
72 2
172 0
72 2
14 0
72 7
172 0
72 7
14 0
72 9
172 0
72 2
172 0
72 2
14 0
72 7
172 0
72 7
14 0
72 9
172 0
72 2
172 0
72 2
14 0
72 7
172 0
72 7
14 0
72 7
14 0
72 4
14 0
72 2
14 0
72 4
14 0
72 2
14 0
72 4
172 0
72 7
14 0
72 9
172 0
72 4
14 0
72 7
172 0
72 7
14 0
72 4
172 0
72 7
172 0
72 4
14 0
72 7
172 0
72 7
14 0
72 9
172 0
72 4
14 0
72 7
172 0
72 7
14 0
72 4
172 0
72 7
172 0
72 4
14 0
72 7
172 0
72 7
14 0
72 9
172 0
72 4
14 0
72 7
172 0
72 7
14 0
72 4
172 0
72 7
172 0
72 4
14 0
72 7
172 0
72 7
14 0
72 9
172 0
72 4
14 0
72 7
172 0
72 7
14 0
72 4
172 0
72 2
172 0
72 4
172 0
72 2
172 0
72 4
14 0
72 2
14 0
72 2
14 0
72 2
14 0
72 2
172 0
72 7
14 0
72 9
172 0
72 4
14 0
72 7
172 0
72 7
14 0
72 4
172 0
72 7
172 0
72 4
14 0
72 7
172 0
72 7
14 0
72 9
172 0
72 4
14 0
72 7
172 0
72 7
14 0
72 4
172 0
72 7
172 0
72 4
14 0
72 7
172 0
72 7
14 0
72 9
172 0
72 4
14 0
72 7
172 0
72 7
14 0
72 4
172 0
72 7
172 0
72 4
14 0
72 7
172 0
72 7
14 0
72 9
172 0
72 4
14 0
72 7
172 0
72 7
14 0
72 4
172 0
72 7
172 0
72 4
14 0
72 7
172 0
72 12
14 0
72 7
172 0
72 12
14 0
72 4
172 0
72 4
172 0
72 12
14 0
72 7
172 0
72 7
14 0
72 7
14 0
72 2
14 0
72 2
14 0
72 2
14 0
72 2
14 0
72 2
14 0
72 2
14 0
72 2
14 0
72 2
172 0
72 12
14 0
72 7
172 0
72 12
14 0
72 4
172 0
72 4
172 0
72 12
14 0
72 7
172 0
72 7
14 0
72 7
14 0
72 2
14 0
72 2
14 0
72 2
14 0
72 2
14 0
72 2
14 0
72 2
14 0
72 2
14 0
72 2
172 0
72 7
14 0
72 9
172 0
72 4
14 0
72 7
172 0
72 7
14 0
72 4
172 0
72 7
172 0
72 4
14 0
72 7
172 0
72 7
14 0
72 9
172 0
72 4
14 0
72 7
172 0
72 7
14 0
72 4
172 0
72 7
172 0
72 4
14 0
72 7
172 0
72 7
14 0
72 9
172 0
72 4
14 0
72 7
172 0
72 7
14 0
72 4
172 0
72 7
172 0
72 4
14 0
72 7
172 0
72 7
14 0
72 9
172 0
72 4
14 0
72 7
172 0
72 7
14 0
72 4
172 0
72 7
172 0
72 4
14 0
72 7
172 0
72 7
14 0
72 9
172 0
72 4
14 0
72 7
172 0
72 7
14 0
72 4
172 0
72 7
172 0
72 4
14 0
72 7
172 0
72 7
14 0
72 9
172 0
72 4
14 0
72 7
172 0
72 7
14 0
72 4
172 0
72 7
172 0
72 4
14 0
72 7
172 0
72 7
14 0
72 9
172 0
72 4
14 0
72 7
172 0
72 7
14 0
72 4
172 0
72 7
172 0
72 4
14 0
72 7
172 0
72 7
14 0
72 9
172 0
72 4
14 0
72 7
172 0
72 7
14 0
72 4
172 0
72 7
172 0
72 4
14 0
72 7
172 0
72 7
14 0
72 9
172 0
72 4
14 0
72 7
172 0
72 7
14 0
72 4
172 0
72 7
172 0
72 4
14 0
72 7
172 0
72 7
14 0
72 9
172 0
72 4
14 0
72 7
172 0
72 7
14 0
72 7
14 0
72 2
14 0
72 2
14 0
72 2
14 0
72 2
14 0
72 2
14 0
72 2
14 0
72 2
14 0
E
X
