minor
S
L
192 2
72 2
187 2
187 2
187 4
231 2
72 2
127 2
72 2
187 4
231 2
72 2
187 4
192 2
72 2
187 2
187 2
187 4
231 2
72 2
127 2
72 2
187 4
231 2
72 2
187 4
192 2
72 2
1771 2
1771 2
1771 4
244 2
72 2
127 2
72 2
1771 4
244 2
72 2
1771 4
166 2
72 2
214 2
214 2
214 4
218 2
72 2
101 2
72 2
214 4
218 2
72 2
214 4
140 2
72 2
1628 2
1628 2
1628 4
192 2
72 2
231 2
72 2
1628 4
192 2
72 2
1628 4
231 2
72 2
514 2
514 2
514 4
127 2
72 2
166 2
72 2
514 4
127 2
72 2
514 4
101 2
72 2
1289 2
1289 2
1289 4
205 2
72 2
140 2
72 2
1289 4
101 2
72 2
1289 4
231 2
72 2
1143 2
1143 2
1143 4
192 2
72 2
127 2
72 2
1143 4
231 2
72 2
1143 4
218 2
72 2
1446 2
1446 2
1446 4
114 2
72 2
153 2
72 2
1446 4
114 2
72 2
1446 4
127 2
72 2
231 2
72 2
224 2
224 2
224 2
72 2
231 2
72 2
218 2
72 2
14 4
127 2
72 2
192 2
72 2
1771 2
1771 2
1771 4
244 2
72 2
127 2
72 2
1771 4
244 2
72 2
1771 4
166 2
72 2
214 2
214 2
214 4
218 2
72 2
101 2
72 2
214 4
218 2
72 2
214 4
140 2
72 2
1628 2
1628 2
1628 4
192 2
72 2
231 2
72 2
1628 4
192 2
72 2
1628 4
127 2
72 2
1471 2
1471 2
1471 4
179 2
72 2
218 2
72 2
1471 4
179 2
72 2
1471 4
114 2
72 2
1635 2
1635 2
1635 2
72 2
22 2
25 2
140 2
72 2
1635 2
1635 2
1635 2
72 2
19 2
21 2
127 2
72 2
463 2
463 2
463 2
72 2
24 2
26 2
179 2
72 2
1471 2
1471 2
1471 2
72 2
19 2
21 2
114 2
72 2
1635 2
1635 2
1635 2
72 2
22 2
25 2
140 2
72 2
1635 2
1635 2
1635 2
72 2
19 2
21 2
127 2
72 2
463 2
463 2
463 2
72 2
24 2
26 2
179 2
72 2
1471 2
1471 2
1471 2
72 2
179 4
101 2
72 2
1289 2
1289 2
1289 4
205 2
72 2
140 2
72 2
1289 4
101 2
72 2
1289 4
231 2
72 2
1143 2
1143 2
1143 4
192 2
72 2
127 2
72 2
1143 4
231 2
72 2
1143 4
218 2
72 2
1446 2
1446 2
1446 4
114 2
72 2
153 2
72 2
1446 4
114 2
72 2
1446 4
1471 2
72 2
231 4
244 2
72 2
188 2
72 2
101 2
72 2
127 2
72 2
192 7
528 4
240 2
240 2
240 4
192 2
192 2
192 4
528 4
31 2
33 2
35 2
36 2
502 4
214 2
214 2
214 4
166 2
166 2
166 4
502 4
36 2
38 2
39 2
41 2
660 4
1628 2
1628 2
1628 4
140 2
140 2
140 4
1155 4
44 2
43 2
41 2
39 2
855 4
514 2
514 2
514 4
231 2
231 2
231 4
514 4
38 4
36 2
38 2
540 4
145 2
12 2
145 2
72 2
39 2
41 2
1143 4
195 2
14 2
195 2
72 2
38 2
43 2
1454 4
1166 2
1166 2
1166 2
72 2
1166 2
1166 2
1166 2
72 2
330 2
330 2
330 2
72 2
7 2
9 2
415 13
72 4
42 0
72 2
39 0
72 2
38 0
72 2
36 0
72 2
34 0
72 2
33 0
72 2
30 0
72 2
27 0
72 2
26 0
72 2
24 0
72 2
22 0
72 2
21 0
72 2
18 0
72 2
14 0
72 2
192 4
1771 2
1771 2
1771 4
244 4
127 4
1771 4
244 4
1771 4
166 4
1457 2
1457 2
1457 4
218 4
101 4
1457 4
218 4
1457 4
140 4
1155 2
1155 2
1155 4
192 4
231 4
1155 4
192 4
1155 4
127 4
998 2
998 2
998 4
179 4
218 4
998 4
179 4
998 4
127 4
1142 2
1142 2
1142 4
21 2
72 2
127 2
72 2
20 2
72 2
127 2
72 2
19 2
72 2
127 4
1142 2
1142 2
1142 2
72 2
19 2
72 2
127 2
72 2
134 2
134 2
134 2
72 2
18 2
72 2
127 2
72 2
134 2
134 2
134 2
72 2
21 2
72 2
14 3
72 8
21 4
14 3
72 8
21 4
14 3
72 8
127 2
127 2
114 2
22 2
27 2
31 2
37 2
39 2
43 2
39 2
37 2
31 2
27 2
22 2
14 2
21 2
26 2
30 2
36 2
38 2
42 2
38 2
36 2
30 2
26 2
21 2
13 2
22 2
27 2
31 2
37 2
39 2
43 2
39 2
37 2
31 2
27 2
22 2
14 2
21 2
26 2
30 2
36 2
38 2
42 2
38 2
36 2
30 2
26 2
21 2
20 2
24 2
27 2
32 2
36 2
39 2
44 2
39 2
36 2
32 2
27 2
24 2
19 2
26 2
31 2
34 2
38 2
43 2
46 2
43 2
38 2
34 2
31 2
26 2
9 2
21 2
28 2
31 2
33 2
37 2
40 2
37 2
33 2
31 2
21 2
9 2
9 2
21 2
30 2
33 2
35 2
39 2
42 2
39 2
35 2
33 2
30 2
21 2
9 2
21 2
30 2
31 2
34 2
39 2
151 2
34 2
31 2
21 2
31 2
31 2
162 2
34 2
31 2
21 2
31 2
31 2
174 2
33 2
33 2
31 2
21 2
21 2
127 2
72 2
1478 2
1478 2
1478 2
72 2
179 2
72 2
231 2
72 2
151 2
72 2
192 2
72 2
151 2
72 2
127 2
72 2
1478 2
1478 2
1478 2
72 2
179 2
72 2
231 2
72 2
151 2
72 2
192 2
72 2
151 2
72 2
127 2
72 2
1478 2
1478 2
1478 2
72 2
26 4
140 2
72 2
187 2
187 2
187 2
72 2
26 4
153 2
72 2
199 2
199 2
199 2
72 2
26 4
166 2
72 2
26 2
72 2
179 2
72 2
26 2
72 2
192 2
72 2
1771 2
1771 2
1771 4
244 2
72 2
127 2
72 2
1771 4
244 2
72 2
1771 4
166 2
72 2
214 2
214 2
214 4
218 2
72 2
101 2
72 2
214 4
218 2
72 2
214 4
140 2
72 2
1628 2
1628 2
1628 4
192 2
72 2
231 2
72 2
1628 4
192 2
72 2
1628 4
231 2
72 2
1603 2
1603 2
1603 4
127 2
72 2
166 2
72 2
1603 4
127 2
72 2
1603 4
101 2
72 2
1289 2
1289 2
1289 4
205 2
72 2
140 2
72 2
1289 4
101 2
72 2
1289 4
231 2
72 2
1143 2
1143 2
1143 4
192 2
72 2
127 2
72 2
1143 4
231 2
72 2
1143 4
1514 12
72 4
140 4
127 11
72 11
528 4
240 2
240 2
240 4
192 2
192 2
192 4
528 4
31 2
33 2
35 2
36 2
502 4
214 2
214 2
214 4
166 2
166 2
166 4
502 4
36 2
38 2
39 2
41 2
660 4
1628 2
1628 2
1628 4
140 2
140 2
140 4
1155 4
42 2
43 2
45 2
46 2
503 4
1471 2
1471 2
1471 4
127 2
127 2
127 4
38 4
38 4
37 2
38 2
660 4
1628 2
1628 2
1628 4
114 2
114 2
114 4
1628 4
46 4
45 2
43 2
1471 4
1471 2
1471 2
1471 4
127 2
127 2
127 4
1471 4
33 2
34 2
36 2
38 2
660 4
1628 2
1628 2
1628 4
114 2
114 2
114 4
1628 4
46 4
45 2
43 2
1471 4
1471 2
1471 2
1471 4
127 2
127 2
127 4
503 4
38 4
36 2
38 2
540 4
145 2
12 2
145 2
72 2
39 2
41 2
1143 4
195 2
14 2
195 2
72 2
38 2
43 2
1454 4
1166 2
1166 2
1166 2
72 2
1166 2
1166 2
1166 2
72 2
330 2
330 2
330 2
72 2
7 2
9 2
415 13
72 4
42 0
72 2
39 0
72 2
38 0
72 2
36 0
72 2
34 0
72 2
33 0
72 2
30 0
72 2
27 0
72 2
26 0
72 2
24 0
72 2
22 0
72 2
21 0
72 2
18 0
72 2
14 0
72 2
192 4
1771 2
1771 2
1771 4
21 2
23 2
26 11
528 2
672 2
672 2
816 2
816 4
166 4
1457 2
1457 2
1457 4
19 2
21 2
24 11
214 2
358 2
358 2
502 2
502 4
140 4
1155 2
1155 2
1155 4
17 2
19 2
22 11
1628 2
1772 2
1772 2
188 2
188 4
231 4
1603 2
1603 2
1603 4
166 2
72 2
231 2
72 2
1603 2
72 2
244 2
72 2
1747 2
72 2
101 4
109 2
109 2
109 4
140 2
72 2
231 4
228 2
228 2
228 4
127 2
72 2
218 4
213 2
213 2
213 4
114 2
72 2
127 4
211 2
211 2
211 4
26 2
72 2
192 2
72 2
132 2
132 2
132 2
72 2
147 2
147 2
147 2
72 2
231 4
127 4
218 4
192 4
132 2
132 2
132 2
72 2
147 2
147 2
147 2
72 2
10 4
14 4
9 4
7 4
19 2
21 2
22 2
26 2
211 2
26 2
1572 2
26 2
31 2
31 2
223 2
129 2
215 2
38 2
1140 4
72 4
38 2
40 2
42 2
72 2
1140 4
72 13
192 2
192 14
E
X
