minor
S
L
10 5
72 0
12 11
19 2
16 2
12 2
9 4
21 2
21 2
9 4
21 2
21 2
10 4
22 2
22 2
10 4
22 2
22 2
12 4
24 2
72 2
24 4
19 4
26 5
72 0
24 4
19 2
21 2
24 2
14 4
26 2
72 2
26 4
21 4
28 5
72 0
26 4
21 2
23 2
26 2
10 4
22 2
72 2
22 4
17 4
24 5
72 0
22 4
17 2
19 2
22 2
9 4
21 2
9 2
11 4
23 2
11 2
12 4
24 2
12 2
9 4
21 2
9 2
12 4
24 2
72 2
24 4
19 4
26 5
72 0
24 4
19 2
21 2
24 2
14 4
26 2
72 2
26 4
21 4
28 5
72 0
26 4
21 2
23 2
26 2
10 4
22 2
72 2
22 4
17 4
24 5
72 0
22 4
17 2
19 2
22 2
9 4
21 2
9 2
11 4
23 2
11 2
12 4
24 2
12 2
9 4
21 2
9 2
12 4
24 2
72 2
24 4
19 4
26 5
72 0
24 4
19 2
21 2
24 2
14 4
26 2
72 2
26 4
21 4
28 5
72 0
26 4
21 2
23 2
26 2
10 4
22 2
72 2
22 4
17 4
24 5
72 0
22 4
17 2
19 2
22 2
9 4
21 2
9 2
11 4
23 2
11 2
12 4
24 2
12 2
9 4
21 2
9 2
12 4
24 2
72 2
24 4
19 4
26 5
72 0
24 4
19 2
21 2
24 2
14 4
26 2
72 2
26 4
21 4
28 5
72 0
26 4
21 2
23 2
26 2
10 4
22 2
72 2
22 4
17 4
24 5
72 0
22 4
17 2
19 2
22 2
9 4
21 2
9 2
11 4
23 2
11 2
12 4
24 2
12 2
9 4
21 2
9 2
17 4
29 4
12 4
24 4
17 4
29 4
12 4
24 4
16 4
28 4
11 4
23 4
16 4
28 4
11 4
23 4
16 4
28 4
11 4
23 4
8 4
20 4
4 4
16 4
9 4
9 4
11 4
11 4
0 4
12 4
9 4
9 4
17 4
29 4
12 4
24 4
17 4
29 4
12 4
24 4
16 4
28 4
11 4
23 4
16 4
28 4
11 4
23 4
7 2
7 2
72 2
9 12
72 2
9 2
9 4
9 2
11 4
12 4
14 4
12 4
11 2
9 2
7 4
12 4
24 2
72 2
24 4
19 4
26 5
72 0
24 4
19 2
21 2
24 2
14 4
26 2
72 2
26 4
21 4
28 5
72 0
26 4
21 2
23 2
26 2
10 4
22 2
72 2
22 4
17 4
24 5
72 0
22 4
17 2
19 2
22 2
9 4
21 2
9 2
11 4
23 2
11 2
12 4
24 2
12 2
9 4
21 2
9 2
12 4
24 2
72 2
24 4
19 4
26 5
72 0
24 4
19 2
21 2
24 2
14 4
26 2
72 2
26 4
21 4
28 5
72 0
26 4
21 2
23 2
26 2
10 4
22 2
72 2
22 4
17 4
24 5
72 0
22 4
17 2
19 2
22 2
9 4
21 2
9 2
11 4
23 2
11 2
12 4
24 2
12 2
9 4
21 2
9 2
12 4
24 2
72 2
24 4
19 4
26 5
72 0
24 4
19 2
21 2
24 2
14 4
26 2
72 2
26 4
21 4
28 5
72 0
26 4
21 2
23 2
26 2
10 4
22 2
72 2
22 4
17 4
24 5
72 0
22 4
17 2
19 2
22 2
9 4
21 2
9 2
11 4
23 2
11 2
12 4
24 2
12 2
9 4
21 2
9 2
12 4
24 2
72 2
24 4
19 4
26 5
72 0
24 4
19 2
21 2
24 2
14 4
26 2
72 2
26 4
21 4
28 5
72 0
26 4
21 2
23 2
26 2
10 4
22 2
72 2
22 4
17 4
24 5
72 0
22 4
17 2
19 2
22 2
9 4
21 2
9 2
11 4
23 2
11 2
12 4
24 2
12 2
9 4
21 2
9 2
17 4
29 4
12 4
24 4
17 4
29 4
12 4
24 4
16 4
28 4
11 4
23 4
16 4
28 4
11 4
23 4
16 4
28 4
11 4
23 4
8 4
20 4
4 4
16 4
9 4
9 4
11 4
11 4
0 4
12 4
9 4
9 4
17 4
29 4
12 4
24 4
17 4
29 4
12 4
24 4
16 4
28 4
11 4
23 4
16 4
28 4
11 4
23 4
7 2
7 2
72 2
9 12
72 2
9 2
9 4
9 2
11 4
12 4
14 4
12 4
11 2
9 2
7 4
E
S
H
850 4
72 2
1164 12
681 11
850 11
E
S
H
72 11
244 2
192 2
153 2
101 2
192 2
153 2
101 2
218 2
153 2
192 2
153 2
101 2
192 2
153 2
101 2
218 2
166 2
218 2
166 2
127 2
218 2
166 2
127 2
231 2
72 14
218 2
153 2
101 2
218 2
153 2
101 2
218 2
153 2
101 2
218 2
153 2
101 2
218 2
153 2
101 2
218 2
72 14
218 2
153 2
101 2
218 2
153 2
101 2
218 2
153 2
101 2
218 2
153 2
101 2
218 2
153 2
101 2
218 2
E
S
L
10 5
72 0
12 11
19 2
16 2
12 2
9 4
21 2
21 2
9 4
21 2
21 2
10 4
22 2
22 2
10 4
22 2
22 2
12 4
24 2
72 2
24 4
19 4
26 5
72 0
24 4
19 2
21 2
24 2
14 4
26 2
72 2
26 4
21 4
28 5
72 0
26 4
21 2
23 2
26 2
10 4
22 2
72 2
22 4
17 4
24 5
72 0
22 4
17 2
19 2
22 2
9 4
21 2
9 2
11 4
23 2
11 2
12 4
24 2
12 2
9 4
21 2
9 2
12 4
24 2
72 2
24 4
19 4
26 5
72 0
24 4
19 2
21 2
24 2
14 4
26 2
72 2
26 4
21 4
28 5
72 0
26 4
21 2
23 2
26 2
10 4
22 2
72 2
22 4
17 4
24 5
72 0
22 4
17 2
19 2
22 2
9 4
21 2
9 2
11 4
23 2
11 2
12 4
24 2
12 2
9 4
21 2
9 2
12 4
24 2
72 2
24 4
19 4
26 5
72 0
24 4
19 2
21 2
24 2
14 4
26 2
72 2
26 4
21 4
28 5
72 0
26 4
21 2
23 2
26 2
10 4
22 2
72 2
22 4
17 4
24 5
72 0
22 4
17 2
19 2
22 2
9 4
21 2
9 2
11 4
23 2
11 2
12 4
24 2
12 2
9 4
21 2
9 2
12 4
24 2
72 2
24 4
19 4
26 5
72 0
24 4
19 2
21 2
24 2
14 4
26 2
72 2
26 4
21 4
28 5
72 0
26 4
21 2
23 2
26 2
10 4
22 2
72 2
22 4
17 4
24 5
72 0
22 4
17 2
19 2
22 2
9 4
21 2
9 2
11 4
23 2
11 2
12 4
24 2
12 2
9 4
21 2
9 2
17 4
29 4
12 4
24 4
17 4
29 4
12 4
24 4
16 4
28 4
11 4
23 4
16 4
28 4
11 4
23 4
16 4
28 4
11 4
23 4
8 4
20 4
4 4
16 4
9 4
9 4
11 4
11 4
0 4
12 4
9 4
9 4
17 4
29 4
12 4
24 4
17 4
29 4
12 4
24 4
16 4
28 4
11 4
23 4
16 4
28 4
11 4
23 4
7 2
7 2
72 2
9 12
72 2
9 2
9 4
9 2
11 4
12 4
14 4
12 4
11 2
9 2
7 4
12 4
24 2
72 2
24 4
19 4
26 5
72 0
24 4
19 2
21 2
24 2
14 4
26 2
72 2
26 4
21 4
28 5
72 0
26 4
21 2
23 2
26 2
10 4
22 2
72 2
22 4
17 4
24 5
72 0
22 4
17 2
19 2
22 2
9 4
21 2
9 2
11 4
23 2
11 2
12 4
24 2
12 2
9 4
21 2
9 2
12 4
24 2
72 2
24 4
19 4
26 5
72 0
24 4
19 2
21 2
24 2
14 4
26 2
72 2
26 4
21 4
28 5
72 0
26 4
21 2
23 2
26 2
10 4
22 2
72 2
22 4
17 4
24 5
72 0
22 4
17 2
19 2
22 2
9 4
21 2
9 2
11 4
23 2
11 2
12 4
24 2
12 2
9 4
21 2
9 2
12 4
24 2
72 2
24 4
19 4
26 5
72 0
24 4
19 2
21 2
24 2
14 4
26 2
72 2
26 4
21 4
28 5
72 0
26 4
21 2
23 2
26 2
10 4
22 2
72 2
22 4
17 4
24 5
72 0
22 4
17 2
19 2
22 2
9 4
21 2
9 2
11 4
23 2
11 2
12 4
24 2
12 2
9 4
21 2
9 2
12 4
24 2
72 2
24 4
19 4
26 5
72 0
24 4
19 2
21 2
24 2
14 4
26 2
72 2
26 4
21 4
28 5
72 0
26 4
21 2
23 2
26 2
10 4
22 2
72 2
22 4
17 4
24 5
72 0
22 4
17 2
19 2
22 2
9 4
21 2
9 2
11 4
23 2
11 2
12 4
24 2
12 2
9 4
21 2
9 2
17 4
29 4
12 4
24 4
17 4
29 4
12 4
24 4
16 4
28 4
11 4
23 4
16 4
28 4
11 4
23 4
16 4
28 4
11 4
23 4
8 4
20 4
4 4
16 4
9 4
9 4
11 4
11 4
0 4
12 4
9 4
9 4
17 4
29 4
12 4
24 4
17 4
29 4
12 4
24 4
16 4
28 4
11 4
23 4
16 4
28 4
11 4
23 4
7 2
7 2
72 2
9 12
72 2
9 2
9 4
9 2
11 4
12 4
14 4
12 4
11 2
9 2
7 4
E
S
H
72 14
43 2
72 2
45 2
72 2
43 2
72 2
48 2
72 2
48 2
72 2
50 2
52 2
72 7
50 7
45 3
72 1
48 2
48 2
72 2
50 4
72 11
46 2
48 2
46 2
50 2
72 2
48 2
72 2
46 2
48 2
72 2
45 12
72 9
43 2
72 2
45 2
72 2
43 2
72 2
48 2
72 2
48 2
72 2
50 2
52 2
72 7
50 7
45 4
48 4
72 2
50 4
72 11
46 2
48 2
46 2
50 2
72 2
48 2
72 2
46 2
48 2
72 2
45 12
72 14
60 9
57 4
72 8
57 2
60 4
59 3
72 1
60 2
59 2
72 13
59 4
60 4
62 4
60 4
59 4
62 4
60 2
72 2
60 7
57 4
72 11
60 9
57 4
72 8
57 2
60 4
59 3
72 1
60 2
59 2
72 12
62 2
60 2
72 2
64 12
72 13
43 2
72 2
45 2
72 2
43 2
72 2
48 2
72 2
48 2
72 2
50 2
52 2
72 7
50 7
45 3
72 1
48 2
48 2
72 2
50 4
72 11
46 2
48 2
46 2
50 2
72 2
48 2
72 2
46 2
48 2
72 2
45 12
72 9
43 2
72 2
45 2
72 2
43 2
72 2
48 2
72 2
48 2
72 2
50 2
52 2
72 7
50 7
45 4
48 4
72 2
50 4
72 11
46 2
48 2
46 2
50 2
72 2
48 2
72 2
46 2
48 2
72 2
45 12
72 14
60 9
57 4
72 8
57 2
60 4
59 3
72 1
60 2
59 2
72 13
59 4
60 4
62 4
60 4
59 4
62 4
60 2
72 2
60 7
57 4
72 11
60 9
57 4
72 8
57 2
60 4
59 3
72 1
60 2
59 2
72 12
62 2
60 2
72 2
64 12
E
S
H
72 14
43 2
72 2
45 2
72 2
43 2
72 2
48 2
72 2
48 2
72 2
50 2
52 2
72 7
50 7
45 3
72 1
48 2
48 2
72 2
50 4
72 11
46 2
48 2
46 2
50 2
72 2
48 2
72 2
46 2
48 2
72 2
45 12
72 9
43 2
72 2
45 2
72 2
43 2
72 2
48 2
72 2
48 2
72 2
50 2
52 2
72 7
50 7
45 4
48 4
72 2
50 4
72 11
46 2
48 2
46 2
50 2
72 2
48 2
72 2
46 2
48 2
72 2
45 12
72 14
60 9
57 4
72 8
57 2
60 4
59 3
72 1
60 2
59 2
72 13
59 4
60 4
62 4
60 4
59 4
62 4
60 2
72 2
60 7
57 4
72 11
60 9
57 4
72 8
57 2
60 4
59 3
72 1
60 2
59 2
72 12
62 2
60 2
72 2
64 12
72 13
43 2
72 2
45 2
72 2
43 2
72 2
48 2
72 2
48 2
72 2
50 2
52 2
72 7
50 7
45 3
72 1
48 2
48 2
72 2
50 4
72 11
46 2
48 2
46 2
50 2
72 2
48 2
72 2
46 2
48 2
72 2
45 12
72 9
43 2
72 2
45 2
72 2
43 2
72 2
48 2
72 2
48 2
72 2
50 2
52 2
72 7
50 7
45 4
48 4
72 2
50 4
72 11
46 2
48 2
46 2
50 2
72 2
48 2
72 2
46 2
48 2
72 2
45 12
72 14
60 9
57 4
72 8
57 2
60 4
59 3
72 1
60 2
59 2
72 13
59 4
60 4
62 4
60 4
59 4
62 4
60 2
72 2
60 7
57 4
72 11
60 9
57 4
72 8
57 2
60 4
59 3
72 1
60 2
59 2
72 12
62 2
60 2
72 2
64 12
E
S
H
72 14
43 2
72 2
43 4
45 2
72 2
48 2
72 2
48 4
50 4
48 4
52 4
50 7
45 11
72 4
46 2
72 2
46 4
48 4
50 4
48 4
46 2
48 6
45 13
72 4
43 7
45 4
48 2
72 2
48 4
50 4
48 4
52 4
50 7
45 11
72 4
46 2
72 2
46 4
48 4
50 4
48 4
46 2
48 4
45 13
72 14
50 2
50 2
72 2
52 12
72 14
43 2
72 2
43 4
45 2
72 2
48 2
72 2
48 4
50 4
48 4
52 4
50 7
45 11
72 4
46 2
72 2
46 4
48 4
50 4
48 4
46 2
48 6
45 13
72 4
43 7
45 4
48 2
72 2
48 4
50 4
48 4
52 4
50 7
45 11
72 4
46 2
72 2
46 4
48 4
50 4
48 4
46 2
48 4
45 13
72 14
50 2
50 2
72 2
52 12
E
S
H
72 14
43 2
72 2
43 4
45 2
72 2
48 2
72 2
48 4
50 4
48 4
52 4
50 7
45 11
72 4
46 2
72 2
46 4
48 4
50 4
48 4
46 2
48 6
45 13
72 4
43 7
45 4
48 2
72 2
48 4
50 4
48 4
52 4
50 7
45 11
72 4
46 2
72 2
46 4
48 4
50 4
48 4
46 2
48 4
45 13
72 14
50 2
50 2
72 2
52 12
72 14
43 2
72 2
43 4
45 2
72 2
48 2
72 2
48 4
50 4
48 4
52 4
50 7
45 11
72 4
46 2
72 2
46 4
48 4
50 4
48 4
46 2
48 6
45 13
72 4
43 7
45 4
48 2
72 2
48 4
50 4
48 4
52 4
50 7
45 11
72 4
46 2
72 2
46 4
48 4
50 4
48 4
46 2
48 4
45 13
72 14
50 2
50 2
72 2
52 12
E
S
H
72 14
43 2
72 2
43 4
45 2
72 2
48 2
72 2
48 4
50 4
48 4
52 4
50 7
45 11
72 4
46 2
72 2
46 4
48 4
50 4
48 4
46 2
48 6
45 13
72 4
43 7
45 4
48 2
72 2
48 4
50 4
48 4
52 4
50 7
45 11
72 4
46 2
72 2
46 4
48 4
50 4
48 4
46 2
48 4
45 13
72 14
50 2
50 2
72 2
52 12
72 14
43 2
72 2
43 4
45 2
72 2
48 2
72 2
48 4
50 4
48 4
52 4
50 7
45 11
72 4
46 2
72 2
46 4
48 4
50 4
48 4
46 2
48 6
45 13
72 4
43 7
45 4
48 2
72 2
48 4
50 4
48 4
52 4
50 7
45 11
72 4
46 2
72 2
46 4
48 4
50 4
48 4
46 2
48 4
45 13
72 14
50 2
50 2
72 2
52 12
E
S
L
112 2
72 2
18 2
12 2
72 4
18 2
72 6
18 2
12 2
72 4
18 2
72 2
112 2
72 2
18 2
72 6
18 2
72 6
173 2
72 6
18 2
72 2
976 2
72 2
18 2
18 2
1015 2
72 2
18 2
18 2
976 2
72 2
18 2
18 2
1015 2
72 2
18 2
18 2
976 2
72 2
18 2
18 2
1015 2
72 2
18 2
18 2
976 2
72 2
18 2
18 2
1015 2
72 2
18 2
18 2
976 2
72 2
18 2
18 2
1015 2
72 2
18 2
18 2
976 2
72 2
18 2
18 2
1015 2
72 2
18 2
18 2
976 2
72 2
18 2
18 2
1015 2
72 2
18 2
18 2
976 2
72 2
18 2
18 2
1015 2
72 2
18 2
18 2
976 2
72 2
18 2
18 2
1015 2
72 2
18 2
18 2
976 2
72 2
18 2
18 2
1015 2
72 2
18 2
18 2
976 2
72 2
18 2
18 2
1015 2
72 2
18 2
18 2
976 2
72 2
18 2
18 2
1015 2
72 2
18 2
18 2
976 2
72 2
18 2
18 2
1015 2
72 2
18 2
18 2
976 2
72 2
18 2
18 2
1015 2
72 2
18 2
18 2
976 2
72 2
18 2
18 2
1015 2
72 2
18 2
18 2
976 2
72 2
1015 2
18 2
976 2
72 2
1015 2
177 2
976 2
72 2
18 2
18 2
1015 2
72 2
18 2
18 2
976 2
72 2
18 2
18 2
1015 2
72 2
18 2
18 2
976 2
72 2
18 2
18 2
1015 2
72 2
18 2
18 2
976 2
72 2
18 2
18 2
1015 2
72 2
18 2
18 2
976 2
72 2
18 2
18 2
1015 2
72 2
18 2
18 2
976 2
72 2
18 2
18 2
1015 2
72 2
18 2
18 2
976 2
72 2
18 2
18 2
1015 2
72 2
18 2
18 2
976 2
72 2
18 2
18 2
1015 2
72 2
18 2
18 2
976 2
72 2
18 2
18 2
1015 2
72 2
18 2
18 2
976 2
72 2
18 2
18 2
1015 2
72 2
18 2
18 2
976 2
72 2
18 2
18 2
1015 2
72 2
18 2
18 2
976 2
72 2
18 2
18 2
1015 2
72 2
18 2
18 2
976 2
72 2
18 2
18 2
1015 2
72 2
18 2
18 2
976 2
72 2
18 2
18 2
1015 2
72 2
18 2
18 2
976 2
72 2
18 2
18 2
1015 2
72 2
18 2
18 2
976 2
72 2
18 2
18 2
1015 2
72 2
1015 2
177 2
976 2
72 2
18 2
18 2
1015 2
72 2
18 2
18 2
976 2
72 2
18 2
18 2
1015 2
72 2
18 2
18 2
976 2
72 2
18 2
18 2
1015 2
72 2
18 2
18 2
976 2
72 2
18 2
18 2
1015 2
72 2
18 2
18 2
976 2
72 2
18 2
18 2
1015 2
72 2
18 2
18 2
976 2
72 2
18 2
18 2
1015 2
72 2
18 2
18 2
976 2
72 2
18 2
18 2
1015 2
72 2
18 2
18 2
976 2
72 2
18 2
18 2
1015 2
72 2
18 2
18 2
976 2
72 2
18 2
18 2
1015 2
72 2
18 2
18 2
976 2
72 2
18 2
18 2
1015 2
72 2
18 2
18 2
976 2
72 2
18 2
18 2
1015 2
72 2
18 2
18 2
976 2
72 2
1015 2
18 2
1015 2
72 2
18 2
18 2
976 2
12 2
18 2
1015 2
18 2
72 2
18 2
18 2
18 2
72 2
18 2
18 2
1015 2
72 2
18 2
18 2
1552 2
12 2
72 2
11 2
1591 2
72 6
1552 2
72 6
232 2
72 6
976 2
72 2
18 2
18 2
1015 2
72 2
18 2
18 2
976 2
72 2
18 2
18 2
1015 2
72 2
18 2
18 2
976 2
72 2
18 2
18 2
1015 2
72 2
18 2
18 2
976 2
72 2
18 2
18 2
1015 2
72 2
18 2
18 2
976 2
72 2
18 2
18 2
1015 2
72 2
18 2
18 2
976 2
72 2
18 2
18 2
1015 2
72 2
18 2
18 2
976 2
72 2
18 2
18 2
1015 2
72 2
18 2
18 2
976 2
72 2
18 2
18 2
1015 2
72 2
18 2
18 2
976 2
72 2
18 2
18 2
1015 2
72 2
18 2
18 2
976 2
72 2
18 2
18 2
1015 2
72 2
18 2
18 2
976 2
72 2
18 2
18 2
1015 2
72 2
18 2
18 2
976 2
72 2
18 2
18 2
1015 2
72 2
18 2
18 2
976 2
72 2
18 2
18 2
1015 2
72 2
18 2
18 2
976 2
72 2
18 2
18 2
1015 2
72 2
18 2
18 2
976 2
72 2
18 2
18 2
1015 2
72 2
18 2
18 2
976 2
72 2
1015 2
18 2
976 2
72 2
1015 2
177 2
976 2
72 2
18 2
18 2
1015 2
72 2
18 2
18 2
976 2
72 2
18 2
18 2
1015 2
72 2
18 2
18 2
976 2
72 2
18 2
18 2
1015 2
72 2
18 2
18 2
976 2
72 2
18 2
18 2
1015 2
72 2
18 2
18 2
976 2
72 2
18 2
18 2
1015 2
72 2
18 2
18 2
976 2
72 2
18 2
18 2
1015 2
72 2
18 2
18 2
976 2
72 2
18 2
18 2
1015 2
72 2
18 2
18 2
976 2
72 2
18 2
18 2
1015 2
72 2
18 2
18 2
976 2
72 2
18 2
18 2
1015 2
72 2
18 2
18 2
976 2
72 2
18 2
18 2
1015 2
72 2
18 2
18 2
976 2
72 2
18 2
18 2
1015 2
72 2
18 2
18 2
976 2
72 2
18 2
18 2
1015 2
72 2
18 2
18 2
976 2
72 2
18 2
18 2
1015 2
72 2
18 2
18 2
976 2
72 2
18 2
18 2
1015 2
72 2
18 2
18 2
976 2
72 2
18 2
18 2
1015 2
72 2
18 2
18 2
976 2
72 2
18 2
18 2
1015 2
72 2
1015 2
177 2
976 2
72 2
18 2
18 2
1015 2
72 2
18 2
18 2
976 2
72 2
18 2
18 2
1015 2
72 2
18 2
18 2
976 2
72 2
18 2
18 2
1015 2
72 2
18 2
18 2
976 2
72 2
18 2
18 2
1015 2
72 2
18 2
18 2
976 2
72 2
18 2
18 2
1015 2
72 2
18 2
18 2
976 2
72 2
18 2
18 2
1015 2
72 2
18 2
18 2
976 2
72 2
18 2
18 2
1015 2
72 2
18 2
18 2
976 2
72 2
18 2
18 2
1015 2
72 2
18 2
18 2
976 2
72 2
18 2
18 2
1015 2
72 2
18 2
18 2
976 2
72 2
18 2
18 2
1015 2
72 2
18 2
18 2
976 2
72 2
18 2
18 2
1015 2
72 2
18 2
18 2
976 2
72 2
1015 2
18 2
1015 2
72 2
18 2
18 2
976 2
12 2
18 2
1015 2
18 2
72 2
18 2
18 2
18 2
72 2
18 2
18 2
1015 2
72 2
18 2
18 2
1552 2
12 2
72 2
11 2
1591 2
72 6
1552 2
72 6
232 2
E
S
H
72 14
192 13
218 13
166 13
153 13
192 13
218 13
166 13
153 13
192 7
72 12
218 7
72 12
166 7
72 12
153 7
72 12
192 7
72 12
218 7
72 12
166 7
72 12
153 7
72 13
41 7
43 7
45 7
47 7
48 7
50 7
47 7
72 7
47 7
48 7
50 7
48 7
50 7
52 7
48 7
72 7
41 7
43 7
45 7
47 7
48 7
50 7
47 7
43 2
43 2
72 2
45 12
72 13
192 13
218 13
166 13
153 13
192 13
218 13
166 13
153 13
192 7
72 12
218 7
72 12
166 7
72 12
153 7
72 12
192 7
72 12
218 7
72 12
166 7
72 12
153 7
72 13
41 7
43 7
45 7
47 7
48 7
50 7
47 7
72 7
47 7
48 7
50 7
48 7
50 7
52 7
48 7
72 7
41 7
43 7
45 7
47 7
48 7
50 7
47 7
43 2
43 2
72 2
45 12
E
S
H
72 14
189 13
72 2
215 13
72 2
163 13
72 2
149 13
72 2
189 13
72 2
215 13
72 2
163 13
72 2
213 13
72 2
189 13
72 2
215 13
72 2
163 13
72 2
149 13
72 2
189 13
72 2
215 13
72 2
163 13
72 2
213 13
72 14
189 13
72 2
215 13
72 2
163 13
72 2
149 13
72 2
189 13
72 2
215 13
72 2
163 13
72 2
213 13
72 2
189 13
72 2
215 13
72 2
163 13
72 2
149 13
72 2
189 13
72 2
215 13
72 2
163 13
72 2
213 13
E
S
H
72 14
681 2
72 6
681 2
72 6
681 2
72 6
681 2
72 6
523 2
72 6
523 2
72 6
523 2
72 6
523 2
72 6
523 2
72 6
523 2
72 6
523 2
72 6
523 2
72 6
681 2
72 6
681 2
72 6
681 2
72 6
681 2
72 6
681 2
72 6
681 2
72 6
681 2
72 6
681 2
72 6
523 2
72 6
523 2
72 6
523 2
72 6
523 2
72 6
55 2
55 2
72 2
57 14
72 14
681 2
72 6
681 2
72 6
681 2
72 6
681 2
72 6
523 2
72 6
523 2
72 6
523 2
72 6
523 2
72 6
523 2
72 6
523 2
72 6
523 2
72 6
523 2
72 6
681 2
72 6
681 2
72 6
681 2
72 6
681 2
72 6
681 2
72 6
681 2
72 6
681 2
72 6
681 2
72 6
523 2
72 6
523 2
72 6
523 2
72 6
523 2
72 6
55 2
55 2
72 2
57 14
E
S
H
72 14
59 2
72 2
59 0
60 2
59 8
72 14
59 2
72 2
59 0
60 2
59 8
72 14
59 2
72 2
59 0
60 2
59 8
72 14
59 2
72 2
59 0
60 2
59 8
E
S
H
72 14
43 2
72 2
45 2
72 2
43 2
72 2
48 2
72 2
48 2
72 2
50 2
52 2
72 7
50 7
45 3
72 1
48 2
48 2
72 2
50 4
72 11
46 2
48 2
46 2
50 2
72 2
48 2
72 2
46 2
48 2
72 2
45 12
72 9
43 2
72 2
45 2
72 2
43 2
72 2
48 2
72 2
48 2
72 2
50 2
52 2
72 7
50 7
45 4
48 4
72 2
50 4
72 11
46 2
48 2
46 2
50 2
72 2
48 2
72 2
46 2
48 2
72 2
45 12
72 14
33 2
40 2
72 2
40 2
38 4
36 4
72 14
33 4
36 2
72 2
33 2
72 2
38 6
36 2
72 14
43 2
72 2
45 2
72 2
43 2
72 2
48 2
72 2
48 2
72 2
50 2
52 2
72 7
50 7
45 3
72 1
48 2
48 2
72 2
50 4
72 11
46 2
48 2
46 2
50 2
72 2
48 2
72 2
46 2
48 2
72 2
45 12
72 9
43 2
72 2
45 2
72 2
43 2
72 2
48 2
72 2
48 2
72 2
50 2
52 2
72 7
50 7
45 4
48 4
72 2
50 4
72 11
46 2
48 2
46 2
50 2
72 2
48 2
72 2
46 2
48 2
72 2
45 12
72 14
33 2
40 2
72 2
40 2
38 4
36 4
72 14
33 4
36 2
72 2
33 2
72 2
38 6
36 2
E
S
L
72 13
114 2
231 2
72 2
114 2
231 2
72 2
231 2
72 2
231 2
72 6
140 2
205 2
218 2
72 14
114 2
231 2
72 2
114 2
231 2
72 2
231 2
72 2
231 2
72 6
140 2
205 2
218 2
72 14
114 2
231 2
72 2
114 2
231 2
72 2
231 2
72 2
231 2
72 6
140 2
205 2
218 2
E
X
