minor
S
L
72 13
16 3
72 1
16 3
72 5
18 8
72 1
14 6
72 2
11 7
11 6
72 2
11 6
72 2
11 6
72 2
11 7
11 6
72 2
11 6
72 2
11 6
72 2
11 7
11 6
72 2
11 6
72 2
11 6
72 2
11 7
11 6
72 2
11 6
72 2
11 6
72 2
11 7
11 6
72 2
11 6
72 2
11 6
72 2
11 7
11 6
72 2
11 6
72 2
11 6
72 2
11 7
11 6
72 2
11 6
72 2
11 6
72 2
11 7
11 6
72 2
11 3
72 1
14 3
72 1
16 3
72 1
18 3
72 1
11 3
72 1
11 3
72 1
11 3
72 1
11 3
72 1
11 3
72 1
11 3
72 1
11 3
72 1
11 3
72 1
11 3
72 1
11 3
72 1
11 3
72 1
11 3
72 1
11 3
72 1
11 3
72 1
11 3
72 1
11 3
72 1
11 3
72 1
11 3
72 1
11 3
72 1
11 3
72 1
11 3
72 1
11 3
72 1
11 3
72 1
11 3
72 1
11 3
72 1
11 3
72 1
11 3
72 1
11 3
72 1
11 3
72 1
11 3
72 1
11 3
72 1
11 3
72 1
11 3
72 1
11 3
72 1
11 3
72 1
11 3
72 1
11 3
72 1
11 3
72 1
11 3
72 1
11 3
72 1
11 3
72 1
11 3
72 1
11 3
72 1
11 3
72 1
11 3
72 1
11 3
72 1
11 3
72 1
11 3
72 1
11 3
72 1
11 3
72 1
11 3
72 1
11 3
72 1
11 3
72 1
11 3
72 1
11 3
72 1
11 3
72 1
11 3
72 1
11 3
72 1
11 3
72 1
11 3
72 1
11 3
72 1
14 3
72 1
16 3
72 1
18 3
72 1
11 3
72 1
21 3
72 1
19 3
72 1
11 3
72 1
18 3
72 1
16 3
72 1
11 3
72 1
23 3
72 1
11 3
72 1
16 3
72 1
18 3
72 1
16 3
72 1
11 3
72 1
14 3
72 1
18 3
72 1
23 13
E
X
